municipio;codEstacao;uf;nomeEstacao;latitude;longitude;datahora;valorMedida
ALMIRANTE TAMANDARÉ;410040001A;PR;Centro;-25,31;-49,298;2025-03-01 00:20:00.0;0,00
ALMIRANTE TAMANDARÉ;410040001A;PR;Centro;-25,31;-49,298;2025-03-01 01:20:00.0;0,00
ALMIRANTE TAMANDARÉ;410040001A;PR;Centro;-25,31;-49,298;2025-03-01 02:20:00.0;0,00
ALMIRANTE TAMANDARÉ;410040001A;PR;Centro;-25,31;-49,298;2025-03-01 03:20:00.0;0,20
ALMIRANTE TAMANDARÉ;410040001A;PR;Centro;-25,31;-49,298;2025-03-01 05:20:00.0;0,00
ALMIRANTE TAMANDARÉ;410040001A;PR;Centro;-25,31;-49,298;2025-03-01 05:30:00.0;0,39
ALMIRANTE TAMANDARÉ;410040001A;PR;Centro;-25,31;-49,298;2025-03-01 05:40:00.0;0,59
ALMIRANTE TAMANDARÉ;410040001A;PR;Centro;-25,31;-49,298;2025-03-01 05:50:00.0;0,39
ALMIRANTE TAMANDARÉ;410040001A;PR;Centro;-25,31;-49,298;2025-03-01 06:00:00.0;0,20
ALMIRANTE TAMANDARÉ;410040001A;PR;Centro;-25,31;-49,298;2025-03-01 06:10:00.0;0,39
ALMIRANTE TAMANDARÉ;410040001A;PR;Centro;-25,31;-49,298;2025-03-01 06:20:00.0;1,58
ALMIRANTE TAMANDARÉ;410040001A;PR;Centro;-25,31;-49,298;2025-03-01 06:30:00.0;0,39
ALMIRANTE TAMANDARÉ;410040001A;PR;Centro;-25,31;-49,298;2025-03-01 07:20:00.0;0,00
ALMIRANTE TAMANDARÉ;410040001A;PR;Centro;-25,31;-49,298;2025-03-01 08:00:00.0;0,20
ALMIRANTE TAMANDARÉ;410040001A;PR;Centro;-25,31;-49,298;2025-03-01 08:40:00.0;0,20
ALMIRANTE TAMANDARÉ;410040001A;PR;Centro;-25,31;-49,298;2025-03-01 08:50:00.0;0,59
ALMIRANTE TAMANDARÉ;410040001A;PR;Centro;-25,31;-49,298;2025-03-01 09:00:00.0;0,39
ALMIRANTE TAMANDARÉ;410040001A;PR;Centro;-25,31;-49,298;2025-03-01 09:10:00.0;0,59
ALMIRANTE TAMANDARÉ;410040001A;PR;Centro;-25,31;-49,298;2025-03-01 09:20:00.0;0,00
ALMIRANTE TAMANDARÉ;410040001A;PR;Centro;-25,31;-49,298;2025-03-01 09:30:00.0;0,20
ALMIRANTE TAMANDARÉ;410040001A;PR;Centro;-25,31;-49,298;2025-03-01 10:10:00.0;0,98
ALMIRANTE TAMANDARÉ;410040001A;PR;Centro;-25,31;-49,298;2025-03-01 10:20:00.0;0,79
ALMIRANTE TAMANDARÉ;410040001A;PR;Centro;-25,31;-49,298;2025-03-01 11:20:00.0;0,00
ALMIRANTE TAMANDARÉ;410040001A;PR;Centro;-25,31;-49,298;2025-03-01 12:10:00.0;0,42
ALMIRANTE TAMANDARÉ;410040001A;PR;Centro;-25,31;-49,298;2025-03-01 12:20:00.0;2,95
ALMIRANTE TAMANDARÉ;410040001A;PR;Centro;-25,31;-49,298;2025-03-01 12:30:00.0;0,42
ALMIRANTE TAMANDARÉ;410040001A;PR;Centro;-25,31;-49,298;2025-03-01 13:20:00.0;0,00
ALMIRANTE TAMANDARÉ;410040001A;PR;Centro;-25,31;-49,298;2025-03-01 14:20:00.0;0,00
ALMIRANTE TAMANDARÉ;410040001A;PR;Centro;-25,31;-49,298;2025-03-01 15:20:00.0;0,00
ALMIRANTE TAMANDARÉ;410040001A;PR;Centro;-25,31;-49,298;2025-03-01 16:20:00.0;0,00
ALMIRANTE TAMANDARÉ;410040001A;PR;Centro;-25,31;-49,298;2025-03-01 17:20:00.0;0,00
ALMIRANTE TAMANDARÉ;410040001A;PR;Centro;-25,31;-49,298;2025-03-01 18:20:00.0;0,00
ALMIRANTE TAMANDARÉ;410040001A;PR;Centro;-25,31;-49,298;2025-03-01 19:20:00.0;0,00
ALMIRANTE TAMANDARÉ;410040001A;PR;Centro;-25,31;-49,298;2025-03-01 20:20:00.0;0,00
ALMIRANTE TAMANDARÉ;410040001A;PR;Centro;-25,31;-49,298;2025-03-01 21:20:00.0;0,00
ALMIRANTE TAMANDARÉ;410040001A;PR;Centro;-25,31;-49,298;2025-03-01 22:20:00.0;0,00
ALMIRANTE TAMANDARÉ;410040001A;PR;Centro;-25,31;-49,298;2025-03-01 23:20:00.0;0,00
ALMIRANTE TAMANDARÉ;410040001A;PR;Centro;-25,31;-49,298;2025-03-02 00:20:00.0;0,00
ALMIRANTE TAMANDARÉ;410040001A;PR;Centro;-25,31;-49,298;2025-03-02 01:20:00.0;0,00
ALMIRANTE TAMANDARÉ;410040001A;PR;Centro;-25,31;-49,298;2025-03-02 02:20:00.0;0,00
ALMIRANTE TAMANDARÉ;410040001A;PR;Centro;-25,31;-49,298;2025-03-02 03:20:00.0;0,00
ALMIRANTE TAMANDARÉ;410040001A;PR;Centro;-25,31;-49,298;2025-03-02 04:20:00.0;0,00
ALMIRANTE TAMANDARÉ;410040001A;PR;Centro;-25,31;-49,298;2025-03-02 05:20:00.0;0,00
ALMIRANTE TAMANDARÉ;410040001A;PR;Centro;-25,31;-49,298;2025-03-02 06:20:00.0;0,00
ALMIRANTE TAMANDARÉ;410040001A;PR;Centro;-25,31;-49,298;2025-03-02 07:20:00.0;0,00
ALMIRANTE TAMANDARÉ;410040001A;PR;Centro;-25,31;-49,298;2025-03-02 08:20:00.0;0,00
ALMIRANTE TAMANDARÉ;410040001A;PR;Centro;-25,31;-49,298;2025-03-02 09:20:00.0;0,00
ALMIRANTE TAMANDARÉ;410040001A;PR;Centro;-25,31;-49,298;2025-03-02 10:20:00.0;0,00
ALMIRANTE TAMANDARÉ;410040001A;PR;Centro;-25,31;-49,298;2025-03-02 11:20:00.0;0,00
ALMIRANTE TAMANDARÉ;410040001A;PR;Centro;-25,31;-49,298;2025-03-02 12:20:00.0;0,00
ALMIRANTE TAMANDARÉ;410040001A;PR;Centro;-25,31;-49,298;2025-03-02 13:20:00.0;0,00
ALMIRANTE TAMANDARÉ;410040001A;PR;Centro;-25,31;-49,298;2025-03-02 14:20:00.0;0,00
ALMIRANTE TAMANDARÉ;410040001A;PR;Centro;-25,31;-49,298;2025-03-02 15:20:00.0;0,00
ALMIRANTE TAMANDARÉ;410040001A;PR;Centro;-25,31;-49,298;2025-03-02 16:20:00.0;0,00
ALMIRANTE TAMANDARÉ;410040001A;PR;Centro;-25,31;-49,298;2025-03-02 17:20:00.0;0,00
ALMIRANTE TAMANDARÉ;410040001A;PR;Centro;-25,31;-49,298;2025-03-02 18:20:00.0;0,00
ALMIRANTE TAMANDARÉ;410040001A;PR;Centro;-25,31;-49,298;2025-03-02 19:20:00.0;0,00
ALMIRANTE TAMANDARÉ;410040001A;PR;Centro;-25,31;-49,298;2025-03-02 20:20:00.0;0,00
ALMIRANTE TAMANDARÉ;410040001A;PR;Centro;-25,31;-49,298;2025-03-02 21:20:00.0;0,00
ALMIRANTE TAMANDARÉ;410040001A;PR;Centro;-25,31;-49,298;2025-03-02 22:20:00.0;0,00
ALMIRANTE TAMANDARÉ;410040001A;PR;Centro;-25,31;-49,298;2025-03-02 23:20:00.0;0,00
ALMIRANTE TAMANDARÉ;410040001A;PR;Centro;-25,31;-49,298;2025-03-03 00:20:00.0;0,00
ALMIRANTE TAMANDARÉ;410040001A;PR;Centro;-25,31;-49,298;2025-03-03 01:20:00.0;0,00
ALMIRANTE TAMANDARÉ;410040001A;PR;Centro;-25,31;-49,298;2025-03-03 02:20:00.0;0,00
ALMIRANTE TAMANDARÉ;410040001A;PR;Centro;-25,31;-49,298;2025-03-03 03:20:00.0;0,00
ALMIRANTE TAMANDARÉ;410040001A;PR;Centro;-25,31;-49,298;2025-03-03 04:20:00.0;0,00
ALMIRANTE TAMANDARÉ;410040001A;PR;Centro;-25,31;-49,298;2025-03-03 05:20:00.0;0,00
ALMIRANTE TAMANDARÉ;410040001A;PR;Centro;-25,31;-49,298;2025-03-03 06:20:00.0;0,00
ALMIRANTE TAMANDARÉ;410040001A;PR;Centro;-25,31;-49,298;2025-03-03 07:20:00.0;0,00
ALMIRANTE TAMANDARÉ;410040001A;PR;Centro;-25,31;-49,298;2025-03-03 08:20:00.0;0,00
ALMIRANTE TAMANDARÉ;410040001A;PR;Centro;-25,31;-49,298;2025-03-03 09:20:00.0;0,00
ALMIRANTE TAMANDARÉ;410040001A;PR;Centro;-25,31;-49,298;2025-03-03 10:20:00.0;0,00
ALMIRANTE TAMANDARÉ;410040001A;PR;Centro;-25,31;-49,298;2025-03-03 11:20:00.0;0,00
ALMIRANTE TAMANDARÉ;410040001A;PR;Centro;-25,31;-49,298;2025-03-03 12:20:00.0;0,00
ALMIRANTE TAMANDARÉ;410040001A;PR;Centro;-25,31;-49,298;2025-03-03 13:20:00.0;0,00
ALMIRANTE TAMANDARÉ;410040001A;PR;Centro;-25,31;-49,298;2025-03-03 14:20:00.0;0,00
ALMIRANTE TAMANDARÉ;410040001A;PR;Centro;-25,31;-49,298;2025-03-03 15:20:00.0;0,00
ALMIRANTE TAMANDARÉ;410040001A;PR;Centro;-25,31;-49,298;2025-03-03 16:20:00.0;0,00
ALMIRANTE TAMANDARÉ;410040001A;PR;Centro;-25,31;-49,298;2025-03-03 17:20:00.0;0,00
ALMIRANTE TAMANDARÉ;410040001A;PR;Centro;-25,31;-49,298;2025-03-03 18:20:00.0;0,00
ALMIRANTE TAMANDARÉ;410040001A;PR;Centro;-25,31;-49,298;2025-03-03 19:20:00.0;0,00
ALMIRANTE TAMANDARÉ;410040001A;PR;Centro;-25,31;-49,298;2025-03-03 20:20:00.0;0,00
ALMIRANTE TAMANDARÉ;410040001A;PR;Centro;-25,31;-49,298;2025-03-03 21:20:00.0;0,00
ALMIRANTE TAMANDARÉ;410040001A;PR;Centro;-25,31;-49,298;2025-03-03 22:20:00.0;0,00
ALMIRANTE TAMANDARÉ;410040001A;PR;Centro;-25,31;-49,298;2025-03-03 23:20:00.0;0,00
ALMIRANTE TAMANDARÉ;410040001A;PR;Centro;-25,31;-49,298;2025-03-04 00:20:00.0;0,00
ALMIRANTE TAMANDARÉ;410040001A;PR;Centro;-25,31;-49,298;2025-03-04 01:20:00.0;0,00
ALMIRANTE TAMANDARÉ;410040001A;PR;Centro;-25,31;-49,298;2025-03-04 02:20:00.0;0,00
ALMIRANTE TAMANDARÉ;410040001A;PR;Centro;-25,31;-49,298;2025-03-04 03:20:00.0;0,00
ALMIRANTE TAMANDARÉ;410040001A;PR;Centro;-25,31;-49,298;2025-03-04 04:20:00.0;0,00
ALMIRANTE TAMANDARÉ;410040001A;PR;Centro;-25,31;-49,298;2025-03-04 05:20:00.0;0,00
ALMIRANTE TAMANDARÉ;410040001A;PR;Centro;-25,31;-49,298;2025-03-04 06:20:00.0;0,00
ALMIRANTE TAMANDARÉ;410040001A;PR;Centro;-25,31;-49,298;2025-03-04 07:20:00.0;0,00
ALMIRANTE TAMANDARÉ;410040001A;PR;Centro;-25,31;-49,298;2025-03-04 08:20:00.0;0,00
ALMIRANTE TAMANDARÉ;410040001A;PR;Centro;-25,31;-49,298;2025-03-04 09:20:00.0;0,00
ALMIRANTE TAMANDARÉ;410040001A;PR;Centro;-25,31;-49,298;2025-03-04 10:20:00.0;0,00
ALMIRANTE TAMANDARÉ;410040001A;PR;Centro;-25,31;-49,298;2025-03-04 11:20:00.0;0,00
ALMIRANTE TAMANDARÉ;410040001A;PR;Centro;-25,31;-49,298;2025-03-04 12:20:00.0;0,00
ALMIRANTE TAMANDARÉ;410040001A;PR;Centro;-25,31;-49,298;2025-03-04 13:20:00.0;0,00
ALMIRANTE TAMANDARÉ;410040001A;PR;Centro;-25,31;-49,298;2025-03-04 14:20:00.0;0,00
ALMIRANTE TAMANDARÉ;410040001A;PR;Centro;-25,31;-49,298;2025-03-04 15:20:00.0;0,00
ALMIRANTE TAMANDARÉ;410040001A;PR;Centro;-25,31;-49,298;2025-03-04 16:20:00.0;0,00
ALMIRANTE TAMANDARÉ;410040001A;PR;Centro;-25,31;-49,298;2025-03-04 17:20:00.0;0,00
ALMIRANTE TAMANDARÉ;410040001A;PR;Centro;-25,31;-49,298;2025-03-04 18:20:00.0;0,00
ALMIRANTE TAMANDARÉ;410040001A;PR;Centro;-25,31;-49,298;2025-03-04 19:20:00.0;0,00
ALMIRANTE TAMANDARÉ;410040001A;PR;Centro;-25,31;-49,298;2025-03-04 20:20:00.0;0,00
ALMIRANTE TAMANDARÉ;410040001A;PR;Centro;-25,31;-49,298;2025-03-04 21:20:00.0;0,00
ALMIRANTE TAMANDARÉ;410040001A;PR;Centro;-25,31;-49,298;2025-03-04 22:20:00.0;0,00
ALMIRANTE TAMANDARÉ;410040001A;PR;Centro;-25,31;-49,298;2025-03-04 23:20:00.0;0,00
ALMIRANTE TAMANDARÉ;410040001A;PR;Centro;-25,31;-49,298;2025-03-05 00:20:00.0;0,00
ALMIRANTE TAMANDARÉ;410040001A;PR;Centro;-25,31;-49,298;2025-03-05 01:20:00.0;0,00
ALMIRANTE TAMANDARÉ;410040001A;PR;Centro;-25,31;-49,298;2025-03-05 02:20:00.0;0,00
ALMIRANTE TAMANDARÉ;410040001A;PR;Centro;-25,31;-49,298;2025-03-05 03:20:00.0;0,00
ALMIRANTE TAMANDARÉ;410040001A;PR;Centro;-25,31;-49,298;2025-03-05 04:20:00.0;0,00
ALMIRANTE TAMANDARÉ;410040001A;PR;Centro;-25,31;-49,298;2025-03-05 05:20:00.0;0,00
ALMIRANTE TAMANDARÉ;410040001A;PR;Centro;-25,31;-49,298;2025-03-05 06:20:00.0;0,00
ALMIRANTE TAMANDARÉ;410040001A;PR;Centro;-25,31;-49,298;2025-03-05 07:20:00.0;0,00
ALMIRANTE TAMANDARÉ;410040001A;PR;Centro;-25,31;-49,298;2025-03-05 08:20:00.0;0,00
ALMIRANTE TAMANDARÉ;410040001A;PR;Centro;-25,31;-49,298;2025-03-05 09:20:00.0;0,00
ALMIRANTE TAMANDARÉ;410040001A;PR;Centro;-25,31;-49,298;2025-03-05 10:20:00.0;0,00
ALMIRANTE TAMANDARÉ;410040001A;PR;Centro;-25,31;-49,298;2025-03-05 11:20:00.0;0,00
ALMIRANTE TAMANDARÉ;410040001A;PR;Centro;-25,31;-49,298;2025-03-05 12:20:00.0;0,00
ALMIRANTE TAMANDARÉ;410040001A;PR;Centro;-25,31;-49,298;2025-03-05 13:20:00.0;0,00
ALMIRANTE TAMANDARÉ;410040001A;PR;Centro;-25,31;-49,298;2025-03-05 14:20:00.0;0,00
ALMIRANTE TAMANDARÉ;410040001A;PR;Centro;-25,31;-49,298;2025-03-05 15:20:00.0;0,00
ALMIRANTE TAMANDARÉ;410040001A;PR;Centro;-25,31;-49,298;2025-03-05 16:20:00.0;0,00
ALMIRANTE TAMANDARÉ;410040001A;PR;Centro;-25,31;-49,298;2025-03-05 17:20:00.0;0,00
ALMIRANTE TAMANDARÉ;410040001A;PR;Centro;-25,31;-49,298;2025-03-05 18:20:00.0;0,00
ALMIRANTE TAMANDARÉ;410040001A;PR;Centro;-25,31;-49,298;2025-03-05 19:20:00.0;0,00
ALMIRANTE TAMANDARÉ;410040001A;PR;Centro;-25,31;-49,298;2025-03-05 20:20:00.0;0,00
ALMIRANTE TAMANDARÉ;410040001A;PR;Centro;-25,31;-49,298;2025-03-05 21:20:00.0;0,00
ALMIRANTE TAMANDARÉ;410040001A;PR;Centro;-25,31;-49,298;2025-03-05 22:20:00.0;0,00
ALMIRANTE TAMANDARÉ;410040001A;PR;Centro;-25,31;-49,298;2025-03-05 23:20:00.0;0,00
ALMIRANTE TAMANDARÉ;410040001A;PR;Centro;-25,31;-49,298;2025-03-06 00:20:00.0;0,00
ALMIRANTE TAMANDARÉ;410040001A;PR;Centro;-25,31;-49,298;2025-03-06 01:20:00.0;0,00
ALMIRANTE TAMANDARÉ;410040001A;PR;Centro;-25,31;-49,298;2025-03-06 02:20:00.0;0,00
ALMIRANTE TAMANDARÉ;410040001A;PR;Centro;-25,31;-49,298;2025-03-06 03:20:00.0;0,00
ALMIRANTE TAMANDARÉ;410040001A;PR;Centro;-25,31;-49,298;2025-03-06 04:20:00.0;0,00
ALMIRANTE TAMANDARÉ;410040001A;PR;Centro;-25,31;-49,298;2025-03-06 05:20:00.0;0,00
ALMIRANTE TAMANDARÉ;410040001A;PR;Centro;-25,31;-49,298;2025-03-06 06:20:00.0;0,00
ALMIRANTE TAMANDARÉ;410040001A;PR;Centro;-25,31;-49,298;2025-03-06 07:20:00.0;0,00
ALMIRANTE TAMANDARÉ;410040001A;PR;Centro;-25,31;-49,298;2025-03-06 08:20:00.0;0,00
ALMIRANTE TAMANDARÉ;410040001A;PR;Centro;-25,31;-49,298;2025-03-06 09:20:00.0;0,00
ALMIRANTE TAMANDARÉ;410040001A;PR;Centro;-25,31;-49,298;2025-03-06 10:20:00.0;0,00
ALMIRANTE TAMANDARÉ;410040001A;PR;Centro;-25,31;-49,298;2025-03-06 12:20:00.0;0,00
ALMIRANTE TAMANDARÉ;410040001A;PR;Centro;-25,31;-49,298;2025-03-06 13:20:00.0;0,00
ALMIRANTE TAMANDARÉ;410040001A;PR;Centro;-25,31;-49,298;2025-03-06 14:20:00.0;0,00
ALMIRANTE TAMANDARÉ;410040001A;PR;Centro;-25,31;-49,298;2025-03-06 15:20:00.0;0,00
ALMIRANTE TAMANDARÉ;410040001A;PR;Centro;-25,31;-49,298;2025-03-06 16:20:00.0;0,00
ALMIRANTE TAMANDARÉ;410040001A;PR;Centro;-25,31;-49,298;2025-03-06 17:20:00.0;0,00
ALMIRANTE TAMANDARÉ;410040001A;PR;Centro;-25,31;-49,298;2025-03-06 18:20:00.0;0,00
ALMIRANTE TAMANDARÉ;410040001A;PR;Centro;-25,31;-49,298;2025-03-06 19:20:00.0;0,00
ALMIRANTE TAMANDARÉ;410040001A;PR;Centro;-25,31;-49,298;2025-03-06 20:20:00.0;0,00
ALMIRANTE TAMANDARÉ;410040001A;PR;Centro;-25,31;-49,298;2025-03-06 21:20:00.0;0,00
ALMIRANTE TAMANDARÉ;410040001A;PR;Centro;-25,31;-49,298;2025-03-06 22:20:00.0;0,00
ALMIRANTE TAMANDARÉ;410040001A;PR;Centro;-25,31;-49,298;2025-03-06 23:20:00.0;0,00
ALMIRANTE TAMANDARÉ;410040001A;PR;Centro;-25,31;-49,298;2025-03-07 00:20:00.0;0,00
ALMIRANTE TAMANDARÉ;410040001A;PR;Centro;-25,31;-49,298;2025-03-07 01:20:00.0;0,00
ALMIRANTE TAMANDARÉ;410040001A;PR;Centro;-25,31;-49,298;2025-03-07 02:20:00.0;0,00
ALMIRANTE TAMANDARÉ;410040001A;PR;Centro;-25,31;-49,298;2025-03-07 03:20:00.0;0,00
ALMIRANTE TAMANDARÉ;410040001A;PR;Centro;-25,31;-49,298;2025-03-07 04:20:00.0;0,00
ALMIRANTE TAMANDARÉ;410040001A;PR;Centro;-25,31;-49,298;2025-03-07 05:20:00.0;0,00
ALMIRANTE TAMANDARÉ;410040001A;PR;Centro;-25,31;-49,298;2025-03-07 06:20:00.0;0,00
ALMIRANTE TAMANDARÉ;410040001A;PR;Centro;-25,31;-49,298;2025-03-07 07:20:00.0;0,00
ALMIRANTE TAMANDARÉ;410040001A;PR;Centro;-25,31;-49,298;2025-03-07 08:20:00.0;0,00
ALMIRANTE TAMANDARÉ;410040001A;PR;Centro;-25,31;-49,298;2025-03-07 09:20:00.0;0,00
ALMIRANTE TAMANDARÉ;410040001A;PR;Centro;-25,31;-49,298;2025-03-07 10:20:00.0;0,00
ALMIRANTE TAMANDARÉ;410040001A;PR;Centro;-25,31;-49,298;2025-03-07 11:20:00.0;0,00
ALMIRANTE TAMANDARÉ;410040001A;PR;Centro;-25,31;-49,298;2025-03-07 12:10:00.0;1,57
ALMIRANTE TAMANDARÉ;410040001A;PR;Centro;-25,31;-49,298;2025-03-07 12:20:00.0;0,20
ALMIRANTE TAMANDARÉ;410040001A;PR;Centro;-25,31;-49,298;2025-03-07 12:40:00.0;0,20
ALMIRANTE TAMANDARÉ;410040001A;PR;Centro;-25,31;-49,298;2025-03-07 14:20:00.0;0,00
ALMIRANTE TAMANDARÉ;410040001A;PR;Centro;-25,31;-49,298;2025-03-07 15:20:00.0;0,00
ALMIRANTE TAMANDARÉ;410040001A;PR;Centro;-25,31;-49,298;2025-03-07 16:20:00.0;0,00
ALMIRANTE TAMANDARÉ;410040001A;PR;Centro;-25,31;-49,298;2025-03-07 17:20:00.0;0,00
ALMIRANTE TAMANDARÉ;410040001A;PR;Centro;-25,31;-49,298;2025-03-07 18:20:00.0;0,00
ALMIRANTE TAMANDARÉ;410040001A;PR;Centro;-25,31;-49,298;2025-03-07 19:20:00.0;0,00
ALMIRANTE TAMANDARÉ;410040001A;PR;Centro;-25,31;-49,298;2025-03-07 20:20:00.0;0,00
ALMIRANTE TAMANDARÉ;410040001A;PR;Centro;-25,31;-49,298;2025-03-07 21:20:00.0;0,00
ALMIRANTE TAMANDARÉ;410040001A;PR;Centro;-25,31;-49,298;2025-03-07 22:20:00.0;0,00
ALMIRANTE TAMANDARÉ;410040001A;PR;Centro;-25,31;-49,298;2025-03-07 23:20:00.0;0,00
ALMIRANTE TAMANDARÉ;410040001A;PR;Centro;-25,31;-49,298;2025-03-08 00:20:00.0;0,00
ALMIRANTE TAMANDARÉ;410040001A;PR;Centro;-25,31;-49,298;2025-03-08 01:20:00.0;0,00
ALMIRANTE TAMANDARÉ;410040001A;PR;Centro;-25,31;-49,298;2025-03-08 02:20:00.0;0,00
ALMIRANTE TAMANDARÉ;410040001A;PR;Centro;-25,31;-49,298;2025-03-08 03:20:00.0;0,00
ALMIRANTE TAMANDARÉ;410040001A;PR;Centro;-25,31;-49,298;2025-03-08 04:20:00.0;0,00
ALMIRANTE TAMANDARÉ;410040001A;PR;Centro;-25,31;-49,298;2025-03-08 04:50:00.0;2,85
ALMIRANTE TAMANDARÉ;410040001A;PR;Centro;-25,31;-49,298;2025-03-08 05:20:00.0;0,00
ALMIRANTE TAMANDARÉ;410040001A;PR;Centro;-25,31;-49,298;2025-03-08 06:20:00.0;0,00
ALMIRANTE TAMANDARÉ;410040001A;PR;Centro;-25,31;-49,298;2025-03-08 06:40:00.0;2,24
ALMIRANTE TAMANDARÉ;410040001A;PR;Centro;-25,31;-49,298;2025-03-08 07:00:00.0;1,37
ALMIRANTE TAMANDARÉ;410040001A;PR;Centro;-25,31;-49,298;2025-03-08 07:10:00.0;1,37
ALMIRANTE TAMANDARÉ;410040001A;PR;Centro;-25,31;-49,298;2025-03-08 07:20:00.0;1,77
ALMIRANTE TAMANDARÉ;410040001A;PR;Centro;-25,31;-49,298;2025-03-08 07:30:00.0;0,99
ALMIRANTE TAMANDARÉ;410040001A;PR;Centro;-25,31;-49,298;2025-03-08 07:40:00.0;0,59
ALMIRANTE TAMANDARÉ;410040001A;PR;Centro;-25,31;-49,298;2025-03-08 07:50:00.0;0,20
ALMIRANTE TAMANDARÉ;410040001A;PR;Centro;-25,31;-49,298;2025-03-08 08:00:00.0;2,17
ALMIRANTE TAMANDARÉ;410040001A;PR;Centro;-25,31;-49,298;2025-03-08 08:20:00.0;0,98
ALMIRANTE TAMANDARÉ;410040001A;PR;Centro;-25,31;-49,298;2025-03-08 08:40:00.0;0,20
ALMIRANTE TAMANDARÉ;410040001A;PR;Centro;-25,31;-49,298;2025-03-08 09:20:00.0;0,40
ALMIRANTE TAMANDARÉ;410040001A;PR;Centro;-25,31;-49,298;2025-03-08 10:20:00.0;0,00
ALMIRANTE TAMANDARÉ;410040001A;PR;Centro;-25,31;-49,298;2025-03-08 11:10:00.0;0,42
ALMIRANTE TAMANDARÉ;410040001A;PR;Centro;-25,31;-49,298;2025-03-08 11:20:00.0;0,79
ALMIRANTE TAMANDARÉ;410040001A;PR;Centro;-25,31;-49,298;2025-03-08 11:30:00.0;0,39
ALMIRANTE TAMANDARÉ;410040001A;PR;Centro;-25,31;-49,298;2025-03-08 11:40:00.0;1,99
ALMIRANTE TAMANDARÉ;410040001A;PR;Centro;-25,31;-49,298;2025-03-08 12:20:00.0;0,00
ALMIRANTE TAMANDARÉ;410040001A;PR;Centro;-25,31;-49,298;2025-03-08 12:30:00.0;0,98
ALMIRANTE TAMANDARÉ;410040001A;PR;Centro;-25,31;-49,298;2025-03-08 13:50:00.0;0,20
ALMIRANTE TAMANDARÉ;410040001A;PR;Centro;-25,31;-49,298;2025-03-08 15:20:00.0;0,00
ALMIRANTE TAMANDARÉ;410040001A;PR;Centro;-25,31;-49,298;2025-03-08 16:20:00.0;0,00
ALMIRANTE TAMANDARÉ;410040001A;PR;Centro;-25,31;-49,298;2025-03-08 17:20:00.0;0,00
ALMIRANTE TAMANDARÉ;410040001A;PR;Centro;-25,31;-49,298;2025-03-08 18:20:00.0;0,00
ALMIRANTE TAMANDARÉ;410040001A;PR;Centro;-25,31;-49,298;2025-03-08 19:20:00.0;0,00
ALMIRANTE TAMANDARÉ;410040001A;PR;Centro;-25,31;-49,298;2025-03-08 20:20:00.0;0,00
ALMIRANTE TAMANDARÉ;410040001A;PR;Centro;-25,31;-49,298;2025-03-08 21:20:00.0;0,00
ALMIRANTE TAMANDARÉ;410040001A;PR;Centro;-25,31;-49,298;2025-03-08 22:20:00.0;0,00
ALMIRANTE TAMANDARÉ;410040001A;PR;Centro;-25,31;-49,298;2025-03-08 23:20:00.0;0,00
ALMIRANTE TAMANDARÉ;410040001A;PR;Centro;-25,31;-49,298;2025-03-09 00:20:00.0;0,00
ALMIRANTE TAMANDARÉ;410040001A;PR;Centro;-25,31;-49,298;2025-03-09 01:20:00.0;0,00
ALMIRANTE TAMANDARÉ;410040001A;PR;Centro;-25,31;-49,298;2025-03-09 02:20:00.0;0,00
ALMIRANTE TAMANDARÉ;410040001A;PR;Centro;-25,31;-49,298;2025-03-09 03:20:00.0;0,00
ALMIRANTE TAMANDARÉ;410040001A;PR;Centro;-25,31;-49,298;2025-03-09 04:20:00.0;0,00
ALMIRANTE TAMANDARÉ;410040001A;PR;Centro;-25,31;-49,298;2025-03-09 05:20:00.0;0,00
ALMIRANTE TAMANDARÉ;410040001A;PR;Centro;-25,31;-49,298;2025-03-09 06:20:00.0;0,00
ALMIRANTE TAMANDARÉ;410040001A;PR;Centro;-25,31;-49,298;2025-03-09 07:20:00.0;0,00
ALMIRANTE TAMANDARÉ;410040001A;PR;Centro;-25,31;-49,298;2025-03-09 08:20:00.0;0,00
ALMIRANTE TAMANDARÉ;410040001A;PR;Centro;-25,31;-49,298;2025-03-09 09:20:00.0;0,00
ALMIRANTE TAMANDARÉ;410040001A;PR;Centro;-25,31;-49,298;2025-03-09 10:20:00.0;0,00
ALMIRANTE TAMANDARÉ;410040001A;PR;Centro;-25,31;-49,298;2025-03-09 11:20:00.0;0,00
ALMIRANTE TAMANDARÉ;410040001A;PR;Centro;-25,31;-49,298;2025-03-09 12:20:00.0;0,00
ALMIRANTE TAMANDARÉ;410040001A;PR;Centro;-25,31;-49,298;2025-03-09 13:00:00.0;0,20
ALMIRANTE TAMANDARÉ;410040001A;PR;Centro;-25,31;-49,298;2025-03-09 14:10:00.0;5,56
ALMIRANTE TAMANDARÉ;410040001A;PR;Centro;-25,31;-49,298;2025-03-09 14:20:00.0;0,20
ALMIRANTE TAMANDARÉ;410040001A;PR;Centro;-25,31;-49,298;2025-03-09 15:00:00.0;0,20
ALMIRANTE TAMANDARÉ;410040001A;PR;Centro;-25,31;-49,298;2025-03-09 15:20:00.0;0,63
ALMIRANTE TAMANDARÉ;410040001A;PR;Centro;-25,31;-49,298;2025-03-09 15:40:00.0;1,38
ALMIRANTE TAMANDARÉ;410040001A;PR;Centro;-25,31;-49,298;2025-03-09 16:10:00.0;0,20
ALMIRANTE TAMANDARÉ;410040001A;PR;Centro;-25,31;-49,298;2025-03-09 17:00:00.0;0,20
ALMIRANTE TAMANDARÉ;410040001A;PR;Centro;-25,31;-49,298;2025-03-09 18:20:00.0;0,63
ALMIRANTE TAMANDARÉ;410040001A;PR;Centro;-25,31;-49,298;2025-03-09 19:20:00.0;1,00
ALMIRANTE TAMANDARÉ;410040001A;PR;Centro;-25,31;-49,298;2025-03-09 20:20:00.0;0,00
ALMIRANTE TAMANDARÉ;410040001A;PR;Centro;-25,31;-49,298;2025-03-09 21:20:00.0;0,00
ALMIRANTE TAMANDARÉ;410040001A;PR;Centro;-25,31;-49,298;2025-03-09 22:20:00.0;0,00
ALMIRANTE TAMANDARÉ;410040001A;PR;Centro;-25,31;-49,298;2025-03-09 23:20:00.0;0,00
ALMIRANTE TAMANDARÉ;410040001A;PR;Centro;-25,31;-49,298;2025-03-10 00:20:00.0;0,00
ALMIRANTE TAMANDARÉ;410040001A;PR;Centro;-25,31;-49,298;2025-03-10 01:20:00.0;0,00
ALMIRANTE TAMANDARÉ;410040001A;PR;Centro;-25,31;-49,298;2025-03-10 02:20:00.0;0,00
ALMIRANTE TAMANDARÉ;410040001A;PR;Centro;-25,31;-49,298;2025-03-10 03:20:00.0;0,00
ALMIRANTE TAMANDARÉ;410040001A;PR;Centro;-25,31;-49,298;2025-03-10 04:20:00.0;0,00
ALMIRANTE TAMANDARÉ;410040001A;PR;Centro;-25,31;-49,298;2025-03-10 05:20:00.0;0,00
ALMIRANTE TAMANDARÉ;410040001A;PR;Centro;-25,31;-49,298;2025-03-10 06:20:00.0;0,00
ALMIRANTE TAMANDARÉ;410040001A;PR;Centro;-25,31;-49,298;2025-03-10 07:20:00.0;0,00
ALMIRANTE TAMANDARÉ;410040001A;PR;Centro;-25,31;-49,298;2025-03-10 08:20:00.0;0,00
ALMIRANTE TAMANDARÉ;410040001A;PR;Centro;-25,31;-49,298;2025-03-10 09:20:00.0;0,00
ALMIRANTE TAMANDARÉ;410040001A;PR;Centro;-25,31;-49,298;2025-03-10 10:20:00.0;0,00
ALMIRANTE TAMANDARÉ;410040001A;PR;Centro;-25,31;-49,298;2025-03-10 10:40:00.0;0,39
ALMIRANTE TAMANDARÉ;410040001A;PR;Centro;-25,31;-49,298;2025-03-10 11:20:00.0;0,00
ALMIRANTE TAMANDARÉ;410040001A;PR;Centro;-25,31;-49,298;2025-03-10 12:20:00.0;0,00
ALMIRANTE TAMANDARÉ;410040001A;PR;Centro;-25,31;-49,298;2025-03-10 13:20:00.0;0,00
ALMIRANTE TAMANDARÉ;410040001A;PR;Centro;-25,31;-49,298;2025-03-10 14:20:00.0;0,00
ALMIRANTE TAMANDARÉ;410040001A;PR;Centro;-25,31;-49,298;2025-03-10 15:20:00.0;0,00
ALMIRANTE TAMANDARÉ;410040001A;PR;Centro;-25,31;-49,298;2025-03-10 16:20:00.0;0,00
ALMIRANTE TAMANDARÉ;410040001A;PR;Centro;-25,31;-49,298;2025-03-10 17:20:00.0;0,00
ALMIRANTE TAMANDARÉ;410040001A;PR;Centro;-25,31;-49,298;2025-03-10 18:20:00.0;0,00
ALMIRANTE TAMANDARÉ;410040001A;PR;Centro;-25,31;-49,298;2025-03-10 19:20:00.0;0,00
ALMIRANTE TAMANDARÉ;410040001A;PR;Centro;-25,31;-49,298;2025-03-10 20:20:00.0;0,00
ALMIRANTE TAMANDARÉ;410040001A;PR;Centro;-25,31;-49,298;2025-03-10 21:20:00.0;0,00
ALMIRANTE TAMANDARÉ;410040001A;PR;Centro;-25,31;-49,298;2025-03-10 22:20:00.0;0,00
ALMIRANTE TAMANDARÉ;410040001A;PR;Centro;-25,31;-49,298;2025-03-10 23:20:00.0;0,00
ALMIRANTE TAMANDARÉ;410040001A;PR;Centro;-25,31;-49,298;2025-03-11 00:20:00.0;0,00
ALMIRANTE TAMANDARÉ;410040001A;PR;Centro;-25,31;-49,298;2025-03-11 01:20:00.0;0,00
ALMIRANTE TAMANDARÉ;410040001A;PR;Centro;-25,31;-49,298;2025-03-11 02:20:00.0;0,00
ALMIRANTE TAMANDARÉ;410040001A;PR;Centro;-25,31;-49,298;2025-03-11 03:20:00.0;0,00
ALMIRANTE TAMANDARÉ;410040001A;PR;Centro;-25,31;-49,298;2025-03-11 04:20:00.0;0,00
ALMIRANTE TAMANDARÉ;410040001A;PR;Centro;-25,31;-49,298;2025-03-11 05:20:00.0;0,00
ALMIRANTE TAMANDARÉ;410040001A;PR;Centro;-25,31;-49,298;2025-03-11 06:20:00.0;0,00
ALMIRANTE TAMANDARÉ;410040001A;PR;Centro;-25,31;-49,298;2025-03-11 07:20:00.0;0,00
ALMIRANTE TAMANDARÉ;410040001A;PR;Centro;-25,31;-49,298;2025-03-11 08:20:00.0;0,20
ALMIRANTE TAMANDARÉ;410040001A;PR;Centro;-25,31;-49,298;2025-03-11 09:20:00.0;0,00
ALMIRANTE TAMANDARÉ;410040001A;PR;Centro;-25,31;-49,298;2025-03-11 10:20:00.0;0,00
ALMIRANTE TAMANDARÉ;410040001A;PR;Centro;-25,31;-49,298;2025-03-11 11:20:00.0;0,00
ALMIRANTE TAMANDARÉ;410040001A;PR;Centro;-25,31;-49,298;2025-03-11 12:20:00.0;0,00
ALMIRANTE TAMANDARÉ;410040001A;PR;Centro;-25,31;-49,298;2025-03-11 13:20:00.0;0,00
ALMIRANTE TAMANDARÉ;410040001A;PR;Centro;-25,31;-49,298;2025-03-11 14:20:00.0;0,00
ALMIRANTE TAMANDARÉ;410040001A;PR;Centro;-25,31;-49,298;2025-03-11 15:20:00.0;0,00
ALMIRANTE TAMANDARÉ;410040001A;PR;Centro;-25,31;-49,298;2025-03-11 16:20:00.0;0,00
ALMIRANTE TAMANDARÉ;410040001A;PR;Centro;-25,31;-49,298;2025-03-11 17:20:00.0;0,00
ALMIRANTE TAMANDARÉ;410040001A;PR;Centro;-25,31;-49,298;2025-03-11 18:20:00.0;0,00
ALMIRANTE TAMANDARÉ;410040001A;PR;Centro;-25,31;-49,298;2025-03-11 19:20:00.0;0,00
ALMIRANTE TAMANDARÉ;410040001A;PR;Centro;-25,31;-49,298;2025-03-11 20:20:00.0;0,00
ALMIRANTE TAMANDARÉ;410040001A;PR;Centro;-25,31;-49,298;2025-03-11 21:20:00.0;0,20
ALMIRANTE TAMANDARÉ;410040001A;PR;Centro;-25,31;-49,298;2025-03-11 21:30:00.0;0,59
ALMIRANTE TAMANDARÉ;410040001A;PR;Centro;-25,31;-49,298;2025-03-11 21:40:00.0;0,39
ALMIRANTE TAMANDARÉ;410040001A;PR;Centro;-25,31;-49,298;2025-03-11 21:50:00.0;0,98
ALMIRANTE TAMANDARÉ;410040001A;PR;Centro;-25,31;-49,298;2025-03-11 22:00:00.0;0,79
ALMIRANTE TAMANDARÉ;410040001A;PR;Centro;-25,31;-49,298;2025-03-11 22:10:00.0;0,59
ALMIRANTE TAMANDARÉ;410040001A;PR;Centro;-25,31;-49,298;2025-03-11 22:20:00.0;0,59
ALMIRANTE TAMANDARÉ;410040001A;PR;Centro;-25,31;-49,298;2025-03-11 22:30:00.0;0,20
ALMIRANTE TAMANDARÉ;410040001A;PR;Centro;-25,31;-49,298;2025-03-11 22:40:00.0;0,20
ALMIRANTE TAMANDARÉ;410040001A;PR;Centro;-25,31;-49,298;2025-03-11 22:50:00.0;0,39
ALMIRANTE TAMANDARÉ;410040001A;PR;Centro;-25,31;-49,298;2025-03-11 23:00:00.0;0,20
ALMIRANTE TAMANDARÉ;410040001A;PR;Centro;-25,31;-49,298;2025-03-11 23:10:00.0;0,20
ALMIRANTE TAMANDARÉ;410040001A;PR;Centro;-25,31;-49,298;2025-03-11 23:20:00.0;0,39
ALMIRANTE TAMANDARÉ;410040001A;PR;Centro;-25,31;-49,298;2025-03-11 23:30:00.0;0,20
ALMIRANTE TAMANDARÉ;410040001A;PR;Centro;-25,31;-49,298;2025-03-11 23:40:00.0;0,59
ALMIRANTE TAMANDARÉ;410040001A;PR;Centro;-25,31;-49,298;2025-03-11 23:50:00.0;1,18
ALMIRANTE TAMANDARÉ;410040001A;PR;Centro;-25,31;-49,298;2025-03-12 00:00:00.0;0,98
ALMIRANTE TAMANDARÉ;410040001A;PR;Centro;-25,31;-49,298;2025-03-12 00:10:00.0;1,18
ALMIRANTE TAMANDARÉ;410040001A;PR;Centro;-25,31;-49,298;2025-03-12 00:20:00.0;0,98
ALMIRANTE TAMANDARÉ;410040001A;PR;Centro;-25,31;-49,298;2025-03-12 00:30:00.0;1,18
ALMIRANTE TAMANDARÉ;410040001A;PR;Centro;-25,31;-49,298;2025-03-12 00:40:00.0;0,98
ALMIRANTE TAMANDARÉ;410040001A;PR;Centro;-25,31;-49,298;2025-03-12 00:50:00.0;1,18
ALMIRANTE TAMANDARÉ;410040001A;PR;Centro;-25,31;-49,298;2025-03-12 01:00:00.0;0,98
ALMIRANTE TAMANDARÉ;410040001A;PR;Centro;-25,31;-49,298;2025-03-12 01:10:00.0;1,18
ALMIRANTE TAMANDARÉ;410040001A;PR;Centro;-25,31;-49,298;2025-03-12 01:20:00.0;1,18
ALMIRANTE TAMANDARÉ;410040001A;PR;Centro;-25,31;-49,298;2025-03-12 01:30:00.0;0,98
ALMIRANTE TAMANDARÉ;410040001A;PR;Centro;-25,31;-49,298;2025-03-12 01:40:00.0;0,98
ALMIRANTE TAMANDARÉ;410040001A;PR;Centro;-25,31;-49,298;2025-03-12 01:50:00.0;1,18
ALMIRANTE TAMANDARÉ;410040001A;PR;Centro;-25,31;-49,298;2025-03-12 02:00:00.0;0,98
ALMIRANTE TAMANDARÉ;410040001A;PR;Centro;-25,31;-49,298;2025-03-12 02:10:00.0;0,98
ALMIRANTE TAMANDARÉ;410040001A;PR;Centro;-25,31;-49,298;2025-03-12 02:20:00.0;0,98
ALMIRANTE TAMANDARÉ;410040001A;PR;Centro;-25,31;-49,298;2025-03-12 02:30:00.0;0,98
ALMIRANTE TAMANDARÉ;410040001A;PR;Centro;-25,31;-49,298;2025-03-12 02:40:00.0;0,98
ALMIRANTE TAMANDARÉ;410040001A;PR;Centro;-25,31;-49,298;2025-03-12 02:50:00.0;0,79
ALMIRANTE TAMANDARÉ;410040001A;PR;Centro;-25,31;-49,298;2025-03-12 03:00:00.0;0,98
ALMIRANTE TAMANDARÉ;410040001A;PR;Centro;-25,31;-49,298;2025-03-12 03:10:00.0;0,79
ALMIRANTE TAMANDARÉ;410040001A;PR;Centro;-25,31;-49,298;2025-03-12 03:20:00.0;0,79
ALMIRANTE TAMANDARÉ;410040001A;PR;Centro;-25,31;-49,298;2025-03-12 03:30:00.0;0,79
ALMIRANTE TAMANDARÉ;410040001A;PR;Centro;-25,31;-49,298;2025-03-12 03:40:00.0;0,79
ALMIRANTE TAMANDARÉ;410040001A;PR;Centro;-25,31;-49,298;2025-03-12 03:50:00.0;0,79
ALMIRANTE TAMANDARÉ;410040001A;PR;Centro;-25,31;-49,298;2025-03-12 04:00:00.0;0,59
ALMIRANTE TAMANDARÉ;410040001A;PR;Centro;-25,31;-49,298;2025-03-12 04:10:00.0;0,79
ALMIRANTE TAMANDARÉ;410040001A;PR;Centro;-25,31;-49,298;2025-03-12 04:20:00.0;0,59
ALMIRANTE TAMANDARÉ;410040001A;PR;Centro;-25,31;-49,298;2025-03-12 04:30:00.0;0,79
ALMIRANTE TAMANDARÉ;410040001A;PR;Centro;-25,31;-49,298;2025-03-12 04:40:00.0;0,59
ALMIRANTE TAMANDARÉ;410040001A;PR;Centro;-25,31;-49,298;2025-03-12 04:50:00.0;0,79
ALMIRANTE TAMANDARÉ;410040001A;PR;Centro;-25,31;-49,298;2025-03-12 05:00:00.0;0,39
ALMIRANTE TAMANDARÉ;410040001A;PR;Centro;-25,31;-49,298;2025-03-12 05:10:00.0;0,39
ALMIRANTE TAMANDARÉ;410040001A;PR;Centro;-25,31;-49,298;2025-03-12 05:20:00.0;0,20
ALMIRANTE TAMANDARÉ;410040001A;PR;Centro;-25,31;-49,298;2025-03-12 05:30:00.0;0,39
ALMIRANTE TAMANDARÉ;410040001A;PR;Centro;-25,31;-49,298;2025-03-12 05:40:00.0;0,20
ALMIRANTE TAMANDARÉ;410040001A;PR;Centro;-25,31;-49,298;2025-03-12 05:50:00.0;1,64
ALMIRANTE TAMANDARÉ;410040001A;PR;Centro;-25,31;-49,298;2025-03-12 06:00:00.0;0,61
ALMIRANTE TAMANDARÉ;410040001A;PR;Centro;-25,31;-49,298;2025-03-12 07:00:00.0;0,39
ALMIRANTE TAMANDARÉ;410040001A;PR;Centro;-25,31;-49,298;2025-03-12 07:10:00.0;2,58
ALMIRANTE TAMANDARÉ;410040001A;PR;Centro;-25,31;-49,298;2025-03-12 07:40:00.0;0,20
ALMIRANTE TAMANDARÉ;410040001A;PR;Centro;-25,31;-49,298;2025-03-12 07:50:00.0;0,59
ALMIRANTE TAMANDARÉ;410040001A;PR;Centro;-25,31;-49,298;2025-03-12 08:00:00.0;0,98
ALMIRANTE TAMANDARÉ;410040001A;PR;Centro;-25,31;-49,298;2025-03-12 08:10:00.0;0,59
ALMIRANTE TAMANDARÉ;410040001A;PR;Centro;-25,31;-49,298;2025-03-12 08:20:00.0;0,79
ALMIRANTE TAMANDARÉ;410040001A;PR;Centro;-25,31;-49,298;2025-03-12 08:30:00.0;0,39
ALMIRANTE TAMANDARÉ;410040001A;PR;Centro;-25,31;-49,298;2025-03-12 08:40:00.0;0,79
ALMIRANTE TAMANDARÉ;410040001A;PR;Centro;-25,31;-49,298;2025-03-12 08:50:00.0;0,40
ALMIRANTE TAMANDARÉ;410040001A;PR;Centro;-25,31;-49,298;2025-03-12 09:20:00.0;0,00
ALMIRANTE TAMANDARÉ;410040001A;PR;Centro;-25,31;-49,298;2025-03-12 10:20:00.0;0,00
ALMIRANTE TAMANDARÉ;410040001A;PR;Centro;-25,31;-49,298;2025-03-12 11:20:00.0;0,00
ALMIRANTE TAMANDARÉ;410040001A;PR;Centro;-25,31;-49,298;2025-03-12 12:20:00.0;0,00
ALMIRANTE TAMANDARÉ;410040001A;PR;Centro;-25,31;-49,298;2025-03-12 13:20:00.0;0,00
ALMIRANTE TAMANDARÉ;410040001A;PR;Centro;-25,31;-49,298;2025-03-12 14:20:00.0;0,00
ALMIRANTE TAMANDARÉ;410040001A;PR;Centro;-25,31;-49,298;2025-03-12 15:20:00.0;0,00
ALMIRANTE TAMANDARÉ;410040001A;PR;Centro;-25,31;-49,298;2025-03-12 16:20:00.0;0,00
ALMIRANTE TAMANDARÉ;410040001A;PR;Centro;-25,31;-49,298;2025-03-12 17:20:00.0;0,00
ALMIRANTE TAMANDARÉ;410040001A;PR;Centro;-25,31;-49,298;2025-03-12 18:20:00.0;0,00
ALMIRANTE TAMANDARÉ;410040001A;PR;Centro;-25,31;-49,298;2025-03-12 19:20:00.0;0,00
ALMIRANTE TAMANDARÉ;410040001A;PR;Centro;-25,31;-49,298;2025-03-12 20:20:00.0;0,00
ALMIRANTE TAMANDARÉ;410040001A;PR;Centro;-25,31;-49,298;2025-03-12 21:20:00.0;0,00
ALMIRANTE TAMANDARÉ;410040001A;PR;Centro;-25,31;-49,298;2025-03-12 22:10:00.0;0,20
ALMIRANTE TAMANDARÉ;410040001A;PR;Centro;-25,31;-49,298;2025-03-12 22:20:00.0;0,00
ALMIRANTE TAMANDARÉ;410040001A;PR;Centro;-25,31;-49,298;2025-03-12 22:40:00.0;0,20
ALMIRANTE TAMANDARÉ;410040001A;PR;Centro;-25,31;-49,298;2025-03-12 23:00:00.0;0,20
ALMIRANTE TAMANDARÉ;410040001A;PR;Centro;-25,31;-49,298;2025-03-12 23:10:00.0;0,20
ALMIRANTE TAMANDARÉ;410040001A;PR;Centro;-25,31;-49,298;2025-03-12 23:20:00.0;0,00
ALMIRANTE TAMANDARÉ;410040001A;PR;Centro;-25,31;-49,298;2025-03-12 23:30:00.0;0,20
ALMIRANTE TAMANDARÉ;410040001A;PR;Centro;-25,31;-49,298;2025-03-13 00:00:00.0;0,20
ALMIRANTE TAMANDARÉ;410040001A;PR;Centro;-25,31;-49,298;2025-03-13 00:20:00.0;0,20
ALMIRANTE TAMANDARÉ;410040001A;PR;Centro;-25,31;-49,298;2025-03-13 00:40:00.0;0,20
ALMIRANTE TAMANDARÉ;410040001A;PR;Centro;-25,31;-49,298;2025-03-13 00:50:00.0;0,20
ALMIRANTE TAMANDARÉ;410040001A;PR;Centro;-25,31;-49,298;2025-03-13 01:10:00.0;0,20
ALMIRANTE TAMANDARÉ;410040001A;PR;Centro;-25,31;-49,298;2025-03-13 01:20:00.0;0,20
ALMIRANTE TAMANDARÉ;410040001A;PR;Centro;-25,31;-49,298;2025-03-13 01:30:00.0;0,20
ALMIRANTE TAMANDARÉ;410040001A;PR;Centro;-25,31;-49,298;2025-03-13 01:50:00.0;0,20
ALMIRANTE TAMANDARÉ;410040001A;PR;Centro;-25,31;-49,298;2025-03-13 02:00:00.0;0,20
ALMIRANTE TAMANDARÉ;410040001A;PR;Centro;-25,31;-49,298;2025-03-13 02:10:00.0;0,20
ALMIRANTE TAMANDARÉ;410040001A;PR;Centro;-25,31;-49,298;2025-03-13 02:20:00.0;0,39
ALMIRANTE TAMANDARÉ;410040001A;PR;Centro;-25,31;-49,298;2025-03-13 02:30:00.0;0,20
ALMIRANTE TAMANDARÉ;410040001A;PR;Centro;-25,31;-49,298;2025-03-13 02:40:00.0;0,20
ALMIRANTE TAMANDARÉ;410040001A;PR;Centro;-25,31;-49,298;2025-03-13 02:50:00.0;0,39
ALMIRANTE TAMANDARÉ;410040001A;PR;Centro;-25,31;-49,298;2025-03-13 03:00:00.0;0,20
ALMIRANTE TAMANDARÉ;410040001A;PR;Centro;-25,31;-49,298;2025-03-13 03:10:00.0;0,39
ALMIRANTE TAMANDARÉ;410040001A;PR;Centro;-25,31;-49,298;2025-03-13 03:20:00.0;0,39
ALMIRANTE TAMANDARÉ;410040001A;PR;Centro;-25,31;-49,298;2025-03-13 03:30:00.0;0,39
ALMIRANTE TAMANDARÉ;410040001A;PR;Centro;-25,31;-49,298;2025-03-13 03:40:00.0;0,20
ALMIRANTE TAMANDARÉ;410040001A;PR;Centro;-25,31;-49,298;2025-03-13 03:50:00.0;0,20
ALMIRANTE TAMANDARÉ;410040001A;PR;Centro;-25,31;-49,298;2025-03-13 04:00:00.0;0,39
ALMIRANTE TAMANDARÉ;410040001A;PR;Centro;-25,31;-49,298;2025-03-13 04:10:00.0;0,20
ALMIRANTE TAMANDARÉ;410040001A;PR;Centro;-25,31;-49,298;2025-03-13 04:20:00.0;0,20
ALMIRANTE TAMANDARÉ;410040001A;PR;Centro;-25,31;-49,298;2025-03-13 04:40:00.0;0,20
ALMIRANTE TAMANDARÉ;410040001A;PR;Centro;-25,31;-49,298;2025-03-13 04:50:00.0;0,39
ALMIRANTE TAMANDARÉ;410040001A;PR;Centro;-25,31;-49,298;2025-03-13 05:00:00.0;0,20
ALMIRANTE TAMANDARÉ;410040001A;PR;Centro;-25,31;-49,298;2025-03-13 05:10:00.0;0,20
ALMIRANTE TAMANDARÉ;410040001A;PR;Centro;-25,31;-49,298;2025-03-13 05:20:00.0;0,20
ALMIRANTE TAMANDARÉ;410040001A;PR;Centro;-25,31;-49,298;2025-03-13 05:30:00.0;0,39
ALMIRANTE TAMANDARÉ;410040001A;PR;Centro;-25,31;-49,298;2025-03-13 05:40:00.0;0,20
ALMIRANTE TAMANDARÉ;410040001A;PR;Centro;-25,31;-49,298;2025-03-13 05:50:00.0;0,20
ALMIRANTE TAMANDARÉ;410040001A;PR;Centro;-25,31;-49,298;2025-03-13 06:00:00.0;0,20
ALMIRANTE TAMANDARÉ;410040001A;PR;Centro;-25,31;-49,298;2025-03-13 06:10:00.0;0,20
ALMIRANTE TAMANDARÉ;410040001A;PR;Centro;-25,31;-49,298;2025-03-13 06:20:00.0;0,20
ALMIRANTE TAMANDARÉ;410040001A;PR;Centro;-25,31;-49,298;2025-03-13 06:30:00.0;0,20
ALMIRANTE TAMANDARÉ;410040001A;PR;Centro;-25,31;-49,298;2025-03-13 06:50:00.0;0,20
ALMIRANTE TAMANDARÉ;410040001A;PR;Centro;-25,31;-49,298;2025-03-13 07:00:00.0;0,20
ALMIRANTE TAMANDARÉ;410040001A;PR;Centro;-25,31;-49,298;2025-03-13 07:10:00.0;0,20
ALMIRANTE TAMANDARÉ;410040001A;PR;Centro;-25,31;-49,298;2025-03-13 07:20:00.0;0,00
ALMIRANTE TAMANDARÉ;410040001A;PR;Centro;-25,31;-49,298;2025-03-13 07:40:00.0;0,20
ALMIRANTE TAMANDARÉ;410040001A;PR;Centro;-25,31;-49,298;2025-03-13 08:00:00.0;0,20
ALMIRANTE TAMANDARÉ;410040001A;PR;Centro;-25,31;-49,298;2025-03-13 08:10:00.0;0,20
ALMIRANTE TAMANDARÉ;410040001A;PR;Centro;-25,31;-49,298;2025-03-13 08:20:00.0;0,00
ALMIRANTE TAMANDARÉ;410040001A;PR;Centro;-25,31;-49,298;2025-03-13 08:30:00.0;0,20
ALMIRANTE TAMANDARÉ;410040001A;PR;Centro;-25,31;-49,298;2025-03-13 08:50:00.0;0,20
ALMIRANTE TAMANDARÉ;410040001A;PR;Centro;-25,31;-49,298;2025-03-13 09:00:00.0;0,20
ALMIRANTE TAMANDARÉ;410040001A;PR;Centro;-25,31;-49,298;2025-03-13 09:20:00.0;0,20
ALMIRANTE TAMANDARÉ;410040001A;PR;Centro;-25,31;-49,298;2025-03-13 09:40:00.0;0,20
ALMIRANTE TAMANDARÉ;410040001A;PR;Centro;-25,31;-49,298;2025-03-13 10:00:00.0;0,20
ALMIRANTE TAMANDARÉ;410040001A;PR;Centro;-25,31;-49,298;2025-03-13 10:20:00.0;0,20
ALMIRANTE TAMANDARÉ;410040001A;PR;Centro;-25,31;-49,298;2025-03-13 10:40:00.0;0,20
ALMIRANTE TAMANDARÉ;410040001A;PR;Centro;-25,31;-49,298;2025-03-13 11:00:00.0;0,20
ALMIRANTE TAMANDARÉ;410040001A;PR;Centro;-25,31;-49,298;2025-03-13 11:20:00.0;0,00
ALMIRANTE TAMANDARÉ;410040001A;PR;Centro;-25,31;-49,298;2025-03-13 11:30:00.0;0,20
ALMIRANTE TAMANDARÉ;410040001A;PR;Centro;-25,31;-49,298;2025-03-13 11:40:00.0;0,20
ALMIRANTE TAMANDARÉ;410040001A;PR;Centro;-25,31;-49,298;2025-03-13 12:00:00.0;0,20
ALMIRANTE TAMANDARÉ;410040001A;PR;Centro;-25,31;-49,298;2025-03-13 12:20:00.0;0,20
ALMIRANTE TAMANDARÉ;410040001A;PR;Centro;-25,31;-49,298;2025-03-13 12:30:00.0;0,20
ALMIRANTE TAMANDARÉ;410040001A;PR;Centro;-25,31;-49,298;2025-03-13 12:50:00.0;0,20
ALMIRANTE TAMANDARÉ;410040001A;PR;Centro;-25,31;-49,298;2025-03-13 13:10:00.0;0,20
ALMIRANTE TAMANDARÉ;410040001A;PR;Centro;-25,31;-49,298;2025-03-13 13:30:00.0;0,00
ALMIRANTE TAMANDARÉ;410040001A;PR;Centro;-25,31;-49,298;2025-03-13 13:40:00.0;0,20
ALMIRANTE TAMANDARÉ;410040001A;PR;Centro;-25,31;-49,298;2025-03-13 14:10:00.0;0,20
ALMIRANTE TAMANDARÉ;410040001A;PR;Centro;-25,31;-49,298;2025-03-13 14:20:00.0;0,00
ALMIRANTE TAMANDARÉ;410040001A;PR;Centro;-25,31;-49,298;2025-03-13 14:40:00.0;0,20
ALMIRANTE TAMANDARÉ;410040001A;PR;Centro;-25,31;-49,298;2025-03-13 15:00:00.0;0,20
ALMIRANTE TAMANDARÉ;410040001A;PR;Centro;-25,31;-49,298;2025-03-13 15:30:00.0;0,20
ALMIRANTE TAMANDARÉ;410040001A;PR;Centro;-25,31;-49,298;2025-03-13 16:00:00.0;0,20
ALMIRANTE TAMANDARÉ;410040001A;PR;Centro;-25,31;-49,298;2025-03-13 16:20:00.0;0,00
ALMIRANTE TAMANDARÉ;410040001A;PR;Centro;-25,31;-49,298;2025-03-13 16:30:00.0;0,20
ALMIRANTE TAMANDARÉ;410040001A;PR;Centro;-25,31;-49,298;2025-03-13 16:50:00.0;0,20
ALMIRANTE TAMANDARÉ;410040001A;PR;Centro;-25,31;-49,298;2025-03-13 17:00:00.0;0,20
ALMIRANTE TAMANDARÉ;410040001A;PR;Centro;-25,31;-49,298;2025-03-13 17:10:00.0;0,20
ALMIRANTE TAMANDARÉ;410040001A;PR;Centro;-25,31;-49,298;2025-03-13 17:20:00.0;0,20
ALMIRANTE TAMANDARÉ;410040001A;PR;Centro;-25,31;-49,298;2025-03-13 17:30:00.0;0,20
ALMIRANTE TAMANDARÉ;410040001A;PR;Centro;-25,31;-49,298;2025-03-13 17:40:00.0;0,20
ALMIRANTE TAMANDARÉ;410040001A;PR;Centro;-25,31;-49,298;2025-03-13 18:00:00.0;0,20
ALMIRANTE TAMANDARÉ;410040001A;PR;Centro;-25,31;-49,298;2025-03-13 18:10:00.0;0,20
ALMIRANTE TAMANDARÉ;410040001A;PR;Centro;-25,31;-49,298;2025-03-13 18:20:00.0;0,20
ALMIRANTE TAMANDARÉ;410040001A;PR;Centro;-25,31;-49,298;2025-03-13 18:30:00.0;0,20
ALMIRANTE TAMANDARÉ;410040001A;PR;Centro;-25,31;-49,298;2025-03-13 18:50:00.0;0,20
ALMIRANTE TAMANDARÉ;410040001A;PR;Centro;-25,31;-49,298;2025-03-13 19:00:00.0;0,20
ALMIRANTE TAMANDARÉ;410040001A;PR;Centro;-25,31;-49,298;2025-03-13 19:20:00.0;0,20
ALMIRANTE TAMANDARÉ;410040001A;PR;Centro;-25,31;-49,298;2025-03-13 19:30:00.0;0,20
ALMIRANTE TAMANDARÉ;410040001A;PR;Centro;-25,31;-49,298;2025-03-13 19:50:00.0;0,20
ALMIRANTE TAMANDARÉ;410040001A;PR;Centro;-25,31;-49,298;2025-03-13 20:10:00.0;0,20
ALMIRANTE TAMANDARÉ;410040001A;PR;Centro;-25,31;-49,298;2025-03-13 20:20:00.0;0,00
ALMIRANTE TAMANDARÉ;410040001A;PR;Centro;-25,31;-49,298;2025-03-13 20:30:00.0;0,20
ALMIRANTE TAMANDARÉ;410040001A;PR;Centro;-25,31;-49,298;2025-03-13 21:00:00.0;0,20
ALMIRANTE TAMANDARÉ;410040001A;PR;Centro;-25,31;-49,298;2025-03-13 21:20:00.0;0,00
ALMIRANTE TAMANDARÉ;410040001A;PR;Centro;-25,31;-49,298;2025-03-13 21:30:00.0;0,20
ALMIRANTE TAMANDARÉ;410040001A;PR;Centro;-25,31;-49,298;2025-03-13 22:00:00.0;0,20
ALMIRANTE TAMANDARÉ;410040001A;PR;Centro;-25,31;-49,298;2025-03-13 22:20:00.0;0,00
ALMIRANTE TAMANDARÉ;410040001A;PR;Centro;-25,31;-49,298;2025-03-13 22:30:00.0;0,20
ALMIRANTE TAMANDARÉ;410040001A;PR;Centro;-25,31;-49,298;2025-03-13 23:00:00.0;0,20
ALMIRANTE TAMANDARÉ;410040001A;PR;Centro;-25,31;-49,298;2025-03-13 23:20:00.0;0,00
ALMIRANTE TAMANDARÉ;410040001A;PR;Centro;-25,31;-49,298;2025-03-13 23:40:00.0;0,20
ALMIRANTE TAMANDARÉ;410040001A;PR;Centro;-25,31;-49,298;2025-03-14 00:00:00.0;0,20
ALMIRANTE TAMANDARÉ;410040001A;PR;Centro;-25,31;-49,298;2025-03-14 00:20:00.0;0,20
ALMIRANTE TAMANDARÉ;410040001A;PR;Centro;-25,31;-49,298;2025-03-14 00:40:00.0;0,20
ALMIRANTE TAMANDARÉ;410040001A;PR;Centro;-25,31;-49,298;2025-03-14 01:10:00.0;0,20
ALMIRANTE TAMANDARÉ;410040001A;PR;Centro;-25,31;-49,298;2025-03-14 01:20:00.0;0,00
ALMIRANTE TAMANDARÉ;410040001A;PR;Centro;-25,31;-49,298;2025-03-14 01:30:00.0;0,20
ALMIRANTE TAMANDARÉ;410040001A;PR;Centro;-25,31;-49,298;2025-03-14 02:00:00.0;0,20
ALMIRANTE TAMANDARÉ;410040001A;PR;Centro;-25,31;-49,298;2025-03-14 02:20:00.0;0,20
ALMIRANTE TAMANDARÉ;410040001A;PR;Centro;-25,31;-49,298;2025-03-14 02:40:00.0;0,20
ALMIRANTE TAMANDARÉ;410040001A;PR;Centro;-25,31;-49,298;2025-03-14 03:00:00.0;0,20
ALMIRANTE TAMANDARÉ;410040001A;PR;Centro;-25,31;-49,298;2025-03-14 03:50:00.0;0,20
ALMIRANTE TAMANDARÉ;410040001A;PR;Centro;-25,31;-49,298;2025-03-14 04:20:00.0;0,00
ALMIRANTE TAMANDARÉ;410040001A;PR;Centro;-25,31;-49,298;2025-03-14 05:20:00.0;0,00
ALMIRANTE TAMANDARÉ;410040001A;PR;Centro;-25,31;-49,298;2025-03-14 05:30:00.0;0,20
ALMIRANTE TAMANDARÉ;410040001A;PR;Centro;-25,31;-49,298;2025-03-14 06:20:00.0;0,00
ALMIRANTE TAMANDARÉ;410040001A;PR;Centro;-25,31;-49,298;2025-03-14 07:10:00.0;0,20
ALMIRANTE TAMANDARÉ;410040001A;PR;Centro;-25,31;-49,298;2025-03-14 08:20:00.0;4,33
ALMIRANTE TAMANDARÉ;410040001A;PR;Centro;-25,31;-49,298;2025-03-14 09:10:00.0;0,20
ALMIRANTE TAMANDARÉ;410040001A;PR;Centro;-25,31;-49,298;2025-03-14 09:20:00.0;0,00
ALMIRANTE TAMANDARÉ;410040001A;PR;Centro;-25,31;-49,298;2025-03-14 09:30:00.0;0,20
ALMIRANTE TAMANDARÉ;410040001A;PR;Centro;-25,31;-49,298;2025-03-14 10:00:00.0;0,81
ALMIRANTE TAMANDARÉ;410040001A;PR;Centro;-25,31;-49,298;2025-03-14 10:20:00.0;0,00
ALMIRANTE TAMANDARÉ;410040001A;PR;Centro;-25,31;-49,298;2025-03-14 11:00:00.0;0,20
ALMIRANTE TAMANDARÉ;410040001A;PR;Centro;-25,31;-49,298;2025-03-14 11:20:00.0;0,20
ALMIRANTE TAMANDARÉ;410040001A;PR;Centro;-25,31;-49,298;2025-03-14 11:40:00.0;0,20
ALMIRANTE TAMANDARÉ;410040001A;PR;Centro;-25,31;-49,298;2025-03-14 12:40:00.0;0,20
ALMIRANTE TAMANDARÉ;410040001A;PR;Centro;-25,31;-49,298;2025-03-14 12:50:00.0;0,79
ALMIRANTE TAMANDARÉ;410040001A;PR;Centro;-25,31;-49,298;2025-03-14 13:10:00.0;0,20
ALMIRANTE TAMANDARÉ;410040001A;PR;Centro;-25,31;-49,298;2025-03-14 13:20:00.0;0,42
ALMIRANTE TAMANDARÉ;410040001A;PR;Centro;-25,31;-49,298;2025-03-14 13:30:00.0;0,20
ALMIRANTE TAMANDARÉ;410040001A;PR;Centro;-25,31;-49,298;2025-03-14 13:50:00.0;0,20
ALMIRANTE TAMANDARÉ;410040001A;PR;Centro;-25,31;-49,298;2025-03-14 14:20:00.0;0,20
ALMIRANTE TAMANDARÉ;410040001A;PR;Centro;-25,31;-49,298;2025-03-14 14:50:00.0;0,20
ALMIRANTE TAMANDARÉ;410040001A;PR;Centro;-25,31;-49,298;2025-03-14 15:10:00.0;0,20
ALMIRANTE TAMANDARÉ;410040001A;PR;Centro;-25,31;-49,298;2025-03-14 15:20:00.0;0,00
ALMIRANTE TAMANDARÉ;410040001A;PR;Centro;-25,31;-49,298;2025-03-14 15:30:00.0;0,20
ALMIRANTE TAMANDARÉ;410040001A;PR;Centro;-25,31;-49,298;2025-03-14 16:00:00.0;0,20
ALMIRANTE TAMANDARÉ;410040001A;PR;Centro;-25,31;-49,298;2025-03-14 16:20:00.0;0,20
ALMIRANTE TAMANDARÉ;410040001A;PR;Centro;-25,31;-49,298;2025-03-14 16:40:00.0;0,20
ALMIRANTE TAMANDARÉ;410040001A;PR;Centro;-25,31;-49,298;2025-03-14 17:00:00.0;0,20
ALMIRANTE TAMANDARÉ;410040001A;PR;Centro;-25,31;-49,298;2025-03-14 17:20:00.0;0,20
ALMIRANTE TAMANDARÉ;410040001A;PR;Centro;-25,31;-49,298;2025-03-14 18:20:00.0;0,00
ALMIRANTE TAMANDARÉ;410040001A;PR;Centro;-25,31;-49,298;2025-03-14 18:50:00.0;0,20
ALMIRANTE TAMANDARÉ;410040001A;PR;Centro;-25,31;-49,298;2025-03-14 19:20:00.0;0,00
ALMIRANTE TAMANDARÉ;410040001A;PR;Centro;-25,31;-49,298;2025-03-14 20:20:00.0;0,00
ALMIRANTE TAMANDARÉ;410040001A;PR;Centro;-25,31;-49,298;2025-03-14 20:30:00.0;0,20
ALMIRANTE TAMANDARÉ;410040001A;PR;Centro;-25,31;-49,298;2025-03-14 21:20:00.0;0,00
ALMIRANTE TAMANDARÉ;410040001A;PR;Centro;-25,31;-49,298;2025-03-14 22:20:00.0;0,00
ALMIRANTE TAMANDARÉ;410040001A;PR;Centro;-25,31;-49,298;2025-03-14 23:20:00.0;0,00
ALMIRANTE TAMANDARÉ;410040001A;PR;Centro;-25,31;-49,298;2025-03-14 23:30:00.0;0,20
ALMIRANTE TAMANDARÉ;410040001A;PR;Centro;-25,31;-49,298;2025-03-15 00:20:00.0;0,00
ALMIRANTE TAMANDARÉ;410040001A;PR;Centro;-25,31;-49,298;2025-03-15 01:20:00.0;0,00
ALMIRANTE TAMANDARÉ;410040001A;PR;Centro;-25,31;-49,298;2025-03-15 02:20:00.0;0,00
ALMIRANTE TAMANDARÉ;410040001A;PR;Centro;-25,31;-49,298;2025-03-15 03:20:00.0;0,00
ALMIRANTE TAMANDARÉ;410040001A;PR;Centro;-25,31;-49,298;2025-03-15 04:20:00.0;0,00
ALMIRANTE TAMANDARÉ;410040001A;PR;Centro;-25,31;-49,298;2025-03-15 05:00:00.0;0,20
ALMIRANTE TAMANDARÉ;410040001A;PR;Centro;-25,31;-49,298;2025-03-15 05:20:00.0;0,00
ALMIRANTE TAMANDARÉ;410040001A;PR;Centro;-25,31;-49,298;2025-03-15 06:20:00.0;0,00
ALMIRANTE TAMANDARÉ;410040001A;PR;Centro;-25,31;-49,298;2025-03-15 07:20:00.0;0,00
ALMIRANTE TAMANDARÉ;410040001A;PR;Centro;-25,31;-49,298;2025-03-15 08:20:00.0;0,00
ALMIRANTE TAMANDARÉ;410040001A;PR;Centro;-25,31;-49,298;2025-03-15 09:00:00.0;0,20
ALMIRANTE TAMANDARÉ;410040001A;PR;Centro;-25,31;-49,298;2025-03-15 09:10:00.0;1,41
ALMIRANTE TAMANDARÉ;410040001A;PR;Centro;-25,31;-49,298;2025-03-15 09:20:00.0;0,62
ALMIRANTE TAMANDARÉ;410040001A;PR;Centro;-25,31;-49,298;2025-03-15 09:30:00.0;0,42
ALMIRANTE TAMANDARÉ;410040001A;PR;Centro;-25,31;-49,298;2025-03-15 09:40:00.0;2,16
ALMIRANTE TAMANDARÉ;410040001A;PR;Centro;-25,31;-49,298;2025-03-15 09:50:00.0;6,51
ALMIRANTE TAMANDARÉ;410040001A;PR;Centro;-25,31;-49,298;2025-03-15 10:10:00.0;0,20
ALMIRANTE TAMANDARÉ;410040001A;PR;Centro;-25,31;-49,298;2025-03-15 10:20:00.0;0,59
ALMIRANTE TAMANDARÉ;410040001A;PR;Centro;-25,31;-49,298;2025-03-15 10:30:00.0;3,55
ALMIRANTE TAMANDARÉ;410040001A;PR;Centro;-25,31;-49,298;2025-03-15 10:50:00.0;0,98
ALMIRANTE TAMANDARÉ;410040001A;PR;Centro;-25,31;-49,298;2025-03-15 11:10:00.0;1,42
ALMIRANTE TAMANDARÉ;410040001A;PR;Centro;-25,31;-49,298;2025-03-15 11:20:00.0;2,76
ALMIRANTE TAMANDARÉ;410040001A;PR;Centro;-25,31;-49,298;2025-03-15 11:40:00.0;0,59
ALMIRANTE TAMANDARÉ;410040001A;PR;Centro;-25,31;-49,298;2025-03-15 12:20:00.0;0,00
ALMIRANTE TAMANDARÉ;410040001A;PR;Centro;-25,31;-49,298;2025-03-15 12:50:00.0;0,20
ALMIRANTE TAMANDARÉ;410040001A;PR;Centro;-25,31;-49,298;2025-03-15 14:20:00.0;0,00
ALMIRANTE TAMANDARÉ;410040001A;PR;Centro;-25,31;-49,298;2025-03-15 15:20:00.0;0,00
ALMIRANTE TAMANDARÉ;410040001A;PR;Centro;-25,31;-49,298;2025-03-15 17:20:00.0;0,00
ALMIRANTE TAMANDARÉ;410040001A;PR;Centro;-25,31;-49,298;2025-03-15 17:50:00.0;0,20
ALMIRANTE TAMANDARÉ;410040001A;PR;Centro;-25,31;-49,298;2025-03-15 18:20:00.0;0,00
ALMIRANTE TAMANDARÉ;410040001A;PR;Centro;-25,31;-49,298;2025-03-15 19:20:00.0;0,00
ALMIRANTE TAMANDARÉ;410040001A;PR;Centro;-25,31;-49,298;2025-03-15 20:20:00.0;0,00
ALMIRANTE TAMANDARÉ;410040001A;PR;Centro;-25,31;-49,298;2025-03-15 21:20:00.0;0,00
ALMIRANTE TAMANDARÉ;410040001A;PR;Centro;-25,31;-49,298;2025-03-15 22:20:00.0;0,00
ALMIRANTE TAMANDARÉ;410040001A;PR;Centro;-25,31;-49,298;2025-03-15 23:20:00.0;0,59
ALMIRANTE TAMANDARÉ;410040001A;PR;Centro;-25,31;-49,298;2025-03-15 23:50:00.0;0,20
ALMIRANTE TAMANDARÉ;410040001A;PR;Centro;-25,31;-49,298;2025-03-16 01:20:00.0;0,00
ALMIRANTE TAMANDARÉ;410040001A;PR;Centro;-25,31;-49,298;2025-03-16 02:20:00.0;0,00
ALMIRANTE TAMANDARÉ;410040001A;PR;Centro;-25,31;-49,298;2025-03-16 03:20:00.0;0,00
ALMIRANTE TAMANDARÉ;410040001A;PR;Centro;-25,31;-49,298;2025-03-16 04:20:00.0;0,00
ALMIRANTE TAMANDARÉ;410040001A;PR;Centro;-25,31;-49,298;2025-03-16 05:20:00.0;0,00
ALMIRANTE TAMANDARÉ;410040001A;PR;Centro;-25,31;-49,298;2025-03-16 06:20:00.0;3,94
ALMIRANTE TAMANDARÉ;410040001A;PR;Centro;-25,31;-49,298;2025-03-16 06:30:00.0;0,20
ALMIRANTE TAMANDARÉ;410040001A;PR;Centro;-25,31;-49,298;2025-03-16 06:40:00.0;0,20
ALMIRANTE TAMANDARÉ;410040001A;PR;Centro;-25,31;-49,298;2025-03-16 07:00:00.0;0,39
ALMIRANTE TAMANDARÉ;410040001A;PR;Centro;-25,31;-49,298;2025-03-16 07:20:00.0;0,20
ALMIRANTE TAMANDARÉ;410040001A;PR;Centro;-25,31;-49,298;2025-03-16 07:30:00.0;3,15
ALMIRANTE TAMANDARÉ;410040001A;PR;Centro;-25,31;-49,298;2025-03-16 07:40:00.0;6,94
ALMIRANTE TAMANDARÉ;410040001A;PR;Centro;-25,31;-49,298;2025-03-16 08:20:00.0;0,20
ALMIRANTE TAMANDARÉ;410040001A;PR;Centro;-25,31;-49,298;2025-03-16 08:30:00.0;0,39
ALMIRANTE TAMANDARÉ;410040001A;PR;Centro;-25,31;-49,298;2025-03-16 08:50:00.0;1,57
ALMIRANTE TAMANDARÉ;410040001A;PR;Centro;-25,31;-49,298;2025-03-16 09:00:00.0;0,98
ALMIRANTE TAMANDARÉ;410040001A;PR;Centro;-25,31;-49,298;2025-03-16 09:20:00.0;0,00
ALMIRANTE TAMANDARÉ;410040001A;PR;Centro;-25,31;-49,298;2025-03-16 10:20:00.0;0,00
ALMIRANTE TAMANDARÉ;410040001A;PR;Centro;-25,31;-49,298;2025-03-16 11:20:00.0;0,00
ALMIRANTE TAMANDARÉ;410040001A;PR;Centro;-25,31;-49,298;2025-03-16 12:00:00.0;0,20
ALMIRANTE TAMANDARÉ;410040001A;PR;Centro;-25,31;-49,298;2025-03-16 12:10:00.0;0,20
ALMIRANTE TAMANDARÉ;410040001A;PR;Centro;-25,31;-49,298;2025-03-16 12:50:00.0;0,20
ALMIRANTE TAMANDARÉ;410040001A;PR;Centro;-25,31;-49,298;2025-03-16 13:20:00.0;0,00
ALMIRANTE TAMANDARÉ;410040001A;PR;Centro;-25,31;-49,298;2025-03-16 14:20:00.0;0,20
ALMIRANTE TAMANDARÉ;410040001A;PR;Centro;-25,31;-49,298;2025-03-16 15:20:00.0;0,00
ALMIRANTE TAMANDARÉ;410040001A;PR;Centro;-25,31;-49,298;2025-03-16 15:50:00.0;0,20
ALMIRANTE TAMANDARÉ;410040001A;PR;Centro;-25,31;-49,298;2025-03-16 16:20:00.0;0,00
ALMIRANTE TAMANDARÉ;410040001A;PR;Centro;-25,31;-49,298;2025-03-16 17:20:00.0;0,20
ALMIRANTE TAMANDARÉ;410040001A;PR;Centro;-25,31;-49,298;2025-03-16 18:00:00.0;0,20
ALMIRANTE TAMANDARÉ;410040001A;PR;Centro;-25,31;-49,298;2025-03-16 19:20:00.0;0,00
ALMIRANTE TAMANDARÉ;410040001A;PR;Centro;-25,31;-49,298;2025-03-16 19:50:00.0;0,20
ALMIRANTE TAMANDARÉ;410040001A;PR;Centro;-25,31;-49,298;2025-03-16 21:20:00.0;0,00
ALMIRANTE TAMANDARÉ;410040001A;PR;Centro;-25,31;-49,298;2025-03-16 22:20:00.0;1,86
ALMIRANTE TAMANDARÉ;410040001A;PR;Centro;-25,31;-49,298;2025-03-16 23:10:00.0;0,20
ALMIRANTE TAMANDARÉ;410040001A;PR;Centro;-25,31;-49,298;2025-03-17 00:10:00.0;0,42
ALMIRANTE TAMANDARÉ;410040001A;PR;Centro;-25,31;-49,298;2025-03-17 00:50:00.0;0,20
ALMIRANTE TAMANDARÉ;410040001A;PR;Centro;-25,31;-49,298;2025-03-17 01:50:00.0;0,20
ALMIRANTE TAMANDARÉ;410040001A;PR;Centro;-25,31;-49,298;2025-03-17 02:00:00.0;0,61
ALMIRANTE TAMANDARÉ;410040001A;PR;Centro;-25,31;-49,298;2025-03-17 02:20:00.0;0,00
ALMIRANTE TAMANDARÉ;410040001A;PR;Centro;-25,31;-49,298;2025-03-17 03:00:00.0;0,20
ALMIRANTE TAMANDARÉ;410040001A;PR;Centro;-25,31;-49,298;2025-03-17 03:20:00.0;0,00
ALMIRANTE TAMANDARÉ;410040001A;PR;Centro;-25,31;-49,298;2025-03-17 04:10:00.0;0,20
ALMIRANTE TAMANDARÉ;410040001A;PR;Centro;-25,31;-49,298;2025-03-17 05:20:00.0;0,00
ALMIRANTE TAMANDARÉ;410040001A;PR;Centro;-25,31;-49,298;2025-03-17 06:20:00.0;0,00
ALMIRANTE TAMANDARÉ;410040001A;PR;Centro;-25,31;-49,298;2025-03-17 07:20:00.0;0,00
ALMIRANTE TAMANDARÉ;410040001A;PR;Centro;-25,31;-49,298;2025-03-17 08:20:00.0;0,00
ALMIRANTE TAMANDARÉ;410040001A;PR;Centro;-25,31;-49,298;2025-03-17 08:40:00.0;1,18
ALMIRANTE TAMANDARÉ;410040001A;PR;Centro;-25,31;-49,298;2025-03-17 08:50:00.0;5,56
ALMIRANTE TAMANDARÉ;410040001A;PR;Centro;-25,31;-49,298;2025-03-17 09:00:00.0;0,39
ALMIRANTE TAMANDARÉ;410040001A;PR;Centro;-25,31;-49,298;2025-03-17 09:10:00.0;0,63
ALMIRANTE TAMANDARÉ;410040001A;PR;Centro;-25,31;-49,298;2025-03-17 09:20:00.0;0,00
ALMIRANTE TAMANDARÉ;410040001A;PR;Centro;-25,31;-49,298;2025-03-17 10:30:00.0;0,20
ALMIRANTE TAMANDARÉ;410040001A;PR;Centro;-25,31;-49,298;2025-03-17 11:40:00.0;0,20
ALMIRANTE TAMANDARÉ;410040001A;PR;Centro;-25,31;-49,298;2025-03-17 12:20:00.0;0,00
ALMIRANTE TAMANDARÉ;410040001A;PR;Centro;-25,31;-49,298;2025-03-17 13:20:00.0;0,00
ALMIRANTE TAMANDARÉ;410040001A;PR;Centro;-25,31;-49,298;2025-03-17 14:00:00.0;0,20
ALMIRANTE TAMANDARÉ;410040001A;PR;Centro;-25,31;-49,298;2025-03-17 14:20:00.0;0,00
ALMIRANTE TAMANDARÉ;410040001A;PR;Centro;-25,31;-49,298;2025-03-17 15:20:00.0;0,00
ALMIRANTE TAMANDARÉ;410040001A;PR;Centro;-25,31;-49,298;2025-03-17 16:00:00.0;0,20
ALMIRANTE TAMANDARÉ;410040001A;PR;Centro;-25,31;-49,298;2025-03-17 16:20:00.0;0,00
ALMIRANTE TAMANDARÉ;410040001A;PR;Centro;-25,31;-49,298;2025-03-17 17:10:00.0;0,20
ALMIRANTE TAMANDARÉ;410040001A;PR;Centro;-25,31;-49,298;2025-03-17 17:20:00.0;0,00
ALMIRANTE TAMANDARÉ;410040001A;PR;Centro;-25,31;-49,298;2025-03-17 18:00:00.0;0,20
ALMIRANTE TAMANDARÉ;410040001A;PR;Centro;-25,31;-49,298;2025-03-17 18:20:00.0;0,00
ALMIRANTE TAMANDARÉ;410040001A;PR;Centro;-25,31;-49,298;2025-03-17 18:40:00.0;0,20
ALMIRANTE TAMANDARÉ;410040001A;PR;Centro;-25,31;-49,298;2025-03-17 19:20:00.0;0,20
ALMIRANTE TAMANDARÉ;410040001A;PR;Centro;-25,31;-49,298;2025-03-17 19:50:00.0;0,20
ALMIRANTE TAMANDARÉ;410040001A;PR;Centro;-25,31;-49,298;2025-03-17 20:20:00.0;0,20
ALMIRANTE TAMANDARÉ;410040001A;PR;Centro;-25,31;-49,298;2025-03-17 20:40:00.0;0,20
ALMIRANTE TAMANDARÉ;410040001A;PR;Centro;-25,31;-49,298;2025-03-17 21:10:00.0;0,20
ALMIRANTE TAMANDARÉ;410040001A;PR;Centro;-25,31;-49,298;2025-03-17 21:40:00.0;0,20
ALMIRANTE TAMANDARÉ;410040001A;PR;Centro;-25,31;-49,298;2025-03-17 22:10:00.0;0,20
ALMIRANTE TAMANDARÉ;410040001A;PR;Centro;-25,31;-49,298;2025-03-17 22:20:00.0;0,00
ALMIRANTE TAMANDARÉ;410040001A;PR;Centro;-25,31;-49,298;2025-03-17 22:50:00.0;0,20
ALMIRANTE TAMANDARÉ;410040001A;PR;Centro;-25,31;-49,298;2025-03-17 23:20:00.0;0,00
ALMIRANTE TAMANDARÉ;410040001A;PR;Centro;-25,31;-49,298;2025-03-17 23:30:00.0;0,20
ALMIRANTE TAMANDARÉ;410040001A;PR;Centro;-25,31;-49,298;2025-03-18 00:20:00.0;0,00
ALMIRANTE TAMANDARÉ;410040001A;PR;Centro;-25,31;-49,298;2025-03-18 01:20:00.0;0,00
ALMIRANTE TAMANDARÉ;410040001A;PR;Centro;-25,31;-49,298;2025-03-18 01:30:00.0;0,20
ALMIRANTE TAMANDARÉ;410040001A;PR;Centro;-25,31;-49,298;2025-03-18 02:20:00.0;0,00
ALMIRANTE TAMANDARÉ;410040001A;PR;Centro;-25,31;-49,298;2025-03-18 02:40:00.0;0,20
ALMIRANTE TAMANDARÉ;410040001A;PR;Centro;-25,31;-49,298;2025-03-18 03:50:00.0;5,04
ALMIRANTE TAMANDARÉ;410040001A;PR;Centro;-25,31;-49,298;2025-03-18 04:20:00.0;0,00
ALMIRANTE TAMANDARÉ;410040001A;PR;Centro;-25,31;-49,298;2025-03-18 05:20:00.0;0,00
ALMIRANTE TAMANDARÉ;410040001A;PR;Centro;-25,31;-49,298;2025-03-18 06:20:00.0;0,20
ALMIRANTE TAMANDARÉ;410040001A;PR;Centro;-25,31;-49,298;2025-03-18 08:10:00.0;0,20
ALMIRANTE TAMANDARÉ;410040001A;PR;Centro;-25,31;-49,298;2025-03-18 08:20:00.0;0,20
ALMIRANTE TAMANDARÉ;410040001A;PR;Centro;-25,31;-49,298;2025-03-18 10:20:00.0;0,00
ALMIRANTE TAMANDARÉ;410040001A;PR;Centro;-25,31;-49,298;2025-03-18 11:20:00.0;0,63
ALMIRANTE TAMANDARÉ;410040001A;PR;Centro;-25,31;-49,298;2025-03-18 12:20:00.0;0,00
ALMIRANTE TAMANDARÉ;410040001A;PR;Centro;-25,31;-49,298;2025-03-18 13:20:00.0;0,00
ALMIRANTE TAMANDARÉ;410040001A;PR;Centro;-25,31;-49,298;2025-03-18 14:20:00.0;0,00
ALMIRANTE TAMANDARÉ;410040001A;PR;Centro;-25,31;-49,298;2025-03-18 17:20:00.0;0,00
ALMIRANTE TAMANDARÉ;410040001A;PR;Centro;-25,31;-49,298;2025-03-18 18:20:00.0;0,00
ALMIRANTE TAMANDARÉ;410040001A;PR;Centro;-25,31;-49,298;2025-03-18 19:00:00.0;0,39
ALMIRANTE TAMANDARÉ;410040001A;PR;Centro;-25,31;-49,298;2025-03-18 19:10:00.0;0,20
ALMIRANTE TAMANDARÉ;410040001A;PR;Centro;-25,31;-49,298;2025-03-18 19:30:00.0;0,20
ALMIRANTE TAMANDARÉ;410040001A;PR;Centro;-25,31;-49,298;2025-03-18 19:50:00.0;0,20
ALMIRANTE TAMANDARÉ;410040001A;PR;Centro;-25,31;-49,298;2025-03-18 20:20:00.0;0,20
ALMIRANTE TAMANDARÉ;410040001A;PR;Centro;-25,31;-49,298;2025-03-18 20:50:00.0;0,20
ALMIRANTE TAMANDARÉ;410040001A;PR;Centro;-25,31;-49,298;2025-03-18 21:20:00.0;0,20
ALMIRANTE TAMANDARÉ;410040001A;PR;Centro;-25,31;-49,298;2025-03-18 22:20:00.0;0,00
ALMIRANTE TAMANDARÉ;410040001A;PR;Centro;-25,31;-49,298;2025-03-18 23:20:00.0;0,00
ALMIRANTE TAMANDARÉ;410040001A;PR;Centro;-25,31;-49,298;2025-03-19 00:20:00.0;0,00
ALMIRANTE TAMANDARÉ;410040001A;PR;Centro;-25,31;-49,298;2025-03-19 01:20:00.0;0,00
ALMIRANTE TAMANDARÉ;410040001A;PR;Centro;-25,31;-49,298;2025-03-19 02:20:00.0;0,00
ALMIRANTE TAMANDARÉ;410040001A;PR;Centro;-25,31;-49,298;2025-03-19 03:20:00.0;0,00
ALMIRANTE TAMANDARÉ;410040001A;PR;Centro;-25,31;-49,298;2025-03-19 04:20:00.0;0,00
ALMIRANTE TAMANDARÉ;410040001A;PR;Centro;-25,31;-49,298;2025-03-19 05:20:00.0;0,00
ALMIRANTE TAMANDARÉ;410040001A;PR;Centro;-25,31;-49,298;2025-03-19 06:20:00.0;0,00
ALMIRANTE TAMANDARÉ;410040001A;PR;Centro;-25,31;-49,298;2025-03-19 07:20:00.0;0,00
ALMIRANTE TAMANDARÉ;410040001A;PR;Centro;-25,31;-49,298;2025-03-19 08:20:00.0;0,00
ALMIRANTE TAMANDARÉ;410040001A;PR;Centro;-25,31;-49,298;2025-03-19 09:00:00.0;0,20
ALMIRANTE TAMANDARÉ;410040001A;PR;Centro;-25,31;-49,298;2025-03-19 09:10:00.0;0,39
ALMIRANTE TAMANDARÉ;410040001A;PR;Centro;-25,31;-49,298;2025-03-19 10:00:00.0;0,20
ALMIRANTE TAMANDARÉ;410040001A;PR;Centro;-25,31;-49,298;2025-03-19 10:50:00.0;0,20
ALMIRANTE TAMANDARÉ;410040001A;PR;Centro;-25,31;-49,298;2025-03-19 12:40:00.0;0,20
ALMIRANTE TAMANDARÉ;410040001A;PR;Centro;-25,31;-49,298;2025-03-19 14:20:00.0;0,00
ALMIRANTE TAMANDARÉ;410040001A;PR;Centro;-25,31;-49,298;2025-03-19 15:20:00.0;0,00
ALMIRANTE TAMANDARÉ;410040001A;PR;Centro;-25,31;-49,298;2025-03-19 16:20:00.0;0,00
ALMIRANTE TAMANDARÉ;410040001A;PR;Centro;-25,31;-49,298;2025-03-19 17:20:00.0;0,00
ALMIRANTE TAMANDARÉ;410040001A;PR;Centro;-25,31;-49,298;2025-03-19 18:20:00.0;0,00
ALMIRANTE TAMANDARÉ;410040001A;PR;Centro;-25,31;-49,298;2025-03-19 19:20:00.0;0,00
ALMIRANTE TAMANDARÉ;410040001A;PR;Centro;-25,31;-49,298;2025-03-19 20:20:00.0;0,00
ALMIRANTE TAMANDARÉ;410040001A;PR;Centro;-25,31;-49,298;2025-03-19 21:20:00.0;0,00
ALMIRANTE TAMANDARÉ;410040001A;PR;Centro;-25,31;-49,298;2025-03-19 22:20:00.0;0,00
ALMIRANTE TAMANDARÉ;410040001A;PR;Centro;-25,31;-49,298;2025-03-19 23:20:00.0;0,00
ALMIRANTE TAMANDARÉ;410040001A;PR;Centro;-25,31;-49,298;2025-03-20 00:20:00.0;0,00
ALMIRANTE TAMANDARÉ;410040001A;PR;Centro;-25,31;-49,298;2025-03-20 01:20:00.0;0,00
ALMIRANTE TAMANDARÉ;410040001A;PR;Centro;-25,31;-49,298;2025-03-20 02:30:00.0;0,20
ALMIRANTE TAMANDARÉ;410040001A;PR;Centro;-25,31;-49,298;2025-03-20 03:30:00.0;0,20
ALMIRANTE TAMANDARÉ;410040001A;PR;Centro;-25,31;-49,298;2025-03-20 05:20:00.0;0,00
ALMIRANTE TAMANDARÉ;410040001A;PR;Centro;-25,31;-49,298;2025-03-20 06:20:00.0;0,00
ALMIRANTE TAMANDARÉ;410040001A;PR;Centro;-25,31;-49,298;2025-03-20 07:10:00.0;0,59
ALMIRANTE TAMANDARÉ;410040001A;PR;Centro;-25,31;-49,298;2025-03-20 07:20:00.0;0,00
ALMIRANTE TAMANDARÉ;410040001A;PR;Centro;-25,31;-49,298;2025-03-20 08:20:00.0;0,00
ALMIRANTE TAMANDARÉ;410040001A;PR;Centro;-25,31;-49,298;2025-03-20 09:20:00.0;0,00
ALMIRANTE TAMANDARÉ;410040001A;PR;Centro;-25,31;-49,298;2025-03-20 10:20:00.0;5,20
ALMIRANTE TAMANDARÉ;410040001A;PR;Centro;-25,31;-49,298;2025-03-20 11:00:00.0;0,98
ALMIRANTE TAMANDARÉ;410040001A;PR;Centro;-25,31;-49,298;2025-03-20 11:20:00.0;0,00
ALMIRANTE TAMANDARÉ;410040001A;PR;Centro;-25,31;-49,298;2025-03-20 11:40:00.0;0,20
ALMIRANTE TAMANDARÉ;410040001A;PR;Centro;-25,31;-49,298;2025-03-20 11:50:00.0;0,20
ALMIRANTE TAMANDARÉ;410040001A;PR;Centro;-25,31;-49,298;2025-03-20 12:20:00.0;0,00
ALMIRANTE TAMANDARÉ;410040001A;PR;Centro;-25,31;-49,298;2025-03-20 13:10:00.0;0,20
ALMIRANTE TAMANDARÉ;410040001A;PR;Centro;-25,31;-49,298;2025-03-20 13:30:00.0;0,20
ALMIRANTE TAMANDARÉ;410040001A;PR;Centro;-25,31;-49,298;2025-03-20 14:30:00.0;0,20
ALMIRANTE TAMANDARÉ;410040001A;PR;Centro;-25,31;-49,298;2025-03-20 16:20:00.0;0,00
ALMIRANTE TAMANDARÉ;410040001A;PR;Centro;-25,31;-49,298;2025-03-20 17:20:00.0;0,00
ALMIRANTE TAMANDARÉ;410040001A;PR;Centro;-25,31;-49,298;2025-03-20 18:20:00.0;0,00
ALMIRANTE TAMANDARÉ;410040001A;PR;Centro;-25,31;-49,298;2025-03-20 19:20:00.0;0,00
ALMIRANTE TAMANDARÉ;410040001A;PR;Centro;-25,31;-49,298;2025-03-20 20:20:00.0;0,00
ALMIRANTE TAMANDARÉ;410040001A;PR;Centro;-25,31;-49,298;2025-03-20 21:20:00.0;0,00
ALMIRANTE TAMANDARÉ;410040001A;PR;Centro;-25,31;-49,298;2025-03-20 22:20:00.0;0,00
ALMIRANTE TAMANDARÉ;410040001A;PR;Centro;-25,31;-49,298;2025-03-20 23:20:00.0;0,00
ALMIRANTE TAMANDARÉ;410040001A;PR;Centro;-25,31;-49,298;2025-03-20 23:50:00.0;0,82
ALMIRANTE TAMANDARÉ;410040001A;PR;Centro;-25,31;-49,298;2025-03-21 00:10:00.0;0,39
ALMIRANTE TAMANDARÉ;410040001A;PR;Centro;-25,31;-49,298;2025-03-21 00:20:00.0;0,00
ALMIRANTE TAMANDARÉ;410040001A;PR;Centro;-25,31;-49,298;2025-03-21 01:20:00.0;0,00
ALMIRANTE TAMANDARÉ;410040001A;PR;Centro;-25,31;-49,298;2025-03-21 02:20:00.0;0,00
ALMIRANTE TAMANDARÉ;410040001A;PR;Centro;-25,31;-49,298;2025-03-21 03:20:00.0;0,00
ALMIRANTE TAMANDARÉ;410040001A;PR;Centro;-25,31;-49,298;2025-03-21 04:20:00.0;0,00
ALMIRANTE TAMANDARÉ;410040001A;PR;Centro;-25,31;-49,298;2025-03-21 05:20:00.0;0,00
ALMIRANTE TAMANDARÉ;410040001A;PR;Centro;-25,31;-49,298;2025-03-21 06:20:00.0;0,00
ALMIRANTE TAMANDARÉ;410040001A;PR;Centro;-25,31;-49,298;2025-03-21 07:20:00.0;0,00
ALMIRANTE TAMANDARÉ;410040001A;PR;Centro;-25,31;-49,298;2025-03-21 08:20:00.0;0,00
ALMIRANTE TAMANDARÉ;410040001A;PR;Centro;-25,31;-49,298;2025-03-21 08:50:00.0;0,42
ALMIRANTE TAMANDARÉ;410040001A;PR;Centro;-25,31;-49,298;2025-03-21 09:20:00.0;0,00
ALMIRANTE TAMANDARÉ;410040001A;PR;Centro;-25,31;-49,298;2025-03-21 10:10:00.0;0,20
ALMIRANTE TAMANDARÉ;410040001A;PR;Centro;-25,31;-49,298;2025-03-21 10:20:00.0;2,36
ALMIRANTE TAMANDARÉ;410040001A;PR;Centro;-25,31;-49,298;2025-03-21 12:20:00.0;0,00
ALMIRANTE TAMANDARÉ;410040001A;PR;Centro;-25,31;-49,298;2025-03-21 13:20:00.0;0,00
ALMIRANTE TAMANDARÉ;410040001A;PR;Centro;-25,31;-49,298;2025-03-21 14:20:00.0;0,00
ALMIRANTE TAMANDARÉ;410040001A;PR;Centro;-25,31;-49,298;2025-03-21 15:20:00.0;0,00
ALMIRANTE TAMANDARÉ;410040001A;PR;Centro;-25,31;-49,298;2025-03-21 16:20:00.0;0,00
ALMIRANTE TAMANDARÉ;410040001A;PR;Centro;-25,31;-49,298;2025-03-21 17:20:00.0;0,00
ALMIRANTE TAMANDARÉ;410040001A;PR;Centro;-25,31;-49,298;2025-03-21 18:20:00.0;0,00
ALMIRANTE TAMANDARÉ;410040001A;PR;Centro;-25,31;-49,298;2025-03-21 19:20:00.0;0,00
ALMIRANTE TAMANDARÉ;410040001A;PR;Centro;-25,31;-49,298;2025-03-21 20:20:00.0;0,00
ALMIRANTE TAMANDARÉ;410040001A;PR;Centro;-25,31;-49,298;2025-03-21 21:20:00.0;0,00
ALMIRANTE TAMANDARÉ;410040001A;PR;Centro;-25,31;-49,298;2025-03-21 22:20:00.0;0,00
ALMIRANTE TAMANDARÉ;410040001A;PR;Centro;-25,31;-49,298;2025-03-21 23:20:00.0;0,00
ALMIRANTE TAMANDARÉ;410040001A;PR;Centro;-25,31;-49,298;2025-03-22 00:20:00.0;0,00
ALMIRANTE TAMANDARÉ;410040001A;PR;Centro;-25,31;-49,298;2025-03-22 01:20:00.0;0,00
ALMIRANTE TAMANDARÉ;410040001A;PR;Centro;-25,31;-49,298;2025-03-22 01:40:00.0;0,20
ALMIRANTE TAMANDARÉ;410040001A;PR;Centro;-25,31;-49,298;2025-03-22 03:20:00.0;0,00
ALMIRANTE TAMANDARÉ;410040001A;PR;Centro;-25,31;-49,298;2025-03-22 04:00:00.0;0,41
ALMIRANTE TAMANDARÉ;410040001A;PR;Centro;-25,31;-49,298;2025-03-22 04:20:00.0;0,00
ALMIRANTE TAMANDARÉ;410040001A;PR;Centro;-25,31;-49,298;2025-03-22 05:20:00.0;0,00
ALMIRANTE TAMANDARÉ;410040001A;PR;Centro;-25,31;-49,298;2025-03-22 06:20:00.0;0,00
ALMIRANTE TAMANDARÉ;410040001A;PR;Centro;-25,31;-49,298;2025-03-22 07:20:00.0;0,00
ALMIRANTE TAMANDARÉ;410040001A;PR;Centro;-25,31;-49,298;2025-03-22 08:20:00.0;0,00
ALMIRANTE TAMANDARÉ;410040001A;PR;Centro;-25,31;-49,298;2025-03-22 09:20:00.0;0,00
ALMIRANTE TAMANDARÉ;410040001A;PR;Centro;-25,31;-49,298;2025-03-22 10:20:00.0;0,20
ALMIRANTE TAMANDARÉ;410040001A;PR;Centro;-25,31;-49,298;2025-03-22 12:20:00.0;0,00
ALMIRANTE TAMANDARÉ;410040001A;PR;Centro;-25,31;-49,298;2025-03-22 13:20:00.0;0,00
ALMIRANTE TAMANDARÉ;410040001A;PR;Centro;-25,31;-49,298;2025-03-22 14:20:00.0;0,00
ALMIRANTE TAMANDARÉ;410040001A;PR;Centro;-25,31;-49,298;2025-03-22 15:20:00.0;0,00
ALMIRANTE TAMANDARÉ;410040001A;PR;Centro;-25,31;-49,298;2025-03-22 16:20:00.0;0,00
ALMIRANTE TAMANDARÉ;410040001A;PR;Centro;-25,31;-49,298;2025-03-22 17:20:00.0;0,00
ALMIRANTE TAMANDARÉ;410040001A;PR;Centro;-25,31;-49,298;2025-03-22 18:20:00.0;0,00
ALMIRANTE TAMANDARÉ;410040001A;PR;Centro;-25,31;-49,298;2025-03-22 19:20:00.0;0,00
ALMIRANTE TAMANDARÉ;410040001A;PR;Centro;-25,31;-49,298;2025-03-22 20:20:00.0;0,00
ALMIRANTE TAMANDARÉ;410040001A;PR;Centro;-25,31;-49,298;2025-03-22 21:20:00.0;0,00
ALMIRANTE TAMANDARÉ;410040001A;PR;Centro;-25,31;-49,298;2025-03-22 22:20:00.0;0,00
ALMIRANTE TAMANDARÉ;410040001A;PR;Centro;-25,31;-49,298;2025-03-22 23:20:00.0;0,00
ALMIRANTE TAMANDARÉ;410040001A;PR;Centro;-25,31;-49,298;2025-03-23 00:20:00.0;0,00
ALMIRANTE TAMANDARÉ;410040001A;PR;Centro;-25,31;-49,298;2025-03-23 02:20:00.0;0,00
ALMIRANTE TAMANDARÉ;410040001A;PR;Centro;-25,31;-49,298;2025-03-23 03:20:00.0;0,00
ALMIRANTE TAMANDARÉ;410040001A;PR;Centro;-25,31;-49,298;2025-03-23 04:20:00.0;0,00
ALMIRANTE TAMANDARÉ;410040001A;PR;Centro;-25,31;-49,298;2025-03-23 05:20:00.0;0,00
ALMIRANTE TAMANDARÉ;410040001A;PR;Centro;-25,31;-49,298;2025-03-23 06:20:00.0;0,00
ALMIRANTE TAMANDARÉ;410040001A;PR;Centro;-25,31;-49,298;2025-03-23 07:20:00.0;0,00
ALMIRANTE TAMANDARÉ;410040001A;PR;Centro;-25,31;-49,298;2025-03-23 08:20:00.0;0,00
ALMIRANTE TAMANDARÉ;410040001A;PR;Centro;-25,31;-49,298;2025-03-23 09:20:00.0;0,00
ALMIRANTE TAMANDARÉ;410040001A;PR;Centro;-25,31;-49,298;2025-03-23 10:20:00.0;0,00
ALMIRANTE TAMANDARÉ;410040001A;PR;Centro;-25,31;-49,298;2025-03-23 11:20:00.0;0,00
ALMIRANTE TAMANDARÉ;410040001A;PR;Centro;-25,31;-49,298;2025-03-23 12:20:00.0;0,00
ALMIRANTE TAMANDARÉ;410040001A;PR;Centro;-25,31;-49,298;2025-03-23 13:20:00.0;0,00
ALMIRANTE TAMANDARÉ;410040001A;PR;Centro;-25,31;-49,298;2025-03-23 14:20:00.0;0,00
ALMIRANTE TAMANDARÉ;410040001A;PR;Centro;-25,31;-49,298;2025-03-23 15:20:00.0;0,00
ALMIRANTE TAMANDARÉ;410040001A;PR;Centro;-25,31;-49,298;2025-03-23 16:20:00.0;0,00
ALMIRANTE TAMANDARÉ;410040001A;PR;Centro;-25,31;-49,298;2025-03-23 17:20:00.0;0,00
ALMIRANTE TAMANDARÉ;410040001A;PR;Centro;-25,31;-49,298;2025-03-23 18:20:00.0;0,00
ALMIRANTE TAMANDARÉ;410040001A;PR;Centro;-25,31;-49,298;2025-03-23 19:20:00.0;0,00
ALMIRANTE TAMANDARÉ;410040001A;PR;Centro;-25,31;-49,298;2025-03-23 20:20:00.0;0,00
ALMIRANTE TAMANDARÉ;410040001A;PR;Centro;-25,31;-49,298;2025-03-23 21:20:00.0;0,00
ALMIRANTE TAMANDARÉ;410040001A;PR;Centro;-25,31;-49,298;2025-03-23 22:20:00.0;0,00
ALMIRANTE TAMANDARÉ;410040001A;PR;Centro;-25,31;-49,298;2025-03-23 23:20:00.0;0,00
ALMIRANTE TAMANDARÉ;410040001A;PR;Centro;-25,31;-49,298;2025-03-24 00:20:00.0;0,00
ALMIRANTE TAMANDARÉ;410040001A;PR;Centro;-25,31;-49,298;2025-03-24 01:20:00.0;0,00
ALMIRANTE TAMANDARÉ;410040001A;PR;Centro;-25,31;-49,298;2025-03-24 02:20:00.0;0,00
ALMIRANTE TAMANDARÉ;410040001A;PR;Centro;-25,31;-49,298;2025-03-24 03:00:00.0;0,20
ALMIRANTE TAMANDARÉ;410040001A;PR;Centro;-25,31;-49,298;2025-03-24 04:20:00.0;0,00
ALMIRANTE TAMANDARÉ;410040001A;PR;Centro;-25,31;-49,298;2025-03-24 05:20:00.0;0,20
ALMIRANTE TAMANDARÉ;410040001A;PR;Centro;-25,31;-49,298;2025-03-24 06:20:00.0;0,20
ALMIRANTE TAMANDARÉ;410040001A;PR;Centro;-25,31;-49,298;2025-03-24 06:40:00.0;0,42
ALMIRANTE TAMANDARÉ;410040001A;PR;Centro;-25,31;-49,298;2025-03-24 08:10:00.0;0,42
ALMIRANTE TAMANDARÉ;410040001A;PR;Centro;-25,31;-49,298;2025-03-24 08:20:00.0;0,00
ALMIRANTE TAMANDARÉ;410040001A;PR;Centro;-25,31;-49,298;2025-03-24 09:20:00.0;0,00
ALMIRANTE TAMANDARÉ;410040001A;PR;Centro;-25,31;-49,298;2025-03-24 10:20:00.0;0,20
ALMIRANTE TAMANDARÉ;410040001A;PR;Centro;-25,31;-49,298;2025-03-24 12:20:00.0;0,00
ALMIRANTE TAMANDARÉ;410040001A;PR;Centro;-25,31;-49,298;2025-03-24 12:40:00.0;0,20
ALMIRANTE TAMANDARÉ;410040001A;PR;Centro;-25,31;-49,298;2025-03-24 14:20:00.0;0,00
ALMIRANTE TAMANDARÉ;410040001A;PR;Centro;-25,31;-49,298;2025-03-24 15:20:00.0;0,00
ALMIRANTE TAMANDARÉ;410040001A;PR;Centro;-25,31;-49,298;2025-03-24 16:20:00.0;0,00
ALMIRANTE TAMANDARÉ;410040001A;PR;Centro;-25,31;-49,298;2025-03-24 17:20:00.0;0,00
ALMIRANTE TAMANDARÉ;410040001A;PR;Centro;-25,31;-49,298;2025-03-24 18:20:00.0;0,00
ALMIRANTE TAMANDARÉ;410040001A;PR;Centro;-25,31;-49,298;2025-03-24 19:20:00.0;0,00
ALMIRANTE TAMANDARÉ;410040001A;PR;Centro;-25,31;-49,298;2025-03-24 20:20:00.0;0,00
ALMIRANTE TAMANDARÉ;410040001A;PR;Centro;-25,31;-49,298;2025-03-24 21:20:00.0;0,00
ALMIRANTE TAMANDARÉ;410040001A;PR;Centro;-25,31;-49,298;2025-03-24 22:20:00.0;0,00
ALMIRANTE TAMANDARÉ;410040001A;PR;Centro;-25,31;-49,298;2025-03-24 23:20:00.0;0,00
ALMIRANTE TAMANDARÉ;410040001A;PR;Centro;-25,31;-49,298;2025-03-25 00:20:00.0;0,00
ALMIRANTE TAMANDARÉ;410040001A;PR;Centro;-25,31;-49,298;2025-03-25 01:20:00.0;0,00
ALMIRANTE TAMANDARÉ;410040001A;PR;Centro;-25,31;-49,298;2025-03-25 02:20:00.0;0,00
ALMIRANTE TAMANDARÉ;410040001A;PR;Centro;-25,31;-49,298;2025-03-25 03:20:00.0;0,00
ALMIRANTE TAMANDARÉ;410040001A;PR;Centro;-25,31;-49,298;2025-03-25 04:20:00.0;0,00
ALMIRANTE TAMANDARÉ;410040001A;PR;Centro;-25,31;-49,298;2025-03-25 05:20:00.0;0,20
ALMIRANTE TAMANDARÉ;410040001A;PR;Centro;-25,31;-49,298;2025-03-25 06:20:00.0;0,00
ALMIRANTE TAMANDARÉ;410040001A;PR;Centro;-25,31;-49,298;2025-03-25 07:20:00.0;0,00
ALMIRANTE TAMANDARÉ;410040001A;PR;Centro;-25,31;-49,298;2025-03-25 08:20:00.0;0,00
ALMIRANTE TAMANDARÉ;410040001A;PR;Centro;-25,31;-49,298;2025-03-25 08:30:00.0;0,39
ALMIRANTE TAMANDARÉ;410040001A;PR;Centro;-25,31;-49,298;2025-03-25 08:40:00.0;1,38
ALMIRANTE TAMANDARÉ;410040001A;PR;Centro;-25,31;-49,298;2025-03-25 09:20:00.0;0,00
ALMIRANTE TAMANDARÉ;410040001A;PR;Centro;-25,31;-49,298;2025-03-25 10:20:00.0;0,00
ALMIRANTE TAMANDARÉ;410040001A;PR;Centro;-25,31;-49,298;2025-03-25 11:10:00.0;0,20
ALMIRANTE TAMANDARÉ;410040001A;PR;Centro;-25,31;-49,298;2025-03-25 12:00:00.0;0,20
ALMIRANTE TAMANDARÉ;410040001A;PR;Centro;-25,31;-49,298;2025-03-25 13:20:00.0;0,00
ALMIRANTE TAMANDARÉ;410040001A;PR;Centro;-25,31;-49,298;2025-03-25 14:00:00.0;0,84
ALMIRANTE TAMANDARÉ;410040001A;PR;Centro;-25,31;-49,298;2025-03-25 14:20:00.0;0,00
ALMIRANTE TAMANDARÉ;410040001A;PR;Centro;-25,31;-49,298;2025-03-25 16:00:00.0;0,00
ALMIRANTE TAMANDARÉ;410040001A;PR;Centro;-25,31;-49,298;2025-03-25 16:20:00.0;0,00
ALMIRANTE TAMANDARÉ;410040001A;PR;Centro;-25,31;-49,298;2025-03-25 17:20:00.0;0,00
ALMIRANTE TAMANDARÉ;410040001A;PR;Centro;-25,31;-49,298;2025-03-25 18:20:00.0;0,00
ALMIRANTE TAMANDARÉ;410040001A;PR;Centro;-25,31;-49,298;2025-03-25 19:20:00.0;0,00
ALMIRANTE TAMANDARÉ;410040001A;PR;Centro;-25,31;-49,298;2025-03-25 20:20:00.0;0,00
ALMIRANTE TAMANDARÉ;410040001A;PR;Centro;-25,31;-49,298;2025-03-25 21:20:00.0;0,00
ALMIRANTE TAMANDARÉ;410040001A;PR;Centro;-25,31;-49,298;2025-03-25 22:20:00.0;0,00
ALMIRANTE TAMANDARÉ;410040001A;PR;Centro;-25,31;-49,298;2025-03-25 23:20:00.0;0,00
ALMIRANTE TAMANDARÉ;410040001A;PR;Centro;-25,31;-49,298;2025-03-26 00:20:00.0;0,20
ALMIRANTE TAMANDARÉ;410040001A;PR;Centro;-25,31;-49,298;2025-03-26 01:20:00.0;0,00
ALMIRANTE TAMANDARÉ;410040001A;PR;Centro;-25,31;-49,298;2025-03-26 02:20:00.0;0,00
ALMIRANTE TAMANDARÉ;410040001A;PR;Centro;-25,31;-49,298;2025-03-26 02:50:00.0;0,20
ALMIRANTE TAMANDARÉ;410040001A;PR;Centro;-25,31;-49,298;2025-03-26 03:00:00.0;0,79
ALMIRANTE TAMANDARÉ;410040001A;PR;Centro;-25,31;-49,298;2025-03-26 03:10:00.0;0,79
ALMIRANTE TAMANDARÉ;410040001A;PR;Centro;-25,31;-49,298;2025-03-26 03:20:00.0;0,39
ALMIRANTE TAMANDARÉ;410040001A;PR;Centro;-25,31;-49,298;2025-03-26 03:30:00.0;0,39
ALMIRANTE TAMANDARÉ;410040001A;PR;Centro;-25,31;-49,298;2025-03-26 03:40:00.0;1,02
ALMIRANTE TAMANDARÉ;410040001A;PR;Centro;-25,31;-49,298;2025-03-26 04:20:00.0;0,00
ALMIRANTE TAMANDARÉ;410040001A;PR;Centro;-25,31;-49,298;2025-03-26 04:40:00.0;0,59
ALMIRANTE TAMANDARÉ;410040001A;PR;Centro;-25,31;-49,298;2025-03-26 04:50:00.0;1,18
ALMIRANTE TAMANDARÉ;410040001A;PR;Centro;-25,31;-49,298;2025-03-26 05:00:00.0;1,18
ALMIRANTE TAMANDARÉ;410040001A;PR;Centro;-25,31;-49,298;2025-03-26 05:10:00.0;0,98
ALMIRANTE TAMANDARÉ;410040001A;PR;Centro;-25,31;-49,298;2025-03-26 05:20:00.0;1,18
ALMIRANTE TAMANDARÉ;410040001A;PR;Centro;-25,31;-49,298;2025-03-26 05:30:00.0;0,79
ALMIRANTE TAMANDARÉ;410040001A;PR;Centro;-25,31;-49,298;2025-03-26 05:40:00.0;0,98
ALMIRANTE TAMANDARÉ;410040001A;PR;Centro;-25,31;-49,298;2025-03-26 05:50:00.0;0,79
ALMIRANTE TAMANDARÉ;410040001A;PR;Centro;-25,31;-49,298;2025-03-26 06:00:00.0;0,59
ALMIRANTE TAMANDARÉ;410040001A;PR;Centro;-25,31;-49,298;2025-03-26 06:10:00.0;0,59
ALMIRANTE TAMANDARÉ;410040001A;PR;Centro;-25,31;-49,298;2025-03-26 06:20:00.0;0,59
ALMIRANTE TAMANDARÉ;410040001A;PR;Centro;-25,31;-49,298;2025-03-26 06:30:00.0;0,59
ALMIRANTE TAMANDARÉ;410040001A;PR;Centro;-25,31;-49,298;2025-03-26 06:40:00.0;0,20
ALMIRANTE TAMANDARÉ;410040001A;PR;Centro;-25,31;-49,298;2025-03-26 06:50:00.0;0,39
ALMIRANTE TAMANDARÉ;410040001A;PR;Centro;-25,31;-49,298;2025-03-26 07:00:00.0;3,55
ALMIRANTE TAMANDARÉ;410040001A;PR;Centro;-25,31;-49,298;2025-03-26 07:10:00.0;1,77
ALMIRANTE TAMANDARÉ;410040001A;PR;Centro;-25,31;-49,298;2025-03-26 07:20:00.0;0,00
ALMIRANTE TAMANDARÉ;410040001A;PR;Centro;-25,31;-49,298;2025-03-26 08:20:00.0;0,00
ALMIRANTE TAMANDARÉ;410040001A;PR;Centro;-25,31;-49,298;2025-03-26 09:20:00.0;0,00
ALMIRANTE TAMANDARÉ;410040001A;PR;Centro;-25,31;-49,298;2025-03-26 10:20:00.0;0,00
ALMIRANTE TAMANDARÉ;410040001A;PR;Centro;-25,31;-49,298;2025-03-26 11:10:00.0;3,35
ALMIRANTE TAMANDARÉ;410040001A;PR;Centro;-25,31;-49,298;2025-03-26 11:20:00.0;1,40
ALMIRANTE TAMANDARÉ;410040001A;PR;Centro;-25,31;-49,298;2025-03-26 12:00:00.0;0,20
ALMIRANTE TAMANDARÉ;410040001A;PR;Centro;-25,31;-49,298;2025-03-26 13:00:00.0;0,20
ALMIRANTE TAMANDARÉ;410040001A;PR;Centro;-25,31;-49,298;2025-03-26 14:20:00.0;0,00
ALMIRANTE TAMANDARÉ;410040001A;PR;Centro;-25,31;-49,298;2025-03-26 15:20:00.0;0,00
ALMIRANTE TAMANDARÉ;410040001A;PR;Centro;-25,31;-49,298;2025-03-26 16:20:00.0;0,00
ALMIRANTE TAMANDARÉ;410040001A;PR;Centro;-25,31;-49,298;2025-03-26 17:20:00.0;0,00
ALMIRANTE TAMANDARÉ;410040001A;PR;Centro;-25,31;-49,298;2025-03-26 18:20:00.0;0,00
ALMIRANTE TAMANDARÉ;410040001A;PR;Centro;-25,31;-49,298;2025-03-26 19:20:00.0;0,00
ALMIRANTE TAMANDARÉ;410040001A;PR;Centro;-25,31;-49,298;2025-03-26 20:20:00.0;0,00
ALMIRANTE TAMANDARÉ;410040001A;PR;Centro;-25,31;-49,298;2025-03-26 21:20:00.0;0,00
ALMIRANTE TAMANDARÉ;410040001A;PR;Centro;-25,31;-49,298;2025-03-26 22:20:00.0;0,00
ALMIRANTE TAMANDARÉ;410040001A;PR;Centro;-25,31;-49,298;2025-03-26 23:20:00.0;0,00
ALMIRANTE TAMANDARÉ;410040001A;PR;Centro;-25,31;-49,298;2025-03-27 00:20:00.0;0,00
ALMIRANTE TAMANDARÉ;410040001A;PR;Centro;-25,31;-49,298;2025-03-27 01:20:00.0;0,00
ALMIRANTE TAMANDARÉ;410040001A;PR;Centro;-25,31;-49,298;2025-03-27 02:20:00.0;0,20
ALMIRANTE TAMANDARÉ;410040001A;PR;Centro;-25,31;-49,298;2025-03-27 02:30:00.0;1,18
ALMIRANTE TAMANDARÉ;410040001A;PR;Centro;-25,31;-49,298;2025-03-27 03:20:00.0;0,00
ALMIRANTE TAMANDARÉ;410040001A;PR;Centro;-25,31;-49,298;2025-03-27 04:20:00.0;0,00
ALMIRANTE TAMANDARÉ;410040001A;PR;Centro;-25,31;-49,298;2025-03-27 05:20:00.0;0,00
ALMIRANTE TAMANDARÉ;410040001A;PR;Centro;-25,31;-49,298;2025-03-27 06:20:00.0;0,00
ALMIRANTE TAMANDARÉ;410040001A;PR;Centro;-25,31;-49,298;2025-03-27 07:20:00.0;0,00
ALMIRANTE TAMANDARÉ;410040001A;PR;Centro;-25,31;-49,298;2025-03-27 08:20:00.0;0,00
ALMIRANTE TAMANDARÉ;410040001A;PR;Centro;-25,31;-49,298;2025-03-27 09:20:00.0;0,00
ALMIRANTE TAMANDARÉ;410040001A;PR;Centro;-25,31;-49,298;2025-03-27 10:20:00.0;0,00
ALMIRANTE TAMANDARÉ;410040001A;PR;Centro;-25,31;-49,298;2025-03-27 11:10:00.0;0,20
ALMIRANTE TAMANDARÉ;410040001A;PR;Centro;-25,31;-49,298;2025-03-27 12:20:00.0;0,00
ALMIRANTE TAMANDARÉ;410040001A;PR;Centro;-25,31;-49,298;2025-03-27 13:20:00.0;0,00
ALMIRANTE TAMANDARÉ;410040001A;PR;Centro;-25,31;-49,298;2025-03-27 14:20:00.0;0,00
ALMIRANTE TAMANDARÉ;410040001A;PR;Centro;-25,31;-49,298;2025-03-27 15:20:00.0;0,00
ALMIRANTE TAMANDARÉ;410040001A;PR;Centro;-25,31;-49,298;2025-03-27 16:20:00.0;0,00
ALMIRANTE TAMANDARÉ;410040001A;PR;Centro;-25,31;-49,298;2025-03-27 17:20:00.0;0,00
ALMIRANTE TAMANDARÉ;410040001A;PR;Centro;-25,31;-49,298;2025-03-27 18:20:00.0;0,00
ALMIRANTE TAMANDARÉ;410040001A;PR;Centro;-25,31;-49,298;2025-03-27 19:20:00.0;0,00
ALMIRANTE TAMANDARÉ;410040001A;PR;Centro;-25,31;-49,298;2025-03-27 20:20:00.0;0,00
ALMIRANTE TAMANDARÉ;410040001A;PR;Centro;-25,31;-49,298;2025-03-27 21:20:00.0;0,00
ALMIRANTE TAMANDARÉ;410040001A;PR;Centro;-25,31;-49,298;2025-03-27 22:20:00.0;0,00
ALMIRANTE TAMANDARÉ;410040001A;PR;Centro;-25,31;-49,298;2025-03-27 23:20:00.0;0,00
ALMIRANTE TAMANDARÉ;410040001A;PR;Centro;-25,31;-49,298;2025-03-27 23:40:00.0;1,79
ALMIRANTE TAMANDARÉ;410040001A;PR;Centro;-25,31;-49,298;2025-03-27 23:50:00.0;0,42
ALMIRANTE TAMANDARÉ;410040001A;PR;Centro;-25,31;-49,298;2025-03-28 00:00:00.0;0,42
ALMIRANTE TAMANDARÉ;410040001A;PR;Centro;-25,31;-49,298;2025-03-28 00:20:00.0;3,35
ALMIRANTE TAMANDARÉ;410040001A;PR;Centro;-25,31;-49,298;2025-03-28 00:30:00.0;0,79
ALMIRANTE TAMANDARÉ;410040001A;PR;Centro;-25,31;-49,298;2025-03-28 01:20:00.0;0,00
ALMIRANTE TAMANDARÉ;410040001A;PR;Centro;-25,31;-49,298;2025-03-28 01:30:00.0;2,56
ALMIRANTE TAMANDARÉ;410040001A;PR;Centro;-25,31;-49,298;2025-03-28 02:00:00.0;0,20
ALMIRANTE TAMANDARÉ;410040001A;PR;Centro;-25,31;-49,298;2025-03-28 02:20:00.0;5,19
ALMIRANTE TAMANDARÉ;410040001A;PR;Centro;-25,31;-49,298;2025-03-28 02:30:00.0;1,18
ALMIRANTE TAMANDARÉ;410040001A;PR;Centro;-25,31;-49,298;2025-03-28 02:50:00.0;0,20
ALMIRANTE TAMANDARÉ;410040001A;PR;Centro;-25,31;-49,298;2025-03-28 03:50:00.0;8,06
ALMIRANTE TAMANDARÉ;410040001A;PR;Centro;-25,31;-49,298;2025-03-28 04:00:00.0;6,11
ALMIRANTE TAMANDARÉ;410040001A;PR;Centro;-25,31;-49,298;2025-03-28 04:20:00.0;0,39
ALMIRANTE TAMANDARÉ;410040001A;PR;Centro;-25,31;-49,298;2025-03-28 05:20:00.0;0,00
ALMIRANTE TAMANDARÉ;410040001A;PR;Centro;-25,31;-49,298;2025-03-28 06:20:00.0;0,00
ALMIRANTE TAMANDARÉ;410040001A;PR;Centro;-25,31;-49,298;2025-03-28 07:20:00.0;0,00
ALMIRANTE TAMANDARÉ;410040001A;PR;Centro;-25,31;-49,298;2025-03-28 08:20:00.0;0,00
ALMIRANTE TAMANDARÉ;410040001A;PR;Centro;-25,31;-49,298;2025-03-28 09:20:00.0;0,00
ALMIRANTE TAMANDARÉ;410040001A;PR;Centro;-25,31;-49,298;2025-03-28 10:20:00.0;0,00
ALMIRANTE TAMANDARÉ;410040001A;PR;Centro;-25,31;-49,298;2025-03-28 10:30:00.0;0,20
ALMIRANTE TAMANDARÉ;410040001A;PR;Centro;-25,31;-49,298;2025-03-28 11:00:00.0;0,20
ALMIRANTE TAMANDARÉ;410040001A;PR;Centro;-25,31;-49,298;2025-03-28 11:50:00.0;0,20
ALMIRANTE TAMANDARÉ;410040001A;PR;Centro;-25,31;-49,298;2025-03-28 13:20:00.0;0,00
ALMIRANTE TAMANDARÉ;410040001A;PR;Centro;-25,31;-49,298;2025-03-28 14:20:00.0;0,00
ALMIRANTE TAMANDARÉ;410040001A;PR;Centro;-25,31;-49,298;2025-03-28 15:20:00.0;0,00
ALMIRANTE TAMANDARÉ;410040001A;PR;Centro;-25,31;-49,298;2025-03-28 16:20:00.0;0,00
ALMIRANTE TAMANDARÉ;410040001A;PR;Centro;-25,31;-49,298;2025-03-28 17:20:00.0;0,00
ALMIRANTE TAMANDARÉ;410040001A;PR;Centro;-25,31;-49,298;2025-03-28 18:20:00.0;0,00
ALMIRANTE TAMANDARÉ;410040001A;PR;Centro;-25,31;-49,298;2025-03-28 19:20:00.0;0,00
ALMIRANTE TAMANDARÉ;410040001A;PR;Centro;-25,31;-49,298;2025-03-28 20:20:00.0;0,00
ALMIRANTE TAMANDARÉ;410040001A;PR;Centro;-25,31;-49,298;2025-03-28 21:20:00.0;0,00
ALMIRANTE TAMANDARÉ;410040001A;PR;Centro;-25,31;-49,298;2025-03-28 22:20:00.0;0,00
ALMIRANTE TAMANDARÉ;410040001A;PR;Centro;-25,31;-49,298;2025-03-28 23:20:00.0;0,00
ALMIRANTE TAMANDARÉ;410040001A;PR;Centro;-25,31;-49,298;2025-03-29 00:20:00.0;0,00
ALMIRANTE TAMANDARÉ;410040001A;PR;Centro;-25,31;-49,298;2025-03-29 01:20:00.0;0,00
ALMIRANTE TAMANDARÉ;410040001A;PR;Centro;-25,31;-49,298;2025-03-29 02:10:00.0;0,20
ALMIRANTE TAMANDARÉ;410040001A;PR;Centro;-25,31;-49,298;2025-03-29 02:20:00.0;0,42
ALMIRANTE TAMANDARÉ;410040001A;PR;Centro;-25,31;-49,298;2025-03-29 03:20:00.0;0,00
ALMIRANTE TAMANDARÉ;410040001A;PR;Centro;-25,31;-49,298;2025-03-29 03:30:00.0;0,20
ALMIRANTE TAMANDARÉ;410040001A;PR;Centro;-25,31;-49,298;2025-03-29 05:20:00.0;0,00
ALMIRANTE TAMANDARÉ;410040001A;PR;Centro;-25,31;-49,298;2025-03-29 06:20:00.0;0,00
ALMIRANTE TAMANDARÉ;410040001A;PR;Centro;-25,31;-49,298;2025-03-29 07:20:00.0;0,00
ALMIRANTE TAMANDARÉ;410040001A;PR;Centro;-25,31;-49,298;2025-03-29 08:20:00.0;0,00
ALMIRANTE TAMANDARÉ;410040001A;PR;Centro;-25,31;-49,298;2025-03-29 09:20:00.0;0,00
ALMIRANTE TAMANDARÉ;410040001A;PR;Centro;-25,31;-49,298;2025-03-29 10:20:00.0;0,00
ALMIRANTE TAMANDARÉ;410040001A;PR;Centro;-25,31;-49,298;2025-03-29 10:40:00.0;0,20
ALMIRANTE TAMANDARÉ;410040001A;PR;Centro;-25,31;-49,298;2025-03-29 12:20:00.0;0,00
ALMIRANTE TAMANDARÉ;410040001A;PR;Centro;-25,31;-49,298;2025-03-29 13:20:00.0;0,00
ALMIRANTE TAMANDARÉ;410040001A;PR;Centro;-25,31;-49,298;2025-03-29 14:20:00.0;0,00
ALMIRANTE TAMANDARÉ;410040001A;PR;Centro;-25,31;-49,298;2025-03-29 15:20:00.0;0,00
ALMIRANTE TAMANDARÉ;410040001A;PR;Centro;-25,31;-49,298;2025-03-29 16:20:00.0;0,00
ALMIRANTE TAMANDARÉ;410040001A;PR;Centro;-25,31;-49,298;2025-03-29 17:20:00.0;0,00
ALMIRANTE TAMANDARÉ;410040001A;PR;Centro;-25,31;-49,298;2025-03-29 18:20:00.0;0,00
ALMIRANTE TAMANDARÉ;410040001A;PR;Centro;-25,31;-49,298;2025-03-29 19:20:00.0;0,00
ALMIRANTE TAMANDARÉ;410040001A;PR;Centro;-25,31;-49,298;2025-03-29 20:10:00.0;0,39
ALMIRANTE TAMANDARÉ;410040001A;PR;Centro;-25,31;-49,298;2025-03-29 20:20:00.0;0,98
ALMIRANTE TAMANDARÉ;410040001A;PR;Centro;-25,31;-49,298;2025-03-29 20:30:00.0;0,20
ALMIRANTE TAMANDARÉ;410040001A;PR;Centro;-25,31;-49,298;2025-03-29 20:40:00.0;0,20
ALMIRANTE TAMANDARÉ;410040001A;PR;Centro;-25,31;-49,298;2025-03-29 20:50:00.0;0,20
ALMIRANTE TAMANDARÉ;410040001A;PR;Centro;-25,31;-49,298;2025-03-29 21:00:00.0;0,20
ALMIRANTE TAMANDARÉ;410040001A;PR;Centro;-25,31;-49,298;2025-03-29 21:10:00.0;0,20
ALMIRANTE TAMANDARÉ;410040001A;PR;Centro;-25,31;-49,298;2025-03-29 21:20:00.0;0,20
ALMIRANTE TAMANDARÉ;410040001A;PR;Centro;-25,31;-49,298;2025-03-29 21:30:00.0;0,20
ALMIRANTE TAMANDARÉ;410040001A;PR;Centro;-25,31;-49,298;2025-03-29 21:50:00.0;0,20
ALMIRANTE TAMANDARÉ;410040001A;PR;Centro;-25,31;-49,298;2025-03-29 22:00:00.0;0,20
ALMIRANTE TAMANDARÉ;410040001A;PR;Centro;-25,31;-49,298;2025-03-29 22:10:00.0;0,20
ALMIRANTE TAMANDARÉ;410040001A;PR;Centro;-25,31;-49,298;2025-03-29 22:20:00.0;0,20
ALMIRANTE TAMANDARÉ;410040001A;PR;Centro;-25,31;-49,298;2025-03-29 22:30:00.0;0,20
ALMIRANTE TAMANDARÉ;410040001A;PR;Centro;-25,31;-49,298;2025-03-29 22:50:00.0;0,20
ALMIRANTE TAMANDARÉ;410040001A;PR;Centro;-25,31;-49,298;2025-03-29 23:00:00.0;0,20
ALMIRANTE TAMANDARÉ;410040001A;PR;Centro;-25,31;-49,298;2025-03-29 23:10:00.0;0,20
ALMIRANTE TAMANDARÉ;410040001A;PR;Centro;-25,31;-49,298;2025-03-29 23:20:00.0;0,20
ALMIRANTE TAMANDARÉ;410040001A;PR;Centro;-25,31;-49,298;2025-03-29 23:40:00.0;0,20
ALMIRANTE TAMANDARÉ;410040001A;PR;Centro;-25,31;-49,298;2025-03-30 00:00:00.0;0,20
ALMIRANTE TAMANDARÉ;410040001A;PR;Centro;-25,31;-49,298;2025-03-30 00:20:00.0;0,20
ALMIRANTE TAMANDARÉ;410040001A;PR;Centro;-25,31;-49,298;2025-03-30 00:40:00.0;0,20
ALMIRANTE TAMANDARÉ;410040001A;PR;Centro;-25,31;-49,298;2025-03-30 00:50:00.0;0,20
ALMIRANTE TAMANDARÉ;410040001A;PR;Centro;-25,31;-49,298;2025-03-30 01:10:00.0;0,20
ALMIRANTE TAMANDARÉ;410040001A;PR;Centro;-25,31;-49,298;2025-03-30 01:20:00.0;0,20
ALMIRANTE TAMANDARÉ;410040001A;PR;Centro;-25,31;-49,298;2025-03-30 01:30:00.0;0,20
ALMIRANTE TAMANDARÉ;410040001A;PR;Centro;-25,31;-49,298;2025-03-30 01:50:00.0;0,20
ALMIRANTE TAMANDARÉ;410040001A;PR;Centro;-25,31;-49,298;2025-03-30 02:10:00.0;0,20
ALMIRANTE TAMANDARÉ;410040001A;PR;Centro;-25,31;-49,298;2025-03-30 02:20:00.0;0,00
ALMIRANTE TAMANDARÉ;410040001A;PR;Centro;-25,31;-49,298;2025-03-30 02:40:00.0;0,20
ALMIRANTE TAMANDARÉ;410040001A;PR;Centro;-25,31;-49,298;2025-03-30 03:00:00.0;0,20
ALMIRANTE TAMANDARÉ;410040001A;PR;Centro;-25,31;-49,298;2025-03-30 03:20:00.0;0,00
ALMIRANTE TAMANDARÉ;410040001A;PR;Centro;-25,31;-49,298;2025-03-30 03:30:00.0;0,20
ALMIRANTE TAMANDARÉ;410040001A;PR;Centro;-25,31;-49,298;2025-03-30 03:50:00.0;0,20
ALMIRANTE TAMANDARÉ;410040001A;PR;Centro;-25,31;-49,298;2025-03-30 04:10:00.0;0,20
ALMIRANTE TAMANDARÉ;410040001A;PR;Centro;-25,31;-49,298;2025-03-30 04:20:00.0;0,00
ALMIRANTE TAMANDARÉ;410040001A;PR;Centro;-25,31;-49,298;2025-03-30 04:30:00.0;0,20
ALMIRANTE TAMANDARÉ;410040001A;PR;Centro;-25,31;-49,298;2025-03-30 04:50:00.0;0,20
ALMIRANTE TAMANDARÉ;410040001A;PR;Centro;-25,31;-49,298;2025-03-30 05:10:00.0;0,20
ALMIRANTE TAMANDARÉ;410040001A;PR;Centro;-25,31;-49,298;2025-03-30 05:20:00.0;0,00
ALMIRANTE TAMANDARÉ;410040001A;PR;Centro;-25,31;-49,298;2025-03-30 05:30:00.0;0,20
ALMIRANTE TAMANDARÉ;410040001A;PR;Centro;-25,31;-49,298;2025-03-30 05:50:00.0;0,20
ALMIRANTE TAMANDARÉ;410040001A;PR;Centro;-25,31;-49,298;2025-03-30 06:10:00.0;0,20
ALMIRANTE TAMANDARÉ;410040001A;PR;Centro;-25,31;-49,298;2025-03-30 06:20:00.0;0,00
ALMIRANTE TAMANDARÉ;410040001A;PR;Centro;-25,31;-49,298;2025-03-30 06:40:00.0;0,20
ALMIRANTE TAMANDARÉ;410040001A;PR;Centro;-25,31;-49,298;2025-03-30 07:20:00.0;0,20
ALMIRANTE TAMANDARÉ;410040001A;PR;Centro;-25,31;-49,298;2025-03-30 08:00:00.0;0,20
ALMIRANTE TAMANDARÉ;410040001A;PR;Centro;-25,31;-49,298;2025-03-30 08:20:00.0;0,00
ALMIRANTE TAMANDARÉ;410040001A;PR;Centro;-25,31;-49,298;2025-03-30 08:30:00.0;0,20
ALMIRANTE TAMANDARÉ;410040001A;PR;Centro;-25,31;-49,298;2025-03-30 09:00:00.0;0,20
ALMIRANTE TAMANDARÉ;410040001A;PR;Centro;-25,31;-49,298;2025-03-30 09:30:00.0;0,39
ALMIRANTE TAMANDARÉ;410040001A;PR;Centro;-25,31;-49,298;2025-03-30 09:40:00.0;0,39
ALMIRANTE TAMANDARÉ;410040001A;PR;Centro;-25,31;-49,298;2025-03-30 09:50:00.0;0,20
ALMIRANTE TAMANDARÉ;410040001A;PR;Centro;-25,31;-49,298;2025-03-30 10:00:00.0;0,39
ALMIRANTE TAMANDARÉ;410040001A;PR;Centro;-25,31;-49,298;2025-03-30 10:10:00.0;0,20
ALMIRANTE TAMANDARÉ;410040001A;PR;Centro;-25,31;-49,298;2025-03-30 10:20:00.0;0,39
ALMIRANTE TAMANDARÉ;410040001A;PR;Centro;-25,31;-49,298;2025-03-30 10:30:00.0;0,20
ALMIRANTE TAMANDARÉ;410040001A;PR;Centro;-25,31;-49,298;2025-03-30 10:40:00.0;0,39
ALMIRANTE TAMANDARÉ;410040001A;PR;Centro;-25,31;-49,298;2025-03-30 10:50:00.0;0,20
ALMIRANTE TAMANDARÉ;410040001A;PR;Centro;-25,31;-49,298;2025-03-30 11:00:00.0;0,20
ALMIRANTE TAMANDARÉ;410040001A;PR;Centro;-25,31;-49,298;2025-03-30 11:10:00.0;0,20
ALMIRANTE TAMANDARÉ;410040001A;PR;Centro;-25,31;-49,298;2025-03-30 11:20:00.0;0,39
ALMIRANTE TAMANDARÉ;410040001A;PR;Centro;-25,31;-49,298;2025-03-30 11:30:00.0;0,20
ALMIRANTE TAMANDARÉ;410040001A;PR;Centro;-25,31;-49,298;2025-03-30 11:40:00.0;0,20
ALMIRANTE TAMANDARÉ;410040001A;PR;Centro;-25,31;-49,298;2025-03-30 11:50:00.0;0,39
ALMIRANTE TAMANDARÉ;410040001A;PR;Centro;-25,31;-49,298;2025-03-30 12:00:00.0;0,20
ALMIRANTE TAMANDARÉ;410040001A;PR;Centro;-25,31;-49,298;2025-03-30 12:10:00.0;0,20
ALMIRANTE TAMANDARÉ;410040001A;PR;Centro;-25,31;-49,298;2025-03-30 12:20:00.0;0,39
ALMIRANTE TAMANDARÉ;410040001A;PR;Centro;-25,31;-49,298;2025-03-30 12:30:00.0;0,20
ALMIRANTE TAMANDARÉ;410040001A;PR;Centro;-25,31;-49,298;2025-03-30 12:40:00.0;0,20
ALMIRANTE TAMANDARÉ;410040001A;PR;Centro;-25,31;-49,298;2025-03-30 12:50:00.0;0,20
ALMIRANTE TAMANDARÉ;410040001A;PR;Centro;-25,31;-49,298;2025-03-30 13:00:00.0;0,20
ALMIRANTE TAMANDARÉ;410040001A;PR;Centro;-25,31;-49,298;2025-03-30 13:10:00.0;0,20
ALMIRANTE TAMANDARÉ;410040001A;PR;Centro;-25,31;-49,298;2025-03-30 13:20:00.0;0,20
ALMIRANTE TAMANDARÉ;410040001A;PR;Centro;-25,31;-49,298;2025-03-30 13:30:00.0;0,20
ALMIRANTE TAMANDARÉ;410040001A;PR;Centro;-25,31;-49,298;2025-03-30 13:40:00.0;0,20
ALMIRANTE TAMANDARÉ;410040001A;PR;Centro;-25,31;-49,298;2025-03-30 13:50:00.0;0,20
ALMIRANTE TAMANDARÉ;410040001A;PR;Centro;-25,31;-49,298;2025-03-30 14:10:00.0;0,20
ALMIRANTE TAMANDARÉ;410040001A;PR;Centro;-25,31;-49,298;2025-03-30 14:20:00.0;0,20
ALMIRANTE TAMANDARÉ;410040001A;PR;Centro;-25,31;-49,298;2025-03-30 14:40:00.0;0,20
ALMIRANTE TAMANDARÉ;410040001A;PR;Centro;-25,31;-49,298;2025-03-30 14:50:00.0;0,20
ALMIRANTE TAMANDARÉ;410040001A;PR;Centro;-25,31;-49,298;2025-03-30 15:00:00.0;0,20
ALMIRANTE TAMANDARÉ;410040001A;PR;Centro;-25,31;-49,298;2025-03-30 15:20:00.0;0,20
ALMIRANTE TAMANDARÉ;410040001A;PR;Centro;-25,31;-49,298;2025-03-30 15:40:00.0;0,20
ALMIRANTE TAMANDARÉ;410040001A;PR;Centro;-25,31;-49,298;2025-03-30 16:00:00.0;0,20
ALMIRANTE TAMANDARÉ;410040001A;PR;Centro;-25,31;-49,298;2025-03-30 16:20:00.0;0,20
ALMIRANTE TAMANDARÉ;410040001A;PR;Centro;-25,31;-49,298;2025-03-30 17:20:00.0;0,00
ALMIRANTE TAMANDARÉ;410040001A;PR;Centro;-25,31;-49,298;2025-03-30 18:20:00.0;0,00
ALMIRANTE TAMANDARÉ;410040001A;PR;Centro;-25,31;-49,298;2025-03-30 19:20:00.0;0,00
ALMIRANTE TAMANDARÉ;410040001A;PR;Centro;-25,31;-49,298;2025-03-30 20:20:00.0;0,00
ALMIRANTE TAMANDARÉ;410040001A;PR;Centro;-25,31;-49,298;2025-03-30 21:20:00.0;0,00
ALMIRANTE TAMANDARÉ;410040001A;PR;Centro;-25,31;-49,298;2025-03-30 22:20:00.0;0,00
ALMIRANTE TAMANDARÉ;410040001A;PR;Centro;-25,31;-49,298;2025-03-30 23:20:00.0;0,00
ALMIRANTE TAMANDARÉ;410040001A;PR;Centro;-25,31;-49,298;2025-03-31 00:20:00.0;0,00
ALMIRANTE TAMANDARÉ;410040001A;PR;Centro;-25,31;-49,298;2025-03-31 01:20:00.0;0,00
ALMIRANTE TAMANDARÉ;410040001A;PR;Centro;-25,31;-49,298;2025-03-31 02:20:00.0;0,00
ALMIRANTE TAMANDARÉ;410040001A;PR;Centro;-25,31;-49,298;2025-03-31 03:20:00.0;0,00
ALMIRANTE TAMANDARÉ;410040001A;PR;Centro;-25,31;-49,298;2025-03-31 04:20:00.0;2,21
ALMIRANTE TAMANDARÉ;410040001A;PR;Centro;-25,31;-49,298;2025-03-31 04:30:00.0;3,34
ALMIRANTE TAMANDARÉ;410040001A;PR;Centro;-25,31;-49,298;2025-03-31 05:30:00.0;1,60
ALMIRANTE TAMANDARÉ;410040001A;PR;Centro;-25,31;-49,298;2025-03-31 05:40:00.0;3,15
ALMIRANTE TAMANDARÉ;410040001A;PR;Centro;-25,31;-49,298;2025-03-31 05:50:00.0;1,97
ALMIRANTE TAMANDARÉ;410040001A;PR;Centro;-25,31;-49,298;2025-03-31 06:00:00.0;1,44
ALMIRANTE TAMANDARÉ;410040001A;PR;Centro;-25,31;-49,298;2025-03-31 06:10:00.0;0,20
ALMIRANTE TAMANDARÉ;410040001A;PR;Centro;-25,31;-49,298;2025-03-31 06:20:00.0;0,62
ALMIRANTE TAMANDARÉ;410040001A;PR;Centro;-25,31;-49,298;2025-03-31 06:30:00.0;0,39
ALMIRANTE TAMANDARÉ;410040001A;PR;Centro;-25,31;-49,298;2025-03-31 07:00:00.0;0,79
ALMIRANTE TAMANDARÉ;410040001A;PR;Centro;-25,31;-49,298;2025-03-31 07:10:00.0;0,60
ALMIRANTE TAMANDARÉ;410040001A;PR;Centro;-25,31;-49,298;2025-03-31 07:20:00.0;0,00
ALMIRANTE TAMANDARÉ;410040001A;PR;Centro;-25,31;-49,298;2025-03-31 08:20:00.0;0,00
ALMIRANTE TAMANDARÉ;410040001A;PR;Centro;-25,31;-49,298;2025-03-31 08:40:00.0;0,42
ALMIRANTE TAMANDARÉ;410040001A;PR;Centro;-25,31;-49,298;2025-03-31 09:20:00.0;0,00
ALMIRANTE TAMANDARÉ;410040001A;PR;Centro;-25,31;-49,298;2025-03-31 10:20:00.0;0,00
ALMIRANTE TAMANDARÉ;410040001A;PR;Centro;-25,31;-49,298;2025-03-31 10:30:00.0;0,20
ALMIRANTE TAMANDARÉ;410040001A;PR;Centro;-25,31;-49,298;2025-03-31 12:40:00.0;0,20
ALMIRANTE TAMANDARÉ;410040001A;PR;Centro;-25,31;-49,298;2025-03-31 12:50:00.0;0,59
ALMIRANTE TAMANDARÉ;410040001A;PR;Centro;-25,31;-49,298;2025-03-31 13:20:00.0;0,20
ALMIRANTE TAMANDARÉ;410040001A;PR;Centro;-25,31;-49,298;2025-03-31 15:20:00.0;0,00
ALMIRANTE TAMANDARÉ;410040001A;PR;Centro;-25,31;-49,298;2025-03-31 16:20:00.0;0,00
ALMIRANTE TAMANDARÉ;410040001A;PR;Centro;-25,31;-49,298;2025-03-31 17:20:00.0;0,00
ALMIRANTE TAMANDARÉ;410040001A;PR;Centro;-25,31;-49,298;2025-03-31 18:20:00.0;0,00
ALMIRANTE TAMANDARÉ;410040001A;PR;Centro;-25,31;-49,298;2025-03-31 19:20:00.0;0,00
ALMIRANTE TAMANDARÉ;410040001A;PR;Centro;-25,31;-49,298;2025-03-31 20:20:00.0;0,00
ALMIRANTE TAMANDARÉ;410040001A;PR;Centro;-25,31;-49,298;2025-03-31 21:20:00.0;0,00
ALMIRANTE TAMANDARÉ;410040001A;PR;Centro;-25,31;-49,298;2025-03-31 22:20:00.0;0,00
ALMIRANTE TAMANDARÉ;410040001A;PR;Centro;-25,31;-49,298;2025-03-31 23:20:00.0;0,00
ALMIRANTE TAMANDARÉ;410040003A;PR;Jardim Graziela;-25,343;-49,246;2025-03-01 00:40:00.0;0,00
ALMIRANTE TAMANDARÉ;410040003A;PR;Jardim Graziela;-25,343;-49,246;2025-03-01 01:40:00.0;0,00
ALMIRANTE TAMANDARÉ;410040003A;PR;Jardim Graziela;-25,343;-49,246;2025-03-01 02:40:00.0;0,00
ALMIRANTE TAMANDARÉ;410040003A;PR;Jardim Graziela;-25,343;-49,246;2025-03-01 03:40:00.0;0,00
ALMIRANTE TAMANDARÉ;410040003A;PR;Jardim Graziela;-25,343;-49,246;2025-03-01 04:40:00.0;0,00
ALMIRANTE TAMANDARÉ;410040003A;PR;Jardim Graziela;-25,343;-49,246;2025-03-01 05:40:00.0;0,00
ALMIRANTE TAMANDARÉ;410040003A;PR;Jardim Graziela;-25,343;-49,246;2025-03-01 06:40:00.0;0,00
ALMIRANTE TAMANDARÉ;410040003A;PR;Jardim Graziela;-25,343;-49,246;2025-03-01 07:40:00.0;0,00
ALMIRANTE TAMANDARÉ;410040003A;PR;Jardim Graziela;-25,343;-49,246;2025-03-01 08:40:00.0;0,00
ALMIRANTE TAMANDARÉ;410040003A;PR;Jardim Graziela;-25,343;-49,246;2025-03-01 09:40:00.0;0,00
ALMIRANTE TAMANDARÉ;410040003A;PR;Jardim Graziela;-25,343;-49,246;2025-03-01 10:40:00.0;0,00
ALMIRANTE TAMANDARÉ;410040003A;PR;Jardim Graziela;-25,343;-49,246;2025-03-01 11:40:00.0;0,00
ALMIRANTE TAMANDARÉ;410040003A;PR;Jardim Graziela;-25,343;-49,246;2025-03-01 12:40:00.0;0,00
ALMIRANTE TAMANDARÉ;410040003A;PR;Jardim Graziela;-25,343;-49,246;2025-03-01 13:40:00.0;0,00
ALMIRANTE TAMANDARÉ;410040003A;PR;Jardim Graziela;-25,343;-49,246;2025-03-01 14:40:00.0;0,00
ALMIRANTE TAMANDARÉ;410040003A;PR;Jardim Graziela;-25,343;-49,246;2025-03-01 15:40:00.0;0,00
ALMIRANTE TAMANDARÉ;410040003A;PR;Jardim Graziela;-25,343;-49,246;2025-03-01 16:40:00.0;0,00
ALMIRANTE TAMANDARÉ;410040003A;PR;Jardim Graziela;-25,343;-49,246;2025-03-01 17:40:00.0;0,00
ALMIRANTE TAMANDARÉ;410040003A;PR;Jardim Graziela;-25,343;-49,246;2025-03-01 18:40:00.0;0,00
ALMIRANTE TAMANDARÉ;410040003A;PR;Jardim Graziela;-25,343;-49,246;2025-03-01 19:40:00.0;0,00
ALMIRANTE TAMANDARÉ;410040003A;PR;Jardim Graziela;-25,343;-49,246;2025-03-01 20:40:00.0;0,00
ALMIRANTE TAMANDARÉ;410040003A;PR;Jardim Graziela;-25,343;-49,246;2025-03-01 21:40:00.0;0,00
ALMIRANTE TAMANDARÉ;410040003A;PR;Jardim Graziela;-25,343;-49,246;2025-03-01 22:40:00.0;0,00
ALMIRANTE TAMANDARÉ;410040003A;PR;Jardim Graziela;-25,343;-49,246;2025-03-01 23:40:00.0;0,00
ALMIRANTE TAMANDARÉ;410040003A;PR;Jardim Graziela;-25,343;-49,246;2025-03-02 00:40:00.0;0,00
ALMIRANTE TAMANDARÉ;410040003A;PR;Jardim Graziela;-25,343;-49,246;2025-03-02 01:40:00.0;0,00
ALMIRANTE TAMANDARÉ;410040003A;PR;Jardim Graziela;-25,343;-49,246;2025-03-02 02:40:00.0;0,00
ALMIRANTE TAMANDARÉ;410040003A;PR;Jardim Graziela;-25,343;-49,246;2025-03-02 03:40:00.0;0,00
ALMIRANTE TAMANDARÉ;410040003A;PR;Jardim Graziela;-25,343;-49,246;2025-03-02 04:40:00.0;0,00
ALMIRANTE TAMANDARÉ;410040003A;PR;Jardim Graziela;-25,343;-49,246;2025-03-02 05:40:00.0;0,00
ALMIRANTE TAMANDARÉ;410040003A;PR;Jardim Graziela;-25,343;-49,246;2025-03-02 06:40:00.0;0,00
ALMIRANTE TAMANDARÉ;410040003A;PR;Jardim Graziela;-25,343;-49,246;2025-03-02 07:40:00.0;0,00
ALMIRANTE TAMANDARÉ;410040003A;PR;Jardim Graziela;-25,343;-49,246;2025-03-02 08:40:00.0;0,00
ALMIRANTE TAMANDARÉ;410040003A;PR;Jardim Graziela;-25,343;-49,246;2025-03-02 09:40:00.0;0,00
ALMIRANTE TAMANDARÉ;410040003A;PR;Jardim Graziela;-25,343;-49,246;2025-03-02 10:40:00.0;0,00
ALMIRANTE TAMANDARÉ;410040003A;PR;Jardim Graziela;-25,343;-49,246;2025-03-02 11:40:00.0;0,00
ALMIRANTE TAMANDARÉ;410040003A;PR;Jardim Graziela;-25,343;-49,246;2025-03-02 12:40:00.0;0,00
ALMIRANTE TAMANDARÉ;410040003A;PR;Jardim Graziela;-25,343;-49,246;2025-03-02 13:40:00.0;0,00
ALMIRANTE TAMANDARÉ;410040003A;PR;Jardim Graziela;-25,343;-49,246;2025-03-02 14:40:00.0;0,00
ALMIRANTE TAMANDARÉ;410040003A;PR;Jardim Graziela;-25,343;-49,246;2025-03-02 15:40:00.0;0,00
ALMIRANTE TAMANDARÉ;410040003A;PR;Jardim Graziela;-25,343;-49,246;2025-03-02 16:40:00.0;0,00
ALMIRANTE TAMANDARÉ;410040003A;PR;Jardim Graziela;-25,343;-49,246;2025-03-02 17:40:00.0;0,00
ALMIRANTE TAMANDARÉ;410040003A;PR;Jardim Graziela;-25,343;-49,246;2025-03-02 18:40:00.0;0,00
ALMIRANTE TAMANDARÉ;410040003A;PR;Jardim Graziela;-25,343;-49,246;2025-03-02 19:40:00.0;0,00
ALMIRANTE TAMANDARÉ;410040003A;PR;Jardim Graziela;-25,343;-49,246;2025-03-02 20:40:00.0;0,00
ALMIRANTE TAMANDARÉ;410040003A;PR;Jardim Graziela;-25,343;-49,246;2025-03-02 21:40:00.0;0,00
ALMIRANTE TAMANDARÉ;410040003A;PR;Jardim Graziela;-25,343;-49,246;2025-03-02 22:40:00.0;0,00
ALMIRANTE TAMANDARÉ;410040003A;PR;Jardim Graziela;-25,343;-49,246;2025-03-02 23:40:00.0;0,00
ALMIRANTE TAMANDARÉ;410040003A;PR;Jardim Graziela;-25,343;-49,246;2025-03-03 00:40:00.0;0,00
ALMIRANTE TAMANDARÉ;410040003A;PR;Jardim Graziela;-25,343;-49,246;2025-03-03 01:40:00.0;0,00
ALMIRANTE TAMANDARÉ;410040003A;PR;Jardim Graziela;-25,343;-49,246;2025-03-03 02:40:00.0;0,00
ALMIRANTE TAMANDARÉ;410040003A;PR;Jardim Graziela;-25,343;-49,246;2025-03-03 03:40:00.0;0,00
ALMIRANTE TAMANDARÉ;410040003A;PR;Jardim Graziela;-25,343;-49,246;2025-03-03 04:40:00.0;0,00
ALMIRANTE TAMANDARÉ;410040003A;PR;Jardim Graziela;-25,343;-49,246;2025-03-03 05:40:00.0;0,00
ALMIRANTE TAMANDARÉ;410040003A;PR;Jardim Graziela;-25,343;-49,246;2025-03-03 06:40:00.0;0,00
ALMIRANTE TAMANDARÉ;410040003A;PR;Jardim Graziela;-25,343;-49,246;2025-03-03 07:40:00.0;0,00
ALMIRANTE TAMANDARÉ;410040003A;PR;Jardim Graziela;-25,343;-49,246;2025-03-03 08:40:00.0;0,00
ALMIRANTE TAMANDARÉ;410040003A;PR;Jardim Graziela;-25,343;-49,246;2025-03-03 09:40:00.0;0,00
ALMIRANTE TAMANDARÉ;410040003A;PR;Jardim Graziela;-25,343;-49,246;2025-03-03 10:40:00.0;0,00
ALMIRANTE TAMANDARÉ;410040003A;PR;Jardim Graziela;-25,343;-49,246;2025-03-03 11:40:00.0;0,00
ALMIRANTE TAMANDARÉ;410040003A;PR;Jardim Graziela;-25,343;-49,246;2025-03-03 12:40:00.0;0,00
ALMIRANTE TAMANDARÉ;410040003A;PR;Jardim Graziela;-25,343;-49,246;2025-03-03 13:40:00.0;0,00
ALMIRANTE TAMANDARÉ;410040003A;PR;Jardim Graziela;-25,343;-49,246;2025-03-03 14:40:00.0;0,00
ALMIRANTE TAMANDARÉ;410040003A;PR;Jardim Graziela;-25,343;-49,246;2025-03-03 15:40:00.0;0,00
ALMIRANTE TAMANDARÉ;410040003A;PR;Jardim Graziela;-25,343;-49,246;2025-03-03 16:40:00.0;0,00
ALMIRANTE TAMANDARÉ;410040003A;PR;Jardim Graziela;-25,343;-49,246;2025-03-03 17:40:00.0;0,00
ALMIRANTE TAMANDARÉ;410040003A;PR;Jardim Graziela;-25,343;-49,246;2025-03-03 18:40:00.0;0,00
ALMIRANTE TAMANDARÉ;410040003A;PR;Jardim Graziela;-25,343;-49,246;2025-03-03 19:40:00.0;0,00
ALMIRANTE TAMANDARÉ;410040003A;PR;Jardim Graziela;-25,343;-49,246;2025-03-03 20:40:00.0;0,00
ALMIRANTE TAMANDARÉ;410040003A;PR;Jardim Graziela;-25,343;-49,246;2025-03-03 21:40:00.0;0,00
ALMIRANTE TAMANDARÉ;410040003A;PR;Jardim Graziela;-25,343;-49,246;2025-03-03 22:40:00.0;0,00
ALMIRANTE TAMANDARÉ;410040003A;PR;Jardim Graziela;-25,343;-49,246;2025-03-03 23:40:00.0;0,00
ALMIRANTE TAMANDARÉ;410040003A;PR;Jardim Graziela;-25,343;-49,246;2025-03-04 00:40:00.0;0,00
ALMIRANTE TAMANDARÉ;410040003A;PR;Jardim Graziela;-25,343;-49,246;2025-03-04 01:40:00.0;0,00
ALMIRANTE TAMANDARÉ;410040003A;PR;Jardim Graziela;-25,343;-49,246;2025-03-04 02:40:00.0;0,00
ALMIRANTE TAMANDARÉ;410040003A;PR;Jardim Graziela;-25,343;-49,246;2025-03-04 03:40:00.0;0,00
ALMIRANTE TAMANDARÉ;410040003A;PR;Jardim Graziela;-25,343;-49,246;2025-03-04 04:40:00.0;0,00
ALMIRANTE TAMANDARÉ;410040003A;PR;Jardim Graziela;-25,343;-49,246;2025-03-04 05:40:00.0;0,00
ALMIRANTE TAMANDARÉ;410040003A;PR;Jardim Graziela;-25,343;-49,246;2025-03-04 06:40:00.0;0,00
ALMIRANTE TAMANDARÉ;410040003A;PR;Jardim Graziela;-25,343;-49,246;2025-03-04 07:40:00.0;0,00
ALMIRANTE TAMANDARÉ;410040003A;PR;Jardim Graziela;-25,343;-49,246;2025-03-04 08:40:00.0;0,00
ALMIRANTE TAMANDARÉ;410040003A;PR;Jardim Graziela;-25,343;-49,246;2025-03-04 09:40:00.0;0,00
ALMIRANTE TAMANDARÉ;410040003A;PR;Jardim Graziela;-25,343;-49,246;2025-03-04 10:40:00.0;0,00
ALMIRANTE TAMANDARÉ;410040003A;PR;Jardim Graziela;-25,343;-49,246;2025-03-04 11:40:00.0;0,00
ALMIRANTE TAMANDARÉ;410040003A;PR;Jardim Graziela;-25,343;-49,246;2025-03-04 12:40:00.0;0,00
ALMIRANTE TAMANDARÉ;410040003A;PR;Jardim Graziela;-25,343;-49,246;2025-03-04 13:40:00.0;0,00
ALMIRANTE TAMANDARÉ;410040003A;PR;Jardim Graziela;-25,343;-49,246;2025-03-04 14:40:00.0;0,00
ALMIRANTE TAMANDARÉ;410040003A;PR;Jardim Graziela;-25,343;-49,246;2025-03-04 15:40:00.0;0,00
ALMIRANTE TAMANDARÉ;410040003A;PR;Jardim Graziela;-25,343;-49,246;2025-03-04 16:40:00.0;0,00
ALMIRANTE TAMANDARÉ;410040003A;PR;Jardim Graziela;-25,343;-49,246;2025-03-04 17:40:00.0;0,00
ALMIRANTE TAMANDARÉ;410040003A;PR;Jardim Graziela;-25,343;-49,246;2025-03-04 18:40:00.0;0,00
ALMIRANTE TAMANDARÉ;410040003A;PR;Jardim Graziela;-25,343;-49,246;2025-03-04 19:40:00.0;0,00
ALMIRANTE TAMANDARÉ;410040003A;PR;Jardim Graziela;-25,343;-49,246;2025-03-04 20:40:00.0;0,00
ALMIRANTE TAMANDARÉ;410040003A;PR;Jardim Graziela;-25,343;-49,246;2025-03-04 21:40:00.0;0,00
ALMIRANTE TAMANDARÉ;410040003A;PR;Jardim Graziela;-25,343;-49,246;2025-03-04 22:40:00.0;0,00
ALMIRANTE TAMANDARÉ;410040003A;PR;Jardim Graziela;-25,343;-49,246;2025-03-04 23:40:00.0;0,00
ALMIRANTE TAMANDARÉ;410040003A;PR;Jardim Graziela;-25,343;-49,246;2025-03-05 00:40:00.0;0,00
ALMIRANTE TAMANDARÉ;410040003A;PR;Jardim Graziela;-25,343;-49,246;2025-03-05 01:40:00.0;0,00
ALMIRANTE TAMANDARÉ;410040003A;PR;Jardim Graziela;-25,343;-49,246;2025-03-05 02:40:00.0;0,00
ALMIRANTE TAMANDARÉ;410040003A;PR;Jardim Graziela;-25,343;-49,246;2025-03-05 03:40:00.0;0,00
ALMIRANTE TAMANDARÉ;410040003A;PR;Jardim Graziela;-25,343;-49,246;2025-03-05 04:40:00.0;0,00
ALMIRANTE TAMANDARÉ;410040003A;PR;Jardim Graziela;-25,343;-49,246;2025-03-05 05:40:00.0;0,00
ALMIRANTE TAMANDARÉ;410040003A;PR;Jardim Graziela;-25,343;-49,246;2025-03-05 06:40:00.0;0,00
ALMIRANTE TAMANDARÉ;410040003A;PR;Jardim Graziela;-25,343;-49,246;2025-03-05 07:40:00.0;0,00
ALMIRANTE TAMANDARÉ;410040003A;PR;Jardim Graziela;-25,343;-49,246;2025-03-05 08:40:00.0;0,00
ALMIRANTE TAMANDARÉ;410040003A;PR;Jardim Graziela;-25,343;-49,246;2025-03-05 09:40:00.0;0,00
ALMIRANTE TAMANDARÉ;410040003A;PR;Jardim Graziela;-25,343;-49,246;2025-03-05 10:40:00.0;0,00
ALMIRANTE TAMANDARÉ;410040003A;PR;Jardim Graziela;-25,343;-49,246;2025-03-05 11:40:00.0;0,00
ALMIRANTE TAMANDARÉ;410040003A;PR;Jardim Graziela;-25,343;-49,246;2025-03-05 12:40:00.0;0,00
ALMIRANTE TAMANDARÉ;410040003A;PR;Jardim Graziela;-25,343;-49,246;2025-03-05 13:40:00.0;0,00
ALMIRANTE TAMANDARÉ;410040003A;PR;Jardim Graziela;-25,343;-49,246;2025-03-05 14:40:00.0;0,00
ALMIRANTE TAMANDARÉ;410040003A;PR;Jardim Graziela;-25,343;-49,246;2025-03-05 15:40:00.0;0,00
ALMIRANTE TAMANDARÉ;410040003A;PR;Jardim Graziela;-25,343;-49,246;2025-03-05 16:40:00.0;0,00
ALMIRANTE TAMANDARÉ;410040003A;PR;Jardim Graziela;-25,343;-49,246;2025-03-05 17:40:00.0;0,00
ALMIRANTE TAMANDARÉ;410040003A;PR;Jardim Graziela;-25,343;-49,246;2025-03-05 18:40:00.0;0,00
ALMIRANTE TAMANDARÉ;410040003A;PR;Jardim Graziela;-25,343;-49,246;2025-03-05 19:40:00.0;0,00
ALMIRANTE TAMANDARÉ;410040003A;PR;Jardim Graziela;-25,343;-49,246;2025-03-05 20:40:00.0;0,00
ALMIRANTE TAMANDARÉ;410040003A;PR;Jardim Graziela;-25,343;-49,246;2025-03-05 21:40:00.0;0,00
ALMIRANTE TAMANDARÉ;410040003A;PR;Jardim Graziela;-25,343;-49,246;2025-03-05 22:40:00.0;0,00
ALMIRANTE TAMANDARÉ;410040003A;PR;Jardim Graziela;-25,343;-49,246;2025-03-05 23:40:00.0;0,00
ALMIRANTE TAMANDARÉ;410040003A;PR;Jardim Graziela;-25,343;-49,246;2025-03-06 00:40:00.0;0,00
ALMIRANTE TAMANDARÉ;410040003A;PR;Jardim Graziela;-25,343;-49,246;2025-03-06 01:40:00.0;0,00
ALMIRANTE TAMANDARÉ;410040003A;PR;Jardim Graziela;-25,343;-49,246;2025-03-06 02:40:00.0;0,00
ALMIRANTE TAMANDARÉ;410040003A;PR;Jardim Graziela;-25,343;-49,246;2025-03-06 03:40:00.0;0,00
ALMIRANTE TAMANDARÉ;410040003A;PR;Jardim Graziela;-25,343;-49,246;2025-03-06 04:40:00.0;0,00
ALMIRANTE TAMANDARÉ;410040003A;PR;Jardim Graziela;-25,343;-49,246;2025-03-06 05:40:00.0;0,00
ALMIRANTE TAMANDARÉ;410040003A;PR;Jardim Graziela;-25,343;-49,246;2025-03-06 06:40:00.0;0,00
ALMIRANTE TAMANDARÉ;410040003A;PR;Jardim Graziela;-25,343;-49,246;2025-03-06 07:40:00.0;0,00
ALMIRANTE TAMANDARÉ;410040003A;PR;Jardim Graziela;-25,343;-49,246;2025-03-06 08:40:00.0;0,00
ALMIRANTE TAMANDARÉ;410040003A;PR;Jardim Graziela;-25,343;-49,246;2025-03-06 09:40:00.0;0,00
ALMIRANTE TAMANDARÉ;410040003A;PR;Jardim Graziela;-25,343;-49,246;2025-03-06 10:40:00.0;0,00
ALMIRANTE TAMANDARÉ;410040003A;PR;Jardim Graziela;-25,343;-49,246;2025-03-06 11:40:00.0;0,00
ALMIRANTE TAMANDARÉ;410040003A;PR;Jardim Graziela;-25,343;-49,246;2025-03-06 12:40:00.0;0,00
ALMIRANTE TAMANDARÉ;410040003A;PR;Jardim Graziela;-25,343;-49,246;2025-03-06 13:40:00.0;0,00
ALMIRANTE TAMANDARÉ;410040003A;PR;Jardim Graziela;-25,343;-49,246;2025-03-06 14:40:00.0;0,00
ALMIRANTE TAMANDARÉ;410040003A;PR;Jardim Graziela;-25,343;-49,246;2025-03-06 15:40:00.0;0,00
ALMIRANTE TAMANDARÉ;410040003A;PR;Jardim Graziela;-25,343;-49,246;2025-03-06 16:40:00.0;0,00
ALMIRANTE TAMANDARÉ;410040003A;PR;Jardim Graziela;-25,343;-49,246;2025-03-06 17:40:00.0;0,00
ALMIRANTE TAMANDARÉ;410040003A;PR;Jardim Graziela;-25,343;-49,246;2025-03-06 18:40:00.0;0,00
ALMIRANTE TAMANDARÉ;410040003A;PR;Jardim Graziela;-25,343;-49,246;2025-03-06 19:40:00.0;0,00
ALMIRANTE TAMANDARÉ;410040003A;PR;Jardim Graziela;-25,343;-49,246;2025-03-06 20:40:00.0;0,00
ALMIRANTE TAMANDARÉ;410040003A;PR;Jardim Graziela;-25,343;-49,246;2025-03-06 21:40:00.0;0,00
ALMIRANTE TAMANDARÉ;410040003A;PR;Jardim Graziela;-25,343;-49,246;2025-03-06 22:40:00.0;0,00
ALMIRANTE TAMANDARÉ;410040003A;PR;Jardim Graziela;-25,343;-49,246;2025-03-06 23:40:00.0;0,00
ALMIRANTE TAMANDARÉ;410040003A;PR;Jardim Graziela;-25,343;-49,246;2025-03-07 00:40:00.0;0,00
ALMIRANTE TAMANDARÉ;410040003A;PR;Jardim Graziela;-25,343;-49,246;2025-03-07 01:40:00.0;0,00
ALMIRANTE TAMANDARÉ;410040003A;PR;Jardim Graziela;-25,343;-49,246;2025-03-07 02:40:00.0;0,00
ALMIRANTE TAMANDARÉ;410040003A;PR;Jardim Graziela;-25,343;-49,246;2025-03-07 03:40:00.0;0,00
ALMIRANTE TAMANDARÉ;410040003A;PR;Jardim Graziela;-25,343;-49,246;2025-03-07 04:40:00.0;0,00
ALMIRANTE TAMANDARÉ;410040003A;PR;Jardim Graziela;-25,343;-49,246;2025-03-07 05:40:00.0;0,00
ALMIRANTE TAMANDARÉ;410040003A;PR;Jardim Graziela;-25,343;-49,246;2025-03-07 06:40:00.0;0,00
ALMIRANTE TAMANDARÉ;410040003A;PR;Jardim Graziela;-25,343;-49,246;2025-03-07 07:40:00.0;0,00
ALMIRANTE TAMANDARÉ;410040003A;PR;Jardim Graziela;-25,343;-49,246;2025-03-07 08:40:00.0;0,00
ALMIRANTE TAMANDARÉ;410040003A;PR;Jardim Graziela;-25,343;-49,246;2025-03-07 09:40:00.0;0,00
ALMIRANTE TAMANDARÉ;410040003A;PR;Jardim Graziela;-25,343;-49,246;2025-03-07 10:40:00.0;0,00
ALMIRANTE TAMANDARÉ;410040003A;PR;Jardim Graziela;-25,343;-49,246;2025-03-07 11:40:00.0;0,00
ALMIRANTE TAMANDARÉ;410040003A;PR;Jardim Graziela;-25,343;-49,246;2025-03-07 12:40:00.0;0,00
ALMIRANTE TAMANDARÉ;410040003A;PR;Jardim Graziela;-25,343;-49,246;2025-03-07 13:40:00.0;0,00
ALMIRANTE TAMANDARÉ;410040003A;PR;Jardim Graziela;-25,343;-49,246;2025-03-07 14:40:00.0;0,00
ALMIRANTE TAMANDARÉ;410040003A;PR;Jardim Graziela;-25,343;-49,246;2025-03-07 15:40:00.0;0,00
ALMIRANTE TAMANDARÉ;410040003A;PR;Jardim Graziela;-25,343;-49,246;2025-03-07 16:40:00.0;0,00
ALMIRANTE TAMANDARÉ;410040003A;PR;Jardim Graziela;-25,343;-49,246;2025-03-07 17:40:00.0;0,00
ALMIRANTE TAMANDARÉ;410040003A;PR;Jardim Graziela;-25,343;-49,246;2025-03-07 18:40:00.0;0,00
ALMIRANTE TAMANDARÉ;410040003A;PR;Jardim Graziela;-25,343;-49,246;2025-03-07 19:40:00.0;0,00
ALMIRANTE TAMANDARÉ;410040003A;PR;Jardim Graziela;-25,343;-49,246;2025-03-07 20:40:00.0;0,00
ALMIRANTE TAMANDARÉ;410040003A;PR;Jardim Graziela;-25,343;-49,246;2025-03-07 21:40:00.0;0,00
ALMIRANTE TAMANDARÉ;410040003A;PR;Jardim Graziela;-25,343;-49,246;2025-03-07 22:40:00.0;0,00
ALMIRANTE TAMANDARÉ;410040003A;PR;Jardim Graziela;-25,343;-49,246;2025-03-07 23:40:00.0;0,00
ALMIRANTE TAMANDARÉ;410040003A;PR;Jardim Graziela;-25,343;-49,246;2025-03-08 00:40:00.0;0,00
ALMIRANTE TAMANDARÉ;410040003A;PR;Jardim Graziela;-25,343;-49,246;2025-03-08 01:40:00.0;0,00
ALMIRANTE TAMANDARÉ;410040003A;PR;Jardim Graziela;-25,343;-49,246;2025-03-08 02:40:00.0;0,00
ALMIRANTE TAMANDARÉ;410040003A;PR;Jardim Graziela;-25,343;-49,246;2025-03-08 03:40:00.0;0,00
ALMIRANTE TAMANDARÉ;410040003A;PR;Jardim Graziela;-25,343;-49,246;2025-03-08 04:40:00.0;0,00
ALMIRANTE TAMANDARÉ;410040003A;PR;Jardim Graziela;-25,343;-49,246;2025-03-08 05:40:00.0;0,00
ALMIRANTE TAMANDARÉ;410040003A;PR;Jardim Graziela;-25,343;-49,246;2025-03-08 06:40:00.0;0,00
ALMIRANTE TAMANDARÉ;410040003A;PR;Jardim Graziela;-25,343;-49,246;2025-03-08 07:40:00.0;0,00
ALMIRANTE TAMANDARÉ;410040003A;PR;Jardim Graziela;-25,343;-49,246;2025-03-08 08:40:00.0;0,00
ALMIRANTE TAMANDARÉ;410040003A;PR;Jardim Graziela;-25,343;-49,246;2025-03-08 09:40:00.0;0,00
ALMIRANTE TAMANDARÉ;410040003A;PR;Jardim Graziela;-25,343;-49,246;2025-03-08 10:40:00.0;0,00
ALMIRANTE TAMANDARÉ;410040003A;PR;Jardim Graziela;-25,343;-49,246;2025-03-08 11:40:00.0;0,00
ALMIRANTE TAMANDARÉ;410040003A;PR;Jardim Graziela;-25,343;-49,246;2025-03-08 12:40:00.0;0,00
ALMIRANTE TAMANDARÉ;410040003A;PR;Jardim Graziela;-25,343;-49,246;2025-03-08 13:40:00.0;0,00
ALMIRANTE TAMANDARÉ;410040003A;PR;Jardim Graziela;-25,343;-49,246;2025-03-08 14:40:00.0;0,00
ALMIRANTE TAMANDARÉ;410040003A;PR;Jardim Graziela;-25,343;-49,246;2025-03-08 15:40:00.0;0,00
ALMIRANTE TAMANDARÉ;410040003A;PR;Jardim Graziela;-25,343;-49,246;2025-03-08 16:40:00.0;0,00
ALMIRANTE TAMANDARÉ;410040003A;PR;Jardim Graziela;-25,343;-49,246;2025-03-08 17:40:00.0;0,00
ALMIRANTE TAMANDARÉ;410040003A;PR;Jardim Graziela;-25,343;-49,246;2025-03-08 18:40:00.0;0,00
ALMIRANTE TAMANDARÉ;410040003A;PR;Jardim Graziela;-25,343;-49,246;2025-03-08 19:40:00.0;0,00
ALMIRANTE TAMANDARÉ;410040003A;PR;Jardim Graziela;-25,343;-49,246;2025-03-08 20:40:00.0;0,00
ALMIRANTE TAMANDARÉ;410040003A;PR;Jardim Graziela;-25,343;-49,246;2025-03-08 21:40:00.0;0,00
ALMIRANTE TAMANDARÉ;410040003A;PR;Jardim Graziela;-25,343;-49,246;2025-03-08 22:40:00.0;0,00
ALMIRANTE TAMANDARÉ;410040003A;PR;Jardim Graziela;-25,343;-49,246;2025-03-08 23:40:00.0;0,00
ALMIRANTE TAMANDARÉ;410040003A;PR;Jardim Graziela;-25,343;-49,246;2025-03-09 00:40:00.0;0,00
ALMIRANTE TAMANDARÉ;410040003A;PR;Jardim Graziela;-25,343;-49,246;2025-03-09 01:40:00.0;0,00
ALMIRANTE TAMANDARÉ;410040003A;PR;Jardim Graziela;-25,343;-49,246;2025-03-09 02:40:00.0;0,00
ALMIRANTE TAMANDARÉ;410040003A;PR;Jardim Graziela;-25,343;-49,246;2025-03-09 03:40:00.0;0,00
ALMIRANTE TAMANDARÉ;410040003A;PR;Jardim Graziela;-25,343;-49,246;2025-03-09 04:40:00.0;0,00
ALMIRANTE TAMANDARÉ;410040003A;PR;Jardim Graziela;-25,343;-49,246;2025-03-09 05:40:00.0;0,00
ALMIRANTE TAMANDARÉ;410040003A;PR;Jardim Graziela;-25,343;-49,246;2025-03-09 06:40:00.0;0,00
ALMIRANTE TAMANDARÉ;410040003A;PR;Jardim Graziela;-25,343;-49,246;2025-03-09 07:40:00.0;0,00
ALMIRANTE TAMANDARÉ;410040003A;PR;Jardim Graziela;-25,343;-49,246;2025-03-09 08:40:00.0;0,00
ALMIRANTE TAMANDARÉ;410040003A;PR;Jardim Graziela;-25,343;-49,246;2025-03-09 09:40:00.0;0,00
ALMIRANTE TAMANDARÉ;410040003A;PR;Jardim Graziela;-25,343;-49,246;2025-03-09 10:40:00.0;0,00
ALMIRANTE TAMANDARÉ;410040003A;PR;Jardim Graziela;-25,343;-49,246;2025-03-09 11:40:00.0;0,00
ALMIRANTE TAMANDARÉ;410040003A;PR;Jardim Graziela;-25,343;-49,246;2025-03-09 12:40:00.0;0,00
ALMIRANTE TAMANDARÉ;410040003A;PR;Jardim Graziela;-25,343;-49,246;2025-03-09 13:40:00.0;0,00
ALMIRANTE TAMANDARÉ;410040003A;PR;Jardim Graziela;-25,343;-49,246;2025-03-09 14:40:00.0;0,00
ALMIRANTE TAMANDARÉ;410040003A;PR;Jardim Graziela;-25,343;-49,246;2025-03-09 15:40:00.0;0,00
ALMIRANTE TAMANDARÉ;410040003A;PR;Jardim Graziela;-25,343;-49,246;2025-03-09 16:40:00.0;0,00
ALMIRANTE TAMANDARÉ;410040003A;PR;Jardim Graziela;-25,343;-49,246;2025-03-09 17:40:00.0;0,00
ALMIRANTE TAMANDARÉ;410040003A;PR;Jardim Graziela;-25,343;-49,246;2025-03-09 18:40:00.0;0,00
ALMIRANTE TAMANDARÉ;410040003A;PR;Jardim Graziela;-25,343;-49,246;2025-03-09 19:40:00.0;0,00
ALMIRANTE TAMANDARÉ;410040003A;PR;Jardim Graziela;-25,343;-49,246;2025-03-09 20:40:00.0;0,00
ALMIRANTE TAMANDARÉ;410040003A;PR;Jardim Graziela;-25,343;-49,246;2025-03-09 21:40:00.0;0,00
ALMIRANTE TAMANDARÉ;410040003A;PR;Jardim Graziela;-25,343;-49,246;2025-03-09 22:40:00.0;0,00
ALMIRANTE TAMANDARÉ;410040003A;PR;Jardim Graziela;-25,343;-49,246;2025-03-09 23:40:00.0;0,00
ALMIRANTE TAMANDARÉ;410040003A;PR;Jardim Graziela;-25,343;-49,246;2025-03-10 00:40:00.0;0,00
ALMIRANTE TAMANDARÉ;410040003A;PR;Jardim Graziela;-25,343;-49,246;2025-03-10 01:40:00.0;0,00
ALMIRANTE TAMANDARÉ;410040003A;PR;Jardim Graziela;-25,343;-49,246;2025-03-10 02:40:00.0;0,00
ALMIRANTE TAMANDARÉ;410040003A;PR;Jardim Graziela;-25,343;-49,246;2025-03-10 03:40:00.0;0,00
ALMIRANTE TAMANDARÉ;410040003A;PR;Jardim Graziela;-25,343;-49,246;2025-03-10 04:40:00.0;0,00
ALMIRANTE TAMANDARÉ;410040003A;PR;Jardim Graziela;-25,343;-49,246;2025-03-10 05:40:00.0;0,00
ALMIRANTE TAMANDARÉ;410040003A;PR;Jardim Graziela;-25,343;-49,246;2025-03-10 06:40:00.0;0,00
ALMIRANTE TAMANDARÉ;410040003A;PR;Jardim Graziela;-25,343;-49,246;2025-03-10 07:40:00.0;0,00
ALMIRANTE TAMANDARÉ;410040003A;PR;Jardim Graziela;-25,343;-49,246;2025-03-10 08:40:00.0;0,00
ALMIRANTE TAMANDARÉ;410040003A;PR;Jardim Graziela;-25,343;-49,246;2025-03-10 09:40:00.0;0,00
ALMIRANTE TAMANDARÉ;410040003A;PR;Jardim Graziela;-25,343;-49,246;2025-03-10 10:40:00.0;0,00
ALMIRANTE TAMANDARÉ;410040003A;PR;Jardim Graziela;-25,343;-49,246;2025-03-10 11:40:00.0;0,00
ALMIRANTE TAMANDARÉ;410040003A;PR;Jardim Graziela;-25,343;-49,246;2025-03-10 12:40:00.0;0,00
ALMIRANTE TAMANDARÉ;410040003A;PR;Jardim Graziela;-25,343;-49,246;2025-03-10 13:40:00.0;0,00
ALMIRANTE TAMANDARÉ;410040003A;PR;Jardim Graziela;-25,343;-49,246;2025-03-10 14:40:00.0;0,00
ALMIRANTE TAMANDARÉ;410040003A;PR;Jardim Graziela;-25,343;-49,246;2025-03-10 15:40:00.0;0,00
ALMIRANTE TAMANDARÉ;410040003A;PR;Jardim Graziela;-25,343;-49,246;2025-03-10 16:40:00.0;0,00
ALMIRANTE TAMANDARÉ;410040003A;PR;Jardim Graziela;-25,343;-49,246;2025-03-10 17:40:00.0;0,00
ALMIRANTE TAMANDARÉ;410040003A;PR;Jardim Graziela;-25,343;-49,246;2025-03-10 18:40:00.0;0,00
ALMIRANTE TAMANDARÉ;410040003A;PR;Jardim Graziela;-25,343;-49,246;2025-03-10 19:40:00.0;0,00
ALMIRANTE TAMANDARÉ;410040003A;PR;Jardim Graziela;-25,343;-49,246;2025-03-10 20:40:00.0;0,00
ALMIRANTE TAMANDARÉ;410040003A;PR;Jardim Graziela;-25,343;-49,246;2025-03-10 21:40:00.0;0,00
ALMIRANTE TAMANDARÉ;410040003A;PR;Jardim Graziela;-25,343;-49,246;2025-03-10 22:40:00.0;0,00
ALMIRANTE TAMANDARÉ;410040003A;PR;Jardim Graziela;-25,343;-49,246;2025-03-10 23:40:00.0;0,00
ALMIRANTE TAMANDARÉ;410040003A;PR;Jardim Graziela;-25,343;-49,246;2025-03-11 00:40:00.0;0,00
ALMIRANTE TAMANDARÉ;410040003A;PR;Jardim Graziela;-25,343;-49,246;2025-03-11 01:40:00.0;0,00
ALMIRANTE TAMANDARÉ;410040003A;PR;Jardim Graziela;-25,343;-49,246;2025-03-11 02:40:00.0;0,00
ALMIRANTE TAMANDARÉ;410040003A;PR;Jardim Graziela;-25,343;-49,246;2025-03-11 03:40:00.0;0,00
ALMIRANTE TAMANDARÉ;410040003A;PR;Jardim Graziela;-25,343;-49,246;2025-03-11 04:40:00.0;0,00
ALMIRANTE TAMANDARÉ;410040003A;PR;Jardim Graziela;-25,343;-49,246;2025-03-11 05:40:00.0;0,00
ALMIRANTE TAMANDARÉ;410040003A;PR;Jardim Graziela;-25,343;-49,246;2025-03-11 06:40:00.0;0,00
ALMIRANTE TAMANDARÉ;410040003A;PR;Jardim Graziela;-25,343;-49,246;2025-03-11 07:40:00.0;0,00
ALMIRANTE TAMANDARÉ;410040003A;PR;Jardim Graziela;-25,343;-49,246;2025-03-11 08:40:00.0;0,00
ALMIRANTE TAMANDARÉ;410040003A;PR;Jardim Graziela;-25,343;-49,246;2025-03-11 09:40:00.0;0,00
ALMIRANTE TAMANDARÉ;410040003A;PR;Jardim Graziela;-25,343;-49,246;2025-03-11 10:40:00.0;0,00
ALMIRANTE TAMANDARÉ;410040003A;PR;Jardim Graziela;-25,343;-49,246;2025-03-11 11:40:00.0;0,00
ALMIRANTE TAMANDARÉ;410040003A;PR;Jardim Graziela;-25,343;-49,246;2025-03-11 12:40:00.0;0,00
ALMIRANTE TAMANDARÉ;410040003A;PR;Jardim Graziela;-25,343;-49,246;2025-03-11 13:40:00.0;0,00
ALMIRANTE TAMANDARÉ;410040003A;PR;Jardim Graziela;-25,343;-49,246;2025-03-11 14:40:00.0;0,00
ALMIRANTE TAMANDARÉ;410040003A;PR;Jardim Graziela;-25,343;-49,246;2025-03-11 15:40:00.0;0,00
ALMIRANTE TAMANDARÉ;410040003A;PR;Jardim Graziela;-25,343;-49,246;2025-03-11 16:40:00.0;0,00
ALMIRANTE TAMANDARÉ;410040003A;PR;Jardim Graziela;-25,343;-49,246;2025-03-11 17:40:00.0;0,00
ALMIRANTE TAMANDARÉ;410040003A;PR;Jardim Graziela;-25,343;-49,246;2025-03-11 18:40:00.0;0,00
ALMIRANTE TAMANDARÉ;410040003A;PR;Jardim Graziela;-25,343;-49,246;2025-03-11 19:40:00.0;0,00
ALMIRANTE TAMANDARÉ;410040003A;PR;Jardim Graziela;-25,343;-49,246;2025-03-11 20:40:00.0;0,00
ALMIRANTE TAMANDARÉ;410040003A;PR;Jardim Graziela;-25,343;-49,246;2025-03-11 21:00:00.0;0,20
ALMIRANTE TAMANDARÉ;410040003A;PR;Jardim Graziela;-25,343;-49,246;2025-03-11 21:10:00.0;0,20
ALMIRANTE TAMANDARÉ;410040003A;PR;Jardim Graziela;-25,343;-49,246;2025-03-11 21:20:00.0;0,59
ALMIRANTE TAMANDARÉ;410040003A;PR;Jardim Graziela;-25,343;-49,246;2025-03-11 21:30:00.0;0,98
ALMIRANTE TAMANDARÉ;410040003A;PR;Jardim Graziela;-25,343;-49,246;2025-03-11 21:40:00.0;0,79
ALMIRANTE TAMANDARÉ;410040003A;PR;Jardim Graziela;-25,343;-49,246;2025-03-11 21:50:00.0;1,57
ALMIRANTE TAMANDARÉ;410040003A;PR;Jardim Graziela;-25,343;-49,246;2025-03-11 22:00:00.0;1,77
ALMIRANTE TAMANDARÉ;410040003A;PR;Jardim Graziela;-25,343;-49,246;2025-03-11 22:10:00.0;1,57
ALMIRANTE TAMANDARÉ;410040003A;PR;Jardim Graziela;-25,343;-49,246;2025-03-11 22:20:00.0;3,35
ALMIRANTE TAMANDARÉ;410040003A;PR;Jardim Graziela;-25,343;-49,246;2025-03-11 22:30:00.0;5,51
ALMIRANTE TAMANDARÉ;410040003A;PR;Jardim Graziela;-25,343;-49,246;2025-03-11 22:40:00.0;7,50
ALMIRANTE TAMANDARÉ;410040003A;PR;Jardim Graziela;-25,343;-49,246;2025-03-11 22:50:00.0;1,57
ALMIRANTE TAMANDARÉ;410040003A;PR;Jardim Graziela;-25,343;-49,246;2025-03-11 23:00:00.0;1,77
ALMIRANTE TAMANDARÉ;410040003A;PR;Jardim Graziela;-25,343;-49,246;2025-03-11 23:10:00.0;2,95
ALMIRANTE TAMANDARÉ;410040003A;PR;Jardim Graziela;-25,343;-49,246;2025-03-11 23:20:00.0;3,55
ALMIRANTE TAMANDARÉ;410040003A;PR;Jardim Graziela;-25,343;-49,246;2025-03-11 23:30:00.0;0,79
ALMIRANTE TAMANDARÉ;410040003A;PR;Jardim Graziela;-25,343;-49,246;2025-03-11 23:40:00.0;0,59
ALMIRANTE TAMANDARÉ;410040003A;PR;Jardim Graziela;-25,343;-49,246;2025-03-11 23:50:00.0;0,20
ALMIRANTE TAMANDARÉ;410040003A;PR;Jardim Graziela;-25,343;-49,246;2025-03-12 00:10:00.0;0,20
ALMIRANTE TAMANDARÉ;410040003A;PR;Jardim Graziela;-25,343;-49,246;2025-03-12 00:40:00.0;0,00
ALMIRANTE TAMANDARÉ;410040003A;PR;Jardim Graziela;-25,343;-49,246;2025-03-12 01:20:00.0;0,20
ALMIRANTE TAMANDARÉ;410040003A;PR;Jardim Graziela;-25,343;-49,246;2025-03-12 01:40:00.0;0,00
ALMIRANTE TAMANDARÉ;410040003A;PR;Jardim Graziela;-25,343;-49,246;2025-03-12 02:40:00.0;0,00
ALMIRANTE TAMANDARÉ;410040003A;PR;Jardim Graziela;-25,343;-49,246;2025-03-12 03:40:00.0;0,00
ALMIRANTE TAMANDARÉ;410040003A;PR;Jardim Graziela;-25,343;-49,246;2025-03-12 04:40:00.0;0,00
ALMIRANTE TAMANDARÉ;410040003A;PR;Jardim Graziela;-25,343;-49,246;2025-03-12 05:40:00.0;0,00
ALMIRANTE TAMANDARÉ;410040003A;PR;Jardim Graziela;-25,343;-49,246;2025-03-12 06:40:00.0;0,00
ALMIRANTE TAMANDARÉ;410040003A;PR;Jardim Graziela;-25,343;-49,246;2025-03-12 07:40:00.0;0,00
ALMIRANTE TAMANDARÉ;410040003A;PR;Jardim Graziela;-25,343;-49,246;2025-03-12 07:50:00.0;0,20
ALMIRANTE TAMANDARÉ;410040003A;PR;Jardim Graziela;-25,343;-49,246;2025-03-12 08:40:00.0;0,00
ALMIRANTE TAMANDARÉ;410040003A;PR;Jardim Graziela;-25,343;-49,246;2025-03-12 09:40:00.0;0,00
ALMIRANTE TAMANDARÉ;410040003A;PR;Jardim Graziela;-25,343;-49,246;2025-03-12 10:40:00.0;0,00
ALMIRANTE TAMANDARÉ;410040003A;PR;Jardim Graziela;-25,343;-49,246;2025-03-12 11:40:00.0;0,00
ALMIRANTE TAMANDARÉ;410040003A;PR;Jardim Graziela;-25,343;-49,246;2025-03-12 12:40:00.0;0,00
ALMIRANTE TAMANDARÉ;410040003A;PR;Jardim Graziela;-25,343;-49,246;2025-03-12 13:40:00.0;0,00
ALMIRANTE TAMANDARÉ;410040003A;PR;Jardim Graziela;-25,343;-49,246;2025-03-12 14:40:00.0;0,00
ALMIRANTE TAMANDARÉ;410040003A;PR;Jardim Graziela;-25,343;-49,246;2025-03-12 15:40:00.0;0,20
ALMIRANTE TAMANDARÉ;410040003A;PR;Jardim Graziela;-25,343;-49,246;2025-03-12 16:40:00.0;0,00
ALMIRANTE TAMANDARÉ;410040003A;PR;Jardim Graziela;-25,343;-49,246;2025-03-12 17:40:00.0;0,00
ALMIRANTE TAMANDARÉ;410040003A;PR;Jardim Graziela;-25,343;-49,246;2025-03-12 18:40:00.0;0,00
ALMIRANTE TAMANDARÉ;410040003A;PR;Jardim Graziela;-25,343;-49,246;2025-03-12 19:40:00.0;0,00
ALMIRANTE TAMANDARÉ;410040003A;PR;Jardim Graziela;-25,343;-49,246;2025-03-12 20:40:00.0;0,00
ALMIRANTE TAMANDARÉ;410040003A;PR;Jardim Graziela;-25,343;-49,246;2025-03-12 21:30:00.0;1,18
ALMIRANTE TAMANDARÉ;410040003A;PR;Jardim Graziela;-25,343;-49,246;2025-03-12 21:40:00.0;17,89
ALMIRANTE TAMANDARÉ;410040003A;PR;Jardim Graziela;-25,343;-49,246;2025-03-12 21:50:00.0;13,42
ALMIRANTE TAMANDARÉ;410040003A;PR;Jardim Graziela;-25,343;-49,246;2025-03-12 22:00:00.0;9,96
ALMIRANTE TAMANDARÉ;410040003A;PR;Jardim Graziela;-25,343;-49,246;2025-03-12 22:10:00.0;4,33
ALMIRANTE TAMANDARÉ;410040003A;PR;Jardim Graziela;-25,343;-49,246;2025-03-12 22:20:00.0;5,71
ALMIRANTE TAMANDARÉ;410040003A;PR;Jardim Graziela;-25,343;-49,246;2025-03-12 22:30:00.0;8,11
ALMIRANTE TAMANDARÉ;410040003A;PR;Jardim Graziela;-25,343;-49,246;2025-03-12 22:40:00.0;2,56
ALMIRANTE TAMANDARÉ;410040003A;PR;Jardim Graziela;-25,343;-49,246;2025-03-12 22:50:00.0;1,18
ALMIRANTE TAMANDARÉ;410040003A;PR;Jardim Graziela;-25,343;-49,246;2025-03-12 23:00:00.0;0,98
ALMIRANTE TAMANDARÉ;410040003A;PR;Jardim Graziela;-25,343;-49,246;2025-03-12 23:10:00.0;0,79
ALMIRANTE TAMANDARÉ;410040003A;PR;Jardim Graziela;-25,343;-49,246;2025-03-12 23:20:00.0;0,39
ALMIRANTE TAMANDARÉ;410040003A;PR;Jardim Graziela;-25,343;-49,246;2025-03-12 23:30:00.0;0,98
ALMIRANTE TAMANDARÉ;410040003A;PR;Jardim Graziela;-25,343;-49,246;2025-03-12 23:40:00.0;0,59
ALMIRANTE TAMANDARÉ;410040003A;PR;Jardim Graziela;-25,343;-49,246;2025-03-12 23:50:00.0;0,59
ALMIRANTE TAMANDARÉ;410040003A;PR;Jardim Graziela;-25,343;-49,246;2025-03-13 00:20:00.0;0,20
ALMIRANTE TAMANDARÉ;410040003A;PR;Jardim Graziela;-25,343;-49,246;2025-03-13 00:40:00.0;0,00
ALMIRANTE TAMANDARÉ;410040003A;PR;Jardim Graziela;-25,343;-49,246;2025-03-13 01:40:00.0;0,00
ALMIRANTE TAMANDARÉ;410040003A;PR;Jardim Graziela;-25,343;-49,246;2025-03-13 02:30:00.0;1,18
ALMIRANTE TAMANDARÉ;410040003A;PR;Jardim Graziela;-25,343;-49,246;2025-03-13 02:40:00.0;0,79
ALMIRANTE TAMANDARÉ;410040003A;PR;Jardim Graziela;-25,343;-49,246;2025-03-13 02:50:00.0;0,20
ALMIRANTE TAMANDARÉ;410040003A;PR;Jardim Graziela;-25,343;-49,246;2025-03-13 03:00:00.0;0,59
ALMIRANTE TAMANDARÉ;410040003A;PR;Jardim Graziela;-25,343;-49,246;2025-03-13 03:20:00.0;0,42
ALMIRANTE TAMANDARÉ;410040003A;PR;Jardim Graziela;-25,343;-49,246;2025-03-13 03:40:00.0;0,00
ALMIRANTE TAMANDARÉ;410040003A;PR;Jardim Graziela;-25,343;-49,246;2025-03-13 04:40:00.0;0,00
ALMIRANTE TAMANDARÉ;410040003A;PR;Jardim Graziela;-25,343;-49,246;2025-03-13 05:10:00.0;0,20
ALMIRANTE TAMANDARÉ;410040003A;PR;Jardim Graziela;-25,343;-49,246;2025-03-13 05:40:00.0;0,00
ALMIRANTE TAMANDARÉ;410040003A;PR;Jardim Graziela;-25,343;-49,246;2025-03-13 06:40:00.0;0,20
ALMIRANTE TAMANDARÉ;410040003A;PR;Jardim Graziela;-25,343;-49,246;2025-03-13 07:00:00.0;0,20
ALMIRANTE TAMANDARÉ;410040003A;PR;Jardim Graziela;-25,343;-49,246;2025-03-13 07:20:00.0;0,20
ALMIRANTE TAMANDARÉ;410040003A;PR;Jardim Graziela;-25,343;-49,246;2025-03-13 07:30:00.0;0,20
ALMIRANTE TAMANDARÉ;410040003A;PR;Jardim Graziela;-25,343;-49,246;2025-03-13 07:40:00.0;0,59
ALMIRANTE TAMANDARÉ;410040003A;PR;Jardim Graziela;-25,343;-49,246;2025-03-13 07:50:00.0;0,39
ALMIRANTE TAMANDARÉ;410040003A;PR;Jardim Graziela;-25,343;-49,246;2025-03-13 08:00:00.0;0,39
ALMIRANTE TAMANDARÉ;410040003A;PR;Jardim Graziela;-25,343;-49,246;2025-03-13 08:10:00.0;0,39
ALMIRANTE TAMANDARÉ;410040003A;PR;Jardim Graziela;-25,343;-49,246;2025-03-13 08:20:00.0;0,20
ALMIRANTE TAMANDARÉ;410040003A;PR;Jardim Graziela;-25,343;-49,246;2025-03-13 08:40:00.0;0,00
ALMIRANTE TAMANDARÉ;410040003A;PR;Jardim Graziela;-25,343;-49,246;2025-03-13 08:50:00.0;0,20
ALMIRANTE TAMANDARÉ;410040003A;PR;Jardim Graziela;-25,343;-49,246;2025-03-13 09:40:00.0;0,00
ALMIRANTE TAMANDARÉ;410040003A;PR;Jardim Graziela;-25,343;-49,246;2025-03-13 10:40:00.0;0,00
ALMIRANTE TAMANDARÉ;410040003A;PR;Jardim Graziela;-25,343;-49,246;2025-03-13 11:40:00.0;0,00
ALMIRANTE TAMANDARÉ;410040003A;PR;Jardim Graziela;-25,343;-49,246;2025-03-13 12:40:00.0;0,00
ALMIRANTE TAMANDARÉ;410040003A;PR;Jardim Graziela;-25,343;-49,246;2025-03-13 13:40:00.0;0,00
ALMIRANTE TAMANDARÉ;410040003A;PR;Jardim Graziela;-25,343;-49,246;2025-03-13 14:40:00.0;0,00
ALMIRANTE TAMANDARÉ;410040003A;PR;Jardim Graziela;-25,343;-49,246;2025-03-13 15:40:00.0;0,00
ALMIRANTE TAMANDARÉ;410040003A;PR;Jardim Graziela;-25,343;-49,246;2025-03-13 16:40:00.0;0,00
ALMIRANTE TAMANDARÉ;410040003A;PR;Jardim Graziela;-25,343;-49,246;2025-03-13 17:40:00.0;0,00
ALMIRANTE TAMANDARÉ;410040003A;PR;Jardim Graziela;-25,343;-49,246;2025-03-13 18:40:00.0;0,00
ALMIRANTE TAMANDARÉ;410040003A;PR;Jardim Graziela;-25,343;-49,246;2025-03-13 19:40:00.0;0,00
ALMIRANTE TAMANDARÉ;410040003A;PR;Jardim Graziela;-25,343;-49,246;2025-03-13 20:20:00.0;0,20
ALMIRANTE TAMANDARÉ;410040003A;PR;Jardim Graziela;-25,343;-49,246;2025-03-13 20:30:00.0;0,20
ALMIRANTE TAMANDARÉ;410040003A;PR;Jardim Graziela;-25,343;-49,246;2025-03-13 20:40:00.0;0,00
ALMIRANTE TAMANDARÉ;410040003A;PR;Jardim Graziela;-25,343;-49,246;2025-03-13 21:40:00.0;0,00
ALMIRANTE TAMANDARÉ;410040003A;PR;Jardim Graziela;-25,343;-49,246;2025-03-13 22:40:00.0;0,00
ALMIRANTE TAMANDARÉ;410040003A;PR;Jardim Graziela;-25,343;-49,246;2025-03-13 23:20:00.0;1,77
ALMIRANTE TAMANDARÉ;410040003A;PR;Jardim Graziela;-25,343;-49,246;2025-03-13 23:30:00.0;6,30
ALMIRANTE TAMANDARÉ;410040003A;PR;Jardim Graziela;-25,343;-49,246;2025-03-13 23:40:00.0;0,79
ALMIRANTE TAMANDARÉ;410040003A;PR;Jardim Graziela;-25,343;-49,246;2025-03-13 23:50:00.0;0,39
ALMIRANTE TAMANDARÉ;410040003A;PR;Jardim Graziela;-25,343;-49,246;2025-03-14 00:00:00.0;0,20
ALMIRANTE TAMANDARÉ;410040003A;PR;Jardim Graziela;-25,343;-49,246;2025-03-14 00:10:00.0;0,39
ALMIRANTE TAMANDARÉ;410040003A;PR;Jardim Graziela;-25,343;-49,246;2025-03-14 00:20:00.0;0,20
ALMIRANTE TAMANDARÉ;410040003A;PR;Jardim Graziela;-25,343;-49,246;2025-03-14 00:40:00.0;0,00
ALMIRANTE TAMANDARÉ;410040003A;PR;Jardim Graziela;-25,343;-49,246;2025-03-14 00:50:00.0;0,39
ALMIRANTE TAMANDARÉ;410040003A;PR;Jardim Graziela;-25,343;-49,246;2025-03-14 01:00:00.0;0,42
ALMIRANTE TAMANDARÉ;410040003A;PR;Jardim Graziela;-25,343;-49,246;2025-03-14 01:10:00.0;0,20
ALMIRANTE TAMANDARÉ;410040003A;PR;Jardim Graziela;-25,343;-49,246;2025-03-14 01:20:00.0;0,20
ALMIRANTE TAMANDARÉ;410040003A;PR;Jardim Graziela;-25,343;-49,246;2025-03-14 01:40:00.0;0,00
ALMIRANTE TAMANDARÉ;410040003A;PR;Jardim Graziela;-25,343;-49,246;2025-03-14 02:00:00.0;2,16
ALMIRANTE TAMANDARÉ;410040003A;PR;Jardim Graziela;-25,343;-49,246;2025-03-14 02:10:00.0;0,79
ALMIRANTE TAMANDARÉ;410040003A;PR;Jardim Graziela;-25,343;-49,246;2025-03-14 02:20:00.0;0,20
ALMIRANTE TAMANDARÉ;410040003A;PR;Jardim Graziela;-25,343;-49,246;2025-03-14 02:40:00.0;0,00
ALMIRANTE TAMANDARÉ;410040003A;PR;Jardim Graziela;-25,343;-49,246;2025-03-14 03:40:00.0;0,00
ALMIRANTE TAMANDARÉ;410040003A;PR;Jardim Graziela;-25,343;-49,246;2025-03-14 04:40:00.0;0,00
ALMIRANTE TAMANDARÉ;410040003A;PR;Jardim Graziela;-25,343;-49,246;2025-03-14 05:40:00.0;0,00
ALMIRANTE TAMANDARÉ;410040003A;PR;Jardim Graziela;-25,343;-49,246;2025-03-14 06:40:00.0;0,00
ALMIRANTE TAMANDARÉ;410040003A;PR;Jardim Graziela;-25,343;-49,246;2025-03-14 07:40:00.0;0,00
ALMIRANTE TAMANDARÉ;410040003A;PR;Jardim Graziela;-25,343;-49,246;2025-03-14 08:40:00.0;0,00
ALMIRANTE TAMANDARÉ;410040003A;PR;Jardim Graziela;-25,343;-49,246;2025-03-14 09:40:00.0;0,00
ALMIRANTE TAMANDARÉ;410040003A;PR;Jardim Graziela;-25,343;-49,246;2025-03-14 10:40:00.0;0,00
ALMIRANTE TAMANDARÉ;410040003A;PR;Jardim Graziela;-25,343;-49,246;2025-03-14 11:40:00.0;0,00
ALMIRANTE TAMANDARÉ;410040003A;PR;Jardim Graziela;-25,343;-49,246;2025-03-14 12:40:00.0;0,00
ALMIRANTE TAMANDARÉ;410040003A;PR;Jardim Graziela;-25,343;-49,246;2025-03-14 13:40:00.0;0,00
ALMIRANTE TAMANDARÉ;410040003A;PR;Jardim Graziela;-25,343;-49,246;2025-03-14 14:40:00.0;0,00
ALMIRANTE TAMANDARÉ;410040003A;PR;Jardim Graziela;-25,343;-49,246;2025-03-14 15:40:00.0;0,00
ALMIRANTE TAMANDARÉ;410040003A;PR;Jardim Graziela;-25,343;-49,246;2025-03-14 16:40:00.0;0,00
ALMIRANTE TAMANDARÉ;410040003A;PR;Jardim Graziela;-25,343;-49,246;2025-03-14 17:40:00.0;0,00
ALMIRANTE TAMANDARÉ;410040003A;PR;Jardim Graziela;-25,343;-49,246;2025-03-14 18:40:00.0;0,00
ALMIRANTE TAMANDARÉ;410040003A;PR;Jardim Graziela;-25,343;-49,246;2025-03-14 19:40:00.0;0,00
ALMIRANTE TAMANDARÉ;410040003A;PR;Jardim Graziela;-25,343;-49,246;2025-03-14 20:40:00.0;0,00
ALMIRANTE TAMANDARÉ;410040003A;PR;Jardim Graziela;-25,343;-49,246;2025-03-14 21:40:00.0;0,00
ALMIRANTE TAMANDARÉ;410040003A;PR;Jardim Graziela;-25,343;-49,246;2025-03-14 22:40:00.0;0,00
ALMIRANTE TAMANDARÉ;410040003A;PR;Jardim Graziela;-25,343;-49,246;2025-03-14 23:40:00.0;0,00
ALMIRANTE TAMANDARÉ;410040003A;PR;Jardim Graziela;-25,343;-49,246;2025-03-15 00:40:00.0;0,00
ALMIRANTE TAMANDARÉ;410040003A;PR;Jardim Graziela;-25,343;-49,246;2025-03-15 01:40:00.0;0,00
ALMIRANTE TAMANDARÉ;410040003A;PR;Jardim Graziela;-25,343;-49,246;2025-03-15 02:40:00.0;0,00
ALMIRANTE TAMANDARÉ;410040003A;PR;Jardim Graziela;-25,343;-49,246;2025-03-15 03:40:00.0;0,00
ALMIRANTE TAMANDARÉ;410040003A;PR;Jardim Graziela;-25,343;-49,246;2025-03-15 04:40:00.0;0,00
ALMIRANTE TAMANDARÉ;410040003A;PR;Jardim Graziela;-25,343;-49,246;2025-03-15 05:40:00.0;0,00
ALMIRANTE TAMANDARÉ;410040003A;PR;Jardim Graziela;-25,343;-49,246;2025-03-15 06:40:00.0;0,00
ALMIRANTE TAMANDARÉ;410040003A;PR;Jardim Graziela;-25,343;-49,246;2025-03-15 07:40:00.0;0,00
ALMIRANTE TAMANDARÉ;410040003A;PR;Jardim Graziela;-25,343;-49,246;2025-03-15 08:40:00.0;0,00
ALMIRANTE TAMANDARÉ;410040003A;PR;Jardim Graziela;-25,343;-49,246;2025-03-15 09:40:00.0;0,00
ALMIRANTE TAMANDARÉ;410040003A;PR;Jardim Graziela;-25,343;-49,246;2025-03-15 10:40:00.0;0,00
ALMIRANTE TAMANDARÉ;410040003A;PR;Jardim Graziela;-25,343;-49,246;2025-03-15 11:40:00.0;0,00
ALMIRANTE TAMANDARÉ;410040003A;PR;Jardim Graziela;-25,343;-49,246;2025-03-15 12:40:00.0;0,00
ALMIRANTE TAMANDARÉ;410040003A;PR;Jardim Graziela;-25,343;-49,246;2025-03-15 13:40:00.0;0,00
ALMIRANTE TAMANDARÉ;410040003A;PR;Jardim Graziela;-25,343;-49,246;2025-03-15 14:40:00.0;0,00
ALMIRANTE TAMANDARÉ;410040003A;PR;Jardim Graziela;-25,343;-49,246;2025-03-15 15:40:00.0;0,00
ALMIRANTE TAMANDARÉ;410040003A;PR;Jardim Graziela;-25,343;-49,246;2025-03-15 16:40:00.0;0,00
ALMIRANTE TAMANDARÉ;410040003A;PR;Jardim Graziela;-25,343;-49,246;2025-03-15 17:40:00.0;0,00
ALMIRANTE TAMANDARÉ;410040003A;PR;Jardim Graziela;-25,343;-49,246;2025-03-15 18:40:00.0;0,00
ALMIRANTE TAMANDARÉ;410040003A;PR;Jardim Graziela;-25,343;-49,246;2025-03-15 19:20:00.0;0,39
ALMIRANTE TAMANDARÉ;410040003A;PR;Jardim Graziela;-25,343;-49,246;2025-03-15 19:30:00.0;0,59
ALMIRANTE TAMANDARÉ;410040003A;PR;Jardim Graziela;-25,343;-49,246;2025-03-15 19:40:00.0;1,77
ALMIRANTE TAMANDARÉ;410040003A;PR;Jardim Graziela;-25,343;-49,246;2025-03-15 19:50:00.0;0,39
ALMIRANTE TAMANDARÉ;410040003A;PR;Jardim Graziela;-25,343;-49,246;2025-03-15 20:00:00.0;0,59
ALMIRANTE TAMANDARÉ;410040003A;PR;Jardim Graziela;-25,343;-49,246;2025-03-15 20:10:00.0;0,39
ALMIRANTE TAMANDARÉ;410040003A;PR;Jardim Graziela;-25,343;-49,246;2025-03-15 20:20:00.0;0,79
ALMIRANTE TAMANDARÉ;410040003A;PR;Jardim Graziela;-25,343;-49,246;2025-03-15 20:30:00.0;0,20
ALMIRANTE TAMANDARÉ;410040003A;PR;Jardim Graziela;-25,343;-49,246;2025-03-15 20:40:00.0;0,20
ALMIRANTE TAMANDARÉ;410040003A;PR;Jardim Graziela;-25,343;-49,246;2025-03-15 21:40:00.0;0,00
ALMIRANTE TAMANDARÉ;410040003A;PR;Jardim Graziela;-25,343;-49,246;2025-03-15 22:40:00.0;0,00
ALMIRANTE TAMANDARÉ;410040003A;PR;Jardim Graziela;-25,343;-49,246;2025-03-15 23:40:00.0;0,00
ALMIRANTE TAMANDARÉ;410040003A;PR;Jardim Graziela;-25,343;-49,246;2025-03-16 00:40:00.0;0,00
ALMIRANTE TAMANDARÉ;410040003A;PR;Jardim Graziela;-25,343;-49,246;2025-03-16 01:40:00.0;0,00
ALMIRANTE TAMANDARÉ;410040003A;PR;Jardim Graziela;-25,343;-49,246;2025-03-16 02:40:00.0;0,00
ALMIRANTE TAMANDARÉ;410040003A;PR;Jardim Graziela;-25,343;-49,246;2025-03-16 03:40:00.0;0,00
ALMIRANTE TAMANDARÉ;410040003A;PR;Jardim Graziela;-25,343;-49,246;2025-03-16 04:40:00.0;0,00
ALMIRANTE TAMANDARÉ;410040003A;PR;Jardim Graziela;-25,343;-49,246;2025-03-16 05:40:00.0;0,00
ALMIRANTE TAMANDARÉ;410040003A;PR;Jardim Graziela;-25,343;-49,246;2025-03-16 06:40:00.0;0,00
ALMIRANTE TAMANDARÉ;410040003A;PR;Jardim Graziela;-25,343;-49,246;2025-03-16 07:40:00.0;0,00
ALMIRANTE TAMANDARÉ;410040003A;PR;Jardim Graziela;-25,343;-49,246;2025-03-16 08:40:00.0;0,00
ALMIRANTE TAMANDARÉ;410040003A;PR;Jardim Graziela;-25,343;-49,246;2025-03-16 09:40:00.0;0,00
ALMIRANTE TAMANDARÉ;410040003A;PR;Jardim Graziela;-25,343;-49,246;2025-03-16 10:40:00.0;0,00
ALMIRANTE TAMANDARÉ;410040003A;PR;Jardim Graziela;-25,343;-49,246;2025-03-16 11:40:00.0;0,00
ALMIRANTE TAMANDARÉ;410040003A;PR;Jardim Graziela;-25,343;-49,246;2025-03-16 12:40:00.0;0,00
ALMIRANTE TAMANDARÉ;410040003A;PR;Jardim Graziela;-25,343;-49,246;2025-03-16 13:40:00.0;0,00
ALMIRANTE TAMANDARÉ;410040003A;PR;Jardim Graziela;-25,343;-49,246;2025-03-16 14:40:00.0;0,00
ALMIRANTE TAMANDARÉ;410040003A;PR;Jardim Graziela;-25,343;-49,246;2025-03-16 15:40:00.0;0,00
ALMIRANTE TAMANDARÉ;410040003A;PR;Jardim Graziela;-25,343;-49,246;2025-03-16 16:40:00.0;0,00
ALMIRANTE TAMANDARÉ;410040003A;PR;Jardim Graziela;-25,343;-49,246;2025-03-16 17:40:00.0;0,00
ALMIRANTE TAMANDARÉ;410040003A;PR;Jardim Graziela;-25,343;-49,246;2025-03-16 18:40:00.0;0,00
ALMIRANTE TAMANDARÉ;410040003A;PR;Jardim Graziela;-25,343;-49,246;2025-03-16 19:40:00.0;0,00
ALMIRANTE TAMANDARÉ;410040003A;PR;Jardim Graziela;-25,343;-49,246;2025-03-16 20:40:00.0;0,00
ALMIRANTE TAMANDARÉ;410040003A;PR;Jardim Graziela;-25,343;-49,246;2025-03-16 21:40:00.0;0,00
ALMIRANTE TAMANDARÉ;410040003A;PR;Jardim Graziela;-25,343;-49,246;2025-03-16 22:40:00.0;0,00
ALMIRANTE TAMANDARÉ;410040003A;PR;Jardim Graziela;-25,343;-49,246;2025-03-16 23:40:00.0;0,00
ALMIRANTE TAMANDARÉ;410040003A;PR;Jardim Graziela;-25,343;-49,246;2025-03-17 00:40:00.0;0,00
ALMIRANTE TAMANDARÉ;410040003A;PR;Jardim Graziela;-25,343;-49,246;2025-03-17 01:40:00.0;0,00
ALMIRANTE TAMANDARÉ;410040003A;PR;Jardim Graziela;-25,343;-49,246;2025-03-17 02:40:00.0;0,00
ALMIRANTE TAMANDARÉ;410040003A;PR;Jardim Graziela;-25,343;-49,246;2025-03-17 03:40:00.0;0,00
ALMIRANTE TAMANDARÉ;410040003A;PR;Jardim Graziela;-25,343;-49,246;2025-03-17 04:40:00.0;0,00
ALMIRANTE TAMANDARÉ;410040003A;PR;Jardim Graziela;-25,343;-49,246;2025-03-17 05:40:00.0;0,00
ALMIRANTE TAMANDARÉ;410040003A;PR;Jardim Graziela;-25,343;-49,246;2025-03-17 06:40:00.0;0,00
ALMIRANTE TAMANDARÉ;410040003A;PR;Jardim Graziela;-25,343;-49,246;2025-03-17 07:40:00.0;0,00
ALMIRANTE TAMANDARÉ;410040003A;PR;Jardim Graziela;-25,343;-49,246;2025-03-17 08:40:00.0;0,00
ALMIRANTE TAMANDARÉ;410040003A;PR;Jardim Graziela;-25,343;-49,246;2025-03-17 09:40:00.0;0,00
ALMIRANTE TAMANDARÉ;410040003A;PR;Jardim Graziela;-25,343;-49,246;2025-03-17 10:40:00.0;0,00
ALMIRANTE TAMANDARÉ;410040003A;PR;Jardim Graziela;-25,343;-49,246;2025-03-17 11:40:00.0;0,00
ALMIRANTE TAMANDARÉ;410040003A;PR;Jardim Graziela;-25,343;-49,246;2025-03-17 12:40:00.0;0,00
ALMIRANTE TAMANDARÉ;410040003A;PR;Jardim Graziela;-25,343;-49,246;2025-03-17 13:40:00.0;0,00
ALMIRANTE TAMANDARÉ;410040003A;PR;Jardim Graziela;-25,343;-49,246;2025-03-17 14:40:00.0;0,00
ALMIRANTE TAMANDARÉ;410040003A;PR;Jardim Graziela;-25,343;-49,246;2025-03-17 15:40:00.0;0,00
ALMIRANTE TAMANDARÉ;410040003A;PR;Jardim Graziela;-25,343;-49,246;2025-03-17 16:40:00.0;0,00
ALMIRANTE TAMANDARÉ;410040003A;PR;Jardim Graziela;-25,343;-49,246;2025-03-17 17:40:00.0;0,00
ALMIRANTE TAMANDARÉ;410040003A;PR;Jardim Graziela;-25,343;-49,246;2025-03-17 18:40:00.0;0,00
ALMIRANTE TAMANDARÉ;410040003A;PR;Jardim Graziela;-25,343;-49,246;2025-03-17 19:40:00.0;0,00
ALMIRANTE TAMANDARÉ;410040003A;PR;Jardim Graziela;-25,343;-49,246;2025-03-17 20:40:00.0;0,00
ALMIRANTE TAMANDARÉ;410040003A;PR;Jardim Graziela;-25,343;-49,246;2025-03-17 21:40:00.0;0,00
ALMIRANTE TAMANDARÉ;410040003A;PR;Jardim Graziela;-25,343;-49,246;2025-03-17 22:40:00.0;0,00
ALMIRANTE TAMANDARÉ;410040003A;PR;Jardim Graziela;-25,343;-49,246;2025-03-17 23:40:00.0;0,00
ALMIRANTE TAMANDARÉ;410040003A;PR;Jardim Graziela;-25,343;-49,246;2025-03-18 00:40:00.0;0,00
ALMIRANTE TAMANDARÉ;410040003A;PR;Jardim Graziela;-25,343;-49,246;2025-03-18 01:40:00.0;0,00
ALMIRANTE TAMANDARÉ;410040003A;PR;Jardim Graziela;-25,343;-49,246;2025-03-18 02:40:00.0;0,00
ALMIRANTE TAMANDARÉ;410040003A;PR;Jardim Graziela;-25,343;-49,246;2025-03-18 03:40:00.0;0,00
ALMIRANTE TAMANDARÉ;410040003A;PR;Jardim Graziela;-25,343;-49,246;2025-03-18 04:40:00.0;0,00
ALMIRANTE TAMANDARÉ;410040003A;PR;Jardim Graziela;-25,343;-49,246;2025-03-18 05:40:00.0;0,00
ALMIRANTE TAMANDARÉ;410040003A;PR;Jardim Graziela;-25,343;-49,246;2025-03-18 06:40:00.0;0,00
ALMIRANTE TAMANDARÉ;410040003A;PR;Jardim Graziela;-25,343;-49,246;2025-03-18 07:40:00.0;0,00
ALMIRANTE TAMANDARÉ;410040003A;PR;Jardim Graziela;-25,343;-49,246;2025-03-18 08:40:00.0;0,00
ALMIRANTE TAMANDARÉ;410040003A;PR;Jardim Graziela;-25,343;-49,246;2025-03-18 09:40:00.0;0,00
ALMIRANTE TAMANDARÉ;410040003A;PR;Jardim Graziela;-25,343;-49,246;2025-03-18 10:40:00.0;0,00
ALMIRANTE TAMANDARÉ;410040003A;PR;Jardim Graziela;-25,343;-49,246;2025-03-18 11:40:00.0;0,00
ALMIRANTE TAMANDARÉ;410040003A;PR;Jardim Graziela;-25,343;-49,246;2025-03-18 12:40:00.0;0,00
ALMIRANTE TAMANDARÉ;410040003A;PR;Jardim Graziela;-25,343;-49,246;2025-03-18 13:40:00.0;0,00
ALMIRANTE TAMANDARÉ;410040003A;PR;Jardim Graziela;-25,343;-49,246;2025-03-18 14:40:00.0;0,00
ALMIRANTE TAMANDARÉ;410040003A;PR;Jardim Graziela;-25,343;-49,246;2025-03-18 15:40:00.0;0,00
ALMIRANTE TAMANDARÉ;410040003A;PR;Jardim Graziela;-25,343;-49,246;2025-03-18 16:40:00.0;0,00
ALMIRANTE TAMANDARÉ;410040003A;PR;Jardim Graziela;-25,343;-49,246;2025-03-18 17:40:00.0;0,00
ALMIRANTE TAMANDARÉ;410040003A;PR;Jardim Graziela;-25,343;-49,246;2025-03-18 18:40:00.0;0,00
ALMIRANTE TAMANDARÉ;410040003A;PR;Jardim Graziela;-25,343;-49,246;2025-03-18 19:00:00.0;1,18
ALMIRANTE TAMANDARÉ;410040003A;PR;Jardim Graziela;-25,343;-49,246;2025-03-18 19:10:00.0;0,79
ALMIRANTE TAMANDARÉ;410040003A;PR;Jardim Graziela;-25,343;-49,246;2025-03-18 19:20:00.0;0,20
ALMIRANTE TAMANDARÉ;410040003A;PR;Jardim Graziela;-25,343;-49,246;2025-03-18 19:30:00.0;0,20
ALMIRANTE TAMANDARÉ;410040003A;PR;Jardim Graziela;-25,343;-49,246;2025-03-18 19:40:00.0;0,00
ALMIRANTE TAMANDARÉ;410040003A;PR;Jardim Graziela;-25,343;-49,246;2025-03-18 20:40:00.0;0,00
ALMIRANTE TAMANDARÉ;410040003A;PR;Jardim Graziela;-25,343;-49,246;2025-03-18 21:40:00.0;0,00
ALMIRANTE TAMANDARÉ;410040003A;PR;Jardim Graziela;-25,343;-49,246;2025-03-18 22:40:00.0;0,00
ALMIRANTE TAMANDARÉ;410040003A;PR;Jardim Graziela;-25,343;-49,246;2025-03-18 23:40:00.0;0,00
ALMIRANTE TAMANDARÉ;410040003A;PR;Jardim Graziela;-25,343;-49,246;2025-03-19 00:40:00.0;0,00
ALMIRANTE TAMANDARÉ;410040003A;PR;Jardim Graziela;-25,343;-49,246;2025-03-19 01:40:00.0;0,00
ALMIRANTE TAMANDARÉ;410040003A;PR;Jardim Graziela;-25,343;-49,246;2025-03-19 02:40:00.0;0,00
ALMIRANTE TAMANDARÉ;410040003A;PR;Jardim Graziela;-25,343;-49,246;2025-03-19 03:40:00.0;0,00
ALMIRANTE TAMANDARÉ;410040003A;PR;Jardim Graziela;-25,343;-49,246;2025-03-19 04:40:00.0;0,00
ALMIRANTE TAMANDARÉ;410040003A;PR;Jardim Graziela;-25,343;-49,246;2025-03-19 05:40:00.0;0,00
ALMIRANTE TAMANDARÉ;410040003A;PR;Jardim Graziela;-25,343;-49,246;2025-03-19 06:40:00.0;0,00
ALMIRANTE TAMANDARÉ;410040003A;PR;Jardim Graziela;-25,343;-49,246;2025-03-19 07:40:00.0;0,00
ALMIRANTE TAMANDARÉ;410040003A;PR;Jardim Graziela;-25,343;-49,246;2025-03-19 08:40:00.0;0,00
ALMIRANTE TAMANDARÉ;410040003A;PR;Jardim Graziela;-25,343;-49,246;2025-03-19 09:40:00.0;0,00
ALMIRANTE TAMANDARÉ;410040003A;PR;Jardim Graziela;-25,343;-49,246;2025-03-19 10:40:00.0;0,00
ALMIRANTE TAMANDARÉ;410040003A;PR;Jardim Graziela;-25,343;-49,246;2025-03-19 11:40:00.0;0,00
ALMIRANTE TAMANDARÉ;410040003A;PR;Jardim Graziela;-25,343;-49,246;2025-03-19 12:40:00.0;0,00
ALMIRANTE TAMANDARÉ;410040003A;PR;Jardim Graziela;-25,343;-49,246;2025-03-19 13:40:00.0;0,00
ALMIRANTE TAMANDARÉ;410040003A;PR;Jardim Graziela;-25,343;-49,246;2025-03-19 14:40:00.0;0,20
ALMIRANTE TAMANDARÉ;410040003A;PR;Jardim Graziela;-25,343;-49,246;2025-03-19 15:40:00.0;0,00
ALMIRANTE TAMANDARÉ;410040003A;PR;Jardim Graziela;-25,343;-49,246;2025-03-19 16:40:00.0;0,00
ALMIRANTE TAMANDARÉ;410040003A;PR;Jardim Graziela;-25,343;-49,246;2025-03-19 17:40:00.0;0,00
ALMIRANTE TAMANDARÉ;410040003A;PR;Jardim Graziela;-25,343;-49,246;2025-03-19 18:40:00.0;0,00
ALMIRANTE TAMANDARÉ;410040003A;PR;Jardim Graziela;-25,343;-49,246;2025-03-19 19:40:00.0;0,00
ALMIRANTE TAMANDARÉ;410040003A;PR;Jardim Graziela;-25,343;-49,246;2025-03-19 20:40:00.0;0,00
ALMIRANTE TAMANDARÉ;410040003A;PR;Jardim Graziela;-25,343;-49,246;2025-03-19 21:40:00.0;0,00
ALMIRANTE TAMANDARÉ;410040003A;PR;Jardim Graziela;-25,343;-49,246;2025-03-19 22:40:00.0;0,00
ALMIRANTE TAMANDARÉ;410040003A;PR;Jardim Graziela;-25,343;-49,246;2025-03-19 23:40:00.0;0,00
ALMIRANTE TAMANDARÉ;410040003A;PR;Jardim Graziela;-25,343;-49,246;2025-03-20 00:40:00.0;0,00
ALMIRANTE TAMANDARÉ;410040003A;PR;Jardim Graziela;-25,343;-49,246;2025-03-20 01:40:00.0;0,00
ALMIRANTE TAMANDARÉ;410040003A;PR;Jardim Graziela;-25,343;-49,246;2025-03-20 02:40:00.0;0,00
ALMIRANTE TAMANDARÉ;410040003A;PR;Jardim Graziela;-25,343;-49,246;2025-03-20 03:40:00.0;0,00
ALMIRANTE TAMANDARÉ;410040003A;PR;Jardim Graziela;-25,343;-49,246;2025-03-20 04:40:00.0;0,00
ALMIRANTE TAMANDARÉ;410040003A;PR;Jardim Graziela;-25,343;-49,246;2025-03-20 05:40:00.0;0,00
ALMIRANTE TAMANDARÉ;410040003A;PR;Jardim Graziela;-25,343;-49,246;2025-03-20 06:40:00.0;0,00
ALMIRANTE TAMANDARÉ;410040003A;PR;Jardim Graziela;-25,343;-49,246;2025-03-20 07:40:00.0;0,00
ALMIRANTE TAMANDARÉ;410040003A;PR;Jardim Graziela;-25,343;-49,246;2025-03-20 08:40:00.0;0,00
ALMIRANTE TAMANDARÉ;410040003A;PR;Jardim Graziela;-25,343;-49,246;2025-03-20 09:40:00.0;0,00
ALMIRANTE TAMANDARÉ;410040003A;PR;Jardim Graziela;-25,343;-49,246;2025-03-20 10:40:00.0;0,00
ALMIRANTE TAMANDARÉ;410040003A;PR;Jardim Graziela;-25,343;-49,246;2025-03-20 11:40:00.0;0,00
ALMIRANTE TAMANDARÉ;410040003A;PR;Jardim Graziela;-25,343;-49,246;2025-03-20 12:40:00.0;0,00
ALMIRANTE TAMANDARÉ;410040003A;PR;Jardim Graziela;-25,343;-49,246;2025-03-20 13:40:00.0;0,00
ALMIRANTE TAMANDARÉ;410040003A;PR;Jardim Graziela;-25,343;-49,246;2025-03-20 14:40:00.0;0,00
ALMIRANTE TAMANDARÉ;410040003A;PR;Jardim Graziela;-25,343;-49,246;2025-03-20 15:40:00.0;0,00
ALMIRANTE TAMANDARÉ;410040003A;PR;Jardim Graziela;-25,343;-49,246;2025-03-20 16:40:00.0;0,00
ALMIRANTE TAMANDARÉ;410040003A;PR;Jardim Graziela;-25,343;-49,246;2025-03-20 17:40:00.0;0,00
ALMIRANTE TAMANDARÉ;410040003A;PR;Jardim Graziela;-25,343;-49,246;2025-03-20 18:40:00.0;0,00
ALMIRANTE TAMANDARÉ;410040003A;PR;Jardim Graziela;-25,343;-49,246;2025-03-20 19:40:00.0;0,00
ALMIRANTE TAMANDARÉ;410040003A;PR;Jardim Graziela;-25,343;-49,246;2025-03-20 20:40:00.0;0,00
ALMIRANTE TAMANDARÉ;410040003A;PR;Jardim Graziela;-25,343;-49,246;2025-03-20 21:40:00.0;0,00
ALMIRANTE TAMANDARÉ;410040003A;PR;Jardim Graziela;-25,343;-49,246;2025-03-20 22:40:00.0;0,00
ALMIRANTE TAMANDARÉ;410040003A;PR;Jardim Graziela;-25,343;-49,246;2025-03-20 23:40:00.0;0,00
ALMIRANTE TAMANDARÉ;410040003A;PR;Jardim Graziela;-25,343;-49,246;2025-03-21 00:40:00.0;0,00
ALMIRANTE TAMANDARÉ;410040003A;PR;Jardim Graziela;-25,343;-49,246;2025-03-21 01:40:00.0;0,00
ALMIRANTE TAMANDARÉ;410040003A;PR;Jardim Graziela;-25,343;-49,246;2025-03-21 02:40:00.0;0,00
ALMIRANTE TAMANDARÉ;410040003A;PR;Jardim Graziela;-25,343;-49,246;2025-03-21 03:40:00.0;0,00
ALMIRANTE TAMANDARÉ;410040003A;PR;Jardim Graziela;-25,343;-49,246;2025-03-21 04:40:00.0;0,00
ALMIRANTE TAMANDARÉ;410040003A;PR;Jardim Graziela;-25,343;-49,246;2025-03-21 05:40:00.0;0,00
ALMIRANTE TAMANDARÉ;410040003A;PR;Jardim Graziela;-25,343;-49,246;2025-03-21 06:40:00.0;0,00
ALMIRANTE TAMANDARÉ;410040003A;PR;Jardim Graziela;-25,343;-49,246;2025-03-21 07:40:00.0;0,00
ALMIRANTE TAMANDARÉ;410040003A;PR;Jardim Graziela;-25,343;-49,246;2025-03-21 08:40:00.0;0,00
ALMIRANTE TAMANDARÉ;410040003A;PR;Jardim Graziela;-25,343;-49,246;2025-03-21 09:40:00.0;0,00
ALMIRANTE TAMANDARÉ;410040003A;PR;Jardim Graziela;-25,343;-49,246;2025-03-21 10:40:00.0;0,00
ALMIRANTE TAMANDARÉ;410040003A;PR;Jardim Graziela;-25,343;-49,246;2025-03-21 11:40:00.0;0,00
ALMIRANTE TAMANDARÉ;410040003A;PR;Jardim Graziela;-25,343;-49,246;2025-03-21 12:40:00.0;0,00
ALMIRANTE TAMANDARÉ;410040003A;PR;Jardim Graziela;-25,343;-49,246;2025-03-21 13:40:00.0;0,00
ALMIRANTE TAMANDARÉ;410040003A;PR;Jardim Graziela;-25,343;-49,246;2025-03-21 14:40:00.0;0,00
ALMIRANTE TAMANDARÉ;410040003A;PR;Jardim Graziela;-25,343;-49,246;2025-03-21 15:40:00.0;0,00
ALMIRANTE TAMANDARÉ;410040003A;PR;Jardim Graziela;-25,343;-49,246;2025-03-21 16:40:00.0;0,00
ALMIRANTE TAMANDARÉ;410040003A;PR;Jardim Graziela;-25,343;-49,246;2025-03-21 17:40:00.0;0,00
ALMIRANTE TAMANDARÉ;410040003A;PR;Jardim Graziela;-25,343;-49,246;2025-03-21 18:40:00.0;0,00
ALMIRANTE TAMANDARÉ;410040003A;PR;Jardim Graziela;-25,343;-49,246;2025-03-21 19:40:00.0;0,00
ALMIRANTE TAMANDARÉ;410040003A;PR;Jardim Graziela;-25,343;-49,246;2025-03-21 20:40:00.0;0,00
ALMIRANTE TAMANDARÉ;410040003A;PR;Jardim Graziela;-25,343;-49,246;2025-03-21 21:40:00.0;0,00
ALMIRANTE TAMANDARÉ;410040003A;PR;Jardim Graziela;-25,343;-49,246;2025-03-21 22:40:00.0;0,00
ALMIRANTE TAMANDARÉ;410040003A;PR;Jardim Graziela;-25,343;-49,246;2025-03-21 23:40:00.0;0,00
ALMIRANTE TAMANDARÉ;410040003A;PR;Jardim Graziela;-25,343;-49,246;2025-03-22 00:40:00.0;0,00
ALMIRANTE TAMANDARÉ;410040003A;PR;Jardim Graziela;-25,343;-49,246;2025-03-22 01:40:00.0;0,00
ALMIRANTE TAMANDARÉ;410040003A;PR;Jardim Graziela;-25,343;-49,246;2025-03-22 02:40:00.0;0,00
ALMIRANTE TAMANDARÉ;410040003A;PR;Jardim Graziela;-25,343;-49,246;2025-03-22 03:40:00.0;0,00
ALMIRANTE TAMANDARÉ;410040003A;PR;Jardim Graziela;-25,343;-49,246;2025-03-22 04:40:00.0;0,00
ALMIRANTE TAMANDARÉ;410040003A;PR;Jardim Graziela;-25,343;-49,246;2025-03-22 05:40:00.0;0,00
ALMIRANTE TAMANDARÉ;410040003A;PR;Jardim Graziela;-25,343;-49,246;2025-03-22 06:40:00.0;0,00
ALMIRANTE TAMANDARÉ;410040003A;PR;Jardim Graziela;-25,343;-49,246;2025-03-22 07:40:00.0;0,00
ALMIRANTE TAMANDARÉ;410040003A;PR;Jardim Graziela;-25,343;-49,246;2025-03-22 08:40:00.0;0,00
ALMIRANTE TAMANDARÉ;410040003A;PR;Jardim Graziela;-25,343;-49,246;2025-03-22 09:40:00.0;0,00
ALMIRANTE TAMANDARÉ;410040003A;PR;Jardim Graziela;-25,343;-49,246;2025-03-22 10:40:00.0;0,00
ALMIRANTE TAMANDARÉ;410040003A;PR;Jardim Graziela;-25,343;-49,246;2025-03-22 11:40:00.0;0,00
ALMIRANTE TAMANDARÉ;410040003A;PR;Jardim Graziela;-25,343;-49,246;2025-03-22 12:40:00.0;0,00
ALMIRANTE TAMANDARÉ;410040003A;PR;Jardim Graziela;-25,343;-49,246;2025-03-22 13:40:00.0;0,00
ALMIRANTE TAMANDARÉ;410040003A;PR;Jardim Graziela;-25,343;-49,246;2025-03-22 14:40:00.0;0,00
ALMIRANTE TAMANDARÉ;410040003A;PR;Jardim Graziela;-25,343;-49,246;2025-03-22 15:40:00.0;0,00
ALMIRANTE TAMANDARÉ;410040003A;PR;Jardim Graziela;-25,343;-49,246;2025-03-22 16:40:00.0;0,00
ALMIRANTE TAMANDARÉ;410040003A;PR;Jardim Graziela;-25,343;-49,246;2025-03-22 17:40:00.0;0,00
ALMIRANTE TAMANDARÉ;410040003A;PR;Jardim Graziela;-25,343;-49,246;2025-03-22 18:40:00.0;0,00
ALMIRANTE TAMANDARÉ;410040003A;PR;Jardim Graziela;-25,343;-49,246;2025-03-22 19:40:00.0;0,00
ALMIRANTE TAMANDARÉ;410040003A;PR;Jardim Graziela;-25,343;-49,246;2025-03-22 20:40:00.0;0,00
ALMIRANTE TAMANDARÉ;410040003A;PR;Jardim Graziela;-25,343;-49,246;2025-03-22 21:40:00.0;0,00
ALMIRANTE TAMANDARÉ;410040003A;PR;Jardim Graziela;-25,343;-49,246;2025-03-22 22:40:00.0;0,00
ALMIRANTE TAMANDARÉ;410040003A;PR;Jardim Graziela;-25,343;-49,246;2025-03-22 23:40:00.0;0,00
ALMIRANTE TAMANDARÉ;410040003A;PR;Jardim Graziela;-25,343;-49,246;2025-03-23 00:40:00.0;0,00
ALMIRANTE TAMANDARÉ;410040003A;PR;Jardim Graziela;-25,343;-49,246;2025-03-23 01:40:00.0;0,00
ALMIRANTE TAMANDARÉ;410040003A;PR;Jardim Graziela;-25,343;-49,246;2025-03-23 02:40:00.0;0,00
ALMIRANTE TAMANDARÉ;410040003A;PR;Jardim Graziela;-25,343;-49,246;2025-03-23 03:40:00.0;0,00
ALMIRANTE TAMANDARÉ;410040003A;PR;Jardim Graziela;-25,343;-49,246;2025-03-23 04:40:00.0;0,00
ALMIRANTE TAMANDARÉ;410040003A;PR;Jardim Graziela;-25,343;-49,246;2025-03-23 05:40:00.0;0,00
ALMIRANTE TAMANDARÉ;410040003A;PR;Jardim Graziela;-25,343;-49,246;2025-03-23 06:40:00.0;0,00
ALMIRANTE TAMANDARÉ;410040003A;PR;Jardim Graziela;-25,343;-49,246;2025-03-23 07:40:00.0;0,00
ALMIRANTE TAMANDARÉ;410040003A;PR;Jardim Graziela;-25,343;-49,246;2025-03-23 08:40:00.0;0,00
ALMIRANTE TAMANDARÉ;410040003A;PR;Jardim Graziela;-25,343;-49,246;2025-03-23 09:40:00.0;0,00
ALMIRANTE TAMANDARÉ;410040003A;PR;Jardim Graziela;-25,343;-49,246;2025-03-23 10:40:00.0;0,00
ALMIRANTE TAMANDARÉ;410040003A;PR;Jardim Graziela;-25,343;-49,246;2025-03-23 11:40:00.0;0,00
ALMIRANTE TAMANDARÉ;410040003A;PR;Jardim Graziela;-25,343;-49,246;2025-03-23 12:40:00.0;0,00
ALMIRANTE TAMANDARÉ;410040003A;PR;Jardim Graziela;-25,343;-49,246;2025-03-23 13:40:00.0;0,00
ALMIRANTE TAMANDARÉ;410040003A;PR;Jardim Graziela;-25,343;-49,246;2025-03-23 14:40:00.0;0,00
ALMIRANTE TAMANDARÉ;410040003A;PR;Jardim Graziela;-25,343;-49,246;2025-03-23 15:40:00.0;0,00
ALMIRANTE TAMANDARÉ;410040003A;PR;Jardim Graziela;-25,343;-49,246;2025-03-23 16:40:00.0;0,00
ALMIRANTE TAMANDARÉ;410040003A;PR;Jardim Graziela;-25,343;-49,246;2025-03-23 17:40:00.0;0,00
ALMIRANTE TAMANDARÉ;410040003A;PR;Jardim Graziela;-25,343;-49,246;2025-03-23 18:40:00.0;0,00
ALMIRANTE TAMANDARÉ;410040003A;PR;Jardim Graziela;-25,343;-49,246;2025-03-23 19:40:00.0;0,00
ALMIRANTE TAMANDARÉ;410040003A;PR;Jardim Graziela;-25,343;-49,246;2025-03-23 20:40:00.0;0,00
ALMIRANTE TAMANDARÉ;410040003A;PR;Jardim Graziela;-25,343;-49,246;2025-03-23 21:40:00.0;0,00
ALMIRANTE TAMANDARÉ;410040003A;PR;Jardim Graziela;-25,343;-49,246;2025-03-23 22:40:00.0;0,00
ALMIRANTE TAMANDARÉ;410040003A;PR;Jardim Graziela;-25,343;-49,246;2025-03-23 23:40:00.0;0,00
ALMIRANTE TAMANDARÉ;410040003A;PR;Jardim Graziela;-25,343;-49,246;2025-03-24 00:40:00.0;0,00
ALMIRANTE TAMANDARÉ;410040003A;PR;Jardim Graziela;-25,343;-49,246;2025-03-24 01:40:00.0;0,00
ALMIRANTE TAMANDARÉ;410040003A;PR;Jardim Graziela;-25,343;-49,246;2025-03-24 02:40:00.0;0,00
ALMIRANTE TAMANDARÉ;410040003A;PR;Jardim Graziela;-25,343;-49,246;2025-03-24 03:40:00.0;0,00
ALMIRANTE TAMANDARÉ;410040003A;PR;Jardim Graziela;-25,343;-49,246;2025-03-24 04:40:00.0;0,00
ALMIRANTE TAMANDARÉ;410040003A;PR;Jardim Graziela;-25,343;-49,246;2025-03-24 05:40:00.0;0,00
ALMIRANTE TAMANDARÉ;410040003A;PR;Jardim Graziela;-25,343;-49,246;2025-03-24 06:40:00.0;0,00
ALMIRANTE TAMANDARÉ;410040003A;PR;Jardim Graziela;-25,343;-49,246;2025-03-24 07:40:00.0;0,00
ALMIRANTE TAMANDARÉ;410040003A;PR;Jardim Graziela;-25,343;-49,246;2025-03-24 08:40:00.0;0,00
ALMIRANTE TAMANDARÉ;410040003A;PR;Jardim Graziela;-25,343;-49,246;2025-03-24 09:40:00.0;0,00
ALMIRANTE TAMANDARÉ;410040003A;PR;Jardim Graziela;-25,343;-49,246;2025-03-24 10:40:00.0;0,00
ALMIRANTE TAMANDARÉ;410040003A;PR;Jardim Graziela;-25,343;-49,246;2025-03-24 11:40:00.0;0,00
ALMIRANTE TAMANDARÉ;410040003A;PR;Jardim Graziela;-25,343;-49,246;2025-03-24 12:40:00.0;0,00
ALMIRANTE TAMANDARÉ;410040003A;PR;Jardim Graziela;-25,343;-49,246;2025-03-24 13:40:00.0;0,00
ALMIRANTE TAMANDARÉ;410040003A;PR;Jardim Graziela;-25,343;-49,246;2025-03-24 14:40:00.0;0,00
ALMIRANTE TAMANDARÉ;410040003A;PR;Jardim Graziela;-25,343;-49,246;2025-03-24 15:40:00.0;0,00
ALMIRANTE TAMANDARÉ;410040003A;PR;Jardim Graziela;-25,343;-49,246;2025-03-24 16:40:00.0;0,00
ALMIRANTE TAMANDARÉ;410040003A;PR;Jardim Graziela;-25,343;-49,246;2025-03-24 17:40:00.0;0,00
ALMIRANTE TAMANDARÉ;410040003A;PR;Jardim Graziela;-25,343;-49,246;2025-03-24 18:40:00.0;0,00
ALMIRANTE TAMANDARÉ;410040003A;PR;Jardim Graziela;-25,343;-49,246;2025-03-24 19:40:00.0;0,00
ALMIRANTE TAMANDARÉ;410040003A;PR;Jardim Graziela;-25,343;-49,246;2025-03-24 20:40:00.0;0,00
ALMIRANTE TAMANDARÉ;410040003A;PR;Jardim Graziela;-25,343;-49,246;2025-03-24 21:40:00.0;0,00
ALMIRANTE TAMANDARÉ;410040003A;PR;Jardim Graziela;-25,343;-49,246;2025-03-24 22:40:00.0;0,00
ALMIRANTE TAMANDARÉ;410040003A;PR;Jardim Graziela;-25,343;-49,246;2025-03-24 23:40:00.0;0,00
ALMIRANTE TAMANDARÉ;410040003A;PR;Jardim Graziela;-25,343;-49,246;2025-03-25 00:40:00.0;0,00
ALMIRANTE TAMANDARÉ;410040003A;PR;Jardim Graziela;-25,343;-49,246;2025-03-25 01:40:00.0;0,00
ALMIRANTE TAMANDARÉ;410040003A;PR;Jardim Graziela;-25,343;-49,246;2025-03-25 02:40:00.0;0,00
ALMIRANTE TAMANDARÉ;410040003A;PR;Jardim Graziela;-25,343;-49,246;2025-03-25 03:40:00.0;0,00
ALMIRANTE TAMANDARÉ;410040003A;PR;Jardim Graziela;-25,343;-49,246;2025-03-25 04:40:00.0;0,00
ALMIRANTE TAMANDARÉ;410040003A;PR;Jardim Graziela;-25,343;-49,246;2025-03-25 05:40:00.0;0,00
ALMIRANTE TAMANDARÉ;410040003A;PR;Jardim Graziela;-25,343;-49,246;2025-03-25 06:40:00.0;0,00
ALMIRANTE TAMANDARÉ;410040003A;PR;Jardim Graziela;-25,343;-49,246;2025-03-25 07:40:00.0;0,00
ALMIRANTE TAMANDARÉ;410040003A;PR;Jardim Graziela;-25,343;-49,246;2025-03-25 08:40:00.0;0,00
ALMIRANTE TAMANDARÉ;410040003A;PR;Jardim Graziela;-25,343;-49,246;2025-03-25 09:40:00.0;0,00
ALMIRANTE TAMANDARÉ;410040003A;PR;Jardim Graziela;-25,343;-49,246;2025-03-25 10:40:00.0;0,00
ALMIRANTE TAMANDARÉ;410040003A;PR;Jardim Graziela;-25,343;-49,246;2025-03-25 11:40:00.0;0,00
ALMIRANTE TAMANDARÉ;410040003A;PR;Jardim Graziela;-25,343;-49,246;2025-03-25 12:40:00.0;0,00
ALMIRANTE TAMANDARÉ;410040003A;PR;Jardim Graziela;-25,343;-49,246;2025-03-25 13:40:00.0;0,00
ALMIRANTE TAMANDARÉ;410040003A;PR;Jardim Graziela;-25,343;-49,246;2025-03-25 14:40:00.0;0,00
ALMIRANTE TAMANDARÉ;410040003A;PR;Jardim Graziela;-25,343;-49,246;2025-03-25 15:40:00.0;0,00
ALMIRANTE TAMANDARÉ;410040003A;PR;Jardim Graziela;-25,343;-49,246;2025-03-25 16:40:00.0;0,00
ALMIRANTE TAMANDARÉ;410040003A;PR;Jardim Graziela;-25,343;-49,246;2025-03-25 17:40:00.0;0,00
ALMIRANTE TAMANDARÉ;410040003A;PR;Jardim Graziela;-25,343;-49,246;2025-03-25 18:40:00.0;0,00
ALMIRANTE TAMANDARÉ;410040003A;PR;Jardim Graziela;-25,343;-49,246;2025-03-25 19:40:00.0;0,00
ALMIRANTE TAMANDARÉ;410040003A;PR;Jardim Graziela;-25,343;-49,246;2025-03-25 20:40:00.0;0,00
ALMIRANTE TAMANDARÉ;410040003A;PR;Jardim Graziela;-25,343;-49,246;2025-03-25 21:40:00.0;0,00
ALMIRANTE TAMANDARÉ;410040003A;PR;Jardim Graziela;-25,343;-49,246;2025-03-25 22:40:00.0;0,00
ALMIRANTE TAMANDARÉ;410040003A;PR;Jardim Graziela;-25,343;-49,246;2025-03-25 23:40:00.0;0,00
ALMIRANTE TAMANDARÉ;410040003A;PR;Jardim Graziela;-25,343;-49,246;2025-03-26 00:10:00.0;0,20
ALMIRANTE TAMANDARÉ;410040003A;PR;Jardim Graziela;-25,343;-49,246;2025-03-26 00:40:00.0;0,00
ALMIRANTE TAMANDARÉ;410040003A;PR;Jardim Graziela;-25,343;-49,246;2025-03-26 01:40:00.0;0,00
ALMIRANTE TAMANDARÉ;410040003A;PR;Jardim Graziela;-25,343;-49,246;2025-03-26 02:40:00.0;0,00
ALMIRANTE TAMANDARÉ;410040003A;PR;Jardim Graziela;-25,343;-49,246;2025-03-26 02:50:00.0;0,20
ALMIRANTE TAMANDARÉ;410040003A;PR;Jardim Graziela;-25,343;-49,246;2025-03-26 03:00:00.0;0,20
ALMIRANTE TAMANDARÉ;410040003A;PR;Jardim Graziela;-25,343;-49,246;2025-03-26 03:10:00.0;0,39
ALMIRANTE TAMANDARÉ;410040003A;PR;Jardim Graziela;-25,343;-49,246;2025-03-26 03:20:00.0;0,59
ALMIRANTE TAMANDARÉ;410040003A;PR;Jardim Graziela;-25,343;-49,246;2025-03-26 03:30:00.0;0,39
ALMIRANTE TAMANDARÉ;410040003A;PR;Jardim Graziela;-25,343;-49,246;2025-03-26 03:40:00.0;0,59
ALMIRANTE TAMANDARÉ;410040003A;PR;Jardim Graziela;-25,343;-49,246;2025-03-26 03:50:00.0;0,59
ALMIRANTE TAMANDARÉ;410040003A;PR;Jardim Graziela;-25,343;-49,246;2025-03-26 04:00:00.0;0,20
ALMIRANTE TAMANDARÉ;410040003A;PR;Jardim Graziela;-25,343;-49,246;2025-03-26 04:10:00.0;0,59
ALMIRANTE TAMANDARÉ;410040003A;PR;Jardim Graziela;-25,343;-49,246;2025-03-26 04:20:00.0;0,39
ALMIRANTE TAMANDARÉ;410040003A;PR;Jardim Graziela;-25,343;-49,246;2025-03-26 04:30:00.0;0,59
ALMIRANTE TAMANDARÉ;410040003A;PR;Jardim Graziela;-25,343;-49,246;2025-03-26 04:40:00.0;0,59
ALMIRANTE TAMANDARÉ;410040003A;PR;Jardim Graziela;-25,343;-49,246;2025-03-26 04:50:00.0;0,39
ALMIRANTE TAMANDARÉ;410040003A;PR;Jardim Graziela;-25,343;-49,246;2025-03-26 05:00:00.0;0,39
ALMIRANTE TAMANDARÉ;410040003A;PR;Jardim Graziela;-25,343;-49,246;2025-03-26 05:10:00.0;0,59
ALMIRANTE TAMANDARÉ;410040003A;PR;Jardim Graziela;-25,343;-49,246;2025-03-26 05:20:00.0;0,39
ALMIRANTE TAMANDARÉ;410040003A;PR;Jardim Graziela;-25,343;-49,246;2025-03-26 05:40:00.0;0,00
ALMIRANTE TAMANDARÉ;410040003A;PR;Jardim Graziela;-25,343;-49,246;2025-03-26 06:40:00.0;0,00
ALMIRANTE TAMANDARÉ;410040003A;PR;Jardim Graziela;-25,343;-49,246;2025-03-26 07:10:00.0;0,20
ALMIRANTE TAMANDARÉ;410040003A;PR;Jardim Graziela;-25,343;-49,246;2025-03-26 07:40:00.0;0,00
ALMIRANTE TAMANDARÉ;410040003A;PR;Jardim Graziela;-25,343;-49,246;2025-03-26 08:40:00.0;0,00
ALMIRANTE TAMANDARÉ;410040003A;PR;Jardim Graziela;-25,343;-49,246;2025-03-26 09:40:00.0;0,00
ALMIRANTE TAMANDARÉ;410040003A;PR;Jardim Graziela;-25,343;-49,246;2025-03-26 10:40:00.0;0,00
ALMIRANTE TAMANDARÉ;410040003A;PR;Jardim Graziela;-25,343;-49,246;2025-03-26 11:40:00.0;0,00
ALMIRANTE TAMANDARÉ;410040003A;PR;Jardim Graziela;-25,343;-49,246;2025-03-26 12:40:00.0;0,00
ALMIRANTE TAMANDARÉ;410040003A;PR;Jardim Graziela;-25,343;-49,246;2025-03-26 13:40:00.0;0,00
ALMIRANTE TAMANDARÉ;410040003A;PR;Jardim Graziela;-25,343;-49,246;2025-03-26 14:40:00.0;0,00
ALMIRANTE TAMANDARÉ;410040003A;PR;Jardim Graziela;-25,343;-49,246;2025-03-26 15:40:00.0;0,00
ALMIRANTE TAMANDARÉ;410040003A;PR;Jardim Graziela;-25,343;-49,246;2025-03-26 16:40:00.0;0,00
ALMIRANTE TAMANDARÉ;410040003A;PR;Jardim Graziela;-25,343;-49,246;2025-03-26 17:40:00.0;0,00
ALMIRANTE TAMANDARÉ;410040003A;PR;Jardim Graziela;-25,343;-49,246;2025-03-26 18:40:00.0;0,00
ALMIRANTE TAMANDARÉ;410040003A;PR;Jardim Graziela;-25,343;-49,246;2025-03-26 19:40:00.0;0,00
ALMIRANTE TAMANDARÉ;410040003A;PR;Jardim Graziela;-25,343;-49,246;2025-03-26 20:40:00.0;0,00
ALMIRANTE TAMANDARÉ;410040003A;PR;Jardim Graziela;-25,343;-49,246;2025-03-26 21:40:00.0;0,00
ALMIRANTE TAMANDARÉ;410040003A;PR;Jardim Graziela;-25,343;-49,246;2025-03-26 22:40:00.0;0,00
ALMIRANTE TAMANDARÉ;410040003A;PR;Jardim Graziela;-25,343;-49,246;2025-03-26 23:40:00.0;0,00
ALMIRANTE TAMANDARÉ;410040003A;PR;Jardim Graziela;-25,343;-49,246;2025-03-27 00:40:00.0;0,00
ALMIRANTE TAMANDARÉ;410040003A;PR;Jardim Graziela;-25,343;-49,246;2025-03-27 01:40:00.0;0,00
ALMIRANTE TAMANDARÉ;410040003A;PR;Jardim Graziela;-25,343;-49,246;2025-03-27 02:10:00.0;0,20
ALMIRANTE TAMANDARÉ;410040003A;PR;Jardim Graziela;-25,343;-49,246;2025-03-27 02:20:00.0;0,39
ALMIRANTE TAMANDARÉ;410040003A;PR;Jardim Graziela;-25,343;-49,246;2025-03-27 02:40:00.0;0,20
ALMIRANTE TAMANDARÉ;410040003A;PR;Jardim Graziela;-25,343;-49,246;2025-03-27 03:40:00.0;0,00
ALMIRANTE TAMANDARÉ;410040003A;PR;Jardim Graziela;-25,343;-49,246;2025-03-27 04:40:00.0;0,00
ALMIRANTE TAMANDARÉ;410040003A;PR;Jardim Graziela;-25,343;-49,246;2025-03-27 05:40:00.0;0,00
ALMIRANTE TAMANDARÉ;410040003A;PR;Jardim Graziela;-25,343;-49,246;2025-03-27 06:40:00.0;0,00
ALMIRANTE TAMANDARÉ;410040003A;PR;Jardim Graziela;-25,343;-49,246;2025-03-27 07:40:00.0;0,00
ALMIRANTE TAMANDARÉ;410040003A;PR;Jardim Graziela;-25,343;-49,246;2025-03-27 08:40:00.0;0,00
ALMIRANTE TAMANDARÉ;410040003A;PR;Jardim Graziela;-25,343;-49,246;2025-03-27 09:40:00.0;0,00
ALMIRANTE TAMANDARÉ;410040003A;PR;Jardim Graziela;-25,343;-49,246;2025-03-27 10:40:00.0;0,00
ALMIRANTE TAMANDARÉ;410040003A;PR;Jardim Graziela;-25,343;-49,246;2025-03-27 11:40:00.0;0,00
ALMIRANTE TAMANDARÉ;410040003A;PR;Jardim Graziela;-25,343;-49,246;2025-03-27 12:40:00.0;0,00
ALMIRANTE TAMANDARÉ;410040003A;PR;Jardim Graziela;-25,343;-49,246;2025-03-27 13:20:00.0;0,20
ALMIRANTE TAMANDARÉ;410040003A;PR;Jardim Graziela;-25,343;-49,246;2025-03-27 13:40:00.0;0,00
ALMIRANTE TAMANDARÉ;410040003A;PR;Jardim Graziela;-25,343;-49,246;2025-03-27 14:40:00.0;0,00
ALMIRANTE TAMANDARÉ;410040003A;PR;Jardim Graziela;-25,343;-49,246;2025-03-27 15:40:00.0;0,00
ALMIRANTE TAMANDARÉ;410040003A;PR;Jardim Graziela;-25,343;-49,246;2025-03-27 16:40:00.0;0,00
ALMIRANTE TAMANDARÉ;410040003A;PR;Jardim Graziela;-25,343;-49,246;2025-03-27 17:40:00.0;0,00
ALMIRANTE TAMANDARÉ;410040003A;PR;Jardim Graziela;-25,343;-49,246;2025-03-27 18:40:00.0;0,00
ALMIRANTE TAMANDARÉ;410040003A;PR;Jardim Graziela;-25,343;-49,246;2025-03-27 19:40:00.0;0,00
ALMIRANTE TAMANDARÉ;410040003A;PR;Jardim Graziela;-25,343;-49,246;2025-03-27 20:40:00.0;0,00
ALMIRANTE TAMANDARÉ;410040003A;PR;Jardim Graziela;-25,343;-49,246;2025-03-27 21:40:00.0;0,00
ALMIRANTE TAMANDARÉ;410040003A;PR;Jardim Graziela;-25,343;-49,246;2025-03-27 22:40:00.0;0,00
ALMIRANTE TAMANDARÉ;410040003A;PR;Jardim Graziela;-25,343;-49,246;2025-03-27 23:40:00.0;0,00
ALMIRANTE TAMANDARÉ;410040003A;PR;Jardim Graziela;-25,343;-49,246;2025-03-28 00:40:00.0;0,00
ALMIRANTE TAMANDARÉ;410040003A;PR;Jardim Graziela;-25,343;-49,246;2025-03-28 01:40:00.0;0,00
ALMIRANTE TAMANDARÉ;410040003A;PR;Jardim Graziela;-25,343;-49,246;2025-03-28 02:40:00.0;0,00
ALMIRANTE TAMANDARÉ;410040003A;PR;Jardim Graziela;-25,343;-49,246;2025-03-28 03:40:00.0;0,00
ALMIRANTE TAMANDARÉ;410040003A;PR;Jardim Graziela;-25,343;-49,246;2025-03-28 04:40:00.0;0,00
ALMIRANTE TAMANDARÉ;410040003A;PR;Jardim Graziela;-25,343;-49,246;2025-03-28 05:40:00.0;0,00
ALMIRANTE TAMANDARÉ;410040003A;PR;Jardim Graziela;-25,343;-49,246;2025-03-28 06:40:00.0;0,00
ALMIRANTE TAMANDARÉ;410040003A;PR;Jardim Graziela;-25,343;-49,246;2025-03-28 07:40:00.0;0,00
ALMIRANTE TAMANDARÉ;410040003A;PR;Jardim Graziela;-25,343;-49,246;2025-03-28 08:40:00.0;0,00
ALMIRANTE TAMANDARÉ;410040003A;PR;Jardim Graziela;-25,343;-49,246;2025-03-28 09:40:00.0;0,00
ALMIRANTE TAMANDARÉ;410040003A;PR;Jardim Graziela;-25,343;-49,246;2025-03-28 10:40:00.0;0,00
ALMIRANTE TAMANDARÉ;410040003A;PR;Jardim Graziela;-25,343;-49,246;2025-03-28 11:40:00.0;0,00
ALMIRANTE TAMANDARÉ;410040003A;PR;Jardim Graziela;-25,343;-49,246;2025-03-28 12:40:00.0;0,00
ALMIRANTE TAMANDARÉ;410040003A;PR;Jardim Graziela;-25,343;-49,246;2025-03-28 13:40:00.0;0,00
ALMIRANTE TAMANDARÉ;410040003A;PR;Jardim Graziela;-25,343;-49,246;2025-03-28 14:40:00.0;0,00
ALMIRANTE TAMANDARÉ;410040003A;PR;Jardim Graziela;-25,343;-49,246;2025-03-28 15:40:00.0;0,00
ALMIRANTE TAMANDARÉ;410040003A;PR;Jardim Graziela;-25,343;-49,246;2025-03-28 16:40:00.0;0,00
ALMIRANTE TAMANDARÉ;410040003A;PR;Jardim Graziela;-25,343;-49,246;2025-03-28 17:40:00.0;0,00
ALMIRANTE TAMANDARÉ;410040003A;PR;Jardim Graziela;-25,343;-49,246;2025-03-28 18:40:00.0;0,00
ALMIRANTE TAMANDARÉ;410040003A;PR;Jardim Graziela;-25,343;-49,246;2025-03-28 19:40:00.0;0,00
ALMIRANTE TAMANDARÉ;410040003A;PR;Jardim Graziela;-25,343;-49,246;2025-03-28 20:40:00.0;0,00
ALMIRANTE TAMANDARÉ;410040003A;PR;Jardim Graziela;-25,343;-49,246;2025-03-28 21:40:00.0;0,00
ALMIRANTE TAMANDARÉ;410040003A;PR;Jardim Graziela;-25,343;-49,246;2025-03-28 22:40:00.0;0,00
ALMIRANTE TAMANDARÉ;410040003A;PR;Jardim Graziela;-25,343;-49,246;2025-03-28 23:40:00.0;0,00
ALMIRANTE TAMANDARÉ;410040003A;PR;Jardim Graziela;-25,343;-49,246;2025-03-29 00:40:00.0;0,00
ALMIRANTE TAMANDARÉ;410040003A;PR;Jardim Graziela;-25,343;-49,246;2025-03-29 01:40:00.0;0,00
ALMIRANTE TAMANDARÉ;410040003A;PR;Jardim Graziela;-25,343;-49,246;2025-03-29 02:40:00.0;0,00
ALMIRANTE TAMANDARÉ;410040003A;PR;Jardim Graziela;-25,343;-49,246;2025-03-29 03:40:00.0;0,00
ALMIRANTE TAMANDARÉ;410040003A;PR;Jardim Graziela;-25,343;-49,246;2025-03-29 04:40:00.0;0,00
ALMIRANTE TAMANDARÉ;410040003A;PR;Jardim Graziela;-25,343;-49,246;2025-03-29 05:40:00.0;0,00
ALMIRANTE TAMANDARÉ;410040003A;PR;Jardim Graziela;-25,343;-49,246;2025-03-29 06:40:00.0;0,00
ALMIRANTE TAMANDARÉ;410040003A;PR;Jardim Graziela;-25,343;-49,246;2025-03-29 07:40:00.0;0,00
ALMIRANTE TAMANDARÉ;410040003A;PR;Jardim Graziela;-25,343;-49,246;2025-03-29 08:40:00.0;0,00
ALMIRANTE TAMANDARÉ;410040003A;PR;Jardim Graziela;-25,343;-49,246;2025-03-29 09:40:00.0;0,00
ALMIRANTE TAMANDARÉ;410040003A;PR;Jardim Graziela;-25,343;-49,246;2025-03-29 10:40:00.0;0,00
ALMIRANTE TAMANDARÉ;410040003A;PR;Jardim Graziela;-25,343;-49,246;2025-03-29 11:40:00.0;0,00
ALMIRANTE TAMANDARÉ;410040003A;PR;Jardim Graziela;-25,343;-49,246;2025-03-29 12:40:00.0;0,00
ALMIRANTE TAMANDARÉ;410040003A;PR;Jardim Graziela;-25,343;-49,246;2025-03-29 13:40:00.0;0,00
ALMIRANTE TAMANDARÉ;410040003A;PR;Jardim Graziela;-25,343;-49,246;2025-03-29 14:40:00.0;0,00
ALMIRANTE TAMANDARÉ;410040003A;PR;Jardim Graziela;-25,343;-49,246;2025-03-29 15:40:00.0;0,00
ALMIRANTE TAMANDARÉ;410040003A;PR;Jardim Graziela;-25,343;-49,246;2025-03-29 16:40:00.0;0,00
ALMIRANTE TAMANDARÉ;410040003A;PR;Jardim Graziela;-25,343;-49,246;2025-03-29 17:40:00.0;0,00
ALMIRANTE TAMANDARÉ;410040003A;PR;Jardim Graziela;-25,343;-49,246;2025-03-29 18:40:00.0;0,00
ALMIRANTE TAMANDARÉ;410040003A;PR;Jardim Graziela;-25,343;-49,246;2025-03-29 19:40:00.0;0,00
ALMIRANTE TAMANDARÉ;410040003A;PR;Jardim Graziela;-25,343;-49,246;2025-03-29 20:40:00.0;0,00
ALMIRANTE TAMANDARÉ;410040003A;PR;Jardim Graziela;-25,343;-49,246;2025-03-29 21:40:00.0;0,00
ALMIRANTE TAMANDARÉ;410040003A;PR;Jardim Graziela;-25,343;-49,246;2025-03-29 22:40:00.0;0,00
ALMIRANTE TAMANDARÉ;410040003A;PR;Jardim Graziela;-25,343;-49,246;2025-03-29 23:40:00.0;0,00
ALMIRANTE TAMANDARÉ;410040003A;PR;Jardim Graziela;-25,343;-49,246;2025-03-30 00:40:00.0;0,00
ALMIRANTE TAMANDARÉ;410040003A;PR;Jardim Graziela;-25,343;-49,246;2025-03-30 01:40:00.0;0,00
ALMIRANTE TAMANDARÉ;410040003A;PR;Jardim Graziela;-25,343;-49,246;2025-03-30 02:40:00.0;0,00
ALMIRANTE TAMANDARÉ;410040003A;PR;Jardim Graziela;-25,343;-49,246;2025-03-30 03:40:00.0;0,00
ALMIRANTE TAMANDARÉ;410040003A;PR;Jardim Graziela;-25,343;-49,246;2025-03-30 04:40:00.0;0,00
ALMIRANTE TAMANDARÉ;410040003A;PR;Jardim Graziela;-25,343;-49,246;2025-03-30 05:40:00.0;0,00
ALMIRANTE TAMANDARÉ;410040003A;PR;Jardim Graziela;-25,343;-49,246;2025-03-30 06:40:00.0;0,00
ALMIRANTE TAMANDARÉ;410040003A;PR;Jardim Graziela;-25,343;-49,246;2025-03-30 07:40:00.0;0,00
ALMIRANTE TAMANDARÉ;410040003A;PR;Jardim Graziela;-25,343;-49,246;2025-03-30 08:40:00.0;0,00
ALMIRANTE TAMANDARÉ;410040003A;PR;Jardim Graziela;-25,343;-49,246;2025-03-30 09:40:00.0;0,00
ALMIRANTE TAMANDARÉ;410040003A;PR;Jardim Graziela;-25,343;-49,246;2025-03-30 10:40:00.0;0,00
ALMIRANTE TAMANDARÉ;410040003A;PR;Jardim Graziela;-25,343;-49,246;2025-03-30 11:40:00.0;0,00
ALMIRANTE TAMANDARÉ;410040003A;PR;Jardim Graziela;-25,343;-49,246;2025-03-30 12:40:00.0;0,00
ALMIRANTE TAMANDARÉ;410040003A;PR;Jardim Graziela;-25,343;-49,246;2025-03-30 13:40:00.0;0,00
ALMIRANTE TAMANDARÉ;410040003A;PR;Jardim Graziela;-25,343;-49,246;2025-03-30 14:40:00.0;0,00
ALMIRANTE TAMANDARÉ;410040003A;PR;Jardim Graziela;-25,343;-49,246;2025-03-30 15:40:00.0;0,00
ALMIRANTE TAMANDARÉ;410040003A;PR;Jardim Graziela;-25,343;-49,246;2025-03-30 16:40:00.0;0,00
ALMIRANTE TAMANDARÉ;410040003A;PR;Jardim Graziela;-25,343;-49,246;2025-03-30 17:40:00.0;0,00
ALMIRANTE TAMANDARÉ;410040003A;PR;Jardim Graziela;-25,343;-49,246;2025-03-30 18:40:00.0;0,00
ALMIRANTE TAMANDARÉ;410040003A;PR;Jardim Graziela;-25,343;-49,246;2025-03-30 19:40:00.0;0,00
ALMIRANTE TAMANDARÉ;410040003A;PR;Jardim Graziela;-25,343;-49,246;2025-03-30 20:40:00.0;0,00
ALMIRANTE TAMANDARÉ;410040003A;PR;Jardim Graziela;-25,343;-49,246;2025-03-30 21:40:00.0;0,00
ALMIRANTE TAMANDARÉ;410040003A;PR;Jardim Graziela;-25,343;-49,246;2025-03-30 22:40:00.0;0,00
ALMIRANTE TAMANDARÉ;410040003A;PR;Jardim Graziela;-25,343;-49,246;2025-03-30 23:40:00.0;0,00
ALMIRANTE TAMANDARÉ;410040003A;PR;Jardim Graziela;-25,343;-49,246;2025-03-31 00:40:00.0;0,00
ALMIRANTE TAMANDARÉ;410040003A;PR;Jardim Graziela;-25,343;-49,246;2025-03-31 01:40:00.0;0,00
ALMIRANTE TAMANDARÉ;410040003A;PR;Jardim Graziela;-25,343;-49,246;2025-03-31 02:40:00.0;0,00
ALMIRANTE TAMANDARÉ;410040003A;PR;Jardim Graziela;-25,343;-49,246;2025-03-31 03:40:00.0;0,00
ALMIRANTE TAMANDARÉ;410040003A;PR;Jardim Graziela;-25,343;-49,246;2025-03-31 04:40:00.0;0,00
ALMIRANTE TAMANDARÉ;410040003A;PR;Jardim Graziela;-25,343;-49,246;2025-03-31 05:40:00.0;0,00
ALMIRANTE TAMANDARÉ;410040003A;PR;Jardim Graziela;-25,343;-49,246;2025-03-31 06:40:00.0;0,00
ALMIRANTE TAMANDARÉ;410040003A;PR;Jardim Graziela;-25,343;-49,246;2025-03-31 07:40:00.0;0,00
ALMIRANTE TAMANDARÉ;410040003A;PR;Jardim Graziela;-25,343;-49,246;2025-03-31 08:40:00.0;0,00
ALMIRANTE TAMANDARÉ;410040003A;PR;Jardim Graziela;-25,343;-49,246;2025-03-31 09:40:00.0;0,00
ALMIRANTE TAMANDARÉ;410040003A;PR;Jardim Graziela;-25,343;-49,246;2025-03-31 10:40:00.0;0,00
ALMIRANTE TAMANDARÉ;410040003A;PR;Jardim Graziela;-25,343;-49,246;2025-03-31 11:40:00.0;0,00
ALMIRANTE TAMANDARÉ;410040003A;PR;Jardim Graziela;-25,343;-49,246;2025-03-31 12:40:00.0;0,00
ALMIRANTE TAMANDARÉ;410040003A;PR;Jardim Graziela;-25,343;-49,246;2025-03-31 13:40:00.0;0,00
ALMIRANTE TAMANDARÉ;410040003A;PR;Jardim Graziela;-25,343;-49,246;2025-03-31 14:40:00.0;0,00
ALMIRANTE TAMANDARÉ;410040003A;PR;Jardim Graziela;-25,343;-49,246;2025-03-31 15:40:00.0;0,00
ALMIRANTE TAMANDARÉ;410040003A;PR;Jardim Graziela;-25,343;-49,246;2025-03-31 16:40:00.0;0,00
ALMIRANTE TAMANDARÉ;410040003A;PR;Jardim Graziela;-25,343;-49,246;2025-03-31 17:40:00.0;0,00
ALMIRANTE TAMANDARÉ;410040003A;PR;Jardim Graziela;-25,343;-49,246;2025-03-31 18:40:00.0;0,00
ALMIRANTE TAMANDARÉ;410040003A;PR;Jardim Graziela;-25,343;-49,246;2025-03-31 19:40:00.0;0,00
ALMIRANTE TAMANDARÉ;410040003A;PR;Jardim Graziela;-25,343;-49,246;2025-03-31 20:40:00.0;0,00
ALMIRANTE TAMANDARÉ;410040003A;PR;Jardim Graziela;-25,343;-49,246;2025-03-31 21:40:00.0;0,00
ALMIRANTE TAMANDARÉ;410040003A;PR;Jardim Graziela;-25,343;-49,246;2025-03-31 22:40:00.0;0,00
ALMIRANTE TAMANDARÉ;410040003A;PR;Jardim Graziela;-25,343;-49,246;2025-03-31 23:40:00.0;0,00
ALMIRANTE TAMANDARÉ;410040004A;PR;Tranqueira;-25,259;-49,301;2025-03-01 00:50:00.0;0,00
ALMIRANTE TAMANDARÉ;410040004A;PR;Tranqueira;-25,259;-49,301;2025-03-01 01:50:00.0;0,00
ALMIRANTE TAMANDARÉ;410040004A;PR;Tranqueira;-25,259;-49,301;2025-03-01 02:50:00.0;0,00
ALMIRANTE TAMANDARÉ;410040004A;PR;Tranqueira;-25,259;-49,301;2025-03-01 03:50:00.0;0,00
ALMIRANTE TAMANDARÉ;410040004A;PR;Tranqueira;-25,259;-49,301;2025-03-01 04:50:00.0;0,00
ALMIRANTE TAMANDARÉ;410040004A;PR;Tranqueira;-25,259;-49,301;2025-03-01 05:50:00.0;0,00
ALMIRANTE TAMANDARÉ;410040004A;PR;Tranqueira;-25,259;-49,301;2025-03-01 06:50:00.0;0,00
ALMIRANTE TAMANDARÉ;410040004A;PR;Tranqueira;-25,259;-49,301;2025-03-01 07:50:00.0;0,00
ALMIRANTE TAMANDARÉ;410040004A;PR;Tranqueira;-25,259;-49,301;2025-03-01 08:50:00.0;0,00
ALMIRANTE TAMANDARÉ;410040004A;PR;Tranqueira;-25,259;-49,301;2025-03-01 09:50:00.0;0,00
ALMIRANTE TAMANDARÉ;410040004A;PR;Tranqueira;-25,259;-49,301;2025-03-01 10:50:00.0;0,00
ALMIRANTE TAMANDARÉ;410040004A;PR;Tranqueira;-25,259;-49,301;2025-03-01 11:50:00.0;0,00
ALMIRANTE TAMANDARÉ;410040004A;PR;Tranqueira;-25,259;-49,301;2025-03-01 12:50:00.0;0,00
ALMIRANTE TAMANDARÉ;410040004A;PR;Tranqueira;-25,259;-49,301;2025-03-01 13:50:00.0;0,00
ALMIRANTE TAMANDARÉ;410040004A;PR;Tranqueira;-25,259;-49,301;2025-03-01 14:50:00.0;0,00
ALMIRANTE TAMANDARÉ;410040004A;PR;Tranqueira;-25,259;-49,301;2025-03-01 15:50:00.0;0,00
ALMIRANTE TAMANDARÉ;410040004A;PR;Tranqueira;-25,259;-49,301;2025-03-01 16:50:00.0;0,00
ALMIRANTE TAMANDARÉ;410040004A;PR;Tranqueira;-25,259;-49,301;2025-03-01 17:50:00.0;0,00
ALMIRANTE TAMANDARÉ;410040004A;PR;Tranqueira;-25,259;-49,301;2025-03-01 18:50:00.0;0,00
ALMIRANTE TAMANDARÉ;410040004A;PR;Tranqueira;-25,259;-49,301;2025-03-01 19:50:00.0;0,00
ALMIRANTE TAMANDARÉ;410040004A;PR;Tranqueira;-25,259;-49,301;2025-03-01 20:50:00.0;0,00
ALMIRANTE TAMANDARÉ;410040004A;PR;Tranqueira;-25,259;-49,301;2025-03-01 21:50:00.0;0,00
ALMIRANTE TAMANDARÉ;410040004A;PR;Tranqueira;-25,259;-49,301;2025-03-01 22:50:00.0;0,00
ALMIRANTE TAMANDARÉ;410040004A;PR;Tranqueira;-25,259;-49,301;2025-03-01 23:50:00.0;0,00
ALMIRANTE TAMANDARÉ;410040004A;PR;Tranqueira;-25,259;-49,301;2025-03-02 00:50:00.0;0,00
ALMIRANTE TAMANDARÉ;410040004A;PR;Tranqueira;-25,259;-49,301;2025-03-02 01:50:00.0;0,00
ALMIRANTE TAMANDARÉ;410040004A;PR;Tranqueira;-25,259;-49,301;2025-03-02 04:20:00.0;0,00
ALMIRANTE TAMANDARÉ;410040004A;PR;Tranqueira;-25,259;-49,301;2025-03-02 04:50:00.0;0,00
ALMIRANTE TAMANDARÉ;410040004A;PR;Tranqueira;-25,259;-49,301;2025-03-02 06:30:00.0;0,00
ALMIRANTE TAMANDARÉ;410040004A;PR;Tranqueira;-25,259;-49,301;2025-03-02 07:40:00.0;0,00
ALMIRANTE TAMANDARÉ;410040004A;PR;Tranqueira;-25,259;-49,301;2025-03-02 08:50:00.0;0,00
ALMIRANTE TAMANDARÉ;410040004A;PR;Tranqueira;-25,259;-49,301;2025-03-02 09:50:00.0;0,00
ALMIRANTE TAMANDARÉ;410040004A;PR;Tranqueira;-25,259;-49,301;2025-03-02 11:10:00.0;0,00
ALMIRANTE TAMANDARÉ;410040004A;PR;Tranqueira;-25,259;-49,301;2025-03-02 11:50:00.0;0,00
ALMIRANTE TAMANDARÉ;410040004A;PR;Tranqueira;-25,259;-49,301;2025-03-02 12:50:00.0;0,00
ALMIRANTE TAMANDARÉ;410040004A;PR;Tranqueira;-25,259;-49,301;2025-03-02 13:50:00.0;0,00
ALMIRANTE TAMANDARÉ;410040004A;PR;Tranqueira;-25,259;-49,301;2025-03-02 14:50:00.0;0,00
ALMIRANTE TAMANDARÉ;410040004A;PR;Tranqueira;-25,259;-49,301;2025-03-02 15:50:00.0;0,00
ALMIRANTE TAMANDARÉ;410040004A;PR;Tranqueira;-25,259;-49,301;2025-03-02 16:50:00.0;0,00
ALMIRANTE TAMANDARÉ;410040004A;PR;Tranqueira;-25,259;-49,301;2025-03-02 18:50:00.0;0,00
ALMIRANTE TAMANDARÉ;410040004A;PR;Tranqueira;-25,259;-49,301;2025-03-02 19:50:00.0;0,00
ALMIRANTE TAMANDARÉ;410040004A;PR;Tranqueira;-25,259;-49,301;2025-03-02 20:50:00.0;0,00
ALMIRANTE TAMANDARÉ;410040004A;PR;Tranqueira;-25,259;-49,301;2025-03-02 21:50:00.0;0,00
ALMIRANTE TAMANDARÉ;410040004A;PR;Tranqueira;-25,259;-49,301;2025-03-02 22:50:00.0;0,00
ALMIRANTE TAMANDARÉ;410040004A;PR;Tranqueira;-25,259;-49,301;2025-03-02 23:50:00.0;0,00
ALMIRANTE TAMANDARÉ;410040004A;PR;Tranqueira;-25,259;-49,301;2025-03-03 00:50:00.0;0,00
ALMIRANTE TAMANDARÉ;410040004A;PR;Tranqueira;-25,259;-49,301;2025-03-03 01:50:00.0;0,00
ALMIRANTE TAMANDARÉ;410040004A;PR;Tranqueira;-25,259;-49,301;2025-03-03 02:50:00.0;0,00
ALMIRANTE TAMANDARÉ;410040004A;PR;Tranqueira;-25,259;-49,301;2025-03-03 03:50:00.0;0,00
ALMIRANTE TAMANDARÉ;410040004A;PR;Tranqueira;-25,259;-49,301;2025-03-03 04:50:00.0;0,00
ALMIRANTE TAMANDARÉ;410040004A;PR;Tranqueira;-25,259;-49,301;2025-03-03 05:50:00.0;0,00
ALMIRANTE TAMANDARÉ;410040004A;PR;Tranqueira;-25,259;-49,301;2025-03-03 06:50:00.0;0,00
ALMIRANTE TAMANDARÉ;410040004A;PR;Tranqueira;-25,259;-49,301;2025-03-03 07:50:00.0;0,00
ALMIRANTE TAMANDARÉ;410040004A;PR;Tranqueira;-25,259;-49,301;2025-03-03 08:50:00.0;0,00
ALMIRANTE TAMANDARÉ;410040004A;PR;Tranqueira;-25,259;-49,301;2025-03-03 09:50:00.0;0,00
ALMIRANTE TAMANDARÉ;410040004A;PR;Tranqueira;-25,259;-49,301;2025-03-03 10:50:00.0;0,00
ALMIRANTE TAMANDARÉ;410040004A;PR;Tranqueira;-25,259;-49,301;2025-03-03 11:50:00.0;0,00
ALMIRANTE TAMANDARÉ;410040004A;PR;Tranqueira;-25,259;-49,301;2025-03-03 12:50:00.0;0,00
ALMIRANTE TAMANDARÉ;410040004A;PR;Tranqueira;-25,259;-49,301;2025-03-03 13:50:00.0;0,00
ALMIRANTE TAMANDARÉ;410040004A;PR;Tranqueira;-25,259;-49,301;2025-03-03 14:50:00.0;0,00
ALMIRANTE TAMANDARÉ;410040004A;PR;Tranqueira;-25,259;-49,301;2025-03-03 15:50:00.0;0,00
ALMIRANTE TAMANDARÉ;410040004A;PR;Tranqueira;-25,259;-49,301;2025-03-03 16:50:00.0;0,00
ALMIRANTE TAMANDARÉ;410040004A;PR;Tranqueira;-25,259;-49,301;2025-03-03 17:50:00.0;0,00
ALMIRANTE TAMANDARÉ;410040004A;PR;Tranqueira;-25,259;-49,301;2025-03-03 18:50:00.0;0,00
ALMIRANTE TAMANDARÉ;410040004A;PR;Tranqueira;-25,259;-49,301;2025-03-03 19:50:00.0;0,00
ALMIRANTE TAMANDARÉ;410040004A;PR;Tranqueira;-25,259;-49,301;2025-03-03 20:50:00.0;0,00
ALMIRANTE TAMANDARÉ;410040004A;PR;Tranqueira;-25,259;-49,301;2025-03-03 21:50:00.0;0,00
ALMIRANTE TAMANDARÉ;410040004A;PR;Tranqueira;-25,259;-49,301;2025-03-03 22:50:00.0;0,00
ALMIRANTE TAMANDARÉ;410040004A;PR;Tranqueira;-25,259;-49,301;2025-03-03 23:50:00.0;0,00
ALMIRANTE TAMANDARÉ;410040004A;PR;Tranqueira;-25,259;-49,301;2025-03-04 00:50:00.0;0,00
ALMIRANTE TAMANDARÉ;410040004A;PR;Tranqueira;-25,259;-49,301;2025-03-04 01:50:00.0;0,00
ALMIRANTE TAMANDARÉ;410040004A;PR;Tranqueira;-25,259;-49,301;2025-03-04 02:50:00.0;0,00
ALMIRANTE TAMANDARÉ;410040004A;PR;Tranqueira;-25,259;-49,301;2025-03-04 03:50:00.0;0,00
ALMIRANTE TAMANDARÉ;410040004A;PR;Tranqueira;-25,259;-49,301;2025-03-04 04:50:00.0;0,00
ALMIRANTE TAMANDARÉ;410040004A;PR;Tranqueira;-25,259;-49,301;2025-03-04 05:50:00.0;0,00
ALMIRANTE TAMANDARÉ;410040004A;PR;Tranqueira;-25,259;-49,301;2025-03-04 06:50:00.0;0,00
ALMIRANTE TAMANDARÉ;410040004A;PR;Tranqueira;-25,259;-49,301;2025-03-04 07:50:00.0;0,00
ALMIRANTE TAMANDARÉ;410040004A;PR;Tranqueira;-25,259;-49,301;2025-03-04 08:50:00.0;0,00
ALMIRANTE TAMANDARÉ;410040004A;PR;Tranqueira;-25,259;-49,301;2025-03-04 09:50:00.0;0,00
ALMIRANTE TAMANDARÉ;410040004A;PR;Tranqueira;-25,259;-49,301;2025-03-04 10:50:00.0;0,00
ALMIRANTE TAMANDARÉ;410040004A;PR;Tranqueira;-25,259;-49,301;2025-03-04 11:50:00.0;0,00
ALMIRANTE TAMANDARÉ;410040004A;PR;Tranqueira;-25,259;-49,301;2025-03-04 12:50:00.0;0,00
ALMIRANTE TAMANDARÉ;410040004A;PR;Tranqueira;-25,259;-49,301;2025-03-04 13:50:00.0;0,00
ALMIRANTE TAMANDARÉ;410040004A;PR;Tranqueira;-25,259;-49,301;2025-03-04 14:50:00.0;0,00
ALMIRANTE TAMANDARÉ;410040004A;PR;Tranqueira;-25,259;-49,301;2025-03-04 15:50:00.0;0,00
ALMIRANTE TAMANDARÉ;410040004A;PR;Tranqueira;-25,259;-49,301;2025-03-04 16:50:00.0;0,00
ALMIRANTE TAMANDARÉ;410040004A;PR;Tranqueira;-25,259;-49,301;2025-03-04 17:50:00.0;0,00
ALMIRANTE TAMANDARÉ;410040004A;PR;Tranqueira;-25,259;-49,301;2025-03-04 18:50:00.0;0,00
ALMIRANTE TAMANDARÉ;410040004A;PR;Tranqueira;-25,259;-49,301;2025-03-04 19:50:00.0;0,00
ALMIRANTE TAMANDARÉ;410040004A;PR;Tranqueira;-25,259;-49,301;2025-03-04 20:50:00.0;0,00
ALMIRANTE TAMANDARÉ;410040004A;PR;Tranqueira;-25,259;-49,301;2025-03-04 21:50:00.0;0,00
ALMIRANTE TAMANDARÉ;410040004A;PR;Tranqueira;-25,259;-49,301;2025-03-04 22:50:00.0;0,00
ALMIRANTE TAMANDARÉ;410040004A;PR;Tranqueira;-25,259;-49,301;2025-03-04 23:50:00.0;0,00
ALMIRANTE TAMANDARÉ;410040004A;PR;Tranqueira;-25,259;-49,301;2025-03-05 00:50:00.0;0,00
ALMIRANTE TAMANDARÉ;410040004A;PR;Tranqueira;-25,259;-49,301;2025-03-05 01:50:00.0;0,00
ALMIRANTE TAMANDARÉ;410040004A;PR;Tranqueira;-25,259;-49,301;2025-03-05 02:50:00.0;0,00
ALMIRANTE TAMANDARÉ;410040004A;PR;Tranqueira;-25,259;-49,301;2025-03-05 03:50:00.0;0,00
ALMIRANTE TAMANDARÉ;410040004A;PR;Tranqueira;-25,259;-49,301;2025-03-05 04:50:00.0;0,00
ALMIRANTE TAMANDARÉ;410040004A;PR;Tranqueira;-25,259;-49,301;2025-03-05 05:50:00.0;0,00
ALMIRANTE TAMANDARÉ;410040004A;PR;Tranqueira;-25,259;-49,301;2025-03-05 06:50:00.0;0,00
ALMIRANTE TAMANDARÉ;410040004A;PR;Tranqueira;-25,259;-49,301;2025-03-05 07:50:00.0;0,00
ALMIRANTE TAMANDARÉ;410040004A;PR;Tranqueira;-25,259;-49,301;2025-03-05 08:50:00.0;0,00
ALMIRANTE TAMANDARÉ;410040004A;PR;Tranqueira;-25,259;-49,301;2025-03-05 09:50:00.0;0,00
ALMIRANTE TAMANDARÉ;410040004A;PR;Tranqueira;-25,259;-49,301;2025-03-05 10:50:00.0;0,00
ALMIRANTE TAMANDARÉ;410040004A;PR;Tranqueira;-25,259;-49,301;2025-03-05 11:50:00.0;0,00
ALMIRANTE TAMANDARÉ;410040004A;PR;Tranqueira;-25,259;-49,301;2025-03-05 12:50:00.0;0,00
ALMIRANTE TAMANDARÉ;410040004A;PR;Tranqueira;-25,259;-49,301;2025-03-05 13:50:00.0;0,00
ALMIRANTE TAMANDARÉ;410040004A;PR;Tranqueira;-25,259;-49,301;2025-03-05 14:50:00.0;0,00
ALMIRANTE TAMANDARÉ;410040004A;PR;Tranqueira;-25,259;-49,301;2025-03-05 15:50:00.0;0,00
ALMIRANTE TAMANDARÉ;410040004A;PR;Tranqueira;-25,259;-49,301;2025-03-05 16:50:00.0;0,00
ALMIRANTE TAMANDARÉ;410040004A;PR;Tranqueira;-25,259;-49,301;2025-03-05 17:50:00.0;0,00
ALMIRANTE TAMANDARÉ;410040004A;PR;Tranqueira;-25,259;-49,301;2025-03-05 18:50:00.0;0,00
ALMIRANTE TAMANDARÉ;410040004A;PR;Tranqueira;-25,259;-49,301;2025-03-05 19:50:00.0;0,00
ALMIRANTE TAMANDARÉ;410040004A;PR;Tranqueira;-25,259;-49,301;2025-03-05 20:50:00.0;0,00
ALMIRANTE TAMANDARÉ;410040004A;PR;Tranqueira;-25,259;-49,301;2025-03-05 21:50:00.0;0,00
ALMIRANTE TAMANDARÉ;410040004A;PR;Tranqueira;-25,259;-49,301;2025-03-05 22:50:00.0;0,00
ALMIRANTE TAMANDARÉ;410040004A;PR;Tranqueira;-25,259;-49,301;2025-03-05 23:50:00.0;0,00
ALMIRANTE TAMANDARÉ;410040004A;PR;Tranqueira;-25,259;-49,301;2025-03-06 00:50:00.0;0,00
ALMIRANTE TAMANDARÉ;410040004A;PR;Tranqueira;-25,259;-49,301;2025-03-06 01:50:00.0;0,00
ALMIRANTE TAMANDARÉ;410040004A;PR;Tranqueira;-25,259;-49,301;2025-03-06 02:50:00.0;0,00
ALMIRANTE TAMANDARÉ;410040004A;PR;Tranqueira;-25,259;-49,301;2025-03-06 03:50:00.0;0,00
ALMIRANTE TAMANDARÉ;410040004A;PR;Tranqueira;-25,259;-49,301;2025-03-06 04:50:00.0;0,00
ALMIRANTE TAMANDARÉ;410040004A;PR;Tranqueira;-25,259;-49,301;2025-03-06 05:50:00.0;0,00
ALMIRANTE TAMANDARÉ;410040004A;PR;Tranqueira;-25,259;-49,301;2025-03-06 06:50:00.0;0,00
ALMIRANTE TAMANDARÉ;410040004A;PR;Tranqueira;-25,259;-49,301;2025-03-06 07:50:00.0;0,00
ALMIRANTE TAMANDARÉ;410040004A;PR;Tranqueira;-25,259;-49,301;2025-03-06 08:50:00.0;0,00
ALMIRANTE TAMANDARÉ;410040004A;PR;Tranqueira;-25,259;-49,301;2025-03-06 09:50:00.0;0,00
ALMIRANTE TAMANDARÉ;410040004A;PR;Tranqueira;-25,259;-49,301;2025-03-06 10:50:00.0;0,00
ALMIRANTE TAMANDARÉ;410040004A;PR;Tranqueira;-25,259;-49,301;2025-03-06 11:50:00.0;0,00
ALMIRANTE TAMANDARÉ;410040004A;PR;Tranqueira;-25,259;-49,301;2025-03-06 12:50:00.0;0,00
ALMIRANTE TAMANDARÉ;410040004A;PR;Tranqueira;-25,259;-49,301;2025-03-06 13:50:00.0;0,00
ALMIRANTE TAMANDARÉ;410040004A;PR;Tranqueira;-25,259;-49,301;2025-03-06 14:50:00.0;0,00
ALMIRANTE TAMANDARÉ;410040004A;PR;Tranqueira;-25,259;-49,301;2025-03-06 15:50:00.0;0,00
ALMIRANTE TAMANDARÉ;410040004A;PR;Tranqueira;-25,259;-49,301;2025-03-06 16:50:00.0;0,00
ALMIRANTE TAMANDARÉ;410040004A;PR;Tranqueira;-25,259;-49,301;2025-03-06 17:50:00.0;0,00
ALMIRANTE TAMANDARÉ;410040004A;PR;Tranqueira;-25,259;-49,301;2025-03-06 18:50:00.0;0,00
ALMIRANTE TAMANDARÉ;410040004A;PR;Tranqueira;-25,259;-49,301;2025-03-06 19:50:00.0;0,00
ALMIRANTE TAMANDARÉ;410040004A;PR;Tranqueira;-25,259;-49,301;2025-03-06 20:50:00.0;0,00
ALMIRANTE TAMANDARÉ;410040004A;PR;Tranqueira;-25,259;-49,301;2025-03-06 21:50:00.0;0,00
ALMIRANTE TAMANDARÉ;410040004A;PR;Tranqueira;-25,259;-49,301;2025-03-06 22:50:00.0;0,00
ALMIRANTE TAMANDARÉ;410040004A;PR;Tranqueira;-25,259;-49,301;2025-03-06 23:50:00.0;0,00
ALMIRANTE TAMANDARÉ;410040004A;PR;Tranqueira;-25,259;-49,301;2025-03-07 00:50:00.0;0,00
ALMIRANTE TAMANDARÉ;410040004A;PR;Tranqueira;-25,259;-49,301;2025-03-07 01:50:00.0;0,00
ALMIRANTE TAMANDARÉ;410040004A;PR;Tranqueira;-25,259;-49,301;2025-03-07 02:50:00.0;0,00
ALMIRANTE TAMANDARÉ;410040004A;PR;Tranqueira;-25,259;-49,301;2025-03-07 03:50:00.0;0,00
ALMIRANTE TAMANDARÉ;410040004A;PR;Tranqueira;-25,259;-49,301;2025-03-07 04:50:00.0;0,00
ALMIRANTE TAMANDARÉ;410040004A;PR;Tranqueira;-25,259;-49,301;2025-03-07 05:50:00.0;0,00
ALMIRANTE TAMANDARÉ;410040004A;PR;Tranqueira;-25,259;-49,301;2025-03-07 06:50:00.0;0,00
ALMIRANTE TAMANDARÉ;410040004A;PR;Tranqueira;-25,259;-49,301;2025-03-07 07:50:00.0;0,00
ALMIRANTE TAMANDARÉ;410040004A;PR;Tranqueira;-25,259;-49,301;2025-03-07 08:50:00.0;0,00
ALMIRANTE TAMANDARÉ;410040004A;PR;Tranqueira;-25,259;-49,301;2025-03-07 09:00:00.0;0,20
ALMIRANTE TAMANDARÉ;410040004A;PR;Tranqueira;-25,259;-49,301;2025-03-07 09:50:00.0;0,00
ALMIRANTE TAMANDARÉ;410040004A;PR;Tranqueira;-25,259;-49,301;2025-03-07 10:50:00.0;0,00
ALMIRANTE TAMANDARÉ;410040004A;PR;Tranqueira;-25,259;-49,301;2025-03-07 11:50:00.0;0,00
ALMIRANTE TAMANDARÉ;410040004A;PR;Tranqueira;-25,259;-49,301;2025-03-07 12:50:00.0;0,00
ALMIRANTE TAMANDARÉ;410040004A;PR;Tranqueira;-25,259;-49,301;2025-03-07 13:50:00.0;0,00
ALMIRANTE TAMANDARÉ;410040004A;PR;Tranqueira;-25,259;-49,301;2025-03-07 14:50:00.0;0,00
ALMIRANTE TAMANDARÉ;410040004A;PR;Tranqueira;-25,259;-49,301;2025-03-07 15:50:00.0;0,00
ALMIRANTE TAMANDARÉ;410040004A;PR;Tranqueira;-25,259;-49,301;2025-03-07 16:50:00.0;0,00
ALMIRANTE TAMANDARÉ;410040004A;PR;Tranqueira;-25,259;-49,301;2025-03-07 17:50:00.0;0,00
ALMIRANTE TAMANDARÉ;410040004A;PR;Tranqueira;-25,259;-49,301;2025-03-07 18:50:00.0;0,00
ALMIRANTE TAMANDARÉ;410040004A;PR;Tranqueira;-25,259;-49,301;2025-03-07 19:50:00.0;0,00
ALMIRANTE TAMANDARÉ;410040004A;PR;Tranqueira;-25,259;-49,301;2025-03-07 20:50:00.0;0,00
ALMIRANTE TAMANDARÉ;410040004A;PR;Tranqueira;-25,259;-49,301;2025-03-07 21:50:00.0;0,00
ALMIRANTE TAMANDARÉ;410040004A;PR;Tranqueira;-25,259;-49,301;2025-03-07 22:50:00.0;0,00
ALMIRANTE TAMANDARÉ;410040004A;PR;Tranqueira;-25,259;-49,301;2025-03-07 23:50:00.0;0,00
ALMIRANTE TAMANDARÉ;410040004A;PR;Tranqueira;-25,259;-49,301;2025-03-08 00:50:00.0;0,00
ALMIRANTE TAMANDARÉ;410040004A;PR;Tranqueira;-25,259;-49,301;2025-03-08 01:50:00.0;0,00
ALMIRANTE TAMANDARÉ;410040004A;PR;Tranqueira;-25,259;-49,301;2025-03-08 02:50:00.0;0,00
ALMIRANTE TAMANDARÉ;410040004A;PR;Tranqueira;-25,259;-49,301;2025-03-08 03:50:00.0;0,00
ALMIRANTE TAMANDARÉ;410040004A;PR;Tranqueira;-25,259;-49,301;2025-03-08 04:50:00.0;0,00
ALMIRANTE TAMANDARÉ;410040004A;PR;Tranqueira;-25,259;-49,301;2025-03-08 05:50:00.0;0,00
ALMIRANTE TAMANDARÉ;410040004A;PR;Tranqueira;-25,259;-49,301;2025-03-08 06:50:00.0;0,00
ALMIRANTE TAMANDARÉ;410040004A;PR;Tranqueira;-25,259;-49,301;2025-03-08 07:50:00.0;0,00
ALMIRANTE TAMANDARÉ;410040004A;PR;Tranqueira;-25,259;-49,301;2025-03-08 08:50:00.0;0,00
ALMIRANTE TAMANDARÉ;410040004A;PR;Tranqueira;-25,259;-49,301;2025-03-08 09:50:00.0;0,00
ALMIRANTE TAMANDARÉ;410040004A;PR;Tranqueira;-25,259;-49,301;2025-03-08 10:50:00.0;0,00
ALMIRANTE TAMANDARÉ;410040004A;PR;Tranqueira;-25,259;-49,301;2025-03-08 11:50:00.0;0,00
ALMIRANTE TAMANDARÉ;410040004A;PR;Tranqueira;-25,259;-49,301;2025-03-08 12:50:00.0;0,00
ALMIRANTE TAMANDARÉ;410040004A;PR;Tranqueira;-25,259;-49,301;2025-03-08 13:50:00.0;0,00
ALMIRANTE TAMANDARÉ;410040004A;PR;Tranqueira;-25,259;-49,301;2025-03-08 14:50:00.0;0,00
ALMIRANTE TAMANDARÉ;410040004A;PR;Tranqueira;-25,259;-49,301;2025-03-08 15:50:00.0;0,00
ALMIRANTE TAMANDARÉ;410040004A;PR;Tranqueira;-25,259;-49,301;2025-03-08 16:50:00.0;0,00
ALMIRANTE TAMANDARÉ;410040004A;PR;Tranqueira;-25,259;-49,301;2025-03-08 17:50:00.0;0,00
ALMIRANTE TAMANDARÉ;410040004A;PR;Tranqueira;-25,259;-49,301;2025-03-08 18:50:00.0;0,00
ALMIRANTE TAMANDARÉ;410040004A;PR;Tranqueira;-25,259;-49,301;2025-03-08 19:50:00.0;0,00
ALMIRANTE TAMANDARÉ;410040004A;PR;Tranqueira;-25,259;-49,301;2025-03-08 20:50:00.0;0,00
ALMIRANTE TAMANDARÉ;410040004A;PR;Tranqueira;-25,259;-49,301;2025-03-08 21:50:00.0;0,00
ALMIRANTE TAMANDARÉ;410040004A;PR;Tranqueira;-25,259;-49,301;2025-03-08 22:50:00.0;0,00
ALMIRANTE TAMANDARÉ;410040004A;PR;Tranqueira;-25,259;-49,301;2025-03-08 23:50:00.0;0,00
ALMIRANTE TAMANDARÉ;410040004A;PR;Tranqueira;-25,259;-49,301;2025-03-09 00:50:00.0;0,00
ALMIRANTE TAMANDARÉ;410040004A;PR;Tranqueira;-25,259;-49,301;2025-03-09 01:50:00.0;0,00
ALMIRANTE TAMANDARÉ;410040004A;PR;Tranqueira;-25,259;-49,301;2025-03-09 02:50:00.0;0,00
ALMIRANTE TAMANDARÉ;410040004A;PR;Tranqueira;-25,259;-49,301;2025-03-09 03:50:00.0;0,00
ALMIRANTE TAMANDARÉ;410040004A;PR;Tranqueira;-25,259;-49,301;2025-03-09 04:50:00.0;0,00
ALMIRANTE TAMANDARÉ;410040004A;PR;Tranqueira;-25,259;-49,301;2025-03-09 05:50:00.0;0,00
ALMIRANTE TAMANDARÉ;410040004A;PR;Tranqueira;-25,259;-49,301;2025-03-09 06:50:00.0;0,00
ALMIRANTE TAMANDARÉ;410040004A;PR;Tranqueira;-25,259;-49,301;2025-03-09 07:50:00.0;0,00
ALMIRANTE TAMANDARÉ;410040004A;PR;Tranqueira;-25,259;-49,301;2025-03-09 08:50:00.0;0,00
ALMIRANTE TAMANDARÉ;410040004A;PR;Tranqueira;-25,259;-49,301;2025-03-09 09:50:00.0;0,00
ALMIRANTE TAMANDARÉ;410040004A;PR;Tranqueira;-25,259;-49,301;2025-03-09 10:50:00.0;0,00
ALMIRANTE TAMANDARÉ;410040004A;PR;Tranqueira;-25,259;-49,301;2025-03-09 11:50:00.0;0,00
ALMIRANTE TAMANDARÉ;410040004A;PR;Tranqueira;-25,259;-49,301;2025-03-09 12:50:00.0;0,00
ALMIRANTE TAMANDARÉ;410040004A;PR;Tranqueira;-25,259;-49,301;2025-03-09 13:50:00.0;0,00
ALMIRANTE TAMANDARÉ;410040004A;PR;Tranqueira;-25,259;-49,301;2025-03-09 14:50:00.0;0,00
ALMIRANTE TAMANDARÉ;410040004A;PR;Tranqueira;-25,259;-49,301;2025-03-09 15:50:00.0;0,00
ALMIRANTE TAMANDARÉ;410040004A;PR;Tranqueira;-25,259;-49,301;2025-03-09 16:50:00.0;0,00
ALMIRANTE TAMANDARÉ;410040004A;PR;Tranqueira;-25,259;-49,301;2025-03-09 17:50:00.0;0,00
ALMIRANTE TAMANDARÉ;410040004A;PR;Tranqueira;-25,259;-49,301;2025-03-09 18:50:00.0;0,00
ALMIRANTE TAMANDARÉ;410040004A;PR;Tranqueira;-25,259;-49,301;2025-03-09 19:50:00.0;0,00
ALMIRANTE TAMANDARÉ;410040004A;PR;Tranqueira;-25,259;-49,301;2025-03-09 20:50:00.0;0,00
ALMIRANTE TAMANDARÉ;410040004A;PR;Tranqueira;-25,259;-49,301;2025-03-09 21:50:00.0;0,00
ALMIRANTE TAMANDARÉ;410040004A;PR;Tranqueira;-25,259;-49,301;2025-03-09 22:50:00.0;0,00
ALMIRANTE TAMANDARÉ;410040004A;PR;Tranqueira;-25,259;-49,301;2025-03-09 23:50:00.0;0,00
ALMIRANTE TAMANDARÉ;410040004A;PR;Tranqueira;-25,259;-49,301;2025-03-10 00:50:00.0;0,00
ALMIRANTE TAMANDARÉ;410040004A;PR;Tranqueira;-25,259;-49,301;2025-03-10 01:50:00.0;0,00
ALMIRANTE TAMANDARÉ;410040004A;PR;Tranqueira;-25,259;-49,301;2025-03-10 02:50:00.0;0,00
ALMIRANTE TAMANDARÉ;410040004A;PR;Tranqueira;-25,259;-49,301;2025-03-10 03:50:00.0;0,00
ALMIRANTE TAMANDARÉ;410040004A;PR;Tranqueira;-25,259;-49,301;2025-03-10 04:50:00.0;0,00
ALMIRANTE TAMANDARÉ;410040004A;PR;Tranqueira;-25,259;-49,301;2025-03-10 05:50:00.0;0,00
ALMIRANTE TAMANDARÉ;410040004A;PR;Tranqueira;-25,259;-49,301;2025-03-10 06:50:00.0;0,00
ALMIRANTE TAMANDARÉ;410040004A;PR;Tranqueira;-25,259;-49,301;2025-03-10 07:50:00.0;0,00
ALMIRANTE TAMANDARÉ;410040004A;PR;Tranqueira;-25,259;-49,301;2025-03-10 08:50:00.0;0,00
ALMIRANTE TAMANDARÉ;410040004A;PR;Tranqueira;-25,259;-49,301;2025-03-10 09:50:00.0;0,00
ALMIRANTE TAMANDARÉ;410040004A;PR;Tranqueira;-25,259;-49,301;2025-03-10 10:50:00.0;0,00
ALMIRANTE TAMANDARÉ;410040004A;PR;Tranqueira;-25,259;-49,301;2025-03-10 11:50:00.0;0,00
ALMIRANTE TAMANDARÉ;410040004A;PR;Tranqueira;-25,259;-49,301;2025-03-10 12:50:00.0;0,00
ALMIRANTE TAMANDARÉ;410040004A;PR;Tranqueira;-25,259;-49,301;2025-03-10 13:50:00.0;0,00
ALMIRANTE TAMANDARÉ;410040004A;PR;Tranqueira;-25,259;-49,301;2025-03-10 14:50:00.0;0,00
ALMIRANTE TAMANDARÉ;410040004A;PR;Tranqueira;-25,259;-49,301;2025-03-10 15:50:00.0;0,00
ALMIRANTE TAMANDARÉ;410040004A;PR;Tranqueira;-25,259;-49,301;2025-03-10 16:50:00.0;0,00
ALMIRANTE TAMANDARÉ;410040004A;PR;Tranqueira;-25,259;-49,301;2025-03-10 17:50:00.0;0,00
ALMIRANTE TAMANDARÉ;410040004A;PR;Tranqueira;-25,259;-49,301;2025-03-10 18:50:00.0;0,00
ALMIRANTE TAMANDARÉ;410040004A;PR;Tranqueira;-25,259;-49,301;2025-03-10 19:50:00.0;0,00
ALMIRANTE TAMANDARÉ;410040004A;PR;Tranqueira;-25,259;-49,301;2025-03-10 20:50:00.0;0,00
ALMIRANTE TAMANDARÉ;410040004A;PR;Tranqueira;-25,259;-49,301;2025-03-10 21:50:00.0;0,00
ALMIRANTE TAMANDARÉ;410040004A;PR;Tranqueira;-25,259;-49,301;2025-03-10 22:50:00.0;0,00
ALMIRANTE TAMANDARÉ;410040004A;PR;Tranqueira;-25,259;-49,301;2025-03-10 23:50:00.0;0,00
ALMIRANTE TAMANDARÉ;410040004A;PR;Tranqueira;-25,259;-49,301;2025-03-11 00:50:00.0;0,00
ALMIRANTE TAMANDARÉ;410040004A;PR;Tranqueira;-25,259;-49,301;2025-03-11 01:50:00.0;0,00
ALMIRANTE TAMANDARÉ;410040004A;PR;Tranqueira;-25,259;-49,301;2025-03-11 02:50:00.0;0,00
ALMIRANTE TAMANDARÉ;410040004A;PR;Tranqueira;-25,259;-49,301;2025-03-11 03:50:00.0;0,00
ALMIRANTE TAMANDARÉ;410040004A;PR;Tranqueira;-25,259;-49,301;2025-03-11 04:50:00.0;0,00
ALMIRANTE TAMANDARÉ;410040004A;PR;Tranqueira;-25,259;-49,301;2025-03-11 05:50:00.0;0,00
ALMIRANTE TAMANDARÉ;410040004A;PR;Tranqueira;-25,259;-49,301;2025-03-11 06:50:00.0;0,00
ALMIRANTE TAMANDARÉ;410040004A;PR;Tranqueira;-25,259;-49,301;2025-03-11 07:50:00.0;0,00
ALMIRANTE TAMANDARÉ;410040004A;PR;Tranqueira;-25,259;-49,301;2025-03-11 08:50:00.0;0,00
ALMIRANTE TAMANDARÉ;410040004A;PR;Tranqueira;-25,259;-49,301;2025-03-11 09:50:00.0;0,00
ALMIRANTE TAMANDARÉ;410040004A;PR;Tranqueira;-25,259;-49,301;2025-03-11 10:50:00.0;0,00
ALMIRANTE TAMANDARÉ;410040004A;PR;Tranqueira;-25,259;-49,301;2025-03-11 11:50:00.0;0,00
ALMIRANTE TAMANDARÉ;410040004A;PR;Tranqueira;-25,259;-49,301;2025-03-11 12:50:00.0;0,00
ALMIRANTE TAMANDARÉ;410040004A;PR;Tranqueira;-25,259;-49,301;2025-03-11 13:50:00.0;0,00
ALMIRANTE TAMANDARÉ;410040004A;PR;Tranqueira;-25,259;-49,301;2025-03-11 14:50:00.0;0,00
ALMIRANTE TAMANDARÉ;410040004A;PR;Tranqueira;-25,259;-49,301;2025-03-11 15:50:00.0;0,00
ALMIRANTE TAMANDARÉ;410040004A;PR;Tranqueira;-25,259;-49,301;2025-03-11 16:50:00.0;0,00
ALMIRANTE TAMANDARÉ;410040004A;PR;Tranqueira;-25,259;-49,301;2025-03-11 17:50:00.0;0,00
ALMIRANTE TAMANDARÉ;410040004A;PR;Tranqueira;-25,259;-49,301;2025-03-11 18:50:00.0;0,00
ALMIRANTE TAMANDARÉ;410040004A;PR;Tranqueira;-25,259;-49,301;2025-03-11 19:50:00.0;0,00
ALMIRANTE TAMANDARÉ;410040004A;PR;Tranqueira;-25,259;-49,301;2025-03-11 20:50:00.0;0,00
ALMIRANTE TAMANDARÉ;410040004A;PR;Tranqueira;-25,259;-49,301;2025-03-11 21:10:00.0;0,20
ALMIRANTE TAMANDARÉ;410040004A;PR;Tranqueira;-25,259;-49,301;2025-03-11 21:20:00.0;0,20
ALMIRANTE TAMANDARÉ;410040004A;PR;Tranqueira;-25,259;-49,301;2025-03-11 21:30:00.0;0,20
ALMIRANTE TAMANDARÉ;410040004A;PR;Tranqueira;-25,259;-49,301;2025-03-11 21:50:00.0;0,20
ALMIRANTE TAMANDARÉ;410040004A;PR;Tranqueira;-25,259;-49,301;2025-03-11 22:00:00.0;0,20
ALMIRANTE TAMANDARÉ;410040004A;PR;Tranqueira;-25,259;-49,301;2025-03-11 22:10:00.0;0,20
ALMIRANTE TAMANDARÉ;410040004A;PR;Tranqueira;-25,259;-49,301;2025-03-11 22:20:00.0;0,20
ALMIRANTE TAMANDARÉ;410040004A;PR;Tranqueira;-25,259;-49,301;2025-03-11 22:30:00.0;0,20
ALMIRANTE TAMANDARÉ;410040004A;PR;Tranqueira;-25,259;-49,301;2025-03-11 22:40:00.0;0,20
ALMIRANTE TAMANDARÉ;410040004A;PR;Tranqueira;-25,259;-49,301;2025-03-11 22:50:00.0;0,20
ALMIRANTE TAMANDARÉ;410040004A;PR;Tranqueira;-25,259;-49,301;2025-03-11 23:00:00.0;0,20
ALMIRANTE TAMANDARÉ;410040004A;PR;Tranqueira;-25,259;-49,301;2025-03-11 23:10:00.0;0,20
ALMIRANTE TAMANDARÉ;410040004A;PR;Tranqueira;-25,259;-49,301;2025-03-11 23:30:00.0;0,20
ALMIRANTE TAMANDARÉ;410040004A;PR;Tranqueira;-25,259;-49,301;2025-03-11 23:50:00.0;0,20
ALMIRANTE TAMANDARÉ;410040004A;PR;Tranqueira;-25,259;-49,301;2025-03-12 00:00:00.0;0,20
ALMIRANTE TAMANDARÉ;410040004A;PR;Tranqueira;-25,259;-49,301;2025-03-12 00:20:00.0;0,20
ALMIRANTE TAMANDARÉ;410040004A;PR;Tranqueira;-25,259;-49,301;2025-03-12 00:40:00.0;0,20
ALMIRANTE TAMANDARÉ;410040004A;PR;Tranqueira;-25,259;-49,301;2025-03-12 00:50:00.0;0,20
ALMIRANTE TAMANDARÉ;410040004A;PR;Tranqueira;-25,259;-49,301;2025-03-12 01:10:00.0;0,20
ALMIRANTE TAMANDARÉ;410040004A;PR;Tranqueira;-25,259;-49,301;2025-03-12 01:20:00.0;0,20
ALMIRANTE TAMANDARÉ;410040004A;PR;Tranqueira;-25,259;-49,301;2025-03-12 01:40:00.0;0,20
ALMIRANTE TAMANDARÉ;410040004A;PR;Tranqueira;-25,259;-49,301;2025-03-12 01:50:00.0;0,00
ALMIRANTE TAMANDARÉ;410040004A;PR;Tranqueira;-25,259;-49,301;2025-03-12 02:00:00.0;0,20
ALMIRANTE TAMANDARÉ;410040004A;PR;Tranqueira;-25,259;-49,301;2025-03-12 02:20:00.0;0,20
ALMIRANTE TAMANDARÉ;410040004A;PR;Tranqueira;-25,259;-49,301;2025-03-12 02:40:00.0;0,20
ALMIRANTE TAMANDARÉ;410040004A;PR;Tranqueira;-25,259;-49,301;2025-03-12 02:50:00.0;0,00
ALMIRANTE TAMANDARÉ;410040004A;PR;Tranqueira;-25,259;-49,301;2025-03-12 03:00:00.0;0,20
ALMIRANTE TAMANDARÉ;410040004A;PR;Tranqueira;-25,259;-49,301;2025-03-12 03:30:00.0;0,20
ALMIRANTE TAMANDARÉ;410040004A;PR;Tranqueira;-25,259;-49,301;2025-03-12 04:20:00.0;0,20
ALMIRANTE TAMANDARÉ;410040004A;PR;Tranqueira;-25,259;-49,301;2025-03-12 04:50:00.0;0,00
ALMIRANTE TAMANDARÉ;410040004A;PR;Tranqueira;-25,259;-49,301;2025-03-12 05:30:00.0;0,20
ALMIRANTE TAMANDARÉ;410040004A;PR;Tranqueira;-25,259;-49,301;2025-03-12 05:50:00.0;0,00
ALMIRANTE TAMANDARÉ;410040004A;PR;Tranqueira;-25,259;-49,301;2025-03-12 06:50:00.0;0,00
ALMIRANTE TAMANDARÉ;410040004A;PR;Tranqueira;-25,259;-49,301;2025-03-12 07:50:00.0;0,00
ALMIRANTE TAMANDARÉ;410040004A;PR;Tranqueira;-25,259;-49,301;2025-03-12 08:10:00.0;0,20
ALMIRANTE TAMANDARÉ;410040004A;PR;Tranqueira;-25,259;-49,301;2025-03-12 08:50:00.0;0,00
ALMIRANTE TAMANDARÉ;410040004A;PR;Tranqueira;-25,259;-49,301;2025-03-12 09:50:00.0;0,00
ALMIRANTE TAMANDARÉ;410040004A;PR;Tranqueira;-25,259;-49,301;2025-03-12 10:50:00.0;0,00
ALMIRANTE TAMANDARÉ;410040004A;PR;Tranqueira;-25,259;-49,301;2025-03-12 11:50:00.0;0,00
ALMIRANTE TAMANDARÉ;410040004A;PR;Tranqueira;-25,259;-49,301;2025-03-12 12:50:00.0;0,00
ALMIRANTE TAMANDARÉ;410040004A;PR;Tranqueira;-25,259;-49,301;2025-03-12 13:50:00.0;0,00
ALMIRANTE TAMANDARÉ;410040004A;PR;Tranqueira;-25,259;-49,301;2025-03-12 14:50:00.0;0,00
ALMIRANTE TAMANDARÉ;410040004A;PR;Tranqueira;-25,259;-49,301;2025-03-12 15:50:00.0;0,00
ALMIRANTE TAMANDARÉ;410040004A;PR;Tranqueira;-25,259;-49,301;2025-03-12 16:50:00.0;0,00
ALMIRANTE TAMANDARÉ;410040004A;PR;Tranqueira;-25,259;-49,301;2025-03-12 17:50:00.0;0,00
ALMIRANTE TAMANDARÉ;410040004A;PR;Tranqueira;-25,259;-49,301;2025-03-12 18:50:00.0;0,00
ALMIRANTE TAMANDARÉ;410040004A;PR;Tranqueira;-25,259;-49,301;2025-03-12 19:50:00.0;0,00
ALMIRANTE TAMANDARÉ;410040004A;PR;Tranqueira;-25,259;-49,301;2025-03-12 20:50:00.0;0,00
ALMIRANTE TAMANDARÉ;410040004A;PR;Tranqueira;-25,259;-49,301;2025-03-12 21:50:00.0;0,00
ALMIRANTE TAMANDARÉ;410040004A;PR;Tranqueira;-25,259;-49,301;2025-03-12 22:50:00.0;0,00
ALMIRANTE TAMANDARÉ;410040004A;PR;Tranqueira;-25,259;-49,301;2025-03-12 23:50:00.0;0,00
ALMIRANTE TAMANDARÉ;410040004A;PR;Tranqueira;-25,259;-49,301;2025-03-13 00:50:00.0;0,00
ALMIRANTE TAMANDARÉ;410040004A;PR;Tranqueira;-25,259;-49,301;2025-03-13 01:50:00.0;0,00
ALMIRANTE TAMANDARÉ;410040004A;PR;Tranqueira;-25,259;-49,301;2025-03-13 02:50:00.0;0,00
ALMIRANTE TAMANDARÉ;410040004A;PR;Tranqueira;-25,259;-49,301;2025-03-13 03:50:00.0;0,00
ALMIRANTE TAMANDARÉ;410040004A;PR;Tranqueira;-25,259;-49,301;2025-03-13 04:50:00.0;0,00
ALMIRANTE TAMANDARÉ;410040004A;PR;Tranqueira;-25,259;-49,301;2025-03-13 05:50:00.0;0,00
ALMIRANTE TAMANDARÉ;410040004A;PR;Tranqueira;-25,259;-49,301;2025-03-13 06:30:00.0;0,20
ALMIRANTE TAMANDARÉ;410040004A;PR;Tranqueira;-25,259;-49,301;2025-03-13 06:50:00.0;0,00
ALMIRANTE TAMANDARÉ;410040004A;PR;Tranqueira;-25,259;-49,301;2025-03-13 07:50:00.0;0,00
ALMIRANTE TAMANDARÉ;410040004A;PR;Tranqueira;-25,259;-49,301;2025-03-13 08:50:00.0;0,00
ALMIRANTE TAMANDARÉ;410040004A;PR;Tranqueira;-25,259;-49,301;2025-03-13 09:50:00.0;0,00
ALMIRANTE TAMANDARÉ;410040004A;PR;Tranqueira;-25,259;-49,301;2025-03-13 10:50:00.0;0,00
ALMIRANTE TAMANDARÉ;410040004A;PR;Tranqueira;-25,259;-49,301;2025-03-13 11:50:00.0;0,00
ALMIRANTE TAMANDARÉ;410040004A;PR;Tranqueira;-25,259;-49,301;2025-03-13 12:50:00.0;0,00
ALMIRANTE TAMANDARÉ;410040004A;PR;Tranqueira;-25,259;-49,301;2025-03-13 13:50:00.0;0,00
ALMIRANTE TAMANDARÉ;410040004A;PR;Tranqueira;-25,259;-49,301;2025-03-13 14:50:00.0;0,00
ALMIRANTE TAMANDARÉ;410040004A;PR;Tranqueira;-25,259;-49,301;2025-03-13 15:50:00.0;0,00
ALMIRANTE TAMANDARÉ;410040004A;PR;Tranqueira;-25,259;-49,301;2025-03-13 16:50:00.0;0,00
ALMIRANTE TAMANDARÉ;410040004A;PR;Tranqueira;-25,259;-49,301;2025-03-13 17:50:00.0;0,00
ALMIRANTE TAMANDARÉ;410040004A;PR;Tranqueira;-25,259;-49,301;2025-03-13 18:50:00.0;0,00
ALMIRANTE TAMANDARÉ;410040004A;PR;Tranqueira;-25,259;-49,301;2025-03-13 19:50:00.0;0,00
ALMIRANTE TAMANDARÉ;410040004A;PR;Tranqueira;-25,259;-49,301;2025-03-13 20:50:00.0;0,00
ALMIRANTE TAMANDARÉ;410040004A;PR;Tranqueira;-25,259;-49,301;2025-03-13 21:50:00.0;0,00
ALMIRANTE TAMANDARÉ;410040004A;PR;Tranqueira;-25,259;-49,301;2025-03-13 22:50:00.0;0,00
ALMIRANTE TAMANDARÉ;410040004A;PR;Tranqueira;-25,259;-49,301;2025-03-13 23:50:00.0;0,00
ALMIRANTE TAMANDARÉ;410040004A;PR;Tranqueira;-25,259;-49,301;2025-03-14 00:50:00.0;0,00
ALMIRANTE TAMANDARÉ;410040004A;PR;Tranqueira;-25,259;-49,301;2025-03-14 01:50:00.0;0,00
ALMIRANTE TAMANDARÉ;410040004A;PR;Tranqueira;-25,259;-49,301;2025-03-14 02:50:00.0;0,00
ALMIRANTE TAMANDARÉ;410040004A;PR;Tranqueira;-25,259;-49,301;2025-03-14 03:50:00.0;0,00
ALMIRANTE TAMANDARÉ;410040004A;PR;Tranqueira;-25,259;-49,301;2025-03-14 04:50:00.0;0,00
ALMIRANTE TAMANDARÉ;410040004A;PR;Tranqueira;-25,259;-49,301;2025-03-14 05:50:00.0;0,00
ALMIRANTE TAMANDARÉ;410040004A;PR;Tranqueira;-25,259;-49,301;2025-03-14 06:50:00.0;0,00
ALMIRANTE TAMANDARÉ;410040004A;PR;Tranqueira;-25,259;-49,301;2025-03-14 07:50:00.0;0,00
ALMIRANTE TAMANDARÉ;410040004A;PR;Tranqueira;-25,259;-49,301;2025-03-14 08:50:00.0;0,00
ALMIRANTE TAMANDARÉ;410040004A;PR;Tranqueira;-25,259;-49,301;2025-03-14 09:50:00.0;0,00
ALMIRANTE TAMANDARÉ;410040004A;PR;Tranqueira;-25,259;-49,301;2025-03-14 10:50:00.0;0,00
ALMIRANTE TAMANDARÉ;410040004A;PR;Tranqueira;-25,259;-49,301;2025-03-14 11:50:00.0;0,00
ALMIRANTE TAMANDARÉ;410040004A;PR;Tranqueira;-25,259;-49,301;2025-03-14 12:50:00.0;0,00
ALMIRANTE TAMANDARÉ;410040004A;PR;Tranqueira;-25,259;-49,301;2025-03-14 13:50:00.0;0,00
ALMIRANTE TAMANDARÉ;410040004A;PR;Tranqueira;-25,259;-49,301;2025-03-14 14:50:00.0;0,00
ALMIRANTE TAMANDARÉ;410040004A;PR;Tranqueira;-25,259;-49,301;2025-03-14 15:50:00.0;0,00
ALMIRANTE TAMANDARÉ;410040004A;PR;Tranqueira;-25,259;-49,301;2025-03-14 16:50:00.0;0,00
ALMIRANTE TAMANDARÉ;410040004A;PR;Tranqueira;-25,259;-49,301;2025-03-14 17:50:00.0;0,00
ALMIRANTE TAMANDARÉ;410040004A;PR;Tranqueira;-25,259;-49,301;2025-03-14 18:50:00.0;0,00
ALMIRANTE TAMANDARÉ;410040004A;PR;Tranqueira;-25,259;-49,301;2025-03-14 19:50:00.0;0,00
ALMIRANTE TAMANDARÉ;410040004A;PR;Tranqueira;-25,259;-49,301;2025-03-14 20:50:00.0;0,00
ALMIRANTE TAMANDARÉ;410040004A;PR;Tranqueira;-25,259;-49,301;2025-03-14 21:50:00.0;0,00
ALMIRANTE TAMANDARÉ;410040004A;PR;Tranqueira;-25,259;-49,301;2025-03-14 22:50:00.0;0,00
ALMIRANTE TAMANDARÉ;410040004A;PR;Tranqueira;-25,259;-49,301;2025-03-14 23:50:00.0;0,00
ALMIRANTE TAMANDARÉ;410040004A;PR;Tranqueira;-25,259;-49,301;2025-03-15 00:50:00.0;0,00
ALMIRANTE TAMANDARÉ;410040004A;PR;Tranqueira;-25,259;-49,301;2025-03-15 01:50:00.0;0,00
ALMIRANTE TAMANDARÉ;410040004A;PR;Tranqueira;-25,259;-49,301;2025-03-15 02:50:00.0;0,00
ALMIRANTE TAMANDARÉ;410040004A;PR;Tranqueira;-25,259;-49,301;2025-03-15 03:50:00.0;0,00
ALMIRANTE TAMANDARÉ;410040004A;PR;Tranqueira;-25,259;-49,301;2025-03-15 04:50:00.0;0,00
ALMIRANTE TAMANDARÉ;410040004A;PR;Tranqueira;-25,259;-49,301;2025-03-15 05:50:00.0;0,00
ALMIRANTE TAMANDARÉ;410040004A;PR;Tranqueira;-25,259;-49,301;2025-03-15 06:50:00.0;0,00
ALMIRANTE TAMANDARÉ;410040004A;PR;Tranqueira;-25,259;-49,301;2025-03-15 07:50:00.0;0,00
ALMIRANTE TAMANDARÉ;410040004A;PR;Tranqueira;-25,259;-49,301;2025-03-15 08:50:00.0;0,00
ALMIRANTE TAMANDARÉ;410040004A;PR;Tranqueira;-25,259;-49,301;2025-03-15 09:50:00.0;0,00
ALMIRANTE TAMANDARÉ;410040004A;PR;Tranqueira;-25,259;-49,301;2025-03-15 10:50:00.0;0,00
ALMIRANTE TAMANDARÉ;410040004A;PR;Tranqueira;-25,259;-49,301;2025-03-15 11:50:00.0;0,00
ALMIRANTE TAMANDARÉ;410040004A;PR;Tranqueira;-25,259;-49,301;2025-03-15 12:50:00.0;0,00
ALMIRANTE TAMANDARÉ;410040004A;PR;Tranqueira;-25,259;-49,301;2025-03-15 13:50:00.0;0,00
ALMIRANTE TAMANDARÉ;410040004A;PR;Tranqueira;-25,259;-49,301;2025-03-15 14:50:00.0;0,00
ALMIRANTE TAMANDARÉ;410040004A;PR;Tranqueira;-25,259;-49,301;2025-03-15 15:50:00.0;0,00
ALMIRANTE TAMANDARÉ;410040004A;PR;Tranqueira;-25,259;-49,301;2025-03-15 16:50:00.0;0,00
ALMIRANTE TAMANDARÉ;410040004A;PR;Tranqueira;-25,259;-49,301;2025-03-15 17:50:00.0;0,00
ALMIRANTE TAMANDARÉ;410040004A;PR;Tranqueira;-25,259;-49,301;2025-03-15 18:50:00.0;0,00
ALMIRANTE TAMANDARÉ;410040004A;PR;Tranqueira;-25,259;-49,301;2025-03-15 19:50:00.0;0,00
ALMIRANTE TAMANDARÉ;410040004A;PR;Tranqueira;-25,259;-49,301;2025-03-15 20:50:00.0;0,00
ALMIRANTE TAMANDARÉ;410040004A;PR;Tranqueira;-25,259;-49,301;2025-03-15 21:50:00.0;0,00
ALMIRANTE TAMANDARÉ;410040004A;PR;Tranqueira;-25,259;-49,301;2025-03-15 22:50:00.0;0,00
ALMIRANTE TAMANDARÉ;410040004A;PR;Tranqueira;-25,259;-49,301;2025-03-15 23:50:00.0;0,00
ALMIRANTE TAMANDARÉ;410040004A;PR;Tranqueira;-25,259;-49,301;2025-03-16 00:50:00.0;0,00
ALMIRANTE TAMANDARÉ;410040004A;PR;Tranqueira;-25,259;-49,301;2025-03-16 01:50:00.0;0,00
ALMIRANTE TAMANDARÉ;410040004A;PR;Tranqueira;-25,259;-49,301;2025-03-16 02:50:00.0;0,00
ALMIRANTE TAMANDARÉ;410040004A;PR;Tranqueira;-25,259;-49,301;2025-03-16 03:50:00.0;0,00
ALMIRANTE TAMANDARÉ;410040004A;PR;Tranqueira;-25,259;-49,301;2025-03-16 04:50:00.0;0,00
ALMIRANTE TAMANDARÉ;410040004A;PR;Tranqueira;-25,259;-49,301;2025-03-16 05:50:00.0;0,00
ALMIRANTE TAMANDARÉ;410040004A;PR;Tranqueira;-25,259;-49,301;2025-03-16 06:50:00.0;0,00
ALMIRANTE TAMANDARÉ;410040004A;PR;Tranqueira;-25,259;-49,301;2025-03-16 07:50:00.0;0,00
ALMIRANTE TAMANDARÉ;410040004A;PR;Tranqueira;-25,259;-49,301;2025-03-16 08:50:00.0;0,00
ALMIRANTE TAMANDARÉ;410040004A;PR;Tranqueira;-25,259;-49,301;2025-03-16 09:50:00.0;0,00
ALMIRANTE TAMANDARÉ;410040004A;PR;Tranqueira;-25,259;-49,301;2025-03-16 10:50:00.0;0,00
ALMIRANTE TAMANDARÉ;410040004A;PR;Tranqueira;-25,259;-49,301;2025-03-16 11:50:00.0;0,00
ALMIRANTE TAMANDARÉ;410040004A;PR;Tranqueira;-25,259;-49,301;2025-03-16 12:50:00.0;0,00
ALMIRANTE TAMANDARÉ;410040004A;PR;Tranqueira;-25,259;-49,301;2025-03-16 13:50:00.0;0,00
ALMIRANTE TAMANDARÉ;410040004A;PR;Tranqueira;-25,259;-49,301;2025-03-16 14:50:00.0;0,00
ALMIRANTE TAMANDARÉ;410040004A;PR;Tranqueira;-25,259;-49,301;2025-03-16 15:50:00.0;0,00
ALMIRANTE TAMANDARÉ;410040004A;PR;Tranqueira;-25,259;-49,301;2025-03-16 16:50:00.0;0,00
ALMIRANTE TAMANDARÉ;410040004A;PR;Tranqueira;-25,259;-49,301;2025-03-16 17:50:00.0;0,00
ALMIRANTE TAMANDARÉ;410040004A;PR;Tranqueira;-25,259;-49,301;2025-03-16 18:50:00.0;0,00
ALMIRANTE TAMANDARÉ;410040004A;PR;Tranqueira;-25,259;-49,301;2025-03-16 19:50:00.0;0,00
ALMIRANTE TAMANDARÉ;410040004A;PR;Tranqueira;-25,259;-49,301;2025-03-16 20:50:00.0;0,00
ALMIRANTE TAMANDARÉ;410040004A;PR;Tranqueira;-25,259;-49,301;2025-03-16 21:50:00.0;0,00
ALMIRANTE TAMANDARÉ;410040004A;PR;Tranqueira;-25,259;-49,301;2025-03-16 22:50:00.0;0,00
ALMIRANTE TAMANDARÉ;410040004A;PR;Tranqueira;-25,259;-49,301;2025-03-16 23:50:00.0;0,00
ALMIRANTE TAMANDARÉ;410040004A;PR;Tranqueira;-25,259;-49,301;2025-03-17 00:50:00.0;0,00
ALMIRANTE TAMANDARÉ;410040004A;PR;Tranqueira;-25,259;-49,301;2025-03-17 01:50:00.0;0,00
ALMIRANTE TAMANDARÉ;410040004A;PR;Tranqueira;-25,259;-49,301;2025-03-17 02:50:00.0;0,00
ALMIRANTE TAMANDARÉ;410040004A;PR;Tranqueira;-25,259;-49,301;2025-03-17 03:50:00.0;0,00
ALMIRANTE TAMANDARÉ;410040004A;PR;Tranqueira;-25,259;-49,301;2025-03-17 04:50:00.0;0,00
ALMIRANTE TAMANDARÉ;410040004A;PR;Tranqueira;-25,259;-49,301;2025-03-17 05:50:00.0;0,00
ALMIRANTE TAMANDARÉ;410040004A;PR;Tranqueira;-25,259;-49,301;2025-03-17 06:50:00.0;0,00
ALMIRANTE TAMANDARÉ;410040004A;PR;Tranqueira;-25,259;-49,301;2025-03-17 07:50:00.0;0,00
ALMIRANTE TAMANDARÉ;410040004A;PR;Tranqueira;-25,259;-49,301;2025-03-17 08:50:00.0;0,00
ALMIRANTE TAMANDARÉ;410040004A;PR;Tranqueira;-25,259;-49,301;2025-03-17 09:50:00.0;0,00
ALMIRANTE TAMANDARÉ;410040004A;PR;Tranqueira;-25,259;-49,301;2025-03-17 10:50:00.0;0,00
ALMIRANTE TAMANDARÉ;410040004A;PR;Tranqueira;-25,259;-49,301;2025-03-17 11:50:00.0;0,00
ALMIRANTE TAMANDARÉ;410040004A;PR;Tranqueira;-25,259;-49,301;2025-03-17 12:50:00.0;0,00
ALMIRANTE TAMANDARÉ;410040004A;PR;Tranqueira;-25,259;-49,301;2025-03-17 13:50:00.0;0,00
ALMIRANTE TAMANDARÉ;410040004A;PR;Tranqueira;-25,259;-49,301;2025-03-17 14:50:00.0;0,00
ALMIRANTE TAMANDARÉ;410040004A;PR;Tranqueira;-25,259;-49,301;2025-03-17 15:50:00.0;0,00
ALMIRANTE TAMANDARÉ;410040004A;PR;Tranqueira;-25,259;-49,301;2025-03-17 16:50:00.0;0,00
ALMIRANTE TAMANDARÉ;410040004A;PR;Tranqueira;-25,259;-49,301;2025-03-17 17:50:00.0;0,00
ALMIRANTE TAMANDARÉ;410040004A;PR;Tranqueira;-25,259;-49,301;2025-03-17 18:50:00.0;0,00
ALMIRANTE TAMANDARÉ;410040004A;PR;Tranqueira;-25,259;-49,301;2025-03-17 19:50:00.0;0,00
ALMIRANTE TAMANDARÉ;410040004A;PR;Tranqueira;-25,259;-49,301;2025-03-17 20:50:00.0;0,00
ALMIRANTE TAMANDARÉ;410040004A;PR;Tranqueira;-25,259;-49,301;2025-03-17 22:10:00.0;0,00
ALMIRANTE TAMANDARÉ;410040004A;PR;Tranqueira;-25,259;-49,301;2025-03-17 22:50:00.0;0,00
ALMIRANTE TAMANDARÉ;410040004A;PR;Tranqueira;-25,259;-49,301;2025-03-17 23:50:00.0;0,00
ALMIRANTE TAMANDARÉ;410040004A;PR;Tranqueira;-25,259;-49,301;2025-03-18 00:50:00.0;0,00
ALMIRANTE TAMANDARÉ;410040004A;PR;Tranqueira;-25,259;-49,301;2025-03-18 01:50:00.0;0,00
ALMIRANTE TAMANDARÉ;410040004A;PR;Tranqueira;-25,259;-49,301;2025-03-18 02:50:00.0;0,00
ALMIRANTE TAMANDARÉ;410040004A;PR;Tranqueira;-25,259;-49,301;2025-03-18 03:50:00.0;0,00
ALMIRANTE TAMANDARÉ;410040004A;PR;Tranqueira;-25,259;-49,301;2025-03-18 04:50:00.0;0,00
ALMIRANTE TAMANDARÉ;410040004A;PR;Tranqueira;-25,259;-49,301;2025-03-18 05:50:00.0;0,00
ALMIRANTE TAMANDARÉ;410040004A;PR;Tranqueira;-25,259;-49,301;2025-03-18 06:50:00.0;0,00
ALMIRANTE TAMANDARÉ;410040004A;PR;Tranqueira;-25,259;-49,301;2025-03-18 07:50:00.0;0,00
ALMIRANTE TAMANDARÉ;410040004A;PR;Tranqueira;-25,259;-49,301;2025-03-18 08:50:00.0;0,00
ALMIRANTE TAMANDARÉ;410040004A;PR;Tranqueira;-25,259;-49,301;2025-03-18 09:50:00.0;0,00
ALMIRANTE TAMANDARÉ;410040004A;PR;Tranqueira;-25,259;-49,301;2025-03-18 10:50:00.0;0,00
ALMIRANTE TAMANDARÉ;410040004A;PR;Tranqueira;-25,259;-49,301;2025-03-18 11:50:00.0;0,00
ALMIRANTE TAMANDARÉ;410040004A;PR;Tranqueira;-25,259;-49,301;2025-03-18 12:50:00.0;0,00
ALMIRANTE TAMANDARÉ;410040004A;PR;Tranqueira;-25,259;-49,301;2025-03-18 13:50:00.0;0,00
ALMIRANTE TAMANDARÉ;410040004A;PR;Tranqueira;-25,259;-49,301;2025-03-18 14:50:00.0;0,00
ALMIRANTE TAMANDARÉ;410040004A;PR;Tranqueira;-25,259;-49,301;2025-03-18 15:50:00.0;0,00
ALMIRANTE TAMANDARÉ;410040004A;PR;Tranqueira;-25,259;-49,301;2025-03-18 16:50:00.0;0,00
ALMIRANTE TAMANDARÉ;410040004A;PR;Tranqueira;-25,259;-49,301;2025-03-18 17:50:00.0;0,00
ALMIRANTE TAMANDARÉ;410040004A;PR;Tranqueira;-25,259;-49,301;2025-03-18 18:50:00.0;0,00
ALMIRANTE TAMANDARÉ;410040004A;PR;Tranqueira;-25,259;-49,301;2025-03-18 19:50:00.0;0,00
ALMIRANTE TAMANDARÉ;410040004A;PR;Tranqueira;-25,259;-49,301;2025-03-18 20:50:00.0;0,00
ALMIRANTE TAMANDARÉ;410040004A;PR;Tranqueira;-25,259;-49,301;2025-03-18 21:50:00.0;0,00
ALMIRANTE TAMANDARÉ;410040004A;PR;Tranqueira;-25,259;-49,301;2025-03-18 22:50:00.0;0,00
ALMIRANTE TAMANDARÉ;410040004A;PR;Tranqueira;-25,259;-49,301;2025-03-18 23:50:00.0;0,00
ALMIRANTE TAMANDARÉ;410040004A;PR;Tranqueira;-25,259;-49,301;2025-03-19 00:50:00.0;0,00
ALMIRANTE TAMANDARÉ;410040004A;PR;Tranqueira;-25,259;-49,301;2025-03-19 02:50:00.0;0,00
ALMIRANTE TAMANDARÉ;410040004A;PR;Tranqueira;-25,259;-49,301;2025-03-19 03:50:00.0;0,00
ALMIRANTE TAMANDARÉ;410040004A;PR;Tranqueira;-25,259;-49,301;2025-03-19 04:50:00.0;0,00
ALMIRANTE TAMANDARÉ;410040004A;PR;Tranqueira;-25,259;-49,301;2025-03-19 05:50:00.0;0,00
ALMIRANTE TAMANDARÉ;410040004A;PR;Tranqueira;-25,259;-49,301;2025-03-19 06:50:00.0;0,00
ALMIRANTE TAMANDARÉ;410040004A;PR;Tranqueira;-25,259;-49,301;2025-03-19 07:50:00.0;0,00
ALMIRANTE TAMANDARÉ;410040004A;PR;Tranqueira;-25,259;-49,301;2025-03-19 08:50:00.0;0,00
ALMIRANTE TAMANDARÉ;410040004A;PR;Tranqueira;-25,259;-49,301;2025-03-19 09:50:00.0;0,00
ALMIRANTE TAMANDARÉ;410040004A;PR;Tranqueira;-25,259;-49,301;2025-03-19 10:50:00.0;0,00
ALMIRANTE TAMANDARÉ;410040004A;PR;Tranqueira;-25,259;-49,301;2025-03-19 11:50:00.0;0,00
ALMIRANTE TAMANDARÉ;410040004A;PR;Tranqueira;-25,259;-49,301;2025-03-19 18:00:00.0;0,00
ALMIRANTE TAMANDARÉ;410040004A;PR;Tranqueira;-25,259;-49,301;2025-03-19 18:50:00.0;0,00
ALMIRANTE TAMANDARÉ;410040004A;PR;Tranqueira;-25,259;-49,301;2025-03-19 19:50:00.0;0,00
ALMIRANTE TAMANDARÉ;410040004A;PR;Tranqueira;-25,259;-49,301;2025-03-19 21:50:00.0;0,00
ALMIRANTE TAMANDARÉ;410040004A;PR;Tranqueira;-25,259;-49,301;2025-03-19 23:40:00.0;0,00
ALMIRANTE TAMANDARÉ;410040004A;PR;Tranqueira;-25,259;-49,301;2025-03-19 23:50:00.0;0,00
ALMIRANTE TAMANDARÉ;410040004A;PR;Tranqueira;-25,259;-49,301;2025-03-20 00:50:00.0;0,00
ALMIRANTE TAMANDARÉ;410040004A;PR;Tranqueira;-25,259;-49,301;2025-03-20 01:50:00.0;0,00
ALMIRANTE TAMANDARÉ;410040004A;PR;Tranqueira;-25,259;-49,301;2025-03-20 02:50:00.0;0,00
ALMIRANTE TAMANDARÉ;410040004A;PR;Tranqueira;-25,259;-49,301;2025-03-20 03:50:00.0;0,00
ALMIRANTE TAMANDARÉ;410040004A;PR;Tranqueira;-25,259;-49,301;2025-03-20 04:50:00.0;0,00
ALMIRANTE TAMANDARÉ;410040004A;PR;Tranqueira;-25,259;-49,301;2025-03-20 05:50:00.0;0,00
ALMIRANTE TAMANDARÉ;410040004A;PR;Tranqueira;-25,259;-49,301;2025-03-20 06:50:00.0;0,00
ALMIRANTE TAMANDARÉ;410040004A;PR;Tranqueira;-25,259;-49,301;2025-03-20 07:50:00.0;0,00
ALMIRANTE TAMANDARÉ;410040004A;PR;Tranqueira;-25,259;-49,301;2025-03-20 08:50:00.0;0,00
ALMIRANTE TAMANDARÉ;410040004A;PR;Tranqueira;-25,259;-49,301;2025-03-20 09:50:00.0;0,00
ALMIRANTE TAMANDARÉ;410040004A;PR;Tranqueira;-25,259;-49,301;2025-03-20 10:50:00.0;0,00
ALMIRANTE TAMANDARÉ;410040004A;PR;Tranqueira;-25,259;-49,301;2025-03-20 11:50:00.0;0,00
ALMIRANTE TAMANDARÉ;410040004A;PR;Tranqueira;-25,259;-49,301;2025-03-20 12:50:00.0;0,00
ALMIRANTE TAMANDARÉ;410040004A;PR;Tranqueira;-25,259;-49,301;2025-03-20 13:50:00.0;0,00
ALMIRANTE TAMANDARÉ;410040004A;PR;Tranqueira;-25,259;-49,301;2025-03-20 14:50:00.0;0,00
ALMIRANTE TAMANDARÉ;410040004A;PR;Tranqueira;-25,259;-49,301;2025-03-20 15:50:00.0;0,00
ALMIRANTE TAMANDARÉ;410040004A;PR;Tranqueira;-25,259;-49,301;2025-03-20 16:50:00.0;0,00
ALMIRANTE TAMANDARÉ;410040004A;PR;Tranqueira;-25,259;-49,301;2025-03-20 17:50:00.0;0,00
ALMIRANTE TAMANDARÉ;410040004A;PR;Tranqueira;-25,259;-49,301;2025-03-20 18:50:00.0;0,00
ALMIRANTE TAMANDARÉ;410040004A;PR;Tranqueira;-25,259;-49,301;2025-03-20 19:50:00.0;0,00
ALMIRANTE TAMANDARÉ;410040004A;PR;Tranqueira;-25,259;-49,301;2025-03-20 20:50:00.0;0,00
ALMIRANTE TAMANDARÉ;410040004A;PR;Tranqueira;-25,259;-49,301;2025-03-20 21:50:00.0;0,00
ALMIRANTE TAMANDARÉ;410040004A;PR;Tranqueira;-25,259;-49,301;2025-03-20 22:50:00.0;0,00
ALMIRANTE TAMANDARÉ;410040004A;PR;Tranqueira;-25,259;-49,301;2025-03-20 23:50:00.0;0,00
ALMIRANTE TAMANDARÉ;410040004A;PR;Tranqueira;-25,259;-49,301;2025-03-21 00:50:00.0;0,00
ALMIRANTE TAMANDARÉ;410040004A;PR;Tranqueira;-25,259;-49,301;2025-03-21 01:50:00.0;0,00
ALMIRANTE TAMANDARÉ;410040004A;PR;Tranqueira;-25,259;-49,301;2025-03-21 02:50:00.0;0,00
ALMIRANTE TAMANDARÉ;410040004A;PR;Tranqueira;-25,259;-49,301;2025-03-21 03:50:00.0;0,00
ALMIRANTE TAMANDARÉ;410040004A;PR;Tranqueira;-25,259;-49,301;2025-03-21 04:50:00.0;0,00
ALMIRANTE TAMANDARÉ;410040004A;PR;Tranqueira;-25,259;-49,301;2025-03-21 05:50:00.0;0,00
ALMIRANTE TAMANDARÉ;410040004A;PR;Tranqueira;-25,259;-49,301;2025-03-21 06:50:00.0;0,00
ALMIRANTE TAMANDARÉ;410040004A;PR;Tranqueira;-25,259;-49,301;2025-03-21 07:50:00.0;0,00
ALMIRANTE TAMANDARÉ;410040004A;PR;Tranqueira;-25,259;-49,301;2025-03-21 08:50:00.0;0,00
ALMIRANTE TAMANDARÉ;410040004A;PR;Tranqueira;-25,259;-49,301;2025-03-21 09:50:00.0;0,00
ALMIRANTE TAMANDARÉ;410040004A;PR;Tranqueira;-25,259;-49,301;2025-03-21 10:50:00.0;0,00
ALMIRANTE TAMANDARÉ;410040004A;PR;Tranqueira;-25,259;-49,301;2025-03-21 11:50:00.0;0,00
ALMIRANTE TAMANDARÉ;410040004A;PR;Tranqueira;-25,259;-49,301;2025-03-21 12:50:00.0;0,00
ALMIRANTE TAMANDARÉ;410040004A;PR;Tranqueira;-25,259;-49,301;2025-03-21 13:50:00.0;0,00
ALMIRANTE TAMANDARÉ;410040004A;PR;Tranqueira;-25,259;-49,301;2025-03-21 14:50:00.0;0,00
ALMIRANTE TAMANDARÉ;410040004A;PR;Tranqueira;-25,259;-49,301;2025-03-21 15:50:00.0;0,00
ALMIRANTE TAMANDARÉ;410040004A;PR;Tranqueira;-25,259;-49,301;2025-03-21 16:50:00.0;0,00
ALMIRANTE TAMANDARÉ;410040004A;PR;Tranqueira;-25,259;-49,301;2025-03-21 17:50:00.0;0,00
ALMIRANTE TAMANDARÉ;410040004A;PR;Tranqueira;-25,259;-49,301;2025-03-21 18:50:00.0;0,00
ALMIRANTE TAMANDARÉ;410040004A;PR;Tranqueira;-25,259;-49,301;2025-03-21 19:50:00.0;0,00
ALMIRANTE TAMANDARÉ;410040004A;PR;Tranqueira;-25,259;-49,301;2025-03-21 20:50:00.0;0,00
ALMIRANTE TAMANDARÉ;410040004A;PR;Tranqueira;-25,259;-49,301;2025-03-21 21:50:00.0;0,00
ALMIRANTE TAMANDARÉ;410040004A;PR;Tranqueira;-25,259;-49,301;2025-03-21 22:50:00.0;0,00
ALMIRANTE TAMANDARÉ;410040004A;PR;Tranqueira;-25,259;-49,301;2025-03-21 23:50:00.0;0,00
ALMIRANTE TAMANDARÉ;410040004A;PR;Tranqueira;-25,259;-49,301;2025-03-22 00:50:00.0;0,00
ALMIRANTE TAMANDARÉ;410040004A;PR;Tranqueira;-25,259;-49,301;2025-03-22 01:50:00.0;0,00
ALMIRANTE TAMANDARÉ;410040004A;PR;Tranqueira;-25,259;-49,301;2025-03-22 02:50:00.0;0,00
ALMIRANTE TAMANDARÉ;410040004A;PR;Tranqueira;-25,259;-49,301;2025-03-22 03:50:00.0;0,00
ALMIRANTE TAMANDARÉ;410040004A;PR;Tranqueira;-25,259;-49,301;2025-03-22 04:50:00.0;0,00
ALMIRANTE TAMANDARÉ;410040004A;PR;Tranqueira;-25,259;-49,301;2025-03-22 05:50:00.0;0,00
ALMIRANTE TAMANDARÉ;410040004A;PR;Tranqueira;-25,259;-49,301;2025-03-22 06:50:00.0;0,00
ALMIRANTE TAMANDARÉ;410040004A;PR;Tranqueira;-25,259;-49,301;2025-03-22 07:50:00.0;0,00
ALMIRANTE TAMANDARÉ;410040004A;PR;Tranqueira;-25,259;-49,301;2025-03-22 08:50:00.0;0,00
ALMIRANTE TAMANDARÉ;410040004A;PR;Tranqueira;-25,259;-49,301;2025-03-22 09:50:00.0;0,00
ALMIRANTE TAMANDARÉ;410040004A;PR;Tranqueira;-25,259;-49,301;2025-03-22 10:50:00.0;0,00
ALMIRANTE TAMANDARÉ;410040004A;PR;Tranqueira;-25,259;-49,301;2025-03-22 11:50:00.0;0,00
ALMIRANTE TAMANDARÉ;410040004A;PR;Tranqueira;-25,259;-49,301;2025-03-22 12:50:00.0;0,00
ALMIRANTE TAMANDARÉ;410040004A;PR;Tranqueira;-25,259;-49,301;2025-03-22 13:50:00.0;0,00
ALMIRANTE TAMANDARÉ;410040004A;PR;Tranqueira;-25,259;-49,301;2025-03-22 14:50:00.0;0,00
ALMIRANTE TAMANDARÉ;410040004A;PR;Tranqueira;-25,259;-49,301;2025-03-22 15:50:00.0;0,00
ALMIRANTE TAMANDARÉ;410040004A;PR;Tranqueira;-25,259;-49,301;2025-03-22 16:50:00.0;0,00
ALMIRANTE TAMANDARÉ;410040004A;PR;Tranqueira;-25,259;-49,301;2025-03-22 17:50:00.0;0,00
ALMIRANTE TAMANDARÉ;410040004A;PR;Tranqueira;-25,259;-49,301;2025-03-22 18:50:00.0;0,00
ALMIRANTE TAMANDARÉ;410040004A;PR;Tranqueira;-25,259;-49,301;2025-03-22 19:50:00.0;0,00
ALMIRANTE TAMANDARÉ;410040004A;PR;Tranqueira;-25,259;-49,301;2025-03-22 20:50:00.0;0,00
ALMIRANTE TAMANDARÉ;410040004A;PR;Tranqueira;-25,259;-49,301;2025-03-22 21:50:00.0;0,00
ALMIRANTE TAMANDARÉ;410040004A;PR;Tranqueira;-25,259;-49,301;2025-03-22 22:50:00.0;0,00
ALMIRANTE TAMANDARÉ;410040004A;PR;Tranqueira;-25,259;-49,301;2025-03-22 23:50:00.0;0,00
ALMIRANTE TAMANDARÉ;410040004A;PR;Tranqueira;-25,259;-49,301;2025-03-23 00:50:00.0;0,00
ALMIRANTE TAMANDARÉ;410040004A;PR;Tranqueira;-25,259;-49,301;2025-03-23 01:50:00.0;0,00
ALMIRANTE TAMANDARÉ;410040004A;PR;Tranqueira;-25,259;-49,301;2025-03-23 02:50:00.0;0,00
ALMIRANTE TAMANDARÉ;410040004A;PR;Tranqueira;-25,259;-49,301;2025-03-23 03:50:00.0;0,00
ALMIRANTE TAMANDARÉ;410040004A;PR;Tranqueira;-25,259;-49,301;2025-03-23 04:50:00.0;0,00
ALMIRANTE TAMANDARÉ;410040004A;PR;Tranqueira;-25,259;-49,301;2025-03-23 05:50:00.0;0,00
ALMIRANTE TAMANDARÉ;410040004A;PR;Tranqueira;-25,259;-49,301;2025-03-23 06:50:00.0;0,00
ALMIRANTE TAMANDARÉ;410040004A;PR;Tranqueira;-25,259;-49,301;2025-03-23 07:50:00.0;0,00
ALMIRANTE TAMANDARÉ;410040004A;PR;Tranqueira;-25,259;-49,301;2025-03-23 08:50:00.0;0,00
ALMIRANTE TAMANDARÉ;410040004A;PR;Tranqueira;-25,259;-49,301;2025-03-23 09:50:00.0;0,00
ALMIRANTE TAMANDARÉ;410040004A;PR;Tranqueira;-25,259;-49,301;2025-03-23 10:50:00.0;0,00
ALMIRANTE TAMANDARÉ;410040004A;PR;Tranqueira;-25,259;-49,301;2025-03-23 11:50:00.0;0,00
ALMIRANTE TAMANDARÉ;410040004A;PR;Tranqueira;-25,259;-49,301;2025-03-23 12:50:00.0;0,00
ALMIRANTE TAMANDARÉ;410040004A;PR;Tranqueira;-25,259;-49,301;2025-03-23 13:50:00.0;0,00
ALMIRANTE TAMANDARÉ;410040004A;PR;Tranqueira;-25,259;-49,301;2025-03-23 14:50:00.0;0,00
ALMIRANTE TAMANDARÉ;410040004A;PR;Tranqueira;-25,259;-49,301;2025-03-23 15:50:00.0;0,00
ALMIRANTE TAMANDARÉ;410040004A;PR;Tranqueira;-25,259;-49,301;2025-03-23 16:50:00.0;0,00
ALMIRANTE TAMANDARÉ;410040004A;PR;Tranqueira;-25,259;-49,301;2025-03-23 17:50:00.0;0,00
ALMIRANTE TAMANDARÉ;410040004A;PR;Tranqueira;-25,259;-49,301;2025-03-23 18:50:00.0;0,00
ALMIRANTE TAMANDARÉ;410040004A;PR;Tranqueira;-25,259;-49,301;2025-03-23 19:50:00.0;0,00
ALMIRANTE TAMANDARÉ;410040004A;PR;Tranqueira;-25,259;-49,301;2025-03-23 20:50:00.0;0,00
ALMIRANTE TAMANDARÉ;410040004A;PR;Tranqueira;-25,259;-49,301;2025-03-23 21:50:00.0;0,00
ALMIRANTE TAMANDARÉ;410040004A;PR;Tranqueira;-25,259;-49,301;2025-03-23 22:50:00.0;0,00
ALMIRANTE TAMANDARÉ;410040004A;PR;Tranqueira;-25,259;-49,301;2025-03-23 23:50:00.0;0,00
ALMIRANTE TAMANDARÉ;410040004A;PR;Tranqueira;-25,259;-49,301;2025-03-24 00:50:00.0;0,00
ALMIRANTE TAMANDARÉ;410040004A;PR;Tranqueira;-25,259;-49,301;2025-03-24 01:50:00.0;0,00
ALMIRANTE TAMANDARÉ;410040004A;PR;Tranqueira;-25,259;-49,301;2025-03-24 02:50:00.0;0,00
ALMIRANTE TAMANDARÉ;410040004A;PR;Tranqueira;-25,259;-49,301;2025-03-24 03:50:00.0;0,00
ALMIRANTE TAMANDARÉ;410040004A;PR;Tranqueira;-25,259;-49,301;2025-03-24 04:50:00.0;0,00
ALMIRANTE TAMANDARÉ;410040004A;PR;Tranqueira;-25,259;-49,301;2025-03-24 05:50:00.0;0,00
ALMIRANTE TAMANDARÉ;410040004A;PR;Tranqueira;-25,259;-49,301;2025-03-24 06:50:00.0;0,00
ALMIRANTE TAMANDARÉ;410040004A;PR;Tranqueira;-25,259;-49,301;2025-03-24 07:50:00.0;0,00
ALMIRANTE TAMANDARÉ;410040004A;PR;Tranqueira;-25,259;-49,301;2025-03-24 08:50:00.0;0,00
ALMIRANTE TAMANDARÉ;410040004A;PR;Tranqueira;-25,259;-49,301;2025-03-24 09:50:00.0;0,00
ALMIRANTE TAMANDARÉ;410040004A;PR;Tranqueira;-25,259;-49,301;2025-03-24 10:50:00.0;0,00
ALMIRANTE TAMANDARÉ;410040004A;PR;Tranqueira;-25,259;-49,301;2025-03-24 11:50:00.0;0,00
ALMIRANTE TAMANDARÉ;410040004A;PR;Tranqueira;-25,259;-49,301;2025-03-24 12:50:00.0;0,00
ALMIRANTE TAMANDARÉ;410040004A;PR;Tranqueira;-25,259;-49,301;2025-03-24 13:50:00.0;0,00
ALMIRANTE TAMANDARÉ;410040004A;PR;Tranqueira;-25,259;-49,301;2025-03-24 14:50:00.0;0,00
ALMIRANTE TAMANDARÉ;410040004A;PR;Tranqueira;-25,259;-49,301;2025-03-24 15:50:00.0;0,00
ALMIRANTE TAMANDARÉ;410040004A;PR;Tranqueira;-25,259;-49,301;2025-03-24 16:50:00.0;0,00
ALMIRANTE TAMANDARÉ;410040004A;PR;Tranqueira;-25,259;-49,301;2025-03-24 17:50:00.0;0,00
ALMIRANTE TAMANDARÉ;410040004A;PR;Tranqueira;-25,259;-49,301;2025-03-24 18:50:00.0;0,00
ALMIRANTE TAMANDARÉ;410040004A;PR;Tranqueira;-25,259;-49,301;2025-03-24 19:50:00.0;0,00
ALMIRANTE TAMANDARÉ;410040004A;PR;Tranqueira;-25,259;-49,301;2025-03-24 20:50:00.0;0,00
ALMIRANTE TAMANDARÉ;410040004A;PR;Tranqueira;-25,259;-49,301;2025-03-24 21:50:00.0;0,00
ALMIRANTE TAMANDARÉ;410040004A;PR;Tranqueira;-25,259;-49,301;2025-03-24 22:50:00.0;0,00
ALMIRANTE TAMANDARÉ;410040004A;PR;Tranqueira;-25,259;-49,301;2025-03-24 23:50:00.0;0,00
ALMIRANTE TAMANDARÉ;410040004A;PR;Tranqueira;-25,259;-49,301;2025-03-25 00:50:00.0;0,00
ALMIRANTE TAMANDARÉ;410040004A;PR;Tranqueira;-25,259;-49,301;2025-03-25 01:50:00.0;0,00
ALMIRANTE TAMANDARÉ;410040004A;PR;Tranqueira;-25,259;-49,301;2025-03-25 02:50:00.0;0,00
ALMIRANTE TAMANDARÉ;410040004A;PR;Tranqueira;-25,259;-49,301;2025-03-25 03:50:00.0;0,00
ALMIRANTE TAMANDARÉ;410040004A;PR;Tranqueira;-25,259;-49,301;2025-03-25 04:50:00.0;0,00
ALMIRANTE TAMANDARÉ;410040004A;PR;Tranqueira;-25,259;-49,301;2025-03-25 05:50:00.0;0,00
ALMIRANTE TAMANDARÉ;410040004A;PR;Tranqueira;-25,259;-49,301;2025-03-25 06:50:00.0;0,00
ALMIRANTE TAMANDARÉ;410040004A;PR;Tranqueira;-25,259;-49,301;2025-03-25 07:50:00.0;0,00
ALMIRANTE TAMANDARÉ;410040004A;PR;Tranqueira;-25,259;-49,301;2025-03-25 08:50:00.0;0,00
ALMIRANTE TAMANDARÉ;410040004A;PR;Tranqueira;-25,259;-49,301;2025-03-25 09:50:00.0;0,00
ALMIRANTE TAMANDARÉ;410040004A;PR;Tranqueira;-25,259;-49,301;2025-03-25 10:50:00.0;0,00
ALMIRANTE TAMANDARÉ;410040004A;PR;Tranqueira;-25,259;-49,301;2025-03-25 11:50:00.0;0,00
ALMIRANTE TAMANDARÉ;410040004A;PR;Tranqueira;-25,259;-49,301;2025-03-25 12:50:00.0;0,00
ALMIRANTE TAMANDARÉ;410040004A;PR;Tranqueira;-25,259;-49,301;2025-03-25 13:50:00.0;0,00
ALMIRANTE TAMANDARÉ;410040004A;PR;Tranqueira;-25,259;-49,301;2025-03-25 14:50:00.0;0,00
ALMIRANTE TAMANDARÉ;410040004A;PR;Tranqueira;-25,259;-49,301;2025-03-25 15:50:00.0;0,00
ALMIRANTE TAMANDARÉ;410040004A;PR;Tranqueira;-25,259;-49,301;2025-03-25 16:50:00.0;0,00
ALMIRANTE TAMANDARÉ;410040004A;PR;Tranqueira;-25,259;-49,301;2025-03-25 18:10:00.0;0,00
ALMIRANTE TAMANDARÉ;410040004A;PR;Tranqueira;-25,259;-49,301;2025-03-25 19:20:00.0;0,00
ALMIRANTE TAMANDARÉ;410040004A;PR;Tranqueira;-25,259;-49,301;2025-03-25 21:00:00.0;0,00
ALMIRANTE TAMANDARÉ;410040004A;PR;Tranqueira;-25,259;-49,301;2025-03-25 22:20:00.0;0,00
ALMIRANTE TAMANDARÉ;410040004A;PR;Tranqueira;-25,259;-49,301;2025-03-25 23:40:00.0;0,00
ALMIRANTE TAMANDARÉ;410040004A;PR;Tranqueira;-25,259;-49,301;2025-03-25 23:50:00.0;0,00
ALMIRANTE TAMANDARÉ;410040004A;PR;Tranqueira;-25,259;-49,301;2025-03-26 01:10:00.0;0,00
ALMIRANTE TAMANDARÉ;410040004A;PR;Tranqueira;-25,259;-49,301;2025-03-26 02:10:00.0;0,00
ALMIRANTE TAMANDARÉ;410040004A;PR;Tranqueira;-25,259;-49,301;2025-03-26 03:00:00.0;0,00
ALMIRANTE TAMANDARÉ;410040004A;PR;Tranqueira;-25,259;-49,301;2025-03-26 03:50:00.0;0,00
ALMIRANTE TAMANDARÉ;410040004A;PR;Tranqueira;-25,259;-49,301;2025-03-26 05:40:00.0;0,00
ALMIRANTE TAMANDARÉ;410040004A;PR;Tranqueira;-25,259;-49,301;2025-03-26 06:00:00.0;0,00
ALMIRANTE TAMANDARÉ;410040004A;PR;Tranqueira;-25,259;-49,301;2025-03-26 06:50:00.0;0,00
ALMIRANTE TAMANDARÉ;410040004A;PR;Tranqueira;-25,259;-49,301;2025-03-26 08:00:00.0;0,00
ALMIRANTE TAMANDARÉ;410040004A;PR;Tranqueira;-25,259;-49,301;2025-03-26 08:50:00.0;0,00
ALMIRANTE TAMANDARÉ;410040004A;PR;Tranqueira;-25,259;-49,301;2025-03-26 09:50:00.0;0,00
ALMIRANTE TAMANDARÉ;410040004A;PR;Tranqueira;-25,259;-49,301;2025-03-26 10:50:00.0;0,00
ALMIRANTE TAMANDARÉ;410040004A;PR;Tranqueira;-25,259;-49,301;2025-03-26 11:50:00.0;0,00
ALMIRANTE TAMANDARÉ;410040004A;PR;Tranqueira;-25,259;-49,301;2025-03-26 12:50:00.0;0,00
ALMIRANTE TAMANDARÉ;410040004A;PR;Tranqueira;-25,259;-49,301;2025-03-26 13:50:00.0;0,00
ALMIRANTE TAMANDARÉ;410040004A;PR;Tranqueira;-25,259;-49,301;2025-03-26 14:50:00.0;0,00
ALMIRANTE TAMANDARÉ;410040004A;PR;Tranqueira;-25,259;-49,301;2025-03-26 15:50:00.0;0,00
ALMIRANTE TAMANDARÉ;410040004A;PR;Tranqueira;-25,259;-49,301;2025-03-26 16:50:00.0;0,00
ALMIRANTE TAMANDARÉ;410040004A;PR;Tranqueira;-25,259;-49,301;2025-03-26 17:50:00.0;0,00
ALMIRANTE TAMANDARÉ;410040004A;PR;Tranqueira;-25,259;-49,301;2025-03-26 18:50:00.0;0,00
ALMIRANTE TAMANDARÉ;410040004A;PR;Tranqueira;-25,259;-49,301;2025-03-26 19:50:00.0;0,00
ALMIRANTE TAMANDARÉ;410040004A;PR;Tranqueira;-25,259;-49,301;2025-03-26 20:50:00.0;0,00
ALMIRANTE TAMANDARÉ;410040004A;PR;Tranqueira;-25,259;-49,301;2025-03-26 21:50:00.0;0,00
ALMIRANTE TAMANDARÉ;410040004A;PR;Tranqueira;-25,259;-49,301;2025-03-26 22:50:00.0;0,00
ALMIRANTE TAMANDARÉ;410040004A;PR;Tranqueira;-25,259;-49,301;2025-03-26 23:50:00.0;0,00
ALMIRANTE TAMANDARÉ;410040004A;PR;Tranqueira;-25,259;-49,301;2025-03-27 00:50:00.0;0,00
ALMIRANTE TAMANDARÉ;410040004A;PR;Tranqueira;-25,259;-49,301;2025-03-27 01:50:00.0;0,00
ALMIRANTE TAMANDARÉ;410040004A;PR;Tranqueira;-25,259;-49,301;2025-03-27 02:50:00.0;0,00
ALMIRANTE TAMANDARÉ;410040004A;PR;Tranqueira;-25,259;-49,301;2025-03-27 03:50:00.0;0,00
ALMIRANTE TAMANDARÉ;410040004A;PR;Tranqueira;-25,259;-49,301;2025-03-27 04:50:00.0;0,00
ALMIRANTE TAMANDARÉ;410040004A;PR;Tranqueira;-25,259;-49,301;2025-03-27 05:50:00.0;0,00
ALMIRANTE TAMANDARÉ;410040004A;PR;Tranqueira;-25,259;-49,301;2025-03-27 06:50:00.0;0,00
ALMIRANTE TAMANDARÉ;410040004A;PR;Tranqueira;-25,259;-49,301;2025-03-27 07:50:00.0;0,00
ALMIRANTE TAMANDARÉ;410040004A;PR;Tranqueira;-25,259;-49,301;2025-03-27 08:50:00.0;0,00
ALMIRANTE TAMANDARÉ;410040004A;PR;Tranqueira;-25,259;-49,301;2025-03-27 09:50:00.0;0,00
ALMIRANTE TAMANDARÉ;410040004A;PR;Tranqueira;-25,259;-49,301;2025-03-27 10:50:00.0;0,00
ALMIRANTE TAMANDARÉ;410040004A;PR;Tranqueira;-25,259;-49,301;2025-03-27 11:50:00.0;0,00
ALMIRANTE TAMANDARÉ;410040004A;PR;Tranqueira;-25,259;-49,301;2025-03-27 12:50:00.0;0,00
ALMIRANTE TAMANDARÉ;410040004A;PR;Tranqueira;-25,259;-49,301;2025-03-27 13:50:00.0;0,00
ALMIRANTE TAMANDARÉ;410040004A;PR;Tranqueira;-25,259;-49,301;2025-03-27 14:50:00.0;0,00
ALMIRANTE TAMANDARÉ;410040004A;PR;Tranqueira;-25,259;-49,301;2025-03-27 15:50:00.0;0,00
ALMIRANTE TAMANDARÉ;410040004A;PR;Tranqueira;-25,259;-49,301;2025-03-27 16:50:00.0;0,00
ALMIRANTE TAMANDARÉ;410040004A;PR;Tranqueira;-25,259;-49,301;2025-03-27 17:50:00.0;0,00
ALMIRANTE TAMANDARÉ;410040004A;PR;Tranqueira;-25,259;-49,301;2025-03-27 18:50:00.0;0,00
ALMIRANTE TAMANDARÉ;410040004A;PR;Tranqueira;-25,259;-49,301;2025-03-27 19:50:00.0;0,00
ALMIRANTE TAMANDARÉ;410040004A;PR;Tranqueira;-25,259;-49,301;2025-03-27 20:50:00.0;0,00
ALMIRANTE TAMANDARÉ;410040004A;PR;Tranqueira;-25,259;-49,301;2025-03-27 21:50:00.0;0,00
ALMIRANTE TAMANDARÉ;410040004A;PR;Tranqueira;-25,259;-49,301;2025-03-27 22:50:00.0;0,00
ALMIRANTE TAMANDARÉ;410040004A;PR;Tranqueira;-25,259;-49,301;2025-03-27 23:50:00.0;0,00
ALMIRANTE TAMANDARÉ;410040004A;PR;Tranqueira;-25,259;-49,301;2025-03-28 00:50:00.0;0,00
ALMIRANTE TAMANDARÉ;410040004A;PR;Tranqueira;-25,259;-49,301;2025-03-28 01:50:00.0;0,00
ALMIRANTE TAMANDARÉ;410040004A;PR;Tranqueira;-25,259;-49,301;2025-03-28 02:50:00.0;0,00
ALMIRANTE TAMANDARÉ;410040004A;PR;Tranqueira;-25,259;-49,301;2025-03-28 03:50:00.0;0,00
ALMIRANTE TAMANDARÉ;410040004A;PR;Tranqueira;-25,259;-49,301;2025-03-28 04:50:00.0;0,00
ALMIRANTE TAMANDARÉ;410040004A;PR;Tranqueira;-25,259;-49,301;2025-03-28 05:50:00.0;0,00
ALMIRANTE TAMANDARÉ;410040004A;PR;Tranqueira;-25,259;-49,301;2025-03-28 06:50:00.0;0,00
ALMIRANTE TAMANDARÉ;410040004A;PR;Tranqueira;-25,259;-49,301;2025-03-28 07:50:00.0;0,00
ALMIRANTE TAMANDARÉ;410040004A;PR;Tranqueira;-25,259;-49,301;2025-03-28 08:50:00.0;0,00
ALMIRANTE TAMANDARÉ;410040004A;PR;Tranqueira;-25,259;-49,301;2025-03-28 09:50:00.0;0,00
ALMIRANTE TAMANDARÉ;410040004A;PR;Tranqueira;-25,259;-49,301;2025-03-28 10:50:00.0;0,00
ALMIRANTE TAMANDARÉ;410040004A;PR;Tranqueira;-25,259;-49,301;2025-03-28 11:50:00.0;0,00
ALMIRANTE TAMANDARÉ;410040004A;PR;Tranqueira;-25,259;-49,301;2025-03-28 12:50:00.0;0,00
ALMIRANTE TAMANDARÉ;410040004A;PR;Tranqueira;-25,259;-49,301;2025-03-28 13:50:00.0;0,00
ALMIRANTE TAMANDARÉ;410040004A;PR;Tranqueira;-25,259;-49,301;2025-03-28 14:50:00.0;0,00
ALMIRANTE TAMANDARÉ;410040004A;PR;Tranqueira;-25,259;-49,301;2025-03-28 15:50:00.0;0,00
ALMIRANTE TAMANDARÉ;410040004A;PR;Tranqueira;-25,259;-49,301;2025-03-28 16:50:00.0;0,00
ALMIRANTE TAMANDARÉ;410040004A;PR;Tranqueira;-25,259;-49,301;2025-03-28 17:50:00.0;0,00
ALMIRANTE TAMANDARÉ;410040004A;PR;Tranqueira;-25,259;-49,301;2025-03-28 18:50:00.0;0,00
ALMIRANTE TAMANDARÉ;410040004A;PR;Tranqueira;-25,259;-49,301;2025-03-28 19:50:00.0;0,00
ALMIRANTE TAMANDARÉ;410040004A;PR;Tranqueira;-25,259;-49,301;2025-03-28 20:50:00.0;0,00
ALMIRANTE TAMANDARÉ;410040004A;PR;Tranqueira;-25,259;-49,301;2025-03-28 21:50:00.0;0,00
ALMIRANTE TAMANDARÉ;410040004A;PR;Tranqueira;-25,259;-49,301;2025-03-28 22:50:00.0;0,00
ALMIRANTE TAMANDARÉ;410040004A;PR;Tranqueira;-25,259;-49,301;2025-03-28 23:50:00.0;0,00
ALMIRANTE TAMANDARÉ;410040004A;PR;Tranqueira;-25,259;-49,301;2025-03-29 00:50:00.0;0,00
ALMIRANTE TAMANDARÉ;410040004A;PR;Tranqueira;-25,259;-49,301;2025-03-29 01:50:00.0;0,00
ALMIRANTE TAMANDARÉ;410040004A;PR;Tranqueira;-25,259;-49,301;2025-03-29 02:50:00.0;0,00
ALMIRANTE TAMANDARÉ;410040004A;PR;Tranqueira;-25,259;-49,301;2025-03-29 03:50:00.0;0,00
ALMIRANTE TAMANDARÉ;410040004A;PR;Tranqueira;-25,259;-49,301;2025-03-29 04:50:00.0;0,00
ALMIRANTE TAMANDARÉ;410040004A;PR;Tranqueira;-25,259;-49,301;2025-03-29 05:50:00.0;0,00
ALMIRANTE TAMANDARÉ;410040004A;PR;Tranqueira;-25,259;-49,301;2025-03-29 06:50:00.0;0,00
ALMIRANTE TAMANDARÉ;410040004A;PR;Tranqueira;-25,259;-49,301;2025-03-29 07:50:00.0;0,00
ALMIRANTE TAMANDARÉ;410040004A;PR;Tranqueira;-25,259;-49,301;2025-03-29 08:50:00.0;0,00
ALMIRANTE TAMANDARÉ;410040004A;PR;Tranqueira;-25,259;-49,301;2025-03-29 09:50:00.0;0,00
ALMIRANTE TAMANDARÉ;410040004A;PR;Tranqueira;-25,259;-49,301;2025-03-29 10:50:00.0;0,00
ALMIRANTE TAMANDARÉ;410040004A;PR;Tranqueira;-25,259;-49,301;2025-03-29 11:50:00.0;0,00
ALMIRANTE TAMANDARÉ;410040004A;PR;Tranqueira;-25,259;-49,301;2025-03-29 12:50:00.0;0,00
ALMIRANTE TAMANDARÉ;410040004A;PR;Tranqueira;-25,259;-49,301;2025-03-29 13:50:00.0;0,00
ALMIRANTE TAMANDARÉ;410040004A;PR;Tranqueira;-25,259;-49,301;2025-03-29 14:50:00.0;0,00
ALMIRANTE TAMANDARÉ;410040004A;PR;Tranqueira;-25,259;-49,301;2025-03-29 15:50:00.0;0,00
ALMIRANTE TAMANDARÉ;410040004A;PR;Tranqueira;-25,259;-49,301;2025-03-29 16:50:00.0;0,00
ALMIRANTE TAMANDARÉ;410040004A;PR;Tranqueira;-25,259;-49,301;2025-03-29 17:50:00.0;0,00
ALMIRANTE TAMANDARÉ;410040004A;PR;Tranqueira;-25,259;-49,301;2025-03-29 18:50:00.0;0,00
ALMIRANTE TAMANDARÉ;410040004A;PR;Tranqueira;-25,259;-49,301;2025-03-29 19:50:00.0;0,00
ALMIRANTE TAMANDARÉ;410040004A;PR;Tranqueira;-25,259;-49,301;2025-03-29 20:50:00.0;0,00
ALMIRANTE TAMANDARÉ;410040004A;PR;Tranqueira;-25,259;-49,301;2025-03-29 21:50:00.0;0,00
ALMIRANTE TAMANDARÉ;410040004A;PR;Tranqueira;-25,259;-49,301;2025-03-29 22:50:00.0;0,00
ALMIRANTE TAMANDARÉ;410040004A;PR;Tranqueira;-25,259;-49,301;2025-03-29 23:50:00.0;0,00
ALMIRANTE TAMANDARÉ;410040004A;PR;Tranqueira;-25,259;-49,301;2025-03-30 00:50:00.0;0,00
ALMIRANTE TAMANDARÉ;410040004A;PR;Tranqueira;-25,259;-49,301;2025-03-30 01:50:00.0;0,00
ALMIRANTE TAMANDARÉ;410040004A;PR;Tranqueira;-25,259;-49,301;2025-03-30 02:50:00.0;0,00
ALMIRANTE TAMANDARÉ;410040004A;PR;Tranqueira;-25,259;-49,301;2025-03-30 03:50:00.0;0,00
ALMIRANTE TAMANDARÉ;410040004A;PR;Tranqueira;-25,259;-49,301;2025-03-30 04:50:00.0;0,00
ALMIRANTE TAMANDARÉ;410040004A;PR;Tranqueira;-25,259;-49,301;2025-03-30 05:50:00.0;0,00
ALMIRANTE TAMANDARÉ;410040004A;PR;Tranqueira;-25,259;-49,301;2025-03-30 06:50:00.0;0,00
ALMIRANTE TAMANDARÉ;410040004A;PR;Tranqueira;-25,259;-49,301;2025-03-30 07:50:00.0;0,00
ALMIRANTE TAMANDARÉ;410040004A;PR;Tranqueira;-25,259;-49,301;2025-03-30 08:50:00.0;0,00
ALMIRANTE TAMANDARÉ;410040004A;PR;Tranqueira;-25,259;-49,301;2025-03-30 09:50:00.0;0,00
ALMIRANTE TAMANDARÉ;410040004A;PR;Tranqueira;-25,259;-49,301;2025-03-30 10:50:00.0;0,00
ALMIRANTE TAMANDARÉ;410040004A;PR;Tranqueira;-25,259;-49,301;2025-03-30 11:50:00.0;0,00
ALMIRANTE TAMANDARÉ;410040004A;PR;Tranqueira;-25,259;-49,301;2025-03-30 12:50:00.0;0,00
ALMIRANTE TAMANDARÉ;410040004A;PR;Tranqueira;-25,259;-49,301;2025-03-30 13:50:00.0;0,00
ALMIRANTE TAMANDARÉ;410040004A;PR;Tranqueira;-25,259;-49,301;2025-03-30 14:50:00.0;0,00
ALMIRANTE TAMANDARÉ;410040004A;PR;Tranqueira;-25,259;-49,301;2025-03-30 15:50:00.0;0,00
ALMIRANTE TAMANDARÉ;410040004A;PR;Tranqueira;-25,259;-49,301;2025-03-30 16:50:00.0;0,00
ALMIRANTE TAMANDARÉ;410040004A;PR;Tranqueira;-25,259;-49,301;2025-03-30 17:50:00.0;0,00
ALMIRANTE TAMANDARÉ;410040004A;PR;Tranqueira;-25,259;-49,301;2025-03-30 18:50:00.0;0,00
ALMIRANTE TAMANDARÉ;410040004A;PR;Tranqueira;-25,259;-49,301;2025-03-30 19:50:00.0;0,00
ALMIRANTE TAMANDARÉ;410040004A;PR;Tranqueira;-25,259;-49,301;2025-03-30 20:50:00.0;0,00
ALMIRANTE TAMANDARÉ;410040004A;PR;Tranqueira;-25,259;-49,301;2025-03-30 21:50:00.0;0,00
ALMIRANTE TAMANDARÉ;410040004A;PR;Tranqueira;-25,259;-49,301;2025-03-30 22:50:00.0;0,00
ALMIRANTE TAMANDARÉ;410040004A;PR;Tranqueira;-25,259;-49,301;2025-03-30 23:50:00.0;0,00
ALMIRANTE TAMANDARÉ;410040004A;PR;Tranqueira;-25,259;-49,301;2025-03-31 00:50:00.0;0,00
ALMIRANTE TAMANDARÉ;410040004A;PR;Tranqueira;-25,259;-49,301;2025-03-31 01:50:00.0;0,00
ALMIRANTE TAMANDARÉ;410040004A;PR;Tranqueira;-25,259;-49,301;2025-03-31 02:50:00.0;0,00
ALMIRANTE TAMANDARÉ;410040004A;PR;Tranqueira;-25,259;-49,301;2025-03-31 03:50:00.0;0,00
ALMIRANTE TAMANDARÉ;410040004A;PR;Tranqueira;-25,259;-49,301;2025-03-31 04:50:00.0;0,00
ALMIRANTE TAMANDARÉ;410040004A;PR;Tranqueira;-25,259;-49,301;2025-03-31 05:50:00.0;0,00
ALMIRANTE TAMANDARÉ;410040004A;PR;Tranqueira;-25,259;-49,301;2025-03-31 06:50:00.0;0,00
ALMIRANTE TAMANDARÉ;410040004A;PR;Tranqueira;-25,259;-49,301;2025-03-31 07:50:00.0;0,00
ALMIRANTE TAMANDARÉ;410040004A;PR;Tranqueira;-25,259;-49,301;2025-03-31 08:50:00.0;0,00
ALMIRANTE TAMANDARÉ;410040004A;PR;Tranqueira;-25,259;-49,301;2025-03-31 09:50:00.0;0,00
ALMIRANTE TAMANDARÉ;410040004A;PR;Tranqueira;-25,259;-49,301;2025-03-31 10:50:00.0;0,00
ALMIRANTE TAMANDARÉ;410040004A;PR;Tranqueira;-25,259;-49,301;2025-03-31 11:50:00.0;0,00
ALMIRANTE TAMANDARÉ;410040004A;PR;Tranqueira;-25,259;-49,301;2025-03-31 12:50:00.0;0,00
ALMIRANTE TAMANDARÉ;410040004A;PR;Tranqueira;-25,259;-49,301;2025-03-31 13:50:00.0;0,00
ALMIRANTE TAMANDARÉ;410040004A;PR;Tranqueira;-25,259;-49,301;2025-03-31 14:50:00.0;0,00
ALMIRANTE TAMANDARÉ;410040004A;PR;Tranqueira;-25,259;-49,301;2025-03-31 15:50:00.0;0,00
ALMIRANTE TAMANDARÉ;410040004A;PR;Tranqueira;-25,259;-49,301;2025-03-31 16:50:00.0;0,00
ALMIRANTE TAMANDARÉ;410040004A;PR;Tranqueira;-25,259;-49,301;2025-03-31 17:50:00.0;0,00
ALMIRANTE TAMANDARÉ;410040004A;PR;Tranqueira;-25,259;-49,301;2025-03-31 18:50:00.0;0,00
ALMIRANTE TAMANDARÉ;410040004A;PR;Tranqueira;-25,259;-49,301;2025-03-31 19:50:00.0;0,00
ALMIRANTE TAMANDARÉ;410040004A;PR;Tranqueira;-25,259;-49,301;2025-03-31 20:50:00.0;0,00
ALMIRANTE TAMANDARÉ;410040004A;PR;Tranqueira;-25,259;-49,301;2025-03-31 21:50:00.0;0,00
ALMIRANTE TAMANDARÉ;410040004A;PR;Tranqueira;-25,259;-49,301;2025-03-31 22:50:00.0;0,00
ALMIRANTE TAMANDARÉ;410040004A;PR;Tranqueira;-25,259;-49,301;2025-03-31 23:50:00.0;0,00
ALMIRANTE TAMANDARÉ;410040005A;PR;Jardim Bonfim;-25,344;-49,28;2025-03-01 00:00:00.0;0,00
ALMIRANTE TAMANDARÉ;410040005A;PR;Jardim Bonfim;-25,344;-49,28;2025-03-01 01:00:00.0;0,00
ALMIRANTE TAMANDARÉ;410040005A;PR;Jardim Bonfim;-25,344;-49,28;2025-03-01 02:00:00.0;0,00
ALMIRANTE TAMANDARÉ;410040005A;PR;Jardim Bonfim;-25,344;-49,28;2025-03-01 03:00:00.0;0,00
ALMIRANTE TAMANDARÉ;410040005A;PR;Jardim Bonfim;-25,344;-49,28;2025-03-01 04:00:00.0;0,00
ALMIRANTE TAMANDARÉ;410040005A;PR;Jardim Bonfim;-25,344;-49,28;2025-03-01 05:00:00.0;0,00
ALMIRANTE TAMANDARÉ;410040005A;PR;Jardim Bonfim;-25,344;-49,28;2025-03-01 06:00:00.0;0,00
ALMIRANTE TAMANDARÉ;410040005A;PR;Jardim Bonfim;-25,344;-49,28;2025-03-01 07:00:00.0;0,00
ALMIRANTE TAMANDARÉ;410040005A;PR;Jardim Bonfim;-25,344;-49,28;2025-03-01 08:00:00.0;0,00
ALMIRANTE TAMANDARÉ;410040005A;PR;Jardim Bonfim;-25,344;-49,28;2025-03-01 09:00:00.0;0,00
ALMIRANTE TAMANDARÉ;410040005A;PR;Jardim Bonfim;-25,344;-49,28;2025-03-01 10:00:00.0;0,00
ALMIRANTE TAMANDARÉ;410040005A;PR;Jardim Bonfim;-25,344;-49,28;2025-03-01 11:00:00.0;0,00
ALMIRANTE TAMANDARÉ;410040005A;PR;Jardim Bonfim;-25,344;-49,28;2025-03-01 12:00:00.0;0,00
ALMIRANTE TAMANDARÉ;410040005A;PR;Jardim Bonfim;-25,344;-49,28;2025-03-01 13:00:00.0;0,00
ALMIRANTE TAMANDARÉ;410040005A;PR;Jardim Bonfim;-25,344;-49,28;2025-03-01 14:00:00.0;0,00
ALMIRANTE TAMANDARÉ;410040005A;PR;Jardim Bonfim;-25,344;-49,28;2025-03-01 15:00:00.0;0,00
ALMIRANTE TAMANDARÉ;410040005A;PR;Jardim Bonfim;-25,344;-49,28;2025-03-01 16:00:00.0;0,00
ALMIRANTE TAMANDARÉ;410040005A;PR;Jardim Bonfim;-25,344;-49,28;2025-03-01 17:00:00.0;0,00
ALMIRANTE TAMANDARÉ;410040005A;PR;Jardim Bonfim;-25,344;-49,28;2025-03-01 18:00:00.0;0,00
ALMIRANTE TAMANDARÉ;410040005A;PR;Jardim Bonfim;-25,344;-49,28;2025-03-01 19:00:00.0;0,00
ALMIRANTE TAMANDARÉ;410040005A;PR;Jardim Bonfim;-25,344;-49,28;2025-03-01 20:00:00.0;0,00
ALMIRANTE TAMANDARÉ;410040005A;PR;Jardim Bonfim;-25,344;-49,28;2025-03-01 21:00:00.0;0,00
ALMIRANTE TAMANDARÉ;410040005A;PR;Jardim Bonfim;-25,344;-49,28;2025-03-01 22:00:00.0;0,00
ALMIRANTE TAMANDARÉ;410040005A;PR;Jardim Bonfim;-25,344;-49,28;2025-03-01 23:00:00.0;0,00
ALMIRANTE TAMANDARÉ;410040005A;PR;Jardim Bonfim;-25,344;-49,28;2025-03-02 00:00:00.0;0,00
ALMIRANTE TAMANDARÉ;410040005A;PR;Jardim Bonfim;-25,344;-49,28;2025-03-02 01:00:00.0;0,00
ALMIRANTE TAMANDARÉ;410040005A;PR;Jardim Bonfim;-25,344;-49,28;2025-03-02 02:00:00.0;0,00
ALMIRANTE TAMANDARÉ;410040005A;PR;Jardim Bonfim;-25,344;-49,28;2025-03-02 03:00:00.0;0,00
ALMIRANTE TAMANDARÉ;410040005A;PR;Jardim Bonfim;-25,344;-49,28;2025-03-02 04:00:00.0;0,00
ALMIRANTE TAMANDARÉ;410040005A;PR;Jardim Bonfim;-25,344;-49,28;2025-03-02 05:00:00.0;0,00
ALMIRANTE TAMANDARÉ;410040005A;PR;Jardim Bonfim;-25,344;-49,28;2025-03-02 06:00:00.0;0,00
ALMIRANTE TAMANDARÉ;410040005A;PR;Jardim Bonfim;-25,344;-49,28;2025-03-02 07:00:00.0;0,00
ALMIRANTE TAMANDARÉ;410040005A;PR;Jardim Bonfim;-25,344;-49,28;2025-03-02 08:00:00.0;0,00
ALMIRANTE TAMANDARÉ;410040005A;PR;Jardim Bonfim;-25,344;-49,28;2025-03-02 09:00:00.0;0,00
ALMIRANTE TAMANDARÉ;410040005A;PR;Jardim Bonfim;-25,344;-49,28;2025-03-02 10:00:00.0;0,00
ALMIRANTE TAMANDARÉ;410040005A;PR;Jardim Bonfim;-25,344;-49,28;2025-03-02 11:00:00.0;0,00
ALMIRANTE TAMANDARÉ;410040005A;PR;Jardim Bonfim;-25,344;-49,28;2025-03-02 12:00:00.0;0,00
ALMIRANTE TAMANDARÉ;410040005A;PR;Jardim Bonfim;-25,344;-49,28;2025-03-02 13:00:00.0;0,00
ALMIRANTE TAMANDARÉ;410040005A;PR;Jardim Bonfim;-25,344;-49,28;2025-03-02 14:00:00.0;0,00
ALMIRANTE TAMANDARÉ;410040005A;PR;Jardim Bonfim;-25,344;-49,28;2025-03-02 15:00:00.0;0,00
ALMIRANTE TAMANDARÉ;410040005A;PR;Jardim Bonfim;-25,344;-49,28;2025-03-02 16:00:00.0;0,00
ALMIRANTE TAMANDARÉ;410040005A;PR;Jardim Bonfim;-25,344;-49,28;2025-03-02 17:00:00.0;0,00
ALMIRANTE TAMANDARÉ;410040005A;PR;Jardim Bonfim;-25,344;-49,28;2025-03-02 18:00:00.0;0,00
ALMIRANTE TAMANDARÉ;410040005A;PR;Jardim Bonfim;-25,344;-49,28;2025-03-02 19:00:00.0;0,00
ALMIRANTE TAMANDARÉ;410040005A;PR;Jardim Bonfim;-25,344;-49,28;2025-03-02 20:00:00.0;0,00
ALMIRANTE TAMANDARÉ;410040005A;PR;Jardim Bonfim;-25,344;-49,28;2025-03-02 21:00:00.0;0,00
ALMIRANTE TAMANDARÉ;410040005A;PR;Jardim Bonfim;-25,344;-49,28;2025-03-02 22:00:00.0;0,00
ALMIRANTE TAMANDARÉ;410040005A;PR;Jardim Bonfim;-25,344;-49,28;2025-03-02 23:00:00.0;0,00
ALMIRANTE TAMANDARÉ;410040005A;PR;Jardim Bonfim;-25,344;-49,28;2025-03-03 00:00:00.0;0,00
ALMIRANTE TAMANDARÉ;410040005A;PR;Jardim Bonfim;-25,344;-49,28;2025-03-03 01:00:00.0;0,00
ALMIRANTE TAMANDARÉ;410040005A;PR;Jardim Bonfim;-25,344;-49,28;2025-03-03 02:00:00.0;0,00
ALMIRANTE TAMANDARÉ;410040005A;PR;Jardim Bonfim;-25,344;-49,28;2025-03-03 03:00:00.0;0,00
ALMIRANTE TAMANDARÉ;410040005A;PR;Jardim Bonfim;-25,344;-49,28;2025-03-03 04:00:00.0;0,00
ALMIRANTE TAMANDARÉ;410040005A;PR;Jardim Bonfim;-25,344;-49,28;2025-03-03 05:00:00.0;0,00
ALMIRANTE TAMANDARÉ;410040005A;PR;Jardim Bonfim;-25,344;-49,28;2025-03-03 06:00:00.0;0,00
ALMIRANTE TAMANDARÉ;410040005A;PR;Jardim Bonfim;-25,344;-49,28;2025-03-03 07:00:00.0;0,00
ALMIRANTE TAMANDARÉ;410040005A;PR;Jardim Bonfim;-25,344;-49,28;2025-03-03 08:00:00.0;0,00
ALMIRANTE TAMANDARÉ;410040005A;PR;Jardim Bonfim;-25,344;-49,28;2025-03-03 09:00:00.0;0,00
ALMIRANTE TAMANDARÉ;410040005A;PR;Jardim Bonfim;-25,344;-49,28;2025-03-03 10:00:00.0;0,00
ALMIRANTE TAMANDARÉ;410040005A;PR;Jardim Bonfim;-25,344;-49,28;2025-03-03 11:00:00.0;0,00
ALMIRANTE TAMANDARÉ;410040005A;PR;Jardim Bonfim;-25,344;-49,28;2025-03-03 12:00:00.0;0,00
ALMIRANTE TAMANDARÉ;410040005A;PR;Jardim Bonfim;-25,344;-49,28;2025-03-03 13:00:00.0;0,00
ALMIRANTE TAMANDARÉ;410040005A;PR;Jardim Bonfim;-25,344;-49,28;2025-03-03 14:00:00.0;0,00
ALMIRANTE TAMANDARÉ;410040005A;PR;Jardim Bonfim;-25,344;-49,28;2025-03-03 15:00:00.0;0,00
ALMIRANTE TAMANDARÉ;410040005A;PR;Jardim Bonfim;-25,344;-49,28;2025-03-03 16:00:00.0;0,00
ALMIRANTE TAMANDARÉ;410040005A;PR;Jardim Bonfim;-25,344;-49,28;2025-03-03 17:00:00.0;0,00
ALMIRANTE TAMANDARÉ;410040005A;PR;Jardim Bonfim;-25,344;-49,28;2025-03-03 18:00:00.0;0,00
ALMIRANTE TAMANDARÉ;410040005A;PR;Jardim Bonfim;-25,344;-49,28;2025-03-03 19:00:00.0;0,00
ALMIRANTE TAMANDARÉ;410040005A;PR;Jardim Bonfim;-25,344;-49,28;2025-03-03 20:00:00.0;0,00
ALMIRANTE TAMANDARÉ;410040005A;PR;Jardim Bonfim;-25,344;-49,28;2025-03-03 21:00:00.0;0,00
ALMIRANTE TAMANDARÉ;410040005A;PR;Jardim Bonfim;-25,344;-49,28;2025-03-03 22:00:00.0;0,00
ALMIRANTE TAMANDARÉ;410040005A;PR;Jardim Bonfim;-25,344;-49,28;2025-03-03 23:00:00.0;0,00
ALMIRANTE TAMANDARÉ;410040005A;PR;Jardim Bonfim;-25,344;-49,28;2025-03-04 00:00:00.0;0,00
ALMIRANTE TAMANDARÉ;410040005A;PR;Jardim Bonfim;-25,344;-49,28;2025-03-04 01:00:00.0;0,00
ALMIRANTE TAMANDARÉ;410040005A;PR;Jardim Bonfim;-25,344;-49,28;2025-03-04 02:00:00.0;0,00
ALMIRANTE TAMANDARÉ;410040005A;PR;Jardim Bonfim;-25,344;-49,28;2025-03-04 03:00:00.0;0,00
ALMIRANTE TAMANDARÉ;410040005A;PR;Jardim Bonfim;-25,344;-49,28;2025-03-04 04:00:00.0;0,00
ALMIRANTE TAMANDARÉ;410040005A;PR;Jardim Bonfim;-25,344;-49,28;2025-03-04 05:00:00.0;0,00
ALMIRANTE TAMANDARÉ;410040005A;PR;Jardim Bonfim;-25,344;-49,28;2025-03-04 06:00:00.0;0,00
ALMIRANTE TAMANDARÉ;410040005A;PR;Jardim Bonfim;-25,344;-49,28;2025-03-04 07:00:00.0;0,00
ALMIRANTE TAMANDARÉ;410040005A;PR;Jardim Bonfim;-25,344;-49,28;2025-03-04 08:00:00.0;0,00
ALMIRANTE TAMANDARÉ;410040005A;PR;Jardim Bonfim;-25,344;-49,28;2025-03-04 09:00:00.0;0,00
ALMIRANTE TAMANDARÉ;410040005A;PR;Jardim Bonfim;-25,344;-49,28;2025-03-04 10:00:00.0;0,00
ALMIRANTE TAMANDARÉ;410040005A;PR;Jardim Bonfim;-25,344;-49,28;2025-03-04 11:00:00.0;0,00
ALMIRANTE TAMANDARÉ;410040005A;PR;Jardim Bonfim;-25,344;-49,28;2025-03-04 12:00:00.0;0,00
ALMIRANTE TAMANDARÉ;410040005A;PR;Jardim Bonfim;-25,344;-49,28;2025-03-04 13:00:00.0;0,00
ALMIRANTE TAMANDARÉ;410040005A;PR;Jardim Bonfim;-25,344;-49,28;2025-03-04 14:00:00.0;0,00
ALMIRANTE TAMANDARÉ;410040005A;PR;Jardim Bonfim;-25,344;-49,28;2025-03-04 15:00:00.0;0,00
ALMIRANTE TAMANDARÉ;410040005A;PR;Jardim Bonfim;-25,344;-49,28;2025-03-04 16:00:00.0;0,00
ALMIRANTE TAMANDARÉ;410040005A;PR;Jardim Bonfim;-25,344;-49,28;2025-03-04 17:00:00.0;0,00
ALMIRANTE TAMANDARÉ;410040005A;PR;Jardim Bonfim;-25,344;-49,28;2025-03-04 18:00:00.0;0,00
ALMIRANTE TAMANDARÉ;410040005A;PR;Jardim Bonfim;-25,344;-49,28;2025-03-04 19:00:00.0;0,00
ALMIRANTE TAMANDARÉ;410040005A;PR;Jardim Bonfim;-25,344;-49,28;2025-03-04 20:00:00.0;0,00
ALMIRANTE TAMANDARÉ;410040005A;PR;Jardim Bonfim;-25,344;-49,28;2025-03-04 21:00:00.0;0,00
ALMIRANTE TAMANDARÉ;410040005A;PR;Jardim Bonfim;-25,344;-49,28;2025-03-04 22:00:00.0;0,00
ALMIRANTE TAMANDARÉ;410040005A;PR;Jardim Bonfim;-25,344;-49,28;2025-03-04 23:00:00.0;0,00
ALMIRANTE TAMANDARÉ;410040005A;PR;Jardim Bonfim;-25,344;-49,28;2025-03-05 00:00:00.0;0,00
ALMIRANTE TAMANDARÉ;410040005A;PR;Jardim Bonfim;-25,344;-49,28;2025-03-05 01:00:00.0;0,00
ALMIRANTE TAMANDARÉ;410040005A;PR;Jardim Bonfim;-25,344;-49,28;2025-03-05 02:00:00.0;0,00
ALMIRANTE TAMANDARÉ;410040005A;PR;Jardim Bonfim;-25,344;-49,28;2025-03-05 03:00:00.0;0,00
ALMIRANTE TAMANDARÉ;410040005A;PR;Jardim Bonfim;-25,344;-49,28;2025-03-05 04:00:00.0;0,00
ALMIRANTE TAMANDARÉ;410040005A;PR;Jardim Bonfim;-25,344;-49,28;2025-03-05 05:00:00.0;0,00
ALMIRANTE TAMANDARÉ;410040005A;PR;Jardim Bonfim;-25,344;-49,28;2025-03-05 06:00:00.0;0,00
ALMIRANTE TAMANDARÉ;410040005A;PR;Jardim Bonfim;-25,344;-49,28;2025-03-05 07:00:00.0;0,00
ALMIRANTE TAMANDARÉ;410040005A;PR;Jardim Bonfim;-25,344;-49,28;2025-03-05 08:00:00.0;0,00
ALMIRANTE TAMANDARÉ;410040005A;PR;Jardim Bonfim;-25,344;-49,28;2025-03-05 09:00:00.0;0,00
ALMIRANTE TAMANDARÉ;410040005A;PR;Jardim Bonfim;-25,344;-49,28;2025-03-05 10:00:00.0;0,00
ALMIRANTE TAMANDARÉ;410040005A;PR;Jardim Bonfim;-25,344;-49,28;2025-03-05 11:00:00.0;0,00
ALMIRANTE TAMANDARÉ;410040005A;PR;Jardim Bonfim;-25,344;-49,28;2025-03-05 12:00:00.0;0,00
ALMIRANTE TAMANDARÉ;410040005A;PR;Jardim Bonfim;-25,344;-49,28;2025-03-05 13:00:00.0;0,00
ALMIRANTE TAMANDARÉ;410040005A;PR;Jardim Bonfim;-25,344;-49,28;2025-03-05 14:00:00.0;0,00
ALMIRANTE TAMANDARÉ;410040005A;PR;Jardim Bonfim;-25,344;-49,28;2025-03-05 15:00:00.0;0,00
ALMIRANTE TAMANDARÉ;410040005A;PR;Jardim Bonfim;-25,344;-49,28;2025-03-05 16:00:00.0;0,00
ALMIRANTE TAMANDARÉ;410040005A;PR;Jardim Bonfim;-25,344;-49,28;2025-03-05 17:00:00.0;0,00
ALMIRANTE TAMANDARÉ;410040005A;PR;Jardim Bonfim;-25,344;-49,28;2025-03-05 18:00:00.0;0,00
ALMIRANTE TAMANDARÉ;410040005A;PR;Jardim Bonfim;-25,344;-49,28;2025-03-05 19:00:00.0;0,00
ALMIRANTE TAMANDARÉ;410040005A;PR;Jardim Bonfim;-25,344;-49,28;2025-03-05 20:00:00.0;0,00
ALMIRANTE TAMANDARÉ;410040005A;PR;Jardim Bonfim;-25,344;-49,28;2025-03-05 21:00:00.0;0,00
ALMIRANTE TAMANDARÉ;410040005A;PR;Jardim Bonfim;-25,344;-49,28;2025-03-05 22:00:00.0;0,00
ALMIRANTE TAMANDARÉ;410040005A;PR;Jardim Bonfim;-25,344;-49,28;2025-03-05 23:00:00.0;0,00
ALMIRANTE TAMANDARÉ;410040005A;PR;Jardim Bonfim;-25,344;-49,28;2025-03-06 00:00:00.0;0,00
ALMIRANTE TAMANDARÉ;410040005A;PR;Jardim Bonfim;-25,344;-49,28;2025-03-06 01:00:00.0;0,00
ALMIRANTE TAMANDARÉ;410040005A;PR;Jardim Bonfim;-25,344;-49,28;2025-03-06 02:00:00.0;0,00
ALMIRANTE TAMANDARÉ;410040005A;PR;Jardim Bonfim;-25,344;-49,28;2025-03-06 03:00:00.0;0,00
ALMIRANTE TAMANDARÉ;410040005A;PR;Jardim Bonfim;-25,344;-49,28;2025-03-06 04:00:00.0;0,00
ALMIRANTE TAMANDARÉ;410040005A;PR;Jardim Bonfim;-25,344;-49,28;2025-03-06 05:00:00.0;0,00
ALMIRANTE TAMANDARÉ;410040005A;PR;Jardim Bonfim;-25,344;-49,28;2025-03-06 06:00:00.0;0,00
ALMIRANTE TAMANDARÉ;410040005A;PR;Jardim Bonfim;-25,344;-49,28;2025-03-06 07:00:00.0;0,00
ALMIRANTE TAMANDARÉ;410040005A;PR;Jardim Bonfim;-25,344;-49,28;2025-03-06 08:00:00.0;0,00
ALMIRANTE TAMANDARÉ;410040005A;PR;Jardim Bonfim;-25,344;-49,28;2025-03-06 09:00:00.0;0,00
ALMIRANTE TAMANDARÉ;410040005A;PR;Jardim Bonfim;-25,344;-49,28;2025-03-06 10:00:00.0;0,00
ALMIRANTE TAMANDARÉ;410040005A;PR;Jardim Bonfim;-25,344;-49,28;2025-03-06 11:00:00.0;0,00
ALMIRANTE TAMANDARÉ;410040005A;PR;Jardim Bonfim;-25,344;-49,28;2025-03-06 12:00:00.0;0,00
ALMIRANTE TAMANDARÉ;410040005A;PR;Jardim Bonfim;-25,344;-49,28;2025-03-06 13:00:00.0;0,00
ALMIRANTE TAMANDARÉ;410040005A;PR;Jardim Bonfim;-25,344;-49,28;2025-03-06 14:00:00.0;0,00
ALMIRANTE TAMANDARÉ;410040005A;PR;Jardim Bonfim;-25,344;-49,28;2025-03-06 15:00:00.0;0,00
ALMIRANTE TAMANDARÉ;410040005A;PR;Jardim Bonfim;-25,344;-49,28;2025-03-06 16:00:00.0;0,00
ALMIRANTE TAMANDARÉ;410040005A;PR;Jardim Bonfim;-25,344;-49,28;2025-03-06 17:00:00.0;0,00
ALMIRANTE TAMANDARÉ;410040005A;PR;Jardim Bonfim;-25,344;-49,28;2025-03-06 18:00:00.0;0,00
ALMIRANTE TAMANDARÉ;410040005A;PR;Jardim Bonfim;-25,344;-49,28;2025-03-06 19:00:00.0;0,00
ALMIRANTE TAMANDARÉ;410040005A;PR;Jardim Bonfim;-25,344;-49,28;2025-03-06 20:00:00.0;0,00
ALMIRANTE TAMANDARÉ;410040005A;PR;Jardim Bonfim;-25,344;-49,28;2025-03-06 21:00:00.0;0,00
ALMIRANTE TAMANDARÉ;410040005A;PR;Jardim Bonfim;-25,344;-49,28;2025-03-06 22:00:00.0;0,00
ALMIRANTE TAMANDARÉ;410040005A;PR;Jardim Bonfim;-25,344;-49,28;2025-03-06 23:00:00.0;0,00
ALMIRANTE TAMANDARÉ;410040005A;PR;Jardim Bonfim;-25,344;-49,28;2025-03-07 00:00:00.0;0,00
ALMIRANTE TAMANDARÉ;410040005A;PR;Jardim Bonfim;-25,344;-49,28;2025-03-07 01:00:00.0;0,00
ALMIRANTE TAMANDARÉ;410040005A;PR;Jardim Bonfim;-25,344;-49,28;2025-03-07 02:00:00.0;0,00
ALMIRANTE TAMANDARÉ;410040005A;PR;Jardim Bonfim;-25,344;-49,28;2025-03-07 03:00:00.0;0,00
ALMIRANTE TAMANDARÉ;410040005A;PR;Jardim Bonfim;-25,344;-49,28;2025-03-07 04:00:00.0;0,00
ALMIRANTE TAMANDARÉ;410040005A;PR;Jardim Bonfim;-25,344;-49,28;2025-03-07 05:00:00.0;0,00
ALMIRANTE TAMANDARÉ;410040005A;PR;Jardim Bonfim;-25,344;-49,28;2025-03-07 06:00:00.0;0,00
ALMIRANTE TAMANDARÉ;410040005A;PR;Jardim Bonfim;-25,344;-49,28;2025-03-07 07:00:00.0;0,00
ALMIRANTE TAMANDARÉ;410040005A;PR;Jardim Bonfim;-25,344;-49,28;2025-03-07 08:00:00.0;0,00
ALMIRANTE TAMANDARÉ;410040005A;PR;Jardim Bonfim;-25,344;-49,28;2025-03-07 09:00:00.0;0,00
ALMIRANTE TAMANDARÉ;410040005A;PR;Jardim Bonfim;-25,344;-49,28;2025-03-07 10:00:00.0;0,00
ALMIRANTE TAMANDARÉ;410040005A;PR;Jardim Bonfim;-25,344;-49,28;2025-03-07 11:00:00.0;0,00
ALMIRANTE TAMANDARÉ;410040005A;PR;Jardim Bonfim;-25,344;-49,28;2025-03-07 12:00:00.0;0,00
ALMIRANTE TAMANDARÉ;410040005A;PR;Jardim Bonfim;-25,344;-49,28;2025-03-07 13:00:00.0;0,00
ALMIRANTE TAMANDARÉ;410040005A;PR;Jardim Bonfim;-25,344;-49,28;2025-03-07 14:00:00.0;0,00
ALMIRANTE TAMANDARÉ;410040005A;PR;Jardim Bonfim;-25,344;-49,28;2025-03-07 15:00:00.0;0,00
ALMIRANTE TAMANDARÉ;410040005A;PR;Jardim Bonfim;-25,344;-49,28;2025-03-07 16:00:00.0;0,00
ALMIRANTE TAMANDARÉ;410040005A;PR;Jardim Bonfim;-25,344;-49,28;2025-03-07 17:00:00.0;0,00
ALMIRANTE TAMANDARÉ;410040005A;PR;Jardim Bonfim;-25,344;-49,28;2025-03-07 18:00:00.0;0,00
ALMIRANTE TAMANDARÉ;410040005A;PR;Jardim Bonfim;-25,344;-49,28;2025-03-07 19:00:00.0;0,00
ALMIRANTE TAMANDARÉ;410040005A;PR;Jardim Bonfim;-25,344;-49,28;2025-03-07 20:00:00.0;0,00
ALMIRANTE TAMANDARÉ;410040005A;PR;Jardim Bonfim;-25,344;-49,28;2025-03-07 21:00:00.0;0,00
ALMIRANTE TAMANDARÉ;410040005A;PR;Jardim Bonfim;-25,344;-49,28;2025-03-07 22:00:00.0;0,00
ALMIRANTE TAMANDARÉ;410040005A;PR;Jardim Bonfim;-25,344;-49,28;2025-03-07 23:00:00.0;0,00
ALMIRANTE TAMANDARÉ;410040005A;PR;Jardim Bonfim;-25,344;-49,28;2025-03-08 00:00:00.0;0,00
ALMIRANTE TAMANDARÉ;410040005A;PR;Jardim Bonfim;-25,344;-49,28;2025-03-08 01:00:00.0;0,00
ALMIRANTE TAMANDARÉ;410040005A;PR;Jardim Bonfim;-25,344;-49,28;2025-03-08 02:00:00.0;0,00
ALMIRANTE TAMANDARÉ;410040005A;PR;Jardim Bonfim;-25,344;-49,28;2025-03-08 03:00:00.0;0,00
ALMIRANTE TAMANDARÉ;410040005A;PR;Jardim Bonfim;-25,344;-49,28;2025-03-08 04:00:00.0;0,00
ALMIRANTE TAMANDARÉ;410040005A;PR;Jardim Bonfim;-25,344;-49,28;2025-03-08 05:00:00.0;0,00
ALMIRANTE TAMANDARÉ;410040005A;PR;Jardim Bonfim;-25,344;-49,28;2025-03-08 06:00:00.0;0,00
ALMIRANTE TAMANDARÉ;410040005A;PR;Jardim Bonfim;-25,344;-49,28;2025-03-08 07:00:00.0;0,00
ALMIRANTE TAMANDARÉ;410040005A;PR;Jardim Bonfim;-25,344;-49,28;2025-03-08 08:00:00.0;0,00
ALMIRANTE TAMANDARÉ;410040005A;PR;Jardim Bonfim;-25,344;-49,28;2025-03-08 09:00:00.0;0,00
ALMIRANTE TAMANDARÉ;410040005A;PR;Jardim Bonfim;-25,344;-49,28;2025-03-08 10:00:00.0;0,00
ALMIRANTE TAMANDARÉ;410040005A;PR;Jardim Bonfim;-25,344;-49,28;2025-03-08 11:00:00.0;0,00
ALMIRANTE TAMANDARÉ;410040005A;PR;Jardim Bonfim;-25,344;-49,28;2025-03-08 12:00:00.0;0,00
ALMIRANTE TAMANDARÉ;410040005A;PR;Jardim Bonfim;-25,344;-49,28;2025-03-08 13:00:00.0;0,00
ALMIRANTE TAMANDARÉ;410040005A;PR;Jardim Bonfim;-25,344;-49,28;2025-03-08 14:00:00.0;0,00
ALMIRANTE TAMANDARÉ;410040005A;PR;Jardim Bonfim;-25,344;-49,28;2025-03-08 15:00:00.0;0,00
ALMIRANTE TAMANDARÉ;410040005A;PR;Jardim Bonfim;-25,344;-49,28;2025-03-08 16:00:00.0;0,00
ALMIRANTE TAMANDARÉ;410040005A;PR;Jardim Bonfim;-25,344;-49,28;2025-03-08 17:00:00.0;0,00
ALMIRANTE TAMANDARÉ;410040005A;PR;Jardim Bonfim;-25,344;-49,28;2025-03-08 18:00:00.0;0,00
ALMIRANTE TAMANDARÉ;410040005A;PR;Jardim Bonfim;-25,344;-49,28;2025-03-08 19:00:00.0;0,00
ALMIRANTE TAMANDARÉ;410040005A;PR;Jardim Bonfim;-25,344;-49,28;2025-03-08 20:00:00.0;0,00
ALMIRANTE TAMANDARÉ;410040005A;PR;Jardim Bonfim;-25,344;-49,28;2025-03-08 21:00:00.0;0,00
ALMIRANTE TAMANDARÉ;410040005A;PR;Jardim Bonfim;-25,344;-49,28;2025-03-08 22:00:00.0;0,00
ALMIRANTE TAMANDARÉ;410040005A;PR;Jardim Bonfim;-25,344;-49,28;2025-03-08 23:00:00.0;0,00
ALMIRANTE TAMANDARÉ;410040005A;PR;Jardim Bonfim;-25,344;-49,28;2025-03-09 00:00:00.0;0,00
ALMIRANTE TAMANDARÉ;410040005A;PR;Jardim Bonfim;-25,344;-49,28;2025-03-09 01:00:00.0;0,00
ALMIRANTE TAMANDARÉ;410040005A;PR;Jardim Bonfim;-25,344;-49,28;2025-03-09 02:00:00.0;0,00
ALMIRANTE TAMANDARÉ;410040005A;PR;Jardim Bonfim;-25,344;-49,28;2025-03-09 03:00:00.0;0,00
ALMIRANTE TAMANDARÉ;410040005A;PR;Jardim Bonfim;-25,344;-49,28;2025-03-09 04:00:00.0;0,00
ALMIRANTE TAMANDARÉ;410040005A;PR;Jardim Bonfim;-25,344;-49,28;2025-03-09 05:00:00.0;0,00
ALMIRANTE TAMANDARÉ;410040005A;PR;Jardim Bonfim;-25,344;-49,28;2025-03-09 06:00:00.0;0,00
ALMIRANTE TAMANDARÉ;410040005A;PR;Jardim Bonfim;-25,344;-49,28;2025-03-09 07:00:00.0;0,00
ALMIRANTE TAMANDARÉ;410040005A;PR;Jardim Bonfim;-25,344;-49,28;2025-03-09 08:00:00.0;0,00
ALMIRANTE TAMANDARÉ;410040005A;PR;Jardim Bonfim;-25,344;-49,28;2025-03-09 09:00:00.0;0,00
ALMIRANTE TAMANDARÉ;410040005A;PR;Jardim Bonfim;-25,344;-49,28;2025-03-09 10:00:00.0;0,00
ALMIRANTE TAMANDARÉ;410040005A;PR;Jardim Bonfim;-25,344;-49,28;2025-03-09 11:00:00.0;0,00
ALMIRANTE TAMANDARÉ;410040005A;PR;Jardim Bonfim;-25,344;-49,28;2025-03-09 12:00:00.0;0,00
ALMIRANTE TAMANDARÉ;410040005A;PR;Jardim Bonfim;-25,344;-49,28;2025-03-09 13:00:00.0;0,00
ALMIRANTE TAMANDARÉ;410040005A;PR;Jardim Bonfim;-25,344;-49,28;2025-03-09 14:00:00.0;0,00
ALMIRANTE TAMANDARÉ;410040005A;PR;Jardim Bonfim;-25,344;-49,28;2025-03-09 15:00:00.0;0,00
ALMIRANTE TAMANDARÉ;410040005A;PR;Jardim Bonfim;-25,344;-49,28;2025-03-09 16:00:00.0;0,00
ALMIRANTE TAMANDARÉ;410040005A;PR;Jardim Bonfim;-25,344;-49,28;2025-03-09 17:00:00.0;0,00
ALMIRANTE TAMANDARÉ;410040005A;PR;Jardim Bonfim;-25,344;-49,28;2025-03-09 18:00:00.0;0,00
ALMIRANTE TAMANDARÉ;410040005A;PR;Jardim Bonfim;-25,344;-49,28;2025-03-09 19:00:00.0;0,00
ALMIRANTE TAMANDARÉ;410040005A;PR;Jardim Bonfim;-25,344;-49,28;2025-03-09 20:00:00.0;0,00
ALMIRANTE TAMANDARÉ;410040005A;PR;Jardim Bonfim;-25,344;-49,28;2025-03-09 21:00:00.0;0,00
ALMIRANTE TAMANDARÉ;410040005A;PR;Jardim Bonfim;-25,344;-49,28;2025-03-09 22:00:00.0;0,00
ALMIRANTE TAMANDARÉ;410040005A;PR;Jardim Bonfim;-25,344;-49,28;2025-03-09 23:00:00.0;0,00
ALMIRANTE TAMANDARÉ;410040005A;PR;Jardim Bonfim;-25,344;-49,28;2025-03-10 00:00:00.0;0,00
ALMIRANTE TAMANDARÉ;410040005A;PR;Jardim Bonfim;-25,344;-49,28;2025-03-10 01:00:00.0;0,00
ALMIRANTE TAMANDARÉ;410040005A;PR;Jardim Bonfim;-25,344;-49,28;2025-03-10 02:00:00.0;0,00
ALMIRANTE TAMANDARÉ;410040005A;PR;Jardim Bonfim;-25,344;-49,28;2025-03-10 03:00:00.0;0,00
ALMIRANTE TAMANDARÉ;410040005A;PR;Jardim Bonfim;-25,344;-49,28;2025-03-10 04:00:00.0;0,00
ALMIRANTE TAMANDARÉ;410040005A;PR;Jardim Bonfim;-25,344;-49,28;2025-03-10 05:00:00.0;0,00
ALMIRANTE TAMANDARÉ;410040005A;PR;Jardim Bonfim;-25,344;-49,28;2025-03-10 06:00:00.0;0,00
ALMIRANTE TAMANDARÉ;410040005A;PR;Jardim Bonfim;-25,344;-49,28;2025-03-10 07:00:00.0;0,00
ALMIRANTE TAMANDARÉ;410040005A;PR;Jardim Bonfim;-25,344;-49,28;2025-03-10 08:00:00.0;0,00
ALMIRANTE TAMANDARÉ;410040005A;PR;Jardim Bonfim;-25,344;-49,28;2025-03-10 09:00:00.0;0,00
ALMIRANTE TAMANDARÉ;410040005A;PR;Jardim Bonfim;-25,344;-49,28;2025-03-10 10:00:00.0;0,00
ALMIRANTE TAMANDARÉ;410040005A;PR;Jardim Bonfim;-25,344;-49,28;2025-03-10 11:00:00.0;0,00
ALMIRANTE TAMANDARÉ;410040005A;PR;Jardim Bonfim;-25,344;-49,28;2025-03-10 12:00:00.0;0,00
ALMIRANTE TAMANDARÉ;410040005A;PR;Jardim Bonfim;-25,344;-49,28;2025-03-10 13:00:00.0;0,00
ALMIRANTE TAMANDARÉ;410040005A;PR;Jardim Bonfim;-25,344;-49,28;2025-03-10 14:00:00.0;0,00
ALMIRANTE TAMANDARÉ;410040005A;PR;Jardim Bonfim;-25,344;-49,28;2025-03-10 15:00:00.0;0,00
ALMIRANTE TAMANDARÉ;410040005A;PR;Jardim Bonfim;-25,344;-49,28;2025-03-10 16:00:00.0;0,00
ALMIRANTE TAMANDARÉ;410040005A;PR;Jardim Bonfim;-25,344;-49,28;2025-03-10 17:00:00.0;0,00
ALMIRANTE TAMANDARÉ;410040005A;PR;Jardim Bonfim;-25,344;-49,28;2025-03-10 18:00:00.0;0,00
ALMIRANTE TAMANDARÉ;410040005A;PR;Jardim Bonfim;-25,344;-49,28;2025-03-10 19:00:00.0;0,00
ALMIRANTE TAMANDARÉ;410040005A;PR;Jardim Bonfim;-25,344;-49,28;2025-03-10 20:00:00.0;0,00
ALMIRANTE TAMANDARÉ;410040005A;PR;Jardim Bonfim;-25,344;-49,28;2025-03-10 21:00:00.0;0,00
ALMIRANTE TAMANDARÉ;410040005A;PR;Jardim Bonfim;-25,344;-49,28;2025-03-10 22:00:00.0;0,00
ALMIRANTE TAMANDARÉ;410040005A;PR;Jardim Bonfim;-25,344;-49,28;2025-03-10 23:00:00.0;0,00
ALMIRANTE TAMANDARÉ;410040005A;PR;Jardim Bonfim;-25,344;-49,28;2025-03-11 00:00:00.0;0,00
ALMIRANTE TAMANDARÉ;410040005A;PR;Jardim Bonfim;-25,344;-49,28;2025-03-11 01:00:00.0;0,00
ALMIRANTE TAMANDARÉ;410040005A;PR;Jardim Bonfim;-25,344;-49,28;2025-03-11 02:00:00.0;0,00
ALMIRANTE TAMANDARÉ;410040005A;PR;Jardim Bonfim;-25,344;-49,28;2025-03-11 03:00:00.0;0,00
ALMIRANTE TAMANDARÉ;410040005A;PR;Jardim Bonfim;-25,344;-49,28;2025-03-11 04:00:00.0;0,00
ALMIRANTE TAMANDARÉ;410040005A;PR;Jardim Bonfim;-25,344;-49,28;2025-03-11 05:00:00.0;0,00
ALMIRANTE TAMANDARÉ;410040005A;PR;Jardim Bonfim;-25,344;-49,28;2025-03-11 06:00:00.0;0,00
ALMIRANTE TAMANDARÉ;410040005A;PR;Jardim Bonfim;-25,344;-49,28;2025-03-11 07:00:00.0;0,00
ALMIRANTE TAMANDARÉ;410040005A;PR;Jardim Bonfim;-25,344;-49,28;2025-03-11 08:00:00.0;0,00
ALMIRANTE TAMANDARÉ;410040005A;PR;Jardim Bonfim;-25,344;-49,28;2025-03-11 09:00:00.0;0,00
ALMIRANTE TAMANDARÉ;410040005A;PR;Jardim Bonfim;-25,344;-49,28;2025-03-11 10:00:00.0;0,00
ALMIRANTE TAMANDARÉ;410040005A;PR;Jardim Bonfim;-25,344;-49,28;2025-03-11 11:00:00.0;0,00
ALMIRANTE TAMANDARÉ;410040005A;PR;Jardim Bonfim;-25,344;-49,28;2025-03-11 12:00:00.0;0,00
ALMIRANTE TAMANDARÉ;410040005A;PR;Jardim Bonfim;-25,344;-49,28;2025-03-11 13:00:00.0;0,00
ALMIRANTE TAMANDARÉ;410040005A;PR;Jardim Bonfim;-25,344;-49,28;2025-03-11 14:00:00.0;0,00
ALMIRANTE TAMANDARÉ;410040005A;PR;Jardim Bonfim;-25,344;-49,28;2025-03-11 15:00:00.0;0,00
ALMIRANTE TAMANDARÉ;410040005A;PR;Jardim Bonfim;-25,344;-49,28;2025-03-11 16:00:00.0;0,00
ALMIRANTE TAMANDARÉ;410040005A;PR;Jardim Bonfim;-25,344;-49,28;2025-03-11 17:00:00.0;0,00
ALMIRANTE TAMANDARÉ;410040005A;PR;Jardim Bonfim;-25,344;-49,28;2025-03-11 18:00:00.0;0,00
ALMIRANTE TAMANDARÉ;410040005A;PR;Jardim Bonfim;-25,344;-49,28;2025-03-11 19:00:00.0;0,00
ALMIRANTE TAMANDARÉ;410040005A;PR;Jardim Bonfim;-25,344;-49,28;2025-03-11 20:00:00.0;0,00
ALMIRANTE TAMANDARÉ;410040005A;PR;Jardim Bonfim;-25,344;-49,28;2025-03-11 21:00:00.0;0,00
ALMIRANTE TAMANDARÉ;410040005A;PR;Jardim Bonfim;-25,344;-49,28;2025-03-11 21:50:00.0;0,20
ALMIRANTE TAMANDARÉ;410040005A;PR;Jardim Bonfim;-25,344;-49,28;2025-03-11 22:00:00.0;0,59
ALMIRANTE TAMANDARÉ;410040005A;PR;Jardim Bonfim;-25,344;-49,28;2025-03-11 22:10:00.0;0,39
ALMIRANTE TAMANDARÉ;410040005A;PR;Jardim Bonfim;-25,344;-49,28;2025-03-11 22:20:00.0;0,59
ALMIRANTE TAMANDARÉ;410040005A;PR;Jardim Bonfim;-25,344;-49,28;2025-03-11 22:30:00.0;2,16
ALMIRANTE TAMANDARÉ;410040005A;PR;Jardim Bonfim;-25,344;-49,28;2025-03-11 22:40:00.0;1,96
ALMIRANTE TAMANDARÉ;410040005A;PR;Jardim Bonfim;-25,344;-49,28;2025-03-11 22:50:00.0;10,58
ALMIRANTE TAMANDARÉ;410040005A;PR;Jardim Bonfim;-25,344;-49,28;2025-03-11 23:00:00.0;9,96
ALMIRANTE TAMANDARÉ;410040005A;PR;Jardim Bonfim;-25,344;-49,28;2025-03-11 23:10:00.0;4,53
ALMIRANTE TAMANDARÉ;410040005A;PR;Jardim Bonfim;-25,344;-49,28;2025-03-11 23:20:00.0;3,54
ALMIRANTE TAMANDARÉ;410040005A;PR;Jardim Bonfim;-25,344;-49,28;2025-03-11 23:30:00.0;1,37
ALMIRANTE TAMANDARÉ;410040005A;PR;Jardim Bonfim;-25,344;-49,28;2025-03-11 23:40:00.0;1,77
ALMIRANTE TAMANDARÉ;410040005A;PR;Jardim Bonfim;-25,344;-49,28;2025-03-11 23:50:00.0;2,16
ALMIRANTE TAMANDARÉ;410040005A;PR;Jardim Bonfim;-25,344;-49,28;2025-03-12 00:00:00.0;2,36
ALMIRANTE TAMANDARÉ;410040005A;PR;Jardim Bonfim;-25,344;-49,28;2025-03-12 00:10:00.0;0,59
ALMIRANTE TAMANDARÉ;410040005A;PR;Jardim Bonfim;-25,344;-49,28;2025-03-12 00:20:00.0;0,59
ALMIRANTE TAMANDARÉ;410040005A;PR;Jardim Bonfim;-25,344;-49,28;2025-03-12 00:30:00.0;0,20
ALMIRANTE TAMANDARÉ;410040005A;PR;Jardim Bonfim;-25,344;-49,28;2025-03-12 00:40:00.0;0,20
ALMIRANTE TAMANDARÉ;410040005A;PR;Jardim Bonfim;-25,344;-49,28;2025-03-12 01:00:00.0;0,00
ALMIRANTE TAMANDARÉ;410040005A;PR;Jardim Bonfim;-25,344;-49,28;2025-03-12 02:00:00.0;0,20
ALMIRANTE TAMANDARÉ;410040005A;PR;Jardim Bonfim;-25,344;-49,28;2025-03-12 03:00:00.0;0,00
ALMIRANTE TAMANDARÉ;410040005A;PR;Jardim Bonfim;-25,344;-49,28;2025-03-12 04:00:00.0;0,00
ALMIRANTE TAMANDARÉ;410040005A;PR;Jardim Bonfim;-25,344;-49,28;2025-03-12 05:00:00.0;0,00
ALMIRANTE TAMANDARÉ;410040005A;PR;Jardim Bonfim;-25,344;-49,28;2025-03-12 06:00:00.0;0,00
ALMIRANTE TAMANDARÉ;410040005A;PR;Jardim Bonfim;-25,344;-49,28;2025-03-12 07:00:00.0;0,00
ALMIRANTE TAMANDARÉ;410040005A;PR;Jardim Bonfim;-25,344;-49,28;2025-03-12 08:00:00.0;0,00
ALMIRANTE TAMANDARÉ;410040005A;PR;Jardim Bonfim;-25,344;-49,28;2025-03-12 09:00:00.0;0,00
ALMIRANTE TAMANDARÉ;410040005A;PR;Jardim Bonfim;-25,344;-49,28;2025-03-12 09:30:00.0;0,20
ALMIRANTE TAMANDARÉ;410040005A;PR;Jardim Bonfim;-25,344;-49,28;2025-03-12 10:00:00.0;0,00
ALMIRANTE TAMANDARÉ;410040005A;PR;Jardim Bonfim;-25,344;-49,28;2025-03-12 11:00:00.0;0,00
ALMIRANTE TAMANDARÉ;410040005A;PR;Jardim Bonfim;-25,344;-49,28;2025-03-12 12:00:00.0;0,00
ALMIRANTE TAMANDARÉ;410040005A;PR;Jardim Bonfim;-25,344;-49,28;2025-03-12 13:00:00.0;0,00
ALMIRANTE TAMANDARÉ;410040005A;PR;Jardim Bonfim;-25,344;-49,28;2025-03-12 14:00:00.0;0,00
ALMIRANTE TAMANDARÉ;410040005A;PR;Jardim Bonfim;-25,344;-49,28;2025-03-12 15:00:00.0;0,00
ALMIRANTE TAMANDARÉ;410040005A;PR;Jardim Bonfim;-25,344;-49,28;2025-03-12 16:00:00.0;0,00
ALMIRANTE TAMANDARÉ;410040005A;PR;Jardim Bonfim;-25,344;-49,28;2025-03-12 17:00:00.0;0,00
ALMIRANTE TAMANDARÉ;410040005A;PR;Jardim Bonfim;-25,344;-49,28;2025-03-12 18:00:00.0;0,00
ALMIRANTE TAMANDARÉ;410040005A;PR;Jardim Bonfim;-25,344;-49,28;2025-03-12 19:00:00.0;0,00
ALMIRANTE TAMANDARÉ;410040005A;PR;Jardim Bonfim;-25,344;-49,28;2025-03-12 20:00:00.0;0,00
ALMIRANTE TAMANDARÉ;410040005A;PR;Jardim Bonfim;-25,344;-49,28;2025-03-12 21:00:00.0;0,00
ALMIRANTE TAMANDARÉ;410040005A;PR;Jardim Bonfim;-25,344;-49,28;2025-03-12 22:00:00.0;0,00
ALMIRANTE TAMANDARÉ;410040005A;PR;Jardim Bonfim;-25,344;-49,28;2025-03-12 22:10:00.0;0,20
ALMIRANTE TAMANDARÉ;410040005A;PR;Jardim Bonfim;-25,344;-49,28;2025-03-12 22:20:00.0;17,07
ALMIRANTE TAMANDARÉ;410040005A;PR;Jardim Bonfim;-25,344;-49,28;2025-03-12 22:30:00.0;6,13
ALMIRANTE TAMANDARÉ;410040005A;PR;Jardim Bonfim;-25,344;-49,28;2025-03-12 22:40:00.0;0,59
ALMIRANTE TAMANDARÉ;410040005A;PR;Jardim Bonfim;-25,344;-49,28;2025-03-12 22:50:00.0;1,18
ALMIRANTE TAMANDARÉ;410040005A;PR;Jardim Bonfim;-25,344;-49,28;2025-03-12 23:00:00.0;13,42
ALMIRANTE TAMANDARÉ;410040005A;PR;Jardim Bonfim;-25,344;-49,28;2025-03-12 23:10:00.0;13,01
ALMIRANTE TAMANDARÉ;410040005A;PR;Jardim Bonfim;-25,344;-49,28;2025-03-12 23:20:00.0;3,94
ALMIRANTE TAMANDARÉ;410040005A;PR;Jardim Bonfim;-25,344;-49,28;2025-03-12 23:30:00.0;0,59
ALMIRANTE TAMANDARÉ;410040005A;PR;Jardim Bonfim;-25,344;-49,28;2025-03-12 23:40:00.0;0,59
ALMIRANTE TAMANDARÉ;410040005A;PR;Jardim Bonfim;-25,344;-49,28;2025-03-12 23:50:00.0;0,39
ALMIRANTE TAMANDARÉ;410040005A;PR;Jardim Bonfim;-25,344;-49,28;2025-03-13 00:00:00.0;0,39
ALMIRANTE TAMANDARÉ;410040005A;PR;Jardim Bonfim;-25,344;-49,28;2025-03-13 00:10:00.0;0,20
ALMIRANTE TAMANDARÉ;410040005A;PR;Jardim Bonfim;-25,344;-49,28;2025-03-13 00:20:00.0;0,59
ALMIRANTE TAMANDARÉ;410040005A;PR;Jardim Bonfim;-25,344;-49,28;2025-03-13 00:30:00.0;0,39
ALMIRANTE TAMANDARÉ;410040005A;PR;Jardim Bonfim;-25,344;-49,28;2025-03-13 00:40:00.0;0,20
ALMIRANTE TAMANDARÉ;410040005A;PR;Jardim Bonfim;-25,344;-49,28;2025-03-13 01:00:00.0;0,00
ALMIRANTE TAMANDARÉ;410040005A;PR;Jardim Bonfim;-25,344;-49,28;2025-03-13 01:10:00.0;0,20
ALMIRANTE TAMANDARÉ;410040005A;PR;Jardim Bonfim;-25,344;-49,28;2025-03-13 02:00:00.0;0,00
ALMIRANTE TAMANDARÉ;410040005A;PR;Jardim Bonfim;-25,344;-49,28;2025-03-13 03:00:00.0;0,00
ALMIRANTE TAMANDARÉ;410040005A;PR;Jardim Bonfim;-25,344;-49,28;2025-03-13 03:30:00.0;0,20
ALMIRANTE TAMANDARÉ;410040005A;PR;Jardim Bonfim;-25,344;-49,28;2025-03-13 03:40:00.0;1,18
ALMIRANTE TAMANDARÉ;410040005A;PR;Jardim Bonfim;-25,344;-49,28;2025-03-13 03:50:00.0;0,98
ALMIRANTE TAMANDARÉ;410040005A;PR;Jardim Bonfim;-25,344;-49,28;2025-03-13 04:00:00.0;0,20
ALMIRANTE TAMANDARÉ;410040005A;PR;Jardim Bonfim;-25,344;-49,28;2025-03-13 04:20:00.0;0,20
ALMIRANTE TAMANDARÉ;410040005A;PR;Jardim Bonfim;-25,344;-49,28;2025-03-13 05:00:00.0;0,00
ALMIRANTE TAMANDARÉ;410040005A;PR;Jardim Bonfim;-25,344;-49,28;2025-03-13 06:00:00.0;0,00
ALMIRANTE TAMANDARÉ;410040005A;PR;Jardim Bonfim;-25,344;-49,28;2025-03-13 06:10:00.0;0,20
ALMIRANTE TAMANDARÉ;410040005A;PR;Jardim Bonfim;-25,344;-49,28;2025-03-13 06:30:00.0;0,40
ALMIRANTE TAMANDARÉ;410040005A;PR;Jardim Bonfim;-25,344;-49,28;2025-03-13 07:00:00.0;0,00
ALMIRANTE TAMANDARÉ;410040005A;PR;Jardim Bonfim;-25,344;-49,28;2025-03-13 07:40:00.0;0,20
ALMIRANTE TAMANDARÉ;410040005A;PR;Jardim Bonfim;-25,344;-49,28;2025-03-13 07:50:00.0;0,20
ALMIRANTE TAMANDARÉ;410040005A;PR;Jardim Bonfim;-25,344;-49,28;2025-03-13 08:00:00.0;0,20
ALMIRANTE TAMANDARÉ;410040005A;PR;Jardim Bonfim;-25,344;-49,28;2025-03-13 08:20:00.0;0,40
ALMIRANTE TAMANDARÉ;410040005A;PR;Jardim Bonfim;-25,344;-49,28;2025-03-13 08:30:00.0;0,59
ALMIRANTE TAMANDARÉ;410040005A;PR;Jardim Bonfim;-25,344;-49,28;2025-03-13 08:40:00.0;0,39
ALMIRANTE TAMANDARÉ;410040005A;PR;Jardim Bonfim;-25,344;-49,28;2025-03-13 08:50:00.0;0,59
ALMIRANTE TAMANDARÉ;410040005A;PR;Jardim Bonfim;-25,344;-49,28;2025-03-13 09:00:00.0;0,20
ALMIRANTE TAMANDARÉ;410040005A;PR;Jardim Bonfim;-25,344;-49,28;2025-03-13 09:10:00.0;0,20
ALMIRANTE TAMANDARÉ;410040005A;PR;Jardim Bonfim;-25,344;-49,28;2025-03-13 10:00:00.0;0,00
ALMIRANTE TAMANDARÉ;410040005A;PR;Jardim Bonfim;-25,344;-49,28;2025-03-13 11:00:00.0;0,00
ALMIRANTE TAMANDARÉ;410040005A;PR;Jardim Bonfim;-25,344;-49,28;2025-03-13 12:00:00.0;0,00
ALMIRANTE TAMANDARÉ;410040005A;PR;Jardim Bonfim;-25,344;-49,28;2025-03-13 13:00:00.0;0,00
ALMIRANTE TAMANDARÉ;410040005A;PR;Jardim Bonfim;-25,344;-49,28;2025-03-13 14:00:00.0;0,00
ALMIRANTE TAMANDARÉ;410040005A;PR;Jardim Bonfim;-25,344;-49,28;2025-03-13 15:00:00.0;0,00
ALMIRANTE TAMANDARÉ;410040005A;PR;Jardim Bonfim;-25,344;-49,28;2025-03-13 16:00:00.0;0,00
ALMIRANTE TAMANDARÉ;410040005A;PR;Jardim Bonfim;-25,344;-49,28;2025-03-13 16:20:00.0;0,20
ALMIRANTE TAMANDARÉ;410040005A;PR;Jardim Bonfim;-25,344;-49,28;2025-03-13 17:00:00.0;0,00
ALMIRANTE TAMANDARÉ;410040005A;PR;Jardim Bonfim;-25,344;-49,28;2025-03-13 18:00:00.0;0,00
ALMIRANTE TAMANDARÉ;410040005A;PR;Jardim Bonfim;-25,344;-49,28;2025-03-13 19:00:00.0;0,00
ALMIRANTE TAMANDARÉ;410040005A;PR;Jardim Bonfim;-25,344;-49,28;2025-03-13 20:00:00.0;0,00
ALMIRANTE TAMANDARÉ;410040005A;PR;Jardim Bonfim;-25,344;-49,28;2025-03-13 20:30:00.0;0,20
ALMIRANTE TAMANDARÉ;410040005A;PR;Jardim Bonfim;-25,344;-49,28;2025-03-13 20:40:00.0;0,20
ALMIRANTE TAMANDARÉ;410040005A;PR;Jardim Bonfim;-25,344;-49,28;2025-03-13 20:50:00.0;0,79
ALMIRANTE TAMANDARÉ;410040005A;PR;Jardim Bonfim;-25,344;-49,28;2025-03-13 21:00:00.0;0,59
ALMIRANTE TAMANDARÉ;410040005A;PR;Jardim Bonfim;-25,344;-49,28;2025-03-13 22:00:00.0;0,00
ALMIRANTE TAMANDARÉ;410040005A;PR;Jardim Bonfim;-25,344;-49,28;2025-03-13 23:00:00.0;0,00
ALMIRANTE TAMANDARÉ;410040005A;PR;Jardim Bonfim;-25,344;-49,28;2025-03-14 00:00:00.0;3,15
ALMIRANTE TAMANDARÉ;410040005A;PR;Jardim Bonfim;-25,344;-49,28;2025-03-14 00:10:00.0;3,74
ALMIRANTE TAMANDARÉ;410040005A;PR;Jardim Bonfim;-25,344;-49,28;2025-03-14 00:20:00.0;0,79
ALMIRANTE TAMANDARÉ;410040005A;PR;Jardim Bonfim;-25,344;-49,28;2025-03-14 00:30:00.0;0,20
ALMIRANTE TAMANDARÉ;410040005A;PR;Jardim Bonfim;-25,344;-49,28;2025-03-14 00:40:00.0;0,59
ALMIRANTE TAMANDARÉ;410040005A;PR;Jardim Bonfim;-25,344;-49,28;2025-03-14 00:50:00.0;0,39
ALMIRANTE TAMANDARÉ;410040005A;PR;Jardim Bonfim;-25,344;-49,28;2025-03-14 01:00:00.0;0,20
ALMIRANTE TAMANDARÉ;410040005A;PR;Jardim Bonfim;-25,344;-49,28;2025-03-14 01:20:00.0;0,39
ALMIRANTE TAMANDARÉ;410040005A;PR;Jardim Bonfim;-25,344;-49,28;2025-03-14 01:30:00.0;0,79
ALMIRANTE TAMANDARÉ;410040005A;PR;Jardim Bonfim;-25,344;-49,28;2025-03-14 01:40:00.0;0,39
ALMIRANTE TAMANDARÉ;410040005A;PR;Jardim Bonfim;-25,344;-49,28;2025-03-14 01:50:00.0;0,20
ALMIRANTE TAMANDARÉ;410040005A;PR;Jardim Bonfim;-25,344;-49,28;2025-03-14 02:40:00.0;0,39
ALMIRANTE TAMANDARÉ;410040005A;PR;Jardim Bonfim;-25,344;-49,28;2025-03-14 03:00:00.0;0,00
ALMIRANTE TAMANDARÉ;410040005A;PR;Jardim Bonfim;-25,344;-49,28;2025-03-14 04:00:00.0;0,00
ALMIRANTE TAMANDARÉ;410040005A;PR;Jardim Bonfim;-25,344;-49,28;2025-03-14 05:00:00.0;0,00
ALMIRANTE TAMANDARÉ;410040005A;PR;Jardim Bonfim;-25,344;-49,28;2025-03-14 06:00:00.0;0,00
ALMIRANTE TAMANDARÉ;410040005A;PR;Jardim Bonfim;-25,344;-49,28;2025-03-14 07:00:00.0;0,00
ALMIRANTE TAMANDARÉ;410040005A;PR;Jardim Bonfim;-25,344;-49,28;2025-03-14 08:00:00.0;0,00
ALMIRANTE TAMANDARÉ;410040005A;PR;Jardim Bonfim;-25,344;-49,28;2025-03-14 09:00:00.0;0,00
ALMIRANTE TAMANDARÉ;410040005A;PR;Jardim Bonfim;-25,344;-49,28;2025-03-14 10:00:00.0;0,00
ALMIRANTE TAMANDARÉ;410040005A;PR;Jardim Bonfim;-25,344;-49,28;2025-03-14 11:00:00.0;0,00
ALMIRANTE TAMANDARÉ;410040005A;PR;Jardim Bonfim;-25,344;-49,28;2025-03-14 12:00:00.0;0,00
ALMIRANTE TAMANDARÉ;410040005A;PR;Jardim Bonfim;-25,344;-49,28;2025-03-14 13:00:00.0;0,00
ALMIRANTE TAMANDARÉ;410040005A;PR;Jardim Bonfim;-25,344;-49,28;2025-03-14 14:00:00.0;0,00
ALMIRANTE TAMANDARÉ;410040005A;PR;Jardim Bonfim;-25,344;-49,28;2025-03-14 15:00:00.0;0,00
ALMIRANTE TAMANDARÉ;410040005A;PR;Jardim Bonfim;-25,344;-49,28;2025-03-14 16:00:00.0;0,00
ALMIRANTE TAMANDARÉ;410040005A;PR;Jardim Bonfim;-25,344;-49,28;2025-03-14 17:00:00.0;0,00
ALMIRANTE TAMANDARÉ;410040005A;PR;Jardim Bonfim;-25,344;-49,28;2025-03-14 18:00:00.0;0,00
ALMIRANTE TAMANDARÉ;410040005A;PR;Jardim Bonfim;-25,344;-49,28;2025-03-14 19:00:00.0;0,00
ALMIRANTE TAMANDARÉ;410040005A;PR;Jardim Bonfim;-25,344;-49,28;2025-03-14 20:00:00.0;0,00
ALMIRANTE TAMANDARÉ;410040005A;PR;Jardim Bonfim;-25,344;-49,28;2025-03-14 21:00:00.0;0,00
ALMIRANTE TAMANDARÉ;410040005A;PR;Jardim Bonfim;-25,344;-49,28;2025-03-14 22:00:00.0;0,00
ALMIRANTE TAMANDARÉ;410040005A;PR;Jardim Bonfim;-25,344;-49,28;2025-03-14 23:00:00.0;0,00
ALMIRANTE TAMANDARÉ;410040005A;PR;Jardim Bonfim;-25,344;-49,28;2025-03-15 00:00:00.0;0,00
ALMIRANTE TAMANDARÉ;410040005A;PR;Jardim Bonfim;-25,344;-49,28;2025-03-15 01:00:00.0;0,00
ALMIRANTE TAMANDARÉ;410040005A;PR;Jardim Bonfim;-25,344;-49,28;2025-03-15 02:00:00.0;0,00
ALMIRANTE TAMANDARÉ;410040005A;PR;Jardim Bonfim;-25,344;-49,28;2025-03-15 03:00:00.0;0,00
ALMIRANTE TAMANDARÉ;410040005A;PR;Jardim Bonfim;-25,344;-49,28;2025-03-15 04:00:00.0;0,00
ALMIRANTE TAMANDARÉ;410040005A;PR;Jardim Bonfim;-25,344;-49,28;2025-03-15 05:00:00.0;0,00
ALMIRANTE TAMANDARÉ;410040005A;PR;Jardim Bonfim;-25,344;-49,28;2025-03-15 06:00:00.0;0,00
ALMIRANTE TAMANDARÉ;410040005A;PR;Jardim Bonfim;-25,344;-49,28;2025-03-15 07:00:00.0;0,00
ALMIRANTE TAMANDARÉ;410040005A;PR;Jardim Bonfim;-25,344;-49,28;2025-03-15 08:00:00.0;0,00
ALMIRANTE TAMANDARÉ;410040005A;PR;Jardim Bonfim;-25,344;-49,28;2025-03-15 09:00:00.0;0,00
ALMIRANTE TAMANDARÉ;410040005A;PR;Jardim Bonfim;-25,344;-49,28;2025-03-15 10:00:00.0;0,00
ALMIRANTE TAMANDARÉ;410040005A;PR;Jardim Bonfim;-25,344;-49,28;2025-03-15 11:00:00.0;0,00
ALMIRANTE TAMANDARÉ;410040005A;PR;Jardim Bonfim;-25,344;-49,28;2025-03-15 12:00:00.0;0,00
ALMIRANTE TAMANDARÉ;410040005A;PR;Jardim Bonfim;-25,344;-49,28;2025-03-15 13:00:00.0;0,00
ALMIRANTE TAMANDARÉ;410040005A;PR;Jardim Bonfim;-25,344;-49,28;2025-03-15 14:00:00.0;0,00
ALMIRANTE TAMANDARÉ;410040005A;PR;Jardim Bonfim;-25,344;-49,28;2025-03-15 15:00:00.0;0,00
ALMIRANTE TAMANDARÉ;410040005A;PR;Jardim Bonfim;-25,344;-49,28;2025-03-15 16:00:00.0;0,00
ALMIRANTE TAMANDARÉ;410040005A;PR;Jardim Bonfim;-25,344;-49,28;2025-03-15 17:00:00.0;0,00
ALMIRANTE TAMANDARÉ;410040005A;PR;Jardim Bonfim;-25,344;-49,28;2025-03-15 18:00:00.0;0,00
ALMIRANTE TAMANDARÉ;410040005A;PR;Jardim Bonfim;-25,344;-49,28;2025-03-15 19:00:00.0;0,00
ALMIRANTE TAMANDARÉ;410040005A;PR;Jardim Bonfim;-25,344;-49,28;2025-03-15 19:40:00.0;0,39
ALMIRANTE TAMANDARÉ;410040005A;PR;Jardim Bonfim;-25,344;-49,28;2025-03-15 19:50:00.0;1,57
ALMIRANTE TAMANDARÉ;410040005A;PR;Jardim Bonfim;-25,344;-49,28;2025-03-15 20:00:00.0;1,18
ALMIRANTE TAMANDARÉ;410040005A;PR;Jardim Bonfim;-25,344;-49,28;2025-03-15 20:10:00.0;0,20
ALMIRANTE TAMANDARÉ;410040005A;PR;Jardim Bonfim;-25,344;-49,28;2025-03-15 20:40:00.0;0,98
ALMIRANTE TAMANDARÉ;410040005A;PR;Jardim Bonfim;-25,344;-49,28;2025-03-15 20:50:00.0;2,36
ALMIRANTE TAMANDARÉ;410040005A;PR;Jardim Bonfim;-25,344;-49,28;2025-03-15 21:00:00.0;1,37
ALMIRANTE TAMANDARÉ;410040005A;PR;Jardim Bonfim;-25,344;-49,28;2025-03-15 21:10:00.0;0,20
ALMIRANTE TAMANDARÉ;410040005A;PR;Jardim Bonfim;-25,344;-49,28;2025-03-15 22:00:00.0;0,00
ALMIRANTE TAMANDARÉ;410040005A;PR;Jardim Bonfim;-25,344;-49,28;2025-03-15 23:00:00.0;0,00
ALMIRANTE TAMANDARÉ;410040005A;PR;Jardim Bonfim;-25,344;-49,28;2025-03-16 00:00:00.0;0,00
ALMIRANTE TAMANDARÉ;410040005A;PR;Jardim Bonfim;-25,344;-49,28;2025-03-16 01:00:00.0;0,00
ALMIRANTE TAMANDARÉ;410040005A;PR;Jardim Bonfim;-25,344;-49,28;2025-03-16 02:00:00.0;0,00
ALMIRANTE TAMANDARÉ;410040005A;PR;Jardim Bonfim;-25,344;-49,28;2025-03-16 03:00:00.0;0,00
ALMIRANTE TAMANDARÉ;410040005A;PR;Jardim Bonfim;-25,344;-49,28;2025-03-16 04:00:00.0;0,00
ALMIRANTE TAMANDARÉ;410040005A;PR;Jardim Bonfim;-25,344;-49,28;2025-03-16 05:00:00.0;0,00
ALMIRANTE TAMANDARÉ;410040005A;PR;Jardim Bonfim;-25,344;-49,28;2025-03-16 06:00:00.0;0,00
ALMIRANTE TAMANDARÉ;410040005A;PR;Jardim Bonfim;-25,344;-49,28;2025-03-16 07:00:00.0;0,00
ALMIRANTE TAMANDARÉ;410040005A;PR;Jardim Bonfim;-25,344;-49,28;2025-03-16 08:00:00.0;0,00
ALMIRANTE TAMANDARÉ;410040005A;PR;Jardim Bonfim;-25,344;-49,28;2025-03-16 09:00:00.0;0,00
ALMIRANTE TAMANDARÉ;410040005A;PR;Jardim Bonfim;-25,344;-49,28;2025-03-16 10:00:00.0;0,00
ALMIRANTE TAMANDARÉ;410040005A;PR;Jardim Bonfim;-25,344;-49,28;2025-03-16 11:00:00.0;0,00
ALMIRANTE TAMANDARÉ;410040005A;PR;Jardim Bonfim;-25,344;-49,28;2025-03-16 12:00:00.0;0,00
ALMIRANTE TAMANDARÉ;410040005A;PR;Jardim Bonfim;-25,344;-49,28;2025-03-16 13:00:00.0;0,00
ALMIRANTE TAMANDARÉ;410040005A;PR;Jardim Bonfim;-25,344;-49,28;2025-03-16 14:00:00.0;0,00
ALMIRANTE TAMANDARÉ;410040005A;PR;Jardim Bonfim;-25,344;-49,28;2025-03-16 15:00:00.0;0,00
ALMIRANTE TAMANDARÉ;410040005A;PR;Jardim Bonfim;-25,344;-49,28;2025-03-16 16:00:00.0;0,00
ALMIRANTE TAMANDARÉ;410040005A;PR;Jardim Bonfim;-25,344;-49,28;2025-03-16 17:00:00.0;0,00
ALMIRANTE TAMANDARÉ;410040005A;PR;Jardim Bonfim;-25,344;-49,28;2025-03-16 18:00:00.0;0,00
ALMIRANTE TAMANDARÉ;410040005A;PR;Jardim Bonfim;-25,344;-49,28;2025-03-16 19:00:00.0;0,00
ALMIRANTE TAMANDARÉ;410040005A;PR;Jardim Bonfim;-25,344;-49,28;2025-03-16 20:00:00.0;0,00
ALMIRANTE TAMANDARÉ;410040005A;PR;Jardim Bonfim;-25,344;-49,28;2025-03-16 21:00:00.0;0,00
ALMIRANTE TAMANDARÉ;410040005A;PR;Jardim Bonfim;-25,344;-49,28;2025-03-16 22:00:00.0;0,00
ALMIRANTE TAMANDARÉ;410040005A;PR;Jardim Bonfim;-25,344;-49,28;2025-03-16 23:00:00.0;0,00
ALMIRANTE TAMANDARÉ;410040005A;PR;Jardim Bonfim;-25,344;-49,28;2025-03-17 00:00:00.0;0,00
ALMIRANTE TAMANDARÉ;410040005A;PR;Jardim Bonfim;-25,344;-49,28;2025-03-17 01:00:00.0;0,00
ALMIRANTE TAMANDARÉ;410040005A;PR;Jardim Bonfim;-25,344;-49,28;2025-03-17 02:00:00.0;0,00
ALMIRANTE TAMANDARÉ;410040005A;PR;Jardim Bonfim;-25,344;-49,28;2025-03-17 03:00:00.0;0,00
ALMIRANTE TAMANDARÉ;410040005A;PR;Jardim Bonfim;-25,344;-49,28;2025-03-17 04:00:00.0;0,00
ALMIRANTE TAMANDARÉ;410040005A;PR;Jardim Bonfim;-25,344;-49,28;2025-03-17 05:00:00.0;0,00
ALMIRANTE TAMANDARÉ;410040005A;PR;Jardim Bonfim;-25,344;-49,28;2025-03-17 06:00:00.0;0,00
ALMIRANTE TAMANDARÉ;410040005A;PR;Jardim Bonfim;-25,344;-49,28;2025-03-17 07:00:00.0;0,00
ALMIRANTE TAMANDARÉ;410040005A;PR;Jardim Bonfim;-25,344;-49,28;2025-03-17 08:00:00.0;0,00
ALMIRANTE TAMANDARÉ;410040005A;PR;Jardim Bonfim;-25,344;-49,28;2025-03-17 09:00:00.0;0,00
ALMIRANTE TAMANDARÉ;410040005A;PR;Jardim Bonfim;-25,344;-49,28;2025-03-17 10:00:00.0;0,00
ALMIRANTE TAMANDARÉ;410040005A;PR;Jardim Bonfim;-25,344;-49,28;2025-03-17 11:00:00.0;0,00
ALMIRANTE TAMANDARÉ;410040005A;PR;Jardim Bonfim;-25,344;-49,28;2025-03-17 12:00:00.0;0,00
ALMIRANTE TAMANDARÉ;410040005A;PR;Jardim Bonfim;-25,344;-49,28;2025-03-17 13:00:00.0;0,00
ALMIRANTE TAMANDARÉ;410040005A;PR;Jardim Bonfim;-25,344;-49,28;2025-03-17 14:00:00.0;0,00
ALMIRANTE TAMANDARÉ;410040005A;PR;Jardim Bonfim;-25,344;-49,28;2025-03-17 15:00:00.0;0,00
ALMIRANTE TAMANDARÉ;410040005A;PR;Jardim Bonfim;-25,344;-49,28;2025-03-17 16:00:00.0;0,00
ALMIRANTE TAMANDARÉ;410040005A;PR;Jardim Bonfim;-25,344;-49,28;2025-03-17 17:00:00.0;0,00
ALMIRANTE TAMANDARÉ;410040005A;PR;Jardim Bonfim;-25,344;-49,28;2025-03-17 18:00:00.0;0,00
ALMIRANTE TAMANDARÉ;410040005A;PR;Jardim Bonfim;-25,344;-49,28;2025-03-17 19:00:00.0;0,00
ALMIRANTE TAMANDARÉ;410040005A;PR;Jardim Bonfim;-25,344;-49,28;2025-03-17 20:00:00.0;0,00
ALMIRANTE TAMANDARÉ;410040005A;PR;Jardim Bonfim;-25,344;-49,28;2025-03-17 21:00:00.0;0,00
ALMIRANTE TAMANDARÉ;410040005A;PR;Jardim Bonfim;-25,344;-49,28;2025-03-17 22:00:00.0;0,00
ALMIRANTE TAMANDARÉ;410040005A;PR;Jardim Bonfim;-25,344;-49,28;2025-03-17 23:00:00.0;0,00
ALMIRANTE TAMANDARÉ;410040005A;PR;Jardim Bonfim;-25,344;-49,28;2025-03-18 00:00:00.0;0,00
ALMIRANTE TAMANDARÉ;410040005A;PR;Jardim Bonfim;-25,344;-49,28;2025-03-18 01:00:00.0;0,00
ALMIRANTE TAMANDARÉ;410040005A;PR;Jardim Bonfim;-25,344;-49,28;2025-03-18 02:00:00.0;0,00
ALMIRANTE TAMANDARÉ;410040005A;PR;Jardim Bonfim;-25,344;-49,28;2025-03-18 03:00:00.0;0,00
ALMIRANTE TAMANDARÉ;410040005A;PR;Jardim Bonfim;-25,344;-49,28;2025-03-18 04:00:00.0;0,00
ALMIRANTE TAMANDARÉ;410040005A;PR;Jardim Bonfim;-25,344;-49,28;2025-03-18 05:00:00.0;0,00
ALMIRANTE TAMANDARÉ;410040005A;PR;Jardim Bonfim;-25,344;-49,28;2025-03-18 06:00:00.0;0,00
ALMIRANTE TAMANDARÉ;410040005A;PR;Jardim Bonfim;-25,344;-49,28;2025-03-18 07:00:00.0;0,00
ALMIRANTE TAMANDARÉ;410040005A;PR;Jardim Bonfim;-25,344;-49,28;2025-03-18 08:00:00.0;0,00
ALMIRANTE TAMANDARÉ;410040005A;PR;Jardim Bonfim;-25,344;-49,28;2025-03-18 09:00:00.0;0,00
ALMIRANTE TAMANDARÉ;410040005A;PR;Jardim Bonfim;-25,344;-49,28;2025-03-18 10:00:00.0;0,00
ALMIRANTE TAMANDARÉ;410040005A;PR;Jardim Bonfim;-25,344;-49,28;2025-03-18 11:00:00.0;0,00
ALMIRANTE TAMANDARÉ;410040005A;PR;Jardim Bonfim;-25,344;-49,28;2025-03-18 12:00:00.0;0,00
ALMIRANTE TAMANDARÉ;410040005A;PR;Jardim Bonfim;-25,344;-49,28;2025-03-18 13:00:00.0;0,00
ALMIRANTE TAMANDARÉ;410040005A;PR;Jardim Bonfim;-25,344;-49,28;2025-03-18 14:00:00.0;0,00
ALMIRANTE TAMANDARÉ;410040005A;PR;Jardim Bonfim;-25,344;-49,28;2025-03-18 15:00:00.0;0,00
ALMIRANTE TAMANDARÉ;410040005A;PR;Jardim Bonfim;-25,344;-49,28;2025-03-18 16:00:00.0;0,00
ALMIRANTE TAMANDARÉ;410040005A;PR;Jardim Bonfim;-25,344;-49,28;2025-03-18 17:00:00.0;0,00
ALMIRANTE TAMANDARÉ;410040005A;PR;Jardim Bonfim;-25,344;-49,28;2025-03-18 18:00:00.0;0,00
ALMIRANTE TAMANDARÉ;410040005A;PR;Jardim Bonfim;-25,344;-49,28;2025-03-18 19:00:00.0;0,00
ALMIRANTE TAMANDARÉ;410040005A;PR;Jardim Bonfim;-25,344;-49,28;2025-03-18 19:40:00.0;1,38
ALMIRANTE TAMANDARÉ;410040005A;PR;Jardim Bonfim;-25,344;-49,28;2025-03-18 19:50:00.0;0,59
ALMIRANTE TAMANDARÉ;410040005A;PR;Jardim Bonfim;-25,344;-49,28;2025-03-18 20:00:00.0;0,39
ALMIRANTE TAMANDARÉ;410040005A;PR;Jardim Bonfim;-25,344;-49,28;2025-03-18 20:20:00.0;0,20
ALMIRANTE TAMANDARÉ;410040005A;PR;Jardim Bonfim;-25,344;-49,28;2025-03-18 21:00:00.0;0,00
ALMIRANTE TAMANDARÉ;410040005A;PR;Jardim Bonfim;-25,344;-49,28;2025-03-18 22:00:00.0;0,00
ALMIRANTE TAMANDARÉ;410040005A;PR;Jardim Bonfim;-25,344;-49,28;2025-03-18 23:00:00.0;0,00
ALMIRANTE TAMANDARÉ;410040005A;PR;Jardim Bonfim;-25,344;-49,28;2025-03-19 00:00:00.0;0,00
ALMIRANTE TAMANDARÉ;410040005A;PR;Jardim Bonfim;-25,344;-49,28;2025-03-19 01:00:00.0;0,00
ALMIRANTE TAMANDARÉ;410040005A;PR;Jardim Bonfim;-25,344;-49,28;2025-03-19 02:00:00.0;0,00
ALMIRANTE TAMANDARÉ;410040005A;PR;Jardim Bonfim;-25,344;-49,28;2025-03-19 03:50:00.0;0,00
ALMIRANTE TAMANDARÉ;410040005A;PR;Jardim Bonfim;-25,344;-49,28;2025-03-19 04:00:00.0;0,00
ALMIRANTE TAMANDARÉ;410040005A;PR;Jardim Bonfim;-25,344;-49,28;2025-03-19 05:00:00.0;0,00
ALMIRANTE TAMANDARÉ;410040005A;PR;Jardim Bonfim;-25,344;-49,28;2025-03-19 06:00:00.0;0,00
ALMIRANTE TAMANDARÉ;410040005A;PR;Jardim Bonfim;-25,344;-49,28;2025-03-19 07:00:00.0;0,00
ALMIRANTE TAMANDARÉ;410040005A;PR;Jardim Bonfim;-25,344;-49,28;2025-03-19 08:00:00.0;0,00
ALMIRANTE TAMANDARÉ;410040005A;PR;Jardim Bonfim;-25,344;-49,28;2025-03-19 09:00:00.0;0,00
ALMIRANTE TAMANDARÉ;410040005A;PR;Jardim Bonfim;-25,344;-49,28;2025-03-19 10:00:00.0;0,00
ALMIRANTE TAMANDARÉ;410040005A;PR;Jardim Bonfim;-25,344;-49,28;2025-03-19 11:00:00.0;0,00
ALMIRANTE TAMANDARÉ;410040005A;PR;Jardim Bonfim;-25,344;-49,28;2025-03-19 12:00:00.0;0,00
ALMIRANTE TAMANDARÉ;410040005A;PR;Jardim Bonfim;-25,344;-49,28;2025-03-19 13:00:00.0;0,00
ALMIRANTE TAMANDARÉ;410040005A;PR;Jardim Bonfim;-25,344;-49,28;2025-03-19 14:00:00.0;0,00
ALMIRANTE TAMANDARÉ;410040005A;PR;Jardim Bonfim;-25,344;-49,28;2025-03-19 15:00:00.0;0,00
ALMIRANTE TAMANDARÉ;410040005A;PR;Jardim Bonfim;-25,344;-49,28;2025-03-19 16:00:00.0;0,00
ALMIRANTE TAMANDARÉ;410040005A;PR;Jardim Bonfim;-25,344;-49,28;2025-03-19 17:00:00.0;0,00
ALMIRANTE TAMANDARÉ;410040005A;PR;Jardim Bonfim;-25,344;-49,28;2025-03-19 18:00:00.0;0,00
ALMIRANTE TAMANDARÉ;410040005A;PR;Jardim Bonfim;-25,344;-49,28;2025-03-19 19:00:00.0;0,00
ALMIRANTE TAMANDARÉ;410040005A;PR;Jardim Bonfim;-25,344;-49,28;2025-03-19 20:00:00.0;0,00
ALMIRANTE TAMANDARÉ;410040005A;PR;Jardim Bonfim;-25,344;-49,28;2025-03-19 21:00:00.0;0,00
ALMIRANTE TAMANDARÉ;410040005A;PR;Jardim Bonfim;-25,344;-49,28;2025-03-19 22:00:00.0;0,00
ALMIRANTE TAMANDARÉ;410040005A;PR;Jardim Bonfim;-25,344;-49,28;2025-03-19 23:00:00.0;0,00
ALMIRANTE TAMANDARÉ;410040005A;PR;Jardim Bonfim;-25,344;-49,28;2025-03-20 00:00:00.0;0,00
ALMIRANTE TAMANDARÉ;410040005A;PR;Jardim Bonfim;-25,344;-49,28;2025-03-20 01:00:00.0;0,00
ALMIRANTE TAMANDARÉ;410040005A;PR;Jardim Bonfim;-25,344;-49,28;2025-03-20 02:00:00.0;0,00
ALMIRANTE TAMANDARÉ;410040005A;PR;Jardim Bonfim;-25,344;-49,28;2025-03-20 03:00:00.0;0,00
ALMIRANTE TAMANDARÉ;410040005A;PR;Jardim Bonfim;-25,344;-49,28;2025-03-20 04:00:00.0;0,00
ALMIRANTE TAMANDARÉ;410040005A;PR;Jardim Bonfim;-25,344;-49,28;2025-03-20 05:00:00.0;0,00
ALMIRANTE TAMANDARÉ;410040005A;PR;Jardim Bonfim;-25,344;-49,28;2025-03-20 06:00:00.0;0,00
ALMIRANTE TAMANDARÉ;410040005A;PR;Jardim Bonfim;-25,344;-49,28;2025-03-20 07:00:00.0;0,00
ALMIRANTE TAMANDARÉ;410040005A;PR;Jardim Bonfim;-25,344;-49,28;2025-03-20 08:00:00.0;0,00
ALMIRANTE TAMANDARÉ;410040005A;PR;Jardim Bonfim;-25,344;-49,28;2025-03-20 09:00:00.0;0,00
ALMIRANTE TAMANDARÉ;410040005A;PR;Jardim Bonfim;-25,344;-49,28;2025-03-20 10:00:00.0;0,00
ALMIRANTE TAMANDARÉ;410040005A;PR;Jardim Bonfim;-25,344;-49,28;2025-03-20 11:00:00.0;0,00
ALMIRANTE TAMANDARÉ;410040005A;PR;Jardim Bonfim;-25,344;-49,28;2025-03-20 12:00:00.0;0,00
ALMIRANTE TAMANDARÉ;410040005A;PR;Jardim Bonfim;-25,344;-49,28;2025-03-20 13:00:00.0;0,00
ALMIRANTE TAMANDARÉ;410040005A;PR;Jardim Bonfim;-25,344;-49,28;2025-03-20 14:00:00.0;0,00
ALMIRANTE TAMANDARÉ;410040005A;PR;Jardim Bonfim;-25,344;-49,28;2025-03-20 15:00:00.0;0,00
ALMIRANTE TAMANDARÉ;410040005A;PR;Jardim Bonfim;-25,344;-49,28;2025-03-20 16:00:00.0;0,00
ALMIRANTE TAMANDARÉ;410040005A;PR;Jardim Bonfim;-25,344;-49,28;2025-03-20 17:00:00.0;0,00
ALMIRANTE TAMANDARÉ;410040005A;PR;Jardim Bonfim;-25,344;-49,28;2025-03-20 18:00:00.0;0,00
ALMIRANTE TAMANDARÉ;410040005A;PR;Jardim Bonfim;-25,344;-49,28;2025-03-20 19:00:00.0;0,00
ALMIRANTE TAMANDARÉ;410040005A;PR;Jardim Bonfim;-25,344;-49,28;2025-03-20 20:00:00.0;0,00
ALMIRANTE TAMANDARÉ;410040005A;PR;Jardim Bonfim;-25,344;-49,28;2025-03-20 21:00:00.0;0,00
ALMIRANTE TAMANDARÉ;410040005A;PR;Jardim Bonfim;-25,344;-49,28;2025-03-20 22:00:00.0;0,00
ALMIRANTE TAMANDARÉ;410040005A;PR;Jardim Bonfim;-25,344;-49,28;2025-03-20 23:00:00.0;0,00
ALMIRANTE TAMANDARÉ;410040005A;PR;Jardim Bonfim;-25,344;-49,28;2025-03-21 00:00:00.0;0,00
ALMIRANTE TAMANDARÉ;410040005A;PR;Jardim Bonfim;-25,344;-49,28;2025-03-21 01:00:00.0;0,00
ALMIRANTE TAMANDARÉ;410040005A;PR;Jardim Bonfim;-25,344;-49,28;2025-03-21 02:00:00.0;0,00
ALMIRANTE TAMANDARÉ;410040005A;PR;Jardim Bonfim;-25,344;-49,28;2025-03-21 03:00:00.0;0,00
ALMIRANTE TAMANDARÉ;410040005A;PR;Jardim Bonfim;-25,344;-49,28;2025-03-21 04:00:00.0;0,00
ALMIRANTE TAMANDARÉ;410040005A;PR;Jardim Bonfim;-25,344;-49,28;2025-03-21 05:00:00.0;0,00
ALMIRANTE TAMANDARÉ;410040005A;PR;Jardim Bonfim;-25,344;-49,28;2025-03-21 06:00:00.0;0,00
ALMIRANTE TAMANDARÉ;410040005A;PR;Jardim Bonfim;-25,344;-49,28;2025-03-21 07:00:00.0;0,00
ALMIRANTE TAMANDARÉ;410040005A;PR;Jardim Bonfim;-25,344;-49,28;2025-03-21 08:00:00.0;0,00
ALMIRANTE TAMANDARÉ;410040005A;PR;Jardim Bonfim;-25,344;-49,28;2025-03-21 09:00:00.0;0,00
ALMIRANTE TAMANDARÉ;410040005A;PR;Jardim Bonfim;-25,344;-49,28;2025-03-21 10:00:00.0;0,20
ALMIRANTE TAMANDARÉ;410040005A;PR;Jardim Bonfim;-25,344;-49,28;2025-03-21 11:00:00.0;0,00
ALMIRANTE TAMANDARÉ;410040005A;PR;Jardim Bonfim;-25,344;-49,28;2025-03-21 12:00:00.0;0,00
ALMIRANTE TAMANDARÉ;410040005A;PR;Jardim Bonfim;-25,344;-49,28;2025-03-21 13:00:00.0;0,00
ALMIRANTE TAMANDARÉ;410040005A;PR;Jardim Bonfim;-25,344;-49,28;2025-03-21 14:00:00.0;0,00
ALMIRANTE TAMANDARÉ;410040005A;PR;Jardim Bonfim;-25,344;-49,28;2025-03-21 15:00:00.0;0,00
ALMIRANTE TAMANDARÉ;410040005A;PR;Jardim Bonfim;-25,344;-49,28;2025-03-21 16:00:00.0;0,00
ALMIRANTE TAMANDARÉ;410040005A;PR;Jardim Bonfim;-25,344;-49,28;2025-03-21 17:00:00.0;0,00
ALMIRANTE TAMANDARÉ;410040005A;PR;Jardim Bonfim;-25,344;-49,28;2025-03-21 18:00:00.0;0,00
ALMIRANTE TAMANDARÉ;410040005A;PR;Jardim Bonfim;-25,344;-49,28;2025-03-21 19:00:00.0;0,00
ALMIRANTE TAMANDARÉ;410040005A;PR;Jardim Bonfim;-25,344;-49,28;2025-03-21 20:00:00.0;0,00
ALMIRANTE TAMANDARÉ;410040005A;PR;Jardim Bonfim;-25,344;-49,28;2025-03-21 21:00:00.0;0,00
ALMIRANTE TAMANDARÉ;410040005A;PR;Jardim Bonfim;-25,344;-49,28;2025-03-21 22:00:00.0;0,00
ALMIRANTE TAMANDARÉ;410040005A;PR;Jardim Bonfim;-25,344;-49,28;2025-03-21 23:00:00.0;0,00
ALMIRANTE TAMANDARÉ;410040005A;PR;Jardim Bonfim;-25,344;-49,28;2025-03-22 00:00:00.0;0,00
ALMIRANTE TAMANDARÉ;410040005A;PR;Jardim Bonfim;-25,344;-49,28;2025-03-22 01:00:00.0;0,00
ALMIRANTE TAMANDARÉ;410040005A;PR;Jardim Bonfim;-25,344;-49,28;2025-03-22 02:00:00.0;0,00
ALMIRANTE TAMANDARÉ;410040005A;PR;Jardim Bonfim;-25,344;-49,28;2025-03-22 03:00:00.0;0,00
ALMIRANTE TAMANDARÉ;410040005A;PR;Jardim Bonfim;-25,344;-49,28;2025-03-22 04:00:00.0;0,00
ALMIRANTE TAMANDARÉ;410040005A;PR;Jardim Bonfim;-25,344;-49,28;2025-03-22 05:00:00.0;0,00
ALMIRANTE TAMANDARÉ;410040005A;PR;Jardim Bonfim;-25,344;-49,28;2025-03-22 06:00:00.0;0,00
ALMIRANTE TAMANDARÉ;410040005A;PR;Jardim Bonfim;-25,344;-49,28;2025-03-22 07:00:00.0;0,00
ALMIRANTE TAMANDARÉ;410040005A;PR;Jardim Bonfim;-25,344;-49,28;2025-03-22 08:00:00.0;0,00
ALMIRANTE TAMANDARÉ;410040005A;PR;Jardim Bonfim;-25,344;-49,28;2025-03-22 09:00:00.0;0,00
ALMIRANTE TAMANDARÉ;410040005A;PR;Jardim Bonfim;-25,344;-49,28;2025-03-22 10:00:00.0;0,00
ALMIRANTE TAMANDARÉ;410040005A;PR;Jardim Bonfim;-25,344;-49,28;2025-03-22 11:00:00.0;0,00
ALMIRANTE TAMANDARÉ;410040005A;PR;Jardim Bonfim;-25,344;-49,28;2025-03-22 12:00:00.0;0,00
ALMIRANTE TAMANDARÉ;410040005A;PR;Jardim Bonfim;-25,344;-49,28;2025-03-22 13:00:00.0;0,00
ALMIRANTE TAMANDARÉ;410040005A;PR;Jardim Bonfim;-25,344;-49,28;2025-03-22 14:00:00.0;0,00
ALMIRANTE TAMANDARÉ;410040005A;PR;Jardim Bonfim;-25,344;-49,28;2025-03-22 15:00:00.0;0,00
ALMIRANTE TAMANDARÉ;410040005A;PR;Jardim Bonfim;-25,344;-49,28;2025-03-22 16:00:00.0;0,00
ALMIRANTE TAMANDARÉ;410040005A;PR;Jardim Bonfim;-25,344;-49,28;2025-03-22 17:00:00.0;0,00
ALMIRANTE TAMANDARÉ;410040005A;PR;Jardim Bonfim;-25,344;-49,28;2025-03-22 18:00:00.0;0,00
ALMIRANTE TAMANDARÉ;410040005A;PR;Jardim Bonfim;-25,344;-49,28;2025-03-22 19:00:00.0;0,00
ALMIRANTE TAMANDARÉ;410040005A;PR;Jardim Bonfim;-25,344;-49,28;2025-03-22 20:00:00.0;0,00
ALMIRANTE TAMANDARÉ;410040005A;PR;Jardim Bonfim;-25,344;-49,28;2025-03-22 21:00:00.0;0,00
ALMIRANTE TAMANDARÉ;410040005A;PR;Jardim Bonfim;-25,344;-49,28;2025-03-22 22:00:00.0;0,00
ALMIRANTE TAMANDARÉ;410040005A;PR;Jardim Bonfim;-25,344;-49,28;2025-03-22 23:00:00.0;0,00
ALMIRANTE TAMANDARÉ;410040005A;PR;Jardim Bonfim;-25,344;-49,28;2025-03-23 00:00:00.0;0,00
ALMIRANTE TAMANDARÉ;410040005A;PR;Jardim Bonfim;-25,344;-49,28;2025-03-23 01:00:00.0;0,00
ALMIRANTE TAMANDARÉ;410040005A;PR;Jardim Bonfim;-25,344;-49,28;2025-03-23 02:00:00.0;0,00
ALMIRANTE TAMANDARÉ;410040005A;PR;Jardim Bonfim;-25,344;-49,28;2025-03-23 03:00:00.0;0,00
ALMIRANTE TAMANDARÉ;410040005A;PR;Jardim Bonfim;-25,344;-49,28;2025-03-23 04:00:00.0;0,00
ALMIRANTE TAMANDARÉ;410040005A;PR;Jardim Bonfim;-25,344;-49,28;2025-03-23 05:00:00.0;0,00
ALMIRANTE TAMANDARÉ;410040005A;PR;Jardim Bonfim;-25,344;-49,28;2025-03-23 06:00:00.0;0,00
ALMIRANTE TAMANDARÉ;410040005A;PR;Jardim Bonfim;-25,344;-49,28;2025-03-23 07:00:00.0;0,00
ALMIRANTE TAMANDARÉ;410040005A;PR;Jardim Bonfim;-25,344;-49,28;2025-03-23 08:00:00.0;0,00
ALMIRANTE TAMANDARÉ;410040005A;PR;Jardim Bonfim;-25,344;-49,28;2025-03-23 09:00:00.0;0,00
ALMIRANTE TAMANDARÉ;410040005A;PR;Jardim Bonfim;-25,344;-49,28;2025-03-23 10:00:00.0;0,00
ALMIRANTE TAMANDARÉ;410040005A;PR;Jardim Bonfim;-25,344;-49,28;2025-03-23 11:00:00.0;0,00
ALMIRANTE TAMANDARÉ;410040005A;PR;Jardim Bonfim;-25,344;-49,28;2025-03-23 12:00:00.0;0,00
ALMIRANTE TAMANDARÉ;410040005A;PR;Jardim Bonfim;-25,344;-49,28;2025-03-23 13:00:00.0;0,00
ALMIRANTE TAMANDARÉ;410040005A;PR;Jardim Bonfim;-25,344;-49,28;2025-03-23 14:00:00.0;0,00
ALMIRANTE TAMANDARÉ;410040005A;PR;Jardim Bonfim;-25,344;-49,28;2025-03-23 15:00:00.0;0,00
ALMIRANTE TAMANDARÉ;410040005A;PR;Jardim Bonfim;-25,344;-49,28;2025-03-23 16:00:00.0;0,00
ALMIRANTE TAMANDARÉ;410040005A;PR;Jardim Bonfim;-25,344;-49,28;2025-03-23 17:00:00.0;0,00
ALMIRANTE TAMANDARÉ;410040005A;PR;Jardim Bonfim;-25,344;-49,28;2025-03-23 18:00:00.0;0,00
ALMIRANTE TAMANDARÉ;410040005A;PR;Jardim Bonfim;-25,344;-49,28;2025-03-23 19:00:00.0;0,00
ALMIRANTE TAMANDARÉ;410040005A;PR;Jardim Bonfim;-25,344;-49,28;2025-03-23 20:00:00.0;0,00
ALMIRANTE TAMANDARÉ;410040005A;PR;Jardim Bonfim;-25,344;-49,28;2025-03-23 21:00:00.0;0,00
ALMIRANTE TAMANDARÉ;410040005A;PR;Jardim Bonfim;-25,344;-49,28;2025-03-23 22:00:00.0;0,00
ALMIRANTE TAMANDARÉ;410040005A;PR;Jardim Bonfim;-25,344;-49,28;2025-03-23 23:00:00.0;0,00
ALMIRANTE TAMANDARÉ;410040005A;PR;Jardim Bonfim;-25,344;-49,28;2025-03-24 00:00:00.0;0,00
ALMIRANTE TAMANDARÉ;410040005A;PR;Jardim Bonfim;-25,344;-49,28;2025-03-24 01:00:00.0;0,00
ALMIRANTE TAMANDARÉ;410040005A;PR;Jardim Bonfim;-25,344;-49,28;2025-03-24 02:00:00.0;0,00
ALMIRANTE TAMANDARÉ;410040005A;PR;Jardim Bonfim;-25,344;-49,28;2025-03-24 03:00:00.0;0,00
ALMIRANTE TAMANDARÉ;410040005A;PR;Jardim Bonfim;-25,344;-49,28;2025-03-24 04:00:00.0;0,00
ALMIRANTE TAMANDARÉ;410040005A;PR;Jardim Bonfim;-25,344;-49,28;2025-03-24 05:00:00.0;0,00
ALMIRANTE TAMANDARÉ;410040005A;PR;Jardim Bonfim;-25,344;-49,28;2025-03-24 06:00:00.0;0,00
ALMIRANTE TAMANDARÉ;410040005A;PR;Jardim Bonfim;-25,344;-49,28;2025-03-24 07:00:00.0;0,00
ALMIRANTE TAMANDARÉ;410040005A;PR;Jardim Bonfim;-25,344;-49,28;2025-03-24 08:00:00.0;0,00
ALMIRANTE TAMANDARÉ;410040005A;PR;Jardim Bonfim;-25,344;-49,28;2025-03-24 09:00:00.0;0,00
ALMIRANTE TAMANDARÉ;410040005A;PR;Jardim Bonfim;-25,344;-49,28;2025-03-24 10:00:00.0;0,00
ALMIRANTE TAMANDARÉ;410040005A;PR;Jardim Bonfim;-25,344;-49,28;2025-03-24 11:00:00.0;0,00
ALMIRANTE TAMANDARÉ;410040005A;PR;Jardim Bonfim;-25,344;-49,28;2025-03-24 12:00:00.0;0,00
ALMIRANTE TAMANDARÉ;410040005A;PR;Jardim Bonfim;-25,344;-49,28;2025-03-24 13:00:00.0;0,00
ALMIRANTE TAMANDARÉ;410040005A;PR;Jardim Bonfim;-25,344;-49,28;2025-03-24 14:00:00.0;0,00
ALMIRANTE TAMANDARÉ;410040005A;PR;Jardim Bonfim;-25,344;-49,28;2025-03-24 15:00:00.0;0,00
ALMIRANTE TAMANDARÉ;410040005A;PR;Jardim Bonfim;-25,344;-49,28;2025-03-24 16:00:00.0;0,00
ALMIRANTE TAMANDARÉ;410040005A;PR;Jardim Bonfim;-25,344;-49,28;2025-03-24 17:00:00.0;0,00
ALMIRANTE TAMANDARÉ;410040005A;PR;Jardim Bonfim;-25,344;-49,28;2025-03-24 18:00:00.0;0,00
ALMIRANTE TAMANDARÉ;410040005A;PR;Jardim Bonfim;-25,344;-49,28;2025-03-24 19:00:00.0;0,00
ALMIRANTE TAMANDARÉ;410040005A;PR;Jardim Bonfim;-25,344;-49,28;2025-03-24 20:00:00.0;0,00
ALMIRANTE TAMANDARÉ;410040005A;PR;Jardim Bonfim;-25,344;-49,28;2025-03-24 21:00:00.0;0,00
ALMIRANTE TAMANDARÉ;410040005A;PR;Jardim Bonfim;-25,344;-49,28;2025-03-24 22:00:00.0;0,00
ALMIRANTE TAMANDARÉ;410040005A;PR;Jardim Bonfim;-25,344;-49,28;2025-03-24 23:00:00.0;0,00
ALMIRANTE TAMANDARÉ;410040005A;PR;Jardim Bonfim;-25,344;-49,28;2025-03-25 00:00:00.0;0,00
ALMIRANTE TAMANDARÉ;410040005A;PR;Jardim Bonfim;-25,344;-49,28;2025-03-25 01:00:00.0;0,00
ALMIRANTE TAMANDARÉ;410040005A;PR;Jardim Bonfim;-25,344;-49,28;2025-03-25 02:00:00.0;0,00
ALMIRANTE TAMANDARÉ;410040005A;PR;Jardim Bonfim;-25,344;-49,28;2025-03-25 03:00:00.0;0,00
ALMIRANTE TAMANDARÉ;410040005A;PR;Jardim Bonfim;-25,344;-49,28;2025-03-25 04:00:00.0;0,00
ALMIRANTE TAMANDARÉ;410040005A;PR;Jardim Bonfim;-25,344;-49,28;2025-03-25 05:00:00.0;0,00
ALMIRANTE TAMANDARÉ;410040005A;PR;Jardim Bonfim;-25,344;-49,28;2025-03-25 06:00:00.0;0,00
ALMIRANTE TAMANDARÉ;410040005A;PR;Jardim Bonfim;-25,344;-49,28;2025-03-25 07:00:00.0;0,00
ALMIRANTE TAMANDARÉ;410040005A;PR;Jardim Bonfim;-25,344;-49,28;2025-03-25 08:00:00.0;0,00
ALMIRANTE TAMANDARÉ;410040005A;PR;Jardim Bonfim;-25,344;-49,28;2025-03-25 09:00:00.0;0,00
ALMIRANTE TAMANDARÉ;410040005A;PR;Jardim Bonfim;-25,344;-49,28;2025-03-25 10:00:00.0;0,00
ALMIRANTE TAMANDARÉ;410040005A;PR;Jardim Bonfim;-25,344;-49,28;2025-03-25 11:00:00.0;0,00
ALMIRANTE TAMANDARÉ;410040005A;PR;Jardim Bonfim;-25,344;-49,28;2025-03-25 12:00:00.0;0,00
ALMIRANTE TAMANDARÉ;410040005A;PR;Jardim Bonfim;-25,344;-49,28;2025-03-25 13:00:00.0;0,00
ALMIRANTE TAMANDARÉ;410040005A;PR;Jardim Bonfim;-25,344;-49,28;2025-03-25 13:40:00.0;0,20
ALMIRANTE TAMANDARÉ;410040005A;PR;Jardim Bonfim;-25,344;-49,28;2025-03-25 14:00:00.0;0,00
ALMIRANTE TAMANDARÉ;410040005A;PR;Jardim Bonfim;-25,344;-49,28;2025-03-25 15:00:00.0;0,00
ALMIRANTE TAMANDARÉ;410040005A;PR;Jardim Bonfim;-25,344;-49,28;2025-03-25 16:00:00.0;0,00
ALMIRANTE TAMANDARÉ;410040005A;PR;Jardim Bonfim;-25,344;-49,28;2025-03-25 17:00:00.0;0,00
ALMIRANTE TAMANDARÉ;410040005A;PR;Jardim Bonfim;-25,344;-49,28;2025-03-25 18:00:00.0;0,00
ALMIRANTE TAMANDARÉ;410040005A;PR;Jardim Bonfim;-25,344;-49,28;2025-03-25 19:00:00.0;0,00
ALMIRANTE TAMANDARÉ;410040005A;PR;Jardim Bonfim;-25,344;-49,28;2025-03-25 20:00:00.0;0,00
ALMIRANTE TAMANDARÉ;410040005A;PR;Jardim Bonfim;-25,344;-49,28;2025-03-25 21:00:00.0;0,00
ALMIRANTE TAMANDARÉ;410040005A;PR;Jardim Bonfim;-25,344;-49,28;2025-03-25 22:00:00.0;0,00
ALMIRANTE TAMANDARÉ;410040005A;PR;Jardim Bonfim;-25,344;-49,28;2025-03-25 23:00:00.0;0,00
ALMIRANTE TAMANDARÉ;410040005A;PR;Jardim Bonfim;-25,344;-49,28;2025-03-26 00:00:00.0;0,00
ALMIRANTE TAMANDARÉ;410040005A;PR;Jardim Bonfim;-25,344;-49,28;2025-03-26 01:00:00.0;0,00
ALMIRANTE TAMANDARÉ;410040005A;PR;Jardim Bonfim;-25,344;-49,28;2025-03-26 02:00:00.0;0,00
ALMIRANTE TAMANDARÉ;410040005A;PR;Jardim Bonfim;-25,344;-49,28;2025-03-26 03:00:00.0;0,00
ALMIRANTE TAMANDARÉ;410040005A;PR;Jardim Bonfim;-25,344;-49,28;2025-03-26 03:40:00.0;0,59
ALMIRANTE TAMANDARÉ;410040005A;PR;Jardim Bonfim;-25,344;-49,28;2025-03-26 03:50:00.0;0,20
ALMIRANTE TAMANDARÉ;410040005A;PR;Jardim Bonfim;-25,344;-49,28;2025-03-26 04:00:00.0;0,39
ALMIRANTE TAMANDARÉ;410040005A;PR;Jardim Bonfim;-25,344;-49,28;2025-03-26 04:10:00.0;0,39
ALMIRANTE TAMANDARÉ;410040005A;PR;Jardim Bonfim;-25,344;-49,28;2025-03-26 04:20:00.0;0,39
ALMIRANTE TAMANDARÉ;410040005A;PR;Jardim Bonfim;-25,344;-49,28;2025-03-26 04:30:00.0;0,79
ALMIRANTE TAMANDARÉ;410040005A;PR;Jardim Bonfim;-25,344;-49,28;2025-03-26 04:40:00.0;0,98
ALMIRANTE TAMANDARÉ;410040005A;PR;Jardim Bonfim;-25,344;-49,28;2025-03-26 04:50:00.0;0,20
ALMIRANTE TAMANDARÉ;410040005A;PR;Jardim Bonfim;-25,344;-49,28;2025-03-26 05:00:00.0;0,59
ALMIRANTE TAMANDARÉ;410040005A;PR;Jardim Bonfim;-25,344;-49,28;2025-03-26 05:10:00.0;0,59
ALMIRANTE TAMANDARÉ;410040005A;PR;Jardim Bonfim;-25,344;-49,28;2025-03-26 05:20:00.0;0,59
ALMIRANTE TAMANDARÉ;410040005A;PR;Jardim Bonfim;-25,344;-49,28;2025-03-26 05:30:00.0;0,59
ALMIRANTE TAMANDARÉ;410040005A;PR;Jardim Bonfim;-25,344;-49,28;2025-03-26 05:40:00.0;0,59
ALMIRANTE TAMANDARÉ;410040005A;PR;Jardim Bonfim;-25,344;-49,28;2025-03-26 05:50:00.0;0,39
ALMIRANTE TAMANDARÉ;410040005A;PR;Jardim Bonfim;-25,344;-49,28;2025-03-26 06:00:00.0;0,20
ALMIRANTE TAMANDARÉ;410040005A;PR;Jardim Bonfim;-25,344;-49,28;2025-03-26 07:00:00.0;0,00
ALMIRANTE TAMANDARÉ;410040005A;PR;Jardim Bonfim;-25,344;-49,28;2025-03-26 07:20:00.0;0,20
ALMIRANTE TAMANDARÉ;410040005A;PR;Jardim Bonfim;-25,344;-49,28;2025-03-26 08:00:00.0;0,20
ALMIRANTE TAMANDARÉ;410040005A;PR;Jardim Bonfim;-25,344;-49,28;2025-03-26 08:10:00.0;0,20
ALMIRANTE TAMANDARÉ;410040005A;PR;Jardim Bonfim;-25,344;-49,28;2025-03-26 09:00:00.0;0,00
ALMIRANTE TAMANDARÉ;410040005A;PR;Jardim Bonfim;-25,344;-49,28;2025-03-26 10:00:00.0;0,00
ALMIRANTE TAMANDARÉ;410040005A;PR;Jardim Bonfim;-25,344;-49,28;2025-03-26 11:00:00.0;0,00
ALMIRANTE TAMANDARÉ;410040005A;PR;Jardim Bonfim;-25,344;-49,28;2025-03-26 12:00:00.0;0,00
ALMIRANTE TAMANDARÉ;410040005A;PR;Jardim Bonfim;-25,344;-49,28;2025-03-26 13:00:00.0;0,00
ALMIRANTE TAMANDARÉ;410040005A;PR;Jardim Bonfim;-25,344;-49,28;2025-03-26 14:00:00.0;0,00
ALMIRANTE TAMANDARÉ;410040005A;PR;Jardim Bonfim;-25,344;-49,28;2025-03-26 15:00:00.0;0,00
ALMIRANTE TAMANDARÉ;410040005A;PR;Jardim Bonfim;-25,344;-49,28;2025-03-26 16:00:00.0;0,00
ALMIRANTE TAMANDARÉ;410040005A;PR;Jardim Bonfim;-25,344;-49,28;2025-03-26 17:00:00.0;0,00
ALMIRANTE TAMANDARÉ;410040005A;PR;Jardim Bonfim;-25,344;-49,28;2025-03-26 18:00:00.0;0,00
ALMIRANTE TAMANDARÉ;410040005A;PR;Jardim Bonfim;-25,344;-49,28;2025-03-26 19:00:00.0;0,00
ALMIRANTE TAMANDARÉ;410040005A;PR;Jardim Bonfim;-25,344;-49,28;2025-03-26 20:00:00.0;0,00
ALMIRANTE TAMANDARÉ;410040005A;PR;Jardim Bonfim;-25,344;-49,28;2025-03-26 21:00:00.0;0,00
ALMIRANTE TAMANDARÉ;410040005A;PR;Jardim Bonfim;-25,344;-49,28;2025-03-26 22:00:00.0;0,00
ALMIRANTE TAMANDARÉ;410040005A;PR;Jardim Bonfim;-25,344;-49,28;2025-03-26 23:00:00.0;0,00
ALMIRANTE TAMANDARÉ;410040005A;PR;Jardim Bonfim;-25,344;-49,28;2025-03-27 00:00:00.0;0,00
ALMIRANTE TAMANDARÉ;410040005A;PR;Jardim Bonfim;-25,344;-49,28;2025-03-27 01:00:00.0;0,00
ALMIRANTE TAMANDARÉ;410040005A;PR;Jardim Bonfim;-25,344;-49,28;2025-03-27 02:00:00.0;0,00
ALMIRANTE TAMANDARÉ;410040005A;PR;Jardim Bonfim;-25,344;-49,28;2025-03-27 03:00:00.0;0,00
ALMIRANTE TAMANDARÉ;410040005A;PR;Jardim Bonfim;-25,344;-49,28;2025-03-27 03:10:00.0;0,20
ALMIRANTE TAMANDARÉ;410040005A;PR;Jardim Bonfim;-25,344;-49,28;2025-03-27 03:20:00.0;0,20
ALMIRANTE TAMANDARÉ;410040005A;PR;Jardim Bonfim;-25,344;-49,28;2025-03-27 04:00:00.0;0,00
ALMIRANTE TAMANDARÉ;410040005A;PR;Jardim Bonfim;-25,344;-49,28;2025-03-27 05:00:00.0;0,00
ALMIRANTE TAMANDARÉ;410040005A;PR;Jardim Bonfim;-25,344;-49,28;2025-03-27 06:00:00.0;0,00
ALMIRANTE TAMANDARÉ;410040005A;PR;Jardim Bonfim;-25,344;-49,28;2025-03-27 07:00:00.0;0,00
ALMIRANTE TAMANDARÉ;410040005A;PR;Jardim Bonfim;-25,344;-49,28;2025-03-27 08:00:00.0;0,00
ALMIRANTE TAMANDARÉ;410040005A;PR;Jardim Bonfim;-25,344;-49,28;2025-03-27 09:00:00.0;0,00
ALMIRANTE TAMANDARÉ;410040005A;PR;Jardim Bonfim;-25,344;-49,28;2025-03-27 10:00:00.0;0,00
ALMIRANTE TAMANDARÉ;410040005A;PR;Jardim Bonfim;-25,344;-49,28;2025-03-27 11:00:00.0;0,00
ALMIRANTE TAMANDARÉ;410040005A;PR;Jardim Bonfim;-25,344;-49,28;2025-03-27 12:00:00.0;0,00
ALMIRANTE TAMANDARÉ;410040005A;PR;Jardim Bonfim;-25,344;-49,28;2025-03-27 13:00:00.0;0,00
ALMIRANTE TAMANDARÉ;410040005A;PR;Jardim Bonfim;-25,344;-49,28;2025-03-27 14:00:00.0;0,00
ALMIRANTE TAMANDARÉ;410040005A;PR;Jardim Bonfim;-25,344;-49,28;2025-03-27 15:00:00.0;0,00
ALMIRANTE TAMANDARÉ;410040005A;PR;Jardim Bonfim;-25,344;-49,28;2025-03-27 16:00:00.0;0,00
ALMIRANTE TAMANDARÉ;410040005A;PR;Jardim Bonfim;-25,344;-49,28;2025-03-27 17:00:00.0;0,00
ALMIRANTE TAMANDARÉ;410040005A;PR;Jardim Bonfim;-25,344;-49,28;2025-03-27 18:00:00.0;0,00
ALMIRANTE TAMANDARÉ;410040005A;PR;Jardim Bonfim;-25,344;-49,28;2025-03-27 19:00:00.0;0,00
ALMIRANTE TAMANDARÉ;410040005A;PR;Jardim Bonfim;-25,344;-49,28;2025-03-27 20:00:00.0;0,00
ALMIRANTE TAMANDARÉ;410040005A;PR;Jardim Bonfim;-25,344;-49,28;2025-03-27 21:00:00.0;0,00
ALMIRANTE TAMANDARÉ;410040005A;PR;Jardim Bonfim;-25,344;-49,28;2025-03-27 22:00:00.0;0,00
ALMIRANTE TAMANDARÉ;410040005A;PR;Jardim Bonfim;-25,344;-49,28;2025-03-27 23:00:00.0;0,00
ALMIRANTE TAMANDARÉ;410040005A;PR;Jardim Bonfim;-25,344;-49,28;2025-03-28 00:00:00.0;0,00
ALMIRANTE TAMANDARÉ;410040005A;PR;Jardim Bonfim;-25,344;-49,28;2025-03-28 01:00:00.0;0,00
ALMIRANTE TAMANDARÉ;410040005A;PR;Jardim Bonfim;-25,344;-49,28;2025-03-28 02:00:00.0;0,00
ALMIRANTE TAMANDARÉ;410040005A;PR;Jardim Bonfim;-25,344;-49,28;2025-03-28 03:00:00.0;0,00
ALMIRANTE TAMANDARÉ;410040005A;PR;Jardim Bonfim;-25,344;-49,28;2025-03-28 04:00:00.0;0,00
ALMIRANTE TAMANDARÉ;410040005A;PR;Jardim Bonfim;-25,344;-49,28;2025-03-28 05:00:00.0;0,00
ALMIRANTE TAMANDARÉ;410040005A;PR;Jardim Bonfim;-25,344;-49,28;2025-03-28 06:00:00.0;0,00
ALMIRANTE TAMANDARÉ;410040005A;PR;Jardim Bonfim;-25,344;-49,28;2025-03-28 07:00:00.0;0,00
ALMIRANTE TAMANDARÉ;410040005A;PR;Jardim Bonfim;-25,344;-49,28;2025-03-28 08:00:00.0;0,00
ALMIRANTE TAMANDARÉ;410040005A;PR;Jardim Bonfim;-25,344;-49,28;2025-03-28 09:00:00.0;0,00
ALMIRANTE TAMANDARÉ;410040005A;PR;Jardim Bonfim;-25,344;-49,28;2025-03-28 10:00:00.0;0,00
ALMIRANTE TAMANDARÉ;410040005A;PR;Jardim Bonfim;-25,344;-49,28;2025-03-28 11:00:00.0;0,00
ALMIRANTE TAMANDARÉ;410040005A;PR;Jardim Bonfim;-25,344;-49,28;2025-03-28 12:00:00.0;0,00
ALMIRANTE TAMANDARÉ;410040005A;PR;Jardim Bonfim;-25,344;-49,28;2025-03-28 13:00:00.0;0,00
ALMIRANTE TAMANDARÉ;410040005A;PR;Jardim Bonfim;-25,344;-49,28;2025-03-28 14:00:00.0;0,00
ALMIRANTE TAMANDARÉ;410040005A;PR;Jardim Bonfim;-25,344;-49,28;2025-03-28 15:00:00.0;0,00
ALMIRANTE TAMANDARÉ;410040005A;PR;Jardim Bonfim;-25,344;-49,28;2025-03-28 16:00:00.0;0,00
ALMIRANTE TAMANDARÉ;410040005A;PR;Jardim Bonfim;-25,344;-49,28;2025-03-28 17:00:00.0;0,00
ALMIRANTE TAMANDARÉ;410040005A;PR;Jardim Bonfim;-25,344;-49,28;2025-03-28 18:00:00.0;0,00
ALMIRANTE TAMANDARÉ;410040005A;PR;Jardim Bonfim;-25,344;-49,28;2025-03-28 19:00:00.0;0,00
ALMIRANTE TAMANDARÉ;410040005A;PR;Jardim Bonfim;-25,344;-49,28;2025-03-28 20:00:00.0;0,00
ALMIRANTE TAMANDARÉ;410040005A;PR;Jardim Bonfim;-25,344;-49,28;2025-03-28 21:00:00.0;0,00
ALMIRANTE TAMANDARÉ;410040005A;PR;Jardim Bonfim;-25,344;-49,28;2025-03-28 22:00:00.0;0,00
ALMIRANTE TAMANDARÉ;410040005A;PR;Jardim Bonfim;-25,344;-49,28;2025-03-28 23:00:00.0;0,00
ALMIRANTE TAMANDARÉ;410040005A;PR;Jardim Bonfim;-25,344;-49,28;2025-03-29 00:00:00.0;0,00
ALMIRANTE TAMANDARÉ;410040005A;PR;Jardim Bonfim;-25,344;-49,28;2025-03-29 01:00:00.0;0,00
ALMIRANTE TAMANDARÉ;410040005A;PR;Jardim Bonfim;-25,344;-49,28;2025-03-29 02:00:00.0;0,00
ALMIRANTE TAMANDARÉ;410040005A;PR;Jardim Bonfim;-25,344;-49,28;2025-03-29 03:00:00.0;0,00
ALMIRANTE TAMANDARÉ;410040005A;PR;Jardim Bonfim;-25,344;-49,28;2025-03-29 04:00:00.0;0,00
ALMIRANTE TAMANDARÉ;410040005A;PR;Jardim Bonfim;-25,344;-49,28;2025-03-29 05:00:00.0;0,00
ALMIRANTE TAMANDARÉ;410040005A;PR;Jardim Bonfim;-25,344;-49,28;2025-03-29 06:00:00.0;0,00
ALMIRANTE TAMANDARÉ;410040005A;PR;Jardim Bonfim;-25,344;-49,28;2025-03-29 07:00:00.0;0,00
ALMIRANTE TAMANDARÉ;410040005A;PR;Jardim Bonfim;-25,344;-49,28;2025-03-29 08:00:00.0;0,00
ALMIRANTE TAMANDARÉ;410040005A;PR;Jardim Bonfim;-25,344;-49,28;2025-03-29 09:00:00.0;0,00
ALMIRANTE TAMANDARÉ;410040005A;PR;Jardim Bonfim;-25,344;-49,28;2025-03-29 10:00:00.0;0,00
ALMIRANTE TAMANDARÉ;410040005A;PR;Jardim Bonfim;-25,344;-49,28;2025-03-29 11:00:00.0;0,00
ALMIRANTE TAMANDARÉ;410040005A;PR;Jardim Bonfim;-25,344;-49,28;2025-03-29 12:00:00.0;0,00
ALMIRANTE TAMANDARÉ;410040005A;PR;Jardim Bonfim;-25,344;-49,28;2025-03-29 13:00:00.0;0,00
ALMIRANTE TAMANDARÉ;410040005A;PR;Jardim Bonfim;-25,344;-49,28;2025-03-29 14:00:00.0;0,00
ALMIRANTE TAMANDARÉ;410040005A;PR;Jardim Bonfim;-25,344;-49,28;2025-03-29 15:00:00.0;0,00
ALMIRANTE TAMANDARÉ;410040005A;PR;Jardim Bonfim;-25,344;-49,28;2025-03-29 16:00:00.0;0,00
ALMIRANTE TAMANDARÉ;410040005A;PR;Jardim Bonfim;-25,344;-49,28;2025-03-29 17:00:00.0;0,00
ALMIRANTE TAMANDARÉ;410040005A;PR;Jardim Bonfim;-25,344;-49,28;2025-03-29 18:00:00.0;0,00
ALMIRANTE TAMANDARÉ;410040005A;PR;Jardim Bonfim;-25,344;-49,28;2025-03-29 19:00:00.0;0,00
ALMIRANTE TAMANDARÉ;410040005A;PR;Jardim Bonfim;-25,344;-49,28;2025-03-29 20:00:00.0;0,00
ALMIRANTE TAMANDARÉ;410040005A;PR;Jardim Bonfim;-25,344;-49,28;2025-03-29 21:00:00.0;0,00
ALMIRANTE TAMANDARÉ;410040005A;PR;Jardim Bonfim;-25,344;-49,28;2025-03-29 21:10:00.0;0,59
ALMIRANTE TAMANDARÉ;410040005A;PR;Jardim Bonfim;-25,344;-49,28;2025-03-29 21:20:00.0;0,20
ALMIRANTE TAMANDARÉ;410040005A;PR;Jardim Bonfim;-25,344;-49,28;2025-03-29 21:30:00.0;0,20
ALMIRANTE TAMANDARÉ;410040005A;PR;Jardim Bonfim;-25,344;-49,28;2025-03-29 22:00:00.0;0,00
ALMIRANTE TAMANDARÉ;410040005A;PR;Jardim Bonfim;-25,344;-49,28;2025-03-29 23:00:00.0;0,00
ALMIRANTE TAMANDARÉ;410040005A;PR;Jardim Bonfim;-25,344;-49,28;2025-03-30 00:00:00.0;0,00
ALMIRANTE TAMANDARÉ;410040005A;PR;Jardim Bonfim;-25,344;-49,28;2025-03-30 01:00:00.0;0,00
ALMIRANTE TAMANDARÉ;410040005A;PR;Jardim Bonfim;-25,344;-49,28;2025-03-30 02:00:00.0;0,00
ALMIRANTE TAMANDARÉ;410040005A;PR;Jardim Bonfim;-25,344;-49,28;2025-03-30 03:00:00.0;0,00
ALMIRANTE TAMANDARÉ;410040005A;PR;Jardim Bonfim;-25,344;-49,28;2025-03-30 04:00:00.0;0,00
ALMIRANTE TAMANDARÉ;410040005A;PR;Jardim Bonfim;-25,344;-49,28;2025-03-30 05:00:00.0;0,00
ALMIRANTE TAMANDARÉ;410040005A;PR;Jardim Bonfim;-25,344;-49,28;2025-03-30 06:00:00.0;0,00
ALMIRANTE TAMANDARÉ;410040005A;PR;Jardim Bonfim;-25,344;-49,28;2025-03-30 07:00:00.0;0,00
ALMIRANTE TAMANDARÉ;410040005A;PR;Jardim Bonfim;-25,344;-49,28;2025-03-30 08:00:00.0;0,00
ALMIRANTE TAMANDARÉ;410040005A;PR;Jardim Bonfim;-25,344;-49,28;2025-03-30 09:00:00.0;0,00
ALMIRANTE TAMANDARÉ;410040005A;PR;Jardim Bonfim;-25,344;-49,28;2025-03-30 10:00:00.0;0,00
ALMIRANTE TAMANDARÉ;410040005A;PR;Jardim Bonfim;-25,344;-49,28;2025-03-30 11:00:00.0;0,00
ALMIRANTE TAMANDARÉ;410040005A;PR;Jardim Bonfim;-25,344;-49,28;2025-03-30 12:00:00.0;0,00
ALMIRANTE TAMANDARÉ;410040005A;PR;Jardim Bonfim;-25,344;-49,28;2025-03-30 13:00:00.0;0,00
ALMIRANTE TAMANDARÉ;410040005A;PR;Jardim Bonfim;-25,344;-49,28;2025-03-30 14:00:00.0;0,00
ALMIRANTE TAMANDARÉ;410040005A;PR;Jardim Bonfim;-25,344;-49,28;2025-03-30 15:00:00.0;0,00
ALMIRANTE TAMANDARÉ;410040005A;PR;Jardim Bonfim;-25,344;-49,28;2025-03-30 16:00:00.0;0,00
ALMIRANTE TAMANDARÉ;410040005A;PR;Jardim Bonfim;-25,344;-49,28;2025-03-30 17:00:00.0;0,00
ALMIRANTE TAMANDARÉ;410040005A;PR;Jardim Bonfim;-25,344;-49,28;2025-03-30 18:00:00.0;0,00
ALMIRANTE TAMANDARÉ;410040005A;PR;Jardim Bonfim;-25,344;-49,28;2025-03-30 19:00:00.0;0,00
ALMIRANTE TAMANDARÉ;410040005A;PR;Jardim Bonfim;-25,344;-49,28;2025-03-30 20:00:00.0;0,00
ALMIRANTE TAMANDARÉ;410040005A;PR;Jardim Bonfim;-25,344;-49,28;2025-03-30 21:00:00.0;0,00
ALMIRANTE TAMANDARÉ;410040005A;PR;Jardim Bonfim;-25,344;-49,28;2025-03-30 22:00:00.0;0,00
ALMIRANTE TAMANDARÉ;410040005A;PR;Jardim Bonfim;-25,344;-49,28;2025-03-30 23:00:00.0;0,00
ALMIRANTE TAMANDARÉ;410040005A;PR;Jardim Bonfim;-25,344;-49,28;2025-03-31 00:00:00.0;0,00
ALMIRANTE TAMANDARÉ;410040005A;PR;Jardim Bonfim;-25,344;-49,28;2025-03-31 01:00:00.0;0,00
ALMIRANTE TAMANDARÉ;410040005A;PR;Jardim Bonfim;-25,344;-49,28;2025-03-31 02:00:00.0;0,00
ALMIRANTE TAMANDARÉ;410040005A;PR;Jardim Bonfim;-25,344;-49,28;2025-03-31 03:00:00.0;0,00
ALMIRANTE TAMANDARÉ;410040005A;PR;Jardim Bonfim;-25,344;-49,28;2025-03-31 04:00:00.0;0,00
ALMIRANTE TAMANDARÉ;410040005A;PR;Jardim Bonfim;-25,344;-49,28;2025-03-31 05:00:00.0;0,00
ALMIRANTE TAMANDARÉ;410040005A;PR;Jardim Bonfim;-25,344;-49,28;2025-03-31 06:00:00.0;0,00
ALMIRANTE TAMANDARÉ;410040005A;PR;Jardim Bonfim;-25,344;-49,28;2025-03-31 07:00:00.0;0,00
ALMIRANTE TAMANDARÉ;410040005A;PR;Jardim Bonfim;-25,344;-49,28;2025-03-31 08:00:00.0;0,00
ALMIRANTE TAMANDARÉ;410040005A;PR;Jardim Bonfim;-25,344;-49,28;2025-03-31 09:00:00.0;0,00
ALMIRANTE TAMANDARÉ;410040005A;PR;Jardim Bonfim;-25,344;-49,28;2025-03-31 10:00:00.0;0,00
ALMIRANTE TAMANDARÉ;410040005A;PR;Jardim Bonfim;-25,344;-49,28;2025-03-31 11:00:00.0;0,00
ALMIRANTE TAMANDARÉ;410040005A;PR;Jardim Bonfim;-25,344;-49,28;2025-03-31 12:00:00.0;0,00
ALMIRANTE TAMANDARÉ;410040005A;PR;Jardim Bonfim;-25,344;-49,28;2025-03-31 13:00:00.0;0,00
ALMIRANTE TAMANDARÉ;410040005A;PR;Jardim Bonfim;-25,344;-49,28;2025-03-31 14:00:00.0;0,00
ALMIRANTE TAMANDARÉ;410040005A;PR;Jardim Bonfim;-25,344;-49,28;2025-03-31 15:00:00.0;0,00
ALMIRANTE TAMANDARÉ;410040005A;PR;Jardim Bonfim;-25,344;-49,28;2025-03-31 16:00:00.0;0,00
ALMIRANTE TAMANDARÉ;410040005A;PR;Jardim Bonfim;-25,344;-49,28;2025-03-31 17:00:00.0;0,00
ALMIRANTE TAMANDARÉ;410040005A;PR;Jardim Bonfim;-25,344;-49,28;2025-03-31 18:00:00.0;0,00
ALMIRANTE TAMANDARÉ;410040005A;PR;Jardim Bonfim;-25,344;-49,28;2025-03-31 19:00:00.0;0,00
ALMIRANTE TAMANDARÉ;410040005A;PR;Jardim Bonfim;-25,344;-49,28;2025-03-31 20:00:00.0;0,00
ALMIRANTE TAMANDARÉ;410040005A;PR;Jardim Bonfim;-25,344;-49,28;2025-03-31 21:00:00.0;0,00
ALMIRANTE TAMANDARÉ;410040005A;PR;Jardim Bonfim;-25,344;-49,28;2025-03-31 22:00:00.0;0,00
ALMIRANTE TAMANDARÉ;410040005A;PR;Jardim Bonfim;-25,344;-49,28;2025-03-31 23:00:00.0;0,00
ALMIRANTE TAMANDARÉ;410040006A;PR;Jardim Tanguá;-25,371;-49,308;2025-03-01 00:50:00.0;0,00
ALMIRANTE TAMANDARÉ;410040006A;PR;Jardim Tanguá;-25,371;-49,308;2025-03-01 01:50:00.0;0,00
ALMIRANTE TAMANDARÉ;410040006A;PR;Jardim Tanguá;-25,371;-49,308;2025-03-01 02:50:00.0;0,00
ALMIRANTE TAMANDARÉ;410040006A;PR;Jardim Tanguá;-25,371;-49,308;2025-03-01 03:50:00.0;0,00
ALMIRANTE TAMANDARÉ;410040006A;PR;Jardim Tanguá;-25,371;-49,308;2025-03-01 04:50:00.0;0,00
ALMIRANTE TAMANDARÉ;410040006A;PR;Jardim Tanguá;-25,371;-49,308;2025-03-01 05:50:00.0;0,00
ALMIRANTE TAMANDARÉ;410040006A;PR;Jardim Tanguá;-25,371;-49,308;2025-03-01 06:50:00.0;0,00
ALMIRANTE TAMANDARÉ;410040006A;PR;Jardim Tanguá;-25,371;-49,308;2025-03-01 07:50:00.0;0,00
ALMIRANTE TAMANDARÉ;410040006A;PR;Jardim Tanguá;-25,371;-49,308;2025-03-01 08:50:00.0;0,00
ALMIRANTE TAMANDARÉ;410040006A;PR;Jardim Tanguá;-25,371;-49,308;2025-03-01 09:50:00.0;0,00
ALMIRANTE TAMANDARÉ;410040006A;PR;Jardim Tanguá;-25,371;-49,308;2025-03-01 10:50:00.0;0,00
ALMIRANTE TAMANDARÉ;410040006A;PR;Jardim Tanguá;-25,371;-49,308;2025-03-01 11:50:00.0;0,00
ALMIRANTE TAMANDARÉ;410040006A;PR;Jardim Tanguá;-25,371;-49,308;2025-03-01 12:50:00.0;0,00
ALMIRANTE TAMANDARÉ;410040006A;PR;Jardim Tanguá;-25,371;-49,308;2025-03-01 21:30:00.0;0,00
ALMIRANTE TAMANDARÉ;410040006A;PR;Jardim Tanguá;-25,371;-49,308;2025-03-01 21:50:00.0;0,00
ALMIRANTE TAMANDARÉ;410040006A;PR;Jardim Tanguá;-25,371;-49,308;2025-03-01 22:50:00.0;0,00
ALMIRANTE TAMANDARÉ;410040006A;PR;Jardim Tanguá;-25,371;-49,308;2025-03-01 23:50:00.0;0,00
ALMIRANTE TAMANDARÉ;410040006A;PR;Jardim Tanguá;-25,371;-49,308;2025-03-02 00:50:00.0;0,00
ALMIRANTE TAMANDARÉ;410040006A;PR;Jardim Tanguá;-25,371;-49,308;2025-03-02 01:50:00.0;0,00
ALMIRANTE TAMANDARÉ;410040006A;PR;Jardim Tanguá;-25,371;-49,308;2025-03-02 02:50:00.0;0,00
ALMIRANTE TAMANDARÉ;410040006A;PR;Jardim Tanguá;-25,371;-49,308;2025-03-02 03:50:00.0;0,00
ALMIRANTE TAMANDARÉ;410040006A;PR;Jardim Tanguá;-25,371;-49,308;2025-03-02 04:50:00.0;0,00
ALMIRANTE TAMANDARÉ;410040006A;PR;Jardim Tanguá;-25,371;-49,308;2025-03-02 05:50:00.0;0,00
ALMIRANTE TAMANDARÉ;410040006A;PR;Jardim Tanguá;-25,371;-49,308;2025-03-02 06:50:00.0;0,00
ALMIRANTE TAMANDARÉ;410040006A;PR;Jardim Tanguá;-25,371;-49,308;2025-03-02 07:50:00.0;0,00
ALMIRANTE TAMANDARÉ;410040006A;PR;Jardim Tanguá;-25,371;-49,308;2025-03-02 08:50:00.0;0,00
ALMIRANTE TAMANDARÉ;410040006A;PR;Jardim Tanguá;-25,371;-49,308;2025-03-02 09:50:00.0;0,00
ALMIRANTE TAMANDARÉ;410040006A;PR;Jardim Tanguá;-25,371;-49,308;2025-03-02 10:50:00.0;0,00
ALMIRANTE TAMANDARÉ;410040006A;PR;Jardim Tanguá;-25,371;-49,308;2025-03-02 11:50:00.0;0,00
ALMIRANTE TAMANDARÉ;410040006A;PR;Jardim Tanguá;-25,371;-49,308;2025-03-02 21:40:00.0;0,00
ALMIRANTE TAMANDARÉ;410040006A;PR;Jardim Tanguá;-25,371;-49,308;2025-03-02 21:50:00.0;0,00
ALMIRANTE TAMANDARÉ;410040006A;PR;Jardim Tanguá;-25,371;-49,308;2025-03-02 22:50:00.0;0,00
ALMIRANTE TAMANDARÉ;410040006A;PR;Jardim Tanguá;-25,371;-49,308;2025-03-02 23:50:00.0;0,00
ALMIRANTE TAMANDARÉ;410040006A;PR;Jardim Tanguá;-25,371;-49,308;2025-03-03 01:00:00.0;0,00
ALMIRANTE TAMANDARÉ;410040006A;PR;Jardim Tanguá;-25,371;-49,308;2025-03-03 01:50:00.0;0,00
ALMIRANTE TAMANDARÉ;410040006A;PR;Jardim Tanguá;-25,371;-49,308;2025-03-03 02:50:00.0;0,00
ALMIRANTE TAMANDARÉ;410040006A;PR;Jardim Tanguá;-25,371;-49,308;2025-03-03 03:50:00.0;0,00
ALMIRANTE TAMANDARÉ;410040006A;PR;Jardim Tanguá;-25,371;-49,308;2025-03-03 04:50:00.0;0,00
ALMIRANTE TAMANDARÉ;410040006A;PR;Jardim Tanguá;-25,371;-49,308;2025-03-03 05:50:00.0;0,00
ALMIRANTE TAMANDARÉ;410040006A;PR;Jardim Tanguá;-25,371;-49,308;2025-03-03 06:50:00.0;0,00
ALMIRANTE TAMANDARÉ;410040006A;PR;Jardim Tanguá;-25,371;-49,308;2025-03-03 07:50:00.0;0,00
ALMIRANTE TAMANDARÉ;410040006A;PR;Jardim Tanguá;-25,371;-49,308;2025-03-03 08:50:00.0;0,00
ALMIRANTE TAMANDARÉ;410040006A;PR;Jardim Tanguá;-25,371;-49,308;2025-03-03 09:50:00.0;0,00
ALMIRANTE TAMANDARÉ;410040006A;PR;Jardim Tanguá;-25,371;-49,308;2025-03-03 10:50:00.0;0,00
ALMIRANTE TAMANDARÉ;410040006A;PR;Jardim Tanguá;-25,371;-49,308;2025-03-03 11:50:00.0;0,00
ALMIRANTE TAMANDARÉ;410040006A;PR;Jardim Tanguá;-25,371;-49,308;2025-03-03 19:50:00.0;0,00
ALMIRANTE TAMANDARÉ;410040006A;PR;Jardim Tanguá;-25,371;-49,308;2025-03-03 20:00:00.0;0,00
ALMIRANTE TAMANDARÉ;410040006A;PR;Jardim Tanguá;-25,371;-49,308;2025-03-03 20:50:00.0;0,00
ALMIRANTE TAMANDARÉ;410040006A;PR;Jardim Tanguá;-25,371;-49,308;2025-03-03 21:50:00.0;0,00
ALMIRANTE TAMANDARÉ;410040006A;PR;Jardim Tanguá;-25,371;-49,308;2025-03-03 22:50:00.0;0,00
ALMIRANTE TAMANDARÉ;410040006A;PR;Jardim Tanguá;-25,371;-49,308;2025-03-03 23:50:00.0;0,00
ALMIRANTE TAMANDARÉ;410040006A;PR;Jardim Tanguá;-25,371;-49,308;2025-03-04 00:50:00.0;0,00
ALMIRANTE TAMANDARÉ;410040006A;PR;Jardim Tanguá;-25,371;-49,308;2025-03-04 01:50:00.0;0,00
ALMIRANTE TAMANDARÉ;410040006A;PR;Jardim Tanguá;-25,371;-49,308;2025-03-04 02:50:00.0;0,00
ALMIRANTE TAMANDARÉ;410040006A;PR;Jardim Tanguá;-25,371;-49,308;2025-03-04 03:50:00.0;0,00
ALMIRANTE TAMANDARÉ;410040006A;PR;Jardim Tanguá;-25,371;-49,308;2025-03-04 04:50:00.0;0,00
ALMIRANTE TAMANDARÉ;410040006A;PR;Jardim Tanguá;-25,371;-49,308;2025-03-04 05:50:00.0;0,00
ALMIRANTE TAMANDARÉ;410040006A;PR;Jardim Tanguá;-25,371;-49,308;2025-03-04 06:50:00.0;0,00
ALMIRANTE TAMANDARÉ;410040006A;PR;Jardim Tanguá;-25,371;-49,308;2025-03-04 07:50:00.0;0,00
ALMIRANTE TAMANDARÉ;410040006A;PR;Jardim Tanguá;-25,371;-49,308;2025-03-04 08:50:00.0;0,00
ALMIRANTE TAMANDARÉ;410040006A;PR;Jardim Tanguá;-25,371;-49,308;2025-03-04 09:50:00.0;0,00
ALMIRANTE TAMANDARÉ;410040006A;PR;Jardim Tanguá;-25,371;-49,308;2025-03-04 10:50:00.0;0,00
ALMIRANTE TAMANDARÉ;410040006A;PR;Jardim Tanguá;-25,371;-49,308;2025-03-04 11:50:00.0;0,00
ALMIRANTE TAMANDARÉ;410040006A;PR;Jardim Tanguá;-25,371;-49,308;2025-03-04 12:50:00.0;0,00
ALMIRANTE TAMANDARÉ;410040006A;PR;Jardim Tanguá;-25,371;-49,308;2025-03-04 20:50:00.0;0,00
ALMIRANTE TAMANDARÉ;410040006A;PR;Jardim Tanguá;-25,371;-49,308;2025-03-04 21:50:00.0;0,00
ALMIRANTE TAMANDARÉ;410040006A;PR;Jardim Tanguá;-25,371;-49,308;2025-03-04 22:50:00.0;0,00
ALMIRANTE TAMANDARÉ;410040006A;PR;Jardim Tanguá;-25,371;-49,308;2025-03-04 23:50:00.0;0,00
ALMIRANTE TAMANDARÉ;410040006A;PR;Jardim Tanguá;-25,371;-49,308;2025-03-05 00:50:00.0;0,00
ALMIRANTE TAMANDARÉ;410040006A;PR;Jardim Tanguá;-25,371;-49,308;2025-03-05 01:50:00.0;0,00
ALMIRANTE TAMANDARÉ;410040006A;PR;Jardim Tanguá;-25,371;-49,308;2025-03-05 02:50:00.0;0,00
ALMIRANTE TAMANDARÉ;410040006A;PR;Jardim Tanguá;-25,371;-49,308;2025-03-05 03:50:00.0;0,00
ALMIRANTE TAMANDARÉ;410040006A;PR;Jardim Tanguá;-25,371;-49,308;2025-03-05 04:50:00.0;0,00
ALMIRANTE TAMANDARÉ;410040006A;PR;Jardim Tanguá;-25,371;-49,308;2025-03-05 05:50:00.0;0,00
ALMIRANTE TAMANDARÉ;410040006A;PR;Jardim Tanguá;-25,371;-49,308;2025-03-05 06:50:00.0;0,00
ALMIRANTE TAMANDARÉ;410040006A;PR;Jardim Tanguá;-25,371;-49,308;2025-03-05 07:50:00.0;0,00
ALMIRANTE TAMANDARÉ;410040006A;PR;Jardim Tanguá;-25,371;-49,308;2025-03-05 08:50:00.0;0,00
ALMIRANTE TAMANDARÉ;410040006A;PR;Jardim Tanguá;-25,371;-49,308;2025-03-05 09:50:00.0;0,00
ALMIRANTE TAMANDARÉ;410040006A;PR;Jardim Tanguá;-25,371;-49,308;2025-03-05 10:50:00.0;0,00
ALMIRANTE TAMANDARÉ;410040006A;PR;Jardim Tanguá;-25,371;-49,308;2025-03-05 11:50:00.0;0,00
ALMIRANTE TAMANDARÉ;410040006A;PR;Jardim Tanguá;-25,371;-49,308;2025-03-05 12:50:00.0;0,00
ALMIRANTE TAMANDARÉ;410040006A;PR;Jardim Tanguá;-25,371;-49,308;2025-03-05 13:50:00.0;0,00
ALMIRANTE TAMANDARÉ;410040006A;PR;Jardim Tanguá;-25,371;-49,308;2025-03-05 14:50:00.0;0,00
ALMIRANTE TAMANDARÉ;410040006A;PR;Jardim Tanguá;-25,371;-49,308;2025-03-05 18:50:00.0;0,00
ALMIRANTE TAMANDARÉ;410040006A;PR;Jardim Tanguá;-25,371;-49,308;2025-03-05 19:50:00.0;0,00
ALMIRANTE TAMANDARÉ;410040006A;PR;Jardim Tanguá;-25,371;-49,308;2025-03-05 20:50:00.0;0,00
ALMIRANTE TAMANDARÉ;410040006A;PR;Jardim Tanguá;-25,371;-49,308;2025-03-05 21:50:00.0;0,00
ALMIRANTE TAMANDARÉ;410040006A;PR;Jardim Tanguá;-25,371;-49,308;2025-03-05 22:50:00.0;0,00
ALMIRANTE TAMANDARÉ;410040006A;PR;Jardim Tanguá;-25,371;-49,308;2025-03-05 23:50:00.0;0,00
ALMIRANTE TAMANDARÉ;410040006A;PR;Jardim Tanguá;-25,371;-49,308;2025-03-06 00:50:00.0;0,00
ALMIRANTE TAMANDARÉ;410040006A;PR;Jardim Tanguá;-25,371;-49,308;2025-03-06 01:50:00.0;0,00
ALMIRANTE TAMANDARÉ;410040006A;PR;Jardim Tanguá;-25,371;-49,308;2025-03-06 02:50:00.0;0,00
ALMIRANTE TAMANDARÉ;410040006A;PR;Jardim Tanguá;-25,371;-49,308;2025-03-06 03:50:00.0;0,00
ALMIRANTE TAMANDARÉ;410040006A;PR;Jardim Tanguá;-25,371;-49,308;2025-03-06 04:50:00.0;0,00
ALMIRANTE TAMANDARÉ;410040006A;PR;Jardim Tanguá;-25,371;-49,308;2025-03-06 05:50:00.0;0,00
ALMIRANTE TAMANDARÉ;410040006A;PR;Jardim Tanguá;-25,371;-49,308;2025-03-06 06:50:00.0;0,00
ALMIRANTE TAMANDARÉ;410040006A;PR;Jardim Tanguá;-25,371;-49,308;2025-03-06 07:50:00.0;0,00
ALMIRANTE TAMANDARÉ;410040006A;PR;Jardim Tanguá;-25,371;-49,308;2025-03-06 08:50:00.0;0,00
ALMIRANTE TAMANDARÉ;410040006A;PR;Jardim Tanguá;-25,371;-49,308;2025-03-06 09:50:00.0;0,00
ALMIRANTE TAMANDARÉ;410040006A;PR;Jardim Tanguá;-25,371;-49,308;2025-03-06 10:50:00.0;0,00
ALMIRANTE TAMANDARÉ;410040006A;PR;Jardim Tanguá;-25,371;-49,308;2025-03-06 11:50:00.0;0,00
ALMIRANTE TAMANDARÉ;410040006A;PR;Jardim Tanguá;-25,371;-49,308;2025-03-06 12:50:00.0;0,00
ALMIRANTE TAMANDARÉ;410040006A;PR;Jardim Tanguá;-25,371;-49,308;2025-03-06 13:50:00.0;0,00
ALMIRANTE TAMANDARÉ;410040006A;PR;Jardim Tanguá;-25,371;-49,308;2025-03-06 20:40:00.0;0,00
ALMIRANTE TAMANDARÉ;410040006A;PR;Jardim Tanguá;-25,371;-49,308;2025-03-06 20:50:00.0;0,00
ALMIRANTE TAMANDARÉ;410040006A;PR;Jardim Tanguá;-25,371;-49,308;2025-03-06 21:50:00.0;0,00
ALMIRANTE TAMANDARÉ;410040006A;PR;Jardim Tanguá;-25,371;-49,308;2025-03-06 22:50:00.0;0,00
ALMIRANTE TAMANDARÉ;410040006A;PR;Jardim Tanguá;-25,371;-49,308;2025-03-06 23:50:00.0;0,00
ALMIRANTE TAMANDARÉ;410040006A;PR;Jardim Tanguá;-25,371;-49,308;2025-03-07 00:50:00.0;0,00
ALMIRANTE TAMANDARÉ;410040006A;PR;Jardim Tanguá;-25,371;-49,308;2025-03-07 01:50:00.0;0,00
ALMIRANTE TAMANDARÉ;410040006A;PR;Jardim Tanguá;-25,371;-49,308;2025-03-07 02:50:00.0;0,00
ALMIRANTE TAMANDARÉ;410040006A;PR;Jardim Tanguá;-25,371;-49,308;2025-03-07 03:50:00.0;0,00
ALMIRANTE TAMANDARÉ;410040006A;PR;Jardim Tanguá;-25,371;-49,308;2025-03-07 04:50:00.0;0,00
ALMIRANTE TAMANDARÉ;410040006A;PR;Jardim Tanguá;-25,371;-49,308;2025-03-07 05:50:00.0;0,00
ALMIRANTE TAMANDARÉ;410040006A;PR;Jardim Tanguá;-25,371;-49,308;2025-03-07 06:50:00.0;0,00
ALMIRANTE TAMANDARÉ;410040006A;PR;Jardim Tanguá;-25,371;-49,308;2025-03-07 07:50:00.0;0,00
ALMIRANTE TAMANDARÉ;410040006A;PR;Jardim Tanguá;-25,371;-49,308;2025-03-07 08:50:00.0;0,00
ALMIRANTE TAMANDARÉ;410040006A;PR;Jardim Tanguá;-25,371;-49,308;2025-03-07 09:50:00.0;0,00
ALMIRANTE TAMANDARÉ;410040006A;PR;Jardim Tanguá;-25,371;-49,308;2025-03-07 10:50:00.0;0,00
ALMIRANTE TAMANDARÉ;410040006A;PR;Jardim Tanguá;-25,371;-49,308;2025-03-07 11:50:00.0;0,00
ALMIRANTE TAMANDARÉ;410040006A;PR;Jardim Tanguá;-25,371;-49,308;2025-03-07 12:50:00.0;0,00
ALMIRANTE TAMANDARÉ;410040006A;PR;Jardim Tanguá;-25,371;-49,308;2025-03-07 13:50:00.0;0,00
ALMIRANTE TAMANDARÉ;410040006A;PR;Jardim Tanguá;-25,371;-49,308;2025-03-07 14:50:00.0;0,00
ALMIRANTE TAMANDARÉ;410040006A;PR;Jardim Tanguá;-25,371;-49,308;2025-03-07 19:20:00.0;0,00
ALMIRANTE TAMANDARÉ;410040006A;PR;Jardim Tanguá;-25,371;-49,308;2025-03-07 19:50:00.0;0,00
ALMIRANTE TAMANDARÉ;410040006A;PR;Jardim Tanguá;-25,371;-49,308;2025-03-07 20:50:00.0;0,00
ALMIRANTE TAMANDARÉ;410040006A;PR;Jardim Tanguá;-25,371;-49,308;2025-03-07 21:50:00.0;0,00
ALMIRANTE TAMANDARÉ;410040006A;PR;Jardim Tanguá;-25,371;-49,308;2025-03-07 22:50:00.0;0,00
ALMIRANTE TAMANDARÉ;410040006A;PR;Jardim Tanguá;-25,371;-49,308;2025-03-07 23:50:00.0;0,00
ALMIRANTE TAMANDARÉ;410040006A;PR;Jardim Tanguá;-25,371;-49,308;2025-03-08 00:50:00.0;0,00
ALMIRANTE TAMANDARÉ;410040006A;PR;Jardim Tanguá;-25,371;-49,308;2025-03-08 01:50:00.0;0,00
ALMIRANTE TAMANDARÉ;410040006A;PR;Jardim Tanguá;-25,371;-49,308;2025-03-08 02:50:00.0;0,00
ALMIRANTE TAMANDARÉ;410040006A;PR;Jardim Tanguá;-25,371;-49,308;2025-03-08 03:50:00.0;0,00
ALMIRANTE TAMANDARÉ;410040006A;PR;Jardim Tanguá;-25,371;-49,308;2025-03-08 04:50:00.0;0,00
ALMIRANTE TAMANDARÉ;410040006A;PR;Jardim Tanguá;-25,371;-49,308;2025-03-08 05:50:00.0;0,00
ALMIRANTE TAMANDARÉ;410040006A;PR;Jardim Tanguá;-25,371;-49,308;2025-03-08 06:50:00.0;0,00
ALMIRANTE TAMANDARÉ;410040006A;PR;Jardim Tanguá;-25,371;-49,308;2025-03-08 07:50:00.0;0,00
ALMIRANTE TAMANDARÉ;410040006A;PR;Jardim Tanguá;-25,371;-49,308;2025-03-08 08:50:00.0;0,00
ALMIRANTE TAMANDARÉ;410040006A;PR;Jardim Tanguá;-25,371;-49,308;2025-03-08 09:50:00.0;0,00
ALMIRANTE TAMANDARÉ;410040006A;PR;Jardim Tanguá;-25,371;-49,308;2025-03-08 10:50:00.0;0,00
ALMIRANTE TAMANDARÉ;410040006A;PR;Jardim Tanguá;-25,371;-49,308;2025-03-08 11:50:00.0;0,00
ALMIRANTE TAMANDARÉ;410040006A;PR;Jardim Tanguá;-25,371;-49,308;2025-03-08 12:50:00.0;0,00
ALMIRANTE TAMANDARÉ;410040006A;PR;Jardim Tanguá;-25,371;-49,308;2025-03-08 13:50:00.0;0,00
ALMIRANTE TAMANDARÉ;410040006A;PR;Jardim Tanguá;-25,371;-49,308;2025-03-08 21:30:00.0;0,00
ALMIRANTE TAMANDARÉ;410040006A;PR;Jardim Tanguá;-25,371;-49,308;2025-03-08 21:50:00.0;0,00
ALMIRANTE TAMANDARÉ;410040006A;PR;Jardim Tanguá;-25,371;-49,308;2025-03-08 22:50:00.0;0,00
ALMIRANTE TAMANDARÉ;410040006A;PR;Jardim Tanguá;-25,371;-49,308;2025-03-08 23:50:00.0;0,00
ALMIRANTE TAMANDARÉ;410040006A;PR;Jardim Tanguá;-25,371;-49,308;2025-03-09 00:50:00.0;0,00
ALMIRANTE TAMANDARÉ;410040006A;PR;Jardim Tanguá;-25,371;-49,308;2025-03-09 01:50:00.0;0,00
ALMIRANTE TAMANDARÉ;410040006A;PR;Jardim Tanguá;-25,371;-49,308;2025-03-09 02:50:00.0;0,00
ALMIRANTE TAMANDARÉ;410040006A;PR;Jardim Tanguá;-25,371;-49,308;2025-03-09 03:50:00.0;0,00
ALMIRANTE TAMANDARÉ;410040006A;PR;Jardim Tanguá;-25,371;-49,308;2025-03-09 04:50:00.0;0,00
ALMIRANTE TAMANDARÉ;410040006A;PR;Jardim Tanguá;-25,371;-49,308;2025-03-09 05:50:00.0;0,00
ALMIRANTE TAMANDARÉ;410040006A;PR;Jardim Tanguá;-25,371;-49,308;2025-03-09 06:50:00.0;0,00
ALMIRANTE TAMANDARÉ;410040006A;PR;Jardim Tanguá;-25,371;-49,308;2025-03-09 07:50:00.0;0,00
ALMIRANTE TAMANDARÉ;410040006A;PR;Jardim Tanguá;-25,371;-49,308;2025-03-09 08:50:00.0;0,00
ALMIRANTE TAMANDARÉ;410040006A;PR;Jardim Tanguá;-25,371;-49,308;2025-03-09 09:50:00.0;0,00
ALMIRANTE TAMANDARÉ;410040006A;PR;Jardim Tanguá;-25,371;-49,308;2025-03-09 10:50:00.0;0,00
ALMIRANTE TAMANDARÉ;410040006A;PR;Jardim Tanguá;-25,371;-49,308;2025-03-09 11:50:00.0;0,00
ALMIRANTE TAMANDARÉ;410040006A;PR;Jardim Tanguá;-25,371;-49,308;2025-03-09 21:00:00.0;0,00
ALMIRANTE TAMANDARÉ;410040006A;PR;Jardim Tanguá;-25,371;-49,308;2025-03-09 21:50:00.0;0,00
ALMIRANTE TAMANDARÉ;410040006A;PR;Jardim Tanguá;-25,371;-49,308;2025-03-09 22:50:00.0;0,00
ALMIRANTE TAMANDARÉ;410040006A;PR;Jardim Tanguá;-25,371;-49,308;2025-03-09 23:50:00.0;0,00
ALMIRANTE TAMANDARÉ;410040006A;PR;Jardim Tanguá;-25,371;-49,308;2025-03-10 00:50:00.0;0,00
ALMIRANTE TAMANDARÉ;410040006A;PR;Jardim Tanguá;-25,371;-49,308;2025-03-10 01:50:00.0;0,00
ALMIRANTE TAMANDARÉ;410040006A;PR;Jardim Tanguá;-25,371;-49,308;2025-03-10 02:50:00.0;0,00
ALMIRANTE TAMANDARÉ;410040006A;PR;Jardim Tanguá;-25,371;-49,308;2025-03-10 03:50:00.0;0,00
ALMIRANTE TAMANDARÉ;410040006A;PR;Jardim Tanguá;-25,371;-49,308;2025-03-10 04:50:00.0;0,00
ALMIRANTE TAMANDARÉ;410040006A;PR;Jardim Tanguá;-25,371;-49,308;2025-03-10 05:50:00.0;0,00
ALMIRANTE TAMANDARÉ;410040006A;PR;Jardim Tanguá;-25,371;-49,308;2025-03-10 06:50:00.0;0,00
ALMIRANTE TAMANDARÉ;410040006A;PR;Jardim Tanguá;-25,371;-49,308;2025-03-10 07:50:00.0;0,00
ALMIRANTE TAMANDARÉ;410040006A;PR;Jardim Tanguá;-25,371;-49,308;2025-03-10 08:50:00.0;0,00
ALMIRANTE TAMANDARÉ;410040006A;PR;Jardim Tanguá;-25,371;-49,308;2025-03-10 09:50:00.0;0,00
ALMIRANTE TAMANDARÉ;410040006A;PR;Jardim Tanguá;-25,371;-49,308;2025-03-10 10:50:00.0;0,00
ALMIRANTE TAMANDARÉ;410040006A;PR;Jardim Tanguá;-25,371;-49,308;2025-03-10 11:50:00.0;0,00
ALMIRANTE TAMANDARÉ;410040006A;PR;Jardim Tanguá;-25,371;-49,308;2025-03-10 12:50:00.0;0,00
ALMIRANTE TAMANDARÉ;410040006A;PR;Jardim Tanguá;-25,371;-49,308;2025-03-10 13:50:00.0;0,00
ALMIRANTE TAMANDARÉ;410040006A;PR;Jardim Tanguá;-25,371;-49,308;2025-03-10 14:50:00.0;0,00
ALMIRANTE TAMANDARÉ;410040006A;PR;Jardim Tanguá;-25,371;-49,308;2025-03-10 16:20:00.0;0,00
ALMIRANTE TAMANDARÉ;410040006A;PR;Jardim Tanguá;-25,371;-49,308;2025-03-10 16:50:00.0;0,00
ALMIRANTE TAMANDARÉ;410040006A;PR;Jardim Tanguá;-25,371;-49,308;2025-03-10 17:50:00.0;0,00
ALMIRANTE TAMANDARÉ;410040006A;PR;Jardim Tanguá;-25,371;-49,308;2025-03-10 18:50:00.0;0,00
ALMIRANTE TAMANDARÉ;410040006A;PR;Jardim Tanguá;-25,371;-49,308;2025-03-10 19:50:00.0;0,00
ALMIRANTE TAMANDARÉ;410040006A;PR;Jardim Tanguá;-25,371;-49,308;2025-03-10 20:50:00.0;0,00
ALMIRANTE TAMANDARÉ;410040006A;PR;Jardim Tanguá;-25,371;-49,308;2025-03-10 21:50:00.0;0,00
ALMIRANTE TAMANDARÉ;410040006A;PR;Jardim Tanguá;-25,371;-49,308;2025-03-10 22:50:00.0;0,00
ALMIRANTE TAMANDARÉ;410040006A;PR;Jardim Tanguá;-25,371;-49,308;2025-03-10 23:50:00.0;0,00
ALMIRANTE TAMANDARÉ;410040006A;PR;Jardim Tanguá;-25,371;-49,308;2025-03-11 00:50:00.0;0,00
ALMIRANTE TAMANDARÉ;410040006A;PR;Jardim Tanguá;-25,371;-49,308;2025-03-11 01:50:00.0;0,00
ALMIRANTE TAMANDARÉ;410040006A;PR;Jardim Tanguá;-25,371;-49,308;2025-03-11 02:50:00.0;0,00
ALMIRANTE TAMANDARÉ;410040006A;PR;Jardim Tanguá;-25,371;-49,308;2025-03-11 03:50:00.0;0,00
ALMIRANTE TAMANDARÉ;410040006A;PR;Jardim Tanguá;-25,371;-49,308;2025-03-11 04:50:00.0;0,00
ALMIRANTE TAMANDARÉ;410040006A;PR;Jardim Tanguá;-25,371;-49,308;2025-03-11 05:50:00.0;0,00
ALMIRANTE TAMANDARÉ;410040006A;PR;Jardim Tanguá;-25,371;-49,308;2025-03-11 06:50:00.0;0,00
ALMIRANTE TAMANDARÉ;410040006A;PR;Jardim Tanguá;-25,371;-49,308;2025-03-11 07:50:00.0;0,00
ALMIRANTE TAMANDARÉ;410040006A;PR;Jardim Tanguá;-25,371;-49,308;2025-03-11 08:50:00.0;0,00
ALMIRANTE TAMANDARÉ;410040006A;PR;Jardim Tanguá;-25,371;-49,308;2025-03-11 09:50:00.0;0,00
ALMIRANTE TAMANDARÉ;410040006A;PR;Jardim Tanguá;-25,371;-49,308;2025-03-11 10:50:00.0;0,00
ALMIRANTE TAMANDARÉ;410040006A;PR;Jardim Tanguá;-25,371;-49,308;2025-03-11 11:50:00.0;0,00
ALMIRANTE TAMANDARÉ;410040006A;PR;Jardim Tanguá;-25,371;-49,308;2025-03-11 12:50:00.0;0,00
ALMIRANTE TAMANDARÉ;410040006A;PR;Jardim Tanguá;-25,371;-49,308;2025-03-11 13:50:00.0;0,00
ALMIRANTE TAMANDARÉ;410040006A;PR;Jardim Tanguá;-25,371;-49,308;2025-03-11 14:50:00.0;0,00
ALMIRANTE TAMANDARÉ;410040006A;PR;Jardim Tanguá;-25,371;-49,308;2025-03-11 18:50:00.0;0,00
ALMIRANTE TAMANDARÉ;410040006A;PR;Jardim Tanguá;-25,371;-49,308;2025-03-11 20:30:00.0;0,00
ALMIRANTE TAMANDARÉ;410040006A;PR;Jardim Tanguá;-25,371;-49,308;2025-03-11 21:00:00.0;0,00
ALMIRANTE TAMANDARÉ;410040006A;PR;Jardim Tanguá;-25,371;-49,308;2025-03-11 21:50:00.0;0,00
ALMIRANTE TAMANDARÉ;410040006A;PR;Jardim Tanguá;-25,371;-49,308;2025-03-11 22:50:00.0;0,00
ALMIRANTE TAMANDARÉ;410040006A;PR;Jardim Tanguá;-25,371;-49,308;2025-03-11 23:50:00.0;0,00
ALMIRANTE TAMANDARÉ;410040006A;PR;Jardim Tanguá;-25,371;-49,308;2025-03-12 00:50:00.0;0,00
ALMIRANTE TAMANDARÉ;410040006A;PR;Jardim Tanguá;-25,371;-49,308;2025-03-12 01:50:00.0;0,00
ALMIRANTE TAMANDARÉ;410040006A;PR;Jardim Tanguá;-25,371;-49,308;2025-03-12 02:50:00.0;0,00
ALMIRANTE TAMANDARÉ;410040006A;PR;Jardim Tanguá;-25,371;-49,308;2025-03-12 03:50:00.0;0,00
ALMIRANTE TAMANDARÉ;410040006A;PR;Jardim Tanguá;-25,371;-49,308;2025-03-12 04:50:00.0;0,00
ALMIRANTE TAMANDARÉ;410040006A;PR;Jardim Tanguá;-25,371;-49,308;2025-03-12 05:50:00.0;0,00
ALMIRANTE TAMANDARÉ;410040006A;PR;Jardim Tanguá;-25,371;-49,308;2025-03-12 06:50:00.0;0,00
ALMIRANTE TAMANDARÉ;410040006A;PR;Jardim Tanguá;-25,371;-49,308;2025-03-12 07:50:00.0;0,00
ALMIRANTE TAMANDARÉ;410040006A;PR;Jardim Tanguá;-25,371;-49,308;2025-03-12 08:50:00.0;0,00
ALMIRANTE TAMANDARÉ;410040006A;PR;Jardim Tanguá;-25,371;-49,308;2025-03-12 09:50:00.0;0,00
ALMIRANTE TAMANDARÉ;410040006A;PR;Jardim Tanguá;-25,371;-49,308;2025-03-12 10:50:00.0;0,00
ALMIRANTE TAMANDARÉ;410040006A;PR;Jardim Tanguá;-25,371;-49,308;2025-03-12 11:50:00.0;0,00
ALMIRANTE TAMANDARÉ;410040006A;PR;Jardim Tanguá;-25,371;-49,308;2025-03-12 12:50:00.0;0,00
ALMIRANTE TAMANDARÉ;410040006A;PR;Jardim Tanguá;-25,371;-49,308;2025-03-12 13:50:00.0;0,00
ALMIRANTE TAMANDARÉ;410040006A;PR;Jardim Tanguá;-25,371;-49,308;2025-03-12 14:50:00.0;0,00
ALMIRANTE TAMANDARÉ;410040006A;PR;Jardim Tanguá;-25,371;-49,308;2025-03-12 16:20:00.0;0,00
ALMIRANTE TAMANDARÉ;410040006A;PR;Jardim Tanguá;-25,371;-49,308;2025-03-12 16:50:00.0;0,00
ALMIRANTE TAMANDARÉ;410040006A;PR;Jardim Tanguá;-25,371;-49,308;2025-03-12 17:50:00.0;0,00
ALMIRANTE TAMANDARÉ;410040006A;PR;Jardim Tanguá;-25,371;-49,308;2025-03-12 18:50:00.0;0,00
ALMIRANTE TAMANDARÉ;410040006A;PR;Jardim Tanguá;-25,371;-49,308;2025-03-12 19:50:00.0;0,00
ALMIRANTE TAMANDARÉ;410040006A;PR;Jardim Tanguá;-25,371;-49,308;2025-03-12 20:50:00.0;0,00
ALMIRANTE TAMANDARÉ;410040006A;PR;Jardim Tanguá;-25,371;-49,308;2025-03-12 21:50:00.0;0,00
ALMIRANTE TAMANDARÉ;410040006A;PR;Jardim Tanguá;-25,371;-49,308;2025-03-12 22:50:00.0;0,00
ALMIRANTE TAMANDARÉ;410040006A;PR;Jardim Tanguá;-25,371;-49,308;2025-03-12 23:50:00.0;0,00
ALMIRANTE TAMANDARÉ;410040006A;PR;Jardim Tanguá;-25,371;-49,308;2025-03-13 00:50:00.0;0,00
ALMIRANTE TAMANDARÉ;410040006A;PR;Jardim Tanguá;-25,371;-49,308;2025-03-13 01:50:00.0;0,00
ALMIRANTE TAMANDARÉ;410040006A;PR;Jardim Tanguá;-25,371;-49,308;2025-03-13 02:50:00.0;0,00
ALMIRANTE TAMANDARÉ;410040006A;PR;Jardim Tanguá;-25,371;-49,308;2025-03-13 03:50:00.0;0,00
ALMIRANTE TAMANDARÉ;410040006A;PR;Jardim Tanguá;-25,371;-49,308;2025-03-13 04:50:00.0;0,00
ALMIRANTE TAMANDARÉ;410040006A;PR;Jardim Tanguá;-25,371;-49,308;2025-03-13 05:50:00.0;0,00
ALMIRANTE TAMANDARÉ;410040006A;PR;Jardim Tanguá;-25,371;-49,308;2025-03-13 06:50:00.0;0,00
ALMIRANTE TAMANDARÉ;410040006A;PR;Jardim Tanguá;-25,371;-49,308;2025-03-13 07:50:00.0;0,00
ALMIRANTE TAMANDARÉ;410040006A;PR;Jardim Tanguá;-25,371;-49,308;2025-03-13 08:50:00.0;0,00
ALMIRANTE TAMANDARÉ;410040006A;PR;Jardim Tanguá;-25,371;-49,308;2025-03-13 09:50:00.0;0,00
ALMIRANTE TAMANDARÉ;410040006A;PR;Jardim Tanguá;-25,371;-49,308;2025-03-13 10:50:00.0;0,00
ALMIRANTE TAMANDARÉ;410040006A;PR;Jardim Tanguá;-25,371;-49,308;2025-03-13 11:50:00.0;0,00
ALMIRANTE TAMANDARÉ;410040006A;PR;Jardim Tanguá;-25,371;-49,308;2025-03-13 12:50:00.0;0,00
ALMIRANTE TAMANDARÉ;410040006A;PR;Jardim Tanguá;-25,371;-49,308;2025-03-13 13:50:00.0;0,00
ALMIRANTE TAMANDARÉ;410040006A;PR;Jardim Tanguá;-25,371;-49,308;2025-03-13 17:20:00.0;0,00
ALMIRANTE TAMANDARÉ;410040006A;PR;Jardim Tanguá;-25,371;-49,308;2025-03-13 17:50:00.0;0,00
ALMIRANTE TAMANDARÉ;410040006A;PR;Jardim Tanguá;-25,371;-49,308;2025-03-13 18:50:00.0;0,00
ALMIRANTE TAMANDARÉ;410040006A;PR;Jardim Tanguá;-25,371;-49,308;2025-03-13 19:50:00.0;0,00
ALMIRANTE TAMANDARÉ;410040006A;PR;Jardim Tanguá;-25,371;-49,308;2025-03-13 20:50:00.0;0,00
ALMIRANTE TAMANDARÉ;410040006A;PR;Jardim Tanguá;-25,371;-49,308;2025-03-13 21:50:00.0;0,00
ALMIRANTE TAMANDARÉ;410040006A;PR;Jardim Tanguá;-25,371;-49,308;2025-03-13 22:50:00.0;0,00
ALMIRANTE TAMANDARÉ;410040006A;PR;Jardim Tanguá;-25,371;-49,308;2025-03-13 23:50:00.0;0,00
ALMIRANTE TAMANDARÉ;410040006A;PR;Jardim Tanguá;-25,371;-49,308;2025-03-14 00:50:00.0;0,00
ALMIRANTE TAMANDARÉ;410040006A;PR;Jardim Tanguá;-25,371;-49,308;2025-03-14 01:50:00.0;0,00
ALMIRANTE TAMANDARÉ;410040006A;PR;Jardim Tanguá;-25,371;-49,308;2025-03-14 02:50:00.0;0,00
ALMIRANTE TAMANDARÉ;410040006A;PR;Jardim Tanguá;-25,371;-49,308;2025-03-14 03:50:00.0;0,00
ALMIRANTE TAMANDARÉ;410040006A;PR;Jardim Tanguá;-25,371;-49,308;2025-03-14 04:50:00.0;0,00
ALMIRANTE TAMANDARÉ;410040006A;PR;Jardim Tanguá;-25,371;-49,308;2025-03-14 05:50:00.0;0,00
ALMIRANTE TAMANDARÉ;410040006A;PR;Jardim Tanguá;-25,371;-49,308;2025-03-14 06:50:00.0;0,00
ALMIRANTE TAMANDARÉ;410040006A;PR;Jardim Tanguá;-25,371;-49,308;2025-03-14 07:50:00.0;0,00
ALMIRANTE TAMANDARÉ;410040006A;PR;Jardim Tanguá;-25,371;-49,308;2025-03-14 08:50:00.0;0,00
ALMIRANTE TAMANDARÉ;410040006A;PR;Jardim Tanguá;-25,371;-49,308;2025-03-14 09:50:00.0;0,00
ALMIRANTE TAMANDARÉ;410040006A;PR;Jardim Tanguá;-25,371;-49,308;2025-03-14 10:50:00.0;0,00
ALMIRANTE TAMANDARÉ;410040006A;PR;Jardim Tanguá;-25,371;-49,308;2025-03-14 11:50:00.0;0,00
ALMIRANTE TAMANDARÉ;410040006A;PR;Jardim Tanguá;-25,371;-49,308;2025-03-14 12:50:00.0;0,00
ALMIRANTE TAMANDARÉ;410040006A;PR;Jardim Tanguá;-25,371;-49,308;2025-03-14 13:50:00.0;0,00
ALMIRANTE TAMANDARÉ;410040006A;PR;Jardim Tanguá;-25,371;-49,308;2025-03-14 14:50:00.0;0,00
ALMIRANTE TAMANDARÉ;410040006A;PR;Jardim Tanguá;-25,371;-49,308;2025-03-14 16:10:00.0;0,00
ALMIRANTE TAMANDARÉ;410040006A;PR;Jardim Tanguá;-25,371;-49,308;2025-03-14 16:50:00.0;0,00
ALMIRANTE TAMANDARÉ;410040006A;PR;Jardim Tanguá;-25,371;-49,308;2025-03-14 20:00:00.0;0,00
ALMIRANTE TAMANDARÉ;410040006A;PR;Jardim Tanguá;-25,371;-49,308;2025-03-14 20:50:00.0;0,00
ALMIRANTE TAMANDARÉ;410040006A;PR;Jardim Tanguá;-25,371;-49,308;2025-03-14 21:50:00.0;0,00
ALMIRANTE TAMANDARÉ;410040006A;PR;Jardim Tanguá;-25,371;-49,308;2025-03-14 22:50:00.0;0,00
ALMIRANTE TAMANDARÉ;410040006A;PR;Jardim Tanguá;-25,371;-49,308;2025-03-14 23:50:00.0;0,00
ALMIRANTE TAMANDARÉ;410040006A;PR;Jardim Tanguá;-25,371;-49,308;2025-03-15 00:50:00.0;0,00
ALMIRANTE TAMANDARÉ;410040006A;PR;Jardim Tanguá;-25,371;-49,308;2025-03-15 01:50:00.0;0,00
ALMIRANTE TAMANDARÉ;410040006A;PR;Jardim Tanguá;-25,371;-49,308;2025-03-15 02:50:00.0;0,00
ALMIRANTE TAMANDARÉ;410040006A;PR;Jardim Tanguá;-25,371;-49,308;2025-03-15 03:50:00.0;0,00
ALMIRANTE TAMANDARÉ;410040006A;PR;Jardim Tanguá;-25,371;-49,308;2025-03-15 04:50:00.0;0,00
ALMIRANTE TAMANDARÉ;410040006A;PR;Jardim Tanguá;-25,371;-49,308;2025-03-15 05:50:00.0;0,00
ALMIRANTE TAMANDARÉ;410040006A;PR;Jardim Tanguá;-25,371;-49,308;2025-03-15 06:50:00.0;0,00
ALMIRANTE TAMANDARÉ;410040006A;PR;Jardim Tanguá;-25,371;-49,308;2025-03-15 07:50:00.0;0,00
ALMIRANTE TAMANDARÉ;410040006A;PR;Jardim Tanguá;-25,371;-49,308;2025-03-15 08:50:00.0;0,00
ALMIRANTE TAMANDARÉ;410040006A;PR;Jardim Tanguá;-25,371;-49,308;2025-03-15 09:50:00.0;0,00
ALMIRANTE TAMANDARÉ;410040006A;PR;Jardim Tanguá;-25,371;-49,308;2025-03-15 10:50:00.0;0,00
ALMIRANTE TAMANDARÉ;410040006A;PR;Jardim Tanguá;-25,371;-49,308;2025-03-15 11:50:00.0;0,00
ALMIRANTE TAMANDARÉ;410040006A;PR;Jardim Tanguá;-25,371;-49,308;2025-03-15 12:50:00.0;0,00
ALMIRANTE TAMANDARÉ;410040006A;PR;Jardim Tanguá;-25,371;-49,308;2025-03-15 13:50:00.0;0,00
ALMIRANTE TAMANDARÉ;410040006A;PR;Jardim Tanguá;-25,371;-49,308;2025-03-15 14:50:00.0;0,00
ALMIRANTE TAMANDARÉ;410040006A;PR;Jardim Tanguá;-25,371;-49,308;2025-03-15 16:30:00.0;0,00
ALMIRANTE TAMANDARÉ;410040006A;PR;Jardim Tanguá;-25,371;-49,308;2025-03-15 16:50:00.0;0,00
ALMIRANTE TAMANDARÉ;410040006A;PR;Jardim Tanguá;-25,371;-49,308;2025-03-15 17:50:00.0;0,00
ALMIRANTE TAMANDARÉ;410040006A;PR;Jardim Tanguá;-25,371;-49,308;2025-03-15 18:50:00.0;0,00
ALMIRANTE TAMANDARÉ;410040006A;PR;Jardim Tanguá;-25,371;-49,308;2025-03-15 19:50:00.0;0,00
ALMIRANTE TAMANDARÉ;410040006A;PR;Jardim Tanguá;-25,371;-49,308;2025-03-15 20:50:00.0;0,00
ALMIRANTE TAMANDARÉ;410040006A;PR;Jardim Tanguá;-25,371;-49,308;2025-03-15 21:50:00.0;0,00
ALMIRANTE TAMANDARÉ;410040006A;PR;Jardim Tanguá;-25,371;-49,308;2025-03-15 22:50:00.0;0,00
ALMIRANTE TAMANDARÉ;410040006A;PR;Jardim Tanguá;-25,371;-49,308;2025-03-15 23:50:00.0;0,00
ALMIRANTE TAMANDARÉ;410040006A;PR;Jardim Tanguá;-25,371;-49,308;2025-03-16 00:50:00.0;0,00
ALMIRANTE TAMANDARÉ;410040006A;PR;Jardim Tanguá;-25,371;-49,308;2025-03-16 01:50:00.0;0,00
ALMIRANTE TAMANDARÉ;410040006A;PR;Jardim Tanguá;-25,371;-49,308;2025-03-16 02:50:00.0;0,00
ALMIRANTE TAMANDARÉ;410040006A;PR;Jardim Tanguá;-25,371;-49,308;2025-03-16 03:50:00.0;0,00
ALMIRANTE TAMANDARÉ;410040006A;PR;Jardim Tanguá;-25,371;-49,308;2025-03-16 04:50:00.0;0,00
ALMIRANTE TAMANDARÉ;410040006A;PR;Jardim Tanguá;-25,371;-49,308;2025-03-16 05:50:00.0;0,00
ALMIRANTE TAMANDARÉ;410040006A;PR;Jardim Tanguá;-25,371;-49,308;2025-03-16 06:50:00.0;0,00
ALMIRANTE TAMANDARÉ;410040006A;PR;Jardim Tanguá;-25,371;-49,308;2025-03-16 07:50:00.0;0,00
ALMIRANTE TAMANDARÉ;410040006A;PR;Jardim Tanguá;-25,371;-49,308;2025-03-16 08:50:00.0;0,00
ALMIRANTE TAMANDARÉ;410040006A;PR;Jardim Tanguá;-25,371;-49,308;2025-03-16 09:50:00.0;0,00
ALMIRANTE TAMANDARÉ;410040006A;PR;Jardim Tanguá;-25,371;-49,308;2025-03-16 10:50:00.0;0,00
ALMIRANTE TAMANDARÉ;410040006A;PR;Jardim Tanguá;-25,371;-49,308;2025-03-16 11:50:00.0;0,00
ALMIRANTE TAMANDARÉ;410040006A;PR;Jardim Tanguá;-25,371;-49,308;2025-03-16 12:50:00.0;0,00
ALMIRANTE TAMANDARÉ;410040006A;PR;Jardim Tanguá;-25,371;-49,308;2025-03-16 13:50:00.0;0,00
ALMIRANTE TAMANDARÉ;410040006A;PR;Jardim Tanguá;-25,371;-49,308;2025-03-16 14:50:00.0;0,00
ALMIRANTE TAMANDARÉ;410040006A;PR;Jardim Tanguá;-25,371;-49,308;2025-03-16 16:10:00.0;0,00
ALMIRANTE TAMANDARÉ;410040006A;PR;Jardim Tanguá;-25,371;-49,308;2025-03-16 16:50:00.0;0,00
ALMIRANTE TAMANDARÉ;410040006A;PR;Jardim Tanguá;-25,371;-49,308;2025-03-16 17:50:00.0;0,00
ALMIRANTE TAMANDARÉ;410040006A;PR;Jardim Tanguá;-25,371;-49,308;2025-03-16 18:50:00.0;0,00
ALMIRANTE TAMANDARÉ;410040006A;PR;Jardim Tanguá;-25,371;-49,308;2025-03-16 19:50:00.0;0,00
ALMIRANTE TAMANDARÉ;410040006A;PR;Jardim Tanguá;-25,371;-49,308;2025-03-16 20:50:00.0;0,00
ALMIRANTE TAMANDARÉ;410040006A;PR;Jardim Tanguá;-25,371;-49,308;2025-03-16 21:50:00.0;0,00
ALMIRANTE TAMANDARÉ;410040006A;PR;Jardim Tanguá;-25,371;-49,308;2025-03-16 22:50:00.0;0,00
ALMIRANTE TAMANDARÉ;410040006A;PR;Jardim Tanguá;-25,371;-49,308;2025-03-16 23:50:00.0;0,00
ALMIRANTE TAMANDARÉ;410040006A;PR;Jardim Tanguá;-25,371;-49,308;2025-03-17 00:50:00.0;0,00
ALMIRANTE TAMANDARÉ;410040006A;PR;Jardim Tanguá;-25,371;-49,308;2025-03-17 01:50:00.0;0,00
ALMIRANTE TAMANDARÉ;410040006A;PR;Jardim Tanguá;-25,371;-49,308;2025-03-17 02:50:00.0;0,00
ALMIRANTE TAMANDARÉ;410040006A;PR;Jardim Tanguá;-25,371;-49,308;2025-03-17 03:50:00.0;0,00
ALMIRANTE TAMANDARÉ;410040006A;PR;Jardim Tanguá;-25,371;-49,308;2025-03-17 04:50:00.0;0,00
ALMIRANTE TAMANDARÉ;410040006A;PR;Jardim Tanguá;-25,371;-49,308;2025-03-17 05:50:00.0;0,00
ALMIRANTE TAMANDARÉ;410040006A;PR;Jardim Tanguá;-25,371;-49,308;2025-03-17 06:50:00.0;0,00
ALMIRANTE TAMANDARÉ;410040006A;PR;Jardim Tanguá;-25,371;-49,308;2025-03-17 07:50:00.0;0,00
ALMIRANTE TAMANDARÉ;410040006A;PR;Jardim Tanguá;-25,371;-49,308;2025-03-17 08:50:00.0;0,00
ALMIRANTE TAMANDARÉ;410040006A;PR;Jardim Tanguá;-25,371;-49,308;2025-03-17 09:50:00.0;0,00
ALMIRANTE TAMANDARÉ;410040006A;PR;Jardim Tanguá;-25,371;-49,308;2025-03-17 10:50:00.0;0,00
ALMIRANTE TAMANDARÉ;410040006A;PR;Jardim Tanguá;-25,371;-49,308;2025-03-17 11:50:00.0;0,00
ALMIRANTE TAMANDARÉ;410040006A;PR;Jardim Tanguá;-25,371;-49,308;2025-03-17 12:50:00.0;0,00
ALMIRANTE TAMANDARÉ;410040006A;PR;Jardim Tanguá;-25,371;-49,308;2025-03-17 13:50:00.0;0,00
ALMIRANTE TAMANDARÉ;410040006A;PR;Jardim Tanguá;-25,371;-49,308;2025-03-17 14:50:00.0;0,00
ALMIRANTE TAMANDARÉ;410040006A;PR;Jardim Tanguá;-25,371;-49,308;2025-03-17 15:50:00.0;0,00
ALMIRANTE TAMANDARÉ;410040006A;PR;Jardim Tanguá;-25,371;-49,308;2025-03-17 16:50:00.0;0,00
ALMIRANTE TAMANDARÉ;410040006A;PR;Jardim Tanguá;-25,371;-49,308;2025-03-17 17:50:00.0;0,00
ALMIRANTE TAMANDARÉ;410040006A;PR;Jardim Tanguá;-25,371;-49,308;2025-03-17 18:50:00.0;0,00
ALMIRANTE TAMANDARÉ;410040006A;PR;Jardim Tanguá;-25,371;-49,308;2025-03-17 19:50:00.0;0,00
ALMIRANTE TAMANDARÉ;410040006A;PR;Jardim Tanguá;-25,371;-49,308;2025-03-17 20:50:00.0;0,00
ALMIRANTE TAMANDARÉ;410040006A;PR;Jardim Tanguá;-25,371;-49,308;2025-03-17 22:10:00.0;0,00
ALMIRANTE TAMANDARÉ;410040006A;PR;Jardim Tanguá;-25,371;-49,308;2025-03-17 22:50:00.0;0,00
ALMIRANTE TAMANDARÉ;410040006A;PR;Jardim Tanguá;-25,371;-49,308;2025-03-17 23:50:00.0;0,00
ALMIRANTE TAMANDARÉ;410040006A;PR;Jardim Tanguá;-25,371;-49,308;2025-03-18 00:50:00.0;0,00
ALMIRANTE TAMANDARÉ;410040006A;PR;Jardim Tanguá;-25,371;-49,308;2025-03-18 01:50:00.0;0,00
ALMIRANTE TAMANDARÉ;410040006A;PR;Jardim Tanguá;-25,371;-49,308;2025-03-18 02:50:00.0;0,00
ALMIRANTE TAMANDARÉ;410040006A;PR;Jardim Tanguá;-25,371;-49,308;2025-03-18 03:50:00.0;0,00
ALMIRANTE TAMANDARÉ;410040006A;PR;Jardim Tanguá;-25,371;-49,308;2025-03-18 04:50:00.0;0,00
ALMIRANTE TAMANDARÉ;410040006A;PR;Jardim Tanguá;-25,371;-49,308;2025-03-18 05:50:00.0;0,00
ALMIRANTE TAMANDARÉ;410040006A;PR;Jardim Tanguá;-25,371;-49,308;2025-03-18 06:50:00.0;0,00
ALMIRANTE TAMANDARÉ;410040006A;PR;Jardim Tanguá;-25,371;-49,308;2025-03-18 07:50:00.0;0,00
ALMIRANTE TAMANDARÉ;410040006A;PR;Jardim Tanguá;-25,371;-49,308;2025-03-18 08:50:00.0;0,00
ALMIRANTE TAMANDARÉ;410040006A;PR;Jardim Tanguá;-25,371;-49,308;2025-03-18 09:50:00.0;0,00
ALMIRANTE TAMANDARÉ;410040006A;PR;Jardim Tanguá;-25,371;-49,308;2025-03-18 10:50:00.0;0,00
ALMIRANTE TAMANDARÉ;410040006A;PR;Jardim Tanguá;-25,371;-49,308;2025-03-18 11:50:00.0;0,00
ALMIRANTE TAMANDARÉ;410040006A;PR;Jardim Tanguá;-25,371;-49,308;2025-03-18 12:50:00.0;0,00
ALMIRANTE TAMANDARÉ;410040006A;PR;Jardim Tanguá;-25,371;-49,308;2025-03-18 13:50:00.0;0,00
ALMIRANTE TAMANDARÉ;410040006A;PR;Jardim Tanguá;-25,371;-49,308;2025-03-18 14:50:00.0;0,00
ALMIRANTE TAMANDARÉ;410040006A;PR;Jardim Tanguá;-25,371;-49,308;2025-03-18 16:20:00.0;0,00
ALMIRANTE TAMANDARÉ;410040006A;PR;Jardim Tanguá;-25,371;-49,308;2025-03-18 16:50:00.0;0,00
ALMIRANTE TAMANDARÉ;410040006A;PR;Jardim Tanguá;-25,371;-49,308;2025-03-18 17:50:00.0;0,00
ALMIRANTE TAMANDARÉ;410040006A;PR;Jardim Tanguá;-25,371;-49,308;2025-03-18 18:50:00.0;0,00
ALMIRANTE TAMANDARÉ;410040006A;PR;Jardim Tanguá;-25,371;-49,308;2025-03-18 19:50:00.0;0,00
ALMIRANTE TAMANDARÉ;410040006A;PR;Jardim Tanguá;-25,371;-49,308;2025-03-18 20:50:00.0;0,00
ALMIRANTE TAMANDARÉ;410040006A;PR;Jardim Tanguá;-25,371;-49,308;2025-03-18 21:50:00.0;0,00
ALMIRANTE TAMANDARÉ;410040006A;PR;Jardim Tanguá;-25,371;-49,308;2025-03-18 22:50:00.0;0,00
ALMIRANTE TAMANDARÉ;410040006A;PR;Jardim Tanguá;-25,371;-49,308;2025-03-18 23:50:00.0;0,00
ALMIRANTE TAMANDARÉ;410040006A;PR;Jardim Tanguá;-25,371;-49,308;2025-03-19 00:50:00.0;0,00
ALMIRANTE TAMANDARÉ;410040006A;PR;Jardim Tanguá;-25,371;-49,308;2025-03-19 01:50:00.0;0,00
ALMIRANTE TAMANDARÉ;410040006A;PR;Jardim Tanguá;-25,371;-49,308;2025-03-19 02:50:00.0;0,00
ALMIRANTE TAMANDARÉ;410040006A;PR;Jardim Tanguá;-25,371;-49,308;2025-03-19 03:50:00.0;0,00
ALMIRANTE TAMANDARÉ;410040006A;PR;Jardim Tanguá;-25,371;-49,308;2025-03-19 04:50:00.0;0,00
ALMIRANTE TAMANDARÉ;410040006A;PR;Jardim Tanguá;-25,371;-49,308;2025-03-19 05:50:00.0;0,00
ALMIRANTE TAMANDARÉ;410040006A;PR;Jardim Tanguá;-25,371;-49,308;2025-03-19 06:50:00.0;0,00
ALMIRANTE TAMANDARÉ;410040006A;PR;Jardim Tanguá;-25,371;-49,308;2025-03-19 07:50:00.0;0,00
ALMIRANTE TAMANDARÉ;410040006A;PR;Jardim Tanguá;-25,371;-49,308;2025-03-19 08:50:00.0;0,00
ALMIRANTE TAMANDARÉ;410040006A;PR;Jardim Tanguá;-25,371;-49,308;2025-03-19 09:50:00.0;0,00
ALMIRANTE TAMANDARÉ;410040006A;PR;Jardim Tanguá;-25,371;-49,308;2025-03-19 10:50:00.0;0,00
ALMIRANTE TAMANDARÉ;410040006A;PR;Jardim Tanguá;-25,371;-49,308;2025-03-19 11:50:00.0;0,00
ALMIRANTE TAMANDARÉ;410040006A;PR;Jardim Tanguá;-25,371;-49,308;2025-03-19 12:50:00.0;0,00
ALMIRANTE TAMANDARÉ;410040006A;PR;Jardim Tanguá;-25,371;-49,308;2025-03-19 13:50:00.0;0,00
ALMIRANTE TAMANDARÉ;410040006A;PR;Jardim Tanguá;-25,371;-49,308;2025-03-19 14:50:00.0;0,00
ALMIRANTE TAMANDARÉ;410040006A;PR;Jardim Tanguá;-25,371;-49,308;2025-03-19 16:20:00.0;0,00
ALMIRANTE TAMANDARÉ;410040006A;PR;Jardim Tanguá;-25,371;-49,308;2025-03-19 16:50:00.0;0,00
ALMIRANTE TAMANDARÉ;410040006A;PR;Jardim Tanguá;-25,371;-49,308;2025-03-19 17:50:00.0;0,00
ALMIRANTE TAMANDARÉ;410040006A;PR;Jardim Tanguá;-25,371;-49,308;2025-03-19 18:50:00.0;0,00
ALMIRANTE TAMANDARÉ;410040006A;PR;Jardim Tanguá;-25,371;-49,308;2025-03-19 19:50:00.0;0,00
ALMIRANTE TAMANDARÉ;410040006A;PR;Jardim Tanguá;-25,371;-49,308;2025-03-19 20:50:00.0;0,00
ALMIRANTE TAMANDARÉ;410040006A;PR;Jardim Tanguá;-25,371;-49,308;2025-03-19 21:50:00.0;0,00
ALMIRANTE TAMANDARÉ;410040006A;PR;Jardim Tanguá;-25,371;-49,308;2025-03-19 22:50:00.0;0,00
ALMIRANTE TAMANDARÉ;410040006A;PR;Jardim Tanguá;-25,371;-49,308;2025-03-19 23:50:00.0;0,00
ALMIRANTE TAMANDARÉ;410040006A;PR;Jardim Tanguá;-25,371;-49,308;2025-03-20 00:50:00.0;0,00
ALMIRANTE TAMANDARÉ;410040006A;PR;Jardim Tanguá;-25,371;-49,308;2025-03-20 01:50:00.0;0,00
ALMIRANTE TAMANDARÉ;410040006A;PR;Jardim Tanguá;-25,371;-49,308;2025-03-20 02:50:00.0;0,00
ALMIRANTE TAMANDARÉ;410040006A;PR;Jardim Tanguá;-25,371;-49,308;2025-03-20 03:50:00.0;0,00
ALMIRANTE TAMANDARÉ;410040006A;PR;Jardim Tanguá;-25,371;-49,308;2025-03-20 04:50:00.0;0,00
ALMIRANTE TAMANDARÉ;410040006A;PR;Jardim Tanguá;-25,371;-49,308;2025-03-20 05:50:00.0;0,00
ALMIRANTE TAMANDARÉ;410040006A;PR;Jardim Tanguá;-25,371;-49,308;2025-03-20 06:50:00.0;0,00
ALMIRANTE TAMANDARÉ;410040006A;PR;Jardim Tanguá;-25,371;-49,308;2025-03-20 07:50:00.0;0,00
ALMIRANTE TAMANDARÉ;410040006A;PR;Jardim Tanguá;-25,371;-49,308;2025-03-20 08:50:00.0;0,00
ALMIRANTE TAMANDARÉ;410040006A;PR;Jardim Tanguá;-25,371;-49,308;2025-03-20 09:50:00.0;0,00
ALMIRANTE TAMANDARÉ;410040006A;PR;Jardim Tanguá;-25,371;-49,308;2025-03-20 10:50:00.0;0,00
ALMIRANTE TAMANDARÉ;410040006A;PR;Jardim Tanguá;-25,371;-49,308;2025-03-20 11:50:00.0;0,00
ALMIRANTE TAMANDARÉ;410040006A;PR;Jardim Tanguá;-25,371;-49,308;2025-03-20 12:50:00.0;0,00
ALMIRANTE TAMANDARÉ;410040006A;PR;Jardim Tanguá;-25,371;-49,308;2025-03-20 13:50:00.0;0,00
ALMIRANTE TAMANDARÉ;410040006A;PR;Jardim Tanguá;-25,371;-49,308;2025-03-20 14:50:00.0;0,00
ALMIRANTE TAMANDARÉ;410040006A;PR;Jardim Tanguá;-25,371;-49,308;2025-03-20 16:10:00.0;0,00
ALMIRANTE TAMANDARÉ;410040006A;PR;Jardim Tanguá;-25,371;-49,308;2025-03-20 16:50:00.0;0,00
ALMIRANTE TAMANDARÉ;410040006A;PR;Jardim Tanguá;-25,371;-49,308;2025-03-20 17:50:00.0;0,00
ALMIRANTE TAMANDARÉ;410040006A;PR;Jardim Tanguá;-25,371;-49,308;2025-03-20 18:50:00.0;0,00
ALMIRANTE TAMANDARÉ;410040006A;PR;Jardim Tanguá;-25,371;-49,308;2025-03-20 19:50:00.0;0,00
ALMIRANTE TAMANDARÉ;410040006A;PR;Jardim Tanguá;-25,371;-49,308;2025-03-20 20:50:00.0;0,00
ALMIRANTE TAMANDARÉ;410040006A;PR;Jardim Tanguá;-25,371;-49,308;2025-03-20 21:50:00.0;0,00
ALMIRANTE TAMANDARÉ;410040006A;PR;Jardim Tanguá;-25,371;-49,308;2025-03-20 22:50:00.0;0,00
ALMIRANTE TAMANDARÉ;410040006A;PR;Jardim Tanguá;-25,371;-49,308;2025-03-20 23:50:00.0;0,00
ALMIRANTE TAMANDARÉ;410040006A;PR;Jardim Tanguá;-25,371;-49,308;2025-03-21 00:50:00.0;0,00
ALMIRANTE TAMANDARÉ;410040006A;PR;Jardim Tanguá;-25,371;-49,308;2025-03-21 01:50:00.0;0,00
ALMIRANTE TAMANDARÉ;410040006A;PR;Jardim Tanguá;-25,371;-49,308;2025-03-21 02:50:00.0;0,00
ALMIRANTE TAMANDARÉ;410040006A;PR;Jardim Tanguá;-25,371;-49,308;2025-03-21 03:50:00.0;0,00
ALMIRANTE TAMANDARÉ;410040006A;PR;Jardim Tanguá;-25,371;-49,308;2025-03-21 04:50:00.0;0,00
ALMIRANTE TAMANDARÉ;410040006A;PR;Jardim Tanguá;-25,371;-49,308;2025-03-21 05:50:00.0;0,00
ALMIRANTE TAMANDARÉ;410040006A;PR;Jardim Tanguá;-25,371;-49,308;2025-03-21 06:50:00.0;0,00
ALMIRANTE TAMANDARÉ;410040006A;PR;Jardim Tanguá;-25,371;-49,308;2025-03-21 07:50:00.0;0,00
ALMIRANTE TAMANDARÉ;410040006A;PR;Jardim Tanguá;-25,371;-49,308;2025-03-21 08:50:00.0;0,00
ALMIRANTE TAMANDARÉ;410040006A;PR;Jardim Tanguá;-25,371;-49,308;2025-03-21 09:50:00.0;0,00
ALMIRANTE TAMANDARÉ;410040006A;PR;Jardim Tanguá;-25,371;-49,308;2025-03-21 10:50:00.0;0,00
ALMIRANTE TAMANDARÉ;410040006A;PR;Jardim Tanguá;-25,371;-49,308;2025-03-21 11:50:00.0;0,00
ALMIRANTE TAMANDARÉ;410040006A;PR;Jardim Tanguá;-25,371;-49,308;2025-03-21 12:50:00.0;0,00
ALMIRANTE TAMANDARÉ;410040006A;PR;Jardim Tanguá;-25,371;-49,308;2025-03-21 13:50:00.0;0,00
ALMIRANTE TAMANDARÉ;410040006A;PR;Jardim Tanguá;-25,371;-49,308;2025-03-21 14:50:00.0;0,00
ALMIRANTE TAMANDARÉ;410040006A;PR;Jardim Tanguá;-25,371;-49,308;2025-03-21 16:20:00.0;0,00
ALMIRANTE TAMANDARÉ;410040006A;PR;Jardim Tanguá;-25,371;-49,308;2025-03-21 16:50:00.0;0,00
ALMIRANTE TAMANDARÉ;410040006A;PR;Jardim Tanguá;-25,371;-49,308;2025-03-21 17:50:00.0;0,00
ALMIRANTE TAMANDARÉ;410040006A;PR;Jardim Tanguá;-25,371;-49,308;2025-03-21 18:50:00.0;0,00
ALMIRANTE TAMANDARÉ;410040006A;PR;Jardim Tanguá;-25,371;-49,308;2025-03-21 19:50:00.0;0,00
ALMIRANTE TAMANDARÉ;410040006A;PR;Jardim Tanguá;-25,371;-49,308;2025-03-21 20:50:00.0;0,00
ALMIRANTE TAMANDARÉ;410040006A;PR;Jardim Tanguá;-25,371;-49,308;2025-03-21 21:50:00.0;0,00
ALMIRANTE TAMANDARÉ;410040006A;PR;Jardim Tanguá;-25,371;-49,308;2025-03-21 22:50:00.0;0,00
ALMIRANTE TAMANDARÉ;410040006A;PR;Jardim Tanguá;-25,371;-49,308;2025-03-21 23:50:00.0;0,00
ALMIRANTE TAMANDARÉ;410040006A;PR;Jardim Tanguá;-25,371;-49,308;2025-03-22 00:50:00.0;0,00
ALMIRANTE TAMANDARÉ;410040006A;PR;Jardim Tanguá;-25,371;-49,308;2025-03-22 01:50:00.0;0,00
ALMIRANTE TAMANDARÉ;410040006A;PR;Jardim Tanguá;-25,371;-49,308;2025-03-22 02:50:00.0;0,00
ALMIRANTE TAMANDARÉ;410040006A;PR;Jardim Tanguá;-25,371;-49,308;2025-03-22 03:50:00.0;0,00
ALMIRANTE TAMANDARÉ;410040006A;PR;Jardim Tanguá;-25,371;-49,308;2025-03-22 04:50:00.0;0,00
ALMIRANTE TAMANDARÉ;410040006A;PR;Jardim Tanguá;-25,371;-49,308;2025-03-22 05:50:00.0;0,00
ALMIRANTE TAMANDARÉ;410040006A;PR;Jardim Tanguá;-25,371;-49,308;2025-03-22 06:50:00.0;0,00
ALMIRANTE TAMANDARÉ;410040006A;PR;Jardim Tanguá;-25,371;-49,308;2025-03-22 07:50:00.0;0,00
ALMIRANTE TAMANDARÉ;410040006A;PR;Jardim Tanguá;-25,371;-49,308;2025-03-22 08:50:00.0;0,00
ALMIRANTE TAMANDARÉ;410040006A;PR;Jardim Tanguá;-25,371;-49,308;2025-03-22 09:50:00.0;0,00
ALMIRANTE TAMANDARÉ;410040006A;PR;Jardim Tanguá;-25,371;-49,308;2025-03-22 10:50:00.0;0,00
ALMIRANTE TAMANDARÉ;410040006A;PR;Jardim Tanguá;-25,371;-49,308;2025-03-22 11:50:00.0;0,00
ALMIRANTE TAMANDARÉ;410040006A;PR;Jardim Tanguá;-25,371;-49,308;2025-03-22 12:50:00.0;0,00
ALMIRANTE TAMANDARÉ;410040006A;PR;Jardim Tanguá;-25,371;-49,308;2025-03-22 13:50:00.0;0,00
ALMIRANTE TAMANDARÉ;410040006A;PR;Jardim Tanguá;-25,371;-49,308;2025-03-22 14:50:00.0;0,00
ALMIRANTE TAMANDARÉ;410040006A;PR;Jardim Tanguá;-25,371;-49,308;2025-03-22 16:20:00.0;0,00
ALMIRANTE TAMANDARÉ;410040006A;PR;Jardim Tanguá;-25,371;-49,308;2025-03-22 16:50:00.0;0,00
ALMIRANTE TAMANDARÉ;410040006A;PR;Jardim Tanguá;-25,371;-49,308;2025-03-22 17:50:00.0;0,00
ALMIRANTE TAMANDARÉ;410040006A;PR;Jardim Tanguá;-25,371;-49,308;2025-03-22 18:50:00.0;0,00
ALMIRANTE TAMANDARÉ;410040006A;PR;Jardim Tanguá;-25,371;-49,308;2025-03-22 19:50:00.0;0,00
ALMIRANTE TAMANDARÉ;410040006A;PR;Jardim Tanguá;-25,371;-49,308;2025-03-22 20:50:00.0;0,00
ALMIRANTE TAMANDARÉ;410040006A;PR;Jardim Tanguá;-25,371;-49,308;2025-03-22 21:50:00.0;0,00
ALMIRANTE TAMANDARÉ;410040006A;PR;Jardim Tanguá;-25,371;-49,308;2025-03-22 22:50:00.0;0,00
ALMIRANTE TAMANDARÉ;410040006A;PR;Jardim Tanguá;-25,371;-49,308;2025-03-22 23:50:00.0;0,00
ALMIRANTE TAMANDARÉ;410040006A;PR;Jardim Tanguá;-25,371;-49,308;2025-03-23 00:50:00.0;0,00
ALMIRANTE TAMANDARÉ;410040006A;PR;Jardim Tanguá;-25,371;-49,308;2025-03-23 01:50:00.0;0,00
ALMIRANTE TAMANDARÉ;410040006A;PR;Jardim Tanguá;-25,371;-49,308;2025-03-23 02:50:00.0;0,00
ALMIRANTE TAMANDARÉ;410040006A;PR;Jardim Tanguá;-25,371;-49,308;2025-03-23 03:50:00.0;0,00
ALMIRANTE TAMANDARÉ;410040006A;PR;Jardim Tanguá;-25,371;-49,308;2025-03-23 04:50:00.0;0,00
ALMIRANTE TAMANDARÉ;410040006A;PR;Jardim Tanguá;-25,371;-49,308;2025-03-23 05:50:00.0;0,00
ALMIRANTE TAMANDARÉ;410040006A;PR;Jardim Tanguá;-25,371;-49,308;2025-03-23 06:50:00.0;0,00
ALMIRANTE TAMANDARÉ;410040006A;PR;Jardim Tanguá;-25,371;-49,308;2025-03-23 07:50:00.0;0,00
ALMIRANTE TAMANDARÉ;410040006A;PR;Jardim Tanguá;-25,371;-49,308;2025-03-23 08:50:00.0;0,00
ALMIRANTE TAMANDARÉ;410040006A;PR;Jardim Tanguá;-25,371;-49,308;2025-03-23 09:50:00.0;0,00
ALMIRANTE TAMANDARÉ;410040006A;PR;Jardim Tanguá;-25,371;-49,308;2025-03-23 10:50:00.0;0,00
ALMIRANTE TAMANDARÉ;410040006A;PR;Jardim Tanguá;-25,371;-49,308;2025-03-23 11:50:00.0;0,00
ALMIRANTE TAMANDARÉ;410040006A;PR;Jardim Tanguá;-25,371;-49,308;2025-03-23 12:50:00.0;0,00
ALMIRANTE TAMANDARÉ;410040006A;PR;Jardim Tanguá;-25,371;-49,308;2025-03-23 14:00:00.0;0,00
ALMIRANTE TAMANDARÉ;410040006A;PR;Jardim Tanguá;-25,371;-49,308;2025-03-23 14:50:00.0;0,00
ALMIRANTE TAMANDARÉ;410040006A;PR;Jardim Tanguá;-25,371;-49,308;2025-03-23 17:50:00.0;0,00
ALMIRANTE TAMANDARÉ;410040006A;PR;Jardim Tanguá;-25,371;-49,308;2025-03-23 18:50:00.0;0,00
ALMIRANTE TAMANDARÉ;410040006A;PR;Jardim Tanguá;-25,371;-49,308;2025-03-23 19:50:00.0;0,00
ALMIRANTE TAMANDARÉ;410040006A;PR;Jardim Tanguá;-25,371;-49,308;2025-03-23 20:50:00.0;0,00
ALMIRANTE TAMANDARÉ;410040006A;PR;Jardim Tanguá;-25,371;-49,308;2025-03-23 21:50:00.0;0,00
ALMIRANTE TAMANDARÉ;410040006A;PR;Jardim Tanguá;-25,371;-49,308;2025-03-23 22:50:00.0;0,00
ALMIRANTE TAMANDARÉ;410040006A;PR;Jardim Tanguá;-25,371;-49,308;2025-03-23 23:50:00.0;0,00
ALMIRANTE TAMANDARÉ;410040006A;PR;Jardim Tanguá;-25,371;-49,308;2025-03-24 00:50:00.0;0,00
ALMIRANTE TAMANDARÉ;410040006A;PR;Jardim Tanguá;-25,371;-49,308;2025-03-24 01:50:00.0;0,00
ALMIRANTE TAMANDARÉ;410040006A;PR;Jardim Tanguá;-25,371;-49,308;2025-03-24 02:50:00.0;0,00
ALMIRANTE TAMANDARÉ;410040006A;PR;Jardim Tanguá;-25,371;-49,308;2025-03-24 03:50:00.0;0,00
ALMIRANTE TAMANDARÉ;410040006A;PR;Jardim Tanguá;-25,371;-49,308;2025-03-24 04:50:00.0;0,00
ALMIRANTE TAMANDARÉ;410040006A;PR;Jardim Tanguá;-25,371;-49,308;2025-03-24 05:50:00.0;0,00
ALMIRANTE TAMANDARÉ;410040006A;PR;Jardim Tanguá;-25,371;-49,308;2025-03-24 06:50:00.0;0,00
ALMIRANTE TAMANDARÉ;410040006A;PR;Jardim Tanguá;-25,371;-49,308;2025-03-24 07:50:00.0;0,00
ALMIRANTE TAMANDARÉ;410040006A;PR;Jardim Tanguá;-25,371;-49,308;2025-03-24 08:50:00.0;0,00
ALMIRANTE TAMANDARÉ;410040006A;PR;Jardim Tanguá;-25,371;-49,308;2025-03-24 09:50:00.0;0,00
ALMIRANTE TAMANDARÉ;410040006A;PR;Jardim Tanguá;-25,371;-49,308;2025-03-24 10:50:00.0;0,00
ALMIRANTE TAMANDARÉ;410040006A;PR;Jardim Tanguá;-25,371;-49,308;2025-03-24 11:50:00.0;0,00
ALMIRANTE TAMANDARÉ;410040006A;PR;Jardim Tanguá;-25,371;-49,308;2025-03-24 12:50:00.0;0,00
ALMIRANTE TAMANDARÉ;410040006A;PR;Jardim Tanguá;-25,371;-49,308;2025-03-24 14:10:00.0;0,00
ALMIRANTE TAMANDARÉ;410040006A;PR;Jardim Tanguá;-25,371;-49,308;2025-03-24 21:00:00.0;0,00
ALMIRANTE TAMANDARÉ;410040006A;PR;Jardim Tanguá;-25,371;-49,308;2025-03-24 21:50:00.0;0,00
ALMIRANTE TAMANDARÉ;410040006A;PR;Jardim Tanguá;-25,371;-49,308;2025-03-24 22:50:00.0;0,00
ALMIRANTE TAMANDARÉ;410040006A;PR;Jardim Tanguá;-25,371;-49,308;2025-03-24 23:50:00.0;0,00
ALMIRANTE TAMANDARÉ;410040006A;PR;Jardim Tanguá;-25,371;-49,308;2025-03-25 00:50:00.0;0,00
ALMIRANTE TAMANDARÉ;410040006A;PR;Jardim Tanguá;-25,371;-49,308;2025-03-25 01:50:00.0;0,00
ALMIRANTE TAMANDARÉ;410040006A;PR;Jardim Tanguá;-25,371;-49,308;2025-03-25 02:50:00.0;0,00
ALMIRANTE TAMANDARÉ;410040006A;PR;Jardim Tanguá;-25,371;-49,308;2025-03-25 03:50:00.0;0,00
ALMIRANTE TAMANDARÉ;410040006A;PR;Jardim Tanguá;-25,371;-49,308;2025-03-25 04:50:00.0;0,00
ALMIRANTE TAMANDARÉ;410040006A;PR;Jardim Tanguá;-25,371;-49,308;2025-03-25 05:50:00.0;0,00
ALMIRANTE TAMANDARÉ;410040006A;PR;Jardim Tanguá;-25,371;-49,308;2025-03-25 06:50:00.0;0,00
ALMIRANTE TAMANDARÉ;410040006A;PR;Jardim Tanguá;-25,371;-49,308;2025-03-25 07:50:00.0;0,00
ALMIRANTE TAMANDARÉ;410040006A;PR;Jardim Tanguá;-25,371;-49,308;2025-03-25 08:50:00.0;0,00
ALMIRANTE TAMANDARÉ;410040006A;PR;Jardim Tanguá;-25,371;-49,308;2025-03-25 09:50:00.0;0,00
ALMIRANTE TAMANDARÉ;410040006A;PR;Jardim Tanguá;-25,371;-49,308;2025-03-25 10:50:00.0;0,00
ALMIRANTE TAMANDARÉ;410040006A;PR;Jardim Tanguá;-25,371;-49,308;2025-03-25 11:50:00.0;0,00
ALMIRANTE TAMANDARÉ;410040006A;PR;Jardim Tanguá;-25,371;-49,308;2025-03-25 18:10:00.0;0,00
ALMIRANTE TAMANDARÉ;410040006A;PR;Jardim Tanguá;-25,371;-49,308;2025-03-25 18:50:00.0;0,00
ALMIRANTE TAMANDARÉ;410040006A;PR;Jardim Tanguá;-25,371;-49,308;2025-03-25 20:00:00.0;0,00
ALMIRANTE TAMANDARÉ;410040006A;PR;Jardim Tanguá;-25,371;-49,308;2025-03-25 21:00:00.0;0,00
ALMIRANTE TAMANDARÉ;410040006A;PR;Jardim Tanguá;-25,371;-49,308;2025-03-25 22:20:00.0;0,00
ALMIRANTE TAMANDARÉ;410040006A;PR;Jardim Tanguá;-25,371;-49,308;2025-03-25 22:50:00.0;0,00
ALMIRANTE TAMANDARÉ;410040006A;PR;Jardim Tanguá;-25,371;-49,308;2025-03-25 23:50:00.0;0,00
ALMIRANTE TAMANDARÉ;410040006A;PR;Jardim Tanguá;-25,371;-49,308;2025-03-26 01:00:00.0;0,00
ALMIRANTE TAMANDARÉ;410040006A;PR;Jardim Tanguá;-25,371;-49,308;2025-03-26 01:50:00.0;0,00
ALMIRANTE TAMANDARÉ;410040006A;PR;Jardim Tanguá;-25,371;-49,308;2025-03-26 02:50:00.0;0,00
ALMIRANTE TAMANDARÉ;410040006A;PR;Jardim Tanguá;-25,371;-49,308;2025-03-26 03:50:00.0;0,00
ALMIRANTE TAMANDARÉ;410040006A;PR;Jardim Tanguá;-25,371;-49,308;2025-03-26 04:50:00.0;0,00
ALMIRANTE TAMANDARÉ;410040006A;PR;Jardim Tanguá;-25,371;-49,308;2025-03-26 05:50:00.0;0,00
ALMIRANTE TAMANDARÉ;410040006A;PR;Jardim Tanguá;-25,371;-49,308;2025-03-26 06:50:00.0;0,00
ALMIRANTE TAMANDARÉ;410040006A;PR;Jardim Tanguá;-25,371;-49,308;2025-03-26 07:50:00.0;0,00
ALMIRANTE TAMANDARÉ;410040006A;PR;Jardim Tanguá;-25,371;-49,308;2025-03-26 08:50:00.0;0,00
ALMIRANTE TAMANDARÉ;410040006A;PR;Jardim Tanguá;-25,371;-49,308;2025-03-26 09:50:00.0;0,00
ALMIRANTE TAMANDARÉ;410040006A;PR;Jardim Tanguá;-25,371;-49,308;2025-03-26 10:50:00.0;0,00
ALMIRANTE TAMANDARÉ;410040006A;PR;Jardim Tanguá;-25,371;-49,308;2025-03-26 11:50:00.0;0,00
ALMIRANTE TAMANDARÉ;410040006A;PR;Jardim Tanguá;-25,371;-49,308;2025-03-26 12:50:00.0;0,00
ALMIRANTE TAMANDARÉ;410040006A;PR;Jardim Tanguá;-25,371;-49,308;2025-03-26 13:50:00.0;0,00
ALMIRANTE TAMANDARÉ;410040006A;PR;Jardim Tanguá;-25,371;-49,308;2025-03-26 14:50:00.0;0,00
ALMIRANTE TAMANDARÉ;410040006A;PR;Jardim Tanguá;-25,371;-49,308;2025-03-26 16:30:00.0;0,00
ALMIRANTE TAMANDARÉ;410040006A;PR;Jardim Tanguá;-25,371;-49,308;2025-03-26 16:50:00.0;0,00
ALMIRANTE TAMANDARÉ;410040006A;PR;Jardim Tanguá;-25,371;-49,308;2025-03-26 17:50:00.0;0,00
ALMIRANTE TAMANDARÉ;410040006A;PR;Jardim Tanguá;-25,371;-49,308;2025-03-26 18:50:00.0;0,00
ALMIRANTE TAMANDARÉ;410040006A;PR;Jardim Tanguá;-25,371;-49,308;2025-03-26 19:50:00.0;0,00
ALMIRANTE TAMANDARÉ;410040006A;PR;Jardim Tanguá;-25,371;-49,308;2025-03-26 20:50:00.0;0,00
ALMIRANTE TAMANDARÉ;410040006A;PR;Jardim Tanguá;-25,371;-49,308;2025-03-26 21:50:00.0;0,00
ALMIRANTE TAMANDARÉ;410040006A;PR;Jardim Tanguá;-25,371;-49,308;2025-03-26 22:50:00.0;0,00
ALMIRANTE TAMANDARÉ;410040006A;PR;Jardim Tanguá;-25,371;-49,308;2025-03-26 23:50:00.0;0,00
ALMIRANTE TAMANDARÉ;410040006A;PR;Jardim Tanguá;-25,371;-49,308;2025-03-27 00:50:00.0;0,00
ALMIRANTE TAMANDARÉ;410040006A;PR;Jardim Tanguá;-25,371;-49,308;2025-03-27 01:50:00.0;0,00
ALMIRANTE TAMANDARÉ;410040006A;PR;Jardim Tanguá;-25,371;-49,308;2025-03-27 02:50:00.0;0,00
ALMIRANTE TAMANDARÉ;410040006A;PR;Jardim Tanguá;-25,371;-49,308;2025-03-27 03:50:00.0;0,00
ALMIRANTE TAMANDARÉ;410040006A;PR;Jardim Tanguá;-25,371;-49,308;2025-03-27 04:50:00.0;0,00
ALMIRANTE TAMANDARÉ;410040006A;PR;Jardim Tanguá;-25,371;-49,308;2025-03-27 05:50:00.0;0,00
ALMIRANTE TAMANDARÉ;410040006A;PR;Jardim Tanguá;-25,371;-49,308;2025-03-27 06:50:00.0;0,00
ALMIRANTE TAMANDARÉ;410040006A;PR;Jardim Tanguá;-25,371;-49,308;2025-03-27 07:50:00.0;0,00
ALMIRANTE TAMANDARÉ;410040006A;PR;Jardim Tanguá;-25,371;-49,308;2025-03-27 08:50:00.0;0,00
ALMIRANTE TAMANDARÉ;410040006A;PR;Jardim Tanguá;-25,371;-49,308;2025-03-27 09:50:00.0;0,00
ALMIRANTE TAMANDARÉ;410040006A;PR;Jardim Tanguá;-25,371;-49,308;2025-03-27 10:50:00.0;0,00
ALMIRANTE TAMANDARÉ;410040006A;PR;Jardim Tanguá;-25,371;-49,308;2025-03-27 11:50:00.0;0,00
ALMIRANTE TAMANDARÉ;410040006A;PR;Jardim Tanguá;-25,371;-49,308;2025-03-27 14:10:00.0;0,00
ALMIRANTE TAMANDARÉ;410040006A;PR;Jardim Tanguá;-25,371;-49,308;2025-03-27 15:10:00.0;0,00
ALMIRANTE TAMANDARÉ;410040006A;PR;Jardim Tanguá;-25,371;-49,308;2025-03-27 17:50:00.0;0,00
ALMIRANTE TAMANDARÉ;410040006A;PR;Jardim Tanguá;-25,371;-49,308;2025-03-27 18:50:00.0;0,00
ALMIRANTE TAMANDARÉ;410040006A;PR;Jardim Tanguá;-25,371;-49,308;2025-03-27 19:50:00.0;0,00
ALMIRANTE TAMANDARÉ;410040006A;PR;Jardim Tanguá;-25,371;-49,308;2025-03-27 20:50:00.0;0,00
ALMIRANTE TAMANDARÉ;410040006A;PR;Jardim Tanguá;-25,371;-49,308;2025-03-27 21:50:00.0;0,00
ALMIRANTE TAMANDARÉ;410040006A;PR;Jardim Tanguá;-25,371;-49,308;2025-03-27 22:50:00.0;0,00
ALMIRANTE TAMANDARÉ;410040006A;PR;Jardim Tanguá;-25,371;-49,308;2025-03-27 23:50:00.0;0,00
ALMIRANTE TAMANDARÉ;410040006A;PR;Jardim Tanguá;-25,371;-49,308;2025-03-28 00:50:00.0;0,00
ALMIRANTE TAMANDARÉ;410040006A;PR;Jardim Tanguá;-25,371;-49,308;2025-03-28 01:50:00.0;0,00
ALMIRANTE TAMANDARÉ;410040006A;PR;Jardim Tanguá;-25,371;-49,308;2025-03-28 02:50:00.0;0,00
ALMIRANTE TAMANDARÉ;410040006A;PR;Jardim Tanguá;-25,371;-49,308;2025-03-28 03:50:00.0;0,00
ALMIRANTE TAMANDARÉ;410040006A;PR;Jardim Tanguá;-25,371;-49,308;2025-03-28 04:50:00.0;0,00
ALMIRANTE TAMANDARÉ;410040006A;PR;Jardim Tanguá;-25,371;-49,308;2025-03-28 05:50:00.0;0,00
ALMIRANTE TAMANDARÉ;410040006A;PR;Jardim Tanguá;-25,371;-49,308;2025-03-28 06:50:00.0;0,00
ALMIRANTE TAMANDARÉ;410040006A;PR;Jardim Tanguá;-25,371;-49,308;2025-03-28 07:50:00.0;0,00
ALMIRANTE TAMANDARÉ;410040006A;PR;Jardim Tanguá;-25,371;-49,308;2025-03-28 08:50:00.0;0,00
ALMIRANTE TAMANDARÉ;410040006A;PR;Jardim Tanguá;-25,371;-49,308;2025-03-28 09:50:00.0;0,00
ALMIRANTE TAMANDARÉ;410040006A;PR;Jardim Tanguá;-25,371;-49,308;2025-03-28 10:50:00.0;0,00
ALMIRANTE TAMANDARÉ;410040006A;PR;Jardim Tanguá;-25,371;-49,308;2025-03-28 11:50:00.0;0,00
ALMIRANTE TAMANDARÉ;410040006A;PR;Jardim Tanguá;-25,371;-49,308;2025-03-28 12:50:00.0;0,00
ALMIRANTE TAMANDARÉ;410040006A;PR;Jardim Tanguá;-25,371;-49,308;2025-03-28 18:50:00.0;0,00
ALMIRANTE TAMANDARÉ;410040006A;PR;Jardim Tanguá;-25,371;-49,308;2025-03-28 20:50:00.0;0,00
ALMIRANTE TAMANDARÉ;410040006A;PR;Jardim Tanguá;-25,371;-49,308;2025-03-28 21:50:00.0;0,00
ALMIRANTE TAMANDARÉ;410040006A;PR;Jardim Tanguá;-25,371;-49,308;2025-03-28 22:50:00.0;0,00
ALMIRANTE TAMANDARÉ;410040006A;PR;Jardim Tanguá;-25,371;-49,308;2025-03-28 23:50:00.0;0,00
ALMIRANTE TAMANDARÉ;410040006A;PR;Jardim Tanguá;-25,371;-49,308;2025-03-29 00:50:00.0;0,00
ALMIRANTE TAMANDARÉ;410040006A;PR;Jardim Tanguá;-25,371;-49,308;2025-03-29 01:50:00.0;0,00
ALMIRANTE TAMANDARÉ;410040006A;PR;Jardim Tanguá;-25,371;-49,308;2025-03-29 02:50:00.0;0,00
ALMIRANTE TAMANDARÉ;410040006A;PR;Jardim Tanguá;-25,371;-49,308;2025-03-29 03:50:00.0;0,00
ALMIRANTE TAMANDARÉ;410040006A;PR;Jardim Tanguá;-25,371;-49,308;2025-03-29 04:50:00.0;0,00
ALMIRANTE TAMANDARÉ;410040006A;PR;Jardim Tanguá;-25,371;-49,308;2025-03-29 05:50:00.0;0,00
ALMIRANTE TAMANDARÉ;410040006A;PR;Jardim Tanguá;-25,371;-49,308;2025-03-29 06:50:00.0;0,00
ALMIRANTE TAMANDARÉ;410040006A;PR;Jardim Tanguá;-25,371;-49,308;2025-03-29 07:50:00.0;0,00
ALMIRANTE TAMANDARÉ;410040006A;PR;Jardim Tanguá;-25,371;-49,308;2025-03-29 08:50:00.0;0,00
ALMIRANTE TAMANDARÉ;410040006A;PR;Jardim Tanguá;-25,371;-49,308;2025-03-29 09:50:00.0;0,00
ALMIRANTE TAMANDARÉ;410040006A;PR;Jardim Tanguá;-25,371;-49,308;2025-03-29 10:50:00.0;0,00
ALMIRANTE TAMANDARÉ;410040006A;PR;Jardim Tanguá;-25,371;-49,308;2025-03-29 11:50:00.0;0,00
ALMIRANTE TAMANDARÉ;410040006A;PR;Jardim Tanguá;-25,371;-49,308;2025-03-29 18:40:00.0;0,00
ALMIRANTE TAMANDARÉ;410040006A;PR;Jardim Tanguá;-25,371;-49,308;2025-03-29 18:50:00.0;0,00
ALMIRANTE TAMANDARÉ;410040006A;PR;Jardim Tanguá;-25,371;-49,308;2025-03-29 19:50:00.0;0,00
ALMIRANTE TAMANDARÉ;410040006A;PR;Jardim Tanguá;-25,371;-49,308;2025-03-29 20:50:00.0;0,00
ALMIRANTE TAMANDARÉ;410040006A;PR;Jardim Tanguá;-25,371;-49,308;2025-03-29 21:50:00.0;0,00
ALMIRANTE TAMANDARÉ;410040006A;PR;Jardim Tanguá;-25,371;-49,308;2025-03-29 22:50:00.0;0,00
ALMIRANTE TAMANDARÉ;410040006A;PR;Jardim Tanguá;-25,371;-49,308;2025-03-29 23:50:00.0;0,00
ALMIRANTE TAMANDARÉ;410040006A;PR;Jardim Tanguá;-25,371;-49,308;2025-03-30 00:50:00.0;0,00
ALMIRANTE TAMANDARÉ;410040006A;PR;Jardim Tanguá;-25,371;-49,308;2025-03-30 01:50:00.0;0,00
ALMIRANTE TAMANDARÉ;410040006A;PR;Jardim Tanguá;-25,371;-49,308;2025-03-30 02:50:00.0;0,00
ALMIRANTE TAMANDARÉ;410040006A;PR;Jardim Tanguá;-25,371;-49,308;2025-03-30 03:50:00.0;0,00
ALMIRANTE TAMANDARÉ;410040006A;PR;Jardim Tanguá;-25,371;-49,308;2025-03-30 04:50:00.0;0,00
ALMIRANTE TAMANDARÉ;410040006A;PR;Jardim Tanguá;-25,371;-49,308;2025-03-30 05:50:00.0;0,00
ALMIRANTE TAMANDARÉ;410040006A;PR;Jardim Tanguá;-25,371;-49,308;2025-03-30 06:50:00.0;0,00
ALMIRANTE TAMANDARÉ;410040006A;PR;Jardim Tanguá;-25,371;-49,308;2025-03-30 07:50:00.0;0,00
ALMIRANTE TAMANDARÉ;410040006A;PR;Jardim Tanguá;-25,371;-49,308;2025-03-30 08:50:00.0;0,00
ALMIRANTE TAMANDARÉ;410040006A;PR;Jardim Tanguá;-25,371;-49,308;2025-03-30 09:50:00.0;0,00
ALMIRANTE TAMANDARÉ;410040006A;PR;Jardim Tanguá;-25,371;-49,308;2025-03-30 10:50:00.0;0,00
ALMIRANTE TAMANDARÉ;410040006A;PR;Jardim Tanguá;-25,371;-49,308;2025-03-30 11:50:00.0;0,00
ALMIRANTE TAMANDARÉ;410040006A;PR;Jardim Tanguá;-25,371;-49,308;2025-03-30 12:50:00.0;0,00
ALMIRANTE TAMANDARÉ;410040006A;PR;Jardim Tanguá;-25,371;-49,308;2025-03-30 20:50:00.0;0,00
ALMIRANTE TAMANDARÉ;410040006A;PR;Jardim Tanguá;-25,371;-49,308;2025-03-30 21:50:00.0;0,00
ALMIRANTE TAMANDARÉ;410040006A;PR;Jardim Tanguá;-25,371;-49,308;2025-03-30 22:50:00.0;0,00
ALMIRANTE TAMANDARÉ;410040006A;PR;Jardim Tanguá;-25,371;-49,308;2025-03-30 23:50:00.0;0,00
ALMIRANTE TAMANDARÉ;410040006A;PR;Jardim Tanguá;-25,371;-49,308;2025-03-31 00:50:00.0;0,00
ALMIRANTE TAMANDARÉ;410040006A;PR;Jardim Tanguá;-25,371;-49,308;2025-03-31 01:50:00.0;0,00
ALMIRANTE TAMANDARÉ;410040006A;PR;Jardim Tanguá;-25,371;-49,308;2025-03-31 02:50:00.0;0,00
ALMIRANTE TAMANDARÉ;410040006A;PR;Jardim Tanguá;-25,371;-49,308;2025-03-31 03:50:00.0;0,00
ALMIRANTE TAMANDARÉ;410040006A;PR;Jardim Tanguá;-25,371;-49,308;2025-03-31 04:50:00.0;0,00
ALMIRANTE TAMANDARÉ;410040006A;PR;Jardim Tanguá;-25,371;-49,308;2025-03-31 05:50:00.0;0,00
ALMIRANTE TAMANDARÉ;410040006A;PR;Jardim Tanguá;-25,371;-49,308;2025-03-31 06:50:00.0;0,00
ALMIRANTE TAMANDARÉ;410040006A;PR;Jardim Tanguá;-25,371;-49,308;2025-03-31 07:50:00.0;0,00
ALMIRANTE TAMANDARÉ;410040006A;PR;Jardim Tanguá;-25,371;-49,308;2025-03-31 08:50:00.0;0,00
ALMIRANTE TAMANDARÉ;410040006A;PR;Jardim Tanguá;-25,371;-49,308;2025-03-31 09:50:00.0;0,00
ALMIRANTE TAMANDARÉ;410040006A;PR;Jardim Tanguá;-25,371;-49,308;2025-03-31 10:50:00.0;0,00
ALMIRANTE TAMANDARÉ;410040006A;PR;Jardim Tanguá;-25,371;-49,308;2025-03-31 11:50:00.0;0,00
ALMIRANTE TAMANDARÉ;410040006A;PR;Jardim Tanguá;-25,371;-49,308;2025-03-31 12:50:00.0;0,00
ALMIRANTE TAMANDARÉ;410040006A;PR;Jardim Tanguá;-25,371;-49,308;2025-03-31 21:20:00.0;0,00
ALMIRANTE TAMANDARÉ;410040006A;PR;Jardim Tanguá;-25,371;-49,308;2025-03-31 22:40:00.0;0,00
ALMIRANTE TAMANDARÉ;410040006A;PR;Jardim Tanguá;-25,371;-49,308;2025-03-31 23:30:00.0;0,00
ANTONINA;410120001A;PR;Centro;-25,429;-48,71;2025-03-01 00:10:00.0;0,00
ANTONINA;410120001A;PR;Centro;-25,429;-48,71;2025-03-01 00:20:00.0;0,00
ANTONINA;410120001A;PR;Centro;-25,429;-48,71;2025-03-01 01:20:00.0;0,00
ANTONINA;410120001A;PR;Centro;-25,429;-48,71;2025-03-01 02:20:00.0;0,00
ANTONINA;410120001A;PR;Centro;-25,429;-48,71;2025-03-01 03:20:00.0;0,00
ANTONINA;410120001A;PR;Centro;-25,429;-48,71;2025-03-01 04:20:00.0;0,00
ANTONINA;410120001A;PR;Centro;-25,429;-48,71;2025-03-01 04:30:00.0;0,20
ANTONINA;410120001A;PR;Centro;-25,429;-48,71;2025-03-01 05:20:00.0;0,00
ANTONINA;410120001A;PR;Centro;-25,429;-48,71;2025-03-01 06:20:00.0;0,00
ANTONINA;410120001A;PR;Centro;-25,429;-48,71;2025-03-01 07:20:00.0;0,00
ANTONINA;410120001A;PR;Centro;-25,429;-48,71;2025-03-01 08:20:00.0;0,00
ANTONINA;410120001A;PR;Centro;-25,429;-48,71;2025-03-01 09:20:00.0;0,00
ANTONINA;410120001A;PR;Centro;-25,429;-48,71;2025-03-01 10:20:00.0;0,00
ANTONINA;410120001A;PR;Centro;-25,429;-48,71;2025-03-01 11:20:00.0;0,00
ANTONINA;410120001A;PR;Centro;-25,429;-48,71;2025-03-01 12:20:00.0;0,00
ANTONINA;410120001A;PR;Centro;-25,429;-48,71;2025-03-01 12:50:00.0;0,20
ANTONINA;410120001A;PR;Centro;-25,429;-48,71;2025-03-01 13:20:00.0;0,00
ANTONINA;410120001A;PR;Centro;-25,429;-48,71;2025-03-01 14:20:00.0;0,00
ANTONINA;410120001A;PR;Centro;-25,429;-48,71;2025-03-01 15:20:00.0;0,00
ANTONINA;410120001A;PR;Centro;-25,429;-48,71;2025-03-01 16:20:00.0;0,00
ANTONINA;410120001A;PR;Centro;-25,429;-48,71;2025-03-01 17:20:00.0;0,00
ANTONINA;410120001A;PR;Centro;-25,429;-48,71;2025-03-01 18:20:00.0;0,00
ANTONINA;410120001A;PR;Centro;-25,429;-48,71;2025-03-01 19:20:00.0;0,00
ANTONINA;410120001A;PR;Centro;-25,429;-48,71;2025-03-01 19:40:00.0;0,20
ANTONINA;410120001A;PR;Centro;-25,429;-48,71;2025-03-01 20:20:00.0;0,00
ANTONINA;410120001A;PR;Centro;-25,429;-48,71;2025-03-01 21:20:00.0;0,00
ANTONINA;410120001A;PR;Centro;-25,429;-48,71;2025-03-01 22:20:00.0;0,00
ANTONINA;410120001A;PR;Centro;-25,429;-48,71;2025-03-01 23:20:00.0;0,00
ANTONINA;410120001A;PR;Centro;-25,429;-48,71;2025-03-02 00:20:00.0;0,00
ANTONINA;410120001A;PR;Centro;-25,429;-48,71;2025-03-02 01:20:00.0;0,00
ANTONINA;410120001A;PR;Centro;-25,429;-48,71;2025-03-02 02:20:00.0;0,00
ANTONINA;410120001A;PR;Centro;-25,429;-48,71;2025-03-02 03:20:00.0;0,00
ANTONINA;410120001A;PR;Centro;-25,429;-48,71;2025-03-02 04:20:00.0;0,00
ANTONINA;410120001A;PR;Centro;-25,429;-48,71;2025-03-02 05:20:00.0;0,00
ANTONINA;410120001A;PR;Centro;-25,429;-48,71;2025-03-02 06:00:00.0;0,20
ANTONINA;410120001A;PR;Centro;-25,429;-48,71;2025-03-02 06:20:00.0;0,00
ANTONINA;410120001A;PR;Centro;-25,429;-48,71;2025-03-02 07:20:00.0;0,00
ANTONINA;410120001A;PR;Centro;-25,429;-48,71;2025-03-02 08:20:00.0;0,00
ANTONINA;410120001A;PR;Centro;-25,429;-48,71;2025-03-02 09:20:00.0;0,00
ANTONINA;410120001A;PR;Centro;-25,429;-48,71;2025-03-02 10:20:00.0;0,00
ANTONINA;410120001A;PR;Centro;-25,429;-48,71;2025-03-02 11:20:00.0;0,00
ANTONINA;410120001A;PR;Centro;-25,429;-48,71;2025-03-02 12:20:00.0;0,00
ANTONINA;410120001A;PR;Centro;-25,429;-48,71;2025-03-02 13:20:00.0;0,00
ANTONINA;410120001A;PR;Centro;-25,429;-48,71;2025-03-02 14:20:00.0;0,00
ANTONINA;410120001A;PR;Centro;-25,429;-48,71;2025-03-02 15:20:00.0;0,00
ANTONINA;410120001A;PR;Centro;-25,429;-48,71;2025-03-02 16:00:00.0;0,20
ANTONINA;410120001A;PR;Centro;-25,429;-48,71;2025-03-02 16:20:00.0;0,00
ANTONINA;410120001A;PR;Centro;-25,429;-48,71;2025-03-02 17:20:00.0;0,00
ANTONINA;410120001A;PR;Centro;-25,429;-48,71;2025-03-02 18:20:00.0;0,00
ANTONINA;410120001A;PR;Centro;-25,429;-48,71;2025-03-02 19:20:00.0;0,00
ANTONINA;410120001A;PR;Centro;-25,429;-48,71;2025-03-02 20:20:00.0;0,00
ANTONINA;410120001A;PR;Centro;-25,429;-48,71;2025-03-02 21:20:00.0;0,00
ANTONINA;410120001A;PR;Centro;-25,429;-48,71;2025-03-02 22:20:00.0;0,00
ANTONINA;410120001A;PR;Centro;-25,429;-48,71;2025-03-02 23:20:00.0;0,00
ANTONINA;410120001A;PR;Centro;-25,429;-48,71;2025-03-03 00:20:00.0;0,00
ANTONINA;410120001A;PR;Centro;-25,429;-48,71;2025-03-03 01:20:00.0;0,00
ANTONINA;410120001A;PR;Centro;-25,429;-48,71;2025-03-03 02:20:00.0;0,00
ANTONINA;410120001A;PR;Centro;-25,429;-48,71;2025-03-03 03:20:00.0;0,00
ANTONINA;410120001A;PR;Centro;-25,429;-48,71;2025-03-03 04:20:00.0;0,00
ANTONINA;410120001A;PR;Centro;-25,429;-48,71;2025-03-03 05:20:00.0;0,00
ANTONINA;410120001A;PR;Centro;-25,429;-48,71;2025-03-03 06:20:00.0;0,00
ANTONINA;410120001A;PR;Centro;-25,429;-48,71;2025-03-03 07:20:00.0;0,00
ANTONINA;410120001A;PR;Centro;-25,429;-48,71;2025-03-03 08:20:00.0;0,00
ANTONINA;410120001A;PR;Centro;-25,429;-48,71;2025-03-03 09:20:00.0;0,00
ANTONINA;410120001A;PR;Centro;-25,429;-48,71;2025-03-03 10:20:00.0;0,00
ANTONINA;410120001A;PR;Centro;-25,429;-48,71;2025-03-03 11:20:00.0;0,00
ANTONINA;410120001A;PR;Centro;-25,429;-48,71;2025-03-03 12:20:00.0;0,00
ANTONINA;410120001A;PR;Centro;-25,429;-48,71;2025-03-03 13:20:00.0;0,00
ANTONINA;410120001A;PR;Centro;-25,429;-48,71;2025-03-03 14:20:00.0;0,00
ANTONINA;410120001A;PR;Centro;-25,429;-48,71;2025-03-03 15:20:00.0;0,00
ANTONINA;410120001A;PR;Centro;-25,429;-48,71;2025-03-03 16:20:00.0;0,00
ANTONINA;410120001A;PR;Centro;-25,429;-48,71;2025-03-03 17:20:00.0;0,00
ANTONINA;410120001A;PR;Centro;-25,429;-48,71;2025-03-03 18:20:00.0;0,00
ANTONINA;410120001A;PR;Centro;-25,429;-48,71;2025-03-03 19:20:00.0;0,00
ANTONINA;410120001A;PR;Centro;-25,429;-48,71;2025-03-03 20:20:00.0;0,00
ANTONINA;410120001A;PR;Centro;-25,429;-48,71;2025-03-03 21:20:00.0;0,00
ANTONINA;410120001A;PR;Centro;-25,429;-48,71;2025-03-03 22:20:00.0;0,00
ANTONINA;410120001A;PR;Centro;-25,429;-48,71;2025-03-03 23:20:00.0;0,00
ANTONINA;410120001A;PR;Centro;-25,429;-48,71;2025-03-04 00:20:00.0;0,00
ANTONINA;410120001A;PR;Centro;-25,429;-48,71;2025-03-04 01:20:00.0;0,00
ANTONINA;410120001A;PR;Centro;-25,429;-48,71;2025-03-04 02:20:00.0;0,00
ANTONINA;410120001A;PR;Centro;-25,429;-48,71;2025-03-04 03:20:00.0;0,00
ANTONINA;410120001A;PR;Centro;-25,429;-48,71;2025-03-04 04:20:00.0;0,00
ANTONINA;410120001A;PR;Centro;-25,429;-48,71;2025-03-04 05:20:00.0;0,00
ANTONINA;410120001A;PR;Centro;-25,429;-48,71;2025-03-04 06:20:00.0;0,00
ANTONINA;410120001A;PR;Centro;-25,429;-48,71;2025-03-04 07:20:00.0;0,00
ANTONINA;410120001A;PR;Centro;-25,429;-48,71;2025-03-04 08:20:00.0;0,00
ANTONINA;410120001A;PR;Centro;-25,429;-48,71;2025-03-04 09:20:00.0;0,00
ANTONINA;410120001A;PR;Centro;-25,429;-48,71;2025-03-04 10:20:00.0;0,00
ANTONINA;410120001A;PR;Centro;-25,429;-48,71;2025-03-04 11:20:00.0;0,00
ANTONINA;410120001A;PR;Centro;-25,429;-48,71;2025-03-04 12:20:00.0;0,00
ANTONINA;410120001A;PR;Centro;-25,429;-48,71;2025-03-04 13:20:00.0;0,00
ANTONINA;410120001A;PR;Centro;-25,429;-48,71;2025-03-04 14:20:00.0;0,00
ANTONINA;410120001A;PR;Centro;-25,429;-48,71;2025-03-04 15:20:00.0;0,00
ANTONINA;410120001A;PR;Centro;-25,429;-48,71;2025-03-04 16:20:00.0;0,00
ANTONINA;410120001A;PR;Centro;-25,429;-48,71;2025-03-04 17:20:00.0;0,00
ANTONINA;410120001A;PR;Centro;-25,429;-48,71;2025-03-04 18:20:00.0;0,00
ANTONINA;410120001A;PR;Centro;-25,429;-48,71;2025-03-04 19:20:00.0;0,00
ANTONINA;410120001A;PR;Centro;-25,429;-48,71;2025-03-04 20:20:00.0;0,00
ANTONINA;410120001A;PR;Centro;-25,429;-48,71;2025-03-04 21:20:00.0;0,00
ANTONINA;410120001A;PR;Centro;-25,429;-48,71;2025-03-04 22:20:00.0;0,00
ANTONINA;410120001A;PR;Centro;-25,429;-48,71;2025-03-04 23:20:00.0;0,00
ANTONINA;410120001A;PR;Centro;-25,429;-48,71;2025-03-05 00:20:00.0;0,00
ANTONINA;410120001A;PR;Centro;-25,429;-48,71;2025-03-05 01:20:00.0;0,00
ANTONINA;410120001A;PR;Centro;-25,429;-48,71;2025-03-05 02:20:00.0;0,00
ANTONINA;410120001A;PR;Centro;-25,429;-48,71;2025-03-05 03:20:00.0;0,00
ANTONINA;410120001A;PR;Centro;-25,429;-48,71;2025-03-05 04:20:00.0;0,00
ANTONINA;410120001A;PR;Centro;-25,429;-48,71;2025-03-05 05:20:00.0;0,00
ANTONINA;410120001A;PR;Centro;-25,429;-48,71;2025-03-05 06:20:00.0;0,00
ANTONINA;410120001A;PR;Centro;-25,429;-48,71;2025-03-05 07:20:00.0;0,00
ANTONINA;410120001A;PR;Centro;-25,429;-48,71;2025-03-05 08:20:00.0;0,00
ANTONINA;410120001A;PR;Centro;-25,429;-48,71;2025-03-05 09:20:00.0;0,00
ANTONINA;410120001A;PR;Centro;-25,429;-48,71;2025-03-05 10:20:00.0;0,00
ANTONINA;410120001A;PR;Centro;-25,429;-48,71;2025-03-05 11:20:00.0;0,00
ANTONINA;410120001A;PR;Centro;-25,429;-48,71;2025-03-05 12:20:00.0;0,00
ANTONINA;410120001A;PR;Centro;-25,429;-48,71;2025-03-05 13:20:00.0;0,00
ANTONINA;410120001A;PR;Centro;-25,429;-48,71;2025-03-05 14:20:00.0;0,00
ANTONINA;410120001A;PR;Centro;-25,429;-48,71;2025-03-05 15:20:00.0;0,00
ANTONINA;410120001A;PR;Centro;-25,429;-48,71;2025-03-05 16:20:00.0;0,00
ANTONINA;410120001A;PR;Centro;-25,429;-48,71;2025-03-05 17:20:00.0;0,00
ANTONINA;410120001A;PR;Centro;-25,429;-48,71;2025-03-05 18:20:00.0;0,00
ANTONINA;410120001A;PR;Centro;-25,429;-48,71;2025-03-05 19:20:00.0;0,00
ANTONINA;410120001A;PR;Centro;-25,429;-48,71;2025-03-05 20:20:00.0;0,00
ANTONINA;410120001A;PR;Centro;-25,429;-48,71;2025-03-05 21:20:00.0;0,00
ANTONINA;410120001A;PR;Centro;-25,429;-48,71;2025-03-05 22:20:00.0;0,00
ANTONINA;410120001A;PR;Centro;-25,429;-48,71;2025-03-05 23:20:00.0;0,00
ANTONINA;410120001A;PR;Centro;-25,429;-48,71;2025-03-06 00:20:00.0;0,00
ANTONINA;410120001A;PR;Centro;-25,429;-48,71;2025-03-06 01:20:00.0;0,00
ANTONINA;410120001A;PR;Centro;-25,429;-48,71;2025-03-06 02:20:00.0;0,00
ANTONINA;410120001A;PR;Centro;-25,429;-48,71;2025-03-06 03:20:00.0;0,00
ANTONINA;410120001A;PR;Centro;-25,429;-48,71;2025-03-06 04:20:00.0;0,00
ANTONINA;410120001A;PR;Centro;-25,429;-48,71;2025-03-06 05:20:00.0;0,00
ANTONINA;410120001A;PR;Centro;-25,429;-48,71;2025-03-06 06:20:00.0;0,00
ANTONINA;410120001A;PR;Centro;-25,429;-48,71;2025-03-06 07:20:00.0;0,00
ANTONINA;410120001A;PR;Centro;-25,429;-48,71;2025-03-06 08:20:00.0;0,00
ANTONINA;410120001A;PR;Centro;-25,429;-48,71;2025-03-06 09:20:00.0;0,00
ANTONINA;410120001A;PR;Centro;-25,429;-48,71;2025-03-06 10:20:00.0;0,00
ANTONINA;410120001A;PR;Centro;-25,429;-48,71;2025-03-06 11:20:00.0;0,00
ANTONINA;410120001A;PR;Centro;-25,429;-48,71;2025-03-06 12:20:00.0;0,00
ANTONINA;410120001A;PR;Centro;-25,429;-48,71;2025-03-06 13:20:00.0;0,00
ANTONINA;410120001A;PR;Centro;-25,429;-48,71;2025-03-06 14:20:00.0;0,00
ANTONINA;410120001A;PR;Centro;-25,429;-48,71;2025-03-06 15:20:00.0;0,00
ANTONINA;410120001A;PR;Centro;-25,429;-48,71;2025-03-06 16:20:00.0;0,00
ANTONINA;410120001A;PR;Centro;-25,429;-48,71;2025-03-06 17:20:00.0;0,00
ANTONINA;410120001A;PR;Centro;-25,429;-48,71;2025-03-06 18:20:00.0;0,00
ANTONINA;410120001A;PR;Centro;-25,429;-48,71;2025-03-06 19:20:00.0;0,00
ANTONINA;410120001A;PR;Centro;-25,429;-48,71;2025-03-06 20:20:00.0;0,00
ANTONINA;410120001A;PR;Centro;-25,429;-48,71;2025-03-06 21:20:00.0;0,00
ANTONINA;410120001A;PR;Centro;-25,429;-48,71;2025-03-06 22:20:00.0;0,00
ANTONINA;410120001A;PR;Centro;-25,429;-48,71;2025-03-06 23:20:00.0;0,00
ANTONINA;410120001A;PR;Centro;-25,429;-48,71;2025-03-07 00:20:00.0;0,00
ANTONINA;410120001A;PR;Centro;-25,429;-48,71;2025-03-07 01:20:00.0;0,00
ANTONINA;410120001A;PR;Centro;-25,429;-48,71;2025-03-07 02:20:00.0;0,00
ANTONINA;410120001A;PR;Centro;-25,429;-48,71;2025-03-07 03:20:00.0;0,00
ANTONINA;410120001A;PR;Centro;-25,429;-48,71;2025-03-07 04:20:00.0;0,00
ANTONINA;410120001A;PR;Centro;-25,429;-48,71;2025-03-07 05:20:00.0;0,00
ANTONINA;410120001A;PR;Centro;-25,429;-48,71;2025-03-07 06:20:00.0;0,00
ANTONINA;410120001A;PR;Centro;-25,429;-48,71;2025-03-07 07:20:00.0;0,00
ANTONINA;410120001A;PR;Centro;-25,429;-48,71;2025-03-07 08:20:00.0;0,00
ANTONINA;410120001A;PR;Centro;-25,429;-48,71;2025-03-07 09:20:00.0;0,00
ANTONINA;410120001A;PR;Centro;-25,429;-48,71;2025-03-07 10:20:00.0;0,00
ANTONINA;410120001A;PR;Centro;-25,429;-48,71;2025-03-07 11:20:00.0;0,00
ANTONINA;410120001A;PR;Centro;-25,429;-48,71;2025-03-07 12:20:00.0;0,00
ANTONINA;410120001A;PR;Centro;-25,429;-48,71;2025-03-07 12:40:00.0;0,20
ANTONINA;410120001A;PR;Centro;-25,429;-48,71;2025-03-07 13:20:00.0;0,00
ANTONINA;410120001A;PR;Centro;-25,429;-48,71;2025-03-07 13:50:00.0;0,39
ANTONINA;410120001A;PR;Centro;-25,429;-48,71;2025-03-07 14:10:00.0;1,37
ANTONINA;410120001A;PR;Centro;-25,429;-48,71;2025-03-07 14:20:00.0;2,16
ANTONINA;410120001A;PR;Centro;-25,429;-48,71;2025-03-07 14:30:00.0;1,37
ANTONINA;410120001A;PR;Centro;-25,429;-48,71;2025-03-07 14:40:00.0;1,96
ANTONINA;410120001A;PR;Centro;-25,429;-48,71;2025-03-07 14:50:00.0;2,56
ANTONINA;410120001A;PR;Centro;-25,429;-48,71;2025-03-07 15:00:00.0;2,36
ANTONINA;410120001A;PR;Centro;-25,429;-48,71;2025-03-07 15:10:00.0;1,97
ANTONINA;410120001A;PR;Centro;-25,429;-48,71;2025-03-07 15:20:00.0;1,96
ANTONINA;410120001A;PR;Centro;-25,429;-48,71;2025-03-07 15:30:00.0;1,57
ANTONINA;410120001A;PR;Centro;-25,429;-48,71;2025-03-07 15:40:00.0;1,37
ANTONINA;410120001A;PR;Centro;-25,429;-48,71;2025-03-07 15:50:00.0;1,37
ANTONINA;410120001A;PR;Centro;-25,429;-48,71;2025-03-07 16:00:00.0;1,37
ANTONINA;410120001A;PR;Centro;-25,429;-48,71;2025-03-07 16:10:00.0;0,98
ANTONINA;410120001A;PR;Centro;-25,429;-48,71;2025-03-07 16:20:00.0;1,18
ANTONINA;410120001A;PR;Centro;-25,429;-48,71;2025-03-07 16:30:00.0;0,79
ANTONINA;410120001A;PR;Centro;-25,429;-48,71;2025-03-07 16:40:00.0;0,98
ANTONINA;410120001A;PR;Centro;-25,429;-48,71;2025-03-07 16:50:00.0;0,59
ANTONINA;410120001A;PR;Centro;-25,429;-48,71;2025-03-07 17:00:00.0;0,59
ANTONINA;410120001A;PR;Centro;-25,429;-48,71;2025-03-07 17:10:00.0;0,39
ANTONINA;410120001A;PR;Centro;-25,429;-48,71;2025-03-07 17:20:00.0;0,00
ANTONINA;410120001A;PR;Centro;-25,429;-48,71;2025-03-07 18:20:00.0;0,00
ANTONINA;410120001A;PR;Centro;-25,429;-48,71;2025-03-07 19:20:00.0;0,00
ANTONINA;410120001A;PR;Centro;-25,429;-48,71;2025-03-07 20:20:00.0;0,00
ANTONINA;410120001A;PR;Centro;-25,429;-48,71;2025-03-07 21:20:00.0;0,00
ANTONINA;410120001A;PR;Centro;-25,429;-48,71;2025-03-07 22:20:00.0;0,00
ANTONINA;410120001A;PR;Centro;-25,429;-48,71;2025-03-07 23:20:00.0;0,00
ANTONINA;410120001A;PR;Centro;-25,429;-48,71;2025-03-08 00:20:00.0;0,00
ANTONINA;410120001A;PR;Centro;-25,429;-48,71;2025-03-08 01:20:00.0;0,00
ANTONINA;410120001A;PR;Centro;-25,429;-48,71;2025-03-08 02:20:00.0;0,00
ANTONINA;410120001A;PR;Centro;-25,429;-48,71;2025-03-08 03:20:00.0;0,00
ANTONINA;410120001A;PR;Centro;-25,429;-48,71;2025-03-08 04:20:00.0;0,00
ANTONINA;410120001A;PR;Centro;-25,429;-48,71;2025-03-08 05:20:00.0;0,00
ANTONINA;410120001A;PR;Centro;-25,429;-48,71;2025-03-08 06:20:00.0;0,00
ANTONINA;410120001A;PR;Centro;-25,429;-48,71;2025-03-08 07:20:00.0;0,00
ANTONINA;410120001A;PR;Centro;-25,429;-48,71;2025-03-08 08:20:00.0;0,00
ANTONINA;410120001A;PR;Centro;-25,429;-48,71;2025-03-08 09:20:00.0;0,00
ANTONINA;410120001A;PR;Centro;-25,429;-48,71;2025-03-08 10:20:00.0;0,00
ANTONINA;410120001A;PR;Centro;-25,429;-48,71;2025-03-08 11:20:00.0;0,00
ANTONINA;410120001A;PR;Centro;-25,429;-48,71;2025-03-08 12:20:00.0;0,00
ANTONINA;410120001A;PR;Centro;-25,429;-48,71;2025-03-08 13:20:00.0;0,00
ANTONINA;410120001A;PR;Centro;-25,429;-48,71;2025-03-08 14:20:00.0;0,00
ANTONINA;410120001A;PR;Centro;-25,429;-48,71;2025-03-08 15:20:00.0;0,00
ANTONINA;410120001A;PR;Centro;-25,429;-48,71;2025-03-08 16:20:00.0;0,00
ANTONINA;410120001A;PR;Centro;-25,429;-48,71;2025-03-08 17:20:00.0;0,00
ANTONINA;410120001A;PR;Centro;-25,429;-48,71;2025-03-08 18:20:00.0;0,00
ANTONINA;410120001A;PR;Centro;-25,429;-48,71;2025-03-08 19:20:00.0;0,00
ANTONINA;410120001A;PR;Centro;-25,429;-48,71;2025-03-08 20:20:00.0;0,00
ANTONINA;410120001A;PR;Centro;-25,429;-48,71;2025-03-08 21:20:00.0;0,00
ANTONINA;410120001A;PR;Centro;-25,429;-48,71;2025-03-08 22:20:00.0;0,00
ANTONINA;410120001A;PR;Centro;-25,429;-48,71;2025-03-08 23:20:00.0;0,00
ANTONINA;410120001A;PR;Centro;-25,429;-48,71;2025-03-09 00:20:00.0;0,00
ANTONINA;410120001A;PR;Centro;-25,429;-48,71;2025-03-09 01:20:00.0;0,00
ANTONINA;410120001A;PR;Centro;-25,429;-48,71;2025-03-09 02:20:00.0;0,00
ANTONINA;410120001A;PR;Centro;-25,429;-48,71;2025-03-09 03:20:00.0;0,00
ANTONINA;410120001A;PR;Centro;-25,429;-48,71;2025-03-09 04:20:00.0;0,00
ANTONINA;410120001A;PR;Centro;-25,429;-48,71;2025-03-09 05:20:00.0;0,00
ANTONINA;410120001A;PR;Centro;-25,429;-48,71;2025-03-09 06:20:00.0;0,00
ANTONINA;410120001A;PR;Centro;-25,429;-48,71;2025-03-09 07:20:00.0;0,00
ANTONINA;410120001A;PR;Centro;-25,429;-48,71;2025-03-09 08:20:00.0;0,00
ANTONINA;410120001A;PR;Centro;-25,429;-48,71;2025-03-09 09:20:00.0;0,00
ANTONINA;410120001A;PR;Centro;-25,429;-48,71;2025-03-09 10:20:00.0;0,00
ANTONINA;410120001A;PR;Centro;-25,429;-48,71;2025-03-09 11:20:00.0;0,00
ANTONINA;410120001A;PR;Centro;-25,429;-48,71;2025-03-09 12:20:00.0;0,00
ANTONINA;410120001A;PR;Centro;-25,429;-48,71;2025-03-09 13:20:00.0;0,00
ANTONINA;410120001A;PR;Centro;-25,429;-48,71;2025-03-09 14:20:00.0;0,00
ANTONINA;410120001A;PR;Centro;-25,429;-48,71;2025-03-09 15:20:00.0;0,00
ANTONINA;410120001A;PR;Centro;-25,429;-48,71;2025-03-09 16:20:00.0;0,00
ANTONINA;410120001A;PR;Centro;-25,429;-48,71;2025-03-09 17:20:00.0;0,00
ANTONINA;410120001A;PR;Centro;-25,429;-48,71;2025-03-09 18:20:00.0;0,00
ANTONINA;410120001A;PR;Centro;-25,429;-48,71;2025-03-09 19:20:00.0;0,00
ANTONINA;410120001A;PR;Centro;-25,429;-48,71;2025-03-09 20:20:00.0;0,00
ANTONINA;410120001A;PR;Centro;-25,429;-48,71;2025-03-09 20:50:00.0;2,96
ANTONINA;410120001A;PR;Centro;-25,429;-48,71;2025-03-09 21:00:00.0;7,30
ANTONINA;410120001A;PR;Centro;-25,429;-48,71;2025-03-09 21:10:00.0;6,89
ANTONINA;410120001A;PR;Centro;-25,429;-48,71;2025-03-09 21:20:00.0;5,12
ANTONINA;410120001A;PR;Centro;-25,429;-48,71;2025-03-09 21:30:00.0;4,14
ANTONINA;410120001A;PR;Centro;-25,429;-48,71;2025-03-09 21:40:00.0;2,95
ANTONINA;410120001A;PR;Centro;-25,429;-48,71;2025-03-09 21:50:00.0;1,18
ANTONINA;410120001A;PR;Centro;-25,429;-48,71;2025-03-09 22:20:00.0;0,00
ANTONINA;410120001A;PR;Centro;-25,429;-48,71;2025-03-09 23:00:00.0;0,39
ANTONINA;410120001A;PR;Centro;-25,429;-48,71;2025-03-09 23:10:00.0;0,59
ANTONINA;410120001A;PR;Centro;-25,429;-48,71;2025-03-09 23:20:00.0;0,59
ANTONINA;410120001A;PR;Centro;-25,429;-48,71;2025-03-09 23:30:00.0;0,39
ANTONINA;410120001A;PR;Centro;-25,429;-48,71;2025-03-09 23:40:00.0;0,39
ANTONINA;410120001A;PR;Centro;-25,429;-48,71;2025-03-09 23:50:00.0;0,39
ANTONINA;410120001A;PR;Centro;-25,429;-48,71;2025-03-10 00:20:00.0;0,00
ANTONINA;410120001A;PR;Centro;-25,429;-48,71;2025-03-10 00:50:00.0;0,20
ANTONINA;410120001A;PR;Centro;-25,429;-48,71;2025-03-10 01:10:00.0;0,20
ANTONINA;410120001A;PR;Centro;-25,429;-48,71;2025-03-10 01:20:00.0;0,00
ANTONINA;410120001A;PR;Centro;-25,429;-48,71;2025-03-10 01:30:00.0;0,20
ANTONINA;410120001A;PR;Centro;-25,429;-48,71;2025-03-10 01:50:00.0;0,20
ANTONINA;410120001A;PR;Centro;-25,429;-48,71;2025-03-10 02:20:00.0;0,00
ANTONINA;410120001A;PR;Centro;-25,429;-48,71;2025-03-10 02:30:00.0;0,20
ANTONINA;410120001A;PR;Centro;-25,429;-48,71;2025-03-10 03:20:00.0;0,00
ANTONINA;410120001A;PR;Centro;-25,429;-48,71;2025-03-10 04:20:00.0;0,00
ANTONINA;410120001A;PR;Centro;-25,429;-48,71;2025-03-10 05:20:00.0;0,00
ANTONINA;410120001A;PR;Centro;-25,429;-48,71;2025-03-10 06:20:00.0;0,00
ANTONINA;410120001A;PR;Centro;-25,429;-48,71;2025-03-10 07:20:00.0;0,00
ANTONINA;410120001A;PR;Centro;-25,429;-48,71;2025-03-10 08:20:00.0;0,00
ANTONINA;410120001A;PR;Centro;-25,429;-48,71;2025-03-10 09:20:00.0;0,00
ANTONINA;410120001A;PR;Centro;-25,429;-48,71;2025-03-10 10:20:00.0;0,00
ANTONINA;410120001A;PR;Centro;-25,429;-48,71;2025-03-10 11:20:00.0;0,00
ANTONINA;410120001A;PR;Centro;-25,429;-48,71;2025-03-10 12:20:00.0;0,00
ANTONINA;410120001A;PR;Centro;-25,429;-48,71;2025-03-10 13:20:00.0;0,00
ANTONINA;410120001A;PR;Centro;-25,429;-48,71;2025-03-10 14:20:00.0;0,00
ANTONINA;410120001A;PR;Centro;-25,429;-48,71;2025-03-10 15:20:00.0;0,00
ANTONINA;410120001A;PR;Centro;-25,429;-48,71;2025-03-10 16:20:00.0;0,00
ANTONINA;410120001A;PR;Centro;-25,429;-48,71;2025-03-10 17:20:00.0;0,20
ANTONINA;410120001A;PR;Centro;-25,429;-48,71;2025-03-10 18:20:00.0;0,00
ANTONINA;410120001A;PR;Centro;-25,429;-48,71;2025-03-10 19:20:00.0;0,00
ANTONINA;410120001A;PR;Centro;-25,429;-48,71;2025-03-10 20:20:00.0;0,00
ANTONINA;410120001A;PR;Centro;-25,429;-48,71;2025-03-10 21:20:00.0;0,00
ANTONINA;410120001A;PR;Centro;-25,429;-48,71;2025-03-10 22:20:00.0;0,00
ANTONINA;410120001A;PR;Centro;-25,429;-48,71;2025-03-10 23:20:00.0;0,00
ANTONINA;410120001A;PR;Centro;-25,429;-48,71;2025-03-11 00:20:00.0;0,00
ANTONINA;410120001A;PR;Centro;-25,429;-48,71;2025-03-11 01:20:00.0;0,00
ANTONINA;410120001A;PR;Centro;-25,429;-48,71;2025-03-11 02:20:00.0;0,00
ANTONINA;410120001A;PR;Centro;-25,429;-48,71;2025-03-11 03:10:00.0;0,20
ANTONINA;410120001A;PR;Centro;-25,429;-48,71;2025-03-11 03:20:00.0;0,00
ANTONINA;410120001A;PR;Centro;-25,429;-48,71;2025-03-11 03:30:00.0;0,20
ANTONINA;410120001A;PR;Centro;-25,429;-48,71;2025-03-11 03:50:00.0;0,20
ANTONINA;410120001A;PR;Centro;-25,429;-48,71;2025-03-11 04:10:00.0;0,20
ANTONINA;410120001A;PR;Centro;-25,429;-48,71;2025-03-11 04:20:00.0;0,20
ANTONINA;410120001A;PR;Centro;-25,429;-48,71;2025-03-11 04:30:00.0;0,20
ANTONINA;410120001A;PR;Centro;-25,429;-48,71;2025-03-11 04:50:00.0;0,20
ANTONINA;410120001A;PR;Centro;-25,429;-48,71;2025-03-11 05:00:00.0;0,20
ANTONINA;410120001A;PR;Centro;-25,429;-48,71;2025-03-11 05:20:00.0;0,20
ANTONINA;410120001A;PR;Centro;-25,429;-48,71;2025-03-11 05:50:00.0;0,20
ANTONINA;410120001A;PR;Centro;-25,429;-48,71;2025-03-11 06:20:00.0;0,20
ANTONINA;410120001A;PR;Centro;-25,429;-48,71;2025-03-11 06:40:00.0;0,20
ANTONINA;410120001A;PR;Centro;-25,429;-48,71;2025-03-11 07:20:00.0;0,00
ANTONINA;410120001A;PR;Centro;-25,429;-48,71;2025-03-11 08:20:00.0;0,00
ANTONINA;410120001A;PR;Centro;-25,429;-48,71;2025-03-11 09:20:00.0;0,00
ANTONINA;410120001A;PR;Centro;-25,429;-48,71;2025-03-11 10:20:00.0;0,00
ANTONINA;410120001A;PR;Centro;-25,429;-48,71;2025-03-11 10:30:00.0;0,20
ANTONINA;410120001A;PR;Centro;-25,429;-48,71;2025-03-11 11:20:00.0;0,00
ANTONINA;410120001A;PR;Centro;-25,429;-48,71;2025-03-11 12:20:00.0;0,00
ANTONINA;410120001A;PR;Centro;-25,429;-48,71;2025-03-11 13:20:00.0;0,00
ANTONINA;410120001A;PR;Centro;-25,429;-48,71;2025-03-11 14:20:00.0;0,00
ANTONINA;410120001A;PR;Centro;-25,429;-48,71;2025-03-11 15:20:00.0;0,00
ANTONINA;410120001A;PR;Centro;-25,429;-48,71;2025-03-11 16:20:00.0;0,00
ANTONINA;410120001A;PR;Centro;-25,429;-48,71;2025-03-11 17:20:00.0;0,00
ANTONINA;410120001A;PR;Centro;-25,429;-48,71;2025-03-11 18:20:00.0;0,00
ANTONINA;410120001A;PR;Centro;-25,429;-48,71;2025-03-11 19:20:00.0;0,00
ANTONINA;410120001A;PR;Centro;-25,429;-48,71;2025-03-11 20:20:00.0;0,00
ANTONINA;410120001A;PR;Centro;-25,429;-48,71;2025-03-11 21:20:00.0;0,00
ANTONINA;410120001A;PR;Centro;-25,429;-48,71;2025-03-11 22:10:00.0;0,20
ANTONINA;410120001A;PR;Centro;-25,429;-48,71;2025-03-11 22:20:00.0;0,00
ANTONINA;410120001A;PR;Centro;-25,429;-48,71;2025-03-11 22:30:00.0;0,20
ANTONINA;410120001A;PR;Centro;-25,429;-48,71;2025-03-11 22:50:00.0;0,39
ANTONINA;410120001A;PR;Centro;-25,429;-48,71;2025-03-11 23:00:00.0;0,39
ANTONINA;410120001A;PR;Centro;-25,429;-48,71;2025-03-11 23:10:00.0;0,39
ANTONINA;410120001A;PR;Centro;-25,429;-48,71;2025-03-11 23:20:00.0;0,20
ANTONINA;410120001A;PR;Centro;-25,429;-48,71;2025-03-11 23:30:00.0;0,20
ANTONINA;410120001A;PR;Centro;-25,429;-48,71;2025-03-11 23:40:00.0;0,20
ANTONINA;410120001A;PR;Centro;-25,429;-48,71;2025-03-11 23:50:00.0;0,39
ANTONINA;410120001A;PR;Centro;-25,429;-48,71;2025-03-12 00:00:00.0;0,39
ANTONINA;410120001A;PR;Centro;-25,429;-48,71;2025-03-12 00:10:00.0;0,59
ANTONINA;410120001A;PR;Centro;-25,429;-48,71;2025-03-12 00:20:00.0;0,59
ANTONINA;410120001A;PR;Centro;-25,429;-48,71;2025-03-12 00:30:00.0;0,39
ANTONINA;410120001A;PR;Centro;-25,429;-48,71;2025-03-12 00:40:00.0;0,20
ANTONINA;410120001A;PR;Centro;-25,429;-48,71;2025-03-12 01:20:00.0;0,00
ANTONINA;410120001A;PR;Centro;-25,429;-48,71;2025-03-12 02:20:00.0;0,00
ANTONINA;410120001A;PR;Centro;-25,429;-48,71;2025-03-12 03:20:00.0;0,00
ANTONINA;410120001A;PR;Centro;-25,429;-48,71;2025-03-12 04:20:00.0;0,00
ANTONINA;410120001A;PR;Centro;-25,429;-48,71;2025-03-12 05:20:00.0;0,00
ANTONINA;410120001A;PR;Centro;-25,429;-48,71;2025-03-12 06:00:00.0;0,20
ANTONINA;410120001A;PR;Centro;-25,429;-48,71;2025-03-12 06:20:00.0;0,00
ANTONINA;410120001A;PR;Centro;-25,429;-48,71;2025-03-12 07:20:00.0;0,00
ANTONINA;410120001A;PR;Centro;-25,429;-48,71;2025-03-12 08:20:00.0;0,00
ANTONINA;410120001A;PR;Centro;-25,429;-48,71;2025-03-12 09:20:00.0;0,00
ANTONINA;410120001A;PR;Centro;-25,429;-48,71;2025-03-12 10:20:00.0;0,00
ANTONINA;410120001A;PR;Centro;-25,429;-48,71;2025-03-12 11:20:00.0;0,00
ANTONINA;410120001A;PR;Centro;-25,429;-48,71;2025-03-12 12:20:00.0;0,00
ANTONINA;410120001A;PR;Centro;-25,429;-48,71;2025-03-12 13:20:00.0;0,00
ANTONINA;410120001A;PR;Centro;-25,429;-48,71;2025-03-12 14:20:00.0;0,00
ANTONINA;410120001A;PR;Centro;-25,429;-48,71;2025-03-12 15:20:00.0;0,00
ANTONINA;410120001A;PR;Centro;-25,429;-48,71;2025-03-12 16:20:00.0;0,00
ANTONINA;410120001A;PR;Centro;-25,429;-48,71;2025-03-12 17:20:00.0;0,00
ANTONINA;410120001A;PR;Centro;-25,429;-48,71;2025-03-12 18:20:00.0;0,00
ANTONINA;410120001A;PR;Centro;-25,429;-48,71;2025-03-12 19:20:00.0;0,00
ANTONINA;410120001A;PR;Centro;-25,429;-48,71;2025-03-12 20:00:00.0;0,20
ANTONINA;410120001A;PR;Centro;-25,429;-48,71;2025-03-12 20:20:00.0;0,00
ANTONINA;410120001A;PR;Centro;-25,429;-48,71;2025-03-12 21:20:00.0;0,00
ANTONINA;410120001A;PR;Centro;-25,429;-48,71;2025-03-12 22:20:00.0;0,00
ANTONINA;410120001A;PR;Centro;-25,429;-48,71;2025-03-12 23:20:00.0;0,00
ANTONINA;410120001A;PR;Centro;-25,429;-48,71;2025-03-12 23:50:00.0;0,20
ANTONINA;410120001A;PR;Centro;-25,429;-48,71;2025-03-13 00:00:00.0;0,39
ANTONINA;410120001A;PR;Centro;-25,429;-48,71;2025-03-13 00:10:00.0;0,98
ANTONINA;410120001A;PR;Centro;-25,429;-48,71;2025-03-13 00:20:00.0;1,37
ANTONINA;410120001A;PR;Centro;-25,429;-48,71;2025-03-13 00:30:00.0;1,18
ANTONINA;410120001A;PR;Centro;-25,429;-48,71;2025-03-13 00:40:00.0;1,18
ANTONINA;410120001A;PR;Centro;-25,429;-48,71;2025-03-13 00:50:00.0;0,59
ANTONINA;410120001A;PR;Centro;-25,429;-48,71;2025-03-13 01:00:00.0;0,20
ANTONINA;410120001A;PR;Centro;-25,429;-48,71;2025-03-13 01:20:00.0;0,20
ANTONINA;410120001A;PR;Centro;-25,429;-48,71;2025-03-13 01:50:00.0;0,20
ANTONINA;410120001A;PR;Centro;-25,429;-48,71;2025-03-13 02:20:00.0;0,00
ANTONINA;410120001A;PR;Centro;-25,429;-48,71;2025-03-13 02:30:00.0;0,20
ANTONINA;410120001A;PR;Centro;-25,429;-48,71;2025-03-13 02:40:00.0;0,20
ANTONINA;410120001A;PR;Centro;-25,429;-48,71;2025-03-13 02:50:00.0;0,20
ANTONINA;410120001A;PR;Centro;-25,429;-48,71;2025-03-13 03:00:00.0;0,20
ANTONINA;410120001A;PR;Centro;-25,429;-48,71;2025-03-13 03:10:00.0;0,20
ANTONINA;410120001A;PR;Centro;-25,429;-48,71;2025-03-13 03:20:00.0;0,00
ANTONINA;410120001A;PR;Centro;-25,429;-48,71;2025-03-13 03:30:00.0;0,20
ANTONINA;410120001A;PR;Centro;-25,429;-48,71;2025-03-13 04:20:00.0;0,00
ANTONINA;410120001A;PR;Centro;-25,429;-48,71;2025-03-13 05:20:00.0;0,00
ANTONINA;410120001A;PR;Centro;-25,429;-48,71;2025-03-13 06:20:00.0;0,00
ANTONINA;410120001A;PR;Centro;-25,429;-48,71;2025-03-13 07:20:00.0;0,00
ANTONINA;410120001A;PR;Centro;-25,429;-48,71;2025-03-13 08:20:00.0;0,00
ANTONINA;410120001A;PR;Centro;-25,429;-48,71;2025-03-13 08:40:00.0;0,20
ANTONINA;410120001A;PR;Centro;-25,429;-48,71;2025-03-13 09:20:00.0;0,20
ANTONINA;410120001A;PR;Centro;-25,429;-48,71;2025-03-13 09:30:00.0;0,00
ANTONINA;410120001A;PR;Centro;-25,429;-48,71;2025-03-13 09:40:00.0;0,20
ANTONINA;410120001A;PR;Centro;-25,429;-48,71;2025-03-13 09:50:00.0;0,20
ANTONINA;410120001A;PR;Centro;-25,429;-48,71;2025-03-13 10:00:00.0;0,20
ANTONINA;410120001A;PR;Centro;-25,429;-48,71;2025-03-13 10:10:00.0;0,20
ANTONINA;410120001A;PR;Centro;-25,429;-48,71;2025-03-13 10:20:00.0;0,20
ANTONINA;410120001A;PR;Centro;-25,429;-48,71;2025-03-13 10:30:00.0;0,20
ANTONINA;410120001A;PR;Centro;-25,429;-48,71;2025-03-13 10:40:00.0;0,20
ANTONINA;410120001A;PR;Centro;-25,429;-48,71;2025-03-13 10:50:00.0;0,20
ANTONINA;410120001A;PR;Centro;-25,429;-48,71;2025-03-13 11:00:00.0;0,20
ANTONINA;410120001A;PR;Centro;-25,429;-48,71;2025-03-13 11:20:00.0;0,20
ANTONINA;410120001A;PR;Centro;-25,429;-48,71;2025-03-13 11:30:00.0;0,20
ANTONINA;410120001A;PR;Centro;-25,429;-48,71;2025-03-13 12:20:00.0;0,00
ANTONINA;410120001A;PR;Centro;-25,429;-48,71;2025-03-13 13:20:00.0;0,00
ANTONINA;410120001A;PR;Centro;-25,429;-48,71;2025-03-13 14:20:00.0;0,00
ANTONINA;410120001A;PR;Centro;-25,429;-48,71;2025-03-13 15:20:00.0;0,00
ANTONINA;410120001A;PR;Centro;-25,429;-48,71;2025-03-13 16:20:00.0;0,00
ANTONINA;410120001A;PR;Centro;-25,429;-48,71;2025-03-13 17:20:00.0;0,00
ANTONINA;410120001A;PR;Centro;-25,429;-48,71;2025-03-13 18:20:00.0;0,00
ANTONINA;410120001A;PR;Centro;-25,429;-48,71;2025-03-13 19:20:00.0;0,00
ANTONINA;410120001A;PR;Centro;-25,429;-48,71;2025-03-13 20:20:00.0;0,00
ANTONINA;410120001A;PR;Centro;-25,429;-48,71;2025-03-13 21:20:00.0;0,00
ANTONINA;410120001A;PR;Centro;-25,429;-48,71;2025-03-13 22:20:00.0;0,00
ANTONINA;410120001A;PR;Centro;-25,429;-48,71;2025-03-13 23:20:00.0;0,00
ANTONINA;410120001A;PR;Centro;-25,429;-48,71;2025-03-13 23:30:00.0;0,39
ANTONINA;410120001A;PR;Centro;-25,429;-48,71;2025-03-13 23:40:00.0;1,57
ANTONINA;410120001A;PR;Centro;-25,429;-48,71;2025-03-13 23:50:00.0;1,77
ANTONINA;410120001A;PR;Centro;-25,429;-48,71;2025-03-14 00:00:00.0;0,79
ANTONINA;410120001A;PR;Centro;-25,429;-48,71;2025-03-14 00:10:00.0;0,59
ANTONINA;410120001A;PR;Centro;-25,429;-48,71;2025-03-14 00:20:00.0;0,20
ANTONINA;410120001A;PR;Centro;-25,429;-48,71;2025-03-14 00:30:00.0;0,39
ANTONINA;410120001A;PR;Centro;-25,429;-48,71;2025-03-14 00:40:00.0;0,20
ANTONINA;410120001A;PR;Centro;-25,429;-48,71;2025-03-14 00:50:00.0;0,20
ANTONINA;410120001A;PR;Centro;-25,429;-48,71;2025-03-14 01:00:00.0;0,59
ANTONINA;410120001A;PR;Centro;-25,429;-48,71;2025-03-14 01:10:00.0;0,79
ANTONINA;410120001A;PR;Centro;-25,429;-48,71;2025-03-14 01:20:00.0;0,59
ANTONINA;410120001A;PR;Centro;-25,429;-48,71;2025-03-14 01:30:00.0;0,59
ANTONINA;410120001A;PR;Centro;-25,429;-48,71;2025-03-14 01:40:00.0;0,59
ANTONINA;410120001A;PR;Centro;-25,429;-48,71;2025-03-14 01:50:00.0;0,59
ANTONINA;410120001A;PR;Centro;-25,429;-48,71;2025-03-14 02:00:00.0;0,59
ANTONINA;410120001A;PR;Centro;-25,429;-48,71;2025-03-14 02:10:00.0;0,59
ANTONINA;410120001A;PR;Centro;-25,429;-48,71;2025-03-14 02:20:00.0;0,39
ANTONINA;410120001A;PR;Centro;-25,429;-48,71;2025-03-14 02:30:00.0;0,39
ANTONINA;410120001A;PR;Centro;-25,429;-48,71;2025-03-14 03:20:00.0;0,00
ANTONINA;410120001A;PR;Centro;-25,429;-48,71;2025-03-14 04:20:00.0;0,00
ANTONINA;410120001A;PR;Centro;-25,429;-48,71;2025-03-14 05:20:00.0;0,00
ANTONINA;410120001A;PR;Centro;-25,429;-48,71;2025-03-14 06:20:00.0;0,00
ANTONINA;410120001A;PR;Centro;-25,429;-48,71;2025-03-14 07:20:00.0;0,20
ANTONINA;410120001A;PR;Centro;-25,429;-48,71;2025-03-14 08:20:00.0;0,00
ANTONINA;410120001A;PR;Centro;-25,429;-48,71;2025-03-14 09:20:00.0;0,00
ANTONINA;410120001A;PR;Centro;-25,429;-48,71;2025-03-14 10:20:00.0;0,00
ANTONINA;410120001A;PR;Centro;-25,429;-48,71;2025-03-14 11:20:00.0;0,00
ANTONINA;410120001A;PR;Centro;-25,429;-48,71;2025-03-14 12:20:00.0;0,00
ANTONINA;410120001A;PR;Centro;-25,429;-48,71;2025-03-14 13:20:00.0;0,00
ANTONINA;410120001A;PR;Centro;-25,429;-48,71;2025-03-14 14:20:00.0;0,00
ANTONINA;410120001A;PR;Centro;-25,429;-48,71;2025-03-14 15:20:00.0;0,00
ANTONINA;410120001A;PR;Centro;-25,429;-48,71;2025-03-14 16:20:00.0;0,00
ANTONINA;410120001A;PR;Centro;-25,429;-48,71;2025-03-14 17:20:00.0;0,00
ANTONINA;410120001A;PR;Centro;-25,429;-48,71;2025-03-14 18:20:00.0;0,00
ANTONINA;410120001A;PR;Centro;-25,429;-48,71;2025-03-14 19:20:00.0;0,00
ANTONINA;410120001A;PR;Centro;-25,429;-48,71;2025-03-14 20:20:00.0;0,00
ANTONINA;410120001A;PR;Centro;-25,429;-48,71;2025-03-14 21:20:00.0;0,00
ANTONINA;410120001A;PR;Centro;-25,429;-48,71;2025-03-14 22:20:00.0;0,00
ANTONINA;410120001A;PR;Centro;-25,429;-48,71;2025-03-14 23:20:00.0;0,00
ANTONINA;410120001A;PR;Centro;-25,429;-48,71;2025-03-15 00:20:00.0;0,00
ANTONINA;410120001A;PR;Centro;-25,429;-48,71;2025-03-15 01:20:00.0;0,79
ANTONINA;410120001A;PR;Centro;-25,429;-48,71;2025-03-15 01:30:00.0;0,59
ANTONINA;410120001A;PR;Centro;-25,429;-48,71;2025-03-15 01:40:00.0;0,20
ANTONINA;410120001A;PR;Centro;-25,429;-48,71;2025-03-15 02:20:00.0;0,00
ANTONINA;410120001A;PR;Centro;-25,429;-48,71;2025-03-15 02:30:00.0;0,20
ANTONINA;410120001A;PR;Centro;-25,429;-48,71;2025-03-15 03:20:00.0;0,20
ANTONINA;410120001A;PR;Centro;-25,429;-48,71;2025-03-15 03:40:00.0;0,20
ANTONINA;410120001A;PR;Centro;-25,429;-48,71;2025-03-15 03:50:00.0;0,20
ANTONINA;410120001A;PR;Centro;-25,429;-48,71;2025-03-15 04:20:00.0;0,00
ANTONINA;410120001A;PR;Centro;-25,429;-48,71;2025-03-15 05:00:00.0;0,20
ANTONINA;410120001A;PR;Centro;-25,429;-48,71;2025-03-15 05:20:00.0;0,00
ANTONINA;410120001A;PR;Centro;-25,429;-48,71;2025-03-15 05:30:00.0;0,20
ANTONINA;410120001A;PR;Centro;-25,429;-48,71;2025-03-15 05:50:00.0;0,20
ANTONINA;410120001A;PR;Centro;-25,429;-48,71;2025-03-15 06:20:00.0;0,00
ANTONINA;410120001A;PR;Centro;-25,429;-48,71;2025-03-15 07:20:00.0;0,00
ANTONINA;410120001A;PR;Centro;-25,429;-48,71;2025-03-15 08:20:00.0;0,00
ANTONINA;410120001A;PR;Centro;-25,429;-48,71;2025-03-15 09:20:00.0;0,00
ANTONINA;410120001A;PR;Centro;-25,429;-48,71;2025-03-15 09:50:00.0;0,20
ANTONINA;410120001A;PR;Centro;-25,429;-48,71;2025-03-15 10:20:00.0;0,00
ANTONINA;410120001A;PR;Centro;-25,429;-48,71;2025-03-15 11:20:00.0;0,00
ANTONINA;410120001A;PR;Centro;-25,429;-48,71;2025-03-15 12:20:00.0;0,00
ANTONINA;410120001A;PR;Centro;-25,429;-48,71;2025-03-15 13:20:00.0;0,00
ANTONINA;410120001A;PR;Centro;-25,429;-48,71;2025-03-15 14:20:00.0;0,00
ANTONINA;410120001A;PR;Centro;-25,429;-48,71;2025-03-15 15:20:00.0;0,00
ANTONINA;410120001A;PR;Centro;-25,429;-48,71;2025-03-15 16:20:00.0;0,00
ANTONINA;410120001A;PR;Centro;-25,429;-48,71;2025-03-15 17:20:00.0;0,00
ANTONINA;410120001A;PR;Centro;-25,429;-48,71;2025-03-15 18:20:00.0;0,00
ANTONINA;410120001A;PR;Centro;-25,429;-48,71;2025-03-15 19:20:00.0;0,00
ANTONINA;410120001A;PR;Centro;-25,429;-48,71;2025-03-15 20:20:00.0;0,00
ANTONINA;410120001A;PR;Centro;-25,429;-48,71;2025-03-15 21:20:00.0;0,00
ANTONINA;410120001A;PR;Centro;-25,429;-48,71;2025-03-15 22:20:00.0;0,00
ANTONINA;410120001A;PR;Centro;-25,429;-48,71;2025-03-15 23:20:00.0;0,00
ANTONINA;410120001A;PR;Centro;-25,429;-48,71;2025-03-16 00:20:00.0;0,00
ANTONINA;410120001A;PR;Centro;-25,429;-48,71;2025-03-16 01:20:00.0;0,00
ANTONINA;410120001A;PR;Centro;-25,429;-48,71;2025-03-16 02:20:00.0;0,00
ANTONINA;410120001A;PR;Centro;-25,429;-48,71;2025-03-16 02:40:00.0;0,20
ANTONINA;410120001A;PR;Centro;-25,429;-48,71;2025-03-16 03:20:00.0;0,00
ANTONINA;410120001A;PR;Centro;-25,429;-48,71;2025-03-16 04:20:00.0;0,00
ANTONINA;410120001A;PR;Centro;-25,429;-48,71;2025-03-16 05:20:00.0;0,00
ANTONINA;410120001A;PR;Centro;-25,429;-48,71;2025-03-16 06:20:00.0;0,00
ANTONINA;410120001A;PR;Centro;-25,429;-48,71;2025-03-16 07:20:00.0;0,00
ANTONINA;410120001A;PR;Centro;-25,429;-48,71;2025-03-16 08:20:00.0;0,00
ANTONINA;410120001A;PR;Centro;-25,429;-48,71;2025-03-16 09:20:00.0;0,00
ANTONINA;410120001A;PR;Centro;-25,429;-48,71;2025-03-16 10:20:00.0;0,00
ANTONINA;410120001A;PR;Centro;-25,429;-48,71;2025-03-16 11:20:00.0;0,00
ANTONINA;410120001A;PR;Centro;-25,429;-48,71;2025-03-16 12:20:00.0;0,00
ANTONINA;410120001A;PR;Centro;-25,429;-48,71;2025-03-16 13:20:00.0;0,00
ANTONINA;410120001A;PR;Centro;-25,429;-48,71;2025-03-16 14:20:00.0;0,00
ANTONINA;410120001A;PR;Centro;-25,429;-48,71;2025-03-16 15:20:00.0;0,00
ANTONINA;410120001A;PR;Centro;-25,429;-48,71;2025-03-16 16:20:00.0;0,00
ANTONINA;410120001A;PR;Centro;-25,429;-48,71;2025-03-16 17:20:00.0;0,00
ANTONINA;410120001A;PR;Centro;-25,429;-48,71;2025-03-16 18:20:00.0;0,00
ANTONINA;410120001A;PR;Centro;-25,429;-48,71;2025-03-16 19:00:00.0;0,20
ANTONINA;410120001A;PR;Centro;-25,429;-48,71;2025-03-16 19:20:00.0;0,00
ANTONINA;410120001A;PR;Centro;-25,429;-48,71;2025-03-16 19:30:00.0;0,20
ANTONINA;410120001A;PR;Centro;-25,429;-48,71;2025-03-16 20:20:00.0;0,20
ANTONINA;410120001A;PR;Centro;-25,429;-48,71;2025-03-16 21:20:00.0;0,00
ANTONINA;410120001A;PR;Centro;-25,429;-48,71;2025-03-16 22:20:00.0;0,00
ANTONINA;410120001A;PR;Centro;-25,429;-48,71;2025-03-16 23:20:00.0;0,00
ANTONINA;410120001A;PR;Centro;-25,429;-48,71;2025-03-17 00:20:00.0;0,00
ANTONINA;410120001A;PR;Centro;-25,429;-48,71;2025-03-17 01:20:00.0;0,00
ANTONINA;410120001A;PR;Centro;-25,429;-48,71;2025-03-17 02:20:00.0;0,00
ANTONINA;410120001A;PR;Centro;-25,429;-48,71;2025-03-17 02:50:00.0;0,20
ANTONINA;410120001A;PR;Centro;-25,429;-48,71;2025-03-17 03:20:00.0;0,00
ANTONINA;410120001A;PR;Centro;-25,429;-48,71;2025-03-17 04:20:00.0;0,00
ANTONINA;410120001A;PR;Centro;-25,429;-48,71;2025-03-17 05:20:00.0;0,00
ANTONINA;410120001A;PR;Centro;-25,429;-48,71;2025-03-17 06:20:00.0;0,00
ANTONINA;410120001A;PR;Centro;-25,429;-48,71;2025-03-17 07:20:00.0;0,00
ANTONINA;410120001A;PR;Centro;-25,429;-48,71;2025-03-17 08:20:00.0;0,00
ANTONINA;410120001A;PR;Centro;-25,429;-48,71;2025-03-17 09:20:00.0;0,00
ANTONINA;410120001A;PR;Centro;-25,429;-48,71;2025-03-17 10:20:00.0;0,00
ANTONINA;410120001A;PR;Centro;-25,429;-48,71;2025-03-17 11:20:00.0;0,00
ANTONINA;410120001A;PR;Centro;-25,429;-48,71;2025-03-17 12:20:00.0;0,00
ANTONINA;410120001A;PR;Centro;-25,429;-48,71;2025-03-17 13:20:00.0;0,00
ANTONINA;410120001A;PR;Centro;-25,429;-48,71;2025-03-17 14:20:00.0;0,00
ANTONINA;410120001A;PR;Centro;-25,429;-48,71;2025-03-17 15:20:00.0;0,00
ANTONINA;410120001A;PR;Centro;-25,429;-48,71;2025-03-17 16:20:00.0;0,00
ANTONINA;410120001A;PR;Centro;-25,429;-48,71;2025-03-17 17:20:00.0;0,00
ANTONINA;410120001A;PR;Centro;-25,429;-48,71;2025-03-17 18:20:00.0;0,00
ANTONINA;410120001A;PR;Centro;-25,429;-48,71;2025-03-17 19:20:00.0;0,00
ANTONINA;410120001A;PR;Centro;-25,429;-48,71;2025-03-17 20:20:00.0;0,00
ANTONINA;410120001A;PR;Centro;-25,429;-48,71;2025-03-17 21:20:00.0;0,00
ANTONINA;410120001A;PR;Centro;-25,429;-48,71;2025-03-17 22:20:00.0;0,00
ANTONINA;410120001A;PR;Centro;-25,429;-48,71;2025-03-17 23:20:00.0;0,00
ANTONINA;410120001A;PR;Centro;-25,429;-48,71;2025-03-18 00:20:00.0;0,00
ANTONINA;410120001A;PR;Centro;-25,429;-48,71;2025-03-18 01:20:00.0;0,00
ANTONINA;410120001A;PR;Centro;-25,429;-48,71;2025-03-18 02:20:00.0;0,00
ANTONINA;410120001A;PR;Centro;-25,429;-48,71;2025-03-18 03:20:00.0;0,00
ANTONINA;410120001A;PR;Centro;-25,429;-48,71;2025-03-18 04:20:00.0;0,00
ANTONINA;410120001A;PR;Centro;-25,429;-48,71;2025-03-18 05:20:00.0;0,00
ANTONINA;410120001A;PR;Centro;-25,429;-48,71;2025-03-18 06:20:00.0;0,00
ANTONINA;410120001A;PR;Centro;-25,429;-48,71;2025-03-18 07:20:00.0;0,00
ANTONINA;410120001A;PR;Centro;-25,429;-48,71;2025-03-18 08:20:00.0;0,00
ANTONINA;410120001A;PR;Centro;-25,429;-48,71;2025-03-18 09:20:00.0;0,00
ANTONINA;410120001A;PR;Centro;-25,429;-48,71;2025-03-18 10:20:00.0;0,00
ANTONINA;410120001A;PR;Centro;-25,429;-48,71;2025-03-18 11:20:00.0;0,00
ANTONINA;410120001A;PR;Centro;-25,429;-48,71;2025-03-18 12:20:00.0;0,00
ANTONINA;410120001A;PR;Centro;-25,429;-48,71;2025-03-18 13:20:00.0;0,00
ANTONINA;410120001A;PR;Centro;-25,429;-48,71;2025-03-18 14:20:00.0;0,00
ANTONINA;410120001A;PR;Centro;-25,429;-48,71;2025-03-18 15:20:00.0;0,00
ANTONINA;410120001A;PR;Centro;-25,429;-48,71;2025-03-18 16:20:00.0;0,00
ANTONINA;410120001A;PR;Centro;-25,429;-48,71;2025-03-18 17:20:00.0;0,00
ANTONINA;410120001A;PR;Centro;-25,429;-48,71;2025-03-18 18:20:00.0;0,00
ANTONINA;410120001A;PR;Centro;-25,429;-48,71;2025-03-18 19:20:00.0;0,00
ANTONINA;410120001A;PR;Centro;-25,429;-48,71;2025-03-18 20:00:00.0;2,36
ANTONINA;410120001A;PR;Centro;-25,429;-48,71;2025-03-18 20:10:00.0;12,60
ANTONINA;410120001A;PR;Centro;-25,429;-48,71;2025-03-18 20:20:00.0;5,73
ANTONINA;410120001A;PR;Centro;-25,429;-48,71;2025-03-18 20:30:00.0;0,79
ANTONINA;410120001A;PR;Centro;-25,429;-48,71;2025-03-18 20:40:00.0;0,20
ANTONINA;410120001A;PR;Centro;-25,429;-48,71;2025-03-18 20:50:00.0;0,39
ANTONINA;410120001A;PR;Centro;-25,429;-48,71;2025-03-18 21:00:00.0;0,20
ANTONINA;410120001A;PR;Centro;-25,429;-48,71;2025-03-18 22:30:00.0;0,00
ANTONINA;410120001A;PR;Centro;-25,429;-48,71;2025-03-18 23:20:00.0;0,00
ANTONINA;410120001A;PR;Centro;-25,429;-48,71;2025-03-18 23:50:00.0;0,20
ANTONINA;410120001A;PR;Centro;-25,429;-48,71;2025-03-19 00:20:00.0;0,00
ANTONINA;410120001A;PR;Centro;-25,429;-48,71;2025-03-19 01:20:00.0;0,00
ANTONINA;410120001A;PR;Centro;-25,429;-48,71;2025-03-19 02:20:00.0;0,00
ANTONINA;410120001A;PR;Centro;-25,429;-48,71;2025-03-19 03:20:00.0;0,00
ANTONINA;410120001A;PR;Centro;-25,429;-48,71;2025-03-19 04:20:00.0;0,00
ANTONINA;410120001A;PR;Centro;-25,429;-48,71;2025-03-19 05:20:00.0;0,00
ANTONINA;410120001A;PR;Centro;-25,429;-48,71;2025-03-19 06:20:00.0;0,00
ANTONINA;410120001A;PR;Centro;-25,429;-48,71;2025-03-19 07:20:00.0;0,00
ANTONINA;410120001A;PR;Centro;-25,429;-48,71;2025-03-19 07:50:00.0;0,20
ANTONINA;410120001A;PR;Centro;-25,429;-48,71;2025-03-19 08:20:00.0;0,00
ANTONINA;410120001A;PR;Centro;-25,429;-48,71;2025-03-19 09:20:00.0;0,00
ANTONINA;410120001A;PR;Centro;-25,429;-48,71;2025-03-19 10:20:00.0;0,00
ANTONINA;410120001A;PR;Centro;-25,429;-48,71;2025-03-19 11:20:00.0;0,00
ANTONINA;410120001A;PR;Centro;-25,429;-48,71;2025-03-19 12:20:00.0;0,00
ANTONINA;410120001A;PR;Centro;-25,429;-48,71;2025-03-19 13:20:00.0;0,00
ANTONINA;410120001A;PR;Centro;-25,429;-48,71;2025-03-19 14:20:00.0;0,00
ANTONINA;410120001A;PR;Centro;-25,429;-48,71;2025-03-19 15:20:00.0;0,00
ANTONINA;410120001A;PR;Centro;-25,429;-48,71;2025-03-19 16:20:00.0;0,00
ANTONINA;410120001A;PR;Centro;-25,429;-48,71;2025-03-19 17:20:00.0;0,00
ANTONINA;410120001A;PR;Centro;-25,429;-48,71;2025-03-19 18:20:00.0;0,00
ANTONINA;410120001A;PR;Centro;-25,429;-48,71;2025-03-19 19:20:00.0;0,00
ANTONINA;410120001A;PR;Centro;-25,429;-48,71;2025-03-19 20:20:00.0;0,00
ANTONINA;410120001A;PR;Centro;-25,429;-48,71;2025-03-19 21:20:00.0;0,00
ANTONINA;410120001A;PR;Centro;-25,429;-48,71;2025-03-19 22:20:00.0;0,00
ANTONINA;410120001A;PR;Centro;-25,429;-48,71;2025-03-19 23:20:00.0;0,00
ANTONINA;410120001A;PR;Centro;-25,429;-48,71;2025-03-20 00:20:00.0;0,00
ANTONINA;410120001A;PR;Centro;-25,429;-48,71;2025-03-20 01:20:00.0;0,00
ANTONINA;410120001A;PR;Centro;-25,429;-48,71;2025-03-20 02:20:00.0;0,00
ANTONINA;410120001A;PR;Centro;-25,429;-48,71;2025-03-20 02:50:00.0;0,20
ANTONINA;410120001A;PR;Centro;-25,429;-48,71;2025-03-20 03:20:00.0;0,00
ANTONINA;410120001A;PR;Centro;-25,429;-48,71;2025-03-20 04:20:00.0;0,00
ANTONINA;410120001A;PR;Centro;-25,429;-48,71;2025-03-20 05:20:00.0;0,00
ANTONINA;410120001A;PR;Centro;-25,429;-48,71;2025-03-20 06:20:00.0;0,00
ANTONINA;410120001A;PR;Centro;-25,429;-48,71;2025-03-20 07:20:00.0;0,00
ANTONINA;410120001A;PR;Centro;-25,429;-48,71;2025-03-20 08:20:00.0;0,00
ANTONINA;410120001A;PR;Centro;-25,429;-48,71;2025-03-20 09:20:00.0;0,00
ANTONINA;410120001A;PR;Centro;-25,429;-48,71;2025-03-20 10:20:00.0;0,00
ANTONINA;410120001A;PR;Centro;-25,429;-48,71;2025-03-20 11:20:00.0;0,00
ANTONINA;410120001A;PR;Centro;-25,429;-48,71;2025-03-20 11:30:00.0;0,20
ANTONINA;410120001A;PR;Centro;-25,429;-48,71;2025-03-20 11:40:00.0;0,39
ANTONINA;410120001A;PR;Centro;-25,429;-48,71;2025-03-20 11:50:00.0;0,20
ANTONINA;410120001A;PR;Centro;-25,429;-48,71;2025-03-20 12:20:00.0;0,00
ANTONINA;410120001A;PR;Centro;-25,429;-48,71;2025-03-20 13:20:00.0;0,00
ANTONINA;410120001A;PR;Centro;-25,429;-48,71;2025-03-20 14:20:00.0;0,00
ANTONINA;410120001A;PR;Centro;-25,429;-48,71;2025-03-20 15:20:00.0;0,00
ANTONINA;410120001A;PR;Centro;-25,429;-48,71;2025-03-20 16:20:00.0;0,00
ANTONINA;410120001A;PR;Centro;-25,429;-48,71;2025-03-20 17:20:00.0;0,00
ANTONINA;410120001A;PR;Centro;-25,429;-48,71;2025-03-20 18:20:00.0;0,00
ANTONINA;410120001A;PR;Centro;-25,429;-48,71;2025-03-20 19:20:00.0;0,00
ANTONINA;410120001A;PR;Centro;-25,429;-48,71;2025-03-20 20:20:00.0;0,00
ANTONINA;410120001A;PR;Centro;-25,429;-48,71;2025-03-20 21:20:00.0;0,00
ANTONINA;410120001A;PR;Centro;-25,429;-48,71;2025-03-20 22:20:00.0;0,00
ANTONINA;410120001A;PR;Centro;-25,429;-48,71;2025-03-20 23:20:00.0;0,00
ANTONINA;410120001A;PR;Centro;-25,429;-48,71;2025-03-21 00:20:00.0;0,00
ANTONINA;410120001A;PR;Centro;-25,429;-48,71;2025-03-21 01:20:00.0;0,00
ANTONINA;410120001A;PR;Centro;-25,429;-48,71;2025-03-21 02:20:00.0;0,00
ANTONINA;410120001A;PR;Centro;-25,429;-48,71;2025-03-21 03:20:00.0;0,00
ANTONINA;410120001A;PR;Centro;-25,429;-48,71;2025-03-21 04:20:00.0;0,00
ANTONINA;410120001A;PR;Centro;-25,429;-48,71;2025-03-21 05:20:00.0;0,00
ANTONINA;410120001A;PR;Centro;-25,429;-48,71;2025-03-21 06:20:00.0;0,00
ANTONINA;410120001A;PR;Centro;-25,429;-48,71;2025-03-21 07:20:00.0;0,00
ANTONINA;410120001A;PR;Centro;-25,429;-48,71;2025-03-21 08:20:00.0;0,00
ANTONINA;410120001A;PR;Centro;-25,429;-48,71;2025-03-21 09:20:00.0;0,00
ANTONINA;410120001A;PR;Centro;-25,429;-48,71;2025-03-21 10:20:00.0;0,00
ANTONINA;410120001A;PR;Centro;-25,429;-48,71;2025-03-21 11:20:00.0;0,00
ANTONINA;410120001A;PR;Centro;-25,429;-48,71;2025-03-21 12:20:00.0;0,00
ANTONINA;410120001A;PR;Centro;-25,429;-48,71;2025-03-21 13:20:00.0;0,00
ANTONINA;410120001A;PR;Centro;-25,429;-48,71;2025-03-21 14:20:00.0;0,00
ANTONINA;410120001A;PR;Centro;-25,429;-48,71;2025-03-21 15:20:00.0;0,00
ANTONINA;410120001A;PR;Centro;-25,429;-48,71;2025-03-21 16:20:00.0;0,00
ANTONINA;410120001A;PR;Centro;-25,429;-48,71;2025-03-21 17:20:00.0;0,00
ANTONINA;410120001A;PR;Centro;-25,429;-48,71;2025-03-21 18:20:00.0;0,00
ANTONINA;410120001A;PR;Centro;-25,429;-48,71;2025-03-21 19:20:00.0;0,00
ANTONINA;410120001A;PR;Centro;-25,429;-48,71;2025-03-21 20:20:00.0;0,00
ANTONINA;410120001A;PR;Centro;-25,429;-48,71;2025-03-21 21:20:00.0;0,00
ANTONINA;410120001A;PR;Centro;-25,429;-48,71;2025-03-21 22:20:00.0;0,00
ANTONINA;410120001A;PR;Centro;-25,429;-48,71;2025-03-21 23:20:00.0;0,00
ANTONINA;410120001A;PR;Centro;-25,429;-48,71;2025-03-22 00:20:00.0;0,00
ANTONINA;410120001A;PR;Centro;-25,429;-48,71;2025-03-22 01:20:00.0;0,00
ANTONINA;410120001A;PR;Centro;-25,429;-48,71;2025-03-22 02:20:00.0;0,00
ANTONINA;410120001A;PR;Centro;-25,429;-48,71;2025-03-22 03:20:00.0;0,00
ANTONINA;410120001A;PR;Centro;-25,429;-48,71;2025-03-22 04:20:00.0;0,00
ANTONINA;410120001A;PR;Centro;-25,429;-48,71;2025-03-22 05:20:00.0;0,00
ANTONINA;410120001A;PR;Centro;-25,429;-48,71;2025-03-22 06:20:00.0;0,00
ANTONINA;410120001A;PR;Centro;-25,429;-48,71;2025-03-22 07:20:00.0;0,00
ANTONINA;410120001A;PR;Centro;-25,429;-48,71;2025-03-22 08:20:00.0;0,00
ANTONINA;410120001A;PR;Centro;-25,429;-48,71;2025-03-22 09:20:00.0;0,00
ANTONINA;410120001A;PR;Centro;-25,429;-48,71;2025-03-22 10:20:00.0;0,00
ANTONINA;410120001A;PR;Centro;-25,429;-48,71;2025-03-22 11:20:00.0;0,00
ANTONINA;410120001A;PR;Centro;-25,429;-48,71;2025-03-22 12:20:00.0;0,00
ANTONINA;410120001A;PR;Centro;-25,429;-48,71;2025-03-22 13:20:00.0;0,00
ANTONINA;410120001A;PR;Centro;-25,429;-48,71;2025-03-22 14:20:00.0;0,00
ANTONINA;410120001A;PR;Centro;-25,429;-48,71;2025-03-22 15:20:00.0;0,00
ANTONINA;410120001A;PR;Centro;-25,429;-48,71;2025-03-22 16:20:00.0;0,00
ANTONINA;410120001A;PR;Centro;-25,429;-48,71;2025-03-22 17:20:00.0;0,00
ANTONINA;410120001A;PR;Centro;-25,429;-48,71;2025-03-22 18:20:00.0;0,00
ANTONINA;410120001A;PR;Centro;-25,429;-48,71;2025-03-22 19:20:00.0;0,00
ANTONINA;410120001A;PR;Centro;-25,429;-48,71;2025-03-22 20:20:00.0;0,00
ANTONINA;410120001A;PR;Centro;-25,429;-48,71;2025-03-22 21:20:00.0;0,00
ANTONINA;410120001A;PR;Centro;-25,429;-48,71;2025-03-22 22:20:00.0;0,00
ANTONINA;410120001A;PR;Centro;-25,429;-48,71;2025-03-22 23:20:00.0;0,00
ANTONINA;410120001A;PR;Centro;-25,429;-48,71;2025-03-23 00:20:00.0;0,00
ANTONINA;410120001A;PR;Centro;-25,429;-48,71;2025-03-23 01:20:00.0;0,00
ANTONINA;410120001A;PR;Centro;-25,429;-48,71;2025-03-23 02:20:00.0;0,00
ANTONINA;410120001A;PR;Centro;-25,429;-48,71;2025-03-23 03:20:00.0;0,00
ANTONINA;410120001A;PR;Centro;-25,429;-48,71;2025-03-23 04:20:00.0;0,00
ANTONINA;410120001A;PR;Centro;-25,429;-48,71;2025-03-23 05:20:00.0;0,00
ANTONINA;410120001A;PR;Centro;-25,429;-48,71;2025-03-23 06:20:00.0;0,00
ANTONINA;410120001A;PR;Centro;-25,429;-48,71;2025-03-23 07:20:00.0;0,00
ANTONINA;410120001A;PR;Centro;-25,429;-48,71;2025-03-23 08:20:00.0;0,00
ANTONINA;410120001A;PR;Centro;-25,429;-48,71;2025-03-23 09:20:00.0;0,00
ANTONINA;410120001A;PR;Centro;-25,429;-48,71;2025-03-23 10:20:00.0;0,00
ANTONINA;410120001A;PR;Centro;-25,429;-48,71;2025-03-23 11:20:00.0;0,00
ANTONINA;410120001A;PR;Centro;-25,429;-48,71;2025-03-23 12:20:00.0;0,00
ANTONINA;410120001A;PR;Centro;-25,429;-48,71;2025-03-23 13:20:00.0;0,00
ANTONINA;410120001A;PR;Centro;-25,429;-48,71;2025-03-23 14:20:00.0;0,00
ANTONINA;410120001A;PR;Centro;-25,429;-48,71;2025-03-23 15:20:00.0;0,00
ANTONINA;410120001A;PR;Centro;-25,429;-48,71;2025-03-23 16:20:00.0;0,00
ANTONINA;410120001A;PR;Centro;-25,429;-48,71;2025-03-23 17:20:00.0;0,00
ANTONINA;410120001A;PR;Centro;-25,429;-48,71;2025-03-23 18:20:00.0;0,00
ANTONINA;410120001A;PR;Centro;-25,429;-48,71;2025-03-23 19:20:00.0;0,00
ANTONINA;410120001A;PR;Centro;-25,429;-48,71;2025-03-23 20:20:00.0;0,00
ANTONINA;410120001A;PR;Centro;-25,429;-48,71;2025-03-23 21:20:00.0;0,00
ANTONINA;410120001A;PR;Centro;-25,429;-48,71;2025-03-23 22:20:00.0;0,00
ANTONINA;410120001A;PR;Centro;-25,429;-48,71;2025-03-23 23:20:00.0;0,00
ANTONINA;410120001A;PR;Centro;-25,429;-48,71;2025-03-24 00:20:00.0;0,00
ANTONINA;410120001A;PR;Centro;-25,429;-48,71;2025-03-24 01:20:00.0;0,00
ANTONINA;410120001A;PR;Centro;-25,429;-48,71;2025-03-24 02:20:00.0;0,00
ANTONINA;410120001A;PR;Centro;-25,429;-48,71;2025-03-24 03:20:00.0;0,00
ANTONINA;410120001A;PR;Centro;-25,429;-48,71;2025-03-24 04:20:00.0;0,00
ANTONINA;410120001A;PR;Centro;-25,429;-48,71;2025-03-24 05:20:00.0;0,00
ANTONINA;410120001A;PR;Centro;-25,429;-48,71;2025-03-24 06:20:00.0;0,00
ANTONINA;410120001A;PR;Centro;-25,429;-48,71;2025-03-24 07:20:00.0;0,00
ANTONINA;410120001A;PR;Centro;-25,429;-48,71;2025-03-24 08:20:00.0;0,00
ANTONINA;410120001A;PR;Centro;-25,429;-48,71;2025-03-24 09:20:00.0;0,00
ANTONINA;410120001A;PR;Centro;-25,429;-48,71;2025-03-24 10:20:00.0;0,00
ANTONINA;410120001A;PR;Centro;-25,429;-48,71;2025-03-24 11:20:00.0;0,00
ANTONINA;410120001A;PR;Centro;-25,429;-48,71;2025-03-24 12:20:00.0;0,00
ANTONINA;410120001A;PR;Centro;-25,429;-48,71;2025-03-24 13:20:00.0;0,00
ANTONINA;410120001A;PR;Centro;-25,429;-48,71;2025-03-24 14:20:00.0;0,00
ANTONINA;410120001A;PR;Centro;-25,429;-48,71;2025-03-24 15:20:00.0;0,00
ANTONINA;410120001A;PR;Centro;-25,429;-48,71;2025-03-24 16:20:00.0;0,00
ANTONINA;410120001A;PR;Centro;-25,429;-48,71;2025-03-24 17:20:00.0;0,00
ANTONINA;410120001A;PR;Centro;-25,429;-48,71;2025-03-24 18:20:00.0;0,00
ANTONINA;410120001A;PR;Centro;-25,429;-48,71;2025-03-24 19:20:00.0;0,00
ANTONINA;410120001A;PR;Centro;-25,429;-48,71;2025-03-24 20:20:00.0;0,00
ANTONINA;410120001A;PR;Centro;-25,429;-48,71;2025-03-24 21:20:00.0;0,00
ANTONINA;410120001A;PR;Centro;-25,429;-48,71;2025-03-24 22:20:00.0;0,00
ANTONINA;410120001A;PR;Centro;-25,429;-48,71;2025-03-24 23:20:00.0;0,00
ANTONINA;410120001A;PR;Centro;-25,429;-48,71;2025-03-25 00:20:00.0;0,00
ANTONINA;410120001A;PR;Centro;-25,429;-48,71;2025-03-25 01:20:00.0;0,00
ANTONINA;410120001A;PR;Centro;-25,429;-48,71;2025-03-25 02:20:00.0;0,00
ANTONINA;410120001A;PR;Centro;-25,429;-48,71;2025-03-25 03:20:00.0;0,00
ANTONINA;410120001A;PR;Centro;-25,429;-48,71;2025-03-25 04:20:00.0;0,00
ANTONINA;410120001A;PR;Centro;-25,429;-48,71;2025-03-25 05:20:00.0;0,00
ANTONINA;410120001A;PR;Centro;-25,429;-48,71;2025-03-25 06:20:00.0;0,00
ANTONINA;410120001A;PR;Centro;-25,429;-48,71;2025-03-25 07:20:00.0;0,00
ANTONINA;410120001A;PR;Centro;-25,429;-48,71;2025-03-25 08:20:00.0;0,00
ANTONINA;410120001A;PR;Centro;-25,429;-48,71;2025-03-25 09:10:00.0;0,20
ANTONINA;410120001A;PR;Centro;-25,429;-48,71;2025-03-25 09:20:00.0;0,00
ANTONINA;410120001A;PR;Centro;-25,429;-48,71;2025-03-25 09:30:00.0;0,20
ANTONINA;410120001A;PR;Centro;-25,429;-48,71;2025-03-25 10:20:00.0;0,00
ANTONINA;410120001A;PR;Centro;-25,429;-48,71;2025-03-25 11:10:00.0;0,20
ANTONINA;410120001A;PR;Centro;-25,429;-48,71;2025-03-25 12:20:00.0;0,00
ANTONINA;410120001A;PR;Centro;-25,429;-48,71;2025-03-25 13:20:00.0;0,00
ANTONINA;410120001A;PR;Centro;-25,429;-48,71;2025-03-25 14:20:00.0;0,00
ANTONINA;410120001A;PR;Centro;-25,429;-48,71;2025-03-25 15:20:00.0;0,00
ANTONINA;410120001A;PR;Centro;-25,429;-48,71;2025-03-25 16:20:00.0;0,00
ANTONINA;410120001A;PR;Centro;-25,429;-48,71;2025-03-25 17:20:00.0;0,00
ANTONINA;410120001A;PR;Centro;-25,429;-48,71;2025-03-25 18:20:00.0;0,00
ANTONINA;410120001A;PR;Centro;-25,429;-48,71;2025-03-25 19:20:00.0;0,00
ANTONINA;410120001A;PR;Centro;-25,429;-48,71;2025-03-25 20:20:00.0;0,00
ANTONINA;410120001A;PR;Centro;-25,429;-48,71;2025-03-25 21:20:00.0;0,00
ANTONINA;410120001A;PR;Centro;-25,429;-48,71;2025-03-25 22:20:00.0;0,00
ANTONINA;410120001A;PR;Centro;-25,429;-48,71;2025-03-25 23:20:00.0;0,00
ANTONINA;410120001A;PR;Centro;-25,429;-48,71;2025-03-26 00:20:00.0;0,00
ANTONINA;410120001A;PR;Centro;-25,429;-48,71;2025-03-26 01:20:00.0;0,00
ANTONINA;410120001A;PR;Centro;-25,429;-48,71;2025-03-26 02:20:00.0;0,00
ANTONINA;410120001A;PR;Centro;-25,429;-48,71;2025-03-26 03:10:00.0;0,20
ANTONINA;410120001A;PR;Centro;-25,429;-48,71;2025-03-26 03:20:00.0;0,20
ANTONINA;410120001A;PR;Centro;-25,429;-48,71;2025-03-26 03:30:00.0;0,98
ANTONINA;410120001A;PR;Centro;-25,429;-48,71;2025-03-26 03:40:00.0;0,20
ANTONINA;410120001A;PR;Centro;-25,429;-48,71;2025-03-26 03:50:00.0;4,53
ANTONINA;410120001A;PR;Centro;-25,429;-48,71;2025-03-26 04:00:00.0;1,57
ANTONINA;410120001A;PR;Centro;-25,429;-48,71;2025-03-26 04:10:00.0;4,14
ANTONINA;410120001A;PR;Centro;-25,429;-48,71;2025-03-26 04:20:00.0;5,31
ANTONINA;410120001A;PR;Centro;-25,429;-48,71;2025-03-26 04:30:00.0;4,92
ANTONINA;410120001A;PR;Centro;-25,429;-48,71;2025-03-26 04:40:00.0;4,14
ANTONINA;410120001A;PR;Centro;-25,429;-48,71;2025-03-26 04:50:00.0;3,15
ANTONINA;410120001A;PR;Centro;-25,429;-48,71;2025-03-26 05:00:00.0;1,96
ANTONINA;410120001A;PR;Centro;-25,429;-48,71;2025-03-26 05:10:00.0;1,57
ANTONINA;410120001A;PR;Centro;-25,429;-48,71;2025-03-26 05:20:00.0;1,18
ANTONINA;410120001A;PR;Centro;-25,429;-48,71;2025-03-26 05:30:00.0;0,79
ANTONINA;410120001A;PR;Centro;-25,429;-48,71;2025-03-26 05:40:00.0;0,59
ANTONINA;410120001A;PR;Centro;-25,429;-48,71;2025-03-26 06:20:00.0;0,00
ANTONINA;410120001A;PR;Centro;-25,429;-48,71;2025-03-26 07:20:00.0;0,00
ANTONINA;410120001A;PR;Centro;-25,429;-48,71;2025-03-26 08:20:00.0;0,00
ANTONINA;410120001A;PR;Centro;-25,429;-48,71;2025-03-26 09:20:00.0;0,00
ANTONINA;410120001A;PR;Centro;-25,429;-48,71;2025-03-26 10:20:00.0;0,00
ANTONINA;410120001A;PR;Centro;-25,429;-48,71;2025-03-26 10:30:00.0;0,20
ANTONINA;410120001A;PR;Centro;-25,429;-48,71;2025-03-26 11:20:00.0;0,00
ANTONINA;410120001A;PR;Centro;-25,429;-48,71;2025-03-26 12:20:00.0;0,00
ANTONINA;410120001A;PR;Centro;-25,429;-48,71;2025-03-26 12:50:00.0;0,20
ANTONINA;410120001A;PR;Centro;-25,429;-48,71;2025-03-26 13:20:00.0;0,00
ANTONINA;410120001A;PR;Centro;-25,429;-48,71;2025-03-26 14:20:00.0;0,00
ANTONINA;410120001A;PR;Centro;-25,429;-48,71;2025-03-26 15:20:00.0;0,00
ANTONINA;410120001A;PR;Centro;-25,429;-48,71;2025-03-26 16:20:00.0;0,00
ANTONINA;410120001A;PR;Centro;-25,429;-48,71;2025-03-26 17:20:00.0;0,00
ANTONINA;410120001A;PR;Centro;-25,429;-48,71;2025-03-26 18:20:00.0;0,00
ANTONINA;410120001A;PR;Centro;-25,429;-48,71;2025-03-26 19:20:00.0;0,00
ANTONINA;410120001A;PR;Centro;-25,429;-48,71;2025-03-26 20:20:00.0;0,00
ANTONINA;410120001A;PR;Centro;-25,429;-48,71;2025-03-26 21:20:00.0;0,00
ANTONINA;410120001A;PR;Centro;-25,429;-48,71;2025-03-26 22:20:00.0;0,00
ANTONINA;410120001A;PR;Centro;-25,429;-48,71;2025-03-26 23:20:00.0;0,00
ANTONINA;410120001A;PR;Centro;-25,429;-48,71;2025-03-27 00:20:00.0;0,00
ANTONINA;410120001A;PR;Centro;-25,429;-48,71;2025-03-27 01:20:00.0;0,00
ANTONINA;410120001A;PR;Centro;-25,429;-48,71;2025-03-27 01:50:00.0;0,59
ANTONINA;410120001A;PR;Centro;-25,429;-48,71;2025-03-27 02:00:00.0;0,39
ANTONINA;410120001A;PR;Centro;-25,429;-48,71;2025-03-27 02:20:00.0;0,00
ANTONINA;410120001A;PR;Centro;-25,429;-48,71;2025-03-27 03:20:00.0;0,00
ANTONINA;410120001A;PR;Centro;-25,429;-48,71;2025-03-27 03:40:00.0;0,20
ANTONINA;410120001A;PR;Centro;-25,429;-48,71;2025-03-27 04:20:00.0;0,00
ANTONINA;410120001A;PR;Centro;-25,429;-48,71;2025-03-27 05:20:00.0;0,00
ANTONINA;410120001A;PR;Centro;-25,429;-48,71;2025-03-27 06:20:00.0;0,00
ANTONINA;410120001A;PR;Centro;-25,429;-48,71;2025-03-27 07:20:00.0;0,00
ANTONINA;410120001A;PR;Centro;-25,429;-48,71;2025-03-27 08:20:00.0;0,00
ANTONINA;410120001A;PR;Centro;-25,429;-48,71;2025-03-27 09:20:00.0;0,00
ANTONINA;410120001A;PR;Centro;-25,429;-48,71;2025-03-27 10:20:00.0;0,00
ANTONINA;410120001A;PR;Centro;-25,429;-48,71;2025-03-27 11:20:00.0;0,00
ANTONINA;410120001A;PR;Centro;-25,429;-48,71;2025-03-27 12:20:00.0;0,00
ANTONINA;410120001A;PR;Centro;-25,429;-48,71;2025-03-27 13:20:00.0;0,00
ANTONINA;410120001A;PR;Centro;-25,429;-48,71;2025-03-27 14:20:00.0;0,00
ANTONINA;410120001A;PR;Centro;-25,429;-48,71;2025-03-27 15:20:00.0;0,00
ANTONINA;410120001A;PR;Centro;-25,429;-48,71;2025-03-27 16:20:00.0;0,00
ANTONINA;410120001A;PR;Centro;-25,429;-48,71;2025-03-27 17:20:00.0;0,00
ANTONINA;410120001A;PR;Centro;-25,429;-48,71;2025-03-27 18:20:00.0;0,00
ANTONINA;410120001A;PR;Centro;-25,429;-48,71;2025-03-27 19:20:00.0;0,00
ANTONINA;410120001A;PR;Centro;-25,429;-48,71;2025-03-27 20:20:00.0;0,00
ANTONINA;410120001A;PR;Centro;-25,429;-48,71;2025-03-27 21:20:00.0;0,00
ANTONINA;410120001A;PR;Centro;-25,429;-48,71;2025-03-27 22:20:00.0;0,00
ANTONINA;410120001A;PR;Centro;-25,429;-48,71;2025-03-27 23:20:00.0;0,00
ANTONINA;410120001A;PR;Centro;-25,429;-48,71;2025-03-28 00:20:00.0;0,00
ANTONINA;410120001A;PR;Centro;-25,429;-48,71;2025-03-28 01:20:00.0;0,00
ANTONINA;410120001A;PR;Centro;-25,429;-48,71;2025-03-28 02:20:00.0;0,00
ANTONINA;410120001A;PR;Centro;-25,429;-48,71;2025-03-28 03:20:00.0;0,00
ANTONINA;410120001A;PR;Centro;-25,429;-48,71;2025-03-28 04:20:00.0;0,00
ANTONINA;410120001A;PR;Centro;-25,429;-48,71;2025-03-28 05:20:00.0;0,00
ANTONINA;410120001A;PR;Centro;-25,429;-48,71;2025-03-28 06:20:00.0;0,00
ANTONINA;410120001A;PR;Centro;-25,429;-48,71;2025-03-28 07:20:00.0;0,00
ANTONINA;410120001A;PR;Centro;-25,429;-48,71;2025-03-28 08:20:00.0;0,00
ANTONINA;410120001A;PR;Centro;-25,429;-48,71;2025-03-28 09:20:00.0;0,00
ANTONINA;410120001A;PR;Centro;-25,429;-48,71;2025-03-28 10:20:00.0;0,00
ANTONINA;410120001A;PR;Centro;-25,429;-48,71;2025-03-28 11:20:00.0;0,00
ANTONINA;410120001A;PR;Centro;-25,429;-48,71;2025-03-28 12:20:00.0;0,00
ANTONINA;410120001A;PR;Centro;-25,429;-48,71;2025-03-28 13:20:00.0;0,00
ANTONINA;410120001A;PR;Centro;-25,429;-48,71;2025-03-28 14:20:00.0;0,00
ANTONINA;410120001A;PR;Centro;-25,429;-48,71;2025-03-28 15:20:00.0;0,00
ANTONINA;410120001A;PR;Centro;-25,429;-48,71;2025-03-28 16:20:00.0;0,00
ANTONINA;410120001A;PR;Centro;-25,429;-48,71;2025-03-28 17:20:00.0;0,00
ANTONINA;410120001A;PR;Centro;-25,429;-48,71;2025-03-28 18:20:00.0;0,00
ANTONINA;410120001A;PR;Centro;-25,429;-48,71;2025-03-28 19:20:00.0;0,00
ANTONINA;410120001A;PR;Centro;-25,429;-48,71;2025-03-28 20:20:00.0;0,00
ANTONINA;410120001A;PR;Centro;-25,429;-48,71;2025-03-28 21:20:00.0;0,00
ANTONINA;410120001A;PR;Centro;-25,429;-48,71;2025-03-28 22:20:00.0;0,00
ANTONINA;410120001A;PR;Centro;-25,429;-48,71;2025-03-28 23:20:00.0;0,00
ANTONINA;410120001A;PR;Centro;-25,429;-48,71;2025-03-29 00:20:00.0;0,00
ANTONINA;410120001A;PR;Centro;-25,429;-48,71;2025-03-29 01:20:00.0;0,00
ANTONINA;410120001A;PR;Centro;-25,429;-48,71;2025-03-29 02:20:00.0;0,00
ANTONINA;410120001A;PR;Centro;-25,429;-48,71;2025-03-29 03:20:00.0;0,00
ANTONINA;410120001A;PR;Centro;-25,429;-48,71;2025-03-29 04:20:00.0;0,00
ANTONINA;410120001A;PR;Centro;-25,429;-48,71;2025-03-29 05:20:00.0;0,00
ANTONINA;410120001A;PR;Centro;-25,429;-48,71;2025-03-29 06:20:00.0;0,00
ANTONINA;410120001A;PR;Centro;-25,429;-48,71;2025-03-29 07:20:00.0;0,00
ANTONINA;410120001A;PR;Centro;-25,429;-48,71;2025-03-29 08:20:00.0;0,00
ANTONINA;410120001A;PR;Centro;-25,429;-48,71;2025-03-29 09:20:00.0;0,00
ANTONINA;410120001A;PR;Centro;-25,429;-48,71;2025-03-29 10:20:00.0;0,00
ANTONINA;410120001A;PR;Centro;-25,429;-48,71;2025-03-29 11:20:00.0;0,00
ANTONINA;410120001A;PR;Centro;-25,429;-48,71;2025-03-29 12:20:00.0;0,00
ANTONINA;410120001A;PR;Centro;-25,429;-48,71;2025-03-29 13:20:00.0;0,00
ANTONINA;410120001A;PR;Centro;-25,429;-48,71;2025-03-29 14:20:00.0;0,00
ANTONINA;410120001A;PR;Centro;-25,429;-48,71;2025-03-29 15:20:00.0;0,00
ANTONINA;410120001A;PR;Centro;-25,429;-48,71;2025-03-29 16:20:00.0;0,00
ANTONINA;410120001A;PR;Centro;-25,429;-48,71;2025-03-29 17:20:00.0;0,00
ANTONINA;410120001A;PR;Centro;-25,429;-48,71;2025-03-29 18:20:00.0;0,00
ANTONINA;410120001A;PR;Centro;-25,429;-48,71;2025-03-29 19:20:00.0;0,00
ANTONINA;410120001A;PR;Centro;-25,429;-48,71;2025-03-29 20:20:00.0;0,00
ANTONINA;410120001A;PR;Centro;-25,429;-48,71;2025-03-29 21:20:00.0;0,00
ANTONINA;410120001A;PR;Centro;-25,429;-48,71;2025-03-29 22:20:00.0;0,00
ANTONINA;410120001A;PR;Centro;-25,429;-48,71;2025-03-29 23:20:00.0;0,00
ANTONINA;410120001A;PR;Centro;-25,429;-48,71;2025-03-30 00:20:00.0;0,00
ANTONINA;410120001A;PR;Centro;-25,429;-48,71;2025-03-30 01:20:00.0;0,00
ANTONINA;410120001A;PR;Centro;-25,429;-48,71;2025-03-30 02:20:00.0;0,00
ANTONINA;410120001A;PR;Centro;-25,429;-48,71;2025-03-30 03:20:00.0;0,00
ANTONINA;410120001A;PR;Centro;-25,429;-48,71;2025-03-30 04:20:00.0;0,00
ANTONINA;410120001A;PR;Centro;-25,429;-48,71;2025-03-30 05:20:00.0;0,00
ANTONINA;410120001A;PR;Centro;-25,429;-48,71;2025-03-30 06:20:00.0;0,00
ANTONINA;410120001A;PR;Centro;-25,429;-48,71;2025-03-30 07:20:00.0;0,00
ANTONINA;410120001A;PR;Centro;-25,429;-48,71;2025-03-30 08:20:00.0;0,00
ANTONINA;410120001A;PR;Centro;-25,429;-48,71;2025-03-30 09:20:00.0;0,00
ANTONINA;410120001A;PR;Centro;-25,429;-48,71;2025-03-30 10:20:00.0;0,00
ANTONINA;410120001A;PR;Centro;-25,429;-48,71;2025-03-30 11:20:00.0;0,00
ANTONINA;410120001A;PR;Centro;-25,429;-48,71;2025-03-30 12:20:00.0;0,00
ANTONINA;410120001A;PR;Centro;-25,429;-48,71;2025-03-30 13:20:00.0;0,00
ANTONINA;410120001A;PR;Centro;-25,429;-48,71;2025-03-30 14:20:00.0;0,00
ANTONINA;410120001A;PR;Centro;-25,429;-48,71;2025-03-30 15:20:00.0;0,00
ANTONINA;410120001A;PR;Centro;-25,429;-48,71;2025-03-30 16:20:00.0;0,00
ANTONINA;410120001A;PR;Centro;-25,429;-48,71;2025-03-30 17:20:00.0;0,00
ANTONINA;410120001A;PR;Centro;-25,429;-48,71;2025-03-30 18:20:00.0;0,00
ANTONINA;410120001A;PR;Centro;-25,429;-48,71;2025-03-30 19:20:00.0;0,00
ANTONINA;410120001A;PR;Centro;-25,429;-48,71;2025-03-30 20:20:00.0;0,00
ANTONINA;410120001A;PR;Centro;-25,429;-48,71;2025-03-30 21:20:00.0;0,00
ANTONINA;410120001A;PR;Centro;-25,429;-48,71;2025-03-30 22:20:00.0;0,00
ANTONINA;410120001A;PR;Centro;-25,429;-48,71;2025-03-30 23:20:00.0;0,00
ANTONINA;410120001A;PR;Centro;-25,429;-48,71;2025-03-31 00:20:00.0;0,00
ANTONINA;410120001A;PR;Centro;-25,429;-48,71;2025-03-31 01:20:00.0;0,00
ANTONINA;410120001A;PR;Centro;-25,429;-48,71;2025-03-31 02:20:00.0;0,00
ANTONINA;410120001A;PR;Centro;-25,429;-48,71;2025-03-31 03:20:00.0;0,00
ANTONINA;410120001A;PR;Centro;-25,429;-48,71;2025-03-31 04:20:00.0;0,00
ANTONINA;410120001A;PR;Centro;-25,429;-48,71;2025-03-31 05:20:00.0;0,00
ANTONINA;410120001A;PR;Centro;-25,429;-48,71;2025-03-31 06:20:00.0;0,00
ANTONINA;410120001A;PR;Centro;-25,429;-48,71;2025-03-31 07:20:00.0;0,00
ANTONINA;410120001A;PR;Centro;-25,429;-48,71;2025-03-31 08:20:00.0;0,00
ANTONINA;410120001A;PR;Centro;-25,429;-48,71;2025-03-31 09:20:00.0;0,00
ANTONINA;410120001A;PR;Centro;-25,429;-48,71;2025-03-31 10:20:00.0;0,00
ANTONINA;410120001A;PR;Centro;-25,429;-48,71;2025-03-31 11:20:00.0;0,00
ANTONINA;410120001A;PR;Centro;-25,429;-48,71;2025-03-31 12:20:00.0;0,00
ANTONINA;410120001A;PR;Centro;-25,429;-48,71;2025-03-31 13:20:00.0;0,00
ANTONINA;410120001A;PR;Centro;-25,429;-48,71;2025-03-31 14:20:00.0;0,00
ANTONINA;410120001A;PR;Centro;-25,429;-48,71;2025-03-31 15:20:00.0;0,00
ANTONINA;410120001A;PR;Centro;-25,429;-48,71;2025-03-31 16:20:00.0;0,00
ANTONINA;410120001A;PR;Centro;-25,429;-48,71;2025-03-31 17:20:00.0;0,00
ANTONINA;410120001A;PR;Centro;-25,429;-48,71;2025-03-31 18:20:00.0;0,00
ANTONINA;410120001A;PR;Centro;-25,429;-48,71;2025-03-31 19:20:00.0;0,00
ANTONINA;410120001A;PR;Centro;-25,429;-48,71;2025-03-31 20:20:00.0;0,00
ANTONINA;410120001A;PR;Centro;-25,429;-48,71;2025-03-31 21:20:00.0;0,00
ANTONINA;410120001A;PR;Centro;-25,429;-48,71;2025-03-31 22:20:00.0;0,00
ANTONINA;410120001A;PR;Centro;-25,429;-48,71;2025-03-31 23:20:00.0;0,00
APUCARANA;410140801A;PR;Jardim Paraíso;-23,558154;-51,426813;2025-03-01 00:10:00.0;0,00
APUCARANA;410140801A;PR;Jardim Paraíso;-23,558154;-51,426813;2025-03-01 00:20:00.0;0,00
APUCARANA;410140801A;PR;Jardim Paraíso;-23,558154;-51,426813;2025-03-01 01:20:00.0;0,00
APUCARANA;410140801A;PR;Jardim Paraíso;-23,558154;-51,426813;2025-03-01 02:20:00.0;0,00
APUCARANA;410140801A;PR;Jardim Paraíso;-23,558154;-51,426813;2025-03-01 03:20:00.0;0,00
APUCARANA;410140801A;PR;Jardim Paraíso;-23,558154;-51,426813;2025-03-01 04:20:00.0;0,00
APUCARANA;410140801A;PR;Jardim Paraíso;-23,558154;-51,426813;2025-03-01 05:20:00.0;0,00
APUCARANA;410140801A;PR;Jardim Paraíso;-23,558154;-51,426813;2025-03-01 06:20:00.0;0,00
APUCARANA;410140801A;PR;Jardim Paraíso;-23,558154;-51,426813;2025-03-01 07:20:00.0;0,00
APUCARANA;410140801A;PR;Jardim Paraíso;-23,558154;-51,426813;2025-03-01 08:20:00.0;0,00
APUCARANA;410140801A;PR;Jardim Paraíso;-23,558154;-51,426813;2025-03-01 09:20:00.0;0,00
APUCARANA;410140801A;PR;Jardim Paraíso;-23,558154;-51,426813;2025-03-01 10:20:00.0;0,00
APUCARANA;410140801A;PR;Jardim Paraíso;-23,558154;-51,426813;2025-03-01 11:20:00.0;0,00
APUCARANA;410140801A;PR;Jardim Paraíso;-23,558154;-51,426813;2025-03-01 12:20:00.0;0,00
APUCARANA;410140801A;PR;Jardim Paraíso;-23,558154;-51,426813;2025-03-01 13:20:00.0;0,00
APUCARANA;410140801A;PR;Jardim Paraíso;-23,558154;-51,426813;2025-03-01 14:20:00.0;0,00
APUCARANA;410140801A;PR;Jardim Paraíso;-23,558154;-51,426813;2025-03-01 15:20:00.0;0,00
APUCARANA;410140801A;PR;Jardim Paraíso;-23,558154;-51,426813;2025-03-01 16:20:00.0;0,00
APUCARANA;410140801A;PR;Jardim Paraíso;-23,558154;-51,426813;2025-03-01 17:20:00.0;0,00
APUCARANA;410140801A;PR;Jardim Paraíso;-23,558154;-51,426813;2025-03-01 18:20:00.0;0,00
APUCARANA;410140801A;PR;Jardim Paraíso;-23,558154;-51,426813;2025-03-01 19:20:00.0;0,00
APUCARANA;410140801A;PR;Jardim Paraíso;-23,558154;-51,426813;2025-03-01 20:20:00.0;0,00
APUCARANA;410140801A;PR;Jardim Paraíso;-23,558154;-51,426813;2025-03-01 21:20:00.0;0,00
APUCARANA;410140801A;PR;Jardim Paraíso;-23,558154;-51,426813;2025-03-01 22:20:00.0;0,00
APUCARANA;410140801A;PR;Jardim Paraíso;-23,558154;-51,426813;2025-03-01 23:20:00.0;0,00
APUCARANA;410140801A;PR;Jardim Paraíso;-23,558154;-51,426813;2025-03-02 00:20:00.0;0,00
APUCARANA;410140801A;PR;Jardim Paraíso;-23,558154;-51,426813;2025-03-02 01:20:00.0;0,00
APUCARANA;410140801A;PR;Jardim Paraíso;-23,558154;-51,426813;2025-03-02 02:20:00.0;0,00
APUCARANA;410140801A;PR;Jardim Paraíso;-23,558154;-51,426813;2025-03-02 03:20:00.0;0,00
APUCARANA;410140801A;PR;Jardim Paraíso;-23,558154;-51,426813;2025-03-02 04:20:00.0;0,00
APUCARANA;410140801A;PR;Jardim Paraíso;-23,558154;-51,426813;2025-03-02 05:20:00.0;0,00
APUCARANA;410140801A;PR;Jardim Paraíso;-23,558154;-51,426813;2025-03-02 06:20:00.0;0,00
APUCARANA;410140801A;PR;Jardim Paraíso;-23,558154;-51,426813;2025-03-02 07:20:00.0;0,00
APUCARANA;410140801A;PR;Jardim Paraíso;-23,558154;-51,426813;2025-03-02 08:20:00.0;0,00
APUCARANA;410140801A;PR;Jardim Paraíso;-23,558154;-51,426813;2025-03-02 09:20:00.0;0,00
APUCARANA;410140801A;PR;Jardim Paraíso;-23,558154;-51,426813;2025-03-02 10:20:00.0;0,00
APUCARANA;410140801A;PR;Jardim Paraíso;-23,558154;-51,426813;2025-03-02 11:20:00.0;0,00
APUCARANA;410140801A;PR;Jardim Paraíso;-23,558154;-51,426813;2025-03-02 12:20:00.0;0,00
APUCARANA;410140801A;PR;Jardim Paraíso;-23,558154;-51,426813;2025-03-02 13:20:00.0;0,00
APUCARANA;410140801A;PR;Jardim Paraíso;-23,558154;-51,426813;2025-03-02 14:20:00.0;0,00
APUCARANA;410140801A;PR;Jardim Paraíso;-23,558154;-51,426813;2025-03-02 15:20:00.0;0,00
APUCARANA;410140801A;PR;Jardim Paraíso;-23,558154;-51,426813;2025-03-02 16:20:00.0;0,00
APUCARANA;410140801A;PR;Jardim Paraíso;-23,558154;-51,426813;2025-03-02 17:20:00.0;0,00
APUCARANA;410140801A;PR;Jardim Paraíso;-23,558154;-51,426813;2025-03-02 18:20:00.0;0,00
APUCARANA;410140801A;PR;Jardim Paraíso;-23,558154;-51,426813;2025-03-02 19:20:00.0;0,00
APUCARANA;410140801A;PR;Jardim Paraíso;-23,558154;-51,426813;2025-03-02 20:20:00.0;0,00
APUCARANA;410140801A;PR;Jardim Paraíso;-23,558154;-51,426813;2025-03-02 21:20:00.0;0,00
APUCARANA;410140801A;PR;Jardim Paraíso;-23,558154;-51,426813;2025-03-02 22:20:00.0;0,00
APUCARANA;410140801A;PR;Jardim Paraíso;-23,558154;-51,426813;2025-03-02 23:20:00.0;0,00
APUCARANA;410140801A;PR;Jardim Paraíso;-23,558154;-51,426813;2025-03-03 00:20:00.0;0,00
APUCARANA;410140801A;PR;Jardim Paraíso;-23,558154;-51,426813;2025-03-03 01:20:00.0;0,00
APUCARANA;410140801A;PR;Jardim Paraíso;-23,558154;-51,426813;2025-03-03 02:20:00.0;0,00
APUCARANA;410140801A;PR;Jardim Paraíso;-23,558154;-51,426813;2025-03-03 03:20:00.0;0,00
APUCARANA;410140801A;PR;Jardim Paraíso;-23,558154;-51,426813;2025-03-03 04:20:00.0;0,00
APUCARANA;410140801A;PR;Jardim Paraíso;-23,558154;-51,426813;2025-03-03 05:20:00.0;0,00
APUCARANA;410140801A;PR;Jardim Paraíso;-23,558154;-51,426813;2025-03-03 06:20:00.0;0,00
APUCARANA;410140801A;PR;Jardim Paraíso;-23,558154;-51,426813;2025-03-03 07:20:00.0;0,00
APUCARANA;410140801A;PR;Jardim Paraíso;-23,558154;-51,426813;2025-03-03 08:20:00.0;0,00
APUCARANA;410140801A;PR;Jardim Paraíso;-23,558154;-51,426813;2025-03-03 09:20:00.0;0,00
APUCARANA;410140801A;PR;Jardim Paraíso;-23,558154;-51,426813;2025-03-03 10:20:00.0;0,00
APUCARANA;410140801A;PR;Jardim Paraíso;-23,558154;-51,426813;2025-03-03 11:20:00.0;0,00
APUCARANA;410140801A;PR;Jardim Paraíso;-23,558154;-51,426813;2025-03-03 12:20:00.0;0,00
APUCARANA;410140801A;PR;Jardim Paraíso;-23,558154;-51,426813;2025-03-03 13:20:00.0;0,00
APUCARANA;410140801A;PR;Jardim Paraíso;-23,558154;-51,426813;2025-03-03 14:20:00.0;0,00
APUCARANA;410140801A;PR;Jardim Paraíso;-23,558154;-51,426813;2025-03-03 15:20:00.0;0,00
APUCARANA;410140801A;PR;Jardim Paraíso;-23,558154;-51,426813;2025-03-03 16:20:00.0;0,00
APUCARANA;410140801A;PR;Jardim Paraíso;-23,558154;-51,426813;2025-03-03 17:20:00.0;0,00
APUCARANA;410140801A;PR;Jardim Paraíso;-23,558154;-51,426813;2025-03-03 18:20:00.0;0,00
APUCARANA;410140801A;PR;Jardim Paraíso;-23,558154;-51,426813;2025-03-03 19:20:00.0;0,00
APUCARANA;410140801A;PR;Jardim Paraíso;-23,558154;-51,426813;2025-03-03 20:20:00.0;0,00
APUCARANA;410140801A;PR;Jardim Paraíso;-23,558154;-51,426813;2025-03-03 21:20:00.0;0,00
APUCARANA;410140801A;PR;Jardim Paraíso;-23,558154;-51,426813;2025-03-03 22:20:00.0;0,00
APUCARANA;410140801A;PR;Jardim Paraíso;-23,558154;-51,426813;2025-03-03 23:20:00.0;0,00
APUCARANA;410140801A;PR;Jardim Paraíso;-23,558154;-51,426813;2025-03-04 00:20:00.0;0,00
APUCARANA;410140801A;PR;Jardim Paraíso;-23,558154;-51,426813;2025-03-04 01:20:00.0;0,00
APUCARANA;410140801A;PR;Jardim Paraíso;-23,558154;-51,426813;2025-03-04 02:20:00.0;0,00
APUCARANA;410140801A;PR;Jardim Paraíso;-23,558154;-51,426813;2025-03-04 03:20:00.0;0,00
APUCARANA;410140801A;PR;Jardim Paraíso;-23,558154;-51,426813;2025-03-04 04:20:00.0;0,00
APUCARANA;410140801A;PR;Jardim Paraíso;-23,558154;-51,426813;2025-03-04 05:20:00.0;0,00
APUCARANA;410140801A;PR;Jardim Paraíso;-23,558154;-51,426813;2025-03-04 06:20:00.0;0,00
APUCARANA;410140801A;PR;Jardim Paraíso;-23,558154;-51,426813;2025-03-04 07:20:00.0;0,00
APUCARANA;410140801A;PR;Jardim Paraíso;-23,558154;-51,426813;2025-03-04 08:20:00.0;0,00
APUCARANA;410140801A;PR;Jardim Paraíso;-23,558154;-51,426813;2025-03-04 09:20:00.0;0,00
APUCARANA;410140801A;PR;Jardim Paraíso;-23,558154;-51,426813;2025-03-04 10:20:00.0;0,00
APUCARANA;410140801A;PR;Jardim Paraíso;-23,558154;-51,426813;2025-03-04 11:20:00.0;0,00
APUCARANA;410140801A;PR;Jardim Paraíso;-23,558154;-51,426813;2025-03-04 12:20:00.0;0,00
APUCARANA;410140801A;PR;Jardim Paraíso;-23,558154;-51,426813;2025-03-04 13:20:00.0;0,00
APUCARANA;410140801A;PR;Jardim Paraíso;-23,558154;-51,426813;2025-03-04 14:20:00.0;0,00
APUCARANA;410140801A;PR;Jardim Paraíso;-23,558154;-51,426813;2025-03-04 15:20:00.0;0,00
APUCARANA;410140801A;PR;Jardim Paraíso;-23,558154;-51,426813;2025-03-04 16:20:00.0;0,00
APUCARANA;410140801A;PR;Jardim Paraíso;-23,558154;-51,426813;2025-03-04 17:20:00.0;0,00
APUCARANA;410140801A;PR;Jardim Paraíso;-23,558154;-51,426813;2025-03-04 18:20:00.0;0,00
APUCARANA;410140801A;PR;Jardim Paraíso;-23,558154;-51,426813;2025-03-04 19:20:00.0;0,00
APUCARANA;410140801A;PR;Jardim Paraíso;-23,558154;-51,426813;2025-03-04 20:20:00.0;0,00
APUCARANA;410140801A;PR;Jardim Paraíso;-23,558154;-51,426813;2025-03-04 21:20:00.0;0,00
APUCARANA;410140801A;PR;Jardim Paraíso;-23,558154;-51,426813;2025-03-04 22:20:00.0;0,00
APUCARANA;410140801A;PR;Jardim Paraíso;-23,558154;-51,426813;2025-03-04 23:20:00.0;0,00
APUCARANA;410140801A;PR;Jardim Paraíso;-23,558154;-51,426813;2025-03-05 00:20:00.0;0,00
APUCARANA;410140801A;PR;Jardim Paraíso;-23,558154;-51,426813;2025-03-05 01:20:00.0;0,00
APUCARANA;410140801A;PR;Jardim Paraíso;-23,558154;-51,426813;2025-03-05 02:20:00.0;0,00
APUCARANA;410140801A;PR;Jardim Paraíso;-23,558154;-51,426813;2025-03-05 03:20:00.0;0,00
APUCARANA;410140801A;PR;Jardim Paraíso;-23,558154;-51,426813;2025-03-05 04:20:00.0;0,00
APUCARANA;410140801A;PR;Jardim Paraíso;-23,558154;-51,426813;2025-03-05 05:20:00.0;0,00
APUCARANA;410140801A;PR;Jardim Paraíso;-23,558154;-51,426813;2025-03-05 06:20:00.0;0,00
APUCARANA;410140801A;PR;Jardim Paraíso;-23,558154;-51,426813;2025-03-05 07:20:00.0;0,00
APUCARANA;410140801A;PR;Jardim Paraíso;-23,558154;-51,426813;2025-03-05 08:20:00.0;0,00
APUCARANA;410140801A;PR;Jardim Paraíso;-23,558154;-51,426813;2025-03-05 09:20:00.0;0,00
APUCARANA;410140801A;PR;Jardim Paraíso;-23,558154;-51,426813;2025-03-05 10:20:00.0;0,00
APUCARANA;410140801A;PR;Jardim Paraíso;-23,558154;-51,426813;2025-03-05 11:20:00.0;0,00
APUCARANA;410140801A;PR;Jardim Paraíso;-23,558154;-51,426813;2025-03-05 12:20:00.0;0,00
APUCARANA;410140801A;PR;Jardim Paraíso;-23,558154;-51,426813;2025-03-05 13:20:00.0;0,00
APUCARANA;410140801A;PR;Jardim Paraíso;-23,558154;-51,426813;2025-03-05 14:20:00.0;0,00
APUCARANA;410140801A;PR;Jardim Paraíso;-23,558154;-51,426813;2025-03-05 15:20:00.0;0,00
APUCARANA;410140801A;PR;Jardim Paraíso;-23,558154;-51,426813;2025-03-05 16:20:00.0;0,00
APUCARANA;410140801A;PR;Jardim Paraíso;-23,558154;-51,426813;2025-03-05 17:20:00.0;0,00
APUCARANA;410140801A;PR;Jardim Paraíso;-23,558154;-51,426813;2025-03-05 18:20:00.0;0,00
APUCARANA;410140801A;PR;Jardim Paraíso;-23,558154;-51,426813;2025-03-05 19:20:00.0;0,00
APUCARANA;410140801A;PR;Jardim Paraíso;-23,558154;-51,426813;2025-03-05 20:20:00.0;0,00
APUCARANA;410140801A;PR;Jardim Paraíso;-23,558154;-51,426813;2025-03-05 21:20:00.0;0,00
APUCARANA;410140801A;PR;Jardim Paraíso;-23,558154;-51,426813;2025-03-05 22:20:00.0;0,00
APUCARANA;410140801A;PR;Jardim Paraíso;-23,558154;-51,426813;2025-03-05 23:20:00.0;0,00
APUCARANA;410140801A;PR;Jardim Paraíso;-23,558154;-51,426813;2025-03-06 00:20:00.0;0,00
APUCARANA;410140801A;PR;Jardim Paraíso;-23,558154;-51,426813;2025-03-06 01:20:00.0;0,00
APUCARANA;410140801A;PR;Jardim Paraíso;-23,558154;-51,426813;2025-03-06 02:20:00.0;0,00
APUCARANA;410140801A;PR;Jardim Paraíso;-23,558154;-51,426813;2025-03-06 03:20:00.0;0,00
APUCARANA;410140801A;PR;Jardim Paraíso;-23,558154;-51,426813;2025-03-06 04:20:00.0;0,00
APUCARANA;410140801A;PR;Jardim Paraíso;-23,558154;-51,426813;2025-03-06 05:20:00.0;0,00
APUCARANA;410140801A;PR;Jardim Paraíso;-23,558154;-51,426813;2025-03-06 06:20:00.0;0,00
APUCARANA;410140801A;PR;Jardim Paraíso;-23,558154;-51,426813;2025-03-06 07:20:00.0;0,00
APUCARANA;410140801A;PR;Jardim Paraíso;-23,558154;-51,426813;2025-03-06 08:20:00.0;0,00
APUCARANA;410140801A;PR;Jardim Paraíso;-23,558154;-51,426813;2025-03-06 09:20:00.0;0,00
APUCARANA;410140801A;PR;Jardim Paraíso;-23,558154;-51,426813;2025-03-06 10:20:00.0;0,00
APUCARANA;410140801A;PR;Jardim Paraíso;-23,558154;-51,426813;2025-03-06 11:20:00.0;0,00
APUCARANA;410140801A;PR;Jardim Paraíso;-23,558154;-51,426813;2025-03-06 12:20:00.0;0,00
APUCARANA;410140801A;PR;Jardim Paraíso;-23,558154;-51,426813;2025-03-06 13:20:00.0;0,00
APUCARANA;410140801A;PR;Jardim Paraíso;-23,558154;-51,426813;2025-03-06 14:20:00.0;0,00
APUCARANA;410140801A;PR;Jardim Paraíso;-23,558154;-51,426813;2025-03-06 15:20:00.0;0,00
APUCARANA;410140801A;PR;Jardim Paraíso;-23,558154;-51,426813;2025-03-06 16:20:00.0;0,00
APUCARANA;410140801A;PR;Jardim Paraíso;-23,558154;-51,426813;2025-03-06 17:20:00.0;0,00
APUCARANA;410140801A;PR;Jardim Paraíso;-23,558154;-51,426813;2025-03-06 18:20:00.0;0,00
APUCARANA;410140801A;PR;Jardim Paraíso;-23,558154;-51,426813;2025-03-06 19:20:00.0;0,00
APUCARANA;410140801A;PR;Jardim Paraíso;-23,558154;-51,426813;2025-03-06 20:20:00.0;0,00
APUCARANA;410140801A;PR;Jardim Paraíso;-23,558154;-51,426813;2025-03-06 21:20:00.0;0,00
APUCARANA;410140801A;PR;Jardim Paraíso;-23,558154;-51,426813;2025-03-06 22:20:00.0;0,00
APUCARANA;410140801A;PR;Jardim Paraíso;-23,558154;-51,426813;2025-03-06 23:20:00.0;0,00
APUCARANA;410140801A;PR;Jardim Paraíso;-23,558154;-51,426813;2025-03-07 00:20:00.0;0,00
APUCARANA;410140801A;PR;Jardim Paraíso;-23,558154;-51,426813;2025-03-07 01:20:00.0;0,00
APUCARANA;410140801A;PR;Jardim Paraíso;-23,558154;-51,426813;2025-03-07 02:20:00.0;0,00
APUCARANA;410140801A;PR;Jardim Paraíso;-23,558154;-51,426813;2025-03-07 03:20:00.0;0,00
APUCARANA;410140801A;PR;Jardim Paraíso;-23,558154;-51,426813;2025-03-07 04:20:00.0;0,00
APUCARANA;410140801A;PR;Jardim Paraíso;-23,558154;-51,426813;2025-03-07 05:20:00.0;0,00
APUCARANA;410140801A;PR;Jardim Paraíso;-23,558154;-51,426813;2025-03-07 06:20:00.0;0,00
APUCARANA;410140801A;PR;Jardim Paraíso;-23,558154;-51,426813;2025-03-07 07:20:00.0;0,00
APUCARANA;410140801A;PR;Jardim Paraíso;-23,558154;-51,426813;2025-03-07 08:20:00.0;0,00
APUCARANA;410140801A;PR;Jardim Paraíso;-23,558154;-51,426813;2025-03-07 09:20:00.0;0,00
APUCARANA;410140801A;PR;Jardim Paraíso;-23,558154;-51,426813;2025-03-07 10:20:00.0;0,00
APUCARANA;410140801A;PR;Jardim Paraíso;-23,558154;-51,426813;2025-03-07 11:20:00.0;0,00
APUCARANA;410140801A;PR;Jardim Paraíso;-23,558154;-51,426813;2025-03-07 12:20:00.0;0,00
APUCARANA;410140801A;PR;Jardim Paraíso;-23,558154;-51,426813;2025-03-07 13:20:00.0;0,00
APUCARANA;410140801A;PR;Jardim Paraíso;-23,558154;-51,426813;2025-03-07 14:20:00.0;0,00
APUCARANA;410140801A;PR;Jardim Paraíso;-23,558154;-51,426813;2025-03-07 15:20:00.0;0,00
APUCARANA;410140801A;PR;Jardim Paraíso;-23,558154;-51,426813;2025-03-07 16:20:00.0;0,00
APUCARANA;410140801A;PR;Jardim Paraíso;-23,558154;-51,426813;2025-03-07 17:20:00.0;0,00
APUCARANA;410140801A;PR;Jardim Paraíso;-23,558154;-51,426813;2025-03-07 18:20:00.0;0,00
APUCARANA;410140801A;PR;Jardim Paraíso;-23,558154;-51,426813;2025-03-07 19:20:00.0;0,00
APUCARANA;410140801A;PR;Jardim Paraíso;-23,558154;-51,426813;2025-03-07 20:20:00.0;0,00
APUCARANA;410140801A;PR;Jardim Paraíso;-23,558154;-51,426813;2025-03-07 21:20:00.0;0,00
APUCARANA;410140801A;PR;Jardim Paraíso;-23,558154;-51,426813;2025-03-07 22:20:00.0;0,00
APUCARANA;410140801A;PR;Jardim Paraíso;-23,558154;-51,426813;2025-03-07 23:20:00.0;0,00
APUCARANA;410140801A;PR;Jardim Paraíso;-23,558154;-51,426813;2025-03-08 00:20:00.0;0,00
APUCARANA;410140801A;PR;Jardim Paraíso;-23,558154;-51,426813;2025-03-08 01:20:00.0;0,00
APUCARANA;410140801A;PR;Jardim Paraíso;-23,558154;-51,426813;2025-03-08 02:20:00.0;0,00
APUCARANA;410140801A;PR;Jardim Paraíso;-23,558154;-51,426813;2025-03-08 03:20:00.0;0,00
APUCARANA;410140801A;PR;Jardim Paraíso;-23,558154;-51,426813;2025-03-08 04:20:00.0;0,00
APUCARANA;410140801A;PR;Jardim Paraíso;-23,558154;-51,426813;2025-03-08 05:20:00.0;0,00
APUCARANA;410140801A;PR;Jardim Paraíso;-23,558154;-51,426813;2025-03-08 06:20:00.0;0,00
APUCARANA;410140801A;PR;Jardim Paraíso;-23,558154;-51,426813;2025-03-08 07:20:00.0;0,00
APUCARANA;410140801A;PR;Jardim Paraíso;-23,558154;-51,426813;2025-03-08 08:20:00.0;0,00
APUCARANA;410140801A;PR;Jardim Paraíso;-23,558154;-51,426813;2025-03-08 09:20:00.0;0,00
APUCARANA;410140801A;PR;Jardim Paraíso;-23,558154;-51,426813;2025-03-08 10:20:00.0;0,00
APUCARANA;410140801A;PR;Jardim Paraíso;-23,558154;-51,426813;2025-03-08 11:20:00.0;0,00
APUCARANA;410140801A;PR;Jardim Paraíso;-23,558154;-51,426813;2025-03-08 12:20:00.0;0,00
APUCARANA;410140801A;PR;Jardim Paraíso;-23,558154;-51,426813;2025-03-08 13:20:00.0;0,00
APUCARANA;410140801A;PR;Jardim Paraíso;-23,558154;-51,426813;2025-03-08 14:20:00.0;0,00
APUCARANA;410140801A;PR;Jardim Paraíso;-23,558154;-51,426813;2025-03-08 15:20:00.0;0,00
APUCARANA;410140801A;PR;Jardim Paraíso;-23,558154;-51,426813;2025-03-08 16:20:00.0;0,00
APUCARANA;410140801A;PR;Jardim Paraíso;-23,558154;-51,426813;2025-03-08 17:20:00.0;0,00
APUCARANA;410140801A;PR;Jardim Paraíso;-23,558154;-51,426813;2025-03-08 18:20:00.0;0,00
APUCARANA;410140801A;PR;Jardim Paraíso;-23,558154;-51,426813;2025-03-08 19:20:00.0;0,00
APUCARANA;410140801A;PR;Jardim Paraíso;-23,558154;-51,426813;2025-03-08 20:20:00.0;0,00
APUCARANA;410140801A;PR;Jardim Paraíso;-23,558154;-51,426813;2025-03-08 21:20:00.0;0,00
APUCARANA;410140801A;PR;Jardim Paraíso;-23,558154;-51,426813;2025-03-08 22:20:00.0;0,00
APUCARANA;410140801A;PR;Jardim Paraíso;-23,558154;-51,426813;2025-03-08 23:20:00.0;0,00
APUCARANA;410140801A;PR;Jardim Paraíso;-23,558154;-51,426813;2025-03-09 00:20:00.0;0,00
APUCARANA;410140801A;PR;Jardim Paraíso;-23,558154;-51,426813;2025-03-09 01:20:00.0;0,00
APUCARANA;410140801A;PR;Jardim Paraíso;-23,558154;-51,426813;2025-03-09 02:20:00.0;0,00
APUCARANA;410140801A;PR;Jardim Paraíso;-23,558154;-51,426813;2025-03-09 03:20:00.0;0,00
APUCARANA;410140801A;PR;Jardim Paraíso;-23,558154;-51,426813;2025-03-09 04:20:00.0;0,00
APUCARANA;410140801A;PR;Jardim Paraíso;-23,558154;-51,426813;2025-03-09 05:20:00.0;0,00
APUCARANA;410140801A;PR;Jardim Paraíso;-23,558154;-51,426813;2025-03-09 06:20:00.0;0,00
APUCARANA;410140801A;PR;Jardim Paraíso;-23,558154;-51,426813;2025-03-09 07:20:00.0;0,00
APUCARANA;410140801A;PR;Jardim Paraíso;-23,558154;-51,426813;2025-03-09 08:20:00.0;0,00
APUCARANA;410140801A;PR;Jardim Paraíso;-23,558154;-51,426813;2025-03-09 09:20:00.0;0,00
APUCARANA;410140801A;PR;Jardim Paraíso;-23,558154;-51,426813;2025-03-09 10:20:00.0;0,00
APUCARANA;410140801A;PR;Jardim Paraíso;-23,558154;-51,426813;2025-03-09 11:20:00.0;0,00
APUCARANA;410140801A;PR;Jardim Paraíso;-23,558154;-51,426813;2025-03-09 12:20:00.0;0,00
APUCARANA;410140801A;PR;Jardim Paraíso;-23,558154;-51,426813;2025-03-09 13:20:00.0;0,00
APUCARANA;410140801A;PR;Jardim Paraíso;-23,558154;-51,426813;2025-03-09 14:20:00.0;0,00
APUCARANA;410140801A;PR;Jardim Paraíso;-23,558154;-51,426813;2025-03-09 15:20:00.0;0,00
APUCARANA;410140801A;PR;Jardim Paraíso;-23,558154;-51,426813;2025-03-09 16:20:00.0;0,00
APUCARANA;410140801A;PR;Jardim Paraíso;-23,558154;-51,426813;2025-03-09 17:20:00.0;0,00
APUCARANA;410140801A;PR;Jardim Paraíso;-23,558154;-51,426813;2025-03-09 18:20:00.0;0,00
APUCARANA;410140801A;PR;Jardim Paraíso;-23,558154;-51,426813;2025-03-09 19:20:00.0;0,00
APUCARANA;410140801A;PR;Jardim Paraíso;-23,558154;-51,426813;2025-03-09 20:20:00.0;0,00
APUCARANA;410140801A;PR;Jardim Paraíso;-23,558154;-51,426813;2025-03-09 21:20:00.0;0,00
APUCARANA;410140801A;PR;Jardim Paraíso;-23,558154;-51,426813;2025-03-09 22:20:00.0;0,00
APUCARANA;410140801A;PR;Jardim Paraíso;-23,558154;-51,426813;2025-03-09 23:20:00.0;0,00
APUCARANA;410140801A;PR;Jardim Paraíso;-23,558154;-51,426813;2025-03-10 00:20:00.0;0,00
APUCARANA;410140801A;PR;Jardim Paraíso;-23,558154;-51,426813;2025-03-10 01:20:00.0;0,00
APUCARANA;410140801A;PR;Jardim Paraíso;-23,558154;-51,426813;2025-03-10 02:20:00.0;0,00
APUCARANA;410140801A;PR;Jardim Paraíso;-23,558154;-51,426813;2025-03-10 03:20:00.0;0,00
APUCARANA;410140801A;PR;Jardim Paraíso;-23,558154;-51,426813;2025-03-10 04:20:00.0;0,00
APUCARANA;410140801A;PR;Jardim Paraíso;-23,558154;-51,426813;2025-03-10 05:20:00.0;0,00
APUCARANA;410140801A;PR;Jardim Paraíso;-23,558154;-51,426813;2025-03-10 06:20:00.0;0,00
APUCARANA;410140801A;PR;Jardim Paraíso;-23,558154;-51,426813;2025-03-10 07:20:00.0;0,00
APUCARANA;410140801A;PR;Jardim Paraíso;-23,558154;-51,426813;2025-03-10 08:20:00.0;0,00
APUCARANA;410140801A;PR;Jardim Paraíso;-23,558154;-51,426813;2025-03-10 09:20:00.0;0,00
APUCARANA;410140801A;PR;Jardim Paraíso;-23,558154;-51,426813;2025-03-10 10:20:00.0;0,00
APUCARANA;410140801A;PR;Jardim Paraíso;-23,558154;-51,426813;2025-03-10 11:20:00.0;0,00
APUCARANA;410140801A;PR;Jardim Paraíso;-23,558154;-51,426813;2025-03-10 12:20:00.0;0,00
APUCARANA;410140801A;PR;Jardim Paraíso;-23,558154;-51,426813;2025-03-10 13:20:00.0;0,00
APUCARANA;410140801A;PR;Jardim Paraíso;-23,558154;-51,426813;2025-03-10 14:20:00.0;0,00
APUCARANA;410140801A;PR;Jardim Paraíso;-23,558154;-51,426813;2025-03-10 15:20:00.0;0,00
APUCARANA;410140801A;PR;Jardim Paraíso;-23,558154;-51,426813;2025-03-10 16:20:00.0;0,00
APUCARANA;410140801A;PR;Jardim Paraíso;-23,558154;-51,426813;2025-03-10 17:20:00.0;0,00
APUCARANA;410140801A;PR;Jardim Paraíso;-23,558154;-51,426813;2025-03-10 18:20:00.0;0,00
APUCARANA;410140801A;PR;Jardim Paraíso;-23,558154;-51,426813;2025-03-10 19:20:00.0;0,00
APUCARANA;410140801A;PR;Jardim Paraíso;-23,558154;-51,426813;2025-03-10 20:20:00.0;0,00
APUCARANA;410140801A;PR;Jardim Paraíso;-23,558154;-51,426813;2025-03-10 21:20:00.0;0,00
APUCARANA;410140801A;PR;Jardim Paraíso;-23,558154;-51,426813;2025-03-10 22:20:00.0;0,00
APUCARANA;410140801A;PR;Jardim Paraíso;-23,558154;-51,426813;2025-03-10 23:20:00.0;0,00
APUCARANA;410140801A;PR;Jardim Paraíso;-23,558154;-51,426813;2025-03-11 00:20:00.0;0,00
APUCARANA;410140801A;PR;Jardim Paraíso;-23,558154;-51,426813;2025-03-11 01:20:00.0;0,00
APUCARANA;410140801A;PR;Jardim Paraíso;-23,558154;-51,426813;2025-03-11 02:20:00.0;0,00
APUCARANA;410140801A;PR;Jardim Paraíso;-23,558154;-51,426813;2025-03-11 03:20:00.0;0,00
APUCARANA;410140801A;PR;Jardim Paraíso;-23,558154;-51,426813;2025-03-11 03:30:00.0;3,40
APUCARANA;410140801A;PR;Jardim Paraíso;-23,558154;-51,426813;2025-03-11 03:40:00.0;4,40
APUCARANA;410140801A;PR;Jardim Paraíso;-23,558154;-51,426813;2025-03-11 03:50:00.0;0,60
APUCARANA;410140801A;PR;Jardim Paraíso;-23,558154;-51,426813;2025-03-11 04:20:00.0;0,00
APUCARANA;410140801A;PR;Jardim Paraíso;-23,558154;-51,426813;2025-03-11 04:40:00.0;0,20
APUCARANA;410140801A;PR;Jardim Paraíso;-23,558154;-51,426813;2025-03-11 04:50:00.0;0,20
APUCARANA;410140801A;PR;Jardim Paraíso;-23,558154;-51,426813;2025-03-11 05:00:00.0;0,20
APUCARANA;410140801A;PR;Jardim Paraíso;-23,558154;-51,426813;2025-03-11 05:20:00.0;0,00
APUCARANA;410140801A;PR;Jardim Paraíso;-23,558154;-51,426813;2025-03-11 06:20:00.0;0,00
APUCARANA;410140801A;PR;Jardim Paraíso;-23,558154;-51,426813;2025-03-11 07:20:00.0;0,00
APUCARANA;410140801A;PR;Jardim Paraíso;-23,558154;-51,426813;2025-03-11 08:20:00.0;0,00
APUCARANA;410140801A;PR;Jardim Paraíso;-23,558154;-51,426813;2025-03-11 09:20:00.0;0,00
APUCARANA;410140801A;PR;Jardim Paraíso;-23,558154;-51,426813;2025-03-11 10:20:00.0;0,00
APUCARANA;410140801A;PR;Jardim Paraíso;-23,558154;-51,426813;2025-03-11 11:20:00.0;0,00
APUCARANA;410140801A;PR;Jardim Paraíso;-23,558154;-51,426813;2025-03-11 12:20:00.0;0,00
APUCARANA;410140801A;PR;Jardim Paraíso;-23,558154;-51,426813;2025-03-11 13:20:00.0;0,00
APUCARANA;410140801A;PR;Jardim Paraíso;-23,558154;-51,426813;2025-03-11 14:20:00.0;0,00
APUCARANA;410140801A;PR;Jardim Paraíso;-23,558154;-51,426813;2025-03-11 15:20:00.0;0,00
APUCARANA;410140801A;PR;Jardim Paraíso;-23,558154;-51,426813;2025-03-11 16:20:00.0;0,00
APUCARANA;410140801A;PR;Jardim Paraíso;-23,558154;-51,426813;2025-03-11 17:20:00.0;0,00
APUCARANA;410140801A;PR;Jardim Paraíso;-23,558154;-51,426813;2025-03-11 18:20:00.0;0,00
APUCARANA;410140801A;PR;Jardim Paraíso;-23,558154;-51,426813;2025-03-11 19:20:00.0;0,00
APUCARANA;410140801A;PR;Jardim Paraíso;-23,558154;-51,426813;2025-03-11 20:20:00.0;0,00
APUCARANA;410140801A;PR;Jardim Paraíso;-23,558154;-51,426813;2025-03-11 21:20:00.0;0,00
APUCARANA;410140801A;PR;Jardim Paraíso;-23,558154;-51,426813;2025-03-11 22:20:00.0;0,00
APUCARANA;410140801A;PR;Jardim Paraíso;-23,558154;-51,426813;2025-03-11 23:20:00.0;0,00
APUCARANA;410140801A;PR;Jardim Paraíso;-23,558154;-51,426813;2025-03-12 00:20:00.0;0,00
APUCARANA;410140801A;PR;Jardim Paraíso;-23,558154;-51,426813;2025-03-12 01:20:00.0;0,00
APUCARANA;410140801A;PR;Jardim Paraíso;-23,558154;-51,426813;2025-03-12 02:20:00.0;0,00
APUCARANA;410140801A;PR;Jardim Paraíso;-23,558154;-51,426813;2025-03-12 03:20:00.0;0,00
APUCARANA;410140801A;PR;Jardim Paraíso;-23,558154;-51,426813;2025-03-12 04:20:00.0;0,00
APUCARANA;410140801A;PR;Jardim Paraíso;-23,558154;-51,426813;2025-03-12 05:20:00.0;0,00
APUCARANA;410140801A;PR;Jardim Paraíso;-23,558154;-51,426813;2025-03-12 06:20:00.0;0,00
APUCARANA;410140801A;PR;Jardim Paraíso;-23,558154;-51,426813;2025-03-12 07:20:00.0;0,00
APUCARANA;410140801A;PR;Jardim Paraíso;-23,558154;-51,426813;2025-03-12 07:50:00.0;0,40
APUCARANA;410140801A;PR;Jardim Paraíso;-23,558154;-51,426813;2025-03-12 08:00:00.0;0,20
APUCARANA;410140801A;PR;Jardim Paraíso;-23,558154;-51,426813;2025-03-12 08:10:00.0;1,00
APUCARANA;410140801A;PR;Jardim Paraíso;-23,558154;-51,426813;2025-03-12 08:20:00.0;0,60
APUCARANA;410140801A;PR;Jardim Paraíso;-23,558154;-51,426813;2025-03-12 09:20:00.0;0,00
APUCARANA;410140801A;PR;Jardim Paraíso;-23,558154;-51,426813;2025-03-12 09:40:00.0;0,20
APUCARANA;410140801A;PR;Jardim Paraíso;-23,558154;-51,426813;2025-03-12 10:20:00.0;0,00
APUCARANA;410140801A;PR;Jardim Paraíso;-23,558154;-51,426813;2025-03-12 11:20:00.0;0,00
APUCARANA;410140801A;PR;Jardim Paraíso;-23,558154;-51,426813;2025-03-12 12:20:00.0;0,00
APUCARANA;410140801A;PR;Jardim Paraíso;-23,558154;-51,426813;2025-03-12 13:20:00.0;0,00
APUCARANA;410140801A;PR;Jardim Paraíso;-23,558154;-51,426813;2025-03-12 14:20:00.0;0,00
APUCARANA;410140801A;PR;Jardim Paraíso;-23,558154;-51,426813;2025-03-12 15:20:00.0;0,00
APUCARANA;410140801A;PR;Jardim Paraíso;-23,558154;-51,426813;2025-03-12 16:20:00.0;0,00
APUCARANA;410140801A;PR;Jardim Paraíso;-23,558154;-51,426813;2025-03-12 17:20:00.0;0,00
APUCARANA;410140801A;PR;Jardim Paraíso;-23,558154;-51,426813;2025-03-12 18:20:00.0;0,00
APUCARANA;410140801A;PR;Jardim Paraíso;-23,558154;-51,426813;2025-03-12 19:20:00.0;0,00
APUCARANA;410140801A;PR;Jardim Paraíso;-23,558154;-51,426813;2025-03-12 20:20:00.0;0,00
APUCARANA;410140801A;PR;Jardim Paraíso;-23,558154;-51,426813;2025-03-12 21:20:00.0;0,00
APUCARANA;410140801A;PR;Jardim Paraíso;-23,558154;-51,426813;2025-03-12 22:20:00.0;0,00
APUCARANA;410140801A;PR;Jardim Paraíso;-23,558154;-51,426813;2025-03-12 23:20:00.0;0,00
APUCARANA;410140801A;PR;Jardim Paraíso;-23,558154;-51,426813;2025-03-13 00:20:00.0;0,00
APUCARANA;410140801A;PR;Jardim Paraíso;-23,558154;-51,426813;2025-03-13 01:20:00.0;0,00
APUCARANA;410140801A;PR;Jardim Paraíso;-23,558154;-51,426813;2025-03-13 02:20:00.0;0,00
APUCARANA;410140801A;PR;Jardim Paraíso;-23,558154;-51,426813;2025-03-13 03:20:00.0;0,00
APUCARANA;410140801A;PR;Jardim Paraíso;-23,558154;-51,426813;2025-03-13 04:20:00.0;0,00
APUCARANA;410140801A;PR;Jardim Paraíso;-23,558154;-51,426813;2025-03-13 05:20:00.0;0,00
APUCARANA;410140801A;PR;Jardim Paraíso;-23,558154;-51,426813;2025-03-13 06:20:00.0;0,00
APUCARANA;410140801A;PR;Jardim Paraíso;-23,558154;-51,426813;2025-03-13 07:00:00.0;0,20
APUCARANA;410140801A;PR;Jardim Paraíso;-23,558154;-51,426813;2025-03-13 07:20:00.0;0,00
APUCARANA;410140801A;PR;Jardim Paraíso;-23,558154;-51,426813;2025-03-13 08:20:00.0;0,00
APUCARANA;410140801A;PR;Jardim Paraíso;-23,558154;-51,426813;2025-03-13 09:20:00.0;0,00
APUCARANA;410140801A;PR;Jardim Paraíso;-23,558154;-51,426813;2025-03-13 10:20:00.0;0,00
APUCARANA;410140801A;PR;Jardim Paraíso;-23,558154;-51,426813;2025-03-13 11:20:00.0;0,00
APUCARANA;410140801A;PR;Jardim Paraíso;-23,558154;-51,426813;2025-03-13 12:20:00.0;0,00
APUCARANA;410140801A;PR;Jardim Paraíso;-23,558154;-51,426813;2025-03-13 13:20:00.0;0,00
APUCARANA;410140801A;PR;Jardim Paraíso;-23,558154;-51,426813;2025-03-13 14:20:00.0;0,00
APUCARANA;410140801A;PR;Jardim Paraíso;-23,558154;-51,426813;2025-03-13 15:20:00.0;0,00
APUCARANA;410140801A;PR;Jardim Paraíso;-23,558154;-51,426813;2025-03-13 16:20:00.0;0,00
APUCARANA;410140801A;PR;Jardim Paraíso;-23,558154;-51,426813;2025-03-13 17:20:00.0;0,00
APUCARANA;410140801A;PR;Jardim Paraíso;-23,558154;-51,426813;2025-03-13 18:20:00.0;0,00
APUCARANA;410140801A;PR;Jardim Paraíso;-23,558154;-51,426813;2025-03-13 19:20:00.0;0,00
APUCARANA;410140801A;PR;Jardim Paraíso;-23,558154;-51,426813;2025-03-13 19:30:00.0;0,20
APUCARANA;410140801A;PR;Jardim Paraíso;-23,558154;-51,426813;2025-03-13 20:20:00.0;0,00
APUCARANA;410140801A;PR;Jardim Paraíso;-23,558154;-51,426813;2025-03-13 21:20:00.0;0,00
APUCARANA;410140801A;PR;Jardim Paraíso;-23,558154;-51,426813;2025-03-13 22:20:00.0;0,00
APUCARANA;410140801A;PR;Jardim Paraíso;-23,558154;-51,426813;2025-03-13 23:20:00.0;0,00
APUCARANA;410140801A;PR;Jardim Paraíso;-23,558154;-51,426813;2025-03-14 00:20:00.0;0,00
APUCARANA;410140801A;PR;Jardim Paraíso;-23,558154;-51,426813;2025-03-14 01:20:00.0;0,00
APUCARANA;410140801A;PR;Jardim Paraíso;-23,558154;-51,426813;2025-03-14 02:20:00.0;0,00
APUCARANA;410140801A;PR;Jardim Paraíso;-23,558154;-51,426813;2025-03-14 03:20:00.0;0,00
APUCARANA;410140801A;PR;Jardim Paraíso;-23,558154;-51,426813;2025-03-14 04:20:00.0;0,00
APUCARANA;410140801A;PR;Jardim Paraíso;-23,558154;-51,426813;2025-03-14 05:20:00.0;0,00
APUCARANA;410140801A;PR;Jardim Paraíso;-23,558154;-51,426813;2025-03-14 06:20:00.0;0,00
APUCARANA;410140801A;PR;Jardim Paraíso;-23,558154;-51,426813;2025-03-14 07:20:00.0;0,00
APUCARANA;410140801A;PR;Jardim Paraíso;-23,558154;-51,426813;2025-03-14 08:20:00.0;0,00
APUCARANA;410140801A;PR;Jardim Paraíso;-23,558154;-51,426813;2025-03-14 09:20:00.0;0,00
APUCARANA;410140801A;PR;Jardim Paraíso;-23,558154;-51,426813;2025-03-14 10:20:00.0;0,00
APUCARANA;410140801A;PR;Jardim Paraíso;-23,558154;-51,426813;2025-03-14 11:20:00.0;0,00
APUCARANA;410140801A;PR;Jardim Paraíso;-23,558154;-51,426813;2025-03-14 12:20:00.0;0,00
APUCARANA;410140801A;PR;Jardim Paraíso;-23,558154;-51,426813;2025-03-14 13:20:00.0;0,00
APUCARANA;410140801A;PR;Jardim Paraíso;-23,558154;-51,426813;2025-03-14 14:20:00.0;0,00
APUCARANA;410140801A;PR;Jardim Paraíso;-23,558154;-51,426813;2025-03-14 15:20:00.0;0,00
APUCARANA;410140801A;PR;Jardim Paraíso;-23,558154;-51,426813;2025-03-14 16:20:00.0;0,00
APUCARANA;410140801A;PR;Jardim Paraíso;-23,558154;-51,426813;2025-03-14 17:20:00.0;0,00
APUCARANA;410140801A;PR;Jardim Paraíso;-23,558154;-51,426813;2025-03-14 18:20:00.0;0,00
APUCARANA;410140801A;PR;Jardim Paraíso;-23,558154;-51,426813;2025-03-14 19:20:00.0;0,00
APUCARANA;410140801A;PR;Jardim Paraíso;-23,558154;-51,426813;2025-03-14 20:20:00.0;0,00
APUCARANA;410140801A;PR;Jardim Paraíso;-23,558154;-51,426813;2025-03-14 21:20:00.0;0,00
APUCARANA;410140801A;PR;Jardim Paraíso;-23,558154;-51,426813;2025-03-14 22:20:00.0;0,00
APUCARANA;410140801A;PR;Jardim Paraíso;-23,558154;-51,426813;2025-03-14 23:20:00.0;0,00
APUCARANA;410140801A;PR;Jardim Paraíso;-23,558154;-51,426813;2025-03-15 00:20:00.0;0,00
APUCARANA;410140801A;PR;Jardim Paraíso;-23,558154;-51,426813;2025-03-15 01:20:00.0;0,00
APUCARANA;410140801A;PR;Jardim Paraíso;-23,558154;-51,426813;2025-03-15 02:20:00.0;0,00
APUCARANA;410140801A;PR;Jardim Paraíso;-23,558154;-51,426813;2025-03-15 03:20:00.0;0,00
APUCARANA;410140801A;PR;Jardim Paraíso;-23,558154;-51,426813;2025-03-15 04:20:00.0;0,00
APUCARANA;410140801A;PR;Jardim Paraíso;-23,558154;-51,426813;2025-03-15 05:20:00.0;0,00
APUCARANA;410140801A;PR;Jardim Paraíso;-23,558154;-51,426813;2025-03-15 06:20:00.0;0,00
APUCARANA;410140801A;PR;Jardim Paraíso;-23,558154;-51,426813;2025-03-15 07:20:00.0;0,00
APUCARANA;410140801A;PR;Jardim Paraíso;-23,558154;-51,426813;2025-03-15 08:20:00.0;0,00
APUCARANA;410140801A;PR;Jardim Paraíso;-23,558154;-51,426813;2025-03-15 09:20:00.0;0,00
APUCARANA;410140801A;PR;Jardim Paraíso;-23,558154;-51,426813;2025-03-15 10:20:00.0;0,00
APUCARANA;410140801A;PR;Jardim Paraíso;-23,558154;-51,426813;2025-03-15 11:20:00.0;0,00
APUCARANA;410140801A;PR;Jardim Paraíso;-23,558154;-51,426813;2025-03-15 12:20:00.0;0,00
APUCARANA;410140801A;PR;Jardim Paraíso;-23,558154;-51,426813;2025-03-15 13:20:00.0;0,00
APUCARANA;410140801A;PR;Jardim Paraíso;-23,558154;-51,426813;2025-03-15 14:20:00.0;0,00
APUCARANA;410140801A;PR;Jardim Paraíso;-23,558154;-51,426813;2025-03-15 15:20:00.0;0,00
APUCARANA;410140801A;PR;Jardim Paraíso;-23,558154;-51,426813;2025-03-15 16:20:00.0;0,00
APUCARANA;410140801A;PR;Jardim Paraíso;-23,558154;-51,426813;2025-03-15 16:30:00.0;0,60
APUCARANA;410140801A;PR;Jardim Paraíso;-23,558154;-51,426813;2025-03-15 16:40:00.0;0,20
APUCARANA;410140801A;PR;Jardim Paraíso;-23,558154;-51,426813;2025-03-15 17:20:00.0;0,00
APUCARANA;410140801A;PR;Jardim Paraíso;-23,558154;-51,426813;2025-03-15 17:30:00.0;0,60
APUCARANA;410140801A;PR;Jardim Paraíso;-23,558154;-51,426813;2025-03-15 17:40:00.0;4,80
APUCARANA;410140801A;PR;Jardim Paraíso;-23,558154;-51,426813;2025-03-15 17:50:00.0;5,00
APUCARANA;410140801A;PR;Jardim Paraíso;-23,558154;-51,426813;2025-03-15 18:00:00.0;0,40
APUCARANA;410140801A;PR;Jardim Paraíso;-23,558154;-51,426813;2025-03-15 18:10:00.0;0,20
APUCARANA;410140801A;PR;Jardim Paraíso;-23,558154;-51,426813;2025-03-15 18:20:00.0;0,00
APUCARANA;410140801A;PR;Jardim Paraíso;-23,558154;-51,426813;2025-03-15 19:20:00.0;0,00
APUCARANA;410140801A;PR;Jardim Paraíso;-23,558154;-51,426813;2025-03-15 20:20:00.0;0,00
APUCARANA;410140801A;PR;Jardim Paraíso;-23,558154;-51,426813;2025-03-15 21:20:00.0;0,00
APUCARANA;410140801A;PR;Jardim Paraíso;-23,558154;-51,426813;2025-03-15 22:20:00.0;0,00
APUCARANA;410140801A;PR;Jardim Paraíso;-23,558154;-51,426813;2025-03-15 23:20:00.0;0,00
APUCARANA;410140801A;PR;Jardim Paraíso;-23,558154;-51,426813;2025-03-16 00:20:00.0;0,00
APUCARANA;410140801A;PR;Jardim Paraíso;-23,558154;-51,426813;2025-03-16 01:20:00.0;0,00
APUCARANA;410140801A;PR;Jardim Paraíso;-23,558154;-51,426813;2025-03-16 02:20:00.0;0,00
APUCARANA;410140801A;PR;Jardim Paraíso;-23,558154;-51,426813;2025-03-16 03:20:00.0;0,00
APUCARANA;410140801A;PR;Jardim Paraíso;-23,558154;-51,426813;2025-03-16 04:20:00.0;0,00
APUCARANA;410140801A;PR;Jardim Paraíso;-23,558154;-51,426813;2025-03-16 05:20:00.0;0,00
APUCARANA;410140801A;PR;Jardim Paraíso;-23,558154;-51,426813;2025-03-16 06:20:00.0;0,00
APUCARANA;410140801A;PR;Jardim Paraíso;-23,558154;-51,426813;2025-03-16 07:20:00.0;0,00
APUCARANA;410140801A;PR;Jardim Paraíso;-23,558154;-51,426813;2025-03-16 08:20:00.0;0,00
APUCARANA;410140801A;PR;Jardim Paraíso;-23,558154;-51,426813;2025-03-16 09:20:00.0;0,00
APUCARANA;410140801A;PR;Jardim Paraíso;-23,558154;-51,426813;2025-03-16 10:20:00.0;0,00
APUCARANA;410140801A;PR;Jardim Paraíso;-23,558154;-51,426813;2025-03-16 11:20:00.0;0,00
APUCARANA;410140801A;PR;Jardim Paraíso;-23,558154;-51,426813;2025-03-16 12:20:00.0;0,00
APUCARANA;410140801A;PR;Jardim Paraíso;-23,558154;-51,426813;2025-03-16 13:20:00.0;0,00
APUCARANA;410140801A;PR;Jardim Paraíso;-23,558154;-51,426813;2025-03-16 14:20:00.0;0,00
APUCARANA;410140801A;PR;Jardim Paraíso;-23,558154;-51,426813;2025-03-16 15:20:00.0;0,00
APUCARANA;410140801A;PR;Jardim Paraíso;-23,558154;-51,426813;2025-03-16 16:20:00.0;0,00
APUCARANA;410140801A;PR;Jardim Paraíso;-23,558154;-51,426813;2025-03-16 17:20:00.0;0,00
APUCARANA;410140801A;PR;Jardim Paraíso;-23,558154;-51,426813;2025-03-16 18:20:00.0;0,00
APUCARANA;410140801A;PR;Jardim Paraíso;-23,558154;-51,426813;2025-03-16 19:20:00.0;0,00
APUCARANA;410140801A;PR;Jardim Paraíso;-23,558154;-51,426813;2025-03-16 20:20:00.0;0,00
APUCARANA;410140801A;PR;Jardim Paraíso;-23,558154;-51,426813;2025-03-16 21:20:00.0;0,00
APUCARANA;410140801A;PR;Jardim Paraíso;-23,558154;-51,426813;2025-03-16 22:20:00.0;0,00
APUCARANA;410140801A;PR;Jardim Paraíso;-23,558154;-51,426813;2025-03-16 23:20:00.0;0,00
APUCARANA;410140801A;PR;Jardim Paraíso;-23,558154;-51,426813;2025-03-17 00:20:00.0;0,00
APUCARANA;410140801A;PR;Jardim Paraíso;-23,558154;-51,426813;2025-03-17 01:20:00.0;0,00
APUCARANA;410140801A;PR;Jardim Paraíso;-23,558154;-51,426813;2025-03-17 02:20:00.0;0,00
APUCARANA;410140801A;PR;Jardim Paraíso;-23,558154;-51,426813;2025-03-17 03:20:00.0;0,00
APUCARANA;410140801A;PR;Jardim Paraíso;-23,558154;-51,426813;2025-03-17 04:20:00.0;0,00
APUCARANA;410140801A;PR;Jardim Paraíso;-23,558154;-51,426813;2025-03-17 05:20:00.0;0,00
APUCARANA;410140801A;PR;Jardim Paraíso;-23,558154;-51,426813;2025-03-17 06:20:00.0;0,00
APUCARANA;410140801A;PR;Jardim Paraíso;-23,558154;-51,426813;2025-03-17 07:20:00.0;0,00
APUCARANA;410140801A;PR;Jardim Paraíso;-23,558154;-51,426813;2025-03-17 08:20:00.0;0,00
APUCARANA;410140801A;PR;Jardim Paraíso;-23,558154;-51,426813;2025-03-17 09:20:00.0;0,00
APUCARANA;410140801A;PR;Jardim Paraíso;-23,558154;-51,426813;2025-03-17 10:20:00.0;0,00
APUCARANA;410140801A;PR;Jardim Paraíso;-23,558154;-51,426813;2025-03-17 11:20:00.0;0,00
APUCARANA;410140801A;PR;Jardim Paraíso;-23,558154;-51,426813;2025-03-17 12:20:00.0;0,00
APUCARANA;410140801A;PR;Jardim Paraíso;-23,558154;-51,426813;2025-03-17 13:20:00.0;0,00
APUCARANA;410140801A;PR;Jardim Paraíso;-23,558154;-51,426813;2025-03-17 14:20:00.0;0,00
APUCARANA;410140801A;PR;Jardim Paraíso;-23,558154;-51,426813;2025-03-17 15:20:00.0;0,00
APUCARANA;410140801A;PR;Jardim Paraíso;-23,558154;-51,426813;2025-03-17 16:20:00.0;0,00
APUCARANA;410140801A;PR;Jardim Paraíso;-23,558154;-51,426813;2025-03-17 17:20:00.0;0,00
APUCARANA;410140801A;PR;Jardim Paraíso;-23,558154;-51,426813;2025-03-17 18:20:00.0;0,00
APUCARANA;410140801A;PR;Jardim Paraíso;-23,558154;-51,426813;2025-03-17 19:20:00.0;0,00
APUCARANA;410140801A;PR;Jardim Paraíso;-23,558154;-51,426813;2025-03-17 20:20:00.0;0,00
APUCARANA;410140801A;PR;Jardim Paraíso;-23,558154;-51,426813;2025-03-17 21:20:00.0;0,00
APUCARANA;410140801A;PR;Jardim Paraíso;-23,558154;-51,426813;2025-03-17 22:20:00.0;0,00
APUCARANA;410140801A;PR;Jardim Paraíso;-23,558154;-51,426813;2025-03-17 23:20:00.0;0,00
APUCARANA;410140801A;PR;Jardim Paraíso;-23,558154;-51,426813;2025-03-18 00:20:00.0;0,00
APUCARANA;410140801A;PR;Jardim Paraíso;-23,558154;-51,426813;2025-03-18 01:20:00.0;0,00
APUCARANA;410140801A;PR;Jardim Paraíso;-23,558154;-51,426813;2025-03-18 02:20:00.0;0,00
APUCARANA;410140801A;PR;Jardim Paraíso;-23,558154;-51,426813;2025-03-18 03:20:00.0;0,00
APUCARANA;410140801A;PR;Jardim Paraíso;-23,558154;-51,426813;2025-03-18 04:20:00.0;0,00
APUCARANA;410140801A;PR;Jardim Paraíso;-23,558154;-51,426813;2025-03-18 05:20:00.0;0,00
APUCARANA;410140801A;PR;Jardim Paraíso;-23,558154;-51,426813;2025-03-18 06:20:00.0;0,00
APUCARANA;410140801A;PR;Jardim Paraíso;-23,558154;-51,426813;2025-03-18 07:20:00.0;0,00
APUCARANA;410140801A;PR;Jardim Paraíso;-23,558154;-51,426813;2025-03-18 08:20:00.0;0,00
APUCARANA;410140801A;PR;Jardim Paraíso;-23,558154;-51,426813;2025-03-18 09:20:00.0;0,00
APUCARANA;410140801A;PR;Jardim Paraíso;-23,558154;-51,426813;2025-03-18 10:20:00.0;0,00
APUCARANA;410140801A;PR;Jardim Paraíso;-23,558154;-51,426813;2025-03-18 11:20:00.0;0,00
APUCARANA;410140801A;PR;Jardim Paraíso;-23,558154;-51,426813;2025-03-18 12:20:00.0;0,00
APUCARANA;410140801A;PR;Jardim Paraíso;-23,558154;-51,426813;2025-03-18 13:20:00.0;0,00
APUCARANA;410140801A;PR;Jardim Paraíso;-23,558154;-51,426813;2025-03-18 14:20:00.0;0,00
APUCARANA;410140801A;PR;Jardim Paraíso;-23,558154;-51,426813;2025-03-18 15:20:00.0;0,00
APUCARANA;410140801A;PR;Jardim Paraíso;-23,558154;-51,426813;2025-03-18 16:20:00.0;0,00
APUCARANA;410140801A;PR;Jardim Paraíso;-23,558154;-51,426813;2025-03-18 17:20:00.0;0,00
APUCARANA;410140801A;PR;Jardim Paraíso;-23,558154;-51,426813;2025-03-18 18:20:00.0;0,00
APUCARANA;410140801A;PR;Jardim Paraíso;-23,558154;-51,426813;2025-03-18 19:20:00.0;0,00
APUCARANA;410140801A;PR;Jardim Paraíso;-23,558154;-51,426813;2025-03-18 20:20:00.0;0,00
APUCARANA;410140801A;PR;Jardim Paraíso;-23,558154;-51,426813;2025-03-18 21:20:00.0;0,00
APUCARANA;410140801A;PR;Jardim Paraíso;-23,558154;-51,426813;2025-03-18 22:20:00.0;0,00
APUCARANA;410140801A;PR;Jardim Paraíso;-23,558154;-51,426813;2025-03-18 23:20:00.0;0,00
APUCARANA;410140801A;PR;Jardim Paraíso;-23,558154;-51,426813;2025-03-19 00:20:00.0;0,00
APUCARANA;410140801A;PR;Jardim Paraíso;-23,558154;-51,426813;2025-03-19 01:20:00.0;0,00
APUCARANA;410140801A;PR;Jardim Paraíso;-23,558154;-51,426813;2025-03-19 02:20:00.0;0,00
APUCARANA;410140801A;PR;Jardim Paraíso;-23,558154;-51,426813;2025-03-19 03:20:00.0;0,00
APUCARANA;410140801A;PR;Jardim Paraíso;-23,558154;-51,426813;2025-03-19 04:20:00.0;0,00
APUCARANA;410140801A;PR;Jardim Paraíso;-23,558154;-51,426813;2025-03-19 05:20:00.0;0,00
APUCARANA;410140801A;PR;Jardim Paraíso;-23,558154;-51,426813;2025-03-19 06:20:00.0;0,00
APUCARANA;410140801A;PR;Jardim Paraíso;-23,558154;-51,426813;2025-03-19 07:20:00.0;0,00
APUCARANA;410140801A;PR;Jardim Paraíso;-23,558154;-51,426813;2025-03-19 08:20:00.0;0,00
APUCARANA;410140801A;PR;Jardim Paraíso;-23,558154;-51,426813;2025-03-19 09:20:00.0;0,00
APUCARANA;410140801A;PR;Jardim Paraíso;-23,558154;-51,426813;2025-03-19 10:20:00.0;0,00
APUCARANA;410140801A;PR;Jardim Paraíso;-23,558154;-51,426813;2025-03-19 11:20:00.0;0,00
APUCARANA;410140801A;PR;Jardim Paraíso;-23,558154;-51,426813;2025-03-19 12:20:00.0;0,00
APUCARANA;410140801A;PR;Jardim Paraíso;-23,558154;-51,426813;2025-03-19 13:20:00.0;0,00
APUCARANA;410140801A;PR;Jardim Paraíso;-23,558154;-51,426813;2025-03-19 14:20:00.0;0,00
APUCARANA;410140801A;PR;Jardim Paraíso;-23,558154;-51,426813;2025-03-19 15:20:00.0;0,00
APUCARANA;410140801A;PR;Jardim Paraíso;-23,558154;-51,426813;2025-03-19 16:20:00.0;0,00
APUCARANA;410140801A;PR;Jardim Paraíso;-23,558154;-51,426813;2025-03-19 17:20:00.0;0,00
APUCARANA;410140801A;PR;Jardim Paraíso;-23,558154;-51,426813;2025-03-19 18:20:00.0;0,00
APUCARANA;410140801A;PR;Jardim Paraíso;-23,558154;-51,426813;2025-03-19 19:20:00.0;0,00
APUCARANA;410140801A;PR;Jardim Paraíso;-23,558154;-51,426813;2025-03-19 20:20:00.0;0,00
APUCARANA;410140801A;PR;Jardim Paraíso;-23,558154;-51,426813;2025-03-19 21:20:00.0;0,00
APUCARANA;410140801A;PR;Jardim Paraíso;-23,558154;-51,426813;2025-03-19 22:20:00.0;0,00
APUCARANA;410140801A;PR;Jardim Paraíso;-23,558154;-51,426813;2025-03-19 23:20:00.0;0,00
APUCARANA;410140801A;PR;Jardim Paraíso;-23,558154;-51,426813;2025-03-20 00:20:00.0;0,00
APUCARANA;410140801A;PR;Jardim Paraíso;-23,558154;-51,426813;2025-03-20 01:20:00.0;0,00
APUCARANA;410140801A;PR;Jardim Paraíso;-23,558154;-51,426813;2025-03-20 02:20:00.0;0,00
APUCARANA;410140801A;PR;Jardim Paraíso;-23,558154;-51,426813;2025-03-20 03:20:00.0;0,00
APUCARANA;410140801A;PR;Jardim Paraíso;-23,558154;-51,426813;2025-03-20 04:20:00.0;0,00
APUCARANA;410140801A;PR;Jardim Paraíso;-23,558154;-51,426813;2025-03-20 05:20:00.0;0,00
APUCARANA;410140801A;PR;Jardim Paraíso;-23,558154;-51,426813;2025-03-20 06:20:00.0;0,00
APUCARANA;410140801A;PR;Jardim Paraíso;-23,558154;-51,426813;2025-03-20 07:20:00.0;0,00
APUCARANA;410140801A;PR;Jardim Paraíso;-23,558154;-51,426813;2025-03-20 08:20:00.0;0,00
APUCARANA;410140801A;PR;Jardim Paraíso;-23,558154;-51,426813;2025-03-20 09:20:00.0;0,00
APUCARANA;410140801A;PR;Jardim Paraíso;-23,558154;-51,426813;2025-03-20 10:20:00.0;0,00
APUCARANA;410140801A;PR;Jardim Paraíso;-23,558154;-51,426813;2025-03-20 11:20:00.0;0,00
APUCARANA;410140801A;PR;Jardim Paraíso;-23,558154;-51,426813;2025-03-20 12:20:00.0;0,00
APUCARANA;410140801A;PR;Jardim Paraíso;-23,558154;-51,426813;2025-03-20 13:20:00.0;0,00
APUCARANA;410140801A;PR;Jardim Paraíso;-23,558154;-51,426813;2025-03-20 14:20:00.0;0,00
APUCARANA;410140801A;PR;Jardim Paraíso;-23,558154;-51,426813;2025-03-20 15:20:00.0;0,00
APUCARANA;410140801A;PR;Jardim Paraíso;-23,558154;-51,426813;2025-03-20 16:20:00.0;0,00
APUCARANA;410140801A;PR;Jardim Paraíso;-23,558154;-51,426813;2025-03-20 17:20:00.0;0,00
APUCARANA;410140801A;PR;Jardim Paraíso;-23,558154;-51,426813;2025-03-20 18:20:00.0;0,00
APUCARANA;410140801A;PR;Jardim Paraíso;-23,558154;-51,426813;2025-03-20 19:20:00.0;0,00
APUCARANA;410140801A;PR;Jardim Paraíso;-23,558154;-51,426813;2025-03-20 20:20:00.0;0,00
APUCARANA;410140801A;PR;Jardim Paraíso;-23,558154;-51,426813;2025-03-20 21:20:00.0;0,00
APUCARANA;410140801A;PR;Jardim Paraíso;-23,558154;-51,426813;2025-03-20 22:20:00.0;0,00
APUCARANA;410140801A;PR;Jardim Paraíso;-23,558154;-51,426813;2025-03-20 23:20:00.0;0,00
APUCARANA;410140801A;PR;Jardim Paraíso;-23,558154;-51,426813;2025-03-21 00:20:00.0;0,00
APUCARANA;410140801A;PR;Jardim Paraíso;-23,558154;-51,426813;2025-03-21 01:20:00.0;0,00
APUCARANA;410140801A;PR;Jardim Paraíso;-23,558154;-51,426813;2025-03-21 02:20:00.0;0,00
APUCARANA;410140801A;PR;Jardim Paraíso;-23,558154;-51,426813;2025-03-21 03:20:00.0;0,00
APUCARANA;410140801A;PR;Jardim Paraíso;-23,558154;-51,426813;2025-03-21 04:20:00.0;0,00
APUCARANA;410140801A;PR;Jardim Paraíso;-23,558154;-51,426813;2025-03-21 05:20:00.0;0,00
APUCARANA;410140801A;PR;Jardim Paraíso;-23,558154;-51,426813;2025-03-21 06:20:00.0;0,00
APUCARANA;410140801A;PR;Jardim Paraíso;-23,558154;-51,426813;2025-03-21 07:20:00.0;0,00
APUCARANA;410140801A;PR;Jardim Paraíso;-23,558154;-51,426813;2025-03-21 08:20:00.0;0,00
APUCARANA;410140801A;PR;Jardim Paraíso;-23,558154;-51,426813;2025-03-21 09:20:00.0;0,00
APUCARANA;410140801A;PR;Jardim Paraíso;-23,558154;-51,426813;2025-03-21 10:20:00.0;0,00
APUCARANA;410140801A;PR;Jardim Paraíso;-23,558154;-51,426813;2025-03-21 11:20:00.0;0,00
APUCARANA;410140801A;PR;Jardim Paraíso;-23,558154;-51,426813;2025-03-21 12:20:00.0;0,00
APUCARANA;410140801A;PR;Jardim Paraíso;-23,558154;-51,426813;2025-03-21 13:20:00.0;0,00
APUCARANA;410140801A;PR;Jardim Paraíso;-23,558154;-51,426813;2025-03-21 14:20:00.0;0,00
APUCARANA;410140801A;PR;Jardim Paraíso;-23,558154;-51,426813;2025-03-21 15:20:00.0;0,00
APUCARANA;410140801A;PR;Jardim Paraíso;-23,558154;-51,426813;2025-03-21 16:20:00.0;0,00
APUCARANA;410140801A;PR;Jardim Paraíso;-23,558154;-51,426813;2025-03-21 17:20:00.0;0,00
APUCARANA;410140801A;PR;Jardim Paraíso;-23,558154;-51,426813;2025-03-21 18:20:00.0;0,00
APUCARANA;410140801A;PR;Jardim Paraíso;-23,558154;-51,426813;2025-03-21 19:20:00.0;0,00
APUCARANA;410140801A;PR;Jardim Paraíso;-23,558154;-51,426813;2025-03-21 20:20:00.0;0,00
APUCARANA;410140801A;PR;Jardim Paraíso;-23,558154;-51,426813;2025-03-21 21:20:00.0;0,00
APUCARANA;410140801A;PR;Jardim Paraíso;-23,558154;-51,426813;2025-03-21 22:20:00.0;0,00
APUCARANA;410140801A;PR;Jardim Paraíso;-23,558154;-51,426813;2025-03-21 23:20:00.0;0,00
APUCARANA;410140801A;PR;Jardim Paraíso;-23,558154;-51,426813;2025-03-22 00:20:00.0;0,00
APUCARANA;410140801A;PR;Jardim Paraíso;-23,558154;-51,426813;2025-03-22 01:20:00.0;0,00
APUCARANA;410140801A;PR;Jardim Paraíso;-23,558154;-51,426813;2025-03-22 02:20:00.0;0,00
APUCARANA;410140801A;PR;Jardim Paraíso;-23,558154;-51,426813;2025-03-22 03:20:00.0;0,00
APUCARANA;410140801A;PR;Jardim Paraíso;-23,558154;-51,426813;2025-03-22 04:20:00.0;0,00
APUCARANA;410140801A;PR;Jardim Paraíso;-23,558154;-51,426813;2025-03-22 05:20:00.0;0,00
APUCARANA;410140801A;PR;Jardim Paraíso;-23,558154;-51,426813;2025-03-22 06:20:00.0;0,00
APUCARANA;410140801A;PR;Jardim Paraíso;-23,558154;-51,426813;2025-03-22 07:20:00.0;0,00
APUCARANA;410140801A;PR;Jardim Paraíso;-23,558154;-51,426813;2025-03-22 08:20:00.0;0,00
APUCARANA;410140801A;PR;Jardim Paraíso;-23,558154;-51,426813;2025-03-22 09:20:00.0;0,00
APUCARANA;410140801A;PR;Jardim Paraíso;-23,558154;-51,426813;2025-03-22 10:20:00.0;0,00
APUCARANA;410140801A;PR;Jardim Paraíso;-23,558154;-51,426813;2025-03-22 11:20:00.0;0,00
APUCARANA;410140801A;PR;Jardim Paraíso;-23,558154;-51,426813;2025-03-22 12:20:00.0;0,00
APUCARANA;410140801A;PR;Jardim Paraíso;-23,558154;-51,426813;2025-03-22 13:20:00.0;0,00
APUCARANA;410140801A;PR;Jardim Paraíso;-23,558154;-51,426813;2025-03-22 14:20:00.0;0,00
APUCARANA;410140801A;PR;Jardim Paraíso;-23,558154;-51,426813;2025-03-22 15:20:00.0;0,00
APUCARANA;410140801A;PR;Jardim Paraíso;-23,558154;-51,426813;2025-03-22 16:20:00.0;0,00
APUCARANA;410140801A;PR;Jardim Paraíso;-23,558154;-51,426813;2025-03-22 17:20:00.0;0,00
APUCARANA;410140801A;PR;Jardim Paraíso;-23,558154;-51,426813;2025-03-22 18:20:00.0;0,00
APUCARANA;410140801A;PR;Jardim Paraíso;-23,558154;-51,426813;2025-03-22 19:20:00.0;0,00
APUCARANA;410140801A;PR;Jardim Paraíso;-23,558154;-51,426813;2025-03-22 20:20:00.0;0,00
APUCARANA;410140801A;PR;Jardim Paraíso;-23,558154;-51,426813;2025-03-22 21:20:00.0;0,00
APUCARANA;410140801A;PR;Jardim Paraíso;-23,558154;-51,426813;2025-03-22 22:20:00.0;0,00
APUCARANA;410140801A;PR;Jardim Paraíso;-23,558154;-51,426813;2025-03-22 23:20:00.0;0,00
APUCARANA;410140801A;PR;Jardim Paraíso;-23,558154;-51,426813;2025-03-23 00:20:00.0;0,00
APUCARANA;410140801A;PR;Jardim Paraíso;-23,558154;-51,426813;2025-03-23 01:20:00.0;0,00
APUCARANA;410140801A;PR;Jardim Paraíso;-23,558154;-51,426813;2025-03-23 02:20:00.0;0,00
APUCARANA;410140801A;PR;Jardim Paraíso;-23,558154;-51,426813;2025-03-23 03:20:00.0;0,00
APUCARANA;410140801A;PR;Jardim Paraíso;-23,558154;-51,426813;2025-03-23 04:20:00.0;0,00
APUCARANA;410140801A;PR;Jardim Paraíso;-23,558154;-51,426813;2025-03-23 05:20:00.0;0,00
APUCARANA;410140801A;PR;Jardim Paraíso;-23,558154;-51,426813;2025-03-23 06:20:00.0;0,00
APUCARANA;410140801A;PR;Jardim Paraíso;-23,558154;-51,426813;2025-03-23 07:20:00.0;0,00
APUCARANA;410140801A;PR;Jardim Paraíso;-23,558154;-51,426813;2025-03-23 08:20:00.0;0,00
APUCARANA;410140801A;PR;Jardim Paraíso;-23,558154;-51,426813;2025-03-23 09:00:00.0;0,40
APUCARANA;410140801A;PR;Jardim Paraíso;-23,558154;-51,426813;2025-03-23 09:20:00.0;0,00
APUCARANA;410140801A;PR;Jardim Paraíso;-23,558154;-51,426813;2025-03-23 10:00:00.0;0,20
APUCARANA;410140801A;PR;Jardim Paraíso;-23,558154;-51,426813;2025-03-23 10:10:00.0;0,20
APUCARANA;410140801A;PR;Jardim Paraíso;-23,558154;-51,426813;2025-03-23 10:20:00.0;0,00
APUCARANA;410140801A;PR;Jardim Paraíso;-23,558154;-51,426813;2025-03-23 11:20:00.0;0,00
APUCARANA;410140801A;PR;Jardim Paraíso;-23,558154;-51,426813;2025-03-23 12:20:00.0;0,00
APUCARANA;410140801A;PR;Jardim Paraíso;-23,558154;-51,426813;2025-03-23 13:20:00.0;0,00
APUCARANA;410140801A;PR;Jardim Paraíso;-23,558154;-51,426813;2025-03-23 14:20:00.0;0,00
APUCARANA;410140801A;PR;Jardim Paraíso;-23,558154;-51,426813;2025-03-23 15:20:00.0;0,00
APUCARANA;410140801A;PR;Jardim Paraíso;-23,558154;-51,426813;2025-03-23 16:20:00.0;0,00
APUCARANA;410140801A;PR;Jardim Paraíso;-23,558154;-51,426813;2025-03-23 17:20:00.0;0,00
APUCARANA;410140801A;PR;Jardim Paraíso;-23,558154;-51,426813;2025-03-23 18:20:00.0;0,00
APUCARANA;410140801A;PR;Jardim Paraíso;-23,558154;-51,426813;2025-03-23 18:50:00.0;0,20
APUCARANA;410140801A;PR;Jardim Paraíso;-23,558154;-51,426813;2025-03-23 19:00:00.0;0,20
APUCARANA;410140801A;PR;Jardim Paraíso;-23,558154;-51,426813;2025-03-23 19:20:00.0;0,00
APUCARANA;410140801A;PR;Jardim Paraíso;-23,558154;-51,426813;2025-03-23 20:20:00.0;0,00
APUCARANA;410140801A;PR;Jardim Paraíso;-23,558154;-51,426813;2025-03-23 21:20:00.0;0,00
APUCARANA;410140801A;PR;Jardim Paraíso;-23,558154;-51,426813;2025-03-23 22:20:00.0;0,00
APUCARANA;410140801A;PR;Jardim Paraíso;-23,558154;-51,426813;2025-03-23 23:20:00.0;0,00
APUCARANA;410140801A;PR;Jardim Paraíso;-23,558154;-51,426813;2025-03-24 00:20:00.0;0,00
APUCARANA;410140801A;PR;Jardim Paraíso;-23,558154;-51,426813;2025-03-24 01:20:00.0;0,00
APUCARANA;410140801A;PR;Jardim Paraíso;-23,558154;-51,426813;2025-03-24 02:00:00.0;0,20
APUCARANA;410140801A;PR;Jardim Paraíso;-23,558154;-51,426813;2025-03-24 02:20:00.0;0,20
APUCARANA;410140801A;PR;Jardim Paraíso;-23,558154;-51,426813;2025-03-24 03:20:00.0;0,00
APUCARANA;410140801A;PR;Jardim Paraíso;-23,558154;-51,426813;2025-03-24 04:20:00.0;0,00
APUCARANA;410140801A;PR;Jardim Paraíso;-23,558154;-51,426813;2025-03-24 05:00:00.0;0,20
APUCARANA;410140801A;PR;Jardim Paraíso;-23,558154;-51,426813;2025-03-24 05:20:00.0;0,00
APUCARANA;410140801A;PR;Jardim Paraíso;-23,558154;-51,426813;2025-03-24 06:20:00.0;0,00
APUCARANA;410140801A;PR;Jardim Paraíso;-23,558154;-51,426813;2025-03-24 07:20:00.0;0,00
APUCARANA;410140801A;PR;Jardim Paraíso;-23,558154;-51,426813;2025-03-24 08:20:00.0;0,00
APUCARANA;410140801A;PR;Jardim Paraíso;-23,558154;-51,426813;2025-03-24 09:20:00.0;0,00
APUCARANA;410140801A;PR;Jardim Paraíso;-23,558154;-51,426813;2025-03-24 10:20:00.0;0,00
APUCARANA;410140801A;PR;Jardim Paraíso;-23,558154;-51,426813;2025-03-24 11:20:00.0;0,00
APUCARANA;410140801A;PR;Jardim Paraíso;-23,558154;-51,426813;2025-03-24 12:20:00.0;0,00
APUCARANA;410140801A;PR;Jardim Paraíso;-23,558154;-51,426813;2025-03-24 13:20:00.0;0,00
APUCARANA;410140801A;PR;Jardim Paraíso;-23,558154;-51,426813;2025-03-24 14:20:00.0;0,00
APUCARANA;410140801A;PR;Jardim Paraíso;-23,558154;-51,426813;2025-03-24 15:20:00.0;0,00
APUCARANA;410140801A;PR;Jardim Paraíso;-23,558154;-51,426813;2025-03-24 16:20:00.0;0,00
APUCARANA;410140801A;PR;Jardim Paraíso;-23,558154;-51,426813;2025-03-24 17:20:00.0;0,00
APUCARANA;410140801A;PR;Jardim Paraíso;-23,558154;-51,426813;2025-03-24 18:20:00.0;0,00
APUCARANA;410140801A;PR;Jardim Paraíso;-23,558154;-51,426813;2025-03-24 19:20:00.0;0,00
APUCARANA;410140801A;PR;Jardim Paraíso;-23,558154;-51,426813;2025-03-24 20:20:00.0;0,00
APUCARANA;410140801A;PR;Jardim Paraíso;-23,558154;-51,426813;2025-03-24 21:20:00.0;0,00
APUCARANA;410140801A;PR;Jardim Paraíso;-23,558154;-51,426813;2025-03-24 22:20:00.0;0,00
APUCARANA;410140801A;PR;Jardim Paraíso;-23,558154;-51,426813;2025-03-24 23:20:00.0;0,00
APUCARANA;410140801A;PR;Jardim Paraíso;-23,558154;-51,426813;2025-03-25 00:20:00.0;0,00
APUCARANA;410140801A;PR;Jardim Paraíso;-23,558154;-51,426813;2025-03-25 01:20:00.0;0,00
APUCARANA;410140801A;PR;Jardim Paraíso;-23,558154;-51,426813;2025-03-25 02:20:00.0;0,00
APUCARANA;410140801A;PR;Jardim Paraíso;-23,558154;-51,426813;2025-03-25 03:20:00.0;0,00
APUCARANA;410140801A;PR;Jardim Paraíso;-23,558154;-51,426813;2025-03-25 04:20:00.0;0,00
APUCARANA;410140801A;PR;Jardim Paraíso;-23,558154;-51,426813;2025-03-25 05:20:00.0;0,00
APUCARANA;410140801A;PR;Jardim Paraíso;-23,558154;-51,426813;2025-03-25 06:20:00.0;0,00
APUCARANA;410140801A;PR;Jardim Paraíso;-23,558154;-51,426813;2025-03-25 07:20:00.0;0,00
APUCARANA;410140801A;PR;Jardim Paraíso;-23,558154;-51,426813;2025-03-25 08:20:00.0;0,00
APUCARANA;410140801A;PR;Jardim Paraíso;-23,558154;-51,426813;2025-03-25 09:20:00.0;0,00
APUCARANA;410140801A;PR;Jardim Paraíso;-23,558154;-51,426813;2025-03-25 10:20:00.0;0,00
APUCARANA;410140801A;PR;Jardim Paraíso;-23,558154;-51,426813;2025-03-25 11:20:00.0;0,00
APUCARANA;410140801A;PR;Jardim Paraíso;-23,558154;-51,426813;2025-03-25 12:20:00.0;0,00
APUCARANA;410140801A;PR;Jardim Paraíso;-23,558154;-51,426813;2025-03-25 13:20:00.0;0,00
APUCARANA;410140801A;PR;Jardim Paraíso;-23,558154;-51,426813;2025-03-25 14:20:00.0;0,00
APUCARANA;410140801A;PR;Jardim Paraíso;-23,558154;-51,426813;2025-03-25 15:20:00.0;0,00
APUCARANA;410140801A;PR;Jardim Paraíso;-23,558154;-51,426813;2025-03-25 16:20:00.0;0,00
APUCARANA;410140801A;PR;Jardim Paraíso;-23,558154;-51,426813;2025-03-25 17:20:00.0;0,00
APUCARANA;410140801A;PR;Jardim Paraíso;-23,558154;-51,426813;2025-03-25 18:20:00.0;0,00
APUCARANA;410140801A;PR;Jardim Paraíso;-23,558154;-51,426813;2025-03-25 19:20:00.0;0,00
APUCARANA;410140801A;PR;Jardim Paraíso;-23,558154;-51,426813;2025-03-25 20:20:00.0;0,00
APUCARANA;410140801A;PR;Jardim Paraíso;-23,558154;-51,426813;2025-03-25 21:20:00.0;0,00
APUCARANA;410140801A;PR;Jardim Paraíso;-23,558154;-51,426813;2025-03-25 22:20:00.0;0,00
APUCARANA;410140801A;PR;Jardim Paraíso;-23,558154;-51,426813;2025-03-25 23:20:00.0;0,00
APUCARANA;410140801A;PR;Jardim Paraíso;-23,558154;-51,426813;2025-03-26 00:20:00.0;0,00
APUCARANA;410140801A;PR;Jardim Paraíso;-23,558154;-51,426813;2025-03-26 01:20:00.0;0,00
APUCARANA;410140801A;PR;Jardim Paraíso;-23,558154;-51,426813;2025-03-26 01:40:00.0;0,80
APUCARANA;410140801A;PR;Jardim Paraíso;-23,558154;-51,426813;2025-03-26 01:50:00.0;0,20
APUCARANA;410140801A;PR;Jardim Paraíso;-23,558154;-51,426813;2025-03-26 02:00:00.0;5,60
APUCARANA;410140801A;PR;Jardim Paraíso;-23,558154;-51,426813;2025-03-26 02:10:00.0;8,80
APUCARANA;410140801A;PR;Jardim Paraíso;-23,558154;-51,426813;2025-03-26 02:20:00.0;8,20
APUCARANA;410140801A;PR;Jardim Paraíso;-23,558154;-51,426813;2025-03-26 02:30:00.0;5,80
APUCARANA;410140801A;PR;Jardim Paraíso;-23,558154;-51,426813;2025-03-26 02:40:00.0;3,60
APUCARANA;410140801A;PR;Jardim Paraíso;-23,558154;-51,426813;2025-03-26 02:50:00.0;2,40
APUCARANA;410140801A;PR;Jardim Paraíso;-23,558154;-51,426813;2025-03-26 03:00:00.0;1,40
APUCARANA;410140801A;PR;Jardim Paraíso;-23,558154;-51,426813;2025-03-26 03:10:00.0;0,80
APUCARANA;410140801A;PR;Jardim Paraíso;-23,558154;-51,426813;2025-03-26 03:20:00.0;0,80
APUCARANA;410140801A;PR;Jardim Paraíso;-23,558154;-51,426813;2025-03-26 03:30:00.0;0,40
APUCARANA;410140801A;PR;Jardim Paraíso;-23,558154;-51,426813;2025-03-26 03:40:00.0;0,60
APUCARANA;410140801A;PR;Jardim Paraíso;-23,558154;-51,426813;2025-03-26 03:50:00.0;0,40
APUCARANA;410140801A;PR;Jardim Paraíso;-23,558154;-51,426813;2025-03-26 04:00:00.0;0,60
APUCARANA;410140801A;PR;Jardim Paraíso;-23,558154;-51,426813;2025-03-26 04:10:00.0;0,80
APUCARANA;410140801A;PR;Jardim Paraíso;-23,558154;-51,426813;2025-03-26 04:20:00.0;0,80
APUCARANA;410140801A;PR;Jardim Paraíso;-23,558154;-51,426813;2025-03-26 04:30:00.0;0,60
APUCARANA;410140801A;PR;Jardim Paraíso;-23,558154;-51,426813;2025-03-26 04:40:00.0;0,60
APUCARANA;410140801A;PR;Jardim Paraíso;-23,558154;-51,426813;2025-03-26 04:50:00.0;0,80
APUCARANA;410140801A;PR;Jardim Paraíso;-23,558154;-51,426813;2025-03-26 05:00:00.0;0,80
APUCARANA;410140801A;PR;Jardim Paraíso;-23,558154;-51,426813;2025-03-26 05:10:00.0;0,80
APUCARANA;410140801A;PR;Jardim Paraíso;-23,558154;-51,426813;2025-03-26 05:20:00.0;0,40
APUCARANA;410140801A;PR;Jardim Paraíso;-23,558154;-51,426813;2025-03-26 06:10:00.0;0,20
APUCARANA;410140801A;PR;Jardim Paraíso;-23,558154;-51,426813;2025-03-26 06:20:00.0;0,00
APUCARANA;410140801A;PR;Jardim Paraíso;-23,558154;-51,426813;2025-03-26 07:20:00.0;0,00
APUCARANA;410140801A;PR;Jardim Paraíso;-23,558154;-51,426813;2025-03-26 08:20:00.0;0,00
APUCARANA;410140801A;PR;Jardim Paraíso;-23,558154;-51,426813;2025-03-26 09:20:00.0;0,00
APUCARANA;410140801A;PR;Jardim Paraíso;-23,558154;-51,426813;2025-03-26 10:20:00.0;0,00
APUCARANA;410140801A;PR;Jardim Paraíso;-23,558154;-51,426813;2025-03-26 11:20:00.0;0,00
APUCARANA;410140801A;PR;Jardim Paraíso;-23,558154;-51,426813;2025-03-26 12:20:00.0;0,00
APUCARANA;410140801A;PR;Jardim Paraíso;-23,558154;-51,426813;2025-03-26 13:20:00.0;0,00
APUCARANA;410140801A;PR;Jardim Paraíso;-23,558154;-51,426813;2025-03-26 14:20:00.0;0,00
APUCARANA;410140801A;PR;Jardim Paraíso;-23,558154;-51,426813;2025-03-26 15:20:00.0;0,00
APUCARANA;410140801A;PR;Jardim Paraíso;-23,558154;-51,426813;2025-03-26 16:20:00.0;0,00
APUCARANA;410140801A;PR;Jardim Paraíso;-23,558154;-51,426813;2025-03-26 17:20:00.0;0,00
APUCARANA;410140801A;PR;Jardim Paraíso;-23,558154;-51,426813;2025-03-26 18:20:00.0;0,00
APUCARANA;410140801A;PR;Jardim Paraíso;-23,558154;-51,426813;2025-03-26 19:20:00.0;0,00
APUCARANA;410140801A;PR;Jardim Paraíso;-23,558154;-51,426813;2025-03-26 20:20:00.0;0,00
APUCARANA;410140801A;PR;Jardim Paraíso;-23,558154;-51,426813;2025-03-26 21:20:00.0;0,00
APUCARANA;410140801A;PR;Jardim Paraíso;-23,558154;-51,426813;2025-03-26 22:20:00.0;0,00
APUCARANA;410140801A;PR;Jardim Paraíso;-23,558154;-51,426813;2025-03-26 23:20:00.0;0,00
APUCARANA;410140801A;PR;Jardim Paraíso;-23,558154;-51,426813;2025-03-27 00:20:00.0;0,00
APUCARANA;410140801A;PR;Jardim Paraíso;-23,558154;-51,426813;2025-03-27 01:20:00.0;0,00
APUCARANA;410140801A;PR;Jardim Paraíso;-23,558154;-51,426813;2025-03-27 02:20:00.0;0,00
APUCARANA;410140801A;PR;Jardim Paraíso;-23,558154;-51,426813;2025-03-27 03:20:00.0;0,00
APUCARANA;410140801A;PR;Jardim Paraíso;-23,558154;-51,426813;2025-03-27 04:20:00.0;0,00
APUCARANA;410140801A;PR;Jardim Paraíso;-23,558154;-51,426813;2025-03-27 05:20:00.0;0,00
APUCARANA;410140801A;PR;Jardim Paraíso;-23,558154;-51,426813;2025-03-27 06:20:00.0;0,00
APUCARANA;410140801A;PR;Jardim Paraíso;-23,558154;-51,426813;2025-03-27 07:20:00.0;0,00
APUCARANA;410140801A;PR;Jardim Paraíso;-23,558154;-51,426813;2025-03-27 08:20:00.0;0,00
APUCARANA;410140801A;PR;Jardim Paraíso;-23,558154;-51,426813;2025-03-27 09:20:00.0;0,00
APUCARANA;410140801A;PR;Jardim Paraíso;-23,558154;-51,426813;2025-03-27 10:20:00.0;0,00
APUCARANA;410140801A;PR;Jardim Paraíso;-23,558154;-51,426813;2025-03-27 11:20:00.0;0,00
APUCARANA;410140801A;PR;Jardim Paraíso;-23,558154;-51,426813;2025-03-27 12:20:00.0;0,00
APUCARANA;410140801A;PR;Jardim Paraíso;-23,558154;-51,426813;2025-03-27 13:20:00.0;0,00
APUCARANA;410140801A;PR;Jardim Paraíso;-23,558154;-51,426813;2025-03-27 14:20:00.0;0,00
APUCARANA;410140801A;PR;Jardim Paraíso;-23,558154;-51,426813;2025-03-27 15:20:00.0;0,00
APUCARANA;410140801A;PR;Jardim Paraíso;-23,558154;-51,426813;2025-03-27 16:20:00.0;0,00
APUCARANA;410140801A;PR;Jardim Paraíso;-23,558154;-51,426813;2025-03-27 17:20:00.0;0,00
APUCARANA;410140801A;PR;Jardim Paraíso;-23,558154;-51,426813;2025-03-27 18:20:00.0;0,00
APUCARANA;410140801A;PR;Jardim Paraíso;-23,558154;-51,426813;2025-03-27 19:20:00.0;0,00
APUCARANA;410140801A;PR;Jardim Paraíso;-23,558154;-51,426813;2025-03-27 20:20:00.0;0,00
APUCARANA;410140801A;PR;Jardim Paraíso;-23,558154;-51,426813;2025-03-27 21:20:00.0;0,00
APUCARANA;410140801A;PR;Jardim Paraíso;-23,558154;-51,426813;2025-03-27 22:20:00.0;0,00
APUCARANA;410140801A;PR;Jardim Paraíso;-23,558154;-51,426813;2025-03-27 23:20:00.0;0,00
APUCARANA;410140801A;PR;Jardim Paraíso;-23,558154;-51,426813;2025-03-28 00:20:00.0;0,00
APUCARANA;410140801A;PR;Jardim Paraíso;-23,558154;-51,426813;2025-03-28 01:20:00.0;0,00
APUCARANA;410140801A;PR;Jardim Paraíso;-23,558154;-51,426813;2025-03-28 02:20:00.0;0,00
APUCARANA;410140801A;PR;Jardim Paraíso;-23,558154;-51,426813;2025-03-28 03:20:00.0;0,00
APUCARANA;410140801A;PR;Jardim Paraíso;-23,558154;-51,426813;2025-03-28 04:20:00.0;0,00
APUCARANA;410140801A;PR;Jardim Paraíso;-23,558154;-51,426813;2025-03-28 05:20:00.0;0,00
APUCARANA;410140801A;PR;Jardim Paraíso;-23,558154;-51,426813;2025-03-28 06:20:00.0;0,00
APUCARANA;410140801A;PR;Jardim Paraíso;-23,558154;-51,426813;2025-03-28 07:20:00.0;0,00
APUCARANA;410140801A;PR;Jardim Paraíso;-23,558154;-51,426813;2025-03-28 08:20:00.0;0,00
APUCARANA;410140801A;PR;Jardim Paraíso;-23,558154;-51,426813;2025-03-28 09:20:00.0;0,00
APUCARANA;410140801A;PR;Jardim Paraíso;-23,558154;-51,426813;2025-03-28 10:20:00.0;0,00
APUCARANA;410140801A;PR;Jardim Paraíso;-23,558154;-51,426813;2025-03-28 11:20:00.0;0,00
APUCARANA;410140801A;PR;Jardim Paraíso;-23,558154;-51,426813;2025-03-28 12:20:00.0;0,00
APUCARANA;410140801A;PR;Jardim Paraíso;-23,558154;-51,426813;2025-03-28 13:20:00.0;0,00
APUCARANA;410140801A;PR;Jardim Paraíso;-23,558154;-51,426813;2025-03-28 14:20:00.0;0,00
APUCARANA;410140801A;PR;Jardim Paraíso;-23,558154;-51,426813;2025-03-28 15:20:00.0;0,00
APUCARANA;410140801A;PR;Jardim Paraíso;-23,558154;-51,426813;2025-03-28 16:20:00.0;0,00
APUCARANA;410140801A;PR;Jardim Paraíso;-23,558154;-51,426813;2025-03-28 17:20:00.0;0,00
APUCARANA;410140801A;PR;Jardim Paraíso;-23,558154;-51,426813;2025-03-28 18:20:00.0;0,00
APUCARANA;410140801A;PR;Jardim Paraíso;-23,558154;-51,426813;2025-03-28 19:20:00.0;0,00
APUCARANA;410140801A;PR;Jardim Paraíso;-23,558154;-51,426813;2025-03-28 20:20:00.0;0,00
APUCARANA;410140801A;PR;Jardim Paraíso;-23,558154;-51,426813;2025-03-28 21:20:00.0;0,00
APUCARANA;410140801A;PR;Jardim Paraíso;-23,558154;-51,426813;2025-03-28 22:20:00.0;0,00
APUCARANA;410140801A;PR;Jardim Paraíso;-23,558154;-51,426813;2025-03-28 23:20:00.0;0,00
APUCARANA;410140801A;PR;Jardim Paraíso;-23,558154;-51,426813;2025-03-29 00:20:00.0;0,00
APUCARANA;410140801A;PR;Jardim Paraíso;-23,558154;-51,426813;2025-03-29 01:20:00.0;0,00
APUCARANA;410140801A;PR;Jardim Paraíso;-23,558154;-51,426813;2025-03-29 02:20:00.0;0,00
APUCARANA;410140801A;PR;Jardim Paraíso;-23,558154;-51,426813;2025-03-29 03:20:00.0;0,00
APUCARANA;410140801A;PR;Jardim Paraíso;-23,558154;-51,426813;2025-03-29 04:20:00.0;0,00
APUCARANA;410140801A;PR;Jardim Paraíso;-23,558154;-51,426813;2025-03-29 05:20:00.0;0,00
APUCARANA;410140801A;PR;Jardim Paraíso;-23,558154;-51,426813;2025-03-29 06:20:00.0;0,00
APUCARANA;410140801A;PR;Jardim Paraíso;-23,558154;-51,426813;2025-03-29 07:20:00.0;0,00
APUCARANA;410140801A;PR;Jardim Paraíso;-23,558154;-51,426813;2025-03-29 08:20:00.0;0,00
APUCARANA;410140801A;PR;Jardim Paraíso;-23,558154;-51,426813;2025-03-29 09:20:00.0;0,00
APUCARANA;410140801A;PR;Jardim Paraíso;-23,558154;-51,426813;2025-03-29 10:20:00.0;0,00
APUCARANA;410140801A;PR;Jardim Paraíso;-23,558154;-51,426813;2025-03-29 11:20:00.0;0,00
APUCARANA;410140801A;PR;Jardim Paraíso;-23,558154;-51,426813;2025-03-29 12:20:00.0;0,00
APUCARANA;410140801A;PR;Jardim Paraíso;-23,558154;-51,426813;2025-03-29 13:20:00.0;0,00
APUCARANA;410140801A;PR;Jardim Paraíso;-23,558154;-51,426813;2025-03-29 14:20:00.0;0,00
APUCARANA;410140801A;PR;Jardim Paraíso;-23,558154;-51,426813;2025-03-29 15:20:00.0;0,00
APUCARANA;410140801A;PR;Jardim Paraíso;-23,558154;-51,426813;2025-03-29 16:20:00.0;0,00
APUCARANA;410140801A;PR;Jardim Paraíso;-23,558154;-51,426813;2025-03-29 17:20:00.0;0,00
APUCARANA;410140801A;PR;Jardim Paraíso;-23,558154;-51,426813;2025-03-29 17:40:00.0;0,20
APUCARANA;410140801A;PR;Jardim Paraíso;-23,558154;-51,426813;2025-03-29 18:20:00.0;0,20
APUCARANA;410140801A;PR;Jardim Paraíso;-23,558154;-51,426813;2025-03-29 18:30:00.0;0,60
APUCARANA;410140801A;PR;Jardim Paraíso;-23,558154;-51,426813;2025-03-29 18:40:00.0;0,40
APUCARANA;410140801A;PR;Jardim Paraíso;-23,558154;-51,426813;2025-03-29 18:50:00.0;0,20
APUCARANA;410140801A;PR;Jardim Paraíso;-23,558154;-51,426813;2025-03-29 19:00:00.0;0,40
APUCARANA;410140801A;PR;Jardim Paraíso;-23,558154;-51,426813;2025-03-29 19:10:00.0;0,40
APUCARANA;410140801A;PR;Jardim Paraíso;-23,558154;-51,426813;2025-03-29 19:20:00.0;0,80
APUCARANA;410140801A;PR;Jardim Paraíso;-23,558154;-51,426813;2025-03-29 19:30:00.0;0,40
APUCARANA;410140801A;PR;Jardim Paraíso;-23,558154;-51,426813;2025-03-29 19:40:00.0;0,40
APUCARANA;410140801A;PR;Jardim Paraíso;-23,558154;-51,426813;2025-03-29 19:50:00.0;0,40
APUCARANA;410140801A;PR;Jardim Paraíso;-23,558154;-51,426813;2025-03-29 20:00:00.0;0,20
APUCARANA;410140801A;PR;Jardim Paraíso;-23,558154;-51,426813;2025-03-29 20:10:00.0;0,20
APUCARANA;410140801A;PR;Jardim Paraíso;-23,558154;-51,426813;2025-03-29 20:20:00.0;0,40
APUCARANA;410140801A;PR;Jardim Paraíso;-23,558154;-51,426813;2025-03-29 20:30:00.0;0,40
APUCARANA;410140801A;PR;Jardim Paraíso;-23,558154;-51,426813;2025-03-29 20:40:00.0;0,20
APUCARANA;410140801A;PR;Jardim Paraíso;-23,558154;-51,426813;2025-03-29 20:50:00.0;0,20
APUCARANA;410140801A;PR;Jardim Paraíso;-23,558154;-51,426813;2025-03-29 21:20:00.0;0,00
APUCARANA;410140801A;PR;Jardim Paraíso;-23,558154;-51,426813;2025-03-29 22:20:00.0;0,00
APUCARANA;410140801A;PR;Jardim Paraíso;-23,558154;-51,426813;2025-03-29 23:20:00.0;0,00
APUCARANA;410140801A;PR;Jardim Paraíso;-23,558154;-51,426813;2025-03-30 00:20:00.0;0,00
APUCARANA;410140801A;PR;Jardim Paraíso;-23,558154;-51,426813;2025-03-30 01:20:00.0;0,00
APUCARANA;410140801A;PR;Jardim Paraíso;-23,558154;-51,426813;2025-03-30 02:20:00.0;0,00
APUCARANA;410140801A;PR;Jardim Paraíso;-23,558154;-51,426813;2025-03-30 03:20:00.0;0,00
APUCARANA;410140801A;PR;Jardim Paraíso;-23,558154;-51,426813;2025-03-30 04:20:00.0;0,00
APUCARANA;410140801A;PR;Jardim Paraíso;-23,558154;-51,426813;2025-03-30 05:20:00.0;0,00
APUCARANA;410140801A;PR;Jardim Paraíso;-23,558154;-51,426813;2025-03-30 06:20:00.0;0,00
APUCARANA;410140801A;PR;Jardim Paraíso;-23,558154;-51,426813;2025-03-30 07:20:00.0;0,00
APUCARANA;410140801A;PR;Jardim Paraíso;-23,558154;-51,426813;2025-03-30 08:20:00.0;0,00
APUCARANA;410140801A;PR;Jardim Paraíso;-23,558154;-51,426813;2025-03-30 09:20:00.0;0,00
APUCARANA;410140801A;PR;Jardim Paraíso;-23,558154;-51,426813;2025-03-30 10:20:00.0;0,00
APUCARANA;410140801A;PR;Jardim Paraíso;-23,558154;-51,426813;2025-03-30 11:20:00.0;0,00
APUCARANA;410140801A;PR;Jardim Paraíso;-23,558154;-51,426813;2025-03-30 12:20:00.0;0,00
APUCARANA;410140801A;PR;Jardim Paraíso;-23,558154;-51,426813;2025-03-30 13:20:00.0;0,00
APUCARANA;410140801A;PR;Jardim Paraíso;-23,558154;-51,426813;2025-03-30 14:20:00.0;0,00
APUCARANA;410140801A;PR;Jardim Paraíso;-23,558154;-51,426813;2025-03-30 15:20:00.0;0,00
APUCARANA;410140801A;PR;Jardim Paraíso;-23,558154;-51,426813;2025-03-30 16:20:00.0;0,00
APUCARANA;410140801A;PR;Jardim Paraíso;-23,558154;-51,426813;2025-03-30 17:20:00.0;0,00
APUCARANA;410140801A;PR;Jardim Paraíso;-23,558154;-51,426813;2025-03-30 18:20:00.0;0,00
APUCARANA;410140801A;PR;Jardim Paraíso;-23,558154;-51,426813;2025-03-30 19:20:00.0;0,00
APUCARANA;410140801A;PR;Jardim Paraíso;-23,558154;-51,426813;2025-03-30 20:20:00.0;0,00
APUCARANA;410140801A;PR;Jardim Paraíso;-23,558154;-51,426813;2025-03-30 21:20:00.0;0,00
APUCARANA;410140801A;PR;Jardim Paraíso;-23,558154;-51,426813;2025-03-30 22:20:00.0;0,00
APUCARANA;410140801A;PR;Jardim Paraíso;-23,558154;-51,426813;2025-03-30 23:20:00.0;0,00
APUCARANA;410140801A;PR;Jardim Paraíso;-23,558154;-51,426813;2025-03-31 00:20:00.0;0,00
APUCARANA;410140801A;PR;Jardim Paraíso;-23,558154;-51,426813;2025-03-31 01:20:00.0;0,00
APUCARANA;410140801A;PR;Jardim Paraíso;-23,558154;-51,426813;2025-03-31 02:20:00.0;0,00
APUCARANA;410140801A;PR;Jardim Paraíso;-23,558154;-51,426813;2025-03-31 03:20:00.0;0,00
APUCARANA;410140801A;PR;Jardim Paraíso;-23,558154;-51,426813;2025-03-31 04:20:00.0;0,00
APUCARANA;410140801A;PR;Jardim Paraíso;-23,558154;-51,426813;2025-03-31 05:20:00.0;0,00
APUCARANA;410140801A;PR;Jardim Paraíso;-23,558154;-51,426813;2025-03-31 06:20:00.0;0,00
APUCARANA;410140801A;PR;Jardim Paraíso;-23,558154;-51,426813;2025-03-31 07:20:00.0;0,00
APUCARANA;410140801A;PR;Jardim Paraíso;-23,558154;-51,426813;2025-03-31 08:20:00.0;0,00
APUCARANA;410140801A;PR;Jardim Paraíso;-23,558154;-51,426813;2025-03-31 09:20:00.0;0,00
APUCARANA;410140801A;PR;Jardim Paraíso;-23,558154;-51,426813;2025-03-31 10:20:00.0;0,00
APUCARANA;410140801A;PR;Jardim Paraíso;-23,558154;-51,426813;2025-03-31 11:20:00.0;0,00
APUCARANA;410140801A;PR;Jardim Paraíso;-23,558154;-51,426813;2025-03-31 12:20:00.0;0,00
APUCARANA;410140801A;PR;Jardim Paraíso;-23,558154;-51,426813;2025-03-31 13:20:00.0;0,00
APUCARANA;410140801A;PR;Jardim Paraíso;-23,558154;-51,426813;2025-03-31 14:20:00.0;0,00
APUCARANA;410140801A;PR;Jardim Paraíso;-23,558154;-51,426813;2025-03-31 15:20:00.0;0,00
APUCARANA;410140801A;PR;Jardim Paraíso;-23,558154;-51,426813;2025-03-31 16:20:00.0;0,00
APUCARANA;410140801A;PR;Jardim Paraíso;-23,558154;-51,426813;2025-03-31 17:20:00.0;0,00
APUCARANA;410140801A;PR;Jardim Paraíso;-23,558154;-51,426813;2025-03-31 18:20:00.0;0,00
APUCARANA;410140801A;PR;Jardim Paraíso;-23,558154;-51,426813;2025-03-31 19:20:00.0;0,00
APUCARANA;410140801A;PR;Jardim Paraíso;-23,558154;-51,426813;2025-03-31 20:20:00.0;0,00
APUCARANA;410140801A;PR;Jardim Paraíso;-23,558154;-51,426813;2025-03-31 21:20:00.0;0,00
APUCARANA;410140801A;PR;Jardim Paraíso;-23,558154;-51,426813;2025-03-31 22:20:00.0;0,00
APUCARANA;410140801A;PR;Jardim Paraíso;-23,558154;-51,426813;2025-03-31 23:20:00.0;0,00
APUCARANA;410140802A;PR;Parque Industrial;-23,566473;-51,505367;2025-03-01 00:10:00.0;0,00
APUCARANA;410140802A;PR;Parque Industrial;-23,566473;-51,505367;2025-03-01 01:10:00.0;0,00
APUCARANA;410140802A;PR;Parque Industrial;-23,566473;-51,505367;2025-03-01 02:10:00.0;0,00
APUCARANA;410140802A;PR;Parque Industrial;-23,566473;-51,505367;2025-03-01 03:10:00.0;0,00
APUCARANA;410140802A;PR;Parque Industrial;-23,566473;-51,505367;2025-03-01 04:10:00.0;0,00
APUCARANA;410140802A;PR;Parque Industrial;-23,566473;-51,505367;2025-03-01 05:10:00.0;0,00
APUCARANA;410140802A;PR;Parque Industrial;-23,566473;-51,505367;2025-03-01 06:10:00.0;0,00
APUCARANA;410140802A;PR;Parque Industrial;-23,566473;-51,505367;2025-03-01 07:10:00.0;0,00
APUCARANA;410140802A;PR;Parque Industrial;-23,566473;-51,505367;2025-03-01 08:10:00.0;0,00
APUCARANA;410140802A;PR;Parque Industrial;-23,566473;-51,505367;2025-03-01 09:10:00.0;0,00
APUCARANA;410140802A;PR;Parque Industrial;-23,566473;-51,505367;2025-03-01 10:10:00.0;0,00
APUCARANA;410140802A;PR;Parque Industrial;-23,566473;-51,505367;2025-03-01 11:10:00.0;0,00
APUCARANA;410140802A;PR;Parque Industrial;-23,566473;-51,505367;2025-03-01 12:10:00.0;0,00
APUCARANA;410140802A;PR;Parque Industrial;-23,566473;-51,505367;2025-03-01 13:10:00.0;0,00
APUCARANA;410140802A;PR;Parque Industrial;-23,566473;-51,505367;2025-03-01 14:10:00.0;0,00
APUCARANA;410140802A;PR;Parque Industrial;-23,566473;-51,505367;2025-03-01 15:10:00.0;0,00
APUCARANA;410140802A;PR;Parque Industrial;-23,566473;-51,505367;2025-03-01 16:10:00.0;0,00
APUCARANA;410140802A;PR;Parque Industrial;-23,566473;-51,505367;2025-03-01 17:10:00.0;0,00
APUCARANA;410140802A;PR;Parque Industrial;-23,566473;-51,505367;2025-03-01 18:10:00.0;0,00
APUCARANA;410140802A;PR;Parque Industrial;-23,566473;-51,505367;2025-03-01 19:10:00.0;0,00
APUCARANA;410140802A;PR;Parque Industrial;-23,566473;-51,505367;2025-03-01 20:10:00.0;0,00
APUCARANA;410140802A;PR;Parque Industrial;-23,566473;-51,505367;2025-03-01 21:10:00.0;0,00
APUCARANA;410140802A;PR;Parque Industrial;-23,566473;-51,505367;2025-03-01 22:10:00.0;0,00
APUCARANA;410140802A;PR;Parque Industrial;-23,566473;-51,505367;2025-03-01 23:10:00.0;0,00
APUCARANA;410140802A;PR;Parque Industrial;-23,566473;-51,505367;2025-03-02 00:10:00.0;0,00
APUCARANA;410140802A;PR;Parque Industrial;-23,566473;-51,505367;2025-03-02 01:10:00.0;0,00
APUCARANA;410140802A;PR;Parque Industrial;-23,566473;-51,505367;2025-03-02 02:10:00.0;0,00
APUCARANA;410140802A;PR;Parque Industrial;-23,566473;-51,505367;2025-03-02 03:10:00.0;0,00
APUCARANA;410140802A;PR;Parque Industrial;-23,566473;-51,505367;2025-03-02 04:10:00.0;0,00
APUCARANA;410140802A;PR;Parque Industrial;-23,566473;-51,505367;2025-03-02 05:10:00.0;0,00
APUCARANA;410140802A;PR;Parque Industrial;-23,566473;-51,505367;2025-03-02 06:10:00.0;0,00
APUCARANA;410140802A;PR;Parque Industrial;-23,566473;-51,505367;2025-03-02 07:10:00.0;0,00
APUCARANA;410140802A;PR;Parque Industrial;-23,566473;-51,505367;2025-03-02 08:10:00.0;0,00
APUCARANA;410140802A;PR;Parque Industrial;-23,566473;-51,505367;2025-03-02 09:10:00.0;0,00
APUCARANA;410140802A;PR;Parque Industrial;-23,566473;-51,505367;2025-03-02 10:10:00.0;0,00
APUCARANA;410140802A;PR;Parque Industrial;-23,566473;-51,505367;2025-03-02 11:10:00.0;0,00
APUCARANA;410140802A;PR;Parque Industrial;-23,566473;-51,505367;2025-03-02 12:10:00.0;0,00
APUCARANA;410140802A;PR;Parque Industrial;-23,566473;-51,505367;2025-03-02 13:10:00.0;0,00
APUCARANA;410140802A;PR;Parque Industrial;-23,566473;-51,505367;2025-03-02 14:10:00.0;0,00
APUCARANA;410140802A;PR;Parque Industrial;-23,566473;-51,505367;2025-03-02 15:10:00.0;0,00
APUCARANA;410140802A;PR;Parque Industrial;-23,566473;-51,505367;2025-03-02 16:10:00.0;0,00
APUCARANA;410140802A;PR;Parque Industrial;-23,566473;-51,505367;2025-03-02 17:10:00.0;0,00
APUCARANA;410140802A;PR;Parque Industrial;-23,566473;-51,505367;2025-03-02 18:10:00.0;0,00
APUCARANA;410140802A;PR;Parque Industrial;-23,566473;-51,505367;2025-03-02 19:10:00.0;0,00
APUCARANA;410140802A;PR;Parque Industrial;-23,566473;-51,505367;2025-03-02 20:10:00.0;0,00
APUCARANA;410140802A;PR;Parque Industrial;-23,566473;-51,505367;2025-03-02 21:10:00.0;0,00
APUCARANA;410140802A;PR;Parque Industrial;-23,566473;-51,505367;2025-03-02 22:10:00.0;0,00
APUCARANA;410140802A;PR;Parque Industrial;-23,566473;-51,505367;2025-03-02 23:10:00.0;0,00
APUCARANA;410140802A;PR;Parque Industrial;-23,566473;-51,505367;2025-03-03 00:10:00.0;0,00
APUCARANA;410140802A;PR;Parque Industrial;-23,566473;-51,505367;2025-03-03 01:10:00.0;0,00
APUCARANA;410140802A;PR;Parque Industrial;-23,566473;-51,505367;2025-03-03 02:10:00.0;0,00
APUCARANA;410140802A;PR;Parque Industrial;-23,566473;-51,505367;2025-03-03 03:10:00.0;0,00
APUCARANA;410140802A;PR;Parque Industrial;-23,566473;-51,505367;2025-03-03 04:10:00.0;0,00
APUCARANA;410140802A;PR;Parque Industrial;-23,566473;-51,505367;2025-03-03 05:10:00.0;0,00
APUCARANA;410140802A;PR;Parque Industrial;-23,566473;-51,505367;2025-03-03 06:10:00.0;0,00
APUCARANA;410140802A;PR;Parque Industrial;-23,566473;-51,505367;2025-03-03 07:10:00.0;0,00
APUCARANA;410140802A;PR;Parque Industrial;-23,566473;-51,505367;2025-03-03 08:10:00.0;0,00
APUCARANA;410140802A;PR;Parque Industrial;-23,566473;-51,505367;2025-03-03 09:10:00.0;0,00
APUCARANA;410140802A;PR;Parque Industrial;-23,566473;-51,505367;2025-03-03 10:10:00.0;0,00
APUCARANA;410140802A;PR;Parque Industrial;-23,566473;-51,505367;2025-03-03 11:10:00.0;0,00
APUCARANA;410140802A;PR;Parque Industrial;-23,566473;-51,505367;2025-03-03 12:10:00.0;0,00
APUCARANA;410140802A;PR;Parque Industrial;-23,566473;-51,505367;2025-03-03 13:10:00.0;0,00
APUCARANA;410140802A;PR;Parque Industrial;-23,566473;-51,505367;2025-03-03 14:10:00.0;0,00
APUCARANA;410140802A;PR;Parque Industrial;-23,566473;-51,505367;2025-03-03 15:10:00.0;0,00
APUCARANA;410140802A;PR;Parque Industrial;-23,566473;-51,505367;2025-03-03 16:10:00.0;0,00
APUCARANA;410140802A;PR;Parque Industrial;-23,566473;-51,505367;2025-03-03 17:10:00.0;0,00
APUCARANA;410140802A;PR;Parque Industrial;-23,566473;-51,505367;2025-03-03 18:10:00.0;0,00
APUCARANA;410140802A;PR;Parque Industrial;-23,566473;-51,505367;2025-03-03 19:10:00.0;0,00
APUCARANA;410140802A;PR;Parque Industrial;-23,566473;-51,505367;2025-03-03 20:10:00.0;0,00
APUCARANA;410140802A;PR;Parque Industrial;-23,566473;-51,505367;2025-03-03 21:10:00.0;0,00
APUCARANA;410140802A;PR;Parque Industrial;-23,566473;-51,505367;2025-03-03 22:10:00.0;0,00
APUCARANA;410140802A;PR;Parque Industrial;-23,566473;-51,505367;2025-03-03 23:10:00.0;0,00
APUCARANA;410140802A;PR;Parque Industrial;-23,566473;-51,505367;2025-03-04 00:10:00.0;0,00
APUCARANA;410140802A;PR;Parque Industrial;-23,566473;-51,505367;2025-03-04 01:10:00.0;0,00
APUCARANA;410140802A;PR;Parque Industrial;-23,566473;-51,505367;2025-03-04 02:10:00.0;0,00
APUCARANA;410140802A;PR;Parque Industrial;-23,566473;-51,505367;2025-03-04 03:10:00.0;0,00
APUCARANA;410140802A;PR;Parque Industrial;-23,566473;-51,505367;2025-03-04 04:10:00.0;0,00
APUCARANA;410140802A;PR;Parque Industrial;-23,566473;-51,505367;2025-03-04 05:10:00.0;0,00
APUCARANA;410140802A;PR;Parque Industrial;-23,566473;-51,505367;2025-03-04 06:10:00.0;0,00
APUCARANA;410140802A;PR;Parque Industrial;-23,566473;-51,505367;2025-03-04 07:10:00.0;0,00
APUCARANA;410140802A;PR;Parque Industrial;-23,566473;-51,505367;2025-03-04 08:10:00.0;0,00
APUCARANA;410140802A;PR;Parque Industrial;-23,566473;-51,505367;2025-03-04 09:10:00.0;0,00
APUCARANA;410140802A;PR;Parque Industrial;-23,566473;-51,505367;2025-03-04 10:10:00.0;0,00
APUCARANA;410140802A;PR;Parque Industrial;-23,566473;-51,505367;2025-03-04 11:10:00.0;0,00
APUCARANA;410140802A;PR;Parque Industrial;-23,566473;-51,505367;2025-03-04 12:10:00.0;0,00
APUCARANA;410140802A;PR;Parque Industrial;-23,566473;-51,505367;2025-03-04 13:10:00.0;0,00
APUCARANA;410140802A;PR;Parque Industrial;-23,566473;-51,505367;2025-03-04 14:10:00.0;0,00
APUCARANA;410140802A;PR;Parque Industrial;-23,566473;-51,505367;2025-03-04 15:10:00.0;0,00
APUCARANA;410140802A;PR;Parque Industrial;-23,566473;-51,505367;2025-03-04 16:10:00.0;0,00
APUCARANA;410140802A;PR;Parque Industrial;-23,566473;-51,505367;2025-03-04 17:10:00.0;0,00
APUCARANA;410140802A;PR;Parque Industrial;-23,566473;-51,505367;2025-03-04 18:10:00.0;0,00
APUCARANA;410140802A;PR;Parque Industrial;-23,566473;-51,505367;2025-03-04 19:10:00.0;0,00
APUCARANA;410140802A;PR;Parque Industrial;-23,566473;-51,505367;2025-03-04 20:10:00.0;0,00
APUCARANA;410140802A;PR;Parque Industrial;-23,566473;-51,505367;2025-03-04 21:10:00.0;0,00
APUCARANA;410140802A;PR;Parque Industrial;-23,566473;-51,505367;2025-03-04 22:10:00.0;0,00
APUCARANA;410140802A;PR;Parque Industrial;-23,566473;-51,505367;2025-03-04 23:10:00.0;0,00
APUCARANA;410140802A;PR;Parque Industrial;-23,566473;-51,505367;2025-03-05 00:10:00.0;0,00
APUCARANA;410140802A;PR;Parque Industrial;-23,566473;-51,505367;2025-03-05 01:10:00.0;0,00
APUCARANA;410140802A;PR;Parque Industrial;-23,566473;-51,505367;2025-03-05 02:10:00.0;0,00
APUCARANA;410140802A;PR;Parque Industrial;-23,566473;-51,505367;2025-03-05 03:10:00.0;0,00
APUCARANA;410140802A;PR;Parque Industrial;-23,566473;-51,505367;2025-03-05 04:10:00.0;0,00
APUCARANA;410140802A;PR;Parque Industrial;-23,566473;-51,505367;2025-03-05 05:10:00.0;0,00
APUCARANA;410140802A;PR;Parque Industrial;-23,566473;-51,505367;2025-03-05 06:10:00.0;0,00
APUCARANA;410140802A;PR;Parque Industrial;-23,566473;-51,505367;2025-03-05 07:10:00.0;0,00
APUCARANA;410140802A;PR;Parque Industrial;-23,566473;-51,505367;2025-03-05 08:10:00.0;0,00
APUCARANA;410140802A;PR;Parque Industrial;-23,566473;-51,505367;2025-03-05 09:10:00.0;0,00
APUCARANA;410140802A;PR;Parque Industrial;-23,566473;-51,505367;2025-03-05 10:10:00.0;0,00
APUCARANA;410140802A;PR;Parque Industrial;-23,566473;-51,505367;2025-03-05 11:10:00.0;0,00
APUCARANA;410140802A;PR;Parque Industrial;-23,566473;-51,505367;2025-03-05 12:10:00.0;0,00
APUCARANA;410140802A;PR;Parque Industrial;-23,566473;-51,505367;2025-03-05 13:10:00.0;0,00
APUCARANA;410140802A;PR;Parque Industrial;-23,566473;-51,505367;2025-03-05 14:10:00.0;0,00
APUCARANA;410140802A;PR;Parque Industrial;-23,566473;-51,505367;2025-03-05 15:10:00.0;0,00
APUCARANA;410140802A;PR;Parque Industrial;-23,566473;-51,505367;2025-03-05 16:10:00.0;0,00
APUCARANA;410140802A;PR;Parque Industrial;-23,566473;-51,505367;2025-03-05 17:10:00.0;0,00
APUCARANA;410140802A;PR;Parque Industrial;-23,566473;-51,505367;2025-03-05 18:10:00.0;0,00
APUCARANA;410140802A;PR;Parque Industrial;-23,566473;-51,505367;2025-03-05 19:10:00.0;0,00
APUCARANA;410140802A;PR;Parque Industrial;-23,566473;-51,505367;2025-03-05 20:10:00.0;0,00
APUCARANA;410140802A;PR;Parque Industrial;-23,566473;-51,505367;2025-03-05 21:10:00.0;0,00
APUCARANA;410140802A;PR;Parque Industrial;-23,566473;-51,505367;2025-03-05 22:10:00.0;0,00
APUCARANA;410140802A;PR;Parque Industrial;-23,566473;-51,505367;2025-03-05 23:10:00.0;0,00
APUCARANA;410140802A;PR;Parque Industrial;-23,566473;-51,505367;2025-03-06 00:10:00.0;0,00
APUCARANA;410140802A;PR;Parque Industrial;-23,566473;-51,505367;2025-03-06 01:10:00.0;0,00
APUCARANA;410140802A;PR;Parque Industrial;-23,566473;-51,505367;2025-03-06 02:10:00.0;0,00
APUCARANA;410140802A;PR;Parque Industrial;-23,566473;-51,505367;2025-03-06 03:10:00.0;0,00
APUCARANA;410140802A;PR;Parque Industrial;-23,566473;-51,505367;2025-03-06 04:10:00.0;0,00
APUCARANA;410140802A;PR;Parque Industrial;-23,566473;-51,505367;2025-03-06 05:10:00.0;0,00
APUCARANA;410140802A;PR;Parque Industrial;-23,566473;-51,505367;2025-03-06 06:10:00.0;0,00
APUCARANA;410140802A;PR;Parque Industrial;-23,566473;-51,505367;2025-03-06 07:10:00.0;0,00
APUCARANA;410140802A;PR;Parque Industrial;-23,566473;-51,505367;2025-03-06 08:10:00.0;0,00
APUCARANA;410140802A;PR;Parque Industrial;-23,566473;-51,505367;2025-03-06 09:10:00.0;0,00
APUCARANA;410140802A;PR;Parque Industrial;-23,566473;-51,505367;2025-03-06 10:10:00.0;0,00
APUCARANA;410140802A;PR;Parque Industrial;-23,566473;-51,505367;2025-03-06 11:10:00.0;0,00
APUCARANA;410140802A;PR;Parque Industrial;-23,566473;-51,505367;2025-03-06 12:10:00.0;0,00
APUCARANA;410140802A;PR;Parque Industrial;-23,566473;-51,505367;2025-03-06 13:10:00.0;0,00
APUCARANA;410140802A;PR;Parque Industrial;-23,566473;-51,505367;2025-03-06 14:10:00.0;0,00
APUCARANA;410140802A;PR;Parque Industrial;-23,566473;-51,505367;2025-03-06 15:10:00.0;0,00
APUCARANA;410140802A;PR;Parque Industrial;-23,566473;-51,505367;2025-03-06 16:10:00.0;0,00
APUCARANA;410140802A;PR;Parque Industrial;-23,566473;-51,505367;2025-03-06 17:10:00.0;0,00
APUCARANA;410140802A;PR;Parque Industrial;-23,566473;-51,505367;2025-03-06 18:10:00.0;0,00
APUCARANA;410140802A;PR;Parque Industrial;-23,566473;-51,505367;2025-03-06 19:10:00.0;0,00
APUCARANA;410140802A;PR;Parque Industrial;-23,566473;-51,505367;2025-03-06 20:10:00.0;0,00
APUCARANA;410140802A;PR;Parque Industrial;-23,566473;-51,505367;2025-03-06 21:10:00.0;0,00
APUCARANA;410140802A;PR;Parque Industrial;-23,566473;-51,505367;2025-03-06 22:10:00.0;0,00
APUCARANA;410140802A;PR;Parque Industrial;-23,566473;-51,505367;2025-03-06 23:10:00.0;0,00
APUCARANA;410140802A;PR;Parque Industrial;-23,566473;-51,505367;2025-03-07 00:10:00.0;0,00
APUCARANA;410140802A;PR;Parque Industrial;-23,566473;-51,505367;2025-03-07 01:10:00.0;0,00
APUCARANA;410140802A;PR;Parque Industrial;-23,566473;-51,505367;2025-03-07 02:10:00.0;0,00
APUCARANA;410140802A;PR;Parque Industrial;-23,566473;-51,505367;2025-03-07 03:10:00.0;0,00
APUCARANA;410140802A;PR;Parque Industrial;-23,566473;-51,505367;2025-03-07 04:10:00.0;0,00
APUCARANA;410140802A;PR;Parque Industrial;-23,566473;-51,505367;2025-03-07 05:10:00.0;0,00
APUCARANA;410140802A;PR;Parque Industrial;-23,566473;-51,505367;2025-03-07 06:10:00.0;0,00
APUCARANA;410140802A;PR;Parque Industrial;-23,566473;-51,505367;2025-03-07 07:10:00.0;0,00
APUCARANA;410140802A;PR;Parque Industrial;-23,566473;-51,505367;2025-03-07 08:10:00.0;0,00
APUCARANA;410140802A;PR;Parque Industrial;-23,566473;-51,505367;2025-03-07 09:10:00.0;0,00
APUCARANA;410140802A;PR;Parque Industrial;-23,566473;-51,505367;2025-03-07 10:10:00.0;0,00
APUCARANA;410140802A;PR;Parque Industrial;-23,566473;-51,505367;2025-03-07 11:10:00.0;0,00
APUCARANA;410140802A;PR;Parque Industrial;-23,566473;-51,505367;2025-03-07 12:10:00.0;0,00
APUCARANA;410140802A;PR;Parque Industrial;-23,566473;-51,505367;2025-03-07 13:10:00.0;0,00
APUCARANA;410140802A;PR;Parque Industrial;-23,566473;-51,505367;2025-03-07 14:10:00.0;0,00
APUCARANA;410140802A;PR;Parque Industrial;-23,566473;-51,505367;2025-03-07 15:10:00.0;0,00
APUCARANA;410140802A;PR;Parque Industrial;-23,566473;-51,505367;2025-03-07 16:10:00.0;0,00
APUCARANA;410140802A;PR;Parque Industrial;-23,566473;-51,505367;2025-03-07 17:10:00.0;0,00
APUCARANA;410140802A;PR;Parque Industrial;-23,566473;-51,505367;2025-03-07 18:10:00.0;0,00
APUCARANA;410140802A;PR;Parque Industrial;-23,566473;-51,505367;2025-03-07 19:10:00.0;0,00
APUCARANA;410140802A;PR;Parque Industrial;-23,566473;-51,505367;2025-03-07 20:10:00.0;0,00
APUCARANA;410140802A;PR;Parque Industrial;-23,566473;-51,505367;2025-03-07 21:10:00.0;0,00
APUCARANA;410140802A;PR;Parque Industrial;-23,566473;-51,505367;2025-03-07 22:10:00.0;0,00
APUCARANA;410140802A;PR;Parque Industrial;-23,566473;-51,505367;2025-03-07 23:10:00.0;0,00
APUCARANA;410140802A;PR;Parque Industrial;-23,566473;-51,505367;2025-03-08 00:10:00.0;0,00
APUCARANA;410140802A;PR;Parque Industrial;-23,566473;-51,505367;2025-03-08 01:10:00.0;0,00
APUCARANA;410140802A;PR;Parque Industrial;-23,566473;-51,505367;2025-03-08 02:10:00.0;0,00
APUCARANA;410140802A;PR;Parque Industrial;-23,566473;-51,505367;2025-03-08 03:10:00.0;0,00
APUCARANA;410140802A;PR;Parque Industrial;-23,566473;-51,505367;2025-03-08 04:10:00.0;0,00
APUCARANA;410140802A;PR;Parque Industrial;-23,566473;-51,505367;2025-03-08 05:10:00.0;0,00
APUCARANA;410140802A;PR;Parque Industrial;-23,566473;-51,505367;2025-03-08 06:10:00.0;0,00
APUCARANA;410140802A;PR;Parque Industrial;-23,566473;-51,505367;2025-03-08 07:10:00.0;0,00
APUCARANA;410140802A;PR;Parque Industrial;-23,566473;-51,505367;2025-03-08 08:10:00.0;0,00
APUCARANA;410140802A;PR;Parque Industrial;-23,566473;-51,505367;2025-03-08 09:10:00.0;0,00
APUCARANA;410140802A;PR;Parque Industrial;-23,566473;-51,505367;2025-03-08 10:10:00.0;0,00
APUCARANA;410140802A;PR;Parque Industrial;-23,566473;-51,505367;2025-03-08 11:10:00.0;0,00
APUCARANA;410140802A;PR;Parque Industrial;-23,566473;-51,505367;2025-03-08 12:10:00.0;0,00
APUCARANA;410140802A;PR;Parque Industrial;-23,566473;-51,505367;2025-03-08 13:10:00.0;0,00
APUCARANA;410140802A;PR;Parque Industrial;-23,566473;-51,505367;2025-03-08 14:10:00.0;0,00
APUCARANA;410140802A;PR;Parque Industrial;-23,566473;-51,505367;2025-03-08 15:10:00.0;0,00
APUCARANA;410140802A;PR;Parque Industrial;-23,566473;-51,505367;2025-03-08 16:10:00.0;0,00
APUCARANA;410140802A;PR;Parque Industrial;-23,566473;-51,505367;2025-03-08 17:10:00.0;0,00
APUCARANA;410140802A;PR;Parque Industrial;-23,566473;-51,505367;2025-03-08 18:10:00.0;0,00
APUCARANA;410140802A;PR;Parque Industrial;-23,566473;-51,505367;2025-03-08 19:10:00.0;0,00
APUCARANA;410140802A;PR;Parque Industrial;-23,566473;-51,505367;2025-03-08 20:10:00.0;0,00
APUCARANA;410140802A;PR;Parque Industrial;-23,566473;-51,505367;2025-03-08 21:10:00.0;0,00
APUCARANA;410140802A;PR;Parque Industrial;-23,566473;-51,505367;2025-03-08 22:10:00.0;0,00
APUCARANA;410140802A;PR;Parque Industrial;-23,566473;-51,505367;2025-03-08 23:10:00.0;0,00
APUCARANA;410140802A;PR;Parque Industrial;-23,566473;-51,505367;2025-03-09 00:10:00.0;0,00
APUCARANA;410140802A;PR;Parque Industrial;-23,566473;-51,505367;2025-03-09 01:10:00.0;0,00
APUCARANA;410140802A;PR;Parque Industrial;-23,566473;-51,505367;2025-03-09 02:10:00.0;0,00
APUCARANA;410140802A;PR;Parque Industrial;-23,566473;-51,505367;2025-03-09 03:10:00.0;0,00
APUCARANA;410140802A;PR;Parque Industrial;-23,566473;-51,505367;2025-03-09 04:10:00.0;0,00
APUCARANA;410140802A;PR;Parque Industrial;-23,566473;-51,505367;2025-03-09 05:10:00.0;0,00
APUCARANA;410140802A;PR;Parque Industrial;-23,566473;-51,505367;2025-03-09 06:10:00.0;0,00
APUCARANA;410140802A;PR;Parque Industrial;-23,566473;-51,505367;2025-03-09 07:10:00.0;0,00
APUCARANA;410140802A;PR;Parque Industrial;-23,566473;-51,505367;2025-03-09 08:10:00.0;0,00
APUCARANA;410140802A;PR;Parque Industrial;-23,566473;-51,505367;2025-03-09 09:10:00.0;0,00
APUCARANA;410140802A;PR;Parque Industrial;-23,566473;-51,505367;2025-03-09 10:10:00.0;0,00
APUCARANA;410140802A;PR;Parque Industrial;-23,566473;-51,505367;2025-03-09 11:10:00.0;0,00
APUCARANA;410140802A;PR;Parque Industrial;-23,566473;-51,505367;2025-03-09 12:10:00.0;0,00
APUCARANA;410140802A;PR;Parque Industrial;-23,566473;-51,505367;2025-03-09 13:10:00.0;0,00
APUCARANA;410140802A;PR;Parque Industrial;-23,566473;-51,505367;2025-03-09 14:10:00.0;0,00
APUCARANA;410140802A;PR;Parque Industrial;-23,566473;-51,505367;2025-03-09 15:10:00.0;0,00
APUCARANA;410140802A;PR;Parque Industrial;-23,566473;-51,505367;2025-03-09 16:10:00.0;0,00
APUCARANA;410140802A;PR;Parque Industrial;-23,566473;-51,505367;2025-03-09 17:10:00.0;0,00
APUCARANA;410140802A;PR;Parque Industrial;-23,566473;-51,505367;2025-03-09 18:10:00.0;0,00
APUCARANA;410140802A;PR;Parque Industrial;-23,566473;-51,505367;2025-03-09 19:10:00.0;0,00
APUCARANA;410140802A;PR;Parque Industrial;-23,566473;-51,505367;2025-03-09 20:10:00.0;0,00
APUCARANA;410140802A;PR;Parque Industrial;-23,566473;-51,505367;2025-03-09 21:10:00.0;0,00
APUCARANA;410140802A;PR;Parque Industrial;-23,566473;-51,505367;2025-03-09 22:10:00.0;0,00
APUCARANA;410140802A;PR;Parque Industrial;-23,566473;-51,505367;2025-03-09 23:10:00.0;0,00
APUCARANA;410140802A;PR;Parque Industrial;-23,566473;-51,505367;2025-03-10 00:10:00.0;0,00
APUCARANA;410140802A;PR;Parque Industrial;-23,566473;-51,505367;2025-03-10 01:10:00.0;0,00
APUCARANA;410140802A;PR;Parque Industrial;-23,566473;-51,505367;2025-03-10 02:10:00.0;0,00
APUCARANA;410140802A;PR;Parque Industrial;-23,566473;-51,505367;2025-03-10 03:10:00.0;0,00
APUCARANA;410140802A;PR;Parque Industrial;-23,566473;-51,505367;2025-03-10 04:10:00.0;0,00
APUCARANA;410140802A;PR;Parque Industrial;-23,566473;-51,505367;2025-03-10 05:10:00.0;0,00
APUCARANA;410140802A;PR;Parque Industrial;-23,566473;-51,505367;2025-03-10 06:10:00.0;0,00
APUCARANA;410140802A;PR;Parque Industrial;-23,566473;-51,505367;2025-03-10 07:10:00.0;0,00
APUCARANA;410140802A;PR;Parque Industrial;-23,566473;-51,505367;2025-03-10 08:10:00.0;0,00
APUCARANA;410140802A;PR;Parque Industrial;-23,566473;-51,505367;2025-03-10 09:10:00.0;0,00
APUCARANA;410140802A;PR;Parque Industrial;-23,566473;-51,505367;2025-03-10 10:10:00.0;0,00
APUCARANA;410140802A;PR;Parque Industrial;-23,566473;-51,505367;2025-03-10 11:10:00.0;0,00
APUCARANA;410140802A;PR;Parque Industrial;-23,566473;-51,505367;2025-03-10 12:10:00.0;0,00
APUCARANA;410140802A;PR;Parque Industrial;-23,566473;-51,505367;2025-03-10 13:10:00.0;0,00
APUCARANA;410140802A;PR;Parque Industrial;-23,566473;-51,505367;2025-03-10 14:10:00.0;0,00
APUCARANA;410140802A;PR;Parque Industrial;-23,566473;-51,505367;2025-03-10 15:10:00.0;0,00
APUCARANA;410140802A;PR;Parque Industrial;-23,566473;-51,505367;2025-03-10 16:10:00.0;0,00
APUCARANA;410140802A;PR;Parque Industrial;-23,566473;-51,505367;2025-03-10 16:50:00.0;0,60
APUCARANA;410140802A;PR;Parque Industrial;-23,566473;-51,505367;2025-03-10 17:10:00.0;0,00
APUCARANA;410140802A;PR;Parque Industrial;-23,566473;-51,505367;2025-03-10 18:10:00.0;0,00
APUCARANA;410140802A;PR;Parque Industrial;-23,566473;-51,505367;2025-03-10 19:10:00.0;0,00
APUCARANA;410140802A;PR;Parque Industrial;-23,566473;-51,505367;2025-03-10 20:10:00.0;0,00
APUCARANA;410140802A;PR;Parque Industrial;-23,566473;-51,505367;2025-03-10 21:10:00.0;0,00
APUCARANA;410140802A;PR;Parque Industrial;-23,566473;-51,505367;2025-03-10 21:50:00.0;0,20
APUCARANA;410140802A;PR;Parque Industrial;-23,566473;-51,505367;2025-03-10 22:10:00.0;0,00
APUCARANA;410140802A;PR;Parque Industrial;-23,566473;-51,505367;2025-03-10 23:10:00.0;0,00
APUCARANA;410140802A;PR;Parque Industrial;-23,566473;-51,505367;2025-03-11 00:10:00.0;0,00
APUCARANA;410140802A;PR;Parque Industrial;-23,566473;-51,505367;2025-03-11 01:10:00.0;0,00
APUCARANA;410140802A;PR;Parque Industrial;-23,566473;-51,505367;2025-03-11 02:10:00.0;0,00
APUCARANA;410140802A;PR;Parque Industrial;-23,566473;-51,505367;2025-03-11 03:10:00.0;0,00
APUCARANA;410140802A;PR;Parque Industrial;-23,566473;-51,505367;2025-03-11 04:10:00.0;0,00
APUCARANA;410140802A;PR;Parque Industrial;-23,566473;-51,505367;2025-03-11 04:30:00.0;0,20
APUCARANA;410140802A;PR;Parque Industrial;-23,566473;-51,505367;2025-03-11 05:10:00.0;0,00
APUCARANA;410140802A;PR;Parque Industrial;-23,566473;-51,505367;2025-03-11 06:10:00.0;0,00
APUCARANA;410140802A;PR;Parque Industrial;-23,566473;-51,505367;2025-03-11 07:10:00.0;0,00
APUCARANA;410140802A;PR;Parque Industrial;-23,566473;-51,505367;2025-03-11 08:10:00.0;0,00
APUCARANA;410140802A;PR;Parque Industrial;-23,566473;-51,505367;2025-03-11 09:10:00.0;0,00
APUCARANA;410140802A;PR;Parque Industrial;-23,566473;-51,505367;2025-03-11 10:10:00.0;0,00
APUCARANA;410140802A;PR;Parque Industrial;-23,566473;-51,505367;2025-03-11 11:10:00.0;0,00
APUCARANA;410140802A;PR;Parque Industrial;-23,566473;-51,505367;2025-03-11 11:20:00.0;0,20
APUCARANA;410140802A;PR;Parque Industrial;-23,566473;-51,505367;2025-03-11 12:10:00.0;0,00
APUCARANA;410140802A;PR;Parque Industrial;-23,566473;-51,505367;2025-03-11 13:10:00.0;0,00
APUCARANA;410140802A;PR;Parque Industrial;-23,566473;-51,505367;2025-03-11 14:10:00.0;0,00
APUCARANA;410140802A;PR;Parque Industrial;-23,566473;-51,505367;2025-03-11 15:10:00.0;0,00
APUCARANA;410140802A;PR;Parque Industrial;-23,566473;-51,505367;2025-03-11 16:10:00.0;0,00
APUCARANA;410140802A;PR;Parque Industrial;-23,566473;-51,505367;2025-03-11 17:10:00.0;0,00
APUCARANA;410140802A;PR;Parque Industrial;-23,566473;-51,505367;2025-03-11 18:10:00.0;0,00
APUCARANA;410140802A;PR;Parque Industrial;-23,566473;-51,505367;2025-03-11 19:10:00.0;0,00
APUCARANA;410140802A;PR;Parque Industrial;-23,566473;-51,505367;2025-03-11 20:10:00.0;0,00
APUCARANA;410140802A;PR;Parque Industrial;-23,566473;-51,505367;2025-03-11 21:10:00.0;0,00
APUCARANA;410140802A;PR;Parque Industrial;-23,566473;-51,505367;2025-03-11 22:10:00.0;0,00
APUCARANA;410140802A;PR;Parque Industrial;-23,566473;-51,505367;2025-03-11 23:10:00.0;0,00
APUCARANA;410140802A;PR;Parque Industrial;-23,566473;-51,505367;2025-03-12 00:10:00.0;0,00
APUCARANA;410140802A;PR;Parque Industrial;-23,566473;-51,505367;2025-03-12 01:10:00.0;0,00
APUCARANA;410140802A;PR;Parque Industrial;-23,566473;-51,505367;2025-03-12 02:10:00.0;0,00
APUCARANA;410140802A;PR;Parque Industrial;-23,566473;-51,505367;2025-03-12 03:10:00.0;0,00
APUCARANA;410140802A;PR;Parque Industrial;-23,566473;-51,505367;2025-03-12 04:10:00.0;0,00
APUCARANA;410140802A;PR;Parque Industrial;-23,566473;-51,505367;2025-03-12 05:10:00.0;0,00
APUCARANA;410140802A;PR;Parque Industrial;-23,566473;-51,505367;2025-03-12 06:10:00.0;0,00
APUCARANA;410140802A;PR;Parque Industrial;-23,566473;-51,505367;2025-03-12 07:10:00.0;1,00
APUCARANA;410140802A;PR;Parque Industrial;-23,566473;-51,505367;2025-03-12 07:20:00.0;0,20
APUCARANA;410140802A;PR;Parque Industrial;-23,566473;-51,505367;2025-03-12 08:10:00.0;1,00
APUCARANA;410140802A;PR;Parque Industrial;-23,566473;-51,505367;2025-03-12 08:20:00.0;0,40
APUCARANA;410140802A;PR;Parque Industrial;-23,566473;-51,505367;2025-03-12 08:40:00.0;0,40
APUCARANA;410140802A;PR;Parque Industrial;-23,566473;-51,505367;2025-03-12 09:10:00.0;0,00
APUCARANA;410140802A;PR;Parque Industrial;-23,566473;-51,505367;2025-03-12 10:10:00.0;0,00
APUCARANA;410140802A;PR;Parque Industrial;-23,566473;-51,505367;2025-03-12 11:10:00.0;0,00
APUCARANA;410140802A;PR;Parque Industrial;-23,566473;-51,505367;2025-03-12 12:10:00.0;0,00
APUCARANA;410140802A;PR;Parque Industrial;-23,566473;-51,505367;2025-03-12 13:10:00.0;0,00
APUCARANA;410140802A;PR;Parque Industrial;-23,566473;-51,505367;2025-03-12 14:10:00.0;0,00
APUCARANA;410140802A;PR;Parque Industrial;-23,566473;-51,505367;2025-03-12 15:10:00.0;0,00
APUCARANA;410140802A;PR;Parque Industrial;-23,566473;-51,505367;2025-03-12 16:10:00.0;0,00
APUCARANA;410140802A;PR;Parque Industrial;-23,566473;-51,505367;2025-03-12 17:10:00.0;0,00
APUCARANA;410140802A;PR;Parque Industrial;-23,566473;-51,505367;2025-03-12 18:10:00.0;0,00
APUCARANA;410140802A;PR;Parque Industrial;-23,566473;-51,505367;2025-03-12 19:10:00.0;0,00
APUCARANA;410140802A;PR;Parque Industrial;-23,566473;-51,505367;2025-03-12 20:10:00.0;0,00
APUCARANA;410140802A;PR;Parque Industrial;-23,566473;-51,505367;2025-03-12 21:10:00.0;0,00
APUCARANA;410140802A;PR;Parque Industrial;-23,566473;-51,505367;2025-03-12 22:10:00.0;0,00
APUCARANA;410140802A;PR;Parque Industrial;-23,566473;-51,505367;2025-03-12 23:10:00.0;0,00
APUCARANA;410140802A;PR;Parque Industrial;-23,566473;-51,505367;2025-03-13 00:10:00.0;0,00
APUCARANA;410140802A;PR;Parque Industrial;-23,566473;-51,505367;2025-03-13 01:10:00.0;0,00
APUCARANA;410140802A;PR;Parque Industrial;-23,566473;-51,505367;2025-03-13 02:10:00.0;0,00
APUCARANA;410140802A;PR;Parque Industrial;-23,566473;-51,505367;2025-03-13 03:10:00.0;0,00
APUCARANA;410140802A;PR;Parque Industrial;-23,566473;-51,505367;2025-03-13 04:10:00.0;0,00
APUCARANA;410140802A;PR;Parque Industrial;-23,566473;-51,505367;2025-03-13 05:10:00.0;0,00
APUCARANA;410140802A;PR;Parque Industrial;-23,566473;-51,505367;2025-03-13 06:10:00.0;0,00
APUCARANA;410140802A;PR;Parque Industrial;-23,566473;-51,505367;2025-03-13 06:50:00.0;0,20
APUCARANA;410140802A;PR;Parque Industrial;-23,566473;-51,505367;2025-03-13 07:10:00.0;0,00
APUCARANA;410140802A;PR;Parque Industrial;-23,566473;-51,505367;2025-03-13 07:40:00.0;0,20
APUCARANA;410140802A;PR;Parque Industrial;-23,566473;-51,505367;2025-03-13 08:10:00.0;0,00
APUCARANA;410140802A;PR;Parque Industrial;-23,566473;-51,505367;2025-03-13 09:10:00.0;0,00
APUCARANA;410140802A;PR;Parque Industrial;-23,566473;-51,505367;2025-03-13 10:10:00.0;0,00
APUCARANA;410140802A;PR;Parque Industrial;-23,566473;-51,505367;2025-03-13 11:10:00.0;0,00
APUCARANA;410140802A;PR;Parque Industrial;-23,566473;-51,505367;2025-03-13 12:10:00.0;0,00
APUCARANA;410140802A;PR;Parque Industrial;-23,566473;-51,505367;2025-03-13 13:10:00.0;0,00
APUCARANA;410140802A;PR;Parque Industrial;-23,566473;-51,505367;2025-03-13 14:10:00.0;0,00
APUCARANA;410140802A;PR;Parque Industrial;-23,566473;-51,505367;2025-03-13 15:10:00.0;0,00
APUCARANA;410140802A;PR;Parque Industrial;-23,566473;-51,505367;2025-03-13 16:10:00.0;0,00
APUCARANA;410140802A;PR;Parque Industrial;-23,566473;-51,505367;2025-03-13 17:10:00.0;0,00
APUCARANA;410140802A;PR;Parque Industrial;-23,566473;-51,505367;2025-03-13 18:10:00.0;0,00
APUCARANA;410140802A;PR;Parque Industrial;-23,566473;-51,505367;2025-03-13 19:10:00.0;0,00
APUCARANA;410140802A;PR;Parque Industrial;-23,566473;-51,505367;2025-03-13 20:10:00.0;0,00
APUCARANA;410140802A;PR;Parque Industrial;-23,566473;-51,505367;2025-03-13 21:10:00.0;0,00
APUCARANA;410140802A;PR;Parque Industrial;-23,566473;-51,505367;2025-03-13 22:10:00.0;0,00
APUCARANA;410140802A;PR;Parque Industrial;-23,566473;-51,505367;2025-03-13 23:10:00.0;0,00
APUCARANA;410140802A;PR;Parque Industrial;-23,566473;-51,505367;2025-03-14 00:10:00.0;0,00
APUCARANA;410140802A;PR;Parque Industrial;-23,566473;-51,505367;2025-03-14 01:10:00.0;0,00
APUCARANA;410140802A;PR;Parque Industrial;-23,566473;-51,505367;2025-03-14 02:10:00.0;0,00
APUCARANA;410140802A;PR;Parque Industrial;-23,566473;-51,505367;2025-03-14 03:10:00.0;0,00
APUCARANA;410140802A;PR;Parque Industrial;-23,566473;-51,505367;2025-03-14 04:10:00.0;0,00
APUCARANA;410140802A;PR;Parque Industrial;-23,566473;-51,505367;2025-03-14 05:10:00.0;0,00
APUCARANA;410140802A;PR;Parque Industrial;-23,566473;-51,505367;2025-03-14 06:10:00.0;0,00
APUCARANA;410140802A;PR;Parque Industrial;-23,566473;-51,505367;2025-03-14 07:10:00.0;0,00
APUCARANA;410140802A;PR;Parque Industrial;-23,566473;-51,505367;2025-03-14 08:10:00.0;0,00
APUCARANA;410140802A;PR;Parque Industrial;-23,566473;-51,505367;2025-03-14 09:10:00.0;0,00
APUCARANA;410140802A;PR;Parque Industrial;-23,566473;-51,505367;2025-03-14 10:10:00.0;0,00
APUCARANA;410140802A;PR;Parque Industrial;-23,566473;-51,505367;2025-03-14 11:10:00.0;0,00
APUCARANA;410140802A;PR;Parque Industrial;-23,566473;-51,505367;2025-03-14 12:10:00.0;0,00
APUCARANA;410140802A;PR;Parque Industrial;-23,566473;-51,505367;2025-03-14 13:10:00.0;0,00
APUCARANA;410140802A;PR;Parque Industrial;-23,566473;-51,505367;2025-03-14 14:10:00.0;0,00
APUCARANA;410140802A;PR;Parque Industrial;-23,566473;-51,505367;2025-03-14 15:10:00.0;0,00
APUCARANA;410140802A;PR;Parque Industrial;-23,566473;-51,505367;2025-03-14 16:10:00.0;0,00
APUCARANA;410140802A;PR;Parque Industrial;-23,566473;-51,505367;2025-03-14 17:10:00.0;0,00
APUCARANA;410140802A;PR;Parque Industrial;-23,566473;-51,505367;2025-03-14 18:10:00.0;0,00
APUCARANA;410140802A;PR;Parque Industrial;-23,566473;-51,505367;2025-03-14 19:10:00.0;0,00
APUCARANA;410140802A;PR;Parque Industrial;-23,566473;-51,505367;2025-03-14 20:10:00.0;0,00
APUCARANA;410140802A;PR;Parque Industrial;-23,566473;-51,505367;2025-03-14 21:10:00.0;0,00
APUCARANA;410140802A;PR;Parque Industrial;-23,566473;-51,505367;2025-03-14 22:10:00.0;0,00
APUCARANA;410140802A;PR;Parque Industrial;-23,566473;-51,505367;2025-03-14 23:10:00.0;0,00
APUCARANA;410140802A;PR;Parque Industrial;-23,566473;-51,505367;2025-03-15 00:10:00.0;0,00
APUCARANA;410140802A;PR;Parque Industrial;-23,566473;-51,505367;2025-03-15 01:10:00.0;0,00
APUCARANA;410140802A;PR;Parque Industrial;-23,566473;-51,505367;2025-03-15 02:10:00.0;0,00
APUCARANA;410140802A;PR;Parque Industrial;-23,566473;-51,505367;2025-03-15 03:10:00.0;0,00
APUCARANA;410140802A;PR;Parque Industrial;-23,566473;-51,505367;2025-03-15 04:10:00.0;0,00
APUCARANA;410140802A;PR;Parque Industrial;-23,566473;-51,505367;2025-03-15 05:10:00.0;0,00
APUCARANA;410140802A;PR;Parque Industrial;-23,566473;-51,505367;2025-03-15 06:10:00.0;0,00
APUCARANA;410140802A;PR;Parque Industrial;-23,566473;-51,505367;2025-03-15 07:10:00.0;0,00
APUCARANA;410140802A;PR;Parque Industrial;-23,566473;-51,505367;2025-03-15 08:10:00.0;0,00
APUCARANA;410140802A;PR;Parque Industrial;-23,566473;-51,505367;2025-03-15 09:10:00.0;0,00
APUCARANA;410140802A;PR;Parque Industrial;-23,566473;-51,505367;2025-03-15 10:10:00.0;0,00
APUCARANA;410140802A;PR;Parque Industrial;-23,566473;-51,505367;2025-03-15 11:10:00.0;0,00
APUCARANA;410140802A;PR;Parque Industrial;-23,566473;-51,505367;2025-03-15 12:10:00.0;0,00
APUCARANA;410140802A;PR;Parque Industrial;-23,566473;-51,505367;2025-03-15 13:10:00.0;0,00
APUCARANA;410140802A;PR;Parque Industrial;-23,566473;-51,505367;2025-03-15 14:10:00.0;0,00
APUCARANA;410140802A;PR;Parque Industrial;-23,566473;-51,505367;2025-03-15 15:10:00.0;0,00
APUCARANA;410140802A;PR;Parque Industrial;-23,566473;-51,505367;2025-03-15 16:10:00.0;0,00
APUCARANA;410140802A;PR;Parque Industrial;-23,566473;-51,505367;2025-03-15 17:10:00.0;0,00
APUCARANA;410140802A;PR;Parque Industrial;-23,566473;-51,505367;2025-03-15 17:20:00.0;4,00
APUCARANA;410140802A;PR;Parque Industrial;-23,566473;-51,505367;2025-03-15 17:30:00.0;11,40
APUCARANA;410140802A;PR;Parque Industrial;-23,566473;-51,505367;2025-03-15 17:40:00.0;3,00
APUCARANA;410140802A;PR;Parque Industrial;-23,566473;-51,505367;2025-03-15 18:10:00.0;0,00
APUCARANA;410140802A;PR;Parque Industrial;-23,566473;-51,505367;2025-03-15 19:10:00.0;0,00
APUCARANA;410140802A;PR;Parque Industrial;-23,566473;-51,505367;2025-03-15 20:10:00.0;0,00
APUCARANA;410140802A;PR;Parque Industrial;-23,566473;-51,505367;2025-03-15 21:10:00.0;0,00
APUCARANA;410140802A;PR;Parque Industrial;-23,566473;-51,505367;2025-03-15 22:10:00.0;0,00
APUCARANA;410140802A;PR;Parque Industrial;-23,566473;-51,505367;2025-03-15 23:10:00.0;0,00
APUCARANA;410140802A;PR;Parque Industrial;-23,566473;-51,505367;2025-03-16 00:10:00.0;0,00
APUCARANA;410140802A;PR;Parque Industrial;-23,566473;-51,505367;2025-03-16 01:10:00.0;0,00
APUCARANA;410140802A;PR;Parque Industrial;-23,566473;-51,505367;2025-03-16 02:10:00.0;0,00
APUCARANA;410140802A;PR;Parque Industrial;-23,566473;-51,505367;2025-03-16 03:10:00.0;0,00
APUCARANA;410140802A;PR;Parque Industrial;-23,566473;-51,505367;2025-03-16 04:10:00.0;0,00
APUCARANA;410140802A;PR;Parque Industrial;-23,566473;-51,505367;2025-03-16 05:10:00.0;0,00
APUCARANA;410140802A;PR;Parque Industrial;-23,566473;-51,505367;2025-03-16 06:10:00.0;0,00
APUCARANA;410140802A;PR;Parque Industrial;-23,566473;-51,505367;2025-03-16 07:10:00.0;0,00
APUCARANA;410140802A;PR;Parque Industrial;-23,566473;-51,505367;2025-03-16 08:10:00.0;0,00
APUCARANA;410140802A;PR;Parque Industrial;-23,566473;-51,505367;2025-03-16 09:10:00.0;0,00
APUCARANA;410140802A;PR;Parque Industrial;-23,566473;-51,505367;2025-03-16 10:10:00.0;0,00
APUCARANA;410140802A;PR;Parque Industrial;-23,566473;-51,505367;2025-03-16 11:10:00.0;0,00
APUCARANA;410140802A;PR;Parque Industrial;-23,566473;-51,505367;2025-03-16 12:10:00.0;0,00
APUCARANA;410140802A;PR;Parque Industrial;-23,566473;-51,505367;2025-03-16 13:10:00.0;0,00
APUCARANA;410140802A;PR;Parque Industrial;-23,566473;-51,505367;2025-03-16 14:10:00.0;0,00
APUCARANA;410140802A;PR;Parque Industrial;-23,566473;-51,505367;2025-03-16 15:10:00.0;0,00
APUCARANA;410140802A;PR;Parque Industrial;-23,566473;-51,505367;2025-03-16 16:10:00.0;0,00
APUCARANA;410140802A;PR;Parque Industrial;-23,566473;-51,505367;2025-03-16 17:10:00.0;0,00
APUCARANA;410140802A;PR;Parque Industrial;-23,566473;-51,505367;2025-03-16 18:10:00.0;0,00
APUCARANA;410140802A;PR;Parque Industrial;-23,566473;-51,505367;2025-03-16 19:10:00.0;0,00
APUCARANA;410140802A;PR;Parque Industrial;-23,566473;-51,505367;2025-03-16 20:10:00.0;0,00
APUCARANA;410140802A;PR;Parque Industrial;-23,566473;-51,505367;2025-03-16 21:10:00.0;0,00
APUCARANA;410140802A;PR;Parque Industrial;-23,566473;-51,505367;2025-03-16 22:10:00.0;0,00
APUCARANA;410140802A;PR;Parque Industrial;-23,566473;-51,505367;2025-03-16 23:10:00.0;0,00
APUCARANA;410140802A;PR;Parque Industrial;-23,566473;-51,505367;2025-03-17 00:10:00.0;0,00
APUCARANA;410140802A;PR;Parque Industrial;-23,566473;-51,505367;2025-03-17 01:10:00.0;0,00
APUCARANA;410140802A;PR;Parque Industrial;-23,566473;-51,505367;2025-03-17 02:10:00.0;0,00
APUCARANA;410140802A;PR;Parque Industrial;-23,566473;-51,505367;2025-03-17 03:10:00.0;0,00
APUCARANA;410140802A;PR;Parque Industrial;-23,566473;-51,505367;2025-03-17 04:10:00.0;0,00
APUCARANA;410140802A;PR;Parque Industrial;-23,566473;-51,505367;2025-03-17 05:10:00.0;0,00
APUCARANA;410140802A;PR;Parque Industrial;-23,566473;-51,505367;2025-03-17 06:10:00.0;0,00
APUCARANA;410140802A;PR;Parque Industrial;-23,566473;-51,505367;2025-03-17 07:10:00.0;0,00
APUCARANA;410140802A;PR;Parque Industrial;-23,566473;-51,505367;2025-03-17 08:10:00.0;0,00
APUCARANA;410140802A;PR;Parque Industrial;-23,566473;-51,505367;2025-03-17 09:10:00.0;0,00
APUCARANA;410140802A;PR;Parque Industrial;-23,566473;-51,505367;2025-03-17 10:10:00.0;0,00
APUCARANA;410140802A;PR;Parque Industrial;-23,566473;-51,505367;2025-03-17 11:10:00.0;0,00
APUCARANA;410140802A;PR;Parque Industrial;-23,566473;-51,505367;2025-03-17 12:10:00.0;0,00
APUCARANA;410140802A;PR;Parque Industrial;-23,566473;-51,505367;2025-03-17 13:10:00.0;0,00
APUCARANA;410140802A;PR;Parque Industrial;-23,566473;-51,505367;2025-03-17 14:10:00.0;0,00
APUCARANA;410140802A;PR;Parque Industrial;-23,566473;-51,505367;2025-03-17 15:10:00.0;0,00
APUCARANA;410140802A;PR;Parque Industrial;-23,566473;-51,505367;2025-03-17 16:10:00.0;0,00
APUCARANA;410140802A;PR;Parque Industrial;-23,566473;-51,505367;2025-03-17 17:10:00.0;0,00
APUCARANA;410140802A;PR;Parque Industrial;-23,566473;-51,505367;2025-03-17 18:10:00.0;0,00
APUCARANA;410140802A;PR;Parque Industrial;-23,566473;-51,505367;2025-03-17 19:10:00.0;0,00
APUCARANA;410140802A;PR;Parque Industrial;-23,566473;-51,505367;2025-03-17 20:10:00.0;0,00
APUCARANA;410140802A;PR;Parque Industrial;-23,566473;-51,505367;2025-03-17 21:10:00.0;0,00
APUCARANA;410140802A;PR;Parque Industrial;-23,566473;-51,505367;2025-03-17 22:10:00.0;0,00
APUCARANA;410140802A;PR;Parque Industrial;-23,566473;-51,505367;2025-03-17 23:10:00.0;0,00
APUCARANA;410140802A;PR;Parque Industrial;-23,566473;-51,505367;2025-03-18 00:10:00.0;0,00
APUCARANA;410140802A;PR;Parque Industrial;-23,566473;-51,505367;2025-03-18 01:10:00.0;0,00
APUCARANA;410140802A;PR;Parque Industrial;-23,566473;-51,505367;2025-03-18 02:10:00.0;0,00
APUCARANA;410140802A;PR;Parque Industrial;-23,566473;-51,505367;2025-03-18 03:10:00.0;0,00
APUCARANA;410140802A;PR;Parque Industrial;-23,566473;-51,505367;2025-03-18 04:10:00.0;0,00
APUCARANA;410140802A;PR;Parque Industrial;-23,566473;-51,505367;2025-03-18 05:10:00.0;0,00
APUCARANA;410140802A;PR;Parque Industrial;-23,566473;-51,505367;2025-03-18 06:10:00.0;0,00
APUCARANA;410140802A;PR;Parque Industrial;-23,566473;-51,505367;2025-03-18 07:10:00.0;0,00
APUCARANA;410140802A;PR;Parque Industrial;-23,566473;-51,505367;2025-03-18 08:10:00.0;0,00
APUCARANA;410140802A;PR;Parque Industrial;-23,566473;-51,505367;2025-03-18 09:10:00.0;0,00
APUCARANA;410140802A;PR;Parque Industrial;-23,566473;-51,505367;2025-03-18 10:10:00.0;0,00
APUCARANA;410140802A;PR;Parque Industrial;-23,566473;-51,505367;2025-03-18 11:10:00.0;0,00
APUCARANA;410140802A;PR;Parque Industrial;-23,566473;-51,505367;2025-03-18 12:10:00.0;0,00
APUCARANA;410140802A;PR;Parque Industrial;-23,566473;-51,505367;2025-03-18 13:10:00.0;0,00
APUCARANA;410140802A;PR;Parque Industrial;-23,566473;-51,505367;2025-03-18 14:10:00.0;0,00
APUCARANA;410140802A;PR;Parque Industrial;-23,566473;-51,505367;2025-03-18 15:10:00.0;0,00
APUCARANA;410140802A;PR;Parque Industrial;-23,566473;-51,505367;2025-03-18 16:10:00.0;0,00
APUCARANA;410140802A;PR;Parque Industrial;-23,566473;-51,505367;2025-03-18 17:10:00.0;0,00
APUCARANA;410140802A;PR;Parque Industrial;-23,566473;-51,505367;2025-03-18 18:10:00.0;0,00
APUCARANA;410140802A;PR;Parque Industrial;-23,566473;-51,505367;2025-03-18 19:10:00.0;0,00
APUCARANA;410140802A;PR;Parque Industrial;-23,566473;-51,505367;2025-03-18 20:10:00.0;0,00
APUCARANA;410140802A;PR;Parque Industrial;-23,566473;-51,505367;2025-03-18 21:10:00.0;0,00
APUCARANA;410140802A;PR;Parque Industrial;-23,566473;-51,505367;2025-03-18 22:10:00.0;0,00
APUCARANA;410140802A;PR;Parque Industrial;-23,566473;-51,505367;2025-03-18 23:10:00.0;0,00
APUCARANA;410140802A;PR;Parque Industrial;-23,566473;-51,505367;2025-03-19 00:10:00.0;0,00
APUCARANA;410140802A;PR;Parque Industrial;-23,566473;-51,505367;2025-03-19 01:10:00.0;0,00
APUCARANA;410140802A;PR;Parque Industrial;-23,566473;-51,505367;2025-03-19 02:10:00.0;0,00
APUCARANA;410140802A;PR;Parque Industrial;-23,566473;-51,505367;2025-03-19 03:10:00.0;0,00
APUCARANA;410140802A;PR;Parque Industrial;-23,566473;-51,505367;2025-03-19 04:10:00.0;0,00
APUCARANA;410140802A;PR;Parque Industrial;-23,566473;-51,505367;2025-03-19 05:10:00.0;0,00
APUCARANA;410140802A;PR;Parque Industrial;-23,566473;-51,505367;2025-03-19 06:10:00.0;0,00
APUCARANA;410140802A;PR;Parque Industrial;-23,566473;-51,505367;2025-03-19 07:10:00.0;0,00
APUCARANA;410140802A;PR;Parque Industrial;-23,566473;-51,505367;2025-03-19 08:10:00.0;0,00
APUCARANA;410140802A;PR;Parque Industrial;-23,566473;-51,505367;2025-03-19 09:10:00.0;0,00
APUCARANA;410140802A;PR;Parque Industrial;-23,566473;-51,505367;2025-03-19 10:10:00.0;0,00
APUCARANA;410140802A;PR;Parque Industrial;-23,566473;-51,505367;2025-03-19 11:10:00.0;0,00
APUCARANA;410140802A;PR;Parque Industrial;-23,566473;-51,505367;2025-03-19 12:10:00.0;0,00
APUCARANA;410140802A;PR;Parque Industrial;-23,566473;-51,505367;2025-03-19 13:10:00.0;0,00
APUCARANA;410140802A;PR;Parque Industrial;-23,566473;-51,505367;2025-03-19 14:10:00.0;0,00
APUCARANA;410140802A;PR;Parque Industrial;-23,566473;-51,505367;2025-03-19 15:10:00.0;0,00
APUCARANA;410140802A;PR;Parque Industrial;-23,566473;-51,505367;2025-03-19 16:10:00.0;0,00
APUCARANA;410140802A;PR;Parque Industrial;-23,566473;-51,505367;2025-03-19 17:10:00.0;0,00
APUCARANA;410140802A;PR;Parque Industrial;-23,566473;-51,505367;2025-03-19 18:10:00.0;0,00
APUCARANA;410140802A;PR;Parque Industrial;-23,566473;-51,505367;2025-03-19 19:10:00.0;0,00
APUCARANA;410140802A;PR;Parque Industrial;-23,566473;-51,505367;2025-03-19 20:10:00.0;0,00
APUCARANA;410140802A;PR;Parque Industrial;-23,566473;-51,505367;2025-03-19 21:10:00.0;0,00
APUCARANA;410140802A;PR;Parque Industrial;-23,566473;-51,505367;2025-03-19 22:10:00.0;0,00
APUCARANA;410140802A;PR;Parque Industrial;-23,566473;-51,505367;2025-03-19 23:10:00.0;0,00
APUCARANA;410140802A;PR;Parque Industrial;-23,566473;-51,505367;2025-03-20 00:10:00.0;0,00
APUCARANA;410140802A;PR;Parque Industrial;-23,566473;-51,505367;2025-03-20 01:10:00.0;0,00
APUCARANA;410140802A;PR;Parque Industrial;-23,566473;-51,505367;2025-03-20 02:10:00.0;0,00
APUCARANA;410140802A;PR;Parque Industrial;-23,566473;-51,505367;2025-03-20 03:10:00.0;0,00
APUCARANA;410140802A;PR;Parque Industrial;-23,566473;-51,505367;2025-03-20 04:10:00.0;0,00
APUCARANA;410140802A;PR;Parque Industrial;-23,566473;-51,505367;2025-03-20 05:10:00.0;0,00
APUCARANA;410140802A;PR;Parque Industrial;-23,566473;-51,505367;2025-03-20 06:10:00.0;0,00
APUCARANA;410140802A;PR;Parque Industrial;-23,566473;-51,505367;2025-03-20 07:10:00.0;0,00
APUCARANA;410140802A;PR;Parque Industrial;-23,566473;-51,505367;2025-03-20 08:10:00.0;0,00
APUCARANA;410140802A;PR;Parque Industrial;-23,566473;-51,505367;2025-03-20 09:10:00.0;0,00
APUCARANA;410140802A;PR;Parque Industrial;-23,566473;-51,505367;2025-03-20 10:10:00.0;0,00
APUCARANA;410140802A;PR;Parque Industrial;-23,566473;-51,505367;2025-03-20 11:10:00.0;0,00
APUCARANA;410140802A;PR;Parque Industrial;-23,566473;-51,505367;2025-03-20 12:10:00.0;0,00
APUCARANA;410140802A;PR;Parque Industrial;-23,566473;-51,505367;2025-03-20 13:10:00.0;0,00
APUCARANA;410140802A;PR;Parque Industrial;-23,566473;-51,505367;2025-03-20 14:10:00.0;0,00
APUCARANA;410140802A;PR;Parque Industrial;-23,566473;-51,505367;2025-03-20 15:10:00.0;0,00
APUCARANA;410140802A;PR;Parque Industrial;-23,566473;-51,505367;2025-03-20 16:10:00.0;0,00
APUCARANA;410140802A;PR;Parque Industrial;-23,566473;-51,505367;2025-03-20 17:10:00.0;0,00
APUCARANA;410140802A;PR;Parque Industrial;-23,566473;-51,505367;2025-03-20 18:10:00.0;0,00
APUCARANA;410140802A;PR;Parque Industrial;-23,566473;-51,505367;2025-03-20 19:10:00.0;0,00
APUCARANA;410140802A;PR;Parque Industrial;-23,566473;-51,505367;2025-03-20 20:10:00.0;0,00
APUCARANA;410140802A;PR;Parque Industrial;-23,566473;-51,505367;2025-03-20 21:10:00.0;0,00
APUCARANA;410140802A;PR;Parque Industrial;-23,566473;-51,505367;2025-03-20 22:10:00.0;0,00
APUCARANA;410140802A;PR;Parque Industrial;-23,566473;-51,505367;2025-03-20 23:10:00.0;0,00
APUCARANA;410140802A;PR;Parque Industrial;-23,566473;-51,505367;2025-03-21 00:10:00.0;0,00
APUCARANA;410140802A;PR;Parque Industrial;-23,566473;-51,505367;2025-03-21 01:10:00.0;0,00
APUCARANA;410140802A;PR;Parque Industrial;-23,566473;-51,505367;2025-03-21 02:10:00.0;0,00
APUCARANA;410140802A;PR;Parque Industrial;-23,566473;-51,505367;2025-03-21 03:10:00.0;0,00
APUCARANA;410140802A;PR;Parque Industrial;-23,566473;-51,505367;2025-03-21 04:10:00.0;0,00
APUCARANA;410140802A;PR;Parque Industrial;-23,566473;-51,505367;2025-03-21 05:10:00.0;0,00
APUCARANA;410140802A;PR;Parque Industrial;-23,566473;-51,505367;2025-03-21 06:10:00.0;0,00
APUCARANA;410140802A;PR;Parque Industrial;-23,566473;-51,505367;2025-03-21 07:10:00.0;0,00
APUCARANA;410140802A;PR;Parque Industrial;-23,566473;-51,505367;2025-03-21 08:10:00.0;0,00
APUCARANA;410140802A;PR;Parque Industrial;-23,566473;-51,505367;2025-03-21 09:10:00.0;0,00
APUCARANA;410140802A;PR;Parque Industrial;-23,566473;-51,505367;2025-03-21 10:10:00.0;0,00
APUCARANA;410140802A;PR;Parque Industrial;-23,566473;-51,505367;2025-03-21 11:10:00.0;0,00
APUCARANA;410140802A;PR;Parque Industrial;-23,566473;-51,505367;2025-03-21 12:10:00.0;0,00
APUCARANA;410140802A;PR;Parque Industrial;-23,566473;-51,505367;2025-03-21 13:10:00.0;0,00
APUCARANA;410140802A;PR;Parque Industrial;-23,566473;-51,505367;2025-03-21 14:10:00.0;0,00
APUCARANA;410140802A;PR;Parque Industrial;-23,566473;-51,505367;2025-03-21 15:10:00.0;0,00
APUCARANA;410140802A;PR;Parque Industrial;-23,566473;-51,505367;2025-03-21 16:10:00.0;0,00
APUCARANA;410140802A;PR;Parque Industrial;-23,566473;-51,505367;2025-03-21 17:10:00.0;0,00
APUCARANA;410140802A;PR;Parque Industrial;-23,566473;-51,505367;2025-03-21 18:10:00.0;0,00
APUCARANA;410140802A;PR;Parque Industrial;-23,566473;-51,505367;2025-03-21 19:10:00.0;0,00
APUCARANA;410140802A;PR;Parque Industrial;-23,566473;-51,505367;2025-03-21 20:10:00.0;0,00
APUCARANA;410140802A;PR;Parque Industrial;-23,566473;-51,505367;2025-03-21 21:10:00.0;0,00
APUCARANA;410140802A;PR;Parque Industrial;-23,566473;-51,505367;2025-03-21 22:10:00.0;0,00
APUCARANA;410140802A;PR;Parque Industrial;-23,566473;-51,505367;2025-03-21 23:10:00.0;0,00
APUCARANA;410140802A;PR;Parque Industrial;-23,566473;-51,505367;2025-03-22 00:10:00.0;0,00
APUCARANA;410140802A;PR;Parque Industrial;-23,566473;-51,505367;2025-03-22 01:10:00.0;0,00
APUCARANA;410140802A;PR;Parque Industrial;-23,566473;-51,505367;2025-03-22 02:10:00.0;0,00
APUCARANA;410140802A;PR;Parque Industrial;-23,566473;-51,505367;2025-03-22 03:10:00.0;0,00
APUCARANA;410140802A;PR;Parque Industrial;-23,566473;-51,505367;2025-03-22 04:10:00.0;0,00
APUCARANA;410140802A;PR;Parque Industrial;-23,566473;-51,505367;2025-03-22 05:10:00.0;0,00
APUCARANA;410140802A;PR;Parque Industrial;-23,566473;-51,505367;2025-03-22 06:10:00.0;0,00
APUCARANA;410140802A;PR;Parque Industrial;-23,566473;-51,505367;2025-03-22 07:10:00.0;0,00
APUCARANA;410140802A;PR;Parque Industrial;-23,566473;-51,505367;2025-03-22 08:10:00.0;0,00
APUCARANA;410140802A;PR;Parque Industrial;-23,566473;-51,505367;2025-03-22 09:10:00.0;0,00
APUCARANA;410140802A;PR;Parque Industrial;-23,566473;-51,505367;2025-03-22 10:10:00.0;0,00
APUCARANA;410140802A;PR;Parque Industrial;-23,566473;-51,505367;2025-03-22 11:10:00.0;0,00
APUCARANA;410140802A;PR;Parque Industrial;-23,566473;-51,505367;2025-03-22 12:10:00.0;0,00
APUCARANA;410140802A;PR;Parque Industrial;-23,566473;-51,505367;2025-03-22 13:10:00.0;0,00
APUCARANA;410140802A;PR;Parque Industrial;-23,566473;-51,505367;2025-03-22 14:10:00.0;0,00
APUCARANA;410140802A;PR;Parque Industrial;-23,566473;-51,505367;2025-03-22 15:10:00.0;0,00
APUCARANA;410140802A;PR;Parque Industrial;-23,566473;-51,505367;2025-03-22 16:10:00.0;0,00
APUCARANA;410140802A;PR;Parque Industrial;-23,566473;-51,505367;2025-03-22 17:10:00.0;0,00
APUCARANA;410140802A;PR;Parque Industrial;-23,566473;-51,505367;2025-03-22 18:10:00.0;0,00
APUCARANA;410140802A;PR;Parque Industrial;-23,566473;-51,505367;2025-03-22 19:10:00.0;0,00
APUCARANA;410140802A;PR;Parque Industrial;-23,566473;-51,505367;2025-03-22 20:10:00.0;0,00
APUCARANA;410140802A;PR;Parque Industrial;-23,566473;-51,505367;2025-03-22 21:10:00.0;0,00
APUCARANA;410140802A;PR;Parque Industrial;-23,566473;-51,505367;2025-03-22 22:10:00.0;0,00
APUCARANA;410140802A;PR;Parque Industrial;-23,566473;-51,505367;2025-03-22 23:10:00.0;0,00
APUCARANA;410140802A;PR;Parque Industrial;-23,566473;-51,505367;2025-03-23 00:10:00.0;0,00
APUCARANA;410140802A;PR;Parque Industrial;-23,566473;-51,505367;2025-03-23 01:10:00.0;0,00
APUCARANA;410140802A;PR;Parque Industrial;-23,566473;-51,505367;2025-03-23 02:10:00.0;0,00
APUCARANA;410140802A;PR;Parque Industrial;-23,566473;-51,505367;2025-03-23 03:10:00.0;0,00
APUCARANA;410140802A;PR;Parque Industrial;-23,566473;-51,505367;2025-03-23 04:10:00.0;0,00
APUCARANA;410140802A;PR;Parque Industrial;-23,566473;-51,505367;2025-03-23 05:10:00.0;0,00
APUCARANA;410140802A;PR;Parque Industrial;-23,566473;-51,505367;2025-03-23 06:10:00.0;0,00
APUCARANA;410140802A;PR;Parque Industrial;-23,566473;-51,505367;2025-03-23 07:10:00.0;0,00
APUCARANA;410140802A;PR;Parque Industrial;-23,566473;-51,505367;2025-03-23 08:10:00.0;0,00
APUCARANA;410140802A;PR;Parque Industrial;-23,566473;-51,505367;2025-03-23 09:10:00.0;0,00
APUCARANA;410140802A;PR;Parque Industrial;-23,566473;-51,505367;2025-03-23 10:10:00.0;0,00
APUCARANA;410140802A;PR;Parque Industrial;-23,566473;-51,505367;2025-03-23 11:10:00.0;0,00
APUCARANA;410140802A;PR;Parque Industrial;-23,566473;-51,505367;2025-03-23 12:10:00.0;0,00
APUCARANA;410140802A;PR;Parque Industrial;-23,566473;-51,505367;2025-03-23 13:10:00.0;0,00
APUCARANA;410140802A;PR;Parque Industrial;-23,566473;-51,505367;2025-03-23 14:10:00.0;0,00
APUCARANA;410140802A;PR;Parque Industrial;-23,566473;-51,505367;2025-03-23 15:10:00.0;0,00
APUCARANA;410140802A;PR;Parque Industrial;-23,566473;-51,505367;2025-03-23 16:10:00.0;0,00
APUCARANA;410140802A;PR;Parque Industrial;-23,566473;-51,505367;2025-03-23 17:10:00.0;0,00
APUCARANA;410140802A;PR;Parque Industrial;-23,566473;-51,505367;2025-03-23 18:10:00.0;0,00
APUCARANA;410140802A;PR;Parque Industrial;-23,566473;-51,505367;2025-03-23 18:20:00.0;1,60
APUCARANA;410140802A;PR;Parque Industrial;-23,566473;-51,505367;2025-03-23 18:30:00.0;0,40
APUCARANA;410140802A;PR;Parque Industrial;-23,566473;-51,505367;2025-03-23 19:10:00.0;0,00
APUCARANA;410140802A;PR;Parque Industrial;-23,566473;-51,505367;2025-03-23 20:10:00.0;0,00
APUCARANA;410140802A;PR;Parque Industrial;-23,566473;-51,505367;2025-03-23 21:10:00.0;0,00
APUCARANA;410140802A;PR;Parque Industrial;-23,566473;-51,505367;2025-03-23 22:10:00.0;0,00
APUCARANA;410140802A;PR;Parque Industrial;-23,566473;-51,505367;2025-03-23 23:10:00.0;0,00
APUCARANA;410140802A;PR;Parque Industrial;-23,566473;-51,505367;2025-03-24 00:10:00.0;0,00
APUCARANA;410140802A;PR;Parque Industrial;-23,566473;-51,505367;2025-03-24 01:10:00.0;0,00
APUCARANA;410140802A;PR;Parque Industrial;-23,566473;-51,505367;2025-03-24 02:00:00.0;0,20
APUCARANA;410140802A;PR;Parque Industrial;-23,566473;-51,505367;2025-03-24 02:10:00.0;0,00
APUCARANA;410140802A;PR;Parque Industrial;-23,566473;-51,505367;2025-03-24 03:10:00.0;0,00
APUCARANA;410140802A;PR;Parque Industrial;-23,566473;-51,505367;2025-03-24 03:40:00.0;0,20
APUCARANA;410140802A;PR;Parque Industrial;-23,566473;-51,505367;2025-03-24 04:00:00.0;0,20
APUCARANA;410140802A;PR;Parque Industrial;-23,566473;-51,505367;2025-03-24 04:10:00.0;0,00
APUCARANA;410140802A;PR;Parque Industrial;-23,566473;-51,505367;2025-03-24 05:10:00.0;0,00
APUCARANA;410140802A;PR;Parque Industrial;-23,566473;-51,505367;2025-03-24 06:10:00.0;0,00
APUCARANA;410140802A;PR;Parque Industrial;-23,566473;-51,505367;2025-03-24 07:10:00.0;0,00
APUCARANA;410140802A;PR;Parque Industrial;-23,566473;-51,505367;2025-03-24 08:10:00.0;0,00
APUCARANA;410140802A;PR;Parque Industrial;-23,566473;-51,505367;2025-03-24 09:10:00.0;0,00
APUCARANA;410140802A;PR;Parque Industrial;-23,566473;-51,505367;2025-03-24 10:10:00.0;0,00
APUCARANA;410140802A;PR;Parque Industrial;-23,566473;-51,505367;2025-03-24 11:10:00.0;0,00
APUCARANA;410140802A;PR;Parque Industrial;-23,566473;-51,505367;2025-03-24 12:10:00.0;0,00
APUCARANA;410140802A;PR;Parque Industrial;-23,566473;-51,505367;2025-03-24 13:10:00.0;0,00
APUCARANA;410140802A;PR;Parque Industrial;-23,566473;-51,505367;2025-03-24 13:40:00.0;0,20
APUCARANA;410140802A;PR;Parque Industrial;-23,566473;-51,505367;2025-03-24 14:10:00.0;0,00
APUCARANA;410140802A;PR;Parque Industrial;-23,566473;-51,505367;2025-03-24 15:10:00.0;0,00
APUCARANA;410140802A;PR;Parque Industrial;-23,566473;-51,505367;2025-03-24 16:10:00.0;0,00
APUCARANA;410140802A;PR;Parque Industrial;-23,566473;-51,505367;2025-03-24 17:10:00.0;0,00
APUCARANA;410140802A;PR;Parque Industrial;-23,566473;-51,505367;2025-03-24 18:10:00.0;0,00
APUCARANA;410140802A;PR;Parque Industrial;-23,566473;-51,505367;2025-03-24 19:10:00.0;0,00
APUCARANA;410140802A;PR;Parque Industrial;-23,566473;-51,505367;2025-03-24 20:10:00.0;0,20
APUCARANA;410140802A;PR;Parque Industrial;-23,566473;-51,505367;2025-03-24 20:20:00.0;0,00
APUCARANA;410140802A;PR;Parque Industrial;-23,566473;-51,505367;2025-03-24 20:30:00.0;0,20
APUCARANA;410140802A;PR;Parque Industrial;-23,566473;-51,505367;2025-03-24 21:10:00.0;0,00
APUCARANA;410140802A;PR;Parque Industrial;-23,566473;-51,505367;2025-03-24 22:10:00.0;0,00
APUCARANA;410140802A;PR;Parque Industrial;-23,566473;-51,505367;2025-03-24 23:10:00.0;0,00
APUCARANA;410140802A;PR;Parque Industrial;-23,566473;-51,505367;2025-03-25 00:10:00.0;0,00
APUCARANA;410140802A;PR;Parque Industrial;-23,566473;-51,505367;2025-03-25 01:10:00.0;0,00
APUCARANA;410140802A;PR;Parque Industrial;-23,566473;-51,505367;2025-03-25 02:10:00.0;0,00
APUCARANA;410140802A;PR;Parque Industrial;-23,566473;-51,505367;2025-03-25 03:10:00.0;0,00
APUCARANA;410140802A;PR;Parque Industrial;-23,566473;-51,505367;2025-03-25 04:10:00.0;0,00
APUCARANA;410140802A;PR;Parque Industrial;-23,566473;-51,505367;2025-03-25 05:10:00.0;0,00
APUCARANA;410140802A;PR;Parque Industrial;-23,566473;-51,505367;2025-03-25 06:10:00.0;0,00
APUCARANA;410140802A;PR;Parque Industrial;-23,566473;-51,505367;2025-03-25 07:10:00.0;0,00
APUCARANA;410140802A;PR;Parque Industrial;-23,566473;-51,505367;2025-03-25 08:10:00.0;0,00
APUCARANA;410140802A;PR;Parque Industrial;-23,566473;-51,505367;2025-03-25 09:10:00.0;0,00
APUCARANA;410140802A;PR;Parque Industrial;-23,566473;-51,505367;2025-03-25 10:10:00.0;0,00
APUCARANA;410140802A;PR;Parque Industrial;-23,566473;-51,505367;2025-03-25 11:10:00.0;0,00
APUCARANA;410140802A;PR;Parque Industrial;-23,566473;-51,505367;2025-03-25 12:10:00.0;0,00
APUCARANA;410140802A;PR;Parque Industrial;-23,566473;-51,505367;2025-03-25 13:10:00.0;0,00
APUCARANA;410140802A;PR;Parque Industrial;-23,566473;-51,505367;2025-03-25 14:10:00.0;0,00
APUCARANA;410140802A;PR;Parque Industrial;-23,566473;-51,505367;2025-03-25 15:10:00.0;0,00
APUCARANA;410140802A;PR;Parque Industrial;-23,566473;-51,505367;2025-03-25 16:10:00.0;0,00
APUCARANA;410140802A;PR;Parque Industrial;-23,566473;-51,505367;2025-03-25 17:10:00.0;0,00
APUCARANA;410140802A;PR;Parque Industrial;-23,566473;-51,505367;2025-03-25 18:10:00.0;0,00
APUCARANA;410140802A;PR;Parque Industrial;-23,566473;-51,505367;2025-03-25 19:10:00.0;0,00
APUCARANA;410140802A;PR;Parque Industrial;-23,566473;-51,505367;2025-03-25 20:10:00.0;0,00
APUCARANA;410140802A;PR;Parque Industrial;-23,566473;-51,505367;2025-03-25 21:10:00.0;0,00
APUCARANA;410140802A;PR;Parque Industrial;-23,566473;-51,505367;2025-03-25 22:10:00.0;0,00
APUCARANA;410140802A;PR;Parque Industrial;-23,566473;-51,505367;2025-03-25 23:10:00.0;0,00
APUCARANA;410140802A;PR;Parque Industrial;-23,566473;-51,505367;2025-03-26 00:10:00.0;0,00
APUCARANA;410140802A;PR;Parque Industrial;-23,566473;-51,505367;2025-03-26 01:10:00.0;0,00
APUCARANA;410140802A;PR;Parque Industrial;-23,566473;-51,505367;2025-03-26 01:50:00.0;4,80
APUCARANA;410140802A;PR;Parque Industrial;-23,566473;-51,505367;2025-03-26 02:00:00.0;6,40
APUCARANA;410140802A;PR;Parque Industrial;-23,566473;-51,505367;2025-03-26 02:10:00.0;8,60
APUCARANA;410140802A;PR;Parque Industrial;-23,566473;-51,505367;2025-03-26 02:20:00.0;5,40
APUCARANA;410140802A;PR;Parque Industrial;-23,566473;-51,505367;2025-03-26 02:30:00.0;6,00
APUCARANA;410140802A;PR;Parque Industrial;-23,566473;-51,505367;2025-03-26 02:40:00.0;3,20
APUCARANA;410140802A;PR;Parque Industrial;-23,566473;-51,505367;2025-03-26 02:50:00.0;2,20
APUCARANA;410140802A;PR;Parque Industrial;-23,566473;-51,505367;2025-03-26 03:00:00.0;3,80
APUCARANA;410140802A;PR;Parque Industrial;-23,566473;-51,505367;2025-03-26 03:10:00.0;1,00
APUCARANA;410140802A;PR;Parque Industrial;-23,566473;-51,505367;2025-03-26 03:20:00.0;0,60
APUCARANA;410140802A;PR;Parque Industrial;-23,566473;-51,505367;2025-03-26 03:30:00.0;1,00
APUCARANA;410140802A;PR;Parque Industrial;-23,566473;-51,505367;2025-03-26 03:40:00.0;0,40
APUCARANA;410140802A;PR;Parque Industrial;-23,566473;-51,505367;2025-03-26 03:50:00.0;0,40
APUCARANA;410140802A;PR;Parque Industrial;-23,566473;-51,505367;2025-03-26 04:00:00.0;1,00
APUCARANA;410140802A;PR;Parque Industrial;-23,566473;-51,505367;2025-03-26 04:10:00.0;0,60
APUCARANA;410140802A;PR;Parque Industrial;-23,566473;-51,505367;2025-03-26 04:20:00.0;0,60
APUCARANA;410140802A;PR;Parque Industrial;-23,566473;-51,505367;2025-03-26 04:30:00.0;0,80
APUCARANA;410140802A;PR;Parque Industrial;-23,566473;-51,505367;2025-03-26 04:40:00.0;0,80
APUCARANA;410140802A;PR;Parque Industrial;-23,566473;-51,505367;2025-03-26 04:50:00.0;0,80
APUCARANA;410140802A;PR;Parque Industrial;-23,566473;-51,505367;2025-03-26 05:00:00.0;0,40
APUCARANA;410140802A;PR;Parque Industrial;-23,566473;-51,505367;2025-03-26 05:10:00.0;0,80
APUCARANA;410140802A;PR;Parque Industrial;-23,566473;-51,505367;2025-03-26 05:20:00.0;0,40
APUCARANA;410140802A;PR;Parque Industrial;-23,566473;-51,505367;2025-03-26 05:30:00.0;0,40
APUCARANA;410140802A;PR;Parque Industrial;-23,566473;-51,505367;2025-03-26 06:10:00.0;0,00
APUCARANA;410140802A;PR;Parque Industrial;-23,566473;-51,505367;2025-03-26 07:10:00.0;0,00
APUCARANA;410140802A;PR;Parque Industrial;-23,566473;-51,505367;2025-03-26 08:10:00.0;0,00
APUCARANA;410140802A;PR;Parque Industrial;-23,566473;-51,505367;2025-03-26 09:10:00.0;0,00
APUCARANA;410140802A;PR;Parque Industrial;-23,566473;-51,505367;2025-03-26 10:10:00.0;0,00
APUCARANA;410140802A;PR;Parque Industrial;-23,566473;-51,505367;2025-03-26 11:10:00.0;0,00
APUCARANA;410140802A;PR;Parque Industrial;-23,566473;-51,505367;2025-03-26 12:10:00.0;0,00
APUCARANA;410140802A;PR;Parque Industrial;-23,566473;-51,505367;2025-03-26 13:10:00.0;0,00
APUCARANA;410140802A;PR;Parque Industrial;-23,566473;-51,505367;2025-03-26 15:10:00.0;0,00
APUCARANA;410140802A;PR;Parque Industrial;-23,566473;-51,505367;2025-03-26 16:10:00.0;0,00
APUCARANA;410140802A;PR;Parque Industrial;-23,566473;-51,505367;2025-03-26 17:10:00.0;0,00
APUCARANA;410140802A;PR;Parque Industrial;-23,566473;-51,505367;2025-03-26 18:10:00.0;0,00
APUCARANA;410140802A;PR;Parque Industrial;-23,566473;-51,505367;2025-03-26 19:10:00.0;0,00
APUCARANA;410140802A;PR;Parque Industrial;-23,566473;-51,505367;2025-03-26 20:10:00.0;0,00
APUCARANA;410140802A;PR;Parque Industrial;-23,566473;-51,505367;2025-03-26 21:10:00.0;0,00
APUCARANA;410140802A;PR;Parque Industrial;-23,566473;-51,505367;2025-03-26 22:10:00.0;0,00
APUCARANA;410140802A;PR;Parque Industrial;-23,566473;-51,505367;2025-03-26 23:10:00.0;0,00
APUCARANA;410140802A;PR;Parque Industrial;-23,566473;-51,505367;2025-03-27 00:10:00.0;0,00
APUCARANA;410140802A;PR;Parque Industrial;-23,566473;-51,505367;2025-03-27 01:10:00.0;0,00
APUCARANA;410140802A;PR;Parque Industrial;-23,566473;-51,505367;2025-03-27 02:10:00.0;0,00
APUCARANA;410140802A;PR;Parque Industrial;-23,566473;-51,505367;2025-03-27 03:10:00.0;0,00
APUCARANA;410140802A;PR;Parque Industrial;-23,566473;-51,505367;2025-03-27 04:10:00.0;0,00
APUCARANA;410140802A;PR;Parque Industrial;-23,566473;-51,505367;2025-03-27 05:10:00.0;0,00
APUCARANA;410140802A;PR;Parque Industrial;-23,566473;-51,505367;2025-03-27 06:10:00.0;0,00
APUCARANA;410140802A;PR;Parque Industrial;-23,566473;-51,505367;2025-03-27 07:10:00.0;0,00
APUCARANA;410140802A;PR;Parque Industrial;-23,566473;-51,505367;2025-03-27 08:10:00.0;0,00
APUCARANA;410140802A;PR;Parque Industrial;-23,566473;-51,505367;2025-03-27 09:10:00.0;0,00
APUCARANA;410140802A;PR;Parque Industrial;-23,566473;-51,505367;2025-03-27 10:10:00.0;0,00
APUCARANA;410140802A;PR;Parque Industrial;-23,566473;-51,505367;2025-03-27 11:10:00.0;0,00
APUCARANA;410140802A;PR;Parque Industrial;-23,566473;-51,505367;2025-03-27 12:10:00.0;0,00
APUCARANA;410140802A;PR;Parque Industrial;-23,566473;-51,505367;2025-03-27 13:10:00.0;0,00
APUCARANA;410140802A;PR;Parque Industrial;-23,566473;-51,505367;2025-03-27 14:10:00.0;0,00
APUCARANA;410140802A;PR;Parque Industrial;-23,566473;-51,505367;2025-03-27 15:10:00.0;0,00
APUCARANA;410140802A;PR;Parque Industrial;-23,566473;-51,505367;2025-03-27 16:10:00.0;0,00
APUCARANA;410140802A;PR;Parque Industrial;-23,566473;-51,505367;2025-03-27 17:10:00.0;0,00
APUCARANA;410140802A;PR;Parque Industrial;-23,566473;-51,505367;2025-03-27 18:10:00.0;0,00
APUCARANA;410140802A;PR;Parque Industrial;-23,566473;-51,505367;2025-03-27 19:10:00.0;0,00
APUCARANA;410140802A;PR;Parque Industrial;-23,566473;-51,505367;2025-03-27 20:10:00.0;0,00
APUCARANA;410140802A;PR;Parque Industrial;-23,566473;-51,505367;2025-03-27 21:10:00.0;0,00
APUCARANA;410140802A;PR;Parque Industrial;-23,566473;-51,505367;2025-03-27 22:10:00.0;0,00
APUCARANA;410140802A;PR;Parque Industrial;-23,566473;-51,505367;2025-03-27 23:10:00.0;0,00
APUCARANA;410140802A;PR;Parque Industrial;-23,566473;-51,505367;2025-03-28 00:10:00.0;0,00
APUCARANA;410140802A;PR;Parque Industrial;-23,566473;-51,505367;2025-03-28 01:10:00.0;0,00
APUCARANA;410140802A;PR;Parque Industrial;-23,566473;-51,505367;2025-03-28 02:10:00.0;0,00
APUCARANA;410140802A;PR;Parque Industrial;-23,566473;-51,505367;2025-03-28 03:10:00.0;0,00
APUCARANA;410140802A;PR;Parque Industrial;-23,566473;-51,505367;2025-03-28 04:10:00.0;0,00
APUCARANA;410140802A;PR;Parque Industrial;-23,566473;-51,505367;2025-03-28 05:10:00.0;0,00
APUCARANA;410140802A;PR;Parque Industrial;-23,566473;-51,505367;2025-03-28 06:10:00.0;0,00
APUCARANA;410140802A;PR;Parque Industrial;-23,566473;-51,505367;2025-03-28 07:10:00.0;0,00
APUCARANA;410140802A;PR;Parque Industrial;-23,566473;-51,505367;2025-03-28 08:10:00.0;0,00
APUCARANA;410140802A;PR;Parque Industrial;-23,566473;-51,505367;2025-03-28 09:10:00.0;0,00
APUCARANA;410140802A;PR;Parque Industrial;-23,566473;-51,505367;2025-03-28 10:10:00.0;0,00
APUCARANA;410140802A;PR;Parque Industrial;-23,566473;-51,505367;2025-03-28 11:10:00.0;0,00
APUCARANA;410140802A;PR;Parque Industrial;-23,566473;-51,505367;2025-03-28 12:10:00.0;0,00
APUCARANA;410140802A;PR;Parque Industrial;-23,566473;-51,505367;2025-03-28 13:10:00.0;0,00
APUCARANA;410140802A;PR;Parque Industrial;-23,566473;-51,505367;2025-03-28 14:10:00.0;0,00
APUCARANA;410140802A;PR;Parque Industrial;-23,566473;-51,505367;2025-03-28 15:10:00.0;0,00
APUCARANA;410140802A;PR;Parque Industrial;-23,566473;-51,505367;2025-03-28 16:10:00.0;0,00
APUCARANA;410140802A;PR;Parque Industrial;-23,566473;-51,505367;2025-03-28 17:10:00.0;0,00
APUCARANA;410140802A;PR;Parque Industrial;-23,566473;-51,505367;2025-03-28 18:10:00.0;0,00
APUCARANA;410140802A;PR;Parque Industrial;-23,566473;-51,505367;2025-03-28 19:10:00.0;0,00
APUCARANA;410140802A;PR;Parque Industrial;-23,566473;-51,505367;2025-03-28 20:10:00.0;0,00
APUCARANA;410140802A;PR;Parque Industrial;-23,566473;-51,505367;2025-03-28 21:10:00.0;0,00
APUCARANA;410140802A;PR;Parque Industrial;-23,566473;-51,505367;2025-03-28 22:10:00.0;0,00
APUCARANA;410140802A;PR;Parque Industrial;-23,566473;-51,505367;2025-03-28 23:10:00.0;0,00
APUCARANA;410140802A;PR;Parque Industrial;-23,566473;-51,505367;2025-03-29 00:10:00.0;0,00
APUCARANA;410140802A;PR;Parque Industrial;-23,566473;-51,505367;2025-03-29 01:10:00.0;0,00
APUCARANA;410140802A;PR;Parque Industrial;-23,566473;-51,505367;2025-03-29 02:10:00.0;0,00
APUCARANA;410140802A;PR;Parque Industrial;-23,566473;-51,505367;2025-03-29 03:10:00.0;0,00
APUCARANA;410140802A;PR;Parque Industrial;-23,566473;-51,505367;2025-03-29 04:10:00.0;0,00
APUCARANA;410140802A;PR;Parque Industrial;-23,566473;-51,505367;2025-03-29 05:10:00.0;0,00
APUCARANA;410140802A;PR;Parque Industrial;-23,566473;-51,505367;2025-03-29 06:10:00.0;0,00
APUCARANA;410140802A;PR;Parque Industrial;-23,566473;-51,505367;2025-03-29 07:10:00.0;0,00
APUCARANA;410140802A;PR;Parque Industrial;-23,566473;-51,505367;2025-03-29 08:10:00.0;0,00
APUCARANA;410140802A;PR;Parque Industrial;-23,566473;-51,505367;2025-03-29 09:10:00.0;0,00
APUCARANA;410140802A;PR;Parque Industrial;-23,566473;-51,505367;2025-03-29 10:10:00.0;0,00
APUCARANA;410140802A;PR;Parque Industrial;-23,566473;-51,505367;2025-03-29 11:10:00.0;0,00
APUCARANA;410140802A;PR;Parque Industrial;-23,566473;-51,505367;2025-03-29 12:10:00.0;0,00
APUCARANA;410140802A;PR;Parque Industrial;-23,566473;-51,505367;2025-03-29 13:10:00.0;0,00
APUCARANA;410140802A;PR;Parque Industrial;-23,566473;-51,505367;2025-03-29 14:10:00.0;0,00
APUCARANA;410140802A;PR;Parque Industrial;-23,566473;-51,505367;2025-03-29 15:10:00.0;0,00
APUCARANA;410140802A;PR;Parque Industrial;-23,566473;-51,505367;2025-03-29 16:10:00.0;0,00
APUCARANA;410140802A;PR;Parque Industrial;-23,566473;-51,505367;2025-03-29 16:50:00.0;0,40
APUCARANA;410140802A;PR;Parque Industrial;-23,566473;-51,505367;2025-03-29 17:00:00.0;3,40
APUCARANA;410140802A;PR;Parque Industrial;-23,566473;-51,505367;2025-03-29 17:10:00.0;1,00
APUCARANA;410140802A;PR;Parque Industrial;-23,566473;-51,505367;2025-03-29 17:20:00.0;1,20
APUCARANA;410140802A;PR;Parque Industrial;-23,566473;-51,505367;2025-03-29 17:30:00.0;0,40
APUCARANA;410140802A;PR;Parque Industrial;-23,566473;-51,505367;2025-03-29 17:40:00.0;0,40
APUCARANA;410140802A;PR;Parque Industrial;-23,566473;-51,505367;2025-03-29 18:00:00.0;0,20
APUCARANA;410140802A;PR;Parque Industrial;-23,566473;-51,505367;2025-03-29 18:10:00.0;0,20
APUCARANA;410140802A;PR;Parque Industrial;-23,566473;-51,505367;2025-03-29 18:20:00.0;0,20
APUCARANA;410140802A;PR;Parque Industrial;-23,566473;-51,505367;2025-03-29 18:30:00.0;0,20
APUCARANA;410140802A;PR;Parque Industrial;-23,566473;-51,505367;2025-03-29 18:40:00.0;0,40
APUCARANA;410140802A;PR;Parque Industrial;-23,566473;-51,505367;2025-03-29 18:50:00.0;0,20
APUCARANA;410140802A;PR;Parque Industrial;-23,566473;-51,505367;2025-03-29 19:00:00.0;0,40
APUCARANA;410140802A;PR;Parque Industrial;-23,566473;-51,505367;2025-03-29 19:10:00.0;0,80
APUCARANA;410140802A;PR;Parque Industrial;-23,566473;-51,505367;2025-03-29 19:20:00.0;0,40
APUCARANA;410140802A;PR;Parque Industrial;-23,566473;-51,505367;2025-03-29 19:30:00.0;0,40
APUCARANA;410140802A;PR;Parque Industrial;-23,566473;-51,505367;2025-03-29 19:40:00.0;0,20
APUCARANA;410140802A;PR;Parque Industrial;-23,566473;-51,505367;2025-03-29 19:50:00.0;0,20
APUCARANA;410140802A;PR;Parque Industrial;-23,566473;-51,505367;2025-03-29 20:00:00.0;0,60
APUCARANA;410140802A;PR;Parque Industrial;-23,566473;-51,505367;2025-03-29 20:10:00.0;0,20
APUCARANA;410140802A;PR;Parque Industrial;-23,566473;-51,505367;2025-03-29 20:20:00.0;0,20
APUCARANA;410140802A;PR;Parque Industrial;-23,566473;-51,505367;2025-03-29 20:30:00.0;0,60
APUCARANA;410140802A;PR;Parque Industrial;-23,566473;-51,505367;2025-03-29 20:40:00.0;0,60
APUCARANA;410140802A;PR;Parque Industrial;-23,566473;-51,505367;2025-03-29 21:10:00.0;0,20
APUCARANA;410140802A;PR;Parque Industrial;-23,566473;-51,505367;2025-03-29 22:10:00.0;0,00
APUCARANA;410140802A;PR;Parque Industrial;-23,566473;-51,505367;2025-03-29 23:10:00.0;0,00
APUCARANA;410140802A;PR;Parque Industrial;-23,566473;-51,505367;2025-03-30 00:10:00.0;0,00
APUCARANA;410140802A;PR;Parque Industrial;-23,566473;-51,505367;2025-03-30 01:10:00.0;0,00
APUCARANA;410140802A;PR;Parque Industrial;-23,566473;-51,505367;2025-03-30 02:10:00.0;0,00
APUCARANA;410140802A;PR;Parque Industrial;-23,566473;-51,505367;2025-03-30 03:10:00.0;0,00
APUCARANA;410140802A;PR;Parque Industrial;-23,566473;-51,505367;2025-03-30 03:50:00.0;0,20
APUCARANA;410140802A;PR;Parque Industrial;-23,566473;-51,505367;2025-03-30 04:10:00.0;0,00
APUCARANA;410140802A;PR;Parque Industrial;-23,566473;-51,505367;2025-03-30 05:10:00.0;0,00
APUCARANA;410140802A;PR;Parque Industrial;-23,566473;-51,505367;2025-03-30 06:10:00.0;0,00
APUCARANA;410140802A;PR;Parque Industrial;-23,566473;-51,505367;2025-03-30 07:10:00.0;0,00
APUCARANA;410140802A;PR;Parque Industrial;-23,566473;-51,505367;2025-03-30 08:10:00.0;0,00
APUCARANA;410140802A;PR;Parque Industrial;-23,566473;-51,505367;2025-03-30 09:10:00.0;0,00
APUCARANA;410140802A;PR;Parque Industrial;-23,566473;-51,505367;2025-03-30 10:10:00.0;0,00
APUCARANA;410140802A;PR;Parque Industrial;-23,566473;-51,505367;2025-03-30 11:10:00.0;0,00
APUCARANA;410140802A;PR;Parque Industrial;-23,566473;-51,505367;2025-03-30 12:10:00.0;0,00
APUCARANA;410140802A;PR;Parque Industrial;-23,566473;-51,505367;2025-03-30 13:10:00.0;0,00
APUCARANA;410140802A;PR;Parque Industrial;-23,566473;-51,505367;2025-03-30 14:10:00.0;0,00
APUCARANA;410140802A;PR;Parque Industrial;-23,566473;-51,505367;2025-03-30 15:10:00.0;0,00
APUCARANA;410140802A;PR;Parque Industrial;-23,566473;-51,505367;2025-03-30 16:10:00.0;0,00
APUCARANA;410140802A;PR;Parque Industrial;-23,566473;-51,505367;2025-03-30 17:10:00.0;0,00
APUCARANA;410140802A;PR;Parque Industrial;-23,566473;-51,505367;2025-03-30 18:10:00.0;0,00
APUCARANA;410140802A;PR;Parque Industrial;-23,566473;-51,505367;2025-03-30 19:10:00.0;0,00
APUCARANA;410140802A;PR;Parque Industrial;-23,566473;-51,505367;2025-03-30 20:10:00.0;0,00
APUCARANA;410140802A;PR;Parque Industrial;-23,566473;-51,505367;2025-03-30 21:10:00.0;0,00
APUCARANA;410140802A;PR;Parque Industrial;-23,566473;-51,505367;2025-03-30 22:10:00.0;0,00
APUCARANA;410140802A;PR;Parque Industrial;-23,566473;-51,505367;2025-03-30 23:10:00.0;0,00
APUCARANA;410140802A;PR;Parque Industrial;-23,566473;-51,505367;2025-03-31 00:10:00.0;0,00
APUCARANA;410140802A;PR;Parque Industrial;-23,566473;-51,505367;2025-03-31 01:10:00.0;0,00
APUCARANA;410140802A;PR;Parque Industrial;-23,566473;-51,505367;2025-03-31 02:10:00.0;0,00
APUCARANA;410140802A;PR;Parque Industrial;-23,566473;-51,505367;2025-03-31 03:10:00.0;0,00
APUCARANA;410140802A;PR;Parque Industrial;-23,566473;-51,505367;2025-03-31 04:10:00.0;0,00
APUCARANA;410140802A;PR;Parque Industrial;-23,566473;-51,505367;2025-03-31 05:10:00.0;0,00
APUCARANA;410140802A;PR;Parque Industrial;-23,566473;-51,505367;2025-03-31 06:10:00.0;0,00
APUCARANA;410140802A;PR;Parque Industrial;-23,566473;-51,505367;2025-03-31 07:10:00.0;0,00
APUCARANA;410140802A;PR;Parque Industrial;-23,566473;-51,505367;2025-03-31 08:10:00.0;0,00
APUCARANA;410140802A;PR;Parque Industrial;-23,566473;-51,505367;2025-03-31 09:10:00.0;0,00
APUCARANA;410140802A;PR;Parque Industrial;-23,566473;-51,505367;2025-03-31 10:10:00.0;0,00
APUCARANA;410140802A;PR;Parque Industrial;-23,566473;-51,505367;2025-03-31 11:10:00.0;0,00
APUCARANA;410140802A;PR;Parque Industrial;-23,566473;-51,505367;2025-03-31 12:10:00.0;0,00
APUCARANA;410140802A;PR;Parque Industrial;-23,566473;-51,505367;2025-03-31 13:10:00.0;0,00
APUCARANA;410140802A;PR;Parque Industrial;-23,566473;-51,505367;2025-03-31 14:10:00.0;0,00
APUCARANA;410140802A;PR;Parque Industrial;-23,566473;-51,505367;2025-03-31 15:10:00.0;0,00
APUCARANA;410140802A;PR;Parque Industrial;-23,566473;-51,505367;2025-03-31 16:10:00.0;0,00
APUCARANA;410140802A;PR;Parque Industrial;-23,566473;-51,505367;2025-03-31 17:10:00.0;0,00
APUCARANA;410140802A;PR;Parque Industrial;-23,566473;-51,505367;2025-03-31 18:10:00.0;0,00
APUCARANA;410140802A;PR;Parque Industrial;-23,566473;-51,505367;2025-03-31 19:10:00.0;0,00
APUCARANA;410140802A;PR;Parque Industrial;-23,566473;-51,505367;2025-03-31 20:10:00.0;0,00
APUCARANA;410140802A;PR;Parque Industrial;-23,566473;-51,505367;2025-03-31 21:10:00.0;0,00
APUCARANA;410140802A;PR;Parque Industrial;-23,566473;-51,505367;2025-03-31 22:10:00.0;0,00
APUCARANA;410140802A;PR;Parque Industrial;-23,566473;-51,505367;2025-03-31 23:10:00.0;0,00
APUCARANA;410140802A;PR;Parque Industrial;-23,566473;-51,505367;2025-03-31 23:50:00.0;0,20
APUCARANA;410140803A;PR;Jardim Ponta Grossa;-23,535992;-51,449794;2025-03-01 00:10:00.0;0,00
APUCARANA;410140803A;PR;Jardim Ponta Grossa;-23,535992;-51,449794;2025-03-01 00:20:00.0;0,00
APUCARANA;410140803A;PR;Jardim Ponta Grossa;-23,535992;-51,449794;2025-03-01 01:20:00.0;0,00
APUCARANA;410140803A;PR;Jardim Ponta Grossa;-23,535992;-51,449794;2025-03-01 02:20:00.0;0,00
APUCARANA;410140803A;PR;Jardim Ponta Grossa;-23,535992;-51,449794;2025-03-01 03:20:00.0;0,00
APUCARANA;410140803A;PR;Jardim Ponta Grossa;-23,535992;-51,449794;2025-03-01 04:20:00.0;0,00
APUCARANA;410140803A;PR;Jardim Ponta Grossa;-23,535992;-51,449794;2025-03-01 05:20:00.0;0,00
APUCARANA;410140803A;PR;Jardim Ponta Grossa;-23,535992;-51,449794;2025-03-01 06:20:00.0;0,00
APUCARANA;410140803A;PR;Jardim Ponta Grossa;-23,535992;-51,449794;2025-03-01 07:20:00.0;0,00
APUCARANA;410140803A;PR;Jardim Ponta Grossa;-23,535992;-51,449794;2025-03-01 08:20:00.0;0,00
APUCARANA;410140803A;PR;Jardim Ponta Grossa;-23,535992;-51,449794;2025-03-01 09:20:00.0;0,00
APUCARANA;410140803A;PR;Jardim Ponta Grossa;-23,535992;-51,449794;2025-03-01 10:20:00.0;0,00
APUCARANA;410140803A;PR;Jardim Ponta Grossa;-23,535992;-51,449794;2025-03-01 11:20:00.0;0,00
APUCARANA;410140803A;PR;Jardim Ponta Grossa;-23,535992;-51,449794;2025-03-01 12:20:00.0;0,00
APUCARANA;410140803A;PR;Jardim Ponta Grossa;-23,535992;-51,449794;2025-03-01 13:20:00.0;0,00
APUCARANA;410140803A;PR;Jardim Ponta Grossa;-23,535992;-51,449794;2025-03-01 14:20:00.0;0,00
APUCARANA;410140803A;PR;Jardim Ponta Grossa;-23,535992;-51,449794;2025-03-01 15:20:00.0;0,00
APUCARANA;410140803A;PR;Jardim Ponta Grossa;-23,535992;-51,449794;2025-03-01 16:20:00.0;0,00
APUCARANA;410140803A;PR;Jardim Ponta Grossa;-23,535992;-51,449794;2025-03-01 17:20:00.0;0,00
APUCARANA;410140803A;PR;Jardim Ponta Grossa;-23,535992;-51,449794;2025-03-01 18:20:00.0;0,00
APUCARANA;410140803A;PR;Jardim Ponta Grossa;-23,535992;-51,449794;2025-03-01 19:20:00.0;0,00
APUCARANA;410140803A;PR;Jardim Ponta Grossa;-23,535992;-51,449794;2025-03-01 20:20:00.0;0,00
APUCARANA;410140803A;PR;Jardim Ponta Grossa;-23,535992;-51,449794;2025-03-01 21:20:00.0;0,00
APUCARANA;410140803A;PR;Jardim Ponta Grossa;-23,535992;-51,449794;2025-03-01 22:20:00.0;0,00
APUCARANA;410140803A;PR;Jardim Ponta Grossa;-23,535992;-51,449794;2025-03-01 23:20:00.0;0,00
APUCARANA;410140803A;PR;Jardim Ponta Grossa;-23,535992;-51,449794;2025-03-02 00:20:00.0;0,00
APUCARANA;410140803A;PR;Jardim Ponta Grossa;-23,535992;-51,449794;2025-03-02 01:20:00.0;0,00
APUCARANA;410140803A;PR;Jardim Ponta Grossa;-23,535992;-51,449794;2025-03-02 02:20:00.0;0,00
APUCARANA;410140803A;PR;Jardim Ponta Grossa;-23,535992;-51,449794;2025-03-02 03:20:00.0;0,00
APUCARANA;410140803A;PR;Jardim Ponta Grossa;-23,535992;-51,449794;2025-03-02 04:20:00.0;0,00
APUCARANA;410140803A;PR;Jardim Ponta Grossa;-23,535992;-51,449794;2025-03-02 05:20:00.0;0,00
APUCARANA;410140803A;PR;Jardim Ponta Grossa;-23,535992;-51,449794;2025-03-02 06:20:00.0;0,00
APUCARANA;410140803A;PR;Jardim Ponta Grossa;-23,535992;-51,449794;2025-03-02 07:20:00.0;0,00
APUCARANA;410140803A;PR;Jardim Ponta Grossa;-23,535992;-51,449794;2025-03-02 08:20:00.0;0,00
APUCARANA;410140803A;PR;Jardim Ponta Grossa;-23,535992;-51,449794;2025-03-02 09:20:00.0;0,00
APUCARANA;410140803A;PR;Jardim Ponta Grossa;-23,535992;-51,449794;2025-03-02 10:20:00.0;0,00
APUCARANA;410140803A;PR;Jardim Ponta Grossa;-23,535992;-51,449794;2025-03-02 11:20:00.0;0,00
APUCARANA;410140803A;PR;Jardim Ponta Grossa;-23,535992;-51,449794;2025-03-02 12:20:00.0;0,00
APUCARANA;410140803A;PR;Jardim Ponta Grossa;-23,535992;-51,449794;2025-03-02 13:20:00.0;0,00
APUCARANA;410140803A;PR;Jardim Ponta Grossa;-23,535992;-51,449794;2025-03-02 14:20:00.0;0,00
APUCARANA;410140803A;PR;Jardim Ponta Grossa;-23,535992;-51,449794;2025-03-02 15:20:00.0;0,00
APUCARANA;410140803A;PR;Jardim Ponta Grossa;-23,535992;-51,449794;2025-03-02 16:20:00.0;0,00
APUCARANA;410140803A;PR;Jardim Ponta Grossa;-23,535992;-51,449794;2025-03-02 17:20:00.0;0,00
APUCARANA;410140803A;PR;Jardim Ponta Grossa;-23,535992;-51,449794;2025-03-02 18:20:00.0;0,00
APUCARANA;410140803A;PR;Jardim Ponta Grossa;-23,535992;-51,449794;2025-03-02 19:20:00.0;0,00
APUCARANA;410140803A;PR;Jardim Ponta Grossa;-23,535992;-51,449794;2025-03-02 20:20:00.0;0,00
APUCARANA;410140803A;PR;Jardim Ponta Grossa;-23,535992;-51,449794;2025-03-02 21:20:00.0;0,00
APUCARANA;410140803A;PR;Jardim Ponta Grossa;-23,535992;-51,449794;2025-03-02 22:20:00.0;0,00
APUCARANA;410140803A;PR;Jardim Ponta Grossa;-23,535992;-51,449794;2025-03-02 23:20:00.0;0,00
APUCARANA;410140803A;PR;Jardim Ponta Grossa;-23,535992;-51,449794;2025-03-03 00:20:00.0;0,00
APUCARANA;410140803A;PR;Jardim Ponta Grossa;-23,535992;-51,449794;2025-03-03 01:20:00.0;0,00
APUCARANA;410140803A;PR;Jardim Ponta Grossa;-23,535992;-51,449794;2025-03-03 02:20:00.0;0,00
APUCARANA;410140803A;PR;Jardim Ponta Grossa;-23,535992;-51,449794;2025-03-03 03:20:00.0;0,00
APUCARANA;410140803A;PR;Jardim Ponta Grossa;-23,535992;-51,449794;2025-03-03 04:20:00.0;0,00
APUCARANA;410140803A;PR;Jardim Ponta Grossa;-23,535992;-51,449794;2025-03-03 05:20:00.0;0,00
APUCARANA;410140803A;PR;Jardim Ponta Grossa;-23,535992;-51,449794;2025-03-03 06:20:00.0;0,00
APUCARANA;410140803A;PR;Jardim Ponta Grossa;-23,535992;-51,449794;2025-03-03 07:20:00.0;0,00
APUCARANA;410140803A;PR;Jardim Ponta Grossa;-23,535992;-51,449794;2025-03-03 08:20:00.0;0,00
APUCARANA;410140803A;PR;Jardim Ponta Grossa;-23,535992;-51,449794;2025-03-03 09:20:00.0;0,00
APUCARANA;410140803A;PR;Jardim Ponta Grossa;-23,535992;-51,449794;2025-03-03 10:20:00.0;0,00
APUCARANA;410140803A;PR;Jardim Ponta Grossa;-23,535992;-51,449794;2025-03-03 11:20:00.0;0,00
APUCARANA;410140803A;PR;Jardim Ponta Grossa;-23,535992;-51,449794;2025-03-03 12:20:00.0;0,00
APUCARANA;410140803A;PR;Jardim Ponta Grossa;-23,535992;-51,449794;2025-03-03 13:20:00.0;0,00
APUCARANA;410140803A;PR;Jardim Ponta Grossa;-23,535992;-51,449794;2025-03-03 14:20:00.0;0,00
APUCARANA;410140803A;PR;Jardim Ponta Grossa;-23,535992;-51,449794;2025-03-03 15:20:00.0;0,00
APUCARANA;410140803A;PR;Jardim Ponta Grossa;-23,535992;-51,449794;2025-03-03 16:20:00.0;0,00
APUCARANA;410140803A;PR;Jardim Ponta Grossa;-23,535992;-51,449794;2025-03-03 17:20:00.0;0,00
APUCARANA;410140803A;PR;Jardim Ponta Grossa;-23,535992;-51,449794;2025-03-03 18:20:00.0;0,00
APUCARANA;410140803A;PR;Jardim Ponta Grossa;-23,535992;-51,449794;2025-03-03 19:20:00.0;0,00
APUCARANA;410140803A;PR;Jardim Ponta Grossa;-23,535992;-51,449794;2025-03-03 20:20:00.0;0,00
APUCARANA;410140803A;PR;Jardim Ponta Grossa;-23,535992;-51,449794;2025-03-03 21:20:00.0;0,00
APUCARANA;410140803A;PR;Jardim Ponta Grossa;-23,535992;-51,449794;2025-03-03 22:20:00.0;0,00
APUCARANA;410140803A;PR;Jardim Ponta Grossa;-23,535992;-51,449794;2025-03-03 23:20:00.0;0,00
APUCARANA;410140803A;PR;Jardim Ponta Grossa;-23,535992;-51,449794;2025-03-04 00:20:00.0;0,00
APUCARANA;410140803A;PR;Jardim Ponta Grossa;-23,535992;-51,449794;2025-03-04 01:20:00.0;0,00
APUCARANA;410140803A;PR;Jardim Ponta Grossa;-23,535992;-51,449794;2025-03-04 02:20:00.0;0,00
APUCARANA;410140803A;PR;Jardim Ponta Grossa;-23,535992;-51,449794;2025-03-04 03:20:00.0;0,00
APUCARANA;410140803A;PR;Jardim Ponta Grossa;-23,535992;-51,449794;2025-03-04 04:20:00.0;0,00
APUCARANA;410140803A;PR;Jardim Ponta Grossa;-23,535992;-51,449794;2025-03-04 05:20:00.0;0,00
APUCARANA;410140803A;PR;Jardim Ponta Grossa;-23,535992;-51,449794;2025-03-04 06:20:00.0;0,00
APUCARANA;410140803A;PR;Jardim Ponta Grossa;-23,535992;-51,449794;2025-03-04 07:20:00.0;0,00
APUCARANA;410140803A;PR;Jardim Ponta Grossa;-23,535992;-51,449794;2025-03-04 08:20:00.0;0,00
APUCARANA;410140803A;PR;Jardim Ponta Grossa;-23,535992;-51,449794;2025-03-04 09:20:00.0;0,00
APUCARANA;410140803A;PR;Jardim Ponta Grossa;-23,535992;-51,449794;2025-03-04 10:20:00.0;0,00
APUCARANA;410140803A;PR;Jardim Ponta Grossa;-23,535992;-51,449794;2025-03-04 11:20:00.0;0,00
APUCARANA;410140803A;PR;Jardim Ponta Grossa;-23,535992;-51,449794;2025-03-04 12:20:00.0;0,00
APUCARANA;410140803A;PR;Jardim Ponta Grossa;-23,535992;-51,449794;2025-03-04 13:20:00.0;0,00
APUCARANA;410140803A;PR;Jardim Ponta Grossa;-23,535992;-51,449794;2025-03-04 14:20:00.0;0,00
APUCARANA;410140803A;PR;Jardim Ponta Grossa;-23,535992;-51,449794;2025-03-04 15:20:00.0;0,00
APUCARANA;410140803A;PR;Jardim Ponta Grossa;-23,535992;-51,449794;2025-03-04 16:20:00.0;0,00
APUCARANA;410140803A;PR;Jardim Ponta Grossa;-23,535992;-51,449794;2025-03-04 17:20:00.0;0,00
APUCARANA;410140803A;PR;Jardim Ponta Grossa;-23,535992;-51,449794;2025-03-04 18:20:00.0;0,00
APUCARANA;410140803A;PR;Jardim Ponta Grossa;-23,535992;-51,449794;2025-03-04 19:20:00.0;0,00
APUCARANA;410140803A;PR;Jardim Ponta Grossa;-23,535992;-51,449794;2025-03-04 20:20:00.0;0,00
APUCARANA;410140803A;PR;Jardim Ponta Grossa;-23,535992;-51,449794;2025-03-04 21:20:00.0;0,00
APUCARANA;410140803A;PR;Jardim Ponta Grossa;-23,535992;-51,449794;2025-03-04 22:20:00.0;0,00
APUCARANA;410140803A;PR;Jardim Ponta Grossa;-23,535992;-51,449794;2025-03-04 23:20:00.0;0,00
APUCARANA;410140803A;PR;Jardim Ponta Grossa;-23,535992;-51,449794;2025-03-05 00:20:00.0;0,00
APUCARANA;410140803A;PR;Jardim Ponta Grossa;-23,535992;-51,449794;2025-03-05 01:20:00.0;0,00
APUCARANA;410140803A;PR;Jardim Ponta Grossa;-23,535992;-51,449794;2025-03-05 02:20:00.0;0,00
APUCARANA;410140803A;PR;Jardim Ponta Grossa;-23,535992;-51,449794;2025-03-05 03:20:00.0;0,00
APUCARANA;410140803A;PR;Jardim Ponta Grossa;-23,535992;-51,449794;2025-03-05 04:20:00.0;0,00
APUCARANA;410140803A;PR;Jardim Ponta Grossa;-23,535992;-51,449794;2025-03-05 05:20:00.0;0,00
APUCARANA;410140803A;PR;Jardim Ponta Grossa;-23,535992;-51,449794;2025-03-05 06:20:00.0;0,00
APUCARANA;410140803A;PR;Jardim Ponta Grossa;-23,535992;-51,449794;2025-03-05 07:20:00.0;0,00
APUCARANA;410140803A;PR;Jardim Ponta Grossa;-23,535992;-51,449794;2025-03-05 08:20:00.0;0,00
APUCARANA;410140803A;PR;Jardim Ponta Grossa;-23,535992;-51,449794;2025-03-05 09:20:00.0;0,00
APUCARANA;410140803A;PR;Jardim Ponta Grossa;-23,535992;-51,449794;2025-03-05 10:20:00.0;0,00
APUCARANA;410140803A;PR;Jardim Ponta Grossa;-23,535992;-51,449794;2025-03-05 11:20:00.0;0,00
APUCARANA;410140803A;PR;Jardim Ponta Grossa;-23,535992;-51,449794;2025-03-05 12:20:00.0;0,00
APUCARANA;410140803A;PR;Jardim Ponta Grossa;-23,535992;-51,449794;2025-03-05 13:20:00.0;0,00
APUCARANA;410140803A;PR;Jardim Ponta Grossa;-23,535992;-51,449794;2025-03-05 14:20:00.0;0,00
APUCARANA;410140803A;PR;Jardim Ponta Grossa;-23,535992;-51,449794;2025-03-05 15:20:00.0;0,00
APUCARANA;410140803A;PR;Jardim Ponta Grossa;-23,535992;-51,449794;2025-03-05 16:20:00.0;0,00
APUCARANA;410140803A;PR;Jardim Ponta Grossa;-23,535992;-51,449794;2025-03-05 17:20:00.0;0,00
APUCARANA;410140803A;PR;Jardim Ponta Grossa;-23,535992;-51,449794;2025-03-05 18:20:00.0;0,00
APUCARANA;410140803A;PR;Jardim Ponta Grossa;-23,535992;-51,449794;2025-03-05 19:20:00.0;0,00
APUCARANA;410140803A;PR;Jardim Ponta Grossa;-23,535992;-51,449794;2025-03-05 20:20:00.0;0,00
APUCARANA;410140803A;PR;Jardim Ponta Grossa;-23,535992;-51,449794;2025-03-05 21:20:00.0;0,00
APUCARANA;410140803A;PR;Jardim Ponta Grossa;-23,535992;-51,449794;2025-03-05 22:20:00.0;0,00
APUCARANA;410140803A;PR;Jardim Ponta Grossa;-23,535992;-51,449794;2025-03-05 23:20:00.0;0,00
APUCARANA;410140803A;PR;Jardim Ponta Grossa;-23,535992;-51,449794;2025-03-06 00:20:00.0;0,00
APUCARANA;410140803A;PR;Jardim Ponta Grossa;-23,535992;-51,449794;2025-03-06 01:20:00.0;0,00
APUCARANA;410140803A;PR;Jardim Ponta Grossa;-23,535992;-51,449794;2025-03-06 02:20:00.0;0,00
APUCARANA;410140803A;PR;Jardim Ponta Grossa;-23,535992;-51,449794;2025-03-06 03:20:00.0;0,00
APUCARANA;410140803A;PR;Jardim Ponta Grossa;-23,535992;-51,449794;2025-03-06 04:20:00.0;0,00
APUCARANA;410140803A;PR;Jardim Ponta Grossa;-23,535992;-51,449794;2025-03-06 05:20:00.0;0,00
APUCARANA;410140803A;PR;Jardim Ponta Grossa;-23,535992;-51,449794;2025-03-06 06:20:00.0;0,00
APUCARANA;410140803A;PR;Jardim Ponta Grossa;-23,535992;-51,449794;2025-03-06 07:20:00.0;0,00
APUCARANA;410140803A;PR;Jardim Ponta Grossa;-23,535992;-51,449794;2025-03-06 08:20:00.0;0,00
APUCARANA;410140803A;PR;Jardim Ponta Grossa;-23,535992;-51,449794;2025-03-06 09:20:00.0;0,00
APUCARANA;410140803A;PR;Jardim Ponta Grossa;-23,535992;-51,449794;2025-03-06 10:20:00.0;0,00
APUCARANA;410140803A;PR;Jardim Ponta Grossa;-23,535992;-51,449794;2025-03-06 11:20:00.0;0,00
APUCARANA;410140803A;PR;Jardim Ponta Grossa;-23,535992;-51,449794;2025-03-06 12:20:00.0;0,00
APUCARANA;410140803A;PR;Jardim Ponta Grossa;-23,535992;-51,449794;2025-03-06 13:20:00.0;0,00
APUCARANA;410140803A;PR;Jardim Ponta Grossa;-23,535992;-51,449794;2025-03-06 14:20:00.0;0,00
APUCARANA;410140803A;PR;Jardim Ponta Grossa;-23,535992;-51,449794;2025-03-06 15:20:00.0;0,00
APUCARANA;410140803A;PR;Jardim Ponta Grossa;-23,535992;-51,449794;2025-03-06 16:20:00.0;0,00
APUCARANA;410140803A;PR;Jardim Ponta Grossa;-23,535992;-51,449794;2025-03-06 17:20:00.0;0,00
APUCARANA;410140803A;PR;Jardim Ponta Grossa;-23,535992;-51,449794;2025-03-06 18:20:00.0;0,00
APUCARANA;410140803A;PR;Jardim Ponta Grossa;-23,535992;-51,449794;2025-03-06 19:20:00.0;0,00
APUCARANA;410140803A;PR;Jardim Ponta Grossa;-23,535992;-51,449794;2025-03-06 20:20:00.0;0,00
APUCARANA;410140803A;PR;Jardim Ponta Grossa;-23,535992;-51,449794;2025-03-06 21:20:00.0;0,00
APUCARANA;410140803A;PR;Jardim Ponta Grossa;-23,535992;-51,449794;2025-03-06 22:20:00.0;0,00
APUCARANA;410140803A;PR;Jardim Ponta Grossa;-23,535992;-51,449794;2025-03-06 23:20:00.0;0,00
APUCARANA;410140803A;PR;Jardim Ponta Grossa;-23,535992;-51,449794;2025-03-07 00:20:00.0;0,00
APUCARANA;410140803A;PR;Jardim Ponta Grossa;-23,535992;-51,449794;2025-03-07 01:20:00.0;0,00
APUCARANA;410140803A;PR;Jardim Ponta Grossa;-23,535992;-51,449794;2025-03-07 02:20:00.0;0,00
APUCARANA;410140803A;PR;Jardim Ponta Grossa;-23,535992;-51,449794;2025-03-07 03:20:00.0;0,00
APUCARANA;410140803A;PR;Jardim Ponta Grossa;-23,535992;-51,449794;2025-03-07 04:20:00.0;0,00
APUCARANA;410140803A;PR;Jardim Ponta Grossa;-23,535992;-51,449794;2025-03-07 05:20:00.0;0,00
APUCARANA;410140803A;PR;Jardim Ponta Grossa;-23,535992;-51,449794;2025-03-07 06:20:00.0;0,00
APUCARANA;410140803A;PR;Jardim Ponta Grossa;-23,535992;-51,449794;2025-03-07 07:20:00.0;0,00
APUCARANA;410140803A;PR;Jardim Ponta Grossa;-23,535992;-51,449794;2025-03-07 08:20:00.0;0,00
APUCARANA;410140803A;PR;Jardim Ponta Grossa;-23,535992;-51,449794;2025-03-07 09:20:00.0;0,00
APUCARANA;410140803A;PR;Jardim Ponta Grossa;-23,535992;-51,449794;2025-03-07 10:20:00.0;0,00
APUCARANA;410140803A;PR;Jardim Ponta Grossa;-23,535992;-51,449794;2025-03-07 11:20:00.0;0,00
APUCARANA;410140803A;PR;Jardim Ponta Grossa;-23,535992;-51,449794;2025-03-07 12:20:00.0;0,00
APUCARANA;410140803A;PR;Jardim Ponta Grossa;-23,535992;-51,449794;2025-03-07 13:20:00.0;0,00
APUCARANA;410140803A;PR;Jardim Ponta Grossa;-23,535992;-51,449794;2025-03-07 14:20:00.0;0,00
APUCARANA;410140803A;PR;Jardim Ponta Grossa;-23,535992;-51,449794;2025-03-07 15:20:00.0;0,00
APUCARANA;410140803A;PR;Jardim Ponta Grossa;-23,535992;-51,449794;2025-03-07 16:20:00.0;0,00
APUCARANA;410140803A;PR;Jardim Ponta Grossa;-23,535992;-51,449794;2025-03-07 17:20:00.0;0,00
APUCARANA;410140803A;PR;Jardim Ponta Grossa;-23,535992;-51,449794;2025-03-07 18:20:00.0;0,00
APUCARANA;410140803A;PR;Jardim Ponta Grossa;-23,535992;-51,449794;2025-03-07 19:20:00.0;0,00
APUCARANA;410140803A;PR;Jardim Ponta Grossa;-23,535992;-51,449794;2025-03-07 20:20:00.0;0,00
APUCARANA;410140803A;PR;Jardim Ponta Grossa;-23,535992;-51,449794;2025-03-07 21:20:00.0;0,00
APUCARANA;410140803A;PR;Jardim Ponta Grossa;-23,535992;-51,449794;2025-03-07 22:20:00.0;0,00
APUCARANA;410140803A;PR;Jardim Ponta Grossa;-23,535992;-51,449794;2025-03-07 23:20:00.0;0,00
APUCARANA;410140803A;PR;Jardim Ponta Grossa;-23,535992;-51,449794;2025-03-08 00:20:00.0;0,00
APUCARANA;410140803A;PR;Jardim Ponta Grossa;-23,535992;-51,449794;2025-03-08 01:20:00.0;0,00
APUCARANA;410140803A;PR;Jardim Ponta Grossa;-23,535992;-51,449794;2025-03-08 02:20:00.0;0,00
APUCARANA;410140803A;PR;Jardim Ponta Grossa;-23,535992;-51,449794;2025-03-08 03:20:00.0;0,00
APUCARANA;410140803A;PR;Jardim Ponta Grossa;-23,535992;-51,449794;2025-03-08 04:20:00.0;0,00
APUCARANA;410140803A;PR;Jardim Ponta Grossa;-23,535992;-51,449794;2025-03-08 05:20:00.0;0,00
APUCARANA;410140803A;PR;Jardim Ponta Grossa;-23,535992;-51,449794;2025-03-08 06:20:00.0;0,00
APUCARANA;410140803A;PR;Jardim Ponta Grossa;-23,535992;-51,449794;2025-03-08 07:20:00.0;0,00
APUCARANA;410140803A;PR;Jardim Ponta Grossa;-23,535992;-51,449794;2025-03-08 08:20:00.0;0,00
APUCARANA;410140803A;PR;Jardim Ponta Grossa;-23,535992;-51,449794;2025-03-08 09:20:00.0;0,00
APUCARANA;410140803A;PR;Jardim Ponta Grossa;-23,535992;-51,449794;2025-03-08 10:20:00.0;0,00
APUCARANA;410140803A;PR;Jardim Ponta Grossa;-23,535992;-51,449794;2025-03-08 11:20:00.0;0,00
APUCARANA;410140803A;PR;Jardim Ponta Grossa;-23,535992;-51,449794;2025-03-08 12:20:00.0;0,00
APUCARANA;410140803A;PR;Jardim Ponta Grossa;-23,535992;-51,449794;2025-03-08 13:20:00.0;0,00
APUCARANA;410140803A;PR;Jardim Ponta Grossa;-23,535992;-51,449794;2025-03-08 14:20:00.0;0,00
APUCARANA;410140803A;PR;Jardim Ponta Grossa;-23,535992;-51,449794;2025-03-08 15:20:00.0;0,00
APUCARANA;410140803A;PR;Jardim Ponta Grossa;-23,535992;-51,449794;2025-03-08 16:20:00.0;0,00
APUCARANA;410140803A;PR;Jardim Ponta Grossa;-23,535992;-51,449794;2025-03-08 17:20:00.0;0,00
APUCARANA;410140803A;PR;Jardim Ponta Grossa;-23,535992;-51,449794;2025-03-08 18:20:00.0;0,00
APUCARANA;410140803A;PR;Jardim Ponta Grossa;-23,535992;-51,449794;2025-03-08 19:20:00.0;0,00
APUCARANA;410140803A;PR;Jardim Ponta Grossa;-23,535992;-51,449794;2025-03-08 20:20:00.0;0,00
APUCARANA;410140803A;PR;Jardim Ponta Grossa;-23,535992;-51,449794;2025-03-08 21:20:00.0;0,00
APUCARANA;410140803A;PR;Jardim Ponta Grossa;-23,535992;-51,449794;2025-03-08 22:20:00.0;0,00
APUCARANA;410140803A;PR;Jardim Ponta Grossa;-23,535992;-51,449794;2025-03-08 23:20:00.0;0,00
APUCARANA;410140803A;PR;Jardim Ponta Grossa;-23,535992;-51,449794;2025-03-09 00:20:00.0;0,00
APUCARANA;410140803A;PR;Jardim Ponta Grossa;-23,535992;-51,449794;2025-03-09 01:20:00.0;0,00
APUCARANA;410140803A;PR;Jardim Ponta Grossa;-23,535992;-51,449794;2025-03-09 02:20:00.0;0,00
APUCARANA;410140803A;PR;Jardim Ponta Grossa;-23,535992;-51,449794;2025-03-09 03:20:00.0;0,00
APUCARANA;410140803A;PR;Jardim Ponta Grossa;-23,535992;-51,449794;2025-03-09 04:20:00.0;0,00
APUCARANA;410140803A;PR;Jardim Ponta Grossa;-23,535992;-51,449794;2025-03-09 05:20:00.0;0,00
APUCARANA;410140803A;PR;Jardim Ponta Grossa;-23,535992;-51,449794;2025-03-09 06:20:00.0;0,00
APUCARANA;410140803A;PR;Jardim Ponta Grossa;-23,535992;-51,449794;2025-03-09 07:20:00.0;0,00
APUCARANA;410140803A;PR;Jardim Ponta Grossa;-23,535992;-51,449794;2025-03-09 08:20:00.0;0,00
APUCARANA;410140803A;PR;Jardim Ponta Grossa;-23,535992;-51,449794;2025-03-09 09:20:00.0;0,00
APUCARANA;410140803A;PR;Jardim Ponta Grossa;-23,535992;-51,449794;2025-03-09 10:20:00.0;0,00
APUCARANA;410140803A;PR;Jardim Ponta Grossa;-23,535992;-51,449794;2025-03-09 11:20:00.0;0,00
APUCARANA;410140803A;PR;Jardim Ponta Grossa;-23,535992;-51,449794;2025-03-09 12:20:00.0;0,00
APUCARANA;410140803A;PR;Jardim Ponta Grossa;-23,535992;-51,449794;2025-03-09 13:20:00.0;0,00
APUCARANA;410140803A;PR;Jardim Ponta Grossa;-23,535992;-51,449794;2025-03-09 14:20:00.0;0,00
APUCARANA;410140803A;PR;Jardim Ponta Grossa;-23,535992;-51,449794;2025-03-09 15:20:00.0;0,00
APUCARANA;410140803A;PR;Jardim Ponta Grossa;-23,535992;-51,449794;2025-03-09 16:20:00.0;0,00
APUCARANA;410140803A;PR;Jardim Ponta Grossa;-23,535992;-51,449794;2025-03-09 17:20:00.0;0,00
APUCARANA;410140803A;PR;Jardim Ponta Grossa;-23,535992;-51,449794;2025-03-09 18:20:00.0;0,00
APUCARANA;410140803A;PR;Jardim Ponta Grossa;-23,535992;-51,449794;2025-03-09 19:20:00.0;0,00
APUCARANA;410140803A;PR;Jardim Ponta Grossa;-23,535992;-51,449794;2025-03-09 20:20:00.0;0,00
APUCARANA;410140803A;PR;Jardim Ponta Grossa;-23,535992;-51,449794;2025-03-09 21:20:00.0;0,00
APUCARANA;410140803A;PR;Jardim Ponta Grossa;-23,535992;-51,449794;2025-03-09 22:20:00.0;0,00
APUCARANA;410140803A;PR;Jardim Ponta Grossa;-23,535992;-51,449794;2025-03-09 23:20:00.0;0,00
APUCARANA;410140803A;PR;Jardim Ponta Grossa;-23,535992;-51,449794;2025-03-10 00:20:00.0;0,00
APUCARANA;410140803A;PR;Jardim Ponta Grossa;-23,535992;-51,449794;2025-03-10 01:20:00.0;0,00
APUCARANA;410140803A;PR;Jardim Ponta Grossa;-23,535992;-51,449794;2025-03-10 02:20:00.0;0,00
APUCARANA;410140803A;PR;Jardim Ponta Grossa;-23,535992;-51,449794;2025-03-10 03:20:00.0;0,00
APUCARANA;410140803A;PR;Jardim Ponta Grossa;-23,535992;-51,449794;2025-03-10 04:20:00.0;0,00
APUCARANA;410140803A;PR;Jardim Ponta Grossa;-23,535992;-51,449794;2025-03-10 05:20:00.0;0,00
APUCARANA;410140803A;PR;Jardim Ponta Grossa;-23,535992;-51,449794;2025-03-10 06:20:00.0;0,00
APUCARANA;410140803A;PR;Jardim Ponta Grossa;-23,535992;-51,449794;2025-03-10 07:20:00.0;0,00
APUCARANA;410140803A;PR;Jardim Ponta Grossa;-23,535992;-51,449794;2025-03-10 08:20:00.0;0,00
APUCARANA;410140803A;PR;Jardim Ponta Grossa;-23,535992;-51,449794;2025-03-10 09:20:00.0;0,00
APUCARANA;410140803A;PR;Jardim Ponta Grossa;-23,535992;-51,449794;2025-03-10 10:20:00.0;0,00
APUCARANA;410140803A;PR;Jardim Ponta Grossa;-23,535992;-51,449794;2025-03-10 11:20:00.0;0,00
APUCARANA;410140803A;PR;Jardim Ponta Grossa;-23,535992;-51,449794;2025-03-10 12:20:00.0;0,00
APUCARANA;410140803A;PR;Jardim Ponta Grossa;-23,535992;-51,449794;2025-03-10 13:20:00.0;0,00
APUCARANA;410140803A;PR;Jardim Ponta Grossa;-23,535992;-51,449794;2025-03-10 14:20:00.0;0,00
APUCARANA;410140803A;PR;Jardim Ponta Grossa;-23,535992;-51,449794;2025-03-10 15:20:00.0;0,00
APUCARANA;410140803A;PR;Jardim Ponta Grossa;-23,535992;-51,449794;2025-03-10 16:20:00.0;0,00
APUCARANA;410140803A;PR;Jardim Ponta Grossa;-23,535992;-51,449794;2025-03-10 17:20:00.0;0,00
APUCARANA;410140803A;PR;Jardim Ponta Grossa;-23,535992;-51,449794;2025-03-10 18:20:00.0;0,00
APUCARANA;410140803A;PR;Jardim Ponta Grossa;-23,535992;-51,449794;2025-03-10 19:20:00.0;0,00
APUCARANA;410140803A;PR;Jardim Ponta Grossa;-23,535992;-51,449794;2025-03-10 20:20:00.0;0,00
APUCARANA;410140803A;PR;Jardim Ponta Grossa;-23,535992;-51,449794;2025-03-10 21:20:00.0;0,20
APUCARANA;410140803A;PR;Jardim Ponta Grossa;-23,535992;-51,449794;2025-03-10 21:40:00.0;0,20
APUCARANA;410140803A;PR;Jardim Ponta Grossa;-23,535992;-51,449794;2025-03-10 22:20:00.0;0,00
APUCARANA;410140803A;PR;Jardim Ponta Grossa;-23,535992;-51,449794;2025-03-10 23:20:00.0;0,00
APUCARANA;410140803A;PR;Jardim Ponta Grossa;-23,535992;-51,449794;2025-03-11 00:20:00.0;0,00
APUCARANA;410140803A;PR;Jardim Ponta Grossa;-23,535992;-51,449794;2025-03-11 01:20:00.0;0,00
APUCARANA;410140803A;PR;Jardim Ponta Grossa;-23,535992;-51,449794;2025-03-11 02:20:00.0;0,00
APUCARANA;410140803A;PR;Jardim Ponta Grossa;-23,535992;-51,449794;2025-03-11 03:20:00.0;3,00
APUCARANA;410140803A;PR;Jardim Ponta Grossa;-23,535992;-51,449794;2025-03-11 03:30:00.0;2,00
APUCARANA;410140803A;PR;Jardim Ponta Grossa;-23,535992;-51,449794;2025-03-11 04:20:00.0;0,20
APUCARANA;410140803A;PR;Jardim Ponta Grossa;-23,535992;-51,449794;2025-03-11 04:30:00.0;0,20
APUCARANA;410140803A;PR;Jardim Ponta Grossa;-23,535992;-51,449794;2025-03-11 04:40:00.0;0,20
APUCARANA;410140803A;PR;Jardim Ponta Grossa;-23,535992;-51,449794;2025-03-11 05:20:00.0;0,00
APUCARANA;410140803A;PR;Jardim Ponta Grossa;-23,535992;-51,449794;2025-03-11 06:10:00.0;0,20
APUCARANA;410140803A;PR;Jardim Ponta Grossa;-23,535992;-51,449794;2025-03-11 06:20:00.0;0,00
APUCARANA;410140803A;PR;Jardim Ponta Grossa;-23,535992;-51,449794;2025-03-11 07:20:00.0;0,00
APUCARANA;410140803A;PR;Jardim Ponta Grossa;-23,535992;-51,449794;2025-03-11 08:20:00.0;0,00
APUCARANA;410140803A;PR;Jardim Ponta Grossa;-23,535992;-51,449794;2025-03-11 09:20:00.0;0,00
APUCARANA;410140803A;PR;Jardim Ponta Grossa;-23,535992;-51,449794;2025-03-11 10:20:00.0;0,00
APUCARANA;410140803A;PR;Jardim Ponta Grossa;-23,535992;-51,449794;2025-03-11 11:20:00.0;0,00
APUCARANA;410140803A;PR;Jardim Ponta Grossa;-23,535992;-51,449794;2025-03-11 12:20:00.0;0,20
APUCARANA;410140803A;PR;Jardim Ponta Grossa;-23,535992;-51,449794;2025-03-11 13:20:00.0;0,00
APUCARANA;410140803A;PR;Jardim Ponta Grossa;-23,535992;-51,449794;2025-03-11 14:20:00.0;0,00
APUCARANA;410140803A;PR;Jardim Ponta Grossa;-23,535992;-51,449794;2025-03-11 15:20:00.0;0,00
APUCARANA;410140803A;PR;Jardim Ponta Grossa;-23,535992;-51,449794;2025-03-11 16:20:00.0;0,00
APUCARANA;410140803A;PR;Jardim Ponta Grossa;-23,535992;-51,449794;2025-03-11 17:20:00.0;0,00
APUCARANA;410140803A;PR;Jardim Ponta Grossa;-23,535992;-51,449794;2025-03-11 18:20:00.0;0,00
APUCARANA;410140803A;PR;Jardim Ponta Grossa;-23,535992;-51,449794;2025-03-11 19:20:00.0;0,00
APUCARANA;410140803A;PR;Jardim Ponta Grossa;-23,535992;-51,449794;2025-03-11 20:20:00.0;0,00
APUCARANA;410140803A;PR;Jardim Ponta Grossa;-23,535992;-51,449794;2025-03-11 21:20:00.0;0,00
APUCARANA;410140803A;PR;Jardim Ponta Grossa;-23,535992;-51,449794;2025-03-11 22:20:00.0;0,00
APUCARANA;410140803A;PR;Jardim Ponta Grossa;-23,535992;-51,449794;2025-03-11 23:20:00.0;0,00
APUCARANA;410140803A;PR;Jardim Ponta Grossa;-23,535992;-51,449794;2025-03-12 00:20:00.0;0,00
APUCARANA;410140803A;PR;Jardim Ponta Grossa;-23,535992;-51,449794;2025-03-12 01:20:00.0;0,00
APUCARANA;410140803A;PR;Jardim Ponta Grossa;-23,535992;-51,449794;2025-03-12 02:20:00.0;0,00
APUCARANA;410140803A;PR;Jardim Ponta Grossa;-23,535992;-51,449794;2025-03-12 03:20:00.0;0,00
APUCARANA;410140803A;PR;Jardim Ponta Grossa;-23,535992;-51,449794;2025-03-12 04:20:00.0;0,00
APUCARANA;410140803A;PR;Jardim Ponta Grossa;-23,535992;-51,449794;2025-03-12 05:20:00.0;0,00
APUCARANA;410140803A;PR;Jardim Ponta Grossa;-23,535992;-51,449794;2025-03-12 06:20:00.0;0,00
APUCARANA;410140803A;PR;Jardim Ponta Grossa;-23,535992;-51,449794;2025-03-12 07:20:00.0;0,00
APUCARANA;410140803A;PR;Jardim Ponta Grossa;-23,535992;-51,449794;2025-03-12 07:40:00.0;0,40
APUCARANA;410140803A;PR;Jardim Ponta Grossa;-23,535992;-51,449794;2025-03-12 07:50:00.0;0,20
APUCARANA;410140803A;PR;Jardim Ponta Grossa;-23,535992;-51,449794;2025-03-12 08:00:00.0;0,40
APUCARANA;410140803A;PR;Jardim Ponta Grossa;-23,535992;-51,449794;2025-03-12 08:10:00.0;0,60
APUCARANA;410140803A;PR;Jardim Ponta Grossa;-23,535992;-51,449794;2025-03-12 08:20:00.0;0,20
APUCARANA;410140803A;PR;Jardim Ponta Grossa;-23,535992;-51,449794;2025-03-12 09:20:00.0;0,00
APUCARANA;410140803A;PR;Jardim Ponta Grossa;-23,535992;-51,449794;2025-03-12 10:20:00.0;0,00
APUCARANA;410140803A;PR;Jardim Ponta Grossa;-23,535992;-51,449794;2025-03-12 11:20:00.0;0,00
APUCARANA;410140803A;PR;Jardim Ponta Grossa;-23,535992;-51,449794;2025-03-12 12:20:00.0;0,00
APUCARANA;410140803A;PR;Jardim Ponta Grossa;-23,535992;-51,449794;2025-03-12 13:20:00.0;0,00
APUCARANA;410140803A;PR;Jardim Ponta Grossa;-23,535992;-51,449794;2025-03-12 14:20:00.0;0,00
APUCARANA;410140803A;PR;Jardim Ponta Grossa;-23,535992;-51,449794;2025-03-12 15:20:00.0;0,00
APUCARANA;410140803A;PR;Jardim Ponta Grossa;-23,535992;-51,449794;2025-03-12 16:20:00.0;0,00
APUCARANA;410140803A;PR;Jardim Ponta Grossa;-23,535992;-51,449794;2025-03-12 17:20:00.0;0,00
APUCARANA;410140803A;PR;Jardim Ponta Grossa;-23,535992;-51,449794;2025-03-12 18:20:00.0;0,00
APUCARANA;410140803A;PR;Jardim Ponta Grossa;-23,535992;-51,449794;2025-03-12 19:20:00.0;0,00
APUCARANA;410140803A;PR;Jardim Ponta Grossa;-23,535992;-51,449794;2025-03-12 20:20:00.0;0,00
APUCARANA;410140803A;PR;Jardim Ponta Grossa;-23,535992;-51,449794;2025-03-12 21:20:00.0;0,00
APUCARANA;410140803A;PR;Jardim Ponta Grossa;-23,535992;-51,449794;2025-03-12 22:20:00.0;0,00
APUCARANA;410140803A;PR;Jardim Ponta Grossa;-23,535992;-51,449794;2025-03-12 23:20:00.0;0,00
APUCARANA;410140803A;PR;Jardim Ponta Grossa;-23,535992;-51,449794;2025-03-13 00:20:00.0;0,00
APUCARANA;410140803A;PR;Jardim Ponta Grossa;-23,535992;-51,449794;2025-03-13 01:20:00.0;0,00
APUCARANA;410140803A;PR;Jardim Ponta Grossa;-23,535992;-51,449794;2025-03-13 02:20:00.0;0,00
APUCARANA;410140803A;PR;Jardim Ponta Grossa;-23,535992;-51,449794;2025-03-13 03:20:00.0;0,00
APUCARANA;410140803A;PR;Jardim Ponta Grossa;-23,535992;-51,449794;2025-03-13 04:20:00.0;0,00
APUCARANA;410140803A;PR;Jardim Ponta Grossa;-23,535992;-51,449794;2025-03-13 05:20:00.0;0,00
APUCARANA;410140803A;PR;Jardim Ponta Grossa;-23,535992;-51,449794;2025-03-13 06:20:00.0;0,00
APUCARANA;410140803A;PR;Jardim Ponta Grossa;-23,535992;-51,449794;2025-03-13 06:30:00.0;0,20
APUCARANA;410140803A;PR;Jardim Ponta Grossa;-23,535992;-51,449794;2025-03-13 07:00:00.0;0,20
APUCARANA;410140803A;PR;Jardim Ponta Grossa;-23,535992;-51,449794;2025-03-13 07:20:00.0;0,00
APUCARANA;410140803A;PR;Jardim Ponta Grossa;-23,535992;-51,449794;2025-03-13 08:20:00.0;0,00
APUCARANA;410140803A;PR;Jardim Ponta Grossa;-23,535992;-51,449794;2025-03-13 09:20:00.0;0,00
APUCARANA;410140803A;PR;Jardim Ponta Grossa;-23,535992;-51,449794;2025-03-13 10:20:00.0;0,00
APUCARANA;410140803A;PR;Jardim Ponta Grossa;-23,535992;-51,449794;2025-03-13 11:20:00.0;0,00
APUCARANA;410140803A;PR;Jardim Ponta Grossa;-23,535992;-51,449794;2025-03-13 12:20:00.0;0,00
APUCARANA;410140803A;PR;Jardim Ponta Grossa;-23,535992;-51,449794;2025-03-13 13:20:00.0;0,00
APUCARANA;410140803A;PR;Jardim Ponta Grossa;-23,535992;-51,449794;2025-03-13 14:20:00.0;0,00
APUCARANA;410140803A;PR;Jardim Ponta Grossa;-23,535992;-51,449794;2025-03-13 15:20:00.0;0,00
APUCARANA;410140803A;PR;Jardim Ponta Grossa;-23,535992;-51,449794;2025-03-13 16:20:00.0;0,00
APUCARANA;410140803A;PR;Jardim Ponta Grossa;-23,535992;-51,449794;2025-03-13 17:20:00.0;0,00
APUCARANA;410140803A;PR;Jardim Ponta Grossa;-23,535992;-51,449794;2025-03-13 18:20:00.0;0,00
APUCARANA;410140803A;PR;Jardim Ponta Grossa;-23,535992;-51,449794;2025-03-13 19:20:00.0;0,00
APUCARANA;410140803A;PR;Jardim Ponta Grossa;-23,535992;-51,449794;2025-03-13 20:20:00.0;0,00
APUCARANA;410140803A;PR;Jardim Ponta Grossa;-23,535992;-51,449794;2025-03-13 21:20:00.0;0,00
APUCARANA;410140803A;PR;Jardim Ponta Grossa;-23,535992;-51,449794;2025-03-13 22:20:00.0;0,00
APUCARANA;410140803A;PR;Jardim Ponta Grossa;-23,535992;-51,449794;2025-03-13 23:20:00.0;0,00
APUCARANA;410140803A;PR;Jardim Ponta Grossa;-23,535992;-51,449794;2025-03-14 00:20:00.0;0,00
APUCARANA;410140803A;PR;Jardim Ponta Grossa;-23,535992;-51,449794;2025-03-14 01:20:00.0;0,00
APUCARANA;410140803A;PR;Jardim Ponta Grossa;-23,535992;-51,449794;2025-03-14 02:20:00.0;0,00
APUCARANA;410140803A;PR;Jardim Ponta Grossa;-23,535992;-51,449794;2025-03-14 03:20:00.0;0,00
APUCARANA;410140803A;PR;Jardim Ponta Grossa;-23,535992;-51,449794;2025-03-14 04:20:00.0;0,00
APUCARANA;410140803A;PR;Jardim Ponta Grossa;-23,535992;-51,449794;2025-03-14 05:20:00.0;0,00
APUCARANA;410140803A;PR;Jardim Ponta Grossa;-23,535992;-51,449794;2025-03-14 06:20:00.0;0,00
APUCARANA;410140803A;PR;Jardim Ponta Grossa;-23,535992;-51,449794;2025-03-14 07:20:00.0;0,00
APUCARANA;410140803A;PR;Jardim Ponta Grossa;-23,535992;-51,449794;2025-03-14 08:20:00.0;0,00
APUCARANA;410140803A;PR;Jardim Ponta Grossa;-23,535992;-51,449794;2025-03-14 09:20:00.0;0,00
APUCARANA;410140803A;PR;Jardim Ponta Grossa;-23,535992;-51,449794;2025-03-14 10:20:00.0;0,00
APUCARANA;410140803A;PR;Jardim Ponta Grossa;-23,535992;-51,449794;2025-03-14 11:20:00.0;0,00
APUCARANA;410140803A;PR;Jardim Ponta Grossa;-23,535992;-51,449794;2025-03-14 12:20:00.0;0,00
APUCARANA;410140803A;PR;Jardim Ponta Grossa;-23,535992;-51,449794;2025-03-14 13:20:00.0;0,00
APUCARANA;410140803A;PR;Jardim Ponta Grossa;-23,535992;-51,449794;2025-03-14 14:20:00.0;0,00
APUCARANA;410140803A;PR;Jardim Ponta Grossa;-23,535992;-51,449794;2025-03-14 15:20:00.0;0,00
APUCARANA;410140803A;PR;Jardim Ponta Grossa;-23,535992;-51,449794;2025-03-14 16:20:00.0;0,00
APUCARANA;410140803A;PR;Jardim Ponta Grossa;-23,535992;-51,449794;2025-03-14 17:20:00.0;0,00
APUCARANA;410140803A;PR;Jardim Ponta Grossa;-23,535992;-51,449794;2025-03-14 18:20:00.0;0,00
APUCARANA;410140803A;PR;Jardim Ponta Grossa;-23,535992;-51,449794;2025-03-14 20:20:00.0;0,00
APUCARANA;410140803A;PR;Jardim Ponta Grossa;-23,535992;-51,449794;2025-03-14 21:20:00.0;0,00
APUCARANA;410140803A;PR;Jardim Ponta Grossa;-23,535992;-51,449794;2025-03-14 22:20:00.0;0,00
APUCARANA;410140803A;PR;Jardim Ponta Grossa;-23,535992;-51,449794;2025-03-14 23:20:00.0;0,00
APUCARANA;410140803A;PR;Jardim Ponta Grossa;-23,535992;-51,449794;2025-03-15 00:20:00.0;0,00
APUCARANA;410140803A;PR;Jardim Ponta Grossa;-23,535992;-51,449794;2025-03-15 01:20:00.0;0,00
APUCARANA;410140803A;PR;Jardim Ponta Grossa;-23,535992;-51,449794;2025-03-15 02:20:00.0;0,00
APUCARANA;410140803A;PR;Jardim Ponta Grossa;-23,535992;-51,449794;2025-03-15 03:20:00.0;0,00
APUCARANA;410140803A;PR;Jardim Ponta Grossa;-23,535992;-51,449794;2025-03-15 04:20:00.0;0,00
APUCARANA;410140803A;PR;Jardim Ponta Grossa;-23,535992;-51,449794;2025-03-15 05:20:00.0;0,00
APUCARANA;410140803A;PR;Jardim Ponta Grossa;-23,535992;-51,449794;2025-03-15 06:20:00.0;0,00
APUCARANA;410140803A;PR;Jardim Ponta Grossa;-23,535992;-51,449794;2025-03-15 07:20:00.0;0,00
APUCARANA;410140803A;PR;Jardim Ponta Grossa;-23,535992;-51,449794;2025-03-15 08:20:00.0;0,00
APUCARANA;410140803A;PR;Jardim Ponta Grossa;-23,535992;-51,449794;2025-03-15 09:20:00.0;0,00
APUCARANA;410140803A;PR;Jardim Ponta Grossa;-23,535992;-51,449794;2025-03-15 10:20:00.0;0,00
APUCARANA;410140803A;PR;Jardim Ponta Grossa;-23,535992;-51,449794;2025-03-15 11:20:00.0;0,00
APUCARANA;410140803A;PR;Jardim Ponta Grossa;-23,535992;-51,449794;2025-03-15 12:20:00.0;0,00
APUCARANA;410140803A;PR;Jardim Ponta Grossa;-23,535992;-51,449794;2025-03-15 13:20:00.0;0,00
APUCARANA;410140803A;PR;Jardim Ponta Grossa;-23,535992;-51,449794;2025-03-15 14:20:00.0;0,00
APUCARANA;410140803A;PR;Jardim Ponta Grossa;-23,535992;-51,449794;2025-03-15 15:20:00.0;0,00
APUCARANA;410140803A;PR;Jardim Ponta Grossa;-23,535992;-51,449794;2025-03-15 16:20:00.0;0,00
APUCARANA;410140803A;PR;Jardim Ponta Grossa;-23,535992;-51,449794;2025-03-15 17:20:00.0;0,00
APUCARANA;410140803A;PR;Jardim Ponta Grossa;-23,535992;-51,449794;2025-03-15 17:40:00.0;2,80
APUCARANA;410140803A;PR;Jardim Ponta Grossa;-23,535992;-51,449794;2025-03-15 17:50:00.0;6,20
APUCARANA;410140803A;PR;Jardim Ponta Grossa;-23,535992;-51,449794;2025-03-15 18:00:00.0;1,20
APUCARANA;410140803A;PR;Jardim Ponta Grossa;-23,535992;-51,449794;2025-03-15 18:20:00.0;0,00
APUCARANA;410140803A;PR;Jardim Ponta Grossa;-23,535992;-51,449794;2025-03-15 18:50:00.0;0,20
APUCARANA;410140803A;PR;Jardim Ponta Grossa;-23,535992;-51,449794;2025-03-15 19:20:00.0;0,00
APUCARANA;410140803A;PR;Jardim Ponta Grossa;-23,535992;-51,449794;2025-03-15 20:20:00.0;0,00
APUCARANA;410140803A;PR;Jardim Ponta Grossa;-23,535992;-51,449794;2025-03-15 21:20:00.0;0,00
APUCARANA;410140803A;PR;Jardim Ponta Grossa;-23,535992;-51,449794;2025-03-15 22:20:00.0;0,00
APUCARANA;410140803A;PR;Jardim Ponta Grossa;-23,535992;-51,449794;2025-03-15 23:20:00.0;0,00
APUCARANA;410140803A;PR;Jardim Ponta Grossa;-23,535992;-51,449794;2025-03-16 00:20:00.0;0,00
APUCARANA;410140803A;PR;Jardim Ponta Grossa;-23,535992;-51,449794;2025-03-16 01:20:00.0;0,00
APUCARANA;410140803A;PR;Jardim Ponta Grossa;-23,535992;-51,449794;2025-03-16 02:20:00.0;0,00
APUCARANA;410140803A;PR;Jardim Ponta Grossa;-23,535992;-51,449794;2025-03-16 03:20:00.0;0,00
APUCARANA;410140803A;PR;Jardim Ponta Grossa;-23,535992;-51,449794;2025-03-16 04:20:00.0;0,00
APUCARANA;410140803A;PR;Jardim Ponta Grossa;-23,535992;-51,449794;2025-03-16 05:20:00.0;0,00
APUCARANA;410140803A;PR;Jardim Ponta Grossa;-23,535992;-51,449794;2025-03-16 06:20:00.0;0,00
APUCARANA;410140803A;PR;Jardim Ponta Grossa;-23,535992;-51,449794;2025-03-16 07:20:00.0;0,00
APUCARANA;410140803A;PR;Jardim Ponta Grossa;-23,535992;-51,449794;2025-03-16 08:20:00.0;0,00
APUCARANA;410140803A;PR;Jardim Ponta Grossa;-23,535992;-51,449794;2025-03-16 09:20:00.0;0,00
APUCARANA;410140803A;PR;Jardim Ponta Grossa;-23,535992;-51,449794;2025-03-16 10:20:00.0;0,00
APUCARANA;410140803A;PR;Jardim Ponta Grossa;-23,535992;-51,449794;2025-03-16 11:20:00.0;0,00
APUCARANA;410140803A;PR;Jardim Ponta Grossa;-23,535992;-51,449794;2025-03-16 12:20:00.0;0,00
APUCARANA;410140803A;PR;Jardim Ponta Grossa;-23,535992;-51,449794;2025-03-16 13:20:00.0;0,00
APUCARANA;410140803A;PR;Jardim Ponta Grossa;-23,535992;-51,449794;2025-03-16 14:20:00.0;0,00
APUCARANA;410140803A;PR;Jardim Ponta Grossa;-23,535992;-51,449794;2025-03-16 15:20:00.0;0,00
APUCARANA;410140803A;PR;Jardim Ponta Grossa;-23,535992;-51,449794;2025-03-16 16:20:00.0;0,00
APUCARANA;410140803A;PR;Jardim Ponta Grossa;-23,535992;-51,449794;2025-03-16 17:20:00.0;0,00
APUCARANA;410140803A;PR;Jardim Ponta Grossa;-23,535992;-51,449794;2025-03-16 18:20:00.0;0,00
APUCARANA;410140803A;PR;Jardim Ponta Grossa;-23,535992;-51,449794;2025-03-16 19:20:00.0;0,00
APUCARANA;410140803A;PR;Jardim Ponta Grossa;-23,535992;-51,449794;2025-03-16 20:20:00.0;0,00
APUCARANA;410140803A;PR;Jardim Ponta Grossa;-23,535992;-51,449794;2025-03-16 21:20:00.0;0,00
APUCARANA;410140803A;PR;Jardim Ponta Grossa;-23,535992;-51,449794;2025-03-16 22:20:00.0;0,00
APUCARANA;410140803A;PR;Jardim Ponta Grossa;-23,535992;-51,449794;2025-03-16 23:20:00.0;0,00
APUCARANA;410140803A;PR;Jardim Ponta Grossa;-23,535992;-51,449794;2025-03-17 00:20:00.0;0,00
APUCARANA;410140803A;PR;Jardim Ponta Grossa;-23,535992;-51,449794;2025-03-17 01:20:00.0;0,00
APUCARANA;410140803A;PR;Jardim Ponta Grossa;-23,535992;-51,449794;2025-03-17 02:20:00.0;0,00
APUCARANA;410140803A;PR;Jardim Ponta Grossa;-23,535992;-51,449794;2025-03-17 03:20:00.0;0,00
APUCARANA;410140803A;PR;Jardim Ponta Grossa;-23,535992;-51,449794;2025-03-17 04:20:00.0;0,00
APUCARANA;410140803A;PR;Jardim Ponta Grossa;-23,535992;-51,449794;2025-03-17 05:20:00.0;0,00
APUCARANA;410140803A;PR;Jardim Ponta Grossa;-23,535992;-51,449794;2025-03-17 06:20:00.0;0,00
APUCARANA;410140803A;PR;Jardim Ponta Grossa;-23,535992;-51,449794;2025-03-17 07:20:00.0;0,00
APUCARANA;410140803A;PR;Jardim Ponta Grossa;-23,535992;-51,449794;2025-03-17 08:20:00.0;0,00
APUCARANA;410140803A;PR;Jardim Ponta Grossa;-23,535992;-51,449794;2025-03-17 09:20:00.0;0,00
APUCARANA;410140803A;PR;Jardim Ponta Grossa;-23,535992;-51,449794;2025-03-17 10:20:00.0;0,00
APUCARANA;410140803A;PR;Jardim Ponta Grossa;-23,535992;-51,449794;2025-03-17 11:20:00.0;0,00
APUCARANA;410140803A;PR;Jardim Ponta Grossa;-23,535992;-51,449794;2025-03-17 12:20:00.0;0,00
APUCARANA;410140803A;PR;Jardim Ponta Grossa;-23,535992;-51,449794;2025-03-17 13:20:00.0;0,00
APUCARANA;410140803A;PR;Jardim Ponta Grossa;-23,535992;-51,449794;2025-03-17 14:20:00.0;0,00
APUCARANA;410140803A;PR;Jardim Ponta Grossa;-23,535992;-51,449794;2025-03-17 15:20:00.0;0,00
APUCARANA;410140803A;PR;Jardim Ponta Grossa;-23,535992;-51,449794;2025-03-17 16:20:00.0;0,00
APUCARANA;410140803A;PR;Jardim Ponta Grossa;-23,535992;-51,449794;2025-03-17 17:20:00.0;0,00
APUCARANA;410140803A;PR;Jardim Ponta Grossa;-23,535992;-51,449794;2025-03-17 18:20:00.0;0,00
APUCARANA;410140803A;PR;Jardim Ponta Grossa;-23,535992;-51,449794;2025-03-17 19:20:00.0;0,00
APUCARANA;410140803A;PR;Jardim Ponta Grossa;-23,535992;-51,449794;2025-03-17 20:20:00.0;0,00
APUCARANA;410140803A;PR;Jardim Ponta Grossa;-23,535992;-51,449794;2025-03-17 21:20:00.0;0,00
APUCARANA;410140803A;PR;Jardim Ponta Grossa;-23,535992;-51,449794;2025-03-17 22:20:00.0;0,00
APUCARANA;410140803A;PR;Jardim Ponta Grossa;-23,535992;-51,449794;2025-03-17 23:20:00.0;0,00
APUCARANA;410140803A;PR;Jardim Ponta Grossa;-23,535992;-51,449794;2025-03-18 00:20:00.0;0,00
APUCARANA;410140803A;PR;Jardim Ponta Grossa;-23,535992;-51,449794;2025-03-18 01:20:00.0;0,00
APUCARANA;410140803A;PR;Jardim Ponta Grossa;-23,535992;-51,449794;2025-03-18 02:20:00.0;0,00
APUCARANA;410140803A;PR;Jardim Ponta Grossa;-23,535992;-51,449794;2025-03-18 03:20:00.0;0,00
APUCARANA;410140803A;PR;Jardim Ponta Grossa;-23,535992;-51,449794;2025-03-18 04:20:00.0;0,00
APUCARANA;410140803A;PR;Jardim Ponta Grossa;-23,535992;-51,449794;2025-03-18 05:20:00.0;0,00
APUCARANA;410140803A;PR;Jardim Ponta Grossa;-23,535992;-51,449794;2025-03-18 06:20:00.0;0,00
APUCARANA;410140803A;PR;Jardim Ponta Grossa;-23,535992;-51,449794;2025-03-18 07:20:00.0;0,00
APUCARANA;410140803A;PR;Jardim Ponta Grossa;-23,535992;-51,449794;2025-03-18 08:20:00.0;0,00
APUCARANA;410140803A;PR;Jardim Ponta Grossa;-23,535992;-51,449794;2025-03-18 09:20:00.0;0,00
APUCARANA;410140803A;PR;Jardim Ponta Grossa;-23,535992;-51,449794;2025-03-18 10:20:00.0;0,00
APUCARANA;410140803A;PR;Jardim Ponta Grossa;-23,535992;-51,449794;2025-03-18 11:20:00.0;0,00
APUCARANA;410140803A;PR;Jardim Ponta Grossa;-23,535992;-51,449794;2025-03-18 12:20:00.0;0,00
APUCARANA;410140803A;PR;Jardim Ponta Grossa;-23,535992;-51,449794;2025-03-18 13:20:00.0;0,00
APUCARANA;410140803A;PR;Jardim Ponta Grossa;-23,535992;-51,449794;2025-03-18 14:20:00.0;0,00
APUCARANA;410140803A;PR;Jardim Ponta Grossa;-23,535992;-51,449794;2025-03-18 15:20:00.0;0,00
APUCARANA;410140803A;PR;Jardim Ponta Grossa;-23,535992;-51,449794;2025-03-18 16:20:00.0;0,00
APUCARANA;410140803A;PR;Jardim Ponta Grossa;-23,535992;-51,449794;2025-03-18 17:20:00.0;0,00
APUCARANA;410140803A;PR;Jardim Ponta Grossa;-23,535992;-51,449794;2025-03-18 18:20:00.0;0,00
APUCARANA;410140803A;PR;Jardim Ponta Grossa;-23,535992;-51,449794;2025-03-18 19:20:00.0;0,00
APUCARANA;410140803A;PR;Jardim Ponta Grossa;-23,535992;-51,449794;2025-03-18 20:20:00.0;0,00
APUCARANA;410140803A;PR;Jardim Ponta Grossa;-23,535992;-51,449794;2025-03-18 21:20:00.0;0,00
APUCARANA;410140803A;PR;Jardim Ponta Grossa;-23,535992;-51,449794;2025-03-18 22:20:00.0;0,00
APUCARANA;410140803A;PR;Jardim Ponta Grossa;-23,535992;-51,449794;2025-03-18 23:20:00.0;0,00
APUCARANA;410140803A;PR;Jardim Ponta Grossa;-23,535992;-51,449794;2025-03-19 00:20:00.0;0,00
APUCARANA;410140803A;PR;Jardim Ponta Grossa;-23,535992;-51,449794;2025-03-19 01:20:00.0;0,00
APUCARANA;410140803A;PR;Jardim Ponta Grossa;-23,535992;-51,449794;2025-03-19 02:20:00.0;0,00
APUCARANA;410140803A;PR;Jardim Ponta Grossa;-23,535992;-51,449794;2025-03-19 03:20:00.0;0,00
APUCARANA;410140803A;PR;Jardim Ponta Grossa;-23,535992;-51,449794;2025-03-19 04:20:00.0;0,00
APUCARANA;410140803A;PR;Jardim Ponta Grossa;-23,535992;-51,449794;2025-03-19 05:20:00.0;0,00
APUCARANA;410140803A;PR;Jardim Ponta Grossa;-23,535992;-51,449794;2025-03-19 06:20:00.0;0,00
APUCARANA;410140803A;PR;Jardim Ponta Grossa;-23,535992;-51,449794;2025-03-19 07:20:00.0;0,00
APUCARANA;410140803A;PR;Jardim Ponta Grossa;-23,535992;-51,449794;2025-03-19 08:20:00.0;0,00
APUCARANA;410140803A;PR;Jardim Ponta Grossa;-23,535992;-51,449794;2025-03-19 09:20:00.0;0,00
APUCARANA;410140803A;PR;Jardim Ponta Grossa;-23,535992;-51,449794;2025-03-19 10:20:00.0;0,00
APUCARANA;410140803A;PR;Jardim Ponta Grossa;-23,535992;-51,449794;2025-03-19 11:20:00.0;0,00
APUCARANA;410140803A;PR;Jardim Ponta Grossa;-23,535992;-51,449794;2025-03-19 12:20:00.0;0,00
APUCARANA;410140803A;PR;Jardim Ponta Grossa;-23,535992;-51,449794;2025-03-19 13:20:00.0;0,00
APUCARANA;410140803A;PR;Jardim Ponta Grossa;-23,535992;-51,449794;2025-03-19 14:20:00.0;0,00
APUCARANA;410140803A;PR;Jardim Ponta Grossa;-23,535992;-51,449794;2025-03-19 15:20:00.0;0,00
APUCARANA;410140803A;PR;Jardim Ponta Grossa;-23,535992;-51,449794;2025-03-19 16:20:00.0;0,00
APUCARANA;410140803A;PR;Jardim Ponta Grossa;-23,535992;-51,449794;2025-03-19 17:20:00.0;0,00
APUCARANA;410140803A;PR;Jardim Ponta Grossa;-23,535992;-51,449794;2025-03-19 18:20:00.0;0,00
APUCARANA;410140803A;PR;Jardim Ponta Grossa;-23,535992;-51,449794;2025-03-19 19:20:00.0;0,00
APUCARANA;410140803A;PR;Jardim Ponta Grossa;-23,535992;-51,449794;2025-03-19 20:20:00.0;0,00
APUCARANA;410140803A;PR;Jardim Ponta Grossa;-23,535992;-51,449794;2025-03-19 21:20:00.0;0,00
APUCARANA;410140803A;PR;Jardim Ponta Grossa;-23,535992;-51,449794;2025-03-19 22:20:00.0;0,00
APUCARANA;410140803A;PR;Jardim Ponta Grossa;-23,535992;-51,449794;2025-03-19 23:20:00.0;0,00
APUCARANA;410140803A;PR;Jardim Ponta Grossa;-23,535992;-51,449794;2025-03-20 00:20:00.0;0,00
APUCARANA;410140803A;PR;Jardim Ponta Grossa;-23,535992;-51,449794;2025-03-20 01:20:00.0;0,00
APUCARANA;410140803A;PR;Jardim Ponta Grossa;-23,535992;-51,449794;2025-03-20 02:20:00.0;0,00
APUCARANA;410140803A;PR;Jardim Ponta Grossa;-23,535992;-51,449794;2025-03-20 03:20:00.0;0,00
APUCARANA;410140803A;PR;Jardim Ponta Grossa;-23,535992;-51,449794;2025-03-20 04:20:00.0;0,00
APUCARANA;410140803A;PR;Jardim Ponta Grossa;-23,535992;-51,449794;2025-03-20 05:20:00.0;0,00
APUCARANA;410140803A;PR;Jardim Ponta Grossa;-23,535992;-51,449794;2025-03-20 06:20:00.0;0,00
APUCARANA;410140803A;PR;Jardim Ponta Grossa;-23,535992;-51,449794;2025-03-20 07:20:00.0;0,00
APUCARANA;410140803A;PR;Jardim Ponta Grossa;-23,535992;-51,449794;2025-03-20 08:20:00.0;0,00
APUCARANA;410140803A;PR;Jardim Ponta Grossa;-23,535992;-51,449794;2025-03-20 09:20:00.0;0,00
APUCARANA;410140803A;PR;Jardim Ponta Grossa;-23,535992;-51,449794;2025-03-20 10:20:00.0;0,00
APUCARANA;410140803A;PR;Jardim Ponta Grossa;-23,535992;-51,449794;2025-03-20 11:20:00.0;0,00
APUCARANA;410140803A;PR;Jardim Ponta Grossa;-23,535992;-51,449794;2025-03-20 12:20:00.0;0,00
APUCARANA;410140803A;PR;Jardim Ponta Grossa;-23,535992;-51,449794;2025-03-20 13:20:00.0;0,00
APUCARANA;410140803A;PR;Jardim Ponta Grossa;-23,535992;-51,449794;2025-03-20 14:20:00.0;0,00
APUCARANA;410140803A;PR;Jardim Ponta Grossa;-23,535992;-51,449794;2025-03-20 15:20:00.0;0,00
APUCARANA;410140803A;PR;Jardim Ponta Grossa;-23,535992;-51,449794;2025-03-20 16:20:00.0;0,00
APUCARANA;410140803A;PR;Jardim Ponta Grossa;-23,535992;-51,449794;2025-03-20 17:20:00.0;0,00
APUCARANA;410140803A;PR;Jardim Ponta Grossa;-23,535992;-51,449794;2025-03-20 18:20:00.0;0,00
APUCARANA;410140803A;PR;Jardim Ponta Grossa;-23,535992;-51,449794;2025-03-20 19:20:00.0;0,00
APUCARANA;410140803A;PR;Jardim Ponta Grossa;-23,535992;-51,449794;2025-03-20 20:20:00.0;0,00
APUCARANA;410140803A;PR;Jardim Ponta Grossa;-23,535992;-51,449794;2025-03-20 21:20:00.0;0,00
APUCARANA;410140803A;PR;Jardim Ponta Grossa;-23,535992;-51,449794;2025-03-20 22:20:00.0;0,00
APUCARANA;410140803A;PR;Jardim Ponta Grossa;-23,535992;-51,449794;2025-03-20 23:20:00.0;0,00
APUCARANA;410140803A;PR;Jardim Ponta Grossa;-23,535992;-51,449794;2025-03-21 00:20:00.0;0,00
APUCARANA;410140803A;PR;Jardim Ponta Grossa;-23,535992;-51,449794;2025-03-21 01:20:00.0;0,00
APUCARANA;410140803A;PR;Jardim Ponta Grossa;-23,535992;-51,449794;2025-03-21 02:20:00.0;0,00
APUCARANA;410140803A;PR;Jardim Ponta Grossa;-23,535992;-51,449794;2025-03-21 03:20:00.0;0,00
APUCARANA;410140803A;PR;Jardim Ponta Grossa;-23,535992;-51,449794;2025-03-21 04:20:00.0;0,00
APUCARANA;410140803A;PR;Jardim Ponta Grossa;-23,535992;-51,449794;2025-03-21 05:20:00.0;0,00
APUCARANA;410140803A;PR;Jardim Ponta Grossa;-23,535992;-51,449794;2025-03-21 06:20:00.0;0,00
APUCARANA;410140803A;PR;Jardim Ponta Grossa;-23,535992;-51,449794;2025-03-21 07:20:00.0;0,00
APUCARANA;410140803A;PR;Jardim Ponta Grossa;-23,535992;-51,449794;2025-03-21 08:20:00.0;0,00
APUCARANA;410140803A;PR;Jardim Ponta Grossa;-23,535992;-51,449794;2025-03-21 09:20:00.0;0,00
APUCARANA;410140803A;PR;Jardim Ponta Grossa;-23,535992;-51,449794;2025-03-21 10:20:00.0;0,00
APUCARANA;410140803A;PR;Jardim Ponta Grossa;-23,535992;-51,449794;2025-03-21 11:20:00.0;0,00
APUCARANA;410140803A;PR;Jardim Ponta Grossa;-23,535992;-51,449794;2025-03-21 12:20:00.0;0,00
APUCARANA;410140803A;PR;Jardim Ponta Grossa;-23,535992;-51,449794;2025-03-21 13:20:00.0;0,00
APUCARANA;410140803A;PR;Jardim Ponta Grossa;-23,535992;-51,449794;2025-03-21 14:20:00.0;0,00
APUCARANA;410140803A;PR;Jardim Ponta Grossa;-23,535992;-51,449794;2025-03-21 15:20:00.0;0,00
APUCARANA;410140803A;PR;Jardim Ponta Grossa;-23,535992;-51,449794;2025-03-21 16:20:00.0;0,00
APUCARANA;410140803A;PR;Jardim Ponta Grossa;-23,535992;-51,449794;2025-03-21 17:20:00.0;0,00
APUCARANA;410140803A;PR;Jardim Ponta Grossa;-23,535992;-51,449794;2025-03-21 18:20:00.0;0,00
APUCARANA;410140803A;PR;Jardim Ponta Grossa;-23,535992;-51,449794;2025-03-21 19:20:00.0;0,00
APUCARANA;410140803A;PR;Jardim Ponta Grossa;-23,535992;-51,449794;2025-03-21 20:20:00.0;0,00
APUCARANA;410140803A;PR;Jardim Ponta Grossa;-23,535992;-51,449794;2025-03-21 21:20:00.0;0,00
APUCARANA;410140803A;PR;Jardim Ponta Grossa;-23,535992;-51,449794;2025-03-21 22:20:00.0;0,00
APUCARANA;410140803A;PR;Jardim Ponta Grossa;-23,535992;-51,449794;2025-03-21 23:20:00.0;0,00
APUCARANA;410140803A;PR;Jardim Ponta Grossa;-23,535992;-51,449794;2025-03-22 00:20:00.0;0,00
APUCARANA;410140803A;PR;Jardim Ponta Grossa;-23,535992;-51,449794;2025-03-22 01:20:00.0;0,00
APUCARANA;410140803A;PR;Jardim Ponta Grossa;-23,535992;-51,449794;2025-03-22 02:20:00.0;0,00
APUCARANA;410140803A;PR;Jardim Ponta Grossa;-23,535992;-51,449794;2025-03-22 03:20:00.0;0,00
APUCARANA;410140803A;PR;Jardim Ponta Grossa;-23,535992;-51,449794;2025-03-22 04:20:00.0;0,00
APUCARANA;410140803A;PR;Jardim Ponta Grossa;-23,535992;-51,449794;2025-03-22 05:20:00.0;0,00
APUCARANA;410140803A;PR;Jardim Ponta Grossa;-23,535992;-51,449794;2025-03-22 06:20:00.0;0,00
APUCARANA;410140803A;PR;Jardim Ponta Grossa;-23,535992;-51,449794;2025-03-22 07:20:00.0;0,00
APUCARANA;410140803A;PR;Jardim Ponta Grossa;-23,535992;-51,449794;2025-03-22 08:20:00.0;0,00
APUCARANA;410140803A;PR;Jardim Ponta Grossa;-23,535992;-51,449794;2025-03-22 09:20:00.0;0,00
APUCARANA;410140803A;PR;Jardim Ponta Grossa;-23,535992;-51,449794;2025-03-22 10:20:00.0;0,00
APUCARANA;410140803A;PR;Jardim Ponta Grossa;-23,535992;-51,449794;2025-03-22 11:20:00.0;0,00
APUCARANA;410140803A;PR;Jardim Ponta Grossa;-23,535992;-51,449794;2025-03-22 12:20:00.0;0,00
APUCARANA;410140803A;PR;Jardim Ponta Grossa;-23,535992;-51,449794;2025-03-22 13:20:00.0;0,00
APUCARANA;410140803A;PR;Jardim Ponta Grossa;-23,535992;-51,449794;2025-03-22 14:20:00.0;0,00
APUCARANA;410140803A;PR;Jardim Ponta Grossa;-23,535992;-51,449794;2025-03-22 15:20:00.0;0,00
APUCARANA;410140803A;PR;Jardim Ponta Grossa;-23,535992;-51,449794;2025-03-22 16:20:00.0;0,00
APUCARANA;410140803A;PR;Jardim Ponta Grossa;-23,535992;-51,449794;2025-03-22 17:20:00.0;0,00
APUCARANA;410140803A;PR;Jardim Ponta Grossa;-23,535992;-51,449794;2025-03-22 18:20:00.0;0,00
APUCARANA;410140803A;PR;Jardim Ponta Grossa;-23,535992;-51,449794;2025-03-22 19:20:00.0;0,00
APUCARANA;410140803A;PR;Jardim Ponta Grossa;-23,535992;-51,449794;2025-03-22 20:20:00.0;0,00
APUCARANA;410140803A;PR;Jardim Ponta Grossa;-23,535992;-51,449794;2025-03-22 21:20:00.0;0,00
APUCARANA;410140803A;PR;Jardim Ponta Grossa;-23,535992;-51,449794;2025-03-22 22:20:00.0;0,00
APUCARANA;410140803A;PR;Jardim Ponta Grossa;-23,535992;-51,449794;2025-03-22 23:20:00.0;0,00
APUCARANA;410140803A;PR;Jardim Ponta Grossa;-23,535992;-51,449794;2025-03-23 00:20:00.0;0,00
APUCARANA;410140803A;PR;Jardim Ponta Grossa;-23,535992;-51,449794;2025-03-23 01:20:00.0;0,00
APUCARANA;410140803A;PR;Jardim Ponta Grossa;-23,535992;-51,449794;2025-03-23 02:20:00.0;0,00
APUCARANA;410140803A;PR;Jardim Ponta Grossa;-23,535992;-51,449794;2025-03-23 03:20:00.0;0,00
APUCARANA;410140803A;PR;Jardim Ponta Grossa;-23,535992;-51,449794;2025-03-23 04:20:00.0;0,00
APUCARANA;410140803A;PR;Jardim Ponta Grossa;-23,535992;-51,449794;2025-03-23 05:20:00.0;0,00
APUCARANA;410140803A;PR;Jardim Ponta Grossa;-23,535992;-51,449794;2025-03-23 06:20:00.0;0,00
APUCARANA;410140803A;PR;Jardim Ponta Grossa;-23,535992;-51,449794;2025-03-23 07:20:00.0;0,00
APUCARANA;410140803A;PR;Jardim Ponta Grossa;-23,535992;-51,449794;2025-03-23 08:20:00.0;0,00
APUCARANA;410140803A;PR;Jardim Ponta Grossa;-23,535992;-51,449794;2025-03-23 08:50:00.0;0,20
APUCARANA;410140803A;PR;Jardim Ponta Grossa;-23,535992;-51,449794;2025-03-23 09:20:00.0;0,00
APUCARANA;410140803A;PR;Jardim Ponta Grossa;-23,535992;-51,449794;2025-03-23 09:50:00.0;0,20
APUCARANA;410140803A;PR;Jardim Ponta Grossa;-23,535992;-51,449794;2025-03-23 10:00:00.0;0,20
APUCARANA;410140803A;PR;Jardim Ponta Grossa;-23,535992;-51,449794;2025-03-23 10:20:00.0;0,00
APUCARANA;410140803A;PR;Jardim Ponta Grossa;-23,535992;-51,449794;2025-03-23 11:20:00.0;0,00
APUCARANA;410140803A;PR;Jardim Ponta Grossa;-23,535992;-51,449794;2025-03-23 12:00:00.0;0,20
APUCARANA;410140803A;PR;Jardim Ponta Grossa;-23,535992;-51,449794;2025-03-23 12:20:00.0;0,00
APUCARANA;410140803A;PR;Jardim Ponta Grossa;-23,535992;-51,449794;2025-03-23 13:20:00.0;0,00
APUCARANA;410140803A;PR;Jardim Ponta Grossa;-23,535992;-51,449794;2025-03-23 14:20:00.0;0,00
APUCARANA;410140803A;PR;Jardim Ponta Grossa;-23,535992;-51,449794;2025-03-23 15:20:00.0;0,00
APUCARANA;410140803A;PR;Jardim Ponta Grossa;-23,535992;-51,449794;2025-03-23 16:20:00.0;0,00
APUCARANA;410140803A;PR;Jardim Ponta Grossa;-23,535992;-51,449794;2025-03-23 17:20:00.0;0,00
APUCARANA;410140803A;PR;Jardim Ponta Grossa;-23,535992;-51,449794;2025-03-23 18:20:00.0;0,00
APUCARANA;410140803A;PR;Jardim Ponta Grossa;-23,535992;-51,449794;2025-03-23 18:30:00.0;1,00
APUCARANA;410140803A;PR;Jardim Ponta Grossa;-23,535992;-51,449794;2025-03-23 18:40:00.0;0,60
APUCARANA;410140803A;PR;Jardim Ponta Grossa;-23,535992;-51,449794;2025-03-23 19:20:00.0;0,00
APUCARANA;410140803A;PR;Jardim Ponta Grossa;-23,535992;-51,449794;2025-03-23 20:20:00.0;0,00
APUCARANA;410140803A;PR;Jardim Ponta Grossa;-23,535992;-51,449794;2025-03-23 21:20:00.0;0,00
APUCARANA;410140803A;PR;Jardim Ponta Grossa;-23,535992;-51,449794;2025-03-23 22:20:00.0;0,00
APUCARANA;410140803A;PR;Jardim Ponta Grossa;-23,535992;-51,449794;2025-03-23 23:20:00.0;0,00
APUCARANA;410140803A;PR;Jardim Ponta Grossa;-23,535992;-51,449794;2025-03-24 00:20:00.0;0,00
APUCARANA;410140803A;PR;Jardim Ponta Grossa;-23,535992;-51,449794;2025-03-24 01:20:00.0;0,00
APUCARANA;410140803A;PR;Jardim Ponta Grossa;-23,535992;-51,449794;2025-03-24 01:30:00.0;0,60
APUCARANA;410140803A;PR;Jardim Ponta Grossa;-23,535992;-51,449794;2025-03-24 01:40:00.0;0,40
APUCARANA;410140803A;PR;Jardim Ponta Grossa;-23,535992;-51,449794;2025-03-24 01:50:00.0;0,60
APUCARANA;410140803A;PR;Jardim Ponta Grossa;-23,535992;-51,449794;2025-03-24 02:00:00.0;0,40
APUCARANA;410140803A;PR;Jardim Ponta Grossa;-23,535992;-51,449794;2025-03-24 02:20:00.0;0,00
APUCARANA;410140803A;PR;Jardim Ponta Grossa;-23,535992;-51,449794;2025-03-24 03:20:00.0;0,00
APUCARANA;410140803A;PR;Jardim Ponta Grossa;-23,535992;-51,449794;2025-03-24 04:10:00.0;0,20
APUCARANA;410140803A;PR;Jardim Ponta Grossa;-23,535992;-51,449794;2025-03-24 04:20:00.0;0,00
APUCARANA;410140803A;PR;Jardim Ponta Grossa;-23,535992;-51,449794;2025-03-24 05:20:00.0;0,00
APUCARANA;410140803A;PR;Jardim Ponta Grossa;-23,535992;-51,449794;2025-03-24 05:40:00.0;0,20
APUCARANA;410140803A;PR;Jardim Ponta Grossa;-23,535992;-51,449794;2025-03-24 06:20:00.0;0,00
APUCARANA;410140803A;PR;Jardim Ponta Grossa;-23,535992;-51,449794;2025-03-24 07:20:00.0;0,00
APUCARANA;410140803A;PR;Jardim Ponta Grossa;-23,535992;-51,449794;2025-03-24 08:20:00.0;0,00
APUCARANA;410140803A;PR;Jardim Ponta Grossa;-23,535992;-51,449794;2025-03-24 09:20:00.0;0,00
APUCARANA;410140803A;PR;Jardim Ponta Grossa;-23,535992;-51,449794;2025-03-24 10:20:00.0;0,00
APUCARANA;410140803A;PR;Jardim Ponta Grossa;-23,535992;-51,449794;2025-03-24 11:20:00.0;0,00
APUCARANA;410140803A;PR;Jardim Ponta Grossa;-23,535992;-51,449794;2025-03-24 12:20:00.0;0,00
APUCARANA;410140803A;PR;Jardim Ponta Grossa;-23,535992;-51,449794;2025-03-24 13:20:00.0;0,00
APUCARANA;410140803A;PR;Jardim Ponta Grossa;-23,535992;-51,449794;2025-03-24 14:20:00.0;0,00
APUCARANA;410140803A;PR;Jardim Ponta Grossa;-23,535992;-51,449794;2025-03-24 15:20:00.0;0,00
APUCARANA;410140803A;PR;Jardim Ponta Grossa;-23,535992;-51,449794;2025-03-24 16:20:00.0;0,00
APUCARANA;410140803A;PR;Jardim Ponta Grossa;-23,535992;-51,449794;2025-03-24 17:20:00.0;0,00
APUCARANA;410140803A;PR;Jardim Ponta Grossa;-23,535992;-51,449794;2025-03-24 18:20:00.0;0,00
APUCARANA;410140803A;PR;Jardim Ponta Grossa;-23,535992;-51,449794;2025-03-24 19:20:00.0;0,00
APUCARANA;410140803A;PR;Jardim Ponta Grossa;-23,535992;-51,449794;2025-03-24 20:20:00.0;0,00
APUCARANA;410140803A;PR;Jardim Ponta Grossa;-23,535992;-51,449794;2025-03-24 21:20:00.0;0,00
APUCARANA;410140803A;PR;Jardim Ponta Grossa;-23,535992;-51,449794;2025-03-24 22:20:00.0;0,00
APUCARANA;410140803A;PR;Jardim Ponta Grossa;-23,535992;-51,449794;2025-03-24 23:20:00.0;0,00
APUCARANA;410140803A;PR;Jardim Ponta Grossa;-23,535992;-51,449794;2025-03-25 00:20:00.0;0,00
APUCARANA;410140803A;PR;Jardim Ponta Grossa;-23,535992;-51,449794;2025-03-25 01:20:00.0;0,00
APUCARANA;410140803A;PR;Jardim Ponta Grossa;-23,535992;-51,449794;2025-03-25 02:20:00.0;0,00
APUCARANA;410140803A;PR;Jardim Ponta Grossa;-23,535992;-51,449794;2025-03-25 03:20:00.0;0,00
APUCARANA;410140803A;PR;Jardim Ponta Grossa;-23,535992;-51,449794;2025-03-25 04:20:00.0;0,00
APUCARANA;410140803A;PR;Jardim Ponta Grossa;-23,535992;-51,449794;2025-03-25 05:20:00.0;0,00
APUCARANA;410140803A;PR;Jardim Ponta Grossa;-23,535992;-51,449794;2025-03-25 06:20:00.0;0,00
APUCARANA;410140803A;PR;Jardim Ponta Grossa;-23,535992;-51,449794;2025-03-25 07:20:00.0;0,00
APUCARANA;410140803A;PR;Jardim Ponta Grossa;-23,535992;-51,449794;2025-03-25 08:20:00.0;0,00
APUCARANA;410140803A;PR;Jardim Ponta Grossa;-23,535992;-51,449794;2025-03-25 09:20:00.0;0,00
APUCARANA;410140803A;PR;Jardim Ponta Grossa;-23,535992;-51,449794;2025-03-25 10:20:00.0;0,00
APUCARANA;410140803A;PR;Jardim Ponta Grossa;-23,535992;-51,449794;2025-03-25 11:20:00.0;0,00
APUCARANA;410140803A;PR;Jardim Ponta Grossa;-23,535992;-51,449794;2025-03-25 12:20:00.0;0,00
APUCARANA;410140803A;PR;Jardim Ponta Grossa;-23,535992;-51,449794;2025-03-25 13:20:00.0;0,00
APUCARANA;410140803A;PR;Jardim Ponta Grossa;-23,535992;-51,449794;2025-03-25 14:20:00.0;0,00
APUCARANA;410140803A;PR;Jardim Ponta Grossa;-23,535992;-51,449794;2025-03-25 15:20:00.0;0,00
APUCARANA;410140803A;PR;Jardim Ponta Grossa;-23,535992;-51,449794;2025-03-25 16:20:00.0;0,00
APUCARANA;410140803A;PR;Jardim Ponta Grossa;-23,535992;-51,449794;2025-03-25 17:20:00.0;0,00
APUCARANA;410140803A;PR;Jardim Ponta Grossa;-23,535992;-51,449794;2025-03-25 18:20:00.0;0,00
APUCARANA;410140803A;PR;Jardim Ponta Grossa;-23,535992;-51,449794;2025-03-25 19:20:00.0;0,00
APUCARANA;410140803A;PR;Jardim Ponta Grossa;-23,535992;-51,449794;2025-03-25 20:20:00.0;0,00
APUCARANA;410140803A;PR;Jardim Ponta Grossa;-23,535992;-51,449794;2025-03-25 21:20:00.0;0,00
APUCARANA;410140803A;PR;Jardim Ponta Grossa;-23,535992;-51,449794;2025-03-25 22:20:00.0;0,00
APUCARANA;410140803A;PR;Jardim Ponta Grossa;-23,535992;-51,449794;2025-03-25 23:20:00.0;0,00
APUCARANA;410140803A;PR;Jardim Ponta Grossa;-23,535992;-51,449794;2025-03-26 00:20:00.0;0,00
APUCARANA;410140803A;PR;Jardim Ponta Grossa;-23,535992;-51,449794;2025-03-26 01:20:00.0;0,20
APUCARANA;410140803A;PR;Jardim Ponta Grossa;-23,535992;-51,449794;2025-03-26 01:30:00.0;0,40
APUCARANA;410140803A;PR;Jardim Ponta Grossa;-23,535992;-51,449794;2025-03-26 01:40:00.0;0,60
APUCARANA;410140803A;PR;Jardim Ponta Grossa;-23,535992;-51,449794;2025-03-26 01:50:00.0;2,20
APUCARANA;410140803A;PR;Jardim Ponta Grossa;-23,535992;-51,449794;2025-03-26 02:00:00.0;8,60
APUCARANA;410140803A;PR;Jardim Ponta Grossa;-23,535992;-51,449794;2025-03-26 02:10:00.0;11,80
APUCARANA;410140803A;PR;Jardim Ponta Grossa;-23,535992;-51,449794;2025-03-26 02:20:00.0;10,60
APUCARANA;410140803A;PR;Jardim Ponta Grossa;-23,535992;-51,449794;2025-03-26 02:30:00.0;8,20
APUCARANA;410140803A;PR;Jardim Ponta Grossa;-23,535992;-51,449794;2025-03-26 02:40:00.0;4,80
APUCARANA;410140803A;PR;Jardim Ponta Grossa;-23,535992;-51,449794;2025-03-26 02:50:00.0;2,00
APUCARANA;410140803A;PR;Jardim Ponta Grossa;-23,535992;-51,449794;2025-03-26 03:00:00.0;2,60
APUCARANA;410140803A;PR;Jardim Ponta Grossa;-23,535992;-51,449794;2025-03-26 03:10:00.0;1,20
APUCARANA;410140803A;PR;Jardim Ponta Grossa;-23,535992;-51,449794;2025-03-26 03:20:00.0;0,60
APUCARANA;410140803A;PR;Jardim Ponta Grossa;-23,535992;-51,449794;2025-03-26 03:30:00.0;0,60
APUCARANA;410140803A;PR;Jardim Ponta Grossa;-23,535992;-51,449794;2025-03-26 03:40:00.0;0,40
APUCARANA;410140803A;PR;Jardim Ponta Grossa;-23,535992;-51,449794;2025-03-26 03:50:00.0;0,40
APUCARANA;410140803A;PR;Jardim Ponta Grossa;-23,535992;-51,449794;2025-03-26 04:00:00.0;0,20
APUCARANA;410140803A;PR;Jardim Ponta Grossa;-23,535992;-51,449794;2025-03-26 04:10:00.0;0,80
APUCARANA;410140803A;PR;Jardim Ponta Grossa;-23,535992;-51,449794;2025-03-26 04:20:00.0;1,40
APUCARANA;410140803A;PR;Jardim Ponta Grossa;-23,535992;-51,449794;2025-03-26 04:30:00.0;0,60
APUCARANA;410140803A;PR;Jardim Ponta Grossa;-23,535992;-51,449794;2025-03-26 04:40:00.0;0,60
APUCARANA;410140803A;PR;Jardim Ponta Grossa;-23,535992;-51,449794;2025-03-26 04:50:00.0;0,80
APUCARANA;410140803A;PR;Jardim Ponta Grossa;-23,535992;-51,449794;2025-03-26 05:00:00.0;1,00
APUCARANA;410140803A;PR;Jardim Ponta Grossa;-23,535992;-51,449794;2025-03-26 05:10:00.0;0,60
APUCARANA;410140803A;PR;Jardim Ponta Grossa;-23,535992;-51,449794;2025-03-26 05:20:00.0;0,20
APUCARANA;410140803A;PR;Jardim Ponta Grossa;-23,535992;-51,449794;2025-03-26 05:30:00.0;0,20
APUCARANA;410140803A;PR;Jardim Ponta Grossa;-23,535992;-51,449794;2025-03-26 06:00:00.0;0,20
APUCARANA;410140803A;PR;Jardim Ponta Grossa;-23,535992;-51,449794;2025-03-26 06:20:00.0;0,00
APUCARANA;410140803A;PR;Jardim Ponta Grossa;-23,535992;-51,449794;2025-03-26 07:20:00.0;0,00
APUCARANA;410140803A;PR;Jardim Ponta Grossa;-23,535992;-51,449794;2025-03-26 08:20:00.0;0,00
APUCARANA;410140803A;PR;Jardim Ponta Grossa;-23,535992;-51,449794;2025-03-26 09:20:00.0;0,00
APUCARANA;410140803A;PR;Jardim Ponta Grossa;-23,535992;-51,449794;2025-03-26 10:20:00.0;0,00
APUCARANA;410140803A;PR;Jardim Ponta Grossa;-23,535992;-51,449794;2025-03-26 11:20:00.0;0,00
APUCARANA;410140803A;PR;Jardim Ponta Grossa;-23,535992;-51,449794;2025-03-26 12:20:00.0;0,00
APUCARANA;410140803A;PR;Jardim Ponta Grossa;-23,535992;-51,449794;2025-03-26 13:20:00.0;0,00
APUCARANA;410140803A;PR;Jardim Ponta Grossa;-23,535992;-51,449794;2025-03-26 14:20:00.0;0,00
APUCARANA;410140803A;PR;Jardim Ponta Grossa;-23,535992;-51,449794;2025-03-26 15:20:00.0;0,00
APUCARANA;410140803A;PR;Jardim Ponta Grossa;-23,535992;-51,449794;2025-03-26 16:20:00.0;0,00
APUCARANA;410140803A;PR;Jardim Ponta Grossa;-23,535992;-51,449794;2025-03-26 17:20:00.0;0,00
APUCARANA;410140803A;PR;Jardim Ponta Grossa;-23,535992;-51,449794;2025-03-26 18:20:00.0;0,00
APUCARANA;410140803A;PR;Jardim Ponta Grossa;-23,535992;-51,449794;2025-03-26 19:20:00.0;0,00
APUCARANA;410140803A;PR;Jardim Ponta Grossa;-23,535992;-51,449794;2025-03-26 20:20:00.0;0,00
APUCARANA;410140803A;PR;Jardim Ponta Grossa;-23,535992;-51,449794;2025-03-26 21:20:00.0;0,00
APUCARANA;410140803A;PR;Jardim Ponta Grossa;-23,535992;-51,449794;2025-03-26 22:20:00.0;0,00
APUCARANA;410140803A;PR;Jardim Ponta Grossa;-23,535992;-51,449794;2025-03-26 23:20:00.0;0,00
APUCARANA;410140803A;PR;Jardim Ponta Grossa;-23,535992;-51,449794;2025-03-27 00:20:00.0;0,00
APUCARANA;410140803A;PR;Jardim Ponta Grossa;-23,535992;-51,449794;2025-03-27 01:20:00.0;0,00
APUCARANA;410140803A;PR;Jardim Ponta Grossa;-23,535992;-51,449794;2025-03-27 02:20:00.0;0,00
APUCARANA;410140803A;PR;Jardim Ponta Grossa;-23,535992;-51,449794;2025-03-27 03:20:00.0;0,00
APUCARANA;410140803A;PR;Jardim Ponta Grossa;-23,535992;-51,449794;2025-03-27 04:20:00.0;0,00
APUCARANA;410140803A;PR;Jardim Ponta Grossa;-23,535992;-51,449794;2025-03-27 05:20:00.0;0,00
APUCARANA;410140803A;PR;Jardim Ponta Grossa;-23,535992;-51,449794;2025-03-27 06:20:00.0;0,00
APUCARANA;410140803A;PR;Jardim Ponta Grossa;-23,535992;-51,449794;2025-03-27 07:20:00.0;0,00
APUCARANA;410140803A;PR;Jardim Ponta Grossa;-23,535992;-51,449794;2025-03-27 08:20:00.0;0,00
APUCARANA;410140803A;PR;Jardim Ponta Grossa;-23,535992;-51,449794;2025-03-27 09:20:00.0;0,00
APUCARANA;410140803A;PR;Jardim Ponta Grossa;-23,535992;-51,449794;2025-03-27 10:20:00.0;0,00
APUCARANA;410140803A;PR;Jardim Ponta Grossa;-23,535992;-51,449794;2025-03-27 11:20:00.0;0,00
APUCARANA;410140803A;PR;Jardim Ponta Grossa;-23,535992;-51,449794;2025-03-27 12:20:00.0;0,00
APUCARANA;410140803A;PR;Jardim Ponta Grossa;-23,535992;-51,449794;2025-03-27 13:20:00.0;0,00
APUCARANA;410140803A;PR;Jardim Ponta Grossa;-23,535992;-51,449794;2025-03-27 14:20:00.0;0,00
APUCARANA;410140803A;PR;Jardim Ponta Grossa;-23,535992;-51,449794;2025-03-27 15:20:00.0;0,00
APUCARANA;410140803A;PR;Jardim Ponta Grossa;-23,535992;-51,449794;2025-03-27 16:20:00.0;0,00
APUCARANA;410140803A;PR;Jardim Ponta Grossa;-23,535992;-51,449794;2025-03-27 17:20:00.0;0,00
APUCARANA;410140803A;PR;Jardim Ponta Grossa;-23,535992;-51,449794;2025-03-27 18:20:00.0;0,00
APUCARANA;410140803A;PR;Jardim Ponta Grossa;-23,535992;-51,449794;2025-03-27 19:20:00.0;0,00
APUCARANA;410140803A;PR;Jardim Ponta Grossa;-23,535992;-51,449794;2025-03-27 20:20:00.0;0,00
APUCARANA;410140803A;PR;Jardim Ponta Grossa;-23,535992;-51,449794;2025-03-27 21:20:00.0;0,00
APUCARANA;410140803A;PR;Jardim Ponta Grossa;-23,535992;-51,449794;2025-03-27 22:20:00.0;0,00
APUCARANA;410140803A;PR;Jardim Ponta Grossa;-23,535992;-51,449794;2025-03-27 23:20:00.0;0,00
APUCARANA;410140803A;PR;Jardim Ponta Grossa;-23,535992;-51,449794;2025-03-28 00:20:00.0;0,00
APUCARANA;410140803A;PR;Jardim Ponta Grossa;-23,535992;-51,449794;2025-03-28 01:20:00.0;0,00
APUCARANA;410140803A;PR;Jardim Ponta Grossa;-23,535992;-51,449794;2025-03-28 02:20:00.0;0,00
APUCARANA;410140803A;PR;Jardim Ponta Grossa;-23,535992;-51,449794;2025-03-28 03:20:00.0;0,00
APUCARANA;410140803A;PR;Jardim Ponta Grossa;-23,535992;-51,449794;2025-03-28 04:20:00.0;0,00
APUCARANA;410140803A;PR;Jardim Ponta Grossa;-23,535992;-51,449794;2025-03-28 05:20:00.0;0,00
APUCARANA;410140803A;PR;Jardim Ponta Grossa;-23,535992;-51,449794;2025-03-28 06:20:00.0;0,00
APUCARANA;410140803A;PR;Jardim Ponta Grossa;-23,535992;-51,449794;2025-03-28 07:20:00.0;0,00
APUCARANA;410140803A;PR;Jardim Ponta Grossa;-23,535992;-51,449794;2025-03-28 08:20:00.0;0,00
APUCARANA;410140803A;PR;Jardim Ponta Grossa;-23,535992;-51,449794;2025-03-28 09:20:00.0;0,00
APUCARANA;410140803A;PR;Jardim Ponta Grossa;-23,535992;-51,449794;2025-03-28 10:20:00.0;0,00
APUCARANA;410140803A;PR;Jardim Ponta Grossa;-23,535992;-51,449794;2025-03-28 11:20:00.0;0,00
APUCARANA;410140803A;PR;Jardim Ponta Grossa;-23,535992;-51,449794;2025-03-28 12:20:00.0;0,00
APUCARANA;410140803A;PR;Jardim Ponta Grossa;-23,535992;-51,449794;2025-03-28 13:20:00.0;0,00
APUCARANA;410140803A;PR;Jardim Ponta Grossa;-23,535992;-51,449794;2025-03-28 14:20:00.0;0,00
APUCARANA;410140803A;PR;Jardim Ponta Grossa;-23,535992;-51,449794;2025-03-28 15:20:00.0;0,00
APUCARANA;410140803A;PR;Jardim Ponta Grossa;-23,535992;-51,449794;2025-03-28 16:20:00.0;0,00
APUCARANA;410140803A;PR;Jardim Ponta Grossa;-23,535992;-51,449794;2025-03-28 17:20:00.0;0,00
APUCARANA;410140803A;PR;Jardim Ponta Grossa;-23,535992;-51,449794;2025-03-28 18:20:00.0;0,00
APUCARANA;410140803A;PR;Jardim Ponta Grossa;-23,535992;-51,449794;2025-03-28 19:20:00.0;0,00
APUCARANA;410140803A;PR;Jardim Ponta Grossa;-23,535992;-51,449794;2025-03-28 20:20:00.0;0,00
APUCARANA;410140803A;PR;Jardim Ponta Grossa;-23,535992;-51,449794;2025-03-28 21:20:00.0;0,00
APUCARANA;410140803A;PR;Jardim Ponta Grossa;-23,535992;-51,449794;2025-03-28 22:20:00.0;0,00
APUCARANA;410140803A;PR;Jardim Ponta Grossa;-23,535992;-51,449794;2025-03-28 23:20:00.0;0,00
APUCARANA;410140803A;PR;Jardim Ponta Grossa;-23,535992;-51,449794;2025-03-29 00:20:00.0;0,00
APUCARANA;410140803A;PR;Jardim Ponta Grossa;-23,535992;-51,449794;2025-03-29 01:20:00.0;0,00
APUCARANA;410140803A;PR;Jardim Ponta Grossa;-23,535992;-51,449794;2025-03-29 02:20:00.0;0,00
APUCARANA;410140803A;PR;Jardim Ponta Grossa;-23,535992;-51,449794;2025-03-29 03:20:00.0;0,00
APUCARANA;410140803A;PR;Jardim Ponta Grossa;-23,535992;-51,449794;2025-03-29 04:20:00.0;0,00
APUCARANA;410140803A;PR;Jardim Ponta Grossa;-23,535992;-51,449794;2025-03-29 05:20:00.0;0,00
APUCARANA;410140803A;PR;Jardim Ponta Grossa;-23,535992;-51,449794;2025-03-29 06:20:00.0;0,00
APUCARANA;410140803A;PR;Jardim Ponta Grossa;-23,535992;-51,449794;2025-03-29 07:20:00.0;0,00
APUCARANA;410140803A;PR;Jardim Ponta Grossa;-23,535992;-51,449794;2025-03-29 08:20:00.0;0,00
APUCARANA;410140803A;PR;Jardim Ponta Grossa;-23,535992;-51,449794;2025-03-29 09:20:00.0;0,00
APUCARANA;410140803A;PR;Jardim Ponta Grossa;-23,535992;-51,449794;2025-03-29 10:20:00.0;0,00
APUCARANA;410140803A;PR;Jardim Ponta Grossa;-23,535992;-51,449794;2025-03-29 11:20:00.0;0,00
APUCARANA;410140803A;PR;Jardim Ponta Grossa;-23,535992;-51,449794;2025-03-29 12:20:00.0;0,00
APUCARANA;410140803A;PR;Jardim Ponta Grossa;-23,535992;-51,449794;2025-03-29 13:20:00.0;0,00
APUCARANA;410140803A;PR;Jardim Ponta Grossa;-23,535992;-51,449794;2025-03-29 14:20:00.0;0,00
APUCARANA;410140803A;PR;Jardim Ponta Grossa;-23,535992;-51,449794;2025-03-29 15:20:00.0;0,00
APUCARANA;410140803A;PR;Jardim Ponta Grossa;-23,535992;-51,449794;2025-03-29 16:20:00.0;0,00
APUCARANA;410140803A;PR;Jardim Ponta Grossa;-23,535992;-51,449794;2025-03-29 17:20:00.0;0,00
APUCARANA;410140803A;PR;Jardim Ponta Grossa;-23,535992;-51,449794;2025-03-29 17:30:00.0;0,40
APUCARANA;410140803A;PR;Jardim Ponta Grossa;-23,535992;-51,449794;2025-03-29 17:40:00.0;1,00
APUCARANA;410140803A;PR;Jardim Ponta Grossa;-23,535992;-51,449794;2025-03-29 17:50:00.0;0,20
APUCARANA;410140803A;PR;Jardim Ponta Grossa;-23,535992;-51,449794;2025-03-29 18:10:00.0;0,40
APUCARANA;410140803A;PR;Jardim Ponta Grossa;-23,535992;-51,449794;2025-03-29 18:20:00.0;1,00
APUCARANA;410140803A;PR;Jardim Ponta Grossa;-23,535992;-51,449794;2025-03-29 18:30:00.0;0,60
APUCARANA;410140803A;PR;Jardim Ponta Grossa;-23,535992;-51,449794;2025-03-29 18:40:00.0;0,20
APUCARANA;410140803A;PR;Jardim Ponta Grossa;-23,535992;-51,449794;2025-03-29 18:50:00.0;0,60
APUCARANA;410140803A;PR;Jardim Ponta Grossa;-23,535992;-51,449794;2025-03-29 19:00:00.0;1,40
APUCARANA;410140803A;PR;Jardim Ponta Grossa;-23,535992;-51,449794;2025-03-29 19:10:00.0;0,60
APUCARANA;410140803A;PR;Jardim Ponta Grossa;-23,535992;-51,449794;2025-03-29 19:20:00.0;0,20
APUCARANA;410140803A;PR;Jardim Ponta Grossa;-23,535992;-51,449794;2025-03-29 19:30:00.0;0,40
APUCARANA;410140803A;PR;Jardim Ponta Grossa;-23,535992;-51,449794;2025-03-29 19:40:00.0;0,20
APUCARANA;410140803A;PR;Jardim Ponta Grossa;-23,535992;-51,449794;2025-03-29 19:50:00.0;0,40
APUCARANA;410140803A;PR;Jardim Ponta Grossa;-23,535992;-51,449794;2025-03-29 20:00:00.0;0,40
APUCARANA;410140803A;PR;Jardim Ponta Grossa;-23,535992;-51,449794;2025-03-29 20:10:00.0;0,20
APUCARANA;410140803A;PR;Jardim Ponta Grossa;-23,535992;-51,449794;2025-03-29 20:20:00.0;0,40
APUCARANA;410140803A;PR;Jardim Ponta Grossa;-23,535992;-51,449794;2025-03-29 20:40:00.0;0,20
APUCARANA;410140803A;PR;Jardim Ponta Grossa;-23,535992;-51,449794;2025-03-29 20:50:00.0;0,40
APUCARANA;410140803A;PR;Jardim Ponta Grossa;-23,535992;-51,449794;2025-03-29 21:20:00.0;0,00
APUCARANA;410140803A;PR;Jardim Ponta Grossa;-23,535992;-51,449794;2025-03-29 22:20:00.0;0,00
APUCARANA;410140803A;PR;Jardim Ponta Grossa;-23,535992;-51,449794;2025-03-29 23:20:00.0;0,00
APUCARANA;410140803A;PR;Jardim Ponta Grossa;-23,535992;-51,449794;2025-03-30 00:20:00.0;0,00
APUCARANA;410140803A;PR;Jardim Ponta Grossa;-23,535992;-51,449794;2025-03-30 01:20:00.0;0,00
APUCARANA;410140803A;PR;Jardim Ponta Grossa;-23,535992;-51,449794;2025-03-30 02:20:00.0;0,00
APUCARANA;410140803A;PR;Jardim Ponta Grossa;-23,535992;-51,449794;2025-03-30 03:20:00.0;0,00
APUCARANA;410140803A;PR;Jardim Ponta Grossa;-23,535992;-51,449794;2025-03-30 04:20:00.0;0,00
APUCARANA;410140803A;PR;Jardim Ponta Grossa;-23,535992;-51,449794;2025-03-30 05:20:00.0;0,00
APUCARANA;410140803A;PR;Jardim Ponta Grossa;-23,535992;-51,449794;2025-03-30 06:20:00.0;0,00
APUCARANA;410140803A;PR;Jardim Ponta Grossa;-23,535992;-51,449794;2025-03-30 07:20:00.0;0,00
APUCARANA;410140803A;PR;Jardim Ponta Grossa;-23,535992;-51,449794;2025-03-30 08:20:00.0;0,00
APUCARANA;410140803A;PR;Jardim Ponta Grossa;-23,535992;-51,449794;2025-03-30 09:20:00.0;0,00
APUCARANA;410140803A;PR;Jardim Ponta Grossa;-23,535992;-51,449794;2025-03-30 10:20:00.0;0,00
APUCARANA;410140803A;PR;Jardim Ponta Grossa;-23,535992;-51,449794;2025-03-30 11:20:00.0;0,00
APUCARANA;410140803A;PR;Jardim Ponta Grossa;-23,535992;-51,449794;2025-03-30 12:20:00.0;0,00
APUCARANA;410140803A;PR;Jardim Ponta Grossa;-23,535992;-51,449794;2025-03-30 13:20:00.0;0,00
APUCARANA;410140803A;PR;Jardim Ponta Grossa;-23,535992;-51,449794;2025-03-30 14:20:00.0;0,00
APUCARANA;410140803A;PR;Jardim Ponta Grossa;-23,535992;-51,449794;2025-03-30 15:20:00.0;0,00
APUCARANA;410140803A;PR;Jardim Ponta Grossa;-23,535992;-51,449794;2025-03-30 16:20:00.0;0,00
APUCARANA;410140803A;PR;Jardim Ponta Grossa;-23,535992;-51,449794;2025-03-30 17:20:00.0;0,00
APUCARANA;410140803A;PR;Jardim Ponta Grossa;-23,535992;-51,449794;2025-03-30 18:20:00.0;0,00
APUCARANA;410140803A;PR;Jardim Ponta Grossa;-23,535992;-51,449794;2025-03-30 19:20:00.0;0,00
APUCARANA;410140803A;PR;Jardim Ponta Grossa;-23,535992;-51,449794;2025-03-30 20:20:00.0;0,00
APUCARANA;410140803A;PR;Jardim Ponta Grossa;-23,535992;-51,449794;2025-03-30 21:20:00.0;0,00
APUCARANA;410140803A;PR;Jardim Ponta Grossa;-23,535992;-51,449794;2025-03-30 22:20:00.0;0,00
APUCARANA;410140803A;PR;Jardim Ponta Grossa;-23,535992;-51,449794;2025-03-30 23:20:00.0;0,00
APUCARANA;410140803A;PR;Jardim Ponta Grossa;-23,535992;-51,449794;2025-03-31 00:20:00.0;0,00
APUCARANA;410140803A;PR;Jardim Ponta Grossa;-23,535992;-51,449794;2025-03-31 01:20:00.0;0,00
APUCARANA;410140803A;PR;Jardim Ponta Grossa;-23,535992;-51,449794;2025-03-31 02:20:00.0;0,00
APUCARANA;410140803A;PR;Jardim Ponta Grossa;-23,535992;-51,449794;2025-03-31 03:20:00.0;0,00
APUCARANA;410140803A;PR;Jardim Ponta Grossa;-23,535992;-51,449794;2025-03-31 04:20:00.0;0,00
APUCARANA;410140803A;PR;Jardim Ponta Grossa;-23,535992;-51,449794;2025-03-31 05:20:00.0;0,00
APUCARANA;410140803A;PR;Jardim Ponta Grossa;-23,535992;-51,449794;2025-03-31 06:20:00.0;0,00
APUCARANA;410140803A;PR;Jardim Ponta Grossa;-23,535992;-51,449794;2025-03-31 07:20:00.0;0,00
APUCARANA;410140803A;PR;Jardim Ponta Grossa;-23,535992;-51,449794;2025-03-31 08:20:00.0;0,00
APUCARANA;410140803A;PR;Jardim Ponta Grossa;-23,535992;-51,449794;2025-03-31 09:20:00.0;0,00
APUCARANA;410140803A;PR;Jardim Ponta Grossa;-23,535992;-51,449794;2025-03-31 10:20:00.0;0,00
APUCARANA;410140803A;PR;Jardim Ponta Grossa;-23,535992;-51,449794;2025-03-31 11:20:00.0;0,00
APUCARANA;410140803A;PR;Jardim Ponta Grossa;-23,535992;-51,449794;2025-03-31 12:20:00.0;0,00
APUCARANA;410140803A;PR;Jardim Ponta Grossa;-23,535992;-51,449794;2025-03-31 13:20:00.0;0,00
APUCARANA;410140803A;PR;Jardim Ponta Grossa;-23,535992;-51,449794;2025-03-31 14:20:00.0;0,00
APUCARANA;410140803A;PR;Jardim Ponta Grossa;-23,535992;-51,449794;2025-03-31 15:20:00.0;0,00
APUCARANA;410140803A;PR;Jardim Ponta Grossa;-23,535992;-51,449794;2025-03-31 16:20:00.0;0,00
APUCARANA;410140803A;PR;Jardim Ponta Grossa;-23,535992;-51,449794;2025-03-31 17:20:00.0;0,00
APUCARANA;410140803A;PR;Jardim Ponta Grossa;-23,535992;-51,449794;2025-03-31 18:20:00.0;0,00
APUCARANA;410140803A;PR;Jardim Ponta Grossa;-23,535992;-51,449794;2025-03-31 19:20:00.0;0,00
APUCARANA;410140803A;PR;Jardim Ponta Grossa;-23,535992;-51,449794;2025-03-31 20:20:00.0;0,00
APUCARANA;410140803A;PR;Jardim Ponta Grossa;-23,535992;-51,449794;2025-03-31 21:20:00.0;0,00
APUCARANA;410140803A;PR;Jardim Ponta Grossa;-23,535992;-51,449794;2025-03-31 22:20:00.0;0,00
APUCARANA;410140803A;PR;Jardim Ponta Grossa;-23,535992;-51,449794;2025-03-31 23:20:00.0;0,00
ARAPUÃ;410165501A;PR;Arapua01;-24,307;-51,784;2025-03-01 00:00:00.0;0,00
ARAPUÃ;410165501A;PR;Arapua01;-24,307;-51,784;2025-03-01 01:00:00.0;0,00
ARAPUÃ;410165501A;PR;Arapua01;-24,307;-51,784;2025-03-01 02:00:00.0;0,00
ARAPUÃ;410165501A;PR;Arapua01;-24,307;-51,784;2025-03-01 03:00:00.0;0,00
ARAPUÃ;410165501A;PR;Arapua01;-24,307;-51,784;2025-03-01 04:00:00.0;0,00
ARAPUÃ;410165501A;PR;Arapua01;-24,307;-51,784;2025-03-01 05:00:00.0;0,00
ARAPUÃ;410165501A;PR;Arapua01;-24,307;-51,784;2025-03-01 06:00:00.0;0,00
ARAPUÃ;410165501A;PR;Arapua01;-24,307;-51,784;2025-03-01 07:00:00.0;0,00
ARAPUÃ;410165501A;PR;Arapua01;-24,307;-51,784;2025-03-01 08:00:00.0;0,00
ARAPUÃ;410165501A;PR;Arapua01;-24,307;-51,784;2025-03-01 09:00:00.0;0,00
ARAPUÃ;410165501A;PR;Arapua01;-24,307;-51,784;2025-03-01 10:00:00.0;0,00
ARAPUÃ;410165501A;PR;Arapua01;-24,307;-51,784;2025-03-01 11:00:00.0;0,00
ARAPUÃ;410165501A;PR;Arapua01;-24,307;-51,784;2025-03-01 12:00:00.0;0,00
ARAPUÃ;410165501A;PR;Arapua01;-24,307;-51,784;2025-03-01 13:00:00.0;0,00
ARAPUÃ;410165501A;PR;Arapua01;-24,307;-51,784;2025-03-01 14:00:00.0;0,00
ARAPUÃ;410165501A;PR;Arapua01;-24,307;-51,784;2025-03-01 15:00:00.0;0,00
ARAPUÃ;410165501A;PR;Arapua01;-24,307;-51,784;2025-03-01 16:00:00.0;0,00
ARAPUÃ;410165501A;PR;Arapua01;-24,307;-51,784;2025-03-01 17:00:00.0;0,00
ARAPUÃ;410165501A;PR;Arapua01;-24,307;-51,784;2025-03-01 18:00:00.0;0,00
ARAPUÃ;410165501A;PR;Arapua01;-24,307;-51,784;2025-03-01 19:00:00.0;0,00
ARAPUÃ;410165501A;PR;Arapua01;-24,307;-51,784;2025-03-01 20:00:00.0;0,00
ARAPUÃ;410165501A;PR;Arapua01;-24,307;-51,784;2025-03-01 21:00:00.0;0,00
ARAPUÃ;410165501A;PR;Arapua01;-24,307;-51,784;2025-03-01 22:00:00.0;0,00
ARAPUÃ;410165501A;PR;Arapua01;-24,307;-51,784;2025-03-01 23:00:00.0;0,00
ARAPUÃ;410165501A;PR;Arapua01;-24,307;-51,784;2025-03-02 00:00:00.0;0,00
ARAPUÃ;410165501A;PR;Arapua01;-24,307;-51,784;2025-03-02 01:00:00.0;0,00
ARAPUÃ;410165501A;PR;Arapua01;-24,307;-51,784;2025-03-02 02:00:00.0;0,00
ARAPUÃ;410165501A;PR;Arapua01;-24,307;-51,784;2025-03-02 03:00:00.0;0,00
ARAPUÃ;410165501A;PR;Arapua01;-24,307;-51,784;2025-03-02 04:00:00.0;0,00
ARAPUÃ;410165501A;PR;Arapua01;-24,307;-51,784;2025-03-02 05:00:00.0;0,00
ARAPUÃ;410165501A;PR;Arapua01;-24,307;-51,784;2025-03-02 06:00:00.0;0,00
ARAPUÃ;410165501A;PR;Arapua01;-24,307;-51,784;2025-03-02 07:00:00.0;0,00
ARAPUÃ;410165501A;PR;Arapua01;-24,307;-51,784;2025-03-02 08:00:00.0;0,00
ARAPUÃ;410165501A;PR;Arapua01;-24,307;-51,784;2025-03-02 09:00:00.0;0,00
ARAPUÃ;410165501A;PR;Arapua01;-24,307;-51,784;2025-03-02 10:00:00.0;0,00
ARAPUÃ;410165501A;PR;Arapua01;-24,307;-51,784;2025-03-02 11:00:00.0;0,00
ARAPUÃ;410165501A;PR;Arapua01;-24,307;-51,784;2025-03-02 12:00:00.0;0,00
ARAPUÃ;410165501A;PR;Arapua01;-24,307;-51,784;2025-03-02 13:00:00.0;0,00
ARAPUÃ;410165501A;PR;Arapua01;-24,307;-51,784;2025-03-02 14:00:00.0;0,00
ARAPUÃ;410165501A;PR;Arapua01;-24,307;-51,784;2025-03-02 15:00:00.0;0,00
ARAPUÃ;410165501A;PR;Arapua01;-24,307;-51,784;2025-03-02 16:00:00.0;0,00
ARAPUÃ;410165501A;PR;Arapua01;-24,307;-51,784;2025-03-02 17:00:00.0;0,00
ARAPUÃ;410165501A;PR;Arapua01;-24,307;-51,784;2025-03-02 18:00:00.0;0,00
ARAPUÃ;410165501A;PR;Arapua01;-24,307;-51,784;2025-03-02 19:00:00.0;0,00
ARAPUÃ;410165501A;PR;Arapua01;-24,307;-51,784;2025-03-02 20:00:00.0;0,00
ARAPUÃ;410165501A;PR;Arapua01;-24,307;-51,784;2025-03-02 21:00:00.0;0,00
ARAPUÃ;410165501A;PR;Arapua01;-24,307;-51,784;2025-03-02 22:00:00.0;0,00
ARAPUÃ;410165501A;PR;Arapua01;-24,307;-51,784;2025-03-02 23:00:00.0;0,00
ARAPUÃ;410165501A;PR;Arapua01;-24,307;-51,784;2025-03-03 00:00:00.0;0,00
ARAPUÃ;410165501A;PR;Arapua01;-24,307;-51,784;2025-03-03 01:00:00.0;0,00
ARAPUÃ;410165501A;PR;Arapua01;-24,307;-51,784;2025-03-03 02:00:00.0;0,00
ARAPUÃ;410165501A;PR;Arapua01;-24,307;-51,784;2025-03-03 03:00:00.0;0,00
ARAPUÃ;410165501A;PR;Arapua01;-24,307;-51,784;2025-03-03 04:00:00.0;0,00
ARAPUÃ;410165501A;PR;Arapua01;-24,307;-51,784;2025-03-03 05:00:00.0;0,00
ARAPUÃ;410165501A;PR;Arapua01;-24,307;-51,784;2025-03-03 06:00:00.0;0,00
ARAPUÃ;410165501A;PR;Arapua01;-24,307;-51,784;2025-03-03 07:00:00.0;0,00
ARAPUÃ;410165501A;PR;Arapua01;-24,307;-51,784;2025-03-03 08:00:00.0;0,00
ARAPUÃ;410165501A;PR;Arapua01;-24,307;-51,784;2025-03-03 09:00:00.0;0,00
ARAPUÃ;410165501A;PR;Arapua01;-24,307;-51,784;2025-03-03 10:00:00.0;0,00
ARAPUÃ;410165501A;PR;Arapua01;-24,307;-51,784;2025-03-03 11:00:00.0;0,00
ARAPUÃ;410165501A;PR;Arapua01;-24,307;-51,784;2025-03-03 12:00:00.0;0,00
ARAPUÃ;410165501A;PR;Arapua01;-24,307;-51,784;2025-03-03 13:00:00.0;0,00
ARAPUÃ;410165501A;PR;Arapua01;-24,307;-51,784;2025-03-03 14:00:00.0;0,00
ARAPUÃ;410165501A;PR;Arapua01;-24,307;-51,784;2025-03-03 15:00:00.0;0,00
ARAPUÃ;410165501A;PR;Arapua01;-24,307;-51,784;2025-03-03 16:00:00.0;0,00
ARAPUÃ;410165501A;PR;Arapua01;-24,307;-51,784;2025-03-03 17:00:00.0;0,00
ARAPUÃ;410165501A;PR;Arapua01;-24,307;-51,784;2025-03-03 18:00:00.0;0,00
ARAPUÃ;410165501A;PR;Arapua01;-24,307;-51,784;2025-03-03 19:00:00.0;0,00
ARAPUÃ;410165501A;PR;Arapua01;-24,307;-51,784;2025-03-03 20:00:00.0;0,00
ARAPUÃ;410165501A;PR;Arapua01;-24,307;-51,784;2025-03-03 21:00:00.0;0,00
ARAPUÃ;410165501A;PR;Arapua01;-24,307;-51,784;2025-03-03 22:00:00.0;0,00
ARAPUÃ;410165501A;PR;Arapua01;-24,307;-51,784;2025-03-03 23:00:00.0;0,00
ARAPUÃ;410165501A;PR;Arapua01;-24,307;-51,784;2025-03-04 00:00:00.0;0,00
ARAPUÃ;410165501A;PR;Arapua01;-24,307;-51,784;2025-03-04 01:00:00.0;0,00
ARAPUÃ;410165501A;PR;Arapua01;-24,307;-51,784;2025-03-04 02:00:00.0;0,00
ARAPUÃ;410165501A;PR;Arapua01;-24,307;-51,784;2025-03-04 03:00:00.0;0,00
ARAPUÃ;410165501A;PR;Arapua01;-24,307;-51,784;2025-03-04 04:00:00.0;0,00
ARAPUÃ;410165501A;PR;Arapua01;-24,307;-51,784;2025-03-04 05:00:00.0;0,00
ARAPUÃ;410165501A;PR;Arapua01;-24,307;-51,784;2025-03-04 06:00:00.0;0,00
ARAPUÃ;410165501A;PR;Arapua01;-24,307;-51,784;2025-03-04 07:00:00.0;0,00
ARAPUÃ;410165501A;PR;Arapua01;-24,307;-51,784;2025-03-04 08:00:00.0;0,00
ARAPUÃ;410165501A;PR;Arapua01;-24,307;-51,784;2025-03-04 09:00:00.0;0,00
ARAPUÃ;410165501A;PR;Arapua01;-24,307;-51,784;2025-03-04 10:00:00.0;0,00
ARAPUÃ;410165501A;PR;Arapua01;-24,307;-51,784;2025-03-04 11:00:00.0;0,00
ARAPUÃ;410165501A;PR;Arapua01;-24,307;-51,784;2025-03-04 12:00:00.0;0,00
ARAPUÃ;410165501A;PR;Arapua01;-24,307;-51,784;2025-03-04 13:00:00.0;0,00
ARAPUÃ;410165501A;PR;Arapua01;-24,307;-51,784;2025-03-04 14:00:00.0;0,00
ARAPUÃ;410165501A;PR;Arapua01;-24,307;-51,784;2025-03-04 15:00:00.0;0,00
ARAPUÃ;410165501A;PR;Arapua01;-24,307;-51,784;2025-03-04 16:00:00.0;0,00
ARAPUÃ;410165501A;PR;Arapua01;-24,307;-51,784;2025-03-04 17:00:00.0;0,00
ARAPUÃ;410165501A;PR;Arapua01;-24,307;-51,784;2025-03-04 18:00:00.0;0,00
ARAPUÃ;410165501A;PR;Arapua01;-24,307;-51,784;2025-03-04 19:00:00.0;0,00
ARAPUÃ;410165501A;PR;Arapua01;-24,307;-51,784;2025-03-04 20:00:00.0;0,00
ARAPUÃ;410165501A;PR;Arapua01;-24,307;-51,784;2025-03-04 21:00:00.0;0,00
ARAPUÃ;410165501A;PR;Arapua01;-24,307;-51,784;2025-03-04 22:00:00.0;0,00
ARAPUÃ;410165501A;PR;Arapua01;-24,307;-51,784;2025-03-04 23:00:00.0;0,00
ARAPUÃ;410165501A;PR;Arapua01;-24,307;-51,784;2025-03-05 00:00:00.0;0,00
ARAPUÃ;410165501A;PR;Arapua01;-24,307;-51,784;2025-03-05 01:00:00.0;0,00
ARAPUÃ;410165501A;PR;Arapua01;-24,307;-51,784;2025-03-05 02:00:00.0;0,00
ARAPUÃ;410165501A;PR;Arapua01;-24,307;-51,784;2025-03-05 03:00:00.0;0,00
ARAPUÃ;410165501A;PR;Arapua01;-24,307;-51,784;2025-03-05 04:00:00.0;0,00
ARAPUÃ;410165501A;PR;Arapua01;-24,307;-51,784;2025-03-05 05:00:00.0;0,00
ARAPUÃ;410165501A;PR;Arapua01;-24,307;-51,784;2025-03-05 06:00:00.0;0,00
ARAPUÃ;410165501A;PR;Arapua01;-24,307;-51,784;2025-03-05 07:00:00.0;0,00
ARAPUÃ;410165501A;PR;Arapua01;-24,307;-51,784;2025-03-05 08:00:00.0;0,00
ARAPUÃ;410165501A;PR;Arapua01;-24,307;-51,784;2025-03-05 09:00:00.0;0,00
ARAPUÃ;410165501A;PR;Arapua01;-24,307;-51,784;2025-03-05 10:00:00.0;0,00
ARAPUÃ;410165501A;PR;Arapua01;-24,307;-51,784;2025-03-05 11:00:00.0;0,00
ARAPUÃ;410165501A;PR;Arapua01;-24,307;-51,784;2025-03-05 12:00:00.0;0,00
ARAPUÃ;410165501A;PR;Arapua01;-24,307;-51,784;2025-03-05 13:00:00.0;0,00
ARAPUÃ;410165501A;PR;Arapua01;-24,307;-51,784;2025-03-05 14:00:00.0;0,00
ARAPUÃ;410165501A;PR;Arapua01;-24,307;-51,784;2025-03-05 15:00:00.0;0,00
ARAPUÃ;410165501A;PR;Arapua01;-24,307;-51,784;2025-03-05 16:00:00.0;0,00
ARAPUÃ;410165501A;PR;Arapua01;-24,307;-51,784;2025-03-05 16:40:00.0;0,20
ARAPUÃ;410165501A;PR;Arapua01;-24,307;-51,784;2025-03-05 16:50:00.0;0,98
ARAPUÃ;410165501A;PR;Arapua01;-24,307;-51,784;2025-03-05 17:10:00.0;0,59
ARAPUÃ;410165501A;PR;Arapua01;-24,307;-51,784;2025-03-05 18:00:00.0;0,00
ARAPUÃ;410165501A;PR;Arapua01;-24,307;-51,784;2025-03-05 19:00:00.0;0,00
ARAPUÃ;410165501A;PR;Arapua01;-24,307;-51,784;2025-03-05 20:00:00.0;0,00
ARAPUÃ;410165501A;PR;Arapua01;-24,307;-51,784;2025-03-05 21:00:00.0;0,00
ARAPUÃ;410165501A;PR;Arapua01;-24,307;-51,784;2025-03-05 22:00:00.0;0,00
ARAPUÃ;410165501A;PR;Arapua01;-24,307;-51,784;2025-03-05 23:00:00.0;0,00
ARAPUÃ;410165501A;PR;Arapua01;-24,307;-51,784;2025-03-06 00:00:00.0;0,00
ARAPUÃ;410165501A;PR;Arapua01;-24,307;-51,784;2025-03-06 01:00:00.0;0,00
ARAPUÃ;410165501A;PR;Arapua01;-24,307;-51,784;2025-03-06 02:00:00.0;0,00
ARAPUÃ;410165501A;PR;Arapua01;-24,307;-51,784;2025-03-06 03:00:00.0;0,00
ARAPUÃ;410165501A;PR;Arapua01;-24,307;-51,784;2025-03-06 04:00:00.0;0,00
ARAPUÃ;410165501A;PR;Arapua01;-24,307;-51,784;2025-03-06 05:00:00.0;0,00
ARAPUÃ;410165501A;PR;Arapua01;-24,307;-51,784;2025-03-06 06:00:00.0;0,00
ARAPUÃ;410165501A;PR;Arapua01;-24,307;-51,784;2025-03-06 07:00:00.0;0,00
ARAPUÃ;410165501A;PR;Arapua01;-24,307;-51,784;2025-03-06 08:00:00.0;0,00
ARAPUÃ;410165501A;PR;Arapua01;-24,307;-51,784;2025-03-06 09:00:00.0;0,00
ARAPUÃ;410165501A;PR;Arapua01;-24,307;-51,784;2025-03-06 10:00:00.0;0,00
ARAPUÃ;410165501A;PR;Arapua01;-24,307;-51,784;2025-03-06 11:00:00.0;0,00
ARAPUÃ;410165501A;PR;Arapua01;-24,307;-51,784;2025-03-06 12:00:00.0;0,00
ARAPUÃ;410165501A;PR;Arapua01;-24,307;-51,784;2025-03-06 13:00:00.0;0,00
ARAPUÃ;410165501A;PR;Arapua01;-24,307;-51,784;2025-03-06 14:00:00.0;0,00
ARAPUÃ;410165501A;PR;Arapua01;-24,307;-51,784;2025-03-06 15:00:00.0;0,00
ARAPUÃ;410165501A;PR;Arapua01;-24,307;-51,784;2025-03-06 16:00:00.0;0,00
ARAPUÃ;410165501A;PR;Arapua01;-24,307;-51,784;2025-03-06 17:00:00.0;0,00
ARAPUÃ;410165501A;PR;Arapua01;-24,307;-51,784;2025-03-06 18:00:00.0;0,00
ARAPUÃ;410165501A;PR;Arapua01;-24,307;-51,784;2025-03-06 19:00:00.0;0,00
ARAPUÃ;410165501A;PR;Arapua01;-24,307;-51,784;2025-03-06 20:00:00.0;0,00
ARAPUÃ;410165501A;PR;Arapua01;-24,307;-51,784;2025-03-06 21:00:00.0;0,00
ARAPUÃ;410165501A;PR;Arapua01;-24,307;-51,784;2025-03-06 22:00:00.0;0,00
ARAPUÃ;410165501A;PR;Arapua01;-24,307;-51,784;2025-03-06 23:00:00.0;0,00
ARAPUÃ;410165501A;PR;Arapua01;-24,307;-51,784;2025-03-07 00:00:00.0;0,00
ARAPUÃ;410165501A;PR;Arapua01;-24,307;-51,784;2025-03-07 01:00:00.0;0,00
ARAPUÃ;410165501A;PR;Arapua01;-24,307;-51,784;2025-03-07 02:00:00.0;0,00
ARAPUÃ;410165501A;PR;Arapua01;-24,307;-51,784;2025-03-07 03:00:00.0;0,00
ARAPUÃ;410165501A;PR;Arapua01;-24,307;-51,784;2025-03-07 04:00:00.0;0,00
ARAPUÃ;410165501A;PR;Arapua01;-24,307;-51,784;2025-03-07 05:00:00.0;0,00
ARAPUÃ;410165501A;PR;Arapua01;-24,307;-51,784;2025-03-07 06:00:00.0;0,00
ARAPUÃ;410165501A;PR;Arapua01;-24,307;-51,784;2025-03-07 07:00:00.0;0,00
ARAPUÃ;410165501A;PR;Arapua01;-24,307;-51,784;2025-03-07 08:00:00.0;0,00
ARAPUÃ;410165501A;PR;Arapua01;-24,307;-51,784;2025-03-07 09:00:00.0;0,00
ARAPUÃ;410165501A;PR;Arapua01;-24,307;-51,784;2025-03-07 10:00:00.0;0,00
ARAPUÃ;410165501A;PR;Arapua01;-24,307;-51,784;2025-03-07 11:00:00.0;0,00
ARAPUÃ;410165501A;PR;Arapua01;-24,307;-51,784;2025-03-07 12:00:00.0;0,00
ARAPUÃ;410165501A;PR;Arapua01;-24,307;-51,784;2025-03-07 13:00:00.0;0,00
ARAPUÃ;410165501A;PR;Arapua01;-24,307;-51,784;2025-03-07 14:00:00.0;0,00
ARAPUÃ;410165501A;PR;Arapua01;-24,307;-51,784;2025-03-07 15:00:00.0;0,00
ARAPUÃ;410165501A;PR;Arapua01;-24,307;-51,784;2025-03-07 16:00:00.0;0,00
ARAPUÃ;410165501A;PR;Arapua01;-24,307;-51,784;2025-03-07 17:00:00.0;0,00
ARAPUÃ;410165501A;PR;Arapua01;-24,307;-51,784;2025-03-07 18:00:00.0;0,00
ARAPUÃ;410165501A;PR;Arapua01;-24,307;-51,784;2025-03-07 19:00:00.0;0,00
ARAPUÃ;410165501A;PR;Arapua01;-24,307;-51,784;2025-03-07 20:00:00.0;0,00
ARAPUÃ;410165501A;PR;Arapua01;-24,307;-51,784;2025-03-07 21:00:00.0;0,00
ARAPUÃ;410165501A;PR;Arapua01;-24,307;-51,784;2025-03-07 22:00:00.0;0,00
ARAPUÃ;410165501A;PR;Arapua01;-24,307;-51,784;2025-03-07 23:00:00.0;0,00
ARAPUÃ;410165501A;PR;Arapua01;-24,307;-51,784;2025-03-08 00:00:00.0;0,00
ARAPUÃ;410165501A;PR;Arapua01;-24,307;-51,784;2025-03-08 01:00:00.0;0,00
ARAPUÃ;410165501A;PR;Arapua01;-24,307;-51,784;2025-03-08 02:00:00.0;0,00
ARAPUÃ;410165501A;PR;Arapua01;-24,307;-51,784;2025-03-08 03:00:00.0;0,00
ARAPUÃ;410165501A;PR;Arapua01;-24,307;-51,784;2025-03-08 04:00:00.0;0,00
ARAPUÃ;410165501A;PR;Arapua01;-24,307;-51,784;2025-03-08 05:00:00.0;0,00
ARAPUÃ;410165501A;PR;Arapua01;-24,307;-51,784;2025-03-08 06:00:00.0;0,00
ARAPUÃ;410165501A;PR;Arapua01;-24,307;-51,784;2025-03-08 07:00:00.0;0,00
ARAPUÃ;410165501A;PR;Arapua01;-24,307;-51,784;2025-03-08 08:00:00.0;0,00
ARAPUÃ;410165501A;PR;Arapua01;-24,307;-51,784;2025-03-08 09:00:00.0;0,00
ARAPUÃ;410165501A;PR;Arapua01;-24,307;-51,784;2025-03-08 10:00:00.0;0,00
ARAPUÃ;410165501A;PR;Arapua01;-24,307;-51,784;2025-03-08 11:00:00.0;0,00
ARAPUÃ;410165501A;PR;Arapua01;-24,307;-51,784;2025-03-08 12:00:00.0;0,00
ARAPUÃ;410165501A;PR;Arapua01;-24,307;-51,784;2025-03-08 13:00:00.0;0,00
ARAPUÃ;410165501A;PR;Arapua01;-24,307;-51,784;2025-03-08 14:00:00.0;0,00
ARAPUÃ;410165501A;PR;Arapua01;-24,307;-51,784;2025-03-08 15:00:00.0;0,00
ARAPUÃ;410165501A;PR;Arapua01;-24,307;-51,784;2025-03-08 16:00:00.0;0,00
ARAPUÃ;410165501A;PR;Arapua01;-24,307;-51,784;2025-03-08 17:00:00.0;0,00
ARAPUÃ;410165501A;PR;Arapua01;-24,307;-51,784;2025-03-08 18:00:00.0;0,00
ARAPUÃ;410165501A;PR;Arapua01;-24,307;-51,784;2025-03-08 19:00:00.0;0,00
ARAPUÃ;410165501A;PR;Arapua01;-24,307;-51,784;2025-03-08 20:00:00.0;0,00
ARAPUÃ;410165501A;PR;Arapua01;-24,307;-51,784;2025-03-08 21:00:00.0;0,00
ARAPUÃ;410165501A;PR;Arapua01;-24,307;-51,784;2025-03-08 22:00:00.0;0,00
ARAPUÃ;410165501A;PR;Arapua01;-24,307;-51,784;2025-03-08 23:00:00.0;0,00
ARAPUÃ;410165501A;PR;Arapua01;-24,307;-51,784;2025-03-09 00:00:00.0;0,00
ARAPUÃ;410165501A;PR;Arapua01;-24,307;-51,784;2025-03-09 01:00:00.0;0,00
ARAPUÃ;410165501A;PR;Arapua01;-24,307;-51,784;2025-03-09 02:00:00.0;0,00
ARAPUÃ;410165501A;PR;Arapua01;-24,307;-51,784;2025-03-09 03:00:00.0;0,00
ARAPUÃ;410165501A;PR;Arapua01;-24,307;-51,784;2025-03-09 04:00:00.0;0,00
ARAPUÃ;410165501A;PR;Arapua01;-24,307;-51,784;2025-03-09 05:00:00.0;0,00
ARAPUÃ;410165501A;PR;Arapua01;-24,307;-51,784;2025-03-09 06:00:00.0;0,00
ARAPUÃ;410165501A;PR;Arapua01;-24,307;-51,784;2025-03-09 07:00:00.0;0,00
ARAPUÃ;410165501A;PR;Arapua01;-24,307;-51,784;2025-03-09 08:00:00.0;0,00
ARAPUÃ;410165501A;PR;Arapua01;-24,307;-51,784;2025-03-09 09:00:00.0;0,00
ARAPUÃ;410165501A;PR;Arapua01;-24,307;-51,784;2025-03-09 10:00:00.0;0,00
ARAPUÃ;410165501A;PR;Arapua01;-24,307;-51,784;2025-03-09 11:00:00.0;0,00
ARAPUÃ;410165501A;PR;Arapua01;-24,307;-51,784;2025-03-09 12:00:00.0;0,00
ARAPUÃ;410165501A;PR;Arapua01;-24,307;-51,784;2025-03-09 13:00:00.0;0,00
ARAPUÃ;410165501A;PR;Arapua01;-24,307;-51,784;2025-03-09 14:00:00.0;0,00
ARAPUÃ;410165501A;PR;Arapua01;-24,307;-51,784;2025-03-09 15:00:00.0;0,00
ARAPUÃ;410165501A;PR;Arapua01;-24,307;-51,784;2025-03-09 16:00:00.0;0,00
ARAPUÃ;410165501A;PR;Arapua01;-24,307;-51,784;2025-03-09 17:00:00.0;0,00
ARAPUÃ;410165501A;PR;Arapua01;-24,307;-51,784;2025-03-09 18:00:00.0;0,00
ARAPUÃ;410165501A;PR;Arapua01;-24,307;-51,784;2025-03-09 19:00:00.0;0,00
ARAPUÃ;410165501A;PR;Arapua01;-24,307;-51,784;2025-03-09 20:00:00.0;0,00
ARAPUÃ;410165501A;PR;Arapua01;-24,307;-51,784;2025-03-09 21:00:00.0;0,00
ARAPUÃ;410165501A;PR;Arapua01;-24,307;-51,784;2025-03-09 22:00:00.0;0,00
ARAPUÃ;410165501A;PR;Arapua01;-24,307;-51,784;2025-03-09 23:00:00.0;0,00
ARAPUÃ;410165501A;PR;Arapua01;-24,307;-51,784;2025-03-10 00:00:00.0;0,00
ARAPUÃ;410165501A;PR;Arapua01;-24,307;-51,784;2025-03-10 01:00:00.0;0,00
ARAPUÃ;410165501A;PR;Arapua01;-24,307;-51,784;2025-03-10 02:00:00.0;0,00
ARAPUÃ;410165501A;PR;Arapua01;-24,307;-51,784;2025-03-10 03:00:00.0;0,00
ARAPUÃ;410165501A;PR;Arapua01;-24,307;-51,784;2025-03-10 04:00:00.0;0,00
ARAPUÃ;410165501A;PR;Arapua01;-24,307;-51,784;2025-03-10 05:00:00.0;0,00
ARAPUÃ;410165501A;PR;Arapua01;-24,307;-51,784;2025-03-10 06:00:00.0;0,00
ARAPUÃ;410165501A;PR;Arapua01;-24,307;-51,784;2025-03-10 07:00:00.0;0,00
ARAPUÃ;410165501A;PR;Arapua01;-24,307;-51,784;2025-03-10 08:00:00.0;0,00
ARAPUÃ;410165501A;PR;Arapua01;-24,307;-51,784;2025-03-10 09:00:00.0;0,00
ARAPUÃ;410165501A;PR;Arapua01;-24,307;-51,784;2025-03-10 10:00:00.0;0,00
ARAPUÃ;410165501A;PR;Arapua01;-24,307;-51,784;2025-03-10 11:00:00.0;0,00
ARAPUÃ;410165501A;PR;Arapua01;-24,307;-51,784;2025-03-10 12:00:00.0;0,00
ARAPUÃ;410165501A;PR;Arapua01;-24,307;-51,784;2025-03-10 13:00:00.0;0,00
ARAPUÃ;410165501A;PR;Arapua01;-24,307;-51,784;2025-03-10 14:00:00.0;0,00
ARAPUÃ;410165501A;PR;Arapua01;-24,307;-51,784;2025-03-10 15:00:00.0;0,00
ARAPUÃ;410165501A;PR;Arapua01;-24,307;-51,784;2025-03-10 16:00:00.0;0,00
ARAPUÃ;410165501A;PR;Arapua01;-24,307;-51,784;2025-03-10 17:00:00.0;0,00
ARAPUÃ;410165501A;PR;Arapua01;-24,307;-51,784;2025-03-10 18:00:00.0;0,00
ARAPUÃ;410165501A;PR;Arapua01;-24,307;-51,784;2025-03-10 19:00:00.0;0,00
ARAPUÃ;410165501A;PR;Arapua01;-24,307;-51,784;2025-03-10 20:00:00.0;0,00
ARAPUÃ;410165501A;PR;Arapua01;-24,307;-51,784;2025-03-10 21:00:00.0;0,00
ARAPUÃ;410165501A;PR;Arapua01;-24,307;-51,784;2025-03-10 22:00:00.0;0,00
ARAPUÃ;410165501A;PR;Arapua01;-24,307;-51,784;2025-03-10 23:00:00.0;0,00
ARAPUÃ;410165501A;PR;Arapua01;-24,307;-51,784;2025-03-11 00:00:00.0;0,00
ARAPUÃ;410165501A;PR;Arapua01;-24,307;-51,784;2025-03-11 01:00:00.0;0,00
ARAPUÃ;410165501A;PR;Arapua01;-24,307;-51,784;2025-03-11 01:10:00.0;0,20
ARAPUÃ;410165501A;PR;Arapua01;-24,307;-51,784;2025-03-11 01:20:00.0;0,20
ARAPUÃ;410165501A;PR;Arapua01;-24,307;-51,784;2025-03-11 01:30:00.0;0,20
ARAPUÃ;410165501A;PR;Arapua01;-24,307;-51,784;2025-03-11 02:00:00.0;0,00
ARAPUÃ;410165501A;PR;Arapua01;-24,307;-51,784;2025-03-11 02:20:00.0;0,20
ARAPUÃ;410165501A;PR;Arapua01;-24,307;-51,784;2025-03-11 02:30:00.0;0,39
ARAPUÃ;410165501A;PR;Arapua01;-24,307;-51,784;2025-03-11 03:00:00.0;0,00
ARAPUÃ;410165501A;PR;Arapua01;-24,307;-51,784;2025-03-11 04:00:00.0;0,00
ARAPUÃ;410165501A;PR;Arapua01;-24,307;-51,784;2025-03-11 05:00:00.0;0,00
ARAPUÃ;410165501A;PR;Arapua01;-24,307;-51,784;2025-03-11 06:00:00.0;0,00
ARAPUÃ;410165501A;PR;Arapua01;-24,307;-51,784;2025-03-11 07:00:00.0;0,00
ARAPUÃ;410165501A;PR;Arapua01;-24,307;-51,784;2025-03-11 08:00:00.0;0,00
ARAPUÃ;410165501A;PR;Arapua01;-24,307;-51,784;2025-03-11 09:00:00.0;0,00
ARAPUÃ;410165501A;PR;Arapua01;-24,307;-51,784;2025-03-11 09:10:00.0;0,20
ARAPUÃ;410165501A;PR;Arapua01;-24,307;-51,784;2025-03-11 10:00:00.0;0,00
ARAPUÃ;410165501A;PR;Arapua01;-24,307;-51,784;2025-03-11 11:00:00.0;0,00
ARAPUÃ;410165501A;PR;Arapua01;-24,307;-51,784;2025-03-11 12:00:00.0;0,00
ARAPUÃ;410165501A;PR;Arapua01;-24,307;-51,784;2025-03-11 13:00:00.0;0,00
ARAPUÃ;410165501A;PR;Arapua01;-24,307;-51,784;2025-03-11 14:00:00.0;0,00
ARAPUÃ;410165501A;PR;Arapua01;-24,307;-51,784;2025-03-11 15:00:00.0;0,00
ARAPUÃ;410165501A;PR;Arapua01;-24,307;-51,784;2025-03-11 16:00:00.0;0,00
ARAPUÃ;410165501A;PR;Arapua01;-24,307;-51,784;2025-03-11 17:00:00.0;0,00
ARAPUÃ;410165501A;PR;Arapua01;-24,307;-51,784;2025-03-11 17:50:00.0;0,79
ARAPUÃ;410165501A;PR;Arapua01;-24,307;-51,784;2025-03-11 18:00:00.0;0,39
ARAPUÃ;410165501A;PR;Arapua01;-24,307;-51,784;2025-03-11 19:00:00.0;0,00
ARAPUÃ;410165501A;PR;Arapua01;-24,307;-51,784;2025-03-11 20:00:00.0;0,00
ARAPUÃ;410165501A;PR;Arapua01;-24,307;-51,784;2025-03-11 21:00:00.0;0,00
ARAPUÃ;410165501A;PR;Arapua01;-24,307;-51,784;2025-03-11 22:00:00.0;0,00
ARAPUÃ;410165501A;PR;Arapua01;-24,307;-51,784;2025-03-11 22:50:00.0;0,20
ARAPUÃ;410165501A;PR;Arapua01;-24,307;-51,784;2025-03-11 23:00:00.0;0,20
ARAPUÃ;410165501A;PR;Arapua01;-24,307;-51,784;2025-03-11 23:20:00.0;0,20
ARAPUÃ;410165501A;PR;Arapua01;-24,307;-51,784;2025-03-12 00:00:00.0;0,00
ARAPUÃ;410165501A;PR;Arapua01;-24,307;-51,784;2025-03-12 01:00:00.0;0,00
ARAPUÃ;410165501A;PR;Arapua01;-24,307;-51,784;2025-03-12 02:00:00.0;0,00
ARAPUÃ;410165501A;PR;Arapua01;-24,307;-51,784;2025-03-12 03:00:00.0;0,00
ARAPUÃ;410165501A;PR;Arapua01;-24,307;-51,784;2025-03-12 04:00:00.0;0,00
ARAPUÃ;410165501A;PR;Arapua01;-24,307;-51,784;2025-03-12 05:00:00.0;0,00
ARAPUÃ;410165501A;PR;Arapua01;-24,307;-51,784;2025-03-12 06:00:00.0;0,00
ARAPUÃ;410165501A;PR;Arapua01;-24,307;-51,784;2025-03-12 07:00:00.0;0,00
ARAPUÃ;410165501A;PR;Arapua01;-24,307;-51,784;2025-03-12 08:00:00.0;0,00
ARAPUÃ;410165501A;PR;Arapua01;-24,307;-51,784;2025-03-12 09:00:00.0;0,00
ARAPUÃ;410165501A;PR;Arapua01;-24,307;-51,784;2025-03-12 10:00:00.0;0,00
ARAPUÃ;410165501A;PR;Arapua01;-24,307;-51,784;2025-03-12 11:00:00.0;0,00
ARAPUÃ;410165501A;PR;Arapua01;-24,307;-51,784;2025-03-12 12:00:00.0;0,00
ARAPUÃ;410165501A;PR;Arapua01;-24,307;-51,784;2025-03-12 13:00:00.0;0,00
ARAPUÃ;410165501A;PR;Arapua01;-24,307;-51,784;2025-03-12 14:00:00.0;0,00
ARAPUÃ;410165501A;PR;Arapua01;-24,307;-51,784;2025-03-12 15:00:00.0;0,00
ARAPUÃ;410165501A;PR;Arapua01;-24,307;-51,784;2025-03-12 16:00:00.0;0,00
ARAPUÃ;410165501A;PR;Arapua01;-24,307;-51,784;2025-03-12 17:00:00.0;0,00
ARAPUÃ;410165501A;PR;Arapua01;-24,307;-51,784;2025-03-12 18:00:00.0;0,00
ARAPUÃ;410165501A;PR;Arapua01;-24,307;-51,784;2025-03-12 19:00:00.0;0,00
ARAPUÃ;410165501A;PR;Arapua01;-24,307;-51,784;2025-03-12 20:00:00.0;0,00
ARAPUÃ;410165501A;PR;Arapua01;-24,307;-51,784;2025-03-12 21:00:00.0;0,00
ARAPUÃ;410165501A;PR;Arapua01;-24,307;-51,784;2025-03-12 22:00:00.0;0,00
ARAPUÃ;410165501A;PR;Arapua01;-24,307;-51,784;2025-03-12 23:00:00.0;0,00
ARAPUÃ;410165501A;PR;Arapua01;-24,307;-51,784;2025-03-13 00:00:00.0;0,00
ARAPUÃ;410165501A;PR;Arapua01;-24,307;-51,784;2025-03-13 01:00:00.0;0,00
ARAPUÃ;410165501A;PR;Arapua01;-24,307;-51,784;2025-03-13 02:00:00.0;0,00
ARAPUÃ;410165501A;PR;Arapua01;-24,307;-51,784;2025-03-13 03:00:00.0;0,00
ARAPUÃ;410165501A;PR;Arapua01;-24,307;-51,784;2025-03-13 04:00:00.0;0,00
ARAPUÃ;410165501A;PR;Arapua01;-24,307;-51,784;2025-03-13 05:00:00.0;0,00
ARAPUÃ;410165501A;PR;Arapua01;-24,307;-51,784;2025-03-13 06:00:00.0;0,00
ARAPUÃ;410165501A;PR;Arapua01;-24,307;-51,784;2025-03-13 07:00:00.0;0,00
ARAPUÃ;410165501A;PR;Arapua01;-24,307;-51,784;2025-03-13 08:00:00.0;0,00
ARAPUÃ;410165501A;PR;Arapua01;-24,307;-51,784;2025-03-13 09:00:00.0;0,00
ARAPUÃ;410165501A;PR;Arapua01;-24,307;-51,784;2025-03-13 10:00:00.0;0,00
ARAPUÃ;410165501A;PR;Arapua01;-24,307;-51,784;2025-03-13 11:00:00.0;0,00
ARAPUÃ;410165501A;PR;Arapua01;-24,307;-51,784;2025-03-13 12:00:00.0;0,00
ARAPUÃ;410165501A;PR;Arapua01;-24,307;-51,784;2025-03-13 13:00:00.0;0,00
ARAPUÃ;410165501A;PR;Arapua01;-24,307;-51,784;2025-03-13 14:00:00.0;0,00
ARAPUÃ;410165501A;PR;Arapua01;-24,307;-51,784;2025-03-13 15:00:00.0;0,00
ARAPUÃ;410165501A;PR;Arapua01;-24,307;-51,784;2025-03-13 16:00:00.0;0,00
ARAPUÃ;410165501A;PR;Arapua01;-24,307;-51,784;2025-03-13 17:00:00.0;0,00
ARAPUÃ;410165501A;PR;Arapua01;-24,307;-51,784;2025-03-13 18:00:00.0;0,00
ARAPUÃ;410165501A;PR;Arapua01;-24,307;-51,784;2025-03-13 19:00:00.0;0,00
ARAPUÃ;410165501A;PR;Arapua01;-24,307;-51,784;2025-03-13 20:00:00.0;0,00
ARAPUÃ;410165501A;PR;Arapua01;-24,307;-51,784;2025-03-13 21:00:00.0;0,00
ARAPUÃ;410165501A;PR;Arapua01;-24,307;-51,784;2025-03-13 22:00:00.0;0,00
ARAPUÃ;410165501A;PR;Arapua01;-24,307;-51,784;2025-03-13 23:00:00.0;0,00
ARAPUÃ;410165501A;PR;Arapua01;-24,307;-51,784;2025-03-14 00:00:00.0;0,00
ARAPUÃ;410165501A;PR;Arapua01;-24,307;-51,784;2025-03-14 01:00:00.0;0,00
ARAPUÃ;410165501A;PR;Arapua01;-24,307;-51,784;2025-03-14 02:00:00.0;0,00
ARAPUÃ;410165501A;PR;Arapua01;-24,307;-51,784;2025-03-14 03:00:00.0;0,00
ARAPUÃ;410165501A;PR;Arapua01;-24,307;-51,784;2025-03-14 04:00:00.0;0,00
ARAPUÃ;410165501A;PR;Arapua01;-24,307;-51,784;2025-03-14 05:00:00.0;0,00
ARAPUÃ;410165501A;PR;Arapua01;-24,307;-51,784;2025-03-14 06:00:00.0;0,00
ARAPUÃ;410165501A;PR;Arapua01;-24,307;-51,784;2025-03-14 07:00:00.0;0,00
ARAPUÃ;410165501A;PR;Arapua01;-24,307;-51,784;2025-03-14 08:00:00.0;0,00
ARAPUÃ;410165501A;PR;Arapua01;-24,307;-51,784;2025-03-14 09:00:00.0;0,00
ARAPUÃ;410165501A;PR;Arapua01;-24,307;-51,784;2025-03-14 10:00:00.0;0,00
ARAPUÃ;410165501A;PR;Arapua01;-24,307;-51,784;2025-03-14 11:00:00.0;0,00
ARAPUÃ;410165501A;PR;Arapua01;-24,307;-51,784;2025-03-14 12:00:00.0;0,00
ARAPUÃ;410165501A;PR;Arapua01;-24,307;-51,784;2025-03-14 13:00:00.0;0,00
ARAPUÃ;410165501A;PR;Arapua01;-24,307;-51,784;2025-03-14 14:00:00.0;0,00
ARAPUÃ;410165501A;PR;Arapua01;-24,307;-51,784;2025-03-14 15:00:00.0;0,00
ARAPUÃ;410165501A;PR;Arapua01;-24,307;-51,784;2025-03-14 16:00:00.0;0,00
ARAPUÃ;410165501A;PR;Arapua01;-24,307;-51,784;2025-03-14 17:00:00.0;0,00
ARAPUÃ;410165501A;PR;Arapua01;-24,307;-51,784;2025-03-14 18:00:00.0;0,00
ARAPUÃ;410165501A;PR;Arapua01;-24,307;-51,784;2025-03-14 19:00:00.0;0,00
ARAPUÃ;410165501A;PR;Arapua01;-24,307;-51,784;2025-03-14 20:00:00.0;0,00
ARAPUÃ;410165501A;PR;Arapua01;-24,307;-51,784;2025-03-14 21:00:00.0;0,00
ARAPUÃ;410165501A;PR;Arapua01;-24,307;-51,784;2025-03-14 22:00:00.0;0,00
ARAPUÃ;410165501A;PR;Arapua01;-24,307;-51,784;2025-03-14 23:00:00.0;0,00
ARAPUÃ;410165501A;PR;Arapua01;-24,307;-51,784;2025-03-15 00:00:00.0;0,00
ARAPUÃ;410165501A;PR;Arapua01;-24,307;-51,784;2025-03-15 01:00:00.0;0,00
ARAPUÃ;410165501A;PR;Arapua01;-24,307;-51,784;2025-03-15 02:00:00.0;0,00
ARAPUÃ;410165501A;PR;Arapua01;-24,307;-51,784;2025-03-15 03:00:00.0;0,00
ARAPUÃ;410165501A;PR;Arapua01;-24,307;-51,784;2025-03-15 04:00:00.0;0,00
ARAPUÃ;410165501A;PR;Arapua01;-24,307;-51,784;2025-03-15 05:00:00.0;0,00
ARAPUÃ;410165501A;PR;Arapua01;-24,307;-51,784;2025-03-15 06:00:00.0;0,00
ARAPUÃ;410165501A;PR;Arapua01;-24,307;-51,784;2025-03-15 07:00:00.0;0,00
ARAPUÃ;410165501A;PR;Arapua01;-24,307;-51,784;2025-03-15 08:00:00.0;0,00
ARAPUÃ;410165501A;PR;Arapua01;-24,307;-51,784;2025-03-15 09:00:00.0;0,00
ARAPUÃ;410165501A;PR;Arapua01;-24,307;-51,784;2025-03-15 10:00:00.0;0,00
ARAPUÃ;410165501A;PR;Arapua01;-24,307;-51,784;2025-03-15 11:00:00.0;0,00
ARAPUÃ;410165501A;PR;Arapua01;-24,307;-51,784;2025-03-15 12:00:00.0;0,00
ARAPUÃ;410165501A;PR;Arapua01;-24,307;-51,784;2025-03-15 13:00:00.0;0,00
ARAPUÃ;410165501A;PR;Arapua01;-24,307;-51,784;2025-03-15 14:00:00.0;0,00
ARAPUÃ;410165501A;PR;Arapua01;-24,307;-51,784;2025-03-15 15:00:00.0;0,00
ARAPUÃ;410165501A;PR;Arapua01;-24,307;-51,784;2025-03-15 16:00:00.0;0,00
ARAPUÃ;410165501A;PR;Arapua01;-24,307;-51,784;2025-03-15 17:00:00.0;0,00
ARAPUÃ;410165501A;PR;Arapua01;-24,307;-51,784;2025-03-15 18:00:00.0;0,00
ARAPUÃ;410165501A;PR;Arapua01;-24,307;-51,784;2025-03-15 19:00:00.0;0,00
ARAPUÃ;410165501A;PR;Arapua01;-24,307;-51,784;2025-03-15 20:00:00.0;0,00
ARAPUÃ;410165501A;PR;Arapua01;-24,307;-51,784;2025-03-15 21:00:00.0;0,00
ARAPUÃ;410165501A;PR;Arapua01;-24,307;-51,784;2025-03-15 22:00:00.0;0,00
ARAPUÃ;410165501A;PR;Arapua01;-24,307;-51,784;2025-03-15 23:00:00.0;0,00
ARAPUÃ;410165501A;PR;Arapua01;-24,307;-51,784;2025-03-16 00:00:00.0;0,00
ARAPUÃ;410165501A;PR;Arapua01;-24,307;-51,784;2025-03-16 01:00:00.0;0,00
ARAPUÃ;410165501A;PR;Arapua01;-24,307;-51,784;2025-03-16 02:00:00.0;0,00
ARAPUÃ;410165501A;PR;Arapua01;-24,307;-51,784;2025-03-16 03:00:00.0;0,00
ARAPUÃ;410165501A;PR;Arapua01;-24,307;-51,784;2025-03-16 04:00:00.0;0,00
ARAPUÃ;410165501A;PR;Arapua01;-24,307;-51,784;2025-03-16 05:00:00.0;0,00
ARAPUÃ;410165501A;PR;Arapua01;-24,307;-51,784;2025-03-16 06:00:00.0;0,00
ARAPUÃ;410165501A;PR;Arapua01;-24,307;-51,784;2025-03-16 07:00:00.0;0,00
ARAPUÃ;410165501A;PR;Arapua01;-24,307;-51,784;2025-03-16 08:00:00.0;0,00
ARAPUÃ;410165501A;PR;Arapua01;-24,307;-51,784;2025-03-16 09:00:00.0;0,00
ARAPUÃ;410165501A;PR;Arapua01;-24,307;-51,784;2025-03-16 10:00:00.0;0,00
ARAPUÃ;410165501A;PR;Arapua01;-24,307;-51,784;2025-03-16 11:00:00.0;0,00
ARAPUÃ;410165501A;PR;Arapua01;-24,307;-51,784;2025-03-16 12:00:00.0;0,00
ARAPUÃ;410165501A;PR;Arapua01;-24,307;-51,784;2025-03-16 13:00:00.0;0,00
ARAPUÃ;410165501A;PR;Arapua01;-24,307;-51,784;2025-03-16 14:00:00.0;0,00
ARAPUÃ;410165501A;PR;Arapua01;-24,307;-51,784;2025-03-16 15:00:00.0;0,00
ARAPUÃ;410165501A;PR;Arapua01;-24,307;-51,784;2025-03-16 16:00:00.0;0,00
ARAPUÃ;410165501A;PR;Arapua01;-24,307;-51,784;2025-03-16 17:00:00.0;0,00
ARAPUÃ;410165501A;PR;Arapua01;-24,307;-51,784;2025-03-16 18:00:00.0;0,00
ARAPUÃ;410165501A;PR;Arapua01;-24,307;-51,784;2025-03-16 19:00:00.0;0,00
ARAPUÃ;410165501A;PR;Arapua01;-24,307;-51,784;2025-03-16 20:00:00.0;0,00
ARAPUÃ;410165501A;PR;Arapua01;-24,307;-51,784;2025-03-16 21:00:00.0;0,00
ARAPUÃ;410165501A;PR;Arapua01;-24,307;-51,784;2025-03-16 22:00:00.0;0,00
ARAPUÃ;410165501A;PR;Arapua01;-24,307;-51,784;2025-03-16 23:00:00.0;0,00
ARAPUÃ;410165501A;PR;Arapua01;-24,307;-51,784;2025-03-17 00:00:00.0;0,00
ARAPUÃ;410165501A;PR;Arapua01;-24,307;-51,784;2025-03-17 01:00:00.0;0,00
ARAPUÃ;410165501A;PR;Arapua01;-24,307;-51,784;2025-03-17 02:00:00.0;0,00
ARAPUÃ;410165501A;PR;Arapua01;-24,307;-51,784;2025-03-17 03:00:00.0;0,00
ARAPUÃ;410165501A;PR;Arapua01;-24,307;-51,784;2025-03-17 04:00:00.0;0,00
ARAPUÃ;410165501A;PR;Arapua01;-24,307;-51,784;2025-03-17 05:00:00.0;0,00
ARAPUÃ;410165501A;PR;Arapua01;-24,307;-51,784;2025-03-17 06:00:00.0;0,00
ARAPUÃ;410165501A;PR;Arapua01;-24,307;-51,784;2025-03-17 07:00:00.0;0,00
ARAPUÃ;410165501A;PR;Arapua01;-24,307;-51,784;2025-03-17 08:00:00.0;0,00
ARAPUÃ;410165501A;PR;Arapua01;-24,307;-51,784;2025-03-17 09:00:00.0;0,00
ARAPUÃ;410165501A;PR;Arapua01;-24,307;-51,784;2025-03-17 10:00:00.0;0,00
ARAPUÃ;410165501A;PR;Arapua01;-24,307;-51,784;2025-03-17 11:00:00.0;0,00
ARAPUÃ;410165501A;PR;Arapua01;-24,307;-51,784;2025-03-17 12:00:00.0;0,00
ARAPUÃ;410165501A;PR;Arapua01;-24,307;-51,784;2025-03-17 13:00:00.0;0,00
ARAPUÃ;410165501A;PR;Arapua01;-24,307;-51,784;2025-03-17 14:00:00.0;0,00
ARAPUÃ;410165501A;PR;Arapua01;-24,307;-51,784;2025-03-17 15:00:00.0;0,00
ARAPUÃ;410165501A;PR;Arapua01;-24,307;-51,784;2025-03-17 16:00:00.0;0,00
ARAPUÃ;410165501A;PR;Arapua01;-24,307;-51,784;2025-03-17 17:00:00.0;0,00
ARAPUÃ;410165501A;PR;Arapua01;-24,307;-51,784;2025-03-17 18:00:00.0;0,00
ARAPUÃ;410165501A;PR;Arapua01;-24,307;-51,784;2025-03-17 19:00:00.0;0,00
ARAPUÃ;410165501A;PR;Arapua01;-24,307;-51,784;2025-03-17 20:00:00.0;0,00
ARAPUÃ;410165501A;PR;Arapua01;-24,307;-51,784;2025-03-17 21:00:00.0;0,00
ARAPUÃ;410165501A;PR;Arapua01;-24,307;-51,784;2025-03-17 22:00:00.0;0,00
ARAPUÃ;410165501A;PR;Arapua01;-24,307;-51,784;2025-03-17 23:00:00.0;0,00
ARAPUÃ;410165501A;PR;Arapua01;-24,307;-51,784;2025-03-18 00:00:00.0;0,00
ARAPUÃ;410165501A;PR;Arapua01;-24,307;-51,784;2025-03-18 01:00:00.0;0,00
ARAPUÃ;410165501A;PR;Arapua01;-24,307;-51,784;2025-03-18 02:00:00.0;0,00
ARAPUÃ;410165501A;PR;Arapua01;-24,307;-51,784;2025-03-18 03:00:00.0;0,00
ARAPUÃ;410165501A;PR;Arapua01;-24,307;-51,784;2025-03-18 04:00:00.0;0,00
ARAPUÃ;410165501A;PR;Arapua01;-24,307;-51,784;2025-03-18 05:00:00.0;0,00
ARAPUÃ;410165501A;PR;Arapua01;-24,307;-51,784;2025-03-18 06:00:00.0;0,00
ARAPUÃ;410165501A;PR;Arapua01;-24,307;-51,784;2025-03-18 07:00:00.0;0,00
ARAPUÃ;410165501A;PR;Arapua01;-24,307;-51,784;2025-03-18 08:00:00.0;0,00
ARAPUÃ;410165501A;PR;Arapua01;-24,307;-51,784;2025-03-18 09:00:00.0;0,00
ARAPUÃ;410165501A;PR;Arapua01;-24,307;-51,784;2025-03-18 10:00:00.0;0,00
ARAPUÃ;410165501A;PR;Arapua01;-24,307;-51,784;2025-03-18 11:00:00.0;0,00
ARAPUÃ;410165501A;PR;Arapua01;-24,307;-51,784;2025-03-18 12:00:00.0;0,00
ARAPUÃ;410165501A;PR;Arapua01;-24,307;-51,784;2025-03-18 13:00:00.0;0,00
ARAPUÃ;410165501A;PR;Arapua01;-24,307;-51,784;2025-03-18 14:00:00.0;0,00
ARAPUÃ;410165501A;PR;Arapua01;-24,307;-51,784;2025-03-18 15:00:00.0;0,00
ARAPUÃ;410165501A;PR;Arapua01;-24,307;-51,784;2025-03-18 16:00:00.0;0,00
ARAPUÃ;410165501A;PR;Arapua01;-24,307;-51,784;2025-03-18 17:00:00.0;0,00
ARAPUÃ;410165501A;PR;Arapua01;-24,307;-51,784;2025-03-18 18:00:00.0;0,00
ARAPUÃ;410165501A;PR;Arapua01;-24,307;-51,784;2025-03-18 19:00:00.0;0,00
ARAPUÃ;410165501A;PR;Arapua01;-24,307;-51,784;2025-03-18 19:50:00.0;3,74
ARAPUÃ;410165501A;PR;Arapua01;-24,307;-51,784;2025-03-18 20:00:00.0;5,51
ARAPUÃ;410165501A;PR;Arapua01;-24,307;-51,784;2025-03-18 20:10:00.0;5,90
ARAPUÃ;410165501A;PR;Arapua01;-24,307;-51,784;2025-03-18 20:20:00.0;1,38
ARAPUÃ;410165501A;PR;Arapua01;-24,307;-51,784;2025-03-18 21:00:00.0;0,00
ARAPUÃ;410165501A;PR;Arapua01;-24,307;-51,784;2025-03-18 22:00:00.0;0,00
ARAPUÃ;410165501A;PR;Arapua01;-24,307;-51,784;2025-03-18 23:00:00.0;0,00
ARAPUÃ;410165501A;PR;Arapua01;-24,307;-51,784;2025-03-19 00:00:00.0;1,18
ARAPUÃ;410165501A;PR;Arapua01;-24,307;-51,784;2025-03-19 00:10:00.0;4,53
ARAPUÃ;410165501A;PR;Arapua01;-24,307;-51,784;2025-03-19 01:00:00.0;0,00
ARAPUÃ;410165501A;PR;Arapua01;-24,307;-51,784;2025-03-19 02:00:00.0;0,00
ARAPUÃ;410165501A;PR;Arapua01;-24,307;-51,784;2025-03-19 03:00:00.0;0,00
ARAPUÃ;410165501A;PR;Arapua01;-24,307;-51,784;2025-03-19 04:00:00.0;0,00
ARAPUÃ;410165501A;PR;Arapua01;-24,307;-51,784;2025-03-19 05:00:00.0;0,00
ARAPUÃ;410165501A;PR;Arapua01;-24,307;-51,784;2025-03-19 06:00:00.0;0,00
ARAPUÃ;410165501A;PR;Arapua01;-24,307;-51,784;2025-03-19 07:00:00.0;0,00
ARAPUÃ;410165501A;PR;Arapua01;-24,307;-51,784;2025-03-19 08:00:00.0;0,00
ARAPUÃ;410165501A;PR;Arapua01;-24,307;-51,784;2025-03-19 09:00:00.0;0,00
ARAPUÃ;410165501A;PR;Arapua01;-24,307;-51,784;2025-03-19 10:00:00.0;0,00
ARAPUÃ;410165501A;PR;Arapua01;-24,307;-51,784;2025-03-19 11:00:00.0;0,00
ARAPUÃ;410165501A;PR;Arapua01;-24,307;-51,784;2025-03-19 12:00:00.0;0,00
ARAPUÃ;410165501A;PR;Arapua01;-24,307;-51,784;2025-03-19 13:00:00.0;0,00
ARAPUÃ;410165501A;PR;Arapua01;-24,307;-51,784;2025-03-19 14:00:00.0;0,00
ARAPUÃ;410165501A;PR;Arapua01;-24,307;-51,784;2025-03-19 15:00:00.0;0,00
ARAPUÃ;410165501A;PR;Arapua01;-24,307;-51,784;2025-03-19 16:00:00.0;0,00
ARAPUÃ;410165501A;PR;Arapua01;-24,307;-51,784;2025-03-19 17:00:00.0;0,00
ARAPUÃ;410165501A;PR;Arapua01;-24,307;-51,784;2025-03-19 18:00:00.0;0,00
ARAPUÃ;410165501A;PR;Arapua01;-24,307;-51,784;2025-03-19 19:00:00.0;0,00
ARAPUÃ;410165501A;PR;Arapua01;-24,307;-51,784;2025-03-19 20:00:00.0;0,00
ARAPUÃ;410165501A;PR;Arapua01;-24,307;-51,784;2025-03-19 21:00:00.0;0,00
ARAPUÃ;410165501A;PR;Arapua01;-24,307;-51,784;2025-03-19 22:00:00.0;0,00
ARAPUÃ;410165501A;PR;Arapua01;-24,307;-51,784;2025-03-19 23:00:00.0;0,00
ARAPUÃ;410165501A;PR;Arapua01;-24,307;-51,784;2025-03-20 00:00:00.0;0,00
ARAPUÃ;410165501A;PR;Arapua01;-24,307;-51,784;2025-03-20 01:00:00.0;0,00
ARAPUÃ;410165501A;PR;Arapua01;-24,307;-51,784;2025-03-20 02:00:00.0;0,00
ARAPUÃ;410165501A;PR;Arapua01;-24,307;-51,784;2025-03-20 03:00:00.0;0,00
ARAPUÃ;410165501A;PR;Arapua01;-24,307;-51,784;2025-03-20 04:00:00.0;0,00
ARAPUÃ;410165501A;PR;Arapua01;-24,307;-51,784;2025-03-20 05:00:00.0;0,00
ARAPUÃ;410165501A;PR;Arapua01;-24,307;-51,784;2025-03-20 06:00:00.0;0,00
ARAPUÃ;410165501A;PR;Arapua01;-24,307;-51,784;2025-03-20 07:00:00.0;0,00
ARAPUÃ;410165501A;PR;Arapua01;-24,307;-51,784;2025-03-20 08:00:00.0;0,00
ARAPUÃ;410165501A;PR;Arapua01;-24,307;-51,784;2025-03-20 09:00:00.0;0,00
ARAPUÃ;410165501A;PR;Arapua01;-24,307;-51,784;2025-03-20 10:00:00.0;0,00
ARAPUÃ;410165501A;PR;Arapua01;-24,307;-51,784;2025-03-20 11:00:00.0;0,00
ARAPUÃ;410165501A;PR;Arapua01;-24,307;-51,784;2025-03-20 12:00:00.0;0,00
ARAPUÃ;410165501A;PR;Arapua01;-24,307;-51,784;2025-03-20 13:00:00.0;0,00
ARAPUÃ;410165501A;PR;Arapua01;-24,307;-51,784;2025-03-20 14:00:00.0;0,00
ARAPUÃ;410165501A;PR;Arapua01;-24,307;-51,784;2025-03-20 15:00:00.0;0,00
ARAPUÃ;410165501A;PR;Arapua01;-24,307;-51,784;2025-03-20 16:00:00.0;0,00
ARAPUÃ;410165501A;PR;Arapua01;-24,307;-51,784;2025-03-20 17:00:00.0;0,00
ARAPUÃ;410165501A;PR;Arapua01;-24,307;-51,784;2025-03-20 18:00:00.0;0,00
ARAPUÃ;410165501A;PR;Arapua01;-24,307;-51,784;2025-03-20 19:00:00.0;0,00
ARAPUÃ;410165501A;PR;Arapua01;-24,307;-51,784;2025-03-20 20:00:00.0;0,00
ARAPUÃ;410165501A;PR;Arapua01;-24,307;-51,784;2025-03-20 21:00:00.0;0,00
ARAPUÃ;410165501A;PR;Arapua01;-24,307;-51,784;2025-03-20 22:00:00.0;0,00
ARAPUÃ;410165501A;PR;Arapua01;-24,307;-51,784;2025-03-20 23:00:00.0;0,00
ARAPUÃ;410165501A;PR;Arapua01;-24,307;-51,784;2025-03-21 00:00:00.0;0,00
ARAPUÃ;410165501A;PR;Arapua01;-24,307;-51,784;2025-03-21 01:00:00.0;0,00
ARAPUÃ;410165501A;PR;Arapua01;-24,307;-51,784;2025-03-21 02:00:00.0;0,00
ARAPUÃ;410165501A;PR;Arapua01;-24,307;-51,784;2025-03-21 03:00:00.0;0,00
ARAPUÃ;410165501A;PR;Arapua01;-24,307;-51,784;2025-03-21 04:00:00.0;0,00
ARAPUÃ;410165501A;PR;Arapua01;-24,307;-51,784;2025-03-21 05:00:00.0;0,00
ARAPUÃ;410165501A;PR;Arapua01;-24,307;-51,784;2025-03-21 06:00:00.0;0,00
ARAPUÃ;410165501A;PR;Arapua01;-24,307;-51,784;2025-03-21 07:00:00.0;0,00
ARAPUÃ;410165501A;PR;Arapua01;-24,307;-51,784;2025-03-21 08:00:00.0;0,00
ARAPUÃ;410165501A;PR;Arapua01;-24,307;-51,784;2025-03-21 09:00:00.0;0,00
ARAPUÃ;410165501A;PR;Arapua01;-24,307;-51,784;2025-03-21 10:00:00.0;0,00
ARAPUÃ;410165501A;PR;Arapua01;-24,307;-51,784;2025-03-21 11:00:00.0;0,00
ARAPUÃ;410165501A;PR;Arapua01;-24,307;-51,784;2025-03-21 12:00:00.0;0,00
ARAPUÃ;410165501A;PR;Arapua01;-24,307;-51,784;2025-03-21 13:00:00.0;0,00
ARAPUÃ;410165501A;PR;Arapua01;-24,307;-51,784;2025-03-21 14:00:00.0;0,00
ARAPUÃ;410165501A;PR;Arapua01;-24,307;-51,784;2025-03-21 15:00:00.0;0,00
ARAPUÃ;410165501A;PR;Arapua01;-24,307;-51,784;2025-03-21 16:00:00.0;0,00
ARAPUÃ;410165501A;PR;Arapua01;-24,307;-51,784;2025-03-21 17:00:00.0;0,00
ARAPUÃ;410165501A;PR;Arapua01;-24,307;-51,784;2025-03-21 18:00:00.0;0,00
ARAPUÃ;410165501A;PR;Arapua01;-24,307;-51,784;2025-03-21 19:00:00.0;0,00
ARAPUÃ;410165501A;PR;Arapua01;-24,307;-51,784;2025-03-21 20:00:00.0;0,00
ARAPUÃ;410165501A;PR;Arapua01;-24,307;-51,784;2025-03-21 21:00:00.0;0,00
ARAPUÃ;410165501A;PR;Arapua01;-24,307;-51,784;2025-03-21 22:00:00.0;0,00
ARAPUÃ;410165501A;PR;Arapua01;-24,307;-51,784;2025-03-21 23:00:00.0;0,00
ARAPUÃ;410165501A;PR;Arapua01;-24,307;-51,784;2025-03-22 00:00:00.0;0,00
ARAPUÃ;410165501A;PR;Arapua01;-24,307;-51,784;2025-03-22 01:00:00.0;0,00
ARAPUÃ;410165501A;PR;Arapua01;-24,307;-51,784;2025-03-22 02:00:00.0;0,00
ARAPUÃ;410165501A;PR;Arapua01;-24,307;-51,784;2025-03-22 03:00:00.0;0,00
ARAPUÃ;410165501A;PR;Arapua01;-24,307;-51,784;2025-03-22 04:00:00.0;0,00
ARAPUÃ;410165501A;PR;Arapua01;-24,307;-51,784;2025-03-22 05:00:00.0;0,00
ARAPUÃ;410165501A;PR;Arapua01;-24,307;-51,784;2025-03-22 06:00:00.0;0,00
ARAPUÃ;410165501A;PR;Arapua01;-24,307;-51,784;2025-03-22 07:00:00.0;0,00
ARAPUÃ;410165501A;PR;Arapua01;-24,307;-51,784;2025-03-22 08:00:00.0;0,00
ARAPUÃ;410165501A;PR;Arapua01;-24,307;-51,784;2025-03-22 09:00:00.0;0,00
ARAPUÃ;410165501A;PR;Arapua01;-24,307;-51,784;2025-03-22 10:00:00.0;0,00
ARAPUÃ;410165501A;PR;Arapua01;-24,307;-51,784;2025-03-22 11:00:00.0;0,00
ARAPUÃ;410165501A;PR;Arapua01;-24,307;-51,784;2025-03-22 12:00:00.0;0,00
ARAPUÃ;410165501A;PR;Arapua01;-24,307;-51,784;2025-03-22 13:00:00.0;0,00
ARAPUÃ;410165501A;PR;Arapua01;-24,307;-51,784;2025-03-22 14:00:00.0;0,00
ARAPUÃ;410165501A;PR;Arapua01;-24,307;-51,784;2025-03-22 15:00:00.0;0,00
ARAPUÃ;410165501A;PR;Arapua01;-24,307;-51,784;2025-03-22 16:00:00.0;0,00
ARAPUÃ;410165501A;PR;Arapua01;-24,307;-51,784;2025-03-22 17:00:00.0;0,00
ARAPUÃ;410165501A;PR;Arapua01;-24,307;-51,784;2025-03-22 18:00:00.0;0,00
ARAPUÃ;410165501A;PR;Arapua01;-24,307;-51,784;2025-03-22 19:00:00.0;0,00
ARAPUÃ;410165501A;PR;Arapua01;-24,307;-51,784;2025-03-22 20:00:00.0;0,00
ARAPUÃ;410165501A;PR;Arapua01;-24,307;-51,784;2025-03-22 21:00:00.0;0,00
ARAPUÃ;410165501A;PR;Arapua01;-24,307;-51,784;2025-03-22 22:00:00.0;0,00
ARAPUÃ;410165501A;PR;Arapua01;-24,307;-51,784;2025-03-22 23:00:00.0;0,00
ARAPUÃ;410165501A;PR;Arapua01;-24,307;-51,784;2025-03-23 00:00:00.0;0,00
ARAPUÃ;410165501A;PR;Arapua01;-24,307;-51,784;2025-03-23 01:00:00.0;0,00
ARAPUÃ;410165501A;PR;Arapua01;-24,307;-51,784;2025-03-23 02:00:00.0;0,00
ARAPUÃ;410165501A;PR;Arapua01;-24,307;-51,784;2025-03-23 03:00:00.0;0,00
ARAPUÃ;410165501A;PR;Arapua01;-24,307;-51,784;2025-03-23 04:00:00.0;0,00
ARAPUÃ;410165501A;PR;Arapua01;-24,307;-51,784;2025-03-23 05:00:00.0;0,00
ARAPUÃ;410165501A;PR;Arapua01;-24,307;-51,784;2025-03-23 06:00:00.0;0,00
ARAPUÃ;410165501A;PR;Arapua01;-24,307;-51,784;2025-03-23 07:00:00.0;0,00
ARAPUÃ;410165501A;PR;Arapua01;-24,307;-51,784;2025-03-23 08:00:00.0;0,00
ARAPUÃ;410165501A;PR;Arapua01;-24,307;-51,784;2025-03-23 09:00:00.0;0,00
ARAPUÃ;410165501A;PR;Arapua01;-24,307;-51,784;2025-03-23 10:00:00.0;0,00
ARAPUÃ;410165501A;PR;Arapua01;-24,307;-51,784;2025-03-23 11:00:00.0;0,00
ARAPUÃ;410165501A;PR;Arapua01;-24,307;-51,784;2025-03-23 12:00:00.0;0,00
ARAPUÃ;410165501A;PR;Arapua01;-24,307;-51,784;2025-03-23 13:00:00.0;0,00
ARAPUÃ;410165501A;PR;Arapua01;-24,307;-51,784;2025-03-23 14:00:00.0;0,00
ARAPUÃ;410165501A;PR;Arapua01;-24,307;-51,784;2025-03-23 15:00:00.0;0,00
ARAPUÃ;410165501A;PR;Arapua01;-24,307;-51,784;2025-03-23 16:00:00.0;0,00
ARAPUÃ;410165501A;PR;Arapua01;-24,307;-51,784;2025-03-23 17:00:00.0;0,00
ARAPUÃ;410165501A;PR;Arapua01;-24,307;-51,784;2025-03-23 18:00:00.0;0,00
ARAPUÃ;410165501A;PR;Arapua01;-24,307;-51,784;2025-03-23 19:00:00.0;0,00
ARAPUÃ;410165501A;PR;Arapua01;-24,307;-51,784;2025-03-23 20:00:00.0;0,00
ARAPUÃ;410165501A;PR;Arapua01;-24,307;-51,784;2025-03-23 20:20:00.0;0,20
ARAPUÃ;410165501A;PR;Arapua01;-24,307;-51,784;2025-03-23 20:30:00.0;2,56
ARAPUÃ;410165501A;PR;Arapua01;-24,307;-51,784;2025-03-23 20:40:00.0;2,76
ARAPUÃ;410165501A;PR;Arapua01;-24,307;-51,784;2025-03-23 20:50:00.0;0,20
ARAPUÃ;410165501A;PR;Arapua01;-24,307;-51,784;2025-03-23 21:00:00.0;0,00
ARAPUÃ;410165501A;PR;Arapua01;-24,307;-51,784;2025-03-23 22:00:00.0;0,00
ARAPUÃ;410165501A;PR;Arapua01;-24,307;-51,784;2025-03-23 23:00:00.0;0,00
ARAPUÃ;410165501A;PR;Arapua01;-24,307;-51,784;2025-03-24 00:00:00.0;0,00
ARAPUÃ;410165501A;PR;Arapua01;-24,307;-51,784;2025-03-24 01:00:00.0;0,00
ARAPUÃ;410165501A;PR;Arapua01;-24,307;-51,784;2025-03-24 02:00:00.0;0,00
ARAPUÃ;410165501A;PR;Arapua01;-24,307;-51,784;2025-03-24 03:00:00.0;0,00
ARAPUÃ;410165501A;PR;Arapua01;-24,307;-51,784;2025-03-24 04:00:00.0;0,00
ARAPUÃ;410165501A;PR;Arapua01;-24,307;-51,784;2025-03-24 05:00:00.0;0,00
ARAPUÃ;410165501A;PR;Arapua01;-24,307;-51,784;2025-03-24 06:00:00.0;0,00
ARAPUÃ;410165501A;PR;Arapua01;-24,307;-51,784;2025-03-24 07:00:00.0;0,00
ARAPUÃ;410165501A;PR;Arapua01;-24,307;-51,784;2025-03-24 08:00:00.0;0,00
ARAPUÃ;410165501A;PR;Arapua01;-24,307;-51,784;2025-03-24 09:00:00.0;0,00
ARAPUÃ;410165501A;PR;Arapua01;-24,307;-51,784;2025-03-24 10:00:00.0;0,00
ARAPUÃ;410165501A;PR;Arapua01;-24,307;-51,784;2025-03-24 11:00:00.0;0,00
ARAPUÃ;410165501A;PR;Arapua01;-24,307;-51,784;2025-03-24 12:00:00.0;0,00
ARAPUÃ;410165501A;PR;Arapua01;-24,307;-51,784;2025-03-24 13:00:00.0;0,00
ARAPUÃ;410165501A;PR;Arapua01;-24,307;-51,784;2025-03-24 14:00:00.0;0,00
ARAPUÃ;410165501A;PR;Arapua01;-24,307;-51,784;2025-03-24 15:00:00.0;0,00
ARAPUÃ;410165501A;PR;Arapua01;-24,307;-51,784;2025-03-24 16:00:00.0;0,00
ARAPUÃ;410165501A;PR;Arapua01;-24,307;-51,784;2025-03-24 17:00:00.0;0,00
ARAPUÃ;410165501A;PR;Arapua01;-24,307;-51,784;2025-03-24 18:00:00.0;0,00
ARAPUÃ;410165501A;PR;Arapua01;-24,307;-51,784;2025-03-24 19:00:00.0;0,00
ARAPUÃ;410165501A;PR;Arapua01;-24,307;-51,784;2025-03-24 20:00:00.0;0,00
ARAPUÃ;410165501A;PR;Arapua01;-24,307;-51,784;2025-03-24 21:00:00.0;0,00
ARAPUÃ;410165501A;PR;Arapua01;-24,307;-51,784;2025-03-24 22:00:00.0;0,00
ARAPUÃ;410165501A;PR;Arapua01;-24,307;-51,784;2025-03-24 23:00:00.0;0,00
ARAPUÃ;410165501A;PR;Arapua01;-24,307;-51,784;2025-03-25 00:00:00.0;0,00
ARAPUÃ;410165501A;PR;Arapua01;-24,307;-51,784;2025-03-25 01:00:00.0;0,00
ARAPUÃ;410165501A;PR;Arapua01;-24,307;-51,784;2025-03-25 02:00:00.0;0,00
ARAPUÃ;410165501A;PR;Arapua01;-24,307;-51,784;2025-03-25 03:00:00.0;0,00
ARAPUÃ;410165501A;PR;Arapua01;-24,307;-51,784;2025-03-25 04:00:00.0;0,00
ARAPUÃ;410165501A;PR;Arapua01;-24,307;-51,784;2025-03-25 05:00:00.0;0,00
ARAPUÃ;410165501A;PR;Arapua01;-24,307;-51,784;2025-03-25 06:00:00.0;0,00
ARAPUÃ;410165501A;PR;Arapua01;-24,307;-51,784;2025-03-25 07:00:00.0;0,00
ARAPUÃ;410165501A;PR;Arapua01;-24,307;-51,784;2025-03-25 08:00:00.0;0,00
ARAPUÃ;410165501A;PR;Arapua01;-24,307;-51,784;2025-03-25 09:00:00.0;0,00
ARAPUÃ;410165501A;PR;Arapua01;-24,307;-51,784;2025-03-25 10:00:00.0;0,00
ARAPUÃ;410165501A;PR;Arapua01;-24,307;-51,784;2025-03-25 11:00:00.0;0,00
ARAPUÃ;410165501A;PR;Arapua01;-24,307;-51,784;2025-03-25 12:00:00.0;0,00
ARAPUÃ;410165501A;PR;Arapua01;-24,307;-51,784;2025-03-25 13:00:00.0;0,00
ARAPUÃ;410165501A;PR;Arapua01;-24,307;-51,784;2025-03-25 14:00:00.0;0,00
ARAPUÃ;410165501A;PR;Arapua01;-24,307;-51,784;2025-03-25 15:00:00.0;0,00
ARAPUÃ;410165501A;PR;Arapua01;-24,307;-51,784;2025-03-25 16:00:00.0;0,00
ARAPUÃ;410165501A;PR;Arapua01;-24,307;-51,784;2025-03-25 17:00:00.0;0,00
ARAPUÃ;410165501A;PR;Arapua01;-24,307;-51,784;2025-03-25 18:00:00.0;0,00
ARAPUÃ;410165501A;PR;Arapua01;-24,307;-51,784;2025-03-25 19:00:00.0;0,00
ARAPUÃ;410165501A;PR;Arapua01;-24,307;-51,784;2025-03-25 20:00:00.0;0,00
ARAPUÃ;410165501A;PR;Arapua01;-24,307;-51,784;2025-03-25 21:00:00.0;0,00
ARAPUÃ;410165501A;PR;Arapua01;-24,307;-51,784;2025-03-25 22:00:00.0;0,00
ARAPUÃ;410165501A;PR;Arapua01;-24,307;-51,784;2025-03-25 23:00:00.0;0,00
ARAPUÃ;410165501A;PR;Arapua01;-24,307;-51,784;2025-03-26 00:00:00.0;0,00
ARAPUÃ;410165501A;PR;Arapua01;-24,307;-51,784;2025-03-26 01:00:00.0;0,00
ARAPUÃ;410165501A;PR;Arapua01;-24,307;-51,784;2025-03-26 02:00:00.0;0,00
ARAPUÃ;410165501A;PR;Arapua01;-24,307;-51,784;2025-03-26 03:00:00.0;0,00
ARAPUÃ;410165501A;PR;Arapua01;-24,307;-51,784;2025-03-26 03:10:00.0;0,20
ARAPUÃ;410165501A;PR;Arapua01;-24,307;-51,784;2025-03-26 04:00:00.0;0,00
ARAPUÃ;410165501A;PR;Arapua01;-24,307;-51,784;2025-03-26 05:00:00.0;0,00
ARAPUÃ;410165501A;PR;Arapua01;-24,307;-51,784;2025-03-26 06:00:00.0;0,00
ARAPUÃ;410165501A;PR;Arapua01;-24,307;-51,784;2025-03-26 07:00:00.0;0,00
ARAPUÃ;410165501A;PR;Arapua01;-24,307;-51,784;2025-03-26 08:00:00.0;0,00
ARAPUÃ;410165501A;PR;Arapua01;-24,307;-51,784;2025-03-26 09:00:00.0;0,00
ARAPUÃ;410165501A;PR;Arapua01;-24,307;-51,784;2025-03-26 10:00:00.0;0,00
ARAPUÃ;410165501A;PR;Arapua01;-24,307;-51,784;2025-03-26 11:00:00.0;0,00
ARAPUÃ;410165501A;PR;Arapua01;-24,307;-51,784;2025-03-26 12:00:00.0;0,00
ARAPUÃ;410165501A;PR;Arapua01;-24,307;-51,784;2025-03-26 13:00:00.0;0,00
ARAPUÃ;410165501A;PR;Arapua01;-24,307;-51,784;2025-03-26 14:00:00.0;0,00
ARAPUÃ;410165501A;PR;Arapua01;-24,307;-51,784;2025-03-26 15:00:00.0;0,00
ARAPUÃ;410165501A;PR;Arapua01;-24,307;-51,784;2025-03-26 16:00:00.0;0,00
ARAPUÃ;410165501A;PR;Arapua01;-24,307;-51,784;2025-03-26 17:00:00.0;0,00
ARAPUÃ;410165501A;PR;Arapua01;-24,307;-51,784;2025-03-26 18:00:00.0;0,00
ARAPUÃ;410165501A;PR;Arapua01;-24,307;-51,784;2025-03-26 19:00:00.0;0,00
ARAPUÃ;410165501A;PR;Arapua01;-24,307;-51,784;2025-03-26 20:00:00.0;0,00
ARAPUÃ;410165501A;PR;Arapua01;-24,307;-51,784;2025-03-26 21:00:00.0;0,00
ARAPUÃ;410165501A;PR;Arapua01;-24,307;-51,784;2025-03-26 22:00:00.0;0,00
ARAPUÃ;410165501A;PR;Arapua01;-24,307;-51,784;2025-03-26 23:00:00.0;0,00
ARAPUÃ;410165501A;PR;Arapua01;-24,307;-51,784;2025-03-27 00:00:00.0;0,00
ARAPUÃ;410165501A;PR;Arapua01;-24,307;-51,784;2025-03-27 01:00:00.0;0,00
ARAPUÃ;410165501A;PR;Arapua01;-24,307;-51,784;2025-03-27 02:00:00.0;0,00
ARAPUÃ;410165501A;PR;Arapua01;-24,307;-51,784;2025-03-27 03:00:00.0;0,00
ARAPUÃ;410165501A;PR;Arapua01;-24,307;-51,784;2025-03-27 04:00:00.0;0,00
ARAPUÃ;410165501A;PR;Arapua01;-24,307;-51,784;2025-03-27 05:00:00.0;0,00
ARAPUÃ;410165501A;PR;Arapua01;-24,307;-51,784;2025-03-27 06:00:00.0;0,00
ARAPUÃ;410165501A;PR;Arapua01;-24,307;-51,784;2025-03-27 07:00:00.0;0,00
ARAPUÃ;410165501A;PR;Arapua01;-24,307;-51,784;2025-03-27 08:00:00.0;0,00
ARAPUÃ;410165501A;PR;Arapua01;-24,307;-51,784;2025-03-27 09:00:00.0;0,00
ARAPUÃ;410165501A;PR;Arapua01;-24,307;-51,784;2025-03-27 10:00:00.0;0,00
ARAPUÃ;410165501A;PR;Arapua01;-24,307;-51,784;2025-03-27 11:00:00.0;0,00
ARAPUÃ;410165501A;PR;Arapua01;-24,307;-51,784;2025-03-27 12:00:00.0;0,00
ARAPUÃ;410165501A;PR;Arapua01;-24,307;-51,784;2025-03-27 13:00:00.0;0,00
ARAPUÃ;410165501A;PR;Arapua01;-24,307;-51,784;2025-03-27 14:00:00.0;0,00
ARAPUÃ;410165501A;PR;Arapua01;-24,307;-51,784;2025-03-27 15:00:00.0;0,00
ARAPUÃ;410165501A;PR;Arapua01;-24,307;-51,784;2025-03-27 16:00:00.0;0,00
ARAPUÃ;410165501A;PR;Arapua01;-24,307;-51,784;2025-03-27 17:00:00.0;0,00
ARAPUÃ;410165501A;PR;Arapua01;-24,307;-51,784;2025-03-27 18:00:00.0;0,00
ARAPUÃ;410165501A;PR;Arapua01;-24,307;-51,784;2025-03-27 19:00:00.0;0,00
ARAPUÃ;410165501A;PR;Arapua01;-24,307;-51,784;2025-03-27 20:00:00.0;0,00
ARAPUÃ;410165501A;PR;Arapua01;-24,307;-51,784;2025-03-27 21:00:00.0;0,00
ARAPUÃ;410165501A;PR;Arapua01;-24,307;-51,784;2025-03-27 22:00:00.0;0,00
ARAPUÃ;410165501A;PR;Arapua01;-24,307;-51,784;2025-03-27 23:00:00.0;0,00
ARAPUÃ;410165501A;PR;Arapua01;-24,307;-51,784;2025-03-28 00:00:00.0;0,00
ARAPUÃ;410165501A;PR;Arapua01;-24,307;-51,784;2025-03-28 01:00:00.0;0,00
ARAPUÃ;410165501A;PR;Arapua01;-24,307;-51,784;2025-03-28 02:00:00.0;0,00
ARAPUÃ;410165501A;PR;Arapua01;-24,307;-51,784;2025-03-28 03:00:00.0;0,00
ARAPUÃ;410165501A;PR;Arapua01;-24,307;-51,784;2025-03-28 04:00:00.0;0,00
ARAPUÃ;410165501A;PR;Arapua01;-24,307;-51,784;2025-03-28 05:00:00.0;0,00
ARAPUÃ;410165501A;PR;Arapua01;-24,307;-51,784;2025-03-28 06:00:00.0;0,00
ARAPUÃ;410165501A;PR;Arapua01;-24,307;-51,784;2025-03-28 07:00:00.0;5,12
ARAPUÃ;410165501A;PR;Arapua01;-24,307;-51,784;2025-03-28 07:10:00.0;8,93
ARAPUÃ;410165501A;PR;Arapua01;-24,307;-51,784;2025-03-28 07:20:00.0;2,95
ARAPUÃ;410165501A;PR;Arapua01;-24,307;-51,784;2025-03-28 07:30:00.0;0,79
ARAPUÃ;410165501A;PR;Arapua01;-24,307;-51,784;2025-03-28 07:40:00.0;0,79
ARAPUÃ;410165501A;PR;Arapua01;-24,307;-51,784;2025-03-28 07:50:00.0;0,79
ARAPUÃ;410165501A;PR;Arapua01;-24,307;-51,784;2025-03-28 08:00:00.0;0,59
ARAPUÃ;410165501A;PR;Arapua01;-24,307;-51,784;2025-03-28 08:10:00.0;0,59
ARAPUÃ;410165501A;PR;Arapua01;-24,307;-51,784;2025-03-28 08:20:00.0;0,20
ARAPUÃ;410165501A;PR;Arapua01;-24,307;-51,784;2025-03-28 08:30:00.0;0,20
ARAPUÃ;410165501A;PR;Arapua01;-24,307;-51,784;2025-03-28 08:50:00.0;0,20
ARAPUÃ;410165501A;PR;Arapua01;-24,307;-51,784;2025-03-28 09:00:00.0;0,00
ARAPUÃ;410165501A;PR;Arapua01;-24,307;-51,784;2025-03-28 10:00:00.0;0,00
ARAPUÃ;410165501A;PR;Arapua01;-24,307;-51,784;2025-03-28 11:00:00.0;0,00
ARAPUÃ;410165501A;PR;Arapua01;-24,307;-51,784;2025-03-28 12:00:00.0;0,00
ARAPUÃ;410165501A;PR;Arapua01;-24,307;-51,784;2025-03-28 13:00:00.0;0,00
ARAPUÃ;410165501A;PR;Arapua01;-24,307;-51,784;2025-03-28 14:00:00.0;0,00
ARAPUÃ;410165501A;PR;Arapua01;-24,307;-51,784;2025-03-28 15:00:00.0;0,00
ARAPUÃ;410165501A;PR;Arapua01;-24,307;-51,784;2025-03-28 16:00:00.0;0,00
ARAPUÃ;410165501A;PR;Arapua01;-24,307;-51,784;2025-03-28 17:00:00.0;0,00
ARAPUÃ;410165501A;PR;Arapua01;-24,307;-51,784;2025-03-28 18:00:00.0;0,00
ARAPUÃ;410165501A;PR;Arapua01;-24,307;-51,784;2025-03-28 19:00:00.0;0,00
ARAPUÃ;410165501A;PR;Arapua01;-24,307;-51,784;2025-03-28 20:00:00.0;0,00
ARAPUÃ;410165501A;PR;Arapua01;-24,307;-51,784;2025-03-28 21:00:00.0;0,00
ARAPUÃ;410165501A;PR;Arapua01;-24,307;-51,784;2025-03-28 22:00:00.0;0,00
ARAPUÃ;410165501A;PR;Arapua01;-24,307;-51,784;2025-03-28 23:00:00.0;0,00
ARAPUÃ;410165501A;PR;Arapua01;-24,307;-51,784;2025-03-29 00:00:00.0;0,00
ARAPUÃ;410165501A;PR;Arapua01;-24,307;-51,784;2025-03-29 01:00:00.0;0,00
ARAPUÃ;410165501A;PR;Arapua01;-24,307;-51,784;2025-03-29 02:00:00.0;0,00
ARAPUÃ;410165501A;PR;Arapua01;-24,307;-51,784;2025-03-29 03:00:00.0;0,00
ARAPUÃ;410165501A;PR;Arapua01;-24,307;-51,784;2025-03-29 04:00:00.0;0,00
ARAPUÃ;410165501A;PR;Arapua01;-24,307;-51,784;2025-03-29 05:00:00.0;0,00
ARAPUÃ;410165501A;PR;Arapua01;-24,307;-51,784;2025-03-29 06:00:00.0;0,00
ARAPUÃ;410165501A;PR;Arapua01;-24,307;-51,784;2025-03-29 07:00:00.0;0,00
ARAPUÃ;410165501A;PR;Arapua01;-24,307;-51,784;2025-03-29 08:00:00.0;0,00
ARAPUÃ;410165501A;PR;Arapua01;-24,307;-51,784;2025-03-29 09:00:00.0;0,00
ARAPUÃ;410165501A;PR;Arapua01;-24,307;-51,784;2025-03-29 10:00:00.0;0,00
ARAPUÃ;410165501A;PR;Arapua01;-24,307;-51,784;2025-03-29 11:00:00.0;0,00
ARAPUÃ;410165501A;PR;Arapua01;-24,307;-51,784;2025-03-29 12:00:00.0;0,00
ARAPUÃ;410165501A;PR;Arapua01;-24,307;-51,784;2025-03-29 13:00:00.0;0,00
ARAPUÃ;410165501A;PR;Arapua01;-24,307;-51,784;2025-03-29 14:00:00.0;0,00
ARAPUÃ;410165501A;PR;Arapua01;-24,307;-51,784;2025-03-29 15:00:00.0;0,00
ARAPUÃ;410165501A;PR;Arapua01;-24,307;-51,784;2025-03-29 16:00:00.0;0,00
ARAPUÃ;410165501A;PR;Arapua01;-24,307;-51,784;2025-03-29 16:40:00.0;4,53
ARAPUÃ;410165501A;PR;Arapua01;-24,307;-51,784;2025-03-29 16:50:00.0;4,33
ARAPUÃ;410165501A;PR;Arapua01;-24,307;-51,784;2025-03-29 17:00:00.0;4,72
ARAPUÃ;410165501A;PR;Arapua01;-24,307;-51,784;2025-03-29 17:10:00.0;0,79
ARAPUÃ;410165501A;PR;Arapua01;-24,307;-51,784;2025-03-29 17:20:00.0;0,20
ARAPUÃ;410165501A;PR;Arapua01;-24,307;-51,784;2025-03-29 18:00:00.0;0,00
ARAPUÃ;410165501A;PR;Arapua01;-24,307;-51,784;2025-03-29 18:10:00.0;0,20
ARAPUÃ;410165501A;PR;Arapua01;-24,307;-51,784;2025-03-29 18:20:00.0;0,20
ARAPUÃ;410165501A;PR;Arapua01;-24,307;-51,784;2025-03-29 18:30:00.0;0,20
ARAPUÃ;410165501A;PR;Arapua01;-24,307;-51,784;2025-03-29 19:00:00.0;0,20
ARAPUÃ;410165501A;PR;Arapua01;-24,307;-51,784;2025-03-29 20:00:00.0;0,20
ARAPUÃ;410165501A;PR;Arapua01;-24,307;-51,784;2025-03-29 20:30:00.0;0,20
ARAPUÃ;410165501A;PR;Arapua01;-24,307;-51,784;2025-03-29 21:00:00.0;0,20
ARAPUÃ;410165501A;PR;Arapua01;-24,307;-51,784;2025-03-29 22:00:00.0;0,00
ARAPUÃ;410165501A;PR;Arapua01;-24,307;-51,784;2025-03-29 23:00:00.0;0,00
ARAPUÃ;410165501A;PR;Arapua01;-24,307;-51,784;2025-03-30 00:00:00.0;0,00
ARAPUÃ;410165501A;PR;Arapua01;-24,307;-51,784;2025-03-30 01:00:00.0;0,00
ARAPUÃ;410165501A;PR;Arapua01;-24,307;-51,784;2025-03-30 02:00:00.0;0,00
ARAPUÃ;410165501A;PR;Arapua01;-24,307;-51,784;2025-03-30 03:00:00.0;0,00
ARAPUÃ;410165501A;PR;Arapua01;-24,307;-51,784;2025-03-30 04:00:00.0;0,00
ARAPUÃ;410165501A;PR;Arapua01;-24,307;-51,784;2025-03-30 05:00:00.0;0,00
ARAPUÃ;410165501A;PR;Arapua01;-24,307;-51,784;2025-03-30 06:00:00.0;0,00
ARAPUÃ;410165501A;PR;Arapua01;-24,307;-51,784;2025-03-30 07:00:00.0;0,00
ARAPUÃ;410165501A;PR;Arapua01;-24,307;-51,784;2025-03-30 08:00:00.0;0,00
ARAPUÃ;410165501A;PR;Arapua01;-24,307;-51,784;2025-03-30 09:00:00.0;0,00
ARAPUÃ;410165501A;PR;Arapua01;-24,307;-51,784;2025-03-30 10:00:00.0;0,00
ARAPUÃ;410165501A;PR;Arapua01;-24,307;-51,784;2025-03-30 11:00:00.0;0,00
ARAPUÃ;410165501A;PR;Arapua01;-24,307;-51,784;2025-03-30 12:00:00.0;0,00
ARAPUÃ;410165501A;PR;Arapua01;-24,307;-51,784;2025-03-30 13:00:00.0;0,00
ARAPUÃ;410165501A;PR;Arapua01;-24,307;-51,784;2025-03-30 14:00:00.0;0,00
ARAPUÃ;410165501A;PR;Arapua01;-24,307;-51,784;2025-03-30 15:00:00.0;0,00
ARAPUÃ;410165501A;PR;Arapua01;-24,307;-51,784;2025-03-30 16:00:00.0;0,00
ARAPUÃ;410165501A;PR;Arapua01;-24,307;-51,784;2025-03-30 17:00:00.0;0,00
ARAPUÃ;410165501A;PR;Arapua01;-24,307;-51,784;2025-03-30 18:00:00.0;0,00
ARAPUÃ;410165501A;PR;Arapua01;-24,307;-51,784;2025-03-30 19:00:00.0;0,00
ARAPUÃ;410165501A;PR;Arapua01;-24,307;-51,784;2025-03-30 20:00:00.0;0,00
ARAPUÃ;410165501A;PR;Arapua01;-24,307;-51,784;2025-03-30 21:00:00.0;0,00
ARAPUÃ;410165501A;PR;Arapua01;-24,307;-51,784;2025-03-30 22:00:00.0;0,00
ARAPUÃ;410165501A;PR;Arapua01;-24,307;-51,784;2025-03-30 23:00:00.0;0,00
ARAPUÃ;410165501A;PR;Arapua01;-24,307;-51,784;2025-03-31 00:00:00.0;0,00
ARAPUÃ;410165501A;PR;Arapua01;-24,307;-51,784;2025-03-31 01:00:00.0;0,00
ARAPUÃ;410165501A;PR;Arapua01;-24,307;-51,784;2025-03-31 02:00:00.0;0,00
ARAPUÃ;410165501A;PR;Arapua01;-24,307;-51,784;2025-03-31 03:00:00.0;0,00
ARAPUÃ;410165501A;PR;Arapua01;-24,307;-51,784;2025-03-31 04:00:00.0;0,00
ARAPUÃ;410165501A;PR;Arapua01;-24,307;-51,784;2025-03-31 05:00:00.0;0,00
ARAPUÃ;410165501A;PR;Arapua01;-24,307;-51,784;2025-03-31 06:00:00.0;0,00
ARAPUÃ;410165501A;PR;Arapua01;-24,307;-51,784;2025-03-31 07:00:00.0;0,00
ARAPUÃ;410165501A;PR;Arapua01;-24,307;-51,784;2025-03-31 08:00:00.0;0,00
ARAPUÃ;410165501A;PR;Arapua01;-24,307;-51,784;2025-03-31 09:00:00.0;0,00
ARAPUÃ;410165501A;PR;Arapua01;-24,307;-51,784;2025-03-31 10:00:00.0;0,00
ARAPUÃ;410165501A;PR;Arapua01;-24,307;-51,784;2025-03-31 11:00:00.0;0,00
ARAPUÃ;410165501A;PR;Arapua01;-24,307;-51,784;2025-03-31 12:00:00.0;0,00
ARAPUÃ;410165501A;PR;Arapua01;-24,307;-51,784;2025-03-31 13:00:00.0;0,00
ARAPUÃ;410165501A;PR;Arapua01;-24,307;-51,784;2025-03-31 14:00:00.0;0,00
ARAPUÃ;410165501A;PR;Arapua01;-24,307;-51,784;2025-03-31 15:00:00.0;0,00
ARAPUÃ;410165501A;PR;Arapua01;-24,307;-51,784;2025-03-31 16:00:00.0;0,00
ARAPUÃ;410165501A;PR;Arapua01;-24,307;-51,784;2025-03-31 17:00:00.0;0,00
ARAPUÃ;410165501A;PR;Arapua01;-24,307;-51,784;2025-03-31 18:00:00.0;0,00
ARAPUÃ;410165501A;PR;Arapua01;-24,307;-51,784;2025-03-31 19:00:00.0;0,00
ARAPUÃ;410165501A;PR;Arapua01;-24,307;-51,784;2025-03-31 20:00:00.0;0,00
ARAPUÃ;410165501A;PR;Arapua01;-24,307;-51,784;2025-03-31 21:00:00.0;0,00
ARAPUÃ;410165501A;PR;Arapua01;-24,307;-51,784;2025-03-31 22:00:00.0;0,00
ARAPUÃ;410165501A;PR;Arapua01;-24,307;-51,784;2025-03-31 23:00:00.0;0,00
ARAUCÁRIA;410180402A;PR;Centro;-25,595;-49,388;2025-03-01 00:00:00.0;0,00
ARAUCÁRIA;410180402A;PR;Centro;-25,595;-49,388;2025-03-01 00:10:00.0;0,00
ARAUCÁRIA;410180402A;PR;Centro;-25,595;-49,388;2025-03-01 01:00:00.0;0,00
ARAUCÁRIA;410180402A;PR;Centro;-25,595;-49,388;2025-03-01 02:00:00.0;0,00
ARAUCÁRIA;410180402A;PR;Centro;-25,595;-49,388;2025-03-01 03:00:00.0;0,00
ARAUCÁRIA;410180402A;PR;Centro;-25,595;-49,388;2025-03-01 04:00:00.0;0,00
ARAUCÁRIA;410180402A;PR;Centro;-25,595;-49,388;2025-03-01 05:00:00.0;0,00
ARAUCÁRIA;410180402A;PR;Centro;-25,595;-49,388;2025-03-01 06:00:00.0;0,00
ARAUCÁRIA;410180402A;PR;Centro;-25,595;-49,388;2025-03-01 07:00:00.0;0,00
ARAUCÁRIA;410180402A;PR;Centro;-25,595;-49,388;2025-03-01 08:00:00.0;0,00
ARAUCÁRIA;410180402A;PR;Centro;-25,595;-49,388;2025-03-01 09:00:00.0;0,00
ARAUCÁRIA;410180402A;PR;Centro;-25,595;-49,388;2025-03-01 10:00:00.0;0,00
ARAUCÁRIA;410180402A;PR;Centro;-25,595;-49,388;2025-03-01 11:00:00.0;0,00
ARAUCÁRIA;410180402A;PR;Centro;-25,595;-49,388;2025-03-01 12:00:00.0;0,00
ARAUCÁRIA;410180402A;PR;Centro;-25,595;-49,388;2025-03-01 13:00:00.0;0,00
ARAUCÁRIA;410180402A;PR;Centro;-25,595;-49,388;2025-03-01 14:00:00.0;0,00
ARAUCÁRIA;410180402A;PR;Centro;-25,595;-49,388;2025-03-01 15:00:00.0;0,00
ARAUCÁRIA;410180402A;PR;Centro;-25,595;-49,388;2025-03-01 16:00:00.0;0,00
ARAUCÁRIA;410180402A;PR;Centro;-25,595;-49,388;2025-03-01 17:00:00.0;0,00
ARAUCÁRIA;410180402A;PR;Centro;-25,595;-49,388;2025-03-01 18:00:00.0;0,00
ARAUCÁRIA;410180402A;PR;Centro;-25,595;-49,388;2025-03-01 19:00:00.0;0,00
ARAUCÁRIA;410180402A;PR;Centro;-25,595;-49,388;2025-03-01 20:00:00.0;0,00
ARAUCÁRIA;410180402A;PR;Centro;-25,595;-49,388;2025-03-01 21:00:00.0;0,00
ARAUCÁRIA;410180402A;PR;Centro;-25,595;-49,388;2025-03-01 22:00:00.0;0,00
ARAUCÁRIA;410180402A;PR;Centro;-25,595;-49,388;2025-03-01 23:00:00.0;0,00
ARAUCÁRIA;410180402A;PR;Centro;-25,595;-49,388;2025-03-02 00:00:00.0;0,00
ARAUCÁRIA;410180402A;PR;Centro;-25,595;-49,388;2025-03-02 01:00:00.0;0,00
ARAUCÁRIA;410180402A;PR;Centro;-25,595;-49,388;2025-03-02 02:00:00.0;0,00
ARAUCÁRIA;410180402A;PR;Centro;-25,595;-49,388;2025-03-02 03:00:00.0;0,00
ARAUCÁRIA;410180402A;PR;Centro;-25,595;-49,388;2025-03-02 04:00:00.0;0,00
ARAUCÁRIA;410180402A;PR;Centro;-25,595;-49,388;2025-03-02 05:00:00.0;0,00
ARAUCÁRIA;410180402A;PR;Centro;-25,595;-49,388;2025-03-02 06:00:00.0;0,00
ARAUCÁRIA;410180402A;PR;Centro;-25,595;-49,388;2025-03-02 07:00:00.0;0,00
ARAUCÁRIA;410180402A;PR;Centro;-25,595;-49,388;2025-03-02 08:00:00.0;0,00
ARAUCÁRIA;410180402A;PR;Centro;-25,595;-49,388;2025-03-02 09:00:00.0;0,00
ARAUCÁRIA;410180402A;PR;Centro;-25,595;-49,388;2025-03-02 10:00:00.0;0,00
ARAUCÁRIA;410180402A;PR;Centro;-25,595;-49,388;2025-03-02 11:00:00.0;0,00
ARAUCÁRIA;410180402A;PR;Centro;-25,595;-49,388;2025-03-02 12:00:00.0;0,00
ARAUCÁRIA;410180402A;PR;Centro;-25,595;-49,388;2025-03-02 13:00:00.0;0,00
ARAUCÁRIA;410180402A;PR;Centro;-25,595;-49,388;2025-03-02 14:00:00.0;0,00
ARAUCÁRIA;410180402A;PR;Centro;-25,595;-49,388;2025-03-02 15:00:00.0;0,00
ARAUCÁRIA;410180402A;PR;Centro;-25,595;-49,388;2025-03-02 16:00:00.0;0,00
ARAUCÁRIA;410180402A;PR;Centro;-25,595;-49,388;2025-03-02 17:00:00.0;0,00
ARAUCÁRIA;410180402A;PR;Centro;-25,595;-49,388;2025-03-02 18:00:00.0;0,00
ARAUCÁRIA;410180402A;PR;Centro;-25,595;-49,388;2025-03-02 19:00:00.0;0,00
ARAUCÁRIA;410180402A;PR;Centro;-25,595;-49,388;2025-03-02 20:00:00.0;0,00
ARAUCÁRIA;410180402A;PR;Centro;-25,595;-49,388;2025-03-02 21:00:00.0;0,00
ARAUCÁRIA;410180402A;PR;Centro;-25,595;-49,388;2025-03-02 22:00:00.0;0,00
ARAUCÁRIA;410180402A;PR;Centro;-25,595;-49,388;2025-03-02 23:00:00.0;0,00
ARAUCÁRIA;410180402A;PR;Centro;-25,595;-49,388;2025-03-03 00:00:00.0;0,00
ARAUCÁRIA;410180402A;PR;Centro;-25,595;-49,388;2025-03-03 01:00:00.0;0,00
ARAUCÁRIA;410180402A;PR;Centro;-25,595;-49,388;2025-03-03 02:00:00.0;0,00
ARAUCÁRIA;410180402A;PR;Centro;-25,595;-49,388;2025-03-03 03:00:00.0;0,00
ARAUCÁRIA;410180402A;PR;Centro;-25,595;-49,388;2025-03-03 04:00:00.0;0,00
ARAUCÁRIA;410180402A;PR;Centro;-25,595;-49,388;2025-03-03 05:00:00.0;0,00
ARAUCÁRIA;410180402A;PR;Centro;-25,595;-49,388;2025-03-03 06:00:00.0;0,00
ARAUCÁRIA;410180402A;PR;Centro;-25,595;-49,388;2025-03-03 07:00:00.0;0,00
ARAUCÁRIA;410180402A;PR;Centro;-25,595;-49,388;2025-03-03 08:00:00.0;0,00
ARAUCÁRIA;410180402A;PR;Centro;-25,595;-49,388;2025-03-03 09:00:00.0;0,00
ARAUCÁRIA;410180402A;PR;Centro;-25,595;-49,388;2025-03-03 10:00:00.0;0,00
ARAUCÁRIA;410180402A;PR;Centro;-25,595;-49,388;2025-03-03 11:00:00.0;0,00
ARAUCÁRIA;410180402A;PR;Centro;-25,595;-49,388;2025-03-03 12:00:00.0;0,00
ARAUCÁRIA;410180402A;PR;Centro;-25,595;-49,388;2025-03-03 13:00:00.0;0,00
ARAUCÁRIA;410180402A;PR;Centro;-25,595;-49,388;2025-03-03 14:00:00.0;0,00
ARAUCÁRIA;410180402A;PR;Centro;-25,595;-49,388;2025-03-03 15:00:00.0;0,00
ARAUCÁRIA;410180402A;PR;Centro;-25,595;-49,388;2025-03-03 16:00:00.0;0,00
ARAUCÁRIA;410180402A;PR;Centro;-25,595;-49,388;2025-03-03 17:00:00.0;0,00
ARAUCÁRIA;410180402A;PR;Centro;-25,595;-49,388;2025-03-03 18:00:00.0;0,00
ARAUCÁRIA;410180402A;PR;Centro;-25,595;-49,388;2025-03-03 19:00:00.0;0,00
ARAUCÁRIA;410180402A;PR;Centro;-25,595;-49,388;2025-03-03 20:00:00.0;0,00
ARAUCÁRIA;410180402A;PR;Centro;-25,595;-49,388;2025-03-03 21:00:00.0;0,00
ARAUCÁRIA;410180402A;PR;Centro;-25,595;-49,388;2025-03-03 22:00:00.0;0,00
ARAUCÁRIA;410180402A;PR;Centro;-25,595;-49,388;2025-03-03 23:00:00.0;0,00
ARAUCÁRIA;410180402A;PR;Centro;-25,595;-49,388;2025-03-04 00:00:00.0;0,00
ARAUCÁRIA;410180402A;PR;Centro;-25,595;-49,388;2025-03-04 01:00:00.0;0,00
ARAUCÁRIA;410180402A;PR;Centro;-25,595;-49,388;2025-03-04 02:00:00.0;0,00
ARAUCÁRIA;410180402A;PR;Centro;-25,595;-49,388;2025-03-04 03:00:00.0;0,00
ARAUCÁRIA;410180402A;PR;Centro;-25,595;-49,388;2025-03-04 04:00:00.0;0,00
ARAUCÁRIA;410180402A;PR;Centro;-25,595;-49,388;2025-03-04 05:00:00.0;0,00
ARAUCÁRIA;410180402A;PR;Centro;-25,595;-49,388;2025-03-04 06:00:00.0;0,00
ARAUCÁRIA;410180402A;PR;Centro;-25,595;-49,388;2025-03-04 07:00:00.0;0,00
ARAUCÁRIA;410180402A;PR;Centro;-25,595;-49,388;2025-03-04 08:00:00.0;0,00
ARAUCÁRIA;410180402A;PR;Centro;-25,595;-49,388;2025-03-04 09:00:00.0;0,00
ARAUCÁRIA;410180402A;PR;Centro;-25,595;-49,388;2025-03-04 10:00:00.0;0,00
ARAUCÁRIA;410180402A;PR;Centro;-25,595;-49,388;2025-03-04 11:00:00.0;0,00
ARAUCÁRIA;410180402A;PR;Centro;-25,595;-49,388;2025-03-04 12:00:00.0;0,00
ARAUCÁRIA;410180402A;PR;Centro;-25,595;-49,388;2025-03-04 13:00:00.0;0,00
ARAUCÁRIA;410180402A;PR;Centro;-25,595;-49,388;2025-03-04 14:00:00.0;0,00
ARAUCÁRIA;410180402A;PR;Centro;-25,595;-49,388;2025-03-04 15:00:00.0;0,00
ARAUCÁRIA;410180402A;PR;Centro;-25,595;-49,388;2025-03-04 16:00:00.0;0,00
ARAUCÁRIA;410180402A;PR;Centro;-25,595;-49,388;2025-03-04 17:00:00.0;0,00
ARAUCÁRIA;410180402A;PR;Centro;-25,595;-49,388;2025-03-04 18:00:00.0;0,00
ARAUCÁRIA;410180402A;PR;Centro;-25,595;-49,388;2025-03-04 19:00:00.0;0,00
ARAUCÁRIA;410180402A;PR;Centro;-25,595;-49,388;2025-03-04 20:00:00.0;0,00
ARAUCÁRIA;410180402A;PR;Centro;-25,595;-49,388;2025-03-04 21:00:00.0;0,00
ARAUCÁRIA;410180402A;PR;Centro;-25,595;-49,388;2025-03-04 22:00:00.0;0,00
ARAUCÁRIA;410180402A;PR;Centro;-25,595;-49,388;2025-03-04 23:00:00.0;0,00
ARAUCÁRIA;410180402A;PR;Centro;-25,595;-49,388;2025-03-05 00:00:00.0;0,00
ARAUCÁRIA;410180402A;PR;Centro;-25,595;-49,388;2025-03-05 01:00:00.0;0,00
ARAUCÁRIA;410180402A;PR;Centro;-25,595;-49,388;2025-03-05 02:00:00.0;0,00
ARAUCÁRIA;410180402A;PR;Centro;-25,595;-49,388;2025-03-05 03:00:00.0;0,00
ARAUCÁRIA;410180402A;PR;Centro;-25,595;-49,388;2025-03-05 04:00:00.0;0,00
ARAUCÁRIA;410180402A;PR;Centro;-25,595;-49,388;2025-03-05 05:00:00.0;0,00
ARAUCÁRIA;410180402A;PR;Centro;-25,595;-49,388;2025-03-05 06:00:00.0;0,00
ARAUCÁRIA;410180402A;PR;Centro;-25,595;-49,388;2025-03-05 07:00:00.0;0,00
ARAUCÁRIA;410180402A;PR;Centro;-25,595;-49,388;2025-03-05 08:00:00.0;0,00
ARAUCÁRIA;410180402A;PR;Centro;-25,595;-49,388;2025-03-05 09:00:00.0;0,00
ARAUCÁRIA;410180402A;PR;Centro;-25,595;-49,388;2025-03-05 10:00:00.0;0,00
ARAUCÁRIA;410180402A;PR;Centro;-25,595;-49,388;2025-03-05 11:00:00.0;0,00
ARAUCÁRIA;410180402A;PR;Centro;-25,595;-49,388;2025-03-05 12:00:00.0;0,00
ARAUCÁRIA;410180402A;PR;Centro;-25,595;-49,388;2025-03-05 13:00:00.0;0,00
ARAUCÁRIA;410180402A;PR;Centro;-25,595;-49,388;2025-03-05 14:00:00.0;0,00
ARAUCÁRIA;410180402A;PR;Centro;-25,595;-49,388;2025-03-05 15:00:00.0;0,00
ARAUCÁRIA;410180402A;PR;Centro;-25,595;-49,388;2025-03-05 16:00:00.0;0,00
ARAUCÁRIA;410180402A;PR;Centro;-25,595;-49,388;2025-03-05 17:00:00.0;0,00
ARAUCÁRIA;410180402A;PR;Centro;-25,595;-49,388;2025-03-05 18:00:00.0;0,00
ARAUCÁRIA;410180402A;PR;Centro;-25,595;-49,388;2025-03-05 19:00:00.0;0,00
ARAUCÁRIA;410180402A;PR;Centro;-25,595;-49,388;2025-03-05 20:00:00.0;0,00
ARAUCÁRIA;410180402A;PR;Centro;-25,595;-49,388;2025-03-05 21:00:00.0;0,00
ARAUCÁRIA;410180402A;PR;Centro;-25,595;-49,388;2025-03-05 22:00:00.0;0,00
ARAUCÁRIA;410180402A;PR;Centro;-25,595;-49,388;2025-03-05 23:00:00.0;0,00
ARAUCÁRIA;410180402A;PR;Centro;-25,595;-49,388;2025-03-06 00:00:00.0;0,00
ARAUCÁRIA;410180402A;PR;Centro;-25,595;-49,388;2025-03-06 01:00:00.0;0,00
ARAUCÁRIA;410180402A;PR;Centro;-25,595;-49,388;2025-03-06 02:00:00.0;0,00
ARAUCÁRIA;410180402A;PR;Centro;-25,595;-49,388;2025-03-06 03:00:00.0;0,00
ARAUCÁRIA;410180402A;PR;Centro;-25,595;-49,388;2025-03-06 04:00:00.0;0,00
ARAUCÁRIA;410180402A;PR;Centro;-25,595;-49,388;2025-03-06 05:00:00.0;0,00
ARAUCÁRIA;410180402A;PR;Centro;-25,595;-49,388;2025-03-06 06:00:00.0;0,00
ARAUCÁRIA;410180402A;PR;Centro;-25,595;-49,388;2025-03-06 07:00:00.0;0,00
ARAUCÁRIA;410180402A;PR;Centro;-25,595;-49,388;2025-03-06 08:00:00.0;0,00
ARAUCÁRIA;410180402A;PR;Centro;-25,595;-49,388;2025-03-06 09:00:00.0;0,00
ARAUCÁRIA;410180402A;PR;Centro;-25,595;-49,388;2025-03-06 10:00:00.0;0,00
ARAUCÁRIA;410180402A;PR;Centro;-25,595;-49,388;2025-03-06 11:00:00.0;0,00
ARAUCÁRIA;410180402A;PR;Centro;-25,595;-49,388;2025-03-06 12:00:00.0;0,00
ARAUCÁRIA;410180402A;PR;Centro;-25,595;-49,388;2025-03-06 13:00:00.0;0,00
ARAUCÁRIA;410180402A;PR;Centro;-25,595;-49,388;2025-03-06 14:00:00.0;0,00
ARAUCÁRIA;410180402A;PR;Centro;-25,595;-49,388;2025-03-06 15:00:00.0;0,00
ARAUCÁRIA;410180402A;PR;Centro;-25,595;-49,388;2025-03-06 16:00:00.0;0,00
ARAUCÁRIA;410180402A;PR;Centro;-25,595;-49,388;2025-03-06 17:00:00.0;0,00
ARAUCÁRIA;410180402A;PR;Centro;-25,595;-49,388;2025-03-06 18:00:00.0;0,00
ARAUCÁRIA;410180402A;PR;Centro;-25,595;-49,388;2025-03-06 19:00:00.0;0,00
ARAUCÁRIA;410180402A;PR;Centro;-25,595;-49,388;2025-03-06 20:00:00.0;0,00
ARAUCÁRIA;410180402A;PR;Centro;-25,595;-49,388;2025-03-06 21:00:00.0;0,00
ARAUCÁRIA;410180402A;PR;Centro;-25,595;-49,388;2025-03-06 22:00:00.0;0,00
ARAUCÁRIA;410180402A;PR;Centro;-25,595;-49,388;2025-03-06 23:00:00.0;0,00
ARAUCÁRIA;410180402A;PR;Centro;-25,595;-49,388;2025-03-07 00:00:00.0;0,00
ARAUCÁRIA;410180402A;PR;Centro;-25,595;-49,388;2025-03-07 01:00:00.0;0,00
ARAUCÁRIA;410180402A;PR;Centro;-25,595;-49,388;2025-03-07 02:00:00.0;0,00
ARAUCÁRIA;410180402A;PR;Centro;-25,595;-49,388;2025-03-07 03:00:00.0;0,00
ARAUCÁRIA;410180402A;PR;Centro;-25,595;-49,388;2025-03-07 04:00:00.0;0,00
ARAUCÁRIA;410180402A;PR;Centro;-25,595;-49,388;2025-03-07 05:00:00.0;0,00
ARAUCÁRIA;410180402A;PR;Centro;-25,595;-49,388;2025-03-07 06:00:00.0;0,00
ARAUCÁRIA;410180402A;PR;Centro;-25,595;-49,388;2025-03-07 07:00:00.0;0,00
ARAUCÁRIA;410180402A;PR;Centro;-25,595;-49,388;2025-03-07 08:00:00.0;0,00
ARAUCÁRIA;410180402A;PR;Centro;-25,595;-49,388;2025-03-07 09:00:00.0;0,00
ARAUCÁRIA;410180402A;PR;Centro;-25,595;-49,388;2025-03-07 10:00:00.0;0,00
ARAUCÁRIA;410180402A;PR;Centro;-25,595;-49,388;2025-03-07 11:00:00.0;0,00
ARAUCÁRIA;410180402A;PR;Centro;-25,595;-49,388;2025-03-07 12:00:00.0;0,00
ARAUCÁRIA;410180402A;PR;Centro;-25,595;-49,388;2025-03-07 13:00:00.0;0,00
ARAUCÁRIA;410180402A;PR;Centro;-25,595;-49,388;2025-03-07 14:00:00.0;0,00
ARAUCÁRIA;410180402A;PR;Centro;-25,595;-49,388;2025-03-07 15:00:00.0;0,00
ARAUCÁRIA;410180402A;PR;Centro;-25,595;-49,388;2025-03-07 16:00:00.0;0,00
ARAUCÁRIA;410180402A;PR;Centro;-25,595;-49,388;2025-03-07 17:00:00.0;0,00
ARAUCÁRIA;410180402A;PR;Centro;-25,595;-49,388;2025-03-07 18:00:00.0;0,00
ARAUCÁRIA;410180402A;PR;Centro;-25,595;-49,388;2025-03-07 19:00:00.0;0,00
ARAUCÁRIA;410180402A;PR;Centro;-25,595;-49,388;2025-03-07 20:00:00.0;0,00
ARAUCÁRIA;410180402A;PR;Centro;-25,595;-49,388;2025-03-07 21:00:00.0;0,00
ARAUCÁRIA;410180402A;PR;Centro;-25,595;-49,388;2025-03-07 22:00:00.0;0,00
ARAUCÁRIA;410180402A;PR;Centro;-25,595;-49,388;2025-03-07 23:00:00.0;0,00
ARAUCÁRIA;410180402A;PR;Centro;-25,595;-49,388;2025-03-08 00:00:00.0;0,00
ARAUCÁRIA;410180402A;PR;Centro;-25,595;-49,388;2025-03-08 01:00:00.0;0,00
ARAUCÁRIA;410180402A;PR;Centro;-25,595;-49,388;2025-03-08 02:00:00.0;0,00
ARAUCÁRIA;410180402A;PR;Centro;-25,595;-49,388;2025-03-08 03:00:00.0;0,00
ARAUCÁRIA;410180402A;PR;Centro;-25,595;-49,388;2025-03-08 04:00:00.0;0,00
ARAUCÁRIA;410180402A;PR;Centro;-25,595;-49,388;2025-03-08 05:00:00.0;0,00
ARAUCÁRIA;410180402A;PR;Centro;-25,595;-49,388;2025-03-08 06:00:00.0;0,00
ARAUCÁRIA;410180402A;PR;Centro;-25,595;-49,388;2025-03-08 07:00:00.0;0,00
ARAUCÁRIA;410180402A;PR;Centro;-25,595;-49,388;2025-03-08 08:00:00.0;0,00
ARAUCÁRIA;410180402A;PR;Centro;-25,595;-49,388;2025-03-08 09:00:00.0;0,00
ARAUCÁRIA;410180402A;PR;Centro;-25,595;-49,388;2025-03-08 10:00:00.0;0,00
ARAUCÁRIA;410180402A;PR;Centro;-25,595;-49,388;2025-03-08 11:00:00.0;0,00
ARAUCÁRIA;410180402A;PR;Centro;-25,595;-49,388;2025-03-08 12:00:00.0;0,00
ARAUCÁRIA;410180402A;PR;Centro;-25,595;-49,388;2025-03-08 13:00:00.0;0,00
ARAUCÁRIA;410180402A;PR;Centro;-25,595;-49,388;2025-03-08 14:00:00.0;0,00
ARAUCÁRIA;410180402A;PR;Centro;-25,595;-49,388;2025-03-08 15:00:00.0;0,00
ARAUCÁRIA;410180402A;PR;Centro;-25,595;-49,388;2025-03-08 16:00:00.0;0,00
ARAUCÁRIA;410180402A;PR;Centro;-25,595;-49,388;2025-03-08 17:00:00.0;0,00
ARAUCÁRIA;410180402A;PR;Centro;-25,595;-49,388;2025-03-08 18:00:00.0;0,00
ARAUCÁRIA;410180402A;PR;Centro;-25,595;-49,388;2025-03-08 19:00:00.0;0,00
ARAUCÁRIA;410180402A;PR;Centro;-25,595;-49,388;2025-03-08 20:00:00.0;0,00
ARAUCÁRIA;410180402A;PR;Centro;-25,595;-49,388;2025-03-08 21:00:00.0;0,00
ARAUCÁRIA;410180402A;PR;Centro;-25,595;-49,388;2025-03-08 22:00:00.0;0,00
ARAUCÁRIA;410180402A;PR;Centro;-25,595;-49,388;2025-03-08 23:00:00.0;0,00
ARAUCÁRIA;410180402A;PR;Centro;-25,595;-49,388;2025-03-09 00:00:00.0;0,00
ARAUCÁRIA;410180402A;PR;Centro;-25,595;-49,388;2025-03-09 01:00:00.0;0,00
ARAUCÁRIA;410180402A;PR;Centro;-25,595;-49,388;2025-03-09 02:00:00.0;0,00
ARAUCÁRIA;410180402A;PR;Centro;-25,595;-49,388;2025-03-09 03:00:00.0;0,00
ARAUCÁRIA;410180402A;PR;Centro;-25,595;-49,388;2025-03-09 04:00:00.0;0,00
ARAUCÁRIA;410180402A;PR;Centro;-25,595;-49,388;2025-03-09 05:00:00.0;0,00
ARAUCÁRIA;410180402A;PR;Centro;-25,595;-49,388;2025-03-09 06:00:00.0;0,00
ARAUCÁRIA;410180402A;PR;Centro;-25,595;-49,388;2025-03-09 07:00:00.0;0,00
ARAUCÁRIA;410180402A;PR;Centro;-25,595;-49,388;2025-03-09 08:00:00.0;0,00
ARAUCÁRIA;410180402A;PR;Centro;-25,595;-49,388;2025-03-09 09:00:00.0;0,00
ARAUCÁRIA;410180402A;PR;Centro;-25,595;-49,388;2025-03-09 10:00:00.0;0,00
ARAUCÁRIA;410180402A;PR;Centro;-25,595;-49,388;2025-03-09 11:00:00.0;0,00
ARAUCÁRIA;410180402A;PR;Centro;-25,595;-49,388;2025-03-09 12:00:00.0;0,00
ARAUCÁRIA;410180402A;PR;Centro;-25,595;-49,388;2025-03-09 13:00:00.0;0,00
ARAUCÁRIA;410180402A;PR;Centro;-25,595;-49,388;2025-03-09 14:00:00.0;0,00
ARAUCÁRIA;410180402A;PR;Centro;-25,595;-49,388;2025-03-09 15:00:00.0;0,00
ARAUCÁRIA;410180402A;PR;Centro;-25,595;-49,388;2025-03-09 16:00:00.0;0,00
ARAUCÁRIA;410180402A;PR;Centro;-25,595;-49,388;2025-03-09 17:00:00.0;0,00
ARAUCÁRIA;410180402A;PR;Centro;-25,595;-49,388;2025-03-09 18:00:00.0;0,00
ARAUCÁRIA;410180402A;PR;Centro;-25,595;-49,388;2025-03-09 19:00:00.0;0,00
ARAUCÁRIA;410180402A;PR;Centro;-25,595;-49,388;2025-03-09 20:00:00.0;0,00
ARAUCÁRIA;410180402A;PR;Centro;-25,595;-49,388;2025-03-09 21:00:00.0;1,20
ARAUCÁRIA;410180402A;PR;Centro;-25,595;-49,388;2025-03-09 21:10:00.0;0,20
ARAUCÁRIA;410180402A;PR;Centro;-25,595;-49,388;2025-03-09 21:20:00.0;0,20
ARAUCÁRIA;410180402A;PR;Centro;-25,595;-49,388;2025-03-09 21:30:00.0;0,40
ARAUCÁRIA;410180402A;PR;Centro;-25,595;-49,388;2025-03-09 21:40:00.0;0,20
ARAUCÁRIA;410180402A;PR;Centro;-25,595;-49,388;2025-03-09 21:50:00.0;0,20
ARAUCÁRIA;410180402A;PR;Centro;-25,595;-49,388;2025-03-09 22:00:00.0;0,00
ARAUCÁRIA;410180402A;PR;Centro;-25,595;-49,388;2025-03-09 22:10:00.0;0,20
ARAUCÁRIA;410180402A;PR;Centro;-25,595;-49,388;2025-03-09 22:20:00.0;0,20
ARAUCÁRIA;410180402A;PR;Centro;-25,595;-49,388;2025-03-09 22:40:00.0;0,20
ARAUCÁRIA;410180402A;PR;Centro;-25,595;-49,388;2025-03-09 22:50:00.0;0,20
ARAUCÁRIA;410180402A;PR;Centro;-25,595;-49,388;2025-03-09 23:00:00.0;0,00
ARAUCÁRIA;410180402A;PR;Centro;-25,595;-49,388;2025-03-09 23:10:00.0;0,20
ARAUCÁRIA;410180402A;PR;Centro;-25,595;-49,388;2025-03-09 23:20:00.0;0,40
ARAUCÁRIA;410180402A;PR;Centro;-25,595;-49,388;2025-03-09 23:30:00.0;0,20
ARAUCÁRIA;410180402A;PR;Centro;-25,595;-49,388;2025-03-09 23:40:00.0;0,40
ARAUCÁRIA;410180402A;PR;Centro;-25,595;-49,388;2025-03-10 00:00:00.0;0,20
ARAUCÁRIA;410180402A;PR;Centro;-25,595;-49,388;2025-03-10 00:10:00.0;0,20
ARAUCÁRIA;410180402A;PR;Centro;-25,595;-49,388;2025-03-10 00:20:00.0;0,20
ARAUCÁRIA;410180402A;PR;Centro;-25,595;-49,388;2025-03-10 00:30:00.0;0,20
ARAUCÁRIA;410180402A;PR;Centro;-25,595;-49,388;2025-03-10 01:00:00.0;0,20
ARAUCÁRIA;410180402A;PR;Centro;-25,595;-49,388;2025-03-10 01:20:00.0;0,20
ARAUCÁRIA;410180402A;PR;Centro;-25,595;-49,388;2025-03-10 02:00:00.0;0,00
ARAUCÁRIA;410180402A;PR;Centro;-25,595;-49,388;2025-03-10 02:40:00.0;0,20
ARAUCÁRIA;410180402A;PR;Centro;-25,595;-49,388;2025-03-10 03:00:00.0;0,00
ARAUCÁRIA;410180402A;PR;Centro;-25,595;-49,388;2025-03-10 03:40:00.0;0,20
ARAUCÁRIA;410180402A;PR;Centro;-25,595;-49,388;2025-03-10 04:00:00.0;0,00
ARAUCÁRIA;410180402A;PR;Centro;-25,595;-49,388;2025-03-10 05:00:00.0;0,00
ARAUCÁRIA;410180402A;PR;Centro;-25,595;-49,388;2025-03-10 05:40:00.0;0,20
ARAUCÁRIA;410180402A;PR;Centro;-25,595;-49,388;2025-03-10 06:00:00.0;0,00
ARAUCÁRIA;410180402A;PR;Centro;-25,595;-49,388;2025-03-10 06:10:00.0;0,20
ARAUCÁRIA;410180402A;PR;Centro;-25,595;-49,388;2025-03-10 07:00:00.0;0,00
ARAUCÁRIA;410180402A;PR;Centro;-25,595;-49,388;2025-03-10 07:20:00.0;0,20
ARAUCÁRIA;410180402A;PR;Centro;-25,595;-49,388;2025-03-10 08:00:00.0;0,00
ARAUCÁRIA;410180402A;PR;Centro;-25,595;-49,388;2025-03-10 08:50:00.0;0,20
ARAUCÁRIA;410180402A;PR;Centro;-25,595;-49,388;2025-03-10 10:00:00.0;0,00
ARAUCÁRIA;410180402A;PR;Centro;-25,595;-49,388;2025-03-10 10:30:00.0;0,20
ARAUCÁRIA;410180402A;PR;Centro;-25,595;-49,388;2025-03-10 11:00:00.0;0,20
ARAUCÁRIA;410180402A;PR;Centro;-25,595;-49,388;2025-03-10 12:00:00.0;0,00
ARAUCÁRIA;410180402A;PR;Centro;-25,595;-49,388;2025-03-10 12:10:00.0;0,20
ARAUCÁRIA;410180402A;PR;Centro;-25,595;-49,388;2025-03-10 12:50:00.0;0,20
ARAUCÁRIA;410180402A;PR;Centro;-25,595;-49,388;2025-03-10 13:00:00.0;0,00
ARAUCÁRIA;410180402A;PR;Centro;-25,595;-49,388;2025-03-10 13:30:00.0;0,20
ARAUCÁRIA;410180402A;PR;Centro;-25,595;-49,388;2025-03-10 13:50:00.0;0,20
ARAUCÁRIA;410180402A;PR;Centro;-25,595;-49,388;2025-03-10 14:00:00.0;0,00
ARAUCÁRIA;410180402A;PR;Centro;-25,595;-49,388;2025-03-10 14:40:00.0;0,20
ARAUCÁRIA;410180402A;PR;Centro;-25,595;-49,388;2025-03-10 15:00:00.0;0,00
ARAUCÁRIA;410180402A;PR;Centro;-25,595;-49,388;2025-03-10 15:30:00.0;0,20
ARAUCÁRIA;410180402A;PR;Centro;-25,595;-49,388;2025-03-10 16:00:00.0;0,00
ARAUCÁRIA;410180402A;PR;Centro;-25,595;-49,388;2025-03-10 16:50:00.0;0,20
ARAUCÁRIA;410180402A;PR;Centro;-25,595;-49,388;2025-03-10 17:00:00.0;0,00
ARAUCÁRIA;410180402A;PR;Centro;-25,595;-49,388;2025-03-10 17:40:00.0;0,20
ARAUCÁRIA;410180402A;PR;Centro;-25,595;-49,388;2025-03-10 18:00:00.0;0,00
ARAUCÁRIA;410180402A;PR;Centro;-25,595;-49,388;2025-03-10 19:00:00.0;0,00
ARAUCÁRIA;410180402A;PR;Centro;-25,595;-49,388;2025-03-10 20:00:00.0;0,00
ARAUCÁRIA;410180402A;PR;Centro;-25,595;-49,388;2025-03-10 21:00:00.0;0,20
ARAUCÁRIA;410180402A;PR;Centro;-25,595;-49,388;2025-03-10 21:10:00.0;0,00
ARAUCÁRIA;410180402A;PR;Centro;-25,595;-49,388;2025-03-10 22:00:00.0;0,00
ARAUCÁRIA;410180402A;PR;Centro;-25,595;-49,388;2025-03-10 23:00:00.0;0,00
ARAUCÁRIA;410180402A;PR;Centro;-25,595;-49,388;2025-03-11 00:00:00.0;0,00
ARAUCÁRIA;410180402A;PR;Centro;-25,595;-49,388;2025-03-11 00:10:00.0;0,20
ARAUCÁRIA;410180402A;PR;Centro;-25,595;-49,388;2025-03-11 01:00:00.0;0,00
ARAUCÁRIA;410180402A;PR;Centro;-25,595;-49,388;2025-03-11 02:00:00.0;0,00
ARAUCÁRIA;410180402A;PR;Centro;-25,595;-49,388;2025-03-11 03:00:00.0;0,00
ARAUCÁRIA;410180402A;PR;Centro;-25,595;-49,388;2025-03-11 04:00:00.0;0,00
ARAUCÁRIA;410180402A;PR;Centro;-25,595;-49,388;2025-03-11 05:00:00.0;0,00
ARAUCÁRIA;410180402A;PR;Centro;-25,595;-49,388;2025-03-11 06:00:00.0;0,00
ARAUCÁRIA;410180402A;PR;Centro;-25,595;-49,388;2025-03-11 06:50:00.0;0,20
ARAUCÁRIA;410180402A;PR;Centro;-25,595;-49,388;2025-03-11 07:00:00.0;0,00
ARAUCÁRIA;410180402A;PR;Centro;-25,595;-49,388;2025-03-11 08:00:00.0;0,00
ARAUCÁRIA;410180402A;PR;Centro;-25,595;-49,388;2025-03-11 09:00:00.0;0,00
ARAUCÁRIA;410180402A;PR;Centro;-25,595;-49,388;2025-03-11 10:00:00.0;0,00
ARAUCÁRIA;410180402A;PR;Centro;-25,595;-49,388;2025-03-11 11:00:00.0;0,00
ARAUCÁRIA;410180402A;PR;Centro;-25,595;-49,388;2025-03-11 11:10:00.0;0,20
ARAUCÁRIA;410180402A;PR;Centro;-25,595;-49,388;2025-03-11 12:00:00.0;0,00
ARAUCÁRIA;410180402A;PR;Centro;-25,595;-49,388;2025-03-11 13:00:00.0;0,00
ARAUCÁRIA;410180402A;PR;Centro;-25,595;-49,388;2025-03-11 14:00:00.0;0,00
ARAUCÁRIA;410180402A;PR;Centro;-25,595;-49,388;2025-03-11 15:00:00.0;0,00
ARAUCÁRIA;410180402A;PR;Centro;-25,595;-49,388;2025-03-11 15:10:00.0;0,20
ARAUCÁRIA;410180402A;PR;Centro;-25,595;-49,388;2025-03-11 16:00:00.0;0,00
ARAUCÁRIA;410180402A;PR;Centro;-25,595;-49,388;2025-03-11 17:00:00.0;0,00
ARAUCÁRIA;410180402A;PR;Centro;-25,595;-49,388;2025-03-11 18:00:00.0;0,00
ARAUCÁRIA;410180402A;PR;Centro;-25,595;-49,388;2025-03-11 18:50:00.0;0,20
ARAUCÁRIA;410180402A;PR;Centro;-25,595;-49,388;2025-03-11 19:00:00.0;0,00
ARAUCÁRIA;410180402A;PR;Centro;-25,595;-49,388;2025-03-11 20:00:00.0;0,00
ARAUCÁRIA;410180402A;PR;Centro;-25,595;-49,388;2025-03-11 21:00:00.0;0,00
ARAUCÁRIA;410180402A;PR;Centro;-25,595;-49,388;2025-03-11 22:00:00.0;0,00
ARAUCÁRIA;410180402A;PR;Centro;-25,595;-49,388;2025-03-11 23:00:00.0;0,00
ARAUCÁRIA;410180402A;PR;Centro;-25,595;-49,388;2025-03-12 00:00:00.0;0,00
ARAUCÁRIA;410180402A;PR;Centro;-25,595;-49,388;2025-03-12 01:00:00.0;0,00
ARAUCÁRIA;410180402A;PR;Centro;-25,595;-49,388;2025-03-12 02:00:00.0;0,00
ARAUCÁRIA;410180402A;PR;Centro;-25,595;-49,388;2025-03-12 03:00:00.0;0,00
ARAUCÁRIA;410180402A;PR;Centro;-25,595;-49,388;2025-03-12 03:50:00.0;0,20
ARAUCÁRIA;410180402A;PR;Centro;-25,595;-49,388;2025-03-12 05:00:00.0;0,00
ARAUCÁRIA;410180402A;PR;Centro;-25,595;-49,388;2025-03-12 06:00:00.0;0,00
ARAUCÁRIA;410180402A;PR;Centro;-25,595;-49,388;2025-03-12 06:40:00.0;0,20
ARAUCÁRIA;410180402A;PR;Centro;-25,595;-49,388;2025-03-12 07:00:00.0;0,00
ARAUCÁRIA;410180402A;PR;Centro;-25,595;-49,388;2025-03-12 08:00:00.0;0,00
ARAUCÁRIA;410180402A;PR;Centro;-25,595;-49,388;2025-03-12 09:00:00.0;0,00
ARAUCÁRIA;410180402A;PR;Centro;-25,595;-49,388;2025-03-12 10:00:00.0;0,00
ARAUCÁRIA;410180402A;PR;Centro;-25,595;-49,388;2025-03-12 11:00:00.0;0,00
ARAUCÁRIA;410180402A;PR;Centro;-25,595;-49,388;2025-03-12 11:30:00.0;0,20
ARAUCÁRIA;410180402A;PR;Centro;-25,595;-49,388;2025-03-12 12:00:00.0;0,00
ARAUCÁRIA;410180402A;PR;Centro;-25,595;-49,388;2025-03-12 13:00:00.0;0,00
ARAUCÁRIA;410180402A;PR;Centro;-25,595;-49,388;2025-03-12 14:00:00.0;0,20
ARAUCÁRIA;410180402A;PR;Centro;-25,595;-49,388;2025-03-12 14:10:00.0;0,00
ARAUCÁRIA;410180402A;PR;Centro;-25,595;-49,388;2025-03-12 15:00:00.0;0,00
ARAUCÁRIA;410180402A;PR;Centro;-25,595;-49,388;2025-03-12 16:00:00.0;0,00
ARAUCÁRIA;410180402A;PR;Centro;-25,595;-49,388;2025-03-12 17:00:00.0;0,00
ARAUCÁRIA;410180402A;PR;Centro;-25,595;-49,388;2025-03-12 18:00:00.0;0,00
ARAUCÁRIA;410180402A;PR;Centro;-25,595;-49,388;2025-03-12 18:10:00.0;0,20
ARAUCÁRIA;410180402A;PR;Centro;-25,595;-49,388;2025-03-12 19:00:00.0;0,00
ARAUCÁRIA;410180402A;PR;Centro;-25,595;-49,388;2025-03-12 19:40:00.0;0,20
ARAUCÁRIA;410180402A;PR;Centro;-25,595;-49,388;2025-03-12 20:00:00.0;0,00
ARAUCÁRIA;410180402A;PR;Centro;-25,595;-49,388;2025-03-12 21:00:00.0;0,20
ARAUCÁRIA;410180402A;PR;Centro;-25,595;-49,388;2025-03-12 22:00:00.0;0,00
ARAUCÁRIA;410180402A;PR;Centro;-25,595;-49,388;2025-03-12 22:30:00.0;0,20
ARAUCÁRIA;410180402A;PR;Centro;-25,595;-49,388;2025-03-12 23:00:00.0;0,00
ARAUCÁRIA;410180402A;PR;Centro;-25,595;-49,388;2025-03-13 00:00:00.0;0,00
ARAUCÁRIA;410180402A;PR;Centro;-25,595;-49,388;2025-03-13 00:20:00.0;0,20
ARAUCÁRIA;410180402A;PR;Centro;-25,595;-49,388;2025-03-13 01:00:00.0;0,00
ARAUCÁRIA;410180402A;PR;Centro;-25,595;-49,388;2025-03-13 02:00:00.0;0,00
ARAUCÁRIA;410180402A;PR;Centro;-25,595;-49,388;2025-03-13 02:10:00.0;0,20
ARAUCÁRIA;410180402A;PR;Centro;-25,595;-49,388;2025-03-13 03:00:00.0;0,00
ARAUCÁRIA;410180402A;PR;Centro;-25,595;-49,388;2025-03-13 04:00:00.0;0,00
ARAUCÁRIA;410180402A;PR;Centro;-25,595;-49,388;2025-03-13 04:20:00.0;0,20
ARAUCÁRIA;410180402A;PR;Centro;-25,595;-49,388;2025-03-13 05:00:00.0;0,00
ARAUCÁRIA;410180402A;PR;Centro;-25,595;-49,388;2025-03-13 06:00:00.0;0,00
ARAUCÁRIA;410180402A;PR;Centro;-25,595;-49,388;2025-03-13 06:40:00.0;0,20
ARAUCÁRIA;410180402A;PR;Centro;-25,595;-49,388;2025-03-13 07:00:00.0;0,00
ARAUCÁRIA;410180402A;PR;Centro;-25,595;-49,388;2025-03-13 08:00:00.0;0,00
ARAUCÁRIA;410180402A;PR;Centro;-25,595;-49,388;2025-03-13 09:00:00.0;0,20
ARAUCÁRIA;410180402A;PR;Centro;-25,595;-49,388;2025-03-13 09:10:00.0;0,00
ARAUCÁRIA;410180402A;PR;Centro;-25,595;-49,388;2025-03-13 10:00:00.0;0,00
ARAUCÁRIA;410180402A;PR;Centro;-25,595;-49,388;2025-03-13 11:00:00.0;0,20
ARAUCÁRIA;410180402A;PR;Centro;-25,595;-49,388;2025-03-13 11:10:00.0;0,00
ARAUCÁRIA;410180402A;PR;Centro;-25,595;-49,388;2025-03-13 12:00:00.0;0,00
ARAUCÁRIA;410180402A;PR;Centro;-25,595;-49,388;2025-03-13 12:40:00.0;0,20
ARAUCÁRIA;410180402A;PR;Centro;-25,595;-49,388;2025-03-13 13:00:00.0;0,00
ARAUCÁRIA;410180402A;PR;Centro;-25,595;-49,388;2025-03-13 14:00:00.0;0,00
ARAUCÁRIA;410180402A;PR;Centro;-25,595;-49,388;2025-03-13 14:20:00.0;0,20
ARAUCÁRIA;410180402A;PR;Centro;-25,595;-49,388;2025-03-13 15:00:00.0;0,00
ARAUCÁRIA;410180402A;PR;Centro;-25,595;-49,388;2025-03-13 16:00:00.0;0,20
ARAUCÁRIA;410180402A;PR;Centro;-25,595;-49,388;2025-03-13 17:00:00.0;0,00
ARAUCÁRIA;410180402A;PR;Centro;-25,595;-49,388;2025-03-13 18:00:00.0;0,00
ARAUCÁRIA;410180402A;PR;Centro;-25,595;-49,388;2025-03-13 19:00:00.0;0,00
ARAUCÁRIA;410180402A;PR;Centro;-25,595;-49,388;2025-03-13 19:10:00.0;0,20
ARAUCÁRIA;410180402A;PR;Centro;-25,595;-49,388;2025-03-13 20:00:00.0;0,00
ARAUCÁRIA;410180402A;PR;Centro;-25,595;-49,388;2025-03-13 21:00:00.0;0,00
ARAUCÁRIA;410180402A;PR;Centro;-25,595;-49,388;2025-03-13 22:00:00.0;0,00
ARAUCÁRIA;410180402A;PR;Centro;-25,595;-49,388;2025-03-13 22:20:00.0;0,20
ARAUCÁRIA;410180402A;PR;Centro;-25,595;-49,388;2025-03-13 23:00:00.0;0,00
ARAUCÁRIA;410180402A;PR;Centro;-25,595;-49,388;2025-03-14 00:00:00.0;0,00
ARAUCÁRIA;410180402A;PR;Centro;-25,595;-49,388;2025-03-14 01:00:00.0;0,00
ARAUCÁRIA;410180402A;PR;Centro;-25,595;-49,388;2025-03-14 01:50:00.0;0,20
ARAUCÁRIA;410180402A;PR;Centro;-25,595;-49,388;2025-03-14 02:00:00.0;0,00
ARAUCÁRIA;410180402A;PR;Centro;-25,595;-49,388;2025-03-14 03:00:00.0;0,00
ARAUCÁRIA;410180402A;PR;Centro;-25,595;-49,388;2025-03-14 04:00:00.0;0,00
ARAUCÁRIA;410180402A;PR;Centro;-25,595;-49,388;2025-03-14 05:00:00.0;0,00
ARAUCÁRIA;410180402A;PR;Centro;-25,595;-49,388;2025-03-14 05:20:00.0;0,20
ARAUCÁRIA;410180402A;PR;Centro;-25,595;-49,388;2025-03-14 06:00:00.0;0,00
ARAUCÁRIA;410180402A;PR;Centro;-25,595;-49,388;2025-03-14 07:00:00.0;0,00
ARAUCÁRIA;410180402A;PR;Centro;-25,595;-49,388;2025-03-14 08:00:00.0;0,20
ARAUCÁRIA;410180402A;PR;Centro;-25,595;-49,388;2025-03-14 08:10:00.0;0,00
ARAUCÁRIA;410180402A;PR;Centro;-25,595;-49,388;2025-03-14 09:00:00.0;0,00
ARAUCÁRIA;410180402A;PR;Centro;-25,595;-49,388;2025-03-14 10:00:00.0;0,00
ARAUCÁRIA;410180402A;PR;Centro;-25,595;-49,388;2025-03-14 10:10:00.0;0,20
ARAUCÁRIA;410180402A;PR;Centro;-25,595;-49,388;2025-03-14 11:00:00.0;0,00
ARAUCÁRIA;410180402A;PR;Centro;-25,595;-49,388;2025-03-14 12:00:00.0;0,00
ARAUCÁRIA;410180402A;PR;Centro;-25,595;-49,388;2025-03-14 12:10:00.0;0,20
ARAUCÁRIA;410180402A;PR;Centro;-25,595;-49,388;2025-03-14 13:00:00.0;0,00
ARAUCÁRIA;410180402A;PR;Centro;-25,595;-49,388;2025-03-14 14:00:00.0;0,20
ARAUCÁRIA;410180402A;PR;Centro;-25,595;-49,388;2025-03-14 15:00:00.0;0,00
ARAUCÁRIA;410180402A;PR;Centro;-25,595;-49,388;2025-03-14 15:30:00.0;0,20
ARAUCÁRIA;410180402A;PR;Centro;-25,595;-49,388;2025-03-14 16:00:00.0;0,00
ARAUCÁRIA;410180402A;PR;Centro;-25,595;-49,388;2025-03-14 16:50:00.0;0,20
ARAUCÁRIA;410180402A;PR;Centro;-25,595;-49,388;2025-03-14 17:10:00.0;0,00
ARAUCÁRIA;410180402A;PR;Centro;-25,595;-49,388;2025-03-14 18:00:00.0;0,20
ARAUCÁRIA;410180402A;PR;Centro;-25,595;-49,388;2025-03-14 19:00:00.0;0,00
ARAUCÁRIA;410180402A;PR;Centro;-25,595;-49,388;2025-03-14 19:10:00.0;0,20
ARAUCÁRIA;410180402A;PR;Centro;-25,595;-49,388;2025-03-14 20:00:00.0;0,00
ARAUCÁRIA;410180402A;PR;Centro;-25,595;-49,388;2025-03-14 20:20:00.0;0,20
ARAUCÁRIA;410180402A;PR;Centro;-25,595;-49,388;2025-03-14 21:00:00.0;0,00
ARAUCÁRIA;410180402A;PR;Centro;-25,595;-49,388;2025-03-14 22:00:00.0;0,00
ARAUCÁRIA;410180402A;PR;Centro;-25,595;-49,388;2025-03-14 22:10:00.0;0,20
ARAUCÁRIA;410180402A;PR;Centro;-25,595;-49,388;2025-03-14 23:00:00.0;0,00
ARAUCÁRIA;410180402A;PR;Centro;-25,595;-49,388;2025-03-14 23:30:00.0;0,20
ARAUCÁRIA;410180402A;PR;Centro;-25,595;-49,388;2025-03-15 00:00:00.0;0,00
ARAUCÁRIA;410180402A;PR;Centro;-25,595;-49,388;2025-03-15 01:00:00.0;0,00
ARAUCÁRIA;410180402A;PR;Centro;-25,595;-49,388;2025-03-15 01:30:00.0;0,20
ARAUCÁRIA;410180402A;PR;Centro;-25,595;-49,388;2025-03-15 02:00:00.0;0,00
ARAUCÁRIA;410180402A;PR;Centro;-25,595;-49,388;2025-03-15 03:00:00.0;0,00
ARAUCÁRIA;410180402A;PR;Centro;-25,595;-49,388;2025-03-15 03:10:00.0;0,20
ARAUCÁRIA;410180402A;PR;Centro;-25,595;-49,388;2025-03-15 04:00:00.0;0,00
ARAUCÁRIA;410180402A;PR;Centro;-25,595;-49,388;2025-03-15 05:00:00.0;0,00
ARAUCÁRIA;410180402A;PR;Centro;-25,595;-49,388;2025-03-15 05:20:00.0;0,20
ARAUCÁRIA;410180402A;PR;Centro;-25,595;-49,388;2025-03-15 06:00:00.0;0,00
ARAUCÁRIA;410180402A;PR;Centro;-25,595;-49,388;2025-03-15 07:00:00.0;0,00
ARAUCÁRIA;410180402A;PR;Centro;-25,595;-49,388;2025-03-15 07:10:00.0;0,20
ARAUCÁRIA;410180402A;PR;Centro;-25,595;-49,388;2025-03-15 08:00:00.0;0,00
ARAUCÁRIA;410180402A;PR;Centro;-25,595;-49,388;2025-03-15 09:00:00.0;0,00
ARAUCÁRIA;410180402A;PR;Centro;-25,595;-49,388;2025-03-15 09:10:00.0;0,20
ARAUCÁRIA;410180402A;PR;Centro;-25,595;-49,388;2025-03-15 10:00:00.0;0,00
ARAUCÁRIA;410180402A;PR;Centro;-25,595;-49,388;2025-03-15 10:50:00.0;0,20
ARAUCÁRIA;410180402A;PR;Centro;-25,595;-49,388;2025-03-15 11:00:00.0;0,00
ARAUCÁRIA;410180402A;PR;Centro;-25,595;-49,388;2025-03-15 12:00:00.0;0,00
ARAUCÁRIA;410180402A;PR;Centro;-25,595;-49,388;2025-03-15 12:30:00.0;0,20
ARAUCÁRIA;410180402A;PR;Centro;-25,595;-49,388;2025-03-15 13:00:00.0;0,00
ARAUCÁRIA;410180402A;PR;Centro;-25,595;-49,388;2025-03-15 14:00:00.0;0,00
ARAUCÁRIA;410180402A;PR;Centro;-25,595;-49,388;2025-03-15 15:00:00.0;0,00
ARAUCÁRIA;410180402A;PR;Centro;-25,595;-49,388;2025-03-15 16:00:00.0;0,00
ARAUCÁRIA;410180402A;PR;Centro;-25,595;-49,388;2025-03-15 16:30:00.0;0,20
ARAUCÁRIA;410180402A;PR;Centro;-25,595;-49,388;2025-03-15 17:00:00.0;0,00
ARAUCÁRIA;410180402A;PR;Centro;-25,595;-49,388;2025-03-15 18:00:00.0;0,00
ARAUCÁRIA;410180402A;PR;Centro;-25,595;-49,388;2025-03-15 19:00:00.0;0,00
ARAUCÁRIA;410180402A;PR;Centro;-25,595;-49,388;2025-03-15 20:00:00.0;0,00
ARAUCÁRIA;410180402A;PR;Centro;-25,595;-49,388;2025-03-15 21:00:00.0;0,00
ARAUCÁRIA;410180402A;PR;Centro;-25,595;-49,388;2025-03-15 22:00:00.0;0,00
ARAUCÁRIA;410180402A;PR;Centro;-25,595;-49,388;2025-03-15 23:00:00.0;0,00
ARAUCÁRIA;410180402A;PR;Centro;-25,595;-49,388;2025-03-16 00:00:00.0;0,00
ARAUCÁRIA;410180402A;PR;Centro;-25,595;-49,388;2025-03-16 01:00:00.0;0,00
ARAUCÁRIA;410180402A;PR;Centro;-25,595;-49,388;2025-03-16 02:00:00.0;0,00
ARAUCÁRIA;410180402A;PR;Centro;-25,595;-49,388;2025-03-16 03:00:00.0;0,00
ARAUCÁRIA;410180402A;PR;Centro;-25,595;-49,388;2025-03-16 03:30:00.0;0,20
ARAUCÁRIA;410180402A;PR;Centro;-25,595;-49,388;2025-03-16 04:00:00.0;0,00
ARAUCÁRIA;410180402A;PR;Centro;-25,595;-49,388;2025-03-16 05:00:00.0;0,00
ARAUCÁRIA;410180402A;PR;Centro;-25,595;-49,388;2025-03-16 06:00:00.0;0,00
ARAUCÁRIA;410180402A;PR;Centro;-25,595;-49,388;2025-03-16 07:00:00.0;0,00
ARAUCÁRIA;410180402A;PR;Centro;-25,595;-49,388;2025-03-16 08:00:00.0;0,00
ARAUCÁRIA;410180402A;PR;Centro;-25,595;-49,388;2025-03-16 09:00:00.0;0,00
ARAUCÁRIA;410180402A;PR;Centro;-25,595;-49,388;2025-03-16 10:00:00.0;0,00
ARAUCÁRIA;410180402A;PR;Centro;-25,595;-49,388;2025-03-16 11:00:00.0;0,00
ARAUCÁRIA;410180402A;PR;Centro;-25,595;-49,388;2025-03-16 12:00:00.0;0,00
ARAUCÁRIA;410180402A;PR;Centro;-25,595;-49,388;2025-03-16 13:00:00.0;0,00
ARAUCÁRIA;410180402A;PR;Centro;-25,595;-49,388;2025-03-16 14:00:00.0;0,00
ARAUCÁRIA;410180402A;PR;Centro;-25,595;-49,388;2025-03-16 15:00:00.0;0,00
ARAUCÁRIA;410180402A;PR;Centro;-25,595;-49,388;2025-03-16 16:00:00.0;0,00
ARAUCÁRIA;410180402A;PR;Centro;-25,595;-49,388;2025-03-16 17:00:00.0;0,00
ARAUCÁRIA;410180402A;PR;Centro;-25,595;-49,388;2025-03-16 17:20:00.0;0,20
ARAUCÁRIA;410180402A;PR;Centro;-25,595;-49,388;2025-03-16 18:00:00.0;0,00
ARAUCÁRIA;410180402A;PR;Centro;-25,595;-49,388;2025-03-16 19:00:00.0;0,00
ARAUCÁRIA;410180402A;PR;Centro;-25,595;-49,388;2025-03-16 20:00:00.0;0,00
ARAUCÁRIA;410180402A;PR;Centro;-25,595;-49,388;2025-03-16 21:00:00.0;0,00
ARAUCÁRIA;410180402A;PR;Centro;-25,595;-49,388;2025-03-16 22:00:00.0;0,00
ARAUCÁRIA;410180402A;PR;Centro;-25,595;-49,388;2025-03-16 23:00:00.0;0,00
ARAUCÁRIA;410180402A;PR;Centro;-25,595;-49,388;2025-03-17 00:00:00.0;0,00
ARAUCÁRIA;410180402A;PR;Centro;-25,595;-49,388;2025-03-17 01:00:00.0;0,00
ARAUCÁRIA;410180402A;PR;Centro;-25,595;-49,388;2025-03-17 02:00:00.0;0,00
ARAUCÁRIA;410180402A;PR;Centro;-25,595;-49,388;2025-03-17 03:00:00.0;0,00
ARAUCÁRIA;410180402A;PR;Centro;-25,595;-49,388;2025-03-17 04:00:00.0;0,00
ARAUCÁRIA;410180402A;PR;Centro;-25,595;-49,388;2025-03-17 05:00:00.0;0,00
ARAUCÁRIA;410180402A;PR;Centro;-25,595;-49,388;2025-03-17 06:00:00.0;0,00
ARAUCÁRIA;410180402A;PR;Centro;-25,595;-49,388;2025-03-17 07:00:00.0;0,00
ARAUCÁRIA;410180402A;PR;Centro;-25,595;-49,388;2025-03-17 08:00:00.0;0,00
ARAUCÁRIA;410180402A;PR;Centro;-25,595;-49,388;2025-03-17 09:00:00.0;0,00
ARAUCÁRIA;410180402A;PR;Centro;-25,595;-49,388;2025-03-17 10:00:00.0;0,00
ARAUCÁRIA;410180402A;PR;Centro;-25,595;-49,388;2025-03-17 11:00:00.0;0,00
ARAUCÁRIA;410180402A;PR;Centro;-25,595;-49,388;2025-03-17 12:00:00.0;0,00
ARAUCÁRIA;410180402A;PR;Centro;-25,595;-49,388;2025-03-17 13:00:00.0;0,00
ARAUCÁRIA;410180402A;PR;Centro;-25,595;-49,388;2025-03-17 14:00:00.0;0,00
ARAUCÁRIA;410180402A;PR;Centro;-25,595;-49,388;2025-03-17 15:00:00.0;0,00
ARAUCÁRIA;410180402A;PR;Centro;-25,595;-49,388;2025-03-17 16:00:00.0;0,00
ARAUCÁRIA;410180402A;PR;Centro;-25,595;-49,388;2025-03-17 17:00:00.0;0,00
ARAUCÁRIA;410180402A;PR;Centro;-25,595;-49,388;2025-03-17 18:00:00.0;0,00
ARAUCÁRIA;410180402A;PR;Centro;-25,595;-49,388;2025-03-17 19:00:00.0;0,20
ARAUCÁRIA;410180402A;PR;Centro;-25,595;-49,388;2025-03-17 20:00:00.0;0,00
ARAUCÁRIA;410180402A;PR;Centro;-25,595;-49,388;2025-03-17 21:00:00.0;0,00
ARAUCÁRIA;410180402A;PR;Centro;-25,595;-49,388;2025-03-17 22:00:00.0;0,00
ARAUCÁRIA;410180402A;PR;Centro;-25,595;-49,388;2025-03-17 23:00:00.0;0,00
ARAUCÁRIA;410180402A;PR;Centro;-25,595;-49,388;2025-03-18 00:00:00.0;0,00
ARAUCÁRIA;410180402A;PR;Centro;-25,595;-49,388;2025-03-18 01:00:00.0;0,00
ARAUCÁRIA;410180402A;PR;Centro;-25,595;-49,388;2025-03-18 02:00:00.0;0,00
ARAUCÁRIA;410180402A;PR;Centro;-25,595;-49,388;2025-03-18 03:00:00.0;0,00
ARAUCÁRIA;410180402A;PR;Centro;-25,595;-49,388;2025-03-18 03:40:00.0;0,20
ARAUCÁRIA;410180402A;PR;Centro;-25,595;-49,388;2025-03-18 04:00:00.0;0,00
ARAUCÁRIA;410180402A;PR;Centro;-25,595;-49,388;2025-03-18 05:00:00.0;0,00
ARAUCÁRIA;410180402A;PR;Centro;-25,595;-49,388;2025-03-18 06:00:00.0;0,00
ARAUCÁRIA;410180402A;PR;Centro;-25,595;-49,388;2025-03-18 07:00:00.0;0,00
ARAUCÁRIA;410180402A;PR;Centro;-25,595;-49,388;2025-03-18 08:00:00.0;0,00
ARAUCÁRIA;410180402A;PR;Centro;-25,595;-49,388;2025-03-18 09:00:00.0;0,00
ARAUCÁRIA;410180402A;PR;Centro;-25,595;-49,388;2025-03-18 10:00:00.0;0,00
ARAUCÁRIA;410180402A;PR;Centro;-25,595;-49,388;2025-03-18 11:00:00.0;0,00
ARAUCÁRIA;410180402A;PR;Centro;-25,595;-49,388;2025-03-18 11:20:00.0;0,20
ARAUCÁRIA;410180402A;PR;Centro;-25,595;-49,388;2025-03-18 12:00:00.0;0,00
ARAUCÁRIA;410180402A;PR;Centro;-25,595;-49,388;2025-03-18 13:00:00.0;0,00
ARAUCÁRIA;410180402A;PR;Centro;-25,595;-49,388;2025-03-18 14:00:00.0;0,00
ARAUCÁRIA;410180402A;PR;Centro;-25,595;-49,388;2025-03-18 14:30:00.0;0,20
ARAUCÁRIA;410180402A;PR;Centro;-25,595;-49,388;2025-03-18 15:00:00.0;0,00
ARAUCÁRIA;410180402A;PR;Centro;-25,595;-49,388;2025-03-18 16:00:00.0;0,00
ARAUCÁRIA;410180402A;PR;Centro;-25,595;-49,388;2025-03-18 17:00:00.0;0,00
ARAUCÁRIA;410180402A;PR;Centro;-25,595;-49,388;2025-03-18 18:00:00.0;0,00
ARAUCÁRIA;410180402A;PR;Centro;-25,595;-49,388;2025-03-18 19:00:00.0;0,00
ARAUCÁRIA;410180402A;PR;Centro;-25,595;-49,388;2025-03-18 20:00:00.0;0,00
ARAUCÁRIA;410180402A;PR;Centro;-25,595;-49,388;2025-03-18 21:00:00.0;0,00
ARAUCÁRIA;410180402A;PR;Centro;-25,595;-49,388;2025-03-18 22:00:00.0;0,00
ARAUCÁRIA;410180402A;PR;Centro;-25,595;-49,388;2025-03-18 23:00:00.0;0,00
ARAUCÁRIA;410180402A;PR;Centro;-25,595;-49,388;2025-03-18 23:40:00.0;0,20
ARAUCÁRIA;410180402A;PR;Centro;-25,595;-49,388;2025-03-19 00:00:00.0;0,00
ARAUCÁRIA;410180402A;PR;Centro;-25,595;-49,388;2025-03-19 01:00:00.0;0,00
ARAUCÁRIA;410180402A;PR;Centro;-25,595;-49,388;2025-03-19 02:00:00.0;0,00
ARAUCÁRIA;410180402A;PR;Centro;-25,595;-49,388;2025-03-19 03:00:00.0;0,00
ARAUCÁRIA;410180402A;PR;Centro;-25,595;-49,388;2025-03-19 04:00:00.0;0,00
ARAUCÁRIA;410180402A;PR;Centro;-25,595;-49,388;2025-03-19 05:00:00.0;0,00
ARAUCÁRIA;410180402A;PR;Centro;-25,595;-49,388;2025-03-19 06:00:00.0;0,00
ARAUCÁRIA;410180402A;PR;Centro;-25,595;-49,388;2025-03-19 07:00:00.0;0,00
ARAUCÁRIA;410180402A;PR;Centro;-25,595;-49,388;2025-03-19 08:00:00.0;0,00
ARAUCÁRIA;410180402A;PR;Centro;-25,595;-49,388;2025-03-19 09:00:00.0;0,00
ARAUCÁRIA;410180402A;PR;Centro;-25,595;-49,388;2025-03-19 10:00:00.0;0,00
ARAUCÁRIA;410180402A;PR;Centro;-25,595;-49,388;2025-03-19 10:10:00.0;0,20
ARAUCÁRIA;410180402A;PR;Centro;-25,595;-49,388;2025-03-19 11:00:00.0;0,00
ARAUCÁRIA;410180402A;PR;Centro;-25,595;-49,388;2025-03-19 12:00:00.0;0,00
ARAUCÁRIA;410180402A;PR;Centro;-25,595;-49,388;2025-03-19 13:00:00.0;0,00
ARAUCÁRIA;410180402A;PR;Centro;-25,595;-49,388;2025-03-19 14:00:00.0;0,00
ARAUCÁRIA;410180402A;PR;Centro;-25,595;-49,388;2025-03-19 15:00:00.0;0,00
ARAUCÁRIA;410180402A;PR;Centro;-25,595;-49,388;2025-03-19 16:00:00.0;0,00
ARAUCÁRIA;410180402A;PR;Centro;-25,595;-49,388;2025-03-19 17:00:00.0;0,00
ARAUCÁRIA;410180402A;PR;Centro;-25,595;-49,388;2025-03-19 18:00:00.0;0,00
ARAUCÁRIA;410180402A;PR;Centro;-25,595;-49,388;2025-03-19 18:10:00.0;0,20
ARAUCÁRIA;410180402A;PR;Centro;-25,595;-49,388;2025-03-19 19:00:00.0;0,00
ARAUCÁRIA;410180402A;PR;Centro;-25,595;-49,388;2025-03-19 20:00:00.0;0,00
ARAUCÁRIA;410180402A;PR;Centro;-25,595;-49,388;2025-03-19 21:00:00.0;0,00
ARAUCÁRIA;410180402A;PR;Centro;-25,595;-49,388;2025-03-19 22:00:00.0;0,00
ARAUCÁRIA;410180402A;PR;Centro;-25,595;-49,388;2025-03-19 23:00:00.0;0,00
ARAUCÁRIA;410180402A;PR;Centro;-25,595;-49,388;2025-03-20 00:00:00.0;0,00
ARAUCÁRIA;410180402A;PR;Centro;-25,595;-49,388;2025-03-20 01:00:00.0;0,00
ARAUCÁRIA;410180402A;PR;Centro;-25,595;-49,388;2025-03-20 02:00:00.0;0,00
ARAUCÁRIA;410180402A;PR;Centro;-25,595;-49,388;2025-03-20 03:00:00.0;0,00
ARAUCÁRIA;410180402A;PR;Centro;-25,595;-49,388;2025-03-20 03:10:00.0;0,20
ARAUCÁRIA;410180402A;PR;Centro;-25,595;-49,388;2025-03-20 04:00:00.0;0,00
ARAUCÁRIA;410180402A;PR;Centro;-25,595;-49,388;2025-03-20 05:00:00.0;0,00
ARAUCÁRIA;410180402A;PR;Centro;-25,595;-49,388;2025-03-20 06:00:00.0;0,00
ARAUCÁRIA;410180402A;PR;Centro;-25,595;-49,388;2025-03-20 07:00:00.0;0,00
ARAUCÁRIA;410180402A;PR;Centro;-25,595;-49,388;2025-03-20 08:00:00.0;0,00
ARAUCÁRIA;410180402A;PR;Centro;-25,595;-49,388;2025-03-20 09:00:00.0;0,00
ARAUCÁRIA;410180402A;PR;Centro;-25,595;-49,388;2025-03-20 10:00:00.0;0,00
ARAUCÁRIA;410180402A;PR;Centro;-25,595;-49,388;2025-03-20 11:00:00.0;0,00
ARAUCÁRIA;410180402A;PR;Centro;-25,595;-49,388;2025-03-20 12:00:00.0;0,00
ARAUCÁRIA;410180402A;PR;Centro;-25,595;-49,388;2025-03-20 13:00:00.0;0,00
ARAUCÁRIA;410180402A;PR;Centro;-25,595;-49,388;2025-03-20 14:00:00.0;0,00
ARAUCÁRIA;410180402A;PR;Centro;-25,595;-49,388;2025-03-20 15:00:00.0;0,00
ARAUCÁRIA;410180402A;PR;Centro;-25,595;-49,388;2025-03-20 16:00:00.0;0,00
ARAUCÁRIA;410180402A;PR;Centro;-25,595;-49,388;2025-03-20 17:00:00.0;0,00
ARAUCÁRIA;410180402A;PR;Centro;-25,595;-49,388;2025-03-20 18:00:00.0;0,00
ARAUCÁRIA;410180402A;PR;Centro;-25,595;-49,388;2025-03-20 19:00:00.0;0,00
ARAUCÁRIA;410180402A;PR;Centro;-25,595;-49,388;2025-03-20 20:00:00.0;0,00
ARAUCÁRIA;410180402A;PR;Centro;-25,595;-49,388;2025-03-20 21:00:00.0;0,00
ARAUCÁRIA;410180402A;PR;Centro;-25,595;-49,388;2025-03-20 22:00:00.0;0,00
ARAUCÁRIA;410180402A;PR;Centro;-25,595;-49,388;2025-03-20 23:00:00.0;0,00
ARAUCÁRIA;410180402A;PR;Centro;-25,595;-49,388;2025-03-21 00:00:00.0;0,00
ARAUCÁRIA;410180402A;PR;Centro;-25,595;-49,388;2025-03-21 01:00:00.0;0,00
ARAUCÁRIA;410180402A;PR;Centro;-25,595;-49,388;2025-03-21 02:00:00.0;0,00
ARAUCÁRIA;410180402A;PR;Centro;-25,595;-49,388;2025-03-21 03:00:00.0;0,00
ARAUCÁRIA;410180402A;PR;Centro;-25,595;-49,388;2025-03-21 04:00:00.0;0,00
ARAUCÁRIA;410180402A;PR;Centro;-25,595;-49,388;2025-03-21 05:00:00.0;0,00
ARAUCÁRIA;410180402A;PR;Centro;-25,595;-49,388;2025-03-21 06:00:00.0;0,00
ARAUCÁRIA;410180402A;PR;Centro;-25,595;-49,388;2025-03-21 07:00:00.0;0,00
ARAUCÁRIA;410180402A;PR;Centro;-25,595;-49,388;2025-03-21 07:40:00.0;0,20
ARAUCÁRIA;410180402A;PR;Centro;-25,595;-49,388;2025-03-21 08:00:00.0;0,00
ARAUCÁRIA;410180402A;PR;Centro;-25,595;-49,388;2025-03-21 09:00:00.0;0,00
ARAUCÁRIA;410180402A;PR;Centro;-25,595;-49,388;2025-03-21 10:00:00.0;0,00
ARAUCÁRIA;410180402A;PR;Centro;-25,595;-49,388;2025-03-21 11:00:00.0;0,00
ARAUCÁRIA;410180402A;PR;Centro;-25,595;-49,388;2025-03-21 12:00:00.0;0,00
ARAUCÁRIA;410180402A;PR;Centro;-25,595;-49,388;2025-03-21 13:00:00.0;0,00
ARAUCÁRIA;410180402A;PR;Centro;-25,595;-49,388;2025-03-21 14:00:00.0;0,00
ARAUCÁRIA;410180402A;PR;Centro;-25,595;-49,388;2025-03-21 15:00:00.0;0,00
ARAUCÁRIA;410180402A;PR;Centro;-25,595;-49,388;2025-03-21 16:00:00.0;0,00
ARAUCÁRIA;410180402A;PR;Centro;-25,595;-49,388;2025-03-21 17:00:00.0;0,00
ARAUCÁRIA;410180402A;PR;Centro;-25,595;-49,388;2025-03-21 18:00:00.0;0,00
ARAUCÁRIA;410180402A;PR;Centro;-25,595;-49,388;2025-03-21 19:00:00.0;0,00
ARAUCÁRIA;410180402A;PR;Centro;-25,595;-49,388;2025-03-21 20:00:00.0;0,00
ARAUCÁRIA;410180402A;PR;Centro;-25,595;-49,388;2025-03-21 21:00:00.0;0,00
ARAUCÁRIA;410180402A;PR;Centro;-25,595;-49,388;2025-03-21 22:00:00.0;0,00
ARAUCÁRIA;410180402A;PR;Centro;-25,595;-49,388;2025-03-21 23:00:00.0;0,00
ARAUCÁRIA;410180402A;PR;Centro;-25,595;-49,388;2025-03-22 00:00:00.0;0,00
ARAUCÁRIA;410180402A;PR;Centro;-25,595;-49,388;2025-03-22 01:00:00.0;0,00
ARAUCÁRIA;410180402A;PR;Centro;-25,595;-49,388;2025-03-22 02:00:00.0;0,00
ARAUCÁRIA;410180402A;PR;Centro;-25,595;-49,388;2025-03-22 03:00:00.0;0,00
ARAUCÁRIA;410180402A;PR;Centro;-25,595;-49,388;2025-03-22 04:00:00.0;0,00
ARAUCÁRIA;410180402A;PR;Centro;-25,595;-49,388;2025-03-22 04:30:00.0;0,20
ARAUCÁRIA;410180402A;PR;Centro;-25,595;-49,388;2025-03-22 05:00:00.0;0,00
ARAUCÁRIA;410180402A;PR;Centro;-25,595;-49,388;2025-03-22 06:00:00.0;0,00
ARAUCÁRIA;410180402A;PR;Centro;-25,595;-49,388;2025-03-22 07:00:00.0;0,00
ARAUCÁRIA;410180402A;PR;Centro;-25,595;-49,388;2025-03-22 08:00:00.0;0,00
ARAUCÁRIA;410180402A;PR;Centro;-25,595;-49,388;2025-03-22 09:00:00.0;0,00
ARAUCÁRIA;410180402A;PR;Centro;-25,595;-49,388;2025-03-22 10:00:00.0;0,00
ARAUCÁRIA;410180402A;PR;Centro;-25,595;-49,388;2025-03-22 11:00:00.0;0,00
ARAUCÁRIA;410180402A;PR;Centro;-25,595;-49,388;2025-03-22 12:00:00.0;0,00
ARAUCÁRIA;410180402A;PR;Centro;-25,595;-49,388;2025-03-22 13:00:00.0;0,00
ARAUCÁRIA;410180402A;PR;Centro;-25,595;-49,388;2025-03-22 14:00:00.0;0,00
ARAUCÁRIA;410180402A;PR;Centro;-25,595;-49,388;2025-03-22 15:00:00.0;0,00
ARAUCÁRIA;410180402A;PR;Centro;-25,595;-49,388;2025-03-22 16:00:00.0;0,00
ARAUCÁRIA;410180402A;PR;Centro;-25,595;-49,388;2025-03-22 17:00:00.0;0,00
ARAUCÁRIA;410180402A;PR;Centro;-25,595;-49,388;2025-03-22 18:00:00.0;0,00
ARAUCÁRIA;410180402A;PR;Centro;-25,595;-49,388;2025-03-22 19:00:00.0;0,00
ARAUCÁRIA;410180402A;PR;Centro;-25,595;-49,388;2025-03-22 20:00:00.0;0,00
ARAUCÁRIA;410180402A;PR;Centro;-25,595;-49,388;2025-03-22 21:00:00.0;0,00
ARAUCÁRIA;410180402A;PR;Centro;-25,595;-49,388;2025-03-22 22:00:00.0;0,00
ARAUCÁRIA;410180402A;PR;Centro;-25,595;-49,388;2025-03-22 23:00:00.0;0,00
ARAUCÁRIA;410180402A;PR;Centro;-25,595;-49,388;2025-03-23 00:00:00.0;0,00
ARAUCÁRIA;410180402A;PR;Centro;-25,595;-49,388;2025-03-23 01:00:00.0;0,00
ARAUCÁRIA;410180402A;PR;Centro;-25,595;-49,388;2025-03-23 02:00:00.0;0,00
ARAUCÁRIA;410180402A;PR;Centro;-25,595;-49,388;2025-03-23 03:00:00.0;0,00
ARAUCÁRIA;410180402A;PR;Centro;-25,595;-49,388;2025-03-23 04:00:00.0;0,00
ARAUCÁRIA;410180402A;PR;Centro;-25,595;-49,388;2025-03-23 05:00:00.0;0,00
ARAUCÁRIA;410180402A;PR;Centro;-25,595;-49,388;2025-03-23 06:00:00.0;0,00
ARAUCÁRIA;410180402A;PR;Centro;-25,595;-49,388;2025-03-23 07:00:00.0;0,00
ARAUCÁRIA;410180402A;PR;Centro;-25,595;-49,388;2025-03-23 08:00:00.0;0,00
ARAUCÁRIA;410180402A;PR;Centro;-25,595;-49,388;2025-03-23 09:00:00.0;0,00
ARAUCÁRIA;410180402A;PR;Centro;-25,595;-49,388;2025-03-23 10:00:00.0;0,00
ARAUCÁRIA;410180402A;PR;Centro;-25,595;-49,388;2025-03-23 11:00:00.0;0,00
ARAUCÁRIA;410180402A;PR;Centro;-25,595;-49,388;2025-03-23 12:00:00.0;0,00
ARAUCÁRIA;410180402A;PR;Centro;-25,595;-49,388;2025-03-23 13:00:00.0;0,00
ARAUCÁRIA;410180402A;PR;Centro;-25,595;-49,388;2025-03-23 14:00:00.0;0,00
ARAUCÁRIA;410180402A;PR;Centro;-25,595;-49,388;2025-03-23 15:00:00.0;0,00
ARAUCÁRIA;410180402A;PR;Centro;-25,595;-49,388;2025-03-23 16:00:00.0;0,00
ARAUCÁRIA;410180402A;PR;Centro;-25,595;-49,388;2025-03-23 17:00:00.0;0,00
ARAUCÁRIA;410180402A;PR;Centro;-25,595;-49,388;2025-03-23 18:00:00.0;0,00
ARAUCÁRIA;410180402A;PR;Centro;-25,595;-49,388;2025-03-23 19:00:00.0;0,00
ARAUCÁRIA;410180402A;PR;Centro;-25,595;-49,388;2025-03-23 20:00:00.0;0,00
ARAUCÁRIA;410180402A;PR;Centro;-25,595;-49,388;2025-03-23 21:00:00.0;0,00
ARAUCÁRIA;410180402A;PR;Centro;-25,595;-49,388;2025-03-23 22:00:00.0;0,00
ARAUCÁRIA;410180402A;PR;Centro;-25,595;-49,388;2025-03-23 23:00:00.0;0,00
ARAUCÁRIA;410180402A;PR;Centro;-25,595;-49,388;2025-03-24 00:00:00.0;0,00
ARAUCÁRIA;410180402A;PR;Centro;-25,595;-49,388;2025-03-24 01:00:00.0;0,00
ARAUCÁRIA;410180402A;PR;Centro;-25,595;-49,388;2025-03-24 02:00:00.0;0,00
ARAUCÁRIA;410180402A;PR;Centro;-25,595;-49,388;2025-03-24 03:00:00.0;0,00
ARAUCÁRIA;410180402A;PR;Centro;-25,595;-49,388;2025-03-24 04:00:00.0;0,00
ARAUCÁRIA;410180402A;PR;Centro;-25,595;-49,388;2025-03-24 05:00:00.0;0,00
ARAUCÁRIA;410180402A;PR;Centro;-25,595;-49,388;2025-03-24 06:00:00.0;0,00
ARAUCÁRIA;410180402A;PR;Centro;-25,595;-49,388;2025-03-24 07:00:00.0;0,00
ARAUCÁRIA;410180402A;PR;Centro;-25,595;-49,388;2025-03-24 08:00:00.0;0,00
ARAUCÁRIA;410180402A;PR;Centro;-25,595;-49,388;2025-03-24 09:00:00.0;0,00
ARAUCÁRIA;410180402A;PR;Centro;-25,595;-49,388;2025-03-24 10:00:00.0;0,00
ARAUCÁRIA;410180402A;PR;Centro;-25,595;-49,388;2025-03-24 11:00:00.0;0,00
ARAUCÁRIA;410180402A;PR;Centro;-25,595;-49,388;2025-03-24 12:00:00.0;0,00
ARAUCÁRIA;410180402A;PR;Centro;-25,595;-49,388;2025-03-24 13:00:00.0;0,00
ARAUCÁRIA;410180402A;PR;Centro;-25,595;-49,388;2025-03-24 14:00:00.0;0,00
ARAUCÁRIA;410180402A;PR;Centro;-25,595;-49,388;2025-03-24 15:00:00.0;0,00
ARAUCÁRIA;410180402A;PR;Centro;-25,595;-49,388;2025-03-24 16:00:00.0;0,00
ARAUCÁRIA;410180402A;PR;Centro;-25,595;-49,388;2025-03-24 17:00:00.0;0,00
ARAUCÁRIA;410180402A;PR;Centro;-25,595;-49,388;2025-03-24 18:00:00.0;0,00
ARAUCÁRIA;410180402A;PR;Centro;-25,595;-49,388;2025-03-24 19:00:00.0;0,00
ARAUCÁRIA;410180402A;PR;Centro;-25,595;-49,388;2025-03-24 20:00:00.0;0,00
ARAUCÁRIA;410180402A;PR;Centro;-25,595;-49,388;2025-03-24 21:00:00.0;0,00
ARAUCÁRIA;410180402A;PR;Centro;-25,595;-49,388;2025-03-24 22:00:00.0;0,00
ARAUCÁRIA;410180402A;PR;Centro;-25,595;-49,388;2025-03-24 23:00:00.0;0,00
ARAUCÁRIA;410180402A;PR;Centro;-25,595;-49,388;2025-03-25 00:00:00.0;0,00
ARAUCÁRIA;410180402A;PR;Centro;-25,595;-49,388;2025-03-25 01:00:00.0;0,00
ARAUCÁRIA;410180402A;PR;Centro;-25,595;-49,388;2025-03-25 02:00:00.0;0,00
ARAUCÁRIA;410180402A;PR;Centro;-25,595;-49,388;2025-03-25 03:00:00.0;0,00
ARAUCÁRIA;410180402A;PR;Centro;-25,595;-49,388;2025-03-25 04:00:00.0;0,00
ARAUCÁRIA;410180402A;PR;Centro;-25,595;-49,388;2025-03-25 05:00:00.0;0,00
ARAUCÁRIA;410180402A;PR;Centro;-25,595;-49,388;2025-03-25 06:00:00.0;0,00
ARAUCÁRIA;410180402A;PR;Centro;-25,595;-49,388;2025-03-25 07:00:00.0;0,00
ARAUCÁRIA;410180402A;PR;Centro;-25,595;-49,388;2025-03-25 08:00:00.0;0,00
ARAUCÁRIA;410180402A;PR;Centro;-25,595;-49,388;2025-03-25 09:00:00.0;0,00
ARAUCÁRIA;410180402A;PR;Centro;-25,595;-49,388;2025-03-25 10:00:00.0;0,00
ARAUCÁRIA;410180402A;PR;Centro;-25,595;-49,388;2025-03-25 11:00:00.0;0,00
ARAUCÁRIA;410180402A;PR;Centro;-25,595;-49,388;2025-03-25 12:00:00.0;0,00
ARAUCÁRIA;410180402A;PR;Centro;-25,595;-49,388;2025-03-25 13:00:00.0;0,00
ARAUCÁRIA;410180402A;PR;Centro;-25,595;-49,388;2025-03-25 14:00:00.0;0,00
ARAUCÁRIA;410180402A;PR;Centro;-25,595;-49,388;2025-03-25 15:00:00.0;0,00
ARAUCÁRIA;410180402A;PR;Centro;-25,595;-49,388;2025-03-25 16:00:00.0;0,00
ARAUCÁRIA;410180402A;PR;Centro;-25,595;-49,388;2025-03-25 17:00:00.0;0,00
ARAUCÁRIA;410180402A;PR;Centro;-25,595;-49,388;2025-03-25 18:00:00.0;0,00
ARAUCÁRIA;410180402A;PR;Centro;-25,595;-49,388;2025-03-25 19:00:00.0;0,00
ARAUCÁRIA;410180402A;PR;Centro;-25,595;-49,388;2025-03-25 20:00:00.0;0,00
ARAUCÁRIA;410180402A;PR;Centro;-25,595;-49,388;2025-03-25 21:00:00.0;0,00
ARAUCÁRIA;410180402A;PR;Centro;-25,595;-49,388;2025-03-25 22:00:00.0;0,00
ARAUCÁRIA;410180402A;PR;Centro;-25,595;-49,388;2025-03-25 23:00:00.0;0,00
ARAUCÁRIA;410180402A;PR;Centro;-25,595;-49,388;2025-03-26 00:00:00.0;0,00
ARAUCÁRIA;410180402A;PR;Centro;-25,595;-49,388;2025-03-26 01:00:00.0;0,00
ARAUCÁRIA;410180402A;PR;Centro;-25,595;-49,388;2025-03-26 02:00:00.0;0,00
ARAUCÁRIA;410180402A;PR;Centro;-25,595;-49,388;2025-03-26 03:00:00.0;0,00
ARAUCÁRIA;410180402A;PR;Centro;-25,595;-49,388;2025-03-26 04:00:00.0;0,00
ARAUCÁRIA;410180402A;PR;Centro;-25,595;-49,388;2025-03-26 05:00:00.0;0,00
ARAUCÁRIA;410180402A;PR;Centro;-25,595;-49,388;2025-03-26 06:00:00.0;0,00
ARAUCÁRIA;410180402A;PR;Centro;-25,595;-49,388;2025-03-26 07:00:00.0;0,00
ARAUCÁRIA;410180402A;PR;Centro;-25,595;-49,388;2025-03-26 08:00:00.0;0,00
ARAUCÁRIA;410180402A;PR;Centro;-25,595;-49,388;2025-03-26 09:00:00.0;0,00
ARAUCÁRIA;410180402A;PR;Centro;-25,595;-49,388;2025-03-26 10:00:00.0;0,00
ARAUCÁRIA;410180402A;PR;Centro;-25,595;-49,388;2025-03-26 11:00:00.0;0,00
ARAUCÁRIA;410180402A;PR;Centro;-25,595;-49,388;2025-03-26 12:00:00.0;0,00
ARAUCÁRIA;410180402A;PR;Centro;-25,595;-49,388;2025-03-26 13:00:00.0;0,00
ARAUCÁRIA;410180402A;PR;Centro;-25,595;-49,388;2025-03-26 14:00:00.0;0,00
ARAUCÁRIA;410180402A;PR;Centro;-25,595;-49,388;2025-03-26 15:00:00.0;0,00
ARAUCÁRIA;410180402A;PR;Centro;-25,595;-49,388;2025-03-26 16:00:00.0;0,00
ARAUCÁRIA;410180402A;PR;Centro;-25,595;-49,388;2025-03-26 17:00:00.0;0,00
ARAUCÁRIA;410180402A;PR;Centro;-25,595;-49,388;2025-03-26 18:00:00.0;0,00
ARAUCÁRIA;410180402A;PR;Centro;-25,595;-49,388;2025-03-26 19:00:00.0;0,00
ARAUCÁRIA;410180402A;PR;Centro;-25,595;-49,388;2025-03-26 20:00:00.0;0,00
ARAUCÁRIA;410180402A;PR;Centro;-25,595;-49,388;2025-03-26 21:00:00.0;0,00
ARAUCÁRIA;410180402A;PR;Centro;-25,595;-49,388;2025-03-26 22:00:00.0;0,00
ARAUCÁRIA;410180402A;PR;Centro;-25,595;-49,388;2025-03-26 23:00:00.0;0,00
ARAUCÁRIA;410180402A;PR;Centro;-25,595;-49,388;2025-03-27 00:00:00.0;0,00
ARAUCÁRIA;410180402A;PR;Centro;-25,595;-49,388;2025-03-27 01:00:00.0;0,00
ARAUCÁRIA;410180402A;PR;Centro;-25,595;-49,388;2025-03-27 02:00:00.0;0,00
ARAUCÁRIA;410180402A;PR;Centro;-25,595;-49,388;2025-03-27 03:00:00.0;0,00
ARAUCÁRIA;410180402A;PR;Centro;-25,595;-49,388;2025-03-27 04:00:00.0;0,00
ARAUCÁRIA;410180402A;PR;Centro;-25,595;-49,388;2025-03-27 05:00:00.0;0,00
ARAUCÁRIA;410180402A;PR;Centro;-25,595;-49,388;2025-03-27 06:00:00.0;0,00
ARAUCÁRIA;410180402A;PR;Centro;-25,595;-49,388;2025-03-27 07:00:00.0;0,00
ARAUCÁRIA;410180402A;PR;Centro;-25,595;-49,388;2025-03-27 08:00:00.0;0,00
ARAUCÁRIA;410180402A;PR;Centro;-25,595;-49,388;2025-03-27 09:00:00.0;0,00
ARAUCÁRIA;410180402A;PR;Centro;-25,595;-49,388;2025-03-27 10:00:00.0;0,00
ARAUCÁRIA;410180402A;PR;Centro;-25,595;-49,388;2025-03-27 11:00:00.0;0,00
ARAUCÁRIA;410180402A;PR;Centro;-25,595;-49,388;2025-03-27 12:00:00.0;0,00
ARAUCÁRIA;410180402A;PR;Centro;-25,595;-49,388;2025-03-27 13:00:00.0;0,00
ARAUCÁRIA;410180402A;PR;Centro;-25,595;-49,388;2025-03-27 14:00:00.0;0,00
ARAUCÁRIA;410180402A;PR;Centro;-25,595;-49,388;2025-03-27 15:00:00.0;0,00
ARAUCÁRIA;410180402A;PR;Centro;-25,595;-49,388;2025-03-27 16:00:00.0;0,00
ARAUCÁRIA;410180402A;PR;Centro;-25,595;-49,388;2025-03-27 17:00:00.0;0,00
ARAUCÁRIA;410180402A;PR;Centro;-25,595;-49,388;2025-03-27 18:00:00.0;0,00
ARAUCÁRIA;410180402A;PR;Centro;-25,595;-49,388;2025-03-27 19:00:00.0;0,00
ARAUCÁRIA;410180402A;PR;Centro;-25,595;-49,388;2025-03-27 20:00:00.0;0,00
ARAUCÁRIA;410180402A;PR;Centro;-25,595;-49,388;2025-03-27 21:00:00.0;0,00
ARAUCÁRIA;410180402A;PR;Centro;-25,595;-49,388;2025-03-27 22:00:00.0;0,00
ARAUCÁRIA;410180402A;PR;Centro;-25,595;-49,388;2025-03-27 23:00:00.0;0,00
ARAUCÁRIA;410180402A;PR;Centro;-25,595;-49,388;2025-03-28 00:00:00.0;0,00
ARAUCÁRIA;410180402A;PR;Centro;-25,595;-49,388;2025-03-28 01:00:00.0;0,00
ARAUCÁRIA;410180402A;PR;Centro;-25,595;-49,388;2025-03-28 02:00:00.0;0,00
ARAUCÁRIA;410180402A;PR;Centro;-25,595;-49,388;2025-03-28 03:00:00.0;0,00
ARAUCÁRIA;410180402A;PR;Centro;-25,595;-49,388;2025-03-28 04:00:00.0;0,00
ARAUCÁRIA;410180402A;PR;Centro;-25,595;-49,388;2025-03-28 05:00:00.0;0,00
ARAUCÁRIA;410180402A;PR;Centro;-25,595;-49,388;2025-03-28 06:00:00.0;0,00
ARAUCÁRIA;410180402A;PR;Centro;-25,595;-49,388;2025-03-28 07:00:00.0;0,00
ARAUCÁRIA;410180402A;PR;Centro;-25,595;-49,388;2025-03-28 08:00:00.0;0,00
ARAUCÁRIA;410180402A;PR;Centro;-25,595;-49,388;2025-03-28 09:00:00.0;0,00
ARAUCÁRIA;410180402A;PR;Centro;-25,595;-49,388;2025-03-28 10:00:00.0;0,00
ARAUCÁRIA;410180402A;PR;Centro;-25,595;-49,388;2025-03-28 11:00:00.0;0,00
ARAUCÁRIA;410180402A;PR;Centro;-25,595;-49,388;2025-03-28 12:00:00.0;0,00
ARAUCÁRIA;410180402A;PR;Centro;-25,595;-49,388;2025-03-28 13:00:00.0;0,00
ARAUCÁRIA;410180402A;PR;Centro;-25,595;-49,388;2025-03-28 14:00:00.0;0,00
ARAUCÁRIA;410180402A;PR;Centro;-25,595;-49,388;2025-03-28 15:00:00.0;0,00
ARAUCÁRIA;410180402A;PR;Centro;-25,595;-49,388;2025-03-28 16:00:00.0;0,00
ARAUCÁRIA;410180402A;PR;Centro;-25,595;-49,388;2025-03-28 17:00:00.0;0,00
ARAUCÁRIA;410180402A;PR;Centro;-25,595;-49,388;2025-03-28 18:00:00.0;0,00
ARAUCÁRIA;410180402A;PR;Centro;-25,595;-49,388;2025-03-28 19:00:00.0;0,00
ARAUCÁRIA;410180402A;PR;Centro;-25,595;-49,388;2025-03-28 20:00:00.0;0,00
ARAUCÁRIA;410180402A;PR;Centro;-25,595;-49,388;2025-03-28 21:00:00.0;0,00
ARAUCÁRIA;410180402A;PR;Centro;-25,595;-49,388;2025-03-28 22:00:00.0;0,00
ARAUCÁRIA;410180402A;PR;Centro;-25,595;-49,388;2025-03-28 23:00:00.0;0,00
ARAUCÁRIA;410180402A;PR;Centro;-25,595;-49,388;2025-03-29 00:00:00.0;0,00
ARAUCÁRIA;410180402A;PR;Centro;-25,595;-49,388;2025-03-29 01:00:00.0;0,00
ARAUCÁRIA;410180402A;PR;Centro;-25,595;-49,388;2025-03-29 02:00:00.0;0,00
ARAUCÁRIA;410180402A;PR;Centro;-25,595;-49,388;2025-03-29 03:00:00.0;0,00
ARAUCÁRIA;410180402A;PR;Centro;-25,595;-49,388;2025-03-29 04:00:00.0;0,00
ARAUCÁRIA;410180402A;PR;Centro;-25,595;-49,388;2025-03-29 05:00:00.0;0,00
ARAUCÁRIA;410180402A;PR;Centro;-25,595;-49,388;2025-03-29 06:00:00.0;0,00
ARAUCÁRIA;410180402A;PR;Centro;-25,595;-49,388;2025-03-29 07:00:00.0;0,00
ARAUCÁRIA;410180402A;PR;Centro;-25,595;-49,388;2025-03-29 08:00:00.0;0,00
ARAUCÁRIA;410180402A;PR;Centro;-25,595;-49,388;2025-03-29 09:00:00.0;0,00
ARAUCÁRIA;410180402A;PR;Centro;-25,595;-49,388;2025-03-29 10:00:00.0;0,00
ARAUCÁRIA;410180402A;PR;Centro;-25,595;-49,388;2025-03-29 11:00:00.0;0,00
ARAUCÁRIA;410180402A;PR;Centro;-25,595;-49,388;2025-03-29 12:00:00.0;0,00
ARAUCÁRIA;410180402A;PR;Centro;-25,595;-49,388;2025-03-29 13:00:00.0;0,00
ARAUCÁRIA;410180402A;PR;Centro;-25,595;-49,388;2025-03-29 14:00:00.0;0,00
ARAUCÁRIA;410180402A;PR;Centro;-25,595;-49,388;2025-03-29 15:00:00.0;0,00
ARAUCÁRIA;410180402A;PR;Centro;-25,595;-49,388;2025-03-29 16:00:00.0;0,00
ARAUCÁRIA;410180402A;PR;Centro;-25,595;-49,388;2025-03-29 17:00:00.0;0,00
ARAUCÁRIA;410180402A;PR;Centro;-25,595;-49,388;2025-03-29 18:00:00.0;0,00
ARAUCÁRIA;410180402A;PR;Centro;-25,595;-49,388;2025-03-29 19:00:00.0;0,00
ARAUCÁRIA;410180402A;PR;Centro;-25,595;-49,388;2025-03-29 20:00:00.0;0,00
ARAUCÁRIA;410180402A;PR;Centro;-25,595;-49,388;2025-03-29 21:00:00.0;0,00
ARAUCÁRIA;410180402A;PR;Centro;-25,595;-49,388;2025-03-29 22:00:00.0;0,00
ARAUCÁRIA;410180402A;PR;Centro;-25,595;-49,388;2025-03-29 22:30:00.0;0,20
ARAUCÁRIA;410180402A;PR;Centro;-25,595;-49,388;2025-03-29 23:00:00.0;0,00
ARAUCÁRIA;410180402A;PR;Centro;-25,595;-49,388;2025-03-30 00:00:00.0;0,00
ARAUCÁRIA;410180402A;PR;Centro;-25,595;-49,388;2025-03-30 01:00:00.0;0,00
ARAUCÁRIA;410180402A;PR;Centro;-25,595;-49,388;2025-03-30 02:00:00.0;0,00
ARAUCÁRIA;410180402A;PR;Centro;-25,595;-49,388;2025-03-30 03:00:00.0;0,00
ARAUCÁRIA;410180402A;PR;Centro;-25,595;-49,388;2025-03-30 04:00:00.0;0,20
ARAUCÁRIA;410180402A;PR;Centro;-25,595;-49,388;2025-03-30 05:00:00.0;0,00
ARAUCÁRIA;410180402A;PR;Centro;-25,595;-49,388;2025-03-30 06:00:00.0;0,00
ARAUCÁRIA;410180402A;PR;Centro;-25,595;-49,388;2025-03-30 07:00:00.0;0,00
ARAUCÁRIA;410180402A;PR;Centro;-25,595;-49,388;2025-03-30 07:50:00.0;0,20
ARAUCÁRIA;410180402A;PR;Centro;-25,595;-49,388;2025-03-30 08:00:00.0;0,00
ARAUCÁRIA;410180402A;PR;Centro;-25,595;-49,388;2025-03-30 09:00:00.0;0,00
ARAUCÁRIA;410180402A;PR;Centro;-25,595;-49,388;2025-03-30 10:00:00.0;0,00
ARAUCÁRIA;410180402A;PR;Centro;-25,595;-49,388;2025-03-30 11:00:00.0;0,00
ARAUCÁRIA;410180402A;PR;Centro;-25,595;-49,388;2025-03-30 12:00:00.0;0,00
ARAUCÁRIA;410180402A;PR;Centro;-25,595;-49,388;2025-03-30 13:00:00.0;0,00
ARAUCÁRIA;410180402A;PR;Centro;-25,595;-49,388;2025-03-30 14:00:00.0;0,00
ARAUCÁRIA;410180402A;PR;Centro;-25,595;-49,388;2025-03-30 15:00:00.0;0,00
ARAUCÁRIA;410180402A;PR;Centro;-25,595;-49,388;2025-03-30 16:00:00.0;0,00
ARAUCÁRIA;410180402A;PR;Centro;-25,595;-49,388;2025-03-30 17:00:00.0;0,00
ARAUCÁRIA;410180402A;PR;Centro;-25,595;-49,388;2025-03-30 18:00:00.0;0,00
ARAUCÁRIA;410180402A;PR;Centro;-25,595;-49,388;2025-03-30 19:00:00.0;0,00
ARAUCÁRIA;410180402A;PR;Centro;-25,595;-49,388;2025-03-30 20:00:00.0;0,00
ARAUCÁRIA;410180402A;PR;Centro;-25,595;-49,388;2025-03-30 21:00:00.0;0,00
ARAUCÁRIA;410180402A;PR;Centro;-25,595;-49,388;2025-03-30 22:00:00.0;0,00
ARAUCÁRIA;410180402A;PR;Centro;-25,595;-49,388;2025-03-30 23:00:00.0;0,00
ARAUCÁRIA;410180402A;PR;Centro;-25,595;-49,388;2025-03-31 00:00:00.0;0,00
ARAUCÁRIA;410180402A;PR;Centro;-25,595;-49,388;2025-03-31 01:00:00.0;0,00
ARAUCÁRIA;410180402A;PR;Centro;-25,595;-49,388;2025-03-31 02:00:00.0;0,00
ARAUCÁRIA;410180402A;PR;Centro;-25,595;-49,388;2025-03-31 03:00:00.0;0,00
ARAUCÁRIA;410180402A;PR;Centro;-25,595;-49,388;2025-03-31 04:00:00.0;0,00
ARAUCÁRIA;410180402A;PR;Centro;-25,595;-49,388;2025-03-31 05:00:00.0;0,00
ARAUCÁRIA;410180402A;PR;Centro;-25,595;-49,388;2025-03-31 06:00:00.0;0,00
ARAUCÁRIA;410180402A;PR;Centro;-25,595;-49,388;2025-03-31 07:00:00.0;0,00
ARAUCÁRIA;410180402A;PR;Centro;-25,595;-49,388;2025-03-31 08:00:00.0;0,00
ARAUCÁRIA;410180402A;PR;Centro;-25,595;-49,388;2025-03-31 09:00:00.0;0,00
ARAUCÁRIA;410180402A;PR;Centro;-25,595;-49,388;2025-03-31 10:00:00.0;0,00
ARAUCÁRIA;410180402A;PR;Centro;-25,595;-49,388;2025-03-31 11:00:00.0;0,00
ARAUCÁRIA;410180402A;PR;Centro;-25,595;-49,388;2025-03-31 12:00:00.0;0,00
ARAUCÁRIA;410180402A;PR;Centro;-25,595;-49,388;2025-03-31 13:00:00.0;0,00
ARAUCÁRIA;410180402A;PR;Centro;-25,595;-49,388;2025-03-31 14:00:00.0;0,00
ARAUCÁRIA;410180402A;PR;Centro;-25,595;-49,388;2025-03-31 15:00:00.0;0,00
ARAUCÁRIA;410180402A;PR;Centro;-25,595;-49,388;2025-03-31 16:00:00.0;0,00
ARAUCÁRIA;410180402A;PR;Centro;-25,595;-49,388;2025-03-31 17:00:00.0;0,00
ARAUCÁRIA;410180402A;PR;Centro;-25,595;-49,388;2025-03-31 18:00:00.0;0,00
ARAUCÁRIA;410180402A;PR;Centro;-25,595;-49,388;2025-03-31 19:00:00.0;0,00
ARAUCÁRIA;410180402A;PR;Centro;-25,595;-49,388;2025-03-31 20:00:00.0;0,00
ARAUCÁRIA;410180402A;PR;Centro;-25,595;-49,388;2025-03-31 21:00:00.0;0,00
ARAUCÁRIA;410180402A;PR;Centro;-25,595;-49,388;2025-03-31 22:00:00.0;0,00
ARAUCÁRIA;410180402A;PR;Centro;-25,595;-49,388;2025-03-31 23:00:00.0;0,00
BOM JESUS DO SUL;410315601A;PR;Centro;-26,19174;-53,60245;2025-03-01 00:10:00.0;0,00
BOM JESUS DO SUL;410315601A;PR;Centro;-26,19174;-53,60245;2025-03-01 01:10:00.0;0,00
BOM JESUS DO SUL;410315601A;PR;Centro;-26,19174;-53,60245;2025-03-01 02:10:00.0;0,00
BOM JESUS DO SUL;410315601A;PR;Centro;-26,19174;-53,60245;2025-03-01 03:10:00.0;0,00
BOM JESUS DO SUL;410315601A;PR;Centro;-26,19174;-53,60245;2025-03-01 04:10:00.0;0,00
BOM JESUS DO SUL;410315601A;PR;Centro;-26,19174;-53,60245;2025-03-01 05:10:00.0;0,00
BOM JESUS DO SUL;410315601A;PR;Centro;-26,19174;-53,60245;2025-03-01 06:10:00.0;0,00
BOM JESUS DO SUL;410315601A;PR;Centro;-26,19174;-53,60245;2025-03-01 07:10:00.0;0,00
BOM JESUS DO SUL;410315601A;PR;Centro;-26,19174;-53,60245;2025-03-01 08:10:00.0;0,00
BOM JESUS DO SUL;410315601A;PR;Centro;-26,19174;-53,60245;2025-03-01 09:10:00.0;0,00
BOM JESUS DO SUL;410315601A;PR;Centro;-26,19174;-53,60245;2025-03-01 10:10:00.0;0,00
BOM JESUS DO SUL;410315601A;PR;Centro;-26,19174;-53,60245;2025-03-01 11:10:00.0;0,00
BOM JESUS DO SUL;410315601A;PR;Centro;-26,19174;-53,60245;2025-03-01 12:10:00.0;0,00
BOM JESUS DO SUL;410315601A;PR;Centro;-26,19174;-53,60245;2025-03-01 13:10:00.0;0,00
BOM JESUS DO SUL;410315601A;PR;Centro;-26,19174;-53,60245;2025-03-01 14:10:00.0;0,00
BOM JESUS DO SUL;410315601A;PR;Centro;-26,19174;-53,60245;2025-03-01 15:10:00.0;0,00
BOM JESUS DO SUL;410315601A;PR;Centro;-26,19174;-53,60245;2025-03-01 16:10:00.0;0,00
BOM JESUS DO SUL;410315601A;PR;Centro;-26,19174;-53,60245;2025-03-01 17:10:00.0;0,00
BOM JESUS DO SUL;410315601A;PR;Centro;-26,19174;-53,60245;2025-03-01 18:10:00.0;0,00
BOM JESUS DO SUL;410315601A;PR;Centro;-26,19174;-53,60245;2025-03-01 19:10:00.0;0,00
BOM JESUS DO SUL;410315601A;PR;Centro;-26,19174;-53,60245;2025-03-01 20:10:00.0;0,00
BOM JESUS DO SUL;410315601A;PR;Centro;-26,19174;-53,60245;2025-03-01 21:10:00.0;0,00
BOM JESUS DO SUL;410315601A;PR;Centro;-26,19174;-53,60245;2025-03-01 22:10:00.0;0,00
BOM JESUS DO SUL;410315601A;PR;Centro;-26,19174;-53,60245;2025-03-01 23:10:00.0;0,00
BOM JESUS DO SUL;410315601A;PR;Centro;-26,19174;-53,60245;2025-03-02 00:10:00.0;0,00
BOM JESUS DO SUL;410315601A;PR;Centro;-26,19174;-53,60245;2025-03-02 01:10:00.0;0,00
BOM JESUS DO SUL;410315601A;PR;Centro;-26,19174;-53,60245;2025-03-02 02:10:00.0;0,00
BOM JESUS DO SUL;410315601A;PR;Centro;-26,19174;-53,60245;2025-03-02 03:10:00.0;0,00
BOM JESUS DO SUL;410315601A;PR;Centro;-26,19174;-53,60245;2025-03-02 04:10:00.0;0,00
BOM JESUS DO SUL;410315601A;PR;Centro;-26,19174;-53,60245;2025-03-02 05:10:00.0;0,00
BOM JESUS DO SUL;410315601A;PR;Centro;-26,19174;-53,60245;2025-03-02 06:10:00.0;0,00
BOM JESUS DO SUL;410315601A;PR;Centro;-26,19174;-53,60245;2025-03-02 07:10:00.0;0,00
BOM JESUS DO SUL;410315601A;PR;Centro;-26,19174;-53,60245;2025-03-02 08:10:00.0;0,00
BOM JESUS DO SUL;410315601A;PR;Centro;-26,19174;-53,60245;2025-03-02 09:10:00.0;0,00
BOM JESUS DO SUL;410315601A;PR;Centro;-26,19174;-53,60245;2025-03-02 10:10:00.0;0,00
BOM JESUS DO SUL;410315601A;PR;Centro;-26,19174;-53,60245;2025-03-02 11:10:00.0;0,00
BOM JESUS DO SUL;410315601A;PR;Centro;-26,19174;-53,60245;2025-03-02 12:10:00.0;0,00
BOM JESUS DO SUL;410315601A;PR;Centro;-26,19174;-53,60245;2025-03-02 13:10:00.0;0,00
BOM JESUS DO SUL;410315601A;PR;Centro;-26,19174;-53,60245;2025-03-02 14:10:00.0;0,00
BOM JESUS DO SUL;410315601A;PR;Centro;-26,19174;-53,60245;2025-03-02 15:10:00.0;0,00
BOM JESUS DO SUL;410315601A;PR;Centro;-26,19174;-53,60245;2025-03-02 16:10:00.0;0,00
BOM JESUS DO SUL;410315601A;PR;Centro;-26,19174;-53,60245;2025-03-02 17:10:00.0;0,00
BOM JESUS DO SUL;410315601A;PR;Centro;-26,19174;-53,60245;2025-03-02 18:10:00.0;0,00
BOM JESUS DO SUL;410315601A;PR;Centro;-26,19174;-53,60245;2025-03-02 19:10:00.0;0,00
BOM JESUS DO SUL;410315601A;PR;Centro;-26,19174;-53,60245;2025-03-02 20:10:00.0;0,00
BOM JESUS DO SUL;410315601A;PR;Centro;-26,19174;-53,60245;2025-03-02 21:10:00.0;0,00
BOM JESUS DO SUL;410315601A;PR;Centro;-26,19174;-53,60245;2025-03-02 22:10:00.0;0,00
BOM JESUS DO SUL;410315601A;PR;Centro;-26,19174;-53,60245;2025-03-02 23:10:00.0;0,00
BOM JESUS DO SUL;410315601A;PR;Centro;-26,19174;-53,60245;2025-03-03 00:10:00.0;0,00
BOM JESUS DO SUL;410315601A;PR;Centro;-26,19174;-53,60245;2025-03-03 01:10:00.0;0,00
BOM JESUS DO SUL;410315601A;PR;Centro;-26,19174;-53,60245;2025-03-03 02:10:00.0;0,00
BOM JESUS DO SUL;410315601A;PR;Centro;-26,19174;-53,60245;2025-03-03 03:10:00.0;0,00
BOM JESUS DO SUL;410315601A;PR;Centro;-26,19174;-53,60245;2025-03-03 04:10:00.0;0,00
BOM JESUS DO SUL;410315601A;PR;Centro;-26,19174;-53,60245;2025-03-03 05:10:00.0;0,00
BOM JESUS DO SUL;410315601A;PR;Centro;-26,19174;-53,60245;2025-03-03 06:10:00.0;0,00
BOM JESUS DO SUL;410315601A;PR;Centro;-26,19174;-53,60245;2025-03-03 07:10:00.0;0,00
BOM JESUS DO SUL;410315601A;PR;Centro;-26,19174;-53,60245;2025-03-03 08:10:00.0;0,00
BOM JESUS DO SUL;410315601A;PR;Centro;-26,19174;-53,60245;2025-03-03 09:10:00.0;0,00
BOM JESUS DO SUL;410315601A;PR;Centro;-26,19174;-53,60245;2025-03-03 10:10:00.0;0,00
BOM JESUS DO SUL;410315601A;PR;Centro;-26,19174;-53,60245;2025-03-03 11:10:00.0;0,00
BOM JESUS DO SUL;410315601A;PR;Centro;-26,19174;-53,60245;2025-03-03 12:10:00.0;0,00
BOM JESUS DO SUL;410315601A;PR;Centro;-26,19174;-53,60245;2025-03-03 13:10:00.0;0,00
BOM JESUS DO SUL;410315601A;PR;Centro;-26,19174;-53,60245;2025-03-03 14:10:00.0;0,00
BOM JESUS DO SUL;410315601A;PR;Centro;-26,19174;-53,60245;2025-03-03 15:10:00.0;0,00
BOM JESUS DO SUL;410315601A;PR;Centro;-26,19174;-53,60245;2025-03-03 16:10:00.0;0,00
BOM JESUS DO SUL;410315601A;PR;Centro;-26,19174;-53,60245;2025-03-03 17:10:00.0;0,00
BOM JESUS DO SUL;410315601A;PR;Centro;-26,19174;-53,60245;2025-03-03 18:10:00.0;0,00
BOM JESUS DO SUL;410315601A;PR;Centro;-26,19174;-53,60245;2025-03-03 19:10:00.0;0,00
BOM JESUS DO SUL;410315601A;PR;Centro;-26,19174;-53,60245;2025-03-03 20:10:00.0;0,00
BOM JESUS DO SUL;410315601A;PR;Centro;-26,19174;-53,60245;2025-03-03 21:10:00.0;0,00
BOM JESUS DO SUL;410315601A;PR;Centro;-26,19174;-53,60245;2025-03-03 22:10:00.0;0,00
BOM JESUS DO SUL;410315601A;PR;Centro;-26,19174;-53,60245;2025-03-03 23:10:00.0;0,00
BOM JESUS DO SUL;410315601A;PR;Centro;-26,19174;-53,60245;2025-03-04 00:10:00.0;0,00
BOM JESUS DO SUL;410315601A;PR;Centro;-26,19174;-53,60245;2025-03-04 01:10:00.0;0,00
BOM JESUS DO SUL;410315601A;PR;Centro;-26,19174;-53,60245;2025-03-04 02:10:00.0;0,00
BOM JESUS DO SUL;410315601A;PR;Centro;-26,19174;-53,60245;2025-03-04 03:10:00.0;0,00
BOM JESUS DO SUL;410315601A;PR;Centro;-26,19174;-53,60245;2025-03-04 04:10:00.0;0,00
BOM JESUS DO SUL;410315601A;PR;Centro;-26,19174;-53,60245;2025-03-04 05:10:00.0;0,00
BOM JESUS DO SUL;410315601A;PR;Centro;-26,19174;-53,60245;2025-03-04 06:10:00.0;0,00
BOM JESUS DO SUL;410315601A;PR;Centro;-26,19174;-53,60245;2025-03-04 07:10:00.0;0,00
BOM JESUS DO SUL;410315601A;PR;Centro;-26,19174;-53,60245;2025-03-04 08:10:00.0;0,00
BOM JESUS DO SUL;410315601A;PR;Centro;-26,19174;-53,60245;2025-03-04 09:10:00.0;0,00
BOM JESUS DO SUL;410315601A;PR;Centro;-26,19174;-53,60245;2025-03-04 10:10:00.0;0,00
BOM JESUS DO SUL;410315601A;PR;Centro;-26,19174;-53,60245;2025-03-04 11:10:00.0;0,00
BOM JESUS DO SUL;410315601A;PR;Centro;-26,19174;-53,60245;2025-03-04 12:10:00.0;0,00
BOM JESUS DO SUL;410315601A;PR;Centro;-26,19174;-53,60245;2025-03-04 13:10:00.0;0,00
BOM JESUS DO SUL;410315601A;PR;Centro;-26,19174;-53,60245;2025-03-04 14:10:00.0;0,00
BOM JESUS DO SUL;410315601A;PR;Centro;-26,19174;-53,60245;2025-03-04 15:10:00.0;0,00
BOM JESUS DO SUL;410315601A;PR;Centro;-26,19174;-53,60245;2025-03-04 16:10:00.0;0,00
BOM JESUS DO SUL;410315601A;PR;Centro;-26,19174;-53,60245;2025-03-04 17:10:00.0;0,00
BOM JESUS DO SUL;410315601A;PR;Centro;-26,19174;-53,60245;2025-03-04 18:10:00.0;0,00
BOM JESUS DO SUL;410315601A;PR;Centro;-26,19174;-53,60245;2025-03-04 19:10:00.0;0,00
BOM JESUS DO SUL;410315601A;PR;Centro;-26,19174;-53,60245;2025-03-04 20:10:00.0;0,00
BOM JESUS DO SUL;410315601A;PR;Centro;-26,19174;-53,60245;2025-03-04 21:10:00.0;0,00
BOM JESUS DO SUL;410315601A;PR;Centro;-26,19174;-53,60245;2025-03-04 22:10:00.0;0,00
BOM JESUS DO SUL;410315601A;PR;Centro;-26,19174;-53,60245;2025-03-04 23:10:00.0;0,00
BOM JESUS DO SUL;410315601A;PR;Centro;-26,19174;-53,60245;2025-03-05 00:10:00.0;0,00
BOM JESUS DO SUL;410315601A;PR;Centro;-26,19174;-53,60245;2025-03-05 01:10:00.0;0,00
BOM JESUS DO SUL;410315601A;PR;Centro;-26,19174;-53,60245;2025-03-05 02:10:00.0;0,00
BOM JESUS DO SUL;410315601A;PR;Centro;-26,19174;-53,60245;2025-03-05 03:10:00.0;0,00
BOM JESUS DO SUL;410315601A;PR;Centro;-26,19174;-53,60245;2025-03-05 04:10:00.0;0,00
BOM JESUS DO SUL;410315601A;PR;Centro;-26,19174;-53,60245;2025-03-05 05:10:00.0;0,00
BOM JESUS DO SUL;410315601A;PR;Centro;-26,19174;-53,60245;2025-03-05 06:10:00.0;0,00
BOM JESUS DO SUL;410315601A;PR;Centro;-26,19174;-53,60245;2025-03-05 07:10:00.0;0,00
BOM JESUS DO SUL;410315601A;PR;Centro;-26,19174;-53,60245;2025-03-05 08:10:00.0;0,00
BOM JESUS DO SUL;410315601A;PR;Centro;-26,19174;-53,60245;2025-03-05 09:10:00.0;0,00
BOM JESUS DO SUL;410315601A;PR;Centro;-26,19174;-53,60245;2025-03-05 10:10:00.0;0,00
BOM JESUS DO SUL;410315601A;PR;Centro;-26,19174;-53,60245;2025-03-05 11:10:00.0;0,00
BOM JESUS DO SUL;410315601A;PR;Centro;-26,19174;-53,60245;2025-03-05 12:10:00.0;0,00
BOM JESUS DO SUL;410315601A;PR;Centro;-26,19174;-53,60245;2025-03-05 13:10:00.0;0,00
BOM JESUS DO SUL;410315601A;PR;Centro;-26,19174;-53,60245;2025-03-05 14:10:00.0;0,00
BOM JESUS DO SUL;410315601A;PR;Centro;-26,19174;-53,60245;2025-03-05 15:10:00.0;0,00
BOM JESUS DO SUL;410315601A;PR;Centro;-26,19174;-53,60245;2025-03-05 16:10:00.0;0,00
BOM JESUS DO SUL;410315601A;PR;Centro;-26,19174;-53,60245;2025-03-05 17:10:00.0;0,00
BOM JESUS DO SUL;410315601A;PR;Centro;-26,19174;-53,60245;2025-03-05 18:10:00.0;0,00
BOM JESUS DO SUL;410315601A;PR;Centro;-26,19174;-53,60245;2025-03-05 19:10:00.0;0,00
BOM JESUS DO SUL;410315601A;PR;Centro;-26,19174;-53,60245;2025-03-05 19:40:00.0;7,00
BOM JESUS DO SUL;410315601A;PR;Centro;-26,19174;-53,60245;2025-03-05 19:50:00.0;0,40
BOM JESUS DO SUL;410315601A;PR;Centro;-26,19174;-53,60245;2025-03-05 20:00:00.0;0,20
BOM JESUS DO SUL;410315601A;PR;Centro;-26,19174;-53,60245;2025-03-05 20:10:00.0;0,00
BOM JESUS DO SUL;410315601A;PR;Centro;-26,19174;-53,60245;2025-03-05 21:10:00.0;0,00
BOM JESUS DO SUL;410315601A;PR;Centro;-26,19174;-53,60245;2025-03-05 22:10:00.0;0,00
BOM JESUS DO SUL;410315601A;PR;Centro;-26,19174;-53,60245;2025-03-05 23:10:00.0;0,00
BOM JESUS DO SUL;410315601A;PR;Centro;-26,19174;-53,60245;2025-03-06 00:10:00.0;0,00
BOM JESUS DO SUL;410315601A;PR;Centro;-26,19174;-53,60245;2025-03-06 01:10:00.0;0,00
BOM JESUS DO SUL;410315601A;PR;Centro;-26,19174;-53,60245;2025-03-06 02:10:00.0;0,00
BOM JESUS DO SUL;410315601A;PR;Centro;-26,19174;-53,60245;2025-03-06 03:10:00.0;0,00
BOM JESUS DO SUL;410315601A;PR;Centro;-26,19174;-53,60245;2025-03-06 04:10:00.0;0,00
BOM JESUS DO SUL;410315601A;PR;Centro;-26,19174;-53,60245;2025-03-06 05:10:00.0;0,00
BOM JESUS DO SUL;410315601A;PR;Centro;-26,19174;-53,60245;2025-03-06 06:10:00.0;0,00
BOM JESUS DO SUL;410315601A;PR;Centro;-26,19174;-53,60245;2025-03-06 07:10:00.0;0,00
BOM JESUS DO SUL;410315601A;PR;Centro;-26,19174;-53,60245;2025-03-06 08:10:00.0;0,00
BOM JESUS DO SUL;410315601A;PR;Centro;-26,19174;-53,60245;2025-03-06 09:10:00.0;0,00
BOM JESUS DO SUL;410315601A;PR;Centro;-26,19174;-53,60245;2025-03-06 10:10:00.0;0,00
BOM JESUS DO SUL;410315601A;PR;Centro;-26,19174;-53,60245;2025-03-06 11:10:00.0;0,00
BOM JESUS DO SUL;410315601A;PR;Centro;-26,19174;-53,60245;2025-03-06 12:10:00.0;0,00
BOM JESUS DO SUL;410315601A;PR;Centro;-26,19174;-53,60245;2025-03-06 13:10:00.0;0,00
BOM JESUS DO SUL;410315601A;PR;Centro;-26,19174;-53,60245;2025-03-06 14:10:00.0;0,00
BOM JESUS DO SUL;410315601A;PR;Centro;-26,19174;-53,60245;2025-03-06 15:10:00.0;0,00
BOM JESUS DO SUL;410315601A;PR;Centro;-26,19174;-53,60245;2025-03-06 16:10:00.0;0,00
BOM JESUS DO SUL;410315601A;PR;Centro;-26,19174;-53,60245;2025-03-06 17:10:00.0;0,00
BOM JESUS DO SUL;410315601A;PR;Centro;-26,19174;-53,60245;2025-03-06 18:10:00.0;0,00
BOM JESUS DO SUL;410315601A;PR;Centro;-26,19174;-53,60245;2025-03-06 19:10:00.0;0,00
BOM JESUS DO SUL;410315601A;PR;Centro;-26,19174;-53,60245;2025-03-06 20:10:00.0;0,00
BOM JESUS DO SUL;410315601A;PR;Centro;-26,19174;-53,60245;2025-03-06 21:10:00.0;0,00
BOM JESUS DO SUL;410315601A;PR;Centro;-26,19174;-53,60245;2025-03-06 22:10:00.0;0,00
BOM JESUS DO SUL;410315601A;PR;Centro;-26,19174;-53,60245;2025-03-06 23:10:00.0;0,00
BOM JESUS DO SUL;410315601A;PR;Centro;-26,19174;-53,60245;2025-03-07 00:10:00.0;0,00
BOM JESUS DO SUL;410315601A;PR;Centro;-26,19174;-53,60245;2025-03-07 01:10:00.0;0,00
BOM JESUS DO SUL;410315601A;PR;Centro;-26,19174;-53,60245;2025-03-07 02:10:00.0;0,00
BOM JESUS DO SUL;410315601A;PR;Centro;-26,19174;-53,60245;2025-03-07 03:10:00.0;0,00
BOM JESUS DO SUL;410315601A;PR;Centro;-26,19174;-53,60245;2025-03-07 04:10:00.0;0,00
BOM JESUS DO SUL;410315601A;PR;Centro;-26,19174;-53,60245;2025-03-07 05:10:00.0;0,00
BOM JESUS DO SUL;410315601A;PR;Centro;-26,19174;-53,60245;2025-03-07 06:10:00.0;0,00
BOM JESUS DO SUL;410315601A;PR;Centro;-26,19174;-53,60245;2025-03-07 07:10:00.0;0,00
BOM JESUS DO SUL;410315601A;PR;Centro;-26,19174;-53,60245;2025-03-07 08:10:00.0;0,00
BOM JESUS DO SUL;410315601A;PR;Centro;-26,19174;-53,60245;2025-03-07 09:10:00.0;0,00
BOM JESUS DO SUL;410315601A;PR;Centro;-26,19174;-53,60245;2025-03-07 10:10:00.0;0,00
BOM JESUS DO SUL;410315601A;PR;Centro;-26,19174;-53,60245;2025-03-07 11:10:00.0;0,00
BOM JESUS DO SUL;410315601A;PR;Centro;-26,19174;-53,60245;2025-03-07 12:10:00.0;0,00
BOM JESUS DO SUL;410315601A;PR;Centro;-26,19174;-53,60245;2025-03-07 13:10:00.0;0,00
BOM JESUS DO SUL;410315601A;PR;Centro;-26,19174;-53,60245;2025-03-07 14:10:00.0;0,00
BOM JESUS DO SUL;410315601A;PR;Centro;-26,19174;-53,60245;2025-03-07 15:10:00.0;0,00
BOM JESUS DO SUL;410315601A;PR;Centro;-26,19174;-53,60245;2025-03-07 16:10:00.0;0,00
BOM JESUS DO SUL;410315601A;PR;Centro;-26,19174;-53,60245;2025-03-07 17:10:00.0;0,00
BOM JESUS DO SUL;410315601A;PR;Centro;-26,19174;-53,60245;2025-03-07 18:10:00.0;0,00
BOM JESUS DO SUL;410315601A;PR;Centro;-26,19174;-53,60245;2025-03-07 19:10:00.0;0,00
BOM JESUS DO SUL;410315601A;PR;Centro;-26,19174;-53,60245;2025-03-07 20:10:00.0;0,00
BOM JESUS DO SUL;410315601A;PR;Centro;-26,19174;-53,60245;2025-03-07 21:10:00.0;0,00
BOM JESUS DO SUL;410315601A;PR;Centro;-26,19174;-53,60245;2025-03-07 22:10:00.0;0,00
BOM JESUS DO SUL;410315601A;PR;Centro;-26,19174;-53,60245;2025-03-07 23:10:00.0;0,00
BOM JESUS DO SUL;410315601A;PR;Centro;-26,19174;-53,60245;2025-03-08 00:10:00.0;0,00
BOM JESUS DO SUL;410315601A;PR;Centro;-26,19174;-53,60245;2025-03-08 01:10:00.0;0,00
BOM JESUS DO SUL;410315601A;PR;Centro;-26,19174;-53,60245;2025-03-08 02:10:00.0;0,00
BOM JESUS DO SUL;410315601A;PR;Centro;-26,19174;-53,60245;2025-03-08 03:10:00.0;0,00
BOM JESUS DO SUL;410315601A;PR;Centro;-26,19174;-53,60245;2025-03-08 04:10:00.0;0,00
BOM JESUS DO SUL;410315601A;PR;Centro;-26,19174;-53,60245;2025-03-08 05:10:00.0;0,00
BOM JESUS DO SUL;410315601A;PR;Centro;-26,19174;-53,60245;2025-03-08 06:10:00.0;0,00
BOM JESUS DO SUL;410315601A;PR;Centro;-26,19174;-53,60245;2025-03-08 07:10:00.0;0,00
BOM JESUS DO SUL;410315601A;PR;Centro;-26,19174;-53,60245;2025-03-08 08:10:00.0;0,00
BOM JESUS DO SUL;410315601A;PR;Centro;-26,19174;-53,60245;2025-03-08 09:10:00.0;0,00
BOM JESUS DO SUL;410315601A;PR;Centro;-26,19174;-53,60245;2025-03-08 10:10:00.0;0,00
BOM JESUS DO SUL;410315601A;PR;Centro;-26,19174;-53,60245;2025-03-08 11:10:00.0;0,00
BOM JESUS DO SUL;410315601A;PR;Centro;-26,19174;-53,60245;2025-03-08 12:10:00.0;0,00
BOM JESUS DO SUL;410315601A;PR;Centro;-26,19174;-53,60245;2025-03-08 13:10:00.0;0,00
BOM JESUS DO SUL;410315601A;PR;Centro;-26,19174;-53,60245;2025-03-08 14:10:00.0;0,00
BOM JESUS DO SUL;410315601A;PR;Centro;-26,19174;-53,60245;2025-03-08 15:10:00.0;0,00
BOM JESUS DO SUL;410315601A;PR;Centro;-26,19174;-53,60245;2025-03-08 16:10:00.0;0,00
BOM JESUS DO SUL;410315601A;PR;Centro;-26,19174;-53,60245;2025-03-08 17:10:00.0;0,00
BOM JESUS DO SUL;410315601A;PR;Centro;-26,19174;-53,60245;2025-03-08 18:10:00.0;0,00
BOM JESUS DO SUL;410315601A;PR;Centro;-26,19174;-53,60245;2025-03-08 19:10:00.0;0,00
BOM JESUS DO SUL;410315601A;PR;Centro;-26,19174;-53,60245;2025-03-08 20:10:00.0;0,00
BOM JESUS DO SUL;410315601A;PR;Centro;-26,19174;-53,60245;2025-03-08 21:10:00.0;0,00
BOM JESUS DO SUL;410315601A;PR;Centro;-26,19174;-53,60245;2025-03-08 22:10:00.0;0,00
BOM JESUS DO SUL;410315601A;PR;Centro;-26,19174;-53,60245;2025-03-08 23:10:00.0;0,00
BOM JESUS DO SUL;410315601A;PR;Centro;-26,19174;-53,60245;2025-03-09 00:10:00.0;0,00
BOM JESUS DO SUL;410315601A;PR;Centro;-26,19174;-53,60245;2025-03-09 01:10:00.0;0,00
BOM JESUS DO SUL;410315601A;PR;Centro;-26,19174;-53,60245;2025-03-09 02:10:00.0;0,00
BOM JESUS DO SUL;410315601A;PR;Centro;-26,19174;-53,60245;2025-03-09 03:10:00.0;0,00
BOM JESUS DO SUL;410315601A;PR;Centro;-26,19174;-53,60245;2025-03-09 04:10:00.0;0,00
BOM JESUS DO SUL;410315601A;PR;Centro;-26,19174;-53,60245;2025-03-09 05:10:00.0;0,00
BOM JESUS DO SUL;410315601A;PR;Centro;-26,19174;-53,60245;2025-03-09 06:10:00.0;0,00
BOM JESUS DO SUL;410315601A;PR;Centro;-26,19174;-53,60245;2025-03-09 07:10:00.0;0,00
BOM JESUS DO SUL;410315601A;PR;Centro;-26,19174;-53,60245;2025-03-09 08:10:00.0;0,00
BOM JESUS DO SUL;410315601A;PR;Centro;-26,19174;-53,60245;2025-03-09 09:10:00.0;0,00
BOM JESUS DO SUL;410315601A;PR;Centro;-26,19174;-53,60245;2025-03-09 10:10:00.0;0,00
BOM JESUS DO SUL;410315601A;PR;Centro;-26,19174;-53,60245;2025-03-09 11:10:00.0;0,00
BOM JESUS DO SUL;410315601A;PR;Centro;-26,19174;-53,60245;2025-03-09 12:10:00.0;0,00
BOM JESUS DO SUL;410315601A;PR;Centro;-26,19174;-53,60245;2025-03-09 13:10:00.0;0,00
BOM JESUS DO SUL;410315601A;PR;Centro;-26,19174;-53,60245;2025-03-09 14:10:00.0;0,00
BOM JESUS DO SUL;410315601A;PR;Centro;-26,19174;-53,60245;2025-03-09 15:10:00.0;0,00
BOM JESUS DO SUL;410315601A;PR;Centro;-26,19174;-53,60245;2025-03-09 16:10:00.0;0,00
BOM JESUS DO SUL;410315601A;PR;Centro;-26,19174;-53,60245;2025-03-09 17:10:00.0;0,00
BOM JESUS DO SUL;410315601A;PR;Centro;-26,19174;-53,60245;2025-03-09 18:10:00.0;0,00
BOM JESUS DO SUL;410315601A;PR;Centro;-26,19174;-53,60245;2025-03-09 19:10:00.0;0,00
BOM JESUS DO SUL;410315601A;PR;Centro;-26,19174;-53,60245;2025-03-09 20:10:00.0;0,00
BOM JESUS DO SUL;410315601A;PR;Centro;-26,19174;-53,60245;2025-03-09 21:10:00.0;0,00
BOM JESUS DO SUL;410315601A;PR;Centro;-26,19174;-53,60245;2025-03-09 22:10:00.0;0,00
BOM JESUS DO SUL;410315601A;PR;Centro;-26,19174;-53,60245;2025-03-09 23:10:00.0;0,00
BOM JESUS DO SUL;410315601A;PR;Centro;-26,19174;-53,60245;2025-03-10 00:10:00.0;0,00
BOM JESUS DO SUL;410315601A;PR;Centro;-26,19174;-53,60245;2025-03-10 01:10:00.0;0,00
BOM JESUS DO SUL;410315601A;PR;Centro;-26,19174;-53,60245;2025-03-10 02:10:00.0;0,00
BOM JESUS DO SUL;410315601A;PR;Centro;-26,19174;-53,60245;2025-03-10 03:10:00.0;0,00
BOM JESUS DO SUL;410315601A;PR;Centro;-26,19174;-53,60245;2025-03-10 04:10:00.0;0,00
BOM JESUS DO SUL;410315601A;PR;Centro;-26,19174;-53,60245;2025-03-10 05:10:00.0;0,00
BOM JESUS DO SUL;410315601A;PR;Centro;-26,19174;-53,60245;2025-03-10 06:10:00.0;0,00
BOM JESUS DO SUL;410315601A;PR;Centro;-26,19174;-53,60245;2025-03-10 07:10:00.0;0,00
BOM JESUS DO SUL;410315601A;PR;Centro;-26,19174;-53,60245;2025-03-10 08:10:00.0;0,00
BOM JESUS DO SUL;410315601A;PR;Centro;-26,19174;-53,60245;2025-03-10 09:10:00.0;0,00
BOM JESUS DO SUL;410315601A;PR;Centro;-26,19174;-53,60245;2025-03-10 10:10:00.0;0,00
BOM JESUS DO SUL;410315601A;PR;Centro;-26,19174;-53,60245;2025-03-10 11:10:00.0;0,00
BOM JESUS DO SUL;410315601A;PR;Centro;-26,19174;-53,60245;2025-03-10 12:10:00.0;0,00
BOM JESUS DO SUL;410315601A;PR;Centro;-26,19174;-53,60245;2025-03-10 13:10:00.0;0,00
BOM JESUS DO SUL;410315601A;PR;Centro;-26,19174;-53,60245;2025-03-10 14:10:00.0;0,00
BOM JESUS DO SUL;410315601A;PR;Centro;-26,19174;-53,60245;2025-03-10 15:10:00.0;0,00
BOM JESUS DO SUL;410315601A;PR;Centro;-26,19174;-53,60245;2025-03-10 16:10:00.0;0,00
BOM JESUS DO SUL;410315601A;PR;Centro;-26,19174;-53,60245;2025-03-10 17:10:00.0;0,00
BOM JESUS DO SUL;410315601A;PR;Centro;-26,19174;-53,60245;2025-03-10 18:10:00.0;0,00
BOM JESUS DO SUL;410315601A;PR;Centro;-26,19174;-53,60245;2025-03-10 19:10:00.0;0,00
BOM JESUS DO SUL;410315601A;PR;Centro;-26,19174;-53,60245;2025-03-10 20:10:00.0;0,00
BOM JESUS DO SUL;410315601A;PR;Centro;-26,19174;-53,60245;2025-03-10 21:10:00.0;0,00
BOM JESUS DO SUL;410315601A;PR;Centro;-26,19174;-53,60245;2025-03-10 22:10:00.0;0,00
BOM JESUS DO SUL;410315601A;PR;Centro;-26,19174;-53,60245;2025-03-10 23:10:00.0;0,00
BOM JESUS DO SUL;410315601A;PR;Centro;-26,19174;-53,60245;2025-03-11 00:10:00.0;0,00
BOM JESUS DO SUL;410315601A;PR;Centro;-26,19174;-53,60245;2025-03-11 01:10:00.0;0,00
BOM JESUS DO SUL;410315601A;PR;Centro;-26,19174;-53,60245;2025-03-11 02:10:00.0;0,00
BOM JESUS DO SUL;410315601A;PR;Centro;-26,19174;-53,60245;2025-03-11 03:10:00.0;0,00
BOM JESUS DO SUL;410315601A;PR;Centro;-26,19174;-53,60245;2025-03-11 04:10:00.0;0,00
BOM JESUS DO SUL;410315601A;PR;Centro;-26,19174;-53,60245;2025-03-11 05:10:00.0;0,00
BOM JESUS DO SUL;410315601A;PR;Centro;-26,19174;-53,60245;2025-03-11 06:10:00.0;0,00
BOM JESUS DO SUL;410315601A;PR;Centro;-26,19174;-53,60245;2025-03-11 07:10:00.0;0,00
BOM JESUS DO SUL;410315601A;PR;Centro;-26,19174;-53,60245;2025-03-11 08:10:00.0;0,00
BOM JESUS DO SUL;410315601A;PR;Centro;-26,19174;-53,60245;2025-03-11 09:10:00.0;0,00
BOM JESUS DO SUL;410315601A;PR;Centro;-26,19174;-53,60245;2025-03-11 10:10:00.0;0,00
BOM JESUS DO SUL;410315601A;PR;Centro;-26,19174;-53,60245;2025-03-11 11:10:00.0;0,00
BOM JESUS DO SUL;410315601A;PR;Centro;-26,19174;-53,60245;2025-03-11 12:10:00.0;0,00
BOM JESUS DO SUL;410315601A;PR;Centro;-26,19174;-53,60245;2025-03-11 13:00:00.0;0,60
BOM JESUS DO SUL;410315601A;PR;Centro;-26,19174;-53,60245;2025-03-11 13:10:00.0;0,80
BOM JESUS DO SUL;410315601A;PR;Centro;-26,19174;-53,60245;2025-03-11 13:20:00.0;6,40
BOM JESUS DO SUL;410315601A;PR;Centro;-26,19174;-53,60245;2025-03-11 13:30:00.0;2,20
BOM JESUS DO SUL;410315601A;PR;Centro;-26,19174;-53,60245;2025-03-11 13:40:00.0;0,20
BOM JESUS DO SUL;410315601A;PR;Centro;-26,19174;-53,60245;2025-03-11 14:10:00.0;0,00
BOM JESUS DO SUL;410315601A;PR;Centro;-26,19174;-53,60245;2025-03-11 15:10:00.0;0,00
BOM JESUS DO SUL;410315601A;PR;Centro;-26,19174;-53,60245;2025-03-11 15:50:00.0;0,20
BOM JESUS DO SUL;410315601A;PR;Centro;-26,19174;-53,60245;2025-03-11 16:10:00.0;0,00
BOM JESUS DO SUL;410315601A;PR;Centro;-26,19174;-53,60245;2025-03-11 17:10:00.0;0,00
BOM JESUS DO SUL;410315601A;PR;Centro;-26,19174;-53,60245;2025-03-11 17:50:00.0;0,40
BOM JESUS DO SUL;410315601A;PR;Centro;-26,19174;-53,60245;2025-03-11 18:00:00.0;1,00
BOM JESUS DO SUL;410315601A;PR;Centro;-26,19174;-53,60245;2025-03-11 18:10:00.0;0,60
BOM JESUS DO SUL;410315601A;PR;Centro;-26,19174;-53,60245;2025-03-11 18:20:00.0;0,60
BOM JESUS DO SUL;410315601A;PR;Centro;-26,19174;-53,60245;2025-03-11 18:30:00.0;0,40
BOM JESUS DO SUL;410315601A;PR;Centro;-26,19174;-53,60245;2025-03-11 18:40:00.0;1,00
BOM JESUS DO SUL;410315601A;PR;Centro;-26,19174;-53,60245;2025-03-11 18:50:00.0;1,00
BOM JESUS DO SUL;410315601A;PR;Centro;-26,19174;-53,60245;2025-03-11 19:00:00.0;0,40
BOM JESUS DO SUL;410315601A;PR;Centro;-26,19174;-53,60245;2025-03-11 19:10:00.0;0,80
BOM JESUS DO SUL;410315601A;PR;Centro;-26,19174;-53,60245;2025-03-11 19:20:00.0;1,60
BOM JESUS DO SUL;410315601A;PR;Centro;-26,19174;-53,60245;2025-03-11 19:30:00.0;0,80
BOM JESUS DO SUL;410315601A;PR;Centro;-26,19174;-53,60245;2025-03-11 19:40:00.0;1,00
BOM JESUS DO SUL;410315601A;PR;Centro;-26,19174;-53,60245;2025-03-11 19:50:00.0;0,60
BOM JESUS DO SUL;410315601A;PR;Centro;-26,19174;-53,60245;2025-03-11 20:00:00.0;0,40
BOM JESUS DO SUL;410315601A;PR;Centro;-26,19174;-53,60245;2025-03-11 20:10:00.0;0,20
BOM JESUS DO SUL;410315601A;PR;Centro;-26,19174;-53,60245;2025-03-11 21:00:00.0;0,20
BOM JESUS DO SUL;410315601A;PR;Centro;-26,19174;-53,60245;2025-03-11 21:10:00.0;0,00
BOM JESUS DO SUL;410315601A;PR;Centro;-26,19174;-53,60245;2025-03-11 22:10:00.0;0,00
BOM JESUS DO SUL;410315601A;PR;Centro;-26,19174;-53,60245;2025-03-11 23:10:00.0;0,00
BOM JESUS DO SUL;410315601A;PR;Centro;-26,19174;-53,60245;2025-03-12 00:10:00.0;0,00
BOM JESUS DO SUL;410315601A;PR;Centro;-26,19174;-53,60245;2025-03-12 01:10:00.0;0,00
BOM JESUS DO SUL;410315601A;PR;Centro;-26,19174;-53,60245;2025-03-12 02:10:00.0;0,00
BOM JESUS DO SUL;410315601A;PR;Centro;-26,19174;-53,60245;2025-03-12 03:10:00.0;0,00
BOM JESUS DO SUL;410315601A;PR;Centro;-26,19174;-53,60245;2025-03-12 04:10:00.0;0,00
BOM JESUS DO SUL;410315601A;PR;Centro;-26,19174;-53,60245;2025-03-12 05:10:00.0;0,00
BOM JESUS DO SUL;410315601A;PR;Centro;-26,19174;-53,60245;2025-03-12 06:10:00.0;0,00
BOM JESUS DO SUL;410315601A;PR;Centro;-26,19174;-53,60245;2025-03-12 07:10:00.0;0,00
BOM JESUS DO SUL;410315601A;PR;Centro;-26,19174;-53,60245;2025-03-12 08:10:00.0;0,00
BOM JESUS DO SUL;410315601A;PR;Centro;-26,19174;-53,60245;2025-03-12 09:10:00.0;0,00
BOM JESUS DO SUL;410315601A;PR;Centro;-26,19174;-53,60245;2025-03-12 10:10:00.0;0,00
BOM JESUS DO SUL;410315601A;PR;Centro;-26,19174;-53,60245;2025-03-12 11:10:00.0;0,00
BOM JESUS DO SUL;410315601A;PR;Centro;-26,19174;-53,60245;2025-03-12 12:10:00.0;0,00
BOM JESUS DO SUL;410315601A;PR;Centro;-26,19174;-53,60245;2025-03-12 13:00:00.0;0,20
BOM JESUS DO SUL;410315601A;PR;Centro;-26,19174;-53,60245;2025-03-12 13:10:00.0;0,00
BOM JESUS DO SUL;410315601A;PR;Centro;-26,19174;-53,60245;2025-03-12 14:10:00.0;0,00
BOM JESUS DO SUL;410315601A;PR;Centro;-26,19174;-53,60245;2025-03-12 15:10:00.0;0,00
BOM JESUS DO SUL;410315601A;PR;Centro;-26,19174;-53,60245;2025-03-12 16:10:00.0;0,00
BOM JESUS DO SUL;410315601A;PR;Centro;-26,19174;-53,60245;2025-03-12 17:10:00.0;0,00
BOM JESUS DO SUL;410315601A;PR;Centro;-26,19174;-53,60245;2025-03-12 18:10:00.0;0,00
BOM JESUS DO SUL;410315601A;PR;Centro;-26,19174;-53,60245;2025-03-12 19:10:00.0;0,00
BOM JESUS DO SUL;410315601A;PR;Centro;-26,19174;-53,60245;2025-03-12 20:10:00.0;0,00
BOM JESUS DO SUL;410315601A;PR;Centro;-26,19174;-53,60245;2025-03-12 21:10:00.0;0,00
BOM JESUS DO SUL;410315601A;PR;Centro;-26,19174;-53,60245;2025-03-12 22:10:00.0;0,00
BOM JESUS DO SUL;410315601A;PR;Centro;-26,19174;-53,60245;2025-03-12 23:10:00.0;0,00
BOM JESUS DO SUL;410315601A;PR;Centro;-26,19174;-53,60245;2025-03-13 00:10:00.0;0,00
BOM JESUS DO SUL;410315601A;PR;Centro;-26,19174;-53,60245;2025-03-13 01:10:00.0;0,00
BOM JESUS DO SUL;410315601A;PR;Centro;-26,19174;-53,60245;2025-03-13 02:10:00.0;0,00
BOM JESUS DO SUL;410315601A;PR;Centro;-26,19174;-53,60245;2025-03-13 03:10:00.0;0,00
BOM JESUS DO SUL;410315601A;PR;Centro;-26,19174;-53,60245;2025-03-13 04:10:00.0;0,00
BOM JESUS DO SUL;410315601A;PR;Centro;-26,19174;-53,60245;2025-03-13 05:10:00.0;0,00
BOM JESUS DO SUL;410315601A;PR;Centro;-26,19174;-53,60245;2025-03-13 06:10:00.0;0,00
BOM JESUS DO SUL;410315601A;PR;Centro;-26,19174;-53,60245;2025-03-13 07:10:00.0;0,00
BOM JESUS DO SUL;410315601A;PR;Centro;-26,19174;-53,60245;2025-03-13 08:10:00.0;0,00
BOM JESUS DO SUL;410315601A;PR;Centro;-26,19174;-53,60245;2025-03-13 09:10:00.0;0,00
BOM JESUS DO SUL;410315601A;PR;Centro;-26,19174;-53,60245;2025-03-13 10:10:00.0;0,00
BOM JESUS DO SUL;410315601A;PR;Centro;-26,19174;-53,60245;2025-03-13 11:10:00.0;0,00
BOM JESUS DO SUL;410315601A;PR;Centro;-26,19174;-53,60245;2025-03-13 12:10:00.0;0,00
BOM JESUS DO SUL;410315601A;PR;Centro;-26,19174;-53,60245;2025-03-13 13:10:00.0;0,00
BOM JESUS DO SUL;410315601A;PR;Centro;-26,19174;-53,60245;2025-03-13 14:10:00.0;0,00
BOM JESUS DO SUL;410315601A;PR;Centro;-26,19174;-53,60245;2025-03-13 15:10:00.0;0,00
BOM JESUS DO SUL;410315601A;PR;Centro;-26,19174;-53,60245;2025-03-13 16:10:00.0;0,00
BOM JESUS DO SUL;410315601A;PR;Centro;-26,19174;-53,60245;2025-03-13 17:10:00.0;0,00
BOM JESUS DO SUL;410315601A;PR;Centro;-26,19174;-53,60245;2025-03-13 18:10:00.0;0,00
BOM JESUS DO SUL;410315601A;PR;Centro;-26,19174;-53,60245;2025-03-13 19:10:00.0;0,00
BOM JESUS DO SUL;410315601A;PR;Centro;-26,19174;-53,60245;2025-03-13 20:10:00.0;0,00
BOM JESUS DO SUL;410315601A;PR;Centro;-26,19174;-53,60245;2025-03-13 21:10:00.0;0,00
BOM JESUS DO SUL;410315601A;PR;Centro;-26,19174;-53,60245;2025-03-13 22:10:00.0;0,00
BOM JESUS DO SUL;410315601A;PR;Centro;-26,19174;-53,60245;2025-03-13 23:10:00.0;0,00
BOM JESUS DO SUL;410315601A;PR;Centro;-26,19174;-53,60245;2025-03-14 00:10:00.0;0,00
BOM JESUS DO SUL;410315601A;PR;Centro;-26,19174;-53,60245;2025-03-14 01:10:00.0;0,00
BOM JESUS DO SUL;410315601A;PR;Centro;-26,19174;-53,60245;2025-03-14 02:10:00.0;0,00
BOM JESUS DO SUL;410315601A;PR;Centro;-26,19174;-53,60245;2025-03-14 03:10:00.0;0,00
BOM JESUS DO SUL;410315601A;PR;Centro;-26,19174;-53,60245;2025-03-14 04:10:00.0;0,00
BOM JESUS DO SUL;410315601A;PR;Centro;-26,19174;-53,60245;2025-03-14 05:10:00.0;0,00
BOM JESUS DO SUL;410315601A;PR;Centro;-26,19174;-53,60245;2025-03-14 06:10:00.0;0,00
BOM JESUS DO SUL;410315601A;PR;Centro;-26,19174;-53,60245;2025-03-14 07:10:00.0;0,00
BOM JESUS DO SUL;410315601A;PR;Centro;-26,19174;-53,60245;2025-03-14 08:10:00.0;0,00
BOM JESUS DO SUL;410315601A;PR;Centro;-26,19174;-53,60245;2025-03-14 09:10:00.0;0,00
BOM JESUS DO SUL;410315601A;PR;Centro;-26,19174;-53,60245;2025-03-14 10:10:00.0;0,00
BOM JESUS DO SUL;410315601A;PR;Centro;-26,19174;-53,60245;2025-03-14 11:10:00.0;0,00
BOM JESUS DO SUL;410315601A;PR;Centro;-26,19174;-53,60245;2025-03-14 12:10:00.0;0,00
BOM JESUS DO SUL;410315601A;PR;Centro;-26,19174;-53,60245;2025-03-14 13:10:00.0;0,00
BOM JESUS DO SUL;410315601A;PR;Centro;-26,19174;-53,60245;2025-03-14 14:10:00.0;0,00
BOM JESUS DO SUL;410315601A;PR;Centro;-26,19174;-53,60245;2025-03-14 15:10:00.0;0,00
BOM JESUS DO SUL;410315601A;PR;Centro;-26,19174;-53,60245;2025-03-14 16:10:00.0;0,00
BOM JESUS DO SUL;410315601A;PR;Centro;-26,19174;-53,60245;2025-03-14 17:10:00.0;0,00
BOM JESUS DO SUL;410315601A;PR;Centro;-26,19174;-53,60245;2025-03-14 18:10:00.0;0,00
BOM JESUS DO SUL;410315601A;PR;Centro;-26,19174;-53,60245;2025-03-14 19:10:00.0;0,00
BOM JESUS DO SUL;410315601A;PR;Centro;-26,19174;-53,60245;2025-03-14 20:10:00.0;0,00
BOM JESUS DO SUL;410315601A;PR;Centro;-26,19174;-53,60245;2025-03-14 21:10:00.0;0,00
BOM JESUS DO SUL;410315601A;PR;Centro;-26,19174;-53,60245;2025-03-14 22:10:00.0;0,00
BOM JESUS DO SUL;410315601A;PR;Centro;-26,19174;-53,60245;2025-03-14 23:10:00.0;0,00
BOM JESUS DO SUL;410315601A;PR;Centro;-26,19174;-53,60245;2025-03-15 00:10:00.0;0,00
BOM JESUS DO SUL;410315601A;PR;Centro;-26,19174;-53,60245;2025-03-15 01:10:00.0;0,00
BOM JESUS DO SUL;410315601A;PR;Centro;-26,19174;-53,60245;2025-03-15 02:10:00.0;0,00
BOM JESUS DO SUL;410315601A;PR;Centro;-26,19174;-53,60245;2025-03-15 03:10:00.0;0,00
BOM JESUS DO SUL;410315601A;PR;Centro;-26,19174;-53,60245;2025-03-15 04:10:00.0;0,00
BOM JESUS DO SUL;410315601A;PR;Centro;-26,19174;-53,60245;2025-03-15 05:10:00.0;0,00
BOM JESUS DO SUL;410315601A;PR;Centro;-26,19174;-53,60245;2025-03-15 06:10:00.0;0,00
BOM JESUS DO SUL;410315601A;PR;Centro;-26,19174;-53,60245;2025-03-15 07:10:00.0;0,00
BOM JESUS DO SUL;410315601A;PR;Centro;-26,19174;-53,60245;2025-03-15 08:10:00.0;0,00
BOM JESUS DO SUL;410315601A;PR;Centro;-26,19174;-53,60245;2025-03-15 09:10:00.0;0,00
BOM JESUS DO SUL;410315601A;PR;Centro;-26,19174;-53,60245;2025-03-15 10:10:00.0;0,00
BOM JESUS DO SUL;410315601A;PR;Centro;-26,19174;-53,60245;2025-03-15 10:30:00.0;0,20
BOM JESUS DO SUL;410315601A;PR;Centro;-26,19174;-53,60245;2025-03-15 10:40:00.0;0,20
BOM JESUS DO SUL;410315601A;PR;Centro;-26,19174;-53,60245;2025-03-15 10:50:00.0;0,20
BOM JESUS DO SUL;410315601A;PR;Centro;-26,19174;-53,60245;2025-03-15 11:00:00.0;0,20
BOM JESUS DO SUL;410315601A;PR;Centro;-26,19174;-53,60245;2025-03-15 11:10:00.0;0,00
BOM JESUS DO SUL;410315601A;PR;Centro;-26,19174;-53,60245;2025-03-15 12:10:00.0;0,00
BOM JESUS DO SUL;410315601A;PR;Centro;-26,19174;-53,60245;2025-03-15 12:20:00.0;0,40
BOM JESUS DO SUL;410315601A;PR;Centro;-26,19174;-53,60245;2025-03-15 13:10:00.0;0,00
BOM JESUS DO SUL;410315601A;PR;Centro;-26,19174;-53,60245;2025-03-15 14:10:00.0;0,00
BOM JESUS DO SUL;410315601A;PR;Centro;-26,19174;-53,60245;2025-03-15 15:10:00.0;0,00
BOM JESUS DO SUL;410315601A;PR;Centro;-26,19174;-53,60245;2025-03-15 16:10:00.0;0,00
BOM JESUS DO SUL;410315601A;PR;Centro;-26,19174;-53,60245;2025-03-15 17:10:00.0;0,00
BOM JESUS DO SUL;410315601A;PR;Centro;-26,19174;-53,60245;2025-03-15 18:10:00.0;0,00
BOM JESUS DO SUL;410315601A;PR;Centro;-26,19174;-53,60245;2025-03-15 19:10:00.0;0,00
BOM JESUS DO SUL;410315601A;PR;Centro;-26,19174;-53,60245;2025-03-15 20:10:00.0;0,00
BOM JESUS DO SUL;410315601A;PR;Centro;-26,19174;-53,60245;2025-03-15 21:10:00.0;0,00
BOM JESUS DO SUL;410315601A;PR;Centro;-26,19174;-53,60245;2025-03-15 22:10:00.0;0,00
BOM JESUS DO SUL;410315601A;PR;Centro;-26,19174;-53,60245;2025-03-15 23:10:00.0;0,00
BOM JESUS DO SUL;410315601A;PR;Centro;-26,19174;-53,60245;2025-03-16 00:10:00.0;0,00
BOM JESUS DO SUL;410315601A;PR;Centro;-26,19174;-53,60245;2025-03-16 01:10:00.0;0,00
BOM JESUS DO SUL;410315601A;PR;Centro;-26,19174;-53,60245;2025-03-16 02:10:00.0;0,00
BOM JESUS DO SUL;410315601A;PR;Centro;-26,19174;-53,60245;2025-03-16 03:10:00.0;0,00
BOM JESUS DO SUL;410315601A;PR;Centro;-26,19174;-53,60245;2025-03-16 04:10:00.0;0,00
BOM JESUS DO SUL;410315601A;PR;Centro;-26,19174;-53,60245;2025-03-16 05:10:00.0;0,00
BOM JESUS DO SUL;410315601A;PR;Centro;-26,19174;-53,60245;2025-03-16 06:10:00.0;0,00
BOM JESUS DO SUL;410315601A;PR;Centro;-26,19174;-53,60245;2025-03-16 07:10:00.0;0,00
BOM JESUS DO SUL;410315601A;PR;Centro;-26,19174;-53,60245;2025-03-16 08:10:00.0;0,00
BOM JESUS DO SUL;410315601A;PR;Centro;-26,19174;-53,60245;2025-03-16 09:10:00.0;0,00
BOM JESUS DO SUL;410315601A;PR;Centro;-26,19174;-53,60245;2025-03-16 10:10:00.0;0,00
BOM JESUS DO SUL;410315601A;PR;Centro;-26,19174;-53,60245;2025-03-16 11:10:00.0;0,00
BOM JESUS DO SUL;410315601A;PR;Centro;-26,19174;-53,60245;2025-03-16 12:10:00.0;0,00
BOM JESUS DO SUL;410315601A;PR;Centro;-26,19174;-53,60245;2025-03-16 13:10:00.0;0,00
BOM JESUS DO SUL;410315601A;PR;Centro;-26,19174;-53,60245;2025-03-16 14:10:00.0;0,00
BOM JESUS DO SUL;410315601A;PR;Centro;-26,19174;-53,60245;2025-03-16 15:10:00.0;0,00
BOM JESUS DO SUL;410315601A;PR;Centro;-26,19174;-53,60245;2025-03-16 16:10:00.0;0,00
BOM JESUS DO SUL;410315601A;PR;Centro;-26,19174;-53,60245;2025-03-16 17:10:00.0;0,00
BOM JESUS DO SUL;410315601A;PR;Centro;-26,19174;-53,60245;2025-03-16 18:10:00.0;0,00
BOM JESUS DO SUL;410315601A;PR;Centro;-26,19174;-53,60245;2025-03-16 19:10:00.0;0,00
BOM JESUS DO SUL;410315601A;PR;Centro;-26,19174;-53,60245;2025-03-16 20:10:00.0;0,00
BOM JESUS DO SUL;410315601A;PR;Centro;-26,19174;-53,60245;2025-03-16 21:10:00.0;0,00
BOM JESUS DO SUL;410315601A;PR;Centro;-26,19174;-53,60245;2025-03-16 22:10:00.0;0,00
BOM JESUS DO SUL;410315601A;PR;Centro;-26,19174;-53,60245;2025-03-16 23:10:00.0;0,00
BOM JESUS DO SUL;410315601A;PR;Centro;-26,19174;-53,60245;2025-03-17 00:10:00.0;0,00
BOM JESUS DO SUL;410315601A;PR;Centro;-26,19174;-53,60245;2025-03-17 01:10:00.0;0,00
BOM JESUS DO SUL;410315601A;PR;Centro;-26,19174;-53,60245;2025-03-17 02:10:00.0;0,00
BOM JESUS DO SUL;410315601A;PR;Centro;-26,19174;-53,60245;2025-03-17 03:10:00.0;0,00
BOM JESUS DO SUL;410315601A;PR;Centro;-26,19174;-53,60245;2025-03-17 04:10:00.0;0,00
BOM JESUS DO SUL;410315601A;PR;Centro;-26,19174;-53,60245;2025-03-17 05:10:00.0;0,00
BOM JESUS DO SUL;410315601A;PR;Centro;-26,19174;-53,60245;2025-03-17 06:10:00.0;0,00
BOM JESUS DO SUL;410315601A;PR;Centro;-26,19174;-53,60245;2025-03-17 07:10:00.0;0,00
BOM JESUS DO SUL;410315601A;PR;Centro;-26,19174;-53,60245;2025-03-17 08:10:00.0;0,00
BOM JESUS DO SUL;410315601A;PR;Centro;-26,19174;-53,60245;2025-03-17 09:10:00.0;0,00
BOM JESUS DO SUL;410315601A;PR;Centro;-26,19174;-53,60245;2025-03-17 10:10:00.0;0,00
BOM JESUS DO SUL;410315601A;PR;Centro;-26,19174;-53,60245;2025-03-17 11:10:00.0;0,00
BOM JESUS DO SUL;410315601A;PR;Centro;-26,19174;-53,60245;2025-03-17 12:10:00.0;0,00
BOM JESUS DO SUL;410315601A;PR;Centro;-26,19174;-53,60245;2025-03-17 13:10:00.0;0,00
BOM JESUS DO SUL;410315601A;PR;Centro;-26,19174;-53,60245;2025-03-17 14:10:00.0;0,00
BOM JESUS DO SUL;410315601A;PR;Centro;-26,19174;-53,60245;2025-03-17 15:10:00.0;0,00
BOM JESUS DO SUL;410315601A;PR;Centro;-26,19174;-53,60245;2025-03-17 16:10:00.0;0,00
BOM JESUS DO SUL;410315601A;PR;Centro;-26,19174;-53,60245;2025-03-17 17:10:00.0;0,00
BOM JESUS DO SUL;410315601A;PR;Centro;-26,19174;-53,60245;2025-03-17 18:10:00.0;0,00
BOM JESUS DO SUL;410315601A;PR;Centro;-26,19174;-53,60245;2025-03-17 19:10:00.0;0,00
BOM JESUS DO SUL;410315601A;PR;Centro;-26,19174;-53,60245;2025-03-17 20:10:00.0;0,00
BOM JESUS DO SUL;410315601A;PR;Centro;-26,19174;-53,60245;2025-03-17 21:10:00.0;0,00
BOM JESUS DO SUL;410315601A;PR;Centro;-26,19174;-53,60245;2025-03-17 22:10:00.0;0,00
BOM JESUS DO SUL;410315601A;PR;Centro;-26,19174;-53,60245;2025-03-17 23:10:00.0;0,00
BOM JESUS DO SUL;410315601A;PR;Centro;-26,19174;-53,60245;2025-03-18 00:10:00.0;0,00
BOM JESUS DO SUL;410315601A;PR;Centro;-26,19174;-53,60245;2025-03-18 01:10:00.0;0,00
BOM JESUS DO SUL;410315601A;PR;Centro;-26,19174;-53,60245;2025-03-18 02:10:00.0;0,00
BOM JESUS DO SUL;410315601A;PR;Centro;-26,19174;-53,60245;2025-03-18 03:10:00.0;0,00
BOM JESUS DO SUL;410315601A;PR;Centro;-26,19174;-53,60245;2025-03-18 04:10:00.0;0,00
BOM JESUS DO SUL;410315601A;PR;Centro;-26,19174;-53,60245;2025-03-18 05:10:00.0;0,00
BOM JESUS DO SUL;410315601A;PR;Centro;-26,19174;-53,60245;2025-03-18 06:10:00.0;0,00
BOM JESUS DO SUL;410315601A;PR;Centro;-26,19174;-53,60245;2025-03-18 07:10:00.0;0,00
BOM JESUS DO SUL;410315601A;PR;Centro;-26,19174;-53,60245;2025-03-18 08:10:00.0;0,00
BOM JESUS DO SUL;410315601A;PR;Centro;-26,19174;-53,60245;2025-03-18 09:10:00.0;0,00
BOM JESUS DO SUL;410315601A;PR;Centro;-26,19174;-53,60245;2025-03-18 10:10:00.0;0,00
BOM JESUS DO SUL;410315601A;PR;Centro;-26,19174;-53,60245;2025-03-18 11:10:00.0;0,00
BOM JESUS DO SUL;410315601A;PR;Centro;-26,19174;-53,60245;2025-03-18 12:10:00.0;0,00
BOM JESUS DO SUL;410315601A;PR;Centro;-26,19174;-53,60245;2025-03-18 13:10:00.0;0,00
BOM JESUS DO SUL;410315601A;PR;Centro;-26,19174;-53,60245;2025-03-18 14:10:00.0;0,00
BOM JESUS DO SUL;410315601A;PR;Centro;-26,19174;-53,60245;2025-03-18 15:10:00.0;0,00
BOM JESUS DO SUL;410315601A;PR;Centro;-26,19174;-53,60245;2025-03-18 16:10:00.0;0,00
BOM JESUS DO SUL;410315601A;PR;Centro;-26,19174;-53,60245;2025-03-18 17:10:00.0;0,00
BOM JESUS DO SUL;410315601A;PR;Centro;-26,19174;-53,60245;2025-03-18 18:10:00.0;0,00
BOM JESUS DO SUL;410315601A;PR;Centro;-26,19174;-53,60245;2025-03-18 19:10:00.0;0,00
BOM JESUS DO SUL;410315601A;PR;Centro;-26,19174;-53,60245;2025-03-18 20:10:00.0;0,00
BOM JESUS DO SUL;410315601A;PR;Centro;-26,19174;-53,60245;2025-03-18 21:10:00.0;0,00
BOM JESUS DO SUL;410315601A;PR;Centro;-26,19174;-53,60245;2025-03-18 22:10:00.0;0,00
BOM JESUS DO SUL;410315601A;PR;Centro;-26,19174;-53,60245;2025-03-18 23:10:00.0;0,00
BOM JESUS DO SUL;410315601A;PR;Centro;-26,19174;-53,60245;2025-03-19 00:10:00.0;0,00
BOM JESUS DO SUL;410315601A;PR;Centro;-26,19174;-53,60245;2025-03-19 01:10:00.0;0,00
BOM JESUS DO SUL;410315601A;PR;Centro;-26,19174;-53,60245;2025-03-19 02:10:00.0;0,00
BOM JESUS DO SUL;410315601A;PR;Centro;-26,19174;-53,60245;2025-03-19 03:10:00.0;0,00
BOM JESUS DO SUL;410315601A;PR;Centro;-26,19174;-53,60245;2025-03-19 04:10:00.0;0,00
BOM JESUS DO SUL;410315601A;PR;Centro;-26,19174;-53,60245;2025-03-19 05:10:00.0;0,00
BOM JESUS DO SUL;410315601A;PR;Centro;-26,19174;-53,60245;2025-03-19 06:10:00.0;0,00
BOM JESUS DO SUL;410315601A;PR;Centro;-26,19174;-53,60245;2025-03-19 07:10:00.0;0,00
BOM JESUS DO SUL;410315601A;PR;Centro;-26,19174;-53,60245;2025-03-19 08:10:00.0;0,00
BOM JESUS DO SUL;410315601A;PR;Centro;-26,19174;-53,60245;2025-03-19 09:10:00.0;0,00
BOM JESUS DO SUL;410315601A;PR;Centro;-26,19174;-53,60245;2025-03-19 10:10:00.0;0,00
BOM JESUS DO SUL;410315601A;PR;Centro;-26,19174;-53,60245;2025-03-19 11:10:00.0;0,00
BOM JESUS DO SUL;410315601A;PR;Centro;-26,19174;-53,60245;2025-03-19 12:10:00.0;0,00
BOM JESUS DO SUL;410315601A;PR;Centro;-26,19174;-53,60245;2025-03-19 13:10:00.0;0,00
BOM JESUS DO SUL;410315601A;PR;Centro;-26,19174;-53,60245;2025-03-19 14:10:00.0;0,00
BOM JESUS DO SUL;410315601A;PR;Centro;-26,19174;-53,60245;2025-03-19 15:10:00.0;0,00
BOM JESUS DO SUL;410315601A;PR;Centro;-26,19174;-53,60245;2025-03-19 16:10:00.0;0,00
BOM JESUS DO SUL;410315601A;PR;Centro;-26,19174;-53,60245;2025-03-19 17:10:00.0;0,00
BOM JESUS DO SUL;410315601A;PR;Centro;-26,19174;-53,60245;2025-03-19 18:10:00.0;0,00
BOM JESUS DO SUL;410315601A;PR;Centro;-26,19174;-53,60245;2025-03-19 19:10:00.0;0,00
BOM JESUS DO SUL;410315601A;PR;Centro;-26,19174;-53,60245;2025-03-19 20:10:00.0;0,00
BOM JESUS DO SUL;410315601A;PR;Centro;-26,19174;-53,60245;2025-03-19 21:10:00.0;0,00
BOM JESUS DO SUL;410315601A;PR;Centro;-26,19174;-53,60245;2025-03-19 22:10:00.0;0,00
BOM JESUS DO SUL;410315601A;PR;Centro;-26,19174;-53,60245;2025-03-19 23:10:00.0;0,00
BOM JESUS DO SUL;410315601A;PR;Centro;-26,19174;-53,60245;2025-03-20 00:10:00.0;0,00
BOM JESUS DO SUL;410315601A;PR;Centro;-26,19174;-53,60245;2025-03-20 01:10:00.0;0,00
BOM JESUS DO SUL;410315601A;PR;Centro;-26,19174;-53,60245;2025-03-20 02:10:00.0;0,00
BOM JESUS DO SUL;410315601A;PR;Centro;-26,19174;-53,60245;2025-03-20 03:10:00.0;0,00
BOM JESUS DO SUL;410315601A;PR;Centro;-26,19174;-53,60245;2025-03-20 04:30:00.0;0,00
BOM JESUS DO SUL;410315601A;PR;Centro;-26,19174;-53,60245;2025-03-20 05:10:00.0;0,00
BOM JESUS DO SUL;410315601A;PR;Centro;-26,19174;-53,60245;2025-03-20 06:10:00.0;0,00
BOM JESUS DO SUL;410315601A;PR;Centro;-26,19174;-53,60245;2025-03-20 07:10:00.0;0,00
BOM JESUS DO SUL;410315601A;PR;Centro;-26,19174;-53,60245;2025-03-20 08:10:00.0;0,00
BOM JESUS DO SUL;410315601A;PR;Centro;-26,19174;-53,60245;2025-03-20 09:10:00.0;0,00
BOM JESUS DO SUL;410315601A;PR;Centro;-26,19174;-53,60245;2025-03-20 10:10:00.0;0,00
BOM JESUS DO SUL;410315601A;PR;Centro;-26,19174;-53,60245;2025-03-20 11:10:00.0;0,00
BOM JESUS DO SUL;410315601A;PR;Centro;-26,19174;-53,60245;2025-03-20 12:10:00.0;0,00
BOM JESUS DO SUL;410315601A;PR;Centro;-26,19174;-53,60245;2025-03-20 13:10:00.0;0,00
BOM JESUS DO SUL;410315601A;PR;Centro;-26,19174;-53,60245;2025-03-20 14:10:00.0;0,00
BOM JESUS DO SUL;410315601A;PR;Centro;-26,19174;-53,60245;2025-03-20 15:10:00.0;0,00
BOM JESUS DO SUL;410315601A;PR;Centro;-26,19174;-53,60245;2025-03-20 16:10:00.0;0,00
BOM JESUS DO SUL;410315601A;PR;Centro;-26,19174;-53,60245;2025-03-20 17:10:00.0;0,00
BOM JESUS DO SUL;410315601A;PR;Centro;-26,19174;-53,60245;2025-03-20 18:10:00.0;0,00
BOM JESUS DO SUL;410315601A;PR;Centro;-26,19174;-53,60245;2025-03-20 19:10:00.0;0,00
BOM JESUS DO SUL;410315601A;PR;Centro;-26,19174;-53,60245;2025-03-20 20:10:00.0;0,00
BOM JESUS DO SUL;410315601A;PR;Centro;-26,19174;-53,60245;2025-03-20 21:10:00.0;0,00
BOM JESUS DO SUL;410315601A;PR;Centro;-26,19174;-53,60245;2025-03-20 22:10:00.0;0,00
BOM JESUS DO SUL;410315601A;PR;Centro;-26,19174;-53,60245;2025-03-20 23:10:00.0;0,00
BOM JESUS DO SUL;410315601A;PR;Centro;-26,19174;-53,60245;2025-03-21 00:10:00.0;0,00
BOM JESUS DO SUL;410315601A;PR;Centro;-26,19174;-53,60245;2025-03-21 01:10:00.0;0,00
BOM JESUS DO SUL;410315601A;PR;Centro;-26,19174;-53,60245;2025-03-21 02:10:00.0;0,00
BOM JESUS DO SUL;410315601A;PR;Centro;-26,19174;-53,60245;2025-03-21 03:10:00.0;0,00
BOM JESUS DO SUL;410315601A;PR;Centro;-26,19174;-53,60245;2025-03-21 04:10:00.0;0,00
BOM JESUS DO SUL;410315601A;PR;Centro;-26,19174;-53,60245;2025-03-21 05:10:00.0;0,00
BOM JESUS DO SUL;410315601A;PR;Centro;-26,19174;-53,60245;2025-03-21 06:10:00.0;0,00
BOM JESUS DO SUL;410315601A;PR;Centro;-26,19174;-53,60245;2025-03-21 07:10:00.0;0,00
BOM JESUS DO SUL;410315601A;PR;Centro;-26,19174;-53,60245;2025-03-21 08:10:00.0;0,00
BOM JESUS DO SUL;410315601A;PR;Centro;-26,19174;-53,60245;2025-03-21 09:10:00.0;0,00
BOM JESUS DO SUL;410315601A;PR;Centro;-26,19174;-53,60245;2025-03-21 10:10:00.0;0,00
BOM JESUS DO SUL;410315601A;PR;Centro;-26,19174;-53,60245;2025-03-21 11:10:00.0;0,00
BOM JESUS DO SUL;410315601A;PR;Centro;-26,19174;-53,60245;2025-03-21 12:10:00.0;0,00
BOM JESUS DO SUL;410315601A;PR;Centro;-26,19174;-53,60245;2025-03-21 13:10:00.0;0,00
BOM JESUS DO SUL;410315601A;PR;Centro;-26,19174;-53,60245;2025-03-21 14:10:00.0;0,00
BOM JESUS DO SUL;410315601A;PR;Centro;-26,19174;-53,60245;2025-03-21 15:10:00.0;0,00
BOM JESUS DO SUL;410315601A;PR;Centro;-26,19174;-53,60245;2025-03-21 16:10:00.0;0,00
BOM JESUS DO SUL;410315601A;PR;Centro;-26,19174;-53,60245;2025-03-21 17:10:00.0;0,00
BOM JESUS DO SUL;410315601A;PR;Centro;-26,19174;-53,60245;2025-03-21 18:10:00.0;0,00
BOM JESUS DO SUL;410315601A;PR;Centro;-26,19174;-53,60245;2025-03-21 19:10:00.0;0,00
BOM JESUS DO SUL;410315601A;PR;Centro;-26,19174;-53,60245;2025-03-21 20:10:00.0;0,00
BOM JESUS DO SUL;410315601A;PR;Centro;-26,19174;-53,60245;2025-03-21 21:10:00.0;0,00
BOM JESUS DO SUL;410315601A;PR;Centro;-26,19174;-53,60245;2025-03-21 22:10:00.0;0,00
BOM JESUS DO SUL;410315601A;PR;Centro;-26,19174;-53,60245;2025-03-21 23:10:00.0;0,00
BOM JESUS DO SUL;410315601A;PR;Centro;-26,19174;-53,60245;2025-03-22 00:10:00.0;0,00
BOM JESUS DO SUL;410315601A;PR;Centro;-26,19174;-53,60245;2025-03-22 01:10:00.0;0,00
BOM JESUS DO SUL;410315601A;PR;Centro;-26,19174;-53,60245;2025-03-22 02:10:00.0;0,00
BOM JESUS DO SUL;410315601A;PR;Centro;-26,19174;-53,60245;2025-03-22 03:10:00.0;0,00
BOM JESUS DO SUL;410315601A;PR;Centro;-26,19174;-53,60245;2025-03-22 04:10:00.0;0,00
BOM JESUS DO SUL;410315601A;PR;Centro;-26,19174;-53,60245;2025-03-22 05:10:00.0;0,00
BOM JESUS DO SUL;410315601A;PR;Centro;-26,19174;-53,60245;2025-03-22 06:10:00.0;0,00
BOM JESUS DO SUL;410315601A;PR;Centro;-26,19174;-53,60245;2025-03-22 07:10:00.0;0,00
BOM JESUS DO SUL;410315601A;PR;Centro;-26,19174;-53,60245;2025-03-22 08:10:00.0;0,00
BOM JESUS DO SUL;410315601A;PR;Centro;-26,19174;-53,60245;2025-03-22 09:10:00.0;0,00
BOM JESUS DO SUL;410315601A;PR;Centro;-26,19174;-53,60245;2025-03-22 10:10:00.0;0,00
BOM JESUS DO SUL;410315601A;PR;Centro;-26,19174;-53,60245;2025-03-22 11:10:00.0;0,00
BOM JESUS DO SUL;410315601A;PR;Centro;-26,19174;-53,60245;2025-03-22 12:10:00.0;0,00
BOM JESUS DO SUL;410315601A;PR;Centro;-26,19174;-53,60245;2025-03-22 13:10:00.0;0,00
BOM JESUS DO SUL;410315601A;PR;Centro;-26,19174;-53,60245;2025-03-22 14:10:00.0;0,00
BOM JESUS DO SUL;410315601A;PR;Centro;-26,19174;-53,60245;2025-03-22 15:10:00.0;0,00
BOM JESUS DO SUL;410315601A;PR;Centro;-26,19174;-53,60245;2025-03-22 16:10:00.0;0,00
BOM JESUS DO SUL;410315601A;PR;Centro;-26,19174;-53,60245;2025-03-22 17:10:00.0;0,00
BOM JESUS DO SUL;410315601A;PR;Centro;-26,19174;-53,60245;2025-03-22 18:10:00.0;0,00
BOM JESUS DO SUL;410315601A;PR;Centro;-26,19174;-53,60245;2025-03-22 19:10:00.0;0,00
BOM JESUS DO SUL;410315601A;PR;Centro;-26,19174;-53,60245;2025-03-22 20:10:00.0;0,00
BOM JESUS DO SUL;410315601A;PR;Centro;-26,19174;-53,60245;2025-03-22 21:10:00.0;0,00
BOM JESUS DO SUL;410315601A;PR;Centro;-26,19174;-53,60245;2025-03-22 22:10:00.0;0,00
BOM JESUS DO SUL;410315601A;PR;Centro;-26,19174;-53,60245;2025-03-22 23:10:00.0;0,00
BOM JESUS DO SUL;410315601A;PR;Centro;-26,19174;-53,60245;2025-03-23 00:10:00.0;0,00
BOM JESUS DO SUL;410315601A;PR;Centro;-26,19174;-53,60245;2025-03-23 01:10:00.0;0,00
BOM JESUS DO SUL;410315601A;PR;Centro;-26,19174;-53,60245;2025-03-23 02:10:00.0;0,00
BOM JESUS DO SUL;410315601A;PR;Centro;-26,19174;-53,60245;2025-03-23 03:10:00.0;0,00
BOM JESUS DO SUL;410315601A;PR;Centro;-26,19174;-53,60245;2025-03-23 04:10:00.0;0,00
BOM JESUS DO SUL;410315601A;PR;Centro;-26,19174;-53,60245;2025-03-23 05:10:00.0;0,00
BOM JESUS DO SUL;410315601A;PR;Centro;-26,19174;-53,60245;2025-03-23 06:10:00.0;0,00
BOM JESUS DO SUL;410315601A;PR;Centro;-26,19174;-53,60245;2025-03-23 07:10:00.0;0,00
BOM JESUS DO SUL;410315601A;PR;Centro;-26,19174;-53,60245;2025-03-23 08:10:00.0;0,00
BOM JESUS DO SUL;410315601A;PR;Centro;-26,19174;-53,60245;2025-03-23 09:10:00.0;0,00
BOM JESUS DO SUL;410315601A;PR;Centro;-26,19174;-53,60245;2025-03-23 10:10:00.0;0,00
BOM JESUS DO SUL;410315601A;PR;Centro;-26,19174;-53,60245;2025-03-23 11:10:00.0;0,00
BOM JESUS DO SUL;410315601A;PR;Centro;-26,19174;-53,60245;2025-03-23 12:10:00.0;0,00
BOM JESUS DO SUL;410315601A;PR;Centro;-26,19174;-53,60245;2025-03-23 13:10:00.0;0,00
BOM JESUS DO SUL;410315601A;PR;Centro;-26,19174;-53,60245;2025-03-23 14:10:00.0;0,00
BOM JESUS DO SUL;410315601A;PR;Centro;-26,19174;-53,60245;2025-03-23 15:10:00.0;0,00
BOM JESUS DO SUL;410315601A;PR;Centro;-26,19174;-53,60245;2025-03-23 16:10:00.0;0,00
BOM JESUS DO SUL;410315601A;PR;Centro;-26,19174;-53,60245;2025-03-23 17:10:00.0;0,00
BOM JESUS DO SUL;410315601A;PR;Centro;-26,19174;-53,60245;2025-03-23 18:10:00.0;0,00
BOM JESUS DO SUL;410315601A;PR;Centro;-26,19174;-53,60245;2025-03-23 19:10:00.0;0,00
BOM JESUS DO SUL;410315601A;PR;Centro;-26,19174;-53,60245;2025-03-23 20:10:00.0;0,00
BOM JESUS DO SUL;410315601A;PR;Centro;-26,19174;-53,60245;2025-03-23 21:10:00.0;0,00
BOM JESUS DO SUL;410315601A;PR;Centro;-26,19174;-53,60245;2025-03-23 22:10:00.0;0,00
BOM JESUS DO SUL;410315601A;PR;Centro;-26,19174;-53,60245;2025-03-23 23:10:00.0;0,00
BOM JESUS DO SUL;410315601A;PR;Centro;-26,19174;-53,60245;2025-03-24 00:10:00.0;0,00
BOM JESUS DO SUL;410315601A;PR;Centro;-26,19174;-53,60245;2025-03-24 01:10:00.0;0,00
BOM JESUS DO SUL;410315601A;PR;Centro;-26,19174;-53,60245;2025-03-24 02:10:00.0;0,00
BOM JESUS DO SUL;410315601A;PR;Centro;-26,19174;-53,60245;2025-03-24 03:10:00.0;0,00
BOM JESUS DO SUL;410315601A;PR;Centro;-26,19174;-53,60245;2025-03-24 04:10:00.0;0,00
BOM JESUS DO SUL;410315601A;PR;Centro;-26,19174;-53,60245;2025-03-24 05:10:00.0;0,00
BOM JESUS DO SUL;410315601A;PR;Centro;-26,19174;-53,60245;2025-03-24 06:10:00.0;0,00
BOM JESUS DO SUL;410315601A;PR;Centro;-26,19174;-53,60245;2025-03-24 07:10:00.0;0,00
BOM JESUS DO SUL;410315601A;PR;Centro;-26,19174;-53,60245;2025-03-24 08:10:00.0;0,00
BOM JESUS DO SUL;410315601A;PR;Centro;-26,19174;-53,60245;2025-03-24 09:10:00.0;0,00
BOM JESUS DO SUL;410315601A;PR;Centro;-26,19174;-53,60245;2025-03-24 10:10:00.0;0,00
BOM JESUS DO SUL;410315601A;PR;Centro;-26,19174;-53,60245;2025-03-24 11:10:00.0;0,00
BOM JESUS DO SUL;410315601A;PR;Centro;-26,19174;-53,60245;2025-03-24 12:10:00.0;0,00
BOM JESUS DO SUL;410315601A;PR;Centro;-26,19174;-53,60245;2025-03-24 13:10:00.0;0,00
BOM JESUS DO SUL;410315601A;PR;Centro;-26,19174;-53,60245;2025-03-24 14:10:00.0;0,00
BOM JESUS DO SUL;410315601A;PR;Centro;-26,19174;-53,60245;2025-03-24 15:10:00.0;0,00
BOM JESUS DO SUL;410315601A;PR;Centro;-26,19174;-53,60245;2025-03-24 16:10:00.0;0,00
BOM JESUS DO SUL;410315601A;PR;Centro;-26,19174;-53,60245;2025-03-24 17:10:00.0;0,00
BOM JESUS DO SUL;410315601A;PR;Centro;-26,19174;-53,60245;2025-03-24 18:10:00.0;0,00
BOM JESUS DO SUL;410315601A;PR;Centro;-26,19174;-53,60245;2025-03-24 19:10:00.0;0,00
BOM JESUS DO SUL;410315601A;PR;Centro;-26,19174;-53,60245;2025-03-24 20:10:00.0;0,00
BOM JESUS DO SUL;410315601A;PR;Centro;-26,19174;-53,60245;2025-03-24 21:10:00.0;0,00
BOM JESUS DO SUL;410315601A;PR;Centro;-26,19174;-53,60245;2025-03-24 22:10:00.0;0,00
BOM JESUS DO SUL;410315601A;PR;Centro;-26,19174;-53,60245;2025-03-24 23:10:00.0;0,00
BOM JESUS DO SUL;410315601A;PR;Centro;-26,19174;-53,60245;2025-03-25 00:10:00.0;0,00
BOM JESUS DO SUL;410315601A;PR;Centro;-26,19174;-53,60245;2025-03-25 01:10:00.0;0,00
BOM JESUS DO SUL;410315601A;PR;Centro;-26,19174;-53,60245;2025-03-25 02:10:00.0;0,00
BOM JESUS DO SUL;410315601A;PR;Centro;-26,19174;-53,60245;2025-03-25 03:10:00.0;0,00
BOM JESUS DO SUL;410315601A;PR;Centro;-26,19174;-53,60245;2025-03-25 04:10:00.0;0,00
BOM JESUS DO SUL;410315601A;PR;Centro;-26,19174;-53,60245;2025-03-25 05:10:00.0;0,00
BOM JESUS DO SUL;410315601A;PR;Centro;-26,19174;-53,60245;2025-03-25 06:10:00.0;0,00
BOM JESUS DO SUL;410315601A;PR;Centro;-26,19174;-53,60245;2025-03-25 07:10:00.0;0,00
BOM JESUS DO SUL;410315601A;PR;Centro;-26,19174;-53,60245;2025-03-25 08:10:00.0;0,00
BOM JESUS DO SUL;410315601A;PR;Centro;-26,19174;-53,60245;2025-03-25 09:10:00.0;0,00
BOM JESUS DO SUL;410315601A;PR;Centro;-26,19174;-53,60245;2025-03-25 10:10:00.0;0,00
BOM JESUS DO SUL;410315601A;PR;Centro;-26,19174;-53,60245;2025-03-25 11:10:00.0;0,00
BOM JESUS DO SUL;410315601A;PR;Centro;-26,19174;-53,60245;2025-03-25 12:10:00.0;0,00
BOM JESUS DO SUL;410315601A;PR;Centro;-26,19174;-53,60245;2025-03-25 13:10:00.0;0,00
BOM JESUS DO SUL;410315601A;PR;Centro;-26,19174;-53,60245;2025-03-25 14:10:00.0;0,00
BOM JESUS DO SUL;410315601A;PR;Centro;-26,19174;-53,60245;2025-03-25 15:10:00.0;0,00
BOM JESUS DO SUL;410315601A;PR;Centro;-26,19174;-53,60245;2025-03-25 16:10:00.0;0,00
BOM JESUS DO SUL;410315601A;PR;Centro;-26,19174;-53,60245;2025-03-25 17:10:00.0;0,00
BOM JESUS DO SUL;410315601A;PR;Centro;-26,19174;-53,60245;2025-03-25 20:00:00.0;0,00
BOM JESUS DO SUL;410315601A;PR;Centro;-26,19174;-53,60245;2025-03-25 20:10:00.0;0,00
BOM JESUS DO SUL;410315601A;PR;Centro;-26,19174;-53,60245;2025-03-25 20:30:00.0;0,20
BOM JESUS DO SUL;410315601A;PR;Centro;-26,19174;-53,60245;2025-03-25 20:40:00.0;0,60
BOM JESUS DO SUL;410315601A;PR;Centro;-26,19174;-53,60245;2025-03-25 20:50:00.0;2,60
BOM JESUS DO SUL;410315601A;PR;Centro;-26,19174;-53,60245;2025-03-25 21:00:00.0;2,20
BOM JESUS DO SUL;410315601A;PR;Centro;-26,19174;-53,60245;2025-03-25 21:10:00.0;3,00
BOM JESUS DO SUL;410315601A;PR;Centro;-26,19174;-53,60245;2025-03-25 21:20:00.0;2,40
BOM JESUS DO SUL;410315601A;PR;Centro;-26,19174;-53,60245;2025-03-25 21:30:00.0;1,00
BOM JESUS DO SUL;410315601A;PR;Centro;-26,19174;-53,60245;2025-03-25 21:40:00.0;0,40
BOM JESUS DO SUL;410315601A;PR;Centro;-26,19174;-53,60245;2025-03-25 21:50:00.0;0,20
BOM JESUS DO SUL;410315601A;PR;Centro;-26,19174;-53,60245;2025-03-25 22:10:00.0;0,00
BOM JESUS DO SUL;410315601A;PR;Centro;-26,19174;-53,60245;2025-03-25 23:10:00.0;0,00
BOM JESUS DO SUL;410315601A;PR;Centro;-26,19174;-53,60245;2025-03-26 00:10:00.0;0,00
BOM JESUS DO SUL;410315601A;PR;Centro;-26,19174;-53,60245;2025-03-26 01:10:00.0;0,00
BOM JESUS DO SUL;410315601A;PR;Centro;-26,19174;-53,60245;2025-03-26 02:10:00.0;0,00
BOM JESUS DO SUL;410315601A;PR;Centro;-26,19174;-53,60245;2025-03-26 03:10:00.0;0,00
BOM JESUS DO SUL;410315601A;PR;Centro;-26,19174;-53,60245;2025-03-26 04:10:00.0;0,00
BOM JESUS DO SUL;410315601A;PR;Centro;-26,19174;-53,60245;2025-03-26 05:10:00.0;0,00
BOM JESUS DO SUL;410315601A;PR;Centro;-26,19174;-53,60245;2025-03-26 06:10:00.0;0,00
BOM JESUS DO SUL;410315601A;PR;Centro;-26,19174;-53,60245;2025-03-26 07:10:00.0;0,00
BOM JESUS DO SUL;410315601A;PR;Centro;-26,19174;-53,60245;2025-03-26 08:10:00.0;0,00
BOM JESUS DO SUL;410315601A;PR;Centro;-26,19174;-53,60245;2025-03-26 09:10:00.0;0,00
BOM JESUS DO SUL;410315601A;PR;Centro;-26,19174;-53,60245;2025-03-26 10:10:00.0;0,00
BOM JESUS DO SUL;410315601A;PR;Centro;-26,19174;-53,60245;2025-03-26 11:10:00.0;0,00
BOM JESUS DO SUL;410315601A;PR;Centro;-26,19174;-53,60245;2025-03-26 12:10:00.0;0,00
BOM JESUS DO SUL;410315601A;PR;Centro;-26,19174;-53,60245;2025-03-26 13:10:00.0;0,00
BOM JESUS DO SUL;410315601A;PR;Centro;-26,19174;-53,60245;2025-03-26 14:10:00.0;0,00
BOM JESUS DO SUL;410315601A;PR;Centro;-26,19174;-53,60245;2025-03-26 15:10:00.0;0,00
BOM JESUS DO SUL;410315601A;PR;Centro;-26,19174;-53,60245;2025-03-26 15:30:00.0;0,20
BOM JESUS DO SUL;410315601A;PR;Centro;-26,19174;-53,60245;2025-03-26 16:10:00.0;0,00
BOM JESUS DO SUL;410315601A;PR;Centro;-26,19174;-53,60245;2025-03-26 17:10:00.0;0,00
BOM JESUS DO SUL;410315601A;PR;Centro;-26,19174;-53,60245;2025-03-26 18:10:00.0;0,00
BOM JESUS DO SUL;410315601A;PR;Centro;-26,19174;-53,60245;2025-03-26 19:10:00.0;0,00
BOM JESUS DO SUL;410315601A;PR;Centro;-26,19174;-53,60245;2025-03-26 20:10:00.0;0,00
BOM JESUS DO SUL;410315601A;PR;Centro;-26,19174;-53,60245;2025-03-26 21:10:00.0;0,00
BOM JESUS DO SUL;410315601A;PR;Centro;-26,19174;-53,60245;2025-03-26 22:10:00.0;0,00
BOM JESUS DO SUL;410315601A;PR;Centro;-26,19174;-53,60245;2025-03-26 23:10:00.0;0,00
BOM JESUS DO SUL;410315601A;PR;Centro;-26,19174;-53,60245;2025-03-27 00:10:00.0;0,00
BOM JESUS DO SUL;410315601A;PR;Centro;-26,19174;-53,60245;2025-03-27 01:10:00.0;0,00
BOM JESUS DO SUL;410315601A;PR;Centro;-26,19174;-53,60245;2025-03-27 02:10:00.0;0,00
BOM JESUS DO SUL;410315601A;PR;Centro;-26,19174;-53,60245;2025-03-27 03:10:00.0;0,00
BOM JESUS DO SUL;410315601A;PR;Centro;-26,19174;-53,60245;2025-03-27 04:10:00.0;0,00
BOM JESUS DO SUL;410315601A;PR;Centro;-26,19174;-53,60245;2025-03-27 05:10:00.0;0,00
BOM JESUS DO SUL;410315601A;PR;Centro;-26,19174;-53,60245;2025-03-27 06:10:00.0;0,00
BOM JESUS DO SUL;410315601A;PR;Centro;-26,19174;-53,60245;2025-03-27 07:10:00.0;0,00
BOM JESUS DO SUL;410315601A;PR;Centro;-26,19174;-53,60245;2025-03-27 08:10:00.0;0,00
BOM JESUS DO SUL;410315601A;PR;Centro;-26,19174;-53,60245;2025-03-27 09:10:00.0;0,00
BOM JESUS DO SUL;410315601A;PR;Centro;-26,19174;-53,60245;2025-03-27 10:10:00.0;0,00
BOM JESUS DO SUL;410315601A;PR;Centro;-26,19174;-53,60245;2025-03-27 11:10:00.0;0,00
BOM JESUS DO SUL;410315601A;PR;Centro;-26,19174;-53,60245;2025-03-27 12:10:00.0;0,00
BOM JESUS DO SUL;410315601A;PR;Centro;-26,19174;-53,60245;2025-03-27 13:10:00.0;0,00
BOM JESUS DO SUL;410315601A;PR;Centro;-26,19174;-53,60245;2025-03-27 14:10:00.0;0,00
BOM JESUS DO SUL;410315601A;PR;Centro;-26,19174;-53,60245;2025-03-27 15:10:00.0;0,00
BOM JESUS DO SUL;410315601A;PR;Centro;-26,19174;-53,60245;2025-03-27 16:10:00.0;0,00
BOM JESUS DO SUL;410315601A;PR;Centro;-26,19174;-53,60245;2025-03-27 17:10:00.0;0,00
BOM JESUS DO SUL;410315601A;PR;Centro;-26,19174;-53,60245;2025-03-27 18:10:00.0;0,00
BOM JESUS DO SUL;410315601A;PR;Centro;-26,19174;-53,60245;2025-03-27 19:10:00.0;0,00
BOM JESUS DO SUL;410315601A;PR;Centro;-26,19174;-53,60245;2025-03-27 20:10:00.0;0,00
BOM JESUS DO SUL;410315601A;PR;Centro;-26,19174;-53,60245;2025-03-27 21:10:00.0;0,00
BOM JESUS DO SUL;410315601A;PR;Centro;-26,19174;-53,60245;2025-03-27 22:10:00.0;0,00
BOM JESUS DO SUL;410315601A;PR;Centro;-26,19174;-53,60245;2025-03-27 23:10:00.0;0,00
BOM JESUS DO SUL;410315601A;PR;Centro;-26,19174;-53,60245;2025-03-28 00:10:00.0;0,00
BOM JESUS DO SUL;410315601A;PR;Centro;-26,19174;-53,60245;2025-03-28 01:10:00.0;0,40
BOM JESUS DO SUL;410315601A;PR;Centro;-26,19174;-53,60245;2025-03-28 01:20:00.0;1,00
BOM JESUS DO SUL;410315601A;PR;Centro;-26,19174;-53,60245;2025-03-28 01:30:00.0;0,80
BOM JESUS DO SUL;410315601A;PR;Centro;-26,19174;-53,60245;2025-03-28 01:40:00.0;3,00
BOM JESUS DO SUL;410315601A;PR;Centro;-26,19174;-53,60245;2025-03-28 01:50:00.0;5,00
BOM JESUS DO SUL;410315601A;PR;Centro;-26,19174;-53,60245;2025-03-28 02:00:00.0;1,80
BOM JESUS DO SUL;410315601A;PR;Centro;-26,19174;-53,60245;2025-03-28 02:10:00.0;0,40
BOM JESUS DO SUL;410315601A;PR;Centro;-26,19174;-53,60245;2025-03-28 02:20:00.0;0,60
BOM JESUS DO SUL;410315601A;PR;Centro;-26,19174;-53,60245;2025-03-28 02:30:00.0;0,40
BOM JESUS DO SUL;410315601A;PR;Centro;-26,19174;-53,60245;2025-03-28 02:40:00.0;1,00
BOM JESUS DO SUL;410315601A;PR;Centro;-26,19174;-53,60245;2025-03-28 02:50:00.0;0,20
BOM JESUS DO SUL;410315601A;PR;Centro;-26,19174;-53,60245;2025-03-28 03:00:00.0;0,60
BOM JESUS DO SUL;410315601A;PR;Centro;-26,19174;-53,60245;2025-03-28 03:10:00.0;0,40
BOM JESUS DO SUL;410315601A;PR;Centro;-26,19174;-53,60245;2025-03-28 03:20:00.0;0,60
BOM JESUS DO SUL;410315601A;PR;Centro;-26,19174;-53,60245;2025-03-28 03:30:00.0;0,20
BOM JESUS DO SUL;410315601A;PR;Centro;-26,19174;-53,60245;2025-03-28 04:10:00.0;0,00
BOM JESUS DO SUL;410315601A;PR;Centro;-26,19174;-53,60245;2025-03-28 05:10:00.0;0,00
BOM JESUS DO SUL;410315601A;PR;Centro;-26,19174;-53,60245;2025-03-28 05:40:00.0;0,20
BOM JESUS DO SUL;410315601A;PR;Centro;-26,19174;-53,60245;2025-03-28 06:10:00.0;0,00
BOM JESUS DO SUL;410315601A;PR;Centro;-26,19174;-53,60245;2025-03-28 07:10:00.0;0,00
BOM JESUS DO SUL;410315601A;PR;Centro;-26,19174;-53,60245;2025-03-28 08:10:00.0;0,00
BOM JESUS DO SUL;410315601A;PR;Centro;-26,19174;-53,60245;2025-03-28 09:10:00.0;0,00
BOM JESUS DO SUL;410315601A;PR;Centro;-26,19174;-53,60245;2025-03-28 10:10:00.0;0,00
BOM JESUS DO SUL;410315601A;PR;Centro;-26,19174;-53,60245;2025-03-28 11:10:00.0;0,00
BOM JESUS DO SUL;410315601A;PR;Centro;-26,19174;-53,60245;2025-03-28 12:10:00.0;0,00
BOM JESUS DO SUL;410315601A;PR;Centro;-26,19174;-53,60245;2025-03-28 13:10:00.0;0,00
BOM JESUS DO SUL;410315601A;PR;Centro;-26,19174;-53,60245;2025-03-28 14:10:00.0;0,00
BOM JESUS DO SUL;410315601A;PR;Centro;-26,19174;-53,60245;2025-03-28 15:10:00.0;0,00
BOM JESUS DO SUL;410315601A;PR;Centro;-26,19174;-53,60245;2025-03-28 16:10:00.0;0,00
BOM JESUS DO SUL;410315601A;PR;Centro;-26,19174;-53,60245;2025-03-28 17:10:00.0;0,00
BOM JESUS DO SUL;410315601A;PR;Centro;-26,19174;-53,60245;2025-03-28 18:10:00.0;0,00
BOM JESUS DO SUL;410315601A;PR;Centro;-26,19174;-53,60245;2025-03-28 19:10:00.0;0,00
BOM JESUS DO SUL;410315601A;PR;Centro;-26,19174;-53,60245;2025-03-28 20:10:00.0;0,00
BOM JESUS DO SUL;410315601A;PR;Centro;-26,19174;-53,60245;2025-03-28 21:10:00.0;0,00
BOM JESUS DO SUL;410315601A;PR;Centro;-26,19174;-53,60245;2025-03-28 22:10:00.0;0,00
BOM JESUS DO SUL;410315601A;PR;Centro;-26,19174;-53,60245;2025-03-28 23:10:00.0;0,00
BOM JESUS DO SUL;410315601A;PR;Centro;-26,19174;-53,60245;2025-03-29 00:10:00.0;0,00
BOM JESUS DO SUL;410315601A;PR;Centro;-26,19174;-53,60245;2025-03-29 01:10:00.0;0,00
BOM JESUS DO SUL;410315601A;PR;Centro;-26,19174;-53,60245;2025-03-29 02:10:00.0;0,00
BOM JESUS DO SUL;410315601A;PR;Centro;-26,19174;-53,60245;2025-03-29 03:10:00.0;0,00
BOM JESUS DO SUL;410315601A;PR;Centro;-26,19174;-53,60245;2025-03-29 04:10:00.0;0,00
BOM JESUS DO SUL;410315601A;PR;Centro;-26,19174;-53,60245;2025-03-29 05:10:00.0;0,00
BOM JESUS DO SUL;410315601A;PR;Centro;-26,19174;-53,60245;2025-03-29 06:10:00.0;0,00
BOM JESUS DO SUL;410315601A;PR;Centro;-26,19174;-53,60245;2025-03-29 07:10:00.0;0,00
BOM JESUS DO SUL;410315601A;PR;Centro;-26,19174;-53,60245;2025-03-29 08:10:00.0;0,00
BOM JESUS DO SUL;410315601A;PR;Centro;-26,19174;-53,60245;2025-03-29 09:10:00.0;0,00
BOM JESUS DO SUL;410315601A;PR;Centro;-26,19174;-53,60245;2025-03-29 10:10:00.0;0,00
BOM JESUS DO SUL;410315601A;PR;Centro;-26,19174;-53,60245;2025-03-29 11:10:00.0;0,00
BOM JESUS DO SUL;410315601A;PR;Centro;-26,19174;-53,60245;2025-03-29 12:10:00.0;0,00
BOM JESUS DO SUL;410315601A;PR;Centro;-26,19174;-53,60245;2025-03-29 13:10:00.0;0,00
BOM JESUS DO SUL;410315601A;PR;Centro;-26,19174;-53,60245;2025-03-29 14:10:00.0;0,00
BOM JESUS DO SUL;410315601A;PR;Centro;-26,19174;-53,60245;2025-03-29 15:10:00.0;0,00
BOM JESUS DO SUL;410315601A;PR;Centro;-26,19174;-53,60245;2025-03-29 16:10:00.0;0,00
BOM JESUS DO SUL;410315601A;PR;Centro;-26,19174;-53,60245;2025-03-29 17:10:00.0;0,00
BOM JESUS DO SUL;410315601A;PR;Centro;-26,19174;-53,60245;2025-03-29 18:10:00.0;0,00
BOM JESUS DO SUL;410315601A;PR;Centro;-26,19174;-53,60245;2025-03-29 19:10:00.0;0,00
BOM JESUS DO SUL;410315601A;PR;Centro;-26,19174;-53,60245;2025-03-29 20:10:00.0;0,00
BOM JESUS DO SUL;410315601A;PR;Centro;-26,19174;-53,60245;2025-03-29 21:10:00.0;0,00
BOM JESUS DO SUL;410315601A;PR;Centro;-26,19174;-53,60245;2025-03-29 22:10:00.0;0,00
BOM JESUS DO SUL;410315601A;PR;Centro;-26,19174;-53,60245;2025-03-29 23:10:00.0;0,00
BOM JESUS DO SUL;410315601A;PR;Centro;-26,19174;-53,60245;2025-03-30 00:10:00.0;0,00
BOM JESUS DO SUL;410315601A;PR;Centro;-26,19174;-53,60245;2025-03-30 01:10:00.0;0,00
BOM JESUS DO SUL;410315601A;PR;Centro;-26,19174;-53,60245;2025-03-30 02:10:00.0;0,00
BOM JESUS DO SUL;410315601A;PR;Centro;-26,19174;-53,60245;2025-03-30 03:10:00.0;0,00
BOM JESUS DO SUL;410315601A;PR;Centro;-26,19174;-53,60245;2025-03-30 04:10:00.0;0,00
BOM JESUS DO SUL;410315601A;PR;Centro;-26,19174;-53,60245;2025-03-30 05:10:00.0;0,00
BOM JESUS DO SUL;410315601A;PR;Centro;-26,19174;-53,60245;2025-03-30 06:10:00.0;0,00
BOM JESUS DO SUL;410315601A;PR;Centro;-26,19174;-53,60245;2025-03-30 07:10:00.0;0,00
BOM JESUS DO SUL;410315601A;PR;Centro;-26,19174;-53,60245;2025-03-30 08:10:00.0;0,00
BOM JESUS DO SUL;410315601A;PR;Centro;-26,19174;-53,60245;2025-03-30 09:10:00.0;0,00
BOM JESUS DO SUL;410315601A;PR;Centro;-26,19174;-53,60245;2025-03-30 10:10:00.0;0,00
BOM JESUS DO SUL;410315601A;PR;Centro;-26,19174;-53,60245;2025-03-30 11:10:00.0;0,00
BOM JESUS DO SUL;410315601A;PR;Centro;-26,19174;-53,60245;2025-03-30 12:10:00.0;0,00
BOM JESUS DO SUL;410315601A;PR;Centro;-26,19174;-53,60245;2025-03-30 13:10:00.0;0,00
BOM JESUS DO SUL;410315601A;PR;Centro;-26,19174;-53,60245;2025-03-30 14:10:00.0;0,00
BOM JESUS DO SUL;410315601A;PR;Centro;-26,19174;-53,60245;2025-03-30 15:10:00.0;0,00
BOM JESUS DO SUL;410315601A;PR;Centro;-26,19174;-53,60245;2025-03-30 16:10:00.0;0,00
BOM JESUS DO SUL;410315601A;PR;Centro;-26,19174;-53,60245;2025-03-30 17:10:00.0;0,00
BOM JESUS DO SUL;410315601A;PR;Centro;-26,19174;-53,60245;2025-03-30 18:10:00.0;0,00
BOM JESUS DO SUL;410315601A;PR;Centro;-26,19174;-53,60245;2025-03-30 19:10:00.0;0,00
BOM JESUS DO SUL;410315601A;PR;Centro;-26,19174;-53,60245;2025-03-30 20:10:00.0;0,00
BOM JESUS DO SUL;410315601A;PR;Centro;-26,19174;-53,60245;2025-03-30 21:10:00.0;0,00
BOM JESUS DO SUL;410315601A;PR;Centro;-26,19174;-53,60245;2025-03-30 22:10:00.0;0,00
BOM JESUS DO SUL;410315601A;PR;Centro;-26,19174;-53,60245;2025-03-30 23:10:00.0;0,00
BOM JESUS DO SUL;410315601A;PR;Centro;-26,19174;-53,60245;2025-03-31 00:10:00.0;0,00
BOM JESUS DO SUL;410315601A;PR;Centro;-26,19174;-53,60245;2025-03-31 01:10:00.0;0,00
BOM JESUS DO SUL;410315601A;PR;Centro;-26,19174;-53,60245;2025-03-31 02:10:00.0;0,00
BOM JESUS DO SUL;410315601A;PR;Centro;-26,19174;-53,60245;2025-03-31 03:10:00.0;0,00
BOM JESUS DO SUL;410315601A;PR;Centro;-26,19174;-53,60245;2025-03-31 05:00:00.0;0,00
BOM JESUS DO SUL;410315601A;PR;Centro;-26,19174;-53,60245;2025-03-31 05:10:00.0;0,00
BOM JESUS DO SUL;410315601A;PR;Centro;-26,19174;-53,60245;2025-03-31 07:00:00.0;0,00
BOM JESUS DO SUL;410315601A;PR;Centro;-26,19174;-53,60245;2025-03-31 07:10:00.0;0,00
BOM JESUS DO SUL;410315601A;PR;Centro;-26,19174;-53,60245;2025-03-31 08:10:00.0;0,00
BOM JESUS DO SUL;410315601A;PR;Centro;-26,19174;-53,60245;2025-03-31 09:10:00.0;0,00
BOM JESUS DO SUL;410315601A;PR;Centro;-26,19174;-53,60245;2025-03-31 10:10:00.0;0,00
BOM JESUS DO SUL;410315601A;PR;Centro;-26,19174;-53,60245;2025-03-31 11:10:00.0;0,00
BOM JESUS DO SUL;410315601A;PR;Centro;-26,19174;-53,60245;2025-03-31 12:10:00.0;0,00
BOM JESUS DO SUL;410315601A;PR;Centro;-26,19174;-53,60245;2025-03-31 14:20:00.0;0,00
BOM JESUS DO SUL;410315601A;PR;Centro;-26,19174;-53,60245;2025-03-31 15:10:00.0;0,00
BOM JESUS DO SUL;410315601A;PR;Centro;-26,19174;-53,60245;2025-03-31 16:10:00.0;0,00
BOM JESUS DO SUL;410315601A;PR;Centro;-26,19174;-53,60245;2025-03-31 17:10:00.0;0,00
BOM JESUS DO SUL;410315601A;PR;Centro;-26,19174;-53,60245;2025-03-31 17:20:00.0;1,80
BOM JESUS DO SUL;410315601A;PR;Centro;-26,19174;-53,60245;2025-03-31 17:30:00.0;2,20
BOM JESUS DO SUL;410315601A;PR;Centro;-26,19174;-53,60245;2025-03-31 18:10:00.0;0,00
BOM JESUS DO SUL;410315601A;PR;Centro;-26,19174;-53,60245;2025-03-31 19:10:00.0;0,00
BOM JESUS DO SUL;410315601A;PR;Centro;-26,19174;-53,60245;2025-03-31 20:10:00.0;0,00
BOM JESUS DO SUL;410315601A;PR;Centro;-26,19174;-53,60245;2025-03-31 21:10:00.0;0,00
BOM JESUS DO SUL;410315601A;PR;Centro;-26,19174;-53,60245;2025-03-31 22:10:00.0;0,00
BOM JESUS DO SUL;410315601A;PR;Centro;-26,19174;-53,60245;2025-03-31 23:10:00.0;0,00
BORRAZÓPOLIS;410330501A;PR;Borrazopolis I;-23,942;-51,59;2025-03-01 00:00:00.0;0,00
BORRAZÓPOLIS;410330501A;PR;Borrazopolis I;-23,942;-51,59;2025-03-01 01:00:00.0;0,00
BORRAZÓPOLIS;410330501A;PR;Borrazopolis I;-23,942;-51,59;2025-03-01 02:00:00.0;0,00
BORRAZÓPOLIS;410330501A;PR;Borrazopolis I;-23,942;-51,59;2025-03-01 03:00:00.0;0,00
BORRAZÓPOLIS;410330501A;PR;Borrazopolis I;-23,942;-51,59;2025-03-01 04:00:00.0;0,00
BORRAZÓPOLIS;410330501A;PR;Borrazopolis I;-23,942;-51,59;2025-03-01 05:00:00.0;0,00
BORRAZÓPOLIS;410330501A;PR;Borrazopolis I;-23,942;-51,59;2025-03-01 06:00:00.0;0,00
BORRAZÓPOLIS;410330501A;PR;Borrazopolis I;-23,942;-51,59;2025-03-01 07:00:00.0;0,00
BORRAZÓPOLIS;410330501A;PR;Borrazopolis I;-23,942;-51,59;2025-03-01 08:00:00.0;0,00
BORRAZÓPOLIS;410330501A;PR;Borrazopolis I;-23,942;-51,59;2025-03-01 09:00:00.0;0,00
BORRAZÓPOLIS;410330501A;PR;Borrazopolis I;-23,942;-51,59;2025-03-01 10:00:00.0;0,00
BORRAZÓPOLIS;410330501A;PR;Borrazopolis I;-23,942;-51,59;2025-03-01 11:00:00.0;0,00
BORRAZÓPOLIS;410330501A;PR;Borrazopolis I;-23,942;-51,59;2025-03-01 12:00:00.0;0,00
BORRAZÓPOLIS;410330501A;PR;Borrazopolis I;-23,942;-51,59;2025-03-01 13:00:00.0;0,00
BORRAZÓPOLIS;410330501A;PR;Borrazopolis I;-23,942;-51,59;2025-03-01 14:00:00.0;0,00
BORRAZÓPOLIS;410330501A;PR;Borrazopolis I;-23,942;-51,59;2025-03-01 15:00:00.0;0,00
BORRAZÓPOLIS;410330501A;PR;Borrazopolis I;-23,942;-51,59;2025-03-01 16:00:00.0;0,00
BORRAZÓPOLIS;410330501A;PR;Borrazopolis I;-23,942;-51,59;2025-03-01 17:00:00.0;0,00
BORRAZÓPOLIS;410330501A;PR;Borrazopolis I;-23,942;-51,59;2025-03-01 18:00:00.0;0,00
BORRAZÓPOLIS;410330501A;PR;Borrazopolis I;-23,942;-51,59;2025-03-01 19:00:00.0;0,00
BORRAZÓPOLIS;410330501A;PR;Borrazopolis I;-23,942;-51,59;2025-03-01 20:00:00.0;0,00
BORRAZÓPOLIS;410330501A;PR;Borrazopolis I;-23,942;-51,59;2025-03-01 21:00:00.0;0,00
BORRAZÓPOLIS;410330501A;PR;Borrazopolis I;-23,942;-51,59;2025-03-01 22:00:00.0;0,00
BORRAZÓPOLIS;410330501A;PR;Borrazopolis I;-23,942;-51,59;2025-03-01 23:00:00.0;0,00
BORRAZÓPOLIS;410330501A;PR;Borrazopolis I;-23,942;-51,59;2025-03-02 00:00:00.0;0,00
BORRAZÓPOLIS;410330501A;PR;Borrazopolis I;-23,942;-51,59;2025-03-02 01:00:00.0;0,00
BORRAZÓPOLIS;410330501A;PR;Borrazopolis I;-23,942;-51,59;2025-03-02 02:00:00.0;0,00
BORRAZÓPOLIS;410330501A;PR;Borrazopolis I;-23,942;-51,59;2025-03-02 03:00:00.0;0,00
BORRAZÓPOLIS;410330501A;PR;Borrazopolis I;-23,942;-51,59;2025-03-02 04:00:00.0;0,00
BORRAZÓPOLIS;410330501A;PR;Borrazopolis I;-23,942;-51,59;2025-03-02 05:00:00.0;0,00
BORRAZÓPOLIS;410330501A;PR;Borrazopolis I;-23,942;-51,59;2025-03-02 06:00:00.0;0,00
BORRAZÓPOLIS;410330501A;PR;Borrazopolis I;-23,942;-51,59;2025-03-02 07:00:00.0;0,00
BORRAZÓPOLIS;410330501A;PR;Borrazopolis I;-23,942;-51,59;2025-03-02 08:00:00.0;0,00
BORRAZÓPOLIS;410330501A;PR;Borrazopolis I;-23,942;-51,59;2025-03-02 09:00:00.0;0,00
BORRAZÓPOLIS;410330501A;PR;Borrazopolis I;-23,942;-51,59;2025-03-02 10:00:00.0;0,00
BORRAZÓPOLIS;410330501A;PR;Borrazopolis I;-23,942;-51,59;2025-03-02 11:00:00.0;0,00
BORRAZÓPOLIS;410330501A;PR;Borrazopolis I;-23,942;-51,59;2025-03-02 12:00:00.0;0,00
BORRAZÓPOLIS;410330501A;PR;Borrazopolis I;-23,942;-51,59;2025-03-02 13:00:00.0;0,00
BORRAZÓPOLIS;410330501A;PR;Borrazopolis I;-23,942;-51,59;2025-03-02 14:00:00.0;0,00
BORRAZÓPOLIS;410330501A;PR;Borrazopolis I;-23,942;-51,59;2025-03-02 15:00:00.0;0,00
BORRAZÓPOLIS;410330501A;PR;Borrazopolis I;-23,942;-51,59;2025-03-02 16:10:00.0;0,00
BORRAZÓPOLIS;410330501A;PR;Borrazopolis I;-23,942;-51,59;2025-03-02 17:30:00.0;0,00
BORRAZÓPOLIS;410330501A;PR;Borrazopolis I;-23,942;-51,59;2025-03-02 18:40:00.0;0,00
BORRAZÓPOLIS;410330501A;PR;Borrazopolis I;-23,942;-51,59;2025-03-02 19:20:00.0;0,00
BORRAZÓPOLIS;410330501A;PR;Borrazopolis I;-23,942;-51,59;2025-03-02 20:10:00.0;0,00
BORRAZÓPOLIS;410330501A;PR;Borrazopolis I;-23,942;-51,59;2025-03-02 21:20:00.0;0,00
BORRAZÓPOLIS;410330501A;PR;Borrazopolis I;-23,942;-51,59;2025-03-02 22:20:00.0;0,00
BORRAZÓPOLIS;410330501A;PR;Borrazopolis I;-23,942;-51,59;2025-03-02 23:40:00.0;0,00
BORRAZÓPOLIS;410330501A;PR;Borrazopolis I;-23,942;-51,59;2025-03-03 00:20:00.0;0,00
BORRAZÓPOLIS;410330501A;PR;Borrazopolis I;-23,942;-51,59;2025-03-03 01:00:00.0;0,00
BORRAZÓPOLIS;410330501A;PR;Borrazopolis I;-23,942;-51,59;2025-03-03 02:10:00.0;0,00
BORRAZÓPOLIS;410330501A;PR;Borrazopolis I;-23,942;-51,59;2025-03-03 03:10:00.0;0,00
BORRAZÓPOLIS;410330501A;PR;Borrazopolis I;-23,942;-51,59;2025-03-03 05:40:00.0;0,00
BORRAZÓPOLIS;410330501A;PR;Borrazopolis I;-23,942;-51,59;2025-03-03 06:20:00.0;0,00
BORRAZÓPOLIS;410330501A;PR;Borrazopolis I;-23,942;-51,59;2025-03-03 07:10:00.0;0,00
BORRAZÓPOLIS;410330501A;PR;Borrazopolis I;-23,942;-51,59;2025-03-03 08:00:00.0;0,00
BORRAZÓPOLIS;410330501A;PR;Borrazopolis I;-23,942;-51,59;2025-03-03 09:00:00.0;0,00
BORRAZÓPOLIS;410330501A;PR;Borrazopolis I;-23,942;-51,59;2025-03-03 10:00:00.0;0,00
BORRAZÓPOLIS;410330501A;PR;Borrazopolis I;-23,942;-51,59;2025-03-03 11:00:00.0;0,00
BORRAZÓPOLIS;410330501A;PR;Borrazopolis I;-23,942;-51,59;2025-03-03 12:00:00.0;0,00
BORRAZÓPOLIS;410330501A;PR;Borrazopolis I;-23,942;-51,59;2025-03-03 13:00:00.0;0,00
BORRAZÓPOLIS;410330501A;PR;Borrazopolis I;-23,942;-51,59;2025-03-03 14:00:00.0;0,00
BORRAZÓPOLIS;410330501A;PR;Borrazopolis I;-23,942;-51,59;2025-03-03 15:00:00.0;0,00
BORRAZÓPOLIS;410330501A;PR;Borrazopolis I;-23,942;-51,59;2025-03-03 16:00:00.0;0,00
BORRAZÓPOLIS;410330501A;PR;Borrazopolis I;-23,942;-51,59;2025-03-03 17:00:00.0;0,00
BORRAZÓPOLIS;410330501A;PR;Borrazopolis I;-23,942;-51,59;2025-03-03 18:00:00.0;0,00
BORRAZÓPOLIS;410330501A;PR;Borrazopolis I;-23,942;-51,59;2025-03-03 19:00:00.0;0,00
BORRAZÓPOLIS;410330501A;PR;Borrazopolis I;-23,942;-51,59;2025-03-03 20:00:00.0;0,00
BORRAZÓPOLIS;410330501A;PR;Borrazopolis I;-23,942;-51,59;2025-03-03 21:00:00.0;0,00
BORRAZÓPOLIS;410330501A;PR;Borrazopolis I;-23,942;-51,59;2025-03-03 22:00:00.0;0,00
BORRAZÓPOLIS;410330501A;PR;Borrazopolis I;-23,942;-51,59;2025-03-03 23:00:00.0;0,00
BORRAZÓPOLIS;410330501A;PR;Borrazopolis I;-23,942;-51,59;2025-03-04 00:00:00.0;0,00
BORRAZÓPOLIS;410330501A;PR;Borrazopolis I;-23,942;-51,59;2025-03-04 01:00:00.0;0,00
BORRAZÓPOLIS;410330501A;PR;Borrazopolis I;-23,942;-51,59;2025-03-04 02:00:00.0;0,00
BORRAZÓPOLIS;410330501A;PR;Borrazopolis I;-23,942;-51,59;2025-03-04 03:00:00.0;0,00
BORRAZÓPOLIS;410330501A;PR;Borrazopolis I;-23,942;-51,59;2025-03-04 04:00:00.0;0,00
BORRAZÓPOLIS;410330501A;PR;Borrazopolis I;-23,942;-51,59;2025-03-04 05:00:00.0;0,00
BORRAZÓPOLIS;410330501A;PR;Borrazopolis I;-23,942;-51,59;2025-03-04 06:00:00.0;0,00
BORRAZÓPOLIS;410330501A;PR;Borrazopolis I;-23,942;-51,59;2025-03-04 07:00:00.0;0,00
BORRAZÓPOLIS;410330501A;PR;Borrazopolis I;-23,942;-51,59;2025-03-04 08:00:00.0;0,00
BORRAZÓPOLIS;410330501A;PR;Borrazopolis I;-23,942;-51,59;2025-03-04 09:00:00.0;0,00
BORRAZÓPOLIS;410330501A;PR;Borrazopolis I;-23,942;-51,59;2025-03-04 10:00:00.0;0,00
BORRAZÓPOLIS;410330501A;PR;Borrazopolis I;-23,942;-51,59;2025-03-04 11:00:00.0;0,00
BORRAZÓPOLIS;410330501A;PR;Borrazopolis I;-23,942;-51,59;2025-03-04 12:00:00.0;0,00
BORRAZÓPOLIS;410330501A;PR;Borrazopolis I;-23,942;-51,59;2025-03-04 13:00:00.0;0,00
BORRAZÓPOLIS;410330501A;PR;Borrazopolis I;-23,942;-51,59;2025-03-04 14:00:00.0;0,00
BORRAZÓPOLIS;410330501A;PR;Borrazopolis I;-23,942;-51,59;2025-03-04 15:00:00.0;0,00
BORRAZÓPOLIS;410330501A;PR;Borrazopolis I;-23,942;-51,59;2025-03-04 16:00:00.0;0,00
BORRAZÓPOLIS;410330501A;PR;Borrazopolis I;-23,942;-51,59;2025-03-04 17:00:00.0;0,00
BORRAZÓPOLIS;410330501A;PR;Borrazopolis I;-23,942;-51,59;2025-03-04 18:00:00.0;0,00
BORRAZÓPOLIS;410330501A;PR;Borrazopolis I;-23,942;-51,59;2025-03-04 19:00:00.0;0,00
BORRAZÓPOLIS;410330501A;PR;Borrazopolis I;-23,942;-51,59;2025-03-04 20:00:00.0;0,00
BORRAZÓPOLIS;410330501A;PR;Borrazopolis I;-23,942;-51,59;2025-03-04 21:00:00.0;0,00
BORRAZÓPOLIS;410330501A;PR;Borrazopolis I;-23,942;-51,59;2025-03-04 22:00:00.0;0,00
BORRAZÓPOLIS;410330501A;PR;Borrazopolis I;-23,942;-51,59;2025-03-04 23:00:00.0;0,00
BORRAZÓPOLIS;410330501A;PR;Borrazopolis I;-23,942;-51,59;2025-03-05 00:00:00.0;0,00
BORRAZÓPOLIS;410330501A;PR;Borrazopolis I;-23,942;-51,59;2025-03-05 01:00:00.0;0,00
BORRAZÓPOLIS;410330501A;PR;Borrazopolis I;-23,942;-51,59;2025-03-05 02:00:00.0;0,00
BORRAZÓPOLIS;410330501A;PR;Borrazopolis I;-23,942;-51,59;2025-03-05 03:00:00.0;0,00
BORRAZÓPOLIS;410330501A;PR;Borrazopolis I;-23,942;-51,59;2025-03-05 04:00:00.0;0,00
BORRAZÓPOLIS;410330501A;PR;Borrazopolis I;-23,942;-51,59;2025-03-05 05:00:00.0;0,00
BORRAZÓPOLIS;410330501A;PR;Borrazopolis I;-23,942;-51,59;2025-03-05 06:00:00.0;0,00
BORRAZÓPOLIS;410330501A;PR;Borrazopolis I;-23,942;-51,59;2025-03-05 07:00:00.0;0,00
BORRAZÓPOLIS;410330501A;PR;Borrazopolis I;-23,942;-51,59;2025-03-05 08:00:00.0;0,00
BORRAZÓPOLIS;410330501A;PR;Borrazopolis I;-23,942;-51,59;2025-03-05 09:00:00.0;0,00
BORRAZÓPOLIS;410330501A;PR;Borrazopolis I;-23,942;-51,59;2025-03-05 10:00:00.0;0,00
BORRAZÓPOLIS;410330501A;PR;Borrazopolis I;-23,942;-51,59;2025-03-05 11:00:00.0;0,00
BORRAZÓPOLIS;410330501A;PR;Borrazopolis I;-23,942;-51,59;2025-03-05 12:00:00.0;0,00
BORRAZÓPOLIS;410330501A;PR;Borrazopolis I;-23,942;-51,59;2025-03-05 13:00:00.0;0,00
BORRAZÓPOLIS;410330501A;PR;Borrazopolis I;-23,942;-51,59;2025-03-05 14:00:00.0;0,00
BORRAZÓPOLIS;410330501A;PR;Borrazopolis I;-23,942;-51,59;2025-03-05 15:00:00.0;0,00
BORRAZÓPOLIS;410330501A;PR;Borrazopolis I;-23,942;-51,59;2025-03-05 16:00:00.0;0,00
BORRAZÓPOLIS;410330501A;PR;Borrazopolis I;-23,942;-51,59;2025-03-05 17:00:00.0;0,00
BORRAZÓPOLIS;410330501A;PR;Borrazopolis I;-23,942;-51,59;2025-03-05 18:00:00.0;0,00
BORRAZÓPOLIS;410330501A;PR;Borrazopolis I;-23,942;-51,59;2025-03-05 19:00:00.0;0,00
BORRAZÓPOLIS;410330501A;PR;Borrazopolis I;-23,942;-51,59;2025-03-05 20:00:00.0;0,00
BORRAZÓPOLIS;410330501A;PR;Borrazopolis I;-23,942;-51,59;2025-03-05 21:00:00.0;0,00
BORRAZÓPOLIS;410330501A;PR;Borrazopolis I;-23,942;-51,59;2025-03-05 22:00:00.0;0,00
BORRAZÓPOLIS;410330501A;PR;Borrazopolis I;-23,942;-51,59;2025-03-05 23:00:00.0;0,00
BORRAZÓPOLIS;410330501A;PR;Borrazopolis I;-23,942;-51,59;2025-03-06 00:00:00.0;0,00
BORRAZÓPOLIS;410330501A;PR;Borrazopolis I;-23,942;-51,59;2025-03-06 01:00:00.0;0,00
BORRAZÓPOLIS;410330501A;PR;Borrazopolis I;-23,942;-51,59;2025-03-06 02:00:00.0;0,00
BORRAZÓPOLIS;410330501A;PR;Borrazopolis I;-23,942;-51,59;2025-03-06 03:00:00.0;0,00
BORRAZÓPOLIS;410330501A;PR;Borrazopolis I;-23,942;-51,59;2025-03-06 04:00:00.0;0,00
BORRAZÓPOLIS;410330501A;PR;Borrazopolis I;-23,942;-51,59;2025-03-06 05:00:00.0;0,00
BORRAZÓPOLIS;410330501A;PR;Borrazopolis I;-23,942;-51,59;2025-03-06 06:00:00.0;0,00
BORRAZÓPOLIS;410330501A;PR;Borrazopolis I;-23,942;-51,59;2025-03-06 07:00:00.0;0,00
BORRAZÓPOLIS;410330501A;PR;Borrazopolis I;-23,942;-51,59;2025-03-06 08:00:00.0;0,00
BORRAZÓPOLIS;410330501A;PR;Borrazopolis I;-23,942;-51,59;2025-03-06 09:00:00.0;0,00
BORRAZÓPOLIS;410330501A;PR;Borrazopolis I;-23,942;-51,59;2025-03-06 10:00:00.0;0,00
BORRAZÓPOLIS;410330501A;PR;Borrazopolis I;-23,942;-51,59;2025-03-06 11:00:00.0;0,00
BORRAZÓPOLIS;410330501A;PR;Borrazopolis I;-23,942;-51,59;2025-03-06 12:00:00.0;0,00
BORRAZÓPOLIS;410330501A;PR;Borrazopolis I;-23,942;-51,59;2025-03-06 13:00:00.0;0,00
BORRAZÓPOLIS;410330501A;PR;Borrazopolis I;-23,942;-51,59;2025-03-06 14:00:00.0;0,00
BORRAZÓPOLIS;410330501A;PR;Borrazopolis I;-23,942;-51,59;2025-03-06 15:00:00.0;0,00
BORRAZÓPOLIS;410330501A;PR;Borrazopolis I;-23,942;-51,59;2025-03-06 16:00:00.0;0,00
BORRAZÓPOLIS;410330501A;PR;Borrazopolis I;-23,942;-51,59;2025-03-06 17:00:00.0;0,00
BORRAZÓPOLIS;410330501A;PR;Borrazopolis I;-23,942;-51,59;2025-03-06 18:00:00.0;0,00
BORRAZÓPOLIS;410330501A;PR;Borrazopolis I;-23,942;-51,59;2025-03-06 19:00:00.0;0,00
BORRAZÓPOLIS;410330501A;PR;Borrazopolis I;-23,942;-51,59;2025-03-06 19:10:00.0;0,20
BORRAZÓPOLIS;410330501A;PR;Borrazopolis I;-23,942;-51,59;2025-03-06 20:00:00.0;0,00
BORRAZÓPOLIS;410330501A;PR;Borrazopolis I;-23,942;-51,59;2025-03-06 21:00:00.0;0,00
BORRAZÓPOLIS;410330501A;PR;Borrazopolis I;-23,942;-51,59;2025-03-06 22:00:00.0;0,00
BORRAZÓPOLIS;410330501A;PR;Borrazopolis I;-23,942;-51,59;2025-03-06 23:00:00.0;0,00
BORRAZÓPOLIS;410330501A;PR;Borrazopolis I;-23,942;-51,59;2025-03-07 00:00:00.0;0,00
BORRAZÓPOLIS;410330501A;PR;Borrazopolis I;-23,942;-51,59;2025-03-07 01:00:00.0;0,00
BORRAZÓPOLIS;410330501A;PR;Borrazopolis I;-23,942;-51,59;2025-03-07 02:00:00.0;0,00
BORRAZÓPOLIS;410330501A;PR;Borrazopolis I;-23,942;-51,59;2025-03-07 03:00:00.0;0,00
BORRAZÓPOLIS;410330501A;PR;Borrazopolis I;-23,942;-51,59;2025-03-07 04:00:00.0;0,00
BORRAZÓPOLIS;410330501A;PR;Borrazopolis I;-23,942;-51,59;2025-03-07 05:00:00.0;0,00
BORRAZÓPOLIS;410330501A;PR;Borrazopolis I;-23,942;-51,59;2025-03-07 06:00:00.0;0,00
BORRAZÓPOLIS;410330501A;PR;Borrazopolis I;-23,942;-51,59;2025-03-07 07:00:00.0;0,00
BORRAZÓPOLIS;410330501A;PR;Borrazopolis I;-23,942;-51,59;2025-03-07 08:00:00.0;0,00
BORRAZÓPOLIS;410330501A;PR;Borrazopolis I;-23,942;-51,59;2025-03-07 09:00:00.0;0,00
BORRAZÓPOLIS;410330501A;PR;Borrazopolis I;-23,942;-51,59;2025-03-07 10:00:00.0;0,00
BORRAZÓPOLIS;410330501A;PR;Borrazopolis I;-23,942;-51,59;2025-03-07 11:00:00.0;0,00
BORRAZÓPOLIS;410330501A;PR;Borrazopolis I;-23,942;-51,59;2025-03-07 12:00:00.0;0,00
BORRAZÓPOLIS;410330501A;PR;Borrazopolis I;-23,942;-51,59;2025-03-07 13:00:00.0;0,00
BORRAZÓPOLIS;410330501A;PR;Borrazopolis I;-23,942;-51,59;2025-03-07 14:00:00.0;0,00
BORRAZÓPOLIS;410330501A;PR;Borrazopolis I;-23,942;-51,59;2025-03-07 15:00:00.0;0,00
BORRAZÓPOLIS;410330501A;PR;Borrazopolis I;-23,942;-51,59;2025-03-07 16:00:00.0;0,00
BORRAZÓPOLIS;410330501A;PR;Borrazopolis I;-23,942;-51,59;2025-03-07 17:00:00.0;0,00
BORRAZÓPOLIS;410330501A;PR;Borrazopolis I;-23,942;-51,59;2025-03-07 18:00:00.0;0,00
BORRAZÓPOLIS;410330501A;PR;Borrazopolis I;-23,942;-51,59;2025-03-07 19:00:00.0;0,00
BORRAZÓPOLIS;410330501A;PR;Borrazopolis I;-23,942;-51,59;2025-03-07 20:00:00.0;0,00
BORRAZÓPOLIS;410330501A;PR;Borrazopolis I;-23,942;-51,59;2025-03-07 21:00:00.0;0,00
BORRAZÓPOLIS;410330501A;PR;Borrazopolis I;-23,942;-51,59;2025-03-07 22:00:00.0;0,00
BORRAZÓPOLIS;410330501A;PR;Borrazopolis I;-23,942;-51,59;2025-03-07 23:00:00.0;0,00
BORRAZÓPOLIS;410330501A;PR;Borrazopolis I;-23,942;-51,59;2025-03-08 00:00:00.0;0,00
BORRAZÓPOLIS;410330501A;PR;Borrazopolis I;-23,942;-51,59;2025-03-08 01:00:00.0;0,00
BORRAZÓPOLIS;410330501A;PR;Borrazopolis I;-23,942;-51,59;2025-03-08 02:00:00.0;0,00
BORRAZÓPOLIS;410330501A;PR;Borrazopolis I;-23,942;-51,59;2025-03-08 03:00:00.0;0,00
BORRAZÓPOLIS;410330501A;PR;Borrazopolis I;-23,942;-51,59;2025-03-08 04:00:00.0;0,00
BORRAZÓPOLIS;410330501A;PR;Borrazopolis I;-23,942;-51,59;2025-03-08 05:00:00.0;0,00
BORRAZÓPOLIS;410330501A;PR;Borrazopolis I;-23,942;-51,59;2025-03-08 06:00:00.0;0,00
BORRAZÓPOLIS;410330501A;PR;Borrazopolis I;-23,942;-51,59;2025-03-08 07:00:00.0;0,00
BORRAZÓPOLIS;410330501A;PR;Borrazopolis I;-23,942;-51,59;2025-03-08 08:00:00.0;0,00
BORRAZÓPOLIS;410330501A;PR;Borrazopolis I;-23,942;-51,59;2025-03-08 09:00:00.0;0,00
BORRAZÓPOLIS;410330501A;PR;Borrazopolis I;-23,942;-51,59;2025-03-08 10:00:00.0;0,00
BORRAZÓPOLIS;410330501A;PR;Borrazopolis I;-23,942;-51,59;2025-03-08 11:00:00.0;0,00
BORRAZÓPOLIS;410330501A;PR;Borrazopolis I;-23,942;-51,59;2025-03-08 12:00:00.0;0,00
BORRAZÓPOLIS;410330501A;PR;Borrazopolis I;-23,942;-51,59;2025-03-08 13:00:00.0;0,00
BORRAZÓPOLIS;410330501A;PR;Borrazopolis I;-23,942;-51,59;2025-03-08 14:00:00.0;0,00
BORRAZÓPOLIS;410330501A;PR;Borrazopolis I;-23,942;-51,59;2025-03-08 15:00:00.0;0,00
BORRAZÓPOLIS;410330501A;PR;Borrazopolis I;-23,942;-51,59;2025-03-08 17:10:00.0;0,00
BORRAZÓPOLIS;410330501A;PR;Borrazopolis I;-23,942;-51,59;2025-03-08 19:30:00.0;0,00
BORRAZÓPOLIS;410330501A;PR;Borrazopolis I;-23,942;-51,59;2025-03-08 20:20:00.0;0,00
BORRAZÓPOLIS;410330501A;PR;Borrazopolis I;-23,942;-51,59;2025-03-08 21:20:00.0;0,00
BORRAZÓPOLIS;410330501A;PR;Borrazopolis I;-23,942;-51,59;2025-03-08 22:10:00.0;0,00
BORRAZÓPOLIS;410330501A;PR;Borrazopolis I;-23,942;-51,59;2025-03-08 23:00:00.0;0,00
BORRAZÓPOLIS;410330501A;PR;Borrazopolis I;-23,942;-51,59;2025-03-09 00:30:00.0;0,00
BORRAZÓPOLIS;410330501A;PR;Borrazopolis I;-23,942;-51,59;2025-03-09 01:20:00.0;0,00
BORRAZÓPOLIS;410330501A;PR;Borrazopolis I;-23,942;-51,59;2025-03-09 02:30:00.0;0,00
BORRAZÓPOLIS;410330501A;PR;Borrazopolis I;-23,942;-51,59;2025-03-09 04:00:00.0;0,00
BORRAZÓPOLIS;410330501A;PR;Borrazopolis I;-23,942;-51,59;2025-03-09 05:40:00.0;0,00
BORRAZÓPOLIS;410330501A;PR;Borrazopolis I;-23,942;-51,59;2025-03-09 06:00:00.0;0,00
BORRAZÓPOLIS;410330501A;PR;Borrazopolis I;-23,942;-51,59;2025-03-09 07:00:00.0;0,00
BORRAZÓPOLIS;410330501A;PR;Borrazopolis I;-23,942;-51,59;2025-03-09 08:00:00.0;0,00
BORRAZÓPOLIS;410330501A;PR;Borrazopolis I;-23,942;-51,59;2025-03-09 09:00:00.0;0,00
BORRAZÓPOLIS;410330501A;PR;Borrazopolis I;-23,942;-51,59;2025-03-09 10:00:00.0;0,00
BORRAZÓPOLIS;410330501A;PR;Borrazopolis I;-23,942;-51,59;2025-03-09 11:00:00.0;0,00
BORRAZÓPOLIS;410330501A;PR;Borrazopolis I;-23,942;-51,59;2025-03-09 12:00:00.0;0,00
BORRAZÓPOLIS;410330501A;PR;Borrazopolis I;-23,942;-51,59;2025-03-09 13:00:00.0;0,00
BORRAZÓPOLIS;410330501A;PR;Borrazopolis I;-23,942;-51,59;2025-03-09 14:00:00.0;0,00
BORRAZÓPOLIS;410330501A;PR;Borrazopolis I;-23,942;-51,59;2025-03-09 15:00:00.0;0,00
BORRAZÓPOLIS;410330501A;PR;Borrazopolis I;-23,942;-51,59;2025-03-09 16:00:00.0;0,00
BORRAZÓPOLIS;410330501A;PR;Borrazopolis I;-23,942;-51,59;2025-03-09 17:00:00.0;0,00
BORRAZÓPOLIS;410330501A;PR;Borrazopolis I;-23,942;-51,59;2025-03-09 18:00:00.0;0,00
BORRAZÓPOLIS;410330501A;PR;Borrazopolis I;-23,942;-51,59;2025-03-09 19:00:00.0;0,00
BORRAZÓPOLIS;410330501A;PR;Borrazopolis I;-23,942;-51,59;2025-03-09 20:00:00.0;0,00
BORRAZÓPOLIS;410330501A;PR;Borrazopolis I;-23,942;-51,59;2025-03-09 21:00:00.0;0,00
BORRAZÓPOLIS;410330501A;PR;Borrazopolis I;-23,942;-51,59;2025-03-09 22:00:00.0;0,00
BORRAZÓPOLIS;410330501A;PR;Borrazopolis I;-23,942;-51,59;2025-03-09 23:00:00.0;0,00
BORRAZÓPOLIS;410330501A;PR;Borrazopolis I;-23,942;-51,59;2025-03-10 00:00:00.0;0,00
BORRAZÓPOLIS;410330501A;PR;Borrazopolis I;-23,942;-51,59;2025-03-10 01:00:00.0;0,00
BORRAZÓPOLIS;410330501A;PR;Borrazopolis I;-23,942;-51,59;2025-03-10 02:00:00.0;0,00
BORRAZÓPOLIS;410330501A;PR;Borrazopolis I;-23,942;-51,59;2025-03-10 03:00:00.0;0,00
BORRAZÓPOLIS;410330501A;PR;Borrazopolis I;-23,942;-51,59;2025-03-10 04:00:00.0;0,00
BORRAZÓPOLIS;410330501A;PR;Borrazopolis I;-23,942;-51,59;2025-03-10 05:00:00.0;0,00
BORRAZÓPOLIS;410330501A;PR;Borrazopolis I;-23,942;-51,59;2025-03-10 06:00:00.0;0,00
BORRAZÓPOLIS;410330501A;PR;Borrazopolis I;-23,942;-51,59;2025-03-10 07:00:00.0;0,00
BORRAZÓPOLIS;410330501A;PR;Borrazopolis I;-23,942;-51,59;2025-03-10 08:00:00.0;0,00
BORRAZÓPOLIS;410330501A;PR;Borrazopolis I;-23,942;-51,59;2025-03-10 09:00:00.0;0,00
BORRAZÓPOLIS;410330501A;PR;Borrazopolis I;-23,942;-51,59;2025-03-10 10:00:00.0;0,00
BORRAZÓPOLIS;410330501A;PR;Borrazopolis I;-23,942;-51,59;2025-03-10 11:00:00.0;0,00
BORRAZÓPOLIS;410330501A;PR;Borrazopolis I;-23,942;-51,59;2025-03-10 12:00:00.0;0,00
BORRAZÓPOLIS;410330501A;PR;Borrazopolis I;-23,942;-51,59;2025-03-10 13:00:00.0;0,00
BORRAZÓPOLIS;410330501A;PR;Borrazopolis I;-23,942;-51,59;2025-03-10 14:00:00.0;0,00
BORRAZÓPOLIS;410330501A;PR;Borrazopolis I;-23,942;-51,59;2025-03-10 15:00:00.0;0,00
BORRAZÓPOLIS;410330501A;PR;Borrazopolis I;-23,942;-51,59;2025-03-10 16:00:00.0;0,00
BORRAZÓPOLIS;410330501A;PR;Borrazopolis I;-23,942;-51,59;2025-03-10 17:00:00.0;0,00
BORRAZÓPOLIS;410330501A;PR;Borrazopolis I;-23,942;-51,59;2025-03-10 18:00:00.0;0,00
BORRAZÓPOLIS;410330501A;PR;Borrazopolis I;-23,942;-51,59;2025-03-10 19:00:00.0;0,00
BORRAZÓPOLIS;410330501A;PR;Borrazopolis I;-23,942;-51,59;2025-03-10 20:00:00.0;0,00
BORRAZÓPOLIS;410330501A;PR;Borrazopolis I;-23,942;-51,59;2025-03-10 21:00:00.0;0,00
BORRAZÓPOLIS;410330501A;PR;Borrazopolis I;-23,942;-51,59;2025-03-10 22:00:00.0;0,00
BORRAZÓPOLIS;410330501A;PR;Borrazopolis I;-23,942;-51,59;2025-03-10 23:00:00.0;0,00
BORRAZÓPOLIS;410330501A;PR;Borrazopolis I;-23,942;-51,59;2025-03-11 00:00:00.0;0,00
BORRAZÓPOLIS;410330501A;PR;Borrazopolis I;-23,942;-51,59;2025-03-11 01:00:00.0;0,00
BORRAZÓPOLIS;410330501A;PR;Borrazopolis I;-23,942;-51,59;2025-03-11 02:00:00.0;2,17
BORRAZÓPOLIS;410330501A;PR;Borrazopolis I;-23,942;-51,59;2025-03-11 02:10:00.0;0,39
BORRAZÓPOLIS;410330501A;PR;Borrazopolis I;-23,942;-51,59;2025-03-11 02:30:00.0;0,20
BORRAZÓPOLIS;410330501A;PR;Borrazopolis I;-23,942;-51,59;2025-03-11 03:00:00.0;0,00
BORRAZÓPOLIS;410330501A;PR;Borrazopolis I;-23,942;-51,59;2025-03-11 04:00:00.0;0,00
BORRAZÓPOLIS;410330501A;PR;Borrazopolis I;-23,942;-51,59;2025-03-11 05:00:00.0;0,00
BORRAZÓPOLIS;410330501A;PR;Borrazopolis I;-23,942;-51,59;2025-03-11 06:00:00.0;0,00
BORRAZÓPOLIS;410330501A;PR;Borrazopolis I;-23,942;-51,59;2025-03-11 07:00:00.0;0,00
BORRAZÓPOLIS;410330501A;PR;Borrazopolis I;-23,942;-51,59;2025-03-11 08:00:00.0;0,00
BORRAZÓPOLIS;410330501A;PR;Borrazopolis I;-23,942;-51,59;2025-03-11 09:00:00.0;0,00
BORRAZÓPOLIS;410330501A;PR;Borrazopolis I;-23,942;-51,59;2025-03-11 10:00:00.0;0,00
BORRAZÓPOLIS;410330501A;PR;Borrazopolis I;-23,942;-51,59;2025-03-11 11:00:00.0;0,00
BORRAZÓPOLIS;410330501A;PR;Borrazopolis I;-23,942;-51,59;2025-03-11 12:00:00.0;0,00
BORRAZÓPOLIS;410330501A;PR;Borrazopolis I;-23,942;-51,59;2025-03-11 13:00:00.0;0,00
BORRAZÓPOLIS;410330501A;PR;Borrazopolis I;-23,942;-51,59;2025-03-11 14:00:00.0;0,00
BORRAZÓPOLIS;410330501A;PR;Borrazopolis I;-23,942;-51,59;2025-03-11 15:00:00.0;0,00
BORRAZÓPOLIS;410330501A;PR;Borrazopolis I;-23,942;-51,59;2025-03-11 16:00:00.0;0,00
BORRAZÓPOLIS;410330501A;PR;Borrazopolis I;-23,942;-51,59;2025-03-11 17:00:00.0;0,00
BORRAZÓPOLIS;410330501A;PR;Borrazopolis I;-23,942;-51,59;2025-03-11 18:00:00.0;0,00
BORRAZÓPOLIS;410330501A;PR;Borrazopolis I;-23,942;-51,59;2025-03-11 19:00:00.0;0,00
BORRAZÓPOLIS;410330501A;PR;Borrazopolis I;-23,942;-51,59;2025-03-11 20:00:00.0;0,00
BORRAZÓPOLIS;410330501A;PR;Borrazopolis I;-23,942;-51,59;2025-03-11 21:00:00.0;0,00
BORRAZÓPOLIS;410330501A;PR;Borrazopolis I;-23,942;-51,59;2025-03-11 22:00:00.0;0,00
BORRAZÓPOLIS;410330501A;PR;Borrazopolis I;-23,942;-51,59;2025-03-11 23:00:00.0;0,00
BORRAZÓPOLIS;410330501A;PR;Borrazopolis I;-23,942;-51,59;2025-03-12 00:00:00.0;0,00
BORRAZÓPOLIS;410330501A;PR;Borrazopolis I;-23,942;-51,59;2025-03-12 01:00:00.0;0,00
BORRAZÓPOLIS;410330501A;PR;Borrazopolis I;-23,942;-51,59;2025-03-12 02:00:00.0;0,00
BORRAZÓPOLIS;410330501A;PR;Borrazopolis I;-23,942;-51,59;2025-03-12 03:00:00.0;0,00
BORRAZÓPOLIS;410330501A;PR;Borrazopolis I;-23,942;-51,59;2025-03-12 04:00:00.0;0,00
BORRAZÓPOLIS;410330501A;PR;Borrazopolis I;-23,942;-51,59;2025-03-12 05:00:00.0;0,00
BORRAZÓPOLIS;410330501A;PR;Borrazopolis I;-23,942;-51,59;2025-03-12 06:00:00.0;0,00
BORRAZÓPOLIS;410330501A;PR;Borrazopolis I;-23,942;-51,59;2025-03-12 07:00:00.0;0,00
BORRAZÓPOLIS;410330501A;PR;Borrazopolis I;-23,942;-51,59;2025-03-12 08:00:00.0;0,00
BORRAZÓPOLIS;410330501A;PR;Borrazopolis I;-23,942;-51,59;2025-03-12 09:00:00.0;0,00
BORRAZÓPOLIS;410330501A;PR;Borrazopolis I;-23,942;-51,59;2025-03-12 10:00:00.0;0,00
BORRAZÓPOLIS;410330501A;PR;Borrazopolis I;-23,942;-51,59;2025-03-12 11:00:00.0;0,00
BORRAZÓPOLIS;410330501A;PR;Borrazopolis I;-23,942;-51,59;2025-03-12 12:00:00.0;0,00
BORRAZÓPOLIS;410330501A;PR;Borrazopolis I;-23,942;-51,59;2025-03-12 13:00:00.0;0,00
BORRAZÓPOLIS;410330501A;PR;Borrazopolis I;-23,942;-51,59;2025-03-12 14:00:00.0;0,00
BORRAZÓPOLIS;410330501A;PR;Borrazopolis I;-23,942;-51,59;2025-03-12 15:00:00.0;0,00
BORRAZÓPOLIS;410330501A;PR;Borrazopolis I;-23,942;-51,59;2025-03-12 16:00:00.0;0,00
BORRAZÓPOLIS;410330501A;PR;Borrazopolis I;-23,942;-51,59;2025-03-12 17:00:00.0;0,00
BORRAZÓPOLIS;410330501A;PR;Borrazopolis I;-23,942;-51,59;2025-03-12 18:00:00.0;0,00
BORRAZÓPOLIS;410330501A;PR;Borrazopolis I;-23,942;-51,59;2025-03-12 19:00:00.0;0,00
BORRAZÓPOLIS;410330501A;PR;Borrazopolis I;-23,942;-51,59;2025-03-12 20:00:00.0;0,00
BORRAZÓPOLIS;410330501A;PR;Borrazopolis I;-23,942;-51,59;2025-03-12 21:00:00.0;0,00
BORRAZÓPOLIS;410330501A;PR;Borrazopolis I;-23,942;-51,59;2025-03-12 22:00:00.0;0,00
BORRAZÓPOLIS;410330501A;PR;Borrazopolis I;-23,942;-51,59;2025-03-12 23:00:00.0;0,00
BORRAZÓPOLIS;410330501A;PR;Borrazopolis I;-23,942;-51,59;2025-03-13 00:00:00.0;0,00
BORRAZÓPOLIS;410330501A;PR;Borrazopolis I;-23,942;-51,59;2025-03-13 01:00:00.0;0,00
BORRAZÓPOLIS;410330501A;PR;Borrazopolis I;-23,942;-51,59;2025-03-13 02:00:00.0;0,00
BORRAZÓPOLIS;410330501A;PR;Borrazopolis I;-23,942;-51,59;2025-03-13 03:00:00.0;0,00
BORRAZÓPOLIS;410330501A;PR;Borrazopolis I;-23,942;-51,59;2025-03-13 04:00:00.0;0,00
BORRAZÓPOLIS;410330501A;PR;Borrazopolis I;-23,942;-51,59;2025-03-13 04:20:00.0;0,20
BORRAZÓPOLIS;410330501A;PR;Borrazopolis I;-23,942;-51,59;2025-03-13 04:30:00.0;0,20
BORRAZÓPOLIS;410330501A;PR;Borrazopolis I;-23,942;-51,59;2025-03-13 05:00:00.0;0,00
BORRAZÓPOLIS;410330501A;PR;Borrazopolis I;-23,942;-51,59;2025-03-13 05:30:00.0;0,20
BORRAZÓPOLIS;410330501A;PR;Borrazopolis I;-23,942;-51,59;2025-03-13 06:00:00.0;0,00
BORRAZÓPOLIS;410330501A;PR;Borrazopolis I;-23,942;-51,59;2025-03-13 07:00:00.0;0,00
BORRAZÓPOLIS;410330501A;PR;Borrazopolis I;-23,942;-51,59;2025-03-13 08:00:00.0;0,00
BORRAZÓPOLIS;410330501A;PR;Borrazopolis I;-23,942;-51,59;2025-03-13 09:00:00.0;0,00
BORRAZÓPOLIS;410330501A;PR;Borrazopolis I;-23,942;-51,59;2025-03-13 10:00:00.0;0,00
BORRAZÓPOLIS;410330501A;PR;Borrazopolis I;-23,942;-51,59;2025-03-13 11:00:00.0;0,00
BORRAZÓPOLIS;410330501A;PR;Borrazopolis I;-23,942;-51,59;2025-03-13 12:00:00.0;0,00
BORRAZÓPOLIS;410330501A;PR;Borrazopolis I;-23,942;-51,59;2025-03-13 13:00:00.0;0,00
BORRAZÓPOLIS;410330501A;PR;Borrazopolis I;-23,942;-51,59;2025-03-13 14:00:00.0;0,00
BORRAZÓPOLIS;410330501A;PR;Borrazopolis I;-23,942;-51,59;2025-03-13 15:00:00.0;0,00
BORRAZÓPOLIS;410330501A;PR;Borrazopolis I;-23,942;-51,59;2025-03-13 16:00:00.0;0,00
BORRAZÓPOLIS;410330501A;PR;Borrazopolis I;-23,942;-51,59;2025-03-13 17:00:00.0;0,00
BORRAZÓPOLIS;410330501A;PR;Borrazopolis I;-23,942;-51,59;2025-03-13 18:00:00.0;0,00
BORRAZÓPOLIS;410330501A;PR;Borrazopolis I;-23,942;-51,59;2025-03-13 18:10:00.0;2,56
BORRAZÓPOLIS;410330501A;PR;Borrazopolis I;-23,942;-51,59;2025-03-13 19:00:00.0;0,00
BORRAZÓPOLIS;410330501A;PR;Borrazopolis I;-23,942;-51,59;2025-03-13 20:00:00.0;0,00
BORRAZÓPOLIS;410330501A;PR;Borrazopolis I;-23,942;-51,59;2025-03-13 21:00:00.0;0,00
BORRAZÓPOLIS;410330501A;PR;Borrazopolis I;-23,942;-51,59;2025-03-13 22:00:00.0;0,00
BORRAZÓPOLIS;410330501A;PR;Borrazopolis I;-23,942;-51,59;2025-03-13 23:00:00.0;0,00
BORRAZÓPOLIS;410330501A;PR;Borrazopolis I;-23,942;-51,59;2025-03-14 00:00:00.0;0,00
BORRAZÓPOLIS;410330501A;PR;Borrazopolis I;-23,942;-51,59;2025-03-14 01:00:00.0;0,00
BORRAZÓPOLIS;410330501A;PR;Borrazopolis I;-23,942;-51,59;2025-03-14 02:00:00.0;0,00
BORRAZÓPOLIS;410330501A;PR;Borrazopolis I;-23,942;-51,59;2025-03-14 03:00:00.0;0,00
BORRAZÓPOLIS;410330501A;PR;Borrazopolis I;-23,942;-51,59;2025-03-14 04:00:00.0;0,00
BORRAZÓPOLIS;410330501A;PR;Borrazopolis I;-23,942;-51,59;2025-03-14 05:00:00.0;0,00
BORRAZÓPOLIS;410330501A;PR;Borrazopolis I;-23,942;-51,59;2025-03-14 06:00:00.0;0,00
BORRAZÓPOLIS;410330501A;PR;Borrazopolis I;-23,942;-51,59;2025-03-14 07:00:00.0;0,00
BORRAZÓPOLIS;410330501A;PR;Borrazopolis I;-23,942;-51,59;2025-03-14 08:00:00.0;0,00
BORRAZÓPOLIS;410330501A;PR;Borrazopolis I;-23,942;-51,59;2025-03-14 09:00:00.0;0,00
BORRAZÓPOLIS;410330501A;PR;Borrazopolis I;-23,942;-51,59;2025-03-14 10:00:00.0;0,00
BORRAZÓPOLIS;410330501A;PR;Borrazopolis I;-23,942;-51,59;2025-03-14 11:00:00.0;0,00
BORRAZÓPOLIS;410330501A;PR;Borrazopolis I;-23,942;-51,59;2025-03-14 12:00:00.0;0,00
BORRAZÓPOLIS;410330501A;PR;Borrazopolis I;-23,942;-51,59;2025-03-14 13:00:00.0;0,00
BORRAZÓPOLIS;410330501A;PR;Borrazopolis I;-23,942;-51,59;2025-03-14 14:00:00.0;0,00
BORRAZÓPOLIS;410330501A;PR;Borrazopolis I;-23,942;-51,59;2025-03-14 15:00:00.0;0,00
BORRAZÓPOLIS;410330501A;PR;Borrazopolis I;-23,942;-51,59;2025-03-14 16:00:00.0;0,00
BORRAZÓPOLIS;410330501A;PR;Borrazopolis I;-23,942;-51,59;2025-03-14 17:00:00.0;0,00
BORRAZÓPOLIS;410330501A;PR;Borrazopolis I;-23,942;-51,59;2025-03-14 18:00:00.0;0,00
BORRAZÓPOLIS;410330501A;PR;Borrazopolis I;-23,942;-51,59;2025-03-14 19:00:00.0;0,00
BORRAZÓPOLIS;410330501A;PR;Borrazopolis I;-23,942;-51,59;2025-03-14 20:00:00.0;0,00
BORRAZÓPOLIS;410330501A;PR;Borrazopolis I;-23,942;-51,59;2025-03-14 21:00:00.0;0,00
BORRAZÓPOLIS;410330501A;PR;Borrazopolis I;-23,942;-51,59;2025-03-14 22:00:00.0;0,00
BORRAZÓPOLIS;410330501A;PR;Borrazopolis I;-23,942;-51,59;2025-03-14 23:00:00.0;0,00
BORRAZÓPOLIS;410330501A;PR;Borrazopolis I;-23,942;-51,59;2025-03-15 00:00:00.0;0,00
BORRAZÓPOLIS;410330501A;PR;Borrazopolis I;-23,942;-51,59;2025-03-15 01:00:00.0;0,00
BORRAZÓPOLIS;410330501A;PR;Borrazopolis I;-23,942;-51,59;2025-03-15 02:00:00.0;0,00
BORRAZÓPOLIS;410330501A;PR;Borrazopolis I;-23,942;-51,59;2025-03-15 03:00:00.0;0,00
BORRAZÓPOLIS;410330501A;PR;Borrazopolis I;-23,942;-51,59;2025-03-15 04:00:00.0;0,00
BORRAZÓPOLIS;410330501A;PR;Borrazopolis I;-23,942;-51,59;2025-03-15 05:00:00.0;0,00
BORRAZÓPOLIS;410330501A;PR;Borrazopolis I;-23,942;-51,59;2025-03-15 06:10:00.0;0,00
BORRAZÓPOLIS;410330501A;PR;Borrazopolis I;-23,942;-51,59;2025-03-15 07:00:00.0;0,00
BORRAZÓPOLIS;410330501A;PR;Borrazopolis I;-23,942;-51,59;2025-03-15 08:40:00.0;0,00
BORRAZÓPOLIS;410330501A;PR;Borrazopolis I;-23,942;-51,59;2025-03-15 09:50:00.0;0,00
BORRAZÓPOLIS;410330501A;PR;Borrazopolis I;-23,942;-51,59;2025-03-15 10:10:00.0;0,00
BORRAZÓPOLIS;410330501A;PR;Borrazopolis I;-23,942;-51,59;2025-03-15 11:30:00.0;0,00
BORRAZÓPOLIS;410330501A;PR;Borrazopolis I;-23,942;-51,59;2025-03-15 13:20:00.0;0,00
BORRAZÓPOLIS;410330501A;PR;Borrazopolis I;-23,942;-51,59;2025-03-15 16:20:00.0;0,00
BORRAZÓPOLIS;410330501A;PR;Borrazopolis I;-23,942;-51,59;2025-03-15 17:10:00.0;0,00
BORRAZÓPOLIS;410330501A;PR;Borrazopolis I;-23,942;-51,59;2025-03-15 17:40:00.0;3,74
BORRAZÓPOLIS;410330501A;PR;Borrazopolis I;-23,942;-51,59;2025-03-15 17:50:00.0;9,55
BORRAZÓPOLIS;410330501A;PR;Borrazopolis I;-23,942;-51,59;2025-03-15 18:00:00.0;6,57
BORRAZÓPOLIS;410330501A;PR;Borrazopolis I;-23,942;-51,59;2025-03-15 18:10:00.0;0,00
BORRAZÓPOLIS;410330501A;PR;Borrazopolis I;-23,942;-51,59;2025-03-15 19:00:00.0;0,00
BORRAZÓPOLIS;410330501A;PR;Borrazopolis I;-23,942;-51,59;2025-03-15 19:10:00.0;0,59
BORRAZÓPOLIS;410330501A;PR;Borrazopolis I;-23,942;-51,59;2025-03-15 19:20:00.0;0,20
BORRAZÓPOLIS;410330501A;PR;Borrazopolis I;-23,942;-51,59;2025-03-15 19:30:00.0;0,59
BORRAZÓPOLIS;410330501A;PR;Borrazopolis I;-23,942;-51,59;2025-03-15 19:40:00.0;0,20
BORRAZÓPOLIS;410330501A;PR;Borrazopolis I;-23,942;-51,59;2025-03-15 20:00:00.0;0,00
BORRAZÓPOLIS;410330501A;PR;Borrazopolis I;-23,942;-51,59;2025-03-15 21:00:00.0;0,00
BORRAZÓPOLIS;410330501A;PR;Borrazopolis I;-23,942;-51,59;2025-03-15 22:00:00.0;0,00
BORRAZÓPOLIS;410330501A;PR;Borrazopolis I;-23,942;-51,59;2025-03-15 23:00:00.0;0,00
BORRAZÓPOLIS;410330501A;PR;Borrazopolis I;-23,942;-51,59;2025-03-16 00:00:00.0;0,00
BORRAZÓPOLIS;410330501A;PR;Borrazopolis I;-23,942;-51,59;2025-03-16 01:00:00.0;0,00
BORRAZÓPOLIS;410330501A;PR;Borrazopolis I;-23,942;-51,59;2025-03-16 02:00:00.0;0,00
BORRAZÓPOLIS;410330501A;PR;Borrazopolis I;-23,942;-51,59;2025-03-16 03:00:00.0;0,00
BORRAZÓPOLIS;410330501A;PR;Borrazopolis I;-23,942;-51,59;2025-03-16 04:00:00.0;0,00
BORRAZÓPOLIS;410330501A;PR;Borrazopolis I;-23,942;-51,59;2025-03-16 05:00:00.0;0,00
BORRAZÓPOLIS;410330501A;PR;Borrazopolis I;-23,942;-51,59;2025-03-16 06:00:00.0;0,00
BORRAZÓPOLIS;410330501A;PR;Borrazopolis I;-23,942;-51,59;2025-03-16 07:00:00.0;0,00
BORRAZÓPOLIS;410330501A;PR;Borrazopolis I;-23,942;-51,59;2025-03-16 08:00:00.0;0,00
BORRAZÓPOLIS;410330501A;PR;Borrazopolis I;-23,942;-51,59;2025-03-16 09:00:00.0;0,00
BORRAZÓPOLIS;410330501A;PR;Borrazopolis I;-23,942;-51,59;2025-03-16 10:00:00.0;0,00
BORRAZÓPOLIS;410330501A;PR;Borrazopolis I;-23,942;-51,59;2025-03-16 11:00:00.0;0,00
BORRAZÓPOLIS;410330501A;PR;Borrazopolis I;-23,942;-51,59;2025-03-16 12:00:00.0;0,00
BORRAZÓPOLIS;410330501A;PR;Borrazopolis I;-23,942;-51,59;2025-03-16 13:00:00.0;0,00
BORRAZÓPOLIS;410330501A;PR;Borrazopolis I;-23,942;-51,59;2025-03-16 14:00:00.0;0,00
BORRAZÓPOLIS;410330501A;PR;Borrazopolis I;-23,942;-51,59;2025-03-16 15:00:00.0;0,00
BORRAZÓPOLIS;410330501A;PR;Borrazopolis I;-23,942;-51,59;2025-03-16 16:00:00.0;0,00
BORRAZÓPOLIS;410330501A;PR;Borrazopolis I;-23,942;-51,59;2025-03-16 17:00:00.0;0,00
BORRAZÓPOLIS;410330501A;PR;Borrazopolis I;-23,942;-51,59;2025-03-16 18:00:00.0;0,00
BORRAZÓPOLIS;410330501A;PR;Borrazopolis I;-23,942;-51,59;2025-03-16 19:00:00.0;0,00
BORRAZÓPOLIS;410330501A;PR;Borrazopolis I;-23,942;-51,59;2025-03-16 20:00:00.0;0,00
BORRAZÓPOLIS;410330501A;PR;Borrazopolis I;-23,942;-51,59;2025-03-16 21:00:00.0;0,00
BORRAZÓPOLIS;410330501A;PR;Borrazopolis I;-23,942;-51,59;2025-03-16 22:00:00.0;0,00
BORRAZÓPOLIS;410330501A;PR;Borrazopolis I;-23,942;-51,59;2025-03-16 23:00:00.0;0,00
BORRAZÓPOLIS;410330501A;PR;Borrazopolis I;-23,942;-51,59;2025-03-17 00:00:00.0;0,00
BORRAZÓPOLIS;410330501A;PR;Borrazopolis I;-23,942;-51,59;2025-03-17 01:00:00.0;0,00
BORRAZÓPOLIS;410330501A;PR;Borrazopolis I;-23,942;-51,59;2025-03-17 02:00:00.0;0,00
BORRAZÓPOLIS;410330501A;PR;Borrazopolis I;-23,942;-51,59;2025-03-17 03:00:00.0;0,00
BORRAZÓPOLIS;410330501A;PR;Borrazopolis I;-23,942;-51,59;2025-03-17 04:00:00.0;0,00
BORRAZÓPOLIS;410330501A;PR;Borrazopolis I;-23,942;-51,59;2025-03-17 05:00:00.0;0,00
BORRAZÓPOLIS;410330501A;PR;Borrazopolis I;-23,942;-51,59;2025-03-17 06:00:00.0;0,00
BORRAZÓPOLIS;410330501A;PR;Borrazopolis I;-23,942;-51,59;2025-03-17 07:00:00.0;0,00
BORRAZÓPOLIS;410330501A;PR;Borrazopolis I;-23,942;-51,59;2025-03-17 08:00:00.0;0,00
BORRAZÓPOLIS;410330501A;PR;Borrazopolis I;-23,942;-51,59;2025-03-17 09:00:00.0;0,00
BORRAZÓPOLIS;410330501A;PR;Borrazopolis I;-23,942;-51,59;2025-03-17 10:00:00.0;0,00
BORRAZÓPOLIS;410330501A;PR;Borrazopolis I;-23,942;-51,59;2025-03-17 11:00:00.0;0,00
BORRAZÓPOLIS;410330501A;PR;Borrazopolis I;-23,942;-51,59;2025-03-17 12:00:00.0;0,00
BORRAZÓPOLIS;410330501A;PR;Borrazopolis I;-23,942;-51,59;2025-03-17 13:00:00.0;0,00
BORRAZÓPOLIS;410330501A;PR;Borrazopolis I;-23,942;-51,59;2025-03-17 14:00:00.0;0,00
BORRAZÓPOLIS;410330501A;PR;Borrazopolis I;-23,942;-51,59;2025-03-17 15:00:00.0;0,00
BORRAZÓPOLIS;410330501A;PR;Borrazopolis I;-23,942;-51,59;2025-03-17 16:00:00.0;0,00
BORRAZÓPOLIS;410330501A;PR;Borrazopolis I;-23,942;-51,59;2025-03-17 17:00:00.0;0,00
BORRAZÓPOLIS;410330501A;PR;Borrazopolis I;-23,942;-51,59;2025-03-17 18:00:00.0;0,00
BORRAZÓPOLIS;410330501A;PR;Borrazopolis I;-23,942;-51,59;2025-03-17 19:00:00.0;0,00
BORRAZÓPOLIS;410330501A;PR;Borrazopolis I;-23,942;-51,59;2025-03-17 20:00:00.0;0,00
BORRAZÓPOLIS;410330501A;PR;Borrazopolis I;-23,942;-51,59;2025-03-17 21:00:00.0;0,00
BORRAZÓPOLIS;410330501A;PR;Borrazopolis I;-23,942;-51,59;2025-03-17 22:10:00.0;0,00
BORRAZÓPOLIS;410330501A;PR;Borrazopolis I;-23,942;-51,59;2025-03-17 23:00:00.0;0,00
BORRAZÓPOLIS;410330501A;PR;Borrazopolis I;-23,942;-51,59;2025-03-18 00:00:00.0;0,00
BORRAZÓPOLIS;410330501A;PR;Borrazopolis I;-23,942;-51,59;2025-03-18 01:00:00.0;0,00
BORRAZÓPOLIS;410330501A;PR;Borrazopolis I;-23,942;-51,59;2025-03-18 02:00:00.0;0,00
BORRAZÓPOLIS;410330501A;PR;Borrazopolis I;-23,942;-51,59;2025-03-18 03:00:00.0;0,00
BORRAZÓPOLIS;410330501A;PR;Borrazopolis I;-23,942;-51,59;2025-03-18 04:00:00.0;0,00
BORRAZÓPOLIS;410330501A;PR;Borrazopolis I;-23,942;-51,59;2025-03-18 05:00:00.0;0,00
BORRAZÓPOLIS;410330501A;PR;Borrazopolis I;-23,942;-51,59;2025-03-18 06:00:00.0;0,00
BORRAZÓPOLIS;410330501A;PR;Borrazopolis I;-23,942;-51,59;2025-03-18 07:00:00.0;0,00
BORRAZÓPOLIS;410330501A;PR;Borrazopolis I;-23,942;-51,59;2025-03-18 08:00:00.0;0,00
BORRAZÓPOLIS;410330501A;PR;Borrazopolis I;-23,942;-51,59;2025-03-18 09:00:00.0;0,00
BORRAZÓPOLIS;410330501A;PR;Borrazopolis I;-23,942;-51,59;2025-03-18 10:00:00.0;0,00
BORRAZÓPOLIS;410330501A;PR;Borrazopolis I;-23,942;-51,59;2025-03-18 11:00:00.0;0,00
BORRAZÓPOLIS;410330501A;PR;Borrazopolis I;-23,942;-51,59;2025-03-18 12:00:00.0;0,00
BORRAZÓPOLIS;410330501A;PR;Borrazopolis I;-23,942;-51,59;2025-03-18 13:00:00.0;0,00
BORRAZÓPOLIS;410330501A;PR;Borrazopolis I;-23,942;-51,59;2025-03-18 14:00:00.0;0,00
BORRAZÓPOLIS;410330501A;PR;Borrazopolis I;-23,942;-51,59;2025-03-18 15:00:00.0;0,00
BORRAZÓPOLIS;410330501A;PR;Borrazopolis I;-23,942;-51,59;2025-03-18 16:00:00.0;0,00
BORRAZÓPOLIS;410330501A;PR;Borrazopolis I;-23,942;-51,59;2025-03-18 17:00:00.0;0,00
BORRAZÓPOLIS;410330501A;PR;Borrazopolis I;-23,942;-51,59;2025-03-18 18:00:00.0;0,00
BORRAZÓPOLIS;410330501A;PR;Borrazopolis I;-23,942;-51,59;2025-03-18 19:00:00.0;0,00
BORRAZÓPOLIS;410330501A;PR;Borrazopolis I;-23,942;-51,59;2025-03-18 20:00:00.0;0,00
BORRAZÓPOLIS;410330501A;PR;Borrazopolis I;-23,942;-51,59;2025-03-18 21:00:00.0;0,00
BORRAZÓPOLIS;410330501A;PR;Borrazopolis I;-23,942;-51,59;2025-03-18 22:00:00.0;0,00
BORRAZÓPOLIS;410330501A;PR;Borrazopolis I;-23,942;-51,59;2025-03-18 22:30:00.0;0,20
BORRAZÓPOLIS;410330501A;PR;Borrazopolis I;-23,942;-51,59;2025-03-18 23:00:00.0;0,00
BORRAZÓPOLIS;410330501A;PR;Borrazopolis I;-23,942;-51,59;2025-03-19 00:00:00.0;0,00
BORRAZÓPOLIS;410330501A;PR;Borrazopolis I;-23,942;-51,59;2025-03-19 01:00:00.0;0,00
BORRAZÓPOLIS;410330501A;PR;Borrazopolis I;-23,942;-51,59;2025-03-19 02:00:00.0;0,00
BORRAZÓPOLIS;410330501A;PR;Borrazopolis I;-23,942;-51,59;2025-03-19 03:00:00.0;0,00
BORRAZÓPOLIS;410330501A;PR;Borrazopolis I;-23,942;-51,59;2025-03-19 04:00:00.0;0,00
BORRAZÓPOLIS;410330501A;PR;Borrazopolis I;-23,942;-51,59;2025-03-19 05:00:00.0;0,00
BORRAZÓPOLIS;410330501A;PR;Borrazopolis I;-23,942;-51,59;2025-03-19 06:00:00.0;0,00
BORRAZÓPOLIS;410330501A;PR;Borrazopolis I;-23,942;-51,59;2025-03-19 07:00:00.0;0,00
BORRAZÓPOLIS;410330501A;PR;Borrazopolis I;-23,942;-51,59;2025-03-19 08:00:00.0;0,00
BORRAZÓPOLIS;410330501A;PR;Borrazopolis I;-23,942;-51,59;2025-03-19 09:00:00.0;0,00
BORRAZÓPOLIS;410330501A;PR;Borrazopolis I;-23,942;-51,59;2025-03-19 10:00:00.0;0,00
BORRAZÓPOLIS;410330501A;PR;Borrazopolis I;-23,942;-51,59;2025-03-19 11:00:00.0;0,00
BORRAZÓPOLIS;410330501A;PR;Borrazopolis I;-23,942;-51,59;2025-03-19 12:00:00.0;0,00
BORRAZÓPOLIS;410330501A;PR;Borrazopolis I;-23,942;-51,59;2025-03-19 13:00:00.0;0,00
BORRAZÓPOLIS;410330501A;PR;Borrazopolis I;-23,942;-51,59;2025-03-19 14:00:00.0;0,00
BORRAZÓPOLIS;410330501A;PR;Borrazopolis I;-23,942;-51,59;2025-03-19 15:00:00.0;0,00
BORRAZÓPOLIS;410330501A;PR;Borrazopolis I;-23,942;-51,59;2025-03-19 16:00:00.0;0,00
BORRAZÓPOLIS;410330501A;PR;Borrazopolis I;-23,942;-51,59;2025-03-19 17:00:00.0;0,00
BORRAZÓPOLIS;410330501A;PR;Borrazopolis I;-23,942;-51,59;2025-03-19 18:00:00.0;0,00
BORRAZÓPOLIS;410330501A;PR;Borrazopolis I;-23,942;-51,59;2025-03-19 19:00:00.0;0,00
BORRAZÓPOLIS;410330501A;PR;Borrazopolis I;-23,942;-51,59;2025-03-19 20:00:00.0;0,00
BORRAZÓPOLIS;410330501A;PR;Borrazopolis I;-23,942;-51,59;2025-03-19 21:00:00.0;0,00
BORRAZÓPOLIS;410330501A;PR;Borrazopolis I;-23,942;-51,59;2025-03-19 22:00:00.0;0,00
BORRAZÓPOLIS;410330501A;PR;Borrazopolis I;-23,942;-51,59;2025-03-19 23:00:00.0;0,00
BORRAZÓPOLIS;410330501A;PR;Borrazopolis I;-23,942;-51,59;2025-03-20 00:00:00.0;0,00
BORRAZÓPOLIS;410330501A;PR;Borrazopolis I;-23,942;-51,59;2025-03-20 01:00:00.0;0,00
BORRAZÓPOLIS;410330501A;PR;Borrazopolis I;-23,942;-51,59;2025-03-20 02:00:00.0;0,00
BORRAZÓPOLIS;410330501A;PR;Borrazopolis I;-23,942;-51,59;2025-03-20 03:00:00.0;0,00
BORRAZÓPOLIS;410330501A;PR;Borrazopolis I;-23,942;-51,59;2025-03-20 04:00:00.0;0,00
BORRAZÓPOLIS;410330501A;PR;Borrazopolis I;-23,942;-51,59;2025-03-20 05:00:00.0;0,00
BORRAZÓPOLIS;410330501A;PR;Borrazopolis I;-23,942;-51,59;2025-03-20 06:00:00.0;0,00
BORRAZÓPOLIS;410330501A;PR;Borrazopolis I;-23,942;-51,59;2025-03-20 07:00:00.0;0,00
BORRAZÓPOLIS;410330501A;PR;Borrazopolis I;-23,942;-51,59;2025-03-20 08:00:00.0;0,00
BORRAZÓPOLIS;410330501A;PR;Borrazopolis I;-23,942;-51,59;2025-03-20 09:00:00.0;0,00
BORRAZÓPOLIS;410330501A;PR;Borrazopolis I;-23,942;-51,59;2025-03-20 10:00:00.0;0,00
BORRAZÓPOLIS;410330501A;PR;Borrazopolis I;-23,942;-51,59;2025-03-20 11:00:00.0;0,00
BORRAZÓPOLIS;410330501A;PR;Borrazopolis I;-23,942;-51,59;2025-03-20 12:00:00.0;0,00
BORRAZÓPOLIS;410330501A;PR;Borrazopolis I;-23,942;-51,59;2025-03-20 13:00:00.0;0,00
BORRAZÓPOLIS;410330501A;PR;Borrazopolis I;-23,942;-51,59;2025-03-20 14:00:00.0;0,00
BORRAZÓPOLIS;410330501A;PR;Borrazopolis I;-23,942;-51,59;2025-03-20 15:00:00.0;0,00
BORRAZÓPOLIS;410330501A;PR;Borrazopolis I;-23,942;-51,59;2025-03-20 16:00:00.0;0,00
BORRAZÓPOLIS;410330501A;PR;Borrazopolis I;-23,942;-51,59;2025-03-20 17:00:00.0;0,00
BORRAZÓPOLIS;410330501A;PR;Borrazopolis I;-23,942;-51,59;2025-03-20 18:00:00.0;0,00
BORRAZÓPOLIS;410330501A;PR;Borrazopolis I;-23,942;-51,59;2025-03-20 19:00:00.0;0,00
BORRAZÓPOLIS;410330501A;PR;Borrazopolis I;-23,942;-51,59;2025-03-20 20:00:00.0;0,00
BORRAZÓPOLIS;410330501A;PR;Borrazopolis I;-23,942;-51,59;2025-03-20 21:00:00.0;0,00
BORRAZÓPOLIS;410330501A;PR;Borrazopolis I;-23,942;-51,59;2025-03-20 22:00:00.0;0,00
BORRAZÓPOLIS;410330501A;PR;Borrazopolis I;-23,942;-51,59;2025-03-20 23:00:00.0;0,00
BORRAZÓPOLIS;410330501A;PR;Borrazopolis I;-23,942;-51,59;2025-03-21 00:00:00.0;0,00
BORRAZÓPOLIS;410330501A;PR;Borrazopolis I;-23,942;-51,59;2025-03-21 01:00:00.0;0,00
BORRAZÓPOLIS;410330501A;PR;Borrazopolis I;-23,942;-51,59;2025-03-21 02:00:00.0;0,00
BORRAZÓPOLIS;410330501A;PR;Borrazopolis I;-23,942;-51,59;2025-03-21 03:00:00.0;0,00
BORRAZÓPOLIS;410330501A;PR;Borrazopolis I;-23,942;-51,59;2025-03-21 04:00:00.0;0,00
BORRAZÓPOLIS;410330501A;PR;Borrazopolis I;-23,942;-51,59;2025-03-21 05:00:00.0;0,00
BORRAZÓPOLIS;410330501A;PR;Borrazopolis I;-23,942;-51,59;2025-03-21 06:00:00.0;0,00
BORRAZÓPOLIS;410330501A;PR;Borrazopolis I;-23,942;-51,59;2025-03-21 07:00:00.0;0,00
BORRAZÓPOLIS;410330501A;PR;Borrazopolis I;-23,942;-51,59;2025-03-21 08:00:00.0;0,00
BORRAZÓPOLIS;410330501A;PR;Borrazopolis I;-23,942;-51,59;2025-03-21 09:00:00.0;0,00
BORRAZÓPOLIS;410330501A;PR;Borrazopolis I;-23,942;-51,59;2025-03-21 10:00:00.0;0,00
BORRAZÓPOLIS;410330501A;PR;Borrazopolis I;-23,942;-51,59;2025-03-21 11:00:00.0;0,00
BORRAZÓPOLIS;410330501A;PR;Borrazopolis I;-23,942;-51,59;2025-03-21 12:00:00.0;0,00
BORRAZÓPOLIS;410330501A;PR;Borrazopolis I;-23,942;-51,59;2025-03-21 13:00:00.0;0,00
BORRAZÓPOLIS;410330501A;PR;Borrazopolis I;-23,942;-51,59;2025-03-21 14:00:00.0;0,00
BORRAZÓPOLIS;410330501A;PR;Borrazopolis I;-23,942;-51,59;2025-03-21 15:00:00.0;0,00
BORRAZÓPOLIS;410330501A;PR;Borrazopolis I;-23,942;-51,59;2025-03-21 16:00:00.0;0,00
BORRAZÓPOLIS;410330501A;PR;Borrazopolis I;-23,942;-51,59;2025-03-21 17:00:00.0;0,00
BORRAZÓPOLIS;410330501A;PR;Borrazopolis I;-23,942;-51,59;2025-03-21 18:00:00.0;0,00
BORRAZÓPOLIS;410330501A;PR;Borrazopolis I;-23,942;-51,59;2025-03-21 19:00:00.0;0,00
BORRAZÓPOLIS;410330501A;PR;Borrazopolis I;-23,942;-51,59;2025-03-21 20:00:00.0;0,00
BORRAZÓPOLIS;410330501A;PR;Borrazopolis I;-23,942;-51,59;2025-03-21 21:00:00.0;0,00
BORRAZÓPOLIS;410330501A;PR;Borrazopolis I;-23,942;-51,59;2025-03-21 22:00:00.0;0,00
BORRAZÓPOLIS;410330501A;PR;Borrazopolis I;-23,942;-51,59;2025-03-21 23:00:00.0;0,00
BORRAZÓPOLIS;410330501A;PR;Borrazopolis I;-23,942;-51,59;2025-03-22 00:00:00.0;0,00
BORRAZÓPOLIS;410330501A;PR;Borrazopolis I;-23,942;-51,59;2025-03-22 01:00:00.0;0,00
BORRAZÓPOLIS;410330501A;PR;Borrazopolis I;-23,942;-51,59;2025-03-22 02:00:00.0;0,00
BORRAZÓPOLIS;410330501A;PR;Borrazopolis I;-23,942;-51,59;2025-03-22 03:00:00.0;0,00
BORRAZÓPOLIS;410330501A;PR;Borrazopolis I;-23,942;-51,59;2025-03-22 04:00:00.0;0,00
BORRAZÓPOLIS;410330501A;PR;Borrazopolis I;-23,942;-51,59;2025-03-22 05:00:00.0;0,00
BORRAZÓPOLIS;410330501A;PR;Borrazopolis I;-23,942;-51,59;2025-03-22 06:00:00.0;0,00
BORRAZÓPOLIS;410330501A;PR;Borrazopolis I;-23,942;-51,59;2025-03-22 07:00:00.0;0,00
BORRAZÓPOLIS;410330501A;PR;Borrazopolis I;-23,942;-51,59;2025-03-22 08:00:00.0;0,00
BORRAZÓPOLIS;410330501A;PR;Borrazopolis I;-23,942;-51,59;2025-03-22 09:00:00.0;0,00
BORRAZÓPOLIS;410330501A;PR;Borrazopolis I;-23,942;-51,59;2025-03-22 10:00:00.0;0,00
BORRAZÓPOLIS;410330501A;PR;Borrazopolis I;-23,942;-51,59;2025-03-22 11:00:00.0;0,00
BORRAZÓPOLIS;410330501A;PR;Borrazopolis I;-23,942;-51,59;2025-03-22 12:00:00.0;0,00
BORRAZÓPOLIS;410330501A;PR;Borrazopolis I;-23,942;-51,59;2025-03-22 13:00:00.0;0,00
BORRAZÓPOLIS;410330501A;PR;Borrazopolis I;-23,942;-51,59;2025-03-22 14:00:00.0;0,00
BORRAZÓPOLIS;410330501A;PR;Borrazopolis I;-23,942;-51,59;2025-03-22 15:00:00.0;0,00
BORRAZÓPOLIS;410330501A;PR;Borrazopolis I;-23,942;-51,59;2025-03-22 16:00:00.0;0,00
BORRAZÓPOLIS;410330501A;PR;Borrazopolis I;-23,942;-51,59;2025-03-22 17:00:00.0;0,00
BORRAZÓPOLIS;410330501A;PR;Borrazopolis I;-23,942;-51,59;2025-03-22 18:00:00.0;0,00
BORRAZÓPOLIS;410330501A;PR;Borrazopolis I;-23,942;-51,59;2025-03-22 19:00:00.0;0,00
BORRAZÓPOLIS;410330501A;PR;Borrazopolis I;-23,942;-51,59;2025-03-22 20:00:00.0;0,00
BORRAZÓPOLIS;410330501A;PR;Borrazopolis I;-23,942;-51,59;2025-03-22 21:00:00.0;0,00
BORRAZÓPOLIS;410330501A;PR;Borrazopolis I;-23,942;-51,59;2025-03-22 22:00:00.0;0,00
BORRAZÓPOLIS;410330501A;PR;Borrazopolis I;-23,942;-51,59;2025-03-22 23:00:00.0;0,00
BORRAZÓPOLIS;410330501A;PR;Borrazopolis I;-23,942;-51,59;2025-03-23 00:00:00.0;0,00
BORRAZÓPOLIS;410330501A;PR;Borrazopolis I;-23,942;-51,59;2025-03-23 01:00:00.0;0,00
BORRAZÓPOLIS;410330501A;PR;Borrazopolis I;-23,942;-51,59;2025-03-23 02:00:00.0;0,00
BORRAZÓPOLIS;410330501A;PR;Borrazopolis I;-23,942;-51,59;2025-03-23 03:00:00.0;0,00
BORRAZÓPOLIS;410330501A;PR;Borrazopolis I;-23,942;-51,59;2025-03-23 04:00:00.0;0,00
BORRAZÓPOLIS;410330501A;PR;Borrazopolis I;-23,942;-51,59;2025-03-23 05:00:00.0;0,00
BORRAZÓPOLIS;410330501A;PR;Borrazopolis I;-23,942;-51,59;2025-03-23 06:00:00.0;0,00
BORRAZÓPOLIS;410330501A;PR;Borrazopolis I;-23,942;-51,59;2025-03-23 07:00:00.0;0,00
BORRAZÓPOLIS;410330501A;PR;Borrazopolis I;-23,942;-51,59;2025-03-23 08:00:00.0;0,00
BORRAZÓPOLIS;410330501A;PR;Borrazopolis I;-23,942;-51,59;2025-03-23 09:00:00.0;0,00
BORRAZÓPOLIS;410330501A;PR;Borrazopolis I;-23,942;-51,59;2025-03-23 10:00:00.0;0,00
BORRAZÓPOLIS;410330501A;PR;Borrazopolis I;-23,942;-51,59;2025-03-23 11:00:00.0;0,00
BORRAZÓPOLIS;410330501A;PR;Borrazopolis I;-23,942;-51,59;2025-03-23 12:00:00.0;0,00
BORRAZÓPOLIS;410330501A;PR;Borrazopolis I;-23,942;-51,59;2025-03-23 13:00:00.0;0,00
BORRAZÓPOLIS;410330501A;PR;Borrazopolis I;-23,942;-51,59;2025-03-23 14:00:00.0;0,00
BORRAZÓPOLIS;410330501A;PR;Borrazopolis I;-23,942;-51,59;2025-03-23 15:00:00.0;0,00
BORRAZÓPOLIS;410330501A;PR;Borrazopolis I;-23,942;-51,59;2025-03-23 16:00:00.0;0,00
BORRAZÓPOLIS;410330501A;PR;Borrazopolis I;-23,942;-51,59;2025-03-23 17:00:00.0;0,39
BORRAZÓPOLIS;410330501A;PR;Borrazopolis I;-23,942;-51,59;2025-03-23 17:10:00.0;0,98
BORRAZÓPOLIS;410330501A;PR;Borrazopolis I;-23,942;-51,59;2025-03-23 17:20:00.0;0,59
BORRAZÓPOLIS;410330501A;PR;Borrazopolis I;-23,942;-51,59;2025-03-23 17:30:00.0;0,20
BORRAZÓPOLIS;410330501A;PR;Borrazopolis I;-23,942;-51,59;2025-03-23 18:00:00.0;0,59
BORRAZÓPOLIS;410330501A;PR;Borrazopolis I;-23,942;-51,59;2025-03-23 18:10:00.0;0,39
BORRAZÓPOLIS;410330501A;PR;Borrazopolis I;-23,942;-51,59;2025-03-23 19:00:00.0;0,00
BORRAZÓPOLIS;410330501A;PR;Borrazopolis I;-23,942;-51,59;2025-03-23 20:00:00.0;0,00
BORRAZÓPOLIS;410330501A;PR;Borrazopolis I;-23,942;-51,59;2025-03-23 21:00:00.0;0,00
BORRAZÓPOLIS;410330501A;PR;Borrazopolis I;-23,942;-51,59;2025-03-23 22:00:00.0;0,00
BORRAZÓPOLIS;410330501A;PR;Borrazopolis I;-23,942;-51,59;2025-03-23 23:10:00.0;0,00
BORRAZÓPOLIS;410330501A;PR;Borrazopolis I;-23,942;-51,59;2025-03-24 00:40:00.0;0,00
BORRAZÓPOLIS;410330501A;PR;Borrazopolis I;-23,942;-51,59;2025-03-24 01:30:00.0;0,00
BORRAZÓPOLIS;410330501A;PR;Borrazopolis I;-23,942;-51,59;2025-03-24 02:00:00.0;0,00
BORRAZÓPOLIS;410330501A;PR;Borrazopolis I;-23,942;-51,59;2025-03-24 03:30:00.0;0,00
BORRAZÓPOLIS;410330501A;PR;Borrazopolis I;-23,942;-51,59;2025-03-24 05:20:00.0;0,00
BORRAZÓPOLIS;410330501A;PR;Borrazopolis I;-23,942;-51,59;2025-03-24 07:20:00.0;0,00
BORRAZÓPOLIS;410330501A;PR;Borrazopolis I;-23,942;-51,59;2025-03-24 08:00:00.0;0,00
BORRAZÓPOLIS;410330501A;PR;Borrazopolis I;-23,942;-51,59;2025-03-24 09:00:00.0;0,00
BORRAZÓPOLIS;410330501A;PR;Borrazopolis I;-23,942;-51,59;2025-03-24 12:00:00.0;0,00
BORRAZÓPOLIS;410330501A;PR;Borrazopolis I;-23,942;-51,59;2025-03-24 13:30:00.0;0,00
BORRAZÓPOLIS;410330501A;PR;Borrazopolis I;-23,942;-51,59;2025-03-24 14:00:00.0;0,00
BORRAZÓPOLIS;410330501A;PR;Borrazopolis I;-23,942;-51,59;2025-03-24 15:00:00.0;0,00
BORRAZÓPOLIS;410330501A;PR;Borrazopolis I;-23,942;-51,59;2025-03-24 16:00:00.0;0,00
BORRAZÓPOLIS;410330501A;PR;Borrazopolis I;-23,942;-51,59;2025-03-24 17:00:00.0;0,00
BORRAZÓPOLIS;410330501A;PR;Borrazopolis I;-23,942;-51,59;2025-03-24 18:00:00.0;0,00
BORRAZÓPOLIS;410330501A;PR;Borrazopolis I;-23,942;-51,59;2025-03-24 19:00:00.0;0,00
BORRAZÓPOLIS;410330501A;PR;Borrazopolis I;-23,942;-51,59;2025-03-24 20:00:00.0;0,00
BORRAZÓPOLIS;410330501A;PR;Borrazopolis I;-23,942;-51,59;2025-03-24 21:00:00.0;0,00
BORRAZÓPOLIS;410330501A;PR;Borrazopolis I;-23,942;-51,59;2025-03-24 22:00:00.0;0,00
BORRAZÓPOLIS;410330501A;PR;Borrazopolis I;-23,942;-51,59;2025-03-24 23:00:00.0;0,00
BORRAZÓPOLIS;410330501A;PR;Borrazopolis I;-23,942;-51,59;2025-03-25 00:00:00.0;0,00
BORRAZÓPOLIS;410330501A;PR;Borrazopolis I;-23,942;-51,59;2025-03-25 01:00:00.0;0,00
BORRAZÓPOLIS;410330501A;PR;Borrazopolis I;-23,942;-51,59;2025-03-25 02:00:00.0;0,00
BORRAZÓPOLIS;410330501A;PR;Borrazopolis I;-23,942;-51,59;2025-03-25 03:00:00.0;0,00
BORRAZÓPOLIS;410330501A;PR;Borrazopolis I;-23,942;-51,59;2025-03-25 04:00:00.0;0,00
BORRAZÓPOLIS;410330501A;PR;Borrazopolis I;-23,942;-51,59;2025-03-25 05:00:00.0;0,00
BORRAZÓPOLIS;410330501A;PR;Borrazopolis I;-23,942;-51,59;2025-03-25 06:00:00.0;0,00
BORRAZÓPOLIS;410330501A;PR;Borrazopolis I;-23,942;-51,59;2025-03-25 07:00:00.0;0,00
BORRAZÓPOLIS;410330501A;PR;Borrazopolis I;-23,942;-51,59;2025-03-25 08:00:00.0;0,00
BORRAZÓPOLIS;410330501A;PR;Borrazopolis I;-23,942;-51,59;2025-03-25 09:00:00.0;0,00
BORRAZÓPOLIS;410330501A;PR;Borrazopolis I;-23,942;-51,59;2025-03-25 10:00:00.0;0,00
BORRAZÓPOLIS;410330501A;PR;Borrazopolis I;-23,942;-51,59;2025-03-25 11:00:00.0;0,00
BORRAZÓPOLIS;410330501A;PR;Borrazopolis I;-23,942;-51,59;2025-03-25 12:00:00.0;0,00
BORRAZÓPOLIS;410330501A;PR;Borrazopolis I;-23,942;-51,59;2025-03-25 13:00:00.0;0,00
BORRAZÓPOLIS;410330501A;PR;Borrazopolis I;-23,942;-51,59;2025-03-25 14:00:00.0;0,00
BORRAZÓPOLIS;410330501A;PR;Borrazopolis I;-23,942;-51,59;2025-03-25 15:00:00.0;0,00
BORRAZÓPOLIS;410330501A;PR;Borrazopolis I;-23,942;-51,59;2025-03-25 16:00:00.0;0,00
BORRAZÓPOLIS;410330501A;PR;Borrazopolis I;-23,942;-51,59;2025-03-25 17:00:00.0;0,00
BORRAZÓPOLIS;410330501A;PR;Borrazopolis I;-23,942;-51,59;2025-03-25 18:00:00.0;0,00
BORRAZÓPOLIS;410330501A;PR;Borrazopolis I;-23,942;-51,59;2025-03-25 19:00:00.0;0,00
BORRAZÓPOLIS;410330501A;PR;Borrazopolis I;-23,942;-51,59;2025-03-25 20:00:00.0;0,00
BORRAZÓPOLIS;410330501A;PR;Borrazopolis I;-23,942;-51,59;2025-03-25 21:00:00.0;0,00
BORRAZÓPOLIS;410330501A;PR;Borrazopolis I;-23,942;-51,59;2025-03-25 22:00:00.0;0,00
BORRAZÓPOLIS;410330501A;PR;Borrazopolis I;-23,942;-51,59;2025-03-25 23:00:00.0;0,00
BORRAZÓPOLIS;410330501A;PR;Borrazopolis I;-23,942;-51,59;2025-03-26 00:00:00.0;0,00
BORRAZÓPOLIS;410330501A;PR;Borrazopolis I;-23,942;-51,59;2025-03-26 01:00:00.0;0,00
BORRAZÓPOLIS;410330501A;PR;Borrazopolis I;-23,942;-51,59;2025-03-26 02:00:00.0;0,00
BORRAZÓPOLIS;410330501A;PR;Borrazopolis I;-23,942;-51,59;2025-03-26 02:10:00.0;0,79
BORRAZÓPOLIS;410330501A;PR;Borrazopolis I;-23,942;-51,59;2025-03-26 02:20:00.0;1,57
BORRAZÓPOLIS;410330501A;PR;Borrazopolis I;-23,942;-51,59;2025-03-26 02:30:00.0;3,35
BORRAZÓPOLIS;410330501A;PR;Borrazopolis I;-23,942;-51,59;2025-03-26 02:40:00.0;9,34
BORRAZÓPOLIS;410330501A;PR;Borrazopolis I;-23,942;-51,59;2025-03-26 02:50:00.0;8,73
BORRAZÓPOLIS;410330501A;PR;Borrazopolis I;-23,942;-51,59;2025-03-26 03:00:00.0;9,55
BORRAZÓPOLIS;410330501A;PR;Borrazopolis I;-23,942;-51,59;2025-03-26 03:10:00.0;4,14
BORRAZÓPOLIS;410330501A;PR;Borrazopolis I;-23,942;-51,59;2025-03-26 03:20:00.0;1,37
BORRAZÓPOLIS;410330501A;PR;Borrazopolis I;-23,942;-51,59;2025-03-26 03:30:00.0;0,79
BORRAZÓPOLIS;410330501A;PR;Borrazopolis I;-23,942;-51,59;2025-03-26 03:50:00.0;0,20
BORRAZÓPOLIS;410330501A;PR;Borrazopolis I;-23,942;-51,59;2025-03-26 04:00:00.0;0,20
BORRAZÓPOLIS;410330501A;PR;Borrazopolis I;-23,942;-51,59;2025-03-26 04:20:00.0;0,59
BORRAZÓPOLIS;410330501A;PR;Borrazopolis I;-23,942;-51,59;2025-03-26 04:30:00.0;0,59
BORRAZÓPOLIS;410330501A;PR;Borrazopolis I;-23,942;-51,59;2025-03-26 04:40:00.0;0,39
BORRAZÓPOLIS;410330501A;PR;Borrazopolis I;-23,942;-51,59;2025-03-26 05:00:00.0;0,00
BORRAZÓPOLIS;410330501A;PR;Borrazopolis I;-23,942;-51,59;2025-03-26 06:00:00.0;0,00
BORRAZÓPOLIS;410330501A;PR;Borrazopolis I;-23,942;-51,59;2025-03-26 07:00:00.0;0,00
BORRAZÓPOLIS;410330501A;PR;Borrazopolis I;-23,942;-51,59;2025-03-26 08:00:00.0;0,00
BORRAZÓPOLIS;410330501A;PR;Borrazopolis I;-23,942;-51,59;2025-03-26 09:00:00.0;0,00
BORRAZÓPOLIS;410330501A;PR;Borrazopolis I;-23,942;-51,59;2025-03-26 10:00:00.0;0,00
BORRAZÓPOLIS;410330501A;PR;Borrazopolis I;-23,942;-51,59;2025-03-26 11:00:00.0;0,00
BORRAZÓPOLIS;410330501A;PR;Borrazopolis I;-23,942;-51,59;2025-03-26 12:00:00.0;0,00
BORRAZÓPOLIS;410330501A;PR;Borrazopolis I;-23,942;-51,59;2025-03-26 13:00:00.0;0,00
BORRAZÓPOLIS;410330501A;PR;Borrazopolis I;-23,942;-51,59;2025-03-26 14:00:00.0;0,00
BORRAZÓPOLIS;410330501A;PR;Borrazopolis I;-23,942;-51,59;2025-03-26 15:00:00.0;0,00
BORRAZÓPOLIS;410330501A;PR;Borrazopolis I;-23,942;-51,59;2025-03-26 16:00:00.0;0,00
BORRAZÓPOLIS;410330501A;PR;Borrazopolis I;-23,942;-51,59;2025-03-26 17:00:00.0;0,00
BORRAZÓPOLIS;410330501A;PR;Borrazopolis I;-23,942;-51,59;2025-03-26 18:00:00.0;0,00
BORRAZÓPOLIS;410330501A;PR;Borrazopolis I;-23,942;-51,59;2025-03-26 19:00:00.0;0,00
BORRAZÓPOLIS;410330501A;PR;Borrazopolis I;-23,942;-51,59;2025-03-26 20:00:00.0;0,00
BORRAZÓPOLIS;410330501A;PR;Borrazopolis I;-23,942;-51,59;2025-03-26 21:00:00.0;0,00
BORRAZÓPOLIS;410330501A;PR;Borrazopolis I;-23,942;-51,59;2025-03-26 22:00:00.0;0,00
BORRAZÓPOLIS;410330501A;PR;Borrazopolis I;-23,942;-51,59;2025-03-26 23:00:00.0;0,00
BORRAZÓPOLIS;410330501A;PR;Borrazopolis I;-23,942;-51,59;2025-03-27 00:00:00.0;0,00
BORRAZÓPOLIS;410330501A;PR;Borrazopolis I;-23,942;-51,59;2025-03-27 01:00:00.0;0,00
BORRAZÓPOLIS;410330501A;PR;Borrazopolis I;-23,942;-51,59;2025-03-27 02:00:00.0;0,00
BORRAZÓPOLIS;410330501A;PR;Borrazopolis I;-23,942;-51,59;2025-03-27 03:00:00.0;0,00
BORRAZÓPOLIS;410330501A;PR;Borrazopolis I;-23,942;-51,59;2025-03-27 04:00:00.0;0,00
BORRAZÓPOLIS;410330501A;PR;Borrazopolis I;-23,942;-51,59;2025-03-27 05:00:00.0;0,00
BORRAZÓPOLIS;410330501A;PR;Borrazopolis I;-23,942;-51,59;2025-03-27 06:00:00.0;0,00
BORRAZÓPOLIS;410330501A;PR;Borrazopolis I;-23,942;-51,59;2025-03-27 07:00:00.0;0,00
BORRAZÓPOLIS;410330501A;PR;Borrazopolis I;-23,942;-51,59;2025-03-27 08:00:00.0;0,00
BORRAZÓPOLIS;410330501A;PR;Borrazopolis I;-23,942;-51,59;2025-03-27 09:00:00.0;0,00
BORRAZÓPOLIS;410330501A;PR;Borrazopolis I;-23,942;-51,59;2025-03-27 10:00:00.0;0,00
BORRAZÓPOLIS;410330501A;PR;Borrazopolis I;-23,942;-51,59;2025-03-27 11:00:00.0;0,00
BORRAZÓPOLIS;410330501A;PR;Borrazopolis I;-23,942;-51,59;2025-03-27 12:00:00.0;0,00
BORRAZÓPOLIS;410330501A;PR;Borrazopolis I;-23,942;-51,59;2025-03-27 13:00:00.0;0,00
BORRAZÓPOLIS;410330501A;PR;Borrazopolis I;-23,942;-51,59;2025-03-27 14:00:00.0;0,00
BORRAZÓPOLIS;410330501A;PR;Borrazopolis I;-23,942;-51,59;2025-03-27 15:00:00.0;0,00
BORRAZÓPOLIS;410330501A;PR;Borrazopolis I;-23,942;-51,59;2025-03-27 16:00:00.0;0,00
BORRAZÓPOLIS;410330501A;PR;Borrazopolis I;-23,942;-51,59;2025-03-27 17:00:00.0;0,00
BORRAZÓPOLIS;410330501A;PR;Borrazopolis I;-23,942;-51,59;2025-03-27 18:00:00.0;0,00
BORRAZÓPOLIS;410330501A;PR;Borrazopolis I;-23,942;-51,59;2025-03-27 19:00:00.0;0,00
BORRAZÓPOLIS;410330501A;PR;Borrazopolis I;-23,942;-51,59;2025-03-27 20:00:00.0;0,00
BORRAZÓPOLIS;410330501A;PR;Borrazopolis I;-23,942;-51,59;2025-03-27 21:00:00.0;0,00
BORRAZÓPOLIS;410330501A;PR;Borrazopolis I;-23,942;-51,59;2025-03-27 22:00:00.0;0,00
BORRAZÓPOLIS;410330501A;PR;Borrazopolis I;-23,942;-51,59;2025-03-27 23:00:00.0;0,00
BORRAZÓPOLIS;410330501A;PR;Borrazopolis I;-23,942;-51,59;2025-03-28 00:00:00.0;0,00
BORRAZÓPOLIS;410330501A;PR;Borrazopolis I;-23,942;-51,59;2025-03-28 01:00:00.0;0,00
BORRAZÓPOLIS;410330501A;PR;Borrazopolis I;-23,942;-51,59;2025-03-28 02:00:00.0;0,00
BORRAZÓPOLIS;410330501A;PR;Borrazopolis I;-23,942;-51,59;2025-03-28 03:00:00.0;0,00
BORRAZÓPOLIS;410330501A;PR;Borrazopolis I;-23,942;-51,59;2025-03-28 04:00:00.0;0,00
BORRAZÓPOLIS;410330501A;PR;Borrazopolis I;-23,942;-51,59;2025-03-28 05:00:00.0;0,00
BORRAZÓPOLIS;410330501A;PR;Borrazopolis I;-23,942;-51,59;2025-03-28 06:00:00.0;0,00
BORRAZÓPOLIS;410330501A;PR;Borrazopolis I;-23,942;-51,59;2025-03-28 07:00:00.0;0,00
BORRAZÓPOLIS;410330501A;PR;Borrazopolis I;-23,942;-51,59;2025-03-28 08:00:00.0;0,20
BORRAZÓPOLIS;410330501A;PR;Borrazopolis I;-23,942;-51,59;2025-03-28 08:40:00.0;0,20
BORRAZÓPOLIS;410330501A;PR;Borrazopolis I;-23,942;-51,59;2025-03-28 08:50:00.0;0,20
BORRAZÓPOLIS;410330501A;PR;Borrazopolis I;-23,942;-51,59;2025-03-28 09:00:00.0;0,00
BORRAZÓPOLIS;410330501A;PR;Borrazopolis I;-23,942;-51,59;2025-03-28 09:50:00.0;0,20
BORRAZÓPOLIS;410330501A;PR;Borrazopolis I;-23,942;-51,59;2025-03-28 10:00:00.0;0,00
BORRAZÓPOLIS;410330501A;PR;Borrazopolis I;-23,942;-51,59;2025-03-28 11:00:00.0;0,00
BORRAZÓPOLIS;410330501A;PR;Borrazopolis I;-23,942;-51,59;2025-03-28 12:00:00.0;0,00
BORRAZÓPOLIS;410330501A;PR;Borrazopolis I;-23,942;-51,59;2025-03-28 13:00:00.0;0,00
BORRAZÓPOLIS;410330501A;PR;Borrazopolis I;-23,942;-51,59;2025-03-28 14:00:00.0;0,00
BORRAZÓPOLIS;410330501A;PR;Borrazopolis I;-23,942;-51,59;2025-03-28 15:00:00.0;0,00
BORRAZÓPOLIS;410330501A;PR;Borrazopolis I;-23,942;-51,59;2025-03-28 16:00:00.0;0,00
BORRAZÓPOLIS;410330501A;PR;Borrazopolis I;-23,942;-51,59;2025-03-28 17:00:00.0;0,00
BORRAZÓPOLIS;410330501A;PR;Borrazopolis I;-23,942;-51,59;2025-03-28 18:00:00.0;0,00
BORRAZÓPOLIS;410330501A;PR;Borrazopolis I;-23,942;-51,59;2025-03-28 19:00:00.0;0,00
BORRAZÓPOLIS;410330501A;PR;Borrazopolis I;-23,942;-51,59;2025-03-28 20:00:00.0;0,00
BORRAZÓPOLIS;410330501A;PR;Borrazopolis I;-23,942;-51,59;2025-03-28 21:00:00.0;0,00
BORRAZÓPOLIS;410330501A;PR;Borrazopolis I;-23,942;-51,59;2025-03-28 22:00:00.0;0,00
BORRAZÓPOLIS;410330501A;PR;Borrazopolis I;-23,942;-51,59;2025-03-28 23:00:00.0;0,00
BORRAZÓPOLIS;410330501A;PR;Borrazopolis I;-23,942;-51,59;2025-03-29 00:00:00.0;0,00
BORRAZÓPOLIS;410330501A;PR;Borrazopolis I;-23,942;-51,59;2025-03-29 01:00:00.0;0,00
BORRAZÓPOLIS;410330501A;PR;Borrazopolis I;-23,942;-51,59;2025-03-29 02:00:00.0;0,00
BORRAZÓPOLIS;410330501A;PR;Borrazopolis I;-23,942;-51,59;2025-03-29 03:00:00.0;0,00
BORRAZÓPOLIS;410330501A;PR;Borrazopolis I;-23,942;-51,59;2025-03-29 04:00:00.0;0,00
BORRAZÓPOLIS;410330501A;PR;Borrazopolis I;-23,942;-51,59;2025-03-29 05:00:00.0;0,00
BORRAZÓPOLIS;410330501A;PR;Borrazopolis I;-23,942;-51,59;2025-03-29 06:00:00.0;0,00
BORRAZÓPOLIS;410330501A;PR;Borrazopolis I;-23,942;-51,59;2025-03-29 07:00:00.0;0,00
BORRAZÓPOLIS;410330501A;PR;Borrazopolis I;-23,942;-51,59;2025-03-29 08:00:00.0;0,00
BORRAZÓPOLIS;410330501A;PR;Borrazopolis I;-23,942;-51,59;2025-03-29 09:00:00.0;0,00
BORRAZÓPOLIS;410330501A;PR;Borrazopolis I;-23,942;-51,59;2025-03-29 10:00:00.0;0,00
BORRAZÓPOLIS;410330501A;PR;Borrazopolis I;-23,942;-51,59;2025-03-29 11:00:00.0;0,00
BORRAZÓPOLIS;410330501A;PR;Borrazopolis I;-23,942;-51,59;2025-03-29 12:00:00.0;0,00
BORRAZÓPOLIS;410330501A;PR;Borrazopolis I;-23,942;-51,59;2025-03-29 13:00:00.0;0,00
BORRAZÓPOLIS;410330501A;PR;Borrazopolis I;-23,942;-51,59;2025-03-29 14:00:00.0;0,00
BORRAZÓPOLIS;410330501A;PR;Borrazopolis I;-23,942;-51,59;2025-03-29 15:00:00.0;0,00
BORRAZÓPOLIS;410330501A;PR;Borrazopolis I;-23,942;-51,59;2025-03-29 16:00:00.0;0,00
BORRAZÓPOLIS;410330501A;PR;Borrazopolis I;-23,942;-51,59;2025-03-29 16:10:00.0;0,39
BORRAZÓPOLIS;410330501A;PR;Borrazopolis I;-23,942;-51,59;2025-03-29 16:20:00.0;4,33
BORRAZÓPOLIS;410330501A;PR;Borrazopolis I;-23,942;-51,59;2025-03-29 16:30:00.0;3,74
BORRAZÓPOLIS;410330501A;PR;Borrazopolis I;-23,942;-51,59;2025-03-29 16:40:00.0;19,34
BORRAZÓPOLIS;410330501A;PR;Borrazopolis I;-23,942;-51,59;2025-03-29 16:50:00.0;8,53
BORRAZÓPOLIS;410330501A;PR;Borrazopolis I;-23,942;-51,59;2025-03-29 17:00:00.0;2,36
BORRAZÓPOLIS;410330501A;PR;Borrazopolis I;-23,942;-51,59;2025-03-29 17:10:00.0;0,39
BORRAZÓPOLIS;410330501A;PR;Borrazopolis I;-23,942;-51,59;2025-03-29 18:00:00.0;0,00
BORRAZÓPOLIS;410330501A;PR;Borrazopolis I;-23,942;-51,59;2025-03-29 18:40:00.0;0,39
BORRAZÓPOLIS;410330501A;PR;Borrazopolis I;-23,942;-51,59;2025-03-29 18:50:00.0;0,20
BORRAZÓPOLIS;410330501A;PR;Borrazopolis I;-23,942;-51,59;2025-03-29 19:00:00.0;0,59
BORRAZÓPOLIS;410330501A;PR;Borrazopolis I;-23,942;-51,59;2025-03-29 19:10:00.0;0,20
BORRAZÓPOLIS;410330501A;PR;Borrazopolis I;-23,942;-51,59;2025-03-29 19:40:00.0;0,20
BORRAZÓPOLIS;410330501A;PR;Borrazopolis I;-23,942;-51,59;2025-03-29 19:50:00.0;0,39
BORRAZÓPOLIS;410330501A;PR;Borrazopolis I;-23,942;-51,59;2025-03-29 20:00:00.0;0,20
BORRAZÓPOLIS;410330501A;PR;Borrazopolis I;-23,942;-51,59;2025-03-29 20:10:00.0;0,39
BORRAZÓPOLIS;410330501A;PR;Borrazopolis I;-23,942;-51,59;2025-03-29 20:20:00.0;0,39
BORRAZÓPOLIS;410330501A;PR;Borrazopolis I;-23,942;-51,59;2025-03-29 20:30:00.0;0,39
BORRAZÓPOLIS;410330501A;PR;Borrazopolis I;-23,942;-51,59;2025-03-29 20:40:00.0;0,59
BORRAZÓPOLIS;410330501A;PR;Borrazopolis I;-23,942;-51,59;2025-03-29 20:50:00.0;0,39
BORRAZÓPOLIS;410330501A;PR;Borrazopolis I;-23,942;-51,59;2025-03-29 21:00:00.0;0,39
BORRAZÓPOLIS;410330501A;PR;Borrazopolis I;-23,942;-51,59;2025-03-29 21:10:00.0;0,20
BORRAZÓPOLIS;410330501A;PR;Borrazopolis I;-23,942;-51,59;2025-03-29 21:30:00.0;0,20
BORRAZÓPOLIS;410330501A;PR;Borrazopolis I;-23,942;-51,59;2025-03-29 22:00:00.0;0,00
BORRAZÓPOLIS;410330501A;PR;Borrazopolis I;-23,942;-51,59;2025-03-29 23:00:00.0;0,00
BORRAZÓPOLIS;410330501A;PR;Borrazopolis I;-23,942;-51,59;2025-03-30 00:00:00.0;0,00
BORRAZÓPOLIS;410330501A;PR;Borrazopolis I;-23,942;-51,59;2025-03-30 01:00:00.0;0,00
BORRAZÓPOLIS;410330501A;PR;Borrazopolis I;-23,942;-51,59;2025-03-30 01:40:00.0;0,20
BORRAZÓPOLIS;410330501A;PR;Borrazopolis I;-23,942;-51,59;2025-03-30 02:00:00.0;0,00
BORRAZÓPOLIS;410330501A;PR;Borrazopolis I;-23,942;-51,59;2025-03-30 03:00:00.0;0,00
BORRAZÓPOLIS;410330501A;PR;Borrazopolis I;-23,942;-51,59;2025-03-30 04:00:00.0;0,00
BORRAZÓPOLIS;410330501A;PR;Borrazopolis I;-23,942;-51,59;2025-03-30 05:00:00.0;0,00
BORRAZÓPOLIS;410330501A;PR;Borrazopolis I;-23,942;-51,59;2025-03-30 06:00:00.0;0,00
BORRAZÓPOLIS;410330501A;PR;Borrazopolis I;-23,942;-51,59;2025-03-30 07:00:00.0;0,00
BORRAZÓPOLIS;410330501A;PR;Borrazopolis I;-23,942;-51,59;2025-03-30 08:00:00.0;0,00
BORRAZÓPOLIS;410330501A;PR;Borrazopolis I;-23,942;-51,59;2025-03-30 09:00:00.0;0,00
BORRAZÓPOLIS;410330501A;PR;Borrazopolis I;-23,942;-51,59;2025-03-30 10:00:00.0;0,00
BORRAZÓPOLIS;410330501A;PR;Borrazopolis I;-23,942;-51,59;2025-03-30 11:00:00.0;0,00
BORRAZÓPOLIS;410330501A;PR;Borrazopolis I;-23,942;-51,59;2025-03-30 12:00:00.0;0,00
BORRAZÓPOLIS;410330501A;PR;Borrazopolis I;-23,942;-51,59;2025-03-30 13:00:00.0;0,00
BORRAZÓPOLIS;410330501A;PR;Borrazopolis I;-23,942;-51,59;2025-03-30 14:00:00.0;0,00
BORRAZÓPOLIS;410330501A;PR;Borrazopolis I;-23,942;-51,59;2025-03-30 15:00:00.0;0,00
BORRAZÓPOLIS;410330501A;PR;Borrazopolis I;-23,942;-51,59;2025-03-30 17:10:00.0;0,00
BORRAZÓPOLIS;410330501A;PR;Borrazopolis I;-23,942;-51,59;2025-03-30 18:10:00.0;0,00
BORRAZÓPOLIS;410330501A;PR;Borrazopolis I;-23,942;-51,59;2025-03-30 19:30:00.0;0,00
BORRAZÓPOLIS;410330501A;PR;Borrazopolis I;-23,942;-51,59;2025-03-30 20:10:00.0;0,00
BORRAZÓPOLIS;410330501A;PR;Borrazopolis I;-23,942;-51,59;2025-03-30 21:00:00.0;0,00
BORRAZÓPOLIS;410330501A;PR;Borrazopolis I;-23,942;-51,59;2025-03-30 22:30:00.0;0,00
BORRAZÓPOLIS;410330501A;PR;Borrazopolis I;-23,942;-51,59;2025-03-30 23:00:00.0;0,00
BORRAZÓPOLIS;410330501A;PR;Borrazopolis I;-23,942;-51,59;2025-03-31 00:00:00.0;0,00
BORRAZÓPOLIS;410330501A;PR;Borrazopolis I;-23,942;-51,59;2025-03-31 01:10:00.0;0,00
BORRAZÓPOLIS;410330501A;PR;Borrazopolis I;-23,942;-51,59;2025-03-31 02:30:00.0;0,00
BORRAZÓPOLIS;410330501A;PR;Borrazopolis I;-23,942;-51,59;2025-03-31 03:00:00.0;0,00
BORRAZÓPOLIS;410330501A;PR;Borrazopolis I;-23,942;-51,59;2025-03-31 04:00:00.0;0,00
BORRAZÓPOLIS;410330501A;PR;Borrazopolis I;-23,942;-51,59;2025-03-31 05:30:00.0;0,00
BORRAZÓPOLIS;410330501A;PR;Borrazopolis I;-23,942;-51,59;2025-03-31 06:00:00.0;0,00
BORRAZÓPOLIS;410330501A;PR;Borrazopolis I;-23,942;-51,59;2025-03-31 07:10:00.0;0,00
BORRAZÓPOLIS;410330501A;PR;Borrazopolis I;-23,942;-51,59;2025-03-31 08:40:00.0;0,00
BORRAZÓPOLIS;410330501A;PR;Borrazopolis I;-23,942;-51,59;2025-03-31 09:00:00.0;0,00
BORRAZÓPOLIS;410330501A;PR;Borrazopolis I;-23,942;-51,59;2025-03-31 10:00:00.0;0,00
BORRAZÓPOLIS;410330501A;PR;Borrazopolis I;-23,942;-51,59;2025-03-31 11:00:00.0;0,00
BORRAZÓPOLIS;410330501A;PR;Borrazopolis I;-23,942;-51,59;2025-03-31 12:00:00.0;0,00
BORRAZÓPOLIS;410330501A;PR;Borrazopolis I;-23,942;-51,59;2025-03-31 13:00:00.0;0,00
BORRAZÓPOLIS;410330501A;PR;Borrazopolis I;-23,942;-51,59;2025-03-31 14:00:00.0;0,00
BORRAZÓPOLIS;410330501A;PR;Borrazopolis I;-23,942;-51,59;2025-03-31 15:00:00.0;0,00
BORRAZÓPOLIS;410330501A;PR;Borrazopolis I;-23,942;-51,59;2025-03-31 16:00:00.0;0,00
BORRAZÓPOLIS;410330501A;PR;Borrazopolis I;-23,942;-51,59;2025-03-31 17:00:00.0;0,00
BORRAZÓPOLIS;410330501A;PR;Borrazopolis I;-23,942;-51,59;2025-03-31 18:00:00.0;0,00
BORRAZÓPOLIS;410330501A;PR;Borrazopolis I;-23,942;-51,59;2025-03-31 19:00:00.0;0,00
BORRAZÓPOLIS;410330501A;PR;Borrazopolis I;-23,942;-51,59;2025-03-31 20:00:00.0;0,00
BORRAZÓPOLIS;410330501A;PR;Borrazopolis I;-23,942;-51,59;2025-03-31 21:00:00.0;0,00
BORRAZÓPOLIS;410330501A;PR;Borrazopolis I;-23,942;-51,59;2025-03-31 22:00:00.0;0,00
BORRAZÓPOLIS;410330501A;PR;Borrazopolis I;-23,942;-51,59;2025-03-31 23:00:00.0;0,00
CAMBARÁ;410360201A;PR;Centro;-23,04;-50,079;2025-03-01 10:40:00.0;0,00
CAMBARÁ;410360201A;PR;Centro;-23,04;-50,079;2025-03-01 11:40:00.0;0,00
CAMBARÁ;410360201A;PR;Centro;-23,04;-50,079;2025-03-01 12:40:00.0;0,00
CAMBARÁ;410360201A;PR;Centro;-23,04;-50,079;2025-03-01 13:40:00.0;0,00
CAMBARÁ;410360201A;PR;Centro;-23,04;-50,079;2025-03-01 14:40:00.0;0,00
CAMBARÁ;410360201A;PR;Centro;-23,04;-50,079;2025-03-01 15:40:00.0;0,00
CAMBARÁ;410360201A;PR;Centro;-23,04;-50,079;2025-03-01 16:40:00.0;0,00
CAMBARÁ;410360201A;PR;Centro;-23,04;-50,079;2025-03-01 17:40:00.0;0,00
CAMBARÁ;410360201A;PR;Centro;-23,04;-50,079;2025-03-01 18:40:00.0;0,00
CAMBARÁ;410360201A;PR;Centro;-23,04;-50,079;2025-03-01 19:40:00.0;0,00
CAMBARÁ;410360201A;PR;Centro;-23,04;-50,079;2025-03-01 20:40:00.0;0,00
CAMBARÁ;410360201A;PR;Centro;-23,04;-50,079;2025-03-02 10:40:00.0;0,00
CAMBARÁ;410360201A;PR;Centro;-23,04;-50,079;2025-03-02 11:40:00.0;0,00
CAMBARÁ;410360201A;PR;Centro;-23,04;-50,079;2025-03-02 12:40:00.0;0,00
CAMBARÁ;410360201A;PR;Centro;-23,04;-50,079;2025-03-02 13:40:00.0;0,00
CAMBARÁ;410360201A;PR;Centro;-23,04;-50,079;2025-03-02 14:40:00.0;0,00
CAMBARÁ;410360201A;PR;Centro;-23,04;-50,079;2025-03-02 15:40:00.0;0,00
CAMBARÁ;410360201A;PR;Centro;-23,04;-50,079;2025-03-02 16:40:00.0;0,00
CAMBARÁ;410360201A;PR;Centro;-23,04;-50,079;2025-03-02 17:40:00.0;0,00
CAMBARÁ;410360201A;PR;Centro;-23,04;-50,079;2025-03-02 18:40:00.0;0,00
CAMBARÁ;410360201A;PR;Centro;-23,04;-50,079;2025-03-02 19:40:00.0;0,00
CAMBARÁ;410360201A;PR;Centro;-23,04;-50,079;2025-03-02 20:40:00.0;0,00
CAMBARÁ;410360201A;PR;Centro;-23,04;-50,079;2025-03-03 10:40:00.0;0,00
CAMBARÁ;410360201A;PR;Centro;-23,04;-50,079;2025-03-03 11:40:00.0;0,00
CAMBARÁ;410360201A;PR;Centro;-23,04;-50,079;2025-03-03 12:40:00.0;0,00
CAMBARÁ;410360201A;PR;Centro;-23,04;-50,079;2025-03-03 13:40:00.0;0,00
CAMBARÁ;410360201A;PR;Centro;-23,04;-50,079;2025-03-03 14:40:00.0;0,00
CAMBARÁ;410360201A;PR;Centro;-23,04;-50,079;2025-03-03 15:40:00.0;0,00
CAMBARÁ;410360201A;PR;Centro;-23,04;-50,079;2025-03-03 16:40:00.0;0,00
CAMBARÁ;410360201A;PR;Centro;-23,04;-50,079;2025-03-03 17:40:00.0;0,00
CAMBARÁ;410360201A;PR;Centro;-23,04;-50,079;2025-03-03 18:40:00.0;0,00
CAMBARÁ;410360201A;PR;Centro;-23,04;-50,079;2025-03-03 19:40:00.0;0,00
CAMBARÁ;410360201A;PR;Centro;-23,04;-50,079;2025-03-03 20:40:00.0;0,00
CAMBARÁ;410360201A;PR;Centro;-23,04;-50,079;2025-03-04 10:40:00.0;0,00
CAMBARÁ;410360201A;PR;Centro;-23,04;-50,079;2025-03-04 11:40:00.0;0,00
CAMBARÁ;410360201A;PR;Centro;-23,04;-50,079;2025-03-04 12:40:00.0;0,00
CAMBARÁ;410360201A;PR;Centro;-23,04;-50,079;2025-03-04 13:40:00.0;0,00
CAMBARÁ;410360201A;PR;Centro;-23,04;-50,079;2025-03-04 14:40:00.0;0,00
CAMBARÁ;410360201A;PR;Centro;-23,04;-50,079;2025-03-04 15:40:00.0;0,00
CAMBARÁ;410360201A;PR;Centro;-23,04;-50,079;2025-03-04 16:40:00.0;0,00
CAMBARÁ;410360201A;PR;Centro;-23,04;-50,079;2025-03-04 17:40:00.0;0,00
CAMBARÁ;410360201A;PR;Centro;-23,04;-50,079;2025-03-04 18:40:00.0;0,00
CAMBARÁ;410360201A;PR;Centro;-23,04;-50,079;2025-03-04 19:40:00.0;0,00
CAMBARÁ;410360201A;PR;Centro;-23,04;-50,079;2025-03-05 10:40:00.0;0,00
CAMBARÁ;410360201A;PR;Centro;-23,04;-50,079;2025-03-05 11:40:00.0;0,00
CAMBARÁ;410360201A;PR;Centro;-23,04;-50,079;2025-03-05 12:40:00.0;0,00
CAMBARÁ;410360201A;PR;Centro;-23,04;-50,079;2025-03-05 13:40:00.0;0,00
CAMBARÁ;410360201A;PR;Centro;-23,04;-50,079;2025-03-05 14:40:00.0;0,00
CAMBARÁ;410360201A;PR;Centro;-23,04;-50,079;2025-03-05 15:40:00.0;0,00
CAMBARÁ;410360201A;PR;Centro;-23,04;-50,079;2025-03-05 16:40:00.0;0,00
CAMBARÁ;410360201A;PR;Centro;-23,04;-50,079;2025-03-05 17:40:00.0;0,00
CAMBARÁ;410360201A;PR;Centro;-23,04;-50,079;2025-03-05 18:40:00.0;0,00
CAMBARÁ;410360201A;PR;Centro;-23,04;-50,079;2025-03-05 19:40:00.0;0,00
CAMBARÁ;410360201A;PR;Centro;-23,04;-50,079;2025-03-05 20:20:00.0;1,18
CAMBARÁ;410360201A;PR;Centro;-23,04;-50,079;2025-03-05 20:30:00.0;0,59
CAMBARÁ;410360201A;PR;Centro;-23,04;-50,079;2025-03-06 00:30:00.0;0,20
CAMBARÁ;410360201A;PR;Centro;-23,04;-50,079;2025-03-06 11:40:00.0;0,00
CAMBARÁ;410360201A;PR;Centro;-23,04;-50,079;2025-03-06 13:40:00.0;0,00
CAMBARÁ;410360201A;PR;Centro;-23,04;-50,079;2025-03-06 14:40:00.0;0,00
CAMBARÁ;410360201A;PR;Centro;-23,04;-50,079;2025-03-06 15:40:00.0;0,00
CAMBARÁ;410360201A;PR;Centro;-23,04;-50,079;2025-03-06 16:40:00.0;0,00
CAMBARÁ;410360201A;PR;Centro;-23,04;-50,079;2025-03-06 17:40:00.0;0,00
CAMBARÁ;410360201A;PR;Centro;-23,04;-50,079;2025-03-06 18:40:00.0;0,00
CAMBARÁ;410360201A;PR;Centro;-23,04;-50,079;2025-03-06 19:40:00.0;0,00
CAMBARÁ;410360201A;PR;Centro;-23,04;-50,079;2025-03-06 20:40:00.0;0,00
CAMBARÁ;410360201A;PR;Centro;-23,04;-50,079;2025-03-07 10:40:00.0;0,00
CAMBARÁ;410360201A;PR;Centro;-23,04;-50,079;2025-03-07 11:40:00.0;0,00
CAMBARÁ;410360201A;PR;Centro;-23,04;-50,079;2025-03-07 12:40:00.0;0,00
CAMBARÁ;410360201A;PR;Centro;-23,04;-50,079;2025-03-07 13:40:00.0;0,00
CAMBARÁ;410360201A;PR;Centro;-23,04;-50,079;2025-03-07 14:40:00.0;0,00
CAMBARÁ;410360201A;PR;Centro;-23,04;-50,079;2025-03-07 15:40:00.0;0,00
CAMBARÁ;410360201A;PR;Centro;-23,04;-50,079;2025-03-07 16:40:00.0;0,00
CAMBARÁ;410360201A;PR;Centro;-23,04;-50,079;2025-03-07 17:40:00.0;0,00
CAMBARÁ;410360201A;PR;Centro;-23,04;-50,079;2025-03-07 18:40:00.0;0,00
CAMBARÁ;410360201A;PR;Centro;-23,04;-50,079;2025-03-07 20:40:00.0;0,00
CAMBARÁ;410360201A;PR;Centro;-23,04;-50,079;2025-03-08 10:40:00.0;0,00
CAMBARÁ;410360201A;PR;Centro;-23,04;-50,079;2025-03-08 11:40:00.0;0,00
CAMBARÁ;410360201A;PR;Centro;-23,04;-50,079;2025-03-08 12:40:00.0;0,00
CAMBARÁ;410360201A;PR;Centro;-23,04;-50,079;2025-03-08 13:40:00.0;0,00
CAMBARÁ;410360201A;PR;Centro;-23,04;-50,079;2025-03-08 14:40:00.0;0,00
CAMBARÁ;410360201A;PR;Centro;-23,04;-50,079;2025-03-08 15:40:00.0;0,00
CAMBARÁ;410360201A;PR;Centro;-23,04;-50,079;2025-03-08 17:40:00.0;0,00
CAMBARÁ;410360201A;PR;Centro;-23,04;-50,079;2025-03-08 18:40:00.0;0,00
CAMBARÁ;410360201A;PR;Centro;-23,04;-50,079;2025-03-08 20:40:00.0;0,00
CAMBARÁ;410360201A;PR;Centro;-23,04;-50,079;2025-03-09 10:40:00.0;0,00
CAMBARÁ;410360201A;PR;Centro;-23,04;-50,079;2025-03-09 11:40:00.0;0,00
CAMBARÁ;410360201A;PR;Centro;-23,04;-50,079;2025-03-09 12:40:00.0;0,00
CAMBARÁ;410360201A;PR;Centro;-23,04;-50,079;2025-03-09 13:40:00.0;0,00
CAMBARÁ;410360201A;PR;Centro;-23,04;-50,079;2025-03-09 14:40:00.0;0,00
CAMBARÁ;410360201A;PR;Centro;-23,04;-50,079;2025-03-09 15:40:00.0;0,00
CAMBARÁ;410360201A;PR;Centro;-23,04;-50,079;2025-03-09 16:40:00.0;0,00
CAMBARÁ;410360201A;PR;Centro;-23,04;-50,079;2025-03-09 17:40:00.0;0,00
CAMBARÁ;410360201A;PR;Centro;-23,04;-50,079;2025-03-09 18:40:00.0;0,00
CAMBARÁ;410360201A;PR;Centro;-23,04;-50,079;2025-03-09 19:40:00.0;0,00
CAMBARÁ;410360201A;PR;Centro;-23,04;-50,079;2025-03-09 20:40:00.0;0,00
CAMBARÁ;410360201A;PR;Centro;-23,04;-50,079;2025-03-10 00:20:00.0;0,20
CAMBARÁ;410360201A;PR;Centro;-23,04;-50,079;2025-03-10 11:40:00.0;0,00
CAMBARÁ;410360201A;PR;Centro;-23,04;-50,079;2025-03-10 12:40:00.0;0,00
CAMBARÁ;410360201A;PR;Centro;-23,04;-50,079;2025-03-10 13:40:00.0;0,00
CAMBARÁ;410360201A;PR;Centro;-23,04;-50,079;2025-03-10 14:40:00.0;0,00
CAMBARÁ;410360201A;PR;Centro;-23,04;-50,079;2025-03-10 15:40:00.0;0,00
CAMBARÁ;410360201A;PR;Centro;-23,04;-50,079;2025-03-10 16:40:00.0;0,00
CAMBARÁ;410360201A;PR;Centro;-23,04;-50,079;2025-03-10 17:40:00.0;0,00
CAMBARÁ;410360201A;PR;Centro;-23,04;-50,079;2025-03-10 19:40:00.0;0,00
CAMBARÁ;410360201A;PR;Centro;-23,04;-50,079;2025-03-11 11:40:00.0;0,00
CAMBARÁ;410360201A;PR;Centro;-23,04;-50,079;2025-03-11 12:40:00.0;0,00
CAMBARÁ;410360201A;PR;Centro;-23,04;-50,079;2025-03-11 13:40:00.0;0,00
CAMBARÁ;410360201A;PR;Centro;-23,04;-50,079;2025-03-11 15:40:00.0;0,00
CAMBARÁ;410360201A;PR;Centro;-23,04;-50,079;2025-03-11 16:40:00.0;0,00
CAMBARÁ;410360201A;PR;Centro;-23,04;-50,079;2025-03-11 17:40:00.0;0,00
CAMBARÁ;410360201A;PR;Centro;-23,04;-50,079;2025-03-11 18:40:00.0;0,00
CAMBARÁ;410360201A;PR;Centro;-23,04;-50,079;2025-03-11 19:40:00.0;0,00
CAMBARÁ;410360201A;PR;Centro;-23,04;-50,079;2025-03-12 11:40:00.0;0,00
CAMBARÁ;410360201A;PR;Centro;-23,04;-50,079;2025-03-12 12:40:00.0;0,00
CAMBARÁ;410360201A;PR;Centro;-23,04;-50,079;2025-03-12 13:40:00.0;0,00
CAMBARÁ;410360201A;PR;Centro;-23,04;-50,079;2025-03-12 14:40:00.0;0,00
CAMBARÁ;410360201A;PR;Centro;-23,04;-50,079;2025-03-12 15:40:00.0;0,00
CAMBARÁ;410360201A;PR;Centro;-23,04;-50,079;2025-03-12 16:40:00.0;0,00
CAMBARÁ;410360201A;PR;Centro;-23,04;-50,079;2025-03-12 17:40:00.0;0,00
CAMBARÁ;410360201A;PR;Centro;-23,04;-50,079;2025-03-12 19:40:00.0;0,00
CAMBARÁ;410360201A;PR;Centro;-23,04;-50,079;2025-03-13 10:40:00.0;0,00
CAMBARÁ;410360201A;PR;Centro;-23,04;-50,079;2025-03-13 11:40:00.0;0,00
CAMBARÁ;410360201A;PR;Centro;-23,04;-50,079;2025-03-13 12:40:00.0;0,00
CAMBARÁ;410360201A;PR;Centro;-23,04;-50,079;2025-03-13 13:40:00.0;0,00
CAMBARÁ;410360201A;PR;Centro;-23,04;-50,079;2025-03-13 14:40:00.0;0,00
CAMBARÁ;410360201A;PR;Centro;-23,04;-50,079;2025-03-13 15:40:00.0;0,00
CAMBARÁ;410360201A;PR;Centro;-23,04;-50,079;2025-03-13 16:40:00.0;0,00
CAMBARÁ;410360201A;PR;Centro;-23,04;-50,079;2025-03-13 17:40:00.0;0,00
CAMBARÁ;410360201A;PR;Centro;-23,04;-50,079;2025-03-13 18:40:00.0;0,00
CAMBARÁ;410360201A;PR;Centro;-23,04;-50,079;2025-03-13 19:40:00.0;0,00
CAMBARÁ;410360201A;PR;Centro;-23,04;-50,079;2025-03-13 20:20:00.0;0,20
CAMBARÁ;410360201A;PR;Centro;-23,04;-50,079;2025-03-14 12:40:00.0;0,00
CAMBARÁ;410360201A;PR;Centro;-23,04;-50,079;2025-03-14 13:40:00.0;0,00
CAMBARÁ;410360201A;PR;Centro;-23,04;-50,079;2025-03-14 14:40:00.0;0,00
CAMBARÁ;410360201A;PR;Centro;-23,04;-50,079;2025-03-14 15:40:00.0;0,00
CAMBARÁ;410360201A;PR;Centro;-23,04;-50,079;2025-03-14 16:40:00.0;0,00
CAMBARÁ;410360201A;PR;Centro;-23,04;-50,079;2025-03-14 17:40:00.0;0,00
CAMBARÁ;410360201A;PR;Centro;-23,04;-50,079;2025-03-14 18:40:00.0;0,00
CAMBARÁ;410360201A;PR;Centro;-23,04;-50,079;2025-03-14 19:40:00.0;0,00
CAMBARÁ;410360201A;PR;Centro;-23,04;-50,079;2025-03-15 10:40:00.0;0,00
CAMBARÁ;410360201A;PR;Centro;-23,04;-50,079;2025-03-15 11:40:00.0;0,00
CAMBARÁ;410360201A;PR;Centro;-23,04;-50,079;2025-03-15 12:40:00.0;0,00
CAMBARÁ;410360201A;PR;Centro;-23,04;-50,079;2025-03-15 13:40:00.0;0,00
CAMBARÁ;410360201A;PR;Centro;-23,04;-50,079;2025-03-15 14:40:00.0;0,00
CAMBARÁ;410360201A;PR;Centro;-23,04;-50,079;2025-03-15 15:40:00.0;0,00
CAMBARÁ;410360201A;PR;Centro;-23,04;-50,079;2025-03-15 16:40:00.0;0,00
CAMBARÁ;410360201A;PR;Centro;-23,04;-50,079;2025-03-15 17:40:00.0;0,00
CAMBARÁ;410360201A;PR;Centro;-23,04;-50,079;2025-03-15 18:40:00.0;0,00
CAMBARÁ;410360201A;PR;Centro;-23,04;-50,079;2025-03-15 18:50:00.0;1,57
CAMBARÁ;410360201A;PR;Centro;-23,04;-50,079;2025-03-15 19:00:00.0;0,20
CAMBARÁ;410360201A;PR;Centro;-23,04;-50,079;2025-03-15 19:40:00.0;0,00
CAMBARÁ;410360201A;PR;Centro;-23,04;-50,079;2025-03-16 10:40:00.0;0,00
CAMBARÁ;410360201A;PR;Centro;-23,04;-50,079;2025-03-16 11:40:00.0;0,00
CAMBARÁ;410360201A;PR;Centro;-23,04;-50,079;2025-03-16 12:40:00.0;0,00
CAMBARÁ;410360201A;PR;Centro;-23,04;-50,079;2025-03-16 13:40:00.0;0,00
CAMBARÁ;410360201A;PR;Centro;-23,04;-50,079;2025-03-16 14:40:00.0;0,00
CAMBARÁ;410360201A;PR;Centro;-23,04;-50,079;2025-03-16 15:40:00.0;0,00
CAMBARÁ;410360201A;PR;Centro;-23,04;-50,079;2025-03-16 16:40:00.0;0,00
CAMBARÁ;410360201A;PR;Centro;-23,04;-50,079;2025-03-16 17:40:00.0;0,00
CAMBARÁ;410360201A;PR;Centro;-23,04;-50,079;2025-03-16 18:40:00.0;0,00
CAMBARÁ;410360201A;PR;Centro;-23,04;-50,079;2025-03-17 10:40:00.0;0,00
CAMBARÁ;410360201A;PR;Centro;-23,04;-50,079;2025-03-17 11:40:00.0;0,00
CAMBARÁ;410360201A;PR;Centro;-23,04;-50,079;2025-03-17 12:40:00.0;0,00
CAMBARÁ;410360201A;PR;Centro;-23,04;-50,079;2025-03-17 13:40:00.0;0,00
CAMBARÁ;410360201A;PR;Centro;-23,04;-50,079;2025-03-17 14:40:00.0;0,00
CAMBARÁ;410360201A;PR;Centro;-23,04;-50,079;2025-03-17 15:40:00.0;0,00
CAMBARÁ;410360201A;PR;Centro;-23,04;-50,079;2025-03-17 16:40:00.0;0,00
CAMBARÁ;410360201A;PR;Centro;-23,04;-50,079;2025-03-17 17:40:00.0;0,00
CAMBARÁ;410360201A;PR;Centro;-23,04;-50,079;2025-03-17 18:40:00.0;0,00
CAMBARÁ;410360201A;PR;Centro;-23,04;-50,079;2025-03-17 19:40:00.0;0,00
CAMBARÁ;410360201A;PR;Centro;-23,04;-50,079;2025-03-18 11:40:00.0;0,00
CAMBARÁ;410360201A;PR;Centro;-23,04;-50,079;2025-03-18 12:40:00.0;0,00
CAMBARÁ;410360201A;PR;Centro;-23,04;-50,079;2025-03-18 13:40:00.0;0,00
CAMBARÁ;410360201A;PR;Centro;-23,04;-50,079;2025-03-18 14:40:00.0;0,00
CAMBARÁ;410360201A;PR;Centro;-23,04;-50,079;2025-03-18 15:40:00.0;0,00
CAMBARÁ;410360201A;PR;Centro;-23,04;-50,079;2025-03-18 16:40:00.0;0,00
CAMBARÁ;410360201A;PR;Centro;-23,04;-50,079;2025-03-18 17:40:00.0;0,00
CAMBARÁ;410360201A;PR;Centro;-23,04;-50,079;2025-03-18 18:40:00.0;0,00
CAMBARÁ;410360201A;PR;Centro;-23,04;-50,079;2025-03-18 19:40:00.0;0,00
CAMBARÁ;410360201A;PR;Centro;-23,04;-50,079;2025-03-19 01:00:00.0;0,20
CAMBARÁ;410360201A;PR;Centro;-23,04;-50,079;2025-03-19 11:40:00.0;0,00
CAMBARÁ;410360201A;PR;Centro;-23,04;-50,079;2025-03-19 12:40:00.0;0,00
CAMBARÁ;410360201A;PR;Centro;-23,04;-50,079;2025-03-19 13:10:00.0;0,20
CAMBARÁ;410360201A;PR;Centro;-23,04;-50,079;2025-03-19 13:40:00.0;0,00
CAMBARÁ;410360201A;PR;Centro;-23,04;-50,079;2025-03-19 14:40:00.0;0,00
CAMBARÁ;410360201A;PR;Centro;-23,04;-50,079;2025-03-19 15:40:00.0;0,00
CAMBARÁ;410360201A;PR;Centro;-23,04;-50,079;2025-03-19 16:50:00.0;0,00
CAMBARÁ;410360201A;PR;Centro;-23,04;-50,079;2025-03-19 17:40:00.0;0,00
CAMBARÁ;410360201A;PR;Centro;-23,04;-50,079;2025-03-19 18:40:00.0;0,00
CAMBARÁ;410360201A;PR;Centro;-23,04;-50,079;2025-03-19 19:50:00.0;0,00
CAMBARÁ;410360201A;PR;Centro;-23,04;-50,079;2025-03-20 10:40:00.0;0,00
CAMBARÁ;410360201A;PR;Centro;-23,04;-50,079;2025-03-20 11:40:00.0;0,00
CAMBARÁ;410360201A;PR;Centro;-23,04;-50,079;2025-03-20 12:40:00.0;0,00
CAMBARÁ;410360201A;PR;Centro;-23,04;-50,079;2025-03-20 13:40:00.0;0,00
CAMBARÁ;410360201A;PR;Centro;-23,04;-50,079;2025-03-20 15:40:00.0;0,00
CAMBARÁ;410360201A;PR;Centro;-23,04;-50,079;2025-03-20 15:50:00.0;0,00
CAMBARÁ;410360201A;PR;Centro;-23,04;-50,079;2025-03-20 16:50:00.0;0,00
CAMBARÁ;410360201A;PR;Centro;-23,04;-50,079;2025-03-21 10:40:00.0;0,00
CAMBARÁ;410360201A;PR;Centro;-23,04;-50,079;2025-03-21 11:40:00.0;0,00
CAMBARÁ;410360201A;PR;Centro;-23,04;-50,079;2025-03-21 12:40:00.0;0,00
CAMBARÁ;410360201A;PR;Centro;-23,04;-50,079;2025-03-21 13:40:00.0;0,00
CAMBARÁ;410360201A;PR;Centro;-23,04;-50,079;2025-03-21 14:40:00.0;0,00
CAMBARÁ;410360201A;PR;Centro;-23,04;-50,079;2025-03-21 15:40:00.0;0,00
CAMBARÁ;410360201A;PR;Centro;-23,04;-50,079;2025-03-21 16:40:00.0;0,00
CAMBARÁ;410360201A;PR;Centro;-23,04;-50,079;2025-03-21 17:40:00.0;0,00
CAMBARÁ;410360201A;PR;Centro;-23,04;-50,079;2025-03-21 18:40:00.0;0,00
CAMBARÁ;410360201A;PR;Centro;-23,04;-50,079;2025-03-21 19:40:00.0;0,00
CAMBARÁ;410360201A;PR;Centro;-23,04;-50,079;2025-03-22 10:40:00.0;0,00
CAMBARÁ;410360201A;PR;Centro;-23,04;-50,079;2025-03-22 11:40:00.0;0,00
CAMBARÁ;410360201A;PR;Centro;-23,04;-50,079;2025-03-22 12:40:00.0;0,00
CAMBARÁ;410360201A;PR;Centro;-23,04;-50,079;2025-03-22 13:40:00.0;0,00
CAMBARÁ;410360201A;PR;Centro;-23,04;-50,079;2025-03-22 14:40:00.0;0,00
CAMBARÁ;410360201A;PR;Centro;-23,04;-50,079;2025-03-22 15:40:00.0;0,00
CAMBARÁ;410360201A;PR;Centro;-23,04;-50,079;2025-03-22 16:40:00.0;0,00
CAMBARÁ;410360201A;PR;Centro;-23,04;-50,079;2025-03-22 17:00:00.0;0,20
CAMBARÁ;410360201A;PR;Centro;-23,04;-50,079;2025-03-22 17:20:00.0;0,20
CAMBARÁ;410360201A;PR;Centro;-23,04;-50,079;2025-03-22 18:00:00.0;0,20
CAMBARÁ;410360201A;PR;Centro;-23,04;-50,079;2025-03-22 18:40:00.0;0,00
CAMBARÁ;410360201A;PR;Centro;-23,04;-50,079;2025-03-23 12:50:00.0;0,59
CAMBARÁ;410360201A;PR;Centro;-23,04;-50,079;2025-03-23 13:00:00.0;0,39
CAMBARÁ;410360201A;PR;Centro;-23,04;-50,079;2025-03-23 13:40:00.0;0,00
CAMBARÁ;410360201A;PR;Centro;-23,04;-50,079;2025-03-23 14:40:00.0;0,00
CAMBARÁ;410360201A;PR;Centro;-23,04;-50,079;2025-03-23 15:40:00.0;0,00
CAMBARÁ;410360201A;PR;Centro;-23,04;-50,079;2025-03-23 16:40:00.0;0,00
CAMBARÁ;410360201A;PR;Centro;-23,04;-50,079;2025-03-23 17:40:00.0;0,00
CAMBARÁ;410360201A;PR;Centro;-23,04;-50,079;2025-03-23 18:40:00.0;0,00
CAMBARÁ;410360201A;PR;Centro;-23,04;-50,079;2025-03-23 19:40:00.0;0,00
CAMBARÁ;410360201A;PR;Centro;-23,04;-50,079;2025-03-24 10:40:00.0;0,00
CAMBARÁ;410360201A;PR;Centro;-23,04;-50,079;2025-03-24 11:40:00.0;0,00
CAMBARÁ;410360201A;PR;Centro;-23,04;-50,079;2025-03-24 12:40:00.0;0,00
CAMBARÁ;410360201A;PR;Centro;-23,04;-50,079;2025-03-24 13:40:00.0;0,00
CAMBARÁ;410360201A;PR;Centro;-23,04;-50,079;2025-03-24 14:40:00.0;0,00
CAMBARÁ;410360201A;PR;Centro;-23,04;-50,079;2025-03-24 15:40:00.0;0,00
CAMBARÁ;410360201A;PR;Centro;-23,04;-50,079;2025-03-24 16:40:00.0;0,00
CAMBARÁ;410360201A;PR;Centro;-23,04;-50,079;2025-03-24 17:40:00.0;0,00
CAMBARÁ;410360201A;PR;Centro;-23,04;-50,079;2025-03-24 19:50:00.0;0,00
CAMBARÁ;410360201A;PR;Centro;-23,04;-50,079;2025-03-25 10:40:00.0;0,00
CAMBARÁ;410360201A;PR;Centro;-23,04;-50,079;2025-03-25 11:40:00.0;0,00
CAMBARÁ;410360201A;PR;Centro;-23,04;-50,079;2025-03-25 12:40:00.0;0,00
CAMBARÁ;410360201A;PR;Centro;-23,04;-50,079;2025-03-25 14:00:00.0;0,00
CAMBARÁ;410360201A;PR;Centro;-23,04;-50,079;2025-03-25 16:20:00.0;0,00
CAMBARÁ;410360201A;PR;Centro;-23,04;-50,079;2025-03-25 17:10:00.0;0,00
CAMBARÁ;410360201A;PR;Centro;-23,04;-50,079;2025-03-25 18:10:00.0;0,00
CAMBARÁ;410360201A;PR;Centro;-23,04;-50,079;2025-03-25 18:40:00.0;0,00
CAMBARÁ;410360201A;PR;Centro;-23,04;-50,079;2025-03-25 19:40:00.0;0,00
CAMBARÁ;410360201A;PR;Centro;-23,04;-50,079;2025-03-26 06:00:00.0;0,39
CAMBARÁ;410360201A;PR;Centro;-23,04;-50,079;2025-03-26 13:50:00.0;0,00
CAMBARÁ;410360201A;PR;Centro;-23,04;-50,079;2025-03-26 20:20:00.0;0,00
CAMBARÁ;410360201A;PR;Centro;-23,04;-50,079;2025-03-27 19:50:00.0;0,00
CAMBARÁ;410360201A;PR;Centro;-23,04;-50,079;2025-03-28 10:40:00.0;0,00
CAMBARÁ;410360201A;PR;Centro;-23,04;-50,079;2025-03-28 11:40:00.0;0,00
CAMBARÁ;410360201A;PR;Centro;-23,04;-50,079;2025-03-28 12:40:00.0;0,00
CAMBARÁ;410360201A;PR;Centro;-23,04;-50,079;2025-03-28 13:40:00.0;0,00
CAMBARÁ;410360201A;PR;Centro;-23,04;-50,079;2025-03-28 14:40:00.0;0,00
CAMBARÁ;410360201A;PR;Centro;-23,04;-50,079;2025-03-28 15:40:00.0;0,00
CAMBARÁ;410360201A;PR;Centro;-23,04;-50,079;2025-03-28 16:40:00.0;0,00
CAMBARÁ;410360201A;PR;Centro;-23,04;-50,079;2025-03-28 17:40:00.0;0,00
CAMBARÁ;410360201A;PR;Centro;-23,04;-50,079;2025-03-28 18:40:00.0;0,00
CAMBARÁ;410360201A;PR;Centro;-23,04;-50,079;2025-03-28 19:40:00.0;0,00
CAMBARÁ;410360201A;PR;Centro;-23,04;-50,079;2025-03-29 11:40:00.0;0,00
CAMBARÁ;410360201A;PR;Centro;-23,04;-50,079;2025-03-29 12:40:00.0;0,00
CAMBARÁ;410360201A;PR;Centro;-23,04;-50,079;2025-03-29 13:40:00.0;0,00
CAMBARÁ;410360201A;PR;Centro;-23,04;-50,079;2025-03-29 14:40:00.0;0,00
CAMBARÁ;410360201A;PR;Centro;-23,04;-50,079;2025-03-29 15:40:00.0;0,00
CAMBARÁ;410360201A;PR;Centro;-23,04;-50,079;2025-03-29 16:40:00.0;0,00
CAMBARÁ;410360201A;PR;Centro;-23,04;-50,079;2025-03-29 17:40:00.0;0,00
CAMBARÁ;410360201A;PR;Centro;-23,04;-50,079;2025-03-29 18:40:00.0;0,00
CAMBARÁ;410360201A;PR;Centro;-23,04;-50,079;2025-03-29 19:40:00.0;0,00
CAMBARÁ;410360201A;PR;Centro;-23,04;-50,079;2025-03-30 10:40:00.0;0,00
CAMBARÁ;410360201A;PR;Centro;-23,04;-50,079;2025-03-30 11:40:00.0;0,00
CAMBARÁ;410360201A;PR;Centro;-23,04;-50,079;2025-03-30 12:40:00.0;0,00
CAMBARÁ;410360201A;PR;Centro;-23,04;-50,079;2025-03-30 13:40:00.0;0,00
CAMBARÁ;410360201A;PR;Centro;-23,04;-50,079;2025-03-30 14:40:00.0;0,00
CAMBARÁ;410360201A;PR;Centro;-23,04;-50,079;2025-03-30 15:40:00.0;0,00
CAMBARÁ;410360201A;PR;Centro;-23,04;-50,079;2025-03-30 16:40:00.0;0,00
CAMBARÁ;410360201A;PR;Centro;-23,04;-50,079;2025-03-30 17:40:00.0;0,00
CAMBARÁ;410360201A;PR;Centro;-23,04;-50,079;2025-03-30 18:40:00.0;0,00
CAMBARÁ;410360201A;PR;Centro;-23,04;-50,079;2025-03-30 19:40:00.0;0,00
CAMBARÁ;410360201A;PR;Centro;-23,04;-50,079;2025-03-31 11:40:00.0;0,00
CAMBARÁ;410360201A;PR;Centro;-23,04;-50,079;2025-03-31 12:40:00.0;0,00
CAMBARÁ;410360201A;PR;Centro;-23,04;-50,079;2025-03-31 13:40:00.0;0,00
CAMBARÁ;410360201A;PR;Centro;-23,04;-50,079;2025-03-31 14:40:00.0;0,00
CAMBARÁ;410360201A;PR;Centro;-23,04;-50,079;2025-03-31 15:40:00.0;0,00
CAMBARÁ;410360201A;PR;Centro;-23,04;-50,079;2025-03-31 16:40:00.0;0,00
CAMBARÁ;410360201A;PR;Centro;-23,04;-50,079;2025-03-31 17:40:00.0;0,00
CAMBARÁ;410360201A;PR;Centro;-23,04;-50,079;2025-03-31 18:40:00.0;0,00
CAMBARÁ;410360201A;PR;Centro;-23,04;-50,079;2025-03-31 19:40:00.0;0,00
CAMPINA GRANDE DO SUL;410400601A;PR;Jardim Diamante;-25,334;-49,079;2025-03-01 14:00:00.0;0,00
CAMPINA GRANDE DO SUL;410400601A;PR;Jardim Diamante;-25,334;-49,079;2025-03-01 15:10:00.0;0,00
CAMPINA GRANDE DO SUL;410400601A;PR;Jardim Diamante;-25,334;-49,079;2025-03-01 15:30:00.0;0,20
CAMPINA GRANDE DO SUL;410400601A;PR;Jardim Diamante;-25,334;-49,079;2025-03-01 21:30:00.0;0,00
CAMPINA GRANDE DO SUL;410400601A;PR;Jardim Diamante;-25,334;-49,079;2025-03-01 22:40:00.0;0,00
CAMPINA GRANDE DO SUL;410400601A;PR;Jardim Diamante;-25,334;-49,079;2025-03-02 04:10:00.0;0,00
CAMPINA GRANDE DO SUL;410400601A;PR;Jardim Diamante;-25,334;-49,079;2025-03-02 13:10:00.0;0,00
CAMPINA GRANDE DO SUL;410400601A;PR;Jardim Diamante;-25,334;-49,079;2025-03-02 14:20:00.0;0,00
CAMPINA GRANDE DO SUL;410400601A;PR;Jardim Diamante;-25,334;-49,079;2025-03-02 15:10:00.0;0,00
CAMPINA GRANDE DO SUL;410400601A;PR;Jardim Diamante;-25,334;-49,079;2025-03-02 16:40:00.0;0,00
CAMPINA GRANDE DO SUL;410400601A;PR;Jardim Diamante;-25,334;-49,079;2025-03-02 17:10:00.0;0,00
CAMPINA GRANDE DO SUL;410400601A;PR;Jardim Diamante;-25,334;-49,079;2025-03-02 21:40:00.0;0,00
CAMPINA GRANDE DO SUL;410400601A;PR;Jardim Diamante;-25,334;-49,079;2025-03-03 09:20:00.0;0,00
CAMPINA GRANDE DO SUL;410400601A;PR;Jardim Diamante;-25,334;-49,079;2025-03-03 14:30:00.0;0,00
CAMPINA GRANDE DO SUL;410400601A;PR;Jardim Diamante;-25,334;-49,079;2025-03-03 15:10:00.0;0,00
CAMPINA GRANDE DO SUL;410400601A;PR;Jardim Diamante;-25,334;-49,079;2025-03-03 21:20:00.0;0,00
CAMPINA GRANDE DO SUL;410400601A;PR;Jardim Diamante;-25,334;-49,079;2025-03-03 23:00:00.0;0,00
CAMPINA GRANDE DO SUL;410400601A;PR;Jardim Diamante;-25,334;-49,079;2025-03-04 12:30:00.0;0,00
CAMPINA GRANDE DO SUL;410400601A;PR;Jardim Diamante;-25,334;-49,079;2025-03-04 13:10:00.0;0,00
CAMPINA GRANDE DO SUL;410400601A;PR;Jardim Diamante;-25,334;-49,079;2025-03-04 15:10:00.0;0,00
CAMPINA GRANDE DO SUL;410400601A;PR;Jardim Diamante;-25,334;-49,079;2025-03-04 20:50:00.0;0,00
CAMPINA GRANDE DO SUL;410400601A;PR;Jardim Diamante;-25,334;-49,079;2025-03-04 21:10:00.0;0,00
CAMPINA GRANDE DO SUL;410400601A;PR;Jardim Diamante;-25,334;-49,079;2025-03-05 00:40:00.0;0,00
CAMPINA GRANDE DO SUL;410400601A;PR;Jardim Diamante;-25,334;-49,079;2025-03-05 01:50:00.0;0,00
CAMPINA GRANDE DO SUL;410400601A;PR;Jardim Diamante;-25,334;-49,079;2025-03-05 02:10:00.0;0,00
CAMPINA GRANDE DO SUL;410400601A;PR;Jardim Diamante;-25,334;-49,079;2025-03-05 10:10:00.0;0,00
CAMPINA GRANDE DO SUL;410400601A;PR;Jardim Diamante;-25,334;-49,079;2025-03-05 12:30:00.0;0,00
CAMPINA GRANDE DO SUL;410400601A;PR;Jardim Diamante;-25,334;-49,079;2025-03-05 15:20:00.0;0,00
CAMPINA GRANDE DO SUL;410400601A;PR;Jardim Diamante;-25,334;-49,079;2025-03-05 17:50:00.0;0,00
CAMPINA GRANDE DO SUL;410400601A;PR;Jardim Diamante;-25,334;-49,079;2025-03-05 18:10:00.0;0,00
CAMPINA GRANDE DO SUL;410400601A;PR;Jardim Diamante;-25,334;-49,079;2025-03-05 19:10:00.0;0,00
CAMPINA GRANDE DO SUL;410400601A;PR;Jardim Diamante;-25,334;-49,079;2025-03-05 20:10:00.0;0,00
CAMPINA GRANDE DO SUL;410400601A;PR;Jardim Diamante;-25,334;-49,079;2025-03-05 21:10:00.0;0,00
CAMPINA GRANDE DO SUL;410400601A;PR;Jardim Diamante;-25,334;-49,079;2025-03-06 14:50:00.0;0,00
CAMPINA GRANDE DO SUL;410400601A;PR;Jardim Diamante;-25,334;-49,079;2025-03-07 09:20:00.0;0,00
CAMPINA GRANDE DO SUL;410400601A;PR;Jardim Diamante;-25,334;-49,079;2025-03-07 10:10:00.0;0,00
CAMPINA GRANDE DO SUL;410400601A;PR;Jardim Diamante;-25,334;-49,079;2025-03-07 15:30:00.0;0,39
CAMPINA GRANDE DO SUL;410400601A;PR;Jardim Diamante;-25,334;-49,079;2025-03-08 05:10:00.0;0,00
CAMPINA GRANDE DO SUL;410400601A;PR;Jardim Diamante;-25,334;-49,079;2025-03-08 07:10:00.0;0,00
CAMPINA GRANDE DO SUL;410400601A;PR;Jardim Diamante;-25,334;-49,079;2025-03-08 08:10:00.0;0,00
CAMPINA GRANDE DO SUL;410400601A;PR;Jardim Diamante;-25,334;-49,079;2025-03-08 09:20:00.0;0,00
CAMPINA GRANDE DO SUL;410400601A;PR;Jardim Diamante;-25,334;-49,079;2025-03-08 10:10:00.0;0,00
CAMPINA GRANDE DO SUL;410400601A;PR;Jardim Diamante;-25,334;-49,079;2025-03-08 11:10:00.0;0,00
CAMPINA GRANDE DO SUL;410400601A;PR;Jardim Diamante;-25,334;-49,079;2025-03-08 12:10:00.0;0,00
CAMPINA GRANDE DO SUL;410400601A;PR;Jardim Diamante;-25,334;-49,079;2025-03-08 14:20:00.0;0,00
CAMPINA GRANDE DO SUL;410400601A;PR;Jardim Diamante;-25,334;-49,079;2025-03-08 15:10:00.0;0,00
CAMPINA GRANDE DO SUL;410400601A;PR;Jardim Diamante;-25,334;-49,079;2025-03-08 17:10:00.0;0,00
CAMPINA GRANDE DO SUL;410400601A;PR;Jardim Diamante;-25,334;-49,079;2025-03-08 20:40:00.0;0,00
CAMPINA GRANDE DO SUL;410400601A;PR;Jardim Diamante;-25,334;-49,079;2025-03-08 21:10:00.0;0,00
CAMPINA GRANDE DO SUL;410400601A;PR;Jardim Diamante;-25,334;-49,079;2025-03-09 13:30:00.0;0,00
CAMPINA GRANDE DO SUL;410400601A;PR;Jardim Diamante;-25,334;-49,079;2025-03-09 14:20:00.0;0,00
CAMPINA GRANDE DO SUL;410400601A;PR;Jardim Diamante;-25,334;-49,079;2025-03-09 15:10:00.0;0,00
CAMPINA GRANDE DO SUL;410400601A;PR;Jardim Diamante;-25,334;-49,079;2025-03-09 16:50:00.0;0,00
CAMPINA GRANDE DO SUL;410400601A;PR;Jardim Diamante;-25,334;-49,079;2025-03-09 19:40:00.0;0,00
CAMPINA GRANDE DO SUL;410400601A;PR;Jardim Diamante;-25,334;-49,079;2025-03-09 20:10:00.0;0,00
CAMPINA GRANDE DO SUL;410400601A;PR;Jardim Diamante;-25,334;-49,079;2025-03-09 20:30:00.0;0,60
CAMPINA GRANDE DO SUL;410400601A;PR;Jardim Diamante;-25,334;-49,079;2025-03-09 20:40:00.0;3,74
CAMPINA GRANDE DO SUL;410400601A;PR;Jardim Diamante;-25,334;-49,079;2025-03-09 20:50:00.0;5,31
CAMPINA GRANDE DO SUL;410400601A;PR;Jardim Diamante;-25,334;-49,079;2025-03-09 21:00:00.0;6,49
CAMPINA GRANDE DO SUL;410400601A;PR;Jardim Diamante;-25,334;-49,079;2025-03-09 21:10:00.0;2,36
CAMPINA GRANDE DO SUL;410400601A;PR;Jardim Diamante;-25,334;-49,079;2025-03-09 21:20:00.0;0,39
CAMPINA GRANDE DO SUL;410400601A;PR;Jardim Diamante;-25,334;-49,079;2025-03-09 23:40:00.0;0,20
CAMPINA GRANDE DO SUL;410400601A;PR;Jardim Diamante;-25,334;-49,079;2025-03-10 00:00:00.0;0,20
CAMPINA GRANDE DO SUL;410400601A;PR;Jardim Diamante;-25,334;-49,079;2025-03-10 00:10:00.0;0,20
CAMPINA GRANDE DO SUL;410400601A;PR;Jardim Diamante;-25,334;-49,079;2025-03-10 00:20:00.0;0,20
CAMPINA GRANDE DO SUL;410400601A;PR;Jardim Diamante;-25,334;-49,079;2025-03-10 00:30:00.0;0,20
CAMPINA GRANDE DO SUL;410400601A;PR;Jardim Diamante;-25,334;-49,079;2025-03-10 16:00:00.0;0,20
CAMPINA GRANDE DO SUL;410400601A;PR;Jardim Diamante;-25,334;-49,079;2025-03-11 17:50:00.0;0,98
CAMPINA GRANDE DO SUL;410400601A;PR;Jardim Diamante;-25,334;-49,079;2025-03-11 18:00:00.0;0,79
CAMPINA GRANDE DO SUL;410400601A;PR;Jardim Diamante;-25,334;-49,079;2025-03-11 18:10:00.0;0,39
CAMPINA GRANDE DO SUL;410400601A;PR;Jardim Diamante;-25,334;-49,079;2025-03-11 18:20:00.0;1,77
CAMPINA GRANDE DO SUL;410400601A;PR;Jardim Diamante;-25,334;-49,079;2025-03-11 18:30:00.0;2,16
CAMPINA GRANDE DO SUL;410400601A;PR;Jardim Diamante;-25,334;-49,079;2025-03-11 18:40:00.0;3,55
CAMPINA GRANDE DO SUL;410400601A;PR;Jardim Diamante;-25,334;-49,079;2025-03-11 18:50:00.0;2,95
CAMPINA GRANDE DO SUL;410400601A;PR;Jardim Diamante;-25,334;-49,079;2025-03-11 19:00:00.0;2,36
CAMPINA GRANDE DO SUL;410400601A;PR;Jardim Diamante;-25,334;-49,079;2025-03-11 19:10:00.0;0,39
CAMPINA GRANDE DO SUL;410400601A;PR;Jardim Diamante;-25,334;-49,079;2025-03-11 20:00:00.0;0,20
CAMPINA GRANDE DO SUL;410400601A;PR;Jardim Diamante;-25,334;-49,079;2025-03-11 20:20:00.0;0,20
CAMPINA GRANDE DO SUL;410400601A;PR;Jardim Diamante;-25,334;-49,079;2025-03-11 20:30:00.0;0,42
CAMPINA GRANDE DO SUL;410400601A;PR;Jardim Diamante;-25,334;-49,079;2025-03-11 21:10:00.0;0,59
CAMPINA GRANDE DO SUL;410400601A;PR;Jardim Diamante;-25,334;-49,079;2025-03-11 21:20:00.0;0,79
CAMPINA GRANDE DO SUL;410400601A;PR;Jardim Diamante;-25,334;-49,079;2025-03-11 21:30:00.0;0,20
CAMPINA GRANDE DO SUL;410400601A;PR;Jardim Diamante;-25,334;-49,079;2025-03-11 21:40:00.0;0,39
CAMPINA GRANDE DO SUL;410400601A;PR;Jardim Diamante;-25,334;-49,079;2025-03-11 21:50:00.0;0,42
CAMPINA GRANDE DO SUL;410400601A;PR;Jardim Diamante;-25,334;-49,079;2025-03-11 22:00:00.0;0,39
CAMPINA GRANDE DO SUL;410400601A;PR;Jardim Diamante;-25,334;-49,079;2025-03-11 22:10:00.0;0,39
CAMPINA GRANDE DO SUL;410400601A;PR;Jardim Diamante;-25,334;-49,079;2025-03-11 22:20:00.0;0,79
CAMPINA GRANDE DO SUL;410400601A;PR;Jardim Diamante;-25,334;-49,079;2025-03-11 22:30:00.0;1,37
CAMPINA GRANDE DO SUL;410400601A;PR;Jardim Diamante;-25,334;-49,079;2025-03-11 22:40:00.0;2,56
CAMPINA GRANDE DO SUL;410400601A;PR;Jardim Diamante;-25,334;-49,079;2025-03-11 22:50:00.0;1,57
CAMPINA GRANDE DO SUL;410400601A;PR;Jardim Diamante;-25,334;-49,079;2025-03-11 23:00:00.0;0,98
CAMPINA GRANDE DO SUL;410400601A;PR;Jardim Diamante;-25,334;-49,079;2025-03-11 23:10:00.0;1,18
CAMPINA GRANDE DO SUL;410400601A;PR;Jardim Diamante;-25,334;-49,079;2025-03-11 23:20:00.0;0,98
CAMPINA GRANDE DO SUL;410400601A;PR;Jardim Diamante;-25,334;-49,079;2025-03-11 23:30:00.0;0,98
CAMPINA GRANDE DO SUL;410400601A;PR;Jardim Diamante;-25,334;-49,079;2025-03-11 23:40:00.0;0,20
CAMPINA GRANDE DO SUL;410400601A;PR;Jardim Diamante;-25,334;-49,079;2025-03-12 01:30:00.0;0,20
CAMPINA GRANDE DO SUL;410400601A;PR;Jardim Diamante;-25,334;-49,079;2025-03-12 08:10:00.0;0,20
CAMPINA GRANDE DO SUL;410400601A;PR;Jardim Diamante;-25,334;-49,079;2025-03-12 16:40:00.0;5,94
CAMPINA GRANDE DO SUL;410400601A;PR;Jardim Diamante;-25,334;-49,079;2025-03-12 16:50:00.0;8,99
CAMPINA GRANDE DO SUL;410400601A;PR;Jardim Diamante;-25,334;-49,079;2025-03-12 17:00:00.0;0,20
CAMPINA GRANDE DO SUL;410400601A;PR;Jardim Diamante;-25,334;-49,079;2025-03-12 17:20:00.0;0,42
CAMPINA GRANDE DO SUL;410400601A;PR;Jardim Diamante;-25,334;-49,079;2025-03-12 18:40:00.0;0,20
CAMPINA GRANDE DO SUL;410400601A;PR;Jardim Diamante;-25,334;-49,079;2025-03-12 18:50:00.0;1,18
CAMPINA GRANDE DO SUL;410400601A;PR;Jardim Diamante;-25,334;-49,079;2025-03-12 19:00:00.0;0,39
CAMPINA GRANDE DO SUL;410400601A;PR;Jardim Diamante;-25,334;-49,079;2025-03-12 19:20:00.0;0,20
CAMPINA GRANDE DO SUL;410400601A;PR;Jardim Diamante;-25,334;-49,079;2025-03-12 22:10:00.0;0,59
CAMPINA GRANDE DO SUL;410400601A;PR;Jardim Diamante;-25,334;-49,079;2025-03-12 22:20:00.0;0,20
CAMPINA GRANDE DO SUL;410400601A;PR;Jardim Diamante;-25,334;-49,079;2025-03-12 22:40:00.0;0,79
CAMPINA GRANDE DO SUL;410400601A;PR;Jardim Diamante;-25,334;-49,079;2025-03-12 22:50:00.0;0,39
CAMPINA GRANDE DO SUL;410400601A;PR;Jardim Diamante;-25,334;-49,079;2025-03-12 23:00:00.0;0,39
CAMPINA GRANDE DO SUL;410400601A;PR;Jardim Diamante;-25,334;-49,079;2025-03-12 23:10:00.0;0,20
CAMPINA GRANDE DO SUL;410400601A;PR;Jardim Diamante;-25,334;-49,079;2025-03-12 23:20:00.0;0,42
CAMPINA GRANDE DO SUL;410400601A;PR;Jardim Diamante;-25,334;-49,079;2025-03-12 23:30:00.0;0,39
CAMPINA GRANDE DO SUL;410400601A;PR;Jardim Diamante;-25,334;-49,079;2025-03-12 23:40:00.0;0,39
CAMPINA GRANDE DO SUL;410400601A;PR;Jardim Diamante;-25,334;-49,079;2025-03-12 23:50:00.0;0,59
CAMPINA GRANDE DO SUL;410400601A;PR;Jardim Diamante;-25,334;-49,079;2025-03-13 00:00:00.0;0,59
CAMPINA GRANDE DO SUL;410400601A;PR;Jardim Diamante;-25,334;-49,079;2025-03-13 00:10:00.0;0,42
CAMPINA GRANDE DO SUL;410400601A;PR;Jardim Diamante;-25,334;-49,079;2025-03-13 03:50:00.0;0,20
CAMPINA GRANDE DO SUL;410400601A;PR;Jardim Diamante;-25,334;-49,079;2025-03-13 07:20:00.0;0,20
CAMPINA GRANDE DO SUL;410400601A;PR;Jardim Diamante;-25,334;-49,079;2025-03-13 07:30:00.0;0,39
CAMPINA GRANDE DO SUL;410400601A;PR;Jardim Diamante;-25,334;-49,079;2025-03-13 07:40:00.0;0,42
CAMPINA GRANDE DO SUL;410400601A;PR;Jardim Diamante;-25,334;-49,079;2025-03-13 07:50:00.0;0,39
CAMPINA GRANDE DO SUL;410400601A;PR;Jardim Diamante;-25,334;-49,079;2025-03-13 08:00:00.0;0,59
CAMPINA GRANDE DO SUL;410400601A;PR;Jardim Diamante;-25,334;-49,079;2025-03-13 08:10:00.0;0,39
CAMPINA GRANDE DO SUL;410400601A;PR;Jardim Diamante;-25,334;-49,079;2025-03-13 08:20:00.0;0,39
CAMPINA GRANDE DO SUL;410400601A;PR;Jardim Diamante;-25,334;-49,079;2025-03-13 08:30:00.0;0,59
CAMPINA GRANDE DO SUL;410400601A;PR;Jardim Diamante;-25,334;-49,079;2025-03-13 08:40:00.0;0,39
CAMPINA GRANDE DO SUL;410400601A;PR;Jardim Diamante;-25,334;-49,079;2025-03-13 08:50:00.0;0,20
CAMPINA GRANDE DO SUL;410400601A;PR;Jardim Diamante;-25,334;-49,079;2025-03-13 09:10:00.0;0,42
CAMPINA GRANDE DO SUL;410400601A;PR;Jardim Diamante;-25,334;-49,079;2025-03-13 11:30:00.0;0,20
CAMPINA GRANDE DO SUL;410400601A;PR;Jardim Diamante;-25,334;-49,079;2025-03-13 18:20:00.0;0,00
CAMPINA GRANDE DO SUL;410400601A;PR;Jardim Diamante;-25,334;-49,079;2025-03-13 19:10:00.0;0,00
CAMPINA GRANDE DO SUL;410400601A;PR;Jardim Diamante;-25,334;-49,079;2025-03-13 19:20:00.0;0,59
CAMPINA GRANDE DO SUL;410400601A;PR;Jardim Diamante;-25,334;-49,079;2025-03-13 19:30:00.0;2,56
CAMPINA GRANDE DO SUL;410400601A;PR;Jardim Diamante;-25,334;-49,079;2025-03-13 19:40:00.0;0,42
CAMPINA GRANDE DO SUL;410400601A;PR;Jardim Diamante;-25,334;-49,079;2025-03-13 23:20:00.0;0,79
CAMPINA GRANDE DO SUL;410400601A;PR;Jardim Diamante;-25,334;-49,079;2025-03-13 23:30:00.0;0,42
CAMPINA GRANDE DO SUL;410400601A;PR;Jardim Diamante;-25,334;-49,079;2025-03-13 23:40:00.0;0,20
CAMPINA GRANDE DO SUL;410400601A;PR;Jardim Diamante;-25,334;-49,079;2025-03-13 23:50:00.0;0,20
CAMPINA GRANDE DO SUL;410400601A;PR;Jardim Diamante;-25,334;-49,079;2025-03-14 00:00:00.0;0,20
CAMPINA GRANDE DO SUL;410400601A;PR;Jardim Diamante;-25,334;-49,079;2025-03-14 00:10:00.0;0,20
CAMPINA GRANDE DO SUL;410400601A;PR;Jardim Diamante;-25,334;-49,079;2025-03-14 00:20:00.0;0,59
CAMPINA GRANDE DO SUL;410400601A;PR;Jardim Diamante;-25,334;-49,079;2025-03-14 00:40:00.0;0,20
CAMPINA GRANDE DO SUL;410400601A;PR;Jardim Diamante;-25,334;-49,079;2025-03-14 01:30:00.0;0,20
CAMPINA GRANDE DO SUL;410400601A;PR;Jardim Diamante;-25,334;-49,079;2025-03-14 14:20:00.0;0,42
CAMPINA GRANDE DO SUL;410400601A;PR;Jardim Diamante;-25,334;-49,079;2025-03-14 18:10:00.0;0,00
CAMPINA GRANDE DO SUL;410400601A;PR;Jardim Diamante;-25,334;-49,079;2025-03-14 19:10:00.0;0,00
CAMPINA GRANDE DO SUL;410400601A;PR;Jardim Diamante;-25,334;-49,079;2025-03-14 20:10:00.0;0,00
CAMPINA GRANDE DO SUL;410400601A;PR;Jardim Diamante;-25,334;-49,079;2025-03-15 20:10:00.0;0,20
CAMPINA GRANDE DO SUL;410400601A;PR;Jardim Diamante;-25,334;-49,079;2025-03-16 04:00:00.0;0,20
CAMPINA GRANDE DO SUL;410400601A;PR;Jardim Diamante;-25,334;-49,079;2025-03-16 12:10:00.0;0,00
CAMPINA GRANDE DO SUL;410400601A;PR;Jardim Diamante;-25,334;-49,079;2025-03-16 13:30:00.0;0,00
CAMPINA GRANDE DO SUL;410400601A;PR;Jardim Diamante;-25,334;-49,079;2025-03-16 14:20:00.0;0,00
CAMPINA GRANDE DO SUL;410400601A;PR;Jardim Diamante;-25,334;-49,079;2025-03-16 20:00:00.0;0,00
CAMPINA GRANDE DO SUL;410400601A;PR;Jardim Diamante;-25,334;-49,079;2025-03-16 20:10:00.0;0,00
CAMPINA GRANDE DO SUL;410400601A;PR;Jardim Diamante;-25,334;-49,079;2025-03-17 00:20:00.0;0,00
CAMPINA GRANDE DO SUL;410400601A;PR;Jardim Diamante;-25,334;-49,079;2025-03-17 01:10:00.0;0,00
CAMPINA GRANDE DO SUL;410400601A;PR;Jardim Diamante;-25,334;-49,079;2025-03-17 02:10:00.0;0,00
CAMPINA GRANDE DO SUL;410400601A;PR;Jardim Diamante;-25,334;-49,079;2025-03-17 03:10:00.0;0,00
CAMPINA GRANDE DO SUL;410400601A;PR;Jardim Diamante;-25,334;-49,079;2025-03-17 04:10:00.0;0,00
CAMPINA GRANDE DO SUL;410400601A;PR;Jardim Diamante;-25,334;-49,079;2025-03-17 05:10:00.0;0,00
CAMPINA GRANDE DO SUL;410400601A;PR;Jardim Diamante;-25,334;-49,079;2025-03-17 06:10:00.0;0,00
CAMPINA GRANDE DO SUL;410400601A;PR;Jardim Diamante;-25,334;-49,079;2025-03-17 07:10:00.0;0,00
CAMPINA GRANDE DO SUL;410400601A;PR;Jardim Diamante;-25,334;-49,079;2025-03-17 08:10:00.0;0,00
CAMPINA GRANDE DO SUL;410400601A;PR;Jardim Diamante;-25,334;-49,079;2025-03-17 11:20:00.0;0,00
CAMPINA GRANDE DO SUL;410400601A;PR;Jardim Diamante;-25,334;-49,079;2025-03-17 12:10:00.0;0,00
CAMPINA GRANDE DO SUL;410400601A;PR;Jardim Diamante;-25,334;-49,079;2025-03-17 13:00:00.0;0,20
CAMPINA GRANDE DO SUL;410400601A;PR;Jardim Diamante;-25,334;-49,079;2025-03-17 15:30:00.0;0,00
CAMPINA GRANDE DO SUL;410400601A;PR;Jardim Diamante;-25,334;-49,079;2025-03-19 07:00:00.0;0,00
CAMPINA GRANDE DO SUL;410400601A;PR;Jardim Diamante;-25,334;-49,079;2025-03-19 07:10:00.0;0,00
CAMPINA GRANDE DO SUL;410400601A;PR;Jardim Diamante;-25,334;-49,079;2025-03-20 01:10:00.0;0,00
CAMPINA GRANDE DO SUL;410400601A;PR;Jardim Diamante;-25,334;-49,079;2025-03-20 09:30:00.0;0,00
CAMPINA GRANDE DO SUL;410400601A;PR;Jardim Diamante;-25,334;-49,079;2025-03-20 10:40:00.0;0,00
CAMPINA GRANDE DO SUL;410400601A;PR;Jardim Diamante;-25,334;-49,079;2025-03-20 11:10:00.0;0,00
CAMPINA GRANDE DO SUL;410400601A;PR;Jardim Diamante;-25,334;-49,079;2025-03-20 12:10:00.0;0,00
CAMPINA GRANDE DO SUL;410400601A;PR;Jardim Diamante;-25,334;-49,079;2025-03-20 13:10:00.0;0,00
CAMPINA GRANDE DO SUL;410400601A;PR;Jardim Diamante;-25,334;-49,079;2025-03-20 14:10:00.0;0,00
CAMPINA GRANDE DO SUL;410400601A;PR;Jardim Diamante;-25,334;-49,079;2025-03-20 15:10:00.0;0,00
CAMPINA GRANDE DO SUL;410400601A;PR;Jardim Diamante;-25,334;-49,079;2025-03-20 16:20:00.0;0,00
CAMPINA GRANDE DO SUL;410400601A;PR;Jardim Diamante;-25,334;-49,079;2025-03-20 17:10:00.0;0,00
CAMPINA GRANDE DO SUL;410400601A;PR;Jardim Diamante;-25,334;-49,079;2025-03-20 18:10:00.0;0,00
CAMPINA GRANDE DO SUL;410400601A;PR;Jardim Diamante;-25,334;-49,079;2025-03-20 19:10:00.0;0,00
CAMPINA GRANDE DO SUL;410400601A;PR;Jardim Diamante;-25,334;-49,079;2025-03-20 20:10:00.0;0,00
CAMPINA GRANDE DO SUL;410400601A;PR;Jardim Diamante;-25,334;-49,079;2025-03-20 21:10:00.0;0,00
CAMPINA GRANDE DO SUL;410400601A;PR;Jardim Diamante;-25,334;-49,079;2025-03-20 22:10:00.0;0,00
CAMPINA GRANDE DO SUL;410400601A;PR;Jardim Diamante;-25,334;-49,079;2025-03-20 23:10:00.0;0,00
CAMPINA GRANDE DO SUL;410400601A;PR;Jardim Diamante;-25,334;-49,079;2025-03-21 01:10:00.0;0,00
CAMPINA GRANDE DO SUL;410400601A;PR;Jardim Diamante;-25,334;-49,079;2025-03-21 04:40:00.0;0,00
CAMPINA GRANDE DO SUL;410400601A;PR;Jardim Diamante;-25,334;-49,079;2025-03-21 05:10:00.0;0,00
CAMPINA GRANDE DO SUL;410400601A;PR;Jardim Diamante;-25,334;-49,079;2025-03-21 06:30:00.0;0,00
CAMPINA GRANDE DO SUL;410400601A;PR;Jardim Diamante;-25,334;-49,079;2025-03-21 07:10:00.0;0,00
CAMPINA GRANDE DO SUL;410400601A;PR;Jardim Diamante;-25,334;-49,079;2025-03-21 08:10:00.0;0,00
CAMPINA GRANDE DO SUL;410400601A;PR;Jardim Diamante;-25,334;-49,079;2025-03-21 09:10:00.0;0,00
CAMPINA GRANDE DO SUL;410400601A;PR;Jardim Diamante;-25,334;-49,079;2025-03-21 10:10:00.0;0,00
CAMPINA GRANDE DO SUL;410400601A;PR;Jardim Diamante;-25,334;-49,079;2025-03-21 11:10:00.0;0,00
CAMPINA GRANDE DO SUL;410400601A;PR;Jardim Diamante;-25,334;-49,079;2025-03-21 12:10:00.0;0,00
CAMPINA GRANDE DO SUL;410400601A;PR;Jardim Diamante;-25,334;-49,079;2025-03-21 13:10:00.0;0,00
CAMPINA GRANDE DO SUL;410400601A;PR;Jardim Diamante;-25,334;-49,079;2025-03-21 14:10:00.0;0,00
CAMPINA GRANDE DO SUL;410400601A;PR;Jardim Diamante;-25,334;-49,079;2025-03-21 15:10:00.0;0,00
CAMPINA GRANDE DO SUL;410400601A;PR;Jardim Diamante;-25,334;-49,079;2025-03-21 21:20:00.0;0,00
CAMPINA GRANDE DO SUL;410400601A;PR;Jardim Diamante;-25,334;-49,079;2025-03-21 22:10:00.0;0,00
CAMPINA GRANDE DO SUL;410400601A;PR;Jardim Diamante;-25,334;-49,079;2025-03-21 23:10:00.0;0,00
CAMPINA GRANDE DO SUL;410400601A;PR;Jardim Diamante;-25,334;-49,079;2025-03-22 00:10:00.0;0,00
CAMPINA GRANDE DO SUL;410400601A;PR;Jardim Diamante;-25,334;-49,079;2025-03-22 01:10:00.0;0,00
CAMPINA GRANDE DO SUL;410400601A;PR;Jardim Diamante;-25,334;-49,079;2025-03-22 02:10:00.0;0,00
CAMPINA GRANDE DO SUL;410400601A;PR;Jardim Diamante;-25,334;-49,079;2025-03-22 03:20:00.0;0,00
CAMPINA GRANDE DO SUL;410400601A;PR;Jardim Diamante;-25,334;-49,079;2025-03-22 04:10:00.0;0,00
CAMPINA GRANDE DO SUL;410400601A;PR;Jardim Diamante;-25,334;-49,079;2025-03-22 05:10:00.0;0,00
CAMPINA GRANDE DO SUL;410400601A;PR;Jardim Diamante;-25,334;-49,079;2025-03-22 06:10:00.0;0,00
CAMPINA GRANDE DO SUL;410400601A;PR;Jardim Diamante;-25,334;-49,079;2025-03-22 07:10:00.0;0,00
CAMPINA GRANDE DO SUL;410400601A;PR;Jardim Diamante;-25,334;-49,079;2025-03-22 08:10:00.0;0,00
CAMPINA GRANDE DO SUL;410400601A;PR;Jardim Diamante;-25,334;-49,079;2025-03-22 09:10:00.0;0,00
CAMPINA GRANDE DO SUL;410400601A;PR;Jardim Diamante;-25,334;-49,079;2025-03-22 10:10:00.0;0,00
CAMPINA GRANDE DO SUL;410400601A;PR;Jardim Diamante;-25,334;-49,079;2025-03-22 11:10:00.0;0,00
CAMPINA GRANDE DO SUL;410400601A;PR;Jardim Diamante;-25,334;-49,079;2025-03-22 12:10:00.0;0,00
CAMPINA GRANDE DO SUL;410400601A;PR;Jardim Diamante;-25,334;-49,079;2025-03-22 13:10:00.0;0,00
CAMPINA GRANDE DO SUL;410400601A;PR;Jardim Diamante;-25,334;-49,079;2025-03-22 14:10:00.0;0,00
CAMPINA GRANDE DO SUL;410400601A;PR;Jardim Diamante;-25,334;-49,079;2025-03-22 15:10:00.0;0,00
CAMPINA GRANDE DO SUL;410400601A;PR;Jardim Diamante;-25,334;-49,079;2025-03-23 00:00:00.0;0,00
CAMPINA GRANDE DO SUL;410400601A;PR;Jardim Diamante;-25,334;-49,079;2025-03-23 00:10:00.0;0,00
CAMPINA GRANDE DO SUL;410400601A;PR;Jardim Diamante;-25,334;-49,079;2025-03-23 01:10:00.0;0,00
CAMPINA GRANDE DO SUL;410400601A;PR;Jardim Diamante;-25,334;-49,079;2025-03-23 02:10:00.0;0,00
CAMPINA GRANDE DO SUL;410400601A;PR;Jardim Diamante;-25,334;-49,079;2025-03-23 03:10:00.0;0,00
CAMPINA GRANDE DO SUL;410400601A;PR;Jardim Diamante;-25,334;-49,079;2025-03-23 04:10:00.0;0,00
CAMPINA GRANDE DO SUL;410400601A;PR;Jardim Diamante;-25,334;-49,079;2025-03-23 05:10:00.0;0,00
CAMPINA GRANDE DO SUL;410400601A;PR;Jardim Diamante;-25,334;-49,079;2025-03-23 06:10:00.0;0,00
CAMPINA GRANDE DO SUL;410400601A;PR;Jardim Diamante;-25,334;-49,079;2025-03-23 07:10:00.0;0,00
CAMPINA GRANDE DO SUL;410400601A;PR;Jardim Diamante;-25,334;-49,079;2025-03-23 08:10:00.0;0,00
CAMPINA GRANDE DO SUL;410400601A;PR;Jardim Diamante;-25,334;-49,079;2025-03-23 09:10:00.0;0,00
CAMPINA GRANDE DO SUL;410400601A;PR;Jardim Diamante;-25,334;-49,079;2025-03-23 10:10:00.0;0,00
CAMPINA GRANDE DO SUL;410400601A;PR;Jardim Diamante;-25,334;-49,079;2025-03-23 11:10:00.0;0,00
CAMPINA GRANDE DO SUL;410400601A;PR;Jardim Diamante;-25,334;-49,079;2025-03-23 12:10:00.0;0,00
CAMPINA GRANDE DO SUL;410400601A;PR;Jardim Diamante;-25,334;-49,079;2025-03-23 13:10:00.0;0,00
CAMPINA GRANDE DO SUL;410400601A;PR;Jardim Diamante;-25,334;-49,079;2025-03-23 14:10:00.0;0,00
CAMPINA GRANDE DO SUL;410400601A;PR;Jardim Diamante;-25,334;-49,079;2025-03-23 15:10:00.0;0,00
CAMPINA GRANDE DO SUL;410400601A;PR;Jardim Diamante;-25,334;-49,079;2025-03-23 22:00:00.0;0,00
CAMPINA GRANDE DO SUL;410400601A;PR;Jardim Diamante;-25,334;-49,079;2025-03-23 22:10:00.0;0,00
CAMPINA GRANDE DO SUL;410400601A;PR;Jardim Diamante;-25,334;-49,079;2025-03-23 23:10:00.0;0,00
CAMPINA GRANDE DO SUL;410400601A;PR;Jardim Diamante;-25,334;-49,079;2025-03-24 00:10:00.0;0,00
CAMPINA GRANDE DO SUL;410400601A;PR;Jardim Diamante;-25,334;-49,079;2025-03-24 01:10:00.0;0,00
CAMPINA GRANDE DO SUL;410400601A;PR;Jardim Diamante;-25,334;-49,079;2025-03-24 02:10:00.0;0,00
CAMPINA GRANDE DO SUL;410400601A;PR;Jardim Diamante;-25,334;-49,079;2025-03-24 03:10:00.0;0,00
CAMPINA GRANDE DO SUL;410400601A;PR;Jardim Diamante;-25,334;-49,079;2025-03-24 04:10:00.0;0,00
CAMPINA GRANDE DO SUL;410400601A;PR;Jardim Diamante;-25,334;-49,079;2025-03-24 05:10:00.0;0,00
CAMPINA GRANDE DO SUL;410400601A;PR;Jardim Diamante;-25,334;-49,079;2025-03-24 06:10:00.0;0,00
CAMPINA GRANDE DO SUL;410400601A;PR;Jardim Diamante;-25,334;-49,079;2025-03-24 07:10:00.0;0,00
CAMPINA GRANDE DO SUL;410400601A;PR;Jardim Diamante;-25,334;-49,079;2025-03-24 08:10:00.0;0,00
CAMPINA GRANDE DO SUL;410400601A;PR;Jardim Diamante;-25,334;-49,079;2025-03-24 09:10:00.0;0,00
CAMPINA GRANDE DO SUL;410400601A;PR;Jardim Diamante;-25,334;-49,079;2025-03-24 10:10:00.0;0,00
CAMPINA GRANDE DO SUL;410400601A;PR;Jardim Diamante;-25,334;-49,079;2025-03-24 11:10:00.0;0,00
CAMPINA GRANDE DO SUL;410400601A;PR;Jardim Diamante;-25,334;-49,079;2025-03-24 12:10:00.0;0,00
CAMPINA GRANDE DO SUL;410400601A;PR;Jardim Diamante;-25,334;-49,079;2025-03-24 13:10:00.0;0,00
CAMPINA GRANDE DO SUL;410400601A;PR;Jardim Diamante;-25,334;-49,079;2025-03-24 14:10:00.0;0,00
CAMPINA GRANDE DO SUL;410400601A;PR;Jardim Diamante;-25,334;-49,079;2025-03-24 15:20:00.0;0,00
CAMPINA GRANDE DO SUL;410400601A;PR;Jardim Diamante;-25,334;-49,079;2025-03-24 17:20:00.0;0,00
CAMPINA GRANDE DO SUL;410400601A;PR;Jardim Diamante;-25,334;-49,079;2025-03-24 18:10:00.0;0,00
CAMPINA GRANDE DO SUL;410400601A;PR;Jardim Diamante;-25,334;-49,079;2025-03-24 19:10:00.0;0,00
CAMPINA GRANDE DO SUL;410400601A;PR;Jardim Diamante;-25,334;-49,079;2025-03-24 20:10:00.0;0,00
CAMPINA GRANDE DO SUL;410400601A;PR;Jardim Diamante;-25,334;-49,079;2025-03-24 21:10:00.0;0,00
CAMPINA GRANDE DO SUL;410400601A;PR;Jardim Diamante;-25,334;-49,079;2025-03-24 23:50:00.0;0,00
CAMPINA GRANDE DO SUL;410400601A;PR;Jardim Diamante;-25,334;-49,079;2025-03-25 00:10:00.0;0,00
CAMPINA GRANDE DO SUL;410400601A;PR;Jardim Diamante;-25,334;-49,079;2025-03-25 01:10:00.0;0,00
CAMPINA GRANDE DO SUL;410400601A;PR;Jardim Diamante;-25,334;-49,079;2025-03-25 02:10:00.0;0,00
CAMPINA GRANDE DO SUL;410400601A;PR;Jardim Diamante;-25,334;-49,079;2025-03-25 03:10:00.0;0,00
CAMPINA GRANDE DO SUL;410400601A;PR;Jardim Diamante;-25,334;-49,079;2025-03-25 04:10:00.0;0,00
CAMPINA GRANDE DO SUL;410400601A;PR;Jardim Diamante;-25,334;-49,079;2025-03-25 05:10:00.0;0,00
CAMPINA GRANDE DO SUL;410400601A;PR;Jardim Diamante;-25,334;-49,079;2025-03-25 06:10:00.0;0,00
CAMPINA GRANDE DO SUL;410400601A;PR;Jardim Diamante;-25,334;-49,079;2025-03-25 07:10:00.0;0,00
CAMPINA GRANDE DO SUL;410400601A;PR;Jardim Diamante;-25,334;-49,079;2025-03-25 08:10:00.0;0,00
CAMPINA GRANDE DO SUL;410400601A;PR;Jardim Diamante;-25,334;-49,079;2025-03-25 08:20:00.0;0,20
CAMPINA GRANDE DO SUL;410400601A;PR;Jardim Diamante;-25,334;-49,079;2025-03-25 08:30:00.0;0,59
CAMPINA GRANDE DO SUL;410400601A;PR;Jardim Diamante;-25,334;-49,079;2025-03-25 08:40:00.0;0,20
CAMPINA GRANDE DO SUL;410400601A;PR;Jardim Diamante;-25,334;-49,079;2025-03-25 09:10:00.0;0,00
CAMPINA GRANDE DO SUL;410400601A;PR;Jardim Diamante;-25,334;-49,079;2025-03-25 10:10:00.0;0,00
CAMPINA GRANDE DO SUL;410400601A;PR;Jardim Diamante;-25,334;-49,079;2025-03-25 11:10:00.0;0,00
CAMPINA GRANDE DO SUL;410400601A;PR;Jardim Diamante;-25,334;-49,079;2025-03-25 12:10:00.0;0,00
CAMPINA GRANDE DO SUL;410400601A;PR;Jardim Diamante;-25,334;-49,079;2025-03-25 13:10:00.0;0,20
CAMPINA GRANDE DO SUL;410400601A;PR;Jardim Diamante;-25,334;-49,079;2025-03-25 18:10:00.0;0,20
CAMPINA GRANDE DO SUL;410400601A;PR;Jardim Diamante;-25,334;-49,079;2025-03-25 23:10:00.0;0,00
CAMPINA GRANDE DO SUL;410400601A;PR;Jardim Diamante;-25,334;-49,079;2025-03-26 00:10:00.0;0,00
CAMPINA GRANDE DO SUL;410400601A;PR;Jardim Diamante;-25,334;-49,079;2025-03-26 01:10:00.0;0,00
CAMPINA GRANDE DO SUL;410400601A;PR;Jardim Diamante;-25,334;-49,079;2025-03-26 02:10:00.0;0,00
CAMPINA GRANDE DO SUL;410400601A;PR;Jardim Diamante;-25,334;-49,079;2025-03-26 03:10:00.0;0,00
CAMPINA GRANDE DO SUL;410400601A;PR;Jardim Diamante;-25,334;-49,079;2025-03-26 03:20:00.0;0,20
CAMPINA GRANDE DO SUL;410400601A;PR;Jardim Diamante;-25,334;-49,079;2025-03-26 03:50:00.0;0,20
CAMPINA GRANDE DO SUL;410400601A;PR;Jardim Diamante;-25,334;-49,079;2025-03-26 05:10:00.0;0,20
CAMPINA GRANDE DO SUL;410400601A;PR;Jardim Diamante;-25,334;-49,079;2025-03-26 05:20:00.0;0,42
CAMPINA GRANDE DO SUL;410400601A;PR;Jardim Diamante;-25,334;-49,079;2025-03-26 18:10:00.0;0,00
CAMPINA GRANDE DO SUL;410400601A;PR;Jardim Diamante;-25,334;-49,079;2025-03-26 19:10:00.0;0,00
CAMPINA GRANDE DO SUL;410400601A;PR;Jardim Diamante;-25,334;-49,079;2025-03-26 19:20:00.0;0,20
CAMPINA GRANDE DO SUL;410400601A;PR;Jardim Diamante;-25,334;-49,079;2025-03-26 20:10:00.0;0,00
CAMPINA GRANDE DO SUL;410400601A;PR;Jardim Diamante;-25,334;-49,079;2025-03-26 21:10:00.0;0,00
CAMPINA GRANDE DO SUL;410400601A;PR;Jardim Diamante;-25,334;-49,079;2025-03-26 22:10:00.0;0,00
CAMPINA GRANDE DO SUL;410400601A;PR;Jardim Diamante;-25,334;-49,079;2025-03-27 08:10:00.0;0,00
CAMPINA GRANDE DO SUL;410400601A;PR;Jardim Diamante;-25,334;-49,079;2025-03-27 09:50:00.0;0,00
CAMPINA GRANDE DO SUL;410400601A;PR;Jardim Diamante;-25,334;-49,079;2025-03-27 10:10:00.0;0,00
CAMPINA GRANDE DO SUL;410400601A;PR;Jardim Diamante;-25,334;-49,079;2025-03-27 11:10:00.0;0,00
CAMPINA GRANDE DO SUL;410400601A;PR;Jardim Diamante;-25,334;-49,079;2025-03-27 12:10:00.0;0,00
CAMPINA GRANDE DO SUL;410400601A;PR;Jardim Diamante;-25,334;-49,079;2025-03-27 13:10:00.0;0,00
CAMPINA GRANDE DO SUL;410400601A;PR;Jardim Diamante;-25,334;-49,079;2025-03-27 14:10:00.0;0,00
CAMPINA GRANDE DO SUL;410400601A;PR;Jardim Diamante;-25,334;-49,079;2025-03-27 15:10:00.0;0,00
CAMPINA GRANDE DO SUL;410400601A;PR;Jardim Diamante;-25,334;-49,079;2025-03-27 21:50:00.0;0,00
CAMPINA GRANDE DO SUL;410400601A;PR;Jardim Diamante;-25,334;-49,079;2025-03-27 22:10:00.0;0,00
CAMPINA GRANDE DO SUL;410400601A;PR;Jardim Diamante;-25,334;-49,079;2025-03-28 11:00:00.0;0,00
CAMPINA GRANDE DO SUL;410400601A;PR;Jardim Diamante;-25,334;-49,079;2025-03-28 11:20:00.0;0,00
CAMPINA GRANDE DO SUL;410400601A;PR;Jardim Diamante;-25,334;-49,079;2025-03-28 12:10:00.0;0,00
CAMPINA GRANDE DO SUL;410400601A;PR;Jardim Diamante;-25,334;-49,079;2025-03-28 13:10:00.0;0,00
CAMPINA GRANDE DO SUL;410400601A;PR;Jardim Diamante;-25,334;-49,079;2025-03-28 14:30:00.0;0,00
CAMPINA GRANDE DO SUL;410400601A;PR;Jardim Diamante;-25,334;-49,079;2025-03-28 21:20:00.0;0,00
CAMPINA GRANDE DO SUL;410400601A;PR;Jardim Diamante;-25,334;-49,079;2025-03-29 03:10:00.0;0,00
CAMPINA GRANDE DO SUL;410400601A;PR;Jardim Diamante;-25,334;-49,079;2025-03-29 06:20:00.0;0,00
CAMPINA GRANDE DO SUL;410400601A;PR;Jardim Diamante;-25,334;-49,079;2025-03-29 07:10:00.0;0,00
CAMPINA GRANDE DO SUL;410400601A;PR;Jardim Diamante;-25,334;-49,079;2025-03-29 08:20:00.0;0,00
CAMPINA GRANDE DO SUL;410400601A;PR;Jardim Diamante;-25,334;-49,079;2025-03-29 09:10:00.0;0,00
CAMPINA GRANDE DO SUL;410400601A;PR;Jardim Diamante;-25,334;-49,079;2025-03-29 10:10:00.0;0,00
CAMPINA GRANDE DO SUL;410400601A;PR;Jardim Diamante;-25,334;-49,079;2025-03-29 11:10:00.0;0,00
CAMPINA GRANDE DO SUL;410400601A;PR;Jardim Diamante;-25,334;-49,079;2025-03-29 12:10:00.0;0,00
CAMPINA GRANDE DO SUL;410400601A;PR;Jardim Diamante;-25,334;-49,079;2025-03-29 13:10:00.0;0,00
CAMPINA GRANDE DO SUL;410400601A;PR;Jardim Diamante;-25,334;-49,079;2025-03-29 14:10:00.0;0,00
CAMPINA GRANDE DO SUL;410400601A;PR;Jardim Diamante;-25,334;-49,079;2025-03-29 15:10:00.0;0,00
CAMPINA GRANDE DO SUL;410400601A;PR;Jardim Diamante;-25,334;-49,079;2025-03-29 17:00:00.0;0,00
CAMPINA GRANDE DO SUL;410400601A;PR;Jardim Diamante;-25,334;-49,079;2025-03-29 17:10:00.0;0,00
CAMPINA GRANDE DO SUL;410400601A;PR;Jardim Diamante;-25,334;-49,079;2025-03-29 18:10:00.0;0,00
CAMPINA GRANDE DO SUL;410400601A;PR;Jardim Diamante;-25,334;-49,079;2025-03-29 19:40:00.0;0,00
CAMPINA GRANDE DO SUL;410400601A;PR;Jardim Diamante;-25,334;-49,079;2025-03-29 20:10:00.0;0,00
CAMPINA GRANDE DO SUL;410400601A;PR;Jardim Diamante;-25,334;-49,079;2025-03-30 09:10:00.0;0,00
CAMPINA GRANDE DO SUL;410400601A;PR;Jardim Diamante;-25,334;-49,079;2025-03-30 12:40:00.0;0,00
CAMPINA GRANDE DO SUL;410400601A;PR;Jardim Diamante;-25,334;-49,079;2025-03-30 13:10:00.0;0,00
CAMPINA GRANDE DO SUL;410400601A;PR;Jardim Diamante;-25,334;-49,079;2025-03-30 18:10:00.0;0,00
CAMPINA GRANDE DO SUL;410400601A;PR;Jardim Diamante;-25,334;-49,079;2025-03-30 19:10:00.0;0,00
CAMPINA GRANDE DO SUL;410400601A;PR;Jardim Diamante;-25,334;-49,079;2025-03-30 20:40:00.0;0,00
CAMPINA GRANDE DO SUL;410400601A;PR;Jardim Diamante;-25,334;-49,079;2025-03-30 22:00:00.0;0,00
CAMPINA GRANDE DO SUL;410400601A;PR;Jardim Diamante;-25,334;-49,079;2025-03-30 22:10:00.0;0,00
CAMPINA GRANDE DO SUL;410400601A;PR;Jardim Diamante;-25,334;-49,079;2025-03-31 01:20:00.0;0,00
CAMPINA GRANDE DO SUL;410400601A;PR;Jardim Diamante;-25,334;-49,079;2025-03-31 14:10:00.0;0,00
CAMPINA GRANDE DO SUL;410400601A;PR;Jardim Diamante;-25,334;-49,079;2025-03-31 21:40:00.0;0,00
CAMPINA GRANDE DO SUL;410400601A;PR;Jardim Diamante;-25,334;-49,079;2025-03-31 23:40:00.0;0,00
CAMPINA GRANDE DO SUL;410400602A;PR;Jardim Graciosa;-25,356;-49,109;2025-03-01 00:50:00.0;0,00
CAMPINA GRANDE DO SUL;410400602A;PR;Jardim Graciosa;-25,356;-49,109;2025-03-01 01:50:00.0;0,00
CAMPINA GRANDE DO SUL;410400602A;PR;Jardim Graciosa;-25,356;-49,109;2025-03-01 02:50:00.0;0,00
CAMPINA GRANDE DO SUL;410400602A;PR;Jardim Graciosa;-25,356;-49,109;2025-03-01 03:50:00.0;0,00
CAMPINA GRANDE DO SUL;410400602A;PR;Jardim Graciosa;-25,356;-49,109;2025-03-01 04:50:00.0;0,00
CAMPINA GRANDE DO SUL;410400602A;PR;Jardim Graciosa;-25,356;-49,109;2025-03-01 05:50:00.0;0,00
CAMPINA GRANDE DO SUL;410400602A;PR;Jardim Graciosa;-25,356;-49,109;2025-03-01 06:50:00.0;0,00
CAMPINA GRANDE DO SUL;410400602A;PR;Jardim Graciosa;-25,356;-49,109;2025-03-01 07:50:00.0;0,00
CAMPINA GRANDE DO SUL;410400602A;PR;Jardim Graciosa;-25,356;-49,109;2025-03-01 08:50:00.0;0,00
CAMPINA GRANDE DO SUL;410400602A;PR;Jardim Graciosa;-25,356;-49,109;2025-03-01 09:20:00.0;0,20
CAMPINA GRANDE DO SUL;410400602A;PR;Jardim Graciosa;-25,356;-49,109;2025-03-01 09:50:00.0;0,00
CAMPINA GRANDE DO SUL;410400602A;PR;Jardim Graciosa;-25,356;-49,109;2025-03-01 10:50:00.0;0,00
CAMPINA GRANDE DO SUL;410400602A;PR;Jardim Graciosa;-25,356;-49,109;2025-03-01 11:50:00.0;0,00
CAMPINA GRANDE DO SUL;410400602A;PR;Jardim Graciosa;-25,356;-49,109;2025-03-01 12:50:00.0;0,00
CAMPINA GRANDE DO SUL;410400602A;PR;Jardim Graciosa;-25,356;-49,109;2025-03-01 13:50:00.0;0,00
CAMPINA GRANDE DO SUL;410400602A;PR;Jardim Graciosa;-25,356;-49,109;2025-03-01 14:50:00.0;0,00
CAMPINA GRANDE DO SUL;410400602A;PR;Jardim Graciosa;-25,356;-49,109;2025-03-01 15:50:00.0;0,00
CAMPINA GRANDE DO SUL;410400602A;PR;Jardim Graciosa;-25,356;-49,109;2025-03-01 17:00:00.0;0,00
CAMPINA GRANDE DO SUL;410400602A;PR;Jardim Graciosa;-25,356;-49,109;2025-03-01 18:20:00.0;0,00
CAMPINA GRANDE DO SUL;410400602A;PR;Jardim Graciosa;-25,356;-49,109;2025-03-01 19:10:00.0;0,00
CAMPINA GRANDE DO SUL;410400602A;PR;Jardim Graciosa;-25,356;-49,109;2025-03-01 20:50:00.0;0,00
CAMPINA GRANDE DO SUL;410400602A;PR;Jardim Graciosa;-25,356;-49,109;2025-03-01 22:00:00.0;0,00
CAMPINA GRANDE DO SUL;410400602A;PR;Jardim Graciosa;-25,356;-49,109;2025-03-01 23:20:00.0;0,00
CAMPINA GRANDE DO SUL;410400602A;PR;Jardim Graciosa;-25,356;-49,109;2025-03-02 00:00:00.0;0,00
CAMPINA GRANDE DO SUL;410400602A;PR;Jardim Graciosa;-25,356;-49,109;2025-03-02 00:50:00.0;0,00
CAMPINA GRANDE DO SUL;410400602A;PR;Jardim Graciosa;-25,356;-49,109;2025-03-02 02:30:00.0;0,00
CAMPINA GRANDE DO SUL;410400602A;PR;Jardim Graciosa;-25,356;-49,109;2025-03-02 03:10:00.0;0,00
CAMPINA GRANDE DO SUL;410400602A;PR;Jardim Graciosa;-25,356;-49,109;2025-03-02 03:50:00.0;0,00
CAMPINA GRANDE DO SUL;410400602A;PR;Jardim Graciosa;-25,356;-49,109;2025-03-02 04:50:00.0;0,00
CAMPINA GRANDE DO SUL;410400602A;PR;Jardim Graciosa;-25,356;-49,109;2025-03-02 05:50:00.0;0,00
CAMPINA GRANDE DO SUL;410400602A;PR;Jardim Graciosa;-25,356;-49,109;2025-03-02 06:50:00.0;0,00
CAMPINA GRANDE DO SUL;410400602A;PR;Jardim Graciosa;-25,356;-49,109;2025-03-02 07:50:00.0;0,00
CAMPINA GRANDE DO SUL;410400602A;PR;Jardim Graciosa;-25,356;-49,109;2025-03-02 08:50:00.0;0,00
CAMPINA GRANDE DO SUL;410400602A;PR;Jardim Graciosa;-25,356;-49,109;2025-03-02 09:50:00.0;0,00
CAMPINA GRANDE DO SUL;410400602A;PR;Jardim Graciosa;-25,356;-49,109;2025-03-02 10:50:00.0;0,00
CAMPINA GRANDE DO SUL;410400602A;PR;Jardim Graciosa;-25,356;-49,109;2025-03-02 11:50:00.0;0,00
CAMPINA GRANDE DO SUL;410400602A;PR;Jardim Graciosa;-25,356;-49,109;2025-03-02 12:50:00.0;0,00
CAMPINA GRANDE DO SUL;410400602A;PR;Jardim Graciosa;-25,356;-49,109;2025-03-02 13:50:00.0;0,00
CAMPINA GRANDE DO SUL;410400602A;PR;Jardim Graciosa;-25,356;-49,109;2025-03-02 14:50:00.0;0,00
CAMPINA GRANDE DO SUL;410400602A;PR;Jardim Graciosa;-25,356;-49,109;2025-03-02 15:50:00.0;0,00
CAMPINA GRANDE DO SUL;410400602A;PR;Jardim Graciosa;-25,356;-49,109;2025-03-02 16:50:00.0;0,00
CAMPINA GRANDE DO SUL;410400602A;PR;Jardim Graciosa;-25,356;-49,109;2025-03-02 17:50:00.0;0,00
CAMPINA GRANDE DO SUL;410400602A;PR;Jardim Graciosa;-25,356;-49,109;2025-03-02 18:50:00.0;0,00
CAMPINA GRANDE DO SUL;410400602A;PR;Jardim Graciosa;-25,356;-49,109;2025-03-02 19:50:00.0;0,00
CAMPINA GRANDE DO SUL;410400602A;PR;Jardim Graciosa;-25,356;-49,109;2025-03-02 20:50:00.0;0,00
CAMPINA GRANDE DO SUL;410400602A;PR;Jardim Graciosa;-25,356;-49,109;2025-03-02 21:50:00.0;0,00
CAMPINA GRANDE DO SUL;410400602A;PR;Jardim Graciosa;-25,356;-49,109;2025-03-02 22:50:00.0;0,00
CAMPINA GRANDE DO SUL;410400602A;PR;Jardim Graciosa;-25,356;-49,109;2025-03-02 23:50:00.0;0,00
CAMPINA GRANDE DO SUL;410400602A;PR;Jardim Graciosa;-25,356;-49,109;2025-03-03 00:50:00.0;0,00
CAMPINA GRANDE DO SUL;410400602A;PR;Jardim Graciosa;-25,356;-49,109;2025-03-03 01:50:00.0;0,00
CAMPINA GRANDE DO SUL;410400602A;PR;Jardim Graciosa;-25,356;-49,109;2025-03-03 02:50:00.0;0,00
CAMPINA GRANDE DO SUL;410400602A;PR;Jardim Graciosa;-25,356;-49,109;2025-03-03 03:50:00.0;0,00
CAMPINA GRANDE DO SUL;410400602A;PR;Jardim Graciosa;-25,356;-49,109;2025-03-03 04:50:00.0;0,00
CAMPINA GRANDE DO SUL;410400602A;PR;Jardim Graciosa;-25,356;-49,109;2025-03-03 05:50:00.0;0,00
CAMPINA GRANDE DO SUL;410400602A;PR;Jardim Graciosa;-25,356;-49,109;2025-03-03 06:50:00.0;0,00
CAMPINA GRANDE DO SUL;410400602A;PR;Jardim Graciosa;-25,356;-49,109;2025-03-03 07:50:00.0;0,00
CAMPINA GRANDE DO SUL;410400602A;PR;Jardim Graciosa;-25,356;-49,109;2025-03-03 08:50:00.0;0,00
CAMPINA GRANDE DO SUL;410400602A;PR;Jardim Graciosa;-25,356;-49,109;2025-03-03 09:10:00.0;0,20
CAMPINA GRANDE DO SUL;410400602A;PR;Jardim Graciosa;-25,356;-49,109;2025-03-03 09:50:00.0;0,00
CAMPINA GRANDE DO SUL;410400602A;PR;Jardim Graciosa;-25,356;-49,109;2025-03-03 10:50:00.0;0,00
CAMPINA GRANDE DO SUL;410400602A;PR;Jardim Graciosa;-25,356;-49,109;2025-03-03 11:50:00.0;0,00
CAMPINA GRANDE DO SUL;410400602A;PR;Jardim Graciosa;-25,356;-49,109;2025-03-03 12:50:00.0;0,00
CAMPINA GRANDE DO SUL;410400602A;PR;Jardim Graciosa;-25,356;-49,109;2025-03-03 13:50:00.0;0,00
CAMPINA GRANDE DO SUL;410400602A;PR;Jardim Graciosa;-25,356;-49,109;2025-03-03 14:50:00.0;0,00
CAMPINA GRANDE DO SUL;410400602A;PR;Jardim Graciosa;-25,356;-49,109;2025-03-03 15:50:00.0;0,00
CAMPINA GRANDE DO SUL;410400602A;PR;Jardim Graciosa;-25,356;-49,109;2025-03-03 16:50:00.0;0,00
CAMPINA GRANDE DO SUL;410400602A;PR;Jardim Graciosa;-25,356;-49,109;2025-03-03 17:50:00.0;0,00
CAMPINA GRANDE DO SUL;410400602A;PR;Jardim Graciosa;-25,356;-49,109;2025-03-03 18:50:00.0;0,00
CAMPINA GRANDE DO SUL;410400602A;PR;Jardim Graciosa;-25,356;-49,109;2025-03-03 19:50:00.0;0,00
CAMPINA GRANDE DO SUL;410400602A;PR;Jardim Graciosa;-25,356;-49,109;2025-03-03 20:50:00.0;0,00
CAMPINA GRANDE DO SUL;410400602A;PR;Jardim Graciosa;-25,356;-49,109;2025-03-03 21:50:00.0;0,00
CAMPINA GRANDE DO SUL;410400602A;PR;Jardim Graciosa;-25,356;-49,109;2025-03-03 22:50:00.0;0,00
CAMPINA GRANDE DO SUL;410400602A;PR;Jardim Graciosa;-25,356;-49,109;2025-03-03 23:50:00.0;0,00
CAMPINA GRANDE DO SUL;410400602A;PR;Jardim Graciosa;-25,356;-49,109;2025-03-04 00:50:00.0;0,00
CAMPINA GRANDE DO SUL;410400602A;PR;Jardim Graciosa;-25,356;-49,109;2025-03-04 01:50:00.0;0,00
CAMPINA GRANDE DO SUL;410400602A;PR;Jardim Graciosa;-25,356;-49,109;2025-03-04 02:50:00.0;0,00
CAMPINA GRANDE DO SUL;410400602A;PR;Jardim Graciosa;-25,356;-49,109;2025-03-04 03:50:00.0;0,00
CAMPINA GRANDE DO SUL;410400602A;PR;Jardim Graciosa;-25,356;-49,109;2025-03-04 04:50:00.0;0,00
CAMPINA GRANDE DO SUL;410400602A;PR;Jardim Graciosa;-25,356;-49,109;2025-03-04 05:50:00.0;0,00
CAMPINA GRANDE DO SUL;410400602A;PR;Jardim Graciosa;-25,356;-49,109;2025-03-04 06:50:00.0;0,00
CAMPINA GRANDE DO SUL;410400602A;PR;Jardim Graciosa;-25,356;-49,109;2025-03-04 07:50:00.0;0,00
CAMPINA GRANDE DO SUL;410400602A;PR;Jardim Graciosa;-25,356;-49,109;2025-03-04 08:50:00.0;0,00
CAMPINA GRANDE DO SUL;410400602A;PR;Jardim Graciosa;-25,356;-49,109;2025-03-04 09:50:00.0;0,00
CAMPINA GRANDE DO SUL;410400602A;PR;Jardim Graciosa;-25,356;-49,109;2025-03-04 10:50:00.0;0,00
CAMPINA GRANDE DO SUL;410400602A;PR;Jardim Graciosa;-25,356;-49,109;2025-03-04 11:50:00.0;0,00
CAMPINA GRANDE DO SUL;410400602A;PR;Jardim Graciosa;-25,356;-49,109;2025-03-04 12:50:00.0;0,00
CAMPINA GRANDE DO SUL;410400602A;PR;Jardim Graciosa;-25,356;-49,109;2025-03-04 13:50:00.0;0,00
CAMPINA GRANDE DO SUL;410400602A;PR;Jardim Graciosa;-25,356;-49,109;2025-03-04 14:50:00.0;0,00
CAMPINA GRANDE DO SUL;410400602A;PR;Jardim Graciosa;-25,356;-49,109;2025-03-04 15:50:00.0;0,00
CAMPINA GRANDE DO SUL;410400602A;PR;Jardim Graciosa;-25,356;-49,109;2025-03-04 16:50:00.0;0,00
CAMPINA GRANDE DO SUL;410400602A;PR;Jardim Graciosa;-25,356;-49,109;2025-03-04 17:50:00.0;0,00
CAMPINA GRANDE DO SUL;410400602A;PR;Jardim Graciosa;-25,356;-49,109;2025-03-04 18:50:00.0;0,00
CAMPINA GRANDE DO SUL;410400602A;PR;Jardim Graciosa;-25,356;-49,109;2025-03-04 19:50:00.0;0,00
CAMPINA GRANDE DO SUL;410400602A;PR;Jardim Graciosa;-25,356;-49,109;2025-03-04 20:50:00.0;0,00
CAMPINA GRANDE DO SUL;410400602A;PR;Jardim Graciosa;-25,356;-49,109;2025-03-04 21:50:00.0;0,00
CAMPINA GRANDE DO SUL;410400602A;PR;Jardim Graciosa;-25,356;-49,109;2025-03-04 22:50:00.0;0,00
CAMPINA GRANDE DO SUL;410400602A;PR;Jardim Graciosa;-25,356;-49,109;2025-03-04 23:50:00.0;0,00
CAMPINA GRANDE DO SUL;410400602A;PR;Jardim Graciosa;-25,356;-49,109;2025-03-05 00:50:00.0;0,00
CAMPINA GRANDE DO SUL;410400602A;PR;Jardim Graciosa;-25,356;-49,109;2025-03-05 01:50:00.0;0,00
CAMPINA GRANDE DO SUL;410400602A;PR;Jardim Graciosa;-25,356;-49,109;2025-03-05 02:50:00.0;0,00
CAMPINA GRANDE DO SUL;410400602A;PR;Jardim Graciosa;-25,356;-49,109;2025-03-05 03:50:00.0;0,00
CAMPINA GRANDE DO SUL;410400602A;PR;Jardim Graciosa;-25,356;-49,109;2025-03-05 04:50:00.0;0,00
CAMPINA GRANDE DO SUL;410400602A;PR;Jardim Graciosa;-25,356;-49,109;2025-03-05 05:50:00.0;0,00
CAMPINA GRANDE DO SUL;410400602A;PR;Jardim Graciosa;-25,356;-49,109;2025-03-05 06:50:00.0;0,00
CAMPINA GRANDE DO SUL;410400602A;PR;Jardim Graciosa;-25,356;-49,109;2025-03-05 07:50:00.0;0,00
CAMPINA GRANDE DO SUL;410400602A;PR;Jardim Graciosa;-25,356;-49,109;2025-03-05 08:50:00.0;0,00
CAMPINA GRANDE DO SUL;410400602A;PR;Jardim Graciosa;-25,356;-49,109;2025-03-05 09:50:00.0;0,00
CAMPINA GRANDE DO SUL;410400602A;PR;Jardim Graciosa;-25,356;-49,109;2025-03-05 10:50:00.0;0,00
CAMPINA GRANDE DO SUL;410400602A;PR;Jardim Graciosa;-25,356;-49,109;2025-03-05 11:50:00.0;0,00
CAMPINA GRANDE DO SUL;410400602A;PR;Jardim Graciosa;-25,356;-49,109;2025-03-05 12:50:00.0;0,00
CAMPINA GRANDE DO SUL;410400602A;PR;Jardim Graciosa;-25,356;-49,109;2025-03-05 13:50:00.0;0,00
CAMPINA GRANDE DO SUL;410400602A;PR;Jardim Graciosa;-25,356;-49,109;2025-03-05 14:50:00.0;0,00
CAMPINA GRANDE DO SUL;410400602A;PR;Jardim Graciosa;-25,356;-49,109;2025-03-05 15:50:00.0;0,00
CAMPINA GRANDE DO SUL;410400602A;PR;Jardim Graciosa;-25,356;-49,109;2025-03-05 16:50:00.0;0,00
CAMPINA GRANDE DO SUL;410400602A;PR;Jardim Graciosa;-25,356;-49,109;2025-03-05 17:50:00.0;0,00
CAMPINA GRANDE DO SUL;410400602A;PR;Jardim Graciosa;-25,356;-49,109;2025-03-05 18:50:00.0;0,00
CAMPINA GRANDE DO SUL;410400602A;PR;Jardim Graciosa;-25,356;-49,109;2025-03-05 19:50:00.0;0,00
CAMPINA GRANDE DO SUL;410400602A;PR;Jardim Graciosa;-25,356;-49,109;2025-03-05 20:50:00.0;0,00
CAMPINA GRANDE DO SUL;410400602A;PR;Jardim Graciosa;-25,356;-49,109;2025-03-05 21:50:00.0;0,00
CAMPINA GRANDE DO SUL;410400602A;PR;Jardim Graciosa;-25,356;-49,109;2025-03-05 22:50:00.0;0,00
CAMPINA GRANDE DO SUL;410400602A;PR;Jardim Graciosa;-25,356;-49,109;2025-03-05 23:50:00.0;0,00
CAMPINA GRANDE DO SUL;410400602A;PR;Jardim Graciosa;-25,356;-49,109;2025-03-06 00:50:00.0;0,00
CAMPINA GRANDE DO SUL;410400602A;PR;Jardim Graciosa;-25,356;-49,109;2025-03-06 01:50:00.0;0,00
CAMPINA GRANDE DO SUL;410400602A;PR;Jardim Graciosa;-25,356;-49,109;2025-03-06 02:50:00.0;0,00
CAMPINA GRANDE DO SUL;410400602A;PR;Jardim Graciosa;-25,356;-49,109;2025-03-06 03:50:00.0;0,00
CAMPINA GRANDE DO SUL;410400602A;PR;Jardim Graciosa;-25,356;-49,109;2025-03-06 04:50:00.0;0,00
CAMPINA GRANDE DO SUL;410400602A;PR;Jardim Graciosa;-25,356;-49,109;2025-03-06 05:50:00.0;0,00
CAMPINA GRANDE DO SUL;410400602A;PR;Jardim Graciosa;-25,356;-49,109;2025-03-06 06:50:00.0;0,00
CAMPINA GRANDE DO SUL;410400602A;PR;Jardim Graciosa;-25,356;-49,109;2025-03-06 07:50:00.0;0,00
CAMPINA GRANDE DO SUL;410400602A;PR;Jardim Graciosa;-25,356;-49,109;2025-03-06 08:50:00.0;0,00
CAMPINA GRANDE DO SUL;410400602A;PR;Jardim Graciosa;-25,356;-49,109;2025-03-06 09:50:00.0;0,00
CAMPINA GRANDE DO SUL;410400602A;PR;Jardim Graciosa;-25,356;-49,109;2025-03-06 10:50:00.0;0,00
CAMPINA GRANDE DO SUL;410400602A;PR;Jardim Graciosa;-25,356;-49,109;2025-03-06 11:50:00.0;0,00
CAMPINA GRANDE DO SUL;410400602A;PR;Jardim Graciosa;-25,356;-49,109;2025-03-06 12:50:00.0;0,00
CAMPINA GRANDE DO SUL;410400602A;PR;Jardim Graciosa;-25,356;-49,109;2025-03-06 13:50:00.0;0,00
CAMPINA GRANDE DO SUL;410400602A;PR;Jardim Graciosa;-25,356;-49,109;2025-03-06 14:50:00.0;0,00
CAMPINA GRANDE DO SUL;410400602A;PR;Jardim Graciosa;-25,356;-49,109;2025-03-06 15:50:00.0;0,00
CAMPINA GRANDE DO SUL;410400602A;PR;Jardim Graciosa;-25,356;-49,109;2025-03-06 16:50:00.0;0,00
CAMPINA GRANDE DO SUL;410400602A;PR;Jardim Graciosa;-25,356;-49,109;2025-03-06 17:50:00.0;0,00
CAMPINA GRANDE DO SUL;410400602A;PR;Jardim Graciosa;-25,356;-49,109;2025-03-06 18:50:00.0;0,00
CAMPINA GRANDE DO SUL;410400602A;PR;Jardim Graciosa;-25,356;-49,109;2025-03-06 19:50:00.0;0,00
CAMPINA GRANDE DO SUL;410400602A;PR;Jardim Graciosa;-25,356;-49,109;2025-03-06 20:50:00.0;0,00
CAMPINA GRANDE DO SUL;410400602A;PR;Jardim Graciosa;-25,356;-49,109;2025-03-06 21:50:00.0;0,00
CAMPINA GRANDE DO SUL;410400602A;PR;Jardim Graciosa;-25,356;-49,109;2025-03-06 22:50:00.0;0,00
CAMPINA GRANDE DO SUL;410400602A;PR;Jardim Graciosa;-25,356;-49,109;2025-03-06 23:50:00.0;0,00
CAMPINA GRANDE DO SUL;410400602A;PR;Jardim Graciosa;-25,356;-49,109;2025-03-07 00:50:00.0;0,00
CAMPINA GRANDE DO SUL;410400602A;PR;Jardim Graciosa;-25,356;-49,109;2025-03-07 01:50:00.0;0,00
CAMPINA GRANDE DO SUL;410400602A;PR;Jardim Graciosa;-25,356;-49,109;2025-03-07 02:50:00.0;0,00
CAMPINA GRANDE DO SUL;410400602A;PR;Jardim Graciosa;-25,356;-49,109;2025-03-07 03:50:00.0;0,00
CAMPINA GRANDE DO SUL;410400602A;PR;Jardim Graciosa;-25,356;-49,109;2025-03-07 04:50:00.0;0,00
CAMPINA GRANDE DO SUL;410400602A;PR;Jardim Graciosa;-25,356;-49,109;2025-03-07 05:50:00.0;0,00
CAMPINA GRANDE DO SUL;410400602A;PR;Jardim Graciosa;-25,356;-49,109;2025-03-07 06:50:00.0;0,00
CAMPINA GRANDE DO SUL;410400602A;PR;Jardim Graciosa;-25,356;-49,109;2025-03-07 07:50:00.0;0,00
CAMPINA GRANDE DO SUL;410400602A;PR;Jardim Graciosa;-25,356;-49,109;2025-03-07 08:50:00.0;0,00
CAMPINA GRANDE DO SUL;410400602A;PR;Jardim Graciosa;-25,356;-49,109;2025-03-07 09:50:00.0;0,00
CAMPINA GRANDE DO SUL;410400602A;PR;Jardim Graciosa;-25,356;-49,109;2025-03-07 10:50:00.0;0,00
CAMPINA GRANDE DO SUL;410400602A;PR;Jardim Graciosa;-25,356;-49,109;2025-03-07 11:50:00.0;0,00
CAMPINA GRANDE DO SUL;410400602A;PR;Jardim Graciosa;-25,356;-49,109;2025-03-07 13:20:00.0;0,00
CAMPINA GRANDE DO SUL;410400602A;PR;Jardim Graciosa;-25,356;-49,109;2025-03-07 15:00:00.0;0,00
CAMPINA GRANDE DO SUL;410400602A;PR;Jardim Graciosa;-25,356;-49,109;2025-03-07 15:30:00.0;0,39
CAMPINA GRANDE DO SUL;410400602A;PR;Jardim Graciosa;-25,356;-49,109;2025-03-07 15:40:00.0;0,20
CAMPINA GRANDE DO SUL;410400602A;PR;Jardim Graciosa;-25,356;-49,109;2025-03-07 17:30:00.0;0,00
CAMPINA GRANDE DO SUL;410400602A;PR;Jardim Graciosa;-25,356;-49,109;2025-03-07 17:50:00.0;0,00
CAMPINA GRANDE DO SUL;410400602A;PR;Jardim Graciosa;-25,356;-49,109;2025-03-07 18:50:00.0;0,00
CAMPINA GRANDE DO SUL;410400602A;PR;Jardim Graciosa;-25,356;-49,109;2025-03-07 20:50:00.0;0,00
CAMPINA GRANDE DO SUL;410400602A;PR;Jardim Graciosa;-25,356;-49,109;2025-03-07 22:20:00.0;0,00
CAMPINA GRANDE DO SUL;410400602A;PR;Jardim Graciosa;-25,356;-49,109;2025-03-07 23:00:00.0;0,00
CAMPINA GRANDE DO SUL;410400602A;PR;Jardim Graciosa;-25,356;-49,109;2025-03-08 00:10:00.0;0,00
CAMPINA GRANDE DO SUL;410400602A;PR;Jardim Graciosa;-25,356;-49,109;2025-03-08 00:50:00.0;0,00
CAMPINA GRANDE DO SUL;410400602A;PR;Jardim Graciosa;-25,356;-49,109;2025-03-08 01:50:00.0;0,00
CAMPINA GRANDE DO SUL;410400602A;PR;Jardim Graciosa;-25,356;-49,109;2025-03-08 02:50:00.0;0,00
CAMPINA GRANDE DO SUL;410400602A;PR;Jardim Graciosa;-25,356;-49,109;2025-03-08 03:50:00.0;0,00
CAMPINA GRANDE DO SUL;410400602A;PR;Jardim Graciosa;-25,356;-49,109;2025-03-08 04:50:00.0;0,00
CAMPINA GRANDE DO SUL;410400602A;PR;Jardim Graciosa;-25,356;-49,109;2025-03-08 05:50:00.0;0,00
CAMPINA GRANDE DO SUL;410400602A;PR;Jardim Graciosa;-25,356;-49,109;2025-03-08 06:50:00.0;0,00
CAMPINA GRANDE DO SUL;410400602A;PR;Jardim Graciosa;-25,356;-49,109;2025-03-08 07:50:00.0;0,00
CAMPINA GRANDE DO SUL;410400602A;PR;Jardim Graciosa;-25,356;-49,109;2025-03-08 08:50:00.0;0,00
CAMPINA GRANDE DO SUL;410400602A;PR;Jardim Graciosa;-25,356;-49,109;2025-03-08 09:50:00.0;0,00
CAMPINA GRANDE DO SUL;410400602A;PR;Jardim Graciosa;-25,356;-49,109;2025-03-08 10:50:00.0;0,00
CAMPINA GRANDE DO SUL;410400602A;PR;Jardim Graciosa;-25,356;-49,109;2025-03-08 11:50:00.0;0,00
CAMPINA GRANDE DO SUL;410400602A;PR;Jardim Graciosa;-25,356;-49,109;2025-03-08 12:50:00.0;0,00
CAMPINA GRANDE DO SUL;410400602A;PR;Jardim Graciosa;-25,356;-49,109;2025-03-08 13:50:00.0;0,00
CAMPINA GRANDE DO SUL;410400602A;PR;Jardim Graciosa;-25,356;-49,109;2025-03-08 14:50:00.0;0,00
CAMPINA GRANDE DO SUL;410400602A;PR;Jardim Graciosa;-25,356;-49,109;2025-03-08 15:50:00.0;0,00
CAMPINA GRANDE DO SUL;410400602A;PR;Jardim Graciosa;-25,356;-49,109;2025-03-08 16:50:00.0;0,00
CAMPINA GRANDE DO SUL;410400602A;PR;Jardim Graciosa;-25,356;-49,109;2025-03-08 17:50:00.0;0,00
CAMPINA GRANDE DO SUL;410400602A;PR;Jardim Graciosa;-25,356;-49,109;2025-03-08 18:50:00.0;0,00
CAMPINA GRANDE DO SUL;410400602A;PR;Jardim Graciosa;-25,356;-49,109;2025-03-08 19:50:00.0;0,00
CAMPINA GRANDE DO SUL;410400602A;PR;Jardim Graciosa;-25,356;-49,109;2025-03-08 20:50:00.0;0,00
CAMPINA GRANDE DO SUL;410400602A;PR;Jardim Graciosa;-25,356;-49,109;2025-03-08 21:50:00.0;0,00
CAMPINA GRANDE DO SUL;410400602A;PR;Jardim Graciosa;-25,356;-49,109;2025-03-08 22:50:00.0;0,00
CAMPINA GRANDE DO SUL;410400602A;PR;Jardim Graciosa;-25,356;-49,109;2025-03-08 23:50:00.0;0,00
CAMPINA GRANDE DO SUL;410400602A;PR;Jardim Graciosa;-25,356;-49,109;2025-03-09 00:50:00.0;0,00
CAMPINA GRANDE DO SUL;410400602A;PR;Jardim Graciosa;-25,356;-49,109;2025-03-09 01:50:00.0;0,00
CAMPINA GRANDE DO SUL;410400602A;PR;Jardim Graciosa;-25,356;-49,109;2025-03-09 02:50:00.0;0,00
CAMPINA GRANDE DO SUL;410400602A;PR;Jardim Graciosa;-25,356;-49,109;2025-03-09 03:50:00.0;0,00
CAMPINA GRANDE DO SUL;410400602A;PR;Jardim Graciosa;-25,356;-49,109;2025-03-09 04:50:00.0;0,00
CAMPINA GRANDE DO SUL;410400602A;PR;Jardim Graciosa;-25,356;-49,109;2025-03-09 05:50:00.0;0,00
CAMPINA GRANDE DO SUL;410400602A;PR;Jardim Graciosa;-25,356;-49,109;2025-03-09 06:50:00.0;0,00
CAMPINA GRANDE DO SUL;410400602A;PR;Jardim Graciosa;-25,356;-49,109;2025-03-09 07:50:00.0;0,00
CAMPINA GRANDE DO SUL;410400602A;PR;Jardim Graciosa;-25,356;-49,109;2025-03-09 08:50:00.0;0,00
CAMPINA GRANDE DO SUL;410400602A;PR;Jardim Graciosa;-25,356;-49,109;2025-03-09 09:50:00.0;0,00
CAMPINA GRANDE DO SUL;410400602A;PR;Jardim Graciosa;-25,356;-49,109;2025-03-09 10:50:00.0;0,00
CAMPINA GRANDE DO SUL;410400602A;PR;Jardim Graciosa;-25,356;-49,109;2025-03-09 11:50:00.0;0,00
CAMPINA GRANDE DO SUL;410400602A;PR;Jardim Graciosa;-25,356;-49,109;2025-03-09 12:50:00.0;0,00
CAMPINA GRANDE DO SUL;410400602A;PR;Jardim Graciosa;-25,356;-49,109;2025-03-09 13:50:00.0;0,00
CAMPINA GRANDE DO SUL;410400602A;PR;Jardim Graciosa;-25,356;-49,109;2025-03-09 14:50:00.0;0,00
CAMPINA GRANDE DO SUL;410400602A;PR;Jardim Graciosa;-25,356;-49,109;2025-03-09 15:50:00.0;0,00
CAMPINA GRANDE DO SUL;410400602A;PR;Jardim Graciosa;-25,356;-49,109;2025-03-09 16:50:00.0;0,00
CAMPINA GRANDE DO SUL;410400602A;PR;Jardim Graciosa;-25,356;-49,109;2025-03-09 17:50:00.0;0,00
CAMPINA GRANDE DO SUL;410400602A;PR;Jardim Graciosa;-25,356;-49,109;2025-03-09 18:50:00.0;0,00
CAMPINA GRANDE DO SUL;410400602A;PR;Jardim Graciosa;-25,356;-49,109;2025-03-09 19:50:00.0;0,00
CAMPINA GRANDE DO SUL;410400602A;PR;Jardim Graciosa;-25,356;-49,109;2025-03-09 20:30:00.0;0,42
CAMPINA GRANDE DO SUL;410400602A;PR;Jardim Graciosa;-25,356;-49,109;2025-03-09 20:40:00.0;1,57
CAMPINA GRANDE DO SUL;410400602A;PR;Jardim Graciosa;-25,356;-49,109;2025-03-09 20:50:00.0;5,71
CAMPINA GRANDE DO SUL;410400602A;PR;Jardim Graciosa;-25,356;-49,109;2025-03-09 21:00:00.0;3,55
CAMPINA GRANDE DO SUL;410400602A;PR;Jardim Graciosa;-25,356;-49,109;2025-03-09 21:10:00.0;1,97
CAMPINA GRANDE DO SUL;410400602A;PR;Jardim Graciosa;-25,356;-49,109;2025-03-09 21:20:00.0;3,35
CAMPINA GRANDE DO SUL;410400602A;PR;Jardim Graciosa;-25,356;-49,109;2025-03-09 21:30:00.0;0,39
CAMPINA GRANDE DO SUL;410400602A;PR;Jardim Graciosa;-25,356;-49,109;2025-03-09 21:40:00.0;0,20
CAMPINA GRANDE DO SUL;410400602A;PR;Jardim Graciosa;-25,356;-49,109;2025-03-09 21:50:00.0;0,20
CAMPINA GRANDE DO SUL;410400602A;PR;Jardim Graciosa;-25,356;-49,109;2025-03-09 22:50:00.0;0,00
CAMPINA GRANDE DO SUL;410400602A;PR;Jardim Graciosa;-25,356;-49,109;2025-03-09 23:40:00.0;0,20
CAMPINA GRANDE DO SUL;410400602A;PR;Jardim Graciosa;-25,356;-49,109;2025-03-09 23:50:00.0;0,00
CAMPINA GRANDE DO SUL;410400602A;PR;Jardim Graciosa;-25,356;-49,109;2025-03-10 00:00:00.0;0,59
CAMPINA GRANDE DO SUL;410400602A;PR;Jardim Graciosa;-25,356;-49,109;2025-03-10 00:10:00.0;0,20
CAMPINA GRANDE DO SUL;410400602A;PR;Jardim Graciosa;-25,356;-49,109;2025-03-10 00:50:00.0;0,00
CAMPINA GRANDE DO SUL;410400602A;PR;Jardim Graciosa;-25,356;-49,109;2025-03-10 01:50:00.0;0,00
CAMPINA GRANDE DO SUL;410400602A;PR;Jardim Graciosa;-25,356;-49,109;2025-03-10 02:50:00.0;0,00
CAMPINA GRANDE DO SUL;410400602A;PR;Jardim Graciosa;-25,356;-49,109;2025-03-10 03:50:00.0;0,00
CAMPINA GRANDE DO SUL;410400602A;PR;Jardim Graciosa;-25,356;-49,109;2025-03-10 04:50:00.0;0,00
CAMPINA GRANDE DO SUL;410400602A;PR;Jardim Graciosa;-25,356;-49,109;2025-03-10 05:50:00.0;0,00
CAMPINA GRANDE DO SUL;410400602A;PR;Jardim Graciosa;-25,356;-49,109;2025-03-10 06:50:00.0;0,00
CAMPINA GRANDE DO SUL;410400602A;PR;Jardim Graciosa;-25,356;-49,109;2025-03-10 07:50:00.0;0,00
CAMPINA GRANDE DO SUL;410400602A;PR;Jardim Graciosa;-25,356;-49,109;2025-03-10 08:50:00.0;0,00
CAMPINA GRANDE DO SUL;410400602A;PR;Jardim Graciosa;-25,356;-49,109;2025-03-10 09:50:00.0;0,00
CAMPINA GRANDE DO SUL;410400602A;PR;Jardim Graciosa;-25,356;-49,109;2025-03-10 10:50:00.0;0,00
CAMPINA GRANDE DO SUL;410400602A;PR;Jardim Graciosa;-25,356;-49,109;2025-03-10 11:50:00.0;0,00
CAMPINA GRANDE DO SUL;410400602A;PR;Jardim Graciosa;-25,356;-49,109;2025-03-10 12:00:00.0;0,20
CAMPINA GRANDE DO SUL;410400602A;PR;Jardim Graciosa;-25,356;-49,109;2025-03-10 12:50:00.0;0,00
CAMPINA GRANDE DO SUL;410400602A;PR;Jardim Graciosa;-25,356;-49,109;2025-03-10 13:50:00.0;0,00
CAMPINA GRANDE DO SUL;410400602A;PR;Jardim Graciosa;-25,356;-49,109;2025-03-10 14:50:00.0;0,00
CAMPINA GRANDE DO SUL;410400602A;PR;Jardim Graciosa;-25,356;-49,109;2025-03-10 15:50:00.0;0,00
CAMPINA GRANDE DO SUL;410400602A;PR;Jardim Graciosa;-25,356;-49,109;2025-03-10 16:50:00.0;0,00
CAMPINA GRANDE DO SUL;410400602A;PR;Jardim Graciosa;-25,356;-49,109;2025-03-10 17:50:00.0;0,00
CAMPINA GRANDE DO SUL;410400602A;PR;Jardim Graciosa;-25,356;-49,109;2025-03-10 18:50:00.0;0,00
CAMPINA GRANDE DO SUL;410400602A;PR;Jardim Graciosa;-25,356;-49,109;2025-03-10 19:50:00.0;0,00
CAMPINA GRANDE DO SUL;410400602A;PR;Jardim Graciosa;-25,356;-49,109;2025-03-10 20:50:00.0;0,00
CAMPINA GRANDE DO SUL;410400602A;PR;Jardim Graciosa;-25,356;-49,109;2025-03-10 21:50:00.0;0,00
CAMPINA GRANDE DO SUL;410400602A;PR;Jardim Graciosa;-25,356;-49,109;2025-03-10 22:50:00.0;0,00
CAMPINA GRANDE DO SUL;410400602A;PR;Jardim Graciosa;-25,356;-49,109;2025-03-10 23:50:00.0;0,00
CAMPINA GRANDE DO SUL;410400602A;PR;Jardim Graciosa;-25,356;-49,109;2025-03-11 00:50:00.0;0,00
CAMPINA GRANDE DO SUL;410400602A;PR;Jardim Graciosa;-25,356;-49,109;2025-03-11 01:50:00.0;0,00
CAMPINA GRANDE DO SUL;410400602A;PR;Jardim Graciosa;-25,356;-49,109;2025-03-11 02:50:00.0;0,00
CAMPINA GRANDE DO SUL;410400602A;PR;Jardim Graciosa;-25,356;-49,109;2025-03-11 03:50:00.0;0,00
CAMPINA GRANDE DO SUL;410400602A;PR;Jardim Graciosa;-25,356;-49,109;2025-03-11 04:50:00.0;0,00
CAMPINA GRANDE DO SUL;410400602A;PR;Jardim Graciosa;-25,356;-49,109;2025-03-11 05:50:00.0;0,00
CAMPINA GRANDE DO SUL;410400602A;PR;Jardim Graciosa;-25,356;-49,109;2025-03-11 06:50:00.0;0,00
CAMPINA GRANDE DO SUL;410400602A;PR;Jardim Graciosa;-25,356;-49,109;2025-03-11 07:50:00.0;0,00
CAMPINA GRANDE DO SUL;410400602A;PR;Jardim Graciosa;-25,356;-49,109;2025-03-11 08:50:00.0;0,00
CAMPINA GRANDE DO SUL;410400602A;PR;Jardim Graciosa;-25,356;-49,109;2025-03-11 09:50:00.0;0,00
CAMPINA GRANDE DO SUL;410400602A;PR;Jardim Graciosa;-25,356;-49,109;2025-03-11 10:50:00.0;0,00
CAMPINA GRANDE DO SUL;410400602A;PR;Jardim Graciosa;-25,356;-49,109;2025-03-11 11:50:00.0;0,00
CAMPINA GRANDE DO SUL;410400602A;PR;Jardim Graciosa;-25,356;-49,109;2025-03-11 12:50:00.0;0,00
CAMPINA GRANDE DO SUL;410400602A;PR;Jardim Graciosa;-25,356;-49,109;2025-03-11 13:50:00.0;0,00
CAMPINA GRANDE DO SUL;410400602A;PR;Jardim Graciosa;-25,356;-49,109;2025-03-11 14:50:00.0;0,00
CAMPINA GRANDE DO SUL;410400602A;PR;Jardim Graciosa;-25,356;-49,109;2025-03-11 15:50:00.0;0,00
CAMPINA GRANDE DO SUL;410400602A;PR;Jardim Graciosa;-25,356;-49,109;2025-03-11 16:50:00.0;0,00
CAMPINA GRANDE DO SUL;410400602A;PR;Jardim Graciosa;-25,356;-49,109;2025-03-11 17:50:00.0;0,00
CAMPINA GRANDE DO SUL;410400602A;PR;Jardim Graciosa;-25,356;-49,109;2025-03-11 18:20:00.0;2,56
CAMPINA GRANDE DO SUL;410400602A;PR;Jardim Graciosa;-25,356;-49,109;2025-03-11 18:30:00.0;1,37
CAMPINA GRANDE DO SUL;410400602A;PR;Jardim Graciosa;-25,356;-49,109;2025-03-11 18:40:00.0;0,79
CAMPINA GRANDE DO SUL;410400602A;PR;Jardim Graciosa;-25,356;-49,109;2025-03-11 18:50:00.0;0,20
CAMPINA GRANDE DO SUL;410400602A;PR;Jardim Graciosa;-25,356;-49,109;2025-03-11 19:00:00.0;0,42
CAMPINA GRANDE DO SUL;410400602A;PR;Jardim Graciosa;-25,356;-49,109;2025-03-11 19:50:00.0;0,00
CAMPINA GRANDE DO SUL;410400602A;PR;Jardim Graciosa;-25,356;-49,109;2025-03-11 20:50:00.0;0,00
CAMPINA GRANDE DO SUL;410400602A;PR;Jardim Graciosa;-25,356;-49,109;2025-03-11 21:10:00.0;0,20
CAMPINA GRANDE DO SUL;410400602A;PR;Jardim Graciosa;-25,356;-49,109;2025-03-11 21:20:00.0;0,42
CAMPINA GRANDE DO SUL;410400602A;PR;Jardim Graciosa;-25,356;-49,109;2025-03-11 21:30:00.0;0,20
CAMPINA GRANDE DO SUL;410400602A;PR;Jardim Graciosa;-25,356;-49,109;2025-03-11 21:40:00.0;0,79
CAMPINA GRANDE DO SUL;410400602A;PR;Jardim Graciosa;-25,356;-49,109;2025-03-11 21:50:00.0;0,98
CAMPINA GRANDE DO SUL;410400602A;PR;Jardim Graciosa;-25,356;-49,109;2025-03-11 22:00:00.0;0,39
CAMPINA GRANDE DO SUL;410400602A;PR;Jardim Graciosa;-25,356;-49,109;2025-03-11 22:10:00.0;0,39
CAMPINA GRANDE DO SUL;410400602A;PR;Jardim Graciosa;-25,356;-49,109;2025-03-11 22:20:00.0;1,18
CAMPINA GRANDE DO SUL;410400602A;PR;Jardim Graciosa;-25,356;-49,109;2025-03-11 22:30:00.0;1,37
CAMPINA GRANDE DO SUL;410400602A;PR;Jardim Graciosa;-25,356;-49,109;2025-03-11 22:40:00.0;0,98
CAMPINA GRANDE DO SUL;410400602A;PR;Jardim Graciosa;-25,356;-49,109;2025-03-11 22:50:00.0;1,37
CAMPINA GRANDE DO SUL;410400602A;PR;Jardim Graciosa;-25,356;-49,109;2025-03-11 23:00:00.0;0,59
CAMPINA GRANDE DO SUL;410400602A;PR;Jardim Graciosa;-25,356;-49,109;2025-03-11 23:10:00.0;0,79
CAMPINA GRANDE DO SUL;410400602A;PR;Jardim Graciosa;-25,356;-49,109;2025-03-11 23:20:00.0;0,98
CAMPINA GRANDE DO SUL;410400602A;PR;Jardim Graciosa;-25,356;-49,109;2025-03-11 23:30:00.0;0,79
CAMPINA GRANDE DO SUL;410400602A;PR;Jardim Graciosa;-25,356;-49,109;2025-03-11 23:50:00.0;0,20
CAMPINA GRANDE DO SUL;410400602A;PR;Jardim Graciosa;-25,356;-49,109;2025-03-12 00:00:00.0;0,00
CAMPINA GRANDE DO SUL;410400602A;PR;Jardim Graciosa;-25,356;-49,109;2025-03-12 00:50:00.0;0,00
CAMPINA GRANDE DO SUL;410400602A;PR;Jardim Graciosa;-25,356;-49,109;2025-03-12 01:50:00.0;0,00
CAMPINA GRANDE DO SUL;410400602A;PR;Jardim Graciosa;-25,356;-49,109;2025-03-12 02:50:00.0;0,00
CAMPINA GRANDE DO SUL;410400602A;PR;Jardim Graciosa;-25,356;-49,109;2025-03-12 03:50:00.0;0,00
CAMPINA GRANDE DO SUL;410400602A;PR;Jardim Graciosa;-25,356;-49,109;2025-03-12 04:50:00.0;0,00
CAMPINA GRANDE DO SUL;410400602A;PR;Jardim Graciosa;-25,356;-49,109;2025-03-12 05:50:00.0;0,00
CAMPINA GRANDE DO SUL;410400602A;PR;Jardim Graciosa;-25,356;-49,109;2025-03-12 06:50:00.0;0,00
CAMPINA GRANDE DO SUL;410400602A;PR;Jardim Graciosa;-25,356;-49,109;2025-03-12 07:40:00.0;0,42
CAMPINA GRANDE DO SUL;410400602A;PR;Jardim Graciosa;-25,356;-49,109;2025-03-12 07:50:00.0;0,00
CAMPINA GRANDE DO SUL;410400602A;PR;Jardim Graciosa;-25,356;-49,109;2025-03-12 08:50:00.0;0,00
CAMPINA GRANDE DO SUL;410400602A;PR;Jardim Graciosa;-25,356;-49,109;2025-03-12 09:50:00.0;0,00
CAMPINA GRANDE DO SUL;410400602A;PR;Jardim Graciosa;-25,356;-49,109;2025-03-12 10:50:00.0;0,00
CAMPINA GRANDE DO SUL;410400602A;PR;Jardim Graciosa;-25,356;-49,109;2025-03-12 11:50:00.0;0,00
CAMPINA GRANDE DO SUL;410400602A;PR;Jardim Graciosa;-25,356;-49,109;2025-03-12 12:50:00.0;0,00
CAMPINA GRANDE DO SUL;410400602A;PR;Jardim Graciosa;-25,356;-49,109;2025-03-12 13:50:00.0;0,00
CAMPINA GRANDE DO SUL;410400602A;PR;Jardim Graciosa;-25,356;-49,109;2025-03-12 14:50:00.0;0,00
CAMPINA GRANDE DO SUL;410400602A;PR;Jardim Graciosa;-25,356;-49,109;2025-03-12 15:50:00.0;0,00
CAMPINA GRANDE DO SUL;410400602A;PR;Jardim Graciosa;-25,356;-49,109;2025-03-12 16:30:00.0;0,20
CAMPINA GRANDE DO SUL;410400602A;PR;Jardim Graciosa;-25,356;-49,109;2025-03-12 16:50:00.0;0,00
CAMPINA GRANDE DO SUL;410400602A;PR;Jardim Graciosa;-25,356;-49,109;2025-03-12 17:50:00.0;0,00
CAMPINA GRANDE DO SUL;410400602A;PR;Jardim Graciosa;-25,356;-49,109;2025-03-12 18:40:00.0;0,59
CAMPINA GRANDE DO SUL;410400602A;PR;Jardim Graciosa;-25,356;-49,109;2025-03-12 18:50:00.0;0,39
CAMPINA GRANDE DO SUL;410400602A;PR;Jardim Graciosa;-25,356;-49,109;2025-03-12 19:50:00.0;0,00
CAMPINA GRANDE DO SUL;410400602A;PR;Jardim Graciosa;-25,356;-49,109;2025-03-12 20:50:00.0;0,00
CAMPINA GRANDE DO SUL;410400602A;PR;Jardim Graciosa;-25,356;-49,109;2025-03-12 21:50:00.0;0,00
CAMPINA GRANDE DO SUL;410400602A;PR;Jardim Graciosa;-25,356;-49,109;2025-03-12 22:00:00.0;1,97
CAMPINA GRANDE DO SUL;410400602A;PR;Jardim Graciosa;-25,356;-49,109;2025-03-12 22:10:00.0;1,18
CAMPINA GRANDE DO SUL;410400602A;PR;Jardim Graciosa;-25,356;-49,109;2025-03-12 22:20:00.0;0,59
CAMPINA GRANDE DO SUL;410400602A;PR;Jardim Graciosa;-25,356;-49,109;2025-03-12 22:30:00.0;0,20
CAMPINA GRANDE DO SUL;410400602A;PR;Jardim Graciosa;-25,356;-49,109;2025-03-12 22:40:00.0;0,20
CAMPINA GRANDE DO SUL;410400602A;PR;Jardim Graciosa;-25,356;-49,109;2025-03-12 22:50:00.0;0,59
CAMPINA GRANDE DO SUL;410400602A;PR;Jardim Graciosa;-25,356;-49,109;2025-03-12 23:00:00.0;0,39
CAMPINA GRANDE DO SUL;410400602A;PR;Jardim Graciosa;-25,356;-49,109;2025-03-12 23:10:00.0;0,79
CAMPINA GRANDE DO SUL;410400602A;PR;Jardim Graciosa;-25,356;-49,109;2025-03-12 23:20:00.0;0,20
CAMPINA GRANDE DO SUL;410400602A;PR;Jardim Graciosa;-25,356;-49,109;2025-03-12 23:30:00.0;0,39
CAMPINA GRANDE DO SUL;410400602A;PR;Jardim Graciosa;-25,356;-49,109;2025-03-12 23:40:00.0;0,59
CAMPINA GRANDE DO SUL;410400602A;PR;Jardim Graciosa;-25,356;-49,109;2025-03-12 23:50:00.0;0,39
CAMPINA GRANDE DO SUL;410400602A;PR;Jardim Graciosa;-25,356;-49,109;2025-03-13 00:00:00.0;0,39
CAMPINA GRANDE DO SUL;410400602A;PR;Jardim Graciosa;-25,356;-49,109;2025-03-13 00:20:00.0;0,20
CAMPINA GRANDE DO SUL;410400602A;PR;Jardim Graciosa;-25,356;-49,109;2025-03-13 01:50:00.0;0,00
CAMPINA GRANDE DO SUL;410400602A;PR;Jardim Graciosa;-25,356;-49,109;2025-03-13 02:30:00.0;0,42
CAMPINA GRANDE DO SUL;410400602A;PR;Jardim Graciosa;-25,356;-49,109;2025-03-13 02:50:00.0;0,00
CAMPINA GRANDE DO SUL;410400602A;PR;Jardim Graciosa;-25,356;-49,109;2025-03-13 03:50:00.0;0,00
CAMPINA GRANDE DO SUL;410400602A;PR;Jardim Graciosa;-25,356;-49,109;2025-03-13 04:50:00.0;0,00
CAMPINA GRANDE DO SUL;410400602A;PR;Jardim Graciosa;-25,356;-49,109;2025-03-13 05:50:00.0;0,00
CAMPINA GRANDE DO SUL;410400602A;PR;Jardim Graciosa;-25,356;-49,109;2025-03-13 06:50:00.0;0,00
CAMPINA GRANDE DO SUL;410400602A;PR;Jardim Graciosa;-25,356;-49,109;2025-03-13 07:20:00.0;0,39
CAMPINA GRANDE DO SUL;410400602A;PR;Jardim Graciosa;-25,356;-49,109;2025-03-13 07:30:00.0;0,20
CAMPINA GRANDE DO SUL;410400602A;PR;Jardim Graciosa;-25,356;-49,109;2025-03-13 07:40:00.0;0,20
CAMPINA GRANDE DO SUL;410400602A;PR;Jardim Graciosa;-25,356;-49,109;2025-03-13 07:50:00.0;0,39
CAMPINA GRANDE DO SUL;410400602A;PR;Jardim Graciosa;-25,356;-49,109;2025-03-13 08:00:00.0;0,39
CAMPINA GRANDE DO SUL;410400602A;PR;Jardim Graciosa;-25,356;-49,109;2025-03-13 08:10:00.0;0,39
CAMPINA GRANDE DO SUL;410400602A;PR;Jardim Graciosa;-25,356;-49,109;2025-03-13 08:20:00.0;0,20
CAMPINA GRANDE DO SUL;410400602A;PR;Jardim Graciosa;-25,356;-49,109;2025-03-13 08:30:00.0;0,59
CAMPINA GRANDE DO SUL;410400602A;PR;Jardim Graciosa;-25,356;-49,109;2025-03-13 08:50:00.0;0,42
CAMPINA GRANDE DO SUL;410400602A;PR;Jardim Graciosa;-25,356;-49,109;2025-03-13 09:20:00.0;0,20
CAMPINA GRANDE DO SUL;410400602A;PR;Jardim Graciosa;-25,356;-49,109;2025-03-13 09:50:00.0;0,00
CAMPINA GRANDE DO SUL;410400602A;PR;Jardim Graciosa;-25,356;-49,109;2025-03-13 10:50:00.0;0,00
CAMPINA GRANDE DO SUL;410400602A;PR;Jardim Graciosa;-25,356;-49,109;2025-03-13 11:50:00.0;0,00
CAMPINA GRANDE DO SUL;410400602A;PR;Jardim Graciosa;-25,356;-49,109;2025-03-13 12:50:00.0;0,00
CAMPINA GRANDE DO SUL;410400602A;PR;Jardim Graciosa;-25,356;-49,109;2025-03-13 13:50:00.0;0,00
CAMPINA GRANDE DO SUL;410400602A;PR;Jardim Graciosa;-25,356;-49,109;2025-03-13 14:50:00.0;0,00
CAMPINA GRANDE DO SUL;410400602A;PR;Jardim Graciosa;-25,356;-49,109;2025-03-13 15:50:00.0;0,00
CAMPINA GRANDE DO SUL;410400602A;PR;Jardim Graciosa;-25,356;-49,109;2025-03-13 16:50:00.0;0,00
CAMPINA GRANDE DO SUL;410400602A;PR;Jardim Graciosa;-25,356;-49,109;2025-03-13 17:50:00.0;0,00
CAMPINA GRANDE DO SUL;410400602A;PR;Jardim Graciosa;-25,356;-49,109;2025-03-13 18:50:00.0;0,00
CAMPINA GRANDE DO SUL;410400602A;PR;Jardim Graciosa;-25,356;-49,109;2025-03-13 19:10:00.0;2,76
CAMPINA GRANDE DO SUL;410400602A;PR;Jardim Graciosa;-25,356;-49,109;2025-03-13 19:20:00.0;3,96
CAMPINA GRANDE DO SUL;410400602A;PR;Jardim Graciosa;-25,356;-49,109;2025-03-13 19:50:00.0;0,00
CAMPINA GRANDE DO SUL;410400602A;PR;Jardim Graciosa;-25,356;-49,109;2025-03-13 20:50:00.0;0,00
CAMPINA GRANDE DO SUL;410400602A;PR;Jardim Graciosa;-25,356;-49,109;2025-03-13 21:50:00.0;0,00
CAMPINA GRANDE DO SUL;410400602A;PR;Jardim Graciosa;-25,356;-49,109;2025-03-13 22:50:00.0;0,00
CAMPINA GRANDE DO SUL;410400602A;PR;Jardim Graciosa;-25,356;-49,109;2025-03-13 23:00:00.0;0,20
CAMPINA GRANDE DO SUL;410400602A;PR;Jardim Graciosa;-25,356;-49,109;2025-03-13 23:10:00.0;0,98
CAMPINA GRANDE DO SUL;410400602A;PR;Jardim Graciosa;-25,356;-49,109;2025-03-13 23:20:00.0;0,59
CAMPINA GRANDE DO SUL;410400602A;PR;Jardim Graciosa;-25,356;-49,109;2025-03-13 23:30:00.0;0,79
CAMPINA GRANDE DO SUL;410400602A;PR;Jardim Graciosa;-25,356;-49,109;2025-03-13 23:40:00.0;0,39
CAMPINA GRANDE DO SUL;410400602A;PR;Jardim Graciosa;-25,356;-49,109;2025-03-13 23:50:00.0;0,42
CAMPINA GRANDE DO SUL;410400602A;PR;Jardim Graciosa;-25,356;-49,109;2025-03-14 00:00:00.0;0,20
CAMPINA GRANDE DO SUL;410400602A;PR;Jardim Graciosa;-25,356;-49,109;2025-03-14 00:10:00.0;0,20
CAMPINA GRANDE DO SUL;410400602A;PR;Jardim Graciosa;-25,356;-49,109;2025-03-14 00:30:00.0;0,20
CAMPINA GRANDE DO SUL;410400602A;PR;Jardim Graciosa;-25,356;-49,109;2025-03-14 00:50:00.0;0,00
CAMPINA GRANDE DO SUL;410400602A;PR;Jardim Graciosa;-25,356;-49,109;2025-03-14 01:20:00.0;0,41
CAMPINA GRANDE DO SUL;410400602A;PR;Jardim Graciosa;-25,356;-49,109;2025-03-14 01:50:00.0;0,00
CAMPINA GRANDE DO SUL;410400602A;PR;Jardim Graciosa;-25,356;-49,109;2025-03-14 02:50:00.0;0,00
CAMPINA GRANDE DO SUL;410400602A;PR;Jardim Graciosa;-25,356;-49,109;2025-03-14 03:50:00.0;0,00
CAMPINA GRANDE DO SUL;410400602A;PR;Jardim Graciosa;-25,356;-49,109;2025-03-14 04:50:00.0;0,00
CAMPINA GRANDE DO SUL;410400602A;PR;Jardim Graciosa;-25,356;-49,109;2025-03-14 05:50:00.0;0,00
CAMPINA GRANDE DO SUL;410400602A;PR;Jardim Graciosa;-25,356;-49,109;2025-03-14 06:50:00.0;0,00
CAMPINA GRANDE DO SUL;410400602A;PR;Jardim Graciosa;-25,356;-49,109;2025-03-14 07:50:00.0;0,00
CAMPINA GRANDE DO SUL;410400602A;PR;Jardim Graciosa;-25,356;-49,109;2025-03-14 08:50:00.0;0,00
CAMPINA GRANDE DO SUL;410400602A;PR;Jardim Graciosa;-25,356;-49,109;2025-03-14 09:50:00.0;0,00
CAMPINA GRANDE DO SUL;410400602A;PR;Jardim Graciosa;-25,356;-49,109;2025-03-14 10:50:00.0;0,00
CAMPINA GRANDE DO SUL;410400602A;PR;Jardim Graciosa;-25,356;-49,109;2025-03-14 11:50:00.0;0,00
CAMPINA GRANDE DO SUL;410400602A;PR;Jardim Graciosa;-25,356;-49,109;2025-03-14 12:50:00.0;0,00
CAMPINA GRANDE DO SUL;410400602A;PR;Jardim Graciosa;-25,356;-49,109;2025-03-14 13:50:00.0;0,00
CAMPINA GRANDE DO SUL;410400602A;PR;Jardim Graciosa;-25,356;-49,109;2025-03-14 14:50:00.0;0,00
CAMPINA GRANDE DO SUL;410400602A;PR;Jardim Graciosa;-25,356;-49,109;2025-03-14 15:50:00.0;0,20
CAMPINA GRANDE DO SUL;410400602A;PR;Jardim Graciosa;-25,356;-49,109;2025-03-14 16:50:00.0;0,00
CAMPINA GRANDE DO SUL;410400602A;PR;Jardim Graciosa;-25,356;-49,109;2025-03-14 17:50:00.0;0,00
CAMPINA GRANDE DO SUL;410400602A;PR;Jardim Graciosa;-25,356;-49,109;2025-03-14 18:50:00.0;0,00
CAMPINA GRANDE DO SUL;410400602A;PR;Jardim Graciosa;-25,356;-49,109;2025-03-14 19:50:00.0;0,00
CAMPINA GRANDE DO SUL;410400602A;PR;Jardim Graciosa;-25,356;-49,109;2025-03-14 20:50:00.0;0,00
CAMPINA GRANDE DO SUL;410400602A;PR;Jardim Graciosa;-25,356;-49,109;2025-03-14 21:50:00.0;0,00
CAMPINA GRANDE DO SUL;410400602A;PR;Jardim Graciosa;-25,356;-49,109;2025-03-14 22:50:00.0;0,00
CAMPINA GRANDE DO SUL;410400602A;PR;Jardim Graciosa;-25,356;-49,109;2025-03-14 23:50:00.0;0,00
CAMPINA GRANDE DO SUL;410400602A;PR;Jardim Graciosa;-25,356;-49,109;2025-03-15 00:50:00.0;0,00
CAMPINA GRANDE DO SUL;410400602A;PR;Jardim Graciosa;-25,356;-49,109;2025-03-15 01:50:00.0;0,00
CAMPINA GRANDE DO SUL;410400602A;PR;Jardim Graciosa;-25,356;-49,109;2025-03-15 02:50:00.0;0,00
CAMPINA GRANDE DO SUL;410400602A;PR;Jardim Graciosa;-25,356;-49,109;2025-03-15 03:50:00.0;0,00
CAMPINA GRANDE DO SUL;410400602A;PR;Jardim Graciosa;-25,356;-49,109;2025-03-15 04:50:00.0;0,00
CAMPINA GRANDE DO SUL;410400602A;PR;Jardim Graciosa;-25,356;-49,109;2025-03-15 05:50:00.0;0,00
CAMPINA GRANDE DO SUL;410400602A;PR;Jardim Graciosa;-25,356;-49,109;2025-03-15 06:50:00.0;0,00
CAMPINA GRANDE DO SUL;410400602A;PR;Jardim Graciosa;-25,356;-49,109;2025-03-15 07:50:00.0;0,00
CAMPINA GRANDE DO SUL;410400602A;PR;Jardim Graciosa;-25,356;-49,109;2025-03-15 08:50:00.0;0,00
CAMPINA GRANDE DO SUL;410400602A;PR;Jardim Graciosa;-25,356;-49,109;2025-03-15 09:50:00.0;0,00
CAMPINA GRANDE DO SUL;410400602A;PR;Jardim Graciosa;-25,356;-49,109;2025-03-15 10:50:00.0;0,00
CAMPINA GRANDE DO SUL;410400602A;PR;Jardim Graciosa;-25,356;-49,109;2025-03-15 11:50:00.0;0,00
CAMPINA GRANDE DO SUL;410400602A;PR;Jardim Graciosa;-25,356;-49,109;2025-03-15 12:50:00.0;0,00
CAMPINA GRANDE DO SUL;410400602A;PR;Jardim Graciosa;-25,356;-49,109;2025-03-15 13:50:00.0;0,00
CAMPINA GRANDE DO SUL;410400602A;PR;Jardim Graciosa;-25,356;-49,109;2025-03-15 14:50:00.0;0,00
CAMPINA GRANDE DO SUL;410400602A;PR;Jardim Graciosa;-25,356;-49,109;2025-03-15 15:50:00.0;0,00
CAMPINA GRANDE DO SUL;410400602A;PR;Jardim Graciosa;-25,356;-49,109;2025-03-15 16:50:00.0;0,00
CAMPINA GRANDE DO SUL;410400602A;PR;Jardim Graciosa;-25,356;-49,109;2025-03-15 17:50:00.0;0,00
CAMPINA GRANDE DO SUL;410400602A;PR;Jardim Graciosa;-25,356;-49,109;2025-03-15 18:50:00.0;0,00
CAMPINA GRANDE DO SUL;410400602A;PR;Jardim Graciosa;-25,356;-49,109;2025-03-15 19:50:00.0;0,00
CAMPINA GRANDE DO SUL;410400602A;PR;Jardim Graciosa;-25,356;-49,109;2025-03-15 20:10:00.0;0,20
CAMPINA GRANDE DO SUL;410400602A;PR;Jardim Graciosa;-25,356;-49,109;2025-03-15 20:30:00.0;0,20
CAMPINA GRANDE DO SUL;410400602A;PR;Jardim Graciosa;-25,356;-49,109;2025-03-15 20:50:00.0;0,00
CAMPINA GRANDE DO SUL;410400602A;PR;Jardim Graciosa;-25,356;-49,109;2025-03-15 21:10:00.0;0,20
CAMPINA GRANDE DO SUL;410400602A;PR;Jardim Graciosa;-25,356;-49,109;2025-03-15 21:50:00.0;0,00
CAMPINA GRANDE DO SUL;410400602A;PR;Jardim Graciosa;-25,356;-49,109;2025-03-15 22:50:00.0;0,00
CAMPINA GRANDE DO SUL;410400602A;PR;Jardim Graciosa;-25,356;-49,109;2025-03-15 23:50:00.0;0,00
CAMPINA GRANDE DO SUL;410400602A;PR;Jardim Graciosa;-25,356;-49,109;2025-03-16 00:50:00.0;0,00
CAMPINA GRANDE DO SUL;410400602A;PR;Jardim Graciosa;-25,356;-49,109;2025-03-16 01:50:00.0;0,00
CAMPINA GRANDE DO SUL;410400602A;PR;Jardim Graciosa;-25,356;-49,109;2025-03-16 02:50:00.0;0,00
CAMPINA GRANDE DO SUL;410400602A;PR;Jardim Graciosa;-25,356;-49,109;2025-03-16 03:50:00.0;0,00
CAMPINA GRANDE DO SUL;410400602A;PR;Jardim Graciosa;-25,356;-49,109;2025-03-16 04:50:00.0;0,00
CAMPINA GRANDE DO SUL;410400602A;PR;Jardim Graciosa;-25,356;-49,109;2025-03-16 05:50:00.0;0,00
CAMPINA GRANDE DO SUL;410400602A;PR;Jardim Graciosa;-25,356;-49,109;2025-03-16 06:50:00.0;0,00
CAMPINA GRANDE DO SUL;410400602A;PR;Jardim Graciosa;-25,356;-49,109;2025-03-16 07:50:00.0;0,00
CAMPINA GRANDE DO SUL;410400602A;PR;Jardim Graciosa;-25,356;-49,109;2025-03-16 08:50:00.0;0,00
CAMPINA GRANDE DO SUL;410400602A;PR;Jardim Graciosa;-25,356;-49,109;2025-03-16 09:50:00.0;0,00
CAMPINA GRANDE DO SUL;410400602A;PR;Jardim Graciosa;-25,356;-49,109;2025-03-16 10:50:00.0;0,00
CAMPINA GRANDE DO SUL;410400602A;PR;Jardim Graciosa;-25,356;-49,109;2025-03-16 11:50:00.0;0,00
CAMPINA GRANDE DO SUL;410400602A;PR;Jardim Graciosa;-25,356;-49,109;2025-03-16 12:50:00.0;0,00
CAMPINA GRANDE DO SUL;410400602A;PR;Jardim Graciosa;-25,356;-49,109;2025-03-16 13:50:00.0;0,00
CAMPINA GRANDE DO SUL;410400602A;PR;Jardim Graciosa;-25,356;-49,109;2025-03-16 14:50:00.0;0,00
CAMPINA GRANDE DO SUL;410400602A;PR;Jardim Graciosa;-25,356;-49,109;2025-03-16 15:10:00.0;0,20
CAMPINA GRANDE DO SUL;410400602A;PR;Jardim Graciosa;-25,356;-49,109;2025-03-16 15:50:00.0;0,00
CAMPINA GRANDE DO SUL;410400602A;PR;Jardim Graciosa;-25,356;-49,109;2025-03-16 16:50:00.0;0,00
CAMPINA GRANDE DO SUL;410400602A;PR;Jardim Graciosa;-25,356;-49,109;2025-03-16 17:50:00.0;0,00
CAMPINA GRANDE DO SUL;410400602A;PR;Jardim Graciosa;-25,356;-49,109;2025-03-16 18:50:00.0;0,00
CAMPINA GRANDE DO SUL;410400602A;PR;Jardim Graciosa;-25,356;-49,109;2025-03-16 19:50:00.0;0,00
CAMPINA GRANDE DO SUL;410400602A;PR;Jardim Graciosa;-25,356;-49,109;2025-03-16 20:50:00.0;0,00
CAMPINA GRANDE DO SUL;410400602A;PR;Jardim Graciosa;-25,356;-49,109;2025-03-16 21:50:00.0;0,00
CAMPINA GRANDE DO SUL;410400602A;PR;Jardim Graciosa;-25,356;-49,109;2025-03-16 22:50:00.0;0,00
CAMPINA GRANDE DO SUL;410400602A;PR;Jardim Graciosa;-25,356;-49,109;2025-03-16 23:50:00.0;0,00
CAMPINA GRANDE DO SUL;410400602A;PR;Jardim Graciosa;-25,356;-49,109;2025-03-17 00:50:00.0;0,00
CAMPINA GRANDE DO SUL;410400602A;PR;Jardim Graciosa;-25,356;-49,109;2025-03-17 01:50:00.0;0,00
CAMPINA GRANDE DO SUL;410400602A;PR;Jardim Graciosa;-25,356;-49,109;2025-03-17 02:50:00.0;0,00
CAMPINA GRANDE DO SUL;410400602A;PR;Jardim Graciosa;-25,356;-49,109;2025-03-17 03:50:00.0;0,00
CAMPINA GRANDE DO SUL;410400602A;PR;Jardim Graciosa;-25,356;-49,109;2025-03-17 04:50:00.0;0,00
CAMPINA GRANDE DO SUL;410400602A;PR;Jardim Graciosa;-25,356;-49,109;2025-03-17 05:50:00.0;0,00
CAMPINA GRANDE DO SUL;410400602A;PR;Jardim Graciosa;-25,356;-49,109;2025-03-17 06:50:00.0;0,00
CAMPINA GRANDE DO SUL;410400602A;PR;Jardim Graciosa;-25,356;-49,109;2025-03-17 07:50:00.0;0,00
CAMPINA GRANDE DO SUL;410400602A;PR;Jardim Graciosa;-25,356;-49,109;2025-03-17 08:50:00.0;0,00
CAMPINA GRANDE DO SUL;410400602A;PR;Jardim Graciosa;-25,356;-49,109;2025-03-17 09:50:00.0;0,00
CAMPINA GRANDE DO SUL;410400602A;PR;Jardim Graciosa;-25,356;-49,109;2025-03-17 10:50:00.0;0,00
CAMPINA GRANDE DO SUL;410400602A;PR;Jardim Graciosa;-25,356;-49,109;2025-03-17 11:50:00.0;0,00
CAMPINA GRANDE DO SUL;410400602A;PR;Jardim Graciosa;-25,356;-49,109;2025-03-17 12:50:00.0;0,00
CAMPINA GRANDE DO SUL;410400602A;PR;Jardim Graciosa;-25,356;-49,109;2025-03-17 13:50:00.0;0,00
CAMPINA GRANDE DO SUL;410400602A;PR;Jardim Graciosa;-25,356;-49,109;2025-03-17 14:50:00.0;0,00
CAMPINA GRANDE DO SUL;410400602A;PR;Jardim Graciosa;-25,356;-49,109;2025-03-17 15:50:00.0;0,00
CAMPINA GRANDE DO SUL;410400602A;PR;Jardim Graciosa;-25,356;-49,109;2025-03-17 16:50:00.0;0,00
CAMPINA GRANDE DO SUL;410400602A;PR;Jardim Graciosa;-25,356;-49,109;2025-03-17 17:50:00.0;0,00
CAMPINA GRANDE DO SUL;410400602A;PR;Jardim Graciosa;-25,356;-49,109;2025-03-17 18:50:00.0;0,00
CAMPINA GRANDE DO SUL;410400602A;PR;Jardim Graciosa;-25,356;-49,109;2025-03-17 19:50:00.0;0,00
CAMPINA GRANDE DO SUL;410400602A;PR;Jardim Graciosa;-25,356;-49,109;2025-03-17 20:50:00.0;0,00
CAMPINA GRANDE DO SUL;410400602A;PR;Jardim Graciosa;-25,356;-49,109;2025-03-17 22:10:00.0;0,00
CAMPINA GRANDE DO SUL;410400602A;PR;Jardim Graciosa;-25,356;-49,109;2025-03-17 22:50:00.0;0,00
CAMPINA GRANDE DO SUL;410400602A;PR;Jardim Graciosa;-25,356;-49,109;2025-03-17 23:50:00.0;0,00
CAMPINA GRANDE DO SUL;410400602A;PR;Jardim Graciosa;-25,356;-49,109;2025-03-18 00:50:00.0;0,00
CAMPINA GRANDE DO SUL;410400602A;PR;Jardim Graciosa;-25,356;-49,109;2025-03-18 01:50:00.0;0,00
CAMPINA GRANDE DO SUL;410400602A;PR;Jardim Graciosa;-25,356;-49,109;2025-03-18 02:50:00.0;0,00
CAMPINA GRANDE DO SUL;410400602A;PR;Jardim Graciosa;-25,356;-49,109;2025-03-18 03:50:00.0;0,00
CAMPINA GRANDE DO SUL;410400602A;PR;Jardim Graciosa;-25,356;-49,109;2025-03-18 06:20:00.0;0,00
CAMPINA GRANDE DO SUL;410400602A;PR;Jardim Graciosa;-25,356;-49,109;2025-03-18 07:00:00.0;0,00
CAMPINA GRANDE DO SUL;410400602A;PR;Jardim Graciosa;-25,356;-49,109;2025-03-18 08:50:00.0;0,00
CAMPINA GRANDE DO SUL;410400602A;PR;Jardim Graciosa;-25,356;-49,109;2025-03-18 10:20:00.0;0,00
CAMPINA GRANDE DO SUL;410400602A;PR;Jardim Graciosa;-25,356;-49,109;2025-03-18 11:30:00.0;0,00
CAMPINA GRANDE DO SUL;410400602A;PR;Jardim Graciosa;-25,356;-49,109;2025-03-18 12:10:00.0;0,00
CAMPINA GRANDE DO SUL;410400602A;PR;Jardim Graciosa;-25,356;-49,109;2025-03-18 12:50:00.0;0,00
CAMPINA GRANDE DO SUL;410400602A;PR;Jardim Graciosa;-25,356;-49,109;2025-03-18 14:30:00.0;0,00
CAMPINA GRANDE DO SUL;410400602A;PR;Jardim Graciosa;-25,356;-49,109;2025-03-18 14:50:00.0;0,00
CAMPINA GRANDE DO SUL;410400602A;PR;Jardim Graciosa;-25,356;-49,109;2025-03-18 15:50:00.0;0,00
CAMPINA GRANDE DO SUL;410400602A;PR;Jardim Graciosa;-25,356;-49,109;2025-03-18 16:50:00.0;0,00
CAMPINA GRANDE DO SUL;410400602A;PR;Jardim Graciosa;-25,356;-49,109;2025-03-18 17:50:00.0;0,00
CAMPINA GRANDE DO SUL;410400602A;PR;Jardim Graciosa;-25,356;-49,109;2025-03-18 18:50:00.0;0,00
CAMPINA GRANDE DO SUL;410400602A;PR;Jardim Graciosa;-25,356;-49,109;2025-03-18 19:50:00.0;0,00
CAMPINA GRANDE DO SUL;410400602A;PR;Jardim Graciosa;-25,356;-49,109;2025-03-18 20:50:00.0;0,00
CAMPINA GRANDE DO SUL;410400602A;PR;Jardim Graciosa;-25,356;-49,109;2025-03-18 21:50:00.0;0,00
CAMPINA GRANDE DO SUL;410400602A;PR;Jardim Graciosa;-25,356;-49,109;2025-03-18 22:50:00.0;0,00
CAMPINA GRANDE DO SUL;410400602A;PR;Jardim Graciosa;-25,356;-49,109;2025-03-18 23:50:00.0;0,00
CAMPINA GRANDE DO SUL;410400602A;PR;Jardim Graciosa;-25,356;-49,109;2025-03-19 00:50:00.0;0,00
CAMPINA GRANDE DO SUL;410400602A;PR;Jardim Graciosa;-25,356;-49,109;2025-03-19 01:50:00.0;0,00
CAMPINA GRANDE DO SUL;410400602A;PR;Jardim Graciosa;-25,356;-49,109;2025-03-19 02:50:00.0;0,00
CAMPINA GRANDE DO SUL;410400602A;PR;Jardim Graciosa;-25,356;-49,109;2025-03-19 03:50:00.0;0,00
CAMPINA GRANDE DO SUL;410400602A;PR;Jardim Graciosa;-25,356;-49,109;2025-03-19 04:50:00.0;0,00
CAMPINA GRANDE DO SUL;410400602A;PR;Jardim Graciosa;-25,356;-49,109;2025-03-19 05:50:00.0;0,00
CAMPINA GRANDE DO SUL;410400602A;PR;Jardim Graciosa;-25,356;-49,109;2025-03-19 06:50:00.0;0,00
CAMPINA GRANDE DO SUL;410400602A;PR;Jardim Graciosa;-25,356;-49,109;2025-03-19 07:50:00.0;0,00
CAMPINA GRANDE DO SUL;410400602A;PR;Jardim Graciosa;-25,356;-49,109;2025-03-19 08:50:00.0;0,00
CAMPINA GRANDE DO SUL;410400602A;PR;Jardim Graciosa;-25,356;-49,109;2025-03-19 09:50:00.0;0,00
CAMPINA GRANDE DO SUL;410400602A;PR;Jardim Graciosa;-25,356;-49,109;2025-03-19 10:50:00.0;0,00
CAMPINA GRANDE DO SUL;410400602A;PR;Jardim Graciosa;-25,356;-49,109;2025-03-19 11:50:00.0;0,00
CAMPINA GRANDE DO SUL;410400602A;PR;Jardim Graciosa;-25,356;-49,109;2025-03-19 12:50:00.0;0,00
CAMPINA GRANDE DO SUL;410400602A;PR;Jardim Graciosa;-25,356;-49,109;2025-03-19 13:50:00.0;0,00
CAMPINA GRANDE DO SUL;410400602A;PR;Jardim Graciosa;-25,356;-49,109;2025-03-19 14:50:00.0;0,00
CAMPINA GRANDE DO SUL;410400602A;PR;Jardim Graciosa;-25,356;-49,109;2025-03-19 15:50:00.0;0,00
CAMPINA GRANDE DO SUL;410400602A;PR;Jardim Graciosa;-25,356;-49,109;2025-03-19 16:50:00.0;0,00
CAMPINA GRANDE DO SUL;410400602A;PR;Jardim Graciosa;-25,356;-49,109;2025-03-19 17:50:00.0;0,00
CAMPINA GRANDE DO SUL;410400602A;PR;Jardim Graciosa;-25,356;-49,109;2025-03-19 18:50:00.0;0,00
CAMPINA GRANDE DO SUL;410400602A;PR;Jardim Graciosa;-25,356;-49,109;2025-03-19 19:50:00.0;0,00
CAMPINA GRANDE DO SUL;410400602A;PR;Jardim Graciosa;-25,356;-49,109;2025-03-19 20:50:00.0;0,00
CAMPINA GRANDE DO SUL;410400602A;PR;Jardim Graciosa;-25,356;-49,109;2025-03-19 21:50:00.0;0,00
CAMPINA GRANDE DO SUL;410400602A;PR;Jardim Graciosa;-25,356;-49,109;2025-03-19 22:50:00.0;0,00
CAMPINA GRANDE DO SUL;410400602A;PR;Jardim Graciosa;-25,356;-49,109;2025-03-19 23:50:00.0;0,00
CAMPINA GRANDE DO SUL;410400602A;PR;Jardim Graciosa;-25,356;-49,109;2025-03-20 00:50:00.0;0,00
CAMPINA GRANDE DO SUL;410400602A;PR;Jardim Graciosa;-25,356;-49,109;2025-03-20 01:50:00.0;0,00
CAMPINA GRANDE DO SUL;410400602A;PR;Jardim Graciosa;-25,356;-49,109;2025-03-20 02:50:00.0;0,00
CAMPINA GRANDE DO SUL;410400602A;PR;Jardim Graciosa;-25,356;-49,109;2025-03-20 03:50:00.0;0,00
CAMPINA GRANDE DO SUL;410400602A;PR;Jardim Graciosa;-25,356;-49,109;2025-03-20 04:50:00.0;0,00
CAMPINA GRANDE DO SUL;410400602A;PR;Jardim Graciosa;-25,356;-49,109;2025-03-20 05:50:00.0;0,00
CAMPINA GRANDE DO SUL;410400602A;PR;Jardim Graciosa;-25,356;-49,109;2025-03-20 06:50:00.0;0,00
CAMPINA GRANDE DO SUL;410400602A;PR;Jardim Graciosa;-25,356;-49,109;2025-03-20 07:50:00.0;0,00
CAMPINA GRANDE DO SUL;410400602A;PR;Jardim Graciosa;-25,356;-49,109;2025-03-20 08:50:00.0;0,00
CAMPINA GRANDE DO SUL;410400602A;PR;Jardim Graciosa;-25,356;-49,109;2025-03-20 09:50:00.0;0,00
CAMPINA GRANDE DO SUL;410400602A;PR;Jardim Graciosa;-25,356;-49,109;2025-03-20 10:50:00.0;0,00
CAMPINA GRANDE DO SUL;410400602A;PR;Jardim Graciosa;-25,356;-49,109;2025-03-20 11:50:00.0;0,00
CAMPINA GRANDE DO SUL;410400602A;PR;Jardim Graciosa;-25,356;-49,109;2025-03-20 12:50:00.0;0,00
CAMPINA GRANDE DO SUL;410400602A;PR;Jardim Graciosa;-25,356;-49,109;2025-03-20 13:50:00.0;0,00
CAMPINA GRANDE DO SUL;410400602A;PR;Jardim Graciosa;-25,356;-49,109;2025-03-20 14:50:00.0;0,00
CAMPINA GRANDE DO SUL;410400602A;PR;Jardim Graciosa;-25,356;-49,109;2025-03-20 15:50:00.0;0,00
CAMPINA GRANDE DO SUL;410400602A;PR;Jardim Graciosa;-25,356;-49,109;2025-03-20 16:50:00.0;0,00
CAMPINA GRANDE DO SUL;410400602A;PR;Jardim Graciosa;-25,356;-49,109;2025-03-20 17:50:00.0;0,00
CAMPINA GRANDE DO SUL;410400602A;PR;Jardim Graciosa;-25,356;-49,109;2025-03-20 18:50:00.0;0,00
CAMPINA GRANDE DO SUL;410400602A;PR;Jardim Graciosa;-25,356;-49,109;2025-03-20 19:50:00.0;0,00
CAMPINA GRANDE DO SUL;410400602A;PR;Jardim Graciosa;-25,356;-49,109;2025-03-20 20:50:00.0;0,00
CAMPINA GRANDE DO SUL;410400602A;PR;Jardim Graciosa;-25,356;-49,109;2025-03-20 21:50:00.0;0,00
CAMPINA GRANDE DO SUL;410400602A;PR;Jardim Graciosa;-25,356;-49,109;2025-03-20 22:50:00.0;0,00
CAMPINA GRANDE DO SUL;410400602A;PR;Jardim Graciosa;-25,356;-49,109;2025-03-20 23:50:00.0;0,00
CAMPINA GRANDE DO SUL;410400602A;PR;Jardim Graciosa;-25,356;-49,109;2025-03-21 00:50:00.0;0,00
CAMPINA GRANDE DO SUL;410400602A;PR;Jardim Graciosa;-25,356;-49,109;2025-03-21 01:50:00.0;0,00
CAMPINA GRANDE DO SUL;410400602A;PR;Jardim Graciosa;-25,356;-49,109;2025-03-21 02:50:00.0;0,00
CAMPINA GRANDE DO SUL;410400602A;PR;Jardim Graciosa;-25,356;-49,109;2025-03-21 03:50:00.0;0,00
CAMPINA GRANDE DO SUL;410400602A;PR;Jardim Graciosa;-25,356;-49,109;2025-03-21 04:50:00.0;0,00
CAMPINA GRANDE DO SUL;410400602A;PR;Jardim Graciosa;-25,356;-49,109;2025-03-21 05:50:00.0;0,00
CAMPINA GRANDE DO SUL;410400602A;PR;Jardim Graciosa;-25,356;-49,109;2025-03-21 06:50:00.0;0,00
CAMPINA GRANDE DO SUL;410400602A;PR;Jardim Graciosa;-25,356;-49,109;2025-03-21 07:50:00.0;0,00
CAMPINA GRANDE DO SUL;410400602A;PR;Jardim Graciosa;-25,356;-49,109;2025-03-21 08:50:00.0;0,20
CAMPINA GRANDE DO SUL;410400602A;PR;Jardim Graciosa;-25,356;-49,109;2025-03-21 09:50:00.0;0,00
CAMPINA GRANDE DO SUL;410400602A;PR;Jardim Graciosa;-25,356;-49,109;2025-03-21 10:50:00.0;0,00
CAMPINA GRANDE DO SUL;410400602A;PR;Jardim Graciosa;-25,356;-49,109;2025-03-21 11:50:00.0;0,00
CAMPINA GRANDE DO SUL;410400602A;PR;Jardim Graciosa;-25,356;-49,109;2025-03-21 12:50:00.0;0,00
CAMPINA GRANDE DO SUL;410400602A;PR;Jardim Graciosa;-25,356;-49,109;2025-03-21 13:50:00.0;0,00
CAMPINA GRANDE DO SUL;410400602A;PR;Jardim Graciosa;-25,356;-49,109;2025-03-21 14:50:00.0;0,00
CAMPINA GRANDE DO SUL;410400602A;PR;Jardim Graciosa;-25,356;-49,109;2025-03-21 15:50:00.0;0,00
CAMPINA GRANDE DO SUL;410400602A;PR;Jardim Graciosa;-25,356;-49,109;2025-03-21 16:50:00.0;0,00
CAMPINA GRANDE DO SUL;410400602A;PR;Jardim Graciosa;-25,356;-49,109;2025-03-21 17:50:00.0;0,00
CAMPINA GRANDE DO SUL;410400602A;PR;Jardim Graciosa;-25,356;-49,109;2025-03-21 18:50:00.0;0,00
CAMPINA GRANDE DO SUL;410400602A;PR;Jardim Graciosa;-25,356;-49,109;2025-03-21 19:50:00.0;0,00
CAMPINA GRANDE DO SUL;410400602A;PR;Jardim Graciosa;-25,356;-49,109;2025-03-21 20:50:00.0;0,00
CAMPINA GRANDE DO SUL;410400602A;PR;Jardim Graciosa;-25,356;-49,109;2025-03-21 21:50:00.0;0,00
CAMPINA GRANDE DO SUL;410400602A;PR;Jardim Graciosa;-25,356;-49,109;2025-03-21 22:50:00.0;0,00
CAMPINA GRANDE DO SUL;410400602A;PR;Jardim Graciosa;-25,356;-49,109;2025-03-21 23:50:00.0;0,00
CAMPINA GRANDE DO SUL;410400602A;PR;Jardim Graciosa;-25,356;-49,109;2025-03-22 00:50:00.0;0,00
CAMPINA GRANDE DO SUL;410400602A;PR;Jardim Graciosa;-25,356;-49,109;2025-03-22 01:50:00.0;0,00
CAMPINA GRANDE DO SUL;410400602A;PR;Jardim Graciosa;-25,356;-49,109;2025-03-22 02:50:00.0;0,00
CAMPINA GRANDE DO SUL;410400602A;PR;Jardim Graciosa;-25,356;-49,109;2025-03-22 03:50:00.0;0,00
CAMPINA GRANDE DO SUL;410400602A;PR;Jardim Graciosa;-25,356;-49,109;2025-03-22 04:50:00.0;0,00
CAMPINA GRANDE DO SUL;410400602A;PR;Jardim Graciosa;-25,356;-49,109;2025-03-22 05:50:00.0;0,00
CAMPINA GRANDE DO SUL;410400602A;PR;Jardim Graciosa;-25,356;-49,109;2025-03-22 06:50:00.0;0,00
CAMPINA GRANDE DO SUL;410400602A;PR;Jardim Graciosa;-25,356;-49,109;2025-03-22 07:50:00.0;0,00
CAMPINA GRANDE DO SUL;410400602A;PR;Jardim Graciosa;-25,356;-49,109;2025-03-22 08:50:00.0;0,00
CAMPINA GRANDE DO SUL;410400602A;PR;Jardim Graciosa;-25,356;-49,109;2025-03-22 09:50:00.0;0,00
CAMPINA GRANDE DO SUL;410400602A;PR;Jardim Graciosa;-25,356;-49,109;2025-03-22 10:50:00.0;0,00
CAMPINA GRANDE DO SUL;410400602A;PR;Jardim Graciosa;-25,356;-49,109;2025-03-22 11:50:00.0;0,00
CAMPINA GRANDE DO SUL;410400602A;PR;Jardim Graciosa;-25,356;-49,109;2025-03-22 12:50:00.0;0,00
CAMPINA GRANDE DO SUL;410400602A;PR;Jardim Graciosa;-25,356;-49,109;2025-03-22 13:50:00.0;0,00
CAMPINA GRANDE DO SUL;410400602A;PR;Jardim Graciosa;-25,356;-49,109;2025-03-22 14:50:00.0;0,00
CAMPINA GRANDE DO SUL;410400602A;PR;Jardim Graciosa;-25,356;-49,109;2025-03-22 15:50:00.0;0,00
CAMPINA GRANDE DO SUL;410400602A;PR;Jardim Graciosa;-25,356;-49,109;2025-03-22 16:50:00.0;0,00
CAMPINA GRANDE DO SUL;410400602A;PR;Jardim Graciosa;-25,356;-49,109;2025-03-22 17:50:00.0;0,00
CAMPINA GRANDE DO SUL;410400602A;PR;Jardim Graciosa;-25,356;-49,109;2025-03-22 18:50:00.0;0,00
CAMPINA GRANDE DO SUL;410400602A;PR;Jardim Graciosa;-25,356;-49,109;2025-03-22 19:50:00.0;0,00
CAMPINA GRANDE DO SUL;410400602A;PR;Jardim Graciosa;-25,356;-49,109;2025-03-22 20:50:00.0;0,00
CAMPINA GRANDE DO SUL;410400602A;PR;Jardim Graciosa;-25,356;-49,109;2025-03-22 21:50:00.0;0,00
CAMPINA GRANDE DO SUL;410400602A;PR;Jardim Graciosa;-25,356;-49,109;2025-03-22 22:50:00.0;0,00
CAMPINA GRANDE DO SUL;410400602A;PR;Jardim Graciosa;-25,356;-49,109;2025-03-22 23:50:00.0;0,00
CAMPINA GRANDE DO SUL;410400602A;PR;Jardim Graciosa;-25,356;-49,109;2025-03-23 00:50:00.0;0,00
CAMPINA GRANDE DO SUL;410400602A;PR;Jardim Graciosa;-25,356;-49,109;2025-03-23 01:50:00.0;0,00
CAMPINA GRANDE DO SUL;410400602A;PR;Jardim Graciosa;-25,356;-49,109;2025-03-23 02:50:00.0;0,00
CAMPINA GRANDE DO SUL;410400602A;PR;Jardim Graciosa;-25,356;-49,109;2025-03-23 03:50:00.0;0,00
CAMPINA GRANDE DO SUL;410400602A;PR;Jardim Graciosa;-25,356;-49,109;2025-03-23 04:50:00.0;0,00
CAMPINA GRANDE DO SUL;410400602A;PR;Jardim Graciosa;-25,356;-49,109;2025-03-23 05:50:00.0;0,00
CAMPINA GRANDE DO SUL;410400602A;PR;Jardim Graciosa;-25,356;-49,109;2025-03-23 06:50:00.0;0,00
CAMPINA GRANDE DO SUL;410400602A;PR;Jardim Graciosa;-25,356;-49,109;2025-03-23 07:50:00.0;0,00
CAMPINA GRANDE DO SUL;410400602A;PR;Jardim Graciosa;-25,356;-49,109;2025-03-23 08:50:00.0;0,00
CAMPINA GRANDE DO SUL;410400602A;PR;Jardim Graciosa;-25,356;-49,109;2025-03-23 09:50:00.0;0,00
CAMPINA GRANDE DO SUL;410400602A;PR;Jardim Graciosa;-25,356;-49,109;2025-03-23 10:50:00.0;0,00
CAMPINA GRANDE DO SUL;410400602A;PR;Jardim Graciosa;-25,356;-49,109;2025-03-23 11:50:00.0;0,00
CAMPINA GRANDE DO SUL;410400602A;PR;Jardim Graciosa;-25,356;-49,109;2025-03-23 12:50:00.0;0,00
CAMPINA GRANDE DO SUL;410400602A;PR;Jardim Graciosa;-25,356;-49,109;2025-03-23 13:50:00.0;0,00
CAMPINA GRANDE DO SUL;410400602A;PR;Jardim Graciosa;-25,356;-49,109;2025-03-23 14:50:00.0;0,00
CAMPINA GRANDE DO SUL;410400602A;PR;Jardim Graciosa;-25,356;-49,109;2025-03-23 16:30:00.0;0,00
CAMPINA GRANDE DO SUL;410400602A;PR;Jardim Graciosa;-25,356;-49,109;2025-03-23 17:10:00.0;0,00
CAMPINA GRANDE DO SUL;410400602A;PR;Jardim Graciosa;-25,356;-49,109;2025-03-23 18:50:00.0;0,00
CAMPINA GRANDE DO SUL;410400602A;PR;Jardim Graciosa;-25,356;-49,109;2025-03-23 20:20:00.0;0,00
CAMPINA GRANDE DO SUL;410400602A;PR;Jardim Graciosa;-25,356;-49,109;2025-03-23 22:10:00.0;0,00
CAMPINA GRANDE DO SUL;410400602A;PR;Jardim Graciosa;-25,356;-49,109;2025-03-23 22:50:00.0;0,00
CAMPINA GRANDE DO SUL;410400602A;PR;Jardim Graciosa;-25,356;-49,109;2025-03-24 00:30:00.0;0,00
CAMPINA GRANDE DO SUL;410400602A;PR;Jardim Graciosa;-25,356;-49,109;2025-03-24 01:30:00.0;0,00
CAMPINA GRANDE DO SUL;410400602A;PR;Jardim Graciosa;-25,356;-49,109;2025-03-24 02:10:00.0;0,00
CAMPINA GRANDE DO SUL;410400602A;PR;Jardim Graciosa;-25,356;-49,109;2025-03-24 02:50:00.0;0,00
CAMPINA GRANDE DO SUL;410400602A;PR;Jardim Graciosa;-25,356;-49,109;2025-03-24 04:10:00.0;0,00
CAMPINA GRANDE DO SUL;410400602A;PR;Jardim Graciosa;-25,356;-49,109;2025-03-24 05:10:00.0;0,00
CAMPINA GRANDE DO SUL;410400602A;PR;Jardim Graciosa;-25,356;-49,109;2025-03-24 05:50:00.0;0,00
CAMPINA GRANDE DO SUL;410400602A;PR;Jardim Graciosa;-25,356;-49,109;2025-03-24 06:50:00.0;0,00
CAMPINA GRANDE DO SUL;410400602A;PR;Jardim Graciosa;-25,356;-49,109;2025-03-24 07:50:00.0;0,00
CAMPINA GRANDE DO SUL;410400602A;PR;Jardim Graciosa;-25,356;-49,109;2025-03-24 08:50:00.0;0,00
CAMPINA GRANDE DO SUL;410400602A;PR;Jardim Graciosa;-25,356;-49,109;2025-03-24 09:50:00.0;0,00
CAMPINA GRANDE DO SUL;410400602A;PR;Jardim Graciosa;-25,356;-49,109;2025-03-24 10:50:00.0;0,00
CAMPINA GRANDE DO SUL;410400602A;PR;Jardim Graciosa;-25,356;-49,109;2025-03-24 11:50:00.0;0,00
CAMPINA GRANDE DO SUL;410400602A;PR;Jardim Graciosa;-25,356;-49,109;2025-03-24 12:50:00.0;0,00
CAMPINA GRANDE DO SUL;410400602A;PR;Jardim Graciosa;-25,356;-49,109;2025-03-24 13:50:00.0;0,00
CAMPINA GRANDE DO SUL;410400602A;PR;Jardim Graciosa;-25,356;-49,109;2025-03-24 14:50:00.0;0,00
CAMPINA GRANDE DO SUL;410400602A;PR;Jardim Graciosa;-25,356;-49,109;2025-03-24 15:50:00.0;0,00
CAMPINA GRANDE DO SUL;410400602A;PR;Jardim Graciosa;-25,356;-49,109;2025-03-24 16:50:00.0;0,00
CAMPINA GRANDE DO SUL;410400602A;PR;Jardim Graciosa;-25,356;-49,109;2025-03-24 17:50:00.0;0,00
CAMPINA GRANDE DO SUL;410400602A;PR;Jardim Graciosa;-25,356;-49,109;2025-03-24 18:50:00.0;0,00
CAMPINA GRANDE DO SUL;410400602A;PR;Jardim Graciosa;-25,356;-49,109;2025-03-24 19:50:00.0;0,00
CAMPINA GRANDE DO SUL;410400602A;PR;Jardim Graciosa;-25,356;-49,109;2025-03-24 20:50:00.0;0,00
CAMPINA GRANDE DO SUL;410400602A;PR;Jardim Graciosa;-25,356;-49,109;2025-03-24 21:50:00.0;0,00
CAMPINA GRANDE DO SUL;410400602A;PR;Jardim Graciosa;-25,356;-49,109;2025-03-24 22:50:00.0;0,00
CAMPINA GRANDE DO SUL;410400602A;PR;Jardim Graciosa;-25,356;-49,109;2025-03-24 23:50:00.0;0,00
CAMPINA GRANDE DO SUL;410400602A;PR;Jardim Graciosa;-25,356;-49,109;2025-03-25 00:50:00.0;0,00
CAMPINA GRANDE DO SUL;410400602A;PR;Jardim Graciosa;-25,356;-49,109;2025-03-25 01:50:00.0;0,00
CAMPINA GRANDE DO SUL;410400602A;PR;Jardim Graciosa;-25,356;-49,109;2025-03-25 02:50:00.0;0,00
CAMPINA GRANDE DO SUL;410400602A;PR;Jardim Graciosa;-25,356;-49,109;2025-03-25 03:50:00.0;0,00
CAMPINA GRANDE DO SUL;410400602A;PR;Jardim Graciosa;-25,356;-49,109;2025-03-25 04:50:00.0;0,00
CAMPINA GRANDE DO SUL;410400602A;PR;Jardim Graciosa;-25,356;-49,109;2025-03-25 05:50:00.0;0,00
CAMPINA GRANDE DO SUL;410400602A;PR;Jardim Graciosa;-25,356;-49,109;2025-03-25 06:50:00.0;0,00
CAMPINA GRANDE DO SUL;410400602A;PR;Jardim Graciosa;-25,356;-49,109;2025-03-25 07:50:00.0;0,00
CAMPINA GRANDE DO SUL;410400602A;PR;Jardim Graciosa;-25,356;-49,109;2025-03-25 08:20:00.0;0,39
CAMPINA GRANDE DO SUL;410400602A;PR;Jardim Graciosa;-25,356;-49,109;2025-03-25 08:30:00.0;0,42
CAMPINA GRANDE DO SUL;410400602A;PR;Jardim Graciosa;-25,356;-49,109;2025-03-25 08:40:00.0;0,20
CAMPINA GRANDE DO SUL;410400602A;PR;Jardim Graciosa;-25,356;-49,109;2025-03-25 08:50:00.0;0,00
CAMPINA GRANDE DO SUL;410400602A;PR;Jardim Graciosa;-25,356;-49,109;2025-03-25 09:50:00.0;0,00
CAMPINA GRANDE DO SUL;410400602A;PR;Jardim Graciosa;-25,356;-49,109;2025-03-25 10:50:00.0;0,00
CAMPINA GRANDE DO SUL;410400602A;PR;Jardim Graciosa;-25,356;-49,109;2025-03-25 11:50:00.0;0,00
CAMPINA GRANDE DO SUL;410400602A;PR;Jardim Graciosa;-25,356;-49,109;2025-03-25 12:50:00.0;0,00
CAMPINA GRANDE DO SUL;410400602A;PR;Jardim Graciosa;-25,356;-49,109;2025-03-25 13:50:00.0;0,00
CAMPINA GRANDE DO SUL;410400602A;PR;Jardim Graciosa;-25,356;-49,109;2025-03-25 14:50:00.0;0,00
CAMPINA GRANDE DO SUL;410400602A;PR;Jardim Graciosa;-25,356;-49,109;2025-03-25 15:50:00.0;0,00
CAMPINA GRANDE DO SUL;410400602A;PR;Jardim Graciosa;-25,356;-49,109;2025-03-25 16:50:00.0;0,00
CAMPINA GRANDE DO SUL;410400602A;PR;Jardim Graciosa;-25,356;-49,109;2025-03-25 17:50:00.0;0,00
CAMPINA GRANDE DO SUL;410400602A;PR;Jardim Graciosa;-25,356;-49,109;2025-03-25 18:00:00.0;0,79
CAMPINA GRANDE DO SUL;410400602A;PR;Jardim Graciosa;-25,356;-49,109;2025-03-25 18:30:00.0;0,20
CAMPINA GRANDE DO SUL;410400602A;PR;Jardim Graciosa;-25,356;-49,109;2025-03-25 18:50:00.0;0,00
CAMPINA GRANDE DO SUL;410400602A;PR;Jardim Graciosa;-25,356;-49,109;2025-03-25 19:50:00.0;0,00
CAMPINA GRANDE DO SUL;410400602A;PR;Jardim Graciosa;-25,356;-49,109;2025-03-25 20:50:00.0;0,00
CAMPINA GRANDE DO SUL;410400602A;PR;Jardim Graciosa;-25,356;-49,109;2025-03-25 21:50:00.0;0,00
CAMPINA GRANDE DO SUL;410400602A;PR;Jardim Graciosa;-25,356;-49,109;2025-03-25 22:50:00.0;0,00
CAMPINA GRANDE DO SUL;410400602A;PR;Jardim Graciosa;-25,356;-49,109;2025-03-25 23:50:00.0;0,00
CAMPINA GRANDE DO SUL;410400602A;PR;Jardim Graciosa;-25,356;-49,109;2025-03-26 00:50:00.0;0,00
CAMPINA GRANDE DO SUL;410400602A;PR;Jardim Graciosa;-25,356;-49,109;2025-03-26 01:50:00.0;0,00
CAMPINA GRANDE DO SUL;410400602A;PR;Jardim Graciosa;-25,356;-49,109;2025-03-26 02:50:00.0;0,00
CAMPINA GRANDE DO SUL;410400602A;PR;Jardim Graciosa;-25,356;-49,109;2025-03-26 03:50:00.0;0,00
CAMPINA GRANDE DO SUL;410400602A;PR;Jardim Graciosa;-25,356;-49,109;2025-03-26 04:10:00.0;0,20
CAMPINA GRANDE DO SUL;410400602A;PR;Jardim Graciosa;-25,356;-49,109;2025-03-26 04:50:00.0;0,00
CAMPINA GRANDE DO SUL;410400602A;PR;Jardim Graciosa;-25,356;-49,109;2025-03-26 05:10:00.0;0,20
CAMPINA GRANDE DO SUL;410400602A;PR;Jardim Graciosa;-25,356;-49,109;2025-03-26 05:20:00.0;0,20
CAMPINA GRANDE DO SUL;410400602A;PR;Jardim Graciosa;-25,356;-49,109;2025-03-26 05:50:00.0;0,00
CAMPINA GRANDE DO SUL;410400602A;PR;Jardim Graciosa;-25,356;-49,109;2025-03-26 06:50:00.0;0,00
CAMPINA GRANDE DO SUL;410400602A;PR;Jardim Graciosa;-25,356;-49,109;2025-03-26 07:50:00.0;0,00
CAMPINA GRANDE DO SUL;410400602A;PR;Jardim Graciosa;-25,356;-49,109;2025-03-26 08:50:00.0;0,00
CAMPINA GRANDE DO SUL;410400602A;PR;Jardim Graciosa;-25,356;-49,109;2025-03-26 09:00:00.0;0,20
CAMPINA GRANDE DO SUL;410400602A;PR;Jardim Graciosa;-25,356;-49,109;2025-03-26 09:50:00.0;0,00
CAMPINA GRANDE DO SUL;410400602A;PR;Jardim Graciosa;-25,356;-49,109;2025-03-26 10:50:00.0;0,00
CAMPINA GRANDE DO SUL;410400602A;PR;Jardim Graciosa;-25,356;-49,109;2025-03-26 11:50:00.0;0,00
CAMPINA GRANDE DO SUL;410400602A;PR;Jardim Graciosa;-25,356;-49,109;2025-03-26 12:50:00.0;0,00
CAMPINA GRANDE DO SUL;410400602A;PR;Jardim Graciosa;-25,356;-49,109;2025-03-26 13:50:00.0;0,00
CAMPINA GRANDE DO SUL;410400602A;PR;Jardim Graciosa;-25,356;-49,109;2025-03-26 14:50:00.0;0,00
CAMPINA GRANDE DO SUL;410400602A;PR;Jardim Graciosa;-25,356;-49,109;2025-03-26 15:50:00.0;0,00
CAMPINA GRANDE DO SUL;410400602A;PR;Jardim Graciosa;-25,356;-49,109;2025-03-26 16:50:00.0;0,00
CAMPINA GRANDE DO SUL;410400602A;PR;Jardim Graciosa;-25,356;-49,109;2025-03-26 17:50:00.0;0,00
CAMPINA GRANDE DO SUL;410400602A;PR;Jardim Graciosa;-25,356;-49,109;2025-03-26 18:50:00.0;0,00
CAMPINA GRANDE DO SUL;410400602A;PR;Jardim Graciosa;-25,356;-49,109;2025-03-26 19:50:00.0;0,00
CAMPINA GRANDE DO SUL;410400602A;PR;Jardim Graciosa;-25,356;-49,109;2025-03-26 20:50:00.0;0,00
CAMPINA GRANDE DO SUL;410400602A;PR;Jardim Graciosa;-25,356;-49,109;2025-03-26 21:50:00.0;0,00
CAMPINA GRANDE DO SUL;410400602A;PR;Jardim Graciosa;-25,356;-49,109;2025-03-26 22:50:00.0;0,00
CAMPINA GRANDE DO SUL;410400602A;PR;Jardim Graciosa;-25,356;-49,109;2025-03-26 23:50:00.0;0,00
CAMPINA GRANDE DO SUL;410400602A;PR;Jardim Graciosa;-25,356;-49,109;2025-03-27 00:50:00.0;0,00
CAMPINA GRANDE DO SUL;410400602A;PR;Jardim Graciosa;-25,356;-49,109;2025-03-27 01:40:00.0;0,20
CAMPINA GRANDE DO SUL;410400602A;PR;Jardim Graciosa;-25,356;-49,109;2025-03-27 01:50:00.0;0,00
CAMPINA GRANDE DO SUL;410400602A;PR;Jardim Graciosa;-25,356;-49,109;2025-03-27 02:50:00.0;0,00
CAMPINA GRANDE DO SUL;410400602A;PR;Jardim Graciosa;-25,356;-49,109;2025-03-27 03:10:00.0;0,20
CAMPINA GRANDE DO SUL;410400602A;PR;Jardim Graciosa;-25,356;-49,109;2025-03-27 03:50:00.0;0,00
CAMPINA GRANDE DO SUL;410400602A;PR;Jardim Graciosa;-25,356;-49,109;2025-03-27 04:50:00.0;0,00
CAMPINA GRANDE DO SUL;410400602A;PR;Jardim Graciosa;-25,356;-49,109;2025-03-27 05:50:00.0;0,00
CAMPINA GRANDE DO SUL;410400602A;PR;Jardim Graciosa;-25,356;-49,109;2025-03-27 06:50:00.0;0,00
CAMPINA GRANDE DO SUL;410400602A;PR;Jardim Graciosa;-25,356;-49,109;2025-03-27 07:50:00.0;0,00
CAMPINA GRANDE DO SUL;410400602A;PR;Jardim Graciosa;-25,356;-49,109;2025-03-27 08:50:00.0;0,00
CAMPINA GRANDE DO SUL;410400602A;PR;Jardim Graciosa;-25,356;-49,109;2025-03-27 09:50:00.0;0,00
CAMPINA GRANDE DO SUL;410400602A;PR;Jardim Graciosa;-25,356;-49,109;2025-03-27 10:50:00.0;0,00
CAMPINA GRANDE DO SUL;410400602A;PR;Jardim Graciosa;-25,356;-49,109;2025-03-27 11:50:00.0;0,00
CAMPINA GRANDE DO SUL;410400602A;PR;Jardim Graciosa;-25,356;-49,109;2025-03-27 12:50:00.0;0,00
CAMPINA GRANDE DO SUL;410400602A;PR;Jardim Graciosa;-25,356;-49,109;2025-03-27 13:50:00.0;0,00
CAMPINA GRANDE DO SUL;410400602A;PR;Jardim Graciosa;-25,356;-49,109;2025-03-27 14:10:00.0;0,20
CAMPINA GRANDE DO SUL;410400602A;PR;Jardim Graciosa;-25,356;-49,109;2025-03-27 14:50:00.0;0,00
CAMPINA GRANDE DO SUL;410400602A;PR;Jardim Graciosa;-25,356;-49,109;2025-03-27 15:50:00.0;0,00
CAMPINA GRANDE DO SUL;410400602A;PR;Jardim Graciosa;-25,356;-49,109;2025-03-27 16:50:00.0;0,00
CAMPINA GRANDE DO SUL;410400602A;PR;Jardim Graciosa;-25,356;-49,109;2025-03-27 17:50:00.0;0,00
CAMPINA GRANDE DO SUL;410400602A;PR;Jardim Graciosa;-25,356;-49,109;2025-03-27 18:50:00.0;0,00
CAMPINA GRANDE DO SUL;410400602A;PR;Jardim Graciosa;-25,356;-49,109;2025-03-27 19:50:00.0;0,00
CAMPINA GRANDE DO SUL;410400602A;PR;Jardim Graciosa;-25,356;-49,109;2025-03-27 20:50:00.0;0,00
CAMPINA GRANDE DO SUL;410400602A;PR;Jardim Graciosa;-25,356;-49,109;2025-03-27 21:50:00.0;0,00
CAMPINA GRANDE DO SUL;410400602A;PR;Jardim Graciosa;-25,356;-49,109;2025-03-27 22:50:00.0;0,00
CAMPINA GRANDE DO SUL;410400602A;PR;Jardim Graciosa;-25,356;-49,109;2025-03-27 23:50:00.0;0,00
CAMPINA GRANDE DO SUL;410400602A;PR;Jardim Graciosa;-25,356;-49,109;2025-03-28 00:50:00.0;0,00
CAMPINA GRANDE DO SUL;410400602A;PR;Jardim Graciosa;-25,356;-49,109;2025-03-28 01:50:00.0;0,00
CAMPINA GRANDE DO SUL;410400602A;PR;Jardim Graciosa;-25,356;-49,109;2025-03-28 02:50:00.0;0,00
CAMPINA GRANDE DO SUL;410400602A;PR;Jardim Graciosa;-25,356;-49,109;2025-03-28 03:50:00.0;0,00
CAMPINA GRANDE DO SUL;410400602A;PR;Jardim Graciosa;-25,356;-49,109;2025-03-28 04:50:00.0;0,00
CAMPINA GRANDE DO SUL;410400602A;PR;Jardim Graciosa;-25,356;-49,109;2025-03-28 05:50:00.0;0,00
CAMPINA GRANDE DO SUL;410400602A;PR;Jardim Graciosa;-25,356;-49,109;2025-03-28 06:50:00.0;0,00
CAMPINA GRANDE DO SUL;410400602A;PR;Jardim Graciosa;-25,356;-49,109;2025-03-28 07:50:00.0;0,00
CAMPINA GRANDE DO SUL;410400602A;PR;Jardim Graciosa;-25,356;-49,109;2025-03-28 08:50:00.0;0,00
CAMPINA GRANDE DO SUL;410400602A;PR;Jardim Graciosa;-25,356;-49,109;2025-03-28 09:50:00.0;0,00
CAMPINA GRANDE DO SUL;410400602A;PR;Jardim Graciosa;-25,356;-49,109;2025-03-28 10:50:00.0;0,00
CAMPINA GRANDE DO SUL;410400602A;PR;Jardim Graciosa;-25,356;-49,109;2025-03-28 11:50:00.0;0,00
CAMPINA GRANDE DO SUL;410400602A;PR;Jardim Graciosa;-25,356;-49,109;2025-03-28 12:50:00.0;0,00
CAMPINA GRANDE DO SUL;410400602A;PR;Jardim Graciosa;-25,356;-49,109;2025-03-28 13:50:00.0;0,00
CAMPINA GRANDE DO SUL;410400602A;PR;Jardim Graciosa;-25,356;-49,109;2025-03-28 14:50:00.0;0,00
CAMPINA GRANDE DO SUL;410400602A;PR;Jardim Graciosa;-25,356;-49,109;2025-03-28 15:50:00.0;0,00
CAMPINA GRANDE DO SUL;410400602A;PR;Jardim Graciosa;-25,356;-49,109;2025-03-28 16:50:00.0;0,00
CAMPINA GRANDE DO SUL;410400602A;PR;Jardim Graciosa;-25,356;-49,109;2025-03-28 17:50:00.0;0,00
CAMPINA GRANDE DO SUL;410400602A;PR;Jardim Graciosa;-25,356;-49,109;2025-03-28 18:50:00.0;0,00
CAMPINA GRANDE DO SUL;410400602A;PR;Jardim Graciosa;-25,356;-49,109;2025-03-28 19:50:00.0;0,00
CAMPINA GRANDE DO SUL;410400602A;PR;Jardim Graciosa;-25,356;-49,109;2025-03-28 20:50:00.0;0,00
CAMPINA GRANDE DO SUL;410400602A;PR;Jardim Graciosa;-25,356;-49,109;2025-03-28 21:50:00.0;0,00
CAMPINA GRANDE DO SUL;410400602A;PR;Jardim Graciosa;-25,356;-49,109;2025-03-28 22:50:00.0;0,00
CAMPINA GRANDE DO SUL;410400602A;PR;Jardim Graciosa;-25,356;-49,109;2025-03-28 23:50:00.0;0,00
CAMPINA GRANDE DO SUL;410400602A;PR;Jardim Graciosa;-25,356;-49,109;2025-03-29 00:50:00.0;0,00
CAMPINA GRANDE DO SUL;410400602A;PR;Jardim Graciosa;-25,356;-49,109;2025-03-29 01:50:00.0;0,00
CAMPINA GRANDE DO SUL;410400602A;PR;Jardim Graciosa;-25,356;-49,109;2025-03-29 02:50:00.0;0,00
CAMPINA GRANDE DO SUL;410400602A;PR;Jardim Graciosa;-25,356;-49,109;2025-03-29 03:50:00.0;0,00
CAMPINA GRANDE DO SUL;410400602A;PR;Jardim Graciosa;-25,356;-49,109;2025-03-29 04:50:00.0;0,00
CAMPINA GRANDE DO SUL;410400602A;PR;Jardim Graciosa;-25,356;-49,109;2025-03-29 05:50:00.0;0,00
CAMPINA GRANDE DO SUL;410400602A;PR;Jardim Graciosa;-25,356;-49,109;2025-03-29 06:50:00.0;0,00
CAMPINA GRANDE DO SUL;410400602A;PR;Jardim Graciosa;-25,356;-49,109;2025-03-29 07:50:00.0;0,00
CAMPINA GRANDE DO SUL;410400602A;PR;Jardim Graciosa;-25,356;-49,109;2025-03-29 08:50:00.0;0,00
CAMPINA GRANDE DO SUL;410400602A;PR;Jardim Graciosa;-25,356;-49,109;2025-03-29 09:50:00.0;0,00
CAMPINA GRANDE DO SUL;410400602A;PR;Jardim Graciosa;-25,356;-49,109;2025-03-29 10:50:00.0;0,00
CAMPINA GRANDE DO SUL;410400602A;PR;Jardim Graciosa;-25,356;-49,109;2025-03-29 11:50:00.0;0,00
CAMPINA GRANDE DO SUL;410400602A;PR;Jardim Graciosa;-25,356;-49,109;2025-03-29 12:50:00.0;0,00
CAMPINA GRANDE DO SUL;410400602A;PR;Jardim Graciosa;-25,356;-49,109;2025-03-29 13:50:00.0;0,00
CAMPINA GRANDE DO SUL;410400602A;PR;Jardim Graciosa;-25,356;-49,109;2025-03-29 14:50:00.0;0,00
CAMPINA GRANDE DO SUL;410400602A;PR;Jardim Graciosa;-25,356;-49,109;2025-03-29 15:50:00.0;0,00
CAMPINA GRANDE DO SUL;410400602A;PR;Jardim Graciosa;-25,356;-49,109;2025-03-29 16:50:00.0;0,00
CAMPINA GRANDE DO SUL;410400602A;PR;Jardim Graciosa;-25,356;-49,109;2025-03-29 17:50:00.0;0,00
CAMPINA GRANDE DO SUL;410400602A;PR;Jardim Graciosa;-25,356;-49,109;2025-03-29 18:50:00.0;0,00
CAMPINA GRANDE DO SUL;410400602A;PR;Jardim Graciosa;-25,356;-49,109;2025-03-29 19:50:00.0;0,00
CAMPINA GRANDE DO SUL;410400602A;PR;Jardim Graciosa;-25,356;-49,109;2025-03-29 20:50:00.0;0,00
CAMPINA GRANDE DO SUL;410400602A;PR;Jardim Graciosa;-25,356;-49,109;2025-03-29 21:50:00.0;0,00
CAMPINA GRANDE DO SUL;410400602A;PR;Jardim Graciosa;-25,356;-49,109;2025-03-29 22:50:00.0;0,00
CAMPINA GRANDE DO SUL;410400602A;PR;Jardim Graciosa;-25,356;-49,109;2025-03-29 23:50:00.0;0,00
CAMPINA GRANDE DO SUL;410400602A;PR;Jardim Graciosa;-25,356;-49,109;2025-03-30 00:50:00.0;0,00
CAMPINA GRANDE DO SUL;410400602A;PR;Jardim Graciosa;-25,356;-49,109;2025-03-30 01:50:00.0;0,00
CAMPINA GRANDE DO SUL;410400602A;PR;Jardim Graciosa;-25,356;-49,109;2025-03-30 02:50:00.0;0,00
CAMPINA GRANDE DO SUL;410400602A;PR;Jardim Graciosa;-25,356;-49,109;2025-03-30 03:50:00.0;0,00
CAMPINA GRANDE DO SUL;410400602A;PR;Jardim Graciosa;-25,356;-49,109;2025-03-30 04:50:00.0;0,00
CAMPINA GRANDE DO SUL;410400602A;PR;Jardim Graciosa;-25,356;-49,109;2025-03-30 05:50:00.0;0,00
CAMPINA GRANDE DO SUL;410400602A;PR;Jardim Graciosa;-25,356;-49,109;2025-03-30 06:50:00.0;0,00
CAMPINA GRANDE DO SUL;410400602A;PR;Jardim Graciosa;-25,356;-49,109;2025-03-30 07:50:00.0;0,00
CAMPINA GRANDE DO SUL;410400602A;PR;Jardim Graciosa;-25,356;-49,109;2025-03-30 08:50:00.0;0,00
CAMPINA GRANDE DO SUL;410400602A;PR;Jardim Graciosa;-25,356;-49,109;2025-03-30 09:50:00.0;0,00
CAMPINA GRANDE DO SUL;410400602A;PR;Jardim Graciosa;-25,356;-49,109;2025-03-30 10:50:00.0;0,00
CAMPINA GRANDE DO SUL;410400602A;PR;Jardim Graciosa;-25,356;-49,109;2025-03-30 11:50:00.0;0,00
CAMPINA GRANDE DO SUL;410400602A;PR;Jardim Graciosa;-25,356;-49,109;2025-03-30 12:50:00.0;0,00
CAMPINA GRANDE DO SUL;410400602A;PR;Jardim Graciosa;-25,356;-49,109;2025-03-30 13:50:00.0;0,00
CAMPINA GRANDE DO SUL;410400602A;PR;Jardim Graciosa;-25,356;-49,109;2025-03-30 14:50:00.0;0,00
CAMPINA GRANDE DO SUL;410400602A;PR;Jardim Graciosa;-25,356;-49,109;2025-03-30 15:50:00.0;0,00
CAMPINA GRANDE DO SUL;410400602A;PR;Jardim Graciosa;-25,356;-49,109;2025-03-30 16:50:00.0;0,00
CAMPINA GRANDE DO SUL;410400602A;PR;Jardim Graciosa;-25,356;-49,109;2025-03-30 17:50:00.0;0,00
CAMPINA GRANDE DO SUL;410400602A;PR;Jardim Graciosa;-25,356;-49,109;2025-03-30 18:50:00.0;0,00
CAMPINA GRANDE DO SUL;410400602A;PR;Jardim Graciosa;-25,356;-49,109;2025-03-30 19:50:00.0;0,00
CAMPINA GRANDE DO SUL;410400602A;PR;Jardim Graciosa;-25,356;-49,109;2025-03-30 20:50:00.0;0,00
CAMPINA GRANDE DO SUL;410400602A;PR;Jardim Graciosa;-25,356;-49,109;2025-03-30 21:50:00.0;0,00
CAMPINA GRANDE DO SUL;410400602A;PR;Jardim Graciosa;-25,356;-49,109;2025-03-30 22:50:00.0;0,00
CAMPINA GRANDE DO SUL;410400602A;PR;Jardim Graciosa;-25,356;-49,109;2025-03-30 23:50:00.0;0,00
CAMPINA GRANDE DO SUL;410400602A;PR;Jardim Graciosa;-25,356;-49,109;2025-03-31 00:50:00.0;0,00
CAMPINA GRANDE DO SUL;410400602A;PR;Jardim Graciosa;-25,356;-49,109;2025-03-31 01:50:00.0;0,00
CAMPINA GRANDE DO SUL;410400602A;PR;Jardim Graciosa;-25,356;-49,109;2025-03-31 02:50:00.0;0,00
CAMPINA GRANDE DO SUL;410400602A;PR;Jardim Graciosa;-25,356;-49,109;2025-03-31 03:50:00.0;0,00
CAMPINA GRANDE DO SUL;410400602A;PR;Jardim Graciosa;-25,356;-49,109;2025-03-31 04:50:00.0;0,00
CAMPINA GRANDE DO SUL;410400602A;PR;Jardim Graciosa;-25,356;-49,109;2025-03-31 05:50:00.0;0,00
CAMPINA GRANDE DO SUL;410400602A;PR;Jardim Graciosa;-25,356;-49,109;2025-03-31 06:50:00.0;0,00
CAMPINA GRANDE DO SUL;410400602A;PR;Jardim Graciosa;-25,356;-49,109;2025-03-31 07:50:00.0;0,00
CAMPINA GRANDE DO SUL;410400602A;PR;Jardim Graciosa;-25,356;-49,109;2025-03-31 08:50:00.0;0,00
CAMPINA GRANDE DO SUL;410400602A;PR;Jardim Graciosa;-25,356;-49,109;2025-03-31 09:50:00.0;0,00
CAMPINA GRANDE DO SUL;410400602A;PR;Jardim Graciosa;-25,356;-49,109;2025-03-31 10:50:00.0;0,00
CAMPINA GRANDE DO SUL;410400602A;PR;Jardim Graciosa;-25,356;-49,109;2025-03-31 11:50:00.0;0,00
CAMPINA GRANDE DO SUL;410400602A;PR;Jardim Graciosa;-25,356;-49,109;2025-03-31 12:50:00.0;0,00
CAMPINA GRANDE DO SUL;410400602A;PR;Jardim Graciosa;-25,356;-49,109;2025-03-31 13:50:00.0;0,00
CAMPINA GRANDE DO SUL;410400602A;PR;Jardim Graciosa;-25,356;-49,109;2025-03-31 14:50:00.0;0,00
CAMPINA GRANDE DO SUL;410400602A;PR;Jardim Graciosa;-25,356;-49,109;2025-03-31 15:50:00.0;0,00
CAMPINA GRANDE DO SUL;410400602A;PR;Jardim Graciosa;-25,356;-49,109;2025-03-31 16:50:00.0;0,00
CAMPINA GRANDE DO SUL;410400602A;PR;Jardim Graciosa;-25,356;-49,109;2025-03-31 17:50:00.0;0,00
CAMPINA GRANDE DO SUL;410400602A;PR;Jardim Graciosa;-25,356;-49,109;2025-03-31 18:50:00.0;0,00
CAMPINA GRANDE DO SUL;410400602A;PR;Jardim Graciosa;-25,356;-49,109;2025-03-31 19:50:00.0;0,00
CAMPINA GRANDE DO SUL;410400602A;PR;Jardim Graciosa;-25,356;-49,109;2025-03-31 20:50:00.0;0,00
CAMPINA GRANDE DO SUL;410400602A;PR;Jardim Graciosa;-25,356;-49,109;2025-03-31 21:50:00.0;0,00
CAMPINA GRANDE DO SUL;410400602A;PR;Jardim Graciosa;-25,356;-49,109;2025-03-31 22:50:00.0;0,00
CAMPINA GRANDE DO SUL;410400602A;PR;Jardim Graciosa;-25,356;-49,109;2025-03-31 23:50:00.0;0,00
CAMPINA GRANDE DO SUL;410400603A;PR;Jardim da Colina;-25,311;-49,053;2025-03-01 00:20:00.0;0,00
CAMPINA GRANDE DO SUL;410400603A;PR;Jardim da Colina;-25,311;-49,053;2025-03-01 01:20:00.0;0,00
CAMPINA GRANDE DO SUL;410400603A;PR;Jardim da Colina;-25,311;-49,053;2025-03-01 02:20:00.0;0,00
CAMPINA GRANDE DO SUL;410400603A;PR;Jardim da Colina;-25,311;-49,053;2025-03-01 03:20:00.0;0,00
CAMPINA GRANDE DO SUL;410400603A;PR;Jardim da Colina;-25,311;-49,053;2025-03-01 04:20:00.0;0,00
CAMPINA GRANDE DO SUL;410400603A;PR;Jardim da Colina;-25,311;-49,053;2025-03-01 05:20:00.0;0,00
CAMPINA GRANDE DO SUL;410400603A;PR;Jardim da Colina;-25,311;-49,053;2025-03-01 06:20:00.0;0,00
CAMPINA GRANDE DO SUL;410400603A;PR;Jardim da Colina;-25,311;-49,053;2025-03-01 07:20:00.0;0,00
CAMPINA GRANDE DO SUL;410400603A;PR;Jardim da Colina;-25,311;-49,053;2025-03-01 08:20:00.0;0,00
CAMPINA GRANDE DO SUL;410400603A;PR;Jardim da Colina;-25,311;-49,053;2025-03-01 09:20:00.0;0,00
CAMPINA GRANDE DO SUL;410400603A;PR;Jardim da Colina;-25,311;-49,053;2025-03-01 10:20:00.0;0,00
CAMPINA GRANDE DO SUL;410400603A;PR;Jardim da Colina;-25,311;-49,053;2025-03-01 11:20:00.0;0,00
CAMPINA GRANDE DO SUL;410400603A;PR;Jardim da Colina;-25,311;-49,053;2025-03-01 12:20:00.0;0,00
CAMPINA GRANDE DO SUL;410400603A;PR;Jardim da Colina;-25,311;-49,053;2025-03-01 13:20:00.0;0,00
CAMPINA GRANDE DO SUL;410400603A;PR;Jardim da Colina;-25,311;-49,053;2025-03-01 14:20:00.0;0,00
CAMPINA GRANDE DO SUL;410400603A;PR;Jardim da Colina;-25,311;-49,053;2025-03-01 15:20:00.0;0,00
CAMPINA GRANDE DO SUL;410400603A;PR;Jardim da Colina;-25,311;-49,053;2025-03-01 16:20:00.0;0,00
CAMPINA GRANDE DO SUL;410400603A;PR;Jardim da Colina;-25,311;-49,053;2025-03-01 17:20:00.0;0,00
CAMPINA GRANDE DO SUL;410400603A;PR;Jardim da Colina;-25,311;-49,053;2025-03-01 18:20:00.0;0,00
CAMPINA GRANDE DO SUL;410400603A;PR;Jardim da Colina;-25,311;-49,053;2025-03-01 19:20:00.0;0,00
CAMPINA GRANDE DO SUL;410400603A;PR;Jardim da Colina;-25,311;-49,053;2025-03-01 20:20:00.0;0,00
CAMPINA GRANDE DO SUL;410400603A;PR;Jardim da Colina;-25,311;-49,053;2025-03-01 21:20:00.0;0,00
CAMPINA GRANDE DO SUL;410400603A;PR;Jardim da Colina;-25,311;-49,053;2025-03-01 22:20:00.0;0,00
CAMPINA GRANDE DO SUL;410400603A;PR;Jardim da Colina;-25,311;-49,053;2025-03-01 23:20:00.0;0,00
CAMPINA GRANDE DO SUL;410400603A;PR;Jardim da Colina;-25,311;-49,053;2025-03-02 00:20:00.0;0,00
CAMPINA GRANDE DO SUL;410400603A;PR;Jardim da Colina;-25,311;-49,053;2025-03-02 01:20:00.0;0,00
CAMPINA GRANDE DO SUL;410400603A;PR;Jardim da Colina;-25,311;-49,053;2025-03-02 02:20:00.0;0,00
CAMPINA GRANDE DO SUL;410400603A;PR;Jardim da Colina;-25,311;-49,053;2025-03-02 03:20:00.0;0,00
CAMPINA GRANDE DO SUL;410400603A;PR;Jardim da Colina;-25,311;-49,053;2025-03-02 04:20:00.0;0,00
CAMPINA GRANDE DO SUL;410400603A;PR;Jardim da Colina;-25,311;-49,053;2025-03-02 05:20:00.0;0,00
CAMPINA GRANDE DO SUL;410400603A;PR;Jardim da Colina;-25,311;-49,053;2025-03-02 06:20:00.0;0,00
CAMPINA GRANDE DO SUL;410400603A;PR;Jardim da Colina;-25,311;-49,053;2025-03-02 07:20:00.0;0,00
CAMPINA GRANDE DO SUL;410400603A;PR;Jardim da Colina;-25,311;-49,053;2025-03-02 08:20:00.0;0,00
CAMPINA GRANDE DO SUL;410400603A;PR;Jardim da Colina;-25,311;-49,053;2025-03-02 09:20:00.0;0,00
CAMPINA GRANDE DO SUL;410400603A;PR;Jardim da Colina;-25,311;-49,053;2025-03-02 10:20:00.0;0,00
CAMPINA GRANDE DO SUL;410400603A;PR;Jardim da Colina;-25,311;-49,053;2025-03-02 11:20:00.0;0,00
CAMPINA GRANDE DO SUL;410400603A;PR;Jardim da Colina;-25,311;-49,053;2025-03-02 12:20:00.0;0,00
CAMPINA GRANDE DO SUL;410400603A;PR;Jardim da Colina;-25,311;-49,053;2025-03-02 13:20:00.0;0,00
CAMPINA GRANDE DO SUL;410400603A;PR;Jardim da Colina;-25,311;-49,053;2025-03-02 14:20:00.0;0,00
CAMPINA GRANDE DO SUL;410400603A;PR;Jardim da Colina;-25,311;-49,053;2025-03-02 15:20:00.0;0,00
CAMPINA GRANDE DO SUL;410400603A;PR;Jardim da Colina;-25,311;-49,053;2025-03-02 16:20:00.0;0,00
CAMPINA GRANDE DO SUL;410400603A;PR;Jardim da Colina;-25,311;-49,053;2025-03-02 17:20:00.0;0,00
CAMPINA GRANDE DO SUL;410400603A;PR;Jardim da Colina;-25,311;-49,053;2025-03-02 18:20:00.0;0,00
CAMPINA GRANDE DO SUL;410400603A;PR;Jardim da Colina;-25,311;-49,053;2025-03-02 19:20:00.0;0,00
CAMPINA GRANDE DO SUL;410400603A;PR;Jardim da Colina;-25,311;-49,053;2025-03-02 20:20:00.0;0,00
CAMPINA GRANDE DO SUL;410400603A;PR;Jardim da Colina;-25,311;-49,053;2025-03-02 21:20:00.0;0,00
CAMPINA GRANDE DO SUL;410400603A;PR;Jardim da Colina;-25,311;-49,053;2025-03-02 22:20:00.0;0,00
CAMPINA GRANDE DO SUL;410400603A;PR;Jardim da Colina;-25,311;-49,053;2025-03-02 23:20:00.0;0,00
CAMPINA GRANDE DO SUL;410400603A;PR;Jardim da Colina;-25,311;-49,053;2025-03-03 00:20:00.0;0,00
CAMPINA GRANDE DO SUL;410400603A;PR;Jardim da Colina;-25,311;-49,053;2025-03-03 01:20:00.0;0,00
CAMPINA GRANDE DO SUL;410400603A;PR;Jardim da Colina;-25,311;-49,053;2025-03-03 02:20:00.0;0,00
CAMPINA GRANDE DO SUL;410400603A;PR;Jardim da Colina;-25,311;-49,053;2025-03-03 03:20:00.0;0,00
CAMPINA GRANDE DO SUL;410400603A;PR;Jardim da Colina;-25,311;-49,053;2025-03-03 04:20:00.0;0,00
CAMPINA GRANDE DO SUL;410400603A;PR;Jardim da Colina;-25,311;-49,053;2025-03-03 05:20:00.0;0,00
CAMPINA GRANDE DO SUL;410400603A;PR;Jardim da Colina;-25,311;-49,053;2025-03-03 06:20:00.0;0,00
CAMPINA GRANDE DO SUL;410400603A;PR;Jardim da Colina;-25,311;-49,053;2025-03-03 07:20:00.0;0,00
CAMPINA GRANDE DO SUL;410400603A;PR;Jardim da Colina;-25,311;-49,053;2025-03-03 08:20:00.0;0,00
CAMPINA GRANDE DO SUL;410400603A;PR;Jardim da Colina;-25,311;-49,053;2025-03-03 09:20:00.0;0,00
CAMPINA GRANDE DO SUL;410400603A;PR;Jardim da Colina;-25,311;-49,053;2025-03-03 10:20:00.0;0,00
CAMPINA GRANDE DO SUL;410400603A;PR;Jardim da Colina;-25,311;-49,053;2025-03-03 11:20:00.0;0,00
CAMPINA GRANDE DO SUL;410400603A;PR;Jardim da Colina;-25,311;-49,053;2025-03-03 12:20:00.0;0,00
CAMPINA GRANDE DO SUL;410400603A;PR;Jardim da Colina;-25,311;-49,053;2025-03-03 13:20:00.0;0,00
CAMPINA GRANDE DO SUL;410400603A;PR;Jardim da Colina;-25,311;-49,053;2025-03-03 14:20:00.0;0,00
CAMPINA GRANDE DO SUL;410400603A;PR;Jardim da Colina;-25,311;-49,053;2025-03-03 15:20:00.0;0,00
CAMPINA GRANDE DO SUL;410400603A;PR;Jardim da Colina;-25,311;-49,053;2025-03-03 16:20:00.0;0,00
CAMPINA GRANDE DO SUL;410400603A;PR;Jardim da Colina;-25,311;-49,053;2025-03-03 17:20:00.0;0,00
CAMPINA GRANDE DO SUL;410400603A;PR;Jardim da Colina;-25,311;-49,053;2025-03-03 18:20:00.0;0,00
CAMPINA GRANDE DO SUL;410400603A;PR;Jardim da Colina;-25,311;-49,053;2025-03-03 19:20:00.0;0,00
CAMPINA GRANDE DO SUL;410400603A;PR;Jardim da Colina;-25,311;-49,053;2025-03-03 20:20:00.0;0,00
CAMPINA GRANDE DO SUL;410400603A;PR;Jardim da Colina;-25,311;-49,053;2025-03-03 21:20:00.0;0,00
CAMPINA GRANDE DO SUL;410400603A;PR;Jardim da Colina;-25,311;-49,053;2025-03-03 22:20:00.0;0,00
CAMPINA GRANDE DO SUL;410400603A;PR;Jardim da Colina;-25,311;-49,053;2025-03-03 23:20:00.0;0,00
CAMPINA GRANDE DO SUL;410400603A;PR;Jardim da Colina;-25,311;-49,053;2025-03-04 00:20:00.0;0,00
CAMPINA GRANDE DO SUL;410400603A;PR;Jardim da Colina;-25,311;-49,053;2025-03-04 01:20:00.0;0,00
CAMPINA GRANDE DO SUL;410400603A;PR;Jardim da Colina;-25,311;-49,053;2025-03-04 02:20:00.0;0,00
CAMPINA GRANDE DO SUL;410400603A;PR;Jardim da Colina;-25,311;-49,053;2025-03-04 03:20:00.0;0,00
CAMPINA GRANDE DO SUL;410400603A;PR;Jardim da Colina;-25,311;-49,053;2025-03-04 04:20:00.0;0,00
CAMPINA GRANDE DO SUL;410400603A;PR;Jardim da Colina;-25,311;-49,053;2025-03-04 05:20:00.0;0,00
CAMPINA GRANDE DO SUL;410400603A;PR;Jardim da Colina;-25,311;-49,053;2025-03-04 06:20:00.0;0,00
CAMPINA GRANDE DO SUL;410400603A;PR;Jardim da Colina;-25,311;-49,053;2025-03-04 07:20:00.0;0,00
CAMPINA GRANDE DO SUL;410400603A;PR;Jardim da Colina;-25,311;-49,053;2025-03-04 08:20:00.0;0,00
CAMPINA GRANDE DO SUL;410400603A;PR;Jardim da Colina;-25,311;-49,053;2025-03-04 09:20:00.0;0,00
CAMPINA GRANDE DO SUL;410400603A;PR;Jardim da Colina;-25,311;-49,053;2025-03-04 10:20:00.0;0,00
CAMPINA GRANDE DO SUL;410400603A;PR;Jardim da Colina;-25,311;-49,053;2025-03-04 11:20:00.0;0,00
CAMPINA GRANDE DO SUL;410400603A;PR;Jardim da Colina;-25,311;-49,053;2025-03-04 12:20:00.0;0,00
CAMPINA GRANDE DO SUL;410400603A;PR;Jardim da Colina;-25,311;-49,053;2025-03-04 13:20:00.0;0,00
CAMPINA GRANDE DO SUL;410400603A;PR;Jardim da Colina;-25,311;-49,053;2025-03-04 14:20:00.0;0,00
CAMPINA GRANDE DO SUL;410400603A;PR;Jardim da Colina;-25,311;-49,053;2025-03-04 15:20:00.0;0,00
CAMPINA GRANDE DO SUL;410400603A;PR;Jardim da Colina;-25,311;-49,053;2025-03-04 16:20:00.0;0,00
CAMPINA GRANDE DO SUL;410400603A;PR;Jardim da Colina;-25,311;-49,053;2025-03-04 17:20:00.0;0,00
CAMPINA GRANDE DO SUL;410400603A;PR;Jardim da Colina;-25,311;-49,053;2025-03-04 18:20:00.0;0,00
CAMPINA GRANDE DO SUL;410400603A;PR;Jardim da Colina;-25,311;-49,053;2025-03-04 19:20:00.0;0,00
CAMPINA GRANDE DO SUL;410400603A;PR;Jardim da Colina;-25,311;-49,053;2025-03-04 20:20:00.0;0,00
CAMPINA GRANDE DO SUL;410400603A;PR;Jardim da Colina;-25,311;-49,053;2025-03-04 21:20:00.0;0,00
CAMPINA GRANDE DO SUL;410400603A;PR;Jardim da Colina;-25,311;-49,053;2025-03-04 22:20:00.0;0,00
CAMPINA GRANDE DO SUL;410400603A;PR;Jardim da Colina;-25,311;-49,053;2025-03-04 23:20:00.0;0,00
CAMPINA GRANDE DO SUL;410400603A;PR;Jardim da Colina;-25,311;-49,053;2025-03-05 00:20:00.0;0,00
CAMPINA GRANDE DO SUL;410400603A;PR;Jardim da Colina;-25,311;-49,053;2025-03-05 01:20:00.0;0,00
CAMPINA GRANDE DO SUL;410400603A;PR;Jardim da Colina;-25,311;-49,053;2025-03-05 02:20:00.0;0,00
CAMPINA GRANDE DO SUL;410400603A;PR;Jardim da Colina;-25,311;-49,053;2025-03-05 03:20:00.0;0,00
CAMPINA GRANDE DO SUL;410400603A;PR;Jardim da Colina;-25,311;-49,053;2025-03-05 04:20:00.0;0,00
CAMPINA GRANDE DO SUL;410400603A;PR;Jardim da Colina;-25,311;-49,053;2025-03-05 05:20:00.0;0,00
CAMPINA GRANDE DO SUL;410400603A;PR;Jardim da Colina;-25,311;-49,053;2025-03-05 06:20:00.0;0,00
CAMPINA GRANDE DO SUL;410400603A;PR;Jardim da Colina;-25,311;-49,053;2025-03-05 07:20:00.0;0,00
CAMPINA GRANDE DO SUL;410400603A;PR;Jardim da Colina;-25,311;-49,053;2025-03-05 08:20:00.0;0,00
CAMPINA GRANDE DO SUL;410400603A;PR;Jardim da Colina;-25,311;-49,053;2025-03-05 09:20:00.0;0,00
CAMPINA GRANDE DO SUL;410400603A;PR;Jardim da Colina;-25,311;-49,053;2025-03-05 10:20:00.0;0,00
CAMPINA GRANDE DO SUL;410400603A;PR;Jardim da Colina;-25,311;-49,053;2025-03-05 11:20:00.0;0,00
CAMPINA GRANDE DO SUL;410400603A;PR;Jardim da Colina;-25,311;-49,053;2025-03-05 12:20:00.0;0,00
CAMPINA GRANDE DO SUL;410400603A;PR;Jardim da Colina;-25,311;-49,053;2025-03-05 13:20:00.0;0,00
CAMPINA GRANDE DO SUL;410400603A;PR;Jardim da Colina;-25,311;-49,053;2025-03-05 14:20:00.0;0,00
CAMPINA GRANDE DO SUL;410400603A;PR;Jardim da Colina;-25,311;-49,053;2025-03-05 15:20:00.0;0,00
CAMPINA GRANDE DO SUL;410400603A;PR;Jardim da Colina;-25,311;-49,053;2025-03-05 16:20:00.0;0,00
CAMPINA GRANDE DO SUL;410400603A;PR;Jardim da Colina;-25,311;-49,053;2025-03-05 17:20:00.0;0,00
CAMPINA GRANDE DO SUL;410400603A;PR;Jardim da Colina;-25,311;-49,053;2025-03-05 18:20:00.0;0,00
CAMPINA GRANDE DO SUL;410400603A;PR;Jardim da Colina;-25,311;-49,053;2025-03-05 19:20:00.0;0,00
CAMPINA GRANDE DO SUL;410400603A;PR;Jardim da Colina;-25,311;-49,053;2025-03-05 20:20:00.0;0,00
CAMPINA GRANDE DO SUL;410400603A;PR;Jardim da Colina;-25,311;-49,053;2025-03-05 21:20:00.0;0,00
CAMPINA GRANDE DO SUL;410400603A;PR;Jardim da Colina;-25,311;-49,053;2025-03-05 22:20:00.0;0,00
CAMPINA GRANDE DO SUL;410400603A;PR;Jardim da Colina;-25,311;-49,053;2025-03-05 23:20:00.0;0,00
CAMPINA GRANDE DO SUL;410400603A;PR;Jardim da Colina;-25,311;-49,053;2025-03-06 00:20:00.0;0,00
CAMPINA GRANDE DO SUL;410400603A;PR;Jardim da Colina;-25,311;-49,053;2025-03-06 01:20:00.0;0,00
CAMPINA GRANDE DO SUL;410400603A;PR;Jardim da Colina;-25,311;-49,053;2025-03-06 02:20:00.0;0,00
CAMPINA GRANDE DO SUL;410400603A;PR;Jardim da Colina;-25,311;-49,053;2025-03-06 03:20:00.0;0,00
CAMPINA GRANDE DO SUL;410400603A;PR;Jardim da Colina;-25,311;-49,053;2025-03-06 04:20:00.0;0,00
CAMPINA GRANDE DO SUL;410400603A;PR;Jardim da Colina;-25,311;-49,053;2025-03-06 05:20:00.0;0,00
CAMPINA GRANDE DO SUL;410400603A;PR;Jardim da Colina;-25,311;-49,053;2025-03-06 06:20:00.0;0,00
CAMPINA GRANDE DO SUL;410400603A;PR;Jardim da Colina;-25,311;-49,053;2025-03-06 07:20:00.0;0,00
CAMPINA GRANDE DO SUL;410400603A;PR;Jardim da Colina;-25,311;-49,053;2025-03-06 08:20:00.0;0,00
CAMPINA GRANDE DO SUL;410400603A;PR;Jardim da Colina;-25,311;-49,053;2025-03-06 09:20:00.0;0,00
CAMPINA GRANDE DO SUL;410400603A;PR;Jardim da Colina;-25,311;-49,053;2025-03-06 10:20:00.0;0,00
CAMPINA GRANDE DO SUL;410400603A;PR;Jardim da Colina;-25,311;-49,053;2025-03-06 11:20:00.0;0,00
CAMPINA GRANDE DO SUL;410400603A;PR;Jardim da Colina;-25,311;-49,053;2025-03-06 12:20:00.0;0,00
CAMPINA GRANDE DO SUL;410400603A;PR;Jardim da Colina;-25,311;-49,053;2025-03-06 13:20:00.0;0,00
CAMPINA GRANDE DO SUL;410400603A;PR;Jardim da Colina;-25,311;-49,053;2025-03-06 14:20:00.0;0,00
CAMPINA GRANDE DO SUL;410400603A;PR;Jardim da Colina;-25,311;-49,053;2025-03-06 15:20:00.0;0,00
CAMPINA GRANDE DO SUL;410400603A;PR;Jardim da Colina;-25,311;-49,053;2025-03-06 16:20:00.0;0,00
CAMPINA GRANDE DO SUL;410400603A;PR;Jardim da Colina;-25,311;-49,053;2025-03-06 17:20:00.0;0,00
CAMPINA GRANDE DO SUL;410400603A;PR;Jardim da Colina;-25,311;-49,053;2025-03-06 18:20:00.0;0,00
CAMPINA GRANDE DO SUL;410400603A;PR;Jardim da Colina;-25,311;-49,053;2025-03-06 19:20:00.0;0,00
CAMPINA GRANDE DO SUL;410400603A;PR;Jardim da Colina;-25,311;-49,053;2025-03-06 20:20:00.0;0,00
CAMPINA GRANDE DO SUL;410400603A;PR;Jardim da Colina;-25,311;-49,053;2025-03-06 21:20:00.0;0,00
CAMPINA GRANDE DO SUL;410400603A;PR;Jardim da Colina;-25,311;-49,053;2025-03-06 22:20:00.0;0,00
CAMPINA GRANDE DO SUL;410400603A;PR;Jardim da Colina;-25,311;-49,053;2025-03-06 23:20:00.0;0,00
CAMPINA GRANDE DO SUL;410400603A;PR;Jardim da Colina;-25,311;-49,053;2025-03-07 00:20:00.0;0,00
CAMPINA GRANDE DO SUL;410400603A;PR;Jardim da Colina;-25,311;-49,053;2025-03-07 01:20:00.0;0,00
CAMPINA GRANDE DO SUL;410400603A;PR;Jardim da Colina;-25,311;-49,053;2025-03-07 02:20:00.0;0,00
CAMPINA GRANDE DO SUL;410400603A;PR;Jardim da Colina;-25,311;-49,053;2025-03-07 03:20:00.0;0,00
CAMPINA GRANDE DO SUL;410400603A;PR;Jardim da Colina;-25,311;-49,053;2025-03-07 04:20:00.0;0,00
CAMPINA GRANDE DO SUL;410400603A;PR;Jardim da Colina;-25,311;-49,053;2025-03-07 05:20:00.0;0,00
CAMPINA GRANDE DO SUL;410400603A;PR;Jardim da Colina;-25,311;-49,053;2025-03-07 06:20:00.0;0,00
CAMPINA GRANDE DO SUL;410400603A;PR;Jardim da Colina;-25,311;-49,053;2025-03-07 07:20:00.0;0,00
CAMPINA GRANDE DO SUL;410400603A;PR;Jardim da Colina;-25,311;-49,053;2025-03-07 08:20:00.0;0,00
CAMPINA GRANDE DO SUL;410400603A;PR;Jardim da Colina;-25,311;-49,053;2025-03-07 09:20:00.0;0,00
CAMPINA GRANDE DO SUL;410400603A;PR;Jardim da Colina;-25,311;-49,053;2025-03-07 10:20:00.0;0,00
CAMPINA GRANDE DO SUL;410400603A;PR;Jardim da Colina;-25,311;-49,053;2025-03-07 11:20:00.0;0,00
CAMPINA GRANDE DO SUL;410400603A;PR;Jardim da Colina;-25,311;-49,053;2025-03-07 12:20:00.0;0,00
CAMPINA GRANDE DO SUL;410400603A;PR;Jardim da Colina;-25,311;-49,053;2025-03-07 13:20:00.0;0,00
CAMPINA GRANDE DO SUL;410400603A;PR;Jardim da Colina;-25,311;-49,053;2025-03-07 14:20:00.0;0,20
CAMPINA GRANDE DO SUL;410400603A;PR;Jardim da Colina;-25,311;-49,053;2025-03-07 14:30:00.0;0,00
CAMPINA GRANDE DO SUL;410400603A;PR;Jardim da Colina;-25,311;-49,053;2025-03-07 14:50:00.0;0,39
CAMPINA GRANDE DO SUL;410400603A;PR;Jardim da Colina;-25,311;-49,053;2025-03-07 15:00:00.0;0,39
CAMPINA GRANDE DO SUL;410400603A;PR;Jardim da Colina;-25,311;-49,053;2025-03-07 15:10:00.0;0,20
CAMPINA GRANDE DO SUL;410400603A;PR;Jardim da Colina;-25,311;-49,053;2025-03-07 15:20:00.0;0,00
CAMPINA GRANDE DO SUL;410400603A;PR;Jardim da Colina;-25,311;-49,053;2025-03-07 16:20:00.0;0,00
CAMPINA GRANDE DO SUL;410400603A;PR;Jardim da Colina;-25,311;-49,053;2025-03-07 17:20:00.0;0,00
CAMPINA GRANDE DO SUL;410400603A;PR;Jardim da Colina;-25,311;-49,053;2025-03-07 17:50:00.0;0,20
CAMPINA GRANDE DO SUL;410400603A;PR;Jardim da Colina;-25,311;-49,053;2025-03-07 18:20:00.0;0,00
CAMPINA GRANDE DO SUL;410400603A;PR;Jardim da Colina;-25,311;-49,053;2025-03-07 19:20:00.0;0,00
CAMPINA GRANDE DO SUL;410400603A;PR;Jardim da Colina;-25,311;-49,053;2025-03-07 20:20:00.0;0,00
CAMPINA GRANDE DO SUL;410400603A;PR;Jardim da Colina;-25,311;-49,053;2025-03-07 21:20:00.0;0,00
CAMPINA GRANDE DO SUL;410400603A;PR;Jardim da Colina;-25,311;-49,053;2025-03-07 22:20:00.0;0,00
CAMPINA GRANDE DO SUL;410400603A;PR;Jardim da Colina;-25,311;-49,053;2025-03-07 23:20:00.0;0,00
CAMPINA GRANDE DO SUL;410400603A;PR;Jardim da Colina;-25,311;-49,053;2025-03-08 00:20:00.0;0,00
CAMPINA GRANDE DO SUL;410400603A;PR;Jardim da Colina;-25,311;-49,053;2025-03-08 01:20:00.0;0,00
CAMPINA GRANDE DO SUL;410400603A;PR;Jardim da Colina;-25,311;-49,053;2025-03-08 02:20:00.0;0,00
CAMPINA GRANDE DO SUL;410400603A;PR;Jardim da Colina;-25,311;-49,053;2025-03-08 03:20:00.0;0,00
CAMPINA GRANDE DO SUL;410400603A;PR;Jardim da Colina;-25,311;-49,053;2025-03-08 04:20:00.0;0,00
CAMPINA GRANDE DO SUL;410400603A;PR;Jardim da Colina;-25,311;-49,053;2025-03-08 05:20:00.0;0,00
CAMPINA GRANDE DO SUL;410400603A;PR;Jardim da Colina;-25,311;-49,053;2025-03-08 06:20:00.0;0,00
CAMPINA GRANDE DO SUL;410400603A;PR;Jardim da Colina;-25,311;-49,053;2025-03-08 07:20:00.0;0,00
CAMPINA GRANDE DO SUL;410400603A;PR;Jardim da Colina;-25,311;-49,053;2025-03-08 08:20:00.0;0,00
CAMPINA GRANDE DO SUL;410400603A;PR;Jardim da Colina;-25,311;-49,053;2025-03-08 09:20:00.0;0,00
CAMPINA GRANDE DO SUL;410400603A;PR;Jardim da Colina;-25,311;-49,053;2025-03-08 10:20:00.0;0,00
CAMPINA GRANDE DO SUL;410400603A;PR;Jardim da Colina;-25,311;-49,053;2025-03-08 11:20:00.0;0,00
CAMPINA GRANDE DO SUL;410400603A;PR;Jardim da Colina;-25,311;-49,053;2025-03-08 12:20:00.0;0,00
CAMPINA GRANDE DO SUL;410400603A;PR;Jardim da Colina;-25,311;-49,053;2025-03-08 13:20:00.0;0,00
CAMPINA GRANDE DO SUL;410400603A;PR;Jardim da Colina;-25,311;-49,053;2025-03-08 14:20:00.0;0,00
CAMPINA GRANDE DO SUL;410400603A;PR;Jardim da Colina;-25,311;-49,053;2025-03-08 15:20:00.0;0,00
CAMPINA GRANDE DO SUL;410400603A;PR;Jardim da Colina;-25,311;-49,053;2025-03-08 16:20:00.0;0,00
CAMPINA GRANDE DO SUL;410400603A;PR;Jardim da Colina;-25,311;-49,053;2025-03-08 17:20:00.0;0,00
CAMPINA GRANDE DO SUL;410400603A;PR;Jardim da Colina;-25,311;-49,053;2025-03-08 18:20:00.0;0,00
CAMPINA GRANDE DO SUL;410400603A;PR;Jardim da Colina;-25,311;-49,053;2025-03-08 19:20:00.0;0,00
CAMPINA GRANDE DO SUL;410400603A;PR;Jardim da Colina;-25,311;-49,053;2025-03-08 20:20:00.0;0,00
CAMPINA GRANDE DO SUL;410400603A;PR;Jardim da Colina;-25,311;-49,053;2025-03-08 21:20:00.0;0,00
CAMPINA GRANDE DO SUL;410400603A;PR;Jardim da Colina;-25,311;-49,053;2025-03-08 22:20:00.0;0,00
CAMPINA GRANDE DO SUL;410400603A;PR;Jardim da Colina;-25,311;-49,053;2025-03-08 23:20:00.0;0,00
CAMPINA GRANDE DO SUL;410400603A;PR;Jardim da Colina;-25,311;-49,053;2025-03-09 00:20:00.0;0,00
CAMPINA GRANDE DO SUL;410400603A;PR;Jardim da Colina;-25,311;-49,053;2025-03-09 01:20:00.0;0,00
CAMPINA GRANDE DO SUL;410400603A;PR;Jardim da Colina;-25,311;-49,053;2025-03-09 02:20:00.0;0,00
CAMPINA GRANDE DO SUL;410400603A;PR;Jardim da Colina;-25,311;-49,053;2025-03-09 03:20:00.0;0,00
CAMPINA GRANDE DO SUL;410400603A;PR;Jardim da Colina;-25,311;-49,053;2025-03-09 04:20:00.0;0,00
CAMPINA GRANDE DO SUL;410400603A;PR;Jardim da Colina;-25,311;-49,053;2025-03-09 05:20:00.0;0,00
CAMPINA GRANDE DO SUL;410400603A;PR;Jardim da Colina;-25,311;-49,053;2025-03-09 06:20:00.0;0,00
CAMPINA GRANDE DO SUL;410400603A;PR;Jardim da Colina;-25,311;-49,053;2025-03-09 07:20:00.0;0,00
CAMPINA GRANDE DO SUL;410400603A;PR;Jardim da Colina;-25,311;-49,053;2025-03-09 08:20:00.0;0,00
CAMPINA GRANDE DO SUL;410400603A;PR;Jardim da Colina;-25,311;-49,053;2025-03-09 09:20:00.0;0,00
CAMPINA GRANDE DO SUL;410400603A;PR;Jardim da Colina;-25,311;-49,053;2025-03-09 10:20:00.0;0,00
CAMPINA GRANDE DO SUL;410400603A;PR;Jardim da Colina;-25,311;-49,053;2025-03-09 11:20:00.0;0,00
CAMPINA GRANDE DO SUL;410400603A;PR;Jardim da Colina;-25,311;-49,053;2025-03-09 12:20:00.0;0,00
CAMPINA GRANDE DO SUL;410400603A;PR;Jardim da Colina;-25,311;-49,053;2025-03-09 13:20:00.0;0,00
CAMPINA GRANDE DO SUL;410400603A;PR;Jardim da Colina;-25,311;-49,053;2025-03-09 14:20:00.0;0,00
CAMPINA GRANDE DO SUL;410400603A;PR;Jardim da Colina;-25,311;-49,053;2025-03-09 15:20:00.0;0,00
CAMPINA GRANDE DO SUL;410400603A;PR;Jardim da Colina;-25,311;-49,053;2025-03-09 16:20:00.0;0,00
CAMPINA GRANDE DO SUL;410400603A;PR;Jardim da Colina;-25,311;-49,053;2025-03-09 17:20:00.0;0,00
CAMPINA GRANDE DO SUL;410400603A;PR;Jardim da Colina;-25,311;-49,053;2025-03-09 18:20:00.0;0,00
CAMPINA GRANDE DO SUL;410400603A;PR;Jardim da Colina;-25,311;-49,053;2025-03-09 19:20:00.0;0,00
CAMPINA GRANDE DO SUL;410400603A;PR;Jardim da Colina;-25,311;-49,053;2025-03-09 20:20:00.0;0,00
CAMPINA GRANDE DO SUL;410400603A;PR;Jardim da Colina;-25,311;-49,053;2025-03-09 20:50:00.0;0,39
CAMPINA GRANDE DO SUL;410400603A;PR;Jardim da Colina;-25,311;-49,053;2025-03-09 21:00:00.0;0,39
CAMPINA GRANDE DO SUL;410400603A;PR;Jardim da Colina;-25,311;-49,053;2025-03-09 21:10:00.0;0,59
CAMPINA GRANDE DO SUL;410400603A;PR;Jardim da Colina;-25,311;-49,053;2025-03-09 21:20:00.0;0,00
CAMPINA GRANDE DO SUL;410400603A;PR;Jardim da Colina;-25,311;-49,053;2025-03-09 22:20:00.0;0,00
CAMPINA GRANDE DO SUL;410400603A;PR;Jardim da Colina;-25,311;-49,053;2025-03-09 23:20:00.0;0,00
CAMPINA GRANDE DO SUL;410400603A;PR;Jardim da Colina;-25,311;-49,053;2025-03-09 23:50:00.0;0,20
CAMPINA GRANDE DO SUL;410400603A;PR;Jardim da Colina;-25,311;-49,053;2025-03-10 00:00:00.0;0,20
CAMPINA GRANDE DO SUL;410400603A;PR;Jardim da Colina;-25,311;-49,053;2025-03-10 00:10:00.0;0,59
CAMPINA GRANDE DO SUL;410400603A;PR;Jardim da Colina;-25,311;-49,053;2025-03-10 00:20:00.0;0,20
CAMPINA GRANDE DO SUL;410400603A;PR;Jardim da Colina;-25,311;-49,053;2025-03-10 01:20:00.0;0,00
CAMPINA GRANDE DO SUL;410400603A;PR;Jardim da Colina;-25,311;-49,053;2025-03-10 02:20:00.0;0,00
CAMPINA GRANDE DO SUL;410400603A;PR;Jardim da Colina;-25,311;-49,053;2025-03-10 03:20:00.0;0,00
CAMPINA GRANDE DO SUL;410400603A;PR;Jardim da Colina;-25,311;-49,053;2025-03-10 03:30:00.0;0,20
CAMPINA GRANDE DO SUL;410400603A;PR;Jardim da Colina;-25,311;-49,053;2025-03-10 04:20:00.0;0,00
CAMPINA GRANDE DO SUL;410400603A;PR;Jardim da Colina;-25,311;-49,053;2025-03-10 05:20:00.0;0,00
CAMPINA GRANDE DO SUL;410400603A;PR;Jardim da Colina;-25,311;-49,053;2025-03-10 06:20:00.0;0,00
CAMPINA GRANDE DO SUL;410400603A;PR;Jardim da Colina;-25,311;-49,053;2025-03-10 07:20:00.0;0,00
CAMPINA GRANDE DO SUL;410400603A;PR;Jardim da Colina;-25,311;-49,053;2025-03-10 08:20:00.0;0,00
CAMPINA GRANDE DO SUL;410400603A;PR;Jardim da Colina;-25,311;-49,053;2025-03-10 09:20:00.0;0,00
CAMPINA GRANDE DO SUL;410400603A;PR;Jardim da Colina;-25,311;-49,053;2025-03-10 10:20:00.0;0,00
CAMPINA GRANDE DO SUL;410400603A;PR;Jardim da Colina;-25,311;-49,053;2025-03-10 11:20:00.0;0,00
CAMPINA GRANDE DO SUL;410400603A;PR;Jardim da Colina;-25,311;-49,053;2025-03-10 12:20:00.0;0,00
CAMPINA GRANDE DO SUL;410400603A;PR;Jardim da Colina;-25,311;-49,053;2025-03-10 13:20:00.0;0,00
CAMPINA GRANDE DO SUL;410400603A;PR;Jardim da Colina;-25,311;-49,053;2025-03-10 14:20:00.0;0,00
CAMPINA GRANDE DO SUL;410400603A;PR;Jardim da Colina;-25,311;-49,053;2025-03-10 15:20:00.0;0,00
CAMPINA GRANDE DO SUL;410400603A;PR;Jardim da Colina;-25,311;-49,053;2025-03-10 16:20:00.0;0,00
CAMPINA GRANDE DO SUL;410400603A;PR;Jardim da Colina;-25,311;-49,053;2025-03-10 17:20:00.0;0,00
CAMPINA GRANDE DO SUL;410400603A;PR;Jardim da Colina;-25,311;-49,053;2025-03-10 18:20:00.0;0,00
CAMPINA GRANDE DO SUL;410400603A;PR;Jardim da Colina;-25,311;-49,053;2025-03-10 19:20:00.0;0,00
CAMPINA GRANDE DO SUL;410400603A;PR;Jardim da Colina;-25,311;-49,053;2025-03-10 20:20:00.0;0,00
CAMPINA GRANDE DO SUL;410400603A;PR;Jardim da Colina;-25,311;-49,053;2025-03-10 21:20:00.0;0,00
CAMPINA GRANDE DO SUL;410400603A;PR;Jardim da Colina;-25,311;-49,053;2025-03-10 22:20:00.0;0,00
CAMPINA GRANDE DO SUL;410400603A;PR;Jardim da Colina;-25,311;-49,053;2025-03-10 23:20:00.0;0,00
CAMPINA GRANDE DO SUL;410400603A;PR;Jardim da Colina;-25,311;-49,053;2025-03-11 00:20:00.0;0,00
CAMPINA GRANDE DO SUL;410400603A;PR;Jardim da Colina;-25,311;-49,053;2025-03-11 01:20:00.0;0,00
CAMPINA GRANDE DO SUL;410400603A;PR;Jardim da Colina;-25,311;-49,053;2025-03-11 02:20:00.0;0,00
CAMPINA GRANDE DO SUL;410400603A;PR;Jardim da Colina;-25,311;-49,053;2025-03-11 03:20:00.0;0,00
CAMPINA GRANDE DO SUL;410400603A;PR;Jardim da Colina;-25,311;-49,053;2025-03-11 04:20:00.0;0,00
CAMPINA GRANDE DO SUL;410400603A;PR;Jardim da Colina;-25,311;-49,053;2025-03-11 05:20:00.0;0,00
CAMPINA GRANDE DO SUL;410400603A;PR;Jardim da Colina;-25,311;-49,053;2025-03-11 06:20:00.0;0,00
CAMPINA GRANDE DO SUL;410400603A;PR;Jardim da Colina;-25,311;-49,053;2025-03-11 07:20:00.0;0,00
CAMPINA GRANDE DO SUL;410400603A;PR;Jardim da Colina;-25,311;-49,053;2025-03-11 08:20:00.0;0,00
CAMPINA GRANDE DO SUL;410400603A;PR;Jardim da Colina;-25,311;-49,053;2025-03-11 08:30:00.0;0,20
CAMPINA GRANDE DO SUL;410400603A;PR;Jardim da Colina;-25,311;-49,053;2025-03-11 09:20:00.0;0,00
CAMPINA GRANDE DO SUL;410400603A;PR;Jardim da Colina;-25,311;-49,053;2025-03-11 10:20:00.0;0,00
CAMPINA GRANDE DO SUL;410400603A;PR;Jardim da Colina;-25,311;-49,053;2025-03-11 11:20:00.0;0,00
CAMPINA GRANDE DO SUL;410400603A;PR;Jardim da Colina;-25,311;-49,053;2025-03-11 12:20:00.0;0,00
CAMPINA GRANDE DO SUL;410400603A;PR;Jardim da Colina;-25,311;-49,053;2025-03-11 13:20:00.0;0,00
CAMPINA GRANDE DO SUL;410400603A;PR;Jardim da Colina;-25,311;-49,053;2025-03-11 14:20:00.0;0,00
CAMPINA GRANDE DO SUL;410400603A;PR;Jardim da Colina;-25,311;-49,053;2025-03-11 15:20:00.0;0,00
CAMPINA GRANDE DO SUL;410400603A;PR;Jardim da Colina;-25,311;-49,053;2025-03-11 16:20:00.0;0,00
CAMPINA GRANDE DO SUL;410400603A;PR;Jardim da Colina;-25,311;-49,053;2025-03-11 17:20:00.0;0,00
CAMPINA GRANDE DO SUL;410400603A;PR;Jardim da Colina;-25,311;-49,053;2025-03-11 17:40:00.0;1,38
CAMPINA GRANDE DO SUL;410400603A;PR;Jardim da Colina;-25,311;-49,053;2025-03-11 17:50:00.0;2,36
CAMPINA GRANDE DO SUL;410400603A;PR;Jardim da Colina;-25,311;-49,053;2025-03-11 18:00:00.0;0,79
CAMPINA GRANDE DO SUL;410400603A;PR;Jardim da Colina;-25,311;-49,053;2025-03-11 18:20:00.0;0,59
CAMPINA GRANDE DO SUL;410400603A;PR;Jardim da Colina;-25,311;-49,053;2025-03-11 18:30:00.0;0,39
CAMPINA GRANDE DO SUL;410400603A;PR;Jardim da Colina;-25,311;-49,053;2025-03-11 18:40:00.0;0,59
CAMPINA GRANDE DO SUL;410400603A;PR;Jardim da Colina;-25,311;-49,053;2025-03-11 18:50:00.0;0,39
CAMPINA GRANDE DO SUL;410400603A;PR;Jardim da Colina;-25,311;-49,053;2025-03-11 19:00:00.0;0,79
CAMPINA GRANDE DO SUL;410400603A;PR;Jardim da Colina;-25,311;-49,053;2025-03-11 19:10:00.0;0,39
CAMPINA GRANDE DO SUL;410400603A;PR;Jardim da Colina;-25,311;-49,053;2025-03-11 19:20:00.0;0,59
CAMPINA GRANDE DO SUL;410400603A;PR;Jardim da Colina;-25,311;-49,053;2025-03-11 19:30:00.0;0,59
CAMPINA GRANDE DO SUL;410400603A;PR;Jardim da Colina;-25,311;-49,053;2025-03-11 19:40:00.0;0,39
CAMPINA GRANDE DO SUL;410400603A;PR;Jardim da Colina;-25,311;-49,053;2025-03-11 20:00:00.0;0,20
CAMPINA GRANDE DO SUL;410400603A;PR;Jardim da Colina;-25,311;-49,053;2025-03-11 20:20:00.0;0,00
CAMPINA GRANDE DO SUL;410400603A;PR;Jardim da Colina;-25,311;-49,053;2025-03-11 21:00:00.0;0,20
CAMPINA GRANDE DO SUL;410400603A;PR;Jardim da Colina;-25,311;-49,053;2025-03-11 21:10:00.0;0,39
CAMPINA GRANDE DO SUL;410400603A;PR;Jardim da Colina;-25,311;-49,053;2025-03-11 21:20:00.0;0,20
CAMPINA GRANDE DO SUL;410400603A;PR;Jardim da Colina;-25,311;-49,053;2025-03-11 21:30:00.0;0,20
CAMPINA GRANDE DO SUL;410400603A;PR;Jardim da Colina;-25,311;-49,053;2025-03-11 21:40:00.0;0,20
CAMPINA GRANDE DO SUL;410400603A;PR;Jardim da Colina;-25,311;-49,053;2025-03-11 21:50:00.0;0,20
CAMPINA GRANDE DO SUL;410400603A;PR;Jardim da Colina;-25,311;-49,053;2025-03-11 22:00:00.0;0,20
CAMPINA GRANDE DO SUL;410400603A;PR;Jardim da Colina;-25,311;-49,053;2025-03-11 22:10:00.0;0,20
CAMPINA GRANDE DO SUL;410400603A;PR;Jardim da Colina;-25,311;-49,053;2025-03-11 22:20:00.0;0,79
CAMPINA GRANDE DO SUL;410400603A;PR;Jardim da Colina;-25,311;-49,053;2025-03-11 22:30:00.0;1,18
CAMPINA GRANDE DO SUL;410400603A;PR;Jardim da Colina;-25,311;-49,053;2025-03-11 22:40:00.0;1,37
CAMPINA GRANDE DO SUL;410400603A;PR;Jardim da Colina;-25,311;-49,053;2025-03-11 22:50:00.0;1,18
CAMPINA GRANDE DO SUL;410400603A;PR;Jardim da Colina;-25,311;-49,053;2025-03-11 23:00:00.0;0,98
CAMPINA GRANDE DO SUL;410400603A;PR;Jardim da Colina;-25,311;-49,053;2025-03-11 23:10:00.0;0,98
CAMPINA GRANDE DO SUL;410400603A;PR;Jardim da Colina;-25,311;-49,053;2025-03-11 23:20:00.0;0,79
CAMPINA GRANDE DO SUL;410400603A;PR;Jardim da Colina;-25,311;-49,053;2025-03-11 23:30:00.0;0,98
CAMPINA GRANDE DO SUL;410400603A;PR;Jardim da Colina;-25,311;-49,053;2025-03-11 23:40:00.0;0,20
CAMPINA GRANDE DO SUL;410400603A;PR;Jardim da Colina;-25,311;-49,053;2025-03-12 00:20:00.0;0,00
CAMPINA GRANDE DO SUL;410400603A;PR;Jardim da Colina;-25,311;-49,053;2025-03-12 00:40:00.0;0,20
CAMPINA GRANDE DO SUL;410400603A;PR;Jardim da Colina;-25,311;-49,053;2025-03-12 01:20:00.0;0,00
CAMPINA GRANDE DO SUL;410400603A;PR;Jardim da Colina;-25,311;-49,053;2025-03-12 02:10:00.0;0,20
CAMPINA GRANDE DO SUL;410400603A;PR;Jardim da Colina;-25,311;-49,053;2025-03-12 02:20:00.0;0,00
CAMPINA GRANDE DO SUL;410400603A;PR;Jardim da Colina;-25,311;-49,053;2025-03-12 03:20:00.0;0,00
CAMPINA GRANDE DO SUL;410400603A;PR;Jardim da Colina;-25,311;-49,053;2025-03-12 04:20:00.0;0,00
CAMPINA GRANDE DO SUL;410400603A;PR;Jardim da Colina;-25,311;-49,053;2025-03-12 05:20:00.0;0,00
CAMPINA GRANDE DO SUL;410400603A;PR;Jardim da Colina;-25,311;-49,053;2025-03-12 06:20:00.0;0,00
CAMPINA GRANDE DO SUL;410400603A;PR;Jardim da Colina;-25,311;-49,053;2025-03-12 07:20:00.0;0,00
CAMPINA GRANDE DO SUL;410400603A;PR;Jardim da Colina;-25,311;-49,053;2025-03-12 08:20:00.0;0,20
CAMPINA GRANDE DO SUL;410400603A;PR;Jardim da Colina;-25,311;-49,053;2025-03-12 09:20:00.0;0,00
CAMPINA GRANDE DO SUL;410400603A;PR;Jardim da Colina;-25,311;-49,053;2025-03-12 10:20:00.0;0,00
CAMPINA GRANDE DO SUL;410400603A;PR;Jardim da Colina;-25,311;-49,053;2025-03-12 11:20:00.0;0,00
CAMPINA GRANDE DO SUL;410400603A;PR;Jardim da Colina;-25,311;-49,053;2025-03-12 12:20:00.0;0,00
CAMPINA GRANDE DO SUL;410400603A;PR;Jardim da Colina;-25,311;-49,053;2025-03-12 13:20:00.0;0,00
CAMPINA GRANDE DO SUL;410400603A;PR;Jardim da Colina;-25,311;-49,053;2025-03-12 14:20:00.0;0,00
CAMPINA GRANDE DO SUL;410400603A;PR;Jardim da Colina;-25,311;-49,053;2025-03-12 15:10:00.0;0,20
CAMPINA GRANDE DO SUL;410400603A;PR;Jardim da Colina;-25,311;-49,053;2025-03-12 15:20:00.0;0,00
CAMPINA GRANDE DO SUL;410400603A;PR;Jardim da Colina;-25,311;-49,053;2025-03-12 16:20:00.0;0,00
CAMPINA GRANDE DO SUL;410400603A;PR;Jardim da Colina;-25,311;-49,053;2025-03-12 17:10:00.0;0,79
CAMPINA GRANDE DO SUL;410400603A;PR;Jardim da Colina;-25,311;-49,053;2025-03-12 17:20:00.0;3,15
CAMPINA GRANDE DO SUL;410400603A;PR;Jardim da Colina;-25,311;-49,053;2025-03-12 17:30:00.0;2,36
CAMPINA GRANDE DO SUL;410400603A;PR;Jardim da Colina;-25,311;-49,053;2025-03-12 17:40:00.0;0,20
CAMPINA GRANDE DO SUL;410400603A;PR;Jardim da Colina;-25,311;-49,053;2025-03-12 18:20:00.0;0,00
CAMPINA GRANDE DO SUL;410400603A;PR;Jardim da Colina;-25,311;-49,053;2025-03-12 18:50:00.0;0,59
CAMPINA GRANDE DO SUL;410400603A;PR;Jardim da Colina;-25,311;-49,053;2025-03-12 19:00:00.0;0,59
CAMPINA GRANDE DO SUL;410400603A;PR;Jardim da Colina;-25,311;-49,053;2025-03-12 19:20:00.0;0,00
CAMPINA GRANDE DO SUL;410400603A;PR;Jardim da Colina;-25,311;-49,053;2025-03-12 20:20:00.0;0,00
CAMPINA GRANDE DO SUL;410400603A;PR;Jardim da Colina;-25,311;-49,053;2025-03-12 21:20:00.0;0,00
CAMPINA GRANDE DO SUL;410400603A;PR;Jardim da Colina;-25,311;-49,053;2025-03-12 22:10:00.0;0,39
CAMPINA GRANDE DO SUL;410400603A;PR;Jardim da Colina;-25,311;-49,053;2025-03-12 22:20:00.0;0,00
CAMPINA GRANDE DO SUL;410400603A;PR;Jardim da Colina;-25,311;-49,053;2025-03-12 22:30:00.0;0,20
CAMPINA GRANDE DO SUL;410400603A;PR;Jardim da Colina;-25,311;-49,053;2025-03-12 22:40:00.0;0,39
CAMPINA GRANDE DO SUL;410400603A;PR;Jardim da Colina;-25,311;-49,053;2025-03-12 23:10:00.0;0,39
CAMPINA GRANDE DO SUL;410400603A;PR;Jardim da Colina;-25,311;-49,053;2025-03-12 23:20:00.0;0,00
CAMPINA GRANDE DO SUL;410400603A;PR;Jardim da Colina;-25,311;-49,053;2025-03-12 23:30:00.0;0,20
CAMPINA GRANDE DO SUL;410400603A;PR;Jardim da Colina;-25,311;-49,053;2025-03-12 23:40:00.0;0,20
CAMPINA GRANDE DO SUL;410400603A;PR;Jardim da Colina;-25,311;-49,053;2025-03-12 23:50:00.0;0,42
CAMPINA GRANDE DO SUL;410400603A;PR;Jardim da Colina;-25,311;-49,053;2025-03-13 00:00:00.0;0,39
CAMPINA GRANDE DO SUL;410400603A;PR;Jardim da Colina;-25,311;-49,053;2025-03-13 00:10:00.0;0,59
CAMPINA GRANDE DO SUL;410400603A;PR;Jardim da Colina;-25,311;-49,053;2025-03-13 00:50:00.0;0,20
CAMPINA GRANDE DO SUL;410400603A;PR;Jardim da Colina;-25,311;-49,053;2025-03-13 01:20:00.0;0,00
CAMPINA GRANDE DO SUL;410400603A;PR;Jardim da Colina;-25,311;-49,053;2025-03-13 02:20:00.0;0,20
CAMPINA GRANDE DO SUL;410400603A;PR;Jardim da Colina;-25,311;-49,053;2025-03-13 03:20:00.0;0,00
CAMPINA GRANDE DO SUL;410400603A;PR;Jardim da Colina;-25,311;-49,053;2025-03-13 04:20:00.0;0,00
CAMPINA GRANDE DO SUL;410400603A;PR;Jardim da Colina;-25,311;-49,053;2025-03-13 05:20:00.0;0,00
CAMPINA GRANDE DO SUL;410400603A;PR;Jardim da Colina;-25,311;-49,053;2025-03-13 06:20:00.0;0,00
CAMPINA GRANDE DO SUL;410400603A;PR;Jardim da Colina;-25,311;-49,053;2025-03-13 07:10:00.0;0,20
CAMPINA GRANDE DO SUL;410400603A;PR;Jardim da Colina;-25,311;-49,053;2025-03-13 07:20:00.0;0,20
CAMPINA GRANDE DO SUL;410400603A;PR;Jardim da Colina;-25,311;-49,053;2025-03-13 07:30:00.0;0,59
CAMPINA GRANDE DO SUL;410400603A;PR;Jardim da Colina;-25,311;-49,053;2025-03-13 07:40:00.0;0,20
CAMPINA GRANDE DO SUL;410400603A;PR;Jardim da Colina;-25,311;-49,053;2025-03-13 07:50:00.0;0,79
CAMPINA GRANDE DO SUL;410400603A;PR;Jardim da Colina;-25,311;-49,053;2025-03-13 08:00:00.0;0,59
CAMPINA GRANDE DO SUL;410400603A;PR;Jardim da Colina;-25,311;-49,053;2025-03-13 08:10:00.0;0,59
CAMPINA GRANDE DO SUL;410400603A;PR;Jardim da Colina;-25,311;-49,053;2025-03-13 08:20:00.0;0,79
CAMPINA GRANDE DO SUL;410400603A;PR;Jardim da Colina;-25,311;-49,053;2025-03-13 08:30:00.0;0,59
CAMPINA GRANDE DO SUL;410400603A;PR;Jardim da Colina;-25,311;-49,053;2025-03-13 08:40:00.0;0,39
CAMPINA GRANDE DO SUL;410400603A;PR;Jardim da Colina;-25,311;-49,053;2025-03-13 08:50:00.0;0,39
CAMPINA GRANDE DO SUL;410400603A;PR;Jardim da Colina;-25,311;-49,053;2025-03-13 09:00:00.0;0,20
CAMPINA GRANDE DO SUL;410400603A;PR;Jardim da Colina;-25,311;-49,053;2025-03-13 09:20:00.0;0,20
CAMPINA GRANDE DO SUL;410400603A;PR;Jardim da Colina;-25,311;-49,053;2025-03-13 09:50:00.0;0,20
CAMPINA GRANDE DO SUL;410400603A;PR;Jardim da Colina;-25,311;-49,053;2025-03-13 10:20:00.0;0,00
CAMPINA GRANDE DO SUL;410400603A;PR;Jardim da Colina;-25,311;-49,053;2025-03-13 11:20:00.0;0,00
CAMPINA GRANDE DO SUL;410400603A;PR;Jardim da Colina;-25,311;-49,053;2025-03-13 12:20:00.0;0,00
CAMPINA GRANDE DO SUL;410400603A;PR;Jardim da Colina;-25,311;-49,053;2025-03-13 13:20:00.0;0,00
CAMPINA GRANDE DO SUL;410400603A;PR;Jardim da Colina;-25,311;-49,053;2025-03-13 14:20:00.0;0,00
CAMPINA GRANDE DO SUL;410400603A;PR;Jardim da Colina;-25,311;-49,053;2025-03-13 15:20:00.0;0,00
CAMPINA GRANDE DO SUL;410400603A;PR;Jardim da Colina;-25,311;-49,053;2025-03-13 16:20:00.0;0,00
CAMPINA GRANDE DO SUL;410400603A;PR;Jardim da Colina;-25,311;-49,053;2025-03-13 17:10:00.0;0,20
CAMPINA GRANDE DO SUL;410400603A;PR;Jardim da Colina;-25,311;-49,053;2025-03-13 17:20:00.0;0,00
CAMPINA GRANDE DO SUL;410400603A;PR;Jardim da Colina;-25,311;-49,053;2025-03-13 18:20:00.0;0,00
CAMPINA GRANDE DO SUL;410400603A;PR;Jardim da Colina;-25,311;-49,053;2025-03-13 19:20:00.0;0,00
CAMPINA GRANDE DO SUL;410400603A;PR;Jardim da Colina;-25,311;-49,053;2025-03-13 19:30:00.0;3,34
CAMPINA GRANDE DO SUL;410400603A;PR;Jardim da Colina;-25,311;-49,053;2025-03-13 19:40:00.0;0,98
CAMPINA GRANDE DO SUL;410400603A;PR;Jardim da Colina;-25,311;-49,053;2025-03-13 19:50:00.0;0,59
CAMPINA GRANDE DO SUL;410400603A;PR;Jardim da Colina;-25,311;-49,053;2025-03-13 20:00:00.0;0,20
CAMPINA GRANDE DO SUL;410400603A;PR;Jardim da Colina;-25,311;-49,053;2025-03-13 20:10:00.0;0,39
CAMPINA GRANDE DO SUL;410400603A;PR;Jardim da Colina;-25,311;-49,053;2025-03-13 20:20:00.0;0,39
CAMPINA GRANDE DO SUL;410400603A;PR;Jardim da Colina;-25,311;-49,053;2025-03-13 20:40:00.0;0,20
CAMPINA GRANDE DO SUL;410400603A;PR;Jardim da Colina;-25,311;-49,053;2025-03-13 21:20:00.0;0,00
CAMPINA GRANDE DO SUL;410400603A;PR;Jardim da Colina;-25,311;-49,053;2025-03-13 22:20:00.0;0,00
CAMPINA GRANDE DO SUL;410400603A;PR;Jardim da Colina;-25,311;-49,053;2025-03-13 23:20:00.0;0,00
CAMPINA GRANDE DO SUL;410400603A;PR;Jardim da Colina;-25,311;-49,053;2025-03-14 00:10:00.0;0,39
CAMPINA GRANDE DO SUL;410400603A;PR;Jardim da Colina;-25,311;-49,053;2025-03-14 00:20:00.0;0,20
CAMPINA GRANDE DO SUL;410400603A;PR;Jardim da Colina;-25,311;-49,053;2025-03-14 00:30:00.0;0,39
CAMPINA GRANDE DO SUL;410400603A;PR;Jardim da Colina;-25,311;-49,053;2025-03-14 01:10:00.0;0,20
CAMPINA GRANDE DO SUL;410400603A;PR;Jardim da Colina;-25,311;-49,053;2025-03-14 01:20:00.0;0,00
CAMPINA GRANDE DO SUL;410400603A;PR;Jardim da Colina;-25,311;-49,053;2025-03-14 02:10:00.0;0,20
CAMPINA GRANDE DO SUL;410400603A;PR;Jardim da Colina;-25,311;-49,053;2025-03-14 02:20:00.0;0,00
CAMPINA GRANDE DO SUL;410400603A;PR;Jardim da Colina;-25,311;-49,053;2025-03-14 03:20:00.0;0,00
CAMPINA GRANDE DO SUL;410400603A;PR;Jardim da Colina;-25,311;-49,053;2025-03-14 04:20:00.0;0,00
CAMPINA GRANDE DO SUL;410400603A;PR;Jardim da Colina;-25,311;-49,053;2025-03-14 05:20:00.0;0,00
CAMPINA GRANDE DO SUL;410400603A;PR;Jardim da Colina;-25,311;-49,053;2025-03-14 06:20:00.0;0,00
CAMPINA GRANDE DO SUL;410400603A;PR;Jardim da Colina;-25,311;-49,053;2025-03-14 07:20:00.0;0,00
CAMPINA GRANDE DO SUL;410400603A;PR;Jardim da Colina;-25,311;-49,053;2025-03-14 08:20:00.0;0,00
CAMPINA GRANDE DO SUL;410400603A;PR;Jardim da Colina;-25,311;-49,053;2025-03-14 09:20:00.0;0,00
CAMPINA GRANDE DO SUL;410400603A;PR;Jardim da Colina;-25,311;-49,053;2025-03-14 10:20:00.0;0,00
CAMPINA GRANDE DO SUL;410400603A;PR;Jardim da Colina;-25,311;-49,053;2025-03-14 11:20:00.0;0,00
CAMPINA GRANDE DO SUL;410400603A;PR;Jardim da Colina;-25,311;-49,053;2025-03-14 12:20:00.0;0,00
CAMPINA GRANDE DO SUL;410400603A;PR;Jardim da Colina;-25,311;-49,053;2025-03-14 14:20:00.0;0,00
CAMPINA GRANDE DO SUL;410400603A;PR;Jardim da Colina;-25,311;-49,053;2025-03-14 15:20:00.0;0,00
CAMPINA GRANDE DO SUL;410400603A;PR;Jardim da Colina;-25,311;-49,053;2025-03-14 15:50:00.0;0,20
CAMPINA GRANDE DO SUL;410400603A;PR;Jardim da Colina;-25,311;-49,053;2025-03-14 16:20:00.0;0,00
CAMPINA GRANDE DO SUL;410400603A;PR;Jardim da Colina;-25,311;-49,053;2025-03-14 17:20:00.0;0,00
CAMPINA GRANDE DO SUL;410400603A;PR;Jardim da Colina;-25,311;-49,053;2025-03-14 18:20:00.0;0,00
CAMPINA GRANDE DO SUL;410400603A;PR;Jardim da Colina;-25,311;-49,053;2025-03-14 19:20:00.0;0,00
CAMPINA GRANDE DO SUL;410400603A;PR;Jardim da Colina;-25,311;-49,053;2025-03-14 20:20:00.0;0,00
CAMPINA GRANDE DO SUL;410400603A;PR;Jardim da Colina;-25,311;-49,053;2025-03-14 21:20:00.0;0,00
CAMPINA GRANDE DO SUL;410400603A;PR;Jardim da Colina;-25,311;-49,053;2025-03-14 22:20:00.0;0,00
CAMPINA GRANDE DO SUL;410400603A;PR;Jardim da Colina;-25,311;-49,053;2025-03-14 23:20:00.0;0,00
CAMPINA GRANDE DO SUL;410400603A;PR;Jardim da Colina;-25,311;-49,053;2025-03-15 00:20:00.0;0,00
CAMPINA GRANDE DO SUL;410400603A;PR;Jardim da Colina;-25,311;-49,053;2025-03-15 01:20:00.0;0,00
CAMPINA GRANDE DO SUL;410400603A;PR;Jardim da Colina;-25,311;-49,053;2025-03-15 02:20:00.0;0,00
CAMPINA GRANDE DO SUL;410400603A;PR;Jardim da Colina;-25,311;-49,053;2025-03-15 03:20:00.0;0,00
CAMPINA GRANDE DO SUL;410400603A;PR;Jardim da Colina;-25,311;-49,053;2025-03-15 04:20:00.0;0,00
CAMPINA GRANDE DO SUL;410400603A;PR;Jardim da Colina;-25,311;-49,053;2025-03-15 05:20:00.0;0,00
CAMPINA GRANDE DO SUL;410400603A;PR;Jardim da Colina;-25,311;-49,053;2025-03-15 06:20:00.0;0,00
CAMPINA GRANDE DO SUL;410400603A;PR;Jardim da Colina;-25,311;-49,053;2025-03-15 07:20:00.0;0,00
CAMPINA GRANDE DO SUL;410400603A;PR;Jardim da Colina;-25,311;-49,053;2025-03-15 09:20:00.0;0,00
CAMPINA GRANDE DO SUL;410400603A;PR;Jardim da Colina;-25,311;-49,053;2025-03-15 10:20:00.0;0,00
CAMPINA GRANDE DO SUL;410400603A;PR;Jardim da Colina;-25,311;-49,053;2025-03-15 11:20:00.0;0,00
CAMPINA GRANDE DO SUL;410400603A;PR;Jardim da Colina;-25,311;-49,053;2025-03-15 12:20:00.0;0,00
CAMPINA GRANDE DO SUL;410400603A;PR;Jardim da Colina;-25,311;-49,053;2025-03-15 13:20:00.0;0,00
CAMPINA GRANDE DO SUL;410400603A;PR;Jardim da Colina;-25,311;-49,053;2025-03-15 14:20:00.0;0,00
CAMPINA GRANDE DO SUL;410400603A;PR;Jardim da Colina;-25,311;-49,053;2025-03-15 15:20:00.0;0,00
CAMPINA GRANDE DO SUL;410400603A;PR;Jardim da Colina;-25,311;-49,053;2025-03-15 16:20:00.0;0,00
CAMPINA GRANDE DO SUL;410400603A;PR;Jardim da Colina;-25,311;-49,053;2025-03-15 17:20:00.0;0,00
CAMPINA GRANDE DO SUL;410400603A;PR;Jardim da Colina;-25,311;-49,053;2025-03-15 18:20:00.0;0,00
CAMPINA GRANDE DO SUL;410400603A;PR;Jardim da Colina;-25,311;-49,053;2025-03-15 19:20:00.0;0,00
CAMPINA GRANDE DO SUL;410400603A;PR;Jardim da Colina;-25,311;-49,053;2025-03-15 20:10:00.0;0,39
CAMPINA GRANDE DO SUL;410400603A;PR;Jardim da Colina;-25,311;-49,053;2025-03-15 20:20:00.0;0,39
CAMPINA GRANDE DO SUL;410400603A;PR;Jardim da Colina;-25,311;-49,053;2025-03-15 20:30:00.0;0,42
CAMPINA GRANDE DO SUL;410400603A;PR;Jardim da Colina;-25,311;-49,053;2025-03-15 20:40:00.0;0,39
CAMPINA GRANDE DO SUL;410400603A;PR;Jardim da Colina;-25,311;-49,053;2025-03-15 21:00:00.0;0,20
CAMPINA GRANDE DO SUL;410400603A;PR;Jardim da Colina;-25,311;-49,053;2025-03-15 21:20:00.0;0,00
CAMPINA GRANDE DO SUL;410400603A;PR;Jardim da Colina;-25,311;-49,053;2025-03-15 22:20:00.0;0,00
CAMPINA GRANDE DO SUL;410400603A;PR;Jardim da Colina;-25,311;-49,053;2025-03-15 23:20:00.0;0,00
CAMPINA GRANDE DO SUL;410400603A;PR;Jardim da Colina;-25,311;-49,053;2025-03-16 00:20:00.0;0,00
CAMPINA GRANDE DO SUL;410400603A;PR;Jardim da Colina;-25,311;-49,053;2025-03-16 01:20:00.0;0,00
CAMPINA GRANDE DO SUL;410400603A;PR;Jardim da Colina;-25,311;-49,053;2025-03-16 01:30:00.0;0,20
CAMPINA GRANDE DO SUL;410400603A;PR;Jardim da Colina;-25,311;-49,053;2025-03-16 01:40:00.0;0,20
CAMPINA GRANDE DO SUL;410400603A;PR;Jardim da Colina;-25,311;-49,053;2025-03-16 02:00:00.0;0,20
CAMPINA GRANDE DO SUL;410400603A;PR;Jardim da Colina;-25,311;-49,053;2025-03-16 02:20:00.0;0,00
CAMPINA GRANDE DO SUL;410400603A;PR;Jardim da Colina;-25,311;-49,053;2025-03-16 03:20:00.0;0,00
CAMPINA GRANDE DO SUL;410400603A;PR;Jardim da Colina;-25,311;-49,053;2025-03-16 03:30:00.0;0,20
CAMPINA GRANDE DO SUL;410400603A;PR;Jardim da Colina;-25,311;-49,053;2025-03-16 04:20:00.0;0,00
CAMPINA GRANDE DO SUL;410400603A;PR;Jardim da Colina;-25,311;-49,053;2025-03-16 05:20:00.0;0,00
CAMPINA GRANDE DO SUL;410400603A;PR;Jardim da Colina;-25,311;-49,053;2025-03-16 06:20:00.0;0,20
CAMPINA GRANDE DO SUL;410400603A;PR;Jardim da Colina;-25,311;-49,053;2025-03-16 06:50:00.0;0,20
CAMPINA GRANDE DO SUL;410400603A;PR;Jardim da Colina;-25,311;-49,053;2025-03-16 07:20:00.0;0,00
CAMPINA GRANDE DO SUL;410400603A;PR;Jardim da Colina;-25,311;-49,053;2025-03-16 07:50:00.0;0,20
CAMPINA GRANDE DO SUL;410400603A;PR;Jardim da Colina;-25,311;-49,053;2025-03-16 08:20:00.0;0,00
CAMPINA GRANDE DO SUL;410400603A;PR;Jardim da Colina;-25,311;-49,053;2025-03-16 09:20:00.0;0,00
CAMPINA GRANDE DO SUL;410400603A;PR;Jardim da Colina;-25,311;-49,053;2025-03-16 10:20:00.0;0,00
CAMPINA GRANDE DO SUL;410400603A;PR;Jardim da Colina;-25,311;-49,053;2025-03-16 11:20:00.0;0,00
CAMPINA GRANDE DO SUL;410400603A;PR;Jardim da Colina;-25,311;-49,053;2025-03-16 12:20:00.0;0,00
CAMPINA GRANDE DO SUL;410400603A;PR;Jardim da Colina;-25,311;-49,053;2025-03-16 13:20:00.0;0,00
CAMPINA GRANDE DO SUL;410400603A;PR;Jardim da Colina;-25,311;-49,053;2025-03-16 14:20:00.0;0,00
CAMPINA GRANDE DO SUL;410400603A;PR;Jardim da Colina;-25,311;-49,053;2025-03-16 15:20:00.0;0,00
CAMPINA GRANDE DO SUL;410400603A;PR;Jardim da Colina;-25,311;-49,053;2025-03-16 16:20:00.0;0,00
CAMPINA GRANDE DO SUL;410400603A;PR;Jardim da Colina;-25,311;-49,053;2025-03-16 17:20:00.0;0,00
CAMPINA GRANDE DO SUL;410400603A;PR;Jardim da Colina;-25,311;-49,053;2025-03-16 18:20:00.0;0,00
CAMPINA GRANDE DO SUL;410400603A;PR;Jardim da Colina;-25,311;-49,053;2025-03-16 19:20:00.0;0,00
CAMPINA GRANDE DO SUL;410400603A;PR;Jardim da Colina;-25,311;-49,053;2025-03-16 20:20:00.0;0,00
CAMPINA GRANDE DO SUL;410400603A;PR;Jardim da Colina;-25,311;-49,053;2025-03-16 21:20:00.0;0,00
CAMPINA GRANDE DO SUL;410400603A;PR;Jardim da Colina;-25,311;-49,053;2025-03-16 22:20:00.0;0,00
CAMPINA GRANDE DO SUL;410400603A;PR;Jardim da Colina;-25,311;-49,053;2025-03-16 23:20:00.0;0,00
CAMPINA GRANDE DO SUL;410400603A;PR;Jardim da Colina;-25,311;-49,053;2025-03-17 00:20:00.0;0,00
CAMPINA GRANDE DO SUL;410400603A;PR;Jardim da Colina;-25,311;-49,053;2025-03-17 01:20:00.0;0,00
CAMPINA GRANDE DO SUL;410400603A;PR;Jardim da Colina;-25,311;-49,053;2025-03-17 02:20:00.0;0,00
CAMPINA GRANDE DO SUL;410400603A;PR;Jardim da Colina;-25,311;-49,053;2025-03-17 03:20:00.0;0,00
CAMPINA GRANDE DO SUL;410400603A;PR;Jardim da Colina;-25,311;-49,053;2025-03-17 04:20:00.0;0,00
CAMPINA GRANDE DO SUL;410400603A;PR;Jardim da Colina;-25,311;-49,053;2025-03-17 05:20:00.0;0,00
CAMPINA GRANDE DO SUL;410400603A;PR;Jardim da Colina;-25,311;-49,053;2025-03-17 06:20:00.0;0,00
CAMPINA GRANDE DO SUL;410400603A;PR;Jardim da Colina;-25,311;-49,053;2025-03-17 07:20:00.0;0,00
CAMPINA GRANDE DO SUL;410400603A;PR;Jardim da Colina;-25,311;-49,053;2025-03-17 08:20:00.0;0,00
CAMPINA GRANDE DO SUL;410400603A;PR;Jardim da Colina;-25,311;-49,053;2025-03-17 09:20:00.0;0,20
CAMPINA GRANDE DO SUL;410400603A;PR;Jardim da Colina;-25,311;-49,053;2025-03-17 10:20:00.0;0,00
CAMPINA GRANDE DO SUL;410400603A;PR;Jardim da Colina;-25,311;-49,053;2025-03-17 11:20:00.0;0,00
CAMPINA GRANDE DO SUL;410400603A;PR;Jardim da Colina;-25,311;-49,053;2025-03-17 12:20:00.0;0,00
CAMPINA GRANDE DO SUL;410400603A;PR;Jardim da Colina;-25,311;-49,053;2025-03-17 13:20:00.0;0,00
CAMPINA GRANDE DO SUL;410400603A;PR;Jardim da Colina;-25,311;-49,053;2025-03-17 14:20:00.0;0,00
CAMPINA GRANDE DO SUL;410400603A;PR;Jardim da Colina;-25,311;-49,053;2025-03-17 15:20:00.0;0,00
CAMPINA GRANDE DO SUL;410400603A;PR;Jardim da Colina;-25,311;-49,053;2025-03-17 16:20:00.0;0,00
CAMPINA GRANDE DO SUL;410400603A;PR;Jardim da Colina;-25,311;-49,053;2025-03-17 17:20:00.0;0,00
CAMPINA GRANDE DO SUL;410400603A;PR;Jardim da Colina;-25,311;-49,053;2025-03-17 18:20:00.0;0,00
CAMPINA GRANDE DO SUL;410400603A;PR;Jardim da Colina;-25,311;-49,053;2025-03-17 19:20:00.0;0,00
CAMPINA GRANDE DO SUL;410400603A;PR;Jardim da Colina;-25,311;-49,053;2025-03-17 20:20:00.0;0,00
CAMPINA GRANDE DO SUL;410400603A;PR;Jardim da Colina;-25,311;-49,053;2025-03-17 21:20:00.0;0,00
CAMPINA GRANDE DO SUL;410400603A;PR;Jardim da Colina;-25,311;-49,053;2025-03-17 22:20:00.0;0,00
CAMPINA GRANDE DO SUL;410400603A;PR;Jardim da Colina;-25,311;-49,053;2025-03-17 23:20:00.0;0,00
CAMPINA GRANDE DO SUL;410400603A;PR;Jardim da Colina;-25,311;-49,053;2025-03-18 00:20:00.0;0,00
CAMPINA GRANDE DO SUL;410400603A;PR;Jardim da Colina;-25,311;-49,053;2025-03-18 01:20:00.0;0,00
CAMPINA GRANDE DO SUL;410400603A;PR;Jardim da Colina;-25,311;-49,053;2025-03-18 02:20:00.0;0,00
CAMPINA GRANDE DO SUL;410400603A;PR;Jardim da Colina;-25,311;-49,053;2025-03-18 03:20:00.0;0,00
CAMPINA GRANDE DO SUL;410400603A;PR;Jardim da Colina;-25,311;-49,053;2025-03-18 04:20:00.0;0,00
CAMPINA GRANDE DO SUL;410400603A;PR;Jardim da Colina;-25,311;-49,053;2025-03-18 05:20:00.0;0,00
CAMPINA GRANDE DO SUL;410400603A;PR;Jardim da Colina;-25,311;-49,053;2025-03-18 06:20:00.0;0,00
CAMPINA GRANDE DO SUL;410400603A;PR;Jardim da Colina;-25,311;-49,053;2025-03-18 07:20:00.0;0,00
CAMPINA GRANDE DO SUL;410400603A;PR;Jardim da Colina;-25,311;-49,053;2025-03-18 08:20:00.0;0,00
CAMPINA GRANDE DO SUL;410400603A;PR;Jardim da Colina;-25,311;-49,053;2025-03-18 09:20:00.0;0,00
CAMPINA GRANDE DO SUL;410400603A;PR;Jardim da Colina;-25,311;-49,053;2025-03-18 10:20:00.0;0,00
CAMPINA GRANDE DO SUL;410400603A;PR;Jardim da Colina;-25,311;-49,053;2025-03-18 11:20:00.0;0,00
CAMPINA GRANDE DO SUL;410400603A;PR;Jardim da Colina;-25,311;-49,053;2025-03-18 12:20:00.0;0,00
CAMPINA GRANDE DO SUL;410400603A;PR;Jardim da Colina;-25,311;-49,053;2025-03-18 13:20:00.0;0,00
CAMPINA GRANDE DO SUL;410400603A;PR;Jardim da Colina;-25,311;-49,053;2025-03-18 14:20:00.0;0,00
CAMPINA GRANDE DO SUL;410400603A;PR;Jardim da Colina;-25,311;-49,053;2025-03-18 15:20:00.0;0,00
CAMPINA GRANDE DO SUL;410400603A;PR;Jardim da Colina;-25,311;-49,053;2025-03-18 16:20:00.0;0,00
CAMPINA GRANDE DO SUL;410400603A;PR;Jardim da Colina;-25,311;-49,053;2025-03-18 17:20:00.0;0,00
CAMPINA GRANDE DO SUL;410400603A;PR;Jardim da Colina;-25,311;-49,053;2025-03-18 18:20:00.0;0,00
CAMPINA GRANDE DO SUL;410400603A;PR;Jardim da Colina;-25,311;-49,053;2025-03-18 19:20:00.0;0,00
CAMPINA GRANDE DO SUL;410400603A;PR;Jardim da Colina;-25,311;-49,053;2025-03-18 20:20:00.0;0,00
CAMPINA GRANDE DO SUL;410400603A;PR;Jardim da Colina;-25,311;-49,053;2025-03-18 21:20:00.0;0,00
CAMPINA GRANDE DO SUL;410400603A;PR;Jardim da Colina;-25,311;-49,053;2025-03-18 22:20:00.0;0,00
CAMPINA GRANDE DO SUL;410400603A;PR;Jardim da Colina;-25,311;-49,053;2025-03-18 23:20:00.0;0,00
CAMPINA GRANDE DO SUL;410400603A;PR;Jardim da Colina;-25,311;-49,053;2025-03-19 00:20:00.0;0,00
CAMPINA GRANDE DO SUL;410400603A;PR;Jardim da Colina;-25,311;-49,053;2025-03-19 01:20:00.0;0,00
CAMPINA GRANDE DO SUL;410400603A;PR;Jardim da Colina;-25,311;-49,053;2025-03-19 02:20:00.0;0,00
CAMPINA GRANDE DO SUL;410400603A;PR;Jardim da Colina;-25,311;-49,053;2025-03-19 03:20:00.0;0,00
CAMPINA GRANDE DO SUL;410400603A;PR;Jardim da Colina;-25,311;-49,053;2025-03-19 04:20:00.0;0,00
CAMPINA GRANDE DO SUL;410400603A;PR;Jardim da Colina;-25,311;-49,053;2025-03-19 05:20:00.0;0,00
CAMPINA GRANDE DO SUL;410400603A;PR;Jardim da Colina;-25,311;-49,053;2025-03-19 06:20:00.0;0,00
CAMPINA GRANDE DO SUL;410400603A;PR;Jardim da Colina;-25,311;-49,053;2025-03-19 07:20:00.0;0,00
CAMPINA GRANDE DO SUL;410400603A;PR;Jardim da Colina;-25,311;-49,053;2025-03-19 08:20:00.0;0,00
CAMPINA GRANDE DO SUL;410400603A;PR;Jardim da Colina;-25,311;-49,053;2025-03-19 09:20:00.0;0,00
CAMPINA GRANDE DO SUL;410400603A;PR;Jardim da Colina;-25,311;-49,053;2025-03-19 10:20:00.0;0,00
CAMPINA GRANDE DO SUL;410400603A;PR;Jardim da Colina;-25,311;-49,053;2025-03-19 11:20:00.0;0,00
CAMPINA GRANDE DO SUL;410400603A;PR;Jardim da Colina;-25,311;-49,053;2025-03-19 12:20:00.0;0,00
CAMPINA GRANDE DO SUL;410400603A;PR;Jardim da Colina;-25,311;-49,053;2025-03-19 13:20:00.0;0,00
CAMPINA GRANDE DO SUL;410400603A;PR;Jardim da Colina;-25,311;-49,053;2025-03-19 14:20:00.0;0,00
CAMPINA GRANDE DO SUL;410400603A;PR;Jardim da Colina;-25,311;-49,053;2025-03-19 15:20:00.0;0,00
CAMPINA GRANDE DO SUL;410400603A;PR;Jardim da Colina;-25,311;-49,053;2025-03-19 16:20:00.0;0,00
CAMPINA GRANDE DO SUL;410400603A;PR;Jardim da Colina;-25,311;-49,053;2025-03-19 17:20:00.0;0,00
CAMPINA GRANDE DO SUL;410400603A;PR;Jardim da Colina;-25,311;-49,053;2025-03-19 18:20:00.0;0,00
CAMPINA GRANDE DO SUL;410400603A;PR;Jardim da Colina;-25,311;-49,053;2025-03-19 19:20:00.0;0,00
CAMPINA GRANDE DO SUL;410400603A;PR;Jardim da Colina;-25,311;-49,053;2025-03-19 20:20:00.0;0,00
CAMPINA GRANDE DO SUL;410400603A;PR;Jardim da Colina;-25,311;-49,053;2025-03-19 21:20:00.0;0,00
CAMPINA GRANDE DO SUL;410400603A;PR;Jardim da Colina;-25,311;-49,053;2025-03-19 22:20:00.0;0,00
CAMPINA GRANDE DO SUL;410400603A;PR;Jardim da Colina;-25,311;-49,053;2025-03-19 23:20:00.0;0,00
CAMPINA GRANDE DO SUL;410400603A;PR;Jardim da Colina;-25,311;-49,053;2025-03-20 00:20:00.0;0,00
CAMPINA GRANDE DO SUL;410400603A;PR;Jardim da Colina;-25,311;-49,053;2025-03-20 01:20:00.0;0,00
CAMPINA GRANDE DO SUL;410400603A;PR;Jardim da Colina;-25,311;-49,053;2025-03-20 02:20:00.0;0,00
CAMPINA GRANDE DO SUL;410400603A;PR;Jardim da Colina;-25,311;-49,053;2025-03-20 03:20:00.0;0,00
CAMPINA GRANDE DO SUL;410400603A;PR;Jardim da Colina;-25,311;-49,053;2025-03-20 04:20:00.0;0,00
CAMPINA GRANDE DO SUL;410400603A;PR;Jardim da Colina;-25,311;-49,053;2025-03-20 05:20:00.0;0,00
CAMPINA GRANDE DO SUL;410400603A;PR;Jardim da Colina;-25,311;-49,053;2025-03-20 06:20:00.0;0,00
CAMPINA GRANDE DO SUL;410400603A;PR;Jardim da Colina;-25,311;-49,053;2025-03-20 07:20:00.0;0,00
CAMPINA GRANDE DO SUL;410400603A;PR;Jardim da Colina;-25,311;-49,053;2025-03-20 08:20:00.0;0,00
CAMPINA GRANDE DO SUL;410400603A;PR;Jardim da Colina;-25,311;-49,053;2025-03-20 09:20:00.0;0,00
CAMPINA GRANDE DO SUL;410400603A;PR;Jardim da Colina;-25,311;-49,053;2025-03-20 10:20:00.0;0,00
CAMPINA GRANDE DO SUL;410400603A;PR;Jardim da Colina;-25,311;-49,053;2025-03-20 11:20:00.0;0,00
CAMPINA GRANDE DO SUL;410400603A;PR;Jardim da Colina;-25,311;-49,053;2025-03-20 13:20:00.0;0,00
CAMPINA GRANDE DO SUL;410400603A;PR;Jardim da Colina;-25,311;-49,053;2025-03-20 14:20:00.0;0,00
CAMPINA GRANDE DO SUL;410400603A;PR;Jardim da Colina;-25,311;-49,053;2025-03-20 15:20:00.0;0,00
CAMPINA GRANDE DO SUL;410400603A;PR;Jardim da Colina;-25,311;-49,053;2025-03-20 16:20:00.0;0,00
CAMPINA GRANDE DO SUL;410400603A;PR;Jardim da Colina;-25,311;-49,053;2025-03-20 17:20:00.0;0,00
CAMPINA GRANDE DO SUL;410400603A;PR;Jardim da Colina;-25,311;-49,053;2025-03-20 18:20:00.0;0,00
CAMPINA GRANDE DO SUL;410400603A;PR;Jardim da Colina;-25,311;-49,053;2025-03-20 19:20:00.0;0,00
CAMPINA GRANDE DO SUL;410400603A;PR;Jardim da Colina;-25,311;-49,053;2025-03-20 20:20:00.0;0,00
CAMPINA GRANDE DO SUL;410400603A;PR;Jardim da Colina;-25,311;-49,053;2025-03-20 21:20:00.0;0,00
CAMPINA GRANDE DO SUL;410400603A;PR;Jardim da Colina;-25,311;-49,053;2025-03-20 22:20:00.0;0,00
CAMPINA GRANDE DO SUL;410400603A;PR;Jardim da Colina;-25,311;-49,053;2025-03-20 23:20:00.0;0,00
CAMPINA GRANDE DO SUL;410400603A;PR;Jardim da Colina;-25,311;-49,053;2025-03-21 00:20:00.0;0,00
CAMPINA GRANDE DO SUL;410400603A;PR;Jardim da Colina;-25,311;-49,053;2025-03-21 01:20:00.0;0,00
CAMPINA GRANDE DO SUL;410400603A;PR;Jardim da Colina;-25,311;-49,053;2025-03-21 02:20:00.0;0,00
CAMPINA GRANDE DO SUL;410400603A;PR;Jardim da Colina;-25,311;-49,053;2025-03-21 03:20:00.0;0,00
CAMPINA GRANDE DO SUL;410400603A;PR;Jardim da Colina;-25,311;-49,053;2025-03-21 04:20:00.0;0,00
CAMPINA GRANDE DO SUL;410400603A;PR;Jardim da Colina;-25,311;-49,053;2025-03-21 05:20:00.0;0,00
CAMPINA GRANDE DO SUL;410400603A;PR;Jardim da Colina;-25,311;-49,053;2025-03-21 06:20:00.0;0,00
CAMPINA GRANDE DO SUL;410400603A;PR;Jardim da Colina;-25,311;-49,053;2025-03-21 07:20:00.0;0,00
CAMPINA GRANDE DO SUL;410400603A;PR;Jardim da Colina;-25,311;-49,053;2025-03-21 08:20:00.0;0,00
CAMPINA GRANDE DO SUL;410400603A;PR;Jardim da Colina;-25,311;-49,053;2025-03-21 09:20:00.0;0,00
CAMPINA GRANDE DO SUL;410400603A;PR;Jardim da Colina;-25,311;-49,053;2025-03-21 10:20:00.0;0,00
CAMPINA GRANDE DO SUL;410400603A;PR;Jardim da Colina;-25,311;-49,053;2025-03-21 11:20:00.0;0,00
CAMPINA GRANDE DO SUL;410400603A;PR;Jardim da Colina;-25,311;-49,053;2025-03-21 12:20:00.0;0,00
CAMPINA GRANDE DO SUL;410400603A;PR;Jardim da Colina;-25,311;-49,053;2025-03-21 13:20:00.0;0,00
CAMPINA GRANDE DO SUL;410400603A;PR;Jardim da Colina;-25,311;-49,053;2025-03-21 14:20:00.0;0,00
CAMPINA GRANDE DO SUL;410400603A;PR;Jardim da Colina;-25,311;-49,053;2025-03-21 15:20:00.0;0,00
CAMPINA GRANDE DO SUL;410400603A;PR;Jardim da Colina;-25,311;-49,053;2025-03-21 16:20:00.0;0,00
CAMPINA GRANDE DO SUL;410400603A;PR;Jardim da Colina;-25,311;-49,053;2025-03-21 17:20:00.0;0,00
CAMPINA GRANDE DO SUL;410400603A;PR;Jardim da Colina;-25,311;-49,053;2025-03-21 18:20:00.0;0,00
CAMPINA GRANDE DO SUL;410400603A;PR;Jardim da Colina;-25,311;-49,053;2025-03-21 19:20:00.0;0,00
CAMPINA GRANDE DO SUL;410400603A;PR;Jardim da Colina;-25,311;-49,053;2025-03-21 20:20:00.0;0,00
CAMPINA GRANDE DO SUL;410400603A;PR;Jardim da Colina;-25,311;-49,053;2025-03-21 21:20:00.0;0,00
CAMPINA GRANDE DO SUL;410400603A;PR;Jardim da Colina;-25,311;-49,053;2025-03-21 22:20:00.0;0,00
CAMPINA GRANDE DO SUL;410400603A;PR;Jardim da Colina;-25,311;-49,053;2025-03-21 23:20:00.0;0,00
CAMPINA GRANDE DO SUL;410400603A;PR;Jardim da Colina;-25,311;-49,053;2025-03-22 00:20:00.0;0,00
CAMPINA GRANDE DO SUL;410400603A;PR;Jardim da Colina;-25,311;-49,053;2025-03-22 01:20:00.0;0,00
CAMPINA GRANDE DO SUL;410400603A;PR;Jardim da Colina;-25,311;-49,053;2025-03-22 02:20:00.0;0,00
CAMPINA GRANDE DO SUL;410400603A;PR;Jardim da Colina;-25,311;-49,053;2025-03-22 03:20:00.0;0,00
CAMPINA GRANDE DO SUL;410400603A;PR;Jardim da Colina;-25,311;-49,053;2025-03-22 04:20:00.0;0,00
CAMPINA GRANDE DO SUL;410400603A;PR;Jardim da Colina;-25,311;-49,053;2025-03-22 05:20:00.0;0,00
CAMPINA GRANDE DO SUL;410400603A;PR;Jardim da Colina;-25,311;-49,053;2025-03-22 06:20:00.0;0,00
CAMPINA GRANDE DO SUL;410400603A;PR;Jardim da Colina;-25,311;-49,053;2025-03-22 07:20:00.0;0,00
CAMPINA GRANDE DO SUL;410400603A;PR;Jardim da Colina;-25,311;-49,053;2025-03-22 08:20:00.0;0,00
CAMPINA GRANDE DO SUL;410400603A;PR;Jardim da Colina;-25,311;-49,053;2025-03-22 09:20:00.0;0,00
CAMPINA GRANDE DO SUL;410400603A;PR;Jardim da Colina;-25,311;-49,053;2025-03-22 10:20:00.0;0,00
CAMPINA GRANDE DO SUL;410400603A;PR;Jardim da Colina;-25,311;-49,053;2025-03-22 11:20:00.0;0,00
CAMPINA GRANDE DO SUL;410400603A;PR;Jardim da Colina;-25,311;-49,053;2025-03-22 12:20:00.0;0,00
CAMPINA GRANDE DO SUL;410400603A;PR;Jardim da Colina;-25,311;-49,053;2025-03-22 13:20:00.0;0,00
CAMPINA GRANDE DO SUL;410400603A;PR;Jardim da Colina;-25,311;-49,053;2025-03-22 14:20:00.0;0,00
CAMPINA GRANDE DO SUL;410400603A;PR;Jardim da Colina;-25,311;-49,053;2025-03-22 15:20:00.0;0,00
CAMPINA GRANDE DO SUL;410400603A;PR;Jardim da Colina;-25,311;-49,053;2025-03-22 16:20:00.0;0,00
CAMPINA GRANDE DO SUL;410400603A;PR;Jardim da Colina;-25,311;-49,053;2025-03-22 17:20:00.0;0,00
CAMPINA GRANDE DO SUL;410400603A;PR;Jardim da Colina;-25,311;-49,053;2025-03-22 18:20:00.0;0,00
CAMPINA GRANDE DO SUL;410400603A;PR;Jardim da Colina;-25,311;-49,053;2025-03-22 19:20:00.0;0,00
CAMPINA GRANDE DO SUL;410400603A;PR;Jardim da Colina;-25,311;-49,053;2025-03-22 20:20:00.0;0,00
CAMPINA GRANDE DO SUL;410400603A;PR;Jardim da Colina;-25,311;-49,053;2025-03-22 21:20:00.0;0,00
CAMPINA GRANDE DO SUL;410400603A;PR;Jardim da Colina;-25,311;-49,053;2025-03-22 22:20:00.0;0,00
CAMPINA GRANDE DO SUL;410400603A;PR;Jardim da Colina;-25,311;-49,053;2025-03-22 23:20:00.0;0,00
CAMPINA GRANDE DO SUL;410400603A;PR;Jardim da Colina;-25,311;-49,053;2025-03-23 00:20:00.0;0,00
CAMPINA GRANDE DO SUL;410400603A;PR;Jardim da Colina;-25,311;-49,053;2025-03-23 01:20:00.0;0,00
CAMPINA GRANDE DO SUL;410400603A;PR;Jardim da Colina;-25,311;-49,053;2025-03-23 02:20:00.0;0,00
CAMPINA GRANDE DO SUL;410400603A;PR;Jardim da Colina;-25,311;-49,053;2025-03-23 03:20:00.0;0,00
CAMPINA GRANDE DO SUL;410400603A;PR;Jardim da Colina;-25,311;-49,053;2025-03-23 04:20:00.0;0,00
CAMPINA GRANDE DO SUL;410400603A;PR;Jardim da Colina;-25,311;-49,053;2025-03-23 05:20:00.0;0,00
CAMPINA GRANDE DO SUL;410400603A;PR;Jardim da Colina;-25,311;-49,053;2025-03-23 06:20:00.0;0,00
CAMPINA GRANDE DO SUL;410400603A;PR;Jardim da Colina;-25,311;-49,053;2025-03-23 07:20:00.0;0,00
CAMPINA GRANDE DO SUL;410400603A;PR;Jardim da Colina;-25,311;-49,053;2025-03-23 08:20:00.0;0,00
CAMPINA GRANDE DO SUL;410400603A;PR;Jardim da Colina;-25,311;-49,053;2025-03-23 09:20:00.0;0,00
CAMPINA GRANDE DO SUL;410400603A;PR;Jardim da Colina;-25,311;-49,053;2025-03-23 10:20:00.0;0,00
CAMPINA GRANDE DO SUL;410400603A;PR;Jardim da Colina;-25,311;-49,053;2025-03-23 11:20:00.0;0,00
CAMPINA GRANDE DO SUL;410400603A;PR;Jardim da Colina;-25,311;-49,053;2025-03-23 12:20:00.0;0,00
CAMPINA GRANDE DO SUL;410400603A;PR;Jardim da Colina;-25,311;-49,053;2025-03-23 13:20:00.0;0,00
CAMPINA GRANDE DO SUL;410400603A;PR;Jardim da Colina;-25,311;-49,053;2025-03-23 14:20:00.0;0,00
CAMPINA GRANDE DO SUL;410400603A;PR;Jardim da Colina;-25,311;-49,053;2025-03-23 15:20:00.0;0,00
CAMPINA GRANDE DO SUL;410400603A;PR;Jardim da Colina;-25,311;-49,053;2025-03-23 16:20:00.0;0,00
CAMPINA GRANDE DO SUL;410400603A;PR;Jardim da Colina;-25,311;-49,053;2025-03-23 17:20:00.0;0,00
CAMPINA GRANDE DO SUL;410400603A;PR;Jardim da Colina;-25,311;-49,053;2025-03-23 18:20:00.0;0,00
CAMPINA GRANDE DO SUL;410400603A;PR;Jardim da Colina;-25,311;-49,053;2025-03-23 19:20:00.0;0,00
CAMPINA GRANDE DO SUL;410400603A;PR;Jardim da Colina;-25,311;-49,053;2025-03-23 20:20:00.0;0,00
CAMPINA GRANDE DO SUL;410400603A;PR;Jardim da Colina;-25,311;-49,053;2025-03-23 21:20:00.0;0,00
CAMPINA GRANDE DO SUL;410400603A;PR;Jardim da Colina;-25,311;-49,053;2025-03-23 22:20:00.0;0,00
CAMPINA GRANDE DO SUL;410400603A;PR;Jardim da Colina;-25,311;-49,053;2025-03-23 23:20:00.0;0,00
CAMPINA GRANDE DO SUL;410400603A;PR;Jardim da Colina;-25,311;-49,053;2025-03-24 00:20:00.0;0,00
CAMPINA GRANDE DO SUL;410400603A;PR;Jardim da Colina;-25,311;-49,053;2025-03-24 01:20:00.0;0,00
CAMPINA GRANDE DO SUL;410400603A;PR;Jardim da Colina;-25,311;-49,053;2025-03-24 02:20:00.0;0,00
CAMPINA GRANDE DO SUL;410400603A;PR;Jardim da Colina;-25,311;-49,053;2025-03-24 03:20:00.0;0,00
CAMPINA GRANDE DO SUL;410400603A;PR;Jardim da Colina;-25,311;-49,053;2025-03-24 04:20:00.0;0,00
CAMPINA GRANDE DO SUL;410400603A;PR;Jardim da Colina;-25,311;-49,053;2025-03-24 05:20:00.0;0,00
CAMPINA GRANDE DO SUL;410400603A;PR;Jardim da Colina;-25,311;-49,053;2025-03-24 06:20:00.0;0,00
CAMPINA GRANDE DO SUL;410400603A;PR;Jardim da Colina;-25,311;-49,053;2025-03-24 07:20:00.0;0,00
CAMPINA GRANDE DO SUL;410400603A;PR;Jardim da Colina;-25,311;-49,053;2025-03-24 08:20:00.0;0,00
CAMPINA GRANDE DO SUL;410400603A;PR;Jardim da Colina;-25,311;-49,053;2025-03-24 09:20:00.0;0,00
CAMPINA GRANDE DO SUL;410400603A;PR;Jardim da Colina;-25,311;-49,053;2025-03-24 09:50:00.0;0,20
CAMPINA GRANDE DO SUL;410400603A;PR;Jardim da Colina;-25,311;-49,053;2025-03-24 10:20:00.0;0,00
CAMPINA GRANDE DO SUL;410400603A;PR;Jardim da Colina;-25,311;-49,053;2025-03-24 11:20:00.0;0,00
CAMPINA GRANDE DO SUL;410400603A;PR;Jardim da Colina;-25,311;-49,053;2025-03-24 12:20:00.0;0,00
CAMPINA GRANDE DO SUL;410400603A;PR;Jardim da Colina;-25,311;-49,053;2025-03-24 13:20:00.0;0,00
CAMPINA GRANDE DO SUL;410400603A;PR;Jardim da Colina;-25,311;-49,053;2025-03-24 14:20:00.0;0,00
CAMPINA GRANDE DO SUL;410400603A;PR;Jardim da Colina;-25,311;-49,053;2025-03-24 15:20:00.0;0,00
CAMPINA GRANDE DO SUL;410400603A;PR;Jardim da Colina;-25,311;-49,053;2025-03-24 16:20:00.0;0,00
CAMPINA GRANDE DO SUL;410400603A;PR;Jardim da Colina;-25,311;-49,053;2025-03-24 17:20:00.0;0,00
CAMPINA GRANDE DO SUL;410400603A;PR;Jardim da Colina;-25,311;-49,053;2025-03-24 18:20:00.0;0,00
CAMPINA GRANDE DO SUL;410400603A;PR;Jardim da Colina;-25,311;-49,053;2025-03-24 19:20:00.0;0,00
CAMPINA GRANDE DO SUL;410400603A;PR;Jardim da Colina;-25,311;-49,053;2025-03-24 20:20:00.0;0,00
CAMPINA GRANDE DO SUL;410400603A;PR;Jardim da Colina;-25,311;-49,053;2025-03-24 21:20:00.0;0,00
CAMPINA GRANDE DO SUL;410400603A;PR;Jardim da Colina;-25,311;-49,053;2025-03-24 22:20:00.0;0,00
CAMPINA GRANDE DO SUL;410400603A;PR;Jardim da Colina;-25,311;-49,053;2025-03-24 23:20:00.0;0,00
CAMPINA GRANDE DO SUL;410400603A;PR;Jardim da Colina;-25,311;-49,053;2025-03-25 00:20:00.0;0,00
CAMPINA GRANDE DO SUL;410400603A;PR;Jardim da Colina;-25,311;-49,053;2025-03-25 01:20:00.0;0,00
CAMPINA GRANDE DO SUL;410400603A;PR;Jardim da Colina;-25,311;-49,053;2025-03-25 02:20:00.0;0,00
CAMPINA GRANDE DO SUL;410400603A;PR;Jardim da Colina;-25,311;-49,053;2025-03-25 03:20:00.0;0,00
CAMPINA GRANDE DO SUL;410400603A;PR;Jardim da Colina;-25,311;-49,053;2025-03-25 04:20:00.0;0,00
CAMPINA GRANDE DO SUL;410400603A;PR;Jardim da Colina;-25,311;-49,053;2025-03-25 05:20:00.0;0,00
CAMPINA GRANDE DO SUL;410400603A;PR;Jardim da Colina;-25,311;-49,053;2025-03-25 06:20:00.0;0,00
CAMPINA GRANDE DO SUL;410400603A;PR;Jardim da Colina;-25,311;-49,053;2025-03-25 07:20:00.0;0,00
CAMPINA GRANDE DO SUL;410400603A;PR;Jardim da Colina;-25,311;-49,053;2025-03-25 08:20:00.0;0,00
CAMPINA GRANDE DO SUL;410400603A;PR;Jardim da Colina;-25,311;-49,053;2025-03-25 08:30:00.0;0,20
CAMPINA GRANDE DO SUL;410400603A;PR;Jardim da Colina;-25,311;-49,053;2025-03-25 08:40:00.0;0,39
CAMPINA GRANDE DO SUL;410400603A;PR;Jardim da Colina;-25,311;-49,053;2025-03-25 08:50:00.0;0,20
CAMPINA GRANDE DO SUL;410400603A;PR;Jardim da Colina;-25,311;-49,053;2025-03-25 09:00:00.0;0,20
CAMPINA GRANDE DO SUL;410400603A;PR;Jardim da Colina;-25,311;-49,053;2025-03-25 09:20:00.0;0,00
CAMPINA GRANDE DO SUL;410400603A;PR;Jardim da Colina;-25,311;-49,053;2025-03-25 10:20:00.0;0,00
CAMPINA GRANDE DO SUL;410400603A;PR;Jardim da Colina;-25,311;-49,053;2025-03-25 11:20:00.0;0,00
CAMPINA GRANDE DO SUL;410400603A;PR;Jardim da Colina;-25,311;-49,053;2025-03-25 12:20:00.0;0,00
CAMPINA GRANDE DO SUL;410400603A;PR;Jardim da Colina;-25,311;-49,053;2025-03-25 13:20:00.0;0,00
CAMPINA GRANDE DO SUL;410400603A;PR;Jardim da Colina;-25,311;-49,053;2025-03-25 14:20:00.0;0,00
CAMPINA GRANDE DO SUL;410400603A;PR;Jardim da Colina;-25,311;-49,053;2025-03-25 16:00:00.0;0,00
CAMPINA GRANDE DO SUL;410400603A;PR;Jardim da Colina;-25,311;-49,053;2025-03-25 16:20:00.0;0,00
CAMPINA GRANDE DO SUL;410400603A;PR;Jardim da Colina;-25,311;-49,053;2025-03-25 17:20:00.0;0,00
CAMPINA GRANDE DO SUL;410400603A;PR;Jardim da Colina;-25,311;-49,053;2025-03-25 18:20:00.0;0,20
CAMPINA GRANDE DO SUL;410400603A;PR;Jardim da Colina;-25,311;-49,053;2025-03-25 19:20:00.0;0,00
CAMPINA GRANDE DO SUL;410400603A;PR;Jardim da Colina;-25,311;-49,053;2025-03-25 20:20:00.0;0,00
CAMPINA GRANDE DO SUL;410400603A;PR;Jardim da Colina;-25,311;-49,053;2025-03-25 21:20:00.0;0,00
CAMPINA GRANDE DO SUL;410400603A;PR;Jardim da Colina;-25,311;-49,053;2025-03-25 22:20:00.0;0,00
CAMPINA GRANDE DO SUL;410400603A;PR;Jardim da Colina;-25,311;-49,053;2025-03-25 23:20:00.0;0,00
CAMPINA GRANDE DO SUL;410400603A;PR;Jardim da Colina;-25,311;-49,053;2025-03-26 00:20:00.0;0,00
CAMPINA GRANDE DO SUL;410400603A;PR;Jardim da Colina;-25,311;-49,053;2025-03-26 01:20:00.0;0,00
CAMPINA GRANDE DO SUL;410400603A;PR;Jardim da Colina;-25,311;-49,053;2025-03-26 02:20:00.0;0,00
CAMPINA GRANDE DO SUL;410400603A;PR;Jardim da Colina;-25,311;-49,053;2025-03-26 03:20:00.0;0,59
CAMPINA GRANDE DO SUL;410400603A;PR;Jardim da Colina;-25,311;-49,053;2025-03-26 03:30:00.0;0,39
CAMPINA GRANDE DO SUL;410400603A;PR;Jardim da Colina;-25,311;-49,053;2025-03-26 03:40:00.0;0,20
CAMPINA GRANDE DO SUL;410400603A;PR;Jardim da Colina;-25,311;-49,053;2025-03-26 03:50:00.0;0,20
CAMPINA GRANDE DO SUL;410400603A;PR;Jardim da Colina;-25,311;-49,053;2025-03-26 04:10:00.0;0,20
CAMPINA GRANDE DO SUL;410400603A;PR;Jardim da Colina;-25,311;-49,053;2025-03-26 04:20:00.0;0,00
CAMPINA GRANDE DO SUL;410400603A;PR;Jardim da Colina;-25,311;-49,053;2025-03-26 05:20:00.0;0,20
CAMPINA GRANDE DO SUL;410400603A;PR;Jardim da Colina;-25,311;-49,053;2025-03-26 06:20:00.0;0,00
CAMPINA GRANDE DO SUL;410400603A;PR;Jardim da Colina;-25,311;-49,053;2025-03-26 07:20:00.0;0,00
CAMPINA GRANDE DO SUL;410400603A;PR;Jardim da Colina;-25,311;-49,053;2025-03-26 08:20:00.0;0,00
CAMPINA GRANDE DO SUL;410400603A;PR;Jardim da Colina;-25,311;-49,053;2025-03-26 09:20:00.0;0,00
CAMPINA GRANDE DO SUL;410400603A;PR;Jardim da Colina;-25,311;-49,053;2025-03-26 10:20:00.0;0,00
CAMPINA GRANDE DO SUL;410400603A;PR;Jardim da Colina;-25,311;-49,053;2025-03-26 11:20:00.0;0,00
CAMPINA GRANDE DO SUL;410400603A;PR;Jardim da Colina;-25,311;-49,053;2025-03-26 12:20:00.0;0,00
CAMPINA GRANDE DO SUL;410400603A;PR;Jardim da Colina;-25,311;-49,053;2025-03-26 12:40:00.0;0,20
CAMPINA GRANDE DO SUL;410400603A;PR;Jardim da Colina;-25,311;-49,053;2025-03-26 13:20:00.0;0,00
CAMPINA GRANDE DO SUL;410400603A;PR;Jardim da Colina;-25,311;-49,053;2025-03-26 14:00:00.0;0,20
CAMPINA GRANDE DO SUL;410400603A;PR;Jardim da Colina;-25,311;-49,053;2025-03-26 14:20:00.0;0,00
CAMPINA GRANDE DO SUL;410400603A;PR;Jardim da Colina;-25,311;-49,053;2025-03-26 15:20:00.0;0,00
CAMPINA GRANDE DO SUL;410400603A;PR;Jardim da Colina;-25,311;-49,053;2025-03-26 16:20:00.0;0,00
CAMPINA GRANDE DO SUL;410400603A;PR;Jardim da Colina;-25,311;-49,053;2025-03-26 17:20:00.0;0,00
CAMPINA GRANDE DO SUL;410400603A;PR;Jardim da Colina;-25,311;-49,053;2025-03-26 18:20:00.0;0,00
CAMPINA GRANDE DO SUL;410400603A;PR;Jardim da Colina;-25,311;-49,053;2025-03-26 19:20:00.0;0,00
CAMPINA GRANDE DO SUL;410400603A;PR;Jardim da Colina;-25,311;-49,053;2025-03-26 20:20:00.0;0,00
CAMPINA GRANDE DO SUL;410400603A;PR;Jardim da Colina;-25,311;-49,053;2025-03-26 21:20:00.0;0,00
CAMPINA GRANDE DO SUL;410400603A;PR;Jardim da Colina;-25,311;-49,053;2025-03-26 22:20:00.0;0,00
CAMPINA GRANDE DO SUL;410400603A;PR;Jardim da Colina;-25,311;-49,053;2025-03-26 23:20:00.0;0,00
CAMPINA GRANDE DO SUL;410400603A;PR;Jardim da Colina;-25,311;-49,053;2025-03-27 00:20:00.0;0,00
CAMPINA GRANDE DO SUL;410400603A;PR;Jardim da Colina;-25,311;-49,053;2025-03-27 01:20:00.0;0,00
CAMPINA GRANDE DO SUL;410400603A;PR;Jardim da Colina;-25,311;-49,053;2025-03-27 02:00:00.0;0,20
CAMPINA GRANDE DO SUL;410400603A;PR;Jardim da Colina;-25,311;-49,053;2025-03-27 02:10:00.0;0,42
CAMPINA GRANDE DO SUL;410400603A;PR;Jardim da Colina;-25,311;-49,053;2025-03-27 02:20:00.0;0,00
CAMPINA GRANDE DO SUL;410400603A;PR;Jardim da Colina;-25,311;-49,053;2025-03-27 03:20:00.0;0,00
CAMPINA GRANDE DO SUL;410400603A;PR;Jardim da Colina;-25,311;-49,053;2025-03-27 04:20:00.0;0,00
CAMPINA GRANDE DO SUL;410400603A;PR;Jardim da Colina;-25,311;-49,053;2025-03-27 05:20:00.0;0,00
CAMPINA GRANDE DO SUL;410400603A;PR;Jardim da Colina;-25,311;-49,053;2025-03-27 06:20:00.0;0,00
CAMPINA GRANDE DO SUL;410400603A;PR;Jardim da Colina;-25,311;-49,053;2025-03-27 07:20:00.0;0,00
CAMPINA GRANDE DO SUL;410400603A;PR;Jardim da Colina;-25,311;-49,053;2025-03-27 08:20:00.0;0,00
CAMPINA GRANDE DO SUL;410400603A;PR;Jardim da Colina;-25,311;-49,053;2025-03-27 09:20:00.0;0,00
CAMPINA GRANDE DO SUL;410400603A;PR;Jardim da Colina;-25,311;-49,053;2025-03-27 09:40:00.0;0,20
CAMPINA GRANDE DO SUL;410400603A;PR;Jardim da Colina;-25,311;-49,053;2025-03-27 10:20:00.0;0,00
CAMPINA GRANDE DO SUL;410400603A;PR;Jardim da Colina;-25,311;-49,053;2025-03-27 11:20:00.0;0,00
CAMPINA GRANDE DO SUL;410400603A;PR;Jardim da Colina;-25,311;-49,053;2025-03-27 12:20:00.0;0,00
CAMPINA GRANDE DO SUL;410400603A;PR;Jardim da Colina;-25,311;-49,053;2025-03-27 13:20:00.0;0,00
CAMPINA GRANDE DO SUL;410400603A;PR;Jardim da Colina;-25,311;-49,053;2025-03-27 14:20:00.0;0,00
CAMPINA GRANDE DO SUL;410400603A;PR;Jardim da Colina;-25,311;-49,053;2025-03-27 15:20:00.0;0,00
CAMPINA GRANDE DO SUL;410400603A;PR;Jardim da Colina;-25,311;-49,053;2025-03-27 16:20:00.0;0,00
CAMPINA GRANDE DO SUL;410400603A;PR;Jardim da Colina;-25,311;-49,053;2025-03-27 17:20:00.0;0,00
CAMPINA GRANDE DO SUL;410400603A;PR;Jardim da Colina;-25,311;-49,053;2025-03-27 18:20:00.0;0,00
CAMPINA GRANDE DO SUL;410400603A;PR;Jardim da Colina;-25,311;-49,053;2025-03-27 19:20:00.0;0,00
CAMPINA GRANDE DO SUL;410400603A;PR;Jardim da Colina;-25,311;-49,053;2025-03-27 20:20:00.0;0,00
CAMPINA GRANDE DO SUL;410400603A;PR;Jardim da Colina;-25,311;-49,053;2025-03-27 21:20:00.0;0,00
CAMPINA GRANDE DO SUL;410400603A;PR;Jardim da Colina;-25,311;-49,053;2025-03-27 22:20:00.0;0,00
CAMPINA GRANDE DO SUL;410400603A;PR;Jardim da Colina;-25,311;-49,053;2025-03-27 23:20:00.0;0,00
CAMPINA GRANDE DO SUL;410400603A;PR;Jardim da Colina;-25,311;-49,053;2025-03-28 00:20:00.0;0,00
CAMPINA GRANDE DO SUL;410400603A;PR;Jardim da Colina;-25,311;-49,053;2025-03-28 01:20:00.0;0,00
CAMPINA GRANDE DO SUL;410400603A;PR;Jardim da Colina;-25,311;-49,053;2025-03-28 02:20:00.0;0,00
CAMPINA GRANDE DO SUL;410400603A;PR;Jardim da Colina;-25,311;-49,053;2025-03-28 03:20:00.0;0,00
CAMPINA GRANDE DO SUL;410400603A;PR;Jardim da Colina;-25,311;-49,053;2025-03-28 04:20:00.0;0,00
CAMPINA GRANDE DO SUL;410400603A;PR;Jardim da Colina;-25,311;-49,053;2025-03-28 05:20:00.0;0,00
CAMPINA GRANDE DO SUL;410400603A;PR;Jardim da Colina;-25,311;-49,053;2025-03-28 06:20:00.0;0,00
CAMPINA GRANDE DO SUL;410400603A;PR;Jardim da Colina;-25,311;-49,053;2025-03-28 07:20:00.0;0,00
CAMPINA GRANDE DO SUL;410400603A;PR;Jardim da Colina;-25,311;-49,053;2025-03-28 08:20:00.0;0,00
CAMPINA GRANDE DO SUL;410400603A;PR;Jardim da Colina;-25,311;-49,053;2025-03-28 09:20:00.0;0,00
CAMPINA GRANDE DO SUL;410400603A;PR;Jardim da Colina;-25,311;-49,053;2025-03-28 10:20:00.0;0,00
CAMPINA GRANDE DO SUL;410400603A;PR;Jardim da Colina;-25,311;-49,053;2025-03-28 11:20:00.0;0,00
CAMPINA GRANDE DO SUL;410400603A;PR;Jardim da Colina;-25,311;-49,053;2025-03-28 12:20:00.0;0,00
CAMPINA GRANDE DO SUL;410400603A;PR;Jardim da Colina;-25,311;-49,053;2025-03-28 13:20:00.0;0,00
CAMPINA GRANDE DO SUL;410400603A;PR;Jardim da Colina;-25,311;-49,053;2025-03-28 14:20:00.0;0,00
CAMPINA GRANDE DO SUL;410400603A;PR;Jardim da Colina;-25,311;-49,053;2025-03-28 15:20:00.0;0,00
CAMPINA GRANDE DO SUL;410400603A;PR;Jardim da Colina;-25,311;-49,053;2025-03-28 16:20:00.0;0,00
CAMPINA GRANDE DO SUL;410400603A;PR;Jardim da Colina;-25,311;-49,053;2025-03-28 17:20:00.0;0,00
CAMPINA GRANDE DO SUL;410400603A;PR;Jardim da Colina;-25,311;-49,053;2025-03-28 18:20:00.0;0,00
CAMPINA GRANDE DO SUL;410400603A;PR;Jardim da Colina;-25,311;-49,053;2025-03-28 19:20:00.0;0,00
CAMPINA GRANDE DO SUL;410400603A;PR;Jardim da Colina;-25,311;-49,053;2025-03-28 20:20:00.0;0,00
CAMPINA GRANDE DO SUL;410400603A;PR;Jardim da Colina;-25,311;-49,053;2025-03-28 21:20:00.0;0,00
CAMPINA GRANDE DO SUL;410400603A;PR;Jardim da Colina;-25,311;-49,053;2025-03-28 22:20:00.0;0,00
CAMPINA GRANDE DO SUL;410400603A;PR;Jardim da Colina;-25,311;-49,053;2025-03-28 23:20:00.0;0,00
CAMPINA GRANDE DO SUL;410400603A;PR;Jardim da Colina;-25,311;-49,053;2025-03-29 00:20:00.0;0,00
CAMPINA GRANDE DO SUL;410400603A;PR;Jardim da Colina;-25,311;-49,053;2025-03-29 01:20:00.0;0,00
CAMPINA GRANDE DO SUL;410400603A;PR;Jardim da Colina;-25,311;-49,053;2025-03-29 02:20:00.0;0,00
CAMPINA GRANDE DO SUL;410400603A;PR;Jardim da Colina;-25,311;-49,053;2025-03-29 03:20:00.0;0,00
CAMPINA GRANDE DO SUL;410400603A;PR;Jardim da Colina;-25,311;-49,053;2025-03-29 04:20:00.0;0,00
CAMPINA GRANDE DO SUL;410400603A;PR;Jardim da Colina;-25,311;-49,053;2025-03-29 05:20:00.0;0,00
CAMPINA GRANDE DO SUL;410400603A;PR;Jardim da Colina;-25,311;-49,053;2025-03-29 06:20:00.0;0,00
CAMPINA GRANDE DO SUL;410400603A;PR;Jardim da Colina;-25,311;-49,053;2025-03-29 07:20:00.0;0,00
CAMPINA GRANDE DO SUL;410400603A;PR;Jardim da Colina;-25,311;-49,053;2025-03-29 08:20:00.0;0,00
CAMPINA GRANDE DO SUL;410400603A;PR;Jardim da Colina;-25,311;-49,053;2025-03-29 09:20:00.0;0,00
CAMPINA GRANDE DO SUL;410400603A;PR;Jardim da Colina;-25,311;-49,053;2025-03-29 10:20:00.0;0,00
CAMPINA GRANDE DO SUL;410400603A;PR;Jardim da Colina;-25,311;-49,053;2025-03-29 11:20:00.0;0,00
CAMPINA GRANDE DO SUL;410400603A;PR;Jardim da Colina;-25,311;-49,053;2025-03-29 12:20:00.0;0,00
CAMPINA GRANDE DO SUL;410400603A;PR;Jardim da Colina;-25,311;-49,053;2025-03-29 13:20:00.0;0,00
CAMPINA GRANDE DO SUL;410400603A;PR;Jardim da Colina;-25,311;-49,053;2025-03-29 14:20:00.0;0,00
CAMPINA GRANDE DO SUL;410400603A;PR;Jardim da Colina;-25,311;-49,053;2025-03-29 15:20:00.0;0,00
CAMPINA GRANDE DO SUL;410400603A;PR;Jardim da Colina;-25,311;-49,053;2025-03-29 16:20:00.0;0,00
CAMPINA GRANDE DO SUL;410400603A;PR;Jardim da Colina;-25,311;-49,053;2025-03-29 17:20:00.0;0,00
CAMPINA GRANDE DO SUL;410400603A;PR;Jardim da Colina;-25,311;-49,053;2025-03-29 18:20:00.0;0,00
CAMPINA GRANDE DO SUL;410400603A;PR;Jardim da Colina;-25,311;-49,053;2025-03-29 19:20:00.0;0,00
CAMPINA GRANDE DO SUL;410400603A;PR;Jardim da Colina;-25,311;-49,053;2025-03-29 20:20:00.0;0,00
CAMPINA GRANDE DO SUL;410400603A;PR;Jardim da Colina;-25,311;-49,053;2025-03-29 21:20:00.0;0,00
CAMPINA GRANDE DO SUL;410400603A;PR;Jardim da Colina;-25,311;-49,053;2025-03-29 22:20:00.0;0,00
CAMPINA GRANDE DO SUL;410400603A;PR;Jardim da Colina;-25,311;-49,053;2025-03-29 23:20:00.0;0,00
CAMPINA GRANDE DO SUL;410400603A;PR;Jardim da Colina;-25,311;-49,053;2025-03-30 00:20:00.0;0,00
CAMPINA GRANDE DO SUL;410400603A;PR;Jardim da Colina;-25,311;-49,053;2025-03-30 01:20:00.0;0,00
CAMPINA GRANDE DO SUL;410400603A;PR;Jardim da Colina;-25,311;-49,053;2025-03-30 02:20:00.0;0,00
CAMPINA GRANDE DO SUL;410400603A;PR;Jardim da Colina;-25,311;-49,053;2025-03-30 03:20:00.0;0,00
CAMPINA GRANDE DO SUL;410400603A;PR;Jardim da Colina;-25,311;-49,053;2025-03-30 04:20:00.0;0,00
CAMPINA GRANDE DO SUL;410400603A;PR;Jardim da Colina;-25,311;-49,053;2025-03-30 05:20:00.0;0,00
CAMPINA GRANDE DO SUL;410400603A;PR;Jardim da Colina;-25,311;-49,053;2025-03-30 06:20:00.0;0,00
CAMPINA GRANDE DO SUL;410400603A;PR;Jardim da Colina;-25,311;-49,053;2025-03-30 07:20:00.0;0,00
CAMPINA GRANDE DO SUL;410400603A;PR;Jardim da Colina;-25,311;-49,053;2025-03-30 08:20:00.0;0,00
CAMPINA GRANDE DO SUL;410400603A;PR;Jardim da Colina;-25,311;-49,053;2025-03-30 09:20:00.0;0,00
CAMPINA GRANDE DO SUL;410400603A;PR;Jardim da Colina;-25,311;-49,053;2025-03-30 10:20:00.0;0,00
CAMPINA GRANDE DO SUL;410400603A;PR;Jardim da Colina;-25,311;-49,053;2025-03-30 11:20:00.0;0,00
CAMPINA GRANDE DO SUL;410400603A;PR;Jardim da Colina;-25,311;-49,053;2025-03-30 12:20:00.0;0,00
CAMPINA GRANDE DO SUL;410400603A;PR;Jardim da Colina;-25,311;-49,053;2025-03-30 13:20:00.0;0,00
CAMPINA GRANDE DO SUL;410400603A;PR;Jardim da Colina;-25,311;-49,053;2025-03-30 14:20:00.0;0,00
CAMPINA GRANDE DO SUL;410400603A;PR;Jardim da Colina;-25,311;-49,053;2025-03-30 15:40:00.0;0,00
CAMPINA GRANDE DO SUL;410400603A;PR;Jardim da Colina;-25,311;-49,053;2025-03-30 16:20:00.0;0,00
CAMPINA GRANDE DO SUL;410400603A;PR;Jardim da Colina;-25,311;-49,053;2025-03-30 17:20:00.0;0,00
CAMPINA GRANDE DO SUL;410400603A;PR;Jardim da Colina;-25,311;-49,053;2025-03-30 18:20:00.0;0,00
CAMPINA GRANDE DO SUL;410400603A;PR;Jardim da Colina;-25,311;-49,053;2025-03-30 19:20:00.0;0,00
CAMPINA GRANDE DO SUL;410400603A;PR;Jardim da Colina;-25,311;-49,053;2025-03-30 20:20:00.0;0,00
CAMPINA GRANDE DO SUL;410400603A;PR;Jardim da Colina;-25,311;-49,053;2025-03-30 21:20:00.0;0,00
CAMPINA GRANDE DO SUL;410400603A;PR;Jardim da Colina;-25,311;-49,053;2025-03-30 22:20:00.0;0,00
CAMPINA GRANDE DO SUL;410400603A;PR;Jardim da Colina;-25,311;-49,053;2025-03-30 23:20:00.0;0,00
CAMPINA GRANDE DO SUL;410400603A;PR;Jardim da Colina;-25,311;-49,053;2025-03-31 00:20:00.0;0,00
CAMPINA GRANDE DO SUL;410400603A;PR;Jardim da Colina;-25,311;-49,053;2025-03-31 01:20:00.0;0,00
CAMPINA GRANDE DO SUL;410400603A;PR;Jardim da Colina;-25,311;-49,053;2025-03-31 02:20:00.0;0,00
CAMPINA GRANDE DO SUL;410400603A;PR;Jardim da Colina;-25,311;-49,053;2025-03-31 03:20:00.0;0,00
CAMPINA GRANDE DO SUL;410400603A;PR;Jardim da Colina;-25,311;-49,053;2025-03-31 04:20:00.0;0,00
CAMPINA GRANDE DO SUL;410400603A;PR;Jardim da Colina;-25,311;-49,053;2025-03-31 05:20:00.0;0,00
CAMPINA GRANDE DO SUL;410400603A;PR;Jardim da Colina;-25,311;-49,053;2025-03-31 06:20:00.0;0,00
CAMPINA GRANDE DO SUL;410400603A;PR;Jardim da Colina;-25,311;-49,053;2025-03-31 07:20:00.0;0,00
CAMPINA GRANDE DO SUL;410400603A;PR;Jardim da Colina;-25,311;-49,053;2025-03-31 08:20:00.0;0,00
CAMPINA GRANDE DO SUL;410400603A;PR;Jardim da Colina;-25,311;-49,053;2025-03-31 09:20:00.0;0,00
CAMPINA GRANDE DO SUL;410400603A;PR;Jardim da Colina;-25,311;-49,053;2025-03-31 10:20:00.0;0,00
CAMPINA GRANDE DO SUL;410400603A;PR;Jardim da Colina;-25,311;-49,053;2025-03-31 11:20:00.0;0,00
CAMPINA GRANDE DO SUL;410400603A;PR;Jardim da Colina;-25,311;-49,053;2025-03-31 12:20:00.0;0,00
CAMPINA GRANDE DO SUL;410400603A;PR;Jardim da Colina;-25,311;-49,053;2025-03-31 13:20:00.0;0,00
CAMPINA GRANDE DO SUL;410400603A;PR;Jardim da Colina;-25,311;-49,053;2025-03-31 14:20:00.0;0,00
CAMPINA GRANDE DO SUL;410400603A;PR;Jardim da Colina;-25,311;-49,053;2025-03-31 15:20:00.0;0,00
CAMPINA GRANDE DO SUL;410400603A;PR;Jardim da Colina;-25,311;-49,053;2025-03-31 16:20:00.0;0,00
CAMPINA GRANDE DO SUL;410400603A;PR;Jardim da Colina;-25,311;-49,053;2025-03-31 17:20:00.0;0,00
CAMPINA GRANDE DO SUL;410400603A;PR;Jardim da Colina;-25,311;-49,053;2025-03-31 18:20:00.0;0,00
CAMPINA GRANDE DO SUL;410400603A;PR;Jardim da Colina;-25,311;-49,053;2025-03-31 19:20:00.0;0,00
CAMPINA GRANDE DO SUL;410400603A;PR;Jardim da Colina;-25,311;-49,053;2025-03-31 20:20:00.0;0,00
CAMPINA GRANDE DO SUL;410400603A;PR;Jardim da Colina;-25,311;-49,053;2025-03-31 21:20:00.0;0,00
CAMPINA GRANDE DO SUL;410400603A;PR;Jardim da Colina;-25,311;-49,053;2025-03-31 22:20:00.0;0,00
CAMPINA GRANDE DO SUL;410400603A;PR;Jardim da Colina;-25,311;-49,053;2025-03-31 23:20:00.0;0,00
CAMPO DO TENENTE;410410501A;PR;Centro;-25,98;-49,68408;2025-03-01 00:00:00.0;0,00
CAMPO DO TENENTE;410410501A;PR;Centro;-25,98;-49,68408;2025-03-01 00:10:00.0;0,00
CAMPO DO TENENTE;410410501A;PR;Centro;-25,98;-49,68408;2025-03-01 01:00:00.0;0,00
CAMPO DO TENENTE;410410501A;PR;Centro;-25,98;-49,68408;2025-03-01 02:00:00.0;0,00
CAMPO DO TENENTE;410410501A;PR;Centro;-25,98;-49,68408;2025-03-01 03:00:00.0;0,00
CAMPO DO TENENTE;410410501A;PR;Centro;-25,98;-49,68408;2025-03-01 04:00:00.0;0,00
CAMPO DO TENENTE;410410501A;PR;Centro;-25,98;-49,68408;2025-03-01 05:00:00.0;0,00
CAMPO DO TENENTE;410410501A;PR;Centro;-25,98;-49,68408;2025-03-01 06:00:00.0;0,00
CAMPO DO TENENTE;410410501A;PR;Centro;-25,98;-49,68408;2025-03-01 07:00:00.0;0,00
CAMPO DO TENENTE;410410501A;PR;Centro;-25,98;-49,68408;2025-03-01 08:00:00.0;0,00
CAMPO DO TENENTE;410410501A;PR;Centro;-25,98;-49,68408;2025-03-01 09:00:00.0;0,00
CAMPO DO TENENTE;410410501A;PR;Centro;-25,98;-49,68408;2025-03-01 10:00:00.0;0,00
CAMPO DO TENENTE;410410501A;PR;Centro;-25,98;-49,68408;2025-03-01 11:00:00.0;0,00
CAMPO DO TENENTE;410410501A;PR;Centro;-25,98;-49,68408;2025-03-01 12:00:00.0;0,00
CAMPO DO TENENTE;410410501A;PR;Centro;-25,98;-49,68408;2025-03-01 13:00:00.0;0,00
CAMPO DO TENENTE;410410501A;PR;Centro;-25,98;-49,68408;2025-03-01 14:00:00.0;0,00
CAMPO DO TENENTE;410410501A;PR;Centro;-25,98;-49,68408;2025-03-01 15:00:00.0;0,00
CAMPO DO TENENTE;410410501A;PR;Centro;-25,98;-49,68408;2025-03-01 16:00:00.0;0,00
CAMPO DO TENENTE;410410501A;PR;Centro;-25,98;-49,68408;2025-03-01 17:00:00.0;0,00
CAMPO DO TENENTE;410410501A;PR;Centro;-25,98;-49,68408;2025-03-01 18:00:00.0;0,00
CAMPO DO TENENTE;410410501A;PR;Centro;-25,98;-49,68408;2025-03-01 19:00:00.0;0,00
CAMPO DO TENENTE;410410501A;PR;Centro;-25,98;-49,68408;2025-03-01 20:00:00.0;0,00
CAMPO DO TENENTE;410410501A;PR;Centro;-25,98;-49,68408;2025-03-01 21:00:00.0;0,00
CAMPO DO TENENTE;410410501A;PR;Centro;-25,98;-49,68408;2025-03-01 22:00:00.0;0,00
CAMPO DO TENENTE;410410501A;PR;Centro;-25,98;-49,68408;2025-03-01 23:00:00.0;0,00
CAMPO DO TENENTE;410410501A;PR;Centro;-25,98;-49,68408;2025-03-02 00:00:00.0;0,00
CAMPO DO TENENTE;410410501A;PR;Centro;-25,98;-49,68408;2025-03-02 01:00:00.0;0,00
CAMPO DO TENENTE;410410501A;PR;Centro;-25,98;-49,68408;2025-03-02 02:00:00.0;0,00
CAMPO DO TENENTE;410410501A;PR;Centro;-25,98;-49,68408;2025-03-02 03:00:00.0;0,00
CAMPO DO TENENTE;410410501A;PR;Centro;-25,98;-49,68408;2025-03-02 04:00:00.0;0,00
CAMPO DO TENENTE;410410501A;PR;Centro;-25,98;-49,68408;2025-03-02 05:00:00.0;0,00
CAMPO DO TENENTE;410410501A;PR;Centro;-25,98;-49,68408;2025-03-02 06:00:00.0;0,00
CAMPO DO TENENTE;410410501A;PR;Centro;-25,98;-49,68408;2025-03-02 07:00:00.0;0,00
CAMPO DO TENENTE;410410501A;PR;Centro;-25,98;-49,68408;2025-03-02 08:00:00.0;0,00
CAMPO DO TENENTE;410410501A;PR;Centro;-25,98;-49,68408;2025-03-02 09:00:00.0;0,00
CAMPO DO TENENTE;410410501A;PR;Centro;-25,98;-49,68408;2025-03-02 10:00:00.0;0,00
CAMPO DO TENENTE;410410501A;PR;Centro;-25,98;-49,68408;2025-03-02 11:00:00.0;0,00
CAMPO DO TENENTE;410410501A;PR;Centro;-25,98;-49,68408;2025-03-02 12:00:00.0;0,00
CAMPO DO TENENTE;410410501A;PR;Centro;-25,98;-49,68408;2025-03-02 13:00:00.0;0,00
CAMPO DO TENENTE;410410501A;PR;Centro;-25,98;-49,68408;2025-03-02 14:00:00.0;0,00
CAMPO DO TENENTE;410410501A;PR;Centro;-25,98;-49,68408;2025-03-02 15:00:00.0;0,00
CAMPO DO TENENTE;410410501A;PR;Centro;-25,98;-49,68408;2025-03-02 16:00:00.0;0,00
CAMPO DO TENENTE;410410501A;PR;Centro;-25,98;-49,68408;2025-03-02 17:00:00.0;0,00
CAMPO DO TENENTE;410410501A;PR;Centro;-25,98;-49,68408;2025-03-02 18:00:00.0;0,00
CAMPO DO TENENTE;410410501A;PR;Centro;-25,98;-49,68408;2025-03-02 19:00:00.0;0,00
CAMPO DO TENENTE;410410501A;PR;Centro;-25,98;-49,68408;2025-03-02 20:00:00.0;0,00
CAMPO DO TENENTE;410410501A;PR;Centro;-25,98;-49,68408;2025-03-02 21:00:00.0;0,00
CAMPO DO TENENTE;410410501A;PR;Centro;-25,98;-49,68408;2025-03-02 22:00:00.0;0,00
CAMPO DO TENENTE;410410501A;PR;Centro;-25,98;-49,68408;2025-03-02 23:00:00.0;0,00
CAMPO DO TENENTE;410410501A;PR;Centro;-25,98;-49,68408;2025-03-03 00:00:00.0;0,00
CAMPO DO TENENTE;410410501A;PR;Centro;-25,98;-49,68408;2025-03-03 01:00:00.0;0,00
CAMPO DO TENENTE;410410501A;PR;Centro;-25,98;-49,68408;2025-03-03 02:00:00.0;0,00
CAMPO DO TENENTE;410410501A;PR;Centro;-25,98;-49,68408;2025-03-03 03:00:00.0;0,00
CAMPO DO TENENTE;410410501A;PR;Centro;-25,98;-49,68408;2025-03-03 04:00:00.0;0,00
CAMPO DO TENENTE;410410501A;PR;Centro;-25,98;-49,68408;2025-03-03 05:00:00.0;0,00
CAMPO DO TENENTE;410410501A;PR;Centro;-25,98;-49,68408;2025-03-03 06:00:00.0;0,00
CAMPO DO TENENTE;410410501A;PR;Centro;-25,98;-49,68408;2025-03-03 07:00:00.0;0,00
CAMPO DO TENENTE;410410501A;PR;Centro;-25,98;-49,68408;2025-03-03 08:00:00.0;0,00
CAMPO DO TENENTE;410410501A;PR;Centro;-25,98;-49,68408;2025-03-03 09:00:00.0;0,00
CAMPO DO TENENTE;410410501A;PR;Centro;-25,98;-49,68408;2025-03-03 10:00:00.0;0,00
CAMPO DO TENENTE;410410501A;PR;Centro;-25,98;-49,68408;2025-03-03 11:00:00.0;0,00
CAMPO DO TENENTE;410410501A;PR;Centro;-25,98;-49,68408;2025-03-03 12:00:00.0;0,00
CAMPO DO TENENTE;410410501A;PR;Centro;-25,98;-49,68408;2025-03-03 13:00:00.0;0,00
CAMPO DO TENENTE;410410501A;PR;Centro;-25,98;-49,68408;2025-03-03 14:00:00.0;0,00
CAMPO DO TENENTE;410410501A;PR;Centro;-25,98;-49,68408;2025-03-03 15:00:00.0;0,00
CAMPO DO TENENTE;410410501A;PR;Centro;-25,98;-49,68408;2025-03-03 16:00:00.0;0,00
CAMPO DO TENENTE;410410501A;PR;Centro;-25,98;-49,68408;2025-03-03 17:00:00.0;0,00
CAMPO DO TENENTE;410410501A;PR;Centro;-25,98;-49,68408;2025-03-03 18:00:00.0;0,00
CAMPO DO TENENTE;410410501A;PR;Centro;-25,98;-49,68408;2025-03-03 19:00:00.0;0,00
CAMPO DO TENENTE;410410501A;PR;Centro;-25,98;-49,68408;2025-03-03 20:00:00.0;0,00
CAMPO DO TENENTE;410410501A;PR;Centro;-25,98;-49,68408;2025-03-03 21:00:00.0;0,00
CAMPO DO TENENTE;410410501A;PR;Centro;-25,98;-49,68408;2025-03-03 22:00:00.0;0,00
CAMPO DO TENENTE;410410501A;PR;Centro;-25,98;-49,68408;2025-03-03 23:00:00.0;0,00
CAMPO DO TENENTE;410410501A;PR;Centro;-25,98;-49,68408;2025-03-04 00:00:00.0;0,00
CAMPO DO TENENTE;410410501A;PR;Centro;-25,98;-49,68408;2025-03-04 01:00:00.0;0,00
CAMPO DO TENENTE;410410501A;PR;Centro;-25,98;-49,68408;2025-03-04 02:00:00.0;0,00
CAMPO DO TENENTE;410410501A;PR;Centro;-25,98;-49,68408;2025-03-04 03:00:00.0;0,00
CAMPO DO TENENTE;410410501A;PR;Centro;-25,98;-49,68408;2025-03-04 04:00:00.0;0,00
CAMPO DO TENENTE;410410501A;PR;Centro;-25,98;-49,68408;2025-03-04 05:00:00.0;0,00
CAMPO DO TENENTE;410410501A;PR;Centro;-25,98;-49,68408;2025-03-04 06:00:00.0;0,00
CAMPO DO TENENTE;410410501A;PR;Centro;-25,98;-49,68408;2025-03-04 07:00:00.0;0,00
CAMPO DO TENENTE;410410501A;PR;Centro;-25,98;-49,68408;2025-03-04 08:00:00.0;0,00
CAMPO DO TENENTE;410410501A;PR;Centro;-25,98;-49,68408;2025-03-04 09:00:00.0;0,00
CAMPO DO TENENTE;410410501A;PR;Centro;-25,98;-49,68408;2025-03-04 10:00:00.0;0,00
CAMPO DO TENENTE;410410501A;PR;Centro;-25,98;-49,68408;2025-03-04 11:00:00.0;0,00
CAMPO DO TENENTE;410410501A;PR;Centro;-25,98;-49,68408;2025-03-04 12:00:00.0;0,00
CAMPO DO TENENTE;410410501A;PR;Centro;-25,98;-49,68408;2025-03-04 13:00:00.0;0,00
CAMPO DO TENENTE;410410501A;PR;Centro;-25,98;-49,68408;2025-03-04 14:00:00.0;0,00
CAMPO DO TENENTE;410410501A;PR;Centro;-25,98;-49,68408;2025-03-04 15:00:00.0;0,00
CAMPO DO TENENTE;410410501A;PR;Centro;-25,98;-49,68408;2025-03-04 16:00:00.0;0,00
CAMPO DO TENENTE;410410501A;PR;Centro;-25,98;-49,68408;2025-03-04 17:00:00.0;0,00
CAMPO DO TENENTE;410410501A;PR;Centro;-25,98;-49,68408;2025-03-04 18:00:00.0;0,00
CAMPO DO TENENTE;410410501A;PR;Centro;-25,98;-49,68408;2025-03-04 19:00:00.0;0,00
CAMPO DO TENENTE;410410501A;PR;Centro;-25,98;-49,68408;2025-03-04 20:00:00.0;0,00
CAMPO DO TENENTE;410410501A;PR;Centro;-25,98;-49,68408;2025-03-04 21:00:00.0;0,00
CAMPO DO TENENTE;410410501A;PR;Centro;-25,98;-49,68408;2025-03-04 22:00:00.0;0,00
CAMPO DO TENENTE;410410501A;PR;Centro;-25,98;-49,68408;2025-03-04 23:00:00.0;0,00
CAMPO DO TENENTE;410410501A;PR;Centro;-25,98;-49,68408;2025-03-05 00:00:00.0;0,00
CAMPO DO TENENTE;410410501A;PR;Centro;-25,98;-49,68408;2025-03-05 01:00:00.0;0,00
CAMPO DO TENENTE;410410501A;PR;Centro;-25,98;-49,68408;2025-03-05 02:00:00.0;0,00
CAMPO DO TENENTE;410410501A;PR;Centro;-25,98;-49,68408;2025-03-05 03:00:00.0;0,00
CAMPO DO TENENTE;410410501A;PR;Centro;-25,98;-49,68408;2025-03-05 04:00:00.0;0,00
CAMPO DO TENENTE;410410501A;PR;Centro;-25,98;-49,68408;2025-03-05 05:00:00.0;0,00
CAMPO DO TENENTE;410410501A;PR;Centro;-25,98;-49,68408;2025-03-05 06:00:00.0;0,00
CAMPO DO TENENTE;410410501A;PR;Centro;-25,98;-49,68408;2025-03-05 07:00:00.0;0,00
CAMPO DO TENENTE;410410501A;PR;Centro;-25,98;-49,68408;2025-03-05 08:00:00.0;0,00
CAMPO DO TENENTE;410410501A;PR;Centro;-25,98;-49,68408;2025-03-05 09:00:00.0;0,00
CAMPO DO TENENTE;410410501A;PR;Centro;-25,98;-49,68408;2025-03-05 10:00:00.0;0,00
CAMPO DO TENENTE;410410501A;PR;Centro;-25,98;-49,68408;2025-03-05 11:00:00.0;0,00
CAMPO DO TENENTE;410410501A;PR;Centro;-25,98;-49,68408;2025-03-05 12:00:00.0;0,00
CAMPO DO TENENTE;410410501A;PR;Centro;-25,98;-49,68408;2025-03-05 13:00:00.0;0,00
CAMPO DO TENENTE;410410501A;PR;Centro;-25,98;-49,68408;2025-03-05 14:00:00.0;0,00
CAMPO DO TENENTE;410410501A;PR;Centro;-25,98;-49,68408;2025-03-05 15:00:00.0;0,00
CAMPO DO TENENTE;410410501A;PR;Centro;-25,98;-49,68408;2025-03-05 16:00:00.0;0,00
CAMPO DO TENENTE;410410501A;PR;Centro;-25,98;-49,68408;2025-03-05 17:00:00.0;0,00
CAMPO DO TENENTE;410410501A;PR;Centro;-25,98;-49,68408;2025-03-05 18:00:00.0;0,00
CAMPO DO TENENTE;410410501A;PR;Centro;-25,98;-49,68408;2025-03-05 19:00:00.0;0,00
CAMPO DO TENENTE;410410501A;PR;Centro;-25,98;-49,68408;2025-03-05 20:00:00.0;0,00
CAMPO DO TENENTE;410410501A;PR;Centro;-25,98;-49,68408;2025-03-05 21:00:00.0;0,00
CAMPO DO TENENTE;410410501A;PR;Centro;-25,98;-49,68408;2025-03-05 22:00:00.0;0,00
CAMPO DO TENENTE;410410501A;PR;Centro;-25,98;-49,68408;2025-03-05 23:00:00.0;0,00
CAMPO DO TENENTE;410410501A;PR;Centro;-25,98;-49,68408;2025-03-06 00:00:00.0;0,00
CAMPO DO TENENTE;410410501A;PR;Centro;-25,98;-49,68408;2025-03-06 01:00:00.0;0,00
CAMPO DO TENENTE;410410501A;PR;Centro;-25,98;-49,68408;2025-03-06 02:00:00.0;0,00
CAMPO DO TENENTE;410410501A;PR;Centro;-25,98;-49,68408;2025-03-06 03:00:00.0;0,00
CAMPO DO TENENTE;410410501A;PR;Centro;-25,98;-49,68408;2025-03-06 04:00:00.0;0,00
CAMPO DO TENENTE;410410501A;PR;Centro;-25,98;-49,68408;2025-03-06 05:00:00.0;0,00
CAMPO DO TENENTE;410410501A;PR;Centro;-25,98;-49,68408;2025-03-06 06:00:00.0;0,00
CAMPO DO TENENTE;410410501A;PR;Centro;-25,98;-49,68408;2025-03-06 07:00:00.0;0,00
CAMPO DO TENENTE;410410501A;PR;Centro;-25,98;-49,68408;2025-03-06 08:00:00.0;0,00
CAMPO DO TENENTE;410410501A;PR;Centro;-25,98;-49,68408;2025-03-06 09:00:00.0;0,00
CAMPO DO TENENTE;410410501A;PR;Centro;-25,98;-49,68408;2025-03-06 10:00:00.0;0,00
CAMPO DO TENENTE;410410501A;PR;Centro;-25,98;-49,68408;2025-03-06 11:00:00.0;0,00
CAMPO DO TENENTE;410410501A;PR;Centro;-25,98;-49,68408;2025-03-06 12:00:00.0;0,00
CAMPO DO TENENTE;410410501A;PR;Centro;-25,98;-49,68408;2025-03-06 13:00:00.0;0,00
CAMPO DO TENENTE;410410501A;PR;Centro;-25,98;-49,68408;2025-03-06 13:30:00.0;0,40
CAMPO DO TENENTE;410410501A;PR;Centro;-25,98;-49,68408;2025-03-06 14:20:00.0;0,40
CAMPO DO TENENTE;410410501A;PR;Centro;-25,98;-49,68408;2025-03-06 15:00:00.0;0,00
CAMPO DO TENENTE;410410501A;PR;Centro;-25,98;-49,68408;2025-03-06 16:00:00.0;0,00
CAMPO DO TENENTE;410410501A;PR;Centro;-25,98;-49,68408;2025-03-06 17:00:00.0;0,00
CAMPO DO TENENTE;410410501A;PR;Centro;-25,98;-49,68408;2025-03-06 18:00:00.0;0,00
CAMPO DO TENENTE;410410501A;PR;Centro;-25,98;-49,68408;2025-03-06 19:00:00.0;0,00
CAMPO DO TENENTE;410410501A;PR;Centro;-25,98;-49,68408;2025-03-06 20:00:00.0;0,00
CAMPO DO TENENTE;410410501A;PR;Centro;-25,98;-49,68408;2025-03-06 21:00:00.0;0,00
CAMPO DO TENENTE;410410501A;PR;Centro;-25,98;-49,68408;2025-03-06 22:00:00.0;0,00
CAMPO DO TENENTE;410410501A;PR;Centro;-25,98;-49,68408;2025-03-06 23:00:00.0;0,00
CAMPO DO TENENTE;410410501A;PR;Centro;-25,98;-49,68408;2025-03-07 00:00:00.0;0,00
CAMPO DO TENENTE;410410501A;PR;Centro;-25,98;-49,68408;2025-03-07 01:00:00.0;0,00
CAMPO DO TENENTE;410410501A;PR;Centro;-25,98;-49,68408;2025-03-07 02:00:00.0;0,00
CAMPO DO TENENTE;410410501A;PR;Centro;-25,98;-49,68408;2025-03-07 03:00:00.0;0,00
CAMPO DO TENENTE;410410501A;PR;Centro;-25,98;-49,68408;2025-03-07 04:00:00.0;0,00
CAMPO DO TENENTE;410410501A;PR;Centro;-25,98;-49,68408;2025-03-07 05:00:00.0;0,00
CAMPO DO TENENTE;410410501A;PR;Centro;-25,98;-49,68408;2025-03-07 06:00:00.0;0,00
CAMPO DO TENENTE;410410501A;PR;Centro;-25,98;-49,68408;2025-03-07 07:00:00.0;0,00
CAMPO DO TENENTE;410410501A;PR;Centro;-25,98;-49,68408;2025-03-07 08:00:00.0;0,00
CAMPO DO TENENTE;410410501A;PR;Centro;-25,98;-49,68408;2025-03-07 09:00:00.0;0,00
CAMPO DO TENENTE;410410501A;PR;Centro;-25,98;-49,68408;2025-03-07 10:00:00.0;0,00
CAMPO DO TENENTE;410410501A;PR;Centro;-25,98;-49,68408;2025-03-07 11:00:00.0;0,00
CAMPO DO TENENTE;410410501A;PR;Centro;-25,98;-49,68408;2025-03-07 12:00:00.0;0,00
CAMPO DO TENENTE;410410501A;PR;Centro;-25,98;-49,68408;2025-03-07 13:00:00.0;0,00
CAMPO DO TENENTE;410410501A;PR;Centro;-25,98;-49,68408;2025-03-07 14:00:00.0;0,00
CAMPO DO TENENTE;410410501A;PR;Centro;-25,98;-49,68408;2025-03-07 15:00:00.0;0,20
CAMPO DO TENENTE;410410501A;PR;Centro;-25,98;-49,68408;2025-03-07 16:00:00.0;0,00
CAMPO DO TENENTE;410410501A;PR;Centro;-25,98;-49,68408;2025-03-07 17:00:00.0;0,00
CAMPO DO TENENTE;410410501A;PR;Centro;-25,98;-49,68408;2025-03-07 18:00:00.0;0,00
CAMPO DO TENENTE;410410501A;PR;Centro;-25,98;-49,68408;2025-03-07 19:00:00.0;0,00
CAMPO DO TENENTE;410410501A;PR;Centro;-25,98;-49,68408;2025-03-07 20:00:00.0;0,00
CAMPO DO TENENTE;410410501A;PR;Centro;-25,98;-49,68408;2025-03-07 21:00:00.0;0,00
CAMPO DO TENENTE;410410501A;PR;Centro;-25,98;-49,68408;2025-03-07 22:00:00.0;0,00
CAMPO DO TENENTE;410410501A;PR;Centro;-25,98;-49,68408;2025-03-07 23:00:00.0;0,00
CAMPO DO TENENTE;410410501A;PR;Centro;-25,98;-49,68408;2025-03-08 00:00:00.0;0,00
CAMPO DO TENENTE;410410501A;PR;Centro;-25,98;-49,68408;2025-03-08 01:00:00.0;0,00
CAMPO DO TENENTE;410410501A;PR;Centro;-25,98;-49,68408;2025-03-08 02:00:00.0;0,00
CAMPO DO TENENTE;410410501A;PR;Centro;-25,98;-49,68408;2025-03-08 03:00:00.0;0,00
CAMPO DO TENENTE;410410501A;PR;Centro;-25,98;-49,68408;2025-03-08 04:00:00.0;0,00
CAMPO DO TENENTE;410410501A;PR;Centro;-25,98;-49,68408;2025-03-08 05:00:00.0;0,00
CAMPO DO TENENTE;410410501A;PR;Centro;-25,98;-49,68408;2025-03-08 06:00:00.0;0,00
CAMPO DO TENENTE;410410501A;PR;Centro;-25,98;-49,68408;2025-03-08 07:00:00.0;0,00
CAMPO DO TENENTE;410410501A;PR;Centro;-25,98;-49,68408;2025-03-08 08:00:00.0;0,00
CAMPO DO TENENTE;410410501A;PR;Centro;-25,98;-49,68408;2025-03-08 09:00:00.0;0,00
CAMPO DO TENENTE;410410501A;PR;Centro;-25,98;-49,68408;2025-03-08 10:00:00.0;0,00
CAMPO DO TENENTE;410410501A;PR;Centro;-25,98;-49,68408;2025-03-08 11:00:00.0;0,00
CAMPO DO TENENTE;410410501A;PR;Centro;-25,98;-49,68408;2025-03-08 12:00:00.0;0,00
CAMPO DO TENENTE;410410501A;PR;Centro;-25,98;-49,68408;2025-03-08 13:00:00.0;0,00
CAMPO DO TENENTE;410410501A;PR;Centro;-25,98;-49,68408;2025-03-08 14:00:00.0;0,00
CAMPO DO TENENTE;410410501A;PR;Centro;-25,98;-49,68408;2025-03-08 15:00:00.0;0,00
CAMPO DO TENENTE;410410501A;PR;Centro;-25,98;-49,68408;2025-03-08 16:00:00.0;0,00
CAMPO DO TENENTE;410410501A;PR;Centro;-25,98;-49,68408;2025-03-08 17:00:00.0;0,00
CAMPO DO TENENTE;410410501A;PR;Centro;-25,98;-49,68408;2025-03-08 18:00:00.0;0,00
CAMPO DO TENENTE;410410501A;PR;Centro;-25,98;-49,68408;2025-03-08 19:00:00.0;0,00
CAMPO DO TENENTE;410410501A;PR;Centro;-25,98;-49,68408;2025-03-08 20:00:00.0;0,00
CAMPO DO TENENTE;410410501A;PR;Centro;-25,98;-49,68408;2025-03-08 21:00:00.0;0,00
CAMPO DO TENENTE;410410501A;PR;Centro;-25,98;-49,68408;2025-03-08 22:00:00.0;0,00
CAMPO DO TENENTE;410410501A;PR;Centro;-25,98;-49,68408;2025-03-08 23:00:00.0;0,00
CAMPO DO TENENTE;410410501A;PR;Centro;-25,98;-49,68408;2025-03-09 00:00:00.0;0,00
CAMPO DO TENENTE;410410501A;PR;Centro;-25,98;-49,68408;2025-03-09 01:00:00.0;0,00
CAMPO DO TENENTE;410410501A;PR;Centro;-25,98;-49,68408;2025-03-09 02:00:00.0;0,00
CAMPO DO TENENTE;410410501A;PR;Centro;-25,98;-49,68408;2025-03-09 03:00:00.0;0,00
CAMPO DO TENENTE;410410501A;PR;Centro;-25,98;-49,68408;2025-03-09 04:00:00.0;0,00
CAMPO DO TENENTE;410410501A;PR;Centro;-25,98;-49,68408;2025-03-09 05:00:00.0;0,00
CAMPO DO TENENTE;410410501A;PR;Centro;-25,98;-49,68408;2025-03-09 06:00:00.0;0,00
CAMPO DO TENENTE;410410501A;PR;Centro;-25,98;-49,68408;2025-03-09 07:00:00.0;0,00
CAMPO DO TENENTE;410410501A;PR;Centro;-25,98;-49,68408;2025-03-09 08:00:00.0;0,00
CAMPO DO TENENTE;410410501A;PR;Centro;-25,98;-49,68408;2025-03-09 09:00:00.0;0,00
CAMPO DO TENENTE;410410501A;PR;Centro;-25,98;-49,68408;2025-03-09 10:00:00.0;0,00
CAMPO DO TENENTE;410410501A;PR;Centro;-25,98;-49,68408;2025-03-09 11:00:00.0;0,00
CAMPO DO TENENTE;410410501A;PR;Centro;-25,98;-49,68408;2025-03-09 12:00:00.0;0,00
CAMPO DO TENENTE;410410501A;PR;Centro;-25,98;-49,68408;2025-03-09 13:00:00.0;0,00
CAMPO DO TENENTE;410410501A;PR;Centro;-25,98;-49,68408;2025-03-09 14:00:00.0;0,00
CAMPO DO TENENTE;410410501A;PR;Centro;-25,98;-49,68408;2025-03-09 15:00:00.0;0,00
CAMPO DO TENENTE;410410501A;PR;Centro;-25,98;-49,68408;2025-03-09 16:00:00.0;0,00
CAMPO DO TENENTE;410410501A;PR;Centro;-25,98;-49,68408;2025-03-09 17:00:00.0;0,00
CAMPO DO TENENTE;410410501A;PR;Centro;-25,98;-49,68408;2025-03-09 18:00:00.0;0,00
CAMPO DO TENENTE;410410501A;PR;Centro;-25,98;-49,68408;2025-03-09 19:00:00.0;0,00
CAMPO DO TENENTE;410410501A;PR;Centro;-25,98;-49,68408;2025-03-09 20:00:00.0;0,00
CAMPO DO TENENTE;410410501A;PR;Centro;-25,98;-49,68408;2025-03-09 21:00:00.0;0,00
CAMPO DO TENENTE;410410501A;PR;Centro;-25,98;-49,68408;2025-03-09 22:00:00.0;0,00
CAMPO DO TENENTE;410410501A;PR;Centro;-25,98;-49,68408;2025-03-09 22:20:00.0;0,20
CAMPO DO TENENTE;410410501A;PR;Centro;-25,98;-49,68408;2025-03-09 23:00:00.0;0,00
CAMPO DO TENENTE;410410501A;PR;Centro;-25,98;-49,68408;2025-03-10 00:00:00.0;0,00
CAMPO DO TENENTE;410410501A;PR;Centro;-25,98;-49,68408;2025-03-10 01:00:00.0;0,00
CAMPO DO TENENTE;410410501A;PR;Centro;-25,98;-49,68408;2025-03-10 02:00:00.0;0,00
CAMPO DO TENENTE;410410501A;PR;Centro;-25,98;-49,68408;2025-03-10 03:00:00.0;0,00
CAMPO DO TENENTE;410410501A;PR;Centro;-25,98;-49,68408;2025-03-10 04:00:00.0;0,00
CAMPO DO TENENTE;410410501A;PR;Centro;-25,98;-49,68408;2025-03-10 05:00:00.0;0,00
CAMPO DO TENENTE;410410501A;PR;Centro;-25,98;-49,68408;2025-03-10 06:00:00.0;0,00
CAMPO DO TENENTE;410410501A;PR;Centro;-25,98;-49,68408;2025-03-10 07:00:00.0;0,00
CAMPO DO TENENTE;410410501A;PR;Centro;-25,98;-49,68408;2025-03-10 08:00:00.0;0,00
CAMPO DO TENENTE;410410501A;PR;Centro;-25,98;-49,68408;2025-03-10 09:00:00.0;0,00
CAMPO DO TENENTE;410410501A;PR;Centro;-25,98;-49,68408;2025-03-10 10:00:00.0;0,00
CAMPO DO TENENTE;410410501A;PR;Centro;-25,98;-49,68408;2025-03-10 11:00:00.0;0,00
CAMPO DO TENENTE;410410501A;PR;Centro;-25,98;-49,68408;2025-03-10 12:00:00.0;0,00
CAMPO DO TENENTE;410410501A;PR;Centro;-25,98;-49,68408;2025-03-10 13:00:00.0;0,00
CAMPO DO TENENTE;410410501A;PR;Centro;-25,98;-49,68408;2025-03-10 14:00:00.0;0,00
CAMPO DO TENENTE;410410501A;PR;Centro;-25,98;-49,68408;2025-03-10 15:00:00.0;0,00
CAMPO DO TENENTE;410410501A;PR;Centro;-25,98;-49,68408;2025-03-10 16:00:00.0;0,00
CAMPO DO TENENTE;410410501A;PR;Centro;-25,98;-49,68408;2025-03-10 17:00:00.0;0,00
CAMPO DO TENENTE;410410501A;PR;Centro;-25,98;-49,68408;2025-03-10 18:00:00.0;0,00
CAMPO DO TENENTE;410410501A;PR;Centro;-25,98;-49,68408;2025-03-10 19:00:00.0;0,00
CAMPO DO TENENTE;410410501A;PR;Centro;-25,98;-49,68408;2025-03-10 20:00:00.0;0,00
CAMPO DO TENENTE;410410501A;PR;Centro;-25,98;-49,68408;2025-03-10 21:00:00.0;0,00
CAMPO DO TENENTE;410410501A;PR;Centro;-25,98;-49,68408;2025-03-10 22:00:00.0;0,00
CAMPO DO TENENTE;410410501A;PR;Centro;-25,98;-49,68408;2025-03-10 23:00:00.0;0,00
CAMPO DO TENENTE;410410501A;PR;Centro;-25,98;-49,68408;2025-03-11 00:00:00.0;0,00
CAMPO DO TENENTE;410410501A;PR;Centro;-25,98;-49,68408;2025-03-11 01:00:00.0;0,00
CAMPO DO TENENTE;410410501A;PR;Centro;-25,98;-49,68408;2025-03-11 02:00:00.0;0,00
CAMPO DO TENENTE;410410501A;PR;Centro;-25,98;-49,68408;2025-03-11 03:00:00.0;0,00
CAMPO DO TENENTE;410410501A;PR;Centro;-25,98;-49,68408;2025-03-11 04:00:00.0;0,00
CAMPO DO TENENTE;410410501A;PR;Centro;-25,98;-49,68408;2025-03-11 05:00:00.0;0,00
CAMPO DO TENENTE;410410501A;PR;Centro;-25,98;-49,68408;2025-03-11 06:00:00.0;0,00
CAMPO DO TENENTE;410410501A;PR;Centro;-25,98;-49,68408;2025-03-11 07:00:00.0;0,00
CAMPO DO TENENTE;410410501A;PR;Centro;-25,98;-49,68408;2025-03-11 08:00:00.0;0,00
CAMPO DO TENENTE;410410501A;PR;Centro;-25,98;-49,68408;2025-03-11 09:00:00.0;0,00
CAMPO DO TENENTE;410410501A;PR;Centro;-25,98;-49,68408;2025-03-11 10:00:00.0;0,00
CAMPO DO TENENTE;410410501A;PR;Centro;-25,98;-49,68408;2025-03-11 11:00:00.0;0,00
CAMPO DO TENENTE;410410501A;PR;Centro;-25,98;-49,68408;2025-03-11 13:00:00.0;0,00
CAMPO DO TENENTE;410410501A;PR;Centro;-25,98;-49,68408;2025-03-11 14:00:00.0;0,00
CAMPO DO TENENTE;410410501A;PR;Centro;-25,98;-49,68408;2025-03-11 15:00:00.0;0,00
CAMPO DO TENENTE;410410501A;PR;Centro;-25,98;-49,68408;2025-03-11 16:00:00.0;0,00
CAMPO DO TENENTE;410410501A;PR;Centro;-25,98;-49,68408;2025-03-11 17:00:00.0;0,00
CAMPO DO TENENTE;410410501A;PR;Centro;-25,98;-49,68408;2025-03-11 17:50:00.0;0,20
CAMPO DO TENENTE;410410501A;PR;Centro;-25,98;-49,68408;2025-03-11 18:00:00.0;6,40
CAMPO DO TENENTE;410410501A;PR;Centro;-25,98;-49,68408;2025-03-11 18:20:00.0;1,80
CAMPO DO TENENTE;410410501A;PR;Centro;-25,98;-49,68408;2025-03-11 18:30:00.0;6,60
CAMPO DO TENENTE;410410501A;PR;Centro;-25,98;-49,68408;2025-03-11 18:40:00.0;8,60
CAMPO DO TENENTE;410410501A;PR;Centro;-25,98;-49,68408;2025-03-11 18:50:00.0;2,00
CAMPO DO TENENTE;410410501A;PR;Centro;-25,98;-49,68408;2025-03-11 19:00:00.0;0,40
CAMPO DO TENENTE;410410501A;PR;Centro;-25,98;-49,68408;2025-03-11 19:10:00.0;0,20
CAMPO DO TENENTE;410410501A;PR;Centro;-25,98;-49,68408;2025-03-11 19:30:00.0;0,80
CAMPO DO TENENTE;410410501A;PR;Centro;-25,98;-49,68408;2025-03-11 19:50:00.0;0,20
CAMPO DO TENENTE;410410501A;PR;Centro;-25,98;-49,68408;2025-03-11 20:10:00.0;0,20
CAMPO DO TENENTE;410410501A;PR;Centro;-25,98;-49,68408;2025-03-11 20:20:00.0;0,80
CAMPO DO TENENTE;410410501A;PR;Centro;-25,98;-49,68408;2025-03-11 21:00:00.0;6,60
CAMPO DO TENENTE;410410501A;PR;Centro;-25,98;-49,68408;2025-03-11 21:10:00.0;9,20
CAMPO DO TENENTE;410410501A;PR;Centro;-25,98;-49,68408;2025-03-11 21:20:00.0;5,80
CAMPO DO TENENTE;410410501A;PR;Centro;-25,98;-49,68408;2025-03-11 21:30:00.0;3,40
CAMPO DO TENENTE;410410501A;PR;Centro;-25,98;-49,68408;2025-03-11 21:40:00.0;1,00
CAMPO DO TENENTE;410410501A;PR;Centro;-25,98;-49,68408;2025-03-11 21:50:00.0;0,60
CAMPO DO TENENTE;410410501A;PR;Centro;-25,98;-49,68408;2025-03-11 22:00:00.0;0,20
CAMPO DO TENENTE;410410501A;PR;Centro;-25,98;-49,68408;2025-03-11 22:10:00.0;0,20
CAMPO DO TENENTE;410410501A;PR;Centro;-25,98;-49,68408;2025-03-11 22:20:00.0;0,20
CAMPO DO TENENTE;410410501A;PR;Centro;-25,98;-49,68408;2025-03-11 22:30:00.0;0,20
CAMPO DO TENENTE;410410501A;PR;Centro;-25,98;-49,68408;2025-03-11 22:50:00.0;0,20
CAMPO DO TENENTE;410410501A;PR;Centro;-25,98;-49,68408;2025-03-11 23:00:00.0;0,00
CAMPO DO TENENTE;410410501A;PR;Centro;-25,98;-49,68408;2025-03-11 23:50:00.0;0,20
CAMPO DO TENENTE;410410501A;PR;Centro;-25,98;-49,68408;2025-03-12 00:00:00.0;0,00
CAMPO DO TENENTE;410410501A;PR;Centro;-25,98;-49,68408;2025-03-12 01:00:00.0;0,00
CAMPO DO TENENTE;410410501A;PR;Centro;-25,98;-49,68408;2025-03-12 02:00:00.0;0,00
CAMPO DO TENENTE;410410501A;PR;Centro;-25,98;-49,68408;2025-03-12 03:00:00.0;0,00
CAMPO DO TENENTE;410410501A;PR;Centro;-25,98;-49,68408;2025-03-12 04:00:00.0;0,00
CAMPO DO TENENTE;410410501A;PR;Centro;-25,98;-49,68408;2025-03-12 05:00:00.0;0,00
CAMPO DO TENENTE;410410501A;PR;Centro;-25,98;-49,68408;2025-03-12 06:00:00.0;0,00
CAMPO DO TENENTE;410410501A;PR;Centro;-25,98;-49,68408;2025-03-12 07:00:00.0;0,00
CAMPO DO TENENTE;410410501A;PR;Centro;-25,98;-49,68408;2025-03-12 08:00:00.0;0,00
CAMPO DO TENENTE;410410501A;PR;Centro;-25,98;-49,68408;2025-03-12 09:00:00.0;0,00
CAMPO DO TENENTE;410410501A;PR;Centro;-25,98;-49,68408;2025-03-12 10:00:00.0;0,00
CAMPO DO TENENTE;410410501A;PR;Centro;-25,98;-49,68408;2025-03-12 11:00:00.0;0,00
CAMPO DO TENENTE;410410501A;PR;Centro;-25,98;-49,68408;2025-03-12 12:00:00.0;0,00
CAMPO DO TENENTE;410410501A;PR;Centro;-25,98;-49,68408;2025-03-12 12:10:00.0;0,20
CAMPO DO TENENTE;410410501A;PR;Centro;-25,98;-49,68408;2025-03-12 13:00:00.0;0,00
CAMPO DO TENENTE;410410501A;PR;Centro;-25,98;-49,68408;2025-03-12 14:00:00.0;0,00
CAMPO DO TENENTE;410410501A;PR;Centro;-25,98;-49,68408;2025-03-12 15:00:00.0;0,00
CAMPO DO TENENTE;410410501A;PR;Centro;-25,98;-49,68408;2025-03-12 16:00:00.0;0,00
CAMPO DO TENENTE;410410501A;PR;Centro;-25,98;-49,68408;2025-03-12 17:00:00.0;0,00
CAMPO DO TENENTE;410410501A;PR;Centro;-25,98;-49,68408;2025-03-12 18:00:00.0;0,00
CAMPO DO TENENTE;410410501A;PR;Centro;-25,98;-49,68408;2025-03-12 19:00:00.0;0,00
CAMPO DO TENENTE;410410501A;PR;Centro;-25,98;-49,68408;2025-03-12 20:00:00.0;0,00
CAMPO DO TENENTE;410410501A;PR;Centro;-25,98;-49,68408;2025-03-12 21:00:00.0;0,00
CAMPO DO TENENTE;410410501A;PR;Centro;-25,98;-49,68408;2025-03-12 22:00:00.0;0,00
CAMPO DO TENENTE;410410501A;PR;Centro;-25,98;-49,68408;2025-03-12 23:00:00.0;0,00
CAMPO DO TENENTE;410410501A;PR;Centro;-25,98;-49,68408;2025-03-13 00:00:00.0;0,00
CAMPO DO TENENTE;410410501A;PR;Centro;-25,98;-49,68408;2025-03-13 01:00:00.0;0,00
CAMPO DO TENENTE;410410501A;PR;Centro;-25,98;-49,68408;2025-03-13 01:40:00.0;0,20
CAMPO DO TENENTE;410410501A;PR;Centro;-25,98;-49,68408;2025-03-13 02:00:00.0;0,00
CAMPO DO TENENTE;410410501A;PR;Centro;-25,98;-49,68408;2025-03-13 02:20:00.0;0,20
CAMPO DO TENENTE;410410501A;PR;Centro;-25,98;-49,68408;2025-03-13 02:30:00.0;0,40
CAMPO DO TENENTE;410410501A;PR;Centro;-25,98;-49,68408;2025-03-13 02:40:00.0;0,20
CAMPO DO TENENTE;410410501A;PR;Centro;-25,98;-49,68408;2025-03-13 02:50:00.0;0,40
CAMPO DO TENENTE;410410501A;PR;Centro;-25,98;-49,68408;2025-03-13 03:00:00.0;0,00
CAMPO DO TENENTE;410410501A;PR;Centro;-25,98;-49,68408;2025-03-13 03:40:00.0;0,20
CAMPO DO TENENTE;410410501A;PR;Centro;-25,98;-49,68408;2025-03-13 04:00:00.0;0,00
CAMPO DO TENENTE;410410501A;PR;Centro;-25,98;-49,68408;2025-03-13 05:20:00.0;0,20
CAMPO DO TENENTE;410410501A;PR;Centro;-25,98;-49,68408;2025-03-13 06:00:00.0;0,00
CAMPO DO TENENTE;410410501A;PR;Centro;-25,98;-49,68408;2025-03-13 06:20:00.0;0,20
CAMPO DO TENENTE;410410501A;PR;Centro;-25,98;-49,68408;2025-03-13 07:00:00.0;0,00
CAMPO DO TENENTE;410410501A;PR;Centro;-25,98;-49,68408;2025-03-13 08:00:00.0;0,00
CAMPO DO TENENTE;410410501A;PR;Centro;-25,98;-49,68408;2025-03-13 09:00:00.0;0,00
CAMPO DO TENENTE;410410501A;PR;Centro;-25,98;-49,68408;2025-03-13 10:00:00.0;0,00
CAMPO DO TENENTE;410410501A;PR;Centro;-25,98;-49,68408;2025-03-13 11:00:00.0;0,00
CAMPO DO TENENTE;410410501A;PR;Centro;-25,98;-49,68408;2025-03-13 12:00:00.0;0,00
CAMPO DO TENENTE;410410501A;PR;Centro;-25,98;-49,68408;2025-03-13 13:00:00.0;0,00
CAMPO DO TENENTE;410410501A;PR;Centro;-25,98;-49,68408;2025-03-13 14:00:00.0;0,00
CAMPO DO TENENTE;410410501A;PR;Centro;-25,98;-49,68408;2025-03-13 15:00:00.0;0,00
CAMPO DO TENENTE;410410501A;PR;Centro;-25,98;-49,68408;2025-03-13 16:00:00.0;0,00
CAMPO DO TENENTE;410410501A;PR;Centro;-25,98;-49,68408;2025-03-13 17:00:00.0;0,00
CAMPO DO TENENTE;410410501A;PR;Centro;-25,98;-49,68408;2025-03-13 18:00:00.0;0,00
CAMPO DO TENENTE;410410501A;PR;Centro;-25,98;-49,68408;2025-03-13 19:00:00.0;0,00
CAMPO DO TENENTE;410410501A;PR;Centro;-25,98;-49,68408;2025-03-13 20:00:00.0;0,80
CAMPO DO TENENTE;410410501A;PR;Centro;-25,98;-49,68408;2025-03-13 21:00:00.0;0,00
CAMPO DO TENENTE;410410501A;PR;Centro;-25,98;-49,68408;2025-03-13 22:00:00.0;0,00
CAMPO DO TENENTE;410410501A;PR;Centro;-25,98;-49,68408;2025-03-13 23:00:00.0;0,00
CAMPO DO TENENTE;410410501A;PR;Centro;-25,98;-49,68408;2025-03-14 00:00:00.0;0,00
CAMPO DO TENENTE;410410501A;PR;Centro;-25,98;-49,68408;2025-03-14 01:00:00.0;0,00
CAMPO DO TENENTE;410410501A;PR;Centro;-25,98;-49,68408;2025-03-14 02:00:00.0;0,00
CAMPO DO TENENTE;410410501A;PR;Centro;-25,98;-49,68408;2025-03-14 03:00:00.0;0,00
CAMPO DO TENENTE;410410501A;PR;Centro;-25,98;-49,68408;2025-03-14 04:00:00.0;0,00
CAMPO DO TENENTE;410410501A;PR;Centro;-25,98;-49,68408;2025-03-14 05:00:00.0;0,00
CAMPO DO TENENTE;410410501A;PR;Centro;-25,98;-49,68408;2025-03-14 06:00:00.0;0,00
CAMPO DO TENENTE;410410501A;PR;Centro;-25,98;-49,68408;2025-03-14 07:00:00.0;0,00
CAMPO DO TENENTE;410410501A;PR;Centro;-25,98;-49,68408;2025-03-14 08:00:00.0;0,00
CAMPO DO TENENTE;410410501A;PR;Centro;-25,98;-49,68408;2025-03-14 09:00:00.0;0,00
CAMPO DO TENENTE;410410501A;PR;Centro;-25,98;-49,68408;2025-03-14 10:00:00.0;0,00
CAMPO DO TENENTE;410410501A;PR;Centro;-25,98;-49,68408;2025-03-14 11:00:00.0;0,00
CAMPO DO TENENTE;410410501A;PR;Centro;-25,98;-49,68408;2025-03-14 12:00:00.0;0,00
CAMPO DO TENENTE;410410501A;PR;Centro;-25,98;-49,68408;2025-03-14 14:00:00.0;0,00
CAMPO DO TENENTE;410410501A;PR;Centro;-25,98;-49,68408;2025-03-14 15:00:00.0;0,00
CAMPO DO TENENTE;410410501A;PR;Centro;-25,98;-49,68408;2025-03-14 16:00:00.0;0,00
CAMPO DO TENENTE;410410501A;PR;Centro;-25,98;-49,68408;2025-03-14 17:00:00.0;0,00
CAMPO DO TENENTE;410410501A;PR;Centro;-25,98;-49,68408;2025-03-14 18:00:00.0;0,00
CAMPO DO TENENTE;410410501A;PR;Centro;-25,98;-49,68408;2025-03-14 19:00:00.0;0,00
CAMPO DO TENENTE;410410501A;PR;Centro;-25,98;-49,68408;2025-03-14 20:00:00.0;0,00
CAMPO DO TENENTE;410410501A;PR;Centro;-25,98;-49,68408;2025-03-14 21:00:00.0;0,00
CAMPO DO TENENTE;410410501A;PR;Centro;-25,98;-49,68408;2025-03-14 22:00:00.0;0,00
CAMPO DO TENENTE;410410501A;PR;Centro;-25,98;-49,68408;2025-03-14 23:00:00.0;0,00
CAMPO DO TENENTE;410410501A;PR;Centro;-25,98;-49,68408;2025-03-15 00:00:00.0;0,00
CAMPO DO TENENTE;410410501A;PR;Centro;-25,98;-49,68408;2025-03-15 01:00:00.0;0,00
CAMPO DO TENENTE;410410501A;PR;Centro;-25,98;-49,68408;2025-03-15 02:00:00.0;0,00
CAMPO DO TENENTE;410410501A;PR;Centro;-25,98;-49,68408;2025-03-15 03:00:00.0;0,00
CAMPO DO TENENTE;410410501A;PR;Centro;-25,98;-49,68408;2025-03-15 04:00:00.0;0,00
CAMPO DO TENENTE;410410501A;PR;Centro;-25,98;-49,68408;2025-03-15 05:00:00.0;0,00
CAMPO DO TENENTE;410410501A;PR;Centro;-25,98;-49,68408;2025-03-15 06:00:00.0;0,00
CAMPO DO TENENTE;410410501A;PR;Centro;-25,98;-49,68408;2025-03-15 07:00:00.0;0,00
CAMPO DO TENENTE;410410501A;PR;Centro;-25,98;-49,68408;2025-03-15 08:00:00.0;0,00
CAMPO DO TENENTE;410410501A;PR;Centro;-25,98;-49,68408;2025-03-15 09:00:00.0;0,00
CAMPO DO TENENTE;410410501A;PR;Centro;-25,98;-49,68408;2025-03-15 10:00:00.0;0,00
CAMPO DO TENENTE;410410501A;PR;Centro;-25,98;-49,68408;2025-03-15 11:00:00.0;0,00
CAMPO DO TENENTE;410410501A;PR;Centro;-25,98;-49,68408;2025-03-15 12:00:00.0;0,00
CAMPO DO TENENTE;410410501A;PR;Centro;-25,98;-49,68408;2025-03-15 13:00:00.0;0,00
CAMPO DO TENENTE;410410501A;PR;Centro;-25,98;-49,68408;2025-03-15 14:00:00.0;0,00
CAMPO DO TENENTE;410410501A;PR;Centro;-25,98;-49,68408;2025-03-15 15:00:00.0;0,00
CAMPO DO TENENTE;410410501A;PR;Centro;-25,98;-49,68408;2025-03-15 16:00:00.0;0,00
CAMPO DO TENENTE;410410501A;PR;Centro;-25,98;-49,68408;2025-03-15 17:00:00.0;0,00
CAMPO DO TENENTE;410410501A;PR;Centro;-25,98;-49,68408;2025-03-15 18:00:00.0;0,00
CAMPO DO TENENTE;410410501A;PR;Centro;-25,98;-49,68408;2025-03-15 19:00:00.0;0,00
CAMPO DO TENENTE;410410501A;PR;Centro;-25,98;-49,68408;2025-03-15 20:00:00.0;0,00
CAMPO DO TENENTE;410410501A;PR;Centro;-25,98;-49,68408;2025-03-15 21:00:00.0;0,00
CAMPO DO TENENTE;410410501A;PR;Centro;-25,98;-49,68408;2025-03-15 22:00:00.0;0,00
CAMPO DO TENENTE;410410501A;PR;Centro;-25,98;-49,68408;2025-03-15 22:40:00.0;0,20
CAMPO DO TENENTE;410410501A;PR;Centro;-25,98;-49,68408;2025-03-15 23:00:00.0;0,00
CAMPO DO TENENTE;410410501A;PR;Centro;-25,98;-49,68408;2025-03-16 00:00:00.0;0,00
CAMPO DO TENENTE;410410501A;PR;Centro;-25,98;-49,68408;2025-03-16 01:00:00.0;0,00
CAMPO DO TENENTE;410410501A;PR;Centro;-25,98;-49,68408;2025-03-16 02:00:00.0;0,00
CAMPO DO TENENTE;410410501A;PR;Centro;-25,98;-49,68408;2025-03-16 03:00:00.0;0,00
CAMPO DO TENENTE;410410501A;PR;Centro;-25,98;-49,68408;2025-03-16 04:00:00.0;0,00
CAMPO DO TENENTE;410410501A;PR;Centro;-25,98;-49,68408;2025-03-16 05:00:00.0;0,00
CAMPO DO TENENTE;410410501A;PR;Centro;-25,98;-49,68408;2025-03-16 06:00:00.0;0,00
CAMPO DO TENENTE;410410501A;PR;Centro;-25,98;-49,68408;2025-03-16 07:00:00.0;0,00
CAMPO DO TENENTE;410410501A;PR;Centro;-25,98;-49,68408;2025-03-16 08:00:00.0;0,00
CAMPO DO TENENTE;410410501A;PR;Centro;-25,98;-49,68408;2025-03-16 09:00:00.0;0,00
CAMPO DO TENENTE;410410501A;PR;Centro;-25,98;-49,68408;2025-03-16 10:00:00.0;0,00
CAMPO DO TENENTE;410410501A;PR;Centro;-25,98;-49,68408;2025-03-16 11:00:00.0;0,00
CAMPO DO TENENTE;410410501A;PR;Centro;-25,98;-49,68408;2025-03-16 12:00:00.0;0,00
CAMPO DO TENENTE;410410501A;PR;Centro;-25,98;-49,68408;2025-03-16 13:00:00.0;0,00
CAMPO DO TENENTE;410410501A;PR;Centro;-25,98;-49,68408;2025-03-16 14:00:00.0;0,00
CAMPO DO TENENTE;410410501A;PR;Centro;-25,98;-49,68408;2025-03-16 15:00:00.0;0,00
CAMPO DO TENENTE;410410501A;PR;Centro;-25,98;-49,68408;2025-03-16 15:10:00.0;0,20
CAMPO DO TENENTE;410410501A;PR;Centro;-25,98;-49,68408;2025-03-16 16:00:00.0;0,00
CAMPO DO TENENTE;410410501A;PR;Centro;-25,98;-49,68408;2025-03-16 17:00:00.0;0,00
CAMPO DO TENENTE;410410501A;PR;Centro;-25,98;-49,68408;2025-03-16 18:00:00.0;0,00
CAMPO DO TENENTE;410410501A;PR;Centro;-25,98;-49,68408;2025-03-16 19:00:00.0;0,00
CAMPO DO TENENTE;410410501A;PR;Centro;-25,98;-49,68408;2025-03-16 20:00:00.0;0,00
CAMPO DO TENENTE;410410501A;PR;Centro;-25,98;-49,68408;2025-03-16 21:00:00.0;0,00
CAMPO DO TENENTE;410410501A;PR;Centro;-25,98;-49,68408;2025-03-16 22:00:00.0;0,00
CAMPO DO TENENTE;410410501A;PR;Centro;-25,98;-49,68408;2025-03-16 23:00:00.0;0,00
CAMPO DO TENENTE;410410501A;PR;Centro;-25,98;-49,68408;2025-03-17 00:00:00.0;0,00
CAMPO DO TENENTE;410410501A;PR;Centro;-25,98;-49,68408;2025-03-17 01:00:00.0;0,00
CAMPO DO TENENTE;410410501A;PR;Centro;-25,98;-49,68408;2025-03-17 02:00:00.0;0,00
CAMPO DO TENENTE;410410501A;PR;Centro;-25,98;-49,68408;2025-03-17 03:00:00.0;0,00
CAMPO DO TENENTE;410410501A;PR;Centro;-25,98;-49,68408;2025-03-17 04:00:00.0;0,00
CAMPO DO TENENTE;410410501A;PR;Centro;-25,98;-49,68408;2025-03-17 05:00:00.0;0,00
CAMPO DO TENENTE;410410501A;PR;Centro;-25,98;-49,68408;2025-03-17 06:00:00.0;0,00
CAMPO DO TENENTE;410410501A;PR;Centro;-25,98;-49,68408;2025-03-17 07:00:00.0;0,00
CAMPO DO TENENTE;410410501A;PR;Centro;-25,98;-49,68408;2025-03-17 08:00:00.0;0,00
CAMPO DO TENENTE;410410501A;PR;Centro;-25,98;-49,68408;2025-03-17 09:00:00.0;0,00
CAMPO DO TENENTE;410410501A;PR;Centro;-25,98;-49,68408;2025-03-17 10:00:00.0;0,00
CAMPO DO TENENTE;410410501A;PR;Centro;-25,98;-49,68408;2025-03-17 11:00:00.0;0,00
CAMPO DO TENENTE;410410501A;PR;Centro;-25,98;-49,68408;2025-03-17 12:00:00.0;0,00
CAMPO DO TENENTE;410410501A;PR;Centro;-25,98;-49,68408;2025-03-17 13:00:00.0;0,00
CAMPO DO TENENTE;410410501A;PR;Centro;-25,98;-49,68408;2025-03-17 14:00:00.0;0,00
CAMPO DO TENENTE;410410501A;PR;Centro;-25,98;-49,68408;2025-03-17 15:00:00.0;0,00
CAMPO DO TENENTE;410410501A;PR;Centro;-25,98;-49,68408;2025-03-17 16:00:00.0;0,00
CAMPO DO TENENTE;410410501A;PR;Centro;-25,98;-49,68408;2025-03-17 17:00:00.0;0,00
CAMPO DO TENENTE;410410501A;PR;Centro;-25,98;-49,68408;2025-03-17 18:00:00.0;0,00
CAMPO DO TENENTE;410410501A;PR;Centro;-25,98;-49,68408;2025-03-17 19:00:00.0;0,00
CAMPO DO TENENTE;410410501A;PR;Centro;-25,98;-49,68408;2025-03-17 20:00:00.0;0,00
CAMPO DO TENENTE;410410501A;PR;Centro;-25,98;-49,68408;2025-03-17 21:00:00.0;0,00
CAMPO DO TENENTE;410410501A;PR;Centro;-25,98;-49,68408;2025-03-17 22:00:00.0;0,00
CAMPO DO TENENTE;410410501A;PR;Centro;-25,98;-49,68408;2025-03-17 23:00:00.0;0,00
CAMPO DO TENENTE;410410501A;PR;Centro;-25,98;-49,68408;2025-03-18 00:00:00.0;0,00
CAMPO DO TENENTE;410410501A;PR;Centro;-25,98;-49,68408;2025-03-18 01:00:00.0;0,00
CAMPO DO TENENTE;410410501A;PR;Centro;-25,98;-49,68408;2025-03-18 02:00:00.0;0,00
CAMPO DO TENENTE;410410501A;PR;Centro;-25,98;-49,68408;2025-03-18 03:00:00.0;0,00
CAMPO DO TENENTE;410410501A;PR;Centro;-25,98;-49,68408;2025-03-18 04:00:00.0;0,00
CAMPO DO TENENTE;410410501A;PR;Centro;-25,98;-49,68408;2025-03-18 05:00:00.0;0,00
CAMPO DO TENENTE;410410501A;PR;Centro;-25,98;-49,68408;2025-03-18 06:00:00.0;0,00
CAMPO DO TENENTE;410410501A;PR;Centro;-25,98;-49,68408;2025-03-18 07:00:00.0;0,00
CAMPO DO TENENTE;410410501A;PR;Centro;-25,98;-49,68408;2025-03-18 08:00:00.0;0,00
CAMPO DO TENENTE;410410501A;PR;Centro;-25,98;-49,68408;2025-03-18 09:00:00.0;0,00
CAMPO DO TENENTE;410410501A;PR;Centro;-25,98;-49,68408;2025-03-18 10:00:00.0;0,00
CAMPO DO TENENTE;410410501A;PR;Centro;-25,98;-49,68408;2025-03-18 11:00:00.0;0,00
CAMPO DO TENENTE;410410501A;PR;Centro;-25,98;-49,68408;2025-03-18 12:00:00.0;0,00
CAMPO DO TENENTE;410410501A;PR;Centro;-25,98;-49,68408;2025-03-18 13:00:00.0;0,00
CAMPO DO TENENTE;410410501A;PR;Centro;-25,98;-49,68408;2025-03-18 14:00:00.0;0,00
CAMPO DO TENENTE;410410501A;PR;Centro;-25,98;-49,68408;2025-03-18 15:00:00.0;0,00
CAMPO DO TENENTE;410410501A;PR;Centro;-25,98;-49,68408;2025-03-18 16:00:00.0;0,00
CAMPO DO TENENTE;410410501A;PR;Centro;-25,98;-49,68408;2025-03-18 16:30:00.0;0,20
CAMPO DO TENENTE;410410501A;PR;Centro;-25,98;-49,68408;2025-03-18 16:40:00.0;0,60
CAMPO DO TENENTE;410410501A;PR;Centro;-25,98;-49,68408;2025-03-18 16:50:00.0;3,00
CAMPO DO TENENTE;410410501A;PR;Centro;-25,98;-49,68408;2025-03-18 17:00:00.0;0,80
CAMPO DO TENENTE;410410501A;PR;Centro;-25,98;-49,68408;2025-03-18 17:10:00.0;0,20
CAMPO DO TENENTE;410410501A;PR;Centro;-25,98;-49,68408;2025-03-18 17:20:00.0;0,60
CAMPO DO TENENTE;410410501A;PR;Centro;-25,98;-49,68408;2025-03-18 17:30:00.0;0,20
CAMPO DO TENENTE;410410501A;PR;Centro;-25,98;-49,68408;2025-03-18 17:40:00.0;0,20
CAMPO DO TENENTE;410410501A;PR;Centro;-25,98;-49,68408;2025-03-18 17:50:00.0;0,40
CAMPO DO TENENTE;410410501A;PR;Centro;-25,98;-49,68408;2025-03-18 18:00:00.0;0,20
CAMPO DO TENENTE;410410501A;PR;Centro;-25,98;-49,68408;2025-03-18 18:30:00.0;0,20
CAMPO DO TENENTE;410410501A;PR;Centro;-25,98;-49,68408;2025-03-18 18:50:00.0;0,60
CAMPO DO TENENTE;410410501A;PR;Centro;-25,98;-49,68408;2025-03-18 19:10:00.0;0,20
CAMPO DO TENENTE;410410501A;PR;Centro;-25,98;-49,68408;2025-03-18 19:20:00.0;0,20
CAMPO DO TENENTE;410410501A;PR;Centro;-25,98;-49,68408;2025-03-18 19:30:00.0;0,20
CAMPO DO TENENTE;410410501A;PR;Centro;-25,98;-49,68408;2025-03-18 20:00:00.0;0,00
CAMPO DO TENENTE;410410501A;PR;Centro;-25,98;-49,68408;2025-03-18 21:00:00.0;0,00
CAMPO DO TENENTE;410410501A;PR;Centro;-25,98;-49,68408;2025-03-18 22:00:00.0;0,00
CAMPO DO TENENTE;410410501A;PR;Centro;-25,98;-49,68408;2025-03-18 23:00:00.0;0,00
CAMPO DO TENENTE;410410501A;PR;Centro;-25,98;-49,68408;2025-03-19 00:00:00.0;0,00
CAMPO DO TENENTE;410410501A;PR;Centro;-25,98;-49,68408;2025-03-19 01:00:00.0;0,00
CAMPO DO TENENTE;410410501A;PR;Centro;-25,98;-49,68408;2025-03-19 02:00:00.0;0,00
CAMPO DO TENENTE;410410501A;PR;Centro;-25,98;-49,68408;2025-03-19 03:00:00.0;0,00
CAMPO DO TENENTE;410410501A;PR;Centro;-25,98;-49,68408;2025-03-19 04:00:00.0;0,00
CAMPO DO TENENTE;410410501A;PR;Centro;-25,98;-49,68408;2025-03-19 05:00:00.0;0,00
CAMPO DO TENENTE;410410501A;PR;Centro;-25,98;-49,68408;2025-03-19 06:00:00.0;0,00
CAMPO DO TENENTE;410410501A;PR;Centro;-25,98;-49,68408;2025-03-19 07:00:00.0;0,00
CAMPO DO TENENTE;410410501A;PR;Centro;-25,98;-49,68408;2025-03-19 08:00:00.0;0,00
CAMPO DO TENENTE;410410501A;PR;Centro;-25,98;-49,68408;2025-03-19 09:00:00.0;0,00
CAMPO DO TENENTE;410410501A;PR;Centro;-25,98;-49,68408;2025-03-19 10:00:00.0;0,00
CAMPO DO TENENTE;410410501A;PR;Centro;-25,98;-49,68408;2025-03-19 11:00:00.0;0,00
CAMPO DO TENENTE;410410501A;PR;Centro;-25,98;-49,68408;2025-03-19 11:50:00.0;0,20
CAMPO DO TENENTE;410410501A;PR;Centro;-25,98;-49,68408;2025-03-19 12:00:00.0;0,00
CAMPO DO TENENTE;410410501A;PR;Centro;-25,98;-49,68408;2025-03-19 13:00:00.0;0,00
CAMPO DO TENENTE;410410501A;PR;Centro;-25,98;-49,68408;2025-03-19 14:00:00.0;0,00
CAMPO DO TENENTE;410410501A;PR;Centro;-25,98;-49,68408;2025-03-19 15:00:00.0;0,00
CAMPO DO TENENTE;410410501A;PR;Centro;-25,98;-49,68408;2025-03-19 16:00:00.0;0,00
CAMPO DO TENENTE;410410501A;PR;Centro;-25,98;-49,68408;2025-03-19 17:00:00.0;0,00
CAMPO DO TENENTE;410410501A;PR;Centro;-25,98;-49,68408;2025-03-19 18:00:00.0;0,00
CAMPO DO TENENTE;410410501A;PR;Centro;-25,98;-49,68408;2025-03-19 19:00:00.0;0,00
CAMPO DO TENENTE;410410501A;PR;Centro;-25,98;-49,68408;2025-03-19 20:00:00.0;0,00
CAMPO DO TENENTE;410410501A;PR;Centro;-25,98;-49,68408;2025-03-19 21:00:00.0;0,00
CAMPO DO TENENTE;410410501A;PR;Centro;-25,98;-49,68408;2025-03-19 22:00:00.0;0,00
CAMPO DO TENENTE;410410501A;PR;Centro;-25,98;-49,68408;2025-03-19 23:00:00.0;0,00
CAMPO DO TENENTE;410410501A;PR;Centro;-25,98;-49,68408;2025-03-20 00:00:00.0;0,00
CAMPO DO TENENTE;410410501A;PR;Centro;-25,98;-49,68408;2025-03-20 01:00:00.0;0,00
CAMPO DO TENENTE;410410501A;PR;Centro;-25,98;-49,68408;2025-03-20 02:00:00.0;0,00
CAMPO DO TENENTE;410410501A;PR;Centro;-25,98;-49,68408;2025-03-20 03:00:00.0;0,00
CAMPO DO TENENTE;410410501A;PR;Centro;-25,98;-49,68408;2025-03-20 04:00:00.0;0,00
CAMPO DO TENENTE;410410501A;PR;Centro;-25,98;-49,68408;2025-03-20 05:00:00.0;0,00
CAMPO DO TENENTE;410410501A;PR;Centro;-25,98;-49,68408;2025-03-20 06:00:00.0;0,00
CAMPO DO TENENTE;410410501A;PR;Centro;-25,98;-49,68408;2025-03-20 07:00:00.0;0,00
CAMPO DO TENENTE;410410501A;PR;Centro;-25,98;-49,68408;2025-03-20 08:00:00.0;0,00
CAMPO DO TENENTE;410410501A;PR;Centro;-25,98;-49,68408;2025-03-20 09:00:00.0;0,00
CAMPO DO TENENTE;410410501A;PR;Centro;-25,98;-49,68408;2025-03-20 10:00:00.0;0,00
CAMPO DO TENENTE;410410501A;PR;Centro;-25,98;-49,68408;2025-03-20 11:00:00.0;0,00
CAMPO DO TENENTE;410410501A;PR;Centro;-25,98;-49,68408;2025-03-20 12:00:00.0;0,00
CAMPO DO TENENTE;410410501A;PR;Centro;-25,98;-49,68408;2025-03-20 13:00:00.0;0,00
CAMPO DO TENENTE;410410501A;PR;Centro;-25,98;-49,68408;2025-03-20 14:00:00.0;0,00
CAMPO DO TENENTE;410410501A;PR;Centro;-25,98;-49,68408;2025-03-20 15:00:00.0;0,00
CAMPO DO TENENTE;410410501A;PR;Centro;-25,98;-49,68408;2025-03-20 16:00:00.0;0,00
CAMPO DO TENENTE;410410501A;PR;Centro;-25,98;-49,68408;2025-03-20 17:00:00.0;0,00
CAMPO DO TENENTE;410410501A;PR;Centro;-25,98;-49,68408;2025-03-20 18:00:00.0;0,00
CAMPO DO TENENTE;410410501A;PR;Centro;-25,98;-49,68408;2025-03-20 19:00:00.0;0,00
CAMPO DO TENENTE;410410501A;PR;Centro;-25,98;-49,68408;2025-03-20 20:00:00.0;0,00
CAMPO DO TENENTE;410410501A;PR;Centro;-25,98;-49,68408;2025-03-20 21:00:00.0;0,00
CAMPO DO TENENTE;410410501A;PR;Centro;-25,98;-49,68408;2025-03-20 22:00:00.0;0,00
CAMPO DO TENENTE;410410501A;PR;Centro;-25,98;-49,68408;2025-03-20 23:00:00.0;0,00
CAMPO DO TENENTE;410410501A;PR;Centro;-25,98;-49,68408;2025-03-21 00:00:00.0;0,00
CAMPO DO TENENTE;410410501A;PR;Centro;-25,98;-49,68408;2025-03-21 01:00:00.0;0,00
CAMPO DO TENENTE;410410501A;PR;Centro;-25,98;-49,68408;2025-03-21 02:00:00.0;0,00
CAMPO DO TENENTE;410410501A;PR;Centro;-25,98;-49,68408;2025-03-21 03:00:00.0;0,00
CAMPO DO TENENTE;410410501A;PR;Centro;-25,98;-49,68408;2025-03-21 04:00:00.0;0,00
CAMPO DO TENENTE;410410501A;PR;Centro;-25,98;-49,68408;2025-03-21 05:00:00.0;0,00
CAMPO DO TENENTE;410410501A;PR;Centro;-25,98;-49,68408;2025-03-21 06:00:00.0;0,00
CAMPO DO TENENTE;410410501A;PR;Centro;-25,98;-49,68408;2025-03-21 07:00:00.0;0,00
CAMPO DO TENENTE;410410501A;PR;Centro;-25,98;-49,68408;2025-03-21 08:00:00.0;0,00
CAMPO DO TENENTE;410410501A;PR;Centro;-25,98;-49,68408;2025-03-21 09:00:00.0;0,00
CAMPO DO TENENTE;410410501A;PR;Centro;-25,98;-49,68408;2025-03-21 09:20:00.0;0,20
CAMPO DO TENENTE;410410501A;PR;Centro;-25,98;-49,68408;2025-03-21 10:00:00.0;0,00
CAMPO DO TENENTE;410410501A;PR;Centro;-25,98;-49,68408;2025-03-21 11:00:00.0;0,00
CAMPO DO TENENTE;410410501A;PR;Centro;-25,98;-49,68408;2025-03-21 12:00:00.0;0,00
CAMPO DO TENENTE;410410501A;PR;Centro;-25,98;-49,68408;2025-03-21 13:00:00.0;0,00
CAMPO DO TENENTE;410410501A;PR;Centro;-25,98;-49,68408;2025-03-21 14:00:00.0;0,00
CAMPO DO TENENTE;410410501A;PR;Centro;-25,98;-49,68408;2025-03-21 15:00:00.0;0,00
CAMPO DO TENENTE;410410501A;PR;Centro;-25,98;-49,68408;2025-03-21 16:00:00.0;0,00
CAMPO DO TENENTE;410410501A;PR;Centro;-25,98;-49,68408;2025-03-21 17:00:00.0;0,00
CAMPO DO TENENTE;410410501A;PR;Centro;-25,98;-49,68408;2025-03-21 18:00:00.0;0,00
CAMPO DO TENENTE;410410501A;PR;Centro;-25,98;-49,68408;2025-03-21 19:00:00.0;0,00
CAMPO DO TENENTE;410410501A;PR;Centro;-25,98;-49,68408;2025-03-21 20:00:00.0;0,00
CAMPO DO TENENTE;410410501A;PR;Centro;-25,98;-49,68408;2025-03-21 21:00:00.0;0,00
CAMPO DO TENENTE;410410501A;PR;Centro;-25,98;-49,68408;2025-03-21 22:00:00.0;0,00
CAMPO DO TENENTE;410410501A;PR;Centro;-25,98;-49,68408;2025-03-21 23:00:00.0;0,00
CAMPO DO TENENTE;410410501A;PR;Centro;-25,98;-49,68408;2025-03-22 00:00:00.0;0,00
CAMPO DO TENENTE;410410501A;PR;Centro;-25,98;-49,68408;2025-03-22 01:00:00.0;0,00
CAMPO DO TENENTE;410410501A;PR;Centro;-25,98;-49,68408;2025-03-22 02:00:00.0;0,00
CAMPO DO TENENTE;410410501A;PR;Centro;-25,98;-49,68408;2025-03-22 03:00:00.0;0,00
CAMPO DO TENENTE;410410501A;PR;Centro;-25,98;-49,68408;2025-03-22 04:00:00.0;0,00
CAMPO DO TENENTE;410410501A;PR;Centro;-25,98;-49,68408;2025-03-22 05:00:00.0;0,00
CAMPO DO TENENTE;410410501A;PR;Centro;-25,98;-49,68408;2025-03-22 06:00:00.0;0,00
CAMPO DO TENENTE;410410501A;PR;Centro;-25,98;-49,68408;2025-03-22 07:00:00.0;0,00
CAMPO DO TENENTE;410410501A;PR;Centro;-25,98;-49,68408;2025-03-22 08:00:00.0;0,00
CAMPO DO TENENTE;410410501A;PR;Centro;-25,98;-49,68408;2025-03-22 09:00:00.0;0,00
CAMPO DO TENENTE;410410501A;PR;Centro;-25,98;-49,68408;2025-03-22 10:00:00.0;0,00
CAMPO DO TENENTE;410410501A;PR;Centro;-25,98;-49,68408;2025-03-22 11:00:00.0;0,00
CAMPO DO TENENTE;410410501A;PR;Centro;-25,98;-49,68408;2025-03-22 12:00:00.0;0,00
CAMPO DO TENENTE;410410501A;PR;Centro;-25,98;-49,68408;2025-03-22 13:00:00.0;0,00
CAMPO DO TENENTE;410410501A;PR;Centro;-25,98;-49,68408;2025-03-22 14:00:00.0;0,00
CAMPO DO TENENTE;410410501A;PR;Centro;-25,98;-49,68408;2025-03-22 15:00:00.0;0,00
CAMPO DO TENENTE;410410501A;PR;Centro;-25,98;-49,68408;2025-03-22 16:00:00.0;0,00
CAMPO DO TENENTE;410410501A;PR;Centro;-25,98;-49,68408;2025-03-22 17:00:00.0;0,00
CAMPO DO TENENTE;410410501A;PR;Centro;-25,98;-49,68408;2025-03-22 18:00:00.0;0,00
CAMPO DO TENENTE;410410501A;PR;Centro;-25,98;-49,68408;2025-03-22 19:00:00.0;0,00
CAMPO DO TENENTE;410410501A;PR;Centro;-25,98;-49,68408;2025-03-22 20:00:00.0;0,00
CAMPO DO TENENTE;410410501A;PR;Centro;-25,98;-49,68408;2025-03-22 21:00:00.0;0,00
CAMPO DO TENENTE;410410501A;PR;Centro;-25,98;-49,68408;2025-03-22 22:00:00.0;0,00
CAMPO DO TENENTE;410410501A;PR;Centro;-25,98;-49,68408;2025-03-22 23:00:00.0;0,00
CAMPO DO TENENTE;410410501A;PR;Centro;-25,98;-49,68408;2025-03-23 00:00:00.0;0,00
CAMPO DO TENENTE;410410501A;PR;Centro;-25,98;-49,68408;2025-03-23 01:00:00.0;0,00
CAMPO DO TENENTE;410410501A;PR;Centro;-25,98;-49,68408;2025-03-23 02:00:00.0;0,00
CAMPO DO TENENTE;410410501A;PR;Centro;-25,98;-49,68408;2025-03-23 03:00:00.0;0,00
CAMPO DO TENENTE;410410501A;PR;Centro;-25,98;-49,68408;2025-03-23 04:00:00.0;0,00
CAMPO DO TENENTE;410410501A;PR;Centro;-25,98;-49,68408;2025-03-23 05:00:00.0;0,00
CAMPO DO TENENTE;410410501A;PR;Centro;-25,98;-49,68408;2025-03-23 06:00:00.0;0,00
CAMPO DO TENENTE;410410501A;PR;Centro;-25,98;-49,68408;2025-03-23 07:00:00.0;0,00
CAMPO DO TENENTE;410410501A;PR;Centro;-25,98;-49,68408;2025-03-23 08:00:00.0;0,00
CAMPO DO TENENTE;410410501A;PR;Centro;-25,98;-49,68408;2025-03-23 09:00:00.0;0,00
CAMPO DO TENENTE;410410501A;PR;Centro;-25,98;-49,68408;2025-03-23 10:00:00.0;0,00
CAMPO DO TENENTE;410410501A;PR;Centro;-25,98;-49,68408;2025-03-23 11:00:00.0;0,00
CAMPO DO TENENTE;410410501A;PR;Centro;-25,98;-49,68408;2025-03-23 12:00:00.0;0,00
CAMPO DO TENENTE;410410501A;PR;Centro;-25,98;-49,68408;2025-03-23 13:00:00.0;0,00
CAMPO DO TENENTE;410410501A;PR;Centro;-25,98;-49,68408;2025-03-23 14:00:00.0;0,00
CAMPO DO TENENTE;410410501A;PR;Centro;-25,98;-49,68408;2025-03-23 15:00:00.0;0,00
CAMPO DO TENENTE;410410501A;PR;Centro;-25,98;-49,68408;2025-03-23 16:00:00.0;0,00
CAMPO DO TENENTE;410410501A;PR;Centro;-25,98;-49,68408;2025-03-23 17:00:00.0;0,00
CAMPO DO TENENTE;410410501A;PR;Centro;-25,98;-49,68408;2025-03-23 18:00:00.0;0,00
CAMPO DO TENENTE;410410501A;PR;Centro;-25,98;-49,68408;2025-03-23 19:00:00.0;0,00
CAMPO DO TENENTE;410410501A;PR;Centro;-25,98;-49,68408;2025-03-23 20:00:00.0;0,00
CAMPO DO TENENTE;410410501A;PR;Centro;-25,98;-49,68408;2025-03-23 21:00:00.0;0,00
CAMPO DO TENENTE;410410501A;PR;Centro;-25,98;-49,68408;2025-03-23 22:00:00.0;0,00
CAMPO DO TENENTE;410410501A;PR;Centro;-25,98;-49,68408;2025-03-23 23:00:00.0;0,00
CAMPO DO TENENTE;410410501A;PR;Centro;-25,98;-49,68408;2025-03-24 00:00:00.0;0,00
CAMPO DO TENENTE;410410501A;PR;Centro;-25,98;-49,68408;2025-03-24 01:00:00.0;0,00
CAMPO DO TENENTE;410410501A;PR;Centro;-25,98;-49,68408;2025-03-24 02:00:00.0;0,00
CAMPO DO TENENTE;410410501A;PR;Centro;-25,98;-49,68408;2025-03-24 03:00:00.0;0,00
CAMPO DO TENENTE;410410501A;PR;Centro;-25,98;-49,68408;2025-03-24 04:00:00.0;0,00
CAMPO DO TENENTE;410410501A;PR;Centro;-25,98;-49,68408;2025-03-24 05:00:00.0;0,00
CAMPO DO TENENTE;410410501A;PR;Centro;-25,98;-49,68408;2025-03-24 06:00:00.0;0,00
CAMPO DO TENENTE;410410501A;PR;Centro;-25,98;-49,68408;2025-03-24 07:00:00.0;0,00
CAMPO DO TENENTE;410410501A;PR;Centro;-25,98;-49,68408;2025-03-24 08:00:00.0;0,00
CAMPO DO TENENTE;410410501A;PR;Centro;-25,98;-49,68408;2025-03-24 09:00:00.0;0,00
CAMPO DO TENENTE;410410501A;PR;Centro;-25,98;-49,68408;2025-03-24 10:00:00.0;0,00
CAMPO DO TENENTE;410410501A;PR;Centro;-25,98;-49,68408;2025-03-24 11:00:00.0;0,00
CAMPO DO TENENTE;410410501A;PR;Centro;-25,98;-49,68408;2025-03-24 12:00:00.0;0,00
CAMPO DO TENENTE;410410501A;PR;Centro;-25,98;-49,68408;2025-03-24 13:00:00.0;0,00
CAMPO DO TENENTE;410410501A;PR;Centro;-25,98;-49,68408;2025-03-24 14:00:00.0;0,00
CAMPO DO TENENTE;410410501A;PR;Centro;-25,98;-49,68408;2025-03-24 15:00:00.0;0,00
CAMPO DO TENENTE;410410501A;PR;Centro;-25,98;-49,68408;2025-03-24 16:00:00.0;0,00
CAMPO DO TENENTE;410410501A;PR;Centro;-25,98;-49,68408;2025-03-24 17:00:00.0;0,00
CAMPO DO TENENTE;410410501A;PR;Centro;-25,98;-49,68408;2025-03-24 18:00:00.0;0,00
CAMPO DO TENENTE;410410501A;PR;Centro;-25,98;-49,68408;2025-03-24 19:00:00.0;0,00
CAMPO DO TENENTE;410410501A;PR;Centro;-25,98;-49,68408;2025-03-24 20:00:00.0;0,00
CAMPO DO TENENTE;410410501A;PR;Centro;-25,98;-49,68408;2025-03-24 21:00:00.0;0,00
CAMPO DO TENENTE;410410501A;PR;Centro;-25,98;-49,68408;2025-03-24 22:00:00.0;0,00
CAMPO DO TENENTE;410410501A;PR;Centro;-25,98;-49,68408;2025-03-24 23:00:00.0;0,00
CAMPO DO TENENTE;410410501A;PR;Centro;-25,98;-49,68408;2025-03-25 00:00:00.0;0,00
CAMPO DO TENENTE;410410501A;PR;Centro;-25,98;-49,68408;2025-03-25 01:00:00.0;0,00
CAMPO DO TENENTE;410410501A;PR;Centro;-25,98;-49,68408;2025-03-25 02:00:00.0;0,00
CAMPO DO TENENTE;410410501A;PR;Centro;-25,98;-49,68408;2025-03-25 03:00:00.0;0,00
CAMPO DO TENENTE;410410501A;PR;Centro;-25,98;-49,68408;2025-03-25 04:00:00.0;0,00
CAMPO DO TENENTE;410410501A;PR;Centro;-25,98;-49,68408;2025-03-25 05:00:00.0;0,00
CAMPO DO TENENTE;410410501A;PR;Centro;-25,98;-49,68408;2025-03-25 05:30:00.0;1,60
CAMPO DO TENENTE;410410501A;PR;Centro;-25,98;-49,68408;2025-03-25 05:40:00.0;0,20
CAMPO DO TENENTE;410410501A;PR;Centro;-25,98;-49,68408;2025-03-25 05:50:00.0;0,60
CAMPO DO TENENTE;410410501A;PR;Centro;-25,98;-49,68408;2025-03-25 06:00:00.0;3,00
CAMPO DO TENENTE;410410501A;PR;Centro;-25,98;-49,68408;2025-03-25 06:10:00.0;2,40
CAMPO DO TENENTE;410410501A;PR;Centro;-25,98;-49,68408;2025-03-25 06:20:00.0;1,00
CAMPO DO TENENTE;410410501A;PR;Centro;-25,98;-49,68408;2025-03-25 06:30:00.0;0,20
CAMPO DO TENENTE;410410501A;PR;Centro;-25,98;-49,68408;2025-03-25 06:40:00.0;0,20
CAMPO DO TENENTE;410410501A;PR;Centro;-25,98;-49,68408;2025-03-25 07:00:00.0;0,00
CAMPO DO TENENTE;410410501A;PR;Centro;-25,98;-49,68408;2025-03-25 08:00:00.0;0,00
CAMPO DO TENENTE;410410501A;PR;Centro;-25,98;-49,68408;2025-03-25 09:00:00.0;0,00
CAMPO DO TENENTE;410410501A;PR;Centro;-25,98;-49,68408;2025-03-25 10:10:00.0;0,00
CAMPO DO TENENTE;410410501A;PR;Centro;-25,98;-49,68408;2025-03-25 11:00:00.0;0,20
CAMPO DO TENENTE;410410501A;PR;Centro;-25,98;-49,68408;2025-03-25 12:00:00.0;0,00
CAMPO DO TENENTE;410410501A;PR;Centro;-25,98;-49,68408;2025-03-25 13:00:00.0;0,00
CAMPO DO TENENTE;410410501A;PR;Centro;-25,98;-49,68408;2025-03-25 14:00:00.0;0,00
CAMPO DO TENENTE;410410501A;PR;Centro;-25,98;-49,68408;2025-03-25 16:00:00.0;0,00
CAMPO DO TENENTE;410410501A;PR;Centro;-25,98;-49,68408;2025-03-25 17:00:00.0;0,00
CAMPO DO TENENTE;410410501A;PR;Centro;-25,98;-49,68408;2025-03-25 18:00:00.0;0,00
CAMPO DO TENENTE;410410501A;PR;Centro;-25,98;-49,68408;2025-03-25 19:00:00.0;0,00
CAMPO DO TENENTE;410410501A;PR;Centro;-25,98;-49,68408;2025-03-25 20:00:00.0;0,00
CAMPO DO TENENTE;410410501A;PR;Centro;-25,98;-49,68408;2025-03-25 21:00:00.0;0,00
CAMPO DO TENENTE;410410501A;PR;Centro;-25,98;-49,68408;2025-03-25 21:50:00.0;0,20
CAMPO DO TENENTE;410410501A;PR;Centro;-25,98;-49,68408;2025-03-25 22:00:00.0;0,00
CAMPO DO TENENTE;410410501A;PR;Centro;-25,98;-49,68408;2025-03-25 23:00:00.0;0,20
CAMPO DO TENENTE;410410501A;PR;Centro;-25,98;-49,68408;2025-03-26 00:00:00.0;0,40
CAMPO DO TENENTE;410410501A;PR;Centro;-25,98;-49,68408;2025-03-26 00:10:00.0;0,20
CAMPO DO TENENTE;410410501A;PR;Centro;-25,98;-49,68408;2025-03-26 00:30:00.0;0,20
CAMPO DO TENENTE;410410501A;PR;Centro;-25,98;-49,68408;2025-03-26 00:40:00.0;0,20
CAMPO DO TENENTE;410410501A;PR;Centro;-25,98;-49,68408;2025-03-26 00:50:00.0;0,20
CAMPO DO TENENTE;410410501A;PR;Centro;-25,98;-49,68408;2025-03-26 01:00:00.0;0,00
CAMPO DO TENENTE;410410501A;PR;Centro;-25,98;-49,68408;2025-03-26 01:10:00.0;0,20
CAMPO DO TENENTE;410410501A;PR;Centro;-25,98;-49,68408;2025-03-26 01:20:00.0;0,20
CAMPO DO TENENTE;410410501A;PR;Centro;-25,98;-49,68408;2025-03-26 01:30:00.0;0,40
CAMPO DO TENENTE;410410501A;PR;Centro;-25,98;-49,68408;2025-03-26 01:40:00.0;0,40
CAMPO DO TENENTE;410410501A;PR;Centro;-25,98;-49,68408;2025-03-26 01:50:00.0;0,20
CAMPO DO TENENTE;410410501A;PR;Centro;-25,98;-49,68408;2025-03-26 02:00:00.0;0,20
CAMPO DO TENENTE;410410501A;PR;Centro;-25,98;-49,68408;2025-03-26 02:30:00.0;0,40
CAMPO DO TENENTE;410410501A;PR;Centro;-25,98;-49,68408;2025-03-26 03:00:00.0;0,00
CAMPO DO TENENTE;410410501A;PR;Centro;-25,98;-49,68408;2025-03-26 03:20:00.0;0,20
CAMPO DO TENENTE;410410501A;PR;Centro;-25,98;-49,68408;2025-03-26 03:50:00.0;0,20
CAMPO DO TENENTE;410410501A;PR;Centro;-25,98;-49,68408;2025-03-26 04:00:00.0;0,20
CAMPO DO TENENTE;410410501A;PR;Centro;-25,98;-49,68408;2025-03-26 04:20:00.0;0,20
CAMPO DO TENENTE;410410501A;PR;Centro;-25,98;-49,68408;2025-03-26 04:50:00.0;0,20
CAMPO DO TENENTE;410410501A;PR;Centro;-25,98;-49,68408;2025-03-26 05:00:00.0;0,00
CAMPO DO TENENTE;410410501A;PR;Centro;-25,98;-49,68408;2025-03-26 06:00:00.0;0,00
CAMPO DO TENENTE;410410501A;PR;Centro;-25,98;-49,68408;2025-03-26 07:00:00.0;0,00
CAMPO DO TENENTE;410410501A;PR;Centro;-25,98;-49,68408;2025-03-26 08:00:00.0;0,00
CAMPO DO TENENTE;410410501A;PR;Centro;-25,98;-49,68408;2025-03-26 09:00:00.0;0,00
CAMPO DO TENENTE;410410501A;PR;Centro;-25,98;-49,68408;2025-03-26 10:00:00.0;0,00
CAMPO DO TENENTE;410410501A;PR;Centro;-25,98;-49,68408;2025-03-26 11:00:00.0;0,00
CAMPO DO TENENTE;410410501A;PR;Centro;-25,98;-49,68408;2025-03-26 12:00:00.0;0,00
CAMPO DO TENENTE;410410501A;PR;Centro;-25,98;-49,68408;2025-03-26 13:00:00.0;0,00
CAMPO DO TENENTE;410410501A;PR;Centro;-25,98;-49,68408;2025-03-26 14:00:00.0;0,00
CAMPO DO TENENTE;410410501A;PR;Centro;-25,98;-49,68408;2025-03-26 15:00:00.0;0,00
CAMPO DO TENENTE;410410501A;PR;Centro;-25,98;-49,68408;2025-03-26 16:00:00.0;0,00
CAMPO DO TENENTE;410410501A;PR;Centro;-25,98;-49,68408;2025-03-26 17:00:00.0;0,00
CAMPO DO TENENTE;410410501A;PR;Centro;-25,98;-49,68408;2025-03-26 18:00:00.0;0,00
CAMPO DO TENENTE;410410501A;PR;Centro;-25,98;-49,68408;2025-03-26 19:00:00.0;0,00
CAMPO DO TENENTE;410410501A;PR;Centro;-25,98;-49,68408;2025-03-26 20:00:00.0;0,00
CAMPO DO TENENTE;410410501A;PR;Centro;-25,98;-49,68408;2025-03-26 21:00:00.0;0,00
CAMPO DO TENENTE;410410501A;PR;Centro;-25,98;-49,68408;2025-03-26 22:00:00.0;0,00
CAMPO DO TENENTE;410410501A;PR;Centro;-25,98;-49,68408;2025-03-26 23:00:00.0;0,00
CAMPO DO TENENTE;410410501A;PR;Centro;-25,98;-49,68408;2025-03-27 00:00:00.0;0,00
CAMPO DO TENENTE;410410501A;PR;Centro;-25,98;-49,68408;2025-03-27 01:00:00.0;0,00
CAMPO DO TENENTE;410410501A;PR;Centro;-25,98;-49,68408;2025-03-27 02:00:00.0;0,00
CAMPO DO TENENTE;410410501A;PR;Centro;-25,98;-49,68408;2025-03-27 03:00:00.0;0,00
CAMPO DO TENENTE;410410501A;PR;Centro;-25,98;-49,68408;2025-03-27 04:00:00.0;0,00
CAMPO DO TENENTE;410410501A;PR;Centro;-25,98;-49,68408;2025-03-27 05:00:00.0;0,00
CAMPO DO TENENTE;410410501A;PR;Centro;-25,98;-49,68408;2025-03-27 06:00:00.0;0,00
CAMPO DO TENENTE;410410501A;PR;Centro;-25,98;-49,68408;2025-03-27 07:00:00.0;0,00
CAMPO DO TENENTE;410410501A;PR;Centro;-25,98;-49,68408;2025-03-27 08:00:00.0;0,00
CAMPO DO TENENTE;410410501A;PR;Centro;-25,98;-49,68408;2025-03-27 09:00:00.0;0,00
CAMPO DO TENENTE;410410501A;PR;Centro;-25,98;-49,68408;2025-03-27 10:00:00.0;0,00
CAMPO DO TENENTE;410410501A;PR;Centro;-25,98;-49,68408;2025-03-27 11:00:00.0;0,00
CAMPO DO TENENTE;410410501A;PR;Centro;-25,98;-49,68408;2025-03-27 12:00:00.0;0,00
CAMPO DO TENENTE;410410501A;PR;Centro;-25,98;-49,68408;2025-03-27 13:00:00.0;0,00
CAMPO DO TENENTE;410410501A;PR;Centro;-25,98;-49,68408;2025-03-27 14:00:00.0;0,00
CAMPO DO TENENTE;410410501A;PR;Centro;-25,98;-49,68408;2025-03-27 15:00:00.0;0,00
CAMPO DO TENENTE;410410501A;PR;Centro;-25,98;-49,68408;2025-03-27 16:00:00.0;0,00
CAMPO DO TENENTE;410410501A;PR;Centro;-25,98;-49,68408;2025-03-27 17:00:00.0;0,00
CAMPO DO TENENTE;410410501A;PR;Centro;-25,98;-49,68408;2025-03-27 18:00:00.0;0,00
CAMPO DO TENENTE;410410501A;PR;Centro;-25,98;-49,68408;2025-03-27 19:00:00.0;0,00
CAMPO DO TENENTE;410410501A;PR;Centro;-25,98;-49,68408;2025-03-27 20:00:00.0;0,00
CAMPO DO TENENTE;410410501A;PR;Centro;-25,98;-49,68408;2025-03-27 21:00:00.0;0,00
CAMPO DO TENENTE;410410501A;PR;Centro;-25,98;-49,68408;2025-03-27 23:00:00.0;0,00
CAMPO DO TENENTE;410410501A;PR;Centro;-25,98;-49,68408;2025-03-28 00:00:00.0;0,00
CAMPO DO TENENTE;410410501A;PR;Centro;-25,98;-49,68408;2025-03-28 01:00:00.0;0,00
CAMPO DO TENENTE;410410501A;PR;Centro;-25,98;-49,68408;2025-03-28 02:00:00.0;0,00
CAMPO DO TENENTE;410410501A;PR;Centro;-25,98;-49,68408;2025-03-28 03:00:00.0;0,00
CAMPO DO TENENTE;410410501A;PR;Centro;-25,98;-49,68408;2025-03-28 04:00:00.0;0,00
CAMPO DO TENENTE;410410501A;PR;Centro;-25,98;-49,68408;2025-03-28 05:00:00.0;0,00
CAMPO DO TENENTE;410410501A;PR;Centro;-25,98;-49,68408;2025-03-28 06:00:00.0;0,00
CAMPO DO TENENTE;410410501A;PR;Centro;-25,98;-49,68408;2025-03-28 07:00:00.0;0,00
CAMPO DO TENENTE;410410501A;PR;Centro;-25,98;-49,68408;2025-03-28 08:00:00.0;0,00
CAMPO DO TENENTE;410410501A;PR;Centro;-25,98;-49,68408;2025-03-28 09:00:00.0;0,00
CAMPO DO TENENTE;410410501A;PR;Centro;-25,98;-49,68408;2025-03-28 10:00:00.0;0,00
CAMPO DO TENENTE;410410501A;PR;Centro;-25,98;-49,68408;2025-03-28 11:00:00.0;0,00
CAMPO DO TENENTE;410410501A;PR;Centro;-25,98;-49,68408;2025-03-28 12:00:00.0;0,00
CAMPO DO TENENTE;410410501A;PR;Centro;-25,98;-49,68408;2025-03-28 13:00:00.0;0,00
CAMPO DO TENENTE;410410501A;PR;Centro;-25,98;-49,68408;2025-03-28 14:00:00.0;0,00
CAMPO DO TENENTE;410410501A;PR;Centro;-25,98;-49,68408;2025-03-28 15:00:00.0;0,00
CAMPO DO TENENTE;410410501A;PR;Centro;-25,98;-49,68408;2025-03-28 16:00:00.0;0,00
CAMPO DO TENENTE;410410501A;PR;Centro;-25,98;-49,68408;2025-03-28 17:00:00.0;0,00
CAMPO DO TENENTE;410410501A;PR;Centro;-25,98;-49,68408;2025-03-28 18:00:00.0;0,00
CAMPO DO TENENTE;410410501A;PR;Centro;-25,98;-49,68408;2025-03-28 19:00:00.0;0,00
CAMPO DO TENENTE;410410501A;PR;Centro;-25,98;-49,68408;2025-03-28 20:00:00.0;0,00
CAMPO DO TENENTE;410410501A;PR;Centro;-25,98;-49,68408;2025-03-28 21:00:00.0;0,00
CAMPO DO TENENTE;410410501A;PR;Centro;-25,98;-49,68408;2025-03-28 22:00:00.0;0,00
CAMPO DO TENENTE;410410501A;PR;Centro;-25,98;-49,68408;2025-03-28 23:00:00.0;0,00
CAMPO DO TENENTE;410410501A;PR;Centro;-25,98;-49,68408;2025-03-29 00:00:00.0;0,00
CAMPO DO TENENTE;410410501A;PR;Centro;-25,98;-49,68408;2025-03-29 01:00:00.0;0,00
CAMPO DO TENENTE;410410501A;PR;Centro;-25,98;-49,68408;2025-03-29 02:00:00.0;0,00
CAMPO DO TENENTE;410410501A;PR;Centro;-25,98;-49,68408;2025-03-29 03:00:00.0;0,00
CAMPO DO TENENTE;410410501A;PR;Centro;-25,98;-49,68408;2025-03-29 04:00:00.0;0,00
CAMPO DO TENENTE;410410501A;PR;Centro;-25,98;-49,68408;2025-03-29 05:00:00.0;0,00
CAMPO DO TENENTE;410410501A;PR;Centro;-25,98;-49,68408;2025-03-29 06:00:00.0;0,00
CAMPO DO TENENTE;410410501A;PR;Centro;-25,98;-49,68408;2025-03-29 07:00:00.0;0,00
CAMPO DO TENENTE;410410501A;PR;Centro;-25,98;-49,68408;2025-03-29 08:00:00.0;0,00
CAMPO DO TENENTE;410410501A;PR;Centro;-25,98;-49,68408;2025-03-29 09:00:00.0;0,00
CAMPO DO TENENTE;410410501A;PR;Centro;-25,98;-49,68408;2025-03-29 10:00:00.0;0,00
CAMPO DO TENENTE;410410501A;PR;Centro;-25,98;-49,68408;2025-03-29 11:00:00.0;0,00
CAMPO DO TENENTE;410410501A;PR;Centro;-25,98;-49,68408;2025-03-29 12:00:00.0;0,00
CAMPO DO TENENTE;410410501A;PR;Centro;-25,98;-49,68408;2025-03-29 13:00:00.0;0,00
CAMPO DO TENENTE;410410501A;PR;Centro;-25,98;-49,68408;2025-03-29 14:00:00.0;0,00
CAMPO DO TENENTE;410410501A;PR;Centro;-25,98;-49,68408;2025-03-29 15:00:00.0;0,00
CAMPO DO TENENTE;410410501A;PR;Centro;-25,98;-49,68408;2025-03-29 16:00:00.0;0,00
CAMPO DO TENENTE;410410501A;PR;Centro;-25,98;-49,68408;2025-03-29 17:00:00.0;0,00
CAMPO DO TENENTE;410410501A;PR;Centro;-25,98;-49,68408;2025-03-29 18:00:00.0;0,00
CAMPO DO TENENTE;410410501A;PR;Centro;-25,98;-49,68408;2025-03-29 18:50:00.0;4,60
CAMPO DO TENENTE;410410501A;PR;Centro;-25,98;-49,68408;2025-03-29 19:00:00.0;2,60
CAMPO DO TENENTE;410410501A;PR;Centro;-25,98;-49,68408;2025-03-29 19:10:00.0;0,60
CAMPO DO TENENTE;410410501A;PR;Centro;-25,98;-49,68408;2025-03-29 19:30:00.0;0,20
CAMPO DO TENENTE;410410501A;PR;Centro;-25,98;-49,68408;2025-03-29 20:00:00.0;0,00
CAMPO DO TENENTE;410410501A;PR;Centro;-25,98;-49,68408;2025-03-29 21:00:00.0;0,00
CAMPO DO TENENTE;410410501A;PR;Centro;-25,98;-49,68408;2025-03-29 21:50:00.0;0,20
CAMPO DO TENENTE;410410501A;PR;Centro;-25,98;-49,68408;2025-03-29 22:40:00.0;0,20
CAMPO DO TENENTE;410410501A;PR;Centro;-25,98;-49,68408;2025-03-29 23:00:00.0;0,00
CAMPO DO TENENTE;410410501A;PR;Centro;-25,98;-49,68408;2025-03-30 00:00:00.0;0,00
CAMPO DO TENENTE;410410501A;PR;Centro;-25,98;-49,68408;2025-03-30 01:00:00.0;0,00
CAMPO DO TENENTE;410410501A;PR;Centro;-25,98;-49,68408;2025-03-30 02:00:00.0;0,00
CAMPO DO TENENTE;410410501A;PR;Centro;-25,98;-49,68408;2025-03-30 03:00:00.0;0,00
CAMPO DO TENENTE;410410501A;PR;Centro;-25,98;-49,68408;2025-03-30 04:00:00.0;0,00
CAMPO DO TENENTE;410410501A;PR;Centro;-25,98;-49,68408;2025-03-30 05:00:00.0;0,00
CAMPO DO TENENTE;410410501A;PR;Centro;-25,98;-49,68408;2025-03-30 06:00:00.0;0,00
CAMPO DO TENENTE;410410501A;PR;Centro;-25,98;-49,68408;2025-03-30 07:00:00.0;0,00
CAMPO DO TENENTE;410410501A;PR;Centro;-25,98;-49,68408;2025-03-30 08:00:00.0;0,00
CAMPO DO TENENTE;410410501A;PR;Centro;-25,98;-49,68408;2025-03-30 09:00:00.0;0,00
CAMPO DO TENENTE;410410501A;PR;Centro;-25,98;-49,68408;2025-03-30 10:00:00.0;0,00
CAMPO DO TENENTE;410410501A;PR;Centro;-25,98;-49,68408;2025-03-30 11:00:00.0;0,00
CAMPO DO TENENTE;410410501A;PR;Centro;-25,98;-49,68408;2025-03-30 12:00:00.0;0,00
CAMPO DO TENENTE;410410501A;PR;Centro;-25,98;-49,68408;2025-03-30 13:00:00.0;0,00
CAMPO DO TENENTE;410410501A;PR;Centro;-25,98;-49,68408;2025-03-30 14:00:00.0;0,00
CAMPO DO TENENTE;410410501A;PR;Centro;-25,98;-49,68408;2025-03-30 14:50:00.0;0,20
CAMPO DO TENENTE;410410501A;PR;Centro;-25,98;-49,68408;2025-03-30 15:00:00.0;0,00
CAMPO DO TENENTE;410410501A;PR;Centro;-25,98;-49,68408;2025-03-30 16:00:00.0;0,00
CAMPO DO TENENTE;410410501A;PR;Centro;-25,98;-49,68408;2025-03-30 17:00:00.0;0,00
CAMPO DO TENENTE;410410501A;PR;Centro;-25,98;-49,68408;2025-03-30 18:00:00.0;0,00
CAMPO DO TENENTE;410410501A;PR;Centro;-25,98;-49,68408;2025-03-30 19:00:00.0;0,00
CAMPO DO TENENTE;410410501A;PR;Centro;-25,98;-49,68408;2025-03-30 20:00:00.0;0,00
CAMPO DO TENENTE;410410501A;PR;Centro;-25,98;-49,68408;2025-03-30 21:00:00.0;0,00
CAMPO DO TENENTE;410410501A;PR;Centro;-25,98;-49,68408;2025-03-30 22:00:00.0;0,00
CAMPO DO TENENTE;410410501A;PR;Centro;-25,98;-49,68408;2025-03-30 23:00:00.0;0,00
CAMPO DO TENENTE;410410501A;PR;Centro;-25,98;-49,68408;2025-03-31 00:00:00.0;0,00
CAMPO DO TENENTE;410410501A;PR;Centro;-25,98;-49,68408;2025-03-31 01:00:00.0;0,00
CAMPO DO TENENTE;410410501A;PR;Centro;-25,98;-49,68408;2025-03-31 02:00:00.0;0,00
CAMPO DO TENENTE;410410501A;PR;Centro;-25,98;-49,68408;2025-03-31 03:00:00.0;0,00
CAMPO DO TENENTE;410410501A;PR;Centro;-25,98;-49,68408;2025-03-31 04:00:00.0;0,00
CAMPO DO TENENTE;410410501A;PR;Centro;-25,98;-49,68408;2025-03-31 05:00:00.0;0,00
CAMPO DO TENENTE;410410501A;PR;Centro;-25,98;-49,68408;2025-03-31 06:00:00.0;0,00
CAMPO DO TENENTE;410410501A;PR;Centro;-25,98;-49,68408;2025-03-31 07:00:00.0;0,00
CAMPO DO TENENTE;410410501A;PR;Centro;-25,98;-49,68408;2025-03-31 08:00:00.0;0,00
CAMPO DO TENENTE;410410501A;PR;Centro;-25,98;-49,68408;2025-03-31 09:00:00.0;0,00
CAMPO DO TENENTE;410410501A;PR;Centro;-25,98;-49,68408;2025-03-31 10:00:00.0;0,00
CAMPO DO TENENTE;410410501A;PR;Centro;-25,98;-49,68408;2025-03-31 11:00:00.0;0,00
CAMPO DO TENENTE;410410501A;PR;Centro;-25,98;-49,68408;2025-03-31 11:20:00.0;0,20
CAMPO DO TENENTE;410410501A;PR;Centro;-25,98;-49,68408;2025-03-31 12:00:00.0;0,00
CAMPO DO TENENTE;410410501A;PR;Centro;-25,98;-49,68408;2025-03-31 13:00:00.0;0,00
CAMPO DO TENENTE;410410501A;PR;Centro;-25,98;-49,68408;2025-03-31 14:00:00.0;0,00
CAMPO DO TENENTE;410410501A;PR;Centro;-25,98;-49,68408;2025-03-31 15:00:00.0;0,00
CAMPO DO TENENTE;410410501A;PR;Centro;-25,98;-49,68408;2025-03-31 16:00:00.0;0,00
CAMPO DO TENENTE;410410501A;PR;Centro;-25,98;-49,68408;2025-03-31 17:00:00.0;0,00
CAMPO DO TENENTE;410410501A;PR;Centro;-25,98;-49,68408;2025-03-31 18:00:00.0;0,00
CAMPO DO TENENTE;410410501A;PR;Centro;-25,98;-49,68408;2025-03-31 19:00:00.0;0,00
CAMPO DO TENENTE;410410501A;PR;Centro;-25,98;-49,68408;2025-03-31 20:00:00.0;0,00
CAMPO DO TENENTE;410410501A;PR;Centro;-25,98;-49,68408;2025-03-31 21:00:00.0;0,00
CAMPO DO TENENTE;410410501A;PR;Centro;-25,98;-49,68408;2025-03-31 22:00:00.0;0,00
CAMPO DO TENENTE;410410501A;PR;Centro;-25,98;-49,68408;2025-03-31 23:00:00.0;0,00
CAMPO LARGO;410420402A;PR;Vila Andreas;-25,44889;-49,55519;2025-03-03 07:00:00.0;0,00
CAMPO LARGO;410420402A;PR;Vila Andreas;-25,44889;-49,55519;2025-03-03 08:00:00.0;0,00
CAMPO LARGO;410420402A;PR;Vila Andreas;-25,44889;-49,55519;2025-03-03 09:00:00.0;0,00
CAMPO LARGO;410420402A;PR;Vila Andreas;-25,44889;-49,55519;2025-03-03 10:00:00.0;0,00
CAMPO LARGO;410420402A;PR;Vila Andreas;-25,44889;-49,55519;2025-03-03 11:00:00.0;0,00
CAMPO LARGO;410420402A;PR;Vila Andreas;-25,44889;-49,55519;2025-03-03 12:00:00.0;0,00
CAMPO LARGO;410420402A;PR;Vila Andreas;-25,44889;-49,55519;2025-03-03 13:00:00.0;0,00
CAMPO MAGRO;410425301A;PR;Centro;-25,3689;-49,45687;2025-03-11 21:00:00.0;0,40
CAMPO MAGRO;410425301A;PR;Centro;-25,3689;-49,45687;2025-03-11 21:10:00.0;0,40
CAMPO MAGRO;410425301A;PR;Centro;-25,3689;-49,45687;2025-03-11 21:30:00.0;0,20
CAMPO MAGRO;410425301A;PR;Centro;-25,3689;-49,45687;2025-03-11 21:40:00.0;0,20
CAMPO MAGRO;410425301A;PR;Centro;-25,3689;-49,45687;2025-03-11 22:00:00.0;0,20
CAMPO MAGRO;410425301A;PR;Centro;-25,3689;-49,45687;2025-03-11 22:10:00.0;0,20
CAMPO MAGRO;410425301A;PR;Centro;-25,3689;-49,45687;2025-03-11 22:20:00.0;0,40
CAMPO MAGRO;410425301A;PR;Centro;-25,3689;-49,45687;2025-03-11 22:30:00.0;3,80
CAMPO MAGRO;410425301A;PR;Centro;-25,3689;-49,45687;2025-03-11 22:40:00.0;2,60
CAMPO MAGRO;410425301A;PR;Centro;-25,3689;-49,45687;2025-03-11 22:50:00.0;1,80
CAMPO MAGRO;410425301A;PR;Centro;-25,3689;-49,45687;2025-03-11 23:00:00.0;1,40
CAMPO MAGRO;410425301A;PR;Centro;-25,3689;-49,45687;2025-03-11 23:10:00.0;0,60
CAMPO MAGRO;410425301A;PR;Centro;-25,3689;-49,45687;2025-03-11 23:20:00.0;0,60
CAMPO MAGRO;410425301A;PR;Centro;-25,3689;-49,45687;2025-03-11 23:30:00.0;0,40
CAMPO MAGRO;410425301A;PR;Centro;-25,3689;-49,45687;2025-03-11 23:40:00.0;0,40
CAMPO MAGRO;410425301A;PR;Centro;-25,3689;-49,45687;2025-03-11 23:50:00.0;0,40
CAMPO MAGRO;410425301A;PR;Centro;-25,3689;-49,45687;2025-03-12 00:00:00.0;0,40
CAMPO MAGRO;410425301A;PR;Centro;-25,3689;-49,45687;2025-03-12 00:10:00.0;0,20
CAMPO MAGRO;410425301A;PR;Centro;-25,3689;-49,45687;2025-03-12 00:20:00.0;0,20
CAMPO MAGRO;410425301A;PR;Centro;-25,3689;-49,45687;2025-03-12 00:40:00.0;0,20
CAMPO MAGRO;410425301A;PR;Centro;-25,3689;-49,45687;2025-03-12 00:50:00.0;0,00
CAMPO MAGRO;410425301A;PR;Centro;-25,3689;-49,45687;2025-03-12 23:50:00.0;0,20
CAMPO MAGRO;410425301A;PR;Centro;-25,3689;-49,45687;2025-03-13 10:20:00.0;0,20
CAMPO MAGRO;410425301A;PR;Centro;-25,3689;-49,45687;2025-03-13 10:50:00.0;0,20
CAMPO MAGRO;410425301A;PR;Centro;-25,3689;-49,45687;2025-03-13 11:30:00.0;0,20
CAMPO MAGRO;410425301A;PR;Centro;-25,3689;-49,45687;2025-03-13 12:10:00.0;0,20
CAMPO MAGRO;410425301A;PR;Centro;-25,3689;-49,45687;2025-03-13 13:20:00.0;0,20
CAMPO MAGRO;410425301A;PR;Centro;-25,3689;-49,45687;2025-03-13 14:30:00.0;0,20
CAMPO MAGRO;410425301A;PR;Centro;-25,3689;-49,45687;2025-03-13 15:30:00.0;0,20
CAMPO MAGRO;410425301A;PR;Centro;-25,3689;-49,45687;2025-03-13 15:50:00.0;0,20
CAMPO MAGRO;410425301A;PR;Centro;-25,3689;-49,45687;2025-03-13 16:10:00.0;0,20
CAMPO MAGRO;410425301A;PR;Centro;-25,3689;-49,45687;2025-03-13 16:50:00.0;0,20
CAMPO MAGRO;410425301A;PR;Centro;-25,3689;-49,45687;2025-03-13 17:40:00.0;0,20
CAMPO MAGRO;410425301A;PR;Centro;-25,3689;-49,45687;2025-03-13 17:50:00.0;0,00
CAMPO MAGRO;410425301A;PR;Centro;-25,3689;-49,45687;2025-03-13 18:10:00.0;0,20
CAMPO MAGRO;410425301A;PR;Centro;-25,3689;-49,45687;2025-03-13 18:20:00.0;0,20
CAMPO MAGRO;410425301A;PR;Centro;-25,3689;-49,45687;2025-03-13 18:30:00.0;0,20
CAMPO MAGRO;410425301A;PR;Centro;-25,3689;-49,45687;2025-03-13 18:50:00.0;0,20
CAMPO MAGRO;410425301A;PR;Centro;-25,3689;-49,45687;2025-03-13 19:20:00.0;0,20
CAMPO MAGRO;410425301A;PR;Centro;-25,3689;-49,45687;2025-03-13 19:50:00.0;0,20
CAMPO MAGRO;410425301A;PR;Centro;-25,3689;-49,45687;2025-03-13 20:50:00.0;0,20
CAMPO MAGRO;410425301A;PR;Centro;-25,3689;-49,45687;2025-03-13 21:00:00.0;0,20
CAMPO MAGRO;410425301A;PR;Centro;-25,3689;-49,45687;2025-03-13 22:10:00.0;0,20
CAMPO MAGRO;410425301A;PR;Centro;-25,3689;-49,45687;2025-03-13 22:20:00.0;0,20
CAMPO MAGRO;410425301A;PR;Centro;-25,3689;-49,45687;2025-03-13 22:30:00.0;0,40
CAMPO MAGRO;410425301A;PR;Centro;-25,3689;-49,45687;2025-03-13 22:40:00.0;0,80
CAMPO MAGRO;410425301A;PR;Centro;-25,3689;-49,45687;2025-03-13 22:50:00.0;0,80
CAMPO MAGRO;410425301A;PR;Centro;-25,3689;-49,45687;2025-03-13 23:00:00.0;0,80
CAMPO MAGRO;410425301A;PR;Centro;-25,3689;-49,45687;2025-03-13 23:10:00.0;0,80
CAMPO MAGRO;410425301A;PR;Centro;-25,3689;-49,45687;2025-03-13 23:20:00.0;0,80
CAMPO MAGRO;410425301A;PR;Centro;-25,3689;-49,45687;2025-03-13 23:30:00.0;1,00
CAMPO MAGRO;410425301A;PR;Centro;-25,3689;-49,45687;2025-03-13 23:40:00.0;1,00
CAMPO MAGRO;410425301A;PR;Centro;-25,3689;-49,45687;2025-03-13 23:50:00.0;0,80
CAMPO MAGRO;410425301A;PR;Centro;-25,3689;-49,45687;2025-03-14 00:00:00.0;1,00
CAMPO MAGRO;410425301A;PR;Centro;-25,3689;-49,45687;2025-03-14 00:10:00.0;0,80
CAMPO MAGRO;410425301A;PR;Centro;-25,3689;-49,45687;2025-03-14 00:20:00.0;0,80
CAMPO MAGRO;410425301A;PR;Centro;-25,3689;-49,45687;2025-03-14 00:30:00.0;0,80
CAMPO MAGRO;410425301A;PR;Centro;-25,3689;-49,45687;2025-03-14 00:40:00.0;0,60
CAMPO MAGRO;410425301A;PR;Centro;-25,3689;-49,45687;2025-03-14 00:50:00.0;1,00
CAMPO MAGRO;410425301A;PR;Centro;-25,3689;-49,45687;2025-03-14 01:00:00.0;0,80
CAMPO MAGRO;410425301A;PR;Centro;-25,3689;-49,45687;2025-03-14 01:10:00.0;0,60
CAMPO MAGRO;410425301A;PR;Centro;-25,3689;-49,45687;2025-03-14 01:20:00.0;0,80
CAMPO MAGRO;410425301A;PR;Centro;-25,3689;-49,45687;2025-03-14 01:30:00.0;0,60
CAMPO MAGRO;410425301A;PR;Centro;-25,3689;-49,45687;2025-03-14 01:40:00.0;0,40
CAMPO MAGRO;410425301A;PR;Centro;-25,3689;-49,45687;2025-03-14 01:50:00.0;0,60
CAMPO MAGRO;410425301A;PR;Centro;-25,3689;-49,45687;2025-03-14 02:00:00.0;0,40
CAMPO MAGRO;410425301A;PR;Centro;-25,3689;-49,45687;2025-03-14 02:10:00.0;0,60
CAMPO MAGRO;410425301A;PR;Centro;-25,3689;-49,45687;2025-03-14 02:20:00.0;0,40
CAMPO MAGRO;410425301A;PR;Centro;-25,3689;-49,45687;2025-03-14 02:30:00.0;0,40
CAMPO MAGRO;410425301A;PR;Centro;-25,3689;-49,45687;2025-03-14 02:40:00.0;0,40
CAMPO MAGRO;410425301A;PR;Centro;-25,3689;-49,45687;2025-03-14 02:50:00.0;0,40
CAMPO MAGRO;410425301A;PR;Centro;-25,3689;-49,45687;2025-03-14 03:00:00.0;0,20
CAMPO MAGRO;410425301A;PR;Centro;-25,3689;-49,45687;2025-03-14 03:10:00.0;0,40
CAMPO MAGRO;410425301A;PR;Centro;-25,3689;-49,45687;2025-03-14 03:20:00.0;0,20
CAMPO MAGRO;410425301A;PR;Centro;-25,3689;-49,45687;2025-03-14 03:30:00.0;0,40
CAMPO MAGRO;410425301A;PR;Centro;-25,3689;-49,45687;2025-03-14 03:40:00.0;0,40
CAMPO MAGRO;410425301A;PR;Centro;-25,3689;-49,45687;2025-03-14 03:50:00.0;0,20
CAMPO MAGRO;410425301A;PR;Centro;-25,3689;-49,45687;2025-03-14 04:00:00.0;0,20
CAMPO MAGRO;410425301A;PR;Centro;-25,3689;-49,45687;2025-03-14 04:10:00.0;0,40
CAMPO MAGRO;410425301A;PR;Centro;-25,3689;-49,45687;2025-03-14 04:20:00.0;0,20
CAMPO MAGRO;410425301A;PR;Centro;-25,3689;-49,45687;2025-03-14 04:40:00.0;0,20
CAMPO MAGRO;410425301A;PR;Centro;-25,3689;-49,45687;2025-03-14 04:50:00.0;0,00
CAMPO MAGRO;410425301A;PR;Centro;-25,3689;-49,45687;2025-03-19 02:50:00.0;0,20
CAMPO MAGRO;410425301A;PR;Centro;-25,3689;-49,45687;2025-03-19 03:30:00.0;0,20
CAMPO MAGRO;410425301A;PR;Centro;-25,3689;-49,45687;2025-03-19 04:00:00.0;0,20
CAMPO MAGRO;410425301A;PR;Centro;-25,3689;-49,45687;2025-03-19 04:20:00.0;0,20
CAMPO MAGRO;410425301A;PR;Centro;-25,3689;-49,45687;2025-03-19 04:50:00.0;0,20
CAMPO MAGRO;410425301A;PR;Centro;-25,3689;-49,45687;2025-03-19 05:10:00.0;0,20
CAMPO MAGRO;410425301A;PR;Centro;-25,3689;-49,45687;2025-03-19 05:40:00.0;0,20
CAMPO MAGRO;410425301A;PR;Centro;-25,3689;-49,45687;2025-03-19 05:50:00.0;0,00
CAMPO MAGRO;410425301A;PR;Centro;-25,3689;-49,45687;2025-03-19 06:00:00.0;0,20
CAMPO MAGRO;410425301A;PR;Centro;-25,3689;-49,45687;2025-03-19 06:30:00.0;0,20
CAMPO MAGRO;410425301A;PR;Centro;-25,3689;-49,45687;2025-03-19 07:00:00.0;0,20
CAMPO MAGRO;410425301A;PR;Centro;-25,3689;-49,45687;2025-03-19 07:40:00.0;0,20
CAMPO MAGRO;410425301A;PR;Centro;-25,3689;-49,45687;2025-03-19 07:50:00.0;0,00
CAMPO MAGRO;410425301A;PR;Centro;-25,3689;-49,45687;2025-03-19 08:20:00.0;0,20
CAMPO MAGRO;410425301A;PR;Centro;-25,3689;-49,45687;2025-03-19 09:10:00.0;0,20
CAMPO MAGRO;410425301A;PR;Centro;-25,3689;-49,45687;2025-03-19 09:30:00.0;0,20
CAMPO MAGRO;410425301A;PR;Centro;-25,3689;-49,45687;2025-03-19 10:00:00.0;0,20
CAMPO MAGRO;410425301A;PR;Centro;-25,3689;-49,45687;2025-03-19 10:20:00.0;0,20
CAMPO MAGRO;410425301A;PR;Centro;-25,3689;-49,45687;2025-03-19 10:40:00.0;0,20
CAMPO MAGRO;410425301A;PR;Centro;-25,3689;-49,45687;2025-03-19 10:50:00.0;0,00
CAMPO MAGRO;410425301A;PR;Centro;-25,3689;-49,45687;2025-03-19 11:00:00.0;0,20
CAMPO MAGRO;410425301A;PR;Centro;-25,3689;-49,45687;2025-03-19 11:20:00.0;0,20
CAMPO MAGRO;410425301A;PR;Centro;-25,3689;-49,45687;2025-03-19 11:40:00.0;0,20
CAMPO MAGRO;410425301A;PR;Centro;-25,3689;-49,45687;2025-03-19 11:50:00.0;0,00
CAMPO MAGRO;410425301A;PR;Centro;-25,3689;-49,45687;2025-03-19 12:00:00.0;0,20
CAMPO MAGRO;410425301A;PR;Centro;-25,3689;-49,45687;2025-03-19 12:10:00.0;0,20
CAMPO MAGRO;410425301A;PR;Centro;-25,3689;-49,45687;2025-03-19 12:30:00.0;0,20
CAMPO MAGRO;410425301A;PR;Centro;-25,3689;-49,45687;2025-03-19 12:40:00.0;0,40
CAMPO MAGRO;410425301A;PR;Centro;-25,3689;-49,45687;2025-03-19 12:50:00.0;0,60
CAMPO MAGRO;410425301A;PR;Centro;-25,3689;-49,45687;2025-03-19 13:00:00.0;0,80
CAMPO MAGRO;410425301A;PR;Centro;-25,3689;-49,45687;2025-03-19 13:10:00.0;0,60
CAMPO MAGRO;410425301A;PR;Centro;-25,3689;-49,45687;2025-03-19 13:20:00.0;0,60
CAMPO MAGRO;410425301A;PR;Centro;-25,3689;-49,45687;2025-03-19 13:30:00.0;0,60
CAMPO MAGRO;410425301A;PR;Centro;-25,3689;-49,45687;2025-03-19 13:40:00.0;0,60
CAMPO MAGRO;410425301A;PR;Centro;-25,3689;-49,45687;2025-03-19 13:50:00.0;0,40
CAMPO MAGRO;410425301A;PR;Centro;-25,3689;-49,45687;2025-03-19 14:00:00.0;0,20
CAMPO MAGRO;410425301A;PR;Centro;-25,3689;-49,45687;2025-03-19 14:10:00.0;0,20
CAMPO MAGRO;410425301A;PR;Centro;-25,3689;-49,45687;2025-03-25 07:40:00.0;2,00
CAMPO MAGRO;410425301A;PR;Centro;-25,3689;-49,45687;2025-03-25 07:50:00.0;1,40
CAMPO MAGRO;410425301A;PR;Centro;-25,3689;-49,45687;2025-03-25 08:00:00.0;0,60
CAMPO MAGRO;410425301A;PR;Centro;-25,3689;-49,45687;2025-03-25 08:10:00.0;0,60
CAMPO MAGRO;410425301A;PR;Centro;-25,3689;-49,45687;2025-03-25 08:20:00.0;0,60
CAMPO MAGRO;410425301A;PR;Centro;-25,3689;-49,45687;2025-03-25 08:30:00.0;0,40
CAMPO MAGRO;410425301A;PR;Centro;-25,3689;-49,45687;2025-03-25 08:40:00.0;0,40
CAMPO MAGRO;410425301A;PR;Centro;-25,3689;-49,45687;2025-03-25 08:50:00.0;0,40
CAMPO MAGRO;410425301A;PR;Centro;-25,3689;-49,45687;2025-03-25 09:00:00.0;0,40
CAMPO MAGRO;410425301A;PR;Centro;-25,3689;-49,45687;2025-03-25 09:10:00.0;0,40
CAMPO MAGRO;410425301A;PR;Centro;-25,3689;-49,45687;2025-03-25 09:20:00.0;0,40
CAMPO MAGRO;410425301A;PR;Centro;-25,3689;-49,45687;2025-03-25 09:30:00.0;0,20
CAMPO MAGRO;410425301A;PR;Centro;-25,3689;-49,45687;2025-03-25 09:40:00.0;0,40
CAMPO MAGRO;410425301A;PR;Centro;-25,3689;-49,45687;2025-03-25 09:50:00.0;0,20
CAMPO MAGRO;410425301A;PR;Centro;-25,3689;-49,45687;2025-03-25 10:00:00.0;0,20
CAMPO MAGRO;410425301A;PR;Centro;-25,3689;-49,45687;2025-03-25 10:10:00.0;0,20
CAMPO MAGRO;410425301A;PR;Centro;-25,3689;-49,45687;2025-03-25 10:20:00.0;0,20
CAMPO MAGRO;410425301A;PR;Centro;-25,3689;-49,45687;2025-03-25 10:30:00.0;0,20
CAMPO MAGRO;410425301A;PR;Centro;-25,3689;-49,45687;2025-03-25 10:40:00.0;0,20
CAMPO MAGRO;410425301A;PR;Centro;-25,3689;-49,45687;2025-03-25 10:50:00.0;0,00
CAMPO MAGRO;410425301A;PR;Centro;-25,3689;-49,45687;2025-03-25 11:00:00.0;0,20
CAMPO MAGRO;410425301A;PR;Centro;-25,3689;-49,45687;2025-03-25 11:20:00.0;0,20
CAMPO MAGRO;410425301A;PR;Centro;-25,3689;-49,45687;2025-03-25 11:30:00.0;0,20
CAMPO MAGRO;410425301A;PR;Centro;-25,3689;-49,45687;2025-03-25 12:00:00.0;0,20
CAMPO MAGRO;410425301A;PR;Centro;-25,3689;-49,45687;2025-03-25 12:20:00.0;0,20
CAMPO MAGRO;410425301A;PR;Centro;-25,3689;-49,45687;2025-03-25 12:50:00.0;0,20
CAMPO MAGRO;410425301A;PR;Centro;-25,3689;-49,45687;2025-03-25 13:20:00.0;0,20
CAMPO MAGRO;410425301A;PR;Centro;-25,3689;-49,45687;2025-03-25 14:10:00.0;0,20
CAMPO MAGRO;410425301A;PR;Centro;-25,3689;-49,45687;2025-03-25 15:20:00.0;0,20
CAMPO MAGRO;410425301A;PR;Centro;-25,3689;-49,45687;2025-03-25 22:40:00.0;0,20
CAMPO MAGRO;410425301A;PR;Centro;-25,3689;-49,45687;2025-03-25 23:00:00.0;0,00
CAMPO MAGRO;410425301A;PR;Centro;-25,3689;-49,45687;2025-03-26 12:20:00.0;0,20
CAMPO MAGRO;410425301A;PR;Centro;-25,3689;-49,45687;2025-03-26 12:50:00.0;0,40
CAMPO MAGRO;410425301A;PR;Centro;-25,3689;-49,45687;2025-03-26 13:00:00.0;0,20
CAMPO MAGRO;410425301A;PR;Centro;-25,3689;-49,45687;2025-03-26 13:10:00.0;0,20
CAMPO MAGRO;410425301A;PR;Centro;-25,3689;-49,45687;2025-03-26 13:20:00.0;0,20
CAMPO MAGRO;410425301A;PR;Centro;-25,3689;-49,45687;2025-03-26 13:30:00.0;0,20
CAMPO MAGRO;410425301A;PR;Centro;-25,3689;-49,45687;2025-03-26 13:40:00.0;0,20
CAMPO MAGRO;410425301A;PR;Centro;-25,3689;-49,45687;2025-03-26 13:50:00.0;0,20
CAMPO MAGRO;410425301A;PR;Centro;-25,3689;-49,45687;2025-03-26 14:00:00.0;0,20
CAMPO MAGRO;410425301A;PR;Centro;-25,3689;-49,45687;2025-03-26 14:10:00.0;0,20
CAMPO MAGRO;410425301A;PR;Centro;-25,3689;-49,45687;2025-03-26 14:20:00.0;0,20
CAMPO MAGRO;410425301A;PR;Centro;-25,3689;-49,45687;2025-03-26 14:40:00.0;0,20
CAMPO MAGRO;410425301A;PR;Centro;-25,3689;-49,45687;2025-03-26 14:50:00.0;0,20
CAMPO MAGRO;410425301A;PR;Centro;-25,3689;-49,45687;2025-03-26 15:00:00.0;0,20
CAMPO MAGRO;410425301A;PR;Centro;-25,3689;-49,45687;2025-03-26 15:20:00.0;0,20
CAMPO MAGRO;410425301A;PR;Centro;-25,3689;-49,45687;2025-03-26 15:40:00.0;0,20
CAMPO MAGRO;410425301A;PR;Centro;-25,3689;-49,45687;2025-03-26 15:50:00.0;0,00
CAMPO MAGRO;410425301A;PR;Centro;-25,3689;-49,45687;2025-03-26 16:10:00.0;0,20
CAMPO MAGRO;410425301A;PR;Centro;-25,3689;-49,45687;2025-03-26 17:00:00.0;0,20
CAMPO MAGRO;410425301A;PR;Centro;-25,3689;-49,45687;2025-03-26 17:30:00.0;0,20
CAMPO MAGRO;410425301A;PR;Centro;-25,3689;-49,45687;2025-03-26 18:00:00.0;0,20
CAMPO MAGRO;410425301A;PR;Centro;-25,3689;-49,45687;2025-03-26 18:30:00.0;0,20
CAMPO MAGRO;410425301A;PR;Centro;-25,3689;-49,45687;2025-03-26 18:50:00.0;0,20
CAMPO MAGRO;410425301A;PR;Centro;-25,3689;-49,45687;2025-03-26 19:10:00.0;0,20
CAMPO MAGRO;410425301A;PR;Centro;-25,3689;-49,45687;2025-03-26 19:20:00.0;0,20
CAMPO MAGRO;410425301A;PR;Centro;-25,3689;-49,45687;2025-03-26 19:30:00.0;0,20
CAMPO MAGRO;410425301A;PR;Centro;-25,3689;-49,45687;2025-03-26 19:50:00.0;0,20
CAMPO MAGRO;410425301A;PR;Centro;-25,3689;-49,45687;2025-03-26 20:00:00.0;0,20
CAMPO MAGRO;410425301A;PR;Centro;-25,3689;-49,45687;2025-03-26 20:20:00.0;0,20
CAMPO MAGRO;410425301A;PR;Centro;-25,3689;-49,45687;2025-03-26 20:40:00.0;0,20
CAMPO MAGRO;410425301A;PR;Centro;-25,3689;-49,45687;2025-03-26 20:50:00.0;0,20
CAMPO MAGRO;410425301A;PR;Centro;-25,3689;-49,45687;2025-03-26 21:10:00.0;0,20
CAMPO MAGRO;410425301A;PR;Centro;-25,3689;-49,45687;2025-03-26 21:30:00.0;0,20
CAMPO MAGRO;410425301A;PR;Centro;-25,3689;-49,45687;2025-03-26 21:40:00.0;0,20
CAMPO MAGRO;410425301A;PR;Centro;-25,3689;-49,45687;2025-03-26 21:50:00.0;0,20
CAMPO MAGRO;410425301A;PR;Centro;-25,3689;-49,45687;2025-03-26 22:00:00.0;0,20
CAMPO MAGRO;410425301A;PR;Centro;-25,3689;-49,45687;2025-03-26 22:20:00.0;0,20
CAMPO MAGRO;410425301A;PR;Centro;-25,3689;-49,45687;2025-03-26 22:40:00.0;0,20
CAMPO MAGRO;410425301A;PR;Centro;-25,3689;-49,45687;2025-03-26 22:50:00.0;0,20
CAMPO MAGRO;410425301A;PR;Centro;-25,3689;-49,45687;2025-03-26 23:00:00.0;0,20
CAMPO MAGRO;410425301A;PR;Centro;-25,3689;-49,45687;2025-03-26 23:10:00.0;0,60
CAMPO MAGRO;410425301A;PR;Centro;-25,3689;-49,45687;2025-03-26 23:20:00.0;0,60
CAMPO MAGRO;410425301A;PR;Centro;-25,3689;-49,45687;2025-03-26 23:30:00.0;0,60
CAMPO MAGRO;410425301A;PR;Centro;-25,3689;-49,45687;2025-03-26 23:40:00.0;0,80
CAMPO MAGRO;410425301A;PR;Centro;-25,3689;-49,45687;2025-03-26 23:50:00.0;1,00
CAMPO MAGRO;410425301A;PR;Centro;-25,3689;-49,45687;2025-03-27 00:00:00.0;1,00
CAMPO MAGRO;410425301A;PR;Centro;-25,3689;-49,45687;2025-03-27 00:10:00.0;1,00
CAMPO MAGRO;410425301A;PR;Centro;-25,3689;-49,45687;2025-03-27 00:20:00.0;1,00
CAMPO MAGRO;410425301A;PR;Centro;-25,3689;-49,45687;2025-03-27 00:30:00.0;1,00
CAMPO MAGRO;410425301A;PR;Centro;-25,3689;-49,45687;2025-03-27 00:40:00.0;1,00
CAMPO MAGRO;410425301A;PR;Centro;-25,3689;-49,45687;2025-03-27 00:50:00.0;1,20
CAMPO MAGRO;410425301A;PR;Centro;-25,3689;-49,45687;2025-03-27 01:00:00.0;1,00
CAMPO MAGRO;410425301A;PR;Centro;-25,3689;-49,45687;2025-03-27 01:10:00.0;1,20
CAMPO MAGRO;410425301A;PR;Centro;-25,3689;-49,45687;2025-03-27 01:20:00.0;1,20
CAMPO MAGRO;410425301A;PR;Centro;-25,3689;-49,45687;2025-03-27 01:30:00.0;1,40
CAMPO MAGRO;410425301A;PR;Centro;-25,3689;-49,45687;2025-03-27 01:40:00.0;1,20
CAMPO MAGRO;410425301A;PR;Centro;-25,3689;-49,45687;2025-03-27 01:50:00.0;1,40
CAMPO MAGRO;410425301A;PR;Centro;-25,3689;-49,45687;2025-03-27 02:00:00.0;1,20
CAMPO MAGRO;410425301A;PR;Centro;-25,3689;-49,45687;2025-03-27 02:10:00.0;1,40
CAMPO MAGRO;410425301A;PR;Centro;-25,3689;-49,45687;2025-03-27 02:20:00.0;1,80
CAMPO MAGRO;410425301A;PR;Centro;-25,3689;-49,45687;2025-03-27 02:30:00.0;1,60
CAMPO MAGRO;410425301A;PR;Centro;-25,3689;-49,45687;2025-03-27 02:40:00.0;2,00
CAMPO MAGRO;410425301A;PR;Centro;-25,3689;-49,45687;2025-03-27 02:50:00.0;2,00
CAMPO MAGRO;410425301A;PR;Centro;-25,3689;-49,45687;2025-03-27 03:00:00.0;2,00
CAMPO MAGRO;410425301A;PR;Centro;-25,3689;-49,45687;2025-03-27 03:10:00.0;1,60
CAMPO MAGRO;410425301A;PR;Centro;-25,3689;-49,45687;2025-03-27 03:20:00.0;1,00
CAMPO MAGRO;410425301A;PR;Centro;-25,3689;-49,45687;2025-03-27 03:30:00.0;0,20
CAMPO MAGRO;410425301A;PR;Centro;-25,3689;-49,45687;2025-03-27 10:50:00.0;0,20
CANTAGALO;410445101A;PR;Centro;-25,371891;-52,127045;2025-03-01 00:10:00.0;0,00
CANTAGALO;410445101A;PR;Centro;-25,371891;-52,127045;2025-03-01 00:30:00.0;0,00
CANTAGALO;410445101A;PR;Centro;-25,371891;-52,127045;2025-03-01 01:30:00.0;0,00
CANTAGALO;410445101A;PR;Centro;-25,371891;-52,127045;2025-03-01 02:30:00.0;0,00
CANTAGALO;410445101A;PR;Centro;-25,371891;-52,127045;2025-03-01 04:30:00.0;0,00
CANTAGALO;410445101A;PR;Centro;-25,371891;-52,127045;2025-03-01 05:30:00.0;0,00
CANTAGALO;410445101A;PR;Centro;-25,371891;-52,127045;2025-03-01 06:30:00.0;0,00
CANTAGALO;410445101A;PR;Centro;-25,371891;-52,127045;2025-03-01 07:30:00.0;0,00
CANTAGALO;410445101A;PR;Centro;-25,371891;-52,127045;2025-03-01 08:30:00.0;0,00
CANTAGALO;410445101A;PR;Centro;-25,371891;-52,127045;2025-03-01 09:30:00.0;0,00
CANTAGALO;410445101A;PR;Centro;-25,371891;-52,127045;2025-03-01 10:30:00.0;0,00
CANTAGALO;410445101A;PR;Centro;-25,371891;-52,127045;2025-03-01 11:30:00.0;0,00
CANTAGALO;410445101A;PR;Centro;-25,371891;-52,127045;2025-03-01 12:30:00.0;0,00
CANTAGALO;410445101A;PR;Centro;-25,371891;-52,127045;2025-03-01 13:30:00.0;0,00
CANTAGALO;410445101A;PR;Centro;-25,371891;-52,127045;2025-03-01 14:30:00.0;0,00
CANTAGALO;410445101A;PR;Centro;-25,371891;-52,127045;2025-03-01 15:30:00.0;0,00
CANTAGALO;410445101A;PR;Centro;-25,371891;-52,127045;2025-03-01 16:30:00.0;0,00
CANTAGALO;410445101A;PR;Centro;-25,371891;-52,127045;2025-03-01 17:30:00.0;0,00
CANTAGALO;410445101A;PR;Centro;-25,371891;-52,127045;2025-03-01 18:30:00.0;0,00
CANTAGALO;410445101A;PR;Centro;-25,371891;-52,127045;2025-03-01 19:30:00.0;0,00
CANTAGALO;410445101A;PR;Centro;-25,371891;-52,127045;2025-03-01 20:30:00.0;0,00
CANTAGALO;410445101A;PR;Centro;-25,371891;-52,127045;2025-03-01 21:30:00.0;0,00
CANTAGALO;410445101A;PR;Centro;-25,371891;-52,127045;2025-03-01 22:30:00.0;0,00
CANTAGALO;410445101A;PR;Centro;-25,371891;-52,127045;2025-03-01 23:30:00.0;0,00
CANTAGALO;410445101A;PR;Centro;-25,371891;-52,127045;2025-03-02 00:30:00.0;0,00
CANTAGALO;410445101A;PR;Centro;-25,371891;-52,127045;2025-03-02 01:30:00.0;0,00
CANTAGALO;410445101A;PR;Centro;-25,371891;-52,127045;2025-03-02 02:30:00.0;0,00
CANTAGALO;410445101A;PR;Centro;-25,371891;-52,127045;2025-03-02 03:30:00.0;0,00
CANTAGALO;410445101A;PR;Centro;-25,371891;-52,127045;2025-03-02 04:30:00.0;0,00
CANTAGALO;410445101A;PR;Centro;-25,371891;-52,127045;2025-03-02 05:30:00.0;0,00
CANTAGALO;410445101A;PR;Centro;-25,371891;-52,127045;2025-03-02 06:30:00.0;0,00
CANTAGALO;410445101A;PR;Centro;-25,371891;-52,127045;2025-03-02 07:30:00.0;0,00
CANTAGALO;410445101A;PR;Centro;-25,371891;-52,127045;2025-03-02 08:30:00.0;0,00
CANTAGALO;410445101A;PR;Centro;-25,371891;-52,127045;2025-03-02 09:30:00.0;0,00
CANTAGALO;410445101A;PR;Centro;-25,371891;-52,127045;2025-03-02 10:30:00.0;0,00
CANTAGALO;410445101A;PR;Centro;-25,371891;-52,127045;2025-03-02 11:30:00.0;0,00
CANTAGALO;410445101A;PR;Centro;-25,371891;-52,127045;2025-03-02 12:30:00.0;0,00
CANTAGALO;410445101A;PR;Centro;-25,371891;-52,127045;2025-03-02 13:30:00.0;0,00
CANTAGALO;410445101A;PR;Centro;-25,371891;-52,127045;2025-03-02 14:30:00.0;0,00
CANTAGALO;410445101A;PR;Centro;-25,371891;-52,127045;2025-03-02 15:30:00.0;0,00
CANTAGALO;410445101A;PR;Centro;-25,371891;-52,127045;2025-03-02 16:30:00.0;0,00
CANTAGALO;410445101A;PR;Centro;-25,371891;-52,127045;2025-03-02 17:30:00.0;0,00
CANTAGALO;410445101A;PR;Centro;-25,371891;-52,127045;2025-03-02 18:30:00.0;0,00
CANTAGALO;410445101A;PR;Centro;-25,371891;-52,127045;2025-03-02 19:30:00.0;0,00
CANTAGALO;410445101A;PR;Centro;-25,371891;-52,127045;2025-03-02 20:30:00.0;0,00
CANTAGALO;410445101A;PR;Centro;-25,371891;-52,127045;2025-03-02 21:30:00.0;0,00
CANTAGALO;410445101A;PR;Centro;-25,371891;-52,127045;2025-03-02 22:30:00.0;0,00
CANTAGALO;410445101A;PR;Centro;-25,371891;-52,127045;2025-03-02 23:30:00.0;0,00
CANTAGALO;410445101A;PR;Centro;-25,371891;-52,127045;2025-03-03 00:30:00.0;0,00
CANTAGALO;410445101A;PR;Centro;-25,371891;-52,127045;2025-03-03 01:30:00.0;0,00
CANTAGALO;410445101A;PR;Centro;-25,371891;-52,127045;2025-03-03 02:30:00.0;0,00
CANTAGALO;410445101A;PR;Centro;-25,371891;-52,127045;2025-03-03 03:30:00.0;0,00
CANTAGALO;410445101A;PR;Centro;-25,371891;-52,127045;2025-03-03 04:30:00.0;0,00
CANTAGALO;410445101A;PR;Centro;-25,371891;-52,127045;2025-03-03 05:30:00.0;0,00
CANTAGALO;410445101A;PR;Centro;-25,371891;-52,127045;2025-03-03 06:30:00.0;0,00
CANTAGALO;410445101A;PR;Centro;-25,371891;-52,127045;2025-03-03 07:30:00.0;0,00
CANTAGALO;410445101A;PR;Centro;-25,371891;-52,127045;2025-03-03 08:30:00.0;0,00
CANTAGALO;410445101A;PR;Centro;-25,371891;-52,127045;2025-03-03 09:30:00.0;0,00
CANTAGALO;410445101A;PR;Centro;-25,371891;-52,127045;2025-03-03 10:30:00.0;0,00
CANTAGALO;410445101A;PR;Centro;-25,371891;-52,127045;2025-03-03 11:30:00.0;0,00
CANTAGALO;410445101A;PR;Centro;-25,371891;-52,127045;2025-03-03 12:30:00.0;0,00
CANTAGALO;410445101A;PR;Centro;-25,371891;-52,127045;2025-03-03 13:30:00.0;0,00
CANTAGALO;410445101A;PR;Centro;-25,371891;-52,127045;2025-03-03 14:30:00.0;0,00
CANTAGALO;410445101A;PR;Centro;-25,371891;-52,127045;2025-03-03 15:30:00.0;0,00
CANTAGALO;410445101A;PR;Centro;-25,371891;-52,127045;2025-03-03 16:30:00.0;0,00
CANTAGALO;410445101A;PR;Centro;-25,371891;-52,127045;2025-03-03 17:30:00.0;0,00
CANTAGALO;410445101A;PR;Centro;-25,371891;-52,127045;2025-03-03 18:30:00.0;0,00
CANTAGALO;410445101A;PR;Centro;-25,371891;-52,127045;2025-03-03 19:30:00.0;0,00
CANTAGALO;410445101A;PR;Centro;-25,371891;-52,127045;2025-03-03 20:30:00.0;0,00
CANTAGALO;410445101A;PR;Centro;-25,371891;-52,127045;2025-03-03 21:30:00.0;0,00
CANTAGALO;410445101A;PR;Centro;-25,371891;-52,127045;2025-03-03 22:30:00.0;0,00
CANTAGALO;410445101A;PR;Centro;-25,371891;-52,127045;2025-03-03 23:30:00.0;0,00
CANTAGALO;410445101A;PR;Centro;-25,371891;-52,127045;2025-03-04 00:30:00.0;0,00
CANTAGALO;410445101A;PR;Centro;-25,371891;-52,127045;2025-03-04 01:30:00.0;0,00
CANTAGALO;410445101A;PR;Centro;-25,371891;-52,127045;2025-03-04 02:30:00.0;0,00
CANTAGALO;410445101A;PR;Centro;-25,371891;-52,127045;2025-03-04 03:30:00.0;0,00
CANTAGALO;410445101A;PR;Centro;-25,371891;-52,127045;2025-03-04 04:30:00.0;0,00
CANTAGALO;410445101A;PR;Centro;-25,371891;-52,127045;2025-03-04 05:30:00.0;0,00
CANTAGALO;410445101A;PR;Centro;-25,371891;-52,127045;2025-03-04 06:30:00.0;0,00
CANTAGALO;410445101A;PR;Centro;-25,371891;-52,127045;2025-03-04 07:30:00.0;0,00
CANTAGALO;410445101A;PR;Centro;-25,371891;-52,127045;2025-03-04 08:30:00.0;0,00
CANTAGALO;410445101A;PR;Centro;-25,371891;-52,127045;2025-03-04 09:30:00.0;0,00
CANTAGALO;410445101A;PR;Centro;-25,371891;-52,127045;2025-03-04 10:30:00.0;0,00
CANTAGALO;410445101A;PR;Centro;-25,371891;-52,127045;2025-03-04 11:30:00.0;0,00
CANTAGALO;410445101A;PR;Centro;-25,371891;-52,127045;2025-03-04 12:30:00.0;0,00
CANTAGALO;410445101A;PR;Centro;-25,371891;-52,127045;2025-03-04 13:30:00.0;0,00
CANTAGALO;410445101A;PR;Centro;-25,371891;-52,127045;2025-03-04 14:30:00.0;0,00
CANTAGALO;410445101A;PR;Centro;-25,371891;-52,127045;2025-03-04 15:30:00.0;0,00
CANTAGALO;410445101A;PR;Centro;-25,371891;-52,127045;2025-03-04 16:30:00.0;0,00
CANTAGALO;410445101A;PR;Centro;-25,371891;-52,127045;2025-03-04 17:30:00.0;0,00
CANTAGALO;410445101A;PR;Centro;-25,371891;-52,127045;2025-03-04 18:30:00.0;0,00
CANTAGALO;410445101A;PR;Centro;-25,371891;-52,127045;2025-03-04 19:30:00.0;0,00
CANTAGALO;410445101A;PR;Centro;-25,371891;-52,127045;2025-03-04 20:30:00.0;0,00
CANTAGALO;410445101A;PR;Centro;-25,371891;-52,127045;2025-03-04 21:30:00.0;0,00
CANTAGALO;410445101A;PR;Centro;-25,371891;-52,127045;2025-03-04 22:30:00.0;0,00
CANTAGALO;410445101A;PR;Centro;-25,371891;-52,127045;2025-03-04 23:30:00.0;0,00
CANTAGALO;410445101A;PR;Centro;-25,371891;-52,127045;2025-03-05 00:30:00.0;0,00
CANTAGALO;410445101A;PR;Centro;-25,371891;-52,127045;2025-03-05 01:30:00.0;0,00
CANTAGALO;410445101A;PR;Centro;-25,371891;-52,127045;2025-03-05 02:30:00.0;0,00
CANTAGALO;410445101A;PR;Centro;-25,371891;-52,127045;2025-03-05 03:30:00.0;0,00
CANTAGALO;410445101A;PR;Centro;-25,371891;-52,127045;2025-03-05 04:30:00.0;0,00
CANTAGALO;410445101A;PR;Centro;-25,371891;-52,127045;2025-03-05 05:30:00.0;0,00
CANTAGALO;410445101A;PR;Centro;-25,371891;-52,127045;2025-03-05 06:30:00.0;0,00
CANTAGALO;410445101A;PR;Centro;-25,371891;-52,127045;2025-03-05 07:30:00.0;0,00
CANTAGALO;410445101A;PR;Centro;-25,371891;-52,127045;2025-03-05 08:30:00.0;0,00
CANTAGALO;410445101A;PR;Centro;-25,371891;-52,127045;2025-03-05 09:30:00.0;0,00
CANTAGALO;410445101A;PR;Centro;-25,371891;-52,127045;2025-03-05 10:30:00.0;0,00
CANTAGALO;410445101A;PR;Centro;-25,371891;-52,127045;2025-03-05 11:30:00.0;0,00
CANTAGALO;410445101A;PR;Centro;-25,371891;-52,127045;2025-03-05 12:30:00.0;0,00
CANTAGALO;410445101A;PR;Centro;-25,371891;-52,127045;2025-03-05 13:30:00.0;0,00
CANTAGALO;410445101A;PR;Centro;-25,371891;-52,127045;2025-03-05 14:30:00.0;0,00
CANTAGALO;410445101A;PR;Centro;-25,371891;-52,127045;2025-03-05 15:30:00.0;0,00
CANTAGALO;410445101A;PR;Centro;-25,371891;-52,127045;2025-03-05 16:30:00.0;0,00
CANTAGALO;410445101A;PR;Centro;-25,371891;-52,127045;2025-03-05 17:30:00.0;0,00
CANTAGALO;410445101A;PR;Centro;-25,371891;-52,127045;2025-03-05 18:30:00.0;0,00
CANTAGALO;410445101A;PR;Centro;-25,371891;-52,127045;2025-03-05 19:30:00.0;0,00
CANTAGALO;410445101A;PR;Centro;-25,371891;-52,127045;2025-03-05 20:30:00.0;0,00
CANTAGALO;410445101A;PR;Centro;-25,371891;-52,127045;2025-03-05 21:30:00.0;0,00
CANTAGALO;410445101A;PR;Centro;-25,371891;-52,127045;2025-03-05 22:30:00.0;0,00
CANTAGALO;410445101A;PR;Centro;-25,371891;-52,127045;2025-03-05 23:30:00.0;0,00
CANTAGALO;410445101A;PR;Centro;-25,371891;-52,127045;2025-03-06 00:30:00.0;0,00
CANTAGALO;410445101A;PR;Centro;-25,371891;-52,127045;2025-03-06 01:30:00.0;0,00
CANTAGALO;410445101A;PR;Centro;-25,371891;-52,127045;2025-03-06 02:30:00.0;0,00
CANTAGALO;410445101A;PR;Centro;-25,371891;-52,127045;2025-03-06 03:30:00.0;0,00
CANTAGALO;410445101A;PR;Centro;-25,371891;-52,127045;2025-03-06 04:30:00.0;0,00
CANTAGALO;410445101A;PR;Centro;-25,371891;-52,127045;2025-03-06 05:30:00.0;0,00
CANTAGALO;410445101A;PR;Centro;-25,371891;-52,127045;2025-03-06 06:30:00.0;0,00
CANTAGALO;410445101A;PR;Centro;-25,371891;-52,127045;2025-03-06 07:30:00.0;0,00
CANTAGALO;410445101A;PR;Centro;-25,371891;-52,127045;2025-03-06 08:30:00.0;0,00
CANTAGALO;410445101A;PR;Centro;-25,371891;-52,127045;2025-03-06 09:30:00.0;0,00
CANTAGALO;410445101A;PR;Centro;-25,371891;-52,127045;2025-03-06 10:30:00.0;0,00
CANTAGALO;410445101A;PR;Centro;-25,371891;-52,127045;2025-03-06 11:30:00.0;0,00
CANTAGALO;410445101A;PR;Centro;-25,371891;-52,127045;2025-03-06 12:30:00.0;0,00
CANTAGALO;410445101A;PR;Centro;-25,371891;-52,127045;2025-03-06 13:30:00.0;0,00
CANTAGALO;410445101A;PR;Centro;-25,371891;-52,127045;2025-03-06 14:30:00.0;0,00
CANTAGALO;410445101A;PR;Centro;-25,371891;-52,127045;2025-03-06 15:30:00.0;0,00
CANTAGALO;410445101A;PR;Centro;-25,371891;-52,127045;2025-03-06 16:50:00.0;0,00
CANTAGALO;410445101A;PR;Centro;-25,371891;-52,127045;2025-03-06 17:30:00.0;0,00
CANTAGALO;410445101A;PR;Centro;-25,371891;-52,127045;2025-03-06 18:30:00.0;0,00
CANTAGALO;410445101A;PR;Centro;-25,371891;-52,127045;2025-03-06 19:30:00.0;0,00
CANTAGALO;410445101A;PR;Centro;-25,371891;-52,127045;2025-03-06 20:30:00.0;0,00
CANTAGALO;410445101A;PR;Centro;-25,371891;-52,127045;2025-03-06 21:30:00.0;0,00
CANTAGALO;410445101A;PR;Centro;-25,371891;-52,127045;2025-03-06 22:30:00.0;0,00
CANTAGALO;410445101A;PR;Centro;-25,371891;-52,127045;2025-03-06 23:30:00.0;0,00
CANTAGALO;410445101A;PR;Centro;-25,371891;-52,127045;2025-03-07 00:30:00.0;0,00
CANTAGALO;410445101A;PR;Centro;-25,371891;-52,127045;2025-03-07 01:30:00.0;0,00
CANTAGALO;410445101A;PR;Centro;-25,371891;-52,127045;2025-03-07 02:30:00.0;0,00
CANTAGALO;410445101A;PR;Centro;-25,371891;-52,127045;2025-03-07 03:30:00.0;0,00
CANTAGALO;410445101A;PR;Centro;-25,371891;-52,127045;2025-03-07 04:30:00.0;0,00
CANTAGALO;410445101A;PR;Centro;-25,371891;-52,127045;2025-03-07 05:30:00.0;0,00
CANTAGALO;410445101A;PR;Centro;-25,371891;-52,127045;2025-03-07 06:30:00.0;0,00
CANTAGALO;410445101A;PR;Centro;-25,371891;-52,127045;2025-03-07 07:30:00.0;0,00
CANTAGALO;410445101A;PR;Centro;-25,371891;-52,127045;2025-03-07 08:30:00.0;0,00
CANTAGALO;410445101A;PR;Centro;-25,371891;-52,127045;2025-03-07 09:30:00.0;0,00
CANTAGALO;410445101A;PR;Centro;-25,371891;-52,127045;2025-03-07 10:30:00.0;0,00
CANTAGALO;410445101A;PR;Centro;-25,371891;-52,127045;2025-03-07 11:30:00.0;0,00
CANTAGALO;410445101A;PR;Centro;-25,371891;-52,127045;2025-03-07 12:30:00.0;0,00
CANTAGALO;410445101A;PR;Centro;-25,371891;-52,127045;2025-03-07 13:30:00.0;0,00
CANTAGALO;410445101A;PR;Centro;-25,371891;-52,127045;2025-03-07 14:30:00.0;0,00
CANTAGALO;410445101A;PR;Centro;-25,371891;-52,127045;2025-03-07 15:30:00.0;0,00
CANTAGALO;410445101A;PR;Centro;-25,371891;-52,127045;2025-03-07 16:30:00.0;0,00
CANTAGALO;410445101A;PR;Centro;-25,371891;-52,127045;2025-03-07 17:30:00.0;0,00
CANTAGALO;410445101A;PR;Centro;-25,371891;-52,127045;2025-03-07 18:30:00.0;0,00
CANTAGALO;410445101A;PR;Centro;-25,371891;-52,127045;2025-03-07 19:30:00.0;0,00
CANTAGALO;410445101A;PR;Centro;-25,371891;-52,127045;2025-03-07 20:30:00.0;0,00
CANTAGALO;410445101A;PR;Centro;-25,371891;-52,127045;2025-03-07 21:30:00.0;0,00
CANTAGALO;410445101A;PR;Centro;-25,371891;-52,127045;2025-03-07 22:30:00.0;0,00
CANTAGALO;410445101A;PR;Centro;-25,371891;-52,127045;2025-03-07 23:30:00.0;0,00
CANTAGALO;410445101A;PR;Centro;-25,371891;-52,127045;2025-03-08 00:30:00.0;0,00
CANTAGALO;410445101A;PR;Centro;-25,371891;-52,127045;2025-03-08 01:30:00.0;0,00
CANTAGALO;410445101A;PR;Centro;-25,371891;-52,127045;2025-03-08 02:30:00.0;0,00
CANTAGALO;410445101A;PR;Centro;-25,371891;-52,127045;2025-03-08 03:30:00.0;0,00
CANTAGALO;410445101A;PR;Centro;-25,371891;-52,127045;2025-03-08 04:30:00.0;0,00
CANTAGALO;410445101A;PR;Centro;-25,371891;-52,127045;2025-03-08 05:30:00.0;0,00
CANTAGALO;410445101A;PR;Centro;-25,371891;-52,127045;2025-03-08 06:30:00.0;0,00
CANTAGALO;410445101A;PR;Centro;-25,371891;-52,127045;2025-03-08 07:30:00.0;0,00
CANTAGALO;410445101A;PR;Centro;-25,371891;-52,127045;2025-03-08 08:30:00.0;0,00
CANTAGALO;410445101A;PR;Centro;-25,371891;-52,127045;2025-03-08 09:30:00.0;0,00
CANTAGALO;410445101A;PR;Centro;-25,371891;-52,127045;2025-03-08 10:30:00.0;0,00
CANTAGALO;410445101A;PR;Centro;-25,371891;-52,127045;2025-03-08 11:30:00.0;0,00
CANTAGALO;410445101A;PR;Centro;-25,371891;-52,127045;2025-03-08 12:30:00.0;0,00
CANTAGALO;410445101A;PR;Centro;-25,371891;-52,127045;2025-03-08 13:30:00.0;0,00
CANTAGALO;410445101A;PR;Centro;-25,371891;-52,127045;2025-03-08 14:30:00.0;0,00
CANTAGALO;410445101A;PR;Centro;-25,371891;-52,127045;2025-03-08 15:30:00.0;0,00
CANTAGALO;410445101A;PR;Centro;-25,371891;-52,127045;2025-03-08 16:30:00.0;0,00
CANTAGALO;410445101A;PR;Centro;-25,371891;-52,127045;2025-03-08 17:30:00.0;0,00
CANTAGALO;410445101A;PR;Centro;-25,371891;-52,127045;2025-03-08 18:30:00.0;0,00
CANTAGALO;410445101A;PR;Centro;-25,371891;-52,127045;2025-03-08 19:30:00.0;0,00
CANTAGALO;410445101A;PR;Centro;-25,371891;-52,127045;2025-03-08 20:30:00.0;0,00
CANTAGALO;410445101A;PR;Centro;-25,371891;-52,127045;2025-03-08 21:30:00.0;0,00
CANTAGALO;410445101A;PR;Centro;-25,371891;-52,127045;2025-03-08 22:30:00.0;0,00
CANTAGALO;410445101A;PR;Centro;-25,371891;-52,127045;2025-03-08 23:30:00.0;0,00
CANTAGALO;410445101A;PR;Centro;-25,371891;-52,127045;2025-03-09 00:30:00.0;0,00
CANTAGALO;410445101A;PR;Centro;-25,371891;-52,127045;2025-03-09 01:30:00.0;0,00
CANTAGALO;410445101A;PR;Centro;-25,371891;-52,127045;2025-03-09 02:30:00.0;0,00
CANTAGALO;410445101A;PR;Centro;-25,371891;-52,127045;2025-03-09 03:30:00.0;0,00
CANTAGALO;410445101A;PR;Centro;-25,371891;-52,127045;2025-03-09 04:30:00.0;0,00
CANTAGALO;410445101A;PR;Centro;-25,371891;-52,127045;2025-03-09 05:30:00.0;0,00
CANTAGALO;410445101A;PR;Centro;-25,371891;-52,127045;2025-03-09 06:30:00.0;0,00
CANTAGALO;410445101A;PR;Centro;-25,371891;-52,127045;2025-03-09 07:30:00.0;0,00
CANTAGALO;410445101A;PR;Centro;-25,371891;-52,127045;2025-03-09 08:30:00.0;0,00
CANTAGALO;410445101A;PR;Centro;-25,371891;-52,127045;2025-03-09 09:30:00.0;0,00
CANTAGALO;410445101A;PR;Centro;-25,371891;-52,127045;2025-03-09 10:30:00.0;0,00
CANTAGALO;410445101A;PR;Centro;-25,371891;-52,127045;2025-03-09 11:30:00.0;0,00
CANTAGALO;410445101A;PR;Centro;-25,371891;-52,127045;2025-03-09 12:30:00.0;0,00
CANTAGALO;410445101A;PR;Centro;-25,371891;-52,127045;2025-03-09 13:30:00.0;0,00
CANTAGALO;410445101A;PR;Centro;-25,371891;-52,127045;2025-03-09 14:30:00.0;0,00
CANTAGALO;410445101A;PR;Centro;-25,371891;-52,127045;2025-03-09 15:30:00.0;0,00
CANTAGALO;410445101A;PR;Centro;-25,371891;-52,127045;2025-03-09 16:30:00.0;0,00
CANTAGALO;410445101A;PR;Centro;-25,371891;-52,127045;2025-03-09 17:30:00.0;0,00
CANTAGALO;410445101A;PR;Centro;-25,371891;-52,127045;2025-03-09 18:30:00.0;0,00
CANTAGALO;410445101A;PR;Centro;-25,371891;-52,127045;2025-03-09 19:30:00.0;0,00
CANTAGALO;410445101A;PR;Centro;-25,371891;-52,127045;2025-03-09 20:30:00.0;0,00
CANTAGALO;410445101A;PR;Centro;-25,371891;-52,127045;2025-03-09 21:30:00.0;0,00
CANTAGALO;410445101A;PR;Centro;-25,371891;-52,127045;2025-03-09 22:30:00.0;0,00
CANTAGALO;410445101A;PR;Centro;-25,371891;-52,127045;2025-03-09 23:30:00.0;0,00
CANTAGALO;410445101A;PR;Centro;-25,371891;-52,127045;2025-03-10 00:30:00.0;0,00
CANTAGALO;410445101A;PR;Centro;-25,371891;-52,127045;2025-03-10 01:30:00.0;0,00
CANTAGALO;410445101A;PR;Centro;-25,371891;-52,127045;2025-03-10 02:30:00.0;0,00
CANTAGALO;410445101A;PR;Centro;-25,371891;-52,127045;2025-03-10 03:30:00.0;0,00
CANTAGALO;410445101A;PR;Centro;-25,371891;-52,127045;2025-03-10 04:30:00.0;0,00
CANTAGALO;410445101A;PR;Centro;-25,371891;-52,127045;2025-03-10 05:30:00.0;0,00
CANTAGALO;410445101A;PR;Centro;-25,371891;-52,127045;2025-03-10 06:30:00.0;0,00
CANTAGALO;410445101A;PR;Centro;-25,371891;-52,127045;2025-03-10 07:30:00.0;0,00
CANTAGALO;410445101A;PR;Centro;-25,371891;-52,127045;2025-03-10 08:30:00.0;0,00
CANTAGALO;410445101A;PR;Centro;-25,371891;-52,127045;2025-03-10 09:30:00.0;0,00
CANTAGALO;410445101A;PR;Centro;-25,371891;-52,127045;2025-03-10 10:30:00.0;0,00
CANTAGALO;410445101A;PR;Centro;-25,371891;-52,127045;2025-03-10 11:30:00.0;0,00
CANTAGALO;410445101A;PR;Centro;-25,371891;-52,127045;2025-03-10 12:30:00.0;0,00
CANTAGALO;410445101A;PR;Centro;-25,371891;-52,127045;2025-03-10 13:30:00.0;0,00
CANTAGALO;410445101A;PR;Centro;-25,371891;-52,127045;2025-03-10 14:30:00.0;0,00
CANTAGALO;410445101A;PR;Centro;-25,371891;-52,127045;2025-03-10 15:30:00.0;0,00
CANTAGALO;410445101A;PR;Centro;-25,371891;-52,127045;2025-03-10 16:30:00.0;0,00
CANTAGALO;410445101A;PR;Centro;-25,371891;-52,127045;2025-03-10 17:30:00.0;0,00
CANTAGALO;410445101A;PR;Centro;-25,371891;-52,127045;2025-03-10 18:30:00.0;0,00
CANTAGALO;410445101A;PR;Centro;-25,371891;-52,127045;2025-03-10 19:30:00.0;0,00
CANTAGALO;410445101A;PR;Centro;-25,371891;-52,127045;2025-03-10 20:30:00.0;0,00
CANTAGALO;410445101A;PR;Centro;-25,371891;-52,127045;2025-03-10 21:30:00.0;0,00
CANTAGALO;410445101A;PR;Centro;-25,371891;-52,127045;2025-03-10 22:30:00.0;0,00
CANTAGALO;410445101A;PR;Centro;-25,371891;-52,127045;2025-03-10 23:30:00.0;0,00
CANTAGALO;410445101A;PR;Centro;-25,371891;-52,127045;2025-03-11 00:30:00.0;0,00
CANTAGALO;410445101A;PR;Centro;-25,371891;-52,127045;2025-03-11 01:30:00.0;0,00
CANTAGALO;410445101A;PR;Centro;-25,371891;-52,127045;2025-03-11 02:30:00.0;0,00
CANTAGALO;410445101A;PR;Centro;-25,371891;-52,127045;2025-03-11 03:30:00.0;0,00
CANTAGALO;410445101A;PR;Centro;-25,371891;-52,127045;2025-03-11 04:30:00.0;0,00
CANTAGALO;410445101A;PR;Centro;-25,371891;-52,127045;2025-03-11 05:30:00.0;0,00
CANTAGALO;410445101A;PR;Centro;-25,371891;-52,127045;2025-03-11 06:30:00.0;0,00
CANTAGALO;410445101A;PR;Centro;-25,371891;-52,127045;2025-03-11 07:30:00.0;0,00
CANTAGALO;410445101A;PR;Centro;-25,371891;-52,127045;2025-03-11 08:30:00.0;0,00
CANTAGALO;410445101A;PR;Centro;-25,371891;-52,127045;2025-03-11 09:30:00.0;0,00
CANTAGALO;410445101A;PR;Centro;-25,371891;-52,127045;2025-03-11 10:30:00.0;0,00
CANTAGALO;410445101A;PR;Centro;-25,371891;-52,127045;2025-03-11 11:30:00.0;0,00
CANTAGALO;410445101A;PR;Centro;-25,371891;-52,127045;2025-03-11 12:30:00.0;0,00
CANTAGALO;410445101A;PR;Centro;-25,371891;-52,127045;2025-03-11 13:30:00.0;0,00
CANTAGALO;410445101A;PR;Centro;-25,371891;-52,127045;2025-03-11 14:30:00.0;0,00
CANTAGALO;410445101A;PR;Centro;-25,371891;-52,127045;2025-03-11 15:30:00.0;0,20
CANTAGALO;410445101A;PR;Centro;-25,371891;-52,127045;2025-03-11 15:40:00.0;0,20
CANTAGALO;410445101A;PR;Centro;-25,371891;-52,127045;2025-03-11 16:10:00.0;0,00
CANTAGALO;410445101A;PR;Centro;-25,371891;-52,127045;2025-03-11 16:20:00.0;0,00
CANTAGALO;410445101A;PR;Centro;-25,371891;-52,127045;2025-03-11 16:30:00.0;0,20
CANTAGALO;410445101A;PR;Centro;-25,371891;-52,127045;2025-03-11 17:30:00.0;0,00
CANTAGALO;410445101A;PR;Centro;-25,371891;-52,127045;2025-03-11 17:50:00.0;6,00
CANTAGALO;410445101A;PR;Centro;-25,371891;-52,127045;2025-03-11 18:00:00.0;7,20
CANTAGALO;410445101A;PR;Centro;-25,371891;-52,127045;2025-03-11 18:10:00.0;8,80
CANTAGALO;410445101A;PR;Centro;-25,371891;-52,127045;2025-03-11 18:20:00.0;5,60
CANTAGALO;410445101A;PR;Centro;-25,371891;-52,127045;2025-03-11 18:30:00.0;5,20
CANTAGALO;410445101A;PR;Centro;-25,371891;-52,127045;2025-03-11 18:40:00.0;1,80
CANTAGALO;410445101A;PR;Centro;-25,371891;-52,127045;2025-03-11 18:50:00.0;4,80
CANTAGALO;410445101A;PR;Centro;-25,371891;-52,127045;2025-03-11 19:00:00.0;2,80
CANTAGALO;410445101A;PR;Centro;-25,371891;-52,127045;2025-03-11 19:10:00.0;5,20
CANTAGALO;410445101A;PR;Centro;-25,371891;-52,127045;2025-03-11 19:20:00.0;8,60
CANTAGALO;410445101A;PR;Centro;-25,371891;-52,127045;2025-03-11 19:30:00.0;2,80
CANTAGALO;410445101A;PR;Centro;-25,371891;-52,127045;2025-03-11 19:40:00.0;3,00
CANTAGALO;410445101A;PR;Centro;-25,371891;-52,127045;2025-03-11 19:50:00.0;2,80
CANTAGALO;410445101A;PR;Centro;-25,371891;-52,127045;2025-03-11 20:00:00.0;0,80
CANTAGALO;410445101A;PR;Centro;-25,371891;-52,127045;2025-03-11 20:10:00.0;0,80
CANTAGALO;410445101A;PR;Centro;-25,371891;-52,127045;2025-03-11 20:20:00.0;0,80
CANTAGALO;410445101A;PR;Centro;-25,371891;-52,127045;2025-03-11 20:30:00.0;1,00
CANTAGALO;410445101A;PR;Centro;-25,371891;-52,127045;2025-03-11 20:40:00.0;1,20
CANTAGALO;410445101A;PR;Centro;-25,371891;-52,127045;2025-03-11 20:50:00.0;0,80
CANTAGALO;410445101A;PR;Centro;-25,371891;-52,127045;2025-03-11 21:00:00.0;0,80
CANTAGALO;410445101A;PR;Centro;-25,371891;-52,127045;2025-03-11 21:10:00.0;0,80
CANTAGALO;410445101A;PR;Centro;-25,371891;-52,127045;2025-03-11 21:20:00.0;1,00
CANTAGALO;410445101A;PR;Centro;-25,371891;-52,127045;2025-03-11 21:30:00.0;1,00
CANTAGALO;410445101A;PR;Centro;-25,371891;-52,127045;2025-03-11 21:40:00.0;1,00
CANTAGALO;410445101A;PR;Centro;-25,371891;-52,127045;2025-03-11 21:50:00.0;0,60
CANTAGALO;410445101A;PR;Centro;-25,371891;-52,127045;2025-03-11 22:00:00.0;0,80
CANTAGALO;410445101A;PR;Centro;-25,371891;-52,127045;2025-03-11 22:10:00.0;1,00
CANTAGALO;410445101A;PR;Centro;-25,371891;-52,127045;2025-03-11 22:20:00.0;0,80
CANTAGALO;410445101A;PR;Centro;-25,371891;-52,127045;2025-03-11 22:30:00.0;0,40
CANTAGALO;410445101A;PR;Centro;-25,371891;-52,127045;2025-03-11 22:40:00.0;1,00
CANTAGALO;410445101A;PR;Centro;-25,371891;-52,127045;2025-03-11 22:50:00.0;0,60
CANTAGALO;410445101A;PR;Centro;-25,371891;-52,127045;2025-03-11 23:00:00.0;0,40
CANTAGALO;410445101A;PR;Centro;-25,371891;-52,127045;2025-03-11 23:10:00.0;0,40
CANTAGALO;410445101A;PR;Centro;-25,371891;-52,127045;2025-03-11 23:20:00.0;0,40
CANTAGALO;410445101A;PR;Centro;-25,371891;-52,127045;2025-03-11 23:30:00.0;0,20
CANTAGALO;410445101A;PR;Centro;-25,371891;-52,127045;2025-03-11 23:40:00.0;0,20
CANTAGALO;410445101A;PR;Centro;-25,371891;-52,127045;2025-03-12 00:30:00.0;0,00
CANTAGALO;410445101A;PR;Centro;-25,371891;-52,127045;2025-03-12 01:30:00.0;0,00
CANTAGALO;410445101A;PR;Centro;-25,371891;-52,127045;2025-03-12 02:30:00.0;0,00
CANTAGALO;410445101A;PR;Centro;-25,371891;-52,127045;2025-03-12 02:40:00.0;0,20
CANTAGALO;410445101A;PR;Centro;-25,371891;-52,127045;2025-03-12 03:30:00.0;0,00
CANTAGALO;410445101A;PR;Centro;-25,371891;-52,127045;2025-03-12 04:30:00.0;0,00
CANTAGALO;410445101A;PR;Centro;-25,371891;-52,127045;2025-03-12 05:30:00.0;0,00
CANTAGALO;410445101A;PR;Centro;-25,371891;-52,127045;2025-03-12 06:30:00.0;0,00
CANTAGALO;410445101A;PR;Centro;-25,371891;-52,127045;2025-03-12 07:30:00.0;0,00
CANTAGALO;410445101A;PR;Centro;-25,371891;-52,127045;2025-03-12 08:30:00.0;0,00
CANTAGALO;410445101A;PR;Centro;-25,371891;-52,127045;2025-03-12 09:30:00.0;0,00
CANTAGALO;410445101A;PR;Centro;-25,371891;-52,127045;2025-03-12 10:30:00.0;0,00
CANTAGALO;410445101A;PR;Centro;-25,371891;-52,127045;2025-03-12 11:30:00.0;0,00
CANTAGALO;410445101A;PR;Centro;-25,371891;-52,127045;2025-03-12 12:30:00.0;0,00
CANTAGALO;410445101A;PR;Centro;-25,371891;-52,127045;2025-03-12 13:30:00.0;0,00
CANTAGALO;410445101A;PR;Centro;-25,371891;-52,127045;2025-03-12 14:30:00.0;0,00
CANTAGALO;410445101A;PR;Centro;-25,371891;-52,127045;2025-03-12 15:30:00.0;0,00
CANTAGALO;410445101A;PR;Centro;-25,371891;-52,127045;2025-03-12 16:30:00.0;0,00
CANTAGALO;410445101A;PR;Centro;-25,371891;-52,127045;2025-03-12 17:30:00.0;0,00
CANTAGALO;410445101A;PR;Centro;-25,371891;-52,127045;2025-03-12 18:30:00.0;0,00
CANTAGALO;410445101A;PR;Centro;-25,371891;-52,127045;2025-03-12 19:30:00.0;0,00
CANTAGALO;410445101A;PR;Centro;-25,371891;-52,127045;2025-03-12 20:30:00.0;0,00
CANTAGALO;410445101A;PR;Centro;-25,371891;-52,127045;2025-03-12 21:30:00.0;0,00
CANTAGALO;410445101A;PR;Centro;-25,371891;-52,127045;2025-03-12 22:30:00.0;0,00
CANTAGALO;410445101A;PR;Centro;-25,371891;-52,127045;2025-03-12 23:30:00.0;0,00
CANTAGALO;410445101A;PR;Centro;-25,371891;-52,127045;2025-03-13 00:30:00.0;0,00
CANTAGALO;410445101A;PR;Centro;-25,371891;-52,127045;2025-03-13 01:30:00.0;0,00
CANTAGALO;410445101A;PR;Centro;-25,371891;-52,127045;2025-03-13 02:30:00.0;0,00
CANTAGALO;410445101A;PR;Centro;-25,371891;-52,127045;2025-03-13 03:30:00.0;0,00
CANTAGALO;410445101A;PR;Centro;-25,371891;-52,127045;2025-03-13 04:30:00.0;0,00
CANTAGALO;410445101A;PR;Centro;-25,371891;-52,127045;2025-03-13 05:30:00.0;0,00
CANTAGALO;410445101A;PR;Centro;-25,371891;-52,127045;2025-03-13 06:30:00.0;0,00
CANTAGALO;410445101A;PR;Centro;-25,371891;-52,127045;2025-03-13 07:30:00.0;0,00
CANTAGALO;410445101A;PR;Centro;-25,371891;-52,127045;2025-03-13 08:30:00.0;0,00
CANTAGALO;410445101A;PR;Centro;-25,371891;-52,127045;2025-03-13 09:30:00.0;0,00
CANTAGALO;410445101A;PR;Centro;-25,371891;-52,127045;2025-03-13 10:30:00.0;0,00
CANTAGALO;410445101A;PR;Centro;-25,371891;-52,127045;2025-03-13 11:30:00.0;0,00
CANTAGALO;410445101A;PR;Centro;-25,371891;-52,127045;2025-03-13 12:30:00.0;0,00
CANTAGALO;410445101A;PR;Centro;-25,371891;-52,127045;2025-03-13 13:30:00.0;0,00
CANTAGALO;410445101A;PR;Centro;-25,371891;-52,127045;2025-03-13 14:30:00.0;0,00
CANTAGALO;410445101A;PR;Centro;-25,371891;-52,127045;2025-03-13 15:30:00.0;0,00
CANTAGALO;410445101A;PR;Centro;-25,371891;-52,127045;2025-03-13 16:30:00.0;0,00
CANTAGALO;410445101A;PR;Centro;-25,371891;-52,127045;2025-03-13 17:30:00.0;0,00
CANTAGALO;410445101A;PR;Centro;-25,371891;-52,127045;2025-03-13 18:30:00.0;0,00
CANTAGALO;410445101A;PR;Centro;-25,371891;-52,127045;2025-03-13 19:30:00.0;0,00
CANTAGALO;410445101A;PR;Centro;-25,371891;-52,127045;2025-03-13 20:30:00.0;0,00
CANTAGALO;410445101A;PR;Centro;-25,371891;-52,127045;2025-03-13 21:30:00.0;0,00
CANTAGALO;410445101A;PR;Centro;-25,371891;-52,127045;2025-03-13 22:30:00.0;0,00
CANTAGALO;410445101A;PR;Centro;-25,371891;-52,127045;2025-03-13 23:30:00.0;0,00
CANTAGALO;410445101A;PR;Centro;-25,371891;-52,127045;2025-03-14 00:30:00.0;0,00
CANTAGALO;410445101A;PR;Centro;-25,371891;-52,127045;2025-03-14 01:30:00.0;0,00
CANTAGALO;410445101A;PR;Centro;-25,371891;-52,127045;2025-03-14 02:30:00.0;0,00
CANTAGALO;410445101A;PR;Centro;-25,371891;-52,127045;2025-03-14 03:30:00.0;0,00
CANTAGALO;410445101A;PR;Centro;-25,371891;-52,127045;2025-03-14 04:30:00.0;0,00
CANTAGALO;410445101A;PR;Centro;-25,371891;-52,127045;2025-03-14 05:30:00.0;0,00
CANTAGALO;410445101A;PR;Centro;-25,371891;-52,127045;2025-03-14 06:30:00.0;0,00
CANTAGALO;410445101A;PR;Centro;-25,371891;-52,127045;2025-03-14 07:30:00.0;0,00
CANTAGALO;410445101A;PR;Centro;-25,371891;-52,127045;2025-03-14 08:30:00.0;0,00
CANTAGALO;410445101A;PR;Centro;-25,371891;-52,127045;2025-03-14 09:30:00.0;0,00
CANTAGALO;410445101A;PR;Centro;-25,371891;-52,127045;2025-03-14 10:30:00.0;0,00
CANTAGALO;410445101A;PR;Centro;-25,371891;-52,127045;2025-03-14 11:30:00.0;0,00
CANTAGALO;410445101A;PR;Centro;-25,371891;-52,127045;2025-03-14 12:30:00.0;0,00
CANTAGALO;410445101A;PR;Centro;-25,371891;-52,127045;2025-03-14 13:30:00.0;0,00
CANTAGALO;410445101A;PR;Centro;-25,371891;-52,127045;2025-03-14 14:30:00.0;0,00
CANTAGALO;410445101A;PR;Centro;-25,371891;-52,127045;2025-03-14 15:30:00.0;0,00
CANTAGALO;410445101A;PR;Centro;-25,371891;-52,127045;2025-03-14 16:30:00.0;0,00
CANTAGALO;410445101A;PR;Centro;-25,371891;-52,127045;2025-03-14 17:30:00.0;0,00
CANTAGALO;410445101A;PR;Centro;-25,371891;-52,127045;2025-03-14 18:30:00.0;0,00
CANTAGALO;410445101A;PR;Centro;-25,371891;-52,127045;2025-03-14 19:30:00.0;0,00
CANTAGALO;410445101A;PR;Centro;-25,371891;-52,127045;2025-03-14 20:30:00.0;0,00
CANTAGALO;410445101A;PR;Centro;-25,371891;-52,127045;2025-03-14 21:30:00.0;0,00
CANTAGALO;410445101A;PR;Centro;-25,371891;-52,127045;2025-03-14 22:30:00.0;0,00
CANTAGALO;410445101A;PR;Centro;-25,371891;-52,127045;2025-03-14 23:30:00.0;0,00
CANTAGALO;410445101A;PR;Centro;-25,371891;-52,127045;2025-03-15 00:30:00.0;0,00
CANTAGALO;410445101A;PR;Centro;-25,371891;-52,127045;2025-03-15 01:30:00.0;0,00
CANTAGALO;410445101A;PR;Centro;-25,371891;-52,127045;2025-03-15 02:30:00.0;0,00
CANTAGALO;410445101A;PR;Centro;-25,371891;-52,127045;2025-03-15 03:30:00.0;0,00
CANTAGALO;410445101A;PR;Centro;-25,371891;-52,127045;2025-03-15 04:30:00.0;0,00
CANTAGALO;410445101A;PR;Centro;-25,371891;-52,127045;2025-03-15 05:30:00.0;0,00
CANTAGALO;410445101A;PR;Centro;-25,371891;-52,127045;2025-03-15 06:30:00.0;0,00
CANTAGALO;410445101A;PR;Centro;-25,371891;-52,127045;2025-03-15 07:30:00.0;0,00
CANTAGALO;410445101A;PR;Centro;-25,371891;-52,127045;2025-03-15 08:30:00.0;0,00
CANTAGALO;410445101A;PR;Centro;-25,371891;-52,127045;2025-03-15 09:30:00.0;0,00
CANTAGALO;410445101A;PR;Centro;-25,371891;-52,127045;2025-03-15 10:30:00.0;0,00
CANTAGALO;410445101A;PR;Centro;-25,371891;-52,127045;2025-03-15 11:30:00.0;0,00
CANTAGALO;410445101A;PR;Centro;-25,371891;-52,127045;2025-03-15 12:30:00.0;0,00
CANTAGALO;410445101A;PR;Centro;-25,371891;-52,127045;2025-03-15 13:30:00.0;0,00
CANTAGALO;410445101A;PR;Centro;-25,371891;-52,127045;2025-03-15 14:30:00.0;0,00
CANTAGALO;410445101A;PR;Centro;-25,371891;-52,127045;2025-03-15 15:30:00.0;0,00
CANTAGALO;410445101A;PR;Centro;-25,371891;-52,127045;2025-03-15 16:30:00.0;0,00
CANTAGALO;410445101A;PR;Centro;-25,371891;-52,127045;2025-03-15 17:30:00.0;0,00
CANTAGALO;410445101A;PR;Centro;-25,371891;-52,127045;2025-03-15 18:30:00.0;0,00
CANTAGALO;410445101A;PR;Centro;-25,371891;-52,127045;2025-03-15 19:00:00.0;0,20
CANTAGALO;410445101A;PR;Centro;-25,371891;-52,127045;2025-03-15 19:10:00.0;0,40
CANTAGALO;410445101A;PR;Centro;-25,371891;-52,127045;2025-03-15 19:20:00.0;0,20
CANTAGALO;410445101A;PR;Centro;-25,371891;-52,127045;2025-03-15 19:30:00.0;0,00
CANTAGALO;410445101A;PR;Centro;-25,371891;-52,127045;2025-03-15 19:40:00.0;0,20
CANTAGALO;410445101A;PR;Centro;-25,371891;-52,127045;2025-03-15 19:50:00.0;0,20
CANTAGALO;410445101A;PR;Centro;-25,371891;-52,127045;2025-03-15 20:30:00.0;0,00
CANTAGALO;410445101A;PR;Centro;-25,371891;-52,127045;2025-03-15 21:30:00.0;0,00
CANTAGALO;410445101A;PR;Centro;-25,371891;-52,127045;2025-03-15 22:30:00.0;0,00
CANTAGALO;410445101A;PR;Centro;-25,371891;-52,127045;2025-03-15 23:30:00.0;0,00
CANTAGALO;410445101A;PR;Centro;-25,371891;-52,127045;2025-03-16 00:30:00.0;0,00
CANTAGALO;410445101A;PR;Centro;-25,371891;-52,127045;2025-03-16 01:30:00.0;0,00
CANTAGALO;410445101A;PR;Centro;-25,371891;-52,127045;2025-03-16 02:30:00.0;0,00
CANTAGALO;410445101A;PR;Centro;-25,371891;-52,127045;2025-03-16 03:30:00.0;0,00
CANTAGALO;410445101A;PR;Centro;-25,371891;-52,127045;2025-03-16 04:30:00.0;0,00
CANTAGALO;410445101A;PR;Centro;-25,371891;-52,127045;2025-03-16 05:30:00.0;0,00
CANTAGALO;410445101A;PR;Centro;-25,371891;-52,127045;2025-03-16 06:30:00.0;0,00
CANTAGALO;410445101A;PR;Centro;-25,371891;-52,127045;2025-03-16 07:30:00.0;0,00
CANTAGALO;410445101A;PR;Centro;-25,371891;-52,127045;2025-03-16 08:30:00.0;0,00
CANTAGALO;410445101A;PR;Centro;-25,371891;-52,127045;2025-03-16 09:30:00.0;0,00
CANTAGALO;410445101A;PR;Centro;-25,371891;-52,127045;2025-03-16 10:30:00.0;0,00
CANTAGALO;410445101A;PR;Centro;-25,371891;-52,127045;2025-03-16 11:30:00.0;0,00
CANTAGALO;410445101A;PR;Centro;-25,371891;-52,127045;2025-03-16 12:30:00.0;0,00
CANTAGALO;410445101A;PR;Centro;-25,371891;-52,127045;2025-03-16 13:30:00.0;0,00
CANTAGALO;410445101A;PR;Centro;-25,371891;-52,127045;2025-03-16 14:30:00.0;0,00
CANTAGALO;410445101A;PR;Centro;-25,371891;-52,127045;2025-03-16 15:30:00.0;0,00
CANTAGALO;410445101A;PR;Centro;-25,371891;-52,127045;2025-03-16 16:30:00.0;0,00
CANTAGALO;410445101A;PR;Centro;-25,371891;-52,127045;2025-03-16 17:30:00.0;0,00
CANTAGALO;410445101A;PR;Centro;-25,371891;-52,127045;2025-03-16 18:30:00.0;0,00
CANTAGALO;410445101A;PR;Centro;-25,371891;-52,127045;2025-03-16 19:30:00.0;0,00
CANTAGALO;410445101A;PR;Centro;-25,371891;-52,127045;2025-03-16 20:30:00.0;0,00
CANTAGALO;410445101A;PR;Centro;-25,371891;-52,127045;2025-03-16 21:30:00.0;0,00
CANTAGALO;410445101A;PR;Centro;-25,371891;-52,127045;2025-03-16 22:30:00.0;0,00
CANTAGALO;410445101A;PR;Centro;-25,371891;-52,127045;2025-03-16 23:30:00.0;0,00
CANTAGALO;410445101A;PR;Centro;-25,371891;-52,127045;2025-03-17 00:30:00.0;0,00
CANTAGALO;410445101A;PR;Centro;-25,371891;-52,127045;2025-03-17 01:30:00.0;0,00
CANTAGALO;410445101A;PR;Centro;-25,371891;-52,127045;2025-03-17 02:30:00.0;0,00
CANTAGALO;410445101A;PR;Centro;-25,371891;-52,127045;2025-03-17 03:30:00.0;0,00
CANTAGALO;410445101A;PR;Centro;-25,371891;-52,127045;2025-03-17 04:30:00.0;0,00
CANTAGALO;410445101A;PR;Centro;-25,371891;-52,127045;2025-03-17 05:30:00.0;0,00
CANTAGALO;410445101A;PR;Centro;-25,371891;-52,127045;2025-03-17 06:30:00.0;0,00
CANTAGALO;410445101A;PR;Centro;-25,371891;-52,127045;2025-03-17 07:30:00.0;0,00
CANTAGALO;410445101A;PR;Centro;-25,371891;-52,127045;2025-03-17 08:30:00.0;0,00
CANTAGALO;410445101A;PR;Centro;-25,371891;-52,127045;2025-03-17 09:30:00.0;0,00
CANTAGALO;410445101A;PR;Centro;-25,371891;-52,127045;2025-03-17 10:30:00.0;0,00
CANTAGALO;410445101A;PR;Centro;-25,371891;-52,127045;2025-03-17 11:30:00.0;0,00
CANTAGALO;410445101A;PR;Centro;-25,371891;-52,127045;2025-03-17 12:30:00.0;0,00
CANTAGALO;410445101A;PR;Centro;-25,371891;-52,127045;2025-03-17 13:30:00.0;0,00
CANTAGALO;410445101A;PR;Centro;-25,371891;-52,127045;2025-03-17 14:30:00.0;0,00
CANTAGALO;410445101A;PR;Centro;-25,371891;-52,127045;2025-03-17 15:30:00.0;0,00
CANTAGALO;410445101A;PR;Centro;-25,371891;-52,127045;2025-03-17 16:30:00.0;0,00
CANTAGALO;410445101A;PR;Centro;-25,371891;-52,127045;2025-03-17 17:30:00.0;0,00
CANTAGALO;410445101A;PR;Centro;-25,371891;-52,127045;2025-03-17 18:30:00.0;0,00
CANTAGALO;410445101A;PR;Centro;-25,371891;-52,127045;2025-03-17 19:30:00.0;0,00
CANTAGALO;410445101A;PR;Centro;-25,371891;-52,127045;2025-03-17 20:30:00.0;0,00
CANTAGALO;410445101A;PR;Centro;-25,371891;-52,127045;2025-03-17 21:30:00.0;0,00
CANTAGALO;410445101A;PR;Centro;-25,371891;-52,127045;2025-03-17 22:30:00.0;0,00
CANTAGALO;410445101A;PR;Centro;-25,371891;-52,127045;2025-03-17 23:30:00.0;0,00
CANTAGALO;410445101A;PR;Centro;-25,371891;-52,127045;2025-03-18 00:30:00.0;0,00
CANTAGALO;410445101A;PR;Centro;-25,371891;-52,127045;2025-03-18 01:30:00.0;0,00
CANTAGALO;410445101A;PR;Centro;-25,371891;-52,127045;2025-03-18 02:30:00.0;0,00
CANTAGALO;410445101A;PR;Centro;-25,371891;-52,127045;2025-03-18 03:30:00.0;0,00
CANTAGALO;410445101A;PR;Centro;-25,371891;-52,127045;2025-03-18 04:30:00.0;0,00
CANTAGALO;410445101A;PR;Centro;-25,371891;-52,127045;2025-03-18 05:30:00.0;0,00
CANTAGALO;410445101A;PR;Centro;-25,371891;-52,127045;2025-03-18 06:30:00.0;0,00
CANTAGALO;410445101A;PR;Centro;-25,371891;-52,127045;2025-03-18 07:30:00.0;0,00
CANTAGALO;410445101A;PR;Centro;-25,371891;-52,127045;2025-03-18 08:30:00.0;0,00
CANTAGALO;410445101A;PR;Centro;-25,371891;-52,127045;2025-03-18 09:30:00.0;0,00
CANTAGALO;410445101A;PR;Centro;-25,371891;-52,127045;2025-03-18 10:30:00.0;0,00
CANTAGALO;410445101A;PR;Centro;-25,371891;-52,127045;2025-03-18 11:30:00.0;0,00
CANTAGALO;410445101A;PR;Centro;-25,371891;-52,127045;2025-03-18 12:30:00.0;0,00
CANTAGALO;410445101A;PR;Centro;-25,371891;-52,127045;2025-03-18 13:30:00.0;0,00
CANTAGALO;410445101A;PR;Centro;-25,371891;-52,127045;2025-03-18 14:30:00.0;0,00
CANTAGALO;410445101A;PR;Centro;-25,371891;-52,127045;2025-03-18 15:30:00.0;0,00
CANTAGALO;410445101A;PR;Centro;-25,371891;-52,127045;2025-03-18 16:30:00.0;0,00
CANTAGALO;410445101A;PR;Centro;-25,371891;-52,127045;2025-03-18 17:30:00.0;0,00
CANTAGALO;410445101A;PR;Centro;-25,371891;-52,127045;2025-03-18 18:30:00.0;0,00
CANTAGALO;410445101A;PR;Centro;-25,371891;-52,127045;2025-03-18 19:30:00.0;0,00
CANTAGALO;410445101A;PR;Centro;-25,371891;-52,127045;2025-03-18 20:30:00.0;0,00
CANTAGALO;410445101A;PR;Centro;-25,371891;-52,127045;2025-03-18 21:30:00.0;0,00
CANTAGALO;410445101A;PR;Centro;-25,371891;-52,127045;2025-03-18 22:30:00.0;0,00
CANTAGALO;410445101A;PR;Centro;-25,371891;-52,127045;2025-03-18 23:30:00.0;0,00
CANTAGALO;410445101A;PR;Centro;-25,371891;-52,127045;2025-03-19 00:30:00.0;0,00
CANTAGALO;410445101A;PR;Centro;-25,371891;-52,127045;2025-03-19 01:30:00.0;0,00
CANTAGALO;410445101A;PR;Centro;-25,371891;-52,127045;2025-03-19 02:30:00.0;0,00
CANTAGALO;410445101A;PR;Centro;-25,371891;-52,127045;2025-03-19 03:30:00.0;0,00
CANTAGALO;410445101A;PR;Centro;-25,371891;-52,127045;2025-03-19 04:30:00.0;0,00
CANTAGALO;410445101A;PR;Centro;-25,371891;-52,127045;2025-03-19 05:30:00.0;0,00
CANTAGALO;410445101A;PR;Centro;-25,371891;-52,127045;2025-03-19 06:30:00.0;0,00
CANTAGALO;410445101A;PR;Centro;-25,371891;-52,127045;2025-03-19 07:30:00.0;0,00
CANTAGALO;410445101A;PR;Centro;-25,371891;-52,127045;2025-03-19 08:30:00.0;0,00
CANTAGALO;410445101A;PR;Centro;-25,371891;-52,127045;2025-03-19 09:30:00.0;0,00
CANTAGALO;410445101A;PR;Centro;-25,371891;-52,127045;2025-03-19 10:30:00.0;0,00
CANTAGALO;410445101A;PR;Centro;-25,371891;-52,127045;2025-03-19 11:30:00.0;0,00
CANTAGALO;410445101A;PR;Centro;-25,371891;-52,127045;2025-03-19 12:30:00.0;0,00
CANTAGALO;410445101A;PR;Centro;-25,371891;-52,127045;2025-03-19 13:30:00.0;0,00
CANTAGALO;410445101A;PR;Centro;-25,371891;-52,127045;2025-03-19 14:30:00.0;0,00
CANTAGALO;410445101A;PR;Centro;-25,371891;-52,127045;2025-03-19 15:30:00.0;0,00
CANTAGALO;410445101A;PR;Centro;-25,371891;-52,127045;2025-03-19 16:30:00.0;0,00
CANTAGALO;410445101A;PR;Centro;-25,371891;-52,127045;2025-03-19 17:30:00.0;0,00
CANTAGALO;410445101A;PR;Centro;-25,371891;-52,127045;2025-03-19 18:30:00.0;0,00
CANTAGALO;410445101A;PR;Centro;-25,371891;-52,127045;2025-03-19 19:30:00.0;0,00
CANTAGALO;410445101A;PR;Centro;-25,371891;-52,127045;2025-03-19 20:30:00.0;0,00
CANTAGALO;410445101A;PR;Centro;-25,371891;-52,127045;2025-03-19 21:30:00.0;0,00
CANTAGALO;410445101A;PR;Centro;-25,371891;-52,127045;2025-03-19 22:30:00.0;0,00
CANTAGALO;410445101A;PR;Centro;-25,371891;-52,127045;2025-03-19 23:30:00.0;0,00
CANTAGALO;410445101A;PR;Centro;-25,371891;-52,127045;2025-03-20 00:30:00.0;0,00
CANTAGALO;410445101A;PR;Centro;-25,371891;-52,127045;2025-03-20 01:30:00.0;0,00
CANTAGALO;410445101A;PR;Centro;-25,371891;-52,127045;2025-03-20 02:30:00.0;0,00
CANTAGALO;410445101A;PR;Centro;-25,371891;-52,127045;2025-03-20 03:30:00.0;0,00
CANTAGALO;410445101A;PR;Centro;-25,371891;-52,127045;2025-03-20 04:30:00.0;0,00
CANTAGALO;410445101A;PR;Centro;-25,371891;-52,127045;2025-03-20 05:30:00.0;0,00
CANTAGALO;410445101A;PR;Centro;-25,371891;-52,127045;2025-03-20 06:30:00.0;0,00
CANTAGALO;410445101A;PR;Centro;-25,371891;-52,127045;2025-03-20 07:30:00.0;0,00
CANTAGALO;410445101A;PR;Centro;-25,371891;-52,127045;2025-03-20 08:30:00.0;0,00
CANTAGALO;410445101A;PR;Centro;-25,371891;-52,127045;2025-03-20 09:30:00.0;0,00
CANTAGALO;410445101A;PR;Centro;-25,371891;-52,127045;2025-03-20 10:30:00.0;0,00
CANTAGALO;410445101A;PR;Centro;-25,371891;-52,127045;2025-03-20 11:30:00.0;0,00
CANTAGALO;410445101A;PR;Centro;-25,371891;-52,127045;2025-03-20 12:30:00.0;0,00
CANTAGALO;410445101A;PR;Centro;-25,371891;-52,127045;2025-03-20 13:30:00.0;0,00
CANTAGALO;410445101A;PR;Centro;-25,371891;-52,127045;2025-03-20 14:30:00.0;0,00
CANTAGALO;410445101A;PR;Centro;-25,371891;-52,127045;2025-03-20 15:30:00.0;0,00
CANTAGALO;410445101A;PR;Centro;-25,371891;-52,127045;2025-03-20 16:30:00.0;0,00
CANTAGALO;410445101A;PR;Centro;-25,371891;-52,127045;2025-03-20 17:30:00.0;0,00
CANTAGALO;410445101A;PR;Centro;-25,371891;-52,127045;2025-03-20 18:30:00.0;0,00
CANTAGALO;410445101A;PR;Centro;-25,371891;-52,127045;2025-03-20 19:30:00.0;0,00
CANTAGALO;410445101A;PR;Centro;-25,371891;-52,127045;2025-03-20 20:30:00.0;0,00
CANTAGALO;410445101A;PR;Centro;-25,371891;-52,127045;2025-03-20 21:30:00.0;0,00
CANTAGALO;410445101A;PR;Centro;-25,371891;-52,127045;2025-03-20 22:30:00.0;0,00
CANTAGALO;410445101A;PR;Centro;-25,371891;-52,127045;2025-03-20 23:30:00.0;0,00
CANTAGALO;410445101A;PR;Centro;-25,371891;-52,127045;2025-03-21 00:30:00.0;0,00
CANTAGALO;410445101A;PR;Centro;-25,371891;-52,127045;2025-03-21 01:30:00.0;0,00
CANTAGALO;410445101A;PR;Centro;-25,371891;-52,127045;2025-03-21 02:30:00.0;0,00
CANTAGALO;410445101A;PR;Centro;-25,371891;-52,127045;2025-03-21 03:30:00.0;0,00
CANTAGALO;410445101A;PR;Centro;-25,371891;-52,127045;2025-03-21 04:30:00.0;0,00
CANTAGALO;410445101A;PR;Centro;-25,371891;-52,127045;2025-03-21 05:30:00.0;0,00
CANTAGALO;410445101A;PR;Centro;-25,371891;-52,127045;2025-03-21 06:30:00.0;0,00
CANTAGALO;410445101A;PR;Centro;-25,371891;-52,127045;2025-03-21 07:30:00.0;0,00
CANTAGALO;410445101A;PR;Centro;-25,371891;-52,127045;2025-03-21 08:30:00.0;0,00
CANTAGALO;410445101A;PR;Centro;-25,371891;-52,127045;2025-03-21 09:30:00.0;0,00
CANTAGALO;410445101A;PR;Centro;-25,371891;-52,127045;2025-03-21 10:30:00.0;0,00
CANTAGALO;410445101A;PR;Centro;-25,371891;-52,127045;2025-03-21 11:30:00.0;0,00
CANTAGALO;410445101A;PR;Centro;-25,371891;-52,127045;2025-03-21 12:30:00.0;0,00
CANTAGALO;410445101A;PR;Centro;-25,371891;-52,127045;2025-03-21 13:30:00.0;0,00
CANTAGALO;410445101A;PR;Centro;-25,371891;-52,127045;2025-03-21 14:30:00.0;0,00
CANTAGALO;410445101A;PR;Centro;-25,371891;-52,127045;2025-03-21 15:30:00.0;0,00
CANTAGALO;410445101A;PR;Centro;-25,371891;-52,127045;2025-03-21 16:30:00.0;0,00
CANTAGALO;410445101A;PR;Centro;-25,371891;-52,127045;2025-03-21 17:30:00.0;0,00
CANTAGALO;410445101A;PR;Centro;-25,371891;-52,127045;2025-03-21 18:30:00.0;0,00
CANTAGALO;410445101A;PR;Centro;-25,371891;-52,127045;2025-03-21 19:30:00.0;0,00
CANTAGALO;410445101A;PR;Centro;-25,371891;-52,127045;2025-03-21 20:30:00.0;0,00
CANTAGALO;410445101A;PR;Centro;-25,371891;-52,127045;2025-03-21 21:30:00.0;0,00
CANTAGALO;410445101A;PR;Centro;-25,371891;-52,127045;2025-03-21 22:30:00.0;0,00
CANTAGALO;410445101A;PR;Centro;-25,371891;-52,127045;2025-03-21 23:30:00.0;0,00
CANTAGALO;410445101A;PR;Centro;-25,371891;-52,127045;2025-03-22 00:30:00.0;0,00
CANTAGALO;410445101A;PR;Centro;-25,371891;-52,127045;2025-03-22 01:30:00.0;0,00
CANTAGALO;410445101A;PR;Centro;-25,371891;-52,127045;2025-03-22 02:30:00.0;0,00
CANTAGALO;410445101A;PR;Centro;-25,371891;-52,127045;2025-03-22 03:30:00.0;0,00
CANTAGALO;410445101A;PR;Centro;-25,371891;-52,127045;2025-03-22 04:30:00.0;0,00
CANTAGALO;410445101A;PR;Centro;-25,371891;-52,127045;2025-03-22 05:30:00.0;0,00
CANTAGALO;410445101A;PR;Centro;-25,371891;-52,127045;2025-03-22 06:30:00.0;0,00
CANTAGALO;410445101A;PR;Centro;-25,371891;-52,127045;2025-03-22 07:30:00.0;0,00
CANTAGALO;410445101A;PR;Centro;-25,371891;-52,127045;2025-03-22 08:30:00.0;0,00
CANTAGALO;410445101A;PR;Centro;-25,371891;-52,127045;2025-03-22 09:30:00.0;0,00
CANTAGALO;410445101A;PR;Centro;-25,371891;-52,127045;2025-03-22 10:30:00.0;0,00
CANTAGALO;410445101A;PR;Centro;-25,371891;-52,127045;2025-03-22 11:30:00.0;0,00
CANTAGALO;410445101A;PR;Centro;-25,371891;-52,127045;2025-03-22 12:30:00.0;0,00
CANTAGALO;410445101A;PR;Centro;-25,371891;-52,127045;2025-03-22 13:30:00.0;0,00
CANTAGALO;410445101A;PR;Centro;-25,371891;-52,127045;2025-03-22 14:30:00.0;0,00
CANTAGALO;410445101A;PR;Centro;-25,371891;-52,127045;2025-03-22 15:30:00.0;0,00
CANTAGALO;410445101A;PR;Centro;-25,371891;-52,127045;2025-03-22 16:30:00.0;0,00
CANTAGALO;410445101A;PR;Centro;-25,371891;-52,127045;2025-03-22 17:30:00.0;0,00
CANTAGALO;410445101A;PR;Centro;-25,371891;-52,127045;2025-03-22 18:30:00.0;0,00
CANTAGALO;410445101A;PR;Centro;-25,371891;-52,127045;2025-03-22 19:30:00.0;0,00
CANTAGALO;410445101A;PR;Centro;-25,371891;-52,127045;2025-03-22 20:30:00.0;0,00
CANTAGALO;410445101A;PR;Centro;-25,371891;-52,127045;2025-03-22 21:30:00.0;0,00
CANTAGALO;410445101A;PR;Centro;-25,371891;-52,127045;2025-03-22 22:30:00.0;0,00
CANTAGALO;410445101A;PR;Centro;-25,371891;-52,127045;2025-03-22 23:30:00.0;0,00
CANTAGALO;410445101A;PR;Centro;-25,371891;-52,127045;2025-03-23 00:30:00.0;0,00
CANTAGALO;410445101A;PR;Centro;-25,371891;-52,127045;2025-03-23 01:30:00.0;0,00
CANTAGALO;410445101A;PR;Centro;-25,371891;-52,127045;2025-03-23 02:30:00.0;0,00
CANTAGALO;410445101A;PR;Centro;-25,371891;-52,127045;2025-03-23 03:30:00.0;0,00
CANTAGALO;410445101A;PR;Centro;-25,371891;-52,127045;2025-03-23 04:30:00.0;0,00
CANTAGALO;410445101A;PR;Centro;-25,371891;-52,127045;2025-03-23 05:30:00.0;0,00
CANTAGALO;410445101A;PR;Centro;-25,371891;-52,127045;2025-03-23 06:30:00.0;0,00
CANTAGALO;410445101A;PR;Centro;-25,371891;-52,127045;2025-03-23 07:30:00.0;0,00
CANTAGALO;410445101A;PR;Centro;-25,371891;-52,127045;2025-03-23 08:30:00.0;0,00
CANTAGALO;410445101A;PR;Centro;-25,371891;-52,127045;2025-03-23 09:30:00.0;0,00
CANTAGALO;410445101A;PR;Centro;-25,371891;-52,127045;2025-03-23 10:30:00.0;0,00
CANTAGALO;410445101A;PR;Centro;-25,371891;-52,127045;2025-03-23 11:30:00.0;0,00
CANTAGALO;410445101A;PR;Centro;-25,371891;-52,127045;2025-03-23 12:30:00.0;0,00
CANTAGALO;410445101A;PR;Centro;-25,371891;-52,127045;2025-03-23 13:30:00.0;0,00
CANTAGALO;410445101A;PR;Centro;-25,371891;-52,127045;2025-03-23 14:30:00.0;0,00
CANTAGALO;410445101A;PR;Centro;-25,371891;-52,127045;2025-03-23 15:30:00.0;0,00
CANTAGALO;410445101A;PR;Centro;-25,371891;-52,127045;2025-03-23 16:30:00.0;0,00
CANTAGALO;410445101A;PR;Centro;-25,371891;-52,127045;2025-03-23 17:30:00.0;0,00
CANTAGALO;410445101A;PR;Centro;-25,371891;-52,127045;2025-03-23 18:30:00.0;0,00
CANTAGALO;410445101A;PR;Centro;-25,371891;-52,127045;2025-03-23 19:30:00.0;0,00
CANTAGALO;410445101A;PR;Centro;-25,371891;-52,127045;2025-03-23 19:50:00.0;0,20
CANTAGALO;410445101A;PR;Centro;-25,371891;-52,127045;2025-03-23 20:00:00.0;1,80
CANTAGALO;410445101A;PR;Centro;-25,371891;-52,127045;2025-03-23 20:10:00.0;9,60
CANTAGALO;410445101A;PR;Centro;-25,371891;-52,127045;2025-03-23 20:20:00.0;6,60
CANTAGALO;410445101A;PR;Centro;-25,371891;-52,127045;2025-03-23 20:30:00.0;1,80
CANTAGALO;410445101A;PR;Centro;-25,371891;-52,127045;2025-03-23 21:30:00.0;0,00
CANTAGALO;410445101A;PR;Centro;-25,371891;-52,127045;2025-03-23 22:30:00.0;0,00
CANTAGALO;410445101A;PR;Centro;-25,371891;-52,127045;2025-03-23 23:30:00.0;0,00
CANTAGALO;410445101A;PR;Centro;-25,371891;-52,127045;2025-03-24 00:00:00.0;0,20
CANTAGALO;410445101A;PR;Centro;-25,371891;-52,127045;2025-03-24 00:30:00.0;0,00
CANTAGALO;410445101A;PR;Centro;-25,371891;-52,127045;2025-03-24 01:30:00.0;0,00
CANTAGALO;410445101A;PR;Centro;-25,371891;-52,127045;2025-03-24 02:30:00.0;0,00
CANTAGALO;410445101A;PR;Centro;-25,371891;-52,127045;2025-03-24 03:30:00.0;0,00
CANTAGALO;410445101A;PR;Centro;-25,371891;-52,127045;2025-03-24 04:30:00.0;0,00
CANTAGALO;410445101A;PR;Centro;-25,371891;-52,127045;2025-03-24 05:30:00.0;0,00
CANTAGALO;410445101A;PR;Centro;-25,371891;-52,127045;2025-03-24 06:30:00.0;0,00
CANTAGALO;410445101A;PR;Centro;-25,371891;-52,127045;2025-03-24 07:30:00.0;0,00
CANTAGALO;410445101A;PR;Centro;-25,371891;-52,127045;2025-03-24 08:30:00.0;0,00
CANTAGALO;410445101A;PR;Centro;-25,371891;-52,127045;2025-03-24 09:30:00.0;0,00
CANTAGALO;410445101A;PR;Centro;-25,371891;-52,127045;2025-03-24 10:30:00.0;0,00
CANTAGALO;410445101A;PR;Centro;-25,371891;-52,127045;2025-03-24 11:30:00.0;0,00
CANTAGALO;410445101A;PR;Centro;-25,371891;-52,127045;2025-03-24 12:30:00.0;0,00
CANTAGALO;410445101A;PR;Centro;-25,371891;-52,127045;2025-03-24 13:30:00.0;0,00
CANTAGALO;410445101A;PR;Centro;-25,371891;-52,127045;2025-03-24 14:30:00.0;0,00
CANTAGALO;410445101A;PR;Centro;-25,371891;-52,127045;2025-03-24 15:30:00.0;0,00
CANTAGALO;410445101A;PR;Centro;-25,371891;-52,127045;2025-03-24 16:30:00.0;0,00
CANTAGALO;410445101A;PR;Centro;-25,371891;-52,127045;2025-03-24 17:30:00.0;0,00
CANTAGALO;410445101A;PR;Centro;-25,371891;-52,127045;2025-03-24 18:30:00.0;0,00
CANTAGALO;410445101A;PR;Centro;-25,371891;-52,127045;2025-03-24 19:30:00.0;0,00
CANTAGALO;410445101A;PR;Centro;-25,371891;-52,127045;2025-03-24 20:30:00.0;0,00
CANTAGALO;410445101A;PR;Centro;-25,371891;-52,127045;2025-03-24 21:30:00.0;0,00
CANTAGALO;410445101A;PR;Centro;-25,371891;-52,127045;2025-03-24 22:30:00.0;0,00
CANTAGALO;410445101A;PR;Centro;-25,371891;-52,127045;2025-03-24 23:30:00.0;0,00
CANTAGALO;410445101A;PR;Centro;-25,371891;-52,127045;2025-03-25 00:30:00.0;0,00
CANTAGALO;410445101A;PR;Centro;-25,371891;-52,127045;2025-03-25 01:30:00.0;0,00
CANTAGALO;410445101A;PR;Centro;-25,371891;-52,127045;2025-03-25 02:30:00.0;0,00
CANTAGALO;410445101A;PR;Centro;-25,371891;-52,127045;2025-03-25 03:30:00.0;0,00
CANTAGALO;410445101A;PR;Centro;-25,371891;-52,127045;2025-03-25 04:30:00.0;0,00
CANTAGALO;410445101A;PR;Centro;-25,371891;-52,127045;2025-03-25 05:30:00.0;0,00
CANTAGALO;410445101A;PR;Centro;-25,371891;-52,127045;2025-03-25 06:30:00.0;0,00
CANTAGALO;410445101A;PR;Centro;-25,371891;-52,127045;2025-03-25 07:30:00.0;0,00
CANTAGALO;410445101A;PR;Centro;-25,371891;-52,127045;2025-03-25 08:30:00.0;0,00
CANTAGALO;410445101A;PR;Centro;-25,371891;-52,127045;2025-03-25 09:30:00.0;0,00
CANTAGALO;410445101A;PR;Centro;-25,371891;-52,127045;2025-03-25 10:30:00.0;0,00
CANTAGALO;410445101A;PR;Centro;-25,371891;-52,127045;2025-03-25 11:30:00.0;0,00
CANTAGALO;410445101A;PR;Centro;-25,371891;-52,127045;2025-03-25 12:30:00.0;0,00
CANTAGALO;410445101A;PR;Centro;-25,371891;-52,127045;2025-03-25 13:30:00.0;0,00
CANTAGALO;410445101A;PR;Centro;-25,371891;-52,127045;2025-03-25 14:30:00.0;0,00
CANTAGALO;410445101A;PR;Centro;-25,371891;-52,127045;2025-03-25 15:30:00.0;0,00
CANTAGALO;410445101A;PR;Centro;-25,371891;-52,127045;2025-03-25 16:30:00.0;0,00
CANTAGALO;410445101A;PR;Centro;-25,371891;-52,127045;2025-03-25 17:30:00.0;0,00
CANTAGALO;410445101A;PR;Centro;-25,371891;-52,127045;2025-03-25 18:30:00.0;0,00
CANTAGALO;410445101A;PR;Centro;-25,371891;-52,127045;2025-03-25 19:30:00.0;0,00
CANTAGALO;410445101A;PR;Centro;-25,371891;-52,127045;2025-03-25 20:30:00.0;0,00
CANTAGALO;410445101A;PR;Centro;-25,371891;-52,127045;2025-03-25 21:30:00.0;0,00
CANTAGALO;410445101A;PR;Centro;-25,371891;-52,127045;2025-03-25 22:30:00.0;0,00
CANTAGALO;410445101A;PR;Centro;-25,371891;-52,127045;2025-03-25 23:30:00.0;0,00
CANTAGALO;410445101A;PR;Centro;-25,371891;-52,127045;2025-03-26 00:30:00.0;0,00
CANTAGALO;410445101A;PR;Centro;-25,371891;-52,127045;2025-03-26 01:30:00.0;0,00
CANTAGALO;410445101A;PR;Centro;-25,371891;-52,127045;2025-03-26 02:30:00.0;0,00
CANTAGALO;410445101A;PR;Centro;-25,371891;-52,127045;2025-03-26 03:30:00.0;0,00
CANTAGALO;410445101A;PR;Centro;-25,371891;-52,127045;2025-03-26 04:30:00.0;0,00
CANTAGALO;410445101A;PR;Centro;-25,371891;-52,127045;2025-03-26 05:30:00.0;0,00
CANTAGALO;410445101A;PR;Centro;-25,371891;-52,127045;2025-03-26 06:30:00.0;0,00
CANTAGALO;410445101A;PR;Centro;-25,371891;-52,127045;2025-03-26 07:30:00.0;0,00
CANTAGALO;410445101A;PR;Centro;-25,371891;-52,127045;2025-03-26 08:30:00.0;0,00
CANTAGALO;410445101A;PR;Centro;-25,371891;-52,127045;2025-03-26 09:30:00.0;0,00
CANTAGALO;410445101A;PR;Centro;-25,371891;-52,127045;2025-03-26 10:30:00.0;0,00
CANTAGALO;410445101A;PR;Centro;-25,371891;-52,127045;2025-03-26 11:30:00.0;0,00
CANTAGALO;410445101A;PR;Centro;-25,371891;-52,127045;2025-03-26 12:30:00.0;0,00
CANTAGALO;410445101A;PR;Centro;-25,371891;-52,127045;2025-03-26 13:30:00.0;0,00
CANTAGALO;410445101A;PR;Centro;-25,371891;-52,127045;2025-03-26 14:30:00.0;0,00
CANTAGALO;410445101A;PR;Centro;-25,371891;-52,127045;2025-03-26 15:30:00.0;0,00
CANTAGALO;410445101A;PR;Centro;-25,371891;-52,127045;2025-03-26 16:30:00.0;0,00
CANTAGALO;410445101A;PR;Centro;-25,371891;-52,127045;2025-03-26 17:30:00.0;0,00
CANTAGALO;410445101A;PR;Centro;-25,371891;-52,127045;2025-03-26 18:30:00.0;0,00
CANTAGALO;410445101A;PR;Centro;-25,371891;-52,127045;2025-03-26 20:30:00.0;0,00
CANTAGALO;410445101A;PR;Centro;-25,371891;-52,127045;2025-03-26 21:30:00.0;0,00
CANTAGALO;410445101A;PR;Centro;-25,371891;-52,127045;2025-03-26 22:30:00.0;0,00
CANTAGALO;410445101A;PR;Centro;-25,371891;-52,127045;2025-03-26 23:30:00.0;0,00
CANTAGALO;410445101A;PR;Centro;-25,371891;-52,127045;2025-03-27 00:30:00.0;0,00
CANTAGALO;410445101A;PR;Centro;-25,371891;-52,127045;2025-03-27 01:30:00.0;0,00
CANTAGALO;410445101A;PR;Centro;-25,371891;-52,127045;2025-03-27 02:30:00.0;0,00
CANTAGALO;410445101A;PR;Centro;-25,371891;-52,127045;2025-03-27 03:30:00.0;0,00
CANTAGALO;410445101A;PR;Centro;-25,371891;-52,127045;2025-03-27 04:30:00.0;0,00
CANTAGALO;410445101A;PR;Centro;-25,371891;-52,127045;2025-03-27 05:30:00.0;0,00
CANTAGALO;410445101A;PR;Centro;-25,371891;-52,127045;2025-03-27 06:30:00.0;0,00
CANTAGALO;410445101A;PR;Centro;-25,371891;-52,127045;2025-03-27 07:30:00.0;0,00
CANTAGALO;410445101A;PR;Centro;-25,371891;-52,127045;2025-03-27 08:30:00.0;0,00
CANTAGALO;410445101A;PR;Centro;-25,371891;-52,127045;2025-03-27 09:30:00.0;0,00
CANTAGALO;410445101A;PR;Centro;-25,371891;-52,127045;2025-03-27 10:30:00.0;0,00
CANTAGALO;410445101A;PR;Centro;-25,371891;-52,127045;2025-03-27 11:30:00.0;0,00
CANTAGALO;410445101A;PR;Centro;-25,371891;-52,127045;2025-03-27 12:30:00.0;0,00
CANTAGALO;410445101A;PR;Centro;-25,371891;-52,127045;2025-03-27 13:30:00.0;0,00
CANTAGALO;410445101A;PR;Centro;-25,371891;-52,127045;2025-03-27 14:30:00.0;0,00
CANTAGALO;410445101A;PR;Centro;-25,371891;-52,127045;2025-03-27 15:30:00.0;0,00
CANTAGALO;410445101A;PR;Centro;-25,371891;-52,127045;2025-03-27 16:30:00.0;0,00
CANTAGALO;410445101A;PR;Centro;-25,371891;-52,127045;2025-03-27 17:30:00.0;0,00
CANTAGALO;410445101A;PR;Centro;-25,371891;-52,127045;2025-03-27 18:30:00.0;0,00
CANTAGALO;410445101A;PR;Centro;-25,371891;-52,127045;2025-03-27 19:30:00.0;0,00
CANTAGALO;410445101A;PR;Centro;-25,371891;-52,127045;2025-03-27 20:30:00.0;0,00
CANTAGALO;410445101A;PR;Centro;-25,371891;-52,127045;2025-03-27 21:30:00.0;0,00
CANTAGALO;410445101A;PR;Centro;-25,371891;-52,127045;2025-03-27 22:30:00.0;0,00
CANTAGALO;410445101A;PR;Centro;-25,371891;-52,127045;2025-03-27 23:30:00.0;0,00
CANTAGALO;410445101A;PR;Centro;-25,371891;-52,127045;2025-03-28 00:30:00.0;0,00
CANTAGALO;410445101A;PR;Centro;-25,371891;-52,127045;2025-03-28 01:30:00.0;0,00
CANTAGALO;410445101A;PR;Centro;-25,371891;-52,127045;2025-03-28 02:30:00.0;0,00
CANTAGALO;410445101A;PR;Centro;-25,371891;-52,127045;2025-03-28 03:30:00.0;0,00
CANTAGALO;410445101A;PR;Centro;-25,371891;-52,127045;2025-03-28 04:00:00.0;0,20
CANTAGALO;410445101A;PR;Centro;-25,371891;-52,127045;2025-03-28 04:10:00.0;0,60
CANTAGALO;410445101A;PR;Centro;-25,371891;-52,127045;2025-03-28 04:20:00.0;9,60
CANTAGALO;410445101A;PR;Centro;-25,371891;-52,127045;2025-03-28 04:30:00.0;5,60
CANTAGALO;410445101A;PR;Centro;-25,371891;-52,127045;2025-03-28 04:40:00.0;0,60
CANTAGALO;410445101A;PR;Centro;-25,371891;-52,127045;2025-03-28 04:50:00.0;1,20
CANTAGALO;410445101A;PR;Centro;-25,371891;-52,127045;2025-03-28 05:00:00.0;1,00
CANTAGALO;410445101A;PR;Centro;-25,371891;-52,127045;2025-03-28 05:10:00.0;0,60
CANTAGALO;410445101A;PR;Centro;-25,371891;-52,127045;2025-03-28 05:20:00.0;0,80
CANTAGALO;410445101A;PR;Centro;-25,371891;-52,127045;2025-03-28 05:30:00.0;1,00
CANTAGALO;410445101A;PR;Centro;-25,371891;-52,127045;2025-03-28 05:40:00.0;1,00
CANTAGALO;410445101A;PR;Centro;-25,371891;-52,127045;2025-03-28 05:50:00.0;0,40
CANTAGALO;410445101A;PR;Centro;-25,371891;-52,127045;2025-03-28 06:00:00.0;0,40
CANTAGALO;410445101A;PR;Centro;-25,371891;-52,127045;2025-03-28 06:30:00.0;0,00
CANTAGALO;410445101A;PR;Centro;-25,371891;-52,127045;2025-03-28 07:30:00.0;0,20
CANTAGALO;410445101A;PR;Centro;-25,371891;-52,127045;2025-03-28 08:30:00.0;0,00
CANTAGALO;410445101A;PR;Centro;-25,371891;-52,127045;2025-03-28 09:30:00.0;0,00
CANTAGALO;410445101A;PR;Centro;-25,371891;-52,127045;2025-03-28 10:30:00.0;0,00
CANTAGALO;410445101A;PR;Centro;-25,371891;-52,127045;2025-03-28 11:30:00.0;0,00
CANTAGALO;410445101A;PR;Centro;-25,371891;-52,127045;2025-03-28 12:30:00.0;0,00
CANTAGALO;410445101A;PR;Centro;-25,371891;-52,127045;2025-03-28 13:30:00.0;0,00
CANTAGALO;410445101A;PR;Centro;-25,371891;-52,127045;2025-03-28 14:00:00.0;0,20
CANTAGALO;410445101A;PR;Centro;-25,371891;-52,127045;2025-03-28 14:30:00.0;0,00
CANTAGALO;410445101A;PR;Centro;-25,371891;-52,127045;2025-03-28 15:30:00.0;0,00
CANTAGALO;410445101A;PR;Centro;-25,371891;-52,127045;2025-03-28 16:30:00.0;0,00
CANTAGALO;410445101A;PR;Centro;-25,371891;-52,127045;2025-03-28 17:30:00.0;0,00
CANTAGALO;410445101A;PR;Centro;-25,371891;-52,127045;2025-03-28 18:30:00.0;0,00
CANTAGALO;410445101A;PR;Centro;-25,371891;-52,127045;2025-03-28 19:30:00.0;0,00
CANTAGALO;410445101A;PR;Centro;-25,371891;-52,127045;2025-03-28 20:30:00.0;0,00
CANTAGALO;410445101A;PR;Centro;-25,371891;-52,127045;2025-03-28 21:30:00.0;0,00
CANTAGALO;410445101A;PR;Centro;-25,371891;-52,127045;2025-03-28 22:30:00.0;0,00
CANTAGALO;410445101A;PR;Centro;-25,371891;-52,127045;2025-03-28 23:30:00.0;0,00
CANTAGALO;410445101A;PR;Centro;-25,371891;-52,127045;2025-03-29 00:30:00.0;0,00
CANTAGALO;410445101A;PR;Centro;-25,371891;-52,127045;2025-03-29 01:30:00.0;0,00
CANTAGALO;410445101A;PR;Centro;-25,371891;-52,127045;2025-03-29 01:50:00.0;0,80
CANTAGALO;410445101A;PR;Centro;-25,371891;-52,127045;2025-03-29 02:20:00.0;0,20
CANTAGALO;410445101A;PR;Centro;-25,371891;-52,127045;2025-03-29 02:30:00.0;0,00
CANTAGALO;410445101A;PR;Centro;-25,371891;-52,127045;2025-03-29 03:30:00.0;0,00
CANTAGALO;410445101A;PR;Centro;-25,371891;-52,127045;2025-03-29 04:30:00.0;0,00
CANTAGALO;410445101A;PR;Centro;-25,371891;-52,127045;2025-03-29 05:30:00.0;0,00
CANTAGALO;410445101A;PR;Centro;-25,371891;-52,127045;2025-03-29 06:30:00.0;0,00
CANTAGALO;410445101A;PR;Centro;-25,371891;-52,127045;2025-03-29 07:30:00.0;0,00
CANTAGALO;410445101A;PR;Centro;-25,371891;-52,127045;2025-03-29 08:30:00.0;0,00
CANTAGALO;410445101A;PR;Centro;-25,371891;-52,127045;2025-03-29 09:30:00.0;0,00
CANTAGALO;410445101A;PR;Centro;-25,371891;-52,127045;2025-03-29 10:30:00.0;0,00
CANTAGALO;410445101A;PR;Centro;-25,371891;-52,127045;2025-03-29 11:30:00.0;0,00
CANTAGALO;410445101A;PR;Centro;-25,371891;-52,127045;2025-03-29 12:30:00.0;0,00
CANTAGALO;410445101A;PR;Centro;-25,371891;-52,127045;2025-03-29 13:30:00.0;0,00
CANTAGALO;410445101A;PR;Centro;-25,371891;-52,127045;2025-03-29 14:30:00.0;0,00
CANTAGALO;410445101A;PR;Centro;-25,371891;-52,127045;2025-03-29 15:30:00.0;0,00
CANTAGALO;410445101A;PR;Centro;-25,371891;-52,127045;2025-03-29 16:30:00.0;0,00
CANTAGALO;410445101A;PR;Centro;-25,371891;-52,127045;2025-03-29 17:30:00.0;0,00
CANTAGALO;410445101A;PR;Centro;-25,371891;-52,127045;2025-03-29 18:30:00.0;0,00
CANTAGALO;410445101A;PR;Centro;-25,371891;-52,127045;2025-03-29 19:30:00.0;0,00
CANTAGALO;410445101A;PR;Centro;-25,371891;-52,127045;2025-03-29 20:30:00.0;0,00
CANTAGALO;410445101A;PR;Centro;-25,371891;-52,127045;2025-03-29 21:30:00.0;0,00
CANTAGALO;410445101A;PR;Centro;-25,371891;-52,127045;2025-03-29 22:30:00.0;0,00
CANTAGALO;410445101A;PR;Centro;-25,371891;-52,127045;2025-03-29 23:30:00.0;0,00
CANTAGALO;410445101A;PR;Centro;-25,371891;-52,127045;2025-03-30 00:30:00.0;0,00
CANTAGALO;410445101A;PR;Centro;-25,371891;-52,127045;2025-03-30 01:30:00.0;0,00
CANTAGALO;410445101A;PR;Centro;-25,371891;-52,127045;2025-03-30 02:30:00.0;0,00
CANTAGALO;410445101A;PR;Centro;-25,371891;-52,127045;2025-03-30 03:30:00.0;0,00
CANTAGALO;410445101A;PR;Centro;-25,371891;-52,127045;2025-03-30 04:30:00.0;0,00
CANTAGALO;410445101A;PR;Centro;-25,371891;-52,127045;2025-03-30 05:30:00.0;0,00
CANTAGALO;410445101A;PR;Centro;-25,371891;-52,127045;2025-03-30 06:30:00.0;0,00
CANTAGALO;410445101A;PR;Centro;-25,371891;-52,127045;2025-03-30 07:30:00.0;0,00
CANTAGALO;410445101A;PR;Centro;-25,371891;-52,127045;2025-03-30 08:30:00.0;0,00
CANTAGALO;410445101A;PR;Centro;-25,371891;-52,127045;2025-03-30 09:30:00.0;0,00
CANTAGALO;410445101A;PR;Centro;-25,371891;-52,127045;2025-03-30 10:30:00.0;0,00
CANTAGALO;410445101A;PR;Centro;-25,371891;-52,127045;2025-03-30 11:30:00.0;0,00
CANTAGALO;410445101A;PR;Centro;-25,371891;-52,127045;2025-03-30 12:30:00.0;0,00
CANTAGALO;410445101A;PR;Centro;-25,371891;-52,127045;2025-03-30 13:30:00.0;0,00
CANTAGALO;410445101A;PR;Centro;-25,371891;-52,127045;2025-03-30 14:30:00.0;0,00
CANTAGALO;410445101A;PR;Centro;-25,371891;-52,127045;2025-03-30 15:30:00.0;0,00
CANTAGALO;410445101A;PR;Centro;-25,371891;-52,127045;2025-03-30 16:30:00.0;0,00
CANTAGALO;410445101A;PR;Centro;-25,371891;-52,127045;2025-03-30 17:30:00.0;0,00
CANTAGALO;410445101A;PR;Centro;-25,371891;-52,127045;2025-03-30 18:30:00.0;0,00
CANTAGALO;410445101A;PR;Centro;-25,371891;-52,127045;2025-03-30 19:30:00.0;0,00
CANTAGALO;410445101A;PR;Centro;-25,371891;-52,127045;2025-03-30 20:30:00.0;0,00
CANTAGALO;410445101A;PR;Centro;-25,371891;-52,127045;2025-03-30 21:30:00.0;0,00
CANTAGALO;410445101A;PR;Centro;-25,371891;-52,127045;2025-03-30 22:30:00.0;0,00
CANTAGALO;410445101A;PR;Centro;-25,371891;-52,127045;2025-03-30 23:30:00.0;0,00
CANTAGALO;410445101A;PR;Centro;-25,371891;-52,127045;2025-03-31 00:30:00.0;0,00
CANTAGALO;410445101A;PR;Centro;-25,371891;-52,127045;2025-03-31 01:30:00.0;0,00
CANTAGALO;410445101A;PR;Centro;-25,371891;-52,127045;2025-03-31 02:30:00.0;0,00
CANTAGALO;410445101A;PR;Centro;-25,371891;-52,127045;2025-03-31 03:30:00.0;0,00
CANTAGALO;410445101A;PR;Centro;-25,371891;-52,127045;2025-03-31 04:30:00.0;0,00
CANTAGALO;410445101A;PR;Centro;-25,371891;-52,127045;2025-03-31 05:30:00.0;0,00
CANTAGALO;410445101A;PR;Centro;-25,371891;-52,127045;2025-03-31 06:30:00.0;0,00
CANTAGALO;410445101A;PR;Centro;-25,371891;-52,127045;2025-03-31 07:30:00.0;0,00
CANTAGALO;410445101A;PR;Centro;-25,371891;-52,127045;2025-03-31 08:30:00.0;0,00
CANTAGALO;410445101A;PR;Centro;-25,371891;-52,127045;2025-03-31 09:30:00.0;0,00
CANTAGALO;410445101A;PR;Centro;-25,371891;-52,127045;2025-03-31 10:30:00.0;0,00
CANTAGALO;410445101A;PR;Centro;-25,371891;-52,127045;2025-03-31 11:30:00.0;0,00
CANTAGALO;410445101A;PR;Centro;-25,371891;-52,127045;2025-03-31 12:30:00.0;0,00
CANTAGALO;410445101A;PR;Centro;-25,371891;-52,127045;2025-03-31 13:30:00.0;0,00
CANTAGALO;410445101A;PR;Centro;-25,371891;-52,127045;2025-03-31 14:30:00.0;0,00
CANTAGALO;410445101A;PR;Centro;-25,371891;-52,127045;2025-03-31 15:30:00.0;0,00
CANTAGALO;410445101A;PR;Centro;-25,371891;-52,127045;2025-03-31 16:30:00.0;0,00
CANTAGALO;410445101A;PR;Centro;-25,371891;-52,127045;2025-03-31 17:30:00.0;0,00
CANTAGALO;410445101A;PR;Centro;-25,371891;-52,127045;2025-03-31 18:30:00.0;0,00
CANTAGALO;410445101A;PR;Centro;-25,371891;-52,127045;2025-03-31 19:30:00.0;0,00
CANTAGALO;410445101A;PR;Centro;-25,371891;-52,127045;2025-03-31 20:30:00.0;0,00
CANTAGALO;410445101A;PR;Centro;-25,371891;-52,127045;2025-03-31 21:30:00.0;0,00
CANTAGALO;410445101A;PR;Centro;-25,371891;-52,127045;2025-03-31 22:30:00.0;0,00
CANTAGALO;410445101A;PR;Centro;-25,371891;-52,127045;2025-03-31 23:30:00.0;0,00
CAPITÃO LEÔNIDAS MARQUES;410460001A;PR;Bom Jesus;-25,438;-53,633;2025-03-01 00:10:00.0;0,00
CAPITÃO LEÔNIDAS MARQUES;410460001A;PR;Bom Jesus;-25,438;-53,633;2025-03-01 00:20:00.0;0,00
CAPITÃO LEÔNIDAS MARQUES;410460001A;PR;Bom Jesus;-25,438;-53,633;2025-03-01 01:20:00.0;0,00
CAPITÃO LEÔNIDAS MARQUES;410460001A;PR;Bom Jesus;-25,438;-53,633;2025-03-01 02:20:00.0;0,00
CAPITÃO LEÔNIDAS MARQUES;410460001A;PR;Bom Jesus;-25,438;-53,633;2025-03-01 03:20:00.0;0,00
CAPITÃO LEÔNIDAS MARQUES;410460001A;PR;Bom Jesus;-25,438;-53,633;2025-03-01 04:20:00.0;0,00
CAPITÃO LEÔNIDAS MARQUES;410460001A;PR;Bom Jesus;-25,438;-53,633;2025-03-01 05:20:00.0;0,00
CAPITÃO LEÔNIDAS MARQUES;410460001A;PR;Bom Jesus;-25,438;-53,633;2025-03-01 06:20:00.0;0,00
CAPITÃO LEÔNIDAS MARQUES;410460001A;PR;Bom Jesus;-25,438;-53,633;2025-03-01 07:20:00.0;0,00
CAPITÃO LEÔNIDAS MARQUES;410460001A;PR;Bom Jesus;-25,438;-53,633;2025-03-01 08:20:00.0;0,00
CAPITÃO LEÔNIDAS MARQUES;410460001A;PR;Bom Jesus;-25,438;-53,633;2025-03-01 09:20:00.0;0,00
CAPITÃO LEÔNIDAS MARQUES;410460001A;PR;Bom Jesus;-25,438;-53,633;2025-03-01 10:20:00.0;0,00
CAPITÃO LEÔNIDAS MARQUES;410460001A;PR;Bom Jesus;-25,438;-53,633;2025-03-01 11:20:00.0;0,00
CAPITÃO LEÔNIDAS MARQUES;410460001A;PR;Bom Jesus;-25,438;-53,633;2025-03-01 12:20:00.0;0,00
CAPITÃO LEÔNIDAS MARQUES;410460001A;PR;Bom Jesus;-25,438;-53,633;2025-03-01 13:20:00.0;0,00
CAPITÃO LEÔNIDAS MARQUES;410460001A;PR;Bom Jesus;-25,438;-53,633;2025-03-01 14:20:00.0;0,00
CAPITÃO LEÔNIDAS MARQUES;410460001A;PR;Bom Jesus;-25,438;-53,633;2025-03-01 15:20:00.0;0,00
CAPITÃO LEÔNIDAS MARQUES;410460001A;PR;Bom Jesus;-25,438;-53,633;2025-03-01 16:20:00.0;0,00
CAPITÃO LEÔNIDAS MARQUES;410460001A;PR;Bom Jesus;-25,438;-53,633;2025-03-01 17:20:00.0;0,00
CAPITÃO LEÔNIDAS MARQUES;410460001A;PR;Bom Jesus;-25,438;-53,633;2025-03-01 18:20:00.0;0,00
CAPITÃO LEÔNIDAS MARQUES;410460001A;PR;Bom Jesus;-25,438;-53,633;2025-03-01 19:20:00.0;0,00
CAPITÃO LEÔNIDAS MARQUES;410460001A;PR;Bom Jesus;-25,438;-53,633;2025-03-01 20:20:00.0;0,00
CAPITÃO LEÔNIDAS MARQUES;410460001A;PR;Bom Jesus;-25,438;-53,633;2025-03-01 21:20:00.0;0,00
CAPITÃO LEÔNIDAS MARQUES;410460001A;PR;Bom Jesus;-25,438;-53,633;2025-03-01 22:20:00.0;0,00
CAPITÃO LEÔNIDAS MARQUES;410460001A;PR;Bom Jesus;-25,438;-53,633;2025-03-01 23:20:00.0;0,00
CAPITÃO LEÔNIDAS MARQUES;410460001A;PR;Bom Jesus;-25,438;-53,633;2025-03-02 00:20:00.0;0,00
CAPITÃO LEÔNIDAS MARQUES;410460001A;PR;Bom Jesus;-25,438;-53,633;2025-03-02 01:20:00.0;0,00
CAPITÃO LEÔNIDAS MARQUES;410460001A;PR;Bom Jesus;-25,438;-53,633;2025-03-02 02:20:00.0;0,00
CAPITÃO LEÔNIDAS MARQUES;410460001A;PR;Bom Jesus;-25,438;-53,633;2025-03-02 03:20:00.0;0,00
CAPITÃO LEÔNIDAS MARQUES;410460001A;PR;Bom Jesus;-25,438;-53,633;2025-03-02 04:20:00.0;0,00
CAPITÃO LEÔNIDAS MARQUES;410460001A;PR;Bom Jesus;-25,438;-53,633;2025-03-02 05:20:00.0;0,00
CAPITÃO LEÔNIDAS MARQUES;410460001A;PR;Bom Jesus;-25,438;-53,633;2025-03-02 06:20:00.0;0,00
CAPITÃO LEÔNIDAS MARQUES;410460001A;PR;Bom Jesus;-25,438;-53,633;2025-03-02 07:20:00.0;0,00
CAPITÃO LEÔNIDAS MARQUES;410460001A;PR;Bom Jesus;-25,438;-53,633;2025-03-02 08:20:00.0;0,00
CAPITÃO LEÔNIDAS MARQUES;410460001A;PR;Bom Jesus;-25,438;-53,633;2025-03-02 09:20:00.0;0,00
CAPITÃO LEÔNIDAS MARQUES;410460001A;PR;Bom Jesus;-25,438;-53,633;2025-03-02 10:20:00.0;0,00
CAPITÃO LEÔNIDAS MARQUES;410460001A;PR;Bom Jesus;-25,438;-53,633;2025-03-02 11:20:00.0;0,00
CAPITÃO LEÔNIDAS MARQUES;410460001A;PR;Bom Jesus;-25,438;-53,633;2025-03-02 12:20:00.0;0,00
CAPITÃO LEÔNIDAS MARQUES;410460001A;PR;Bom Jesus;-25,438;-53,633;2025-03-02 13:20:00.0;0,00
CAPITÃO LEÔNIDAS MARQUES;410460001A;PR;Bom Jesus;-25,438;-53,633;2025-03-02 14:20:00.0;0,00
CAPITÃO LEÔNIDAS MARQUES;410460001A;PR;Bom Jesus;-25,438;-53,633;2025-03-02 15:20:00.0;0,00
CAPITÃO LEÔNIDAS MARQUES;410460001A;PR;Bom Jesus;-25,438;-53,633;2025-03-02 16:20:00.0;0,00
CAPITÃO LEÔNIDAS MARQUES;410460001A;PR;Bom Jesus;-25,438;-53,633;2025-03-02 17:20:00.0;0,00
CAPITÃO LEÔNIDAS MARQUES;410460001A;PR;Bom Jesus;-25,438;-53,633;2025-03-02 18:20:00.0;0,00
CAPITÃO LEÔNIDAS MARQUES;410460001A;PR;Bom Jesus;-25,438;-53,633;2025-03-02 19:20:00.0;0,00
CAPITÃO LEÔNIDAS MARQUES;410460001A;PR;Bom Jesus;-25,438;-53,633;2025-03-02 20:20:00.0;0,00
CAPITÃO LEÔNIDAS MARQUES;410460001A;PR;Bom Jesus;-25,438;-53,633;2025-03-02 21:20:00.0;0,00
CAPITÃO LEÔNIDAS MARQUES;410460001A;PR;Bom Jesus;-25,438;-53,633;2025-03-02 22:20:00.0;0,00
CAPITÃO LEÔNIDAS MARQUES;410460001A;PR;Bom Jesus;-25,438;-53,633;2025-03-02 23:20:00.0;0,00
CAPITÃO LEÔNIDAS MARQUES;410460001A;PR;Bom Jesus;-25,438;-53,633;2025-03-03 00:20:00.0;0,00
CAPITÃO LEÔNIDAS MARQUES;410460001A;PR;Bom Jesus;-25,438;-53,633;2025-03-03 01:20:00.0;0,00
CAPITÃO LEÔNIDAS MARQUES;410460001A;PR;Bom Jesus;-25,438;-53,633;2025-03-03 02:20:00.0;0,00
CAPITÃO LEÔNIDAS MARQUES;410460001A;PR;Bom Jesus;-25,438;-53,633;2025-03-03 03:20:00.0;0,00
CAPITÃO LEÔNIDAS MARQUES;410460001A;PR;Bom Jesus;-25,438;-53,633;2025-03-03 04:20:00.0;0,00
CAPITÃO LEÔNIDAS MARQUES;410460001A;PR;Bom Jesus;-25,438;-53,633;2025-03-03 05:20:00.0;0,00
CAPITÃO LEÔNIDAS MARQUES;410460001A;PR;Bom Jesus;-25,438;-53,633;2025-03-03 06:20:00.0;0,00
CAPITÃO LEÔNIDAS MARQUES;410460001A;PR;Bom Jesus;-25,438;-53,633;2025-03-03 07:20:00.0;0,00
CAPITÃO LEÔNIDAS MARQUES;410460001A;PR;Bom Jesus;-25,438;-53,633;2025-03-03 08:20:00.0;0,00
CAPITÃO LEÔNIDAS MARQUES;410460001A;PR;Bom Jesus;-25,438;-53,633;2025-03-03 09:20:00.0;0,00
CAPITÃO LEÔNIDAS MARQUES;410460001A;PR;Bom Jesus;-25,438;-53,633;2025-03-03 10:20:00.0;0,00
CAPITÃO LEÔNIDAS MARQUES;410460001A;PR;Bom Jesus;-25,438;-53,633;2025-03-03 11:20:00.0;0,00
CAPITÃO LEÔNIDAS MARQUES;410460001A;PR;Bom Jesus;-25,438;-53,633;2025-03-03 12:20:00.0;0,00
CAPITÃO LEÔNIDAS MARQUES;410460001A;PR;Bom Jesus;-25,438;-53,633;2025-03-03 13:20:00.0;0,00
CAPITÃO LEÔNIDAS MARQUES;410460001A;PR;Bom Jesus;-25,438;-53,633;2025-03-03 14:20:00.0;0,00
CAPITÃO LEÔNIDAS MARQUES;410460001A;PR;Bom Jesus;-25,438;-53,633;2025-03-03 15:20:00.0;0,00
CAPITÃO LEÔNIDAS MARQUES;410460001A;PR;Bom Jesus;-25,438;-53,633;2025-03-03 16:20:00.0;0,00
CAPITÃO LEÔNIDAS MARQUES;410460001A;PR;Bom Jesus;-25,438;-53,633;2025-03-03 17:20:00.0;0,00
CAPITÃO LEÔNIDAS MARQUES;410460001A;PR;Bom Jesus;-25,438;-53,633;2025-03-03 18:20:00.0;0,00
CAPITÃO LEÔNIDAS MARQUES;410460001A;PR;Bom Jesus;-25,438;-53,633;2025-03-03 19:20:00.0;0,00
CAPITÃO LEÔNIDAS MARQUES;410460001A;PR;Bom Jesus;-25,438;-53,633;2025-03-03 20:20:00.0;0,00
CAPITÃO LEÔNIDAS MARQUES;410460001A;PR;Bom Jesus;-25,438;-53,633;2025-03-03 21:20:00.0;0,00
CAPITÃO LEÔNIDAS MARQUES;410460001A;PR;Bom Jesus;-25,438;-53,633;2025-03-03 22:20:00.0;0,00
CAPITÃO LEÔNIDAS MARQUES;410460001A;PR;Bom Jesus;-25,438;-53,633;2025-03-03 23:20:00.0;0,00
CAPITÃO LEÔNIDAS MARQUES;410460001A;PR;Bom Jesus;-25,438;-53,633;2025-03-04 00:20:00.0;0,00
CAPITÃO LEÔNIDAS MARQUES;410460001A;PR;Bom Jesus;-25,438;-53,633;2025-03-04 01:20:00.0;0,00
CAPITÃO LEÔNIDAS MARQUES;410460001A;PR;Bom Jesus;-25,438;-53,633;2025-03-04 02:20:00.0;0,00
CAPITÃO LEÔNIDAS MARQUES;410460001A;PR;Bom Jesus;-25,438;-53,633;2025-03-04 03:20:00.0;0,00
CAPITÃO LEÔNIDAS MARQUES;410460001A;PR;Bom Jesus;-25,438;-53,633;2025-03-04 04:20:00.0;0,00
CAPITÃO LEÔNIDAS MARQUES;410460001A;PR;Bom Jesus;-25,438;-53,633;2025-03-04 05:20:00.0;0,00
CAPITÃO LEÔNIDAS MARQUES;410460001A;PR;Bom Jesus;-25,438;-53,633;2025-03-04 06:20:00.0;0,00
CAPITÃO LEÔNIDAS MARQUES;410460001A;PR;Bom Jesus;-25,438;-53,633;2025-03-04 07:20:00.0;0,00
CAPITÃO LEÔNIDAS MARQUES;410460001A;PR;Bom Jesus;-25,438;-53,633;2025-03-04 08:20:00.0;0,00
CAPITÃO LEÔNIDAS MARQUES;410460001A;PR;Bom Jesus;-25,438;-53,633;2025-03-04 09:20:00.0;0,00
CAPITÃO LEÔNIDAS MARQUES;410460001A;PR;Bom Jesus;-25,438;-53,633;2025-03-04 10:20:00.0;0,00
CAPITÃO LEÔNIDAS MARQUES;410460001A;PR;Bom Jesus;-25,438;-53,633;2025-03-04 11:20:00.0;0,00
CAPITÃO LEÔNIDAS MARQUES;410460001A;PR;Bom Jesus;-25,438;-53,633;2025-03-04 12:20:00.0;0,00
CAPITÃO LEÔNIDAS MARQUES;410460001A;PR;Bom Jesus;-25,438;-53,633;2025-03-04 13:20:00.0;0,00
CAPITÃO LEÔNIDAS MARQUES;410460001A;PR;Bom Jesus;-25,438;-53,633;2025-03-04 14:20:00.0;0,00
CAPITÃO LEÔNIDAS MARQUES;410460001A;PR;Bom Jesus;-25,438;-53,633;2025-03-04 15:20:00.0;0,00
CAPITÃO LEÔNIDAS MARQUES;410460001A;PR;Bom Jesus;-25,438;-53,633;2025-03-04 16:20:00.0;0,00
CAPITÃO LEÔNIDAS MARQUES;410460001A;PR;Bom Jesus;-25,438;-53,633;2025-03-04 17:20:00.0;0,00
CAPITÃO LEÔNIDAS MARQUES;410460001A;PR;Bom Jesus;-25,438;-53,633;2025-03-04 18:20:00.0;0,00
CAPITÃO LEÔNIDAS MARQUES;410460001A;PR;Bom Jesus;-25,438;-53,633;2025-03-04 19:20:00.0;0,00
CAPITÃO LEÔNIDAS MARQUES;410460001A;PR;Bom Jesus;-25,438;-53,633;2025-03-04 20:20:00.0;0,00
CAPITÃO LEÔNIDAS MARQUES;410460001A;PR;Bom Jesus;-25,438;-53,633;2025-03-04 21:20:00.0;0,00
CAPITÃO LEÔNIDAS MARQUES;410460001A;PR;Bom Jesus;-25,438;-53,633;2025-03-04 22:20:00.0;0,00
CAPITÃO LEÔNIDAS MARQUES;410460001A;PR;Bom Jesus;-25,438;-53,633;2025-03-04 23:20:00.0;0,00
CAPITÃO LEÔNIDAS MARQUES;410460001A;PR;Bom Jesus;-25,438;-53,633;2025-03-05 00:20:00.0;0,00
CAPITÃO LEÔNIDAS MARQUES;410460001A;PR;Bom Jesus;-25,438;-53,633;2025-03-05 01:20:00.0;0,00
CAPITÃO LEÔNIDAS MARQUES;410460001A;PR;Bom Jesus;-25,438;-53,633;2025-03-05 02:20:00.0;0,00
CAPITÃO LEÔNIDAS MARQUES;410460001A;PR;Bom Jesus;-25,438;-53,633;2025-03-05 03:20:00.0;0,00
CAPITÃO LEÔNIDAS MARQUES;410460001A;PR;Bom Jesus;-25,438;-53,633;2025-03-05 04:20:00.0;0,00
CAPITÃO LEÔNIDAS MARQUES;410460001A;PR;Bom Jesus;-25,438;-53,633;2025-03-05 05:20:00.0;0,00
CAPITÃO LEÔNIDAS MARQUES;410460001A;PR;Bom Jesus;-25,438;-53,633;2025-03-05 06:20:00.0;0,00
CAPITÃO LEÔNIDAS MARQUES;410460001A;PR;Bom Jesus;-25,438;-53,633;2025-03-05 07:20:00.0;0,00
CAPITÃO LEÔNIDAS MARQUES;410460001A;PR;Bom Jesus;-25,438;-53,633;2025-03-05 08:20:00.0;0,00
CAPITÃO LEÔNIDAS MARQUES;410460001A;PR;Bom Jesus;-25,438;-53,633;2025-03-05 09:20:00.0;0,00
CAPITÃO LEÔNIDAS MARQUES;410460001A;PR;Bom Jesus;-25,438;-53,633;2025-03-05 10:20:00.0;0,00
CAPITÃO LEÔNIDAS MARQUES;410460001A;PR;Bom Jesus;-25,438;-53,633;2025-03-05 11:20:00.0;0,00
CAPITÃO LEÔNIDAS MARQUES;410460001A;PR;Bom Jesus;-25,438;-53,633;2025-03-05 12:20:00.0;0,00
CAPITÃO LEÔNIDAS MARQUES;410460001A;PR;Bom Jesus;-25,438;-53,633;2025-03-05 13:20:00.0;0,00
CAPITÃO LEÔNIDAS MARQUES;410460001A;PR;Bom Jesus;-25,438;-53,633;2025-03-05 14:20:00.0;0,00
CAPITÃO LEÔNIDAS MARQUES;410460001A;PR;Bom Jesus;-25,438;-53,633;2025-03-05 15:20:00.0;0,00
CAPITÃO LEÔNIDAS MARQUES;410460001A;PR;Bom Jesus;-25,438;-53,633;2025-03-05 16:20:00.0;0,00
CAPITÃO LEÔNIDAS MARQUES;410460001A;PR;Bom Jesus;-25,438;-53,633;2025-03-05 17:20:00.0;0,00
CAPITÃO LEÔNIDAS MARQUES;410460001A;PR;Bom Jesus;-25,438;-53,633;2025-03-05 18:20:00.0;0,00
CAPITÃO LEÔNIDAS MARQUES;410460001A;PR;Bom Jesus;-25,438;-53,633;2025-03-05 19:20:00.0;0,00
CAPITÃO LEÔNIDAS MARQUES;410460001A;PR;Bom Jesus;-25,438;-53,633;2025-03-05 20:20:00.0;0,00
CAPITÃO LEÔNIDAS MARQUES;410460001A;PR;Bom Jesus;-25,438;-53,633;2025-03-05 21:20:00.0;0,00
CAPITÃO LEÔNIDAS MARQUES;410460001A;PR;Bom Jesus;-25,438;-53,633;2025-03-05 22:20:00.0;0,00
CAPITÃO LEÔNIDAS MARQUES;410460001A;PR;Bom Jesus;-25,438;-53,633;2025-03-05 23:20:00.0;0,00
CAPITÃO LEÔNIDAS MARQUES;410460001A;PR;Bom Jesus;-25,438;-53,633;2025-03-06 00:20:00.0;0,00
CAPITÃO LEÔNIDAS MARQUES;410460001A;PR;Bom Jesus;-25,438;-53,633;2025-03-06 01:20:00.0;0,00
CAPITÃO LEÔNIDAS MARQUES;410460001A;PR;Bom Jesus;-25,438;-53,633;2025-03-06 02:20:00.0;0,00
CAPITÃO LEÔNIDAS MARQUES;410460001A;PR;Bom Jesus;-25,438;-53,633;2025-03-06 03:20:00.0;0,00
CAPITÃO LEÔNIDAS MARQUES;410460001A;PR;Bom Jesus;-25,438;-53,633;2025-03-06 04:20:00.0;0,00
CAPITÃO LEÔNIDAS MARQUES;410460001A;PR;Bom Jesus;-25,438;-53,633;2025-03-06 05:20:00.0;0,00
CAPITÃO LEÔNIDAS MARQUES;410460001A;PR;Bom Jesus;-25,438;-53,633;2025-03-06 06:20:00.0;0,00
CAPITÃO LEÔNIDAS MARQUES;410460001A;PR;Bom Jesus;-25,438;-53,633;2025-03-06 07:20:00.0;0,00
CAPITÃO LEÔNIDAS MARQUES;410460001A;PR;Bom Jesus;-25,438;-53,633;2025-03-06 08:20:00.0;0,00
CAPITÃO LEÔNIDAS MARQUES;410460001A;PR;Bom Jesus;-25,438;-53,633;2025-03-06 09:20:00.0;0,00
CAPITÃO LEÔNIDAS MARQUES;410460001A;PR;Bom Jesus;-25,438;-53,633;2025-03-06 10:20:00.0;0,00
CAPITÃO LEÔNIDAS MARQUES;410460001A;PR;Bom Jesus;-25,438;-53,633;2025-03-06 11:20:00.0;0,00
CAPITÃO LEÔNIDAS MARQUES;410460001A;PR;Bom Jesus;-25,438;-53,633;2025-03-06 12:20:00.0;0,00
CAPITÃO LEÔNIDAS MARQUES;410460001A;PR;Bom Jesus;-25,438;-53,633;2025-03-06 13:20:00.0;0,00
CAPITÃO LEÔNIDAS MARQUES;410460001A;PR;Bom Jesus;-25,438;-53,633;2025-03-06 14:20:00.0;0,00
CAPITÃO LEÔNIDAS MARQUES;410460001A;PR;Bom Jesus;-25,438;-53,633;2025-03-06 15:20:00.0;0,00
CAPITÃO LEÔNIDAS MARQUES;410460001A;PR;Bom Jesus;-25,438;-53,633;2025-03-06 16:20:00.0;0,00
CAPITÃO LEÔNIDAS MARQUES;410460001A;PR;Bom Jesus;-25,438;-53,633;2025-03-06 17:20:00.0;0,00
CAPITÃO LEÔNIDAS MARQUES;410460001A;PR;Bom Jesus;-25,438;-53,633;2025-03-06 18:20:00.0;0,00
CAPITÃO LEÔNIDAS MARQUES;410460001A;PR;Bom Jesus;-25,438;-53,633;2025-03-06 19:20:00.0;0,00
CAPITÃO LEÔNIDAS MARQUES;410460001A;PR;Bom Jesus;-25,438;-53,633;2025-03-06 20:20:00.0;0,00
CAPITÃO LEÔNIDAS MARQUES;410460001A;PR;Bom Jesus;-25,438;-53,633;2025-03-06 21:20:00.0;0,00
CAPITÃO LEÔNIDAS MARQUES;410460001A;PR;Bom Jesus;-25,438;-53,633;2025-03-06 22:20:00.0;0,00
CAPITÃO LEÔNIDAS MARQUES;410460001A;PR;Bom Jesus;-25,438;-53,633;2025-03-06 23:20:00.0;0,00
CAPITÃO LEÔNIDAS MARQUES;410460001A;PR;Bom Jesus;-25,438;-53,633;2025-03-07 00:20:00.0;0,00
CAPITÃO LEÔNIDAS MARQUES;410460001A;PR;Bom Jesus;-25,438;-53,633;2025-03-07 01:20:00.0;0,00
CAPITÃO LEÔNIDAS MARQUES;410460001A;PR;Bom Jesus;-25,438;-53,633;2025-03-07 02:20:00.0;0,00
CAPITÃO LEÔNIDAS MARQUES;410460001A;PR;Bom Jesus;-25,438;-53,633;2025-03-07 03:20:00.0;0,00
CAPITÃO LEÔNIDAS MARQUES;410460001A;PR;Bom Jesus;-25,438;-53,633;2025-03-07 04:20:00.0;0,00
CAPITÃO LEÔNIDAS MARQUES;410460001A;PR;Bom Jesus;-25,438;-53,633;2025-03-07 05:20:00.0;0,00
CAPITÃO LEÔNIDAS MARQUES;410460001A;PR;Bom Jesus;-25,438;-53,633;2025-03-07 06:20:00.0;0,00
CAPITÃO LEÔNIDAS MARQUES;410460001A;PR;Bom Jesus;-25,438;-53,633;2025-03-07 07:20:00.0;0,00
CAPITÃO LEÔNIDAS MARQUES;410460001A;PR;Bom Jesus;-25,438;-53,633;2025-03-07 08:20:00.0;0,00
CAPITÃO LEÔNIDAS MARQUES;410460001A;PR;Bom Jesus;-25,438;-53,633;2025-03-07 09:20:00.0;0,00
CAPITÃO LEÔNIDAS MARQUES;410460001A;PR;Bom Jesus;-25,438;-53,633;2025-03-07 10:20:00.0;0,00
CAPITÃO LEÔNIDAS MARQUES;410460001A;PR;Bom Jesus;-25,438;-53,633;2025-03-07 11:20:00.0;0,00
CAPITÃO LEÔNIDAS MARQUES;410460001A;PR;Bom Jesus;-25,438;-53,633;2025-03-07 12:20:00.0;0,00
CAPITÃO LEÔNIDAS MARQUES;410460001A;PR;Bom Jesus;-25,438;-53,633;2025-03-07 13:20:00.0;0,00
CAPITÃO LEÔNIDAS MARQUES;410460001A;PR;Bom Jesus;-25,438;-53,633;2025-03-07 14:20:00.0;0,00
CAPITÃO LEÔNIDAS MARQUES;410460001A;PR;Bom Jesus;-25,438;-53,633;2025-03-07 15:20:00.0;0,00
CAPITÃO LEÔNIDAS MARQUES;410460001A;PR;Bom Jesus;-25,438;-53,633;2025-03-07 16:20:00.0;0,00
CAPITÃO LEÔNIDAS MARQUES;410460001A;PR;Bom Jesus;-25,438;-53,633;2025-03-07 17:20:00.0;0,00
CAPITÃO LEÔNIDAS MARQUES;410460001A;PR;Bom Jesus;-25,438;-53,633;2025-03-07 18:20:00.0;0,00
CAPITÃO LEÔNIDAS MARQUES;410460001A;PR;Bom Jesus;-25,438;-53,633;2025-03-07 19:20:00.0;0,00
CAPITÃO LEÔNIDAS MARQUES;410460001A;PR;Bom Jesus;-25,438;-53,633;2025-03-07 20:20:00.0;0,00
CAPITÃO LEÔNIDAS MARQUES;410460001A;PR;Bom Jesus;-25,438;-53,633;2025-03-07 21:20:00.0;0,00
CAPITÃO LEÔNIDAS MARQUES;410460001A;PR;Bom Jesus;-25,438;-53,633;2025-03-07 22:20:00.0;0,00
CAPITÃO LEÔNIDAS MARQUES;410460001A;PR;Bom Jesus;-25,438;-53,633;2025-03-07 23:20:00.0;0,00
CAPITÃO LEÔNIDAS MARQUES;410460001A;PR;Bom Jesus;-25,438;-53,633;2025-03-08 00:20:00.0;0,00
CAPITÃO LEÔNIDAS MARQUES;410460001A;PR;Bom Jesus;-25,438;-53,633;2025-03-08 01:20:00.0;0,00
CAPITÃO LEÔNIDAS MARQUES;410460001A;PR;Bom Jesus;-25,438;-53,633;2025-03-08 02:20:00.0;0,00
CAPITÃO LEÔNIDAS MARQUES;410460001A;PR;Bom Jesus;-25,438;-53,633;2025-03-08 03:20:00.0;0,00
CAPITÃO LEÔNIDAS MARQUES;410460001A;PR;Bom Jesus;-25,438;-53,633;2025-03-08 04:20:00.0;0,00
CAPITÃO LEÔNIDAS MARQUES;410460001A;PR;Bom Jesus;-25,438;-53,633;2025-03-08 05:20:00.0;0,00
CAPITÃO LEÔNIDAS MARQUES;410460001A;PR;Bom Jesus;-25,438;-53,633;2025-03-08 06:20:00.0;0,00
CAPITÃO LEÔNIDAS MARQUES;410460001A;PR;Bom Jesus;-25,438;-53,633;2025-03-08 07:20:00.0;0,00
CAPITÃO LEÔNIDAS MARQUES;410460001A;PR;Bom Jesus;-25,438;-53,633;2025-03-08 08:20:00.0;0,00
CAPITÃO LEÔNIDAS MARQUES;410460001A;PR;Bom Jesus;-25,438;-53,633;2025-03-08 09:20:00.0;0,00
CAPITÃO LEÔNIDAS MARQUES;410460001A;PR;Bom Jesus;-25,438;-53,633;2025-03-08 10:20:00.0;0,00
CAPITÃO LEÔNIDAS MARQUES;410460001A;PR;Bom Jesus;-25,438;-53,633;2025-03-08 11:20:00.0;0,00
CAPITÃO LEÔNIDAS MARQUES;410460001A;PR;Bom Jesus;-25,438;-53,633;2025-03-08 12:20:00.0;0,00
CAPITÃO LEÔNIDAS MARQUES;410460001A;PR;Bom Jesus;-25,438;-53,633;2025-03-08 13:20:00.0;0,00
CAPITÃO LEÔNIDAS MARQUES;410460001A;PR;Bom Jesus;-25,438;-53,633;2025-03-08 14:20:00.0;0,00
CAPITÃO LEÔNIDAS MARQUES;410460001A;PR;Bom Jesus;-25,438;-53,633;2025-03-08 15:20:00.0;0,00
CAPITÃO LEÔNIDAS MARQUES;410460001A;PR;Bom Jesus;-25,438;-53,633;2025-03-08 16:20:00.0;0,00
CAPITÃO LEÔNIDAS MARQUES;410460001A;PR;Bom Jesus;-25,438;-53,633;2025-03-08 17:20:00.0;0,00
CAPITÃO LEÔNIDAS MARQUES;410460001A;PR;Bom Jesus;-25,438;-53,633;2025-03-08 18:20:00.0;0,00
CAPITÃO LEÔNIDAS MARQUES;410460001A;PR;Bom Jesus;-25,438;-53,633;2025-03-08 19:20:00.0;0,00
CAPITÃO LEÔNIDAS MARQUES;410460001A;PR;Bom Jesus;-25,438;-53,633;2025-03-08 20:20:00.0;0,00
CAPITÃO LEÔNIDAS MARQUES;410460001A;PR;Bom Jesus;-25,438;-53,633;2025-03-08 21:20:00.0;0,00
CAPITÃO LEÔNIDAS MARQUES;410460001A;PR;Bom Jesus;-25,438;-53,633;2025-03-08 22:20:00.0;0,00
CAPITÃO LEÔNIDAS MARQUES;410460001A;PR;Bom Jesus;-25,438;-53,633;2025-03-08 23:20:00.0;0,00
CAPITÃO LEÔNIDAS MARQUES;410460001A;PR;Bom Jesus;-25,438;-53,633;2025-03-09 00:20:00.0;0,00
CAPITÃO LEÔNIDAS MARQUES;410460001A;PR;Bom Jesus;-25,438;-53,633;2025-03-09 01:20:00.0;0,00
CAPITÃO LEÔNIDAS MARQUES;410460001A;PR;Bom Jesus;-25,438;-53,633;2025-03-09 02:20:00.0;0,00
CAPITÃO LEÔNIDAS MARQUES;410460001A;PR;Bom Jesus;-25,438;-53,633;2025-03-09 03:20:00.0;0,00
CAPITÃO LEÔNIDAS MARQUES;410460001A;PR;Bom Jesus;-25,438;-53,633;2025-03-09 04:20:00.0;0,00
CAPITÃO LEÔNIDAS MARQUES;410460001A;PR;Bom Jesus;-25,438;-53,633;2025-03-09 05:20:00.0;0,00
CAPITÃO LEÔNIDAS MARQUES;410460001A;PR;Bom Jesus;-25,438;-53,633;2025-03-09 06:20:00.0;0,00
CAPITÃO LEÔNIDAS MARQUES;410460001A;PR;Bom Jesus;-25,438;-53,633;2025-03-09 07:20:00.0;0,00
CAPITÃO LEÔNIDAS MARQUES;410460001A;PR;Bom Jesus;-25,438;-53,633;2025-03-09 08:20:00.0;0,00
CAPITÃO LEÔNIDAS MARQUES;410460001A;PR;Bom Jesus;-25,438;-53,633;2025-03-09 09:20:00.0;0,00
CAPITÃO LEÔNIDAS MARQUES;410460001A;PR;Bom Jesus;-25,438;-53,633;2025-03-09 10:20:00.0;0,00
CAPITÃO LEÔNIDAS MARQUES;410460001A;PR;Bom Jesus;-25,438;-53,633;2025-03-09 11:20:00.0;0,00
CAPITÃO LEÔNIDAS MARQUES;410460001A;PR;Bom Jesus;-25,438;-53,633;2025-03-09 12:20:00.0;0,00
CAPITÃO LEÔNIDAS MARQUES;410460001A;PR;Bom Jesus;-25,438;-53,633;2025-03-09 13:20:00.0;0,00
CAPITÃO LEÔNIDAS MARQUES;410460001A;PR;Bom Jesus;-25,438;-53,633;2025-03-09 14:20:00.0;0,00
CAPITÃO LEÔNIDAS MARQUES;410460001A;PR;Bom Jesus;-25,438;-53,633;2025-03-09 15:20:00.0;0,00
CAPITÃO LEÔNIDAS MARQUES;410460001A;PR;Bom Jesus;-25,438;-53,633;2025-03-09 16:20:00.0;0,00
CAPITÃO LEÔNIDAS MARQUES;410460001A;PR;Bom Jesus;-25,438;-53,633;2025-03-09 17:20:00.0;0,00
CAPITÃO LEÔNIDAS MARQUES;410460001A;PR;Bom Jesus;-25,438;-53,633;2025-03-09 18:20:00.0;0,00
CAPITÃO LEÔNIDAS MARQUES;410460001A;PR;Bom Jesus;-25,438;-53,633;2025-03-09 19:20:00.0;0,00
CAPITÃO LEÔNIDAS MARQUES;410460001A;PR;Bom Jesus;-25,438;-53,633;2025-03-09 20:20:00.0;0,00
CAPITÃO LEÔNIDAS MARQUES;410460001A;PR;Bom Jesus;-25,438;-53,633;2025-03-09 21:20:00.0;0,00
CAPITÃO LEÔNIDAS MARQUES;410460001A;PR;Bom Jesus;-25,438;-53,633;2025-03-09 22:20:00.0;0,00
CAPITÃO LEÔNIDAS MARQUES;410460001A;PR;Bom Jesus;-25,438;-53,633;2025-03-09 23:20:00.0;0,00
CAPITÃO LEÔNIDAS MARQUES;410460001A;PR;Bom Jesus;-25,438;-53,633;2025-03-10 00:20:00.0;0,00
CAPITÃO LEÔNIDAS MARQUES;410460001A;PR;Bom Jesus;-25,438;-53,633;2025-03-10 01:20:00.0;0,00
CAPITÃO LEÔNIDAS MARQUES;410460001A;PR;Bom Jesus;-25,438;-53,633;2025-03-10 02:20:00.0;0,00
CAPITÃO LEÔNIDAS MARQUES;410460001A;PR;Bom Jesus;-25,438;-53,633;2025-03-10 03:20:00.0;0,00
CAPITÃO LEÔNIDAS MARQUES;410460001A;PR;Bom Jesus;-25,438;-53,633;2025-03-10 04:20:00.0;0,00
CAPITÃO LEÔNIDAS MARQUES;410460001A;PR;Bom Jesus;-25,438;-53,633;2025-03-10 05:20:00.0;0,00
CAPITÃO LEÔNIDAS MARQUES;410460001A;PR;Bom Jesus;-25,438;-53,633;2025-03-10 06:20:00.0;0,00
CAPITÃO LEÔNIDAS MARQUES;410460001A;PR;Bom Jesus;-25,438;-53,633;2025-03-10 07:20:00.0;0,00
CAPITÃO LEÔNIDAS MARQUES;410460001A;PR;Bom Jesus;-25,438;-53,633;2025-03-10 08:20:00.0;0,00
CAPITÃO LEÔNIDAS MARQUES;410460001A;PR;Bom Jesus;-25,438;-53,633;2025-03-10 09:20:00.0;0,00
CAPITÃO LEÔNIDAS MARQUES;410460001A;PR;Bom Jesus;-25,438;-53,633;2025-03-10 10:20:00.0;0,00
CAPITÃO LEÔNIDAS MARQUES;410460001A;PR;Bom Jesus;-25,438;-53,633;2025-03-10 11:20:00.0;0,00
CAPITÃO LEÔNIDAS MARQUES;410460001A;PR;Bom Jesus;-25,438;-53,633;2025-03-10 12:20:00.0;0,00
CAPITÃO LEÔNIDAS MARQUES;410460001A;PR;Bom Jesus;-25,438;-53,633;2025-03-10 13:20:00.0;0,00
CAPITÃO LEÔNIDAS MARQUES;410460001A;PR;Bom Jesus;-25,438;-53,633;2025-03-10 14:20:00.0;0,00
CAPITÃO LEÔNIDAS MARQUES;410460001A;PR;Bom Jesus;-25,438;-53,633;2025-03-10 15:20:00.0;0,00
CAPITÃO LEÔNIDAS MARQUES;410460001A;PR;Bom Jesus;-25,438;-53,633;2025-03-10 16:20:00.0;0,00
CAPITÃO LEÔNIDAS MARQUES;410460001A;PR;Bom Jesus;-25,438;-53,633;2025-03-10 17:20:00.0;0,00
CAPITÃO LEÔNIDAS MARQUES;410460001A;PR;Bom Jesus;-25,438;-53,633;2025-03-10 18:20:00.0;0,00
CAPITÃO LEÔNIDAS MARQUES;410460001A;PR;Bom Jesus;-25,438;-53,633;2025-03-10 19:20:00.0;0,00
CAPITÃO LEÔNIDAS MARQUES;410460001A;PR;Bom Jesus;-25,438;-53,633;2025-03-10 20:20:00.0;0,00
CAPITÃO LEÔNIDAS MARQUES;410460001A;PR;Bom Jesus;-25,438;-53,633;2025-03-10 21:20:00.0;0,00
CAPITÃO LEÔNIDAS MARQUES;410460001A;PR;Bom Jesus;-25,438;-53,633;2025-03-10 22:20:00.0;0,00
CAPITÃO LEÔNIDAS MARQUES;410460001A;PR;Bom Jesus;-25,438;-53,633;2025-03-10 23:20:00.0;0,00
CAPITÃO LEÔNIDAS MARQUES;410460001A;PR;Bom Jesus;-25,438;-53,633;2025-03-11 00:20:00.0;0,00
CAPITÃO LEÔNIDAS MARQUES;410460001A;PR;Bom Jesus;-25,438;-53,633;2025-03-11 01:20:00.0;0,00
CAPITÃO LEÔNIDAS MARQUES;410460001A;PR;Bom Jesus;-25,438;-53,633;2025-03-11 02:20:00.0;0,00
CAPITÃO LEÔNIDAS MARQUES;410460001A;PR;Bom Jesus;-25,438;-53,633;2025-03-11 03:20:00.0;0,00
CAPITÃO LEÔNIDAS MARQUES;410460001A;PR;Bom Jesus;-25,438;-53,633;2025-03-11 04:20:00.0;0,00
CAPITÃO LEÔNIDAS MARQUES;410460001A;PR;Bom Jesus;-25,438;-53,633;2025-03-11 05:20:00.0;0,00
CAPITÃO LEÔNIDAS MARQUES;410460001A;PR;Bom Jesus;-25,438;-53,633;2025-03-11 06:20:00.0;0,00
CAPITÃO LEÔNIDAS MARQUES;410460001A;PR;Bom Jesus;-25,438;-53,633;2025-03-11 07:20:00.0;0,00
CAPITÃO LEÔNIDAS MARQUES;410460001A;PR;Bom Jesus;-25,438;-53,633;2025-03-11 08:20:00.0;0,00
CAPITÃO LEÔNIDAS MARQUES;410460001A;PR;Bom Jesus;-25,438;-53,633;2025-03-11 09:20:00.0;0,00
CAPITÃO LEÔNIDAS MARQUES;410460001A;PR;Bom Jesus;-25,438;-53,633;2025-03-11 10:20:00.0;0,00
CAPITÃO LEÔNIDAS MARQUES;410460001A;PR;Bom Jesus;-25,438;-53,633;2025-03-11 11:20:00.0;0,00
CAPITÃO LEÔNIDAS MARQUES;410460001A;PR;Bom Jesus;-25,438;-53,633;2025-03-11 12:20:00.0;0,00
CAPITÃO LEÔNIDAS MARQUES;410460001A;PR;Bom Jesus;-25,438;-53,633;2025-03-11 13:20:00.0;0,00
CAPITÃO LEÔNIDAS MARQUES;410460001A;PR;Bom Jesus;-25,438;-53,633;2025-03-11 14:20:00.0;0,00
CAPITÃO LEÔNIDAS MARQUES;410460001A;PR;Bom Jesus;-25,438;-53,633;2025-03-11 15:00:00.0;0,59
CAPITÃO LEÔNIDAS MARQUES;410460001A;PR;Bom Jesus;-25,438;-53,633;2025-03-11 15:10:00.0;0,79
CAPITÃO LEÔNIDAS MARQUES;410460001A;PR;Bom Jesus;-25,438;-53,633;2025-03-11 15:20:00.0;0,20
CAPITÃO LEÔNIDAS MARQUES;410460001A;PR;Bom Jesus;-25,438;-53,633;2025-03-11 15:50:00.0;0,20
CAPITÃO LEÔNIDAS MARQUES;410460001A;PR;Bom Jesus;-25,438;-53,633;2025-03-11 16:20:00.0;0,00
CAPITÃO LEÔNIDAS MARQUES;410460001A;PR;Bom Jesus;-25,438;-53,633;2025-03-11 17:10:00.0;0,20
CAPITÃO LEÔNIDAS MARQUES;410460001A;PR;Bom Jesus;-25,438;-53,633;2025-03-11 17:20:00.0;0,00
CAPITÃO LEÔNIDAS MARQUES;410460001A;PR;Bom Jesus;-25,438;-53,633;2025-03-11 17:30:00.0;0,39
CAPITÃO LEÔNIDAS MARQUES;410460001A;PR;Bom Jesus;-25,438;-53,633;2025-03-11 17:50:00.0;0,39
CAPITÃO LEÔNIDAS MARQUES;410460001A;PR;Bom Jesus;-25,438;-53,633;2025-03-11 18:00:00.0;0,59
CAPITÃO LEÔNIDAS MARQUES;410460001A;PR;Bom Jesus;-25,438;-53,633;2025-03-11 18:10:00.0;0,79
CAPITÃO LEÔNIDAS MARQUES;410460001A;PR;Bom Jesus;-25,438;-53,633;2025-03-11 18:20:00.0;0,98
CAPITÃO LEÔNIDAS MARQUES;410460001A;PR;Bom Jesus;-25,438;-53,633;2025-03-11 18:30:00.0;0,59
CAPITÃO LEÔNIDAS MARQUES;410460001A;PR;Bom Jesus;-25,438;-53,633;2025-03-11 18:40:00.0;0,20
CAPITÃO LEÔNIDAS MARQUES;410460001A;PR;Bom Jesus;-25,438;-53,633;2025-03-11 18:50:00.0;0,79
CAPITÃO LEÔNIDAS MARQUES;410460001A;PR;Bom Jesus;-25,438;-53,633;2025-03-11 19:00:00.0;0,59
CAPITÃO LEÔNIDAS MARQUES;410460001A;PR;Bom Jesus;-25,438;-53,633;2025-03-11 19:20:00.0;0,79
CAPITÃO LEÔNIDAS MARQUES;410460001A;PR;Bom Jesus;-25,438;-53,633;2025-03-11 19:30:00.0;0,59
CAPITÃO LEÔNIDAS MARQUES;410460001A;PR;Bom Jesus;-25,438;-53,633;2025-03-11 19:40:00.0;0,39
CAPITÃO LEÔNIDAS MARQUES;410460001A;PR;Bom Jesus;-25,438;-53,633;2025-03-11 19:50:00.0;0,20
CAPITÃO LEÔNIDAS MARQUES;410460001A;PR;Bom Jesus;-25,438;-53,633;2025-03-11 20:20:00.0;0,20
CAPITÃO LEÔNIDAS MARQUES;410460001A;PR;Bom Jesus;-25,438;-53,633;2025-03-11 21:00:00.0;0,20
CAPITÃO LEÔNIDAS MARQUES;410460001A;PR;Bom Jesus;-25,438;-53,633;2025-03-11 21:10:00.0;0,20
CAPITÃO LEÔNIDAS MARQUES;410460001A;PR;Bom Jesus;-25,438;-53,633;2025-03-11 21:20:00.0;0,20
CAPITÃO LEÔNIDAS MARQUES;410460001A;PR;Bom Jesus;-25,438;-53,633;2025-03-11 21:40:00.0;0,20
CAPITÃO LEÔNIDAS MARQUES;410460001A;PR;Bom Jesus;-25,438;-53,633;2025-03-11 22:20:00.0;0,20
CAPITÃO LEÔNIDAS MARQUES;410460001A;PR;Bom Jesus;-25,438;-53,633;2025-03-11 22:30:00.0;0,20
CAPITÃO LEÔNIDAS MARQUES;410460001A;PR;Bom Jesus;-25,438;-53,633;2025-03-11 23:20:00.0;0,20
CAPITÃO LEÔNIDAS MARQUES;410460001A;PR;Bom Jesus;-25,438;-53,633;2025-03-12 00:20:00.0;0,00
CAPITÃO LEÔNIDAS MARQUES;410460001A;PR;Bom Jesus;-25,438;-53,633;2025-03-12 01:20:00.0;0,00
CAPITÃO LEÔNIDAS MARQUES;410460001A;PR;Bom Jesus;-25,438;-53,633;2025-03-12 02:20:00.0;0,00
CAPITÃO LEÔNIDAS MARQUES;410460001A;PR;Bom Jesus;-25,438;-53,633;2025-03-12 03:10:00.0;0,20
CAPITÃO LEÔNIDAS MARQUES;410460001A;PR;Bom Jesus;-25,438;-53,633;2025-03-12 03:20:00.0;0,00
CAPITÃO LEÔNIDAS MARQUES;410460001A;PR;Bom Jesus;-25,438;-53,633;2025-03-12 04:20:00.0;0,00
CAPITÃO LEÔNIDAS MARQUES;410460001A;PR;Bom Jesus;-25,438;-53,633;2025-03-12 05:20:00.0;0,00
CAPITÃO LEÔNIDAS MARQUES;410460001A;PR;Bom Jesus;-25,438;-53,633;2025-03-12 06:20:00.0;0,00
CAPITÃO LEÔNIDAS MARQUES;410460001A;PR;Bom Jesus;-25,438;-53,633;2025-03-12 07:20:00.0;0,00
CAPITÃO LEÔNIDAS MARQUES;410460001A;PR;Bom Jesus;-25,438;-53,633;2025-03-12 08:20:00.0;0,00
CAPITÃO LEÔNIDAS MARQUES;410460001A;PR;Bom Jesus;-25,438;-53,633;2025-03-12 09:20:00.0;0,00
CAPITÃO LEÔNIDAS MARQUES;410460001A;PR;Bom Jesus;-25,438;-53,633;2025-03-12 10:20:00.0;0,00
CAPITÃO LEÔNIDAS MARQUES;410460001A;PR;Bom Jesus;-25,438;-53,633;2025-03-12 11:20:00.0;0,00
CAPITÃO LEÔNIDAS MARQUES;410460001A;PR;Bom Jesus;-25,438;-53,633;2025-03-12 12:20:00.0;0,00
CAPITÃO LEÔNIDAS MARQUES;410460001A;PR;Bom Jesus;-25,438;-53,633;2025-03-12 13:20:00.0;0,00
CAPITÃO LEÔNIDAS MARQUES;410460001A;PR;Bom Jesus;-25,438;-53,633;2025-03-12 14:20:00.0;0,00
CAPITÃO LEÔNIDAS MARQUES;410460001A;PR;Bom Jesus;-25,438;-53,633;2025-03-12 15:20:00.0;0,00
CAPITÃO LEÔNIDAS MARQUES;410460001A;PR;Bom Jesus;-25,438;-53,633;2025-03-12 16:20:00.0;0,00
CAPITÃO LEÔNIDAS MARQUES;410460001A;PR;Bom Jesus;-25,438;-53,633;2025-03-12 17:20:00.0;0,00
CAPITÃO LEÔNIDAS MARQUES;410460001A;PR;Bom Jesus;-25,438;-53,633;2025-03-12 18:20:00.0;0,00
CAPITÃO LEÔNIDAS MARQUES;410460001A;PR;Bom Jesus;-25,438;-53,633;2025-03-12 19:20:00.0;0,00
CAPITÃO LEÔNIDAS MARQUES;410460001A;PR;Bom Jesus;-25,438;-53,633;2025-03-12 20:20:00.0;0,00
CAPITÃO LEÔNIDAS MARQUES;410460001A;PR;Bom Jesus;-25,438;-53,633;2025-03-12 21:20:00.0;0,00
CAPITÃO LEÔNIDAS MARQUES;410460001A;PR;Bom Jesus;-25,438;-53,633;2025-03-12 22:20:00.0;0,00
CAPITÃO LEÔNIDAS MARQUES;410460001A;PR;Bom Jesus;-25,438;-53,633;2025-03-12 23:20:00.0;0,00
CAPITÃO LEÔNIDAS MARQUES;410460001A;PR;Bom Jesus;-25,438;-53,633;2025-03-13 00:20:00.0;0,00
CAPITÃO LEÔNIDAS MARQUES;410460001A;PR;Bom Jesus;-25,438;-53,633;2025-03-13 01:20:00.0;0,00
CAPITÃO LEÔNIDAS MARQUES;410460001A;PR;Bom Jesus;-25,438;-53,633;2025-03-13 02:20:00.0;0,00
CAPITÃO LEÔNIDAS MARQUES;410460001A;PR;Bom Jesus;-25,438;-53,633;2025-03-13 03:20:00.0;0,00
CAPITÃO LEÔNIDAS MARQUES;410460001A;PR;Bom Jesus;-25,438;-53,633;2025-03-13 04:20:00.0;0,00
CAPITÃO LEÔNIDAS MARQUES;410460001A;PR;Bom Jesus;-25,438;-53,633;2025-03-13 05:20:00.0;0,00
CAPITÃO LEÔNIDAS MARQUES;410460001A;PR;Bom Jesus;-25,438;-53,633;2025-03-13 06:20:00.0;0,00
CAPITÃO LEÔNIDAS MARQUES;410460001A;PR;Bom Jesus;-25,438;-53,633;2025-03-13 07:20:00.0;0,00
CAPITÃO LEÔNIDAS MARQUES;410460001A;PR;Bom Jesus;-25,438;-53,633;2025-03-13 08:20:00.0;0,00
CAPITÃO LEÔNIDAS MARQUES;410460001A;PR;Bom Jesus;-25,438;-53,633;2025-03-13 09:20:00.0;0,00
CAPITÃO LEÔNIDAS MARQUES;410460001A;PR;Bom Jesus;-25,438;-53,633;2025-03-13 10:20:00.0;0,00
CAPITÃO LEÔNIDAS MARQUES;410460001A;PR;Bom Jesus;-25,438;-53,633;2025-03-13 11:20:00.0;0,00
CAPITÃO LEÔNIDAS MARQUES;410460001A;PR;Bom Jesus;-25,438;-53,633;2025-03-13 12:20:00.0;0,00
CAPITÃO LEÔNIDAS MARQUES;410460001A;PR;Bom Jesus;-25,438;-53,633;2025-03-13 13:20:00.0;0,00
CAPITÃO LEÔNIDAS MARQUES;410460001A;PR;Bom Jesus;-25,438;-53,633;2025-03-13 14:20:00.0;0,00
CAPITÃO LEÔNIDAS MARQUES;410460001A;PR;Bom Jesus;-25,438;-53,633;2025-03-13 15:20:00.0;0,00
CAPITÃO LEÔNIDAS MARQUES;410460001A;PR;Bom Jesus;-25,438;-53,633;2025-03-13 16:20:00.0;0,00
CAPITÃO LEÔNIDAS MARQUES;410460001A;PR;Bom Jesus;-25,438;-53,633;2025-03-13 17:20:00.0;0,00
CAPITÃO LEÔNIDAS MARQUES;410460001A;PR;Bom Jesus;-25,438;-53,633;2025-03-13 18:20:00.0;0,00
CAPITÃO LEÔNIDAS MARQUES;410460001A;PR;Bom Jesus;-25,438;-53,633;2025-03-13 19:20:00.0;0,00
CAPITÃO LEÔNIDAS MARQUES;410460001A;PR;Bom Jesus;-25,438;-53,633;2025-03-13 20:20:00.0;0,00
CAPITÃO LEÔNIDAS MARQUES;410460001A;PR;Bom Jesus;-25,438;-53,633;2025-03-13 21:20:00.0;0,00
CAPITÃO LEÔNIDAS MARQUES;410460001A;PR;Bom Jesus;-25,438;-53,633;2025-03-13 22:20:00.0;0,00
CAPITÃO LEÔNIDAS MARQUES;410460001A;PR;Bom Jesus;-25,438;-53,633;2025-03-13 23:20:00.0;0,00
CAPITÃO LEÔNIDAS MARQUES;410460001A;PR;Bom Jesus;-25,438;-53,633;2025-03-14 00:20:00.0;0,00
CAPITÃO LEÔNIDAS MARQUES;410460001A;PR;Bom Jesus;-25,438;-53,633;2025-03-14 01:20:00.0;0,00
CAPITÃO LEÔNIDAS MARQUES;410460001A;PR;Bom Jesus;-25,438;-53,633;2025-03-14 02:20:00.0;0,00
CAPITÃO LEÔNIDAS MARQUES;410460001A;PR;Bom Jesus;-25,438;-53,633;2025-03-14 03:20:00.0;0,00
CAPITÃO LEÔNIDAS MARQUES;410460001A;PR;Bom Jesus;-25,438;-53,633;2025-03-14 04:20:00.0;0,00
CAPITÃO LEÔNIDAS MARQUES;410460001A;PR;Bom Jesus;-25,438;-53,633;2025-03-14 05:20:00.0;0,00
CAPITÃO LEÔNIDAS MARQUES;410460001A;PR;Bom Jesus;-25,438;-53,633;2025-03-14 06:20:00.0;0,00
CAPITÃO LEÔNIDAS MARQUES;410460001A;PR;Bom Jesus;-25,438;-53,633;2025-03-14 07:20:00.0;0,00
CAPITÃO LEÔNIDAS MARQUES;410460001A;PR;Bom Jesus;-25,438;-53,633;2025-03-14 08:20:00.0;0,00
CAPITÃO LEÔNIDAS MARQUES;410460001A;PR;Bom Jesus;-25,438;-53,633;2025-03-14 09:20:00.0;0,00
CAPITÃO LEÔNIDAS MARQUES;410460001A;PR;Bom Jesus;-25,438;-53,633;2025-03-14 10:20:00.0;0,00
CAPITÃO LEÔNIDAS MARQUES;410460001A;PR;Bom Jesus;-25,438;-53,633;2025-03-14 11:20:00.0;0,00
CAPITÃO LEÔNIDAS MARQUES;410460001A;PR;Bom Jesus;-25,438;-53,633;2025-03-14 12:20:00.0;0,00
CAPITÃO LEÔNIDAS MARQUES;410460001A;PR;Bom Jesus;-25,438;-53,633;2025-03-14 13:20:00.0;0,00
CAPITÃO LEÔNIDAS MARQUES;410460001A;PR;Bom Jesus;-25,438;-53,633;2025-03-14 14:20:00.0;0,00
CAPITÃO LEÔNIDAS MARQUES;410460001A;PR;Bom Jesus;-25,438;-53,633;2025-03-14 15:20:00.0;0,00
CAPITÃO LEÔNIDAS MARQUES;410460001A;PR;Bom Jesus;-25,438;-53,633;2025-03-14 16:20:00.0;0,00
CAPITÃO LEÔNIDAS MARQUES;410460001A;PR;Bom Jesus;-25,438;-53,633;2025-03-14 17:20:00.0;0,00
CAPITÃO LEÔNIDAS MARQUES;410460001A;PR;Bom Jesus;-25,438;-53,633;2025-03-14 18:20:00.0;0,00
CAPITÃO LEÔNIDAS MARQUES;410460001A;PR;Bom Jesus;-25,438;-53,633;2025-03-14 19:20:00.0;0,00
CAPITÃO LEÔNIDAS MARQUES;410460001A;PR;Bom Jesus;-25,438;-53,633;2025-03-14 20:20:00.0;0,00
CAPITÃO LEÔNIDAS MARQUES;410460001A;PR;Bom Jesus;-25,438;-53,633;2025-03-14 21:20:00.0;0,00
CAPITÃO LEÔNIDAS MARQUES;410460001A;PR;Bom Jesus;-25,438;-53,633;2025-03-14 22:20:00.0;0,00
CAPITÃO LEÔNIDAS MARQUES;410460001A;PR;Bom Jesus;-25,438;-53,633;2025-03-14 23:20:00.0;0,00
CAPITÃO LEÔNIDAS MARQUES;410460001A;PR;Bom Jesus;-25,438;-53,633;2025-03-15 00:20:00.0;0,00
CAPITÃO LEÔNIDAS MARQUES;410460001A;PR;Bom Jesus;-25,438;-53,633;2025-03-15 01:20:00.0;0,00
CAPITÃO LEÔNIDAS MARQUES;410460001A;PR;Bom Jesus;-25,438;-53,633;2025-03-15 02:20:00.0;0,00
CAPITÃO LEÔNIDAS MARQUES;410460001A;PR;Bom Jesus;-25,438;-53,633;2025-03-15 03:20:00.0;0,00
CAPITÃO LEÔNIDAS MARQUES;410460001A;PR;Bom Jesus;-25,438;-53,633;2025-03-15 04:20:00.0;0,00
CAPITÃO LEÔNIDAS MARQUES;410460001A;PR;Bom Jesus;-25,438;-53,633;2025-03-15 05:20:00.0;0,00
CAPITÃO LEÔNIDAS MARQUES;410460001A;PR;Bom Jesus;-25,438;-53,633;2025-03-15 06:20:00.0;0,00
CAPITÃO LEÔNIDAS MARQUES;410460001A;PR;Bom Jesus;-25,438;-53,633;2025-03-15 07:20:00.0;0,00
CAPITÃO LEÔNIDAS MARQUES;410460001A;PR;Bom Jesus;-25,438;-53,633;2025-03-15 08:20:00.0;0,00
CAPITÃO LEÔNIDAS MARQUES;410460001A;PR;Bom Jesus;-25,438;-53,633;2025-03-15 09:20:00.0;0,00
CAPITÃO LEÔNIDAS MARQUES;410460001A;PR;Bom Jesus;-25,438;-53,633;2025-03-15 10:20:00.0;0,00
CAPITÃO LEÔNIDAS MARQUES;410460001A;PR;Bom Jesus;-25,438;-53,633;2025-03-15 11:20:00.0;0,00
CAPITÃO LEÔNIDAS MARQUES;410460001A;PR;Bom Jesus;-25,438;-53,633;2025-03-15 12:20:00.0;0,00
CAPITÃO LEÔNIDAS MARQUES;410460001A;PR;Bom Jesus;-25,438;-53,633;2025-03-15 13:20:00.0;0,00
CAPITÃO LEÔNIDAS MARQUES;410460001A;PR;Bom Jesus;-25,438;-53,633;2025-03-15 14:20:00.0;0,00
CAPITÃO LEÔNIDAS MARQUES;410460001A;PR;Bom Jesus;-25,438;-53,633;2025-03-15 14:50:00.0;0,39
CAPITÃO LEÔNIDAS MARQUES;410460001A;PR;Bom Jesus;-25,438;-53,633;2025-03-15 15:20:00.0;0,00
CAPITÃO LEÔNIDAS MARQUES;410460001A;PR;Bom Jesus;-25,438;-53,633;2025-03-15 16:00:00.0;0,20
CAPITÃO LEÔNIDAS MARQUES;410460001A;PR;Bom Jesus;-25,438;-53,633;2025-03-15 16:10:00.0;0,20
CAPITÃO LEÔNIDAS MARQUES;410460001A;PR;Bom Jesus;-25,438;-53,633;2025-03-15 16:20:00.0;0,00
CAPITÃO LEÔNIDAS MARQUES;410460001A;PR;Bom Jesus;-25,438;-53,633;2025-03-15 17:10:00.0;0,39
CAPITÃO LEÔNIDAS MARQUES;410460001A;PR;Bom Jesus;-25,438;-53,633;2025-03-15 17:20:00.0;0,00
CAPITÃO LEÔNIDAS MARQUES;410460001A;PR;Bom Jesus;-25,438;-53,633;2025-03-15 17:50:00.0;0,20
CAPITÃO LEÔNIDAS MARQUES;410460001A;PR;Bom Jesus;-25,438;-53,633;2025-03-15 18:20:00.0;0,00
CAPITÃO LEÔNIDAS MARQUES;410460001A;PR;Bom Jesus;-25,438;-53,633;2025-03-15 19:20:00.0;0,00
CAPITÃO LEÔNIDAS MARQUES;410460001A;PR;Bom Jesus;-25,438;-53,633;2025-03-15 20:20:00.0;0,00
CAPITÃO LEÔNIDAS MARQUES;410460001A;PR;Bom Jesus;-25,438;-53,633;2025-03-15 21:20:00.0;0,00
CAPITÃO LEÔNIDAS MARQUES;410460001A;PR;Bom Jesus;-25,438;-53,633;2025-03-15 22:20:00.0;0,00
CAPITÃO LEÔNIDAS MARQUES;410460001A;PR;Bom Jesus;-25,438;-53,633;2025-03-15 23:20:00.0;0,00
CAPITÃO LEÔNIDAS MARQUES;410460001A;PR;Bom Jesus;-25,438;-53,633;2025-03-16 00:20:00.0;0,00
CAPITÃO LEÔNIDAS MARQUES;410460001A;PR;Bom Jesus;-25,438;-53,633;2025-03-16 01:20:00.0;0,00
CAPITÃO LEÔNIDAS MARQUES;410460001A;PR;Bom Jesus;-25,438;-53,633;2025-03-16 02:20:00.0;0,00
CAPITÃO LEÔNIDAS MARQUES;410460001A;PR;Bom Jesus;-25,438;-53,633;2025-03-16 03:20:00.0;0,00
CAPITÃO LEÔNIDAS MARQUES;410460001A;PR;Bom Jesus;-25,438;-53,633;2025-03-16 04:20:00.0;0,00
CAPITÃO LEÔNIDAS MARQUES;410460001A;PR;Bom Jesus;-25,438;-53,633;2025-03-16 05:20:00.0;0,00
CAPITÃO LEÔNIDAS MARQUES;410460001A;PR;Bom Jesus;-25,438;-53,633;2025-03-16 06:20:00.0;0,00
CAPITÃO LEÔNIDAS MARQUES;410460001A;PR;Bom Jesus;-25,438;-53,633;2025-03-16 07:20:00.0;0,00
CAPITÃO LEÔNIDAS MARQUES;410460001A;PR;Bom Jesus;-25,438;-53,633;2025-03-16 08:20:00.0;0,00
CAPITÃO LEÔNIDAS MARQUES;410460001A;PR;Bom Jesus;-25,438;-53,633;2025-03-16 09:20:00.0;0,00
CAPITÃO LEÔNIDAS MARQUES;410460001A;PR;Bom Jesus;-25,438;-53,633;2025-03-16 10:20:00.0;0,00
CAPITÃO LEÔNIDAS MARQUES;410460001A;PR;Bom Jesus;-25,438;-53,633;2025-03-16 11:20:00.0;0,00
CAPITÃO LEÔNIDAS MARQUES;410460001A;PR;Bom Jesus;-25,438;-53,633;2025-03-16 12:20:00.0;0,00
CAPITÃO LEÔNIDAS MARQUES;410460001A;PR;Bom Jesus;-25,438;-53,633;2025-03-16 13:20:00.0;0,00
CAPITÃO LEÔNIDAS MARQUES;410460001A;PR;Bom Jesus;-25,438;-53,633;2025-03-16 14:20:00.0;0,00
CAPITÃO LEÔNIDAS MARQUES;410460001A;PR;Bom Jesus;-25,438;-53,633;2025-03-16 15:20:00.0;0,00
CAPITÃO LEÔNIDAS MARQUES;410460001A;PR;Bom Jesus;-25,438;-53,633;2025-03-16 16:20:00.0;0,00
CAPITÃO LEÔNIDAS MARQUES;410460001A;PR;Bom Jesus;-25,438;-53,633;2025-03-16 17:20:00.0;0,00
CAPITÃO LEÔNIDAS MARQUES;410460001A;PR;Bom Jesus;-25,438;-53,633;2025-03-16 18:20:00.0;0,00
CAPITÃO LEÔNIDAS MARQUES;410460001A;PR;Bom Jesus;-25,438;-53,633;2025-03-16 19:20:00.0;0,00
CAPITÃO LEÔNIDAS MARQUES;410460001A;PR;Bom Jesus;-25,438;-53,633;2025-03-16 20:20:00.0;0,00
CAPITÃO LEÔNIDAS MARQUES;410460001A;PR;Bom Jesus;-25,438;-53,633;2025-03-16 21:20:00.0;0,00
CAPITÃO LEÔNIDAS MARQUES;410460001A;PR;Bom Jesus;-25,438;-53,633;2025-03-16 22:20:00.0;0,00
CAPITÃO LEÔNIDAS MARQUES;410460001A;PR;Bom Jesus;-25,438;-53,633;2025-03-16 23:20:00.0;0,00
CAPITÃO LEÔNIDAS MARQUES;410460001A;PR;Bom Jesus;-25,438;-53,633;2025-03-17 00:20:00.0;0,00
CAPITÃO LEÔNIDAS MARQUES;410460001A;PR;Bom Jesus;-25,438;-53,633;2025-03-17 01:20:00.0;0,00
CAPITÃO LEÔNIDAS MARQUES;410460001A;PR;Bom Jesus;-25,438;-53,633;2025-03-17 02:20:00.0;0,00
CAPITÃO LEÔNIDAS MARQUES;410460001A;PR;Bom Jesus;-25,438;-53,633;2025-03-17 03:20:00.0;0,00
CAPITÃO LEÔNIDAS MARQUES;410460001A;PR;Bom Jesus;-25,438;-53,633;2025-03-17 04:20:00.0;0,00
CAPITÃO LEÔNIDAS MARQUES;410460001A;PR;Bom Jesus;-25,438;-53,633;2025-03-17 05:20:00.0;0,00
CAPITÃO LEÔNIDAS MARQUES;410460001A;PR;Bom Jesus;-25,438;-53,633;2025-03-17 06:20:00.0;0,00
CAPITÃO LEÔNIDAS MARQUES;410460001A;PR;Bom Jesus;-25,438;-53,633;2025-03-17 07:20:00.0;0,00
CAPITÃO LEÔNIDAS MARQUES;410460001A;PR;Bom Jesus;-25,438;-53,633;2025-03-17 08:20:00.0;0,00
CAPITÃO LEÔNIDAS MARQUES;410460001A;PR;Bom Jesus;-25,438;-53,633;2025-03-17 09:20:00.0;0,00
CAPITÃO LEÔNIDAS MARQUES;410460001A;PR;Bom Jesus;-25,438;-53,633;2025-03-17 10:20:00.0;0,00
CAPITÃO LEÔNIDAS MARQUES;410460001A;PR;Bom Jesus;-25,438;-53,633;2025-03-17 11:20:00.0;0,00
CAPITÃO LEÔNIDAS MARQUES;410460001A;PR;Bom Jesus;-25,438;-53,633;2025-03-17 12:20:00.0;0,00
CAPITÃO LEÔNIDAS MARQUES;410460001A;PR;Bom Jesus;-25,438;-53,633;2025-03-17 13:20:00.0;0,00
CAPITÃO LEÔNIDAS MARQUES;410460001A;PR;Bom Jesus;-25,438;-53,633;2025-03-17 14:20:00.0;0,00
CAPITÃO LEÔNIDAS MARQUES;410460001A;PR;Bom Jesus;-25,438;-53,633;2025-03-17 15:20:00.0;0,00
CAPITÃO LEÔNIDAS MARQUES;410460001A;PR;Bom Jesus;-25,438;-53,633;2025-03-17 16:20:00.0;0,00
CAPITÃO LEÔNIDAS MARQUES;410460001A;PR;Bom Jesus;-25,438;-53,633;2025-03-17 17:20:00.0;0,00
CAPITÃO LEÔNIDAS MARQUES;410460001A;PR;Bom Jesus;-25,438;-53,633;2025-03-17 18:20:00.0;0,00
CAPITÃO LEÔNIDAS MARQUES;410460001A;PR;Bom Jesus;-25,438;-53,633;2025-03-17 19:20:00.0;0,00
CAPITÃO LEÔNIDAS MARQUES;410460001A;PR;Bom Jesus;-25,438;-53,633;2025-03-17 20:20:00.0;0,00
CAPITÃO LEÔNIDAS MARQUES;410460001A;PR;Bom Jesus;-25,438;-53,633;2025-03-17 21:20:00.0;0,00
CAPITÃO LEÔNIDAS MARQUES;410460001A;PR;Bom Jesus;-25,438;-53,633;2025-03-17 22:20:00.0;0,00
CAPITÃO LEÔNIDAS MARQUES;410460001A;PR;Bom Jesus;-25,438;-53,633;2025-03-17 23:20:00.0;0,00
CAPITÃO LEÔNIDAS MARQUES;410460001A;PR;Bom Jesus;-25,438;-53,633;2025-03-18 00:20:00.0;0,00
CAPITÃO LEÔNIDAS MARQUES;410460001A;PR;Bom Jesus;-25,438;-53,633;2025-03-18 01:20:00.0;0,00
CAPITÃO LEÔNIDAS MARQUES;410460001A;PR;Bom Jesus;-25,438;-53,633;2025-03-18 02:20:00.0;0,00
CAPITÃO LEÔNIDAS MARQUES;410460001A;PR;Bom Jesus;-25,438;-53,633;2025-03-18 03:20:00.0;0,00
CAPITÃO LEÔNIDAS MARQUES;410460001A;PR;Bom Jesus;-25,438;-53,633;2025-03-18 04:20:00.0;0,00
CAPITÃO LEÔNIDAS MARQUES;410460001A;PR;Bom Jesus;-25,438;-53,633;2025-03-18 05:20:00.0;0,00
CAPITÃO LEÔNIDAS MARQUES;410460001A;PR;Bom Jesus;-25,438;-53,633;2025-03-18 06:20:00.0;0,00
CAPITÃO LEÔNIDAS MARQUES;410460001A;PR;Bom Jesus;-25,438;-53,633;2025-03-18 06:50:00.0;0,39
CAPITÃO LEÔNIDAS MARQUES;410460001A;PR;Bom Jesus;-25,438;-53,633;2025-03-18 07:20:00.0;0,20
CAPITÃO LEÔNIDAS MARQUES;410460001A;PR;Bom Jesus;-25,438;-53,633;2025-03-18 08:20:00.0;0,00
CAPITÃO LEÔNIDAS MARQUES;410460001A;PR;Bom Jesus;-25,438;-53,633;2025-03-18 08:40:00.0;0,39
CAPITÃO LEÔNIDAS MARQUES;410460001A;PR;Bom Jesus;-25,438;-53,633;2025-03-18 08:50:00.0;0,59
CAPITÃO LEÔNIDAS MARQUES;410460001A;PR;Bom Jesus;-25,438;-53,633;2025-03-18 09:00:00.0;0,20
CAPITÃO LEÔNIDAS MARQUES;410460001A;PR;Bom Jesus;-25,438;-53,633;2025-03-18 09:20:00.0;0,00
CAPITÃO LEÔNIDAS MARQUES;410460001A;PR;Bom Jesus;-25,438;-53,633;2025-03-18 10:20:00.0;0,00
CAPITÃO LEÔNIDAS MARQUES;410460001A;PR;Bom Jesus;-25,438;-53,633;2025-03-18 11:20:00.0;0,00
CAPITÃO LEÔNIDAS MARQUES;410460001A;PR;Bom Jesus;-25,438;-53,633;2025-03-18 12:20:00.0;0,00
CAPITÃO LEÔNIDAS MARQUES;410460001A;PR;Bom Jesus;-25,438;-53,633;2025-03-18 13:20:00.0;0,00
CAPITÃO LEÔNIDAS MARQUES;410460001A;PR;Bom Jesus;-25,438;-53,633;2025-03-18 14:20:00.0;0,00
CAPITÃO LEÔNIDAS MARQUES;410460001A;PR;Bom Jesus;-25,438;-53,633;2025-03-18 15:20:00.0;0,00
CAPITÃO LEÔNIDAS MARQUES;410460001A;PR;Bom Jesus;-25,438;-53,633;2025-03-18 16:20:00.0;0,00
CAPITÃO LEÔNIDAS MARQUES;410460001A;PR;Bom Jesus;-25,438;-53,633;2025-03-18 17:20:00.0;0,00
CAPITÃO LEÔNIDAS MARQUES;410460001A;PR;Bom Jesus;-25,438;-53,633;2025-03-18 18:20:00.0;0,00
CAPITÃO LEÔNIDAS MARQUES;410460001A;PR;Bom Jesus;-25,438;-53,633;2025-03-18 19:20:00.0;0,00
CAPITÃO LEÔNIDAS MARQUES;410460001A;PR;Bom Jesus;-25,438;-53,633;2025-03-18 20:20:00.0;0,00
CAPITÃO LEÔNIDAS MARQUES;410460001A;PR;Bom Jesus;-25,438;-53,633;2025-03-18 21:20:00.0;0,00
CAPITÃO LEÔNIDAS MARQUES;410460001A;PR;Bom Jesus;-25,438;-53,633;2025-03-18 22:20:00.0;0,00
CAPITÃO LEÔNIDAS MARQUES;410460001A;PR;Bom Jesus;-25,438;-53,633;2025-03-18 23:20:00.0;0,00
CAPITÃO LEÔNIDAS MARQUES;410460001A;PR;Bom Jesus;-25,438;-53,633;2025-03-19 00:20:00.0;0,00
CAPITÃO LEÔNIDAS MARQUES;410460001A;PR;Bom Jesus;-25,438;-53,633;2025-03-19 01:20:00.0;0,00
CAPITÃO LEÔNIDAS MARQUES;410460001A;PR;Bom Jesus;-25,438;-53,633;2025-03-19 02:20:00.0;0,00
CAPITÃO LEÔNIDAS MARQUES;410460001A;PR;Bom Jesus;-25,438;-53,633;2025-03-19 03:20:00.0;0,00
CAPITÃO LEÔNIDAS MARQUES;410460001A;PR;Bom Jesus;-25,438;-53,633;2025-03-19 04:20:00.0;0,00
CAPITÃO LEÔNIDAS MARQUES;410460001A;PR;Bom Jesus;-25,438;-53,633;2025-03-19 05:20:00.0;0,00
CAPITÃO LEÔNIDAS MARQUES;410460001A;PR;Bom Jesus;-25,438;-53,633;2025-03-19 06:20:00.0;0,00
CAPITÃO LEÔNIDAS MARQUES;410460001A;PR;Bom Jesus;-25,438;-53,633;2025-03-19 07:20:00.0;0,00
CAPITÃO LEÔNIDAS MARQUES;410460001A;PR;Bom Jesus;-25,438;-53,633;2025-03-19 08:20:00.0;0,00
CAPITÃO LEÔNIDAS MARQUES;410460001A;PR;Bom Jesus;-25,438;-53,633;2025-03-19 09:20:00.0;0,00
CAPITÃO LEÔNIDAS MARQUES;410460001A;PR;Bom Jesus;-25,438;-53,633;2025-03-19 10:20:00.0;0,00
CAPITÃO LEÔNIDAS MARQUES;410460001A;PR;Bom Jesus;-25,438;-53,633;2025-03-19 11:20:00.0;0,00
CAPITÃO LEÔNIDAS MARQUES;410460001A;PR;Bom Jesus;-25,438;-53,633;2025-03-19 12:20:00.0;0,00
CAPITÃO LEÔNIDAS MARQUES;410460001A;PR;Bom Jesus;-25,438;-53,633;2025-03-19 13:20:00.0;0,00
CAPITÃO LEÔNIDAS MARQUES;410460001A;PR;Bom Jesus;-25,438;-53,633;2025-03-19 14:20:00.0;0,00
CAPITÃO LEÔNIDAS MARQUES;410460001A;PR;Bom Jesus;-25,438;-53,633;2025-03-19 15:20:00.0;0,00
CAPITÃO LEÔNIDAS MARQUES;410460001A;PR;Bom Jesus;-25,438;-53,633;2025-03-19 17:40:00.0;0,00
CAPITÃO LEÔNIDAS MARQUES;410460001A;PR;Bom Jesus;-25,438;-53,633;2025-03-19 18:20:00.0;0,00
CAPITÃO LEÔNIDAS MARQUES;410460001A;PR;Bom Jesus;-25,438;-53,633;2025-03-19 19:20:00.0;0,00
CAPITÃO LEÔNIDAS MARQUES;410460001A;PR;Bom Jesus;-25,438;-53,633;2025-03-19 20:20:00.0;0,00
CAPITÃO LEÔNIDAS MARQUES;410460001A;PR;Bom Jesus;-25,438;-53,633;2025-03-19 21:20:00.0;0,00
CAPITÃO LEÔNIDAS MARQUES;410460001A;PR;Bom Jesus;-25,438;-53,633;2025-03-19 22:20:00.0;0,00
CAPITÃO LEÔNIDAS MARQUES;410460001A;PR;Bom Jesus;-25,438;-53,633;2025-03-19 23:20:00.0;0,00
CAPITÃO LEÔNIDAS MARQUES;410460001A;PR;Bom Jesus;-25,438;-53,633;2025-03-20 00:20:00.0;0,00
CAPITÃO LEÔNIDAS MARQUES;410460001A;PR;Bom Jesus;-25,438;-53,633;2025-03-20 01:20:00.0;0,00
CAPITÃO LEÔNIDAS MARQUES;410460001A;PR;Bom Jesus;-25,438;-53,633;2025-03-20 02:20:00.0;0,00
CAPITÃO LEÔNIDAS MARQUES;410460001A;PR;Bom Jesus;-25,438;-53,633;2025-03-20 03:20:00.0;0,00
CAPITÃO LEÔNIDAS MARQUES;410460001A;PR;Bom Jesus;-25,438;-53,633;2025-03-20 04:20:00.0;0,00
CAPITÃO LEÔNIDAS MARQUES;410460001A;PR;Bom Jesus;-25,438;-53,633;2025-03-20 05:20:00.0;0,00
CAPITÃO LEÔNIDAS MARQUES;410460001A;PR;Bom Jesus;-25,438;-53,633;2025-03-20 06:20:00.0;0,00
CAPITÃO LEÔNIDAS MARQUES;410460001A;PR;Bom Jesus;-25,438;-53,633;2025-03-20 07:20:00.0;0,00
CAPITÃO LEÔNIDAS MARQUES;410460001A;PR;Bom Jesus;-25,438;-53,633;2025-03-20 08:20:00.0;0,00
CAPITÃO LEÔNIDAS MARQUES;410460001A;PR;Bom Jesus;-25,438;-53,633;2025-03-20 09:20:00.0;0,00
CAPITÃO LEÔNIDAS MARQUES;410460001A;PR;Bom Jesus;-25,438;-53,633;2025-03-20 10:20:00.0;0,00
CAPITÃO LEÔNIDAS MARQUES;410460001A;PR;Bom Jesus;-25,438;-53,633;2025-03-20 11:20:00.0;0,00
CAPITÃO LEÔNIDAS MARQUES;410460001A;PR;Bom Jesus;-25,438;-53,633;2025-03-20 12:20:00.0;0,00
CAPITÃO LEÔNIDAS MARQUES;410460001A;PR;Bom Jesus;-25,438;-53,633;2025-03-20 13:20:00.0;0,00
CAPITÃO LEÔNIDAS MARQUES;410460001A;PR;Bom Jesus;-25,438;-53,633;2025-03-20 14:20:00.0;0,00
CAPITÃO LEÔNIDAS MARQUES;410460001A;PR;Bom Jesus;-25,438;-53,633;2025-03-20 15:20:00.0;0,00
CAPITÃO LEÔNIDAS MARQUES;410460001A;PR;Bom Jesus;-25,438;-53,633;2025-03-20 16:20:00.0;0,00
CAPITÃO LEÔNIDAS MARQUES;410460001A;PR;Bom Jesus;-25,438;-53,633;2025-03-20 17:20:00.0;0,00
CAPITÃO LEÔNIDAS MARQUES;410460001A;PR;Bom Jesus;-25,438;-53,633;2025-03-20 18:20:00.0;0,00
CAPITÃO LEÔNIDAS MARQUES;410460001A;PR;Bom Jesus;-25,438;-53,633;2025-03-20 19:20:00.0;0,00
CAPITÃO LEÔNIDAS MARQUES;410460001A;PR;Bom Jesus;-25,438;-53,633;2025-03-20 20:20:00.0;0,00
CAPITÃO LEÔNIDAS MARQUES;410460001A;PR;Bom Jesus;-25,438;-53,633;2025-03-20 21:20:00.0;0,00
CAPITÃO LEÔNIDAS MARQUES;410460001A;PR;Bom Jesus;-25,438;-53,633;2025-03-20 22:20:00.0;0,00
CAPITÃO LEÔNIDAS MARQUES;410460001A;PR;Bom Jesus;-25,438;-53,633;2025-03-20 23:20:00.0;0,00
CAPITÃO LEÔNIDAS MARQUES;410460001A;PR;Bom Jesus;-25,438;-53,633;2025-03-21 00:20:00.0;0,00
CAPITÃO LEÔNIDAS MARQUES;410460001A;PR;Bom Jesus;-25,438;-53,633;2025-03-21 01:20:00.0;0,00
CAPITÃO LEÔNIDAS MARQUES;410460001A;PR;Bom Jesus;-25,438;-53,633;2025-03-21 02:20:00.0;0,00
CAPITÃO LEÔNIDAS MARQUES;410460001A;PR;Bom Jesus;-25,438;-53,633;2025-03-21 03:20:00.0;0,00
CAPITÃO LEÔNIDAS MARQUES;410460001A;PR;Bom Jesus;-25,438;-53,633;2025-03-21 04:20:00.0;0,00
CAPITÃO LEÔNIDAS MARQUES;410460001A;PR;Bom Jesus;-25,438;-53,633;2025-03-21 05:20:00.0;0,00
CAPITÃO LEÔNIDAS MARQUES;410460001A;PR;Bom Jesus;-25,438;-53,633;2025-03-21 06:20:00.0;0,00
CAPITÃO LEÔNIDAS MARQUES;410460001A;PR;Bom Jesus;-25,438;-53,633;2025-03-21 07:20:00.0;0,00
CAPITÃO LEÔNIDAS MARQUES;410460001A;PR;Bom Jesus;-25,438;-53,633;2025-03-21 08:20:00.0;0,00
CAPITÃO LEÔNIDAS MARQUES;410460001A;PR;Bom Jesus;-25,438;-53,633;2025-03-21 09:20:00.0;0,00
CAPITÃO LEÔNIDAS MARQUES;410460001A;PR;Bom Jesus;-25,438;-53,633;2025-03-21 10:20:00.0;0,00
CAPITÃO LEÔNIDAS MARQUES;410460001A;PR;Bom Jesus;-25,438;-53,633;2025-03-21 11:20:00.0;0,00
CAPITÃO LEÔNIDAS MARQUES;410460001A;PR;Bom Jesus;-25,438;-53,633;2025-03-21 12:20:00.0;0,00
CAPITÃO LEÔNIDAS MARQUES;410460001A;PR;Bom Jesus;-25,438;-53,633;2025-03-21 13:20:00.0;0,00
CAPITÃO LEÔNIDAS MARQUES;410460001A;PR;Bom Jesus;-25,438;-53,633;2025-03-21 14:20:00.0;0,00
CAPITÃO LEÔNIDAS MARQUES;410460001A;PR;Bom Jesus;-25,438;-53,633;2025-03-21 15:20:00.0;0,00
CAPITÃO LEÔNIDAS MARQUES;410460001A;PR;Bom Jesus;-25,438;-53,633;2025-03-21 16:20:00.0;0,00
CAPITÃO LEÔNIDAS MARQUES;410460001A;PR;Bom Jesus;-25,438;-53,633;2025-03-21 17:20:00.0;0,00
CAPITÃO LEÔNIDAS MARQUES;410460001A;PR;Bom Jesus;-25,438;-53,633;2025-03-21 18:20:00.0;0,00
CAPITÃO LEÔNIDAS MARQUES;410460001A;PR;Bom Jesus;-25,438;-53,633;2025-03-21 19:20:00.0;0,00
CAPITÃO LEÔNIDAS MARQUES;410460001A;PR;Bom Jesus;-25,438;-53,633;2025-03-21 20:20:00.0;0,00
CAPITÃO LEÔNIDAS MARQUES;410460001A;PR;Bom Jesus;-25,438;-53,633;2025-03-21 21:20:00.0;0,00
CAPITÃO LEÔNIDAS MARQUES;410460001A;PR;Bom Jesus;-25,438;-53,633;2025-03-21 22:20:00.0;0,00
CAPITÃO LEÔNIDAS MARQUES;410460001A;PR;Bom Jesus;-25,438;-53,633;2025-03-21 23:20:00.0;0,00
CAPITÃO LEÔNIDAS MARQUES;410460001A;PR;Bom Jesus;-25,438;-53,633;2025-03-22 00:20:00.0;0,00
CAPITÃO LEÔNIDAS MARQUES;410460001A;PR;Bom Jesus;-25,438;-53,633;2025-03-22 01:20:00.0;0,00
CAPITÃO LEÔNIDAS MARQUES;410460001A;PR;Bom Jesus;-25,438;-53,633;2025-03-22 02:20:00.0;0,00
CAPITÃO LEÔNIDAS MARQUES;410460001A;PR;Bom Jesus;-25,438;-53,633;2025-03-22 03:20:00.0;0,00
CAPITÃO LEÔNIDAS MARQUES;410460001A;PR;Bom Jesus;-25,438;-53,633;2025-03-22 04:20:00.0;0,00
CAPITÃO LEÔNIDAS MARQUES;410460001A;PR;Bom Jesus;-25,438;-53,633;2025-03-22 05:20:00.0;0,00
CAPITÃO LEÔNIDAS MARQUES;410460001A;PR;Bom Jesus;-25,438;-53,633;2025-03-22 06:20:00.0;0,00
CAPITÃO LEÔNIDAS MARQUES;410460001A;PR;Bom Jesus;-25,438;-53,633;2025-03-22 07:20:00.0;0,00
CAPITÃO LEÔNIDAS MARQUES;410460001A;PR;Bom Jesus;-25,438;-53,633;2025-03-22 08:20:00.0;0,00
CAPITÃO LEÔNIDAS MARQUES;410460001A;PR;Bom Jesus;-25,438;-53,633;2025-03-22 09:20:00.0;0,00
CAPITÃO LEÔNIDAS MARQUES;410460001A;PR;Bom Jesus;-25,438;-53,633;2025-03-22 10:20:00.0;0,00
CAPITÃO LEÔNIDAS MARQUES;410460001A;PR;Bom Jesus;-25,438;-53,633;2025-03-22 11:20:00.0;0,00
CAPITÃO LEÔNIDAS MARQUES;410460001A;PR;Bom Jesus;-25,438;-53,633;2025-03-22 12:20:00.0;0,00
CAPITÃO LEÔNIDAS MARQUES;410460001A;PR;Bom Jesus;-25,438;-53,633;2025-03-22 13:20:00.0;0,00
CAPITÃO LEÔNIDAS MARQUES;410460001A;PR;Bom Jesus;-25,438;-53,633;2025-03-22 14:20:00.0;0,00
CAPITÃO LEÔNIDAS MARQUES;410460001A;PR;Bom Jesus;-25,438;-53,633;2025-03-22 15:20:00.0;0,00
CAPITÃO LEÔNIDAS MARQUES;410460001A;PR;Bom Jesus;-25,438;-53,633;2025-03-22 16:20:00.0;0,00
CAPITÃO LEÔNIDAS MARQUES;410460001A;PR;Bom Jesus;-25,438;-53,633;2025-03-22 17:20:00.0;0,00
CAPITÃO LEÔNIDAS MARQUES;410460001A;PR;Bom Jesus;-25,438;-53,633;2025-03-22 18:20:00.0;0,00
CAPITÃO LEÔNIDAS MARQUES;410460001A;PR;Bom Jesus;-25,438;-53,633;2025-03-22 19:20:00.0;0,00
CAPITÃO LEÔNIDAS MARQUES;410460001A;PR;Bom Jesus;-25,438;-53,633;2025-03-22 20:20:00.0;0,00
CAPITÃO LEÔNIDAS MARQUES;410460001A;PR;Bom Jesus;-25,438;-53,633;2025-03-22 21:20:00.0;0,00
CAPITÃO LEÔNIDAS MARQUES;410460001A;PR;Bom Jesus;-25,438;-53,633;2025-03-22 22:20:00.0;0,00
CAPITÃO LEÔNIDAS MARQUES;410460001A;PR;Bom Jesus;-25,438;-53,633;2025-03-22 23:20:00.0;0,00
CAPITÃO LEÔNIDAS MARQUES;410460001A;PR;Bom Jesus;-25,438;-53,633;2025-03-23 00:20:00.0;0,00
CAPITÃO LEÔNIDAS MARQUES;410460001A;PR;Bom Jesus;-25,438;-53,633;2025-03-23 01:20:00.0;0,00
CAPITÃO LEÔNIDAS MARQUES;410460001A;PR;Bom Jesus;-25,438;-53,633;2025-03-23 02:20:00.0;0,00
CAPITÃO LEÔNIDAS MARQUES;410460001A;PR;Bom Jesus;-25,438;-53,633;2025-03-23 03:20:00.0;0,00
CAPITÃO LEÔNIDAS MARQUES;410460001A;PR;Bom Jesus;-25,438;-53,633;2025-03-23 04:20:00.0;0,00
CAPITÃO LEÔNIDAS MARQUES;410460001A;PR;Bom Jesus;-25,438;-53,633;2025-03-23 05:20:00.0;0,00
CAPITÃO LEÔNIDAS MARQUES;410460001A;PR;Bom Jesus;-25,438;-53,633;2025-03-23 06:20:00.0;0,00
CAPITÃO LEÔNIDAS MARQUES;410460001A;PR;Bom Jesus;-25,438;-53,633;2025-03-23 07:20:00.0;0,00
CAPITÃO LEÔNIDAS MARQUES;410460001A;PR;Bom Jesus;-25,438;-53,633;2025-03-23 08:20:00.0;0,00
CAPITÃO LEÔNIDAS MARQUES;410460001A;PR;Bom Jesus;-25,438;-53,633;2025-03-23 09:20:00.0;0,00
CAPITÃO LEÔNIDAS MARQUES;410460001A;PR;Bom Jesus;-25,438;-53,633;2025-03-23 10:10:00.0;0,20
CAPITÃO LEÔNIDAS MARQUES;410460001A;PR;Bom Jesus;-25,438;-53,633;2025-03-23 10:20:00.0;0,39
CAPITÃO LEÔNIDAS MARQUES;410460001A;PR;Bom Jesus;-25,438;-53,633;2025-03-23 10:30:00.0;0,20
CAPITÃO LEÔNIDAS MARQUES;410460001A;PR;Bom Jesus;-25,438;-53,633;2025-03-23 11:20:00.0;0,00
CAPITÃO LEÔNIDAS MARQUES;410460001A;PR;Bom Jesus;-25,438;-53,633;2025-03-23 12:20:00.0;0,00
CAPITÃO LEÔNIDAS MARQUES;410460001A;PR;Bom Jesus;-25,438;-53,633;2025-03-23 13:20:00.0;0,00
CAPITÃO LEÔNIDAS MARQUES;410460001A;PR;Bom Jesus;-25,438;-53,633;2025-03-23 14:20:00.0;0,00
CAPITÃO LEÔNIDAS MARQUES;410460001A;PR;Bom Jesus;-25,438;-53,633;2025-03-23 15:20:00.0;0,00
CAPITÃO LEÔNIDAS MARQUES;410460001A;PR;Bom Jesus;-25,438;-53,633;2025-03-23 16:20:00.0;0,00
CAPITÃO LEÔNIDAS MARQUES;410460001A;PR;Bom Jesus;-25,438;-53,633;2025-03-23 17:20:00.0;0,00
CAPITÃO LEÔNIDAS MARQUES;410460001A;PR;Bom Jesus;-25,438;-53,633;2025-03-23 18:20:00.0;0,00
CAPITÃO LEÔNIDAS MARQUES;410460001A;PR;Bom Jesus;-25,438;-53,633;2025-03-23 19:20:00.0;0,00
CAPITÃO LEÔNIDAS MARQUES;410460001A;PR;Bom Jesus;-25,438;-53,633;2025-03-23 20:20:00.0;0,00
CAPITÃO LEÔNIDAS MARQUES;410460001A;PR;Bom Jesus;-25,438;-53,633;2025-03-23 21:20:00.0;0,00
CAPITÃO LEÔNIDAS MARQUES;410460001A;PR;Bom Jesus;-25,438;-53,633;2025-03-23 22:20:00.0;0,00
CAPITÃO LEÔNIDAS MARQUES;410460001A;PR;Bom Jesus;-25,438;-53,633;2025-03-23 23:20:00.0;0,00
CAPITÃO LEÔNIDAS MARQUES;410460001A;PR;Bom Jesus;-25,438;-53,633;2025-03-24 00:20:00.0;0,00
CAPITÃO LEÔNIDAS MARQUES;410460001A;PR;Bom Jesus;-25,438;-53,633;2025-03-24 01:20:00.0;0,00
CAPITÃO LEÔNIDAS MARQUES;410460001A;PR;Bom Jesus;-25,438;-53,633;2025-03-24 02:20:00.0;0,00
CAPITÃO LEÔNIDAS MARQUES;410460001A;PR;Bom Jesus;-25,438;-53,633;2025-03-24 03:20:00.0;0,00
CAPITÃO LEÔNIDAS MARQUES;410460001A;PR;Bom Jesus;-25,438;-53,633;2025-03-24 04:20:00.0;0,00
CAPITÃO LEÔNIDAS MARQUES;410460001A;PR;Bom Jesus;-25,438;-53,633;2025-03-24 05:20:00.0;0,00
CAPITÃO LEÔNIDAS MARQUES;410460001A;PR;Bom Jesus;-25,438;-53,633;2025-03-24 06:20:00.0;0,00
CAPITÃO LEÔNIDAS MARQUES;410460001A;PR;Bom Jesus;-25,438;-53,633;2025-03-24 07:20:00.0;0,00
CAPITÃO LEÔNIDAS MARQUES;410460001A;PR;Bom Jesus;-25,438;-53,633;2025-03-24 08:20:00.0;0,00
CAPITÃO LEÔNIDAS MARQUES;410460001A;PR;Bom Jesus;-25,438;-53,633;2025-03-24 09:20:00.0;0,00
CAPITÃO LEÔNIDAS MARQUES;410460001A;PR;Bom Jesus;-25,438;-53,633;2025-03-24 10:20:00.0;0,00
CAPITÃO LEÔNIDAS MARQUES;410460001A;PR;Bom Jesus;-25,438;-53,633;2025-03-24 11:20:00.0;0,00
CAPITÃO LEÔNIDAS MARQUES;410460001A;PR;Bom Jesus;-25,438;-53,633;2025-03-24 12:20:00.0;0,00
CAPITÃO LEÔNIDAS MARQUES;410460001A;PR;Bom Jesus;-25,438;-53,633;2025-03-24 13:20:00.0;0,00
CAPITÃO LEÔNIDAS MARQUES;410460001A;PR;Bom Jesus;-25,438;-53,633;2025-03-24 14:20:00.0;0,00
CAPITÃO LEÔNIDAS MARQUES;410460001A;PR;Bom Jesus;-25,438;-53,633;2025-03-24 15:20:00.0;0,00
CAPITÃO LEÔNIDAS MARQUES;410460001A;PR;Bom Jesus;-25,438;-53,633;2025-03-24 16:20:00.0;0,00
CAPITÃO LEÔNIDAS MARQUES;410460001A;PR;Bom Jesus;-25,438;-53,633;2025-03-24 17:20:00.0;0,39
CAPITÃO LEÔNIDAS MARQUES;410460001A;PR;Bom Jesus;-25,438;-53,633;2025-03-24 18:20:00.0;0,00
CAPITÃO LEÔNIDAS MARQUES;410460001A;PR;Bom Jesus;-25,438;-53,633;2025-03-24 19:20:00.0;0,00
CAPITÃO LEÔNIDAS MARQUES;410460001A;PR;Bom Jesus;-25,438;-53,633;2025-03-24 20:20:00.0;0,00
CAPITÃO LEÔNIDAS MARQUES;410460001A;PR;Bom Jesus;-25,438;-53,633;2025-03-24 21:20:00.0;0,00
CAPITÃO LEÔNIDAS MARQUES;410460001A;PR;Bom Jesus;-25,438;-53,633;2025-03-24 22:20:00.0;0,00
CAPITÃO LEÔNIDAS MARQUES;410460001A;PR;Bom Jesus;-25,438;-53,633;2025-03-24 23:20:00.0;0,00
CAPITÃO LEÔNIDAS MARQUES;410460001A;PR;Bom Jesus;-25,438;-53,633;2025-03-25 00:20:00.0;0,00
CAPITÃO LEÔNIDAS MARQUES;410460001A;PR;Bom Jesus;-25,438;-53,633;2025-03-25 01:20:00.0;0,00
CAPITÃO LEÔNIDAS MARQUES;410460001A;PR;Bom Jesus;-25,438;-53,633;2025-03-25 02:20:00.0;0,00
CAPITÃO LEÔNIDAS MARQUES;410460001A;PR;Bom Jesus;-25,438;-53,633;2025-03-25 03:20:00.0;0,00
CAPITÃO LEÔNIDAS MARQUES;410460001A;PR;Bom Jesus;-25,438;-53,633;2025-03-25 04:20:00.0;0,00
CAPITÃO LEÔNIDAS MARQUES;410460001A;PR;Bom Jesus;-25,438;-53,633;2025-03-25 05:20:00.0;0,00
CAPITÃO LEÔNIDAS MARQUES;410460001A;PR;Bom Jesus;-25,438;-53,633;2025-03-25 06:20:00.0;0,00
CAPITÃO LEÔNIDAS MARQUES;410460001A;PR;Bom Jesus;-25,438;-53,633;2025-03-25 07:20:00.0;0,00
CAPITÃO LEÔNIDAS MARQUES;410460001A;PR;Bom Jesus;-25,438;-53,633;2025-03-25 08:20:00.0;0,00
CAPITÃO LEÔNIDAS MARQUES;410460001A;PR;Bom Jesus;-25,438;-53,633;2025-03-25 09:20:00.0;0,00
CAPITÃO LEÔNIDAS MARQUES;410460001A;PR;Bom Jesus;-25,438;-53,633;2025-03-25 10:20:00.0;0,00
CAPITÃO LEÔNIDAS MARQUES;410460001A;PR;Bom Jesus;-25,438;-53,633;2025-03-25 11:20:00.0;0,00
CAPITÃO LEÔNIDAS MARQUES;410460001A;PR;Bom Jesus;-25,438;-53,633;2025-03-25 12:20:00.0;0,00
CAPITÃO LEÔNIDAS MARQUES;410460001A;PR;Bom Jesus;-25,438;-53,633;2025-03-25 13:20:00.0;0,00
CAPITÃO LEÔNIDAS MARQUES;410460001A;PR;Bom Jesus;-25,438;-53,633;2025-03-25 14:20:00.0;0,00
CAPITÃO LEÔNIDAS MARQUES;410460001A;PR;Bom Jesus;-25,438;-53,633;2025-03-25 15:20:00.0;0,00
CAPITÃO LEÔNIDAS MARQUES;410460001A;PR;Bom Jesus;-25,438;-53,633;2025-03-25 16:40:00.0;0,00
CAPITÃO LEÔNIDAS MARQUES;410460001A;PR;Bom Jesus;-25,438;-53,633;2025-03-25 17:20:00.0;0,00
CAPITÃO LEÔNIDAS MARQUES;410460001A;PR;Bom Jesus;-25,438;-53,633;2025-03-25 18:20:00.0;0,00
CAPITÃO LEÔNIDAS MARQUES;410460001A;PR;Bom Jesus;-25,438;-53,633;2025-03-25 19:20:00.0;0,00
CAPITÃO LEÔNIDAS MARQUES;410460001A;PR;Bom Jesus;-25,438;-53,633;2025-03-25 20:20:00.0;0,00
CAPITÃO LEÔNIDAS MARQUES;410460001A;PR;Bom Jesus;-25,438;-53,633;2025-03-25 20:30:00.0;0,20
CAPITÃO LEÔNIDAS MARQUES;410460001A;PR;Bom Jesus;-25,438;-53,633;2025-03-25 20:40:00.0;0,20
CAPITÃO LEÔNIDAS MARQUES;410460001A;PR;Bom Jesus;-25,438;-53,633;2025-03-25 20:50:00.0;0,39
CAPITÃO LEÔNIDAS MARQUES;410460001A;PR;Bom Jesus;-25,438;-53,633;2025-03-25 21:00:00.0;0,39
CAPITÃO LEÔNIDAS MARQUES;410460001A;PR;Bom Jesus;-25,438;-53,633;2025-03-25 21:10:00.0;0,39
CAPITÃO LEÔNIDAS MARQUES;410460001A;PR;Bom Jesus;-25,438;-53,633;2025-03-25 21:20:00.0;0,59
CAPITÃO LEÔNIDAS MARQUES;410460001A;PR;Bom Jesus;-25,438;-53,633;2025-03-25 21:30:00.0;0,79
CAPITÃO LEÔNIDAS MARQUES;410460001A;PR;Bom Jesus;-25,438;-53,633;2025-03-25 21:40:00.0;0,59
CAPITÃO LEÔNIDAS MARQUES;410460001A;PR;Bom Jesus;-25,438;-53,633;2025-03-25 21:50:00.0;0,79
CAPITÃO LEÔNIDAS MARQUES;410460001A;PR;Bom Jesus;-25,438;-53,633;2025-03-25 22:00:00.0;0,59
CAPITÃO LEÔNIDAS MARQUES;410460001A;PR;Bom Jesus;-25,438;-53,633;2025-03-25 22:10:00.0;0,59
CAPITÃO LEÔNIDAS MARQUES;410460001A;PR;Bom Jesus;-25,438;-53,633;2025-03-25 22:20:00.0;0,00
CAPITÃO LEÔNIDAS MARQUES;410460001A;PR;Bom Jesus;-25,438;-53,633;2025-03-25 23:20:00.0;0,00
CAPITÃO LEÔNIDAS MARQUES;410460001A;PR;Bom Jesus;-25,438;-53,633;2025-03-25 23:30:00.0;0,20
CAPITÃO LEÔNIDAS MARQUES;410460001A;PR;Bom Jesus;-25,438;-53,633;2025-03-26 00:20:00.0;0,00
CAPITÃO LEÔNIDAS MARQUES;410460001A;PR;Bom Jesus;-25,438;-53,633;2025-03-26 01:20:00.0;0,00
CAPITÃO LEÔNIDAS MARQUES;410460001A;PR;Bom Jesus;-25,438;-53,633;2025-03-26 02:20:00.0;0,00
CAPITÃO LEÔNIDAS MARQUES;410460001A;PR;Bom Jesus;-25,438;-53,633;2025-03-26 03:20:00.0;0,00
CAPITÃO LEÔNIDAS MARQUES;410460001A;PR;Bom Jesus;-25,438;-53,633;2025-03-26 04:20:00.0;0,00
CAPITÃO LEÔNIDAS MARQUES;410460001A;PR;Bom Jesus;-25,438;-53,633;2025-03-26 05:20:00.0;0,00
CAPITÃO LEÔNIDAS MARQUES;410460001A;PR;Bom Jesus;-25,438;-53,633;2025-03-26 06:20:00.0;0,00
CAPITÃO LEÔNIDAS MARQUES;410460001A;PR;Bom Jesus;-25,438;-53,633;2025-03-26 07:20:00.0;0,00
CAPITÃO LEÔNIDAS MARQUES;410460001A;PR;Bom Jesus;-25,438;-53,633;2025-03-26 08:20:00.0;0,00
CAPITÃO LEÔNIDAS MARQUES;410460001A;PR;Bom Jesus;-25,438;-53,633;2025-03-26 09:20:00.0;0,00
CAPITÃO LEÔNIDAS MARQUES;410460001A;PR;Bom Jesus;-25,438;-53,633;2025-03-26 10:00:00.0;0,20
CAPITÃO LEÔNIDAS MARQUES;410460001A;PR;Bom Jesus;-25,438;-53,633;2025-03-26 10:20:00.0;0,00
CAPITÃO LEÔNIDAS MARQUES;410460001A;PR;Bom Jesus;-25,438;-53,633;2025-03-26 11:20:00.0;0,00
CAPITÃO LEÔNIDAS MARQUES;410460001A;PR;Bom Jesus;-25,438;-53,633;2025-03-26 12:20:00.0;0,00
CAPITÃO LEÔNIDAS MARQUES;410460001A;PR;Bom Jesus;-25,438;-53,633;2025-03-26 13:20:00.0;0,00
CAPITÃO LEÔNIDAS MARQUES;410460001A;PR;Bom Jesus;-25,438;-53,633;2025-03-26 14:20:00.0;0,00
CAPITÃO LEÔNIDAS MARQUES;410460001A;PR;Bom Jesus;-25,438;-53,633;2025-03-26 15:20:00.0;0,00
CAPITÃO LEÔNIDAS MARQUES;410460001A;PR;Bom Jesus;-25,438;-53,633;2025-03-26 16:20:00.0;0,00
CAPITÃO LEÔNIDAS MARQUES;410460001A;PR;Bom Jesus;-25,438;-53,633;2025-03-26 17:20:00.0;0,00
CAPITÃO LEÔNIDAS MARQUES;410460001A;PR;Bom Jesus;-25,438;-53,633;2025-03-26 18:20:00.0;0,00
CAPITÃO LEÔNIDAS MARQUES;410460001A;PR;Bom Jesus;-25,438;-53,633;2025-03-26 19:20:00.0;0,00
CAPITÃO LEÔNIDAS MARQUES;410460001A;PR;Bom Jesus;-25,438;-53,633;2025-03-26 20:20:00.0;0,00
CAPITÃO LEÔNIDAS MARQUES;410460001A;PR;Bom Jesus;-25,438;-53,633;2025-03-26 21:20:00.0;0,00
CAPITÃO LEÔNIDAS MARQUES;410460001A;PR;Bom Jesus;-25,438;-53,633;2025-03-26 22:20:00.0;0,00
CAPITÃO LEÔNIDAS MARQUES;410460001A;PR;Bom Jesus;-25,438;-53,633;2025-03-26 23:20:00.0;0,00
CAPITÃO LEÔNIDAS MARQUES;410460001A;PR;Bom Jesus;-25,438;-53,633;2025-03-27 00:20:00.0;0,00
CAPITÃO LEÔNIDAS MARQUES;410460001A;PR;Bom Jesus;-25,438;-53,633;2025-03-27 01:20:00.0;0,00
CAPITÃO LEÔNIDAS MARQUES;410460001A;PR;Bom Jesus;-25,438;-53,633;2025-03-27 02:20:00.0;0,00
CAPITÃO LEÔNIDAS MARQUES;410460001A;PR;Bom Jesus;-25,438;-53,633;2025-03-27 03:20:00.0;0,00
CAPITÃO LEÔNIDAS MARQUES;410460001A;PR;Bom Jesus;-25,438;-53,633;2025-03-27 04:20:00.0;0,00
CAPITÃO LEÔNIDAS MARQUES;410460001A;PR;Bom Jesus;-25,438;-53,633;2025-03-27 05:20:00.0;0,00
CAPITÃO LEÔNIDAS MARQUES;410460001A;PR;Bom Jesus;-25,438;-53,633;2025-03-27 06:20:00.0;0,00
CAPITÃO LEÔNIDAS MARQUES;410460001A;PR;Bom Jesus;-25,438;-53,633;2025-03-27 07:20:00.0;0,00
CAPITÃO LEÔNIDAS MARQUES;410460001A;PR;Bom Jesus;-25,438;-53,633;2025-03-27 08:20:00.0;0,00
CAPITÃO LEÔNIDAS MARQUES;410460001A;PR;Bom Jesus;-25,438;-53,633;2025-03-27 09:20:00.0;0,00
CAPITÃO LEÔNIDAS MARQUES;410460001A;PR;Bom Jesus;-25,438;-53,633;2025-03-27 10:20:00.0;0,00
CAPITÃO LEÔNIDAS MARQUES;410460001A;PR;Bom Jesus;-25,438;-53,633;2025-03-27 11:20:00.0;0,00
CAPITÃO LEÔNIDAS MARQUES;410460001A;PR;Bom Jesus;-25,438;-53,633;2025-03-27 12:20:00.0;0,00
CAPITÃO LEÔNIDAS MARQUES;410460001A;PR;Bom Jesus;-25,438;-53,633;2025-03-27 13:20:00.0;0,00
CAPITÃO LEÔNIDAS MARQUES;410460001A;PR;Bom Jesus;-25,438;-53,633;2025-03-27 14:20:00.0;0,00
CAPITÃO LEÔNIDAS MARQUES;410460001A;PR;Bom Jesus;-25,438;-53,633;2025-03-27 15:20:00.0;0,00
CAPITÃO LEÔNIDAS MARQUES;410460001A;PR;Bom Jesus;-25,438;-53,633;2025-03-27 16:20:00.0;0,00
CAPITÃO LEÔNIDAS MARQUES;410460001A;PR;Bom Jesus;-25,438;-53,633;2025-03-27 17:20:00.0;0,00
CAPITÃO LEÔNIDAS MARQUES;410460001A;PR;Bom Jesus;-25,438;-53,633;2025-03-27 18:20:00.0;0,00
CAPITÃO LEÔNIDAS MARQUES;410460001A;PR;Bom Jesus;-25,438;-53,633;2025-03-27 19:20:00.0;0,00
CAPITÃO LEÔNIDAS MARQUES;410460001A;PR;Bom Jesus;-25,438;-53,633;2025-03-27 20:20:00.0;0,00
CAPITÃO LEÔNIDAS MARQUES;410460001A;PR;Bom Jesus;-25,438;-53,633;2025-03-27 21:20:00.0;0,00
CAPITÃO LEÔNIDAS MARQUES;410460001A;PR;Bom Jesus;-25,438;-53,633;2025-03-27 22:20:00.0;0,00
CAPITÃO LEÔNIDAS MARQUES;410460001A;PR;Bom Jesus;-25,438;-53,633;2025-03-27 23:20:00.0;0,00
CAPITÃO LEÔNIDAS MARQUES;410460001A;PR;Bom Jesus;-25,438;-53,633;2025-03-28 00:20:00.0;0,00
CAPITÃO LEÔNIDAS MARQUES;410460001A;PR;Bom Jesus;-25,438;-53,633;2025-03-28 01:20:00.0;0,00
CAPITÃO LEÔNIDAS MARQUES;410460001A;PR;Bom Jesus;-25,438;-53,633;2025-03-28 02:10:00.0;0,39
CAPITÃO LEÔNIDAS MARQUES;410460001A;PR;Bom Jesus;-25,438;-53,633;2025-03-28 02:20:00.0;0,79
CAPITÃO LEÔNIDAS MARQUES;410460001A;PR;Bom Jesus;-25,438;-53,633;2025-03-28 02:30:00.0;0,59
CAPITÃO LEÔNIDAS MARQUES;410460001A;PR;Bom Jesus;-25,438;-53,633;2025-03-28 02:40:00.0;0,59
CAPITÃO LEÔNIDAS MARQUES;410460001A;PR;Bom Jesus;-25,438;-53,633;2025-03-28 02:50:00.0;0,98
CAPITÃO LEÔNIDAS MARQUES;410460001A;PR;Bom Jesus;-25,438;-53,633;2025-03-28 03:00:00.0;2,36
CAPITÃO LEÔNIDAS MARQUES;410460001A;PR;Bom Jesus;-25,438;-53,633;2025-03-28 03:10:00.0;0,79
CAPITÃO LEÔNIDAS MARQUES;410460001A;PR;Bom Jesus;-25,438;-53,633;2025-03-28 03:20:00.0;0,20
CAPITÃO LEÔNIDAS MARQUES;410460001A;PR;Bom Jesus;-25,438;-53,633;2025-03-28 04:20:00.0;0,00
CAPITÃO LEÔNIDAS MARQUES;410460001A;PR;Bom Jesus;-25,438;-53,633;2025-03-28 05:20:00.0;0,00
CAPITÃO LEÔNIDAS MARQUES;410460001A;PR;Bom Jesus;-25,438;-53,633;2025-03-28 06:20:00.0;0,00
CAPITÃO LEÔNIDAS MARQUES;410460001A;PR;Bom Jesus;-25,438;-53,633;2025-03-28 07:20:00.0;0,00
CAPITÃO LEÔNIDAS MARQUES;410460001A;PR;Bom Jesus;-25,438;-53,633;2025-03-28 08:20:00.0;0,00
CAPITÃO LEÔNIDAS MARQUES;410460001A;PR;Bom Jesus;-25,438;-53,633;2025-03-28 09:20:00.0;0,00
CAPITÃO LEÔNIDAS MARQUES;410460001A;PR;Bom Jesus;-25,438;-53,633;2025-03-28 10:20:00.0;0,00
CAPITÃO LEÔNIDAS MARQUES;410460001A;PR;Bom Jesus;-25,438;-53,633;2025-03-28 11:20:00.0;0,00
CAPITÃO LEÔNIDAS MARQUES;410460001A;PR;Bom Jesus;-25,438;-53,633;2025-03-28 12:20:00.0;0,00
CAPITÃO LEÔNIDAS MARQUES;410460001A;PR;Bom Jesus;-25,438;-53,633;2025-03-28 13:20:00.0;0,00
CAPITÃO LEÔNIDAS MARQUES;410460001A;PR;Bom Jesus;-25,438;-53,633;2025-03-28 14:20:00.0;0,00
CAPITÃO LEÔNIDAS MARQUES;410460001A;PR;Bom Jesus;-25,438;-53,633;2025-03-28 15:20:00.0;0,00
CAPITÃO LEÔNIDAS MARQUES;410460001A;PR;Bom Jesus;-25,438;-53,633;2025-03-28 16:20:00.0;0,00
CAPITÃO LEÔNIDAS MARQUES;410460001A;PR;Bom Jesus;-25,438;-53,633;2025-03-28 17:20:00.0;0,00
CAPITÃO LEÔNIDAS MARQUES;410460001A;PR;Bom Jesus;-25,438;-53,633;2025-03-28 18:20:00.0;0,00
CAPITÃO LEÔNIDAS MARQUES;410460001A;PR;Bom Jesus;-25,438;-53,633;2025-03-28 19:20:00.0;0,00
CAPITÃO LEÔNIDAS MARQUES;410460001A;PR;Bom Jesus;-25,438;-53,633;2025-03-28 20:20:00.0;0,00
CAPITÃO LEÔNIDAS MARQUES;410460001A;PR;Bom Jesus;-25,438;-53,633;2025-03-28 21:20:00.0;0,00
CAPITÃO LEÔNIDAS MARQUES;410460001A;PR;Bom Jesus;-25,438;-53,633;2025-03-28 22:20:00.0;0,00
CAPITÃO LEÔNIDAS MARQUES;410460001A;PR;Bom Jesus;-25,438;-53,633;2025-03-28 23:20:00.0;0,00
CAPITÃO LEÔNIDAS MARQUES;410460001A;PR;Bom Jesus;-25,438;-53,633;2025-03-29 00:20:00.0;0,00
CAPITÃO LEÔNIDAS MARQUES;410460001A;PR;Bom Jesus;-25,438;-53,633;2025-03-29 01:20:00.0;0,00
CAPITÃO LEÔNIDAS MARQUES;410460001A;PR;Bom Jesus;-25,438;-53,633;2025-03-29 02:20:00.0;0,00
CAPITÃO LEÔNIDAS MARQUES;410460001A;PR;Bom Jesus;-25,438;-53,633;2025-03-29 03:20:00.0;0,00
CAPITÃO LEÔNIDAS MARQUES;410460001A;PR;Bom Jesus;-25,438;-53,633;2025-03-29 04:20:00.0;0,00
CAPITÃO LEÔNIDAS MARQUES;410460001A;PR;Bom Jesus;-25,438;-53,633;2025-03-29 05:20:00.0;0,00
CAPITÃO LEÔNIDAS MARQUES;410460001A;PR;Bom Jesus;-25,438;-53,633;2025-03-29 06:20:00.0;0,59
CAPITÃO LEÔNIDAS MARQUES;410460001A;PR;Bom Jesus;-25,438;-53,633;2025-03-29 06:30:00.0;0,98
CAPITÃO LEÔNIDAS MARQUES;410460001A;PR;Bom Jesus;-25,438;-53,633;2025-03-29 06:40:00.0;1,18
CAPITÃO LEÔNIDAS MARQUES;410460001A;PR;Bom Jesus;-25,438;-53,633;2025-03-29 06:50:00.0;0,98
CAPITÃO LEÔNIDAS MARQUES;410460001A;PR;Bom Jesus;-25,438;-53,633;2025-03-29 07:00:00.0;0,20
CAPITÃO LEÔNIDAS MARQUES;410460001A;PR;Bom Jesus;-25,438;-53,633;2025-03-29 07:20:00.0;0,00
CAPITÃO LEÔNIDAS MARQUES;410460001A;PR;Bom Jesus;-25,438;-53,633;2025-03-29 07:30:00.0;0,20
CAPITÃO LEÔNIDAS MARQUES;410460001A;PR;Bom Jesus;-25,438;-53,633;2025-03-29 07:40:00.0;0,20
CAPITÃO LEÔNIDAS MARQUES;410460001A;PR;Bom Jesus;-25,438;-53,633;2025-03-29 07:50:00.0;0,39
CAPITÃO LEÔNIDAS MARQUES;410460001A;PR;Bom Jesus;-25,438;-53,633;2025-03-29 08:00:00.0;0,20
CAPITÃO LEÔNIDAS MARQUES;410460001A;PR;Bom Jesus;-25,438;-53,633;2025-03-29 08:10:00.0;0,20
CAPITÃO LEÔNIDAS MARQUES;410460001A;PR;Bom Jesus;-25,438;-53,633;2025-03-29 08:20:00.0;0,00
CAPITÃO LEÔNIDAS MARQUES;410460001A;PR;Bom Jesus;-25,438;-53,633;2025-03-29 09:20:00.0;0,00
CAPITÃO LEÔNIDAS MARQUES;410460001A;PR;Bom Jesus;-25,438;-53,633;2025-03-29 10:20:00.0;0,00
CAPITÃO LEÔNIDAS MARQUES;410460001A;PR;Bom Jesus;-25,438;-53,633;2025-03-29 11:20:00.0;0,00
CAPITÃO LEÔNIDAS MARQUES;410460001A;PR;Bom Jesus;-25,438;-53,633;2025-03-29 12:20:00.0;0,00
CAPITÃO LEÔNIDAS MARQUES;410460001A;PR;Bom Jesus;-25,438;-53,633;2025-03-29 13:20:00.0;0,00
CAPITÃO LEÔNIDAS MARQUES;410460001A;PR;Bom Jesus;-25,438;-53,633;2025-03-29 14:00:00.0;0,20
CAPITÃO LEÔNIDAS MARQUES;410460001A;PR;Bom Jesus;-25,438;-53,633;2025-03-29 14:20:00.0;0,00
CAPITÃO LEÔNIDAS MARQUES;410460001A;PR;Bom Jesus;-25,438;-53,633;2025-03-29 15:20:00.0;0,00
CAPITÃO LEÔNIDAS MARQUES;410460001A;PR;Bom Jesus;-25,438;-53,633;2025-03-29 16:20:00.0;0,00
CAPITÃO LEÔNIDAS MARQUES;410460001A;PR;Bom Jesus;-25,438;-53,633;2025-03-29 17:20:00.0;0,00
CAPITÃO LEÔNIDAS MARQUES;410460001A;PR;Bom Jesus;-25,438;-53,633;2025-03-29 18:20:00.0;0,00
CAPITÃO LEÔNIDAS MARQUES;410460001A;PR;Bom Jesus;-25,438;-53,633;2025-03-29 19:20:00.0;0,00
CAPITÃO LEÔNIDAS MARQUES;410460001A;PR;Bom Jesus;-25,438;-53,633;2025-03-29 20:20:00.0;0,00
CAPITÃO LEÔNIDAS MARQUES;410460001A;PR;Bom Jesus;-25,438;-53,633;2025-03-29 21:20:00.0;0,00
CAPITÃO LEÔNIDAS MARQUES;410460001A;PR;Bom Jesus;-25,438;-53,633;2025-03-29 22:20:00.0;0,00
CAPITÃO LEÔNIDAS MARQUES;410460001A;PR;Bom Jesus;-25,438;-53,633;2025-03-29 23:20:00.0;0,00
CAPITÃO LEÔNIDAS MARQUES;410460001A;PR;Bom Jesus;-25,438;-53,633;2025-03-30 00:20:00.0;0,00
CAPITÃO LEÔNIDAS MARQUES;410460001A;PR;Bom Jesus;-25,438;-53,633;2025-03-30 01:20:00.0;0,00
CAPITÃO LEÔNIDAS MARQUES;410460001A;PR;Bom Jesus;-25,438;-53,633;2025-03-30 02:20:00.0;0,00
CAPITÃO LEÔNIDAS MARQUES;410460001A;PR;Bom Jesus;-25,438;-53,633;2025-03-30 03:20:00.0;0,00
CAPITÃO LEÔNIDAS MARQUES;410460001A;PR;Bom Jesus;-25,438;-53,633;2025-03-30 04:20:00.0;0,00
CAPITÃO LEÔNIDAS MARQUES;410460001A;PR;Bom Jesus;-25,438;-53,633;2025-03-30 05:20:00.0;0,00
CAPITÃO LEÔNIDAS MARQUES;410460001A;PR;Bom Jesus;-25,438;-53,633;2025-03-30 06:20:00.0;0,00
CAPITÃO LEÔNIDAS MARQUES;410460001A;PR;Bom Jesus;-25,438;-53,633;2025-03-30 07:20:00.0;0,00
CAPITÃO LEÔNIDAS MARQUES;410460001A;PR;Bom Jesus;-25,438;-53,633;2025-03-30 08:20:00.0;0,00
CAPITÃO LEÔNIDAS MARQUES;410460001A;PR;Bom Jesus;-25,438;-53,633;2025-03-30 09:20:00.0;0,00
CAPITÃO LEÔNIDAS MARQUES;410460001A;PR;Bom Jesus;-25,438;-53,633;2025-03-30 10:20:00.0;0,00
CAPITÃO LEÔNIDAS MARQUES;410460001A;PR;Bom Jesus;-25,438;-53,633;2025-03-30 11:20:00.0;0,00
CAPITÃO LEÔNIDAS MARQUES;410460001A;PR;Bom Jesus;-25,438;-53,633;2025-03-30 12:20:00.0;0,00
CAPITÃO LEÔNIDAS MARQUES;410460001A;PR;Bom Jesus;-25,438;-53,633;2025-03-30 13:20:00.0;0,00
CAPITÃO LEÔNIDAS MARQUES;410460001A;PR;Bom Jesus;-25,438;-53,633;2025-03-30 14:20:00.0;0,00
CAPITÃO LEÔNIDAS MARQUES;410460001A;PR;Bom Jesus;-25,438;-53,633;2025-03-30 15:20:00.0;0,00
CAPITÃO LEÔNIDAS MARQUES;410460001A;PR;Bom Jesus;-25,438;-53,633;2025-03-30 16:20:00.0;0,00
CAPITÃO LEÔNIDAS MARQUES;410460001A;PR;Bom Jesus;-25,438;-53,633;2025-03-30 17:20:00.0;0,00
CAPITÃO LEÔNIDAS MARQUES;410460001A;PR;Bom Jesus;-25,438;-53,633;2025-03-30 18:20:00.0;0,00
CAPITÃO LEÔNIDAS MARQUES;410460001A;PR;Bom Jesus;-25,438;-53,633;2025-03-30 19:20:00.0;0,00
CAPITÃO LEÔNIDAS MARQUES;410460001A;PR;Bom Jesus;-25,438;-53,633;2025-03-30 20:20:00.0;0,00
CAPITÃO LEÔNIDAS MARQUES;410460001A;PR;Bom Jesus;-25,438;-53,633;2025-03-30 21:20:00.0;0,00
CAPITÃO LEÔNIDAS MARQUES;410460001A;PR;Bom Jesus;-25,438;-53,633;2025-03-30 22:20:00.0;0,00
CAPITÃO LEÔNIDAS MARQUES;410460001A;PR;Bom Jesus;-25,438;-53,633;2025-03-30 23:20:00.0;0,00
CAPITÃO LEÔNIDAS MARQUES;410460001A;PR;Bom Jesus;-25,438;-53,633;2025-03-31 00:20:00.0;0,00
CAPITÃO LEÔNIDAS MARQUES;410460001A;PR;Bom Jesus;-25,438;-53,633;2025-03-31 01:20:00.0;0,00
CAPITÃO LEÔNIDAS MARQUES;410460001A;PR;Bom Jesus;-25,438;-53,633;2025-03-31 02:20:00.0;0,00
CAPITÃO LEÔNIDAS MARQUES;410460001A;PR;Bom Jesus;-25,438;-53,633;2025-03-31 03:20:00.0;0,00
CAPITÃO LEÔNIDAS MARQUES;410460001A;PR;Bom Jesus;-25,438;-53,633;2025-03-31 04:20:00.0;0,00
CAPITÃO LEÔNIDAS MARQUES;410460001A;PR;Bom Jesus;-25,438;-53,633;2025-03-31 05:20:00.0;0,00
CAPITÃO LEÔNIDAS MARQUES;410460001A;PR;Bom Jesus;-25,438;-53,633;2025-03-31 06:20:00.0;0,00
CAPITÃO LEÔNIDAS MARQUES;410460001A;PR;Bom Jesus;-25,438;-53,633;2025-03-31 07:20:00.0;0,00
CAPITÃO LEÔNIDAS MARQUES;410460001A;PR;Bom Jesus;-25,438;-53,633;2025-03-31 08:20:00.0;0,00
CAPITÃO LEÔNIDAS MARQUES;410460001A;PR;Bom Jesus;-25,438;-53,633;2025-03-31 09:20:00.0;0,00
CAPITÃO LEÔNIDAS MARQUES;410460001A;PR;Bom Jesus;-25,438;-53,633;2025-03-31 10:20:00.0;0,00
CAPITÃO LEÔNIDAS MARQUES;410460001A;PR;Bom Jesus;-25,438;-53,633;2025-03-31 11:20:00.0;0,00
CAPITÃO LEÔNIDAS MARQUES;410460001A;PR;Bom Jesus;-25,438;-53,633;2025-03-31 12:20:00.0;0,00
CAPITÃO LEÔNIDAS MARQUES;410460001A;PR;Bom Jesus;-25,438;-53,633;2025-03-31 13:20:00.0;0,00
CAPITÃO LEÔNIDAS MARQUES;410460001A;PR;Bom Jesus;-25,438;-53,633;2025-03-31 14:20:00.0;0,00
CAPITÃO LEÔNIDAS MARQUES;410460001A;PR;Bom Jesus;-25,438;-53,633;2025-03-31 15:20:00.0;0,00
CAPITÃO LEÔNIDAS MARQUES;410460001A;PR;Bom Jesus;-25,438;-53,633;2025-03-31 16:20:00.0;0,00
CAPITÃO LEÔNIDAS MARQUES;410460001A;PR;Bom Jesus;-25,438;-53,633;2025-03-31 17:20:00.0;0,00
CAPITÃO LEÔNIDAS MARQUES;410460001A;PR;Bom Jesus;-25,438;-53,633;2025-03-31 18:20:00.0;0,00
CAPITÃO LEÔNIDAS MARQUES;410460001A;PR;Bom Jesus;-25,438;-53,633;2025-03-31 19:20:00.0;0,00
CAPITÃO LEÔNIDAS MARQUES;410460001A;PR;Bom Jesus;-25,438;-53,633;2025-03-31 20:20:00.0;0,00
CAPITÃO LEÔNIDAS MARQUES;410460001A;PR;Bom Jesus;-25,438;-53,633;2025-03-31 21:20:00.0;0,00
CAPITÃO LEÔNIDAS MARQUES;410460001A;PR;Bom Jesus;-25,438;-53,633;2025-03-31 21:50:00.0;2,36
CAPITÃO LEÔNIDAS MARQUES;410460001A;PR;Bom Jesus;-25,438;-53,633;2025-03-31 22:00:00.0;0,20
CAPITÃO LEÔNIDAS MARQUES;410460001A;PR;Bom Jesus;-25,438;-53,633;2025-03-31 22:20:00.0;0,00
CAPITÃO LEÔNIDAS MARQUES;410460001A;PR;Bom Jesus;-25,438;-53,633;2025-03-31 23:20:00.0;0,00
CAPITÃO LEÔNIDAS MARQUES;410460002A;PR;Rua Catanduvas;-25,481;-53,606;2025-03-01 00:30:00.0;0,00
CAPITÃO LEÔNIDAS MARQUES;410460002A;PR;Rua Catanduvas;-25,481;-53,606;2025-03-01 01:30:00.0;0,00
CAPITÃO LEÔNIDAS MARQUES;410460002A;PR;Rua Catanduvas;-25,481;-53,606;2025-03-01 02:30:00.0;0,00
CAPITÃO LEÔNIDAS MARQUES;410460002A;PR;Rua Catanduvas;-25,481;-53,606;2025-03-01 03:30:00.0;0,00
CAPITÃO LEÔNIDAS MARQUES;410460002A;PR;Rua Catanduvas;-25,481;-53,606;2025-03-01 04:30:00.0;0,00
CAPITÃO LEÔNIDAS MARQUES;410460002A;PR;Rua Catanduvas;-25,481;-53,606;2025-03-01 05:30:00.0;0,00
CAPITÃO LEÔNIDAS MARQUES;410460002A;PR;Rua Catanduvas;-25,481;-53,606;2025-03-01 06:30:00.0;0,00
CAPITÃO LEÔNIDAS MARQUES;410460002A;PR;Rua Catanduvas;-25,481;-53,606;2025-03-01 07:30:00.0;0,00
CAPITÃO LEÔNIDAS MARQUES;410460002A;PR;Rua Catanduvas;-25,481;-53,606;2025-03-01 09:30:00.0;0,00
CAPITÃO LEÔNIDAS MARQUES;410460002A;PR;Rua Catanduvas;-25,481;-53,606;2025-03-01 10:30:00.0;0,00
CAPITÃO LEÔNIDAS MARQUES;410460002A;PR;Rua Catanduvas;-25,481;-53,606;2025-03-01 11:30:00.0;0,00
CAPITÃO LEÔNIDAS MARQUES;410460002A;PR;Rua Catanduvas;-25,481;-53,606;2025-03-01 12:30:00.0;0,00
CAPITÃO LEÔNIDAS MARQUES;410460002A;PR;Rua Catanduvas;-25,481;-53,606;2025-03-01 13:30:00.0;0,00
CAPITÃO LEÔNIDAS MARQUES;410460002A;PR;Rua Catanduvas;-25,481;-53,606;2025-03-01 14:30:00.0;0,00
CAPITÃO LEÔNIDAS MARQUES;410460002A;PR;Rua Catanduvas;-25,481;-53,606;2025-03-01 15:30:00.0;0,00
CAPITÃO LEÔNIDAS MARQUES;410460002A;PR;Rua Catanduvas;-25,481;-53,606;2025-03-01 16:30:00.0;0,00
CAPITÃO LEÔNIDAS MARQUES;410460002A;PR;Rua Catanduvas;-25,481;-53,606;2025-03-01 17:30:00.0;0,00
CAPITÃO LEÔNIDAS MARQUES;410460002A;PR;Rua Catanduvas;-25,481;-53,606;2025-03-01 18:30:00.0;0,00
CAPITÃO LEÔNIDAS MARQUES;410460002A;PR;Rua Catanduvas;-25,481;-53,606;2025-03-01 19:30:00.0;0,00
CAPITÃO LEÔNIDAS MARQUES;410460002A;PR;Rua Catanduvas;-25,481;-53,606;2025-03-01 20:30:00.0;0,00
CAPITÃO LEÔNIDAS MARQUES;410460002A;PR;Rua Catanduvas;-25,481;-53,606;2025-03-01 21:30:00.0;0,00
CAPITÃO LEÔNIDAS MARQUES;410460002A;PR;Rua Catanduvas;-25,481;-53,606;2025-03-01 22:30:00.0;0,00
CAPITÃO LEÔNIDAS MARQUES;410460002A;PR;Rua Catanduvas;-25,481;-53,606;2025-03-01 23:30:00.0;0,00
CAPITÃO LEÔNIDAS MARQUES;410460002A;PR;Rua Catanduvas;-25,481;-53,606;2025-03-02 00:30:00.0;0,00
CAPITÃO LEÔNIDAS MARQUES;410460002A;PR;Rua Catanduvas;-25,481;-53,606;2025-03-02 01:30:00.0;0,00
CAPITÃO LEÔNIDAS MARQUES;410460002A;PR;Rua Catanduvas;-25,481;-53,606;2025-03-02 02:30:00.0;0,00
CAPITÃO LEÔNIDAS MARQUES;410460002A;PR;Rua Catanduvas;-25,481;-53,606;2025-03-02 03:30:00.0;0,00
CAPITÃO LEÔNIDAS MARQUES;410460002A;PR;Rua Catanduvas;-25,481;-53,606;2025-03-02 04:30:00.0;0,00
CAPITÃO LEÔNIDAS MARQUES;410460002A;PR;Rua Catanduvas;-25,481;-53,606;2025-03-02 05:30:00.0;0,00
CAPITÃO LEÔNIDAS MARQUES;410460002A;PR;Rua Catanduvas;-25,481;-53,606;2025-03-02 06:30:00.0;0,00
CAPITÃO LEÔNIDAS MARQUES;410460002A;PR;Rua Catanduvas;-25,481;-53,606;2025-03-02 07:30:00.0;0,00
CAPITÃO LEÔNIDAS MARQUES;410460002A;PR;Rua Catanduvas;-25,481;-53,606;2025-03-02 08:30:00.0;0,00
CAPITÃO LEÔNIDAS MARQUES;410460002A;PR;Rua Catanduvas;-25,481;-53,606;2025-03-02 09:30:00.0;0,00
CAPITÃO LEÔNIDAS MARQUES;410460002A;PR;Rua Catanduvas;-25,481;-53,606;2025-03-02 10:30:00.0;0,00
CAPITÃO LEÔNIDAS MARQUES;410460002A;PR;Rua Catanduvas;-25,481;-53,606;2025-03-02 11:30:00.0;0,00
CAPITÃO LEÔNIDAS MARQUES;410460002A;PR;Rua Catanduvas;-25,481;-53,606;2025-03-02 12:30:00.0;0,00
CAPITÃO LEÔNIDAS MARQUES;410460002A;PR;Rua Catanduvas;-25,481;-53,606;2025-03-02 13:30:00.0;0,00
CAPITÃO LEÔNIDAS MARQUES;410460002A;PR;Rua Catanduvas;-25,481;-53,606;2025-03-02 14:30:00.0;0,00
CAPITÃO LEÔNIDAS MARQUES;410460002A;PR;Rua Catanduvas;-25,481;-53,606;2025-03-02 15:30:00.0;0,00
CAPITÃO LEÔNIDAS MARQUES;410460002A;PR;Rua Catanduvas;-25,481;-53,606;2025-03-02 16:30:00.0;0,00
CAPITÃO LEÔNIDAS MARQUES;410460002A;PR;Rua Catanduvas;-25,481;-53,606;2025-03-02 17:30:00.0;0,00
CAPITÃO LEÔNIDAS MARQUES;410460002A;PR;Rua Catanduvas;-25,481;-53,606;2025-03-02 18:30:00.0;0,00
CAPITÃO LEÔNIDAS MARQUES;410460002A;PR;Rua Catanduvas;-25,481;-53,606;2025-03-02 19:30:00.0;0,00
CAPITÃO LEÔNIDAS MARQUES;410460002A;PR;Rua Catanduvas;-25,481;-53,606;2025-03-02 20:30:00.0;0,00
CAPITÃO LEÔNIDAS MARQUES;410460002A;PR;Rua Catanduvas;-25,481;-53,606;2025-03-02 21:30:00.0;0,00
CAPITÃO LEÔNIDAS MARQUES;410460002A;PR;Rua Catanduvas;-25,481;-53,606;2025-03-02 22:30:00.0;0,00
CAPITÃO LEÔNIDAS MARQUES;410460002A;PR;Rua Catanduvas;-25,481;-53,606;2025-03-02 23:30:00.0;0,00
CAPITÃO LEÔNIDAS MARQUES;410460002A;PR;Rua Catanduvas;-25,481;-53,606;2025-03-03 00:30:00.0;0,00
CAPITÃO LEÔNIDAS MARQUES;410460002A;PR;Rua Catanduvas;-25,481;-53,606;2025-03-03 01:30:00.0;0,00
CAPITÃO LEÔNIDAS MARQUES;410460002A;PR;Rua Catanduvas;-25,481;-53,606;2025-03-03 02:30:00.0;0,00
CAPITÃO LEÔNIDAS MARQUES;410460002A;PR;Rua Catanduvas;-25,481;-53,606;2025-03-03 03:30:00.0;0,00
CAPITÃO LEÔNIDAS MARQUES;410460002A;PR;Rua Catanduvas;-25,481;-53,606;2025-03-03 04:30:00.0;0,00
CAPITÃO LEÔNIDAS MARQUES;410460002A;PR;Rua Catanduvas;-25,481;-53,606;2025-03-03 05:30:00.0;0,00
CAPITÃO LEÔNIDAS MARQUES;410460002A;PR;Rua Catanduvas;-25,481;-53,606;2025-03-03 06:30:00.0;0,00
CAPITÃO LEÔNIDAS MARQUES;410460002A;PR;Rua Catanduvas;-25,481;-53,606;2025-03-03 07:30:00.0;0,00
CAPITÃO LEÔNIDAS MARQUES;410460002A;PR;Rua Catanduvas;-25,481;-53,606;2025-03-03 08:30:00.0;0,00
CAPITÃO LEÔNIDAS MARQUES;410460002A;PR;Rua Catanduvas;-25,481;-53,606;2025-03-03 09:30:00.0;0,00
CAPITÃO LEÔNIDAS MARQUES;410460002A;PR;Rua Catanduvas;-25,481;-53,606;2025-03-03 10:30:00.0;0,00
CAPITÃO LEÔNIDAS MARQUES;410460002A;PR;Rua Catanduvas;-25,481;-53,606;2025-03-03 11:30:00.0;0,00
CAPITÃO LEÔNIDAS MARQUES;410460002A;PR;Rua Catanduvas;-25,481;-53,606;2025-03-03 12:30:00.0;0,00
CAPITÃO LEÔNIDAS MARQUES;410460002A;PR;Rua Catanduvas;-25,481;-53,606;2025-03-03 13:30:00.0;0,00
CAPITÃO LEÔNIDAS MARQUES;410460002A;PR;Rua Catanduvas;-25,481;-53,606;2025-03-03 14:30:00.0;0,00
CAPITÃO LEÔNIDAS MARQUES;410460002A;PR;Rua Catanduvas;-25,481;-53,606;2025-03-03 15:30:00.0;0,00
CAPITÃO LEÔNIDAS MARQUES;410460002A;PR;Rua Catanduvas;-25,481;-53,606;2025-03-03 16:30:00.0;0,00
CAPITÃO LEÔNIDAS MARQUES;410460002A;PR;Rua Catanduvas;-25,481;-53,606;2025-03-03 17:30:00.0;0,00
CAPITÃO LEÔNIDAS MARQUES;410460002A;PR;Rua Catanduvas;-25,481;-53,606;2025-03-03 18:30:00.0;0,00
CAPITÃO LEÔNIDAS MARQUES;410460002A;PR;Rua Catanduvas;-25,481;-53,606;2025-03-03 19:30:00.0;0,00
CAPITÃO LEÔNIDAS MARQUES;410460002A;PR;Rua Catanduvas;-25,481;-53,606;2025-03-03 20:30:00.0;0,00
CAPITÃO LEÔNIDAS MARQUES;410460002A;PR;Rua Catanduvas;-25,481;-53,606;2025-03-03 21:30:00.0;0,00
CAPITÃO LEÔNIDAS MARQUES;410460002A;PR;Rua Catanduvas;-25,481;-53,606;2025-03-03 22:30:00.0;0,00
CAPITÃO LEÔNIDAS MARQUES;410460002A;PR;Rua Catanduvas;-25,481;-53,606;2025-03-03 23:30:00.0;0,00
CAPITÃO LEÔNIDAS MARQUES;410460002A;PR;Rua Catanduvas;-25,481;-53,606;2025-03-04 00:30:00.0;0,00
CAPITÃO LEÔNIDAS MARQUES;410460002A;PR;Rua Catanduvas;-25,481;-53,606;2025-03-04 01:30:00.0;0,00
CAPITÃO LEÔNIDAS MARQUES;410460002A;PR;Rua Catanduvas;-25,481;-53,606;2025-03-04 02:30:00.0;0,00
CAPITÃO LEÔNIDAS MARQUES;410460002A;PR;Rua Catanduvas;-25,481;-53,606;2025-03-04 03:30:00.0;0,00
CAPITÃO LEÔNIDAS MARQUES;410460002A;PR;Rua Catanduvas;-25,481;-53,606;2025-03-04 04:30:00.0;0,00
CAPITÃO LEÔNIDAS MARQUES;410460002A;PR;Rua Catanduvas;-25,481;-53,606;2025-03-04 05:30:00.0;0,00
CAPITÃO LEÔNIDAS MARQUES;410460002A;PR;Rua Catanduvas;-25,481;-53,606;2025-03-04 06:30:00.0;0,00
CAPITÃO LEÔNIDAS MARQUES;410460002A;PR;Rua Catanduvas;-25,481;-53,606;2025-03-04 07:30:00.0;0,00
CAPITÃO LEÔNIDAS MARQUES;410460002A;PR;Rua Catanduvas;-25,481;-53,606;2025-03-04 08:30:00.0;0,00
CAPITÃO LEÔNIDAS MARQUES;410460002A;PR;Rua Catanduvas;-25,481;-53,606;2025-03-04 09:30:00.0;0,00
CAPITÃO LEÔNIDAS MARQUES;410460002A;PR;Rua Catanduvas;-25,481;-53,606;2025-03-04 10:30:00.0;0,00
CAPITÃO LEÔNIDAS MARQUES;410460002A;PR;Rua Catanduvas;-25,481;-53,606;2025-03-04 11:30:00.0;0,00
CAPITÃO LEÔNIDAS MARQUES;410460002A;PR;Rua Catanduvas;-25,481;-53,606;2025-03-04 12:30:00.0;0,00
CAPITÃO LEÔNIDAS MARQUES;410460002A;PR;Rua Catanduvas;-25,481;-53,606;2025-03-04 13:30:00.0;0,00
CAPITÃO LEÔNIDAS MARQUES;410460002A;PR;Rua Catanduvas;-25,481;-53,606;2025-03-04 14:30:00.0;0,00
CAPITÃO LEÔNIDAS MARQUES;410460002A;PR;Rua Catanduvas;-25,481;-53,606;2025-03-04 15:30:00.0;0,00
CAPITÃO LEÔNIDAS MARQUES;410460002A;PR;Rua Catanduvas;-25,481;-53,606;2025-03-04 16:30:00.0;0,00
CAPITÃO LEÔNIDAS MARQUES;410460002A;PR;Rua Catanduvas;-25,481;-53,606;2025-03-04 17:30:00.0;0,00
CAPITÃO LEÔNIDAS MARQUES;410460002A;PR;Rua Catanduvas;-25,481;-53,606;2025-03-04 18:30:00.0;0,00
CAPITÃO LEÔNIDAS MARQUES;410460002A;PR;Rua Catanduvas;-25,481;-53,606;2025-03-04 19:30:00.0;0,00
CAPITÃO LEÔNIDAS MARQUES;410460002A;PR;Rua Catanduvas;-25,481;-53,606;2025-03-04 20:30:00.0;0,00
CAPITÃO LEÔNIDAS MARQUES;410460002A;PR;Rua Catanduvas;-25,481;-53,606;2025-03-04 21:30:00.0;0,00
CAPITÃO LEÔNIDAS MARQUES;410460002A;PR;Rua Catanduvas;-25,481;-53,606;2025-03-04 22:30:00.0;0,00
CAPITÃO LEÔNIDAS MARQUES;410460002A;PR;Rua Catanduvas;-25,481;-53,606;2025-03-04 23:30:00.0;0,00
CAPITÃO LEÔNIDAS MARQUES;410460002A;PR;Rua Catanduvas;-25,481;-53,606;2025-03-05 00:30:00.0;0,00
CAPITÃO LEÔNIDAS MARQUES;410460002A;PR;Rua Catanduvas;-25,481;-53,606;2025-03-05 01:30:00.0;0,00
CAPITÃO LEÔNIDAS MARQUES;410460002A;PR;Rua Catanduvas;-25,481;-53,606;2025-03-05 02:30:00.0;0,00
CAPITÃO LEÔNIDAS MARQUES;410460002A;PR;Rua Catanduvas;-25,481;-53,606;2025-03-05 03:30:00.0;0,00
CAPITÃO LEÔNIDAS MARQUES;410460002A;PR;Rua Catanduvas;-25,481;-53,606;2025-03-05 04:30:00.0;0,00
CAPITÃO LEÔNIDAS MARQUES;410460002A;PR;Rua Catanduvas;-25,481;-53,606;2025-03-05 05:30:00.0;0,00
CAPITÃO LEÔNIDAS MARQUES;410460002A;PR;Rua Catanduvas;-25,481;-53,606;2025-03-05 06:30:00.0;0,00
CAPITÃO LEÔNIDAS MARQUES;410460002A;PR;Rua Catanduvas;-25,481;-53,606;2025-03-05 07:30:00.0;0,00
CAPITÃO LEÔNIDAS MARQUES;410460002A;PR;Rua Catanduvas;-25,481;-53,606;2025-03-05 08:30:00.0;0,00
CAPITÃO LEÔNIDAS MARQUES;410460002A;PR;Rua Catanduvas;-25,481;-53,606;2025-03-05 09:30:00.0;0,00
CAPITÃO LEÔNIDAS MARQUES;410460002A;PR;Rua Catanduvas;-25,481;-53,606;2025-03-05 10:30:00.0;0,00
CAPITÃO LEÔNIDAS MARQUES;410460002A;PR;Rua Catanduvas;-25,481;-53,606;2025-03-05 11:30:00.0;0,00
CAPITÃO LEÔNIDAS MARQUES;410460002A;PR;Rua Catanduvas;-25,481;-53,606;2025-03-05 12:30:00.0;0,00
CAPITÃO LEÔNIDAS MARQUES;410460002A;PR;Rua Catanduvas;-25,481;-53,606;2025-03-05 13:30:00.0;0,00
CAPITÃO LEÔNIDAS MARQUES;410460002A;PR;Rua Catanduvas;-25,481;-53,606;2025-03-05 14:30:00.0;0,00
CAPITÃO LEÔNIDAS MARQUES;410460002A;PR;Rua Catanduvas;-25,481;-53,606;2025-03-05 15:30:00.0;0,00
CAPITÃO LEÔNIDAS MARQUES;410460002A;PR;Rua Catanduvas;-25,481;-53,606;2025-03-05 16:30:00.0;0,00
CAPITÃO LEÔNIDAS MARQUES;410460002A;PR;Rua Catanduvas;-25,481;-53,606;2025-03-05 17:00:00.0;0,59
CAPITÃO LEÔNIDAS MARQUES;410460002A;PR;Rua Catanduvas;-25,481;-53,606;2025-03-05 17:10:00.0;1,77
CAPITÃO LEÔNIDAS MARQUES;410460002A;PR;Rua Catanduvas;-25,481;-53,606;2025-03-05 17:20:00.0;0,20
CAPITÃO LEÔNIDAS MARQUES;410460002A;PR;Rua Catanduvas;-25,481;-53,606;2025-03-05 17:30:00.0;0,00
CAPITÃO LEÔNIDAS MARQUES;410460002A;PR;Rua Catanduvas;-25,481;-53,606;2025-03-05 18:00:00.0;0,20
CAPITÃO LEÔNIDAS MARQUES;410460002A;PR;Rua Catanduvas;-25,481;-53,606;2025-03-05 18:10:00.0;0,20
CAPITÃO LEÔNIDAS MARQUES;410460002A;PR;Rua Catanduvas;-25,481;-53,606;2025-03-05 18:30:00.0;0,00
CAPITÃO LEÔNIDAS MARQUES;410460002A;PR;Rua Catanduvas;-25,481;-53,606;2025-03-05 19:10:00.0;0,39
CAPITÃO LEÔNIDAS MARQUES;410460002A;PR;Rua Catanduvas;-25,481;-53,606;2025-03-05 19:30:00.0;0,00
CAPITÃO LEÔNIDAS MARQUES;410460002A;PR;Rua Catanduvas;-25,481;-53,606;2025-03-05 20:30:00.0;0,00
CAPITÃO LEÔNIDAS MARQUES;410460002A;PR;Rua Catanduvas;-25,481;-53,606;2025-03-05 21:00:00.0;2,56
CAPITÃO LEÔNIDAS MARQUES;410460002A;PR;Rua Catanduvas;-25,481;-53,606;2025-03-05 21:20:00.0;0,20
CAPITÃO LEÔNIDAS MARQUES;410460002A;PR;Rua Catanduvas;-25,481;-53,606;2025-03-05 21:30:00.0;0,00
CAPITÃO LEÔNIDAS MARQUES;410460002A;PR;Rua Catanduvas;-25,481;-53,606;2025-03-05 22:30:00.0;0,00
CAPITÃO LEÔNIDAS MARQUES;410460002A;PR;Rua Catanduvas;-25,481;-53,606;2025-03-05 23:30:00.0;0,00
CAPITÃO LEÔNIDAS MARQUES;410460002A;PR;Rua Catanduvas;-25,481;-53,606;2025-03-06 00:30:00.0;0,00
CAPITÃO LEÔNIDAS MARQUES;410460002A;PR;Rua Catanduvas;-25,481;-53,606;2025-03-06 01:30:00.0;0,00
CAPITÃO LEÔNIDAS MARQUES;410460002A;PR;Rua Catanduvas;-25,481;-53,606;2025-03-06 02:30:00.0;0,00
CAPITÃO LEÔNIDAS MARQUES;410460002A;PR;Rua Catanduvas;-25,481;-53,606;2025-03-06 03:30:00.0;0,00
CAPITÃO LEÔNIDAS MARQUES;410460002A;PR;Rua Catanduvas;-25,481;-53,606;2025-03-06 04:30:00.0;0,00
CAPITÃO LEÔNIDAS MARQUES;410460002A;PR;Rua Catanduvas;-25,481;-53,606;2025-03-06 05:30:00.0;0,00
CAPITÃO LEÔNIDAS MARQUES;410460002A;PR;Rua Catanduvas;-25,481;-53,606;2025-03-06 06:30:00.0;0,00
CAPITÃO LEÔNIDAS MARQUES;410460002A;PR;Rua Catanduvas;-25,481;-53,606;2025-03-06 07:30:00.0;0,00
CAPITÃO LEÔNIDAS MARQUES;410460002A;PR;Rua Catanduvas;-25,481;-53,606;2025-03-06 08:30:00.0;0,00
CAPITÃO LEÔNIDAS MARQUES;410460002A;PR;Rua Catanduvas;-25,481;-53,606;2025-03-06 09:30:00.0;0,00
CAPITÃO LEÔNIDAS MARQUES;410460002A;PR;Rua Catanduvas;-25,481;-53,606;2025-03-06 10:30:00.0;0,00
CAPITÃO LEÔNIDAS MARQUES;410460002A;PR;Rua Catanduvas;-25,481;-53,606;2025-03-06 11:30:00.0;0,00
CAPITÃO LEÔNIDAS MARQUES;410460002A;PR;Rua Catanduvas;-25,481;-53,606;2025-03-06 12:30:00.0;0,00
CAPITÃO LEÔNIDAS MARQUES;410460002A;PR;Rua Catanduvas;-25,481;-53,606;2025-03-06 13:30:00.0;0,00
CAPITÃO LEÔNIDAS MARQUES;410460002A;PR;Rua Catanduvas;-25,481;-53,606;2025-03-06 14:30:00.0;0,00
CAPITÃO LEÔNIDAS MARQUES;410460002A;PR;Rua Catanduvas;-25,481;-53,606;2025-03-06 15:30:00.0;0,00
CAPITÃO LEÔNIDAS MARQUES;410460002A;PR;Rua Catanduvas;-25,481;-53,606;2025-03-06 16:30:00.0;0,00
CAPITÃO LEÔNIDAS MARQUES;410460002A;PR;Rua Catanduvas;-25,481;-53,606;2025-03-06 17:30:00.0;0,00
CAPITÃO LEÔNIDAS MARQUES;410460002A;PR;Rua Catanduvas;-25,481;-53,606;2025-03-06 18:30:00.0;0,00
CAPITÃO LEÔNIDAS MARQUES;410460002A;PR;Rua Catanduvas;-25,481;-53,606;2025-03-06 19:30:00.0;0,00
CAPITÃO LEÔNIDAS MARQUES;410460002A;PR;Rua Catanduvas;-25,481;-53,606;2025-03-06 20:30:00.0;0,00
CAPITÃO LEÔNIDAS MARQUES;410460002A;PR;Rua Catanduvas;-25,481;-53,606;2025-03-06 21:30:00.0;0,00
CAPITÃO LEÔNIDAS MARQUES;410460002A;PR;Rua Catanduvas;-25,481;-53,606;2025-03-06 22:30:00.0;0,00
CAPITÃO LEÔNIDAS MARQUES;410460002A;PR;Rua Catanduvas;-25,481;-53,606;2025-03-06 23:30:00.0;0,00
CAPITÃO LEÔNIDAS MARQUES;410460002A;PR;Rua Catanduvas;-25,481;-53,606;2025-03-07 00:30:00.0;0,00
CAPITÃO LEÔNIDAS MARQUES;410460002A;PR;Rua Catanduvas;-25,481;-53,606;2025-03-07 01:30:00.0;0,00
CAPITÃO LEÔNIDAS MARQUES;410460002A;PR;Rua Catanduvas;-25,481;-53,606;2025-03-07 02:30:00.0;0,00
CAPITÃO LEÔNIDAS MARQUES;410460002A;PR;Rua Catanduvas;-25,481;-53,606;2025-03-07 03:30:00.0;0,00
CAPITÃO LEÔNIDAS MARQUES;410460002A;PR;Rua Catanduvas;-25,481;-53,606;2025-03-07 04:30:00.0;0,00
CAPITÃO LEÔNIDAS MARQUES;410460002A;PR;Rua Catanduvas;-25,481;-53,606;2025-03-07 05:30:00.0;0,00
CAPITÃO LEÔNIDAS MARQUES;410460002A;PR;Rua Catanduvas;-25,481;-53,606;2025-03-07 06:30:00.0;0,00
CAPITÃO LEÔNIDAS MARQUES;410460002A;PR;Rua Catanduvas;-25,481;-53,606;2025-03-07 07:30:00.0;0,00
CAPITÃO LEÔNIDAS MARQUES;410460002A;PR;Rua Catanduvas;-25,481;-53,606;2025-03-07 08:30:00.0;0,00
CAPITÃO LEÔNIDAS MARQUES;410460002A;PR;Rua Catanduvas;-25,481;-53,606;2025-03-07 09:30:00.0;0,00
CAPITÃO LEÔNIDAS MARQUES;410460002A;PR;Rua Catanduvas;-25,481;-53,606;2025-03-07 10:30:00.0;0,00
CAPITÃO LEÔNIDAS MARQUES;410460002A;PR;Rua Catanduvas;-25,481;-53,606;2025-03-07 11:30:00.0;0,00
CAPITÃO LEÔNIDAS MARQUES;410460002A;PR;Rua Catanduvas;-25,481;-53,606;2025-03-07 13:30:00.0;0,00
CAPITÃO LEÔNIDAS MARQUES;410460002A;PR;Rua Catanduvas;-25,481;-53,606;2025-03-07 14:30:00.0;0,00
CAPITÃO LEÔNIDAS MARQUES;410460002A;PR;Rua Catanduvas;-25,481;-53,606;2025-03-07 15:30:00.0;0,00
CAPITÃO LEÔNIDAS MARQUES;410460002A;PR;Rua Catanduvas;-25,481;-53,606;2025-03-07 16:30:00.0;0,00
CAPITÃO LEÔNIDAS MARQUES;410460002A;PR;Rua Catanduvas;-25,481;-53,606;2025-03-07 17:30:00.0;0,00
CAPITÃO LEÔNIDAS MARQUES;410460002A;PR;Rua Catanduvas;-25,481;-53,606;2025-03-07 18:30:00.0;0,00
CAPITÃO LEÔNIDAS MARQUES;410460002A;PR;Rua Catanduvas;-25,481;-53,606;2025-03-07 19:30:00.0;0,00
CAPITÃO LEÔNIDAS MARQUES;410460002A;PR;Rua Catanduvas;-25,481;-53,606;2025-03-07 20:30:00.0;0,00
CAPITÃO LEÔNIDAS MARQUES;410460002A;PR;Rua Catanduvas;-25,481;-53,606;2025-03-07 21:30:00.0;0,00
CAPITÃO LEÔNIDAS MARQUES;410460002A;PR;Rua Catanduvas;-25,481;-53,606;2025-03-07 22:30:00.0;0,00
CAPITÃO LEÔNIDAS MARQUES;410460002A;PR;Rua Catanduvas;-25,481;-53,606;2025-03-07 23:30:00.0;0,00
CAPITÃO LEÔNIDAS MARQUES;410460002A;PR;Rua Catanduvas;-25,481;-53,606;2025-03-08 00:30:00.0;0,00
CAPITÃO LEÔNIDAS MARQUES;410460002A;PR;Rua Catanduvas;-25,481;-53,606;2025-03-08 01:30:00.0;0,00
CAPITÃO LEÔNIDAS MARQUES;410460002A;PR;Rua Catanduvas;-25,481;-53,606;2025-03-08 02:30:00.0;0,00
CAPITÃO LEÔNIDAS MARQUES;410460002A;PR;Rua Catanduvas;-25,481;-53,606;2025-03-08 03:30:00.0;0,00
CAPITÃO LEÔNIDAS MARQUES;410460002A;PR;Rua Catanduvas;-25,481;-53,606;2025-03-08 04:30:00.0;0,00
CAPITÃO LEÔNIDAS MARQUES;410460002A;PR;Rua Catanduvas;-25,481;-53,606;2025-03-08 05:30:00.0;0,00
CAPITÃO LEÔNIDAS MARQUES;410460002A;PR;Rua Catanduvas;-25,481;-53,606;2025-03-08 06:30:00.0;0,00
CAPITÃO LEÔNIDAS MARQUES;410460002A;PR;Rua Catanduvas;-25,481;-53,606;2025-03-08 07:30:00.0;0,00
CAPITÃO LEÔNIDAS MARQUES;410460002A;PR;Rua Catanduvas;-25,481;-53,606;2025-03-08 08:30:00.0;0,00
CAPITÃO LEÔNIDAS MARQUES;410460002A;PR;Rua Catanduvas;-25,481;-53,606;2025-03-08 09:30:00.0;0,00
CAPITÃO LEÔNIDAS MARQUES;410460002A;PR;Rua Catanduvas;-25,481;-53,606;2025-03-08 10:30:00.0;0,00
CAPITÃO LEÔNIDAS MARQUES;410460002A;PR;Rua Catanduvas;-25,481;-53,606;2025-03-08 11:30:00.0;0,00
CAPITÃO LEÔNIDAS MARQUES;410460002A;PR;Rua Catanduvas;-25,481;-53,606;2025-03-08 12:30:00.0;0,00
CAPITÃO LEÔNIDAS MARQUES;410460002A;PR;Rua Catanduvas;-25,481;-53,606;2025-03-08 13:30:00.0;0,00
CAPITÃO LEÔNIDAS MARQUES;410460002A;PR;Rua Catanduvas;-25,481;-53,606;2025-03-08 14:30:00.0;0,00
CAPITÃO LEÔNIDAS MARQUES;410460002A;PR;Rua Catanduvas;-25,481;-53,606;2025-03-08 15:30:00.0;0,00
CAPITÃO LEÔNIDAS MARQUES;410460002A;PR;Rua Catanduvas;-25,481;-53,606;2025-03-08 16:30:00.0;0,00
CAPITÃO LEÔNIDAS MARQUES;410460002A;PR;Rua Catanduvas;-25,481;-53,606;2025-03-08 17:30:00.0;0,00
CAPITÃO LEÔNIDAS MARQUES;410460002A;PR;Rua Catanduvas;-25,481;-53,606;2025-03-08 18:30:00.0;0,00
CAPITÃO LEÔNIDAS MARQUES;410460002A;PR;Rua Catanduvas;-25,481;-53,606;2025-03-08 19:30:00.0;0,00
CAPITÃO LEÔNIDAS MARQUES;410460002A;PR;Rua Catanduvas;-25,481;-53,606;2025-03-08 20:30:00.0;0,00
CAPITÃO LEÔNIDAS MARQUES;410460002A;PR;Rua Catanduvas;-25,481;-53,606;2025-03-08 21:30:00.0;0,00
CAPITÃO LEÔNIDAS MARQUES;410460002A;PR;Rua Catanduvas;-25,481;-53,606;2025-03-08 22:30:00.0;0,00
CAPITÃO LEÔNIDAS MARQUES;410460002A;PR;Rua Catanduvas;-25,481;-53,606;2025-03-08 23:30:00.0;0,00
CAPITÃO LEÔNIDAS MARQUES;410460002A;PR;Rua Catanduvas;-25,481;-53,606;2025-03-09 00:30:00.0;0,00
CAPITÃO LEÔNIDAS MARQUES;410460002A;PR;Rua Catanduvas;-25,481;-53,606;2025-03-09 01:30:00.0;0,00
CAPITÃO LEÔNIDAS MARQUES;410460002A;PR;Rua Catanduvas;-25,481;-53,606;2025-03-09 02:30:00.0;0,00
CAPITÃO LEÔNIDAS MARQUES;410460002A;PR;Rua Catanduvas;-25,481;-53,606;2025-03-09 03:30:00.0;0,00
CAPITÃO LEÔNIDAS MARQUES;410460002A;PR;Rua Catanduvas;-25,481;-53,606;2025-03-09 04:30:00.0;0,00
CAPITÃO LEÔNIDAS MARQUES;410460002A;PR;Rua Catanduvas;-25,481;-53,606;2025-03-09 05:30:00.0;0,00
CAPITÃO LEÔNIDAS MARQUES;410460002A;PR;Rua Catanduvas;-25,481;-53,606;2025-03-09 06:30:00.0;0,00
CAPITÃO LEÔNIDAS MARQUES;410460002A;PR;Rua Catanduvas;-25,481;-53,606;2025-03-09 07:30:00.0;0,00
CAPITÃO LEÔNIDAS MARQUES;410460002A;PR;Rua Catanduvas;-25,481;-53,606;2025-03-09 08:30:00.0;0,00
CAPITÃO LEÔNIDAS MARQUES;410460002A;PR;Rua Catanduvas;-25,481;-53,606;2025-03-09 09:30:00.0;0,00
CAPITÃO LEÔNIDAS MARQUES;410460002A;PR;Rua Catanduvas;-25,481;-53,606;2025-03-09 10:30:00.0;0,00
CAPITÃO LEÔNIDAS MARQUES;410460002A;PR;Rua Catanduvas;-25,481;-53,606;2025-03-09 11:30:00.0;0,00
CAPITÃO LEÔNIDAS MARQUES;410460002A;PR;Rua Catanduvas;-25,481;-53,606;2025-03-09 12:30:00.0;0,00
CAPITÃO LEÔNIDAS MARQUES;410460002A;PR;Rua Catanduvas;-25,481;-53,606;2025-03-09 13:30:00.0;0,00
CAPITÃO LEÔNIDAS MARQUES;410460002A;PR;Rua Catanduvas;-25,481;-53,606;2025-03-09 14:30:00.0;0,00
CAPITÃO LEÔNIDAS MARQUES;410460002A;PR;Rua Catanduvas;-25,481;-53,606;2025-03-09 15:30:00.0;0,00
CAPITÃO LEÔNIDAS MARQUES;410460002A;PR;Rua Catanduvas;-25,481;-53,606;2025-03-09 16:30:00.0;0,00
CAPITÃO LEÔNIDAS MARQUES;410460002A;PR;Rua Catanduvas;-25,481;-53,606;2025-03-09 17:30:00.0;0,00
CAPITÃO LEÔNIDAS MARQUES;410460002A;PR;Rua Catanduvas;-25,481;-53,606;2025-03-09 18:30:00.0;0,00
CAPITÃO LEÔNIDAS MARQUES;410460002A;PR;Rua Catanduvas;-25,481;-53,606;2025-03-09 19:30:00.0;0,00
CAPITÃO LEÔNIDAS MARQUES;410460002A;PR;Rua Catanduvas;-25,481;-53,606;2025-03-09 20:30:00.0;0,00
CAPITÃO LEÔNIDAS MARQUES;410460002A;PR;Rua Catanduvas;-25,481;-53,606;2025-03-09 21:30:00.0;0,00
CAPITÃO LEÔNIDAS MARQUES;410460002A;PR;Rua Catanduvas;-25,481;-53,606;2025-03-09 22:30:00.0;0,00
CAPITÃO LEÔNIDAS MARQUES;410460002A;PR;Rua Catanduvas;-25,481;-53,606;2025-03-09 23:30:00.0;0,00
CAPITÃO LEÔNIDAS MARQUES;410460002A;PR;Rua Catanduvas;-25,481;-53,606;2025-03-10 00:30:00.0;0,00
CAPITÃO LEÔNIDAS MARQUES;410460002A;PR;Rua Catanduvas;-25,481;-53,606;2025-03-10 01:30:00.0;0,00
CAPITÃO LEÔNIDAS MARQUES;410460002A;PR;Rua Catanduvas;-25,481;-53,606;2025-03-10 02:30:00.0;0,00
CAPITÃO LEÔNIDAS MARQUES;410460002A;PR;Rua Catanduvas;-25,481;-53,606;2025-03-10 03:30:00.0;0,00
CAPITÃO LEÔNIDAS MARQUES;410460002A;PR;Rua Catanduvas;-25,481;-53,606;2025-03-10 04:30:00.0;0,00
CAPITÃO LEÔNIDAS MARQUES;410460002A;PR;Rua Catanduvas;-25,481;-53,606;2025-03-10 05:30:00.0;0,00
CAPITÃO LEÔNIDAS MARQUES;410460002A;PR;Rua Catanduvas;-25,481;-53,606;2025-03-10 06:30:00.0;0,00
CAPITÃO LEÔNIDAS MARQUES;410460002A;PR;Rua Catanduvas;-25,481;-53,606;2025-03-10 07:30:00.0;0,00
CAPITÃO LEÔNIDAS MARQUES;410460002A;PR;Rua Catanduvas;-25,481;-53,606;2025-03-10 08:30:00.0;0,00
CAPITÃO LEÔNIDAS MARQUES;410460002A;PR;Rua Catanduvas;-25,481;-53,606;2025-03-10 09:30:00.0;0,00
CAPITÃO LEÔNIDAS MARQUES;410460002A;PR;Rua Catanduvas;-25,481;-53,606;2025-03-10 10:30:00.0;0,00
CAPITÃO LEÔNIDAS MARQUES;410460002A;PR;Rua Catanduvas;-25,481;-53,606;2025-03-10 11:30:00.0;0,00
CAPITÃO LEÔNIDAS MARQUES;410460002A;PR;Rua Catanduvas;-25,481;-53,606;2025-03-10 12:30:00.0;0,00
CAPITÃO LEÔNIDAS MARQUES;410460002A;PR;Rua Catanduvas;-25,481;-53,606;2025-03-10 13:30:00.0;0,00
CAPITÃO LEÔNIDAS MARQUES;410460002A;PR;Rua Catanduvas;-25,481;-53,606;2025-03-10 14:30:00.0;0,00
CAPITÃO LEÔNIDAS MARQUES;410460002A;PR;Rua Catanduvas;-25,481;-53,606;2025-03-10 15:30:00.0;0,00
CAPITÃO LEÔNIDAS MARQUES;410460002A;PR;Rua Catanduvas;-25,481;-53,606;2025-03-10 16:30:00.0;0,00
CAPITÃO LEÔNIDAS MARQUES;410460002A;PR;Rua Catanduvas;-25,481;-53,606;2025-03-10 17:30:00.0;0,00
CAPITÃO LEÔNIDAS MARQUES;410460002A;PR;Rua Catanduvas;-25,481;-53,606;2025-03-10 18:30:00.0;0,00
CAPITÃO LEÔNIDAS MARQUES;410460002A;PR;Rua Catanduvas;-25,481;-53,606;2025-03-10 19:30:00.0;0,00
CAPITÃO LEÔNIDAS MARQUES;410460002A;PR;Rua Catanduvas;-25,481;-53,606;2025-03-10 20:30:00.0;0,00
CAPITÃO LEÔNIDAS MARQUES;410460002A;PR;Rua Catanduvas;-25,481;-53,606;2025-03-10 21:30:00.0;0,00
CAPITÃO LEÔNIDAS MARQUES;410460002A;PR;Rua Catanduvas;-25,481;-53,606;2025-03-10 22:30:00.0;0,00
CAPITÃO LEÔNIDAS MARQUES;410460002A;PR;Rua Catanduvas;-25,481;-53,606;2025-03-10 23:30:00.0;0,00
CAPITÃO LEÔNIDAS MARQUES;410460002A;PR;Rua Catanduvas;-25,481;-53,606;2025-03-11 00:30:00.0;0,00
CAPITÃO LEÔNIDAS MARQUES;410460002A;PR;Rua Catanduvas;-25,481;-53,606;2025-03-11 01:30:00.0;0,00
CAPITÃO LEÔNIDAS MARQUES;410460002A;PR;Rua Catanduvas;-25,481;-53,606;2025-03-11 02:30:00.0;0,00
CAPITÃO LEÔNIDAS MARQUES;410460002A;PR;Rua Catanduvas;-25,481;-53,606;2025-03-11 03:30:00.0;0,00
CAPITÃO LEÔNIDAS MARQUES;410460002A;PR;Rua Catanduvas;-25,481;-53,606;2025-03-11 04:30:00.0;0,00
CAPITÃO LEÔNIDAS MARQUES;410460002A;PR;Rua Catanduvas;-25,481;-53,606;2025-03-11 05:30:00.0;0,00
CAPITÃO LEÔNIDAS MARQUES;410460002A;PR;Rua Catanduvas;-25,481;-53,606;2025-03-11 06:30:00.0;0,00
CAPITÃO LEÔNIDAS MARQUES;410460002A;PR;Rua Catanduvas;-25,481;-53,606;2025-03-11 07:30:00.0;0,00
CAPITÃO LEÔNIDAS MARQUES;410460002A;PR;Rua Catanduvas;-25,481;-53,606;2025-03-11 08:30:00.0;0,00
CAPITÃO LEÔNIDAS MARQUES;410460002A;PR;Rua Catanduvas;-25,481;-53,606;2025-03-11 09:30:00.0;0,00
CAPITÃO LEÔNIDAS MARQUES;410460002A;PR;Rua Catanduvas;-25,481;-53,606;2025-03-11 10:30:00.0;0,00
CAPITÃO LEÔNIDAS MARQUES;410460002A;PR;Rua Catanduvas;-25,481;-53,606;2025-03-11 11:30:00.0;0,00
CAPITÃO LEÔNIDAS MARQUES;410460002A;PR;Rua Catanduvas;-25,481;-53,606;2025-03-11 12:30:00.0;0,00
CAPITÃO LEÔNIDAS MARQUES;410460002A;PR;Rua Catanduvas;-25,481;-53,606;2025-03-11 13:30:00.0;0,00
CAPITÃO LEÔNIDAS MARQUES;410460002A;PR;Rua Catanduvas;-25,481;-53,606;2025-03-11 14:10:00.0;0,39
CAPITÃO LEÔNIDAS MARQUES;410460002A;PR;Rua Catanduvas;-25,481;-53,606;2025-03-11 14:30:00.0;0,00
CAPITÃO LEÔNIDAS MARQUES;410460002A;PR;Rua Catanduvas;-25,481;-53,606;2025-03-11 15:30:00.0;0,00
CAPITÃO LEÔNIDAS MARQUES;410460002A;PR;Rua Catanduvas;-25,481;-53,606;2025-03-11 16:30:00.0;0,00
CAPITÃO LEÔNIDAS MARQUES;410460002A;PR;Rua Catanduvas;-25,481;-53,606;2025-03-11 17:20:00.0;0,39
CAPITÃO LEÔNIDAS MARQUES;410460002A;PR;Rua Catanduvas;-25,481;-53,606;2025-03-11 17:30:00.0;0,59
CAPITÃO LEÔNIDAS MARQUES;410460002A;PR;Rua Catanduvas;-25,481;-53,606;2025-03-11 17:40:00.0;0,39
CAPITÃO LEÔNIDAS MARQUES;410460002A;PR;Rua Catanduvas;-25,481;-53,606;2025-03-11 17:50:00.0;1,18
CAPITÃO LEÔNIDAS MARQUES;410460002A;PR;Rua Catanduvas;-25,481;-53,606;2025-03-11 18:00:00.0;0,79
CAPITÃO LEÔNIDAS MARQUES;410460002A;PR;Rua Catanduvas;-25,481;-53,606;2025-03-11 18:10:00.0;0,20
CAPITÃO LEÔNIDAS MARQUES;410460002A;PR;Rua Catanduvas;-25,481;-53,606;2025-03-11 18:20:00.0;0,39
CAPITÃO LEÔNIDAS MARQUES;410460002A;PR;Rua Catanduvas;-25,481;-53,606;2025-03-11 18:30:00.0;0,79
CAPITÃO LEÔNIDAS MARQUES;410460002A;PR;Rua Catanduvas;-25,481;-53,606;2025-03-11 18:40:00.0;0,20
CAPITÃO LEÔNIDAS MARQUES;410460002A;PR;Rua Catanduvas;-25,481;-53,606;2025-03-11 19:00:00.0;0,20
CAPITÃO LEÔNIDAS MARQUES;410460002A;PR;Rua Catanduvas;-25,481;-53,606;2025-03-11 19:30:00.0;0,00
CAPITÃO LEÔNIDAS MARQUES;410460002A;PR;Rua Catanduvas;-25,481;-53,606;2025-03-11 19:50:00.0;0,20
CAPITÃO LEÔNIDAS MARQUES;410460002A;PR;Rua Catanduvas;-25,481;-53,606;2025-03-11 20:00:00.0;0,20
CAPITÃO LEÔNIDAS MARQUES;410460002A;PR;Rua Catanduvas;-25,481;-53,606;2025-03-11 20:30:00.0;0,00
CAPITÃO LEÔNIDAS MARQUES;410460002A;PR;Rua Catanduvas;-25,481;-53,606;2025-03-11 20:40:00.0;0,20
CAPITÃO LEÔNIDAS MARQUES;410460002A;PR;Rua Catanduvas;-25,481;-53,606;2025-03-11 21:20:00.0;0,20
CAPITÃO LEÔNIDAS MARQUES;410460002A;PR;Rua Catanduvas;-25,481;-53,606;2025-03-11 21:30:00.0;0,00
CAPITÃO LEÔNIDAS MARQUES;410460002A;PR;Rua Catanduvas;-25,481;-53,606;2025-03-11 22:00:00.0;0,20
CAPITÃO LEÔNIDAS MARQUES;410460002A;PR;Rua Catanduvas;-25,481;-53,606;2025-03-11 22:20:00.0;0,20
CAPITÃO LEÔNIDAS MARQUES;410460002A;PR;Rua Catanduvas;-25,481;-53,606;2025-03-11 22:30:00.0;0,00
CAPITÃO LEÔNIDAS MARQUES;410460002A;PR;Rua Catanduvas;-25,481;-53,606;2025-03-11 23:30:00.0;0,00
CAPITÃO LEÔNIDAS MARQUES;410460002A;PR;Rua Catanduvas;-25,481;-53,606;2025-03-12 00:30:00.0;0,00
CAPITÃO LEÔNIDAS MARQUES;410460002A;PR;Rua Catanduvas;-25,481;-53,606;2025-03-12 01:30:00.0;0,00
CAPITÃO LEÔNIDAS MARQUES;410460002A;PR;Rua Catanduvas;-25,481;-53,606;2025-03-12 02:30:00.0;0,00
CAPITÃO LEÔNIDAS MARQUES;410460002A;PR;Rua Catanduvas;-25,481;-53,606;2025-03-12 03:30:00.0;0,00
CAPITÃO LEÔNIDAS MARQUES;410460002A;PR;Rua Catanduvas;-25,481;-53,606;2025-03-12 04:30:00.0;0,00
CAPITÃO LEÔNIDAS MARQUES;410460002A;PR;Rua Catanduvas;-25,481;-53,606;2025-03-12 05:30:00.0;0,00
CAPITÃO LEÔNIDAS MARQUES;410460002A;PR;Rua Catanduvas;-25,481;-53,606;2025-03-12 06:30:00.0;0,00
CAPITÃO LEÔNIDAS MARQUES;410460002A;PR;Rua Catanduvas;-25,481;-53,606;2025-03-12 07:30:00.0;0,00
CAPITÃO LEÔNIDAS MARQUES;410460002A;PR;Rua Catanduvas;-25,481;-53,606;2025-03-12 08:30:00.0;0,00
CAPITÃO LEÔNIDAS MARQUES;410460002A;PR;Rua Catanduvas;-25,481;-53,606;2025-03-12 09:30:00.0;0,00
CAPITÃO LEÔNIDAS MARQUES;410460002A;PR;Rua Catanduvas;-25,481;-53,606;2025-03-12 10:30:00.0;0,00
CAPITÃO LEÔNIDAS MARQUES;410460002A;PR;Rua Catanduvas;-25,481;-53,606;2025-03-12 11:30:00.0;0,00
CAPITÃO LEÔNIDAS MARQUES;410460002A;PR;Rua Catanduvas;-25,481;-53,606;2025-03-12 12:30:00.0;0,00
CAPITÃO LEÔNIDAS MARQUES;410460002A;PR;Rua Catanduvas;-25,481;-53,606;2025-03-12 13:30:00.0;0,00
CAPITÃO LEÔNIDAS MARQUES;410460002A;PR;Rua Catanduvas;-25,481;-53,606;2025-03-12 14:20:00.0;0,20
CAPITÃO LEÔNIDAS MARQUES;410460002A;PR;Rua Catanduvas;-25,481;-53,606;2025-03-12 14:30:00.0;0,00
CAPITÃO LEÔNIDAS MARQUES;410460002A;PR;Rua Catanduvas;-25,481;-53,606;2025-03-12 15:30:00.0;0,00
CAPITÃO LEÔNIDAS MARQUES;410460002A;PR;Rua Catanduvas;-25,481;-53,606;2025-03-12 16:30:00.0;0,00
CAPITÃO LEÔNIDAS MARQUES;410460002A;PR;Rua Catanduvas;-25,481;-53,606;2025-03-12 17:30:00.0;0,00
CAPITÃO LEÔNIDAS MARQUES;410460002A;PR;Rua Catanduvas;-25,481;-53,606;2025-03-12 18:30:00.0;0,00
CAPITÃO LEÔNIDAS MARQUES;410460002A;PR;Rua Catanduvas;-25,481;-53,606;2025-03-12 19:30:00.0;0,00
CAPITÃO LEÔNIDAS MARQUES;410460002A;PR;Rua Catanduvas;-25,481;-53,606;2025-03-12 20:30:00.0;0,00
CAPITÃO LEÔNIDAS MARQUES;410460002A;PR;Rua Catanduvas;-25,481;-53,606;2025-03-12 21:30:00.0;0,00
CAPITÃO LEÔNIDAS MARQUES;410460002A;PR;Rua Catanduvas;-25,481;-53,606;2025-03-12 22:30:00.0;0,00
CAPITÃO LEÔNIDAS MARQUES;410460002A;PR;Rua Catanduvas;-25,481;-53,606;2025-03-12 23:30:00.0;0,00
CAPITÃO LEÔNIDAS MARQUES;410460002A;PR;Rua Catanduvas;-25,481;-53,606;2025-03-13 00:30:00.0;0,00
CAPITÃO LEÔNIDAS MARQUES;410460002A;PR;Rua Catanduvas;-25,481;-53,606;2025-03-13 01:30:00.0;0,00
CAPITÃO LEÔNIDAS MARQUES;410460002A;PR;Rua Catanduvas;-25,481;-53,606;2025-03-13 03:30:00.0;0,00
CAPITÃO LEÔNIDAS MARQUES;410460002A;PR;Rua Catanduvas;-25,481;-53,606;2025-03-13 04:30:00.0;0,00
CAPITÃO LEÔNIDAS MARQUES;410460002A;PR;Rua Catanduvas;-25,481;-53,606;2025-03-13 05:30:00.0;0,00
CAPITÃO LEÔNIDAS MARQUES;410460002A;PR;Rua Catanduvas;-25,481;-53,606;2025-03-13 06:30:00.0;0,00
CAPITÃO LEÔNIDAS MARQUES;410460002A;PR;Rua Catanduvas;-25,481;-53,606;2025-03-13 07:30:00.0;0,00
CAPITÃO LEÔNIDAS MARQUES;410460002A;PR;Rua Catanduvas;-25,481;-53,606;2025-03-13 08:30:00.0;0,00
CAPITÃO LEÔNIDAS MARQUES;410460002A;PR;Rua Catanduvas;-25,481;-53,606;2025-03-13 09:30:00.0;0,00
CAPITÃO LEÔNIDAS MARQUES;410460002A;PR;Rua Catanduvas;-25,481;-53,606;2025-03-13 10:30:00.0;0,00
CAPITÃO LEÔNIDAS MARQUES;410460002A;PR;Rua Catanduvas;-25,481;-53,606;2025-03-13 11:30:00.0;0,00
CAPITÃO LEÔNIDAS MARQUES;410460002A;PR;Rua Catanduvas;-25,481;-53,606;2025-03-13 12:30:00.0;0,00
CAPITÃO LEÔNIDAS MARQUES;410460002A;PR;Rua Catanduvas;-25,481;-53,606;2025-03-13 13:30:00.0;0,00
CAPITÃO LEÔNIDAS MARQUES;410460002A;PR;Rua Catanduvas;-25,481;-53,606;2025-03-13 14:30:00.0;0,00
CAPITÃO LEÔNIDAS MARQUES;410460002A;PR;Rua Catanduvas;-25,481;-53,606;2025-03-13 16:30:00.0;0,00
CAPITÃO LEÔNIDAS MARQUES;410460002A;PR;Rua Catanduvas;-25,481;-53,606;2025-03-13 17:30:00.0;0,00
CAPITÃO LEÔNIDAS MARQUES;410460002A;PR;Rua Catanduvas;-25,481;-53,606;2025-03-13 18:30:00.0;0,00
CAPITÃO LEÔNIDAS MARQUES;410460002A;PR;Rua Catanduvas;-25,481;-53,606;2025-03-13 19:30:00.0;0,00
CAPITÃO LEÔNIDAS MARQUES;410460002A;PR;Rua Catanduvas;-25,481;-53,606;2025-03-13 20:30:00.0;0,00
CAPITÃO LEÔNIDAS MARQUES;410460002A;PR;Rua Catanduvas;-25,481;-53,606;2025-03-13 21:30:00.0;0,00
CAPITÃO LEÔNIDAS MARQUES;410460002A;PR;Rua Catanduvas;-25,481;-53,606;2025-03-13 22:30:00.0;0,00
CAPITÃO LEÔNIDAS MARQUES;410460002A;PR;Rua Catanduvas;-25,481;-53,606;2025-03-13 23:30:00.0;0,00
CAPITÃO LEÔNIDAS MARQUES;410460002A;PR;Rua Catanduvas;-25,481;-53,606;2025-03-14 00:30:00.0;0,00
CAPITÃO LEÔNIDAS MARQUES;410460002A;PR;Rua Catanduvas;-25,481;-53,606;2025-03-14 01:30:00.0;0,00
CAPITÃO LEÔNIDAS MARQUES;410460002A;PR;Rua Catanduvas;-25,481;-53,606;2025-03-14 02:30:00.0;0,00
CAPITÃO LEÔNIDAS MARQUES;410460002A;PR;Rua Catanduvas;-25,481;-53,606;2025-03-14 03:30:00.0;0,00
CAPITÃO LEÔNIDAS MARQUES;410460002A;PR;Rua Catanduvas;-25,481;-53,606;2025-03-14 04:30:00.0;0,00
CAPITÃO LEÔNIDAS MARQUES;410460002A;PR;Rua Catanduvas;-25,481;-53,606;2025-03-14 05:30:00.0;0,00
CAPITÃO LEÔNIDAS MARQUES;410460002A;PR;Rua Catanduvas;-25,481;-53,606;2025-03-14 06:30:00.0;0,00
CAPITÃO LEÔNIDAS MARQUES;410460002A;PR;Rua Catanduvas;-25,481;-53,606;2025-03-14 07:30:00.0;0,00
CAPITÃO LEÔNIDAS MARQUES;410460002A;PR;Rua Catanduvas;-25,481;-53,606;2025-03-14 08:30:00.0;0,00
CAPITÃO LEÔNIDAS MARQUES;410460002A;PR;Rua Catanduvas;-25,481;-53,606;2025-03-14 09:30:00.0;0,00
CAPITÃO LEÔNIDAS MARQUES;410460002A;PR;Rua Catanduvas;-25,481;-53,606;2025-03-14 10:30:00.0;0,00
CAPITÃO LEÔNIDAS MARQUES;410460002A;PR;Rua Catanduvas;-25,481;-53,606;2025-03-14 11:30:00.0;0,00
CAPITÃO LEÔNIDAS MARQUES;410460002A;PR;Rua Catanduvas;-25,481;-53,606;2025-03-14 12:30:00.0;0,00
CAPITÃO LEÔNIDAS MARQUES;410460002A;PR;Rua Catanduvas;-25,481;-53,606;2025-03-14 14:30:00.0;0,00
CAPITÃO LEÔNIDAS MARQUES;410460002A;PR;Rua Catanduvas;-25,481;-53,606;2025-03-14 15:30:00.0;0,00
CAPITÃO LEÔNIDAS MARQUES;410460002A;PR;Rua Catanduvas;-25,481;-53,606;2025-03-14 16:30:00.0;0,00
CAPITÃO LEÔNIDAS MARQUES;410460002A;PR;Rua Catanduvas;-25,481;-53,606;2025-03-14 17:30:00.0;0,00
CAPITÃO LEÔNIDAS MARQUES;410460002A;PR;Rua Catanduvas;-25,481;-53,606;2025-03-14 18:30:00.0;0,00
CAPITÃO LEÔNIDAS MARQUES;410460002A;PR;Rua Catanduvas;-25,481;-53,606;2025-03-14 19:30:00.0;0,00
CAPITÃO LEÔNIDAS MARQUES;410460002A;PR;Rua Catanduvas;-25,481;-53,606;2025-03-14 20:30:00.0;0,00
CAPITÃO LEÔNIDAS MARQUES;410460002A;PR;Rua Catanduvas;-25,481;-53,606;2025-03-14 21:30:00.0;0,00
CAPITÃO LEÔNIDAS MARQUES;410460002A;PR;Rua Catanduvas;-25,481;-53,606;2025-03-14 22:30:00.0;0,00
CAPITÃO LEÔNIDAS MARQUES;410460002A;PR;Rua Catanduvas;-25,481;-53,606;2025-03-14 23:30:00.0;0,00
CAPITÃO LEÔNIDAS MARQUES;410460002A;PR;Rua Catanduvas;-25,481;-53,606;2025-03-15 00:30:00.0;0,00
CAPITÃO LEÔNIDAS MARQUES;410460002A;PR;Rua Catanduvas;-25,481;-53,606;2025-03-15 01:30:00.0;0,00
CAPITÃO LEÔNIDAS MARQUES;410460002A;PR;Rua Catanduvas;-25,481;-53,606;2025-03-15 02:30:00.0;0,00
CAPITÃO LEÔNIDAS MARQUES;410460002A;PR;Rua Catanduvas;-25,481;-53,606;2025-03-15 03:30:00.0;0,00
CAPITÃO LEÔNIDAS MARQUES;410460002A;PR;Rua Catanduvas;-25,481;-53,606;2025-03-15 04:30:00.0;0,00
CAPITÃO LEÔNIDAS MARQUES;410460002A;PR;Rua Catanduvas;-25,481;-53,606;2025-03-15 05:30:00.0;0,00
CAPITÃO LEÔNIDAS MARQUES;410460002A;PR;Rua Catanduvas;-25,481;-53,606;2025-03-15 06:30:00.0;0,00
CAPITÃO LEÔNIDAS MARQUES;410460002A;PR;Rua Catanduvas;-25,481;-53,606;2025-03-15 07:30:00.0;0,00
CAPITÃO LEÔNIDAS MARQUES;410460002A;PR;Rua Catanduvas;-25,481;-53,606;2025-03-15 08:30:00.0;0,00
CAPITÃO LEÔNIDAS MARQUES;410460002A;PR;Rua Catanduvas;-25,481;-53,606;2025-03-15 09:30:00.0;0,00
CAPITÃO LEÔNIDAS MARQUES;410460002A;PR;Rua Catanduvas;-25,481;-53,606;2025-03-15 10:30:00.0;0,00
CAPITÃO LEÔNIDAS MARQUES;410460002A;PR;Rua Catanduvas;-25,481;-53,606;2025-03-15 11:30:00.0;0,00
CAPITÃO LEÔNIDAS MARQUES;410460002A;PR;Rua Catanduvas;-25,481;-53,606;2025-03-15 12:30:00.0;0,00
CAPITÃO LEÔNIDAS MARQUES;410460002A;PR;Rua Catanduvas;-25,481;-53,606;2025-03-15 14:30:00.0;0,00
CAPITÃO LEÔNIDAS MARQUES;410460002A;PR;Rua Catanduvas;-25,481;-53,606;2025-03-15 15:30:00.0;0,00
CAPITÃO LEÔNIDAS MARQUES;410460002A;PR;Rua Catanduvas;-25,481;-53,606;2025-03-15 16:30:00.0;0,42
CAPITÃO LEÔNIDAS MARQUES;410460002A;PR;Rua Catanduvas;-25,481;-53,606;2025-03-15 17:30:00.0;0,00
CAPITÃO LEÔNIDAS MARQUES;410460002A;PR;Rua Catanduvas;-25,481;-53,606;2025-03-15 18:30:00.0;0,00
CAPITÃO LEÔNIDAS MARQUES;410460002A;PR;Rua Catanduvas;-25,481;-53,606;2025-03-15 19:30:00.0;0,00
CAPITÃO LEÔNIDAS MARQUES;410460002A;PR;Rua Catanduvas;-25,481;-53,606;2025-03-15 20:30:00.0;0,00
CAPITÃO LEÔNIDAS MARQUES;410460002A;PR;Rua Catanduvas;-25,481;-53,606;2025-03-15 21:30:00.0;0,00
CAPITÃO LEÔNIDAS MARQUES;410460002A;PR;Rua Catanduvas;-25,481;-53,606;2025-03-15 22:30:00.0;0,00
CAPITÃO LEÔNIDAS MARQUES;410460002A;PR;Rua Catanduvas;-25,481;-53,606;2025-03-15 23:30:00.0;0,00
CAPITÃO LEÔNIDAS MARQUES;410460002A;PR;Rua Catanduvas;-25,481;-53,606;2025-03-16 00:30:00.0;0,00
CAPITÃO LEÔNIDAS MARQUES;410460002A;PR;Rua Catanduvas;-25,481;-53,606;2025-03-16 01:30:00.0;0,00
CAPITÃO LEÔNIDAS MARQUES;410460002A;PR;Rua Catanduvas;-25,481;-53,606;2025-03-16 02:30:00.0;0,00
CAPITÃO LEÔNIDAS MARQUES;410460002A;PR;Rua Catanduvas;-25,481;-53,606;2025-03-16 03:30:00.0;0,00
CAPITÃO LEÔNIDAS MARQUES;410460002A;PR;Rua Catanduvas;-25,481;-53,606;2025-03-16 04:30:00.0;0,00
CAPITÃO LEÔNIDAS MARQUES;410460002A;PR;Rua Catanduvas;-25,481;-53,606;2025-03-16 05:30:00.0;0,00
CAPITÃO LEÔNIDAS MARQUES;410460002A;PR;Rua Catanduvas;-25,481;-53,606;2025-03-16 06:30:00.0;0,00
CAPITÃO LEÔNIDAS MARQUES;410460002A;PR;Rua Catanduvas;-25,481;-53,606;2025-03-16 07:30:00.0;0,00
CAPITÃO LEÔNIDAS MARQUES;410460002A;PR;Rua Catanduvas;-25,481;-53,606;2025-03-16 08:30:00.0;0,00
CAPITÃO LEÔNIDAS MARQUES;410460002A;PR;Rua Catanduvas;-25,481;-53,606;2025-03-16 09:30:00.0;0,00
CAPITÃO LEÔNIDAS MARQUES;410460002A;PR;Rua Catanduvas;-25,481;-53,606;2025-03-16 10:30:00.0;0,00
CAPITÃO LEÔNIDAS MARQUES;410460002A;PR;Rua Catanduvas;-25,481;-53,606;2025-03-16 11:30:00.0;0,00
CAPITÃO LEÔNIDAS MARQUES;410460002A;PR;Rua Catanduvas;-25,481;-53,606;2025-03-16 12:30:00.0;0,00
CAPITÃO LEÔNIDAS MARQUES;410460002A;PR;Rua Catanduvas;-25,481;-53,606;2025-03-16 13:30:00.0;0,00
CAPITÃO LEÔNIDAS MARQUES;410460002A;PR;Rua Catanduvas;-25,481;-53,606;2025-03-16 14:30:00.0;0,00
CAPITÃO LEÔNIDAS MARQUES;410460002A;PR;Rua Catanduvas;-25,481;-53,606;2025-03-16 15:30:00.0;0,00
CAPITÃO LEÔNIDAS MARQUES;410460002A;PR;Rua Catanduvas;-25,481;-53,606;2025-03-16 16:30:00.0;0,00
CAPITÃO LEÔNIDAS MARQUES;410460002A;PR;Rua Catanduvas;-25,481;-53,606;2025-03-16 17:30:00.0;0,00
CAPITÃO LEÔNIDAS MARQUES;410460002A;PR;Rua Catanduvas;-25,481;-53,606;2025-03-16 18:30:00.0;0,00
CAPITÃO LEÔNIDAS MARQUES;410460002A;PR;Rua Catanduvas;-25,481;-53,606;2025-03-16 19:30:00.0;0,00
CAPITÃO LEÔNIDAS MARQUES;410460002A;PR;Rua Catanduvas;-25,481;-53,606;2025-03-16 20:30:00.0;0,00
CAPITÃO LEÔNIDAS MARQUES;410460002A;PR;Rua Catanduvas;-25,481;-53,606;2025-03-16 21:30:00.0;0,00
CAPITÃO LEÔNIDAS MARQUES;410460002A;PR;Rua Catanduvas;-25,481;-53,606;2025-03-16 22:30:00.0;0,00
CAPITÃO LEÔNIDAS MARQUES;410460002A;PR;Rua Catanduvas;-25,481;-53,606;2025-03-16 23:30:00.0;0,00
CAPITÃO LEÔNIDAS MARQUES;410460002A;PR;Rua Catanduvas;-25,481;-53,606;2025-03-17 00:30:00.0;0,00
CAPITÃO LEÔNIDAS MARQUES;410460002A;PR;Rua Catanduvas;-25,481;-53,606;2025-03-17 01:30:00.0;0,00
CAPITÃO LEÔNIDAS MARQUES;410460002A;PR;Rua Catanduvas;-25,481;-53,606;2025-03-17 02:30:00.0;0,00
CAPITÃO LEÔNIDAS MARQUES;410460002A;PR;Rua Catanduvas;-25,481;-53,606;2025-03-17 03:30:00.0;0,00
CAPITÃO LEÔNIDAS MARQUES;410460002A;PR;Rua Catanduvas;-25,481;-53,606;2025-03-17 04:30:00.0;0,00
CAPITÃO LEÔNIDAS MARQUES;410460002A;PR;Rua Catanduvas;-25,481;-53,606;2025-03-17 05:30:00.0;0,00
CAPITÃO LEÔNIDAS MARQUES;410460002A;PR;Rua Catanduvas;-25,481;-53,606;2025-03-17 06:30:00.0;0,00
CAPITÃO LEÔNIDAS MARQUES;410460002A;PR;Rua Catanduvas;-25,481;-53,606;2025-03-17 07:30:00.0;0,00
CAPITÃO LEÔNIDAS MARQUES;410460002A;PR;Rua Catanduvas;-25,481;-53,606;2025-03-17 08:30:00.0;0,00
CAPITÃO LEÔNIDAS MARQUES;410460002A;PR;Rua Catanduvas;-25,481;-53,606;2025-03-17 09:30:00.0;0,00
CAPITÃO LEÔNIDAS MARQUES;410460002A;PR;Rua Catanduvas;-25,481;-53,606;2025-03-17 10:30:00.0;0,00
CAPITÃO LEÔNIDAS MARQUES;410460002A;PR;Rua Catanduvas;-25,481;-53,606;2025-03-17 11:30:00.0;0,00
CAPITÃO LEÔNIDAS MARQUES;410460002A;PR;Rua Catanduvas;-25,481;-53,606;2025-03-17 12:30:00.0;0,00
CAPITÃO LEÔNIDAS MARQUES;410460002A;PR;Rua Catanduvas;-25,481;-53,606;2025-03-17 13:30:00.0;0,00
CAPITÃO LEÔNIDAS MARQUES;410460002A;PR;Rua Catanduvas;-25,481;-53,606;2025-03-17 14:30:00.0;0,00
CAPITÃO LEÔNIDAS MARQUES;410460002A;PR;Rua Catanduvas;-25,481;-53,606;2025-03-17 15:30:00.0;0,00
CAPITÃO LEÔNIDAS MARQUES;410460002A;PR;Rua Catanduvas;-25,481;-53,606;2025-03-17 16:30:00.0;0,00
CAPITÃO LEÔNIDAS MARQUES;410460002A;PR;Rua Catanduvas;-25,481;-53,606;2025-03-17 17:30:00.0;0,00
CAPITÃO LEÔNIDAS MARQUES;410460002A;PR;Rua Catanduvas;-25,481;-53,606;2025-03-17 18:30:00.0;0,00
CAPITÃO LEÔNIDAS MARQUES;410460002A;PR;Rua Catanduvas;-25,481;-53,606;2025-03-17 19:30:00.0;0,00
CAPITÃO LEÔNIDAS MARQUES;410460002A;PR;Rua Catanduvas;-25,481;-53,606;2025-03-17 20:30:00.0;0,00
CAPITÃO LEÔNIDAS MARQUES;410460002A;PR;Rua Catanduvas;-25,481;-53,606;2025-03-17 21:30:00.0;0,00
CAPITÃO LEÔNIDAS MARQUES;410460002A;PR;Rua Catanduvas;-25,481;-53,606;2025-03-17 22:30:00.0;0,00
CAPITÃO LEÔNIDAS MARQUES;410460002A;PR;Rua Catanduvas;-25,481;-53,606;2025-03-17 23:30:00.0;0,00
CAPITÃO LEÔNIDAS MARQUES;410460002A;PR;Rua Catanduvas;-25,481;-53,606;2025-03-18 00:30:00.0;0,00
CAPITÃO LEÔNIDAS MARQUES;410460002A;PR;Rua Catanduvas;-25,481;-53,606;2025-03-18 01:30:00.0;0,00
CAPITÃO LEÔNIDAS MARQUES;410460002A;PR;Rua Catanduvas;-25,481;-53,606;2025-03-18 02:30:00.0;0,00
CAPITÃO LEÔNIDAS MARQUES;410460002A;PR;Rua Catanduvas;-25,481;-53,606;2025-03-18 03:30:00.0;0,00
CAPITÃO LEÔNIDAS MARQUES;410460002A;PR;Rua Catanduvas;-25,481;-53,606;2025-03-18 04:30:00.0;0,00
CAPITÃO LEÔNIDAS MARQUES;410460002A;PR;Rua Catanduvas;-25,481;-53,606;2025-03-18 05:30:00.0;0,00
CAPITÃO LEÔNIDAS MARQUES;410460002A;PR;Rua Catanduvas;-25,481;-53,606;2025-03-18 06:30:00.0;0,00
CAPITÃO LEÔNIDAS MARQUES;410460002A;PR;Rua Catanduvas;-25,481;-53,606;2025-03-18 07:30:00.0;0,00
CAPITÃO LEÔNIDAS MARQUES;410460002A;PR;Rua Catanduvas;-25,481;-53,606;2025-03-18 08:30:00.0;0,00
CAPITÃO LEÔNIDAS MARQUES;410460002A;PR;Rua Catanduvas;-25,481;-53,606;2025-03-18 09:30:00.0;0,00
CAPITÃO LEÔNIDAS MARQUES;410460002A;PR;Rua Catanduvas;-25,481;-53,606;2025-03-18 10:30:00.0;0,00
CAPITÃO LEÔNIDAS MARQUES;410460002A;PR;Rua Catanduvas;-25,481;-53,606;2025-03-18 11:00:00.0;0,39
CAPITÃO LEÔNIDAS MARQUES;410460002A;PR;Rua Catanduvas;-25,481;-53,606;2025-03-18 11:30:00.0;0,00
CAPITÃO LEÔNIDAS MARQUES;410460002A;PR;Rua Catanduvas;-25,481;-53,606;2025-03-18 12:30:00.0;0,00
CAPITÃO LEÔNIDAS MARQUES;410460002A;PR;Rua Catanduvas;-25,481;-53,606;2025-03-18 13:30:00.0;0,00
CAPITÃO LEÔNIDAS MARQUES;410460002A;PR;Rua Catanduvas;-25,481;-53,606;2025-03-18 14:30:00.0;0,00
CAPITÃO LEÔNIDAS MARQUES;410460002A;PR;Rua Catanduvas;-25,481;-53,606;2025-03-18 15:30:00.0;0,00
CAPITÃO LEÔNIDAS MARQUES;410460002A;PR;Rua Catanduvas;-25,481;-53,606;2025-03-18 16:30:00.0;0,00
CAPITÃO LEÔNIDAS MARQUES;410460002A;PR;Rua Catanduvas;-25,481;-53,606;2025-03-18 17:30:00.0;0,00
CAPITÃO LEÔNIDAS MARQUES;410460002A;PR;Rua Catanduvas;-25,481;-53,606;2025-03-18 18:30:00.0;0,00
CAPITÃO LEÔNIDAS MARQUES;410460002A;PR;Rua Catanduvas;-25,481;-53,606;2025-03-18 19:30:00.0;0,00
CAPITÃO LEÔNIDAS MARQUES;410460002A;PR;Rua Catanduvas;-25,481;-53,606;2025-03-18 20:30:00.0;0,00
CAPITÃO LEÔNIDAS MARQUES;410460002A;PR;Rua Catanduvas;-25,481;-53,606;2025-03-18 21:30:00.0;0,00
CAPITÃO LEÔNIDAS MARQUES;410460002A;PR;Rua Catanduvas;-25,481;-53,606;2025-03-18 22:30:00.0;0,00
CAPITÃO LEÔNIDAS MARQUES;410460002A;PR;Rua Catanduvas;-25,481;-53,606;2025-03-18 23:30:00.0;0,00
CAPITÃO LEÔNIDAS MARQUES;410460002A;PR;Rua Catanduvas;-25,481;-53,606;2025-03-19 00:30:00.0;0,00
CAPITÃO LEÔNIDAS MARQUES;410460002A;PR;Rua Catanduvas;-25,481;-53,606;2025-03-19 01:30:00.0;0,00
CAPITÃO LEÔNIDAS MARQUES;410460002A;PR;Rua Catanduvas;-25,481;-53,606;2025-03-19 02:30:00.0;0,00
CAPITÃO LEÔNIDAS MARQUES;410460002A;PR;Rua Catanduvas;-25,481;-53,606;2025-03-19 03:30:00.0;0,00
CAPITÃO LEÔNIDAS MARQUES;410460002A;PR;Rua Catanduvas;-25,481;-53,606;2025-03-19 04:30:00.0;0,00
CAPITÃO LEÔNIDAS MARQUES;410460002A;PR;Rua Catanduvas;-25,481;-53,606;2025-03-19 05:30:00.0;0,00
CAPITÃO LEÔNIDAS MARQUES;410460002A;PR;Rua Catanduvas;-25,481;-53,606;2025-03-19 06:30:00.0;0,00
CAPITÃO LEÔNIDAS MARQUES;410460002A;PR;Rua Catanduvas;-25,481;-53,606;2025-03-19 07:30:00.0;0,00
CAPITÃO LEÔNIDAS MARQUES;410460002A;PR;Rua Catanduvas;-25,481;-53,606;2025-03-19 08:30:00.0;0,00
CAPITÃO LEÔNIDAS MARQUES;410460002A;PR;Rua Catanduvas;-25,481;-53,606;2025-03-19 09:30:00.0;0,00
CAPITÃO LEÔNIDAS MARQUES;410460002A;PR;Rua Catanduvas;-25,481;-53,606;2025-03-19 10:30:00.0;0,00
CAPITÃO LEÔNIDAS MARQUES;410460002A;PR;Rua Catanduvas;-25,481;-53,606;2025-03-19 11:30:00.0;0,00
CAPITÃO LEÔNIDAS MARQUES;410460002A;PR;Rua Catanduvas;-25,481;-53,606;2025-03-19 12:30:00.0;0,00
CAPITÃO LEÔNIDAS MARQUES;410460002A;PR;Rua Catanduvas;-25,481;-53,606;2025-03-19 13:30:00.0;0,00
CAPITÃO LEÔNIDAS MARQUES;410460002A;PR;Rua Catanduvas;-25,481;-53,606;2025-03-19 14:30:00.0;0,00
CAPITÃO LEÔNIDAS MARQUES;410460002A;PR;Rua Catanduvas;-25,481;-53,606;2025-03-19 15:30:00.0;0,00
CAPITÃO LEÔNIDAS MARQUES;410460002A;PR;Rua Catanduvas;-25,481;-53,606;2025-03-19 17:00:00.0;0,00
CAPITÃO LEÔNIDAS MARQUES;410460002A;PR;Rua Catanduvas;-25,481;-53,606;2025-03-19 17:30:00.0;0,00
CAPITÃO LEÔNIDAS MARQUES;410460002A;PR;Rua Catanduvas;-25,481;-53,606;2025-03-19 18:30:00.0;0,00
CAPITÃO LEÔNIDAS MARQUES;410460002A;PR;Rua Catanduvas;-25,481;-53,606;2025-03-19 19:30:00.0;0,00
CAPITÃO LEÔNIDAS MARQUES;410460002A;PR;Rua Catanduvas;-25,481;-53,606;2025-03-19 20:30:00.0;0,00
CAPITÃO LEÔNIDAS MARQUES;410460002A;PR;Rua Catanduvas;-25,481;-53,606;2025-03-19 21:30:00.0;0,00
CAPITÃO LEÔNIDAS MARQUES;410460002A;PR;Rua Catanduvas;-25,481;-53,606;2025-03-19 22:30:00.0;0,00
CAPITÃO LEÔNIDAS MARQUES;410460002A;PR;Rua Catanduvas;-25,481;-53,606;2025-03-19 23:30:00.0;0,00
CAPITÃO LEÔNIDAS MARQUES;410460002A;PR;Rua Catanduvas;-25,481;-53,606;2025-03-20 00:30:00.0;0,00
CAPITÃO LEÔNIDAS MARQUES;410460002A;PR;Rua Catanduvas;-25,481;-53,606;2025-03-20 01:30:00.0;0,00
CAPITÃO LEÔNIDAS MARQUES;410460002A;PR;Rua Catanduvas;-25,481;-53,606;2025-03-20 02:30:00.0;0,00
CAPITÃO LEÔNIDAS MARQUES;410460002A;PR;Rua Catanduvas;-25,481;-53,606;2025-03-20 03:30:00.0;0,00
CAPITÃO LEÔNIDAS MARQUES;410460002A;PR;Rua Catanduvas;-25,481;-53,606;2025-03-20 04:30:00.0;0,00
CAPITÃO LEÔNIDAS MARQUES;410460002A;PR;Rua Catanduvas;-25,481;-53,606;2025-03-20 05:30:00.0;0,00
CAPITÃO LEÔNIDAS MARQUES;410460002A;PR;Rua Catanduvas;-25,481;-53,606;2025-03-20 06:30:00.0;0,00
CAPITÃO LEÔNIDAS MARQUES;410460002A;PR;Rua Catanduvas;-25,481;-53,606;2025-03-20 07:30:00.0;0,00
CAPITÃO LEÔNIDAS MARQUES;410460002A;PR;Rua Catanduvas;-25,481;-53,606;2025-03-20 08:30:00.0;0,00
CAPITÃO LEÔNIDAS MARQUES;410460002A;PR;Rua Catanduvas;-25,481;-53,606;2025-03-20 09:30:00.0;0,00
CAPITÃO LEÔNIDAS MARQUES;410460002A;PR;Rua Catanduvas;-25,481;-53,606;2025-03-20 10:30:00.0;0,00
CAPITÃO LEÔNIDAS MARQUES;410460002A;PR;Rua Catanduvas;-25,481;-53,606;2025-03-20 11:30:00.0;0,00
CAPITÃO LEÔNIDAS MARQUES;410460002A;PR;Rua Catanduvas;-25,481;-53,606;2025-03-20 12:30:00.0;0,00
CAPITÃO LEÔNIDAS MARQUES;410460002A;PR;Rua Catanduvas;-25,481;-53,606;2025-03-20 13:30:00.0;0,00
CAPITÃO LEÔNIDAS MARQUES;410460002A;PR;Rua Catanduvas;-25,481;-53,606;2025-03-20 14:30:00.0;0,00
CAPITÃO LEÔNIDAS MARQUES;410460002A;PR;Rua Catanduvas;-25,481;-53,606;2025-03-20 15:30:00.0;0,00
CAPITÃO LEÔNIDAS MARQUES;410460002A;PR;Rua Catanduvas;-25,481;-53,606;2025-03-20 16:30:00.0;0,00
CAPITÃO LEÔNIDAS MARQUES;410460002A;PR;Rua Catanduvas;-25,481;-53,606;2025-03-20 17:30:00.0;0,00
CAPITÃO LEÔNIDAS MARQUES;410460002A;PR;Rua Catanduvas;-25,481;-53,606;2025-03-20 18:30:00.0;0,00
CAPITÃO LEÔNIDAS MARQUES;410460002A;PR;Rua Catanduvas;-25,481;-53,606;2025-03-20 19:30:00.0;0,00
CAPITÃO LEÔNIDAS MARQUES;410460002A;PR;Rua Catanduvas;-25,481;-53,606;2025-03-20 20:30:00.0;0,00
CAPITÃO LEÔNIDAS MARQUES;410460002A;PR;Rua Catanduvas;-25,481;-53,606;2025-03-20 21:30:00.0;0,00
CAPITÃO LEÔNIDAS MARQUES;410460002A;PR;Rua Catanduvas;-25,481;-53,606;2025-03-20 23:30:00.0;0,00
CAPITÃO LEÔNIDAS MARQUES;410460002A;PR;Rua Catanduvas;-25,481;-53,606;2025-03-21 00:30:00.0;0,00
CAPITÃO LEÔNIDAS MARQUES;410460002A;PR;Rua Catanduvas;-25,481;-53,606;2025-03-21 01:30:00.0;0,00
CAPITÃO LEÔNIDAS MARQUES;410460002A;PR;Rua Catanduvas;-25,481;-53,606;2025-03-21 02:30:00.0;0,00
CAPITÃO LEÔNIDAS MARQUES;410460002A;PR;Rua Catanduvas;-25,481;-53,606;2025-03-21 03:30:00.0;0,00
CAPITÃO LEÔNIDAS MARQUES;410460002A;PR;Rua Catanduvas;-25,481;-53,606;2025-03-21 04:30:00.0;0,00
CAPITÃO LEÔNIDAS MARQUES;410460002A;PR;Rua Catanduvas;-25,481;-53,606;2025-03-21 05:30:00.0;0,00
CAPITÃO LEÔNIDAS MARQUES;410460002A;PR;Rua Catanduvas;-25,481;-53,606;2025-03-21 06:30:00.0;0,00
CAPITÃO LEÔNIDAS MARQUES;410460002A;PR;Rua Catanduvas;-25,481;-53,606;2025-03-21 07:30:00.0;0,00
CAPITÃO LEÔNIDAS MARQUES;410460002A;PR;Rua Catanduvas;-25,481;-53,606;2025-03-21 08:30:00.0;0,00
CAPITÃO LEÔNIDAS MARQUES;410460002A;PR;Rua Catanduvas;-25,481;-53,606;2025-03-21 09:30:00.0;0,00
CAPITÃO LEÔNIDAS MARQUES;410460002A;PR;Rua Catanduvas;-25,481;-53,606;2025-03-21 10:30:00.0;0,00
CAPITÃO LEÔNIDAS MARQUES;410460002A;PR;Rua Catanduvas;-25,481;-53,606;2025-03-21 11:30:00.0;0,00
CAPITÃO LEÔNIDAS MARQUES;410460002A;PR;Rua Catanduvas;-25,481;-53,606;2025-03-21 12:30:00.0;0,00
CAPITÃO LEÔNIDAS MARQUES;410460002A;PR;Rua Catanduvas;-25,481;-53,606;2025-03-21 13:30:00.0;0,00
CAPITÃO LEÔNIDAS MARQUES;410460002A;PR;Rua Catanduvas;-25,481;-53,606;2025-03-21 14:30:00.0;0,00
CAPITÃO LEÔNIDAS MARQUES;410460002A;PR;Rua Catanduvas;-25,481;-53,606;2025-03-21 15:30:00.0;0,00
CAPITÃO LEÔNIDAS MARQUES;410460002A;PR;Rua Catanduvas;-25,481;-53,606;2025-03-21 16:30:00.0;0,00
CAPITÃO LEÔNIDAS MARQUES;410460002A;PR;Rua Catanduvas;-25,481;-53,606;2025-03-21 17:30:00.0;0,00
CAPITÃO LEÔNIDAS MARQUES;410460002A;PR;Rua Catanduvas;-25,481;-53,606;2025-03-21 18:30:00.0;0,00
CAPITÃO LEÔNIDAS MARQUES;410460002A;PR;Rua Catanduvas;-25,481;-53,606;2025-03-21 19:30:00.0;0,00
CAPITÃO LEÔNIDAS MARQUES;410460002A;PR;Rua Catanduvas;-25,481;-53,606;2025-03-21 20:30:00.0;0,00
CAPITÃO LEÔNIDAS MARQUES;410460002A;PR;Rua Catanduvas;-25,481;-53,606;2025-03-21 21:30:00.0;0,00
CAPITÃO LEÔNIDAS MARQUES;410460002A;PR;Rua Catanduvas;-25,481;-53,606;2025-03-21 22:30:00.0;0,00
CAPITÃO LEÔNIDAS MARQUES;410460002A;PR;Rua Catanduvas;-25,481;-53,606;2025-03-21 23:30:00.0;0,00
CAPITÃO LEÔNIDAS MARQUES;410460002A;PR;Rua Catanduvas;-25,481;-53,606;2025-03-22 00:30:00.0;0,00
CAPITÃO LEÔNIDAS MARQUES;410460002A;PR;Rua Catanduvas;-25,481;-53,606;2025-03-22 01:30:00.0;0,00
CAPITÃO LEÔNIDAS MARQUES;410460002A;PR;Rua Catanduvas;-25,481;-53,606;2025-03-22 02:30:00.0;0,00
CAPITÃO LEÔNIDAS MARQUES;410460002A;PR;Rua Catanduvas;-25,481;-53,606;2025-03-22 03:30:00.0;0,00
CAPITÃO LEÔNIDAS MARQUES;410460002A;PR;Rua Catanduvas;-25,481;-53,606;2025-03-22 04:30:00.0;0,00
CAPITÃO LEÔNIDAS MARQUES;410460002A;PR;Rua Catanduvas;-25,481;-53,606;2025-03-22 05:30:00.0;0,00
CAPITÃO LEÔNIDAS MARQUES;410460002A;PR;Rua Catanduvas;-25,481;-53,606;2025-03-22 06:30:00.0;0,00
CAPITÃO LEÔNIDAS MARQUES;410460002A;PR;Rua Catanduvas;-25,481;-53,606;2025-03-22 07:30:00.0;0,00
CAPITÃO LEÔNIDAS MARQUES;410460002A;PR;Rua Catanduvas;-25,481;-53,606;2025-03-22 08:30:00.0;0,00
CAPITÃO LEÔNIDAS MARQUES;410460002A;PR;Rua Catanduvas;-25,481;-53,606;2025-03-22 09:30:00.0;0,00
CAPITÃO LEÔNIDAS MARQUES;410460002A;PR;Rua Catanduvas;-25,481;-53,606;2025-03-22 10:30:00.0;0,00
CAPITÃO LEÔNIDAS MARQUES;410460002A;PR;Rua Catanduvas;-25,481;-53,606;2025-03-22 11:30:00.0;0,00
CAPITÃO LEÔNIDAS MARQUES;410460002A;PR;Rua Catanduvas;-25,481;-53,606;2025-03-22 12:30:00.0;0,00
CAPITÃO LEÔNIDAS MARQUES;410460002A;PR;Rua Catanduvas;-25,481;-53,606;2025-03-22 13:30:00.0;0,00
CAPITÃO LEÔNIDAS MARQUES;410460002A;PR;Rua Catanduvas;-25,481;-53,606;2025-03-22 14:30:00.0;0,00
CAPITÃO LEÔNIDAS MARQUES;410460002A;PR;Rua Catanduvas;-25,481;-53,606;2025-03-22 15:30:00.0;0,00
CAPITÃO LEÔNIDAS MARQUES;410460002A;PR;Rua Catanduvas;-25,481;-53,606;2025-03-22 16:30:00.0;0,00
CAPITÃO LEÔNIDAS MARQUES;410460002A;PR;Rua Catanduvas;-25,481;-53,606;2025-03-22 17:30:00.0;0,00
CAPITÃO LEÔNIDAS MARQUES;410460002A;PR;Rua Catanduvas;-25,481;-53,606;2025-03-22 18:30:00.0;0,00
CAPITÃO LEÔNIDAS MARQUES;410460002A;PR;Rua Catanduvas;-25,481;-53,606;2025-03-22 19:30:00.0;0,00
CAPITÃO LEÔNIDAS MARQUES;410460002A;PR;Rua Catanduvas;-25,481;-53,606;2025-03-22 20:30:00.0;0,00
CAPITÃO LEÔNIDAS MARQUES;410460002A;PR;Rua Catanduvas;-25,481;-53,606;2025-03-22 21:30:00.0;0,00
CAPITÃO LEÔNIDAS MARQUES;410460002A;PR;Rua Catanduvas;-25,481;-53,606;2025-03-22 22:30:00.0;0,00
CAPITÃO LEÔNIDAS MARQUES;410460002A;PR;Rua Catanduvas;-25,481;-53,606;2025-03-22 23:30:00.0;0,00
CAPITÃO LEÔNIDAS MARQUES;410460002A;PR;Rua Catanduvas;-25,481;-53,606;2025-03-23 00:30:00.0;0,00
CAPITÃO LEÔNIDAS MARQUES;410460002A;PR;Rua Catanduvas;-25,481;-53,606;2025-03-23 01:30:00.0;0,00
CAPITÃO LEÔNIDAS MARQUES;410460002A;PR;Rua Catanduvas;-25,481;-53,606;2025-03-23 02:30:00.0;0,00
CAPITÃO LEÔNIDAS MARQUES;410460002A;PR;Rua Catanduvas;-25,481;-53,606;2025-03-23 03:30:00.0;0,00
CAPITÃO LEÔNIDAS MARQUES;410460002A;PR;Rua Catanduvas;-25,481;-53,606;2025-03-23 04:30:00.0;0,00
CAPITÃO LEÔNIDAS MARQUES;410460002A;PR;Rua Catanduvas;-25,481;-53,606;2025-03-23 05:30:00.0;0,00
CAPITÃO LEÔNIDAS MARQUES;410460002A;PR;Rua Catanduvas;-25,481;-53,606;2025-03-23 06:30:00.0;0,00
CAPITÃO LEÔNIDAS MARQUES;410460002A;PR;Rua Catanduvas;-25,481;-53,606;2025-03-23 07:30:00.0;0,00
CAPITÃO LEÔNIDAS MARQUES;410460002A;PR;Rua Catanduvas;-25,481;-53,606;2025-03-23 08:30:00.0;0,00
CAPITÃO LEÔNIDAS MARQUES;410460002A;PR;Rua Catanduvas;-25,481;-53,606;2025-03-23 09:30:00.0;0,00
CAPITÃO LEÔNIDAS MARQUES;410460002A;PR;Rua Catanduvas;-25,481;-53,606;2025-03-23 09:40:00.0;0,79
CAPITÃO LEÔNIDAS MARQUES;410460002A;PR;Rua Catanduvas;-25,481;-53,606;2025-03-23 09:50:00.0;0,20
CAPITÃO LEÔNIDAS MARQUES;410460002A;PR;Rua Catanduvas;-25,481;-53,606;2025-03-23 10:30:00.0;0,00
CAPITÃO LEÔNIDAS MARQUES;410460002A;PR;Rua Catanduvas;-25,481;-53,606;2025-03-23 11:30:00.0;0,00
CAPITÃO LEÔNIDAS MARQUES;410460002A;PR;Rua Catanduvas;-25,481;-53,606;2025-03-23 12:30:00.0;0,00
CAPITÃO LEÔNIDAS MARQUES;410460002A;PR;Rua Catanduvas;-25,481;-53,606;2025-03-23 13:30:00.0;0,00
CAPITÃO LEÔNIDAS MARQUES;410460002A;PR;Rua Catanduvas;-25,481;-53,606;2025-03-23 14:30:00.0;0,00
CAPITÃO LEÔNIDAS MARQUES;410460002A;PR;Rua Catanduvas;-25,481;-53,606;2025-03-23 15:30:00.0;0,00
CAPITÃO LEÔNIDAS MARQUES;410460002A;PR;Rua Catanduvas;-25,481;-53,606;2025-03-23 16:30:00.0;0,00
CAPITÃO LEÔNIDAS MARQUES;410460002A;PR;Rua Catanduvas;-25,481;-53,606;2025-03-23 17:30:00.0;0,00
CAPITÃO LEÔNIDAS MARQUES;410460002A;PR;Rua Catanduvas;-25,481;-53,606;2025-03-23 18:30:00.0;0,00
CAPITÃO LEÔNIDAS MARQUES;410460002A;PR;Rua Catanduvas;-25,481;-53,606;2025-03-23 19:30:00.0;0,00
CAPITÃO LEÔNIDAS MARQUES;410460002A;PR;Rua Catanduvas;-25,481;-53,606;2025-03-23 20:30:00.0;0,00
CAPITÃO LEÔNIDAS MARQUES;410460002A;PR;Rua Catanduvas;-25,481;-53,606;2025-03-23 21:30:00.0;0,00
CAPITÃO LEÔNIDAS MARQUES;410460002A;PR;Rua Catanduvas;-25,481;-53,606;2025-03-23 22:30:00.0;0,00
CAPITÃO LEÔNIDAS MARQUES;410460002A;PR;Rua Catanduvas;-25,481;-53,606;2025-03-23 23:30:00.0;0,00
CAPITÃO LEÔNIDAS MARQUES;410460002A;PR;Rua Catanduvas;-25,481;-53,606;2025-03-24 00:30:00.0;0,00
CAPITÃO LEÔNIDAS MARQUES;410460002A;PR;Rua Catanduvas;-25,481;-53,606;2025-03-24 01:30:00.0;0,00
CAPITÃO LEÔNIDAS MARQUES;410460002A;PR;Rua Catanduvas;-25,481;-53,606;2025-03-24 02:30:00.0;0,00
CAPITÃO LEÔNIDAS MARQUES;410460002A;PR;Rua Catanduvas;-25,481;-53,606;2025-03-24 03:30:00.0;0,00
CAPITÃO LEÔNIDAS MARQUES;410460002A;PR;Rua Catanduvas;-25,481;-53,606;2025-03-24 04:30:00.0;0,00
CAPITÃO LEÔNIDAS MARQUES;410460002A;PR;Rua Catanduvas;-25,481;-53,606;2025-03-24 05:30:00.0;0,00
CAPITÃO LEÔNIDAS MARQUES;410460002A;PR;Rua Catanduvas;-25,481;-53,606;2025-03-24 06:30:00.0;0,00
CAPITÃO LEÔNIDAS MARQUES;410460002A;PR;Rua Catanduvas;-25,481;-53,606;2025-03-24 07:30:00.0;0,00
CAPITÃO LEÔNIDAS MARQUES;410460002A;PR;Rua Catanduvas;-25,481;-53,606;2025-03-24 08:30:00.0;0,00
CAPITÃO LEÔNIDAS MARQUES;410460002A;PR;Rua Catanduvas;-25,481;-53,606;2025-03-24 09:30:00.0;0,00
CAPITÃO LEÔNIDAS MARQUES;410460002A;PR;Rua Catanduvas;-25,481;-53,606;2025-03-24 10:30:00.0;0,00
CAPITÃO LEÔNIDAS MARQUES;410460002A;PR;Rua Catanduvas;-25,481;-53,606;2025-03-24 11:30:00.0;0,00
CAPITÃO LEÔNIDAS MARQUES;410460002A;PR;Rua Catanduvas;-25,481;-53,606;2025-03-24 12:30:00.0;0,00
CAPITÃO LEÔNIDAS MARQUES;410460002A;PR;Rua Catanduvas;-25,481;-53,606;2025-03-24 13:30:00.0;0,00
CAPITÃO LEÔNIDAS MARQUES;410460002A;PR;Rua Catanduvas;-25,481;-53,606;2025-03-24 14:30:00.0;0,00
CAPITÃO LEÔNIDAS MARQUES;410460002A;PR;Rua Catanduvas;-25,481;-53,606;2025-03-24 15:30:00.0;0,00
CAPITÃO LEÔNIDAS MARQUES;410460002A;PR;Rua Catanduvas;-25,481;-53,606;2025-03-24 16:30:00.0;0,00
CAPITÃO LEÔNIDAS MARQUES;410460002A;PR;Rua Catanduvas;-25,481;-53,606;2025-03-24 17:30:00.0;0,00
CAPITÃO LEÔNIDAS MARQUES;410460002A;PR;Rua Catanduvas;-25,481;-53,606;2025-03-24 18:30:00.0;0,00
CAPITÃO LEÔNIDAS MARQUES;410460002A;PR;Rua Catanduvas;-25,481;-53,606;2025-03-24 19:30:00.0;0,00
CAPITÃO LEÔNIDAS MARQUES;410460002A;PR;Rua Catanduvas;-25,481;-53,606;2025-03-24 20:30:00.0;0,00
CAPITÃO LEÔNIDAS MARQUES;410460002A;PR;Rua Catanduvas;-25,481;-53,606;2025-03-24 21:30:00.0;0,00
CAPITÃO LEÔNIDAS MARQUES;410460002A;PR;Rua Catanduvas;-25,481;-53,606;2025-03-24 22:30:00.0;0,00
CAPITÃO LEÔNIDAS MARQUES;410460002A;PR;Rua Catanduvas;-25,481;-53,606;2025-03-24 23:30:00.0;0,00
CAPITÃO LEÔNIDAS MARQUES;410460002A;PR;Rua Catanduvas;-25,481;-53,606;2025-03-25 00:30:00.0;0,00
CAPITÃO LEÔNIDAS MARQUES;410460002A;PR;Rua Catanduvas;-25,481;-53,606;2025-03-25 01:30:00.0;0,00
CAPITÃO LEÔNIDAS MARQUES;410460002A;PR;Rua Catanduvas;-25,481;-53,606;2025-03-25 02:30:00.0;0,00
CAPITÃO LEÔNIDAS MARQUES;410460002A;PR;Rua Catanduvas;-25,481;-53,606;2025-03-25 03:30:00.0;0,00
CAPITÃO LEÔNIDAS MARQUES;410460002A;PR;Rua Catanduvas;-25,481;-53,606;2025-03-25 04:30:00.0;0,00
CAPITÃO LEÔNIDAS MARQUES;410460002A;PR;Rua Catanduvas;-25,481;-53,606;2025-03-25 05:30:00.0;0,00
CAPITÃO LEÔNIDAS MARQUES;410460002A;PR;Rua Catanduvas;-25,481;-53,606;2025-03-25 06:30:00.0;0,00
CAPITÃO LEÔNIDAS MARQUES;410460002A;PR;Rua Catanduvas;-25,481;-53,606;2025-03-25 07:30:00.0;0,00
CAPITÃO LEÔNIDAS MARQUES;410460002A;PR;Rua Catanduvas;-25,481;-53,606;2025-03-25 08:30:00.0;0,00
CAPITÃO LEÔNIDAS MARQUES;410460002A;PR;Rua Catanduvas;-25,481;-53,606;2025-03-25 09:30:00.0;0,00
CAPITÃO LEÔNIDAS MARQUES;410460002A;PR;Rua Catanduvas;-25,481;-53,606;2025-03-25 10:30:00.0;0,00
CAPITÃO LEÔNIDAS MARQUES;410460002A;PR;Rua Catanduvas;-25,481;-53,606;2025-03-25 11:30:00.0;0,00
CAPITÃO LEÔNIDAS MARQUES;410460002A;PR;Rua Catanduvas;-25,481;-53,606;2025-03-25 12:30:00.0;0,00
CAPITÃO LEÔNIDAS MARQUES;410460002A;PR;Rua Catanduvas;-25,481;-53,606;2025-03-25 13:30:00.0;0,00
CAPITÃO LEÔNIDAS MARQUES;410460002A;PR;Rua Catanduvas;-25,481;-53,606;2025-03-25 14:30:00.0;0,00
CAPITÃO LEÔNIDAS MARQUES;410460002A;PR;Rua Catanduvas;-25,481;-53,606;2025-03-25 16:00:00.0;0,00
CAPITÃO LEÔNIDAS MARQUES;410460002A;PR;Rua Catanduvas;-25,481;-53,606;2025-03-25 16:30:00.0;0,00
CAPITÃO LEÔNIDAS MARQUES;410460002A;PR;Rua Catanduvas;-25,481;-53,606;2025-03-25 17:30:00.0;0,00
CAPITÃO LEÔNIDAS MARQUES;410460002A;PR;Rua Catanduvas;-25,481;-53,606;2025-03-25 18:30:00.0;0,00
CAPITÃO LEÔNIDAS MARQUES;410460002A;PR;Rua Catanduvas;-25,481;-53,606;2025-03-25 19:30:00.0;0,00
CAPITÃO LEÔNIDAS MARQUES;410460002A;PR;Rua Catanduvas;-25,481;-53,606;2025-03-25 20:20:00.0;0,20
CAPITÃO LEÔNIDAS MARQUES;410460002A;PR;Rua Catanduvas;-25,481;-53,606;2025-03-25 20:30:00.0;0,20
CAPITÃO LEÔNIDAS MARQUES;410460002A;PR;Rua Catanduvas;-25,481;-53,606;2025-03-25 20:40:00.0;0,39
CAPITÃO LEÔNIDAS MARQUES;410460002A;PR;Rua Catanduvas;-25,481;-53,606;2025-03-25 21:00:00.0;0,20
CAPITÃO LEÔNIDAS MARQUES;410460002A;PR;Rua Catanduvas;-25,481;-53,606;2025-03-25 21:10:00.0;0,39
CAPITÃO LEÔNIDAS MARQUES;410460002A;PR;Rua Catanduvas;-25,481;-53,606;2025-03-25 21:20:00.0;0,20
CAPITÃO LEÔNIDAS MARQUES;410460002A;PR;Rua Catanduvas;-25,481;-53,606;2025-03-25 21:30:00.0;0,59
CAPITÃO LEÔNIDAS MARQUES;410460002A;PR;Rua Catanduvas;-25,481;-53,606;2025-03-25 21:40:00.0;0,20
CAPITÃO LEÔNIDAS MARQUES;410460002A;PR;Rua Catanduvas;-25,481;-53,606;2025-03-25 22:30:00.0;0,00
CAPITÃO LEÔNIDAS MARQUES;410460002A;PR;Rua Catanduvas;-25,481;-53,606;2025-03-25 23:30:00.0;0,00
CAPITÃO LEÔNIDAS MARQUES;410460002A;PR;Rua Catanduvas;-25,481;-53,606;2025-03-26 00:30:00.0;0,20
CAPITÃO LEÔNIDAS MARQUES;410460002A;PR;Rua Catanduvas;-25,481;-53,606;2025-03-26 01:30:00.0;0,00
CAPITÃO LEÔNIDAS MARQUES;410460002A;PR;Rua Catanduvas;-25,481;-53,606;2025-03-26 02:30:00.0;0,00
CAPITÃO LEÔNIDAS MARQUES;410460002A;PR;Rua Catanduvas;-25,481;-53,606;2025-03-26 03:30:00.0;0,00
CAPITÃO LEÔNIDAS MARQUES;410460002A;PR;Rua Catanduvas;-25,481;-53,606;2025-03-26 04:30:00.0;0,00
CAPITÃO LEÔNIDAS MARQUES;410460002A;PR;Rua Catanduvas;-25,481;-53,606;2025-03-26 05:30:00.0;0,00
CAPITÃO LEÔNIDAS MARQUES;410460002A;PR;Rua Catanduvas;-25,481;-53,606;2025-03-26 06:30:00.0;0,00
CAPITÃO LEÔNIDAS MARQUES;410460002A;PR;Rua Catanduvas;-25,481;-53,606;2025-03-26 07:30:00.0;0,00
CAPITÃO LEÔNIDAS MARQUES;410460002A;PR;Rua Catanduvas;-25,481;-53,606;2025-03-26 08:30:00.0;0,00
CAPITÃO LEÔNIDAS MARQUES;410460002A;PR;Rua Catanduvas;-25,481;-53,606;2025-03-26 09:30:00.0;0,00
CAPITÃO LEÔNIDAS MARQUES;410460002A;PR;Rua Catanduvas;-25,481;-53,606;2025-03-26 10:30:00.0;0,00
CAPITÃO LEÔNIDAS MARQUES;410460002A;PR;Rua Catanduvas;-25,481;-53,606;2025-03-26 11:30:00.0;0,00
CAPITÃO LEÔNIDAS MARQUES;410460002A;PR;Rua Catanduvas;-25,481;-53,606;2025-03-26 12:30:00.0;0,00
CAPITÃO LEÔNIDAS MARQUES;410460002A;PR;Rua Catanduvas;-25,481;-53,606;2025-03-26 13:30:00.0;0,00
CAPITÃO LEÔNIDAS MARQUES;410460002A;PR;Rua Catanduvas;-25,481;-53,606;2025-03-26 14:30:00.0;0,00
CAPITÃO LEÔNIDAS MARQUES;410460002A;PR;Rua Catanduvas;-25,481;-53,606;2025-03-26 15:30:00.0;0,00
CAPITÃO LEÔNIDAS MARQUES;410460002A;PR;Rua Catanduvas;-25,481;-53,606;2025-03-26 16:30:00.0;0,00
CAPITÃO LEÔNIDAS MARQUES;410460002A;PR;Rua Catanduvas;-25,481;-53,606;2025-03-26 17:30:00.0;0,00
CAPITÃO LEÔNIDAS MARQUES;410460002A;PR;Rua Catanduvas;-25,481;-53,606;2025-03-26 18:30:00.0;0,00
CAPITÃO LEÔNIDAS MARQUES;410460002A;PR;Rua Catanduvas;-25,481;-53,606;2025-03-26 19:30:00.0;0,00
CAPITÃO LEÔNIDAS MARQUES;410460002A;PR;Rua Catanduvas;-25,481;-53,606;2025-03-26 20:30:00.0;0,00
CAPITÃO LEÔNIDAS MARQUES;410460002A;PR;Rua Catanduvas;-25,481;-53,606;2025-03-26 21:30:00.0;0,00
CAPITÃO LEÔNIDAS MARQUES;410460002A;PR;Rua Catanduvas;-25,481;-53,606;2025-03-26 22:30:00.0;0,00
CAPITÃO LEÔNIDAS MARQUES;410460002A;PR;Rua Catanduvas;-25,481;-53,606;2025-03-26 23:30:00.0;0,00
CAPITÃO LEÔNIDAS MARQUES;410460002A;PR;Rua Catanduvas;-25,481;-53,606;2025-03-27 00:30:00.0;0,00
CAPITÃO LEÔNIDAS MARQUES;410460002A;PR;Rua Catanduvas;-25,481;-53,606;2025-03-27 01:30:00.0;0,00
CAPITÃO LEÔNIDAS MARQUES;410460002A;PR;Rua Catanduvas;-25,481;-53,606;2025-03-27 02:30:00.0;0,00
CAPITÃO LEÔNIDAS MARQUES;410460002A;PR;Rua Catanduvas;-25,481;-53,606;2025-03-27 03:30:00.0;0,00
CAPITÃO LEÔNIDAS MARQUES;410460002A;PR;Rua Catanduvas;-25,481;-53,606;2025-03-27 04:30:00.0;0,00
CAPITÃO LEÔNIDAS MARQUES;410460002A;PR;Rua Catanduvas;-25,481;-53,606;2025-03-27 05:30:00.0;0,00
CAPITÃO LEÔNIDAS MARQUES;410460002A;PR;Rua Catanduvas;-25,481;-53,606;2025-03-27 06:30:00.0;0,00
CAPITÃO LEÔNIDAS MARQUES;410460002A;PR;Rua Catanduvas;-25,481;-53,606;2025-03-27 07:30:00.0;0,00
CAPITÃO LEÔNIDAS MARQUES;410460002A;PR;Rua Catanduvas;-25,481;-53,606;2025-03-27 08:30:00.0;0,00
CAPITÃO LEÔNIDAS MARQUES;410460002A;PR;Rua Catanduvas;-25,481;-53,606;2025-03-27 09:30:00.0;0,00
CAPITÃO LEÔNIDAS MARQUES;410460002A;PR;Rua Catanduvas;-25,481;-53,606;2025-03-27 10:30:00.0;0,00
CAPITÃO LEÔNIDAS MARQUES;410460002A;PR;Rua Catanduvas;-25,481;-53,606;2025-03-27 11:30:00.0;0,00
CAPITÃO LEÔNIDAS MARQUES;410460002A;PR;Rua Catanduvas;-25,481;-53,606;2025-03-27 12:30:00.0;0,00
CAPITÃO LEÔNIDAS MARQUES;410460002A;PR;Rua Catanduvas;-25,481;-53,606;2025-03-27 13:30:00.0;0,00
CAPITÃO LEÔNIDAS MARQUES;410460002A;PR;Rua Catanduvas;-25,481;-53,606;2025-03-27 14:30:00.0;0,00
CAPITÃO LEÔNIDAS MARQUES;410460002A;PR;Rua Catanduvas;-25,481;-53,606;2025-03-27 15:30:00.0;0,00
CAPITÃO LEÔNIDAS MARQUES;410460002A;PR;Rua Catanduvas;-25,481;-53,606;2025-03-27 16:30:00.0;0,00
CAPITÃO LEÔNIDAS MARQUES;410460002A;PR;Rua Catanduvas;-25,481;-53,606;2025-03-27 17:30:00.0;0,00
CAPITÃO LEÔNIDAS MARQUES;410460002A;PR;Rua Catanduvas;-25,481;-53,606;2025-03-27 18:30:00.0;0,00
CAPITÃO LEÔNIDAS MARQUES;410460002A;PR;Rua Catanduvas;-25,481;-53,606;2025-03-27 19:30:00.0;0,00
CAPITÃO LEÔNIDAS MARQUES;410460002A;PR;Rua Catanduvas;-25,481;-53,606;2025-03-27 20:30:00.0;0,00
CAPITÃO LEÔNIDAS MARQUES;410460002A;PR;Rua Catanduvas;-25,481;-53,606;2025-03-27 21:30:00.0;0,00
CAPITÃO LEÔNIDAS MARQUES;410460002A;PR;Rua Catanduvas;-25,481;-53,606;2025-03-27 22:30:00.0;0,00
CAPITÃO LEÔNIDAS MARQUES;410460002A;PR;Rua Catanduvas;-25,481;-53,606;2025-03-27 23:30:00.0;0,00
CAPITÃO LEÔNIDAS MARQUES;410460002A;PR;Rua Catanduvas;-25,481;-53,606;2025-03-28 00:30:00.0;0,00
CAPITÃO LEÔNIDAS MARQUES;410460002A;PR;Rua Catanduvas;-25,481;-53,606;2025-03-28 01:30:00.0;0,39
CAPITÃO LEÔNIDAS MARQUES;410460002A;PR;Rua Catanduvas;-25,481;-53,606;2025-03-28 01:40:00.0;0,39
CAPITÃO LEÔNIDAS MARQUES;410460002A;PR;Rua Catanduvas;-25,481;-53,606;2025-03-28 01:50:00.0;0,79
CAPITÃO LEÔNIDAS MARQUES;410460002A;PR;Rua Catanduvas;-25,481;-53,606;2025-03-28 02:00:00.0;0,39
CAPITÃO LEÔNIDAS MARQUES;410460002A;PR;Rua Catanduvas;-25,481;-53,606;2025-03-28 02:10:00.0;1,37
CAPITÃO LEÔNIDAS MARQUES;410460002A;PR;Rua Catanduvas;-25,481;-53,606;2025-03-28 02:20:00.0;1,57
CAPITÃO LEÔNIDAS MARQUES;410460002A;PR;Rua Catanduvas;-25,481;-53,606;2025-03-28 02:30:00.0;0,59
CAPITÃO LEÔNIDAS MARQUES;410460002A;PR;Rua Catanduvas;-25,481;-53,606;2025-03-28 04:30:00.0;0,00
CAPITÃO LEÔNIDAS MARQUES;410460002A;PR;Rua Catanduvas;-25,481;-53,606;2025-03-28 05:30:00.0;0,00
CAPITÃO LEÔNIDAS MARQUES;410460002A;PR;Rua Catanduvas;-25,481;-53,606;2025-03-28 06:30:00.0;0,00
CAPITÃO LEÔNIDAS MARQUES;410460002A;PR;Rua Catanduvas;-25,481;-53,606;2025-03-28 07:30:00.0;0,00
CAPITÃO LEÔNIDAS MARQUES;410460002A;PR;Rua Catanduvas;-25,481;-53,606;2025-03-28 08:30:00.0;0,00
CAPITÃO LEÔNIDAS MARQUES;410460002A;PR;Rua Catanduvas;-25,481;-53,606;2025-03-28 09:30:00.0;0,00
CAPITÃO LEÔNIDAS MARQUES;410460002A;PR;Rua Catanduvas;-25,481;-53,606;2025-03-28 10:30:00.0;0,00
CAPITÃO LEÔNIDAS MARQUES;410460002A;PR;Rua Catanduvas;-25,481;-53,606;2025-03-28 11:30:00.0;0,00
CAPITÃO LEÔNIDAS MARQUES;410460002A;PR;Rua Catanduvas;-25,481;-53,606;2025-03-28 12:30:00.0;0,00
CAPITÃO LEÔNIDAS MARQUES;410460002A;PR;Rua Catanduvas;-25,481;-53,606;2025-03-28 13:30:00.0;0,00
CAPITÃO LEÔNIDAS MARQUES;410460002A;PR;Rua Catanduvas;-25,481;-53,606;2025-03-28 14:30:00.0;0,00
CAPITÃO LEÔNIDAS MARQUES;410460002A;PR;Rua Catanduvas;-25,481;-53,606;2025-03-28 15:30:00.0;0,00
CAPITÃO LEÔNIDAS MARQUES;410460002A;PR;Rua Catanduvas;-25,481;-53,606;2025-03-28 16:30:00.0;0,00
CAPITÃO LEÔNIDAS MARQUES;410460002A;PR;Rua Catanduvas;-25,481;-53,606;2025-03-28 17:30:00.0;0,00
CAPITÃO LEÔNIDAS MARQUES;410460002A;PR;Rua Catanduvas;-25,481;-53,606;2025-03-28 18:30:00.0;0,00
CAPITÃO LEÔNIDAS MARQUES;410460002A;PR;Rua Catanduvas;-25,481;-53,606;2025-03-28 19:30:00.0;0,00
CAPITÃO LEÔNIDAS MARQUES;410460002A;PR;Rua Catanduvas;-25,481;-53,606;2025-03-28 20:30:00.0;0,00
CAPITÃO LEÔNIDAS MARQUES;410460002A;PR;Rua Catanduvas;-25,481;-53,606;2025-03-28 21:30:00.0;0,00
CAPITÃO LEÔNIDAS MARQUES;410460002A;PR;Rua Catanduvas;-25,481;-53,606;2025-03-28 22:30:00.0;0,00
CAPITÃO LEÔNIDAS MARQUES;410460002A;PR;Rua Catanduvas;-25,481;-53,606;2025-03-28 23:30:00.0;0,00
CAPITÃO LEÔNIDAS MARQUES;410460002A;PR;Rua Catanduvas;-25,481;-53,606;2025-03-29 00:30:00.0;0,00
CAPITÃO LEÔNIDAS MARQUES;410460002A;PR;Rua Catanduvas;-25,481;-53,606;2025-03-29 01:30:00.0;0,00
CAPITÃO LEÔNIDAS MARQUES;410460002A;PR;Rua Catanduvas;-25,481;-53,606;2025-03-29 02:30:00.0;0,00
CAPITÃO LEÔNIDAS MARQUES;410460002A;PR;Rua Catanduvas;-25,481;-53,606;2025-03-29 03:30:00.0;0,00
CAPITÃO LEÔNIDAS MARQUES;410460002A;PR;Rua Catanduvas;-25,481;-53,606;2025-03-29 04:30:00.0;0,00
CAPITÃO LEÔNIDAS MARQUES;410460002A;PR;Rua Catanduvas;-25,481;-53,606;2025-03-29 05:30:00.0;0,00
CAPITÃO LEÔNIDAS MARQUES;410460002A;PR;Rua Catanduvas;-25,481;-53,606;2025-03-29 06:00:00.0;0,20
CAPITÃO LEÔNIDAS MARQUES;410460002A;PR;Rua Catanduvas;-25,481;-53,606;2025-03-29 06:30:00.0;0,20
CAPITÃO LEÔNIDAS MARQUES;410460002A;PR;Rua Catanduvas;-25,481;-53,606;2025-03-29 07:10:00.0;0,39
CAPITÃO LEÔNIDAS MARQUES;410460002A;PR;Rua Catanduvas;-25,481;-53,606;2025-03-29 07:20:00.0;0,39
CAPITÃO LEÔNIDAS MARQUES;410460002A;PR;Rua Catanduvas;-25,481;-53,606;2025-03-29 07:30:00.0;0,00
CAPITÃO LEÔNIDAS MARQUES;410460002A;PR;Rua Catanduvas;-25,481;-53,606;2025-03-29 08:30:00.0;0,00
CAPITÃO LEÔNIDAS MARQUES;410460002A;PR;Rua Catanduvas;-25,481;-53,606;2025-03-29 09:30:00.0;0,00
CAPITÃO LEÔNIDAS MARQUES;410460002A;PR;Rua Catanduvas;-25,481;-53,606;2025-03-29 10:30:00.0;0,00
CAPITÃO LEÔNIDAS MARQUES;410460002A;PR;Rua Catanduvas;-25,481;-53,606;2025-03-29 11:30:00.0;0,00
CAPITÃO LEÔNIDAS MARQUES;410460002A;PR;Rua Catanduvas;-25,481;-53,606;2025-03-29 12:30:00.0;0,00
CAPITÃO LEÔNIDAS MARQUES;410460002A;PR;Rua Catanduvas;-25,481;-53,606;2025-03-29 13:30:00.0;0,00
CAPITÃO LEÔNIDAS MARQUES;410460002A;PR;Rua Catanduvas;-25,481;-53,606;2025-03-29 14:30:00.0;0,00
CAPITÃO LEÔNIDAS MARQUES;410460002A;PR;Rua Catanduvas;-25,481;-53,606;2025-03-29 15:30:00.0;0,00
CAPITÃO LEÔNIDAS MARQUES;410460002A;PR;Rua Catanduvas;-25,481;-53,606;2025-03-29 16:30:00.0;0,00
CAPITÃO LEÔNIDAS MARQUES;410460002A;PR;Rua Catanduvas;-25,481;-53,606;2025-03-29 17:30:00.0;0,00
CAPITÃO LEÔNIDAS MARQUES;410460002A;PR;Rua Catanduvas;-25,481;-53,606;2025-03-29 18:30:00.0;0,00
CAPITÃO LEÔNIDAS MARQUES;410460002A;PR;Rua Catanduvas;-25,481;-53,606;2025-03-29 19:30:00.0;0,00
CAPITÃO LEÔNIDAS MARQUES;410460002A;PR;Rua Catanduvas;-25,481;-53,606;2025-03-29 20:30:00.0;0,00
CAPITÃO LEÔNIDAS MARQUES;410460002A;PR;Rua Catanduvas;-25,481;-53,606;2025-03-29 21:30:00.0;0,00
CAPITÃO LEÔNIDAS MARQUES;410460002A;PR;Rua Catanduvas;-25,481;-53,606;2025-03-29 22:30:00.0;0,00
CAPITÃO LEÔNIDAS MARQUES;410460002A;PR;Rua Catanduvas;-25,481;-53,606;2025-03-29 23:30:00.0;0,00
CAPITÃO LEÔNIDAS MARQUES;410460002A;PR;Rua Catanduvas;-25,481;-53,606;2025-03-30 00:30:00.0;0,00
CAPITÃO LEÔNIDAS MARQUES;410460002A;PR;Rua Catanduvas;-25,481;-53,606;2025-03-30 01:30:00.0;0,00
CAPITÃO LEÔNIDAS MARQUES;410460002A;PR;Rua Catanduvas;-25,481;-53,606;2025-03-30 02:30:00.0;0,00
CAPITÃO LEÔNIDAS MARQUES;410460002A;PR;Rua Catanduvas;-25,481;-53,606;2025-03-30 03:30:00.0;0,00
CAPITÃO LEÔNIDAS MARQUES;410460002A;PR;Rua Catanduvas;-25,481;-53,606;2025-03-30 04:30:00.0;0,00
CAPITÃO LEÔNIDAS MARQUES;410460002A;PR;Rua Catanduvas;-25,481;-53,606;2025-03-30 05:30:00.0;0,00
CAPITÃO LEÔNIDAS MARQUES;410460002A;PR;Rua Catanduvas;-25,481;-53,606;2025-03-30 06:30:00.0;0,00
CAPITÃO LEÔNIDAS MARQUES;410460002A;PR;Rua Catanduvas;-25,481;-53,606;2025-03-30 07:30:00.0;0,00
CAPITÃO LEÔNIDAS MARQUES;410460002A;PR;Rua Catanduvas;-25,481;-53,606;2025-03-30 08:30:00.0;0,00
CAPITÃO LEÔNIDAS MARQUES;410460002A;PR;Rua Catanduvas;-25,481;-53,606;2025-03-30 09:30:00.0;0,00
CAPITÃO LEÔNIDAS MARQUES;410460002A;PR;Rua Catanduvas;-25,481;-53,606;2025-03-30 10:30:00.0;0,00
CAPITÃO LEÔNIDAS MARQUES;410460002A;PR;Rua Catanduvas;-25,481;-53,606;2025-03-30 11:30:00.0;0,00
CAPITÃO LEÔNIDAS MARQUES;410460002A;PR;Rua Catanduvas;-25,481;-53,606;2025-03-30 12:30:00.0;0,00
CAPITÃO LEÔNIDAS MARQUES;410460002A;PR;Rua Catanduvas;-25,481;-53,606;2025-03-30 13:30:00.0;0,00
CAPITÃO LEÔNIDAS MARQUES;410460002A;PR;Rua Catanduvas;-25,481;-53,606;2025-03-30 14:30:00.0;0,00
CAPITÃO LEÔNIDAS MARQUES;410460002A;PR;Rua Catanduvas;-25,481;-53,606;2025-03-30 15:30:00.0;0,00
CAPITÃO LEÔNIDAS MARQUES;410460002A;PR;Rua Catanduvas;-25,481;-53,606;2025-03-30 16:30:00.0;0,00
CAPITÃO LEÔNIDAS MARQUES;410460002A;PR;Rua Catanduvas;-25,481;-53,606;2025-03-30 17:30:00.0;0,00
CAPITÃO LEÔNIDAS MARQUES;410460002A;PR;Rua Catanduvas;-25,481;-53,606;2025-03-30 18:30:00.0;0,00
CAPITÃO LEÔNIDAS MARQUES;410460002A;PR;Rua Catanduvas;-25,481;-53,606;2025-03-30 19:30:00.0;0,00
CAPITÃO LEÔNIDAS MARQUES;410460002A;PR;Rua Catanduvas;-25,481;-53,606;2025-03-30 20:30:00.0;0,00
CAPITÃO LEÔNIDAS MARQUES;410460002A;PR;Rua Catanduvas;-25,481;-53,606;2025-03-30 21:30:00.0;0,00
CAPITÃO LEÔNIDAS MARQUES;410460002A;PR;Rua Catanduvas;-25,481;-53,606;2025-03-30 22:30:00.0;0,00
CAPITÃO LEÔNIDAS MARQUES;410460002A;PR;Rua Catanduvas;-25,481;-53,606;2025-03-30 23:30:00.0;0,00
CAPITÃO LEÔNIDAS MARQUES;410460002A;PR;Rua Catanduvas;-25,481;-53,606;2025-03-31 00:30:00.0;0,00
CAPITÃO LEÔNIDAS MARQUES;410460002A;PR;Rua Catanduvas;-25,481;-53,606;2025-03-31 01:30:00.0;0,00
CAPITÃO LEÔNIDAS MARQUES;410460002A;PR;Rua Catanduvas;-25,481;-53,606;2025-03-31 02:30:00.0;0,00
CAPITÃO LEÔNIDAS MARQUES;410460002A;PR;Rua Catanduvas;-25,481;-53,606;2025-03-31 03:30:00.0;0,00
CAPITÃO LEÔNIDAS MARQUES;410460002A;PR;Rua Catanduvas;-25,481;-53,606;2025-03-31 04:30:00.0;0,00
CAPITÃO LEÔNIDAS MARQUES;410460002A;PR;Rua Catanduvas;-25,481;-53,606;2025-03-31 05:30:00.0;0,00
CAPITÃO LEÔNIDAS MARQUES;410460002A;PR;Rua Catanduvas;-25,481;-53,606;2025-03-31 06:30:00.0;0,00
CAPITÃO LEÔNIDAS MARQUES;410460002A;PR;Rua Catanduvas;-25,481;-53,606;2025-03-31 07:30:00.0;0,00
CAPITÃO LEÔNIDAS MARQUES;410460002A;PR;Rua Catanduvas;-25,481;-53,606;2025-03-31 08:30:00.0;0,00
CAPITÃO LEÔNIDAS MARQUES;410460002A;PR;Rua Catanduvas;-25,481;-53,606;2025-03-31 09:30:00.0;0,00
CAPITÃO LEÔNIDAS MARQUES;410460002A;PR;Rua Catanduvas;-25,481;-53,606;2025-03-31 10:30:00.0;0,00
CAPITÃO LEÔNIDAS MARQUES;410460002A;PR;Rua Catanduvas;-25,481;-53,606;2025-03-31 11:30:00.0;0,00
CAPITÃO LEÔNIDAS MARQUES;410460002A;PR;Rua Catanduvas;-25,481;-53,606;2025-03-31 12:30:00.0;0,00
CAPITÃO LEÔNIDAS MARQUES;410460002A;PR;Rua Catanduvas;-25,481;-53,606;2025-03-31 13:30:00.0;0,00
CAPITÃO LEÔNIDAS MARQUES;410460002A;PR;Rua Catanduvas;-25,481;-53,606;2025-03-31 14:30:00.0;0,00
CAPITÃO LEÔNIDAS MARQUES;410460002A;PR;Rua Catanduvas;-25,481;-53,606;2025-03-31 15:30:00.0;0,00
CAPITÃO LEÔNIDAS MARQUES;410460002A;PR;Rua Catanduvas;-25,481;-53,606;2025-03-31 16:30:00.0;0,00
CAPITÃO LEÔNIDAS MARQUES;410460002A;PR;Rua Catanduvas;-25,481;-53,606;2025-03-31 17:30:00.0;0,00
CAPITÃO LEÔNIDAS MARQUES;410460002A;PR;Rua Catanduvas;-25,481;-53,606;2025-03-31 18:30:00.0;0,00
CAPITÃO LEÔNIDAS MARQUES;410460002A;PR;Rua Catanduvas;-25,481;-53,606;2025-03-31 19:30:00.0;0,00
CAPITÃO LEÔNIDAS MARQUES;410460002A;PR;Rua Catanduvas;-25,481;-53,606;2025-03-31 20:30:00.0;0,00
CAPITÃO LEÔNIDAS MARQUES;410460002A;PR;Rua Catanduvas;-25,481;-53,606;2025-03-31 21:30:00.0;0,00
CAPITÃO LEÔNIDAS MARQUES;410460002A;PR;Rua Catanduvas;-25,481;-53,606;2025-03-31 21:50:00.0;0,20
CAPITÃO LEÔNIDAS MARQUES;410460002A;PR;Rua Catanduvas;-25,481;-53,606;2025-03-31 22:30:00.0;0,00
CAPITÃO LEÔNIDAS MARQUES;410460002A;PR;Rua Catanduvas;-25,481;-53,606;2025-03-31 23:30:00.0;0,00
CAPITÃO LEÔNIDAS MARQUES;410460002A;PR;Rua Catanduvas;-25,481;-53,606;2025-03-31 23:50:00.0;0,20
CAPITÃO LEÔNIDAS MARQUES;410460003A;PR;Centro;-25,48545;-53,60749;2025-03-01 00:10:00.0;0,00
CAPITÃO LEÔNIDAS MARQUES;410460003A;PR;Centro;-25,48545;-53,60749;2025-03-01 00:40:00.0;0,00
CAPITÃO LEÔNIDAS MARQUES;410460003A;PR;Centro;-25,48545;-53,60749;2025-03-01 01:40:00.0;0,00
CAPITÃO LEÔNIDAS MARQUES;410460003A;PR;Centro;-25,48545;-53,60749;2025-03-01 02:40:00.0;0,00
CAPITÃO LEÔNIDAS MARQUES;410460003A;PR;Centro;-25,48545;-53,60749;2025-03-01 03:40:00.0;0,00
CAPITÃO LEÔNIDAS MARQUES;410460003A;PR;Centro;-25,48545;-53,60749;2025-03-01 04:40:00.0;0,00
CAPITÃO LEÔNIDAS MARQUES;410460003A;PR;Centro;-25,48545;-53,60749;2025-03-01 05:40:00.0;0,00
CAPITÃO LEÔNIDAS MARQUES;410460003A;PR;Centro;-25,48545;-53,60749;2025-03-01 06:40:00.0;0,00
CAPITÃO LEÔNIDAS MARQUES;410460003A;PR;Centro;-25,48545;-53,60749;2025-03-01 07:40:00.0;0,00
CAPITÃO LEÔNIDAS MARQUES;410460003A;PR;Centro;-25,48545;-53,60749;2025-03-01 08:40:00.0;0,00
CAPITÃO LEÔNIDAS MARQUES;410460003A;PR;Centro;-25,48545;-53,60749;2025-03-01 09:40:00.0;0,00
CAPITÃO LEÔNIDAS MARQUES;410460003A;PR;Centro;-25,48545;-53,60749;2025-03-01 10:40:00.0;0,00
CAPITÃO LEÔNIDAS MARQUES;410460003A;PR;Centro;-25,48545;-53,60749;2025-03-01 11:40:00.0;0,00
CAPITÃO LEÔNIDAS MARQUES;410460003A;PR;Centro;-25,48545;-53,60749;2025-03-01 12:40:00.0;0,00
CAPITÃO LEÔNIDAS MARQUES;410460003A;PR;Centro;-25,48545;-53,60749;2025-03-01 13:40:00.0;0,00
CAPITÃO LEÔNIDAS MARQUES;410460003A;PR;Centro;-25,48545;-53,60749;2025-03-01 14:40:00.0;0,00
CAPITÃO LEÔNIDAS MARQUES;410460003A;PR;Centro;-25,48545;-53,60749;2025-03-01 15:40:00.0;0,00
CAPITÃO LEÔNIDAS MARQUES;410460003A;PR;Centro;-25,48545;-53,60749;2025-03-01 16:40:00.0;0,00
CAPITÃO LEÔNIDAS MARQUES;410460003A;PR;Centro;-25,48545;-53,60749;2025-03-01 17:40:00.0;0,00
CAPITÃO LEÔNIDAS MARQUES;410460003A;PR;Centro;-25,48545;-53,60749;2025-03-01 18:40:00.0;0,00
CAPITÃO LEÔNIDAS MARQUES;410460003A;PR;Centro;-25,48545;-53,60749;2025-03-01 19:40:00.0;0,00
CAPITÃO LEÔNIDAS MARQUES;410460003A;PR;Centro;-25,48545;-53,60749;2025-03-01 20:40:00.0;0,00
CAPITÃO LEÔNIDAS MARQUES;410460003A;PR;Centro;-25,48545;-53,60749;2025-03-01 21:40:00.0;0,00
CAPITÃO LEÔNIDAS MARQUES;410460003A;PR;Centro;-25,48545;-53,60749;2025-03-01 22:40:00.0;0,00
CAPITÃO LEÔNIDAS MARQUES;410460003A;PR;Centro;-25,48545;-53,60749;2025-03-01 23:40:00.0;0,00
CAPITÃO LEÔNIDAS MARQUES;410460003A;PR;Centro;-25,48545;-53,60749;2025-03-02 00:40:00.0;0,00
CAPITÃO LEÔNIDAS MARQUES;410460003A;PR;Centro;-25,48545;-53,60749;2025-03-02 01:40:00.0;0,00
CAPITÃO LEÔNIDAS MARQUES;410460003A;PR;Centro;-25,48545;-53,60749;2025-03-02 02:40:00.0;0,00
CAPITÃO LEÔNIDAS MARQUES;410460003A;PR;Centro;-25,48545;-53,60749;2025-03-02 03:40:00.0;0,00
CAPITÃO LEÔNIDAS MARQUES;410460003A;PR;Centro;-25,48545;-53,60749;2025-03-02 04:40:00.0;0,00
CAPITÃO LEÔNIDAS MARQUES;410460003A;PR;Centro;-25,48545;-53,60749;2025-03-02 05:40:00.0;0,00
CAPITÃO LEÔNIDAS MARQUES;410460003A;PR;Centro;-25,48545;-53,60749;2025-03-02 06:40:00.0;0,00
CAPITÃO LEÔNIDAS MARQUES;410460003A;PR;Centro;-25,48545;-53,60749;2025-03-02 07:40:00.0;0,00
CAPITÃO LEÔNIDAS MARQUES;410460003A;PR;Centro;-25,48545;-53,60749;2025-03-02 08:40:00.0;0,00
CAPITÃO LEÔNIDAS MARQUES;410460003A;PR;Centro;-25,48545;-53,60749;2025-03-02 09:40:00.0;0,00
CAPITÃO LEÔNIDAS MARQUES;410460003A;PR;Centro;-25,48545;-53,60749;2025-03-02 10:40:00.0;0,00
CAPITÃO LEÔNIDAS MARQUES;410460003A;PR;Centro;-25,48545;-53,60749;2025-03-02 11:40:00.0;0,00
CAPITÃO LEÔNIDAS MARQUES;410460003A;PR;Centro;-25,48545;-53,60749;2025-03-02 12:40:00.0;0,00
CAPITÃO LEÔNIDAS MARQUES;410460003A;PR;Centro;-25,48545;-53,60749;2025-03-02 13:40:00.0;0,00
CAPITÃO LEÔNIDAS MARQUES;410460003A;PR;Centro;-25,48545;-53,60749;2025-03-02 14:40:00.0;0,00
CAPITÃO LEÔNIDAS MARQUES;410460003A;PR;Centro;-25,48545;-53,60749;2025-03-02 15:40:00.0;0,00
CAPITÃO LEÔNIDAS MARQUES;410460003A;PR;Centro;-25,48545;-53,60749;2025-03-02 16:40:00.0;0,00
CAPITÃO LEÔNIDAS MARQUES;410460003A;PR;Centro;-25,48545;-53,60749;2025-03-02 17:40:00.0;0,00
CAPITÃO LEÔNIDAS MARQUES;410460003A;PR;Centro;-25,48545;-53,60749;2025-03-02 18:40:00.0;0,00
CAPITÃO LEÔNIDAS MARQUES;410460003A;PR;Centro;-25,48545;-53,60749;2025-03-02 19:40:00.0;0,00
CAPITÃO LEÔNIDAS MARQUES;410460003A;PR;Centro;-25,48545;-53,60749;2025-03-02 20:40:00.0;0,00
CAPITÃO LEÔNIDAS MARQUES;410460003A;PR;Centro;-25,48545;-53,60749;2025-03-02 21:40:00.0;0,00
CAPITÃO LEÔNIDAS MARQUES;410460003A;PR;Centro;-25,48545;-53,60749;2025-03-02 22:40:00.0;0,00
CAPITÃO LEÔNIDAS MARQUES;410460003A;PR;Centro;-25,48545;-53,60749;2025-03-02 23:40:00.0;0,00
CAPITÃO LEÔNIDAS MARQUES;410460003A;PR;Centro;-25,48545;-53,60749;2025-03-03 00:40:00.0;0,00
CAPITÃO LEÔNIDAS MARQUES;410460003A;PR;Centro;-25,48545;-53,60749;2025-03-03 01:40:00.0;0,00
CAPITÃO LEÔNIDAS MARQUES;410460003A;PR;Centro;-25,48545;-53,60749;2025-03-03 02:40:00.0;0,00
CAPITÃO LEÔNIDAS MARQUES;410460003A;PR;Centro;-25,48545;-53,60749;2025-03-03 03:40:00.0;0,00
CAPITÃO LEÔNIDAS MARQUES;410460003A;PR;Centro;-25,48545;-53,60749;2025-03-03 04:40:00.0;0,00
CAPITÃO LEÔNIDAS MARQUES;410460003A;PR;Centro;-25,48545;-53,60749;2025-03-03 05:40:00.0;0,00
CAPITÃO LEÔNIDAS MARQUES;410460003A;PR;Centro;-25,48545;-53,60749;2025-03-03 06:40:00.0;0,00
CAPITÃO LEÔNIDAS MARQUES;410460003A;PR;Centro;-25,48545;-53,60749;2025-03-03 07:40:00.0;0,00
CAPITÃO LEÔNIDAS MARQUES;410460003A;PR;Centro;-25,48545;-53,60749;2025-03-03 08:40:00.0;0,00
CAPITÃO LEÔNIDAS MARQUES;410460003A;PR;Centro;-25,48545;-53,60749;2025-03-03 09:40:00.0;0,00
CAPITÃO LEÔNIDAS MARQUES;410460003A;PR;Centro;-25,48545;-53,60749;2025-03-03 10:40:00.0;0,00
CAPITÃO LEÔNIDAS MARQUES;410460003A;PR;Centro;-25,48545;-53,60749;2025-03-03 11:40:00.0;0,00
CAPITÃO LEÔNIDAS MARQUES;410460003A;PR;Centro;-25,48545;-53,60749;2025-03-03 12:40:00.0;0,00
CAPITÃO LEÔNIDAS MARQUES;410460003A;PR;Centro;-25,48545;-53,60749;2025-03-03 13:40:00.0;0,00
CAPITÃO LEÔNIDAS MARQUES;410460003A;PR;Centro;-25,48545;-53,60749;2025-03-03 14:40:00.0;0,00
CAPITÃO LEÔNIDAS MARQUES;410460003A;PR;Centro;-25,48545;-53,60749;2025-03-03 15:40:00.0;0,00
CAPITÃO LEÔNIDAS MARQUES;410460003A;PR;Centro;-25,48545;-53,60749;2025-03-03 16:40:00.0;0,00
CAPITÃO LEÔNIDAS MARQUES;410460003A;PR;Centro;-25,48545;-53,60749;2025-03-03 17:40:00.0;0,00
CAPITÃO LEÔNIDAS MARQUES;410460003A;PR;Centro;-25,48545;-53,60749;2025-03-03 18:40:00.0;0,00
CAPITÃO LEÔNIDAS MARQUES;410460003A;PR;Centro;-25,48545;-53,60749;2025-03-03 19:40:00.0;0,00
CAPITÃO LEÔNIDAS MARQUES;410460003A;PR;Centro;-25,48545;-53,60749;2025-03-03 20:40:00.0;0,00
CAPITÃO LEÔNIDAS MARQUES;410460003A;PR;Centro;-25,48545;-53,60749;2025-03-03 21:40:00.0;0,00
CAPITÃO LEÔNIDAS MARQUES;410460003A;PR;Centro;-25,48545;-53,60749;2025-03-03 22:40:00.0;0,00
CAPITÃO LEÔNIDAS MARQUES;410460003A;PR;Centro;-25,48545;-53,60749;2025-03-03 23:40:00.0;0,00
CAPITÃO LEÔNIDAS MARQUES;410460003A;PR;Centro;-25,48545;-53,60749;2025-03-04 00:40:00.0;0,00
CAPITÃO LEÔNIDAS MARQUES;410460003A;PR;Centro;-25,48545;-53,60749;2025-03-04 01:40:00.0;0,00
CAPITÃO LEÔNIDAS MARQUES;410460003A;PR;Centro;-25,48545;-53,60749;2025-03-04 02:40:00.0;0,00
CAPITÃO LEÔNIDAS MARQUES;410460003A;PR;Centro;-25,48545;-53,60749;2025-03-04 03:40:00.0;0,00
CAPITÃO LEÔNIDAS MARQUES;410460003A;PR;Centro;-25,48545;-53,60749;2025-03-04 04:40:00.0;0,00
CAPITÃO LEÔNIDAS MARQUES;410460003A;PR;Centro;-25,48545;-53,60749;2025-03-04 05:40:00.0;0,00
CAPITÃO LEÔNIDAS MARQUES;410460003A;PR;Centro;-25,48545;-53,60749;2025-03-04 06:40:00.0;0,00
CAPITÃO LEÔNIDAS MARQUES;410460003A;PR;Centro;-25,48545;-53,60749;2025-03-04 07:40:00.0;0,00
CAPITÃO LEÔNIDAS MARQUES;410460003A;PR;Centro;-25,48545;-53,60749;2025-03-04 08:40:00.0;0,00
CAPITÃO LEÔNIDAS MARQUES;410460003A;PR;Centro;-25,48545;-53,60749;2025-03-04 09:40:00.0;0,00
CAPITÃO LEÔNIDAS MARQUES;410460003A;PR;Centro;-25,48545;-53,60749;2025-03-04 10:40:00.0;0,00
CAPITÃO LEÔNIDAS MARQUES;410460003A;PR;Centro;-25,48545;-53,60749;2025-03-04 11:40:00.0;0,00
CAPITÃO LEÔNIDAS MARQUES;410460003A;PR;Centro;-25,48545;-53,60749;2025-03-04 12:40:00.0;0,00
CAPITÃO LEÔNIDAS MARQUES;410460003A;PR;Centro;-25,48545;-53,60749;2025-03-04 13:40:00.0;0,00
CAPITÃO LEÔNIDAS MARQUES;410460003A;PR;Centro;-25,48545;-53,60749;2025-03-04 14:40:00.0;0,00
CAPITÃO LEÔNIDAS MARQUES;410460003A;PR;Centro;-25,48545;-53,60749;2025-03-04 15:40:00.0;0,00
CAPITÃO LEÔNIDAS MARQUES;410460003A;PR;Centro;-25,48545;-53,60749;2025-03-04 16:40:00.0;0,00
CAPITÃO LEÔNIDAS MARQUES;410460003A;PR;Centro;-25,48545;-53,60749;2025-03-04 17:40:00.0;0,00
CAPITÃO LEÔNIDAS MARQUES;410460003A;PR;Centro;-25,48545;-53,60749;2025-03-04 18:40:00.0;0,00
CAPITÃO LEÔNIDAS MARQUES;410460003A;PR;Centro;-25,48545;-53,60749;2025-03-04 19:40:00.0;0,00
CAPITÃO LEÔNIDAS MARQUES;410460003A;PR;Centro;-25,48545;-53,60749;2025-03-04 20:40:00.0;0,00
CAPITÃO LEÔNIDAS MARQUES;410460003A;PR;Centro;-25,48545;-53,60749;2025-03-04 21:40:00.0;0,00
CAPITÃO LEÔNIDAS MARQUES;410460003A;PR;Centro;-25,48545;-53,60749;2025-03-04 22:40:00.0;0,00
CAPITÃO LEÔNIDAS MARQUES;410460003A;PR;Centro;-25,48545;-53,60749;2025-03-04 23:40:00.0;0,00
CAPITÃO LEÔNIDAS MARQUES;410460003A;PR;Centro;-25,48545;-53,60749;2025-03-05 00:40:00.0;0,00
CAPITÃO LEÔNIDAS MARQUES;410460003A;PR;Centro;-25,48545;-53,60749;2025-03-05 01:40:00.0;0,00
CAPITÃO LEÔNIDAS MARQUES;410460003A;PR;Centro;-25,48545;-53,60749;2025-03-05 02:40:00.0;0,00
CAPITÃO LEÔNIDAS MARQUES;410460003A;PR;Centro;-25,48545;-53,60749;2025-03-05 03:40:00.0;0,00
CAPITÃO LEÔNIDAS MARQUES;410460003A;PR;Centro;-25,48545;-53,60749;2025-03-05 04:40:00.0;0,00
CAPITÃO LEÔNIDAS MARQUES;410460003A;PR;Centro;-25,48545;-53,60749;2025-03-05 05:40:00.0;0,00
CAPITÃO LEÔNIDAS MARQUES;410460003A;PR;Centro;-25,48545;-53,60749;2025-03-05 06:40:00.0;0,00
CAPITÃO LEÔNIDAS MARQUES;410460003A;PR;Centro;-25,48545;-53,60749;2025-03-05 07:40:00.0;0,00
CAPITÃO LEÔNIDAS MARQUES;410460003A;PR;Centro;-25,48545;-53,60749;2025-03-05 08:40:00.0;0,00
CAPITÃO LEÔNIDAS MARQUES;410460003A;PR;Centro;-25,48545;-53,60749;2025-03-05 09:40:00.0;0,00
CAPITÃO LEÔNIDAS MARQUES;410460003A;PR;Centro;-25,48545;-53,60749;2025-03-05 10:40:00.0;0,00
CAPITÃO LEÔNIDAS MARQUES;410460003A;PR;Centro;-25,48545;-53,60749;2025-03-05 11:40:00.0;0,00
CAPITÃO LEÔNIDAS MARQUES;410460003A;PR;Centro;-25,48545;-53,60749;2025-03-05 12:40:00.0;0,00
CAPITÃO LEÔNIDAS MARQUES;410460003A;PR;Centro;-25,48545;-53,60749;2025-03-05 13:40:00.0;0,00
CAPITÃO LEÔNIDAS MARQUES;410460003A;PR;Centro;-25,48545;-53,60749;2025-03-05 14:40:00.0;0,00
CAPITÃO LEÔNIDAS MARQUES;410460003A;PR;Centro;-25,48545;-53,60749;2025-03-05 15:40:00.0;0,00
CAPITÃO LEÔNIDAS MARQUES;410460003A;PR;Centro;-25,48545;-53,60749;2025-03-05 16:40:00.0;0,00
CAPITÃO LEÔNIDAS MARQUES;410460003A;PR;Centro;-25,48545;-53,60749;2025-03-05 17:30:00.0;1,77
CAPITÃO LEÔNIDAS MARQUES;410460003A;PR;Centro;-25,48545;-53,60749;2025-03-05 17:40:00.0;0,59
CAPITÃO LEÔNIDAS MARQUES;410460003A;PR;Centro;-25,48545;-53,60749;2025-03-05 17:50:00.0;0,20
CAPITÃO LEÔNIDAS MARQUES;410460003A;PR;Centro;-25,48545;-53,60749;2025-03-05 18:30:00.0;0,20
CAPITÃO LEÔNIDAS MARQUES;410460003A;PR;Centro;-25,48545;-53,60749;2025-03-05 18:40:00.0;0,39
CAPITÃO LEÔNIDAS MARQUES;410460003A;PR;Centro;-25,48545;-53,60749;2025-03-05 20:40:00.0;0,00
CAPITÃO LEÔNIDAS MARQUES;410460003A;PR;Centro;-25,48545;-53,60749;2025-03-05 21:20:00.0;0,98
CAPITÃO LEÔNIDAS MARQUES;410460003A;PR;Centro;-25,48545;-53,60749;2025-03-05 21:30:00.0;0,98
CAPITÃO LEÔNIDAS MARQUES;410460003A;PR;Centro;-25,48545;-53,60749;2025-03-05 21:40:00.0;0,20
CAPITÃO LEÔNIDAS MARQUES;410460003A;PR;Centro;-25,48545;-53,60749;2025-03-05 23:40:00.0;0,00
CAPITÃO LEÔNIDAS MARQUES;410460003A;PR;Centro;-25,48545;-53,60749;2025-03-06 00:40:00.0;0,00
CAPITÃO LEÔNIDAS MARQUES;410460003A;PR;Centro;-25,48545;-53,60749;2025-03-06 01:40:00.0;0,00
CAPITÃO LEÔNIDAS MARQUES;410460003A;PR;Centro;-25,48545;-53,60749;2025-03-06 02:40:00.0;0,00
CAPITÃO LEÔNIDAS MARQUES;410460003A;PR;Centro;-25,48545;-53,60749;2025-03-06 03:40:00.0;0,00
CAPITÃO LEÔNIDAS MARQUES;410460003A;PR;Centro;-25,48545;-53,60749;2025-03-06 04:40:00.0;0,00
CAPITÃO LEÔNIDAS MARQUES;410460003A;PR;Centro;-25,48545;-53,60749;2025-03-06 05:40:00.0;0,00
CAPITÃO LEÔNIDAS MARQUES;410460003A;PR;Centro;-25,48545;-53,60749;2025-03-06 06:40:00.0;0,00
CAPITÃO LEÔNIDAS MARQUES;410460003A;PR;Centro;-25,48545;-53,60749;2025-03-06 07:40:00.0;0,00
CAPITÃO LEÔNIDAS MARQUES;410460003A;PR;Centro;-25,48545;-53,60749;2025-03-06 07:50:00.0;0,20
CAPITÃO LEÔNIDAS MARQUES;410460003A;PR;Centro;-25,48545;-53,60749;2025-03-06 09:40:00.0;0,00
CAPITÃO LEÔNIDAS MARQUES;410460003A;PR;Centro;-25,48545;-53,60749;2025-03-06 10:40:00.0;0,00
CAPITÃO LEÔNIDAS MARQUES;410460003A;PR;Centro;-25,48545;-53,60749;2025-03-06 11:40:00.0;0,00
CAPITÃO LEÔNIDAS MARQUES;410460003A;PR;Centro;-25,48545;-53,60749;2025-03-06 12:40:00.0;0,00
CAPITÃO LEÔNIDAS MARQUES;410460003A;PR;Centro;-25,48545;-53,60749;2025-03-06 13:40:00.0;0,00
CAPITÃO LEÔNIDAS MARQUES;410460003A;PR;Centro;-25,48545;-53,60749;2025-03-06 14:40:00.0;0,00
CAPITÃO LEÔNIDAS MARQUES;410460003A;PR;Centro;-25,48545;-53,60749;2025-03-06 15:40:00.0;0,00
CAPITÃO LEÔNIDAS MARQUES;410460003A;PR;Centro;-25,48545;-53,60749;2025-03-06 16:40:00.0;0,00
CAPITÃO LEÔNIDAS MARQUES;410460003A;PR;Centro;-25,48545;-53,60749;2025-03-06 17:40:00.0;0,00
CAPITÃO LEÔNIDAS MARQUES;410460003A;PR;Centro;-25,48545;-53,60749;2025-03-06 18:40:00.0;0,00
CAPITÃO LEÔNIDAS MARQUES;410460003A;PR;Centro;-25,48545;-53,60749;2025-03-06 19:40:00.0;0,00
CAPITÃO LEÔNIDAS MARQUES;410460003A;PR;Centro;-25,48545;-53,60749;2025-03-06 20:40:00.0;0,00
CAPITÃO LEÔNIDAS MARQUES;410460003A;PR;Centro;-25,48545;-53,60749;2025-03-06 21:40:00.0;0,00
CAPITÃO LEÔNIDAS MARQUES;410460003A;PR;Centro;-25,48545;-53,60749;2025-03-06 22:40:00.0;0,00
CAPITÃO LEÔNIDAS MARQUES;410460003A;PR;Centro;-25,48545;-53,60749;2025-03-06 23:40:00.0;0,00
CAPITÃO LEÔNIDAS MARQUES;410460003A;PR;Centro;-25,48545;-53,60749;2025-03-07 00:40:00.0;0,00
CAPITÃO LEÔNIDAS MARQUES;410460003A;PR;Centro;-25,48545;-53,60749;2025-03-07 01:40:00.0;0,00
CAPITÃO LEÔNIDAS MARQUES;410460003A;PR;Centro;-25,48545;-53,60749;2025-03-07 02:40:00.0;0,00
CAPITÃO LEÔNIDAS MARQUES;410460003A;PR;Centro;-25,48545;-53,60749;2025-03-07 03:40:00.0;0,00
CAPITÃO LEÔNIDAS MARQUES;410460003A;PR;Centro;-25,48545;-53,60749;2025-03-07 04:40:00.0;0,00
CAPITÃO LEÔNIDAS MARQUES;410460003A;PR;Centro;-25,48545;-53,60749;2025-03-07 05:40:00.0;0,00
CAPITÃO LEÔNIDAS MARQUES;410460003A;PR;Centro;-25,48545;-53,60749;2025-03-07 06:40:00.0;0,00
CAPITÃO LEÔNIDAS MARQUES;410460003A;PR;Centro;-25,48545;-53,60749;2025-03-07 07:40:00.0;0,00
CAPITÃO LEÔNIDAS MARQUES;410460003A;PR;Centro;-25,48545;-53,60749;2025-03-07 08:40:00.0;0,00
CAPITÃO LEÔNIDAS MARQUES;410460003A;PR;Centro;-25,48545;-53,60749;2025-03-07 09:40:00.0;0,00
CAPITÃO LEÔNIDAS MARQUES;410460003A;PR;Centro;-25,48545;-53,60749;2025-03-07 10:40:00.0;0,00
CAPITÃO LEÔNIDAS MARQUES;410460003A;PR;Centro;-25,48545;-53,60749;2025-03-07 11:40:00.0;0,00
CAPITÃO LEÔNIDAS MARQUES;410460003A;PR;Centro;-25,48545;-53,60749;2025-03-07 12:40:00.0;0,00
CAPITÃO LEÔNIDAS MARQUES;410460003A;PR;Centro;-25,48545;-53,60749;2025-03-07 13:40:00.0;0,00
CAPITÃO LEÔNIDAS MARQUES;410460003A;PR;Centro;-25,48545;-53,60749;2025-03-07 14:40:00.0;0,00
CAPITÃO LEÔNIDAS MARQUES;410460003A;PR;Centro;-25,48545;-53,60749;2025-03-07 15:40:00.0;0,00
CAPITÃO LEÔNIDAS MARQUES;410460003A;PR;Centro;-25,48545;-53,60749;2025-03-07 16:40:00.0;0,00
CAPITÃO LEÔNIDAS MARQUES;410460003A;PR;Centro;-25,48545;-53,60749;2025-03-07 17:40:00.0;0,00
CAPITÃO LEÔNIDAS MARQUES;410460003A;PR;Centro;-25,48545;-53,60749;2025-03-07 18:40:00.0;0,00
CAPITÃO LEÔNIDAS MARQUES;410460003A;PR;Centro;-25,48545;-53,60749;2025-03-07 19:40:00.0;0,00
CAPITÃO LEÔNIDAS MARQUES;410460003A;PR;Centro;-25,48545;-53,60749;2025-03-07 20:40:00.0;0,00
CAPITÃO LEÔNIDAS MARQUES;410460003A;PR;Centro;-25,48545;-53,60749;2025-03-07 21:40:00.0;0,00
CAPITÃO LEÔNIDAS MARQUES;410460003A;PR;Centro;-25,48545;-53,60749;2025-03-07 22:40:00.0;0,00
CAPITÃO LEÔNIDAS MARQUES;410460003A;PR;Centro;-25,48545;-53,60749;2025-03-07 23:40:00.0;0,00
CAPITÃO LEÔNIDAS MARQUES;410460003A;PR;Centro;-25,48545;-53,60749;2025-03-08 00:40:00.0;0,00
CAPITÃO LEÔNIDAS MARQUES;410460003A;PR;Centro;-25,48545;-53,60749;2025-03-08 01:40:00.0;0,00
CAPITÃO LEÔNIDAS MARQUES;410460003A;PR;Centro;-25,48545;-53,60749;2025-03-08 02:40:00.0;0,00
CAPITÃO LEÔNIDAS MARQUES;410460003A;PR;Centro;-25,48545;-53,60749;2025-03-08 03:40:00.0;0,00
CAPITÃO LEÔNIDAS MARQUES;410460003A;PR;Centro;-25,48545;-53,60749;2025-03-08 04:40:00.0;0,00
CAPITÃO LEÔNIDAS MARQUES;410460003A;PR;Centro;-25,48545;-53,60749;2025-03-08 05:40:00.0;0,00
CAPITÃO LEÔNIDAS MARQUES;410460003A;PR;Centro;-25,48545;-53,60749;2025-03-08 06:40:00.0;0,00
CAPITÃO LEÔNIDAS MARQUES;410460003A;PR;Centro;-25,48545;-53,60749;2025-03-08 07:40:00.0;0,00
CAPITÃO LEÔNIDAS MARQUES;410460003A;PR;Centro;-25,48545;-53,60749;2025-03-08 08:40:00.0;0,00
CAPITÃO LEÔNIDAS MARQUES;410460003A;PR;Centro;-25,48545;-53,60749;2025-03-08 09:40:00.0;0,00
CAPITÃO LEÔNIDAS MARQUES;410460003A;PR;Centro;-25,48545;-53,60749;2025-03-08 10:40:00.0;0,00
CAPITÃO LEÔNIDAS MARQUES;410460003A;PR;Centro;-25,48545;-53,60749;2025-03-08 11:40:00.0;0,00
CAPITÃO LEÔNIDAS MARQUES;410460003A;PR;Centro;-25,48545;-53,60749;2025-03-08 12:40:00.0;0,00
CAPITÃO LEÔNIDAS MARQUES;410460003A;PR;Centro;-25,48545;-53,60749;2025-03-08 13:40:00.0;0,00
CAPITÃO LEÔNIDAS MARQUES;410460003A;PR;Centro;-25,48545;-53,60749;2025-03-08 14:40:00.0;0,00
CAPITÃO LEÔNIDAS MARQUES;410460003A;PR;Centro;-25,48545;-53,60749;2025-03-08 15:40:00.0;0,00
CAPITÃO LEÔNIDAS MARQUES;410460003A;PR;Centro;-25,48545;-53,60749;2025-03-08 16:40:00.0;0,00
CAPITÃO LEÔNIDAS MARQUES;410460003A;PR;Centro;-25,48545;-53,60749;2025-03-08 17:40:00.0;0,00
CAPITÃO LEÔNIDAS MARQUES;410460003A;PR;Centro;-25,48545;-53,60749;2025-03-08 18:40:00.0;0,00
CAPITÃO LEÔNIDAS MARQUES;410460003A;PR;Centro;-25,48545;-53,60749;2025-03-08 19:40:00.0;0,00
CAPITÃO LEÔNIDAS MARQUES;410460003A;PR;Centro;-25,48545;-53,60749;2025-03-08 20:40:00.0;0,00
CAPITÃO LEÔNIDAS MARQUES;410460003A;PR;Centro;-25,48545;-53,60749;2025-03-08 21:40:00.0;0,00
CAPITÃO LEÔNIDAS MARQUES;410460003A;PR;Centro;-25,48545;-53,60749;2025-03-08 22:40:00.0;0,00
CAPITÃO LEÔNIDAS MARQUES;410460003A;PR;Centro;-25,48545;-53,60749;2025-03-08 23:40:00.0;0,00
CAPITÃO LEÔNIDAS MARQUES;410460003A;PR;Centro;-25,48545;-53,60749;2025-03-09 00:40:00.0;0,00
CAPITÃO LEÔNIDAS MARQUES;410460003A;PR;Centro;-25,48545;-53,60749;2025-03-09 01:40:00.0;0,00
CAPITÃO LEÔNIDAS MARQUES;410460003A;PR;Centro;-25,48545;-53,60749;2025-03-09 02:40:00.0;0,00
CAPITÃO LEÔNIDAS MARQUES;410460003A;PR;Centro;-25,48545;-53,60749;2025-03-09 03:40:00.0;0,00
CAPITÃO LEÔNIDAS MARQUES;410460003A;PR;Centro;-25,48545;-53,60749;2025-03-09 04:40:00.0;0,00
CAPITÃO LEÔNIDAS MARQUES;410460003A;PR;Centro;-25,48545;-53,60749;2025-03-09 05:40:00.0;0,00
CAPITÃO LEÔNIDAS MARQUES;410460003A;PR;Centro;-25,48545;-53,60749;2025-03-09 06:40:00.0;0,00
CAPITÃO LEÔNIDAS MARQUES;410460003A;PR;Centro;-25,48545;-53,60749;2025-03-09 07:40:00.0;0,00
CAPITÃO LEÔNIDAS MARQUES;410460003A;PR;Centro;-25,48545;-53,60749;2025-03-09 08:40:00.0;0,00
CAPITÃO LEÔNIDAS MARQUES;410460003A;PR;Centro;-25,48545;-53,60749;2025-03-09 09:40:00.0;0,00
CAPITÃO LEÔNIDAS MARQUES;410460003A;PR;Centro;-25,48545;-53,60749;2025-03-09 10:40:00.0;0,00
CAPITÃO LEÔNIDAS MARQUES;410460003A;PR;Centro;-25,48545;-53,60749;2025-03-09 11:40:00.0;0,00
CAPITÃO LEÔNIDAS MARQUES;410460003A;PR;Centro;-25,48545;-53,60749;2025-03-09 12:40:00.0;0,00
CAPITÃO LEÔNIDAS MARQUES;410460003A;PR;Centro;-25,48545;-53,60749;2025-03-09 13:40:00.0;0,00
CAPITÃO LEÔNIDAS MARQUES;410460003A;PR;Centro;-25,48545;-53,60749;2025-03-09 14:40:00.0;0,00
CAPITÃO LEÔNIDAS MARQUES;410460003A;PR;Centro;-25,48545;-53,60749;2025-03-09 15:40:00.0;0,00
CAPITÃO LEÔNIDAS MARQUES;410460003A;PR;Centro;-25,48545;-53,60749;2025-03-09 16:40:00.0;0,00
CAPITÃO LEÔNIDAS MARQUES;410460003A;PR;Centro;-25,48545;-53,60749;2025-03-09 17:40:00.0;0,00
CAPITÃO LEÔNIDAS MARQUES;410460003A;PR;Centro;-25,48545;-53,60749;2025-03-09 18:40:00.0;0,00
CAPITÃO LEÔNIDAS MARQUES;410460003A;PR;Centro;-25,48545;-53,60749;2025-03-09 19:40:00.0;0,00
CAPITÃO LEÔNIDAS MARQUES;410460003A;PR;Centro;-25,48545;-53,60749;2025-03-09 20:40:00.0;0,00
CAPITÃO LEÔNIDAS MARQUES;410460003A;PR;Centro;-25,48545;-53,60749;2025-03-09 21:40:00.0;0,00
CAPITÃO LEÔNIDAS MARQUES;410460003A;PR;Centro;-25,48545;-53,60749;2025-03-09 22:40:00.0;0,00
CAPITÃO LEÔNIDAS MARQUES;410460003A;PR;Centro;-25,48545;-53,60749;2025-03-09 23:40:00.0;0,00
CAPITÃO LEÔNIDAS MARQUES;410460003A;PR;Centro;-25,48545;-53,60749;2025-03-10 00:40:00.0;0,00
CAPITÃO LEÔNIDAS MARQUES;410460003A;PR;Centro;-25,48545;-53,60749;2025-03-10 01:40:00.0;0,00
CAPITÃO LEÔNIDAS MARQUES;410460003A;PR;Centro;-25,48545;-53,60749;2025-03-10 02:40:00.0;0,00
CAPITÃO LEÔNIDAS MARQUES;410460003A;PR;Centro;-25,48545;-53,60749;2025-03-10 03:40:00.0;0,00
CAPITÃO LEÔNIDAS MARQUES;410460003A;PR;Centro;-25,48545;-53,60749;2025-03-10 04:40:00.0;0,00
CAPITÃO LEÔNIDAS MARQUES;410460003A;PR;Centro;-25,48545;-53,60749;2025-03-10 05:40:00.0;0,00
CAPITÃO LEÔNIDAS MARQUES;410460003A;PR;Centro;-25,48545;-53,60749;2025-03-10 06:40:00.0;0,00
CAPITÃO LEÔNIDAS MARQUES;410460003A;PR;Centro;-25,48545;-53,60749;2025-03-10 07:40:00.0;0,00
CAPITÃO LEÔNIDAS MARQUES;410460003A;PR;Centro;-25,48545;-53,60749;2025-03-10 08:40:00.0;0,00
CAPITÃO LEÔNIDAS MARQUES;410460003A;PR;Centro;-25,48545;-53,60749;2025-03-10 09:40:00.0;0,00
CAPITÃO LEÔNIDAS MARQUES;410460003A;PR;Centro;-25,48545;-53,60749;2025-03-10 10:40:00.0;0,00
CAPITÃO LEÔNIDAS MARQUES;410460003A;PR;Centro;-25,48545;-53,60749;2025-03-10 11:40:00.0;0,00
CAPITÃO LEÔNIDAS MARQUES;410460003A;PR;Centro;-25,48545;-53,60749;2025-03-10 12:40:00.0;0,00
CAPITÃO LEÔNIDAS MARQUES;410460003A;PR;Centro;-25,48545;-53,60749;2025-03-10 13:40:00.0;0,00
CAPITÃO LEÔNIDAS MARQUES;410460003A;PR;Centro;-25,48545;-53,60749;2025-03-10 14:40:00.0;0,00
CAPITÃO LEÔNIDAS MARQUES;410460003A;PR;Centro;-25,48545;-53,60749;2025-03-10 15:40:00.0;0,00
CAPITÃO LEÔNIDAS MARQUES;410460003A;PR;Centro;-25,48545;-53,60749;2025-03-10 16:40:00.0;0,00
CAPITÃO LEÔNIDAS MARQUES;410460003A;PR;Centro;-25,48545;-53,60749;2025-03-10 17:40:00.0;0,00
CAPITÃO LEÔNIDAS MARQUES;410460003A;PR;Centro;-25,48545;-53,60749;2025-03-10 18:40:00.0;0,00
CAPITÃO LEÔNIDAS MARQUES;410460003A;PR;Centro;-25,48545;-53,60749;2025-03-10 19:40:00.0;0,00
CAPITÃO LEÔNIDAS MARQUES;410460003A;PR;Centro;-25,48545;-53,60749;2025-03-10 20:40:00.0;0,00
CAPITÃO LEÔNIDAS MARQUES;410460003A;PR;Centro;-25,48545;-53,60749;2025-03-10 21:40:00.0;0,00
CAPITÃO LEÔNIDAS MARQUES;410460003A;PR;Centro;-25,48545;-53,60749;2025-03-10 22:40:00.0;0,00
CAPITÃO LEÔNIDAS MARQUES;410460003A;PR;Centro;-25,48545;-53,60749;2025-03-10 23:40:00.0;0,00
CAPITÃO LEÔNIDAS MARQUES;410460003A;PR;Centro;-25,48545;-53,60749;2025-03-11 00:40:00.0;0,00
CAPITÃO LEÔNIDAS MARQUES;410460003A;PR;Centro;-25,48545;-53,60749;2025-03-11 01:40:00.0;0,00
CAPITÃO LEÔNIDAS MARQUES;410460003A;PR;Centro;-25,48545;-53,60749;2025-03-11 02:40:00.0;0,00
CAPITÃO LEÔNIDAS MARQUES;410460003A;PR;Centro;-25,48545;-53,60749;2025-03-11 03:40:00.0;0,00
CAPITÃO LEÔNIDAS MARQUES;410460003A;PR;Centro;-25,48545;-53,60749;2025-03-11 04:40:00.0;0,00
CAPITÃO LEÔNIDAS MARQUES;410460003A;PR;Centro;-25,48545;-53,60749;2025-03-11 05:40:00.0;0,00
CAPITÃO LEÔNIDAS MARQUES;410460003A;PR;Centro;-25,48545;-53,60749;2025-03-11 06:40:00.0;0,00
CAPITÃO LEÔNIDAS MARQUES;410460003A;PR;Centro;-25,48545;-53,60749;2025-03-11 07:40:00.0;0,00
CAPITÃO LEÔNIDAS MARQUES;410460003A;PR;Centro;-25,48545;-53,60749;2025-03-11 08:40:00.0;0,00
CAPITÃO LEÔNIDAS MARQUES;410460003A;PR;Centro;-25,48545;-53,60749;2025-03-11 09:40:00.0;0,00
CAPITÃO LEÔNIDAS MARQUES;410460003A;PR;Centro;-25,48545;-53,60749;2025-03-11 10:40:00.0;0,00
CAPITÃO LEÔNIDAS MARQUES;410460003A;PR;Centro;-25,48545;-53,60749;2025-03-11 11:40:00.0;0,00
CAPITÃO LEÔNIDAS MARQUES;410460003A;PR;Centro;-25,48545;-53,60749;2025-03-11 12:40:00.0;0,00
CAPITÃO LEÔNIDAS MARQUES;410460003A;PR;Centro;-25,48545;-53,60749;2025-03-11 13:40:00.0;0,00
CAPITÃO LEÔNIDAS MARQUES;410460003A;PR;Centro;-25,48545;-53,60749;2025-03-11 14:30:00.0;1,77
CAPITÃO LEÔNIDAS MARQUES;410460003A;PR;Centro;-25,48545;-53,60749;2025-03-11 14:40:00.0;0,20
CAPITÃO LEÔNIDAS MARQUES;410460003A;PR;Centro;-25,48545;-53,60749;2025-03-11 16:40:00.0;0,00
CAPITÃO LEÔNIDAS MARQUES;410460003A;PR;Centro;-25,48545;-53,60749;2025-03-11 16:50:00.0;0,20
CAPITÃO LEÔNIDAS MARQUES;410460003A;PR;Centro;-25,48545;-53,60749;2025-03-11 17:50:00.0;0,39
CAPITÃO LEÔNIDAS MARQUES;410460003A;PR;Centro;-25,48545;-53,60749;2025-03-11 18:00:00.0;0,39
CAPITÃO LEÔNIDAS MARQUES;410460003A;PR;Centro;-25,48545;-53,60749;2025-03-11 18:10:00.0;0,98
CAPITÃO LEÔNIDAS MARQUES;410460003A;PR;Centro;-25,48545;-53,60749;2025-03-11 18:20:00.0;0,79
CAPITÃO LEÔNIDAS MARQUES;410460003A;PR;Centro;-25,48545;-53,60749;2025-03-11 18:30:00.0;0,59
CAPITÃO LEÔNIDAS MARQUES;410460003A;PR;Centro;-25,48545;-53,60749;2025-03-11 18:40:00.0;0,39
CAPITÃO LEÔNIDAS MARQUES;410460003A;PR;Centro;-25,48545;-53,60749;2025-03-11 18:50:00.0;0,20
CAPITÃO LEÔNIDAS MARQUES;410460003A;PR;Centro;-25,48545;-53,60749;2025-03-11 19:00:00.0;0,79
CAPITÃO LEÔNIDAS MARQUES;410460003A;PR;Centro;-25,48545;-53,60749;2025-03-11 19:10:00.0;0,79
CAPITÃO LEÔNIDAS MARQUES;410460003A;PR;Centro;-25,48545;-53,60749;2025-03-11 19:20:00.0;0,20
CAPITÃO LEÔNIDAS MARQUES;410460003A;PR;Centro;-25,48545;-53,60749;2025-03-11 19:30:00.0;0,20
CAPITÃO LEÔNIDAS MARQUES;410460003A;PR;Centro;-25,48545;-53,60749;2025-03-11 20:10:00.0;0,20
CAPITÃO LEÔNIDAS MARQUES;410460003A;PR;Centro;-25,48545;-53,60749;2025-03-11 20:40:00.0;0,20
CAPITÃO LEÔNIDAS MARQUES;410460003A;PR;Centro;-25,48545;-53,60749;2025-03-11 21:20:00.0;0,20
CAPITÃO LEÔNIDAS MARQUES;410460003A;PR;Centro;-25,48545;-53,60749;2025-03-11 22:10:00.0;0,39
CAPITÃO LEÔNIDAS MARQUES;410460003A;PR;Centro;-25,48545;-53,60749;2025-03-11 22:30:00.0;0,20
CAPITÃO LEÔNIDAS MARQUES;410460003A;PR;Centro;-25,48545;-53,60749;2025-03-11 23:20:00.0;0,20
CAPITÃO LEÔNIDAS MARQUES;410460003A;PR;Centro;-25,48545;-53,60749;2025-03-12 00:40:00.0;0,00
CAPITÃO LEÔNIDAS MARQUES;410460003A;PR;Centro;-25,48545;-53,60749;2025-03-12 01:40:00.0;0,00
CAPITÃO LEÔNIDAS MARQUES;410460003A;PR;Centro;-25,48545;-53,60749;2025-03-12 02:40:00.0;0,00
CAPITÃO LEÔNIDAS MARQUES;410460003A;PR;Centro;-25,48545;-53,60749;2025-03-12 03:40:00.0;0,00
CAPITÃO LEÔNIDAS MARQUES;410460003A;PR;Centro;-25,48545;-53,60749;2025-03-12 04:40:00.0;0,00
CAPITÃO LEÔNIDAS MARQUES;410460003A;PR;Centro;-25,48545;-53,60749;2025-03-12 05:40:00.0;0,00
CAPITÃO LEÔNIDAS MARQUES;410460003A;PR;Centro;-25,48545;-53,60749;2025-03-12 06:40:00.0;0,00
CAPITÃO LEÔNIDAS MARQUES;410460003A;PR;Centro;-25,48545;-53,60749;2025-03-12 07:40:00.0;0,00
CAPITÃO LEÔNIDAS MARQUES;410460003A;PR;Centro;-25,48545;-53,60749;2025-03-12 08:40:00.0;0,00
CAPITÃO LEÔNIDAS MARQUES;410460003A;PR;Centro;-25,48545;-53,60749;2025-03-12 09:40:00.0;0,00
CAPITÃO LEÔNIDAS MARQUES;410460003A;PR;Centro;-25,48545;-53,60749;2025-03-12 10:40:00.0;0,00
CAPITÃO LEÔNIDAS MARQUES;410460003A;PR;Centro;-25,48545;-53,60749;2025-03-12 11:40:00.0;0,00
CAPITÃO LEÔNIDAS MARQUES;410460003A;PR;Centro;-25,48545;-53,60749;2025-03-12 12:40:00.0;0,00
CAPITÃO LEÔNIDAS MARQUES;410460003A;PR;Centro;-25,48545;-53,60749;2025-03-12 13:40:00.0;0,00
CAPITÃO LEÔNIDAS MARQUES;410460003A;PR;Centro;-25,48545;-53,60749;2025-03-12 14:40:00.0;0,00
CAPITÃO LEÔNIDAS MARQUES;410460003A;PR;Centro;-25,48545;-53,60749;2025-03-12 15:40:00.0;0,00
CAPITÃO LEÔNIDAS MARQUES;410460003A;PR;Centro;-25,48545;-53,60749;2025-03-12 16:40:00.0;0,00
CAPITÃO LEÔNIDAS MARQUES;410460003A;PR;Centro;-25,48545;-53,60749;2025-03-12 17:40:00.0;0,00
CAPITÃO LEÔNIDAS MARQUES;410460003A;PR;Centro;-25,48545;-53,60749;2025-03-12 18:40:00.0;0,00
CAPITÃO LEÔNIDAS MARQUES;410460003A;PR;Centro;-25,48545;-53,60749;2025-03-12 19:40:00.0;0,00
CAPITÃO LEÔNIDAS MARQUES;410460003A;PR;Centro;-25,48545;-53,60749;2025-03-12 20:40:00.0;0,00
CAPITÃO LEÔNIDAS MARQUES;410460003A;PR;Centro;-25,48545;-53,60749;2025-03-12 21:40:00.0;0,00
CAPITÃO LEÔNIDAS MARQUES;410460003A;PR;Centro;-25,48545;-53,60749;2025-03-12 22:40:00.0;0,00
CAPITÃO LEÔNIDAS MARQUES;410460003A;PR;Centro;-25,48545;-53,60749;2025-03-12 23:40:00.0;0,00
CAPITÃO LEÔNIDAS MARQUES;410460003A;PR;Centro;-25,48545;-53,60749;2025-03-13 00:40:00.0;0,00
CAPITÃO LEÔNIDAS MARQUES;410460003A;PR;Centro;-25,48545;-53,60749;2025-03-13 01:40:00.0;0,00
CAPITÃO LEÔNIDAS MARQUES;410460003A;PR;Centro;-25,48545;-53,60749;2025-03-13 02:40:00.0;0,00
CAPITÃO LEÔNIDAS MARQUES;410460003A;PR;Centro;-25,48545;-53,60749;2025-03-13 03:40:00.0;0,00
CAPITÃO LEÔNIDAS MARQUES;410460003A;PR;Centro;-25,48545;-53,60749;2025-03-13 04:40:00.0;0,00
CAPITÃO LEÔNIDAS MARQUES;410460003A;PR;Centro;-25,48545;-53,60749;2025-03-13 05:40:00.0;0,00
CAPITÃO LEÔNIDAS MARQUES;410460003A;PR;Centro;-25,48545;-53,60749;2025-03-13 06:40:00.0;0,00
CAPITÃO LEÔNIDAS MARQUES;410460003A;PR;Centro;-25,48545;-53,60749;2025-03-13 07:40:00.0;0,00
CAPITÃO LEÔNIDAS MARQUES;410460003A;PR;Centro;-25,48545;-53,60749;2025-03-13 08:40:00.0;0,00
CAPITÃO LEÔNIDAS MARQUES;410460003A;PR;Centro;-25,48545;-53,60749;2025-03-13 09:40:00.0;0,00
CAPITÃO LEÔNIDAS MARQUES;410460003A;PR;Centro;-25,48545;-53,60749;2025-03-13 10:40:00.0;0,00
CAPITÃO LEÔNIDAS MARQUES;410460003A;PR;Centro;-25,48545;-53,60749;2025-03-13 11:40:00.0;0,00
CAPITÃO LEÔNIDAS MARQUES;410460003A;PR;Centro;-25,48545;-53,60749;2025-03-13 12:40:00.0;0,00
CAPITÃO LEÔNIDAS MARQUES;410460003A;PR;Centro;-25,48545;-53,60749;2025-03-13 13:40:00.0;0,00
CAPITÃO LEÔNIDAS MARQUES;410460003A;PR;Centro;-25,48545;-53,60749;2025-03-13 14:40:00.0;0,00
CAPITÃO LEÔNIDAS MARQUES;410460003A;PR;Centro;-25,48545;-53,60749;2025-03-13 15:40:00.0;0,00
CAPITÃO LEÔNIDAS MARQUES;410460003A;PR;Centro;-25,48545;-53,60749;2025-03-13 16:40:00.0;0,00
CAPITÃO LEÔNIDAS MARQUES;410460003A;PR;Centro;-25,48545;-53,60749;2025-03-13 17:40:00.0;0,00
CAPITÃO LEÔNIDAS MARQUES;410460003A;PR;Centro;-25,48545;-53,60749;2025-03-13 18:40:00.0;0,00
CAPITÃO LEÔNIDAS MARQUES;410460003A;PR;Centro;-25,48545;-53,60749;2025-03-13 19:40:00.0;0,00
CAPITÃO LEÔNIDAS MARQUES;410460003A;PR;Centro;-25,48545;-53,60749;2025-03-13 20:40:00.0;0,00
CAPITÃO LEÔNIDAS MARQUES;410460003A;PR;Centro;-25,48545;-53,60749;2025-03-13 21:40:00.0;0,00
CAPITÃO LEÔNIDAS MARQUES;410460003A;PR;Centro;-25,48545;-53,60749;2025-03-13 22:40:00.0;0,00
CAPITÃO LEÔNIDAS MARQUES;410460003A;PR;Centro;-25,48545;-53,60749;2025-03-13 23:40:00.0;0,00
CAPITÃO LEÔNIDAS MARQUES;410460003A;PR;Centro;-25,48545;-53,60749;2025-03-14 00:40:00.0;0,00
CAPITÃO LEÔNIDAS MARQUES;410460003A;PR;Centro;-25,48545;-53,60749;2025-03-14 01:40:00.0;0,00
CAPITÃO LEÔNIDAS MARQUES;410460003A;PR;Centro;-25,48545;-53,60749;2025-03-14 02:40:00.0;0,00
CAPITÃO LEÔNIDAS MARQUES;410460003A;PR;Centro;-25,48545;-53,60749;2025-03-14 03:40:00.0;0,00
CAPITÃO LEÔNIDAS MARQUES;410460003A;PR;Centro;-25,48545;-53,60749;2025-03-14 04:40:00.0;0,00
CAPITÃO LEÔNIDAS MARQUES;410460003A;PR;Centro;-25,48545;-53,60749;2025-03-14 05:40:00.0;0,00
CAPITÃO LEÔNIDAS MARQUES;410460003A;PR;Centro;-25,48545;-53,60749;2025-03-14 06:40:00.0;0,00
CAPITÃO LEÔNIDAS MARQUES;410460003A;PR;Centro;-25,48545;-53,60749;2025-03-14 07:40:00.0;0,00
CAPITÃO LEÔNIDAS MARQUES;410460003A;PR;Centro;-25,48545;-53,60749;2025-03-14 08:40:00.0;0,00
CAPITÃO LEÔNIDAS MARQUES;410460003A;PR;Centro;-25,48545;-53,60749;2025-03-14 09:40:00.0;0,00
CAPITÃO LEÔNIDAS MARQUES;410460003A;PR;Centro;-25,48545;-53,60749;2025-03-14 10:40:00.0;0,00
CAPITÃO LEÔNIDAS MARQUES;410460003A;PR;Centro;-25,48545;-53,60749;2025-03-14 11:40:00.0;0,00
CAPITÃO LEÔNIDAS MARQUES;410460003A;PR;Centro;-25,48545;-53,60749;2025-03-14 12:40:00.0;0,00
CAPITÃO LEÔNIDAS MARQUES;410460003A;PR;Centro;-25,48545;-53,60749;2025-03-14 13:40:00.0;0,00
CAPITÃO LEÔNIDAS MARQUES;410460003A;PR;Centro;-25,48545;-53,60749;2025-03-14 14:40:00.0;0,00
CAPITÃO LEÔNIDAS MARQUES;410460003A;PR;Centro;-25,48545;-53,60749;2025-03-14 15:40:00.0;0,00
CAPITÃO LEÔNIDAS MARQUES;410460003A;PR;Centro;-25,48545;-53,60749;2025-03-14 16:40:00.0;0,00
CAPITÃO LEÔNIDAS MARQUES;410460003A;PR;Centro;-25,48545;-53,60749;2025-03-14 17:40:00.0;0,00
CAPITÃO LEÔNIDAS MARQUES;410460003A;PR;Centro;-25,48545;-53,60749;2025-03-14 18:40:00.0;0,00
CAPITÃO LEÔNIDAS MARQUES;410460003A;PR;Centro;-25,48545;-53,60749;2025-03-14 19:40:00.0;0,00
CAPITÃO LEÔNIDAS MARQUES;410460003A;PR;Centro;-25,48545;-53,60749;2025-03-14 20:40:00.0;0,00
CAPITÃO LEÔNIDAS MARQUES;410460003A;PR;Centro;-25,48545;-53,60749;2025-03-14 21:40:00.0;0,00
CAPITÃO LEÔNIDAS MARQUES;410460003A;PR;Centro;-25,48545;-53,60749;2025-03-14 22:40:00.0;0,00
CAPITÃO LEÔNIDAS MARQUES;410460003A;PR;Centro;-25,48545;-53,60749;2025-03-14 23:40:00.0;0,00
CAPITÃO LEÔNIDAS MARQUES;410460003A;PR;Centro;-25,48545;-53,60749;2025-03-15 00:40:00.0;0,00
CAPITÃO LEÔNIDAS MARQUES;410460003A;PR;Centro;-25,48545;-53,60749;2025-03-15 01:40:00.0;0,00
CAPITÃO LEÔNIDAS MARQUES;410460003A;PR;Centro;-25,48545;-53,60749;2025-03-15 02:40:00.0;0,00
CAPITÃO LEÔNIDAS MARQUES;410460003A;PR;Centro;-25,48545;-53,60749;2025-03-15 03:40:00.0;0,00
CAPITÃO LEÔNIDAS MARQUES;410460003A;PR;Centro;-25,48545;-53,60749;2025-03-15 04:40:00.0;0,00
CAPITÃO LEÔNIDAS MARQUES;410460003A;PR;Centro;-25,48545;-53,60749;2025-03-15 05:40:00.0;0,00
CAPITÃO LEÔNIDAS MARQUES;410460003A;PR;Centro;-25,48545;-53,60749;2025-03-15 06:40:00.0;0,00
CAPITÃO LEÔNIDAS MARQUES;410460003A;PR;Centro;-25,48545;-53,60749;2025-03-15 07:40:00.0;0,00
CAPITÃO LEÔNIDAS MARQUES;410460003A;PR;Centro;-25,48545;-53,60749;2025-03-15 08:40:00.0;0,00
CAPITÃO LEÔNIDAS MARQUES;410460003A;PR;Centro;-25,48545;-53,60749;2025-03-15 09:40:00.0;0,00
CAPITÃO LEÔNIDAS MARQUES;410460003A;PR;Centro;-25,48545;-53,60749;2025-03-15 10:40:00.0;0,00
CAPITÃO LEÔNIDAS MARQUES;410460003A;PR;Centro;-25,48545;-53,60749;2025-03-15 11:40:00.0;0,00
CAPITÃO LEÔNIDAS MARQUES;410460003A;PR;Centro;-25,48545;-53,60749;2025-03-15 12:40:00.0;0,00
CAPITÃO LEÔNIDAS MARQUES;410460003A;PR;Centro;-25,48545;-53,60749;2025-03-15 13:40:00.0;0,00
CAPITÃO LEÔNIDAS MARQUES;410460003A;PR;Centro;-25,48545;-53,60749;2025-03-15 14:40:00.0;0,00
CAPITÃO LEÔNIDAS MARQUES;410460003A;PR;Centro;-25,48545;-53,60749;2025-03-15 15:40:00.0;0,00
CAPITÃO LEÔNIDAS MARQUES;410460003A;PR;Centro;-25,48545;-53,60749;2025-03-15 16:00:00.0;0,20
CAPITÃO LEÔNIDAS MARQUES;410460003A;PR;Centro;-25,48545;-53,60749;2025-03-15 17:10:00.0;0,20
CAPITÃO LEÔNIDAS MARQUES;410460003A;PR;Centro;-25,48545;-53,60749;2025-03-15 18:40:00.0;0,00
CAPITÃO LEÔNIDAS MARQUES;410460003A;PR;Centro;-25,48545;-53,60749;2025-03-15 19:40:00.0;0,00
CAPITÃO LEÔNIDAS MARQUES;410460003A;PR;Centro;-25,48545;-53,60749;2025-03-15 20:40:00.0;0,00
CAPITÃO LEÔNIDAS MARQUES;410460003A;PR;Centro;-25,48545;-53,60749;2025-03-15 21:40:00.0;0,00
CAPITÃO LEÔNIDAS MARQUES;410460003A;PR;Centro;-25,48545;-53,60749;2025-03-15 22:40:00.0;0,00
CAPITÃO LEÔNIDAS MARQUES;410460003A;PR;Centro;-25,48545;-53,60749;2025-03-15 23:40:00.0;0,00
CAPITÃO LEÔNIDAS MARQUES;410460003A;PR;Centro;-25,48545;-53,60749;2025-03-16 00:40:00.0;0,00
CAPITÃO LEÔNIDAS MARQUES;410460003A;PR;Centro;-25,48545;-53,60749;2025-03-16 01:40:00.0;0,00
CAPITÃO LEÔNIDAS MARQUES;410460003A;PR;Centro;-25,48545;-53,60749;2025-03-16 02:40:00.0;0,00
CAPITÃO LEÔNIDAS MARQUES;410460003A;PR;Centro;-25,48545;-53,60749;2025-03-16 03:40:00.0;0,00
CAPITÃO LEÔNIDAS MARQUES;410460003A;PR;Centro;-25,48545;-53,60749;2025-03-16 04:40:00.0;0,00
CAPITÃO LEÔNIDAS MARQUES;410460003A;PR;Centro;-25,48545;-53,60749;2025-03-16 05:40:00.0;0,00
CAPITÃO LEÔNIDAS MARQUES;410460003A;PR;Centro;-25,48545;-53,60749;2025-03-16 06:40:00.0;0,00
CAPITÃO LEÔNIDAS MARQUES;410460003A;PR;Centro;-25,48545;-53,60749;2025-03-16 07:40:00.0;0,00
CAPITÃO LEÔNIDAS MARQUES;410460003A;PR;Centro;-25,48545;-53,60749;2025-03-16 08:40:00.0;0,00
CAPITÃO LEÔNIDAS MARQUES;410460003A;PR;Centro;-25,48545;-53,60749;2025-03-16 09:40:00.0;0,00
CAPITÃO LEÔNIDAS MARQUES;410460003A;PR;Centro;-25,48545;-53,60749;2025-03-16 10:40:00.0;0,00
CAPITÃO LEÔNIDAS MARQUES;410460003A;PR;Centro;-25,48545;-53,60749;2025-03-16 11:40:00.0;0,00
CAPITÃO LEÔNIDAS MARQUES;410460003A;PR;Centro;-25,48545;-53,60749;2025-03-16 12:40:00.0;0,00
CAPITÃO LEÔNIDAS MARQUES;410460003A;PR;Centro;-25,48545;-53,60749;2025-03-16 13:40:00.0;0,00
CAPITÃO LEÔNIDAS MARQUES;410460003A;PR;Centro;-25,48545;-53,60749;2025-03-16 14:40:00.0;0,00
CAPITÃO LEÔNIDAS MARQUES;410460003A;PR;Centro;-25,48545;-53,60749;2025-03-16 15:40:00.0;0,00
CAPITÃO LEÔNIDAS MARQUES;410460003A;PR;Centro;-25,48545;-53,60749;2025-03-16 16:40:00.0;0,00
CAPITÃO LEÔNIDAS MARQUES;410460003A;PR;Centro;-25,48545;-53,60749;2025-03-16 17:40:00.0;0,00
CAPITÃO LEÔNIDAS MARQUES;410460003A;PR;Centro;-25,48545;-53,60749;2025-03-16 18:40:00.0;0,00
CAPITÃO LEÔNIDAS MARQUES;410460003A;PR;Centro;-25,48545;-53,60749;2025-03-16 19:40:00.0;0,00
CAPITÃO LEÔNIDAS MARQUES;410460003A;PR;Centro;-25,48545;-53,60749;2025-03-16 20:40:00.0;0,00
CAPITÃO LEÔNIDAS MARQUES;410460003A;PR;Centro;-25,48545;-53,60749;2025-03-16 21:40:00.0;0,00
CAPITÃO LEÔNIDAS MARQUES;410460003A;PR;Centro;-25,48545;-53,60749;2025-03-16 22:40:00.0;0,00
CAPITÃO LEÔNIDAS MARQUES;410460003A;PR;Centro;-25,48545;-53,60749;2025-03-16 23:40:00.0;0,00
CAPITÃO LEÔNIDAS MARQUES;410460003A;PR;Centro;-25,48545;-53,60749;2025-03-17 00:40:00.0;0,00
CAPITÃO LEÔNIDAS MARQUES;410460003A;PR;Centro;-25,48545;-53,60749;2025-03-17 01:40:00.0;0,00
CAPITÃO LEÔNIDAS MARQUES;410460003A;PR;Centro;-25,48545;-53,60749;2025-03-17 02:40:00.0;0,00
CAPITÃO LEÔNIDAS MARQUES;410460003A;PR;Centro;-25,48545;-53,60749;2025-03-17 03:40:00.0;0,00
CAPITÃO LEÔNIDAS MARQUES;410460003A;PR;Centro;-25,48545;-53,60749;2025-03-17 04:40:00.0;0,00
CAPITÃO LEÔNIDAS MARQUES;410460003A;PR;Centro;-25,48545;-53,60749;2025-03-17 05:40:00.0;0,00
CAPITÃO LEÔNIDAS MARQUES;410460003A;PR;Centro;-25,48545;-53,60749;2025-03-17 06:40:00.0;0,00
CAPITÃO LEÔNIDAS MARQUES;410460003A;PR;Centro;-25,48545;-53,60749;2025-03-17 07:40:00.0;0,00
CAPITÃO LEÔNIDAS MARQUES;410460003A;PR;Centro;-25,48545;-53,60749;2025-03-17 08:40:00.0;0,00
CAPITÃO LEÔNIDAS MARQUES;410460003A;PR;Centro;-25,48545;-53,60749;2025-03-17 09:40:00.0;0,00
CAPITÃO LEÔNIDAS MARQUES;410460003A;PR;Centro;-25,48545;-53,60749;2025-03-17 10:40:00.0;0,00
CAPITÃO LEÔNIDAS MARQUES;410460003A;PR;Centro;-25,48545;-53,60749;2025-03-17 11:40:00.0;0,00
CAPITÃO LEÔNIDAS MARQUES;410460003A;PR;Centro;-25,48545;-53,60749;2025-03-17 12:40:00.0;0,00
CAPITÃO LEÔNIDAS MARQUES;410460003A;PR;Centro;-25,48545;-53,60749;2025-03-17 13:40:00.0;0,00
CAPITÃO LEÔNIDAS MARQUES;410460003A;PR;Centro;-25,48545;-53,60749;2025-03-17 14:40:00.0;0,00
CAPITÃO LEÔNIDAS MARQUES;410460003A;PR;Centro;-25,48545;-53,60749;2025-03-17 15:40:00.0;0,00
CAPITÃO LEÔNIDAS MARQUES;410460003A;PR;Centro;-25,48545;-53,60749;2025-03-17 16:40:00.0;0,00
CAPITÃO LEÔNIDAS MARQUES;410460003A;PR;Centro;-25,48545;-53,60749;2025-03-17 17:40:00.0;0,00
CAPITÃO LEÔNIDAS MARQUES;410460003A;PR;Centro;-25,48545;-53,60749;2025-03-17 18:40:00.0;0,00
CAPITÃO LEÔNIDAS MARQUES;410460003A;PR;Centro;-25,48545;-53,60749;2025-03-17 19:40:00.0;0,00
CAPITÃO LEÔNIDAS MARQUES;410460003A;PR;Centro;-25,48545;-53,60749;2025-03-17 20:40:00.0;0,00
CAPITÃO LEÔNIDAS MARQUES;410460003A;PR;Centro;-25,48545;-53,60749;2025-03-17 21:40:00.0;0,00
CAPITÃO LEÔNIDAS MARQUES;410460003A;PR;Centro;-25,48545;-53,60749;2025-03-17 22:40:00.0;0,00
CAPITÃO LEÔNIDAS MARQUES;410460003A;PR;Centro;-25,48545;-53,60749;2025-03-17 23:40:00.0;0,00
CAPITÃO LEÔNIDAS MARQUES;410460003A;PR;Centro;-25,48545;-53,60749;2025-03-18 00:40:00.0;0,00
CAPITÃO LEÔNIDAS MARQUES;410460003A;PR;Centro;-25,48545;-53,60749;2025-03-18 01:40:00.0;0,00
CAPITÃO LEÔNIDAS MARQUES;410460003A;PR;Centro;-25,48545;-53,60749;2025-03-18 02:40:00.0;0,00
CAPITÃO LEÔNIDAS MARQUES;410460003A;PR;Centro;-25,48545;-53,60749;2025-03-18 03:40:00.0;0,00
CAPITÃO LEÔNIDAS MARQUES;410460003A;PR;Centro;-25,48545;-53,60749;2025-03-18 04:40:00.0;0,00
CAPITÃO LEÔNIDAS MARQUES;410460003A;PR;Centro;-25,48545;-53,60749;2025-03-18 05:40:00.0;0,00
CAPITÃO LEÔNIDAS MARQUES;410460003A;PR;Centro;-25,48545;-53,60749;2025-03-18 06:40:00.0;0,00
CAPITÃO LEÔNIDAS MARQUES;410460003A;PR;Centro;-25,48545;-53,60749;2025-03-18 06:50:00.0;0,39
CAPITÃO LEÔNIDAS MARQUES;410460003A;PR;Centro;-25,48545;-53,60749;2025-03-18 07:00:00.0;0,20
CAPITÃO LEÔNIDAS MARQUES;410460003A;PR;Centro;-25,48545;-53,60749;2025-03-18 08:40:00.0;0,00
CAPITÃO LEÔNIDAS MARQUES;410460003A;PR;Centro;-25,48545;-53,60749;2025-03-18 09:00:00.0;0,20
CAPITÃO LEÔNIDAS MARQUES;410460003A;PR;Centro;-25,48545;-53,60749;2025-03-18 10:40:00.0;0,00
CAPITÃO LEÔNIDAS MARQUES;410460003A;PR;Centro;-25,48545;-53,60749;2025-03-18 11:30:00.0;0,20
CAPITÃO LEÔNIDAS MARQUES;410460003A;PR;Centro;-25,48545;-53,60749;2025-03-18 11:50:00.0;0,20
CAPITÃO LEÔNIDAS MARQUES;410460003A;PR;Centro;-25,48545;-53,60749;2025-03-18 13:40:00.0;0,00
CAPITÃO LEÔNIDAS MARQUES;410460003A;PR;Centro;-25,48545;-53,60749;2025-03-18 14:40:00.0;0,00
CAPITÃO LEÔNIDAS MARQUES;410460003A;PR;Centro;-25,48545;-53,60749;2025-03-18 15:40:00.0;0,00
CAPITÃO LEÔNIDAS MARQUES;410460003A;PR;Centro;-25,48545;-53,60749;2025-03-18 16:40:00.0;0,00
CAPITÃO LEÔNIDAS MARQUES;410460003A;PR;Centro;-25,48545;-53,60749;2025-03-18 17:40:00.0;0,00
CAPITÃO LEÔNIDAS MARQUES;410460003A;PR;Centro;-25,48545;-53,60749;2025-03-18 18:40:00.0;0,00
CAPITÃO LEÔNIDAS MARQUES;410460003A;PR;Centro;-25,48545;-53,60749;2025-03-18 19:40:00.0;0,00
CAPITÃO LEÔNIDAS MARQUES;410460003A;PR;Centro;-25,48545;-53,60749;2025-03-18 20:40:00.0;0,00
CAPITÃO LEÔNIDAS MARQUES;410460003A;PR;Centro;-25,48545;-53,60749;2025-03-18 21:40:00.0;0,00
CAPITÃO LEÔNIDAS MARQUES;410460003A;PR;Centro;-25,48545;-53,60749;2025-03-18 22:40:00.0;0,00
CAPITÃO LEÔNIDAS MARQUES;410460003A;PR;Centro;-25,48545;-53,60749;2025-03-18 23:40:00.0;0,00
CAPITÃO LEÔNIDAS MARQUES;410460003A;PR;Centro;-25,48545;-53,60749;2025-03-19 00:40:00.0;0,00
CAPITÃO LEÔNIDAS MARQUES;410460003A;PR;Centro;-25,48545;-53,60749;2025-03-19 01:40:00.0;0,00
CAPITÃO LEÔNIDAS MARQUES;410460003A;PR;Centro;-25,48545;-53,60749;2025-03-19 02:40:00.0;0,00
CAPITÃO LEÔNIDAS MARQUES;410460003A;PR;Centro;-25,48545;-53,60749;2025-03-19 03:40:00.0;0,00
CAPITÃO LEÔNIDAS MARQUES;410460003A;PR;Centro;-25,48545;-53,60749;2025-03-19 04:40:00.0;0,00
CAPITÃO LEÔNIDAS MARQUES;410460003A;PR;Centro;-25,48545;-53,60749;2025-03-19 05:40:00.0;0,00
CAPITÃO LEÔNIDAS MARQUES;410460003A;PR;Centro;-25,48545;-53,60749;2025-03-19 06:40:00.0;0,00
CAPITÃO LEÔNIDAS MARQUES;410460003A;PR;Centro;-25,48545;-53,60749;2025-03-19 07:40:00.0;0,00
CAPITÃO LEÔNIDAS MARQUES;410460003A;PR;Centro;-25,48545;-53,60749;2025-03-19 08:40:00.0;0,00
CAPITÃO LEÔNIDAS MARQUES;410460003A;PR;Centro;-25,48545;-53,60749;2025-03-19 09:40:00.0;0,00
CAPITÃO LEÔNIDAS MARQUES;410460003A;PR;Centro;-25,48545;-53,60749;2025-03-19 10:40:00.0;0,00
CAPITÃO LEÔNIDAS MARQUES;410460003A;PR;Centro;-25,48545;-53,60749;2025-03-19 11:40:00.0;0,00
CAPITÃO LEÔNIDAS MARQUES;410460003A;PR;Centro;-25,48545;-53,60749;2025-03-19 12:40:00.0;0,00
CAPITÃO LEÔNIDAS MARQUES;410460003A;PR;Centro;-25,48545;-53,60749;2025-03-19 13:40:00.0;0,00
CAPITÃO LEÔNIDAS MARQUES;410460003A;PR;Centro;-25,48545;-53,60749;2025-03-19 14:40:00.0;0,00
CAPITÃO LEÔNIDAS MARQUES;410460003A;PR;Centro;-25,48545;-53,60749;2025-03-19 15:40:00.0;0,00
CAPITÃO LEÔNIDAS MARQUES;410460003A;PR;Centro;-25,48545;-53,60749;2025-03-19 16:40:00.0;0,00
CAPITÃO LEÔNIDAS MARQUES;410460003A;PR;Centro;-25,48545;-53,60749;2025-03-19 17:40:00.0;0,00
CAPITÃO LEÔNIDAS MARQUES;410460003A;PR;Centro;-25,48545;-53,60749;2025-03-19 18:40:00.0;0,00
CAPITÃO LEÔNIDAS MARQUES;410460003A;PR;Centro;-25,48545;-53,60749;2025-03-19 19:40:00.0;0,00
CAPITÃO LEÔNIDAS MARQUES;410460003A;PR;Centro;-25,48545;-53,60749;2025-03-19 20:40:00.0;0,00
CAPITÃO LEÔNIDAS MARQUES;410460003A;PR;Centro;-25,48545;-53,60749;2025-03-19 21:40:00.0;0,00
CAPITÃO LEÔNIDAS MARQUES;410460003A;PR;Centro;-25,48545;-53,60749;2025-03-19 22:40:00.0;0,00
CAPITÃO LEÔNIDAS MARQUES;410460003A;PR;Centro;-25,48545;-53,60749;2025-03-19 23:40:00.0;0,00
CAPITÃO LEÔNIDAS MARQUES;410460003A;PR;Centro;-25,48545;-53,60749;2025-03-20 00:40:00.0;0,00
CAPITÃO LEÔNIDAS MARQUES;410460003A;PR;Centro;-25,48545;-53,60749;2025-03-20 01:40:00.0;0,00
CAPITÃO LEÔNIDAS MARQUES;410460003A;PR;Centro;-25,48545;-53,60749;2025-03-20 02:40:00.0;0,00
CAPITÃO LEÔNIDAS MARQUES;410460003A;PR;Centro;-25,48545;-53,60749;2025-03-20 03:40:00.0;0,00
CAPITÃO LEÔNIDAS MARQUES;410460003A;PR;Centro;-25,48545;-53,60749;2025-03-20 04:40:00.0;0,00
CAPITÃO LEÔNIDAS MARQUES;410460003A;PR;Centro;-25,48545;-53,60749;2025-03-20 05:40:00.0;0,00
CAPITÃO LEÔNIDAS MARQUES;410460003A;PR;Centro;-25,48545;-53,60749;2025-03-20 06:40:00.0;0,00
CAPITÃO LEÔNIDAS MARQUES;410460003A;PR;Centro;-25,48545;-53,60749;2025-03-20 07:40:00.0;0,00
CAPITÃO LEÔNIDAS MARQUES;410460003A;PR;Centro;-25,48545;-53,60749;2025-03-20 08:40:00.0;0,00
CAPITÃO LEÔNIDAS MARQUES;410460003A;PR;Centro;-25,48545;-53,60749;2025-03-20 09:40:00.0;0,00
CAPITÃO LEÔNIDAS MARQUES;410460003A;PR;Centro;-25,48545;-53,60749;2025-03-20 10:40:00.0;0,00
CAPITÃO LEÔNIDAS MARQUES;410460003A;PR;Centro;-25,48545;-53,60749;2025-03-20 11:40:00.0;0,00
CAPITÃO LEÔNIDAS MARQUES;410460003A;PR;Centro;-25,48545;-53,60749;2025-03-20 12:40:00.0;0,00
CAPITÃO LEÔNIDAS MARQUES;410460003A;PR;Centro;-25,48545;-53,60749;2025-03-20 13:40:00.0;0,00
CAPITÃO LEÔNIDAS MARQUES;410460003A;PR;Centro;-25,48545;-53,60749;2025-03-20 14:40:00.0;0,00
CAPITÃO LEÔNIDAS MARQUES;410460003A;PR;Centro;-25,48545;-53,60749;2025-03-20 15:40:00.0;0,00
CAPITÃO LEÔNIDAS MARQUES;410460003A;PR;Centro;-25,48545;-53,60749;2025-03-20 16:40:00.0;0,00
CAPITÃO LEÔNIDAS MARQUES;410460003A;PR;Centro;-25,48545;-53,60749;2025-03-20 17:40:00.0;0,00
CAPITÃO LEÔNIDAS MARQUES;410460003A;PR;Centro;-25,48545;-53,60749;2025-03-20 18:40:00.0;0,00
CAPITÃO LEÔNIDAS MARQUES;410460003A;PR;Centro;-25,48545;-53,60749;2025-03-20 19:40:00.0;0,00
CAPITÃO LEÔNIDAS MARQUES;410460003A;PR;Centro;-25,48545;-53,60749;2025-03-20 20:40:00.0;0,00
CAPITÃO LEÔNIDAS MARQUES;410460003A;PR;Centro;-25,48545;-53,60749;2025-03-20 21:40:00.0;0,00
CAPITÃO LEÔNIDAS MARQUES;410460003A;PR;Centro;-25,48545;-53,60749;2025-03-20 22:40:00.0;0,00
CAPITÃO LEÔNIDAS MARQUES;410460003A;PR;Centro;-25,48545;-53,60749;2025-03-20 23:40:00.0;0,00
CAPITÃO LEÔNIDAS MARQUES;410460003A;PR;Centro;-25,48545;-53,60749;2025-03-21 00:40:00.0;0,00
CAPITÃO LEÔNIDAS MARQUES;410460003A;PR;Centro;-25,48545;-53,60749;2025-03-21 01:40:00.0;0,00
CAPITÃO LEÔNIDAS MARQUES;410460003A;PR;Centro;-25,48545;-53,60749;2025-03-21 02:40:00.0;0,00
CAPITÃO LEÔNIDAS MARQUES;410460003A;PR;Centro;-25,48545;-53,60749;2025-03-21 03:40:00.0;0,00
CAPITÃO LEÔNIDAS MARQUES;410460003A;PR;Centro;-25,48545;-53,60749;2025-03-21 04:40:00.0;0,00
CAPITÃO LEÔNIDAS MARQUES;410460003A;PR;Centro;-25,48545;-53,60749;2025-03-21 05:40:00.0;0,00
CAPITÃO LEÔNIDAS MARQUES;410460003A;PR;Centro;-25,48545;-53,60749;2025-03-21 06:40:00.0;0,00
CAPITÃO LEÔNIDAS MARQUES;410460003A;PR;Centro;-25,48545;-53,60749;2025-03-21 07:40:00.0;0,00
CAPITÃO LEÔNIDAS MARQUES;410460003A;PR;Centro;-25,48545;-53,60749;2025-03-21 08:40:00.0;0,00
CAPITÃO LEÔNIDAS MARQUES;410460003A;PR;Centro;-25,48545;-53,60749;2025-03-21 09:40:00.0;0,00
CAPITÃO LEÔNIDAS MARQUES;410460003A;PR;Centro;-25,48545;-53,60749;2025-03-21 10:40:00.0;0,00
CAPITÃO LEÔNIDAS MARQUES;410460003A;PR;Centro;-25,48545;-53,60749;2025-03-21 11:40:00.0;0,00
CAPITÃO LEÔNIDAS MARQUES;410460003A;PR;Centro;-25,48545;-53,60749;2025-03-21 12:40:00.0;0,00
CAPITÃO LEÔNIDAS MARQUES;410460003A;PR;Centro;-25,48545;-53,60749;2025-03-21 13:40:00.0;0,00
CAPITÃO LEÔNIDAS MARQUES;410460003A;PR;Centro;-25,48545;-53,60749;2025-03-21 14:40:00.0;0,00
CAPITÃO LEÔNIDAS MARQUES;410460003A;PR;Centro;-25,48545;-53,60749;2025-03-21 15:40:00.0;0,00
CAPITÃO LEÔNIDAS MARQUES;410460003A;PR;Centro;-25,48545;-53,60749;2025-03-21 16:40:00.0;0,00
CAPITÃO LEÔNIDAS MARQUES;410460003A;PR;Centro;-25,48545;-53,60749;2025-03-21 17:40:00.0;0,00
CAPITÃO LEÔNIDAS MARQUES;410460003A;PR;Centro;-25,48545;-53,60749;2025-03-21 18:40:00.0;0,00
CAPITÃO LEÔNIDAS MARQUES;410460003A;PR;Centro;-25,48545;-53,60749;2025-03-21 19:40:00.0;0,00
CAPITÃO LEÔNIDAS MARQUES;410460003A;PR;Centro;-25,48545;-53,60749;2025-03-21 20:40:00.0;0,00
CAPITÃO LEÔNIDAS MARQUES;410460003A;PR;Centro;-25,48545;-53,60749;2025-03-21 21:40:00.0;0,00
CAPITÃO LEÔNIDAS MARQUES;410460003A;PR;Centro;-25,48545;-53,60749;2025-03-21 22:40:00.0;0,00
CAPITÃO LEÔNIDAS MARQUES;410460003A;PR;Centro;-25,48545;-53,60749;2025-03-21 23:40:00.0;0,00
CAPITÃO LEÔNIDAS MARQUES;410460003A;PR;Centro;-25,48545;-53,60749;2025-03-22 00:40:00.0;0,00
CAPITÃO LEÔNIDAS MARQUES;410460003A;PR;Centro;-25,48545;-53,60749;2025-03-22 01:40:00.0;0,00
CAPITÃO LEÔNIDAS MARQUES;410460003A;PR;Centro;-25,48545;-53,60749;2025-03-22 02:40:00.0;0,00
CAPITÃO LEÔNIDAS MARQUES;410460003A;PR;Centro;-25,48545;-53,60749;2025-03-22 03:40:00.0;0,00
CAPITÃO LEÔNIDAS MARQUES;410460003A;PR;Centro;-25,48545;-53,60749;2025-03-22 04:40:00.0;0,00
CAPITÃO LEÔNIDAS MARQUES;410460003A;PR;Centro;-25,48545;-53,60749;2025-03-22 05:40:00.0;0,00
CAPITÃO LEÔNIDAS MARQUES;410460003A;PR;Centro;-25,48545;-53,60749;2025-03-22 06:40:00.0;0,00
CAPITÃO LEÔNIDAS MARQUES;410460003A;PR;Centro;-25,48545;-53,60749;2025-03-22 07:40:00.0;0,00
CAPITÃO LEÔNIDAS MARQUES;410460003A;PR;Centro;-25,48545;-53,60749;2025-03-22 08:40:00.0;0,00
CAPITÃO LEÔNIDAS MARQUES;410460003A;PR;Centro;-25,48545;-53,60749;2025-03-22 09:40:00.0;0,00
CAPITÃO LEÔNIDAS MARQUES;410460003A;PR;Centro;-25,48545;-53,60749;2025-03-22 10:40:00.0;0,00
CAPITÃO LEÔNIDAS MARQUES;410460003A;PR;Centro;-25,48545;-53,60749;2025-03-22 11:40:00.0;0,00
CAPITÃO LEÔNIDAS MARQUES;410460003A;PR;Centro;-25,48545;-53,60749;2025-03-22 12:40:00.0;0,00
CAPITÃO LEÔNIDAS MARQUES;410460003A;PR;Centro;-25,48545;-53,60749;2025-03-22 13:40:00.0;0,00
CAPITÃO LEÔNIDAS MARQUES;410460003A;PR;Centro;-25,48545;-53,60749;2025-03-22 14:40:00.0;0,00
CAPITÃO LEÔNIDAS MARQUES;410460003A;PR;Centro;-25,48545;-53,60749;2025-03-22 15:40:00.0;0,00
CAPITÃO LEÔNIDAS MARQUES;410460003A;PR;Centro;-25,48545;-53,60749;2025-03-22 16:40:00.0;0,00
CAPITÃO LEÔNIDAS MARQUES;410460003A;PR;Centro;-25,48545;-53,60749;2025-03-22 17:40:00.0;0,00
CAPITÃO LEÔNIDAS MARQUES;410460003A;PR;Centro;-25,48545;-53,60749;2025-03-22 18:40:00.0;0,00
CAPITÃO LEÔNIDAS MARQUES;410460003A;PR;Centro;-25,48545;-53,60749;2025-03-22 19:40:00.0;0,00
CAPITÃO LEÔNIDAS MARQUES;410460003A;PR;Centro;-25,48545;-53,60749;2025-03-22 20:40:00.0;0,00
CAPITÃO LEÔNIDAS MARQUES;410460003A;PR;Centro;-25,48545;-53,60749;2025-03-22 21:40:00.0;0,00
CAPITÃO LEÔNIDAS MARQUES;410460003A;PR;Centro;-25,48545;-53,60749;2025-03-22 22:40:00.0;0,00
CAPITÃO LEÔNIDAS MARQUES;410460003A;PR;Centro;-25,48545;-53,60749;2025-03-22 23:40:00.0;0,00
CAPITÃO LEÔNIDAS MARQUES;410460003A;PR;Centro;-25,48545;-53,60749;2025-03-23 00:40:00.0;0,00
CAPITÃO LEÔNIDAS MARQUES;410460003A;PR;Centro;-25,48545;-53,60749;2025-03-23 01:40:00.0;0,00
CAPITÃO LEÔNIDAS MARQUES;410460003A;PR;Centro;-25,48545;-53,60749;2025-03-23 02:40:00.0;0,00
CAPITÃO LEÔNIDAS MARQUES;410460003A;PR;Centro;-25,48545;-53,60749;2025-03-23 03:40:00.0;0,00
CAPITÃO LEÔNIDAS MARQUES;410460003A;PR;Centro;-25,48545;-53,60749;2025-03-23 04:40:00.0;0,00
CAPITÃO LEÔNIDAS MARQUES;410460003A;PR;Centro;-25,48545;-53,60749;2025-03-23 05:40:00.0;0,00
CAPITÃO LEÔNIDAS MARQUES;410460003A;PR;Centro;-25,48545;-53,60749;2025-03-23 06:40:00.0;0,00
CAPITÃO LEÔNIDAS MARQUES;410460003A;PR;Centro;-25,48545;-53,60749;2025-03-23 07:40:00.0;0,00
CAPITÃO LEÔNIDAS MARQUES;410460003A;PR;Centro;-25,48545;-53,60749;2025-03-23 08:40:00.0;0,00
CAPITÃO LEÔNIDAS MARQUES;410460003A;PR;Centro;-25,48545;-53,60749;2025-03-23 09:40:00.0;0,00
CAPITÃO LEÔNIDAS MARQUES;410460003A;PR;Centro;-25,48545;-53,60749;2025-03-23 10:00:00.0;0,39
CAPITÃO LEÔNIDAS MARQUES;410460003A;PR;Centro;-25,48545;-53,60749;2025-03-23 10:10:00.0;0,59
CAPITÃO LEÔNIDAS MARQUES;410460003A;PR;Centro;-25,48545;-53,60749;2025-03-23 10:20:00.0;0,39
CAPITÃO LEÔNIDAS MARQUES;410460003A;PR;Centro;-25,48545;-53,60749;2025-03-23 11:40:00.0;0,00
CAPITÃO LEÔNIDAS MARQUES;410460003A;PR;Centro;-25,48545;-53,60749;2025-03-23 12:40:00.0;0,00
CAPITÃO LEÔNIDAS MARQUES;410460003A;PR;Centro;-25,48545;-53,60749;2025-03-23 13:40:00.0;0,00
CAPITÃO LEÔNIDAS MARQUES;410460003A;PR;Centro;-25,48545;-53,60749;2025-03-23 14:20:00.0;0,20
CAPITÃO LEÔNIDAS MARQUES;410460003A;PR;Centro;-25,48545;-53,60749;2025-03-23 15:40:00.0;0,00
CAPITÃO LEÔNIDAS MARQUES;410460003A;PR;Centro;-25,48545;-53,60749;2025-03-23 16:40:00.0;0,00
CAPITÃO LEÔNIDAS MARQUES;410460003A;PR;Centro;-25,48545;-53,60749;2025-03-23 17:40:00.0;0,00
CAPITÃO LEÔNIDAS MARQUES;410460003A;PR;Centro;-25,48545;-53,60749;2025-03-23 18:40:00.0;0,00
CAPITÃO LEÔNIDAS MARQUES;410460003A;PR;Centro;-25,48545;-53,60749;2025-03-23 19:40:00.0;0,00
CAPITÃO LEÔNIDAS MARQUES;410460003A;PR;Centro;-25,48545;-53,60749;2025-03-23 20:40:00.0;0,00
CAPITÃO LEÔNIDAS MARQUES;410460003A;PR;Centro;-25,48545;-53,60749;2025-03-23 21:40:00.0;0,00
CAPITÃO LEÔNIDAS MARQUES;410460003A;PR;Centro;-25,48545;-53,60749;2025-03-23 22:40:00.0;0,00
CAPITÃO LEÔNIDAS MARQUES;410460003A;PR;Centro;-25,48545;-53,60749;2025-03-23 23:40:00.0;0,00
CAPITÃO LEÔNIDAS MARQUES;410460003A;PR;Centro;-25,48545;-53,60749;2025-03-24 00:40:00.0;0,00
CAPITÃO LEÔNIDAS MARQUES;410460003A;PR;Centro;-25,48545;-53,60749;2025-03-24 01:40:00.0;0,00
CAPITÃO LEÔNIDAS MARQUES;410460003A;PR;Centro;-25,48545;-53,60749;2025-03-24 02:40:00.0;0,00
CAPITÃO LEÔNIDAS MARQUES;410460003A;PR;Centro;-25,48545;-53,60749;2025-03-24 03:40:00.0;0,00
CAPITÃO LEÔNIDAS MARQUES;410460003A;PR;Centro;-25,48545;-53,60749;2025-03-24 04:40:00.0;0,00
CAPITÃO LEÔNIDAS MARQUES;410460003A;PR;Centro;-25,48545;-53,60749;2025-03-24 05:40:00.0;0,00
CAPITÃO LEÔNIDAS MARQUES;410460003A;PR;Centro;-25,48545;-53,60749;2025-03-24 06:40:00.0;0,00
CAPITÃO LEÔNIDAS MARQUES;410460003A;PR;Centro;-25,48545;-53,60749;2025-03-24 07:40:00.0;0,00
CAPITÃO LEÔNIDAS MARQUES;410460003A;PR;Centro;-25,48545;-53,60749;2025-03-24 08:40:00.0;0,00
CAPITÃO LEÔNIDAS MARQUES;410460003A;PR;Centro;-25,48545;-53,60749;2025-03-24 09:40:00.0;0,00
CAPITÃO LEÔNIDAS MARQUES;410460003A;PR;Centro;-25,48545;-53,60749;2025-03-24 10:40:00.0;0,00
CAPITÃO LEÔNIDAS MARQUES;410460003A;PR;Centro;-25,48545;-53,60749;2025-03-24 11:40:00.0;0,00
CAPITÃO LEÔNIDAS MARQUES;410460003A;PR;Centro;-25,48545;-53,60749;2025-03-24 12:40:00.0;0,00
CAPITÃO LEÔNIDAS MARQUES;410460003A;PR;Centro;-25,48545;-53,60749;2025-03-24 13:40:00.0;0,00
CAPITÃO LEÔNIDAS MARQUES;410460003A;PR;Centro;-25,48545;-53,60749;2025-03-24 14:40:00.0;0,00
CAPITÃO LEÔNIDAS MARQUES;410460003A;PR;Centro;-25,48545;-53,60749;2025-03-24 15:40:00.0;0,00
CAPITÃO LEÔNIDAS MARQUES;410460003A;PR;Centro;-25,48545;-53,60749;2025-03-24 16:40:00.0;0,00
CAPITÃO LEÔNIDAS MARQUES;410460003A;PR;Centro;-25,48545;-53,60749;2025-03-24 17:40:00.0;0,00
CAPITÃO LEÔNIDAS MARQUES;410460003A;PR;Centro;-25,48545;-53,60749;2025-03-24 18:40:00.0;0,00
CAPITÃO LEÔNIDAS MARQUES;410460003A;PR;Centro;-25,48545;-53,60749;2025-03-24 19:40:00.0;0,00
CAPITÃO LEÔNIDAS MARQUES;410460003A;PR;Centro;-25,48545;-53,60749;2025-03-24 20:40:00.0;0,00
CAPITÃO LEÔNIDAS MARQUES;410460003A;PR;Centro;-25,48545;-53,60749;2025-03-24 21:40:00.0;0,00
CAPITÃO LEÔNIDAS MARQUES;410460003A;PR;Centro;-25,48545;-53,60749;2025-03-24 22:40:00.0;0,00
CAPITÃO LEÔNIDAS MARQUES;410460003A;PR;Centro;-25,48545;-53,60749;2025-03-24 23:40:00.0;0,00
CAPITÃO LEÔNIDAS MARQUES;410460003A;PR;Centro;-25,48545;-53,60749;2025-03-25 00:40:00.0;0,00
CAPITÃO LEÔNIDAS MARQUES;410460003A;PR;Centro;-25,48545;-53,60749;2025-03-25 01:40:00.0;0,00
CAPITÃO LEÔNIDAS MARQUES;410460003A;PR;Centro;-25,48545;-53,60749;2025-03-25 02:40:00.0;0,00
CAPITÃO LEÔNIDAS MARQUES;410460003A;PR;Centro;-25,48545;-53,60749;2025-03-25 03:40:00.0;0,00
CAPITÃO LEÔNIDAS MARQUES;410460003A;PR;Centro;-25,48545;-53,60749;2025-03-25 04:40:00.0;0,00
CAPITÃO LEÔNIDAS MARQUES;410460003A;PR;Centro;-25,48545;-53,60749;2025-03-25 05:40:00.0;0,00
CAPITÃO LEÔNIDAS MARQUES;410460003A;PR;Centro;-25,48545;-53,60749;2025-03-25 06:40:00.0;0,00
CAPITÃO LEÔNIDAS MARQUES;410460003A;PR;Centro;-25,48545;-53,60749;2025-03-25 07:40:00.0;0,00
CAPITÃO LEÔNIDAS MARQUES;410460003A;PR;Centro;-25,48545;-53,60749;2025-03-25 08:40:00.0;0,00
CAPITÃO LEÔNIDAS MARQUES;410460003A;PR;Centro;-25,48545;-53,60749;2025-03-25 09:40:00.0;0,00
CAPITÃO LEÔNIDAS MARQUES;410460003A;PR;Centro;-25,48545;-53,60749;2025-03-25 10:40:00.0;0,00
CAPITÃO LEÔNIDAS MARQUES;410460003A;PR;Centro;-25,48545;-53,60749;2025-03-25 11:40:00.0;0,00
CAPITÃO LEÔNIDAS MARQUES;410460003A;PR;Centro;-25,48545;-53,60749;2025-03-25 12:40:00.0;0,00
CAPITÃO LEÔNIDAS MARQUES;410460003A;PR;Centro;-25,48545;-53,60749;2025-03-25 13:40:00.0;0,00
CAPITÃO LEÔNIDAS MARQUES;410460003A;PR;Centro;-25,48545;-53,60749;2025-03-25 14:40:00.0;0,00
CAPITÃO LEÔNIDAS MARQUES;410460003A;PR;Centro;-25,48545;-53,60749;2025-03-25 15:40:00.0;0,00
CAPITÃO LEÔNIDAS MARQUES;410460003A;PR;Centro;-25,48545;-53,60749;2025-03-25 16:40:00.0;0,00
CAPITÃO LEÔNIDAS MARQUES;410460003A;PR;Centro;-25,48545;-53,60749;2025-03-25 17:40:00.0;0,00
CAPITÃO LEÔNIDAS MARQUES;410460003A;PR;Centro;-25,48545;-53,60749;2025-03-25 18:40:00.0;0,00
CAPITÃO LEÔNIDAS MARQUES;410460003A;PR;Centro;-25,48545;-53,60749;2025-03-25 19:40:00.0;0,00
CAPITÃO LEÔNIDAS MARQUES;410460003A;PR;Centro;-25,48545;-53,60749;2025-03-25 20:30:00.0;0,39
CAPITÃO LEÔNIDAS MARQUES;410460003A;PR;Centro;-25,48545;-53,60749;2025-03-25 20:40:00.0;0,20
CAPITÃO LEÔNIDAS MARQUES;410460003A;PR;Centro;-25,48545;-53,60749;2025-03-25 20:50:00.0;0,59
CAPITÃO LEÔNIDAS MARQUES;410460003A;PR;Centro;-25,48545;-53,60749;2025-03-25 21:00:00.0;0,20
CAPITÃO LEÔNIDAS MARQUES;410460003A;PR;Centro;-25,48545;-53,60749;2025-03-25 21:10:00.0;0,79
CAPITÃO LEÔNIDAS MARQUES;410460003A;PR;Centro;-25,48545;-53,60749;2025-03-25 21:20:00.0;0,79
CAPITÃO LEÔNIDAS MARQUES;410460003A;PR;Centro;-25,48545;-53,60749;2025-03-25 21:30:00.0;0,59
CAPITÃO LEÔNIDAS MARQUES;410460003A;PR;Centro;-25,48545;-53,60749;2025-03-25 21:40:00.0;0,79
CAPITÃO LEÔNIDAS MARQUES;410460003A;PR;Centro;-25,48545;-53,60749;2025-03-25 21:50:00.0;0,79
CAPITÃO LEÔNIDAS MARQUES;410460003A;PR;Centro;-25,48545;-53,60749;2025-03-25 22:00:00.0;0,59
CAPITÃO LEÔNIDAS MARQUES;410460003A;PR;Centro;-25,48545;-53,60749;2025-03-25 22:20:00.0;0,20
CAPITÃO LEÔNIDAS MARQUES;410460003A;PR;Centro;-25,48545;-53,60749;2025-03-25 23:40:00.0;0,00
CAPITÃO LEÔNIDAS MARQUES;410460003A;PR;Centro;-25,48545;-53,60749;2025-03-26 00:40:00.0;0,00
CAPITÃO LEÔNIDAS MARQUES;410460003A;PR;Centro;-25,48545;-53,60749;2025-03-26 01:40:00.0;0,00
CAPITÃO LEÔNIDAS MARQUES;410460003A;PR;Centro;-25,48545;-53,60749;2025-03-26 02:40:00.0;0,00
CAPITÃO LEÔNIDAS MARQUES;410460003A;PR;Centro;-25,48545;-53,60749;2025-03-26 03:40:00.0;0,00
CAPITÃO LEÔNIDAS MARQUES;410460003A;PR;Centro;-25,48545;-53,60749;2025-03-26 04:40:00.0;0,00
CAPITÃO LEÔNIDAS MARQUES;410460003A;PR;Centro;-25,48545;-53,60749;2025-03-26 05:40:00.0;0,00
CAPITÃO LEÔNIDAS MARQUES;410460003A;PR;Centro;-25,48545;-53,60749;2025-03-26 06:40:00.0;0,00
CAPITÃO LEÔNIDAS MARQUES;410460003A;PR;Centro;-25,48545;-53,60749;2025-03-26 07:40:00.0;0,00
CAPITÃO LEÔNIDAS MARQUES;410460003A;PR;Centro;-25,48545;-53,60749;2025-03-26 08:40:00.0;0,20
CAPITÃO LEÔNIDAS MARQUES;410460003A;PR;Centro;-25,48545;-53,60749;2025-03-26 10:40:00.0;0,00
CAPITÃO LEÔNIDAS MARQUES;410460003A;PR;Centro;-25,48545;-53,60749;2025-03-26 11:40:00.0;0,00
CAPITÃO LEÔNIDAS MARQUES;410460003A;PR;Centro;-25,48545;-53,60749;2025-03-26 12:40:00.0;0,00
CAPITÃO LEÔNIDAS MARQUES;410460003A;PR;Centro;-25,48545;-53,60749;2025-03-26 13:40:00.0;0,00
CAPITÃO LEÔNIDAS MARQUES;410460003A;PR;Centro;-25,48545;-53,60749;2025-03-26 14:40:00.0;0,00
CAPITÃO LEÔNIDAS MARQUES;410460003A;PR;Centro;-25,48545;-53,60749;2025-03-26 15:40:00.0;0,00
CAPITÃO LEÔNIDAS MARQUES;410460003A;PR;Centro;-25,48545;-53,60749;2025-03-26 16:40:00.0;0,00
CAPITÃO LEÔNIDAS MARQUES;410460003A;PR;Centro;-25,48545;-53,60749;2025-03-26 17:40:00.0;0,00
CAPITÃO LEÔNIDAS MARQUES;410460003A;PR;Centro;-25,48545;-53,60749;2025-03-26 18:40:00.0;0,00
CAPITÃO LEÔNIDAS MARQUES;410460003A;PR;Centro;-25,48545;-53,60749;2025-03-26 19:40:00.0;0,00
CAPITÃO LEÔNIDAS MARQUES;410460003A;PR;Centro;-25,48545;-53,60749;2025-03-26 20:40:00.0;0,00
CAPITÃO LEÔNIDAS MARQUES;410460003A;PR;Centro;-25,48545;-53,60749;2025-03-26 21:40:00.0;0,00
CAPITÃO LEÔNIDAS MARQUES;410460003A;PR;Centro;-25,48545;-53,60749;2025-03-26 22:40:00.0;0,00
CAPITÃO LEÔNIDAS MARQUES;410460003A;PR;Centro;-25,48545;-53,60749;2025-03-26 23:40:00.0;0,00
CAPITÃO LEÔNIDAS MARQUES;410460003A;PR;Centro;-25,48545;-53,60749;2025-03-27 00:40:00.0;0,00
CAPITÃO LEÔNIDAS MARQUES;410460003A;PR;Centro;-25,48545;-53,60749;2025-03-27 01:40:00.0;0,00
CAPITÃO LEÔNIDAS MARQUES;410460003A;PR;Centro;-25,48545;-53,60749;2025-03-27 02:40:00.0;0,00
CAPITÃO LEÔNIDAS MARQUES;410460003A;PR;Centro;-25,48545;-53,60749;2025-03-27 03:40:00.0;0,00
CAPITÃO LEÔNIDAS MARQUES;410460003A;PR;Centro;-25,48545;-53,60749;2025-03-27 04:40:00.0;0,00
CAPITÃO LEÔNIDAS MARQUES;410460003A;PR;Centro;-25,48545;-53,60749;2025-03-27 05:40:00.0;0,00
CAPITÃO LEÔNIDAS MARQUES;410460003A;PR;Centro;-25,48545;-53,60749;2025-03-27 06:40:00.0;0,00
CAPITÃO LEÔNIDAS MARQUES;410460003A;PR;Centro;-25,48545;-53,60749;2025-03-27 07:40:00.0;0,00
CAPITÃO LEÔNIDAS MARQUES;410460003A;PR;Centro;-25,48545;-53,60749;2025-03-27 08:40:00.0;0,00
CAPITÃO LEÔNIDAS MARQUES;410460003A;PR;Centro;-25,48545;-53,60749;2025-03-27 09:40:00.0;0,00
CAPITÃO LEÔNIDAS MARQUES;410460003A;PR;Centro;-25,48545;-53,60749;2025-03-27 10:40:00.0;0,00
CAPITÃO LEÔNIDAS MARQUES;410460003A;PR;Centro;-25,48545;-53,60749;2025-03-27 11:40:00.0;0,00
CAPITÃO LEÔNIDAS MARQUES;410460003A;PR;Centro;-25,48545;-53,60749;2025-03-27 12:40:00.0;0,00
CAPITÃO LEÔNIDAS MARQUES;410460003A;PR;Centro;-25,48545;-53,60749;2025-03-27 13:40:00.0;0,00
CAPITÃO LEÔNIDAS MARQUES;410460003A;PR;Centro;-25,48545;-53,60749;2025-03-27 14:40:00.0;0,00
CAPITÃO LEÔNIDAS MARQUES;410460003A;PR;Centro;-25,48545;-53,60749;2025-03-27 15:40:00.0;0,00
CAPITÃO LEÔNIDAS MARQUES;410460003A;PR;Centro;-25,48545;-53,60749;2025-03-27 16:40:00.0;0,00
CAPITÃO LEÔNIDAS MARQUES;410460003A;PR;Centro;-25,48545;-53,60749;2025-03-27 17:40:00.0;0,00
CAPITÃO LEÔNIDAS MARQUES;410460003A;PR;Centro;-25,48545;-53,60749;2025-03-27 18:40:00.0;0,00
CAPITÃO LEÔNIDAS MARQUES;410460003A;PR;Centro;-25,48545;-53,60749;2025-03-27 19:40:00.0;0,00
CAPITÃO LEÔNIDAS MARQUES;410460003A;PR;Centro;-25,48545;-53,60749;2025-03-27 20:40:00.0;0,00
CAPITÃO LEÔNIDAS MARQUES;410460003A;PR;Centro;-25,48545;-53,60749;2025-03-27 21:40:00.0;0,00
CAPITÃO LEÔNIDAS MARQUES;410460003A;PR;Centro;-25,48545;-53,60749;2025-03-27 22:40:00.0;0,00
CAPITÃO LEÔNIDAS MARQUES;410460003A;PR;Centro;-25,48545;-53,60749;2025-03-27 23:40:00.0;0,00
CAPITÃO LEÔNIDAS MARQUES;410460003A;PR;Centro;-25,48545;-53,60749;2025-03-28 00:40:00.0;0,00
CAPITÃO LEÔNIDAS MARQUES;410460003A;PR;Centro;-25,48545;-53,60749;2025-03-28 01:40:00.0;0,00
CAPITÃO LEÔNIDAS MARQUES;410460003A;PR;Centro;-25,48545;-53,60749;2025-03-28 02:00:00.0;0,59
CAPITÃO LEÔNIDAS MARQUES;410460003A;PR;Centro;-25,48545;-53,60749;2025-03-28 02:10:00.0;0,59
CAPITÃO LEÔNIDAS MARQUES;410460003A;PR;Centro;-25,48545;-53,60749;2025-03-28 02:20:00.0;0,59
CAPITÃO LEÔNIDAS MARQUES;410460003A;PR;Centro;-25,48545;-53,60749;2025-03-28 02:30:00.0;0,59
CAPITÃO LEÔNIDAS MARQUES;410460003A;PR;Centro;-25,48545;-53,60749;2025-03-28 02:40:00.0;1,77
CAPITÃO LEÔNIDAS MARQUES;410460003A;PR;Centro;-25,48545;-53,60749;2025-03-28 02:50:00.0;0,59
CAPITÃO LEÔNIDAS MARQUES;410460003A;PR;Centro;-25,48545;-53,60749;2025-03-28 03:00:00.0;0,39
CAPITÃO LEÔNIDAS MARQUES;410460003A;PR;Centro;-25,48545;-53,60749;2025-03-28 04:40:00.0;0,00
CAPITÃO LEÔNIDAS MARQUES;410460003A;PR;Centro;-25,48545;-53,60749;2025-03-28 05:40:00.0;0,00
CAPITÃO LEÔNIDAS MARQUES;410460003A;PR;Centro;-25,48545;-53,60749;2025-03-28 06:40:00.0;0,00
CAPITÃO LEÔNIDAS MARQUES;410460003A;PR;Centro;-25,48545;-53,60749;2025-03-28 07:40:00.0;0,00
CAPITÃO LEÔNIDAS MARQUES;410460003A;PR;Centro;-25,48545;-53,60749;2025-03-28 08:40:00.0;0,00
CAPITÃO LEÔNIDAS MARQUES;410460003A;PR;Centro;-25,48545;-53,60749;2025-03-28 09:40:00.0;0,00
CAPITÃO LEÔNIDAS MARQUES;410460003A;PR;Centro;-25,48545;-53,60749;2025-03-28 10:40:00.0;0,00
CAPITÃO LEÔNIDAS MARQUES;410460003A;PR;Centro;-25,48545;-53,60749;2025-03-28 11:40:00.0;0,00
CAPITÃO LEÔNIDAS MARQUES;410460003A;PR;Centro;-25,48545;-53,60749;2025-03-28 12:40:00.0;0,00
CAPITÃO LEÔNIDAS MARQUES;410460003A;PR;Centro;-25,48545;-53,60749;2025-03-28 13:40:00.0;0,00
CAPITÃO LEÔNIDAS MARQUES;410460003A;PR;Centro;-25,48545;-53,60749;2025-03-28 14:40:00.0;0,00
CAPITÃO LEÔNIDAS MARQUES;410460003A;PR;Centro;-25,48545;-53,60749;2025-03-28 15:40:00.0;0,00
CAPITÃO LEÔNIDAS MARQUES;410460003A;PR;Centro;-25,48545;-53,60749;2025-03-28 16:40:00.0;0,00
CAPITÃO LEÔNIDAS MARQUES;410460003A;PR;Centro;-25,48545;-53,60749;2025-03-28 17:40:00.0;0,00
CAPITÃO LEÔNIDAS MARQUES;410460003A;PR;Centro;-25,48545;-53,60749;2025-03-28 18:40:00.0;0,00
CAPITÃO LEÔNIDAS MARQUES;410460003A;PR;Centro;-25,48545;-53,60749;2025-03-28 19:40:00.0;0,00
CAPITÃO LEÔNIDAS MARQUES;410460003A;PR;Centro;-25,48545;-53,60749;2025-03-28 20:40:00.0;0,00
CAPITÃO LEÔNIDAS MARQUES;410460003A;PR;Centro;-25,48545;-53,60749;2025-03-28 21:40:00.0;0,00
CAPITÃO LEÔNIDAS MARQUES;410460003A;PR;Centro;-25,48545;-53,60749;2025-03-28 22:40:00.0;0,00
CAPITÃO LEÔNIDAS MARQUES;410460003A;PR;Centro;-25,48545;-53,60749;2025-03-28 23:40:00.0;0,00
CAPITÃO LEÔNIDAS MARQUES;410460003A;PR;Centro;-25,48545;-53,60749;2025-03-29 00:40:00.0;0,00
CAPITÃO LEÔNIDAS MARQUES;410460003A;PR;Centro;-25,48545;-53,60749;2025-03-29 01:40:00.0;0,00
CAPITÃO LEÔNIDAS MARQUES;410460003A;PR;Centro;-25,48545;-53,60749;2025-03-29 02:40:00.0;0,00
CAPITÃO LEÔNIDAS MARQUES;410460003A;PR;Centro;-25,48545;-53,60749;2025-03-29 03:40:00.0;0,00
CAPITÃO LEÔNIDAS MARQUES;410460003A;PR;Centro;-25,48545;-53,60749;2025-03-29 04:40:00.0;0,00
CAPITÃO LEÔNIDAS MARQUES;410460003A;PR;Centro;-25,48545;-53,60749;2025-03-29 05:40:00.0;0,00
CAPITÃO LEÔNIDAS MARQUES;410460003A;PR;Centro;-25,48545;-53,60749;2025-03-29 06:30:00.0;0,59
CAPITÃO LEÔNIDAS MARQUES;410460003A;PR;Centro;-25,48545;-53,60749;2025-03-29 06:50:00.0;0,20
CAPITÃO LEÔNIDAS MARQUES;410460003A;PR;Centro;-25,48545;-53,60749;2025-03-29 07:00:00.0;0,20
CAPITÃO LEÔNIDAS MARQUES;410460003A;PR;Centro;-25,48545;-53,60749;2025-03-29 07:40:00.0;0,39
CAPITÃO LEÔNIDAS MARQUES;410460003A;PR;Centro;-25,48545;-53,60749;2025-03-29 07:50:00.0;0,20
CAPITÃO LEÔNIDAS MARQUES;410460003A;PR;Centro;-25,48545;-53,60749;2025-03-29 09:40:00.0;0,00
CAPITÃO LEÔNIDAS MARQUES;410460003A;PR;Centro;-25,48545;-53,60749;2025-03-29 10:00:00.0;0,20
CAPITÃO LEÔNIDAS MARQUES;410460003A;PR;Centro;-25,48545;-53,60749;2025-03-29 11:40:00.0;0,00
CAPITÃO LEÔNIDAS MARQUES;410460003A;PR;Centro;-25,48545;-53,60749;2025-03-29 12:40:00.0;0,00
CAPITÃO LEÔNIDAS MARQUES;410460003A;PR;Centro;-25,48545;-53,60749;2025-03-29 13:40:00.0;0,00
CAPITÃO LEÔNIDAS MARQUES;410460003A;PR;Centro;-25,48545;-53,60749;2025-03-29 14:40:00.0;0,00
CAPITÃO LEÔNIDAS MARQUES;410460003A;PR;Centro;-25,48545;-53,60749;2025-03-29 15:40:00.0;0,00
CAPITÃO LEÔNIDAS MARQUES;410460003A;PR;Centro;-25,48545;-53,60749;2025-03-29 16:40:00.0;0,00
CAPITÃO LEÔNIDAS MARQUES;410460003A;PR;Centro;-25,48545;-53,60749;2025-03-29 17:40:00.0;0,00
CAPITÃO LEÔNIDAS MARQUES;410460003A;PR;Centro;-25,48545;-53,60749;2025-03-29 18:40:00.0;0,00
CAPITÃO LEÔNIDAS MARQUES;410460003A;PR;Centro;-25,48545;-53,60749;2025-03-29 19:40:00.0;0,00
CAPITÃO LEÔNIDAS MARQUES;410460003A;PR;Centro;-25,48545;-53,60749;2025-03-29 20:40:00.0;0,00
CAPITÃO LEÔNIDAS MARQUES;410460003A;PR;Centro;-25,48545;-53,60749;2025-03-29 21:40:00.0;0,00
CAPITÃO LEÔNIDAS MARQUES;410460003A;PR;Centro;-25,48545;-53,60749;2025-03-29 22:40:00.0;0,00
CAPITÃO LEÔNIDAS MARQUES;410460003A;PR;Centro;-25,48545;-53,60749;2025-03-29 23:40:00.0;0,00
CAPITÃO LEÔNIDAS MARQUES;410460003A;PR;Centro;-25,48545;-53,60749;2025-03-30 00:40:00.0;0,00
CAPITÃO LEÔNIDAS MARQUES;410460003A;PR;Centro;-25,48545;-53,60749;2025-03-30 01:40:00.0;0,00
CAPITÃO LEÔNIDAS MARQUES;410460003A;PR;Centro;-25,48545;-53,60749;2025-03-30 02:40:00.0;0,00
CAPITÃO LEÔNIDAS MARQUES;410460003A;PR;Centro;-25,48545;-53,60749;2025-03-30 03:40:00.0;0,00
CAPITÃO LEÔNIDAS MARQUES;410460003A;PR;Centro;-25,48545;-53,60749;2025-03-30 04:40:00.0;0,00
CAPITÃO LEÔNIDAS MARQUES;410460003A;PR;Centro;-25,48545;-53,60749;2025-03-30 05:40:00.0;0,00
CAPITÃO LEÔNIDAS MARQUES;410460003A;PR;Centro;-25,48545;-53,60749;2025-03-30 06:40:00.0;0,00
CAPITÃO LEÔNIDAS MARQUES;410460003A;PR;Centro;-25,48545;-53,60749;2025-03-30 07:40:00.0;0,00
CAPITÃO LEÔNIDAS MARQUES;410460003A;PR;Centro;-25,48545;-53,60749;2025-03-30 08:40:00.0;0,00
CAPITÃO LEÔNIDAS MARQUES;410460003A;PR;Centro;-25,48545;-53,60749;2025-03-30 09:40:00.0;0,00
CAPITÃO LEÔNIDAS MARQUES;410460003A;PR;Centro;-25,48545;-53,60749;2025-03-30 10:40:00.0;0,00
CAPITÃO LEÔNIDAS MARQUES;410460003A;PR;Centro;-25,48545;-53,60749;2025-03-30 11:40:00.0;0,00
CAPITÃO LEÔNIDAS MARQUES;410460003A;PR;Centro;-25,48545;-53,60749;2025-03-30 12:40:00.0;0,00
CAPITÃO LEÔNIDAS MARQUES;410460003A;PR;Centro;-25,48545;-53,60749;2025-03-30 13:40:00.0;0,00
CAPITÃO LEÔNIDAS MARQUES;410460003A;PR;Centro;-25,48545;-53,60749;2025-03-30 14:40:00.0;0,00
CAPITÃO LEÔNIDAS MARQUES;410460003A;PR;Centro;-25,48545;-53,60749;2025-03-30 15:40:00.0;0,00
CAPITÃO LEÔNIDAS MARQUES;410460003A;PR;Centro;-25,48545;-53,60749;2025-03-30 16:40:00.0;0,00
CAPITÃO LEÔNIDAS MARQUES;410460003A;PR;Centro;-25,48545;-53,60749;2025-03-30 17:40:00.0;0,00
CAPITÃO LEÔNIDAS MARQUES;410460003A;PR;Centro;-25,48545;-53,60749;2025-03-30 18:40:00.0;0,00
CAPITÃO LEÔNIDAS MARQUES;410460003A;PR;Centro;-25,48545;-53,60749;2025-03-30 19:40:00.0;0,00
CAPITÃO LEÔNIDAS MARQUES;410460003A;PR;Centro;-25,48545;-53,60749;2025-03-30 20:40:00.0;0,00
CAPITÃO LEÔNIDAS MARQUES;410460003A;PR;Centro;-25,48545;-53,60749;2025-03-30 21:40:00.0;0,00
CAPITÃO LEÔNIDAS MARQUES;410460003A;PR;Centro;-25,48545;-53,60749;2025-03-30 22:40:00.0;0,00
CAPITÃO LEÔNIDAS MARQUES;410460003A;PR;Centro;-25,48545;-53,60749;2025-03-30 23:40:00.0;0,00
CAPITÃO LEÔNIDAS MARQUES;410460003A;PR;Centro;-25,48545;-53,60749;2025-03-31 00:40:00.0;0,00
CAPITÃO LEÔNIDAS MARQUES;410460003A;PR;Centro;-25,48545;-53,60749;2025-03-31 01:40:00.0;0,00
CAPITÃO LEÔNIDAS MARQUES;410460003A;PR;Centro;-25,48545;-53,60749;2025-03-31 02:40:00.0;0,00
CAPITÃO LEÔNIDAS MARQUES;410460003A;PR;Centro;-25,48545;-53,60749;2025-03-31 03:40:00.0;0,00
CAPITÃO LEÔNIDAS MARQUES;410460003A;PR;Centro;-25,48545;-53,60749;2025-03-31 04:40:00.0;0,00
CAPITÃO LEÔNIDAS MARQUES;410460003A;PR;Centro;-25,48545;-53,60749;2025-03-31 05:40:00.0;0,00
CAPITÃO LEÔNIDAS MARQUES;410460003A;PR;Centro;-25,48545;-53,60749;2025-03-31 06:40:00.0;0,00
CAPITÃO LEÔNIDAS MARQUES;410460003A;PR;Centro;-25,48545;-53,60749;2025-03-31 07:40:00.0;0,00
CAPITÃO LEÔNIDAS MARQUES;410460003A;PR;Centro;-25,48545;-53,60749;2025-03-31 08:40:00.0;0,00
CAPITÃO LEÔNIDAS MARQUES;410460003A;PR;Centro;-25,48545;-53,60749;2025-03-31 09:40:00.0;0,00
CAPITÃO LEÔNIDAS MARQUES;410460003A;PR;Centro;-25,48545;-53,60749;2025-03-31 10:40:00.0;0,00
CAPITÃO LEÔNIDAS MARQUES;410460003A;PR;Centro;-25,48545;-53,60749;2025-03-31 11:40:00.0;0,00
CAPITÃO LEÔNIDAS MARQUES;410460003A;PR;Centro;-25,48545;-53,60749;2025-03-31 12:40:00.0;0,00
CAPITÃO LEÔNIDAS MARQUES;410460003A;PR;Centro;-25,48545;-53,60749;2025-03-31 13:40:00.0;0,00
CAPITÃO LEÔNIDAS MARQUES;410460003A;PR;Centro;-25,48545;-53,60749;2025-03-31 14:40:00.0;0,00
CAPITÃO LEÔNIDAS MARQUES;410460003A;PR;Centro;-25,48545;-53,60749;2025-03-31 15:40:00.0;0,00
CAPITÃO LEÔNIDAS MARQUES;410460003A;PR;Centro;-25,48545;-53,60749;2025-03-31 16:40:00.0;0,00
CAPITÃO LEÔNIDAS MARQUES;410460003A;PR;Centro;-25,48545;-53,60749;2025-03-31 17:40:00.0;0,00
CAPITÃO LEÔNIDAS MARQUES;410460003A;PR;Centro;-25,48545;-53,60749;2025-03-31 18:40:00.0;0,00
CAPITÃO LEÔNIDAS MARQUES;410460003A;PR;Centro;-25,48545;-53,60749;2025-03-31 19:40:00.0;0,00
CAPITÃO LEÔNIDAS MARQUES;410460003A;PR;Centro;-25,48545;-53,60749;2025-03-31 20:40:00.0;0,00
CAPITÃO LEÔNIDAS MARQUES;410460003A;PR;Centro;-25,48545;-53,60749;2025-03-31 21:40:00.0;0,00
CAPITÃO LEÔNIDAS MARQUES;410460003A;PR;Centro;-25,48545;-53,60749;2025-03-31 22:00:00.0;0,98
CAPITÃO LEÔNIDAS MARQUES;410460003A;PR;Centro;-25,48545;-53,60749;2025-03-31 22:10:00.0;0,79
CAPITÃO LEÔNIDAS MARQUES;410460003A;PR;Centro;-25,48545;-53,60749;2025-03-31 23:30:00.0;0,20
CASCAVEL;410480805A;PR;Centro;-24,99532;-53,46367;2025-03-01 00:10:00.0;0,00
CASCAVEL;410480805A;PR;Centro;-24,99532;-53,46367;2025-03-01 00:40:00.0;0,00
CASCAVEL;410480805A;PR;Centro;-24,99532;-53,46367;2025-03-01 01:40:00.0;0,00
CASCAVEL;410480805A;PR;Centro;-24,99532;-53,46367;2025-03-01 02:40:00.0;0,00
CASCAVEL;410480805A;PR;Centro;-24,99532;-53,46367;2025-03-01 03:40:00.0;0,00
CASCAVEL;410480805A;PR;Centro;-24,99532;-53,46367;2025-03-01 04:40:00.0;0,00
CASCAVEL;410480805A;PR;Centro;-24,99532;-53,46367;2025-03-01 05:40:00.0;0,00
CASCAVEL;410480805A;PR;Centro;-24,99532;-53,46367;2025-03-01 06:40:00.0;0,00
CASCAVEL;410480805A;PR;Centro;-24,99532;-53,46367;2025-03-01 07:40:00.0;0,00
CASCAVEL;410480805A;PR;Centro;-24,99532;-53,46367;2025-03-01 08:40:00.0;0,00
CASCAVEL;410480805A;PR;Centro;-24,99532;-53,46367;2025-03-01 09:40:00.0;0,00
CASCAVEL;410480805A;PR;Centro;-24,99532;-53,46367;2025-03-01 10:40:00.0;0,00
CASCAVEL;410480805A;PR;Centro;-24,99532;-53,46367;2025-03-01 11:40:00.0;0,00
CASCAVEL;410480805A;PR;Centro;-24,99532;-53,46367;2025-03-01 12:40:00.0;0,00
CASCAVEL;410480805A;PR;Centro;-24,99532;-53,46367;2025-03-01 13:40:00.0;0,00
CASCAVEL;410480805A;PR;Centro;-24,99532;-53,46367;2025-03-01 14:40:00.0;0,00
CASCAVEL;410480805A;PR;Centro;-24,99532;-53,46367;2025-03-01 15:40:00.0;0,00
CASCAVEL;410480805A;PR;Centro;-24,99532;-53,46367;2025-03-01 16:40:00.0;0,00
CASCAVEL;410480805A;PR;Centro;-24,99532;-53,46367;2025-03-01 17:40:00.0;0,00
CASCAVEL;410480805A;PR;Centro;-24,99532;-53,46367;2025-03-01 18:40:00.0;0,00
CASCAVEL;410480805A;PR;Centro;-24,99532;-53,46367;2025-03-01 19:40:00.0;0,00
CASCAVEL;410480805A;PR;Centro;-24,99532;-53,46367;2025-03-01 20:40:00.0;0,00
CASCAVEL;410480805A;PR;Centro;-24,99532;-53,46367;2025-03-01 21:40:00.0;0,00
CASCAVEL;410480805A;PR;Centro;-24,99532;-53,46367;2025-03-01 22:40:00.0;0,00
CASCAVEL;410480805A;PR;Centro;-24,99532;-53,46367;2025-03-01 23:40:00.0;0,00
CASCAVEL;410480805A;PR;Centro;-24,99532;-53,46367;2025-03-02 00:40:00.0;0,00
CASCAVEL;410480805A;PR;Centro;-24,99532;-53,46367;2025-03-02 01:40:00.0;0,00
CASCAVEL;410480805A;PR;Centro;-24,99532;-53,46367;2025-03-02 02:40:00.0;0,00
CASCAVEL;410480805A;PR;Centro;-24,99532;-53,46367;2025-03-02 03:40:00.0;0,00
CASCAVEL;410480805A;PR;Centro;-24,99532;-53,46367;2025-03-02 04:40:00.0;0,00
CASCAVEL;410480805A;PR;Centro;-24,99532;-53,46367;2025-03-02 05:40:00.0;0,00
CASCAVEL;410480805A;PR;Centro;-24,99532;-53,46367;2025-03-02 06:40:00.0;0,00
CASCAVEL;410480805A;PR;Centro;-24,99532;-53,46367;2025-03-02 07:40:00.0;0,00
CASCAVEL;410480805A;PR;Centro;-24,99532;-53,46367;2025-03-02 08:40:00.0;0,00
CASCAVEL;410480805A;PR;Centro;-24,99532;-53,46367;2025-03-02 09:40:00.0;0,00
CASCAVEL;410480805A;PR;Centro;-24,99532;-53,46367;2025-03-02 10:40:00.0;0,00
CASCAVEL;410480805A;PR;Centro;-24,99532;-53,46367;2025-03-02 11:40:00.0;0,00
CASCAVEL;410480805A;PR;Centro;-24,99532;-53,46367;2025-03-02 12:40:00.0;0,00
CASCAVEL;410480805A;PR;Centro;-24,99532;-53,46367;2025-03-02 13:40:00.0;0,00
CASCAVEL;410480805A;PR;Centro;-24,99532;-53,46367;2025-03-02 14:40:00.0;0,00
CASCAVEL;410480805A;PR;Centro;-24,99532;-53,46367;2025-03-02 15:40:00.0;0,00
CASCAVEL;410480805A;PR;Centro;-24,99532;-53,46367;2025-03-02 16:40:00.0;0,00
CASCAVEL;410480805A;PR;Centro;-24,99532;-53,46367;2025-03-02 17:40:00.0;0,00
CASCAVEL;410480805A;PR;Centro;-24,99532;-53,46367;2025-03-02 18:40:00.0;0,00
CASCAVEL;410480805A;PR;Centro;-24,99532;-53,46367;2025-03-02 19:40:00.0;0,00
CASCAVEL;410480805A;PR;Centro;-24,99532;-53,46367;2025-03-02 20:40:00.0;0,00
CASCAVEL;410480805A;PR;Centro;-24,99532;-53,46367;2025-03-02 21:40:00.0;0,00
CASCAVEL;410480805A;PR;Centro;-24,99532;-53,46367;2025-03-02 22:40:00.0;0,00
CASCAVEL;410480805A;PR;Centro;-24,99532;-53,46367;2025-03-02 23:40:00.0;0,00
CASCAVEL;410480805A;PR;Centro;-24,99532;-53,46367;2025-03-03 00:40:00.0;0,00
CASCAVEL;410480805A;PR;Centro;-24,99532;-53,46367;2025-03-03 01:40:00.0;0,00
CASCAVEL;410480805A;PR;Centro;-24,99532;-53,46367;2025-03-03 02:40:00.0;0,00
CASCAVEL;410480805A;PR;Centro;-24,99532;-53,46367;2025-03-03 03:40:00.0;0,00
CASCAVEL;410480805A;PR;Centro;-24,99532;-53,46367;2025-03-03 04:40:00.0;0,00
CASCAVEL;410480805A;PR;Centro;-24,99532;-53,46367;2025-03-03 05:40:00.0;0,00
CASCAVEL;410480805A;PR;Centro;-24,99532;-53,46367;2025-03-03 06:40:00.0;0,00
CASCAVEL;410480805A;PR;Centro;-24,99532;-53,46367;2025-03-03 07:40:00.0;0,00
CASCAVEL;410480805A;PR;Centro;-24,99532;-53,46367;2025-03-03 08:40:00.0;0,00
CASCAVEL;410480805A;PR;Centro;-24,99532;-53,46367;2025-03-03 09:40:00.0;0,00
CASCAVEL;410480805A;PR;Centro;-24,99532;-53,46367;2025-03-03 10:40:00.0;0,00
CASCAVEL;410480805A;PR;Centro;-24,99532;-53,46367;2025-03-03 11:40:00.0;0,00
CASCAVEL;410480805A;PR;Centro;-24,99532;-53,46367;2025-03-03 12:40:00.0;0,00
CASCAVEL;410480805A;PR;Centro;-24,99532;-53,46367;2025-03-03 13:40:00.0;0,00
CASCAVEL;410480805A;PR;Centro;-24,99532;-53,46367;2025-03-03 14:40:00.0;0,00
CASCAVEL;410480805A;PR;Centro;-24,99532;-53,46367;2025-03-03 15:40:00.0;0,00
CASCAVEL;410480805A;PR;Centro;-24,99532;-53,46367;2025-03-03 16:40:00.0;0,00
CASCAVEL;410480805A;PR;Centro;-24,99532;-53,46367;2025-03-03 17:40:00.0;0,00
CASCAVEL;410480805A;PR;Centro;-24,99532;-53,46367;2025-03-03 18:40:00.0;0,00
CASCAVEL;410480805A;PR;Centro;-24,99532;-53,46367;2025-03-03 19:40:00.0;0,00
CASCAVEL;410480805A;PR;Centro;-24,99532;-53,46367;2025-03-03 20:40:00.0;0,00
CASCAVEL;410480805A;PR;Centro;-24,99532;-53,46367;2025-03-03 21:40:00.0;0,00
CASCAVEL;410480805A;PR;Centro;-24,99532;-53,46367;2025-03-03 22:40:00.0;0,00
CASCAVEL;410480805A;PR;Centro;-24,99532;-53,46367;2025-03-03 23:40:00.0;0,00
CASCAVEL;410480805A;PR;Centro;-24,99532;-53,46367;2025-03-04 00:40:00.0;0,00
CASCAVEL;410480805A;PR;Centro;-24,99532;-53,46367;2025-03-04 01:40:00.0;0,00
CASCAVEL;410480805A;PR;Centro;-24,99532;-53,46367;2025-03-04 02:40:00.0;0,00
CASCAVEL;410480805A;PR;Centro;-24,99532;-53,46367;2025-03-04 03:40:00.0;0,00
CASCAVEL;410480805A;PR;Centro;-24,99532;-53,46367;2025-03-04 04:40:00.0;0,00
CASCAVEL;410480805A;PR;Centro;-24,99532;-53,46367;2025-03-04 05:40:00.0;0,00
CASCAVEL;410480805A;PR;Centro;-24,99532;-53,46367;2025-03-04 06:40:00.0;0,00
CASCAVEL;410480805A;PR;Centro;-24,99532;-53,46367;2025-03-04 07:40:00.0;0,00
CASCAVEL;410480805A;PR;Centro;-24,99532;-53,46367;2025-03-04 08:40:00.0;0,00
CASCAVEL;410480805A;PR;Centro;-24,99532;-53,46367;2025-03-04 09:40:00.0;0,00
CASCAVEL;410480805A;PR;Centro;-24,99532;-53,46367;2025-03-04 10:40:00.0;0,00
CASCAVEL;410480805A;PR;Centro;-24,99532;-53,46367;2025-03-04 11:40:00.0;0,00
CASCAVEL;410480805A;PR;Centro;-24,99532;-53,46367;2025-03-04 12:40:00.0;0,00
CASCAVEL;410480805A;PR;Centro;-24,99532;-53,46367;2025-03-04 13:40:00.0;0,00
CASCAVEL;410480805A;PR;Centro;-24,99532;-53,46367;2025-03-04 14:40:00.0;0,00
CASCAVEL;410480805A;PR;Centro;-24,99532;-53,46367;2025-03-04 15:40:00.0;0,00
CASCAVEL;410480805A;PR;Centro;-24,99532;-53,46367;2025-03-04 16:40:00.0;0,00
CASCAVEL;410480805A;PR;Centro;-24,99532;-53,46367;2025-03-04 17:40:00.0;0,00
CASCAVEL;410480805A;PR;Centro;-24,99532;-53,46367;2025-03-04 18:40:00.0;0,00
CASCAVEL;410480805A;PR;Centro;-24,99532;-53,46367;2025-03-04 19:40:00.0;0,00
CASCAVEL;410480805A;PR;Centro;-24,99532;-53,46367;2025-03-04 20:40:00.0;0,00
CASCAVEL;410480805A;PR;Centro;-24,99532;-53,46367;2025-03-04 21:40:00.0;0,00
CASCAVEL;410480805A;PR;Centro;-24,99532;-53,46367;2025-03-04 22:40:00.0;0,00
CASCAVEL;410480805A;PR;Centro;-24,99532;-53,46367;2025-03-04 23:40:00.0;0,00
CASCAVEL;410480805A;PR;Centro;-24,99532;-53,46367;2025-03-05 00:40:00.0;0,00
CASCAVEL;410480805A;PR;Centro;-24,99532;-53,46367;2025-03-05 01:40:00.0;0,00
CASCAVEL;410480805A;PR;Centro;-24,99532;-53,46367;2025-03-05 02:40:00.0;0,00
CASCAVEL;410480805A;PR;Centro;-24,99532;-53,46367;2025-03-05 03:40:00.0;0,00
CASCAVEL;410480805A;PR;Centro;-24,99532;-53,46367;2025-03-05 04:40:00.0;0,00
CASCAVEL;410480805A;PR;Centro;-24,99532;-53,46367;2025-03-05 05:40:00.0;0,00
CASCAVEL;410480805A;PR;Centro;-24,99532;-53,46367;2025-03-05 06:40:00.0;0,00
CASCAVEL;410480805A;PR;Centro;-24,99532;-53,46367;2025-03-05 07:40:00.0;0,00
CASCAVEL;410480805A;PR;Centro;-24,99532;-53,46367;2025-03-05 08:40:00.0;0,00
CASCAVEL;410480805A;PR;Centro;-24,99532;-53,46367;2025-03-05 09:40:00.0;0,00
CASCAVEL;410480805A;PR;Centro;-24,99532;-53,46367;2025-03-05 10:40:00.0;0,00
CASCAVEL;410480805A;PR;Centro;-24,99532;-53,46367;2025-03-05 11:40:00.0;0,00
CASCAVEL;410480805A;PR;Centro;-24,99532;-53,46367;2025-03-05 12:40:00.0;0,00
CASCAVEL;410480805A;PR;Centro;-24,99532;-53,46367;2025-03-05 13:40:00.0;0,00
CASCAVEL;410480805A;PR;Centro;-24,99532;-53,46367;2025-03-05 14:40:00.0;0,00
CASCAVEL;410480805A;PR;Centro;-24,99532;-53,46367;2025-03-05 15:40:00.0;0,00
CASCAVEL;410480805A;PR;Centro;-24,99532;-53,46367;2025-03-05 16:40:00.0;0,00
CASCAVEL;410480805A;PR;Centro;-24,99532;-53,46367;2025-03-05 17:40:00.0;0,00
CASCAVEL;410480805A;PR;Centro;-24,99532;-53,46367;2025-03-05 18:40:00.0;0,00
CASCAVEL;410480805A;PR;Centro;-24,99532;-53,46367;2025-03-05 19:40:00.0;0,00
CASCAVEL;410480805A;PR;Centro;-24,99532;-53,46367;2025-03-05 20:40:00.0;0,00
CASCAVEL;410480805A;PR;Centro;-24,99532;-53,46367;2025-03-05 20:50:00.0;0,40
CASCAVEL;410480805A;PR;Centro;-24,99532;-53,46367;2025-03-05 21:40:00.0;0,00
CASCAVEL;410480805A;PR;Centro;-24,99532;-53,46367;2025-03-05 22:40:00.0;0,00
CASCAVEL;410480805A;PR;Centro;-24,99532;-53,46367;2025-03-05 23:40:00.0;0,00
CASCAVEL;410480805A;PR;Centro;-24,99532;-53,46367;2025-03-06 00:40:00.0;0,00
CASCAVEL;410480805A;PR;Centro;-24,99532;-53,46367;2025-03-06 01:40:00.0;0,00
CASCAVEL;410480805A;PR;Centro;-24,99532;-53,46367;2025-03-06 02:40:00.0;0,00
CASCAVEL;410480805A;PR;Centro;-24,99532;-53,46367;2025-03-06 03:40:00.0;0,00
CASCAVEL;410480805A;PR;Centro;-24,99532;-53,46367;2025-03-06 04:40:00.0;0,00
CASCAVEL;410480805A;PR;Centro;-24,99532;-53,46367;2025-03-06 05:40:00.0;0,00
CASCAVEL;410480805A;PR;Centro;-24,99532;-53,46367;2025-03-06 06:40:00.0;0,00
CASCAVEL;410480805A;PR;Centro;-24,99532;-53,46367;2025-03-06 07:40:00.0;0,00
CASCAVEL;410480805A;PR;Centro;-24,99532;-53,46367;2025-03-06 08:40:00.0;0,00
CASCAVEL;410480805A;PR;Centro;-24,99532;-53,46367;2025-03-06 09:40:00.0;0,00
CASCAVEL;410480805A;PR;Centro;-24,99532;-53,46367;2025-03-06 10:40:00.0;0,00
CASCAVEL;410480805A;PR;Centro;-24,99532;-53,46367;2025-03-06 11:40:00.0;0,00
CASCAVEL;410480805A;PR;Centro;-24,99532;-53,46367;2025-03-06 12:40:00.0;0,00
CASCAVEL;410480805A;PR;Centro;-24,99532;-53,46367;2025-03-06 13:40:00.0;0,00
CASCAVEL;410480805A;PR;Centro;-24,99532;-53,46367;2025-03-06 14:40:00.0;0,00
CASCAVEL;410480805A;PR;Centro;-24,99532;-53,46367;2025-03-06 15:40:00.0;0,00
CASCAVEL;410480805A;PR;Centro;-24,99532;-53,46367;2025-03-06 16:40:00.0;0,00
CASCAVEL;410480805A;PR;Centro;-24,99532;-53,46367;2025-03-06 17:40:00.0;0,00
CASCAVEL;410480805A;PR;Centro;-24,99532;-53,46367;2025-03-06 18:40:00.0;0,00
CASCAVEL;410480805A;PR;Centro;-24,99532;-53,46367;2025-03-06 19:40:00.0;0,00
CASCAVEL;410480805A;PR;Centro;-24,99532;-53,46367;2025-03-06 20:40:00.0;0,00
CASCAVEL;410480805A;PR;Centro;-24,99532;-53,46367;2025-03-06 21:40:00.0;0,00
CASCAVEL;410480805A;PR;Centro;-24,99532;-53,46367;2025-03-06 22:40:00.0;0,00
CASCAVEL;410480805A;PR;Centro;-24,99532;-53,46367;2025-03-06 23:40:00.0;0,00
CASCAVEL;410480805A;PR;Centro;-24,99532;-53,46367;2025-03-07 00:40:00.0;0,00
CASCAVEL;410480805A;PR;Centro;-24,99532;-53,46367;2025-03-07 01:40:00.0;0,00
CASCAVEL;410480805A;PR;Centro;-24,99532;-53,46367;2025-03-07 02:40:00.0;0,00
CASCAVEL;410480805A;PR;Centro;-24,99532;-53,46367;2025-03-07 03:40:00.0;0,00
CASCAVEL;410480805A;PR;Centro;-24,99532;-53,46367;2025-03-07 04:40:00.0;0,00
CASCAVEL;410480805A;PR;Centro;-24,99532;-53,46367;2025-03-07 05:40:00.0;0,00
CASCAVEL;410480805A;PR;Centro;-24,99532;-53,46367;2025-03-07 06:40:00.0;0,00
CASCAVEL;410480805A;PR;Centro;-24,99532;-53,46367;2025-03-07 07:40:00.0;0,00
CASCAVEL;410480805A;PR;Centro;-24,99532;-53,46367;2025-03-07 08:40:00.0;0,00
CASCAVEL;410480805A;PR;Centro;-24,99532;-53,46367;2025-03-07 09:40:00.0;0,00
CASCAVEL;410480805A;PR;Centro;-24,99532;-53,46367;2025-03-07 10:40:00.0;0,00
CASCAVEL;410480805A;PR;Centro;-24,99532;-53,46367;2025-03-07 11:40:00.0;0,00
CASCAVEL;410480805A;PR;Centro;-24,99532;-53,46367;2025-03-07 12:40:00.0;0,00
CASCAVEL;410480805A;PR;Centro;-24,99532;-53,46367;2025-03-07 13:40:00.0;0,00
CASCAVEL;410480805A;PR;Centro;-24,99532;-53,46367;2025-03-07 14:40:00.0;0,00
CASCAVEL;410480805A;PR;Centro;-24,99532;-53,46367;2025-03-07 15:40:00.0;0,00
CASCAVEL;410480805A;PR;Centro;-24,99532;-53,46367;2025-03-07 16:40:00.0;0,00
CASCAVEL;410480805A;PR;Centro;-24,99532;-53,46367;2025-03-07 17:40:00.0;0,00
CASCAVEL;410480805A;PR;Centro;-24,99532;-53,46367;2025-03-07 18:40:00.0;0,00
CASCAVEL;410480805A;PR;Centro;-24,99532;-53,46367;2025-03-07 19:40:00.0;0,00
CASCAVEL;410480805A;PR;Centro;-24,99532;-53,46367;2025-03-07 20:40:00.0;0,00
CASCAVEL;410480805A;PR;Centro;-24,99532;-53,46367;2025-03-07 21:40:00.0;0,00
CASCAVEL;410480805A;PR;Centro;-24,99532;-53,46367;2025-03-07 22:40:00.0;0,00
CASCAVEL;410480805A;PR;Centro;-24,99532;-53,46367;2025-03-07 23:40:00.0;0,00
CASCAVEL;410480805A;PR;Centro;-24,99532;-53,46367;2025-03-08 00:40:00.0;0,00
CASCAVEL;410480805A;PR;Centro;-24,99532;-53,46367;2025-03-08 01:40:00.0;0,00
CASCAVEL;410480805A;PR;Centro;-24,99532;-53,46367;2025-03-08 02:40:00.0;0,00
CASCAVEL;410480805A;PR;Centro;-24,99532;-53,46367;2025-03-08 03:40:00.0;0,00
CASCAVEL;410480805A;PR;Centro;-24,99532;-53,46367;2025-03-08 04:40:00.0;0,00
CASCAVEL;410480805A;PR;Centro;-24,99532;-53,46367;2025-03-08 05:40:00.0;0,00
CASCAVEL;410480805A;PR;Centro;-24,99532;-53,46367;2025-03-08 06:40:00.0;0,00
CASCAVEL;410480805A;PR;Centro;-24,99532;-53,46367;2025-03-08 07:40:00.0;0,00
CASCAVEL;410480805A;PR;Centro;-24,99532;-53,46367;2025-03-08 08:40:00.0;0,00
CASCAVEL;410480805A;PR;Centro;-24,99532;-53,46367;2025-03-08 09:40:00.0;0,00
CASCAVEL;410480805A;PR;Centro;-24,99532;-53,46367;2025-03-08 10:40:00.0;0,00
CASCAVEL;410480805A;PR;Centro;-24,99532;-53,46367;2025-03-08 11:40:00.0;0,00
CASCAVEL;410480805A;PR;Centro;-24,99532;-53,46367;2025-03-08 12:40:00.0;0,00
CASCAVEL;410480805A;PR;Centro;-24,99532;-53,46367;2025-03-08 13:40:00.0;0,00
CASCAVEL;410480805A;PR;Centro;-24,99532;-53,46367;2025-03-08 14:40:00.0;0,00
CASCAVEL;410480805A;PR;Centro;-24,99532;-53,46367;2025-03-08 15:40:00.0;0,00
CASCAVEL;410480805A;PR;Centro;-24,99532;-53,46367;2025-03-08 16:40:00.0;0,00
CASCAVEL;410480805A;PR;Centro;-24,99532;-53,46367;2025-03-08 17:40:00.0;0,00
CASCAVEL;410480805A;PR;Centro;-24,99532;-53,46367;2025-03-08 18:40:00.0;0,00
CASCAVEL;410480805A;PR;Centro;-24,99532;-53,46367;2025-03-08 19:40:00.0;0,00
CASCAVEL;410480805A;PR;Centro;-24,99532;-53,46367;2025-03-08 20:40:00.0;0,00
CASCAVEL;410480805A;PR;Centro;-24,99532;-53,46367;2025-03-08 21:40:00.0;0,00
CASCAVEL;410480805A;PR;Centro;-24,99532;-53,46367;2025-03-08 22:40:00.0;0,00
CASCAVEL;410480805A;PR;Centro;-24,99532;-53,46367;2025-03-08 23:40:00.0;0,00
CASCAVEL;410480805A;PR;Centro;-24,99532;-53,46367;2025-03-09 00:40:00.0;0,00
CASCAVEL;410480805A;PR;Centro;-24,99532;-53,46367;2025-03-09 01:40:00.0;0,00
CASCAVEL;410480805A;PR;Centro;-24,99532;-53,46367;2025-03-09 02:40:00.0;0,00
CASCAVEL;410480805A;PR;Centro;-24,99532;-53,46367;2025-03-09 03:40:00.0;0,00
CASCAVEL;410480805A;PR;Centro;-24,99532;-53,46367;2025-03-09 04:40:00.0;0,00
CASCAVEL;410480805A;PR;Centro;-24,99532;-53,46367;2025-03-09 05:40:00.0;0,00
CASCAVEL;410480805A;PR;Centro;-24,99532;-53,46367;2025-03-09 06:40:00.0;0,00
CASCAVEL;410480805A;PR;Centro;-24,99532;-53,46367;2025-03-09 07:40:00.0;0,00
CASCAVEL;410480805A;PR;Centro;-24,99532;-53,46367;2025-03-09 08:40:00.0;0,00
CASCAVEL;410480805A;PR;Centro;-24,99532;-53,46367;2025-03-09 09:40:00.0;0,00
CASCAVEL;410480805A;PR;Centro;-24,99532;-53,46367;2025-03-09 10:40:00.0;0,00
CASCAVEL;410480805A;PR;Centro;-24,99532;-53,46367;2025-03-09 11:40:00.0;0,00
CASCAVEL;410480805A;PR;Centro;-24,99532;-53,46367;2025-03-09 12:40:00.0;0,00
CASCAVEL;410480805A;PR;Centro;-24,99532;-53,46367;2025-03-09 13:40:00.0;0,00
CASCAVEL;410480805A;PR;Centro;-24,99532;-53,46367;2025-03-09 14:40:00.0;0,00
CASCAVEL;410480805A;PR;Centro;-24,99532;-53,46367;2025-03-09 15:40:00.0;0,00
CASCAVEL;410480805A;PR;Centro;-24,99532;-53,46367;2025-03-09 16:40:00.0;0,00
CASCAVEL;410480805A;PR;Centro;-24,99532;-53,46367;2025-03-09 17:40:00.0;0,00
CASCAVEL;410480805A;PR;Centro;-24,99532;-53,46367;2025-03-09 18:40:00.0;0,00
CASCAVEL;410480805A;PR;Centro;-24,99532;-53,46367;2025-03-09 19:40:00.0;0,00
CASCAVEL;410480805A;PR;Centro;-24,99532;-53,46367;2025-03-09 20:40:00.0;0,00
CASCAVEL;410480805A;PR;Centro;-24,99532;-53,46367;2025-03-09 21:40:00.0;0,00
CASCAVEL;410480805A;PR;Centro;-24,99532;-53,46367;2025-03-09 22:40:00.0;0,00
CASCAVEL;410480805A;PR;Centro;-24,99532;-53,46367;2025-03-09 23:40:00.0;0,00
CASCAVEL;410480805A;PR;Centro;-24,99532;-53,46367;2025-03-10 00:40:00.0;0,00
CASCAVEL;410480805A;PR;Centro;-24,99532;-53,46367;2025-03-10 01:40:00.0;0,00
CASCAVEL;410480805A;PR;Centro;-24,99532;-53,46367;2025-03-10 02:40:00.0;0,00
CASCAVEL;410480805A;PR;Centro;-24,99532;-53,46367;2025-03-10 03:40:00.0;0,00
CASCAVEL;410480805A;PR;Centro;-24,99532;-53,46367;2025-03-10 04:40:00.0;0,00
CASCAVEL;410480805A;PR;Centro;-24,99532;-53,46367;2025-03-10 05:40:00.0;0,00
CASCAVEL;410480805A;PR;Centro;-24,99532;-53,46367;2025-03-10 06:40:00.0;0,00
CASCAVEL;410480805A;PR;Centro;-24,99532;-53,46367;2025-03-10 07:40:00.0;0,00
CASCAVEL;410480805A;PR;Centro;-24,99532;-53,46367;2025-03-10 08:40:00.0;0,00
CASCAVEL;410480805A;PR;Centro;-24,99532;-53,46367;2025-03-10 09:40:00.0;0,00
CASCAVEL;410480805A;PR;Centro;-24,99532;-53,46367;2025-03-10 10:40:00.0;0,00
CASCAVEL;410480805A;PR;Centro;-24,99532;-53,46367;2025-03-10 11:40:00.0;0,00
CASCAVEL;410480805A;PR;Centro;-24,99532;-53,46367;2025-03-10 12:40:00.0;0,00
CASCAVEL;410480805A;PR;Centro;-24,99532;-53,46367;2025-03-10 13:40:00.0;0,00
CASCAVEL;410480805A;PR;Centro;-24,99532;-53,46367;2025-03-10 14:40:00.0;0,00
CASCAVEL;410480805A;PR;Centro;-24,99532;-53,46367;2025-03-10 15:40:00.0;0,00
CASCAVEL;410480805A;PR;Centro;-24,99532;-53,46367;2025-03-10 16:40:00.0;0,00
CASCAVEL;410480805A;PR;Centro;-24,99532;-53,46367;2025-03-10 17:40:00.0;0,00
CASCAVEL;410480805A;PR;Centro;-24,99532;-53,46367;2025-03-10 18:40:00.0;0,00
CASCAVEL;410480805A;PR;Centro;-24,99532;-53,46367;2025-03-10 19:40:00.0;0,00
CASCAVEL;410480805A;PR;Centro;-24,99532;-53,46367;2025-03-10 20:40:00.0;0,00
CASCAVEL;410480805A;PR;Centro;-24,99532;-53,46367;2025-03-10 21:40:00.0;0,00
CASCAVEL;410480805A;PR;Centro;-24,99532;-53,46367;2025-03-10 22:40:00.0;0,00
CASCAVEL;410480805A;PR;Centro;-24,99532;-53,46367;2025-03-10 23:40:00.0;0,00
CASCAVEL;410480805A;PR;Centro;-24,99532;-53,46367;2025-03-11 00:40:00.0;0,00
CASCAVEL;410480805A;PR;Centro;-24,99532;-53,46367;2025-03-11 01:40:00.0;0,00
CASCAVEL;410480805A;PR;Centro;-24,99532;-53,46367;2025-03-11 02:40:00.0;0,00
CASCAVEL;410480805A;PR;Centro;-24,99532;-53,46367;2025-03-11 03:40:00.0;0,00
CASCAVEL;410480805A;PR;Centro;-24,99532;-53,46367;2025-03-11 04:40:00.0;0,00
CASCAVEL;410480805A;PR;Centro;-24,99532;-53,46367;2025-03-11 05:40:00.0;0,00
CASCAVEL;410480805A;PR;Centro;-24,99532;-53,46367;2025-03-11 06:40:00.0;0,00
CASCAVEL;410480805A;PR;Centro;-24,99532;-53,46367;2025-03-11 07:40:00.0;0,00
CASCAVEL;410480805A;PR;Centro;-24,99532;-53,46367;2025-03-11 08:40:00.0;0,00
CASCAVEL;410480805A;PR;Centro;-24,99532;-53,46367;2025-03-11 09:40:00.0;0,00
CASCAVEL;410480805A;PR;Centro;-24,99532;-53,46367;2025-03-11 10:40:00.0;0,00
CASCAVEL;410480805A;PR;Centro;-24,99532;-53,46367;2025-03-11 11:40:00.0;0,00
CASCAVEL;410480805A;PR;Centro;-24,99532;-53,46367;2025-03-11 12:40:00.0;0,00
CASCAVEL;410480805A;PR;Centro;-24,99532;-53,46367;2025-03-11 13:40:00.0;0,00
CASCAVEL;410480805A;PR;Centro;-24,99532;-53,46367;2025-03-11 14:40:00.0;0,00
CASCAVEL;410480805A;PR;Centro;-24,99532;-53,46367;2025-03-11 15:40:00.0;0,00
CASCAVEL;410480805A;PR;Centro;-24,99532;-53,46367;2025-03-11 16:20:00.0;0,20
CASCAVEL;410480805A;PR;Centro;-24,99532;-53,46367;2025-03-11 16:30:00.0;0,20
CASCAVEL;410480805A;PR;Centro;-24,99532;-53,46367;2025-03-11 16:40:00.0;0,20
CASCAVEL;410480805A;PR;Centro;-24,99532;-53,46367;2025-03-11 17:00:00.0;0,20
CASCAVEL;410480805A;PR;Centro;-24,99532;-53,46367;2025-03-11 17:10:00.0;1,60
CASCAVEL;410480805A;PR;Centro;-24,99532;-53,46367;2025-03-11 17:20:00.0;3,00
CASCAVEL;410480805A;PR;Centro;-24,99532;-53,46367;2025-03-11 17:30:00.0;1,60
CASCAVEL;410480805A;PR;Centro;-24,99532;-53,46367;2025-03-11 17:40:00.0;3,00
CASCAVEL;410480805A;PR;Centro;-24,99532;-53,46367;2025-03-11 17:50:00.0;3,00
CASCAVEL;410480805A;PR;Centro;-24,99532;-53,46367;2025-03-11 18:00:00.0;1,20
CASCAVEL;410480805A;PR;Centro;-24,99532;-53,46367;2025-03-11 18:10:00.0;3,20
CASCAVEL;410480805A;PR;Centro;-24,99532;-53,46367;2025-03-11 18:20:00.0;2,60
CASCAVEL;410480805A;PR;Centro;-24,99532;-53,46367;2025-03-11 18:30:00.0;1,20
CASCAVEL;410480805A;PR;Centro;-24,99532;-53,46367;2025-03-11 18:40:00.0;1,00
CASCAVEL;410480805A;PR;Centro;-24,99532;-53,46367;2025-03-11 18:50:00.0;0,80
CASCAVEL;410480805A;PR;Centro;-24,99532;-53,46367;2025-03-11 19:00:00.0;1,80
CASCAVEL;410480805A;PR;Centro;-24,99532;-53,46367;2025-03-11 19:10:00.0;1,60
CASCAVEL;410480805A;PR;Centro;-24,99532;-53,46367;2025-03-11 19:20:00.0;1,40
CASCAVEL;410480805A;PR;Centro;-24,99532;-53,46367;2025-03-11 19:30:00.0;0,60
CASCAVEL;410480805A;PR;Centro;-24,99532;-53,46367;2025-03-11 19:40:00.0;0,80
CASCAVEL;410480805A;PR;Centro;-24,99532;-53,46367;2025-03-11 19:50:00.0;0,20
CASCAVEL;410480805A;PR;Centro;-24,99532;-53,46367;2025-03-11 20:00:00.0;0,60
CASCAVEL;410480805A;PR;Centro;-24,99532;-53,46367;2025-03-11 20:10:00.0;1,00
CASCAVEL;410480805A;PR;Centro;-24,99532;-53,46367;2025-03-11 20:20:00.0;0,60
CASCAVEL;410480805A;PR;Centro;-24,99532;-53,46367;2025-03-11 20:30:00.0;0,20
CASCAVEL;410480805A;PR;Centro;-24,99532;-53,46367;2025-03-11 20:40:00.0;0,60
CASCAVEL;410480805A;PR;Centro;-24,99532;-53,46367;2025-03-11 20:50:00.0;0,80
CASCAVEL;410480805A;PR;Centro;-24,99532;-53,46367;2025-03-11 21:10:00.0;0,20
CASCAVEL;410480805A;PR;Centro;-24,99532;-53,46367;2025-03-11 21:40:00.0;0,20
CASCAVEL;410480805A;PR;Centro;-24,99532;-53,46367;2025-03-11 22:00:00.0;0,20
CASCAVEL;410480805A;PR;Centro;-24,99532;-53,46367;2025-03-11 22:20:00.0;0,20
CASCAVEL;410480805A;PR;Centro;-24,99532;-53,46367;2025-03-11 22:40:00.0;0,00
CASCAVEL;410480805A;PR;Centro;-24,99532;-53,46367;2025-03-11 23:30:00.0;0,40
CASCAVEL;410480805A;PR;Centro;-24,99532;-53,46367;2025-03-11 23:40:00.0;0,00
CASCAVEL;410480805A;PR;Centro;-24,99532;-53,46367;2025-03-12 00:40:00.0;0,00
CASCAVEL;410480805A;PR;Centro;-24,99532;-53,46367;2025-03-12 01:40:00.0;0,00
CASCAVEL;410480805A;PR;Centro;-24,99532;-53,46367;2025-03-12 02:40:00.0;0,00
CASCAVEL;410480805A;PR;Centro;-24,99532;-53,46367;2025-03-12 03:40:00.0;0,00
CASCAVEL;410480805A;PR;Centro;-24,99532;-53,46367;2025-03-12 04:40:00.0;0,00
CASCAVEL;410480805A;PR;Centro;-24,99532;-53,46367;2025-03-12 05:40:00.0;0,00
CASCAVEL;410480805A;PR;Centro;-24,99532;-53,46367;2025-03-12 06:40:00.0;0,00
CASCAVEL;410480805A;PR;Centro;-24,99532;-53,46367;2025-03-12 07:40:00.0;0,00
CASCAVEL;410480805A;PR;Centro;-24,99532;-53,46367;2025-03-12 08:40:00.0;0,00
CASCAVEL;410480805A;PR;Centro;-24,99532;-53,46367;2025-03-12 09:40:00.0;0,00
CASCAVEL;410480805A;PR;Centro;-24,99532;-53,46367;2025-03-12 10:40:00.0;0,00
CASCAVEL;410480805A;PR;Centro;-24,99532;-53,46367;2025-03-12 11:40:00.0;0,00
CASCAVEL;410480805A;PR;Centro;-24,99532;-53,46367;2025-03-12 11:50:00.0;0,20
CASCAVEL;410480805A;PR;Centro;-24,99532;-53,46367;2025-03-12 12:00:00.0;1,00
CASCAVEL;410480805A;PR;Centro;-24,99532;-53,46367;2025-03-12 12:20:00.0;0,20
CASCAVEL;410480805A;PR;Centro;-24,99532;-53,46367;2025-03-12 12:50:00.0;0,00
CASCAVEL;410480805A;PR;Centro;-24,99532;-53,46367;2025-03-12 13:00:00.0;12,00
CASCAVEL;410480805A;PR;Centro;-24,99532;-53,46367;2025-03-12 13:10:00.0;0,80
CASCAVEL;410480805A;PR;Centro;-24,99532;-53,46367;2025-03-12 13:40:00.0;0,00
CASCAVEL;410480805A;PR;Centro;-24,99532;-53,46367;2025-03-12 14:40:00.0;0,00
CASCAVEL;410480805A;PR;Centro;-24,99532;-53,46367;2025-03-12 15:40:00.0;0,00
CASCAVEL;410480805A;PR;Centro;-24,99532;-53,46367;2025-03-12 16:40:00.0;0,00
CASCAVEL;410480805A;PR;Centro;-24,99532;-53,46367;2025-03-12 17:40:00.0;0,00
CASCAVEL;410480805A;PR;Centro;-24,99532;-53,46367;2025-03-12 18:40:00.0;0,00
CASCAVEL;410480805A;PR;Centro;-24,99532;-53,46367;2025-03-12 19:40:00.0;0,00
CASCAVEL;410480805A;PR;Centro;-24,99532;-53,46367;2025-03-12 20:40:00.0;0,00
CASCAVEL;410480805A;PR;Centro;-24,99532;-53,46367;2025-03-12 21:40:00.0;0,00
CASCAVEL;410480805A;PR;Centro;-24,99532;-53,46367;2025-03-12 22:40:00.0;0,00
CASCAVEL;410480805A;PR;Centro;-24,99532;-53,46367;2025-03-12 23:40:00.0;0,00
CASCAVEL;410480805A;PR;Centro;-24,99532;-53,46367;2025-03-13 00:40:00.0;0,00
CASCAVEL;410480805A;PR;Centro;-24,99532;-53,46367;2025-03-13 01:40:00.0;0,00
CASCAVEL;410480805A;PR;Centro;-24,99532;-53,46367;2025-03-13 02:40:00.0;0,00
CASCAVEL;410480805A;PR;Centro;-24,99532;-53,46367;2025-03-13 03:40:00.0;0,00
CASCAVEL;410480805A;PR;Centro;-24,99532;-53,46367;2025-03-13 04:40:00.0;0,00
CASCAVEL;410480805A;PR;Centro;-24,99532;-53,46367;2025-03-13 05:40:00.0;0,00
CASCAVEL;410480805A;PR;Centro;-24,99532;-53,46367;2025-03-13 06:40:00.0;0,00
CASCAVEL;410480805A;PR;Centro;-24,99532;-53,46367;2025-03-13 07:40:00.0;0,00
CASCAVEL;410480805A;PR;Centro;-24,99532;-53,46367;2025-03-13 08:40:00.0;0,00
CASCAVEL;410480805A;PR;Centro;-24,99532;-53,46367;2025-03-13 09:40:00.0;0,00
CASCAVEL;410480805A;PR;Centro;-24,99532;-53,46367;2025-03-13 10:40:00.0;0,00
CASCAVEL;410480805A;PR;Centro;-24,99532;-53,46367;2025-03-13 11:40:00.0;0,00
CASCAVEL;410480805A;PR;Centro;-24,99532;-53,46367;2025-03-13 12:40:00.0;0,00
CASCAVEL;410480805A;PR;Centro;-24,99532;-53,46367;2025-03-13 13:40:00.0;0,00
CASCAVEL;410480805A;PR;Centro;-24,99532;-53,46367;2025-03-13 14:40:00.0;0,00
CASCAVEL;410480805A;PR;Centro;-24,99532;-53,46367;2025-03-13 15:40:00.0;0,00
CASCAVEL;410480805A;PR;Centro;-24,99532;-53,46367;2025-03-13 16:40:00.0;0,00
CASCAVEL;410480805A;PR;Centro;-24,99532;-53,46367;2025-03-13 17:40:00.0;0,00
CASCAVEL;410480805A;PR;Centro;-24,99532;-53,46367;2025-03-13 18:40:00.0;0,00
CASCAVEL;410480805A;PR;Centro;-24,99532;-53,46367;2025-03-13 19:40:00.0;0,00
CASCAVEL;410480805A;PR;Centro;-24,99532;-53,46367;2025-03-13 20:40:00.0;0,00
CASCAVEL;410480805A;PR;Centro;-24,99532;-53,46367;2025-03-13 21:40:00.0;0,00
CASCAVEL;410480805A;PR;Centro;-24,99532;-53,46367;2025-03-13 22:40:00.0;0,00
CASCAVEL;410480805A;PR;Centro;-24,99532;-53,46367;2025-03-13 23:40:00.0;0,00
CASCAVEL;410480805A;PR;Centro;-24,99532;-53,46367;2025-03-14 00:40:00.0;0,00
CASCAVEL;410480805A;PR;Centro;-24,99532;-53,46367;2025-03-14 01:40:00.0;0,00
CASCAVEL;410480805A;PR;Centro;-24,99532;-53,46367;2025-03-14 02:40:00.0;0,00
CASCAVEL;410480805A;PR;Centro;-24,99532;-53,46367;2025-03-14 03:40:00.0;0,00
CASCAVEL;410480805A;PR;Centro;-24,99532;-53,46367;2025-03-14 04:40:00.0;0,00
CASCAVEL;410480805A;PR;Centro;-24,99532;-53,46367;2025-03-14 05:40:00.0;0,00
CASCAVEL;410480805A;PR;Centro;-24,99532;-53,46367;2025-03-14 06:40:00.0;0,00
CASCAVEL;410480805A;PR;Centro;-24,99532;-53,46367;2025-03-14 07:40:00.0;0,00
CASCAVEL;410480805A;PR;Centro;-24,99532;-53,46367;2025-03-14 08:40:00.0;0,00
CASCAVEL;410480805A;PR;Centro;-24,99532;-53,46367;2025-03-14 09:40:00.0;0,00
CASCAVEL;410480805A;PR;Centro;-24,99532;-53,46367;2025-03-14 10:40:00.0;0,00
CASCAVEL;410480805A;PR;Centro;-24,99532;-53,46367;2025-03-14 11:40:00.0;0,00
CASCAVEL;410480805A;PR;Centro;-24,99532;-53,46367;2025-03-14 12:40:00.0;0,00
CASCAVEL;410480805A;PR;Centro;-24,99532;-53,46367;2025-03-14 13:40:00.0;0,00
CASCAVEL;410480805A;PR;Centro;-24,99532;-53,46367;2025-03-14 14:40:00.0;0,00
CASCAVEL;410480805A;PR;Centro;-24,99532;-53,46367;2025-03-14 15:40:00.0;0,00
CASCAVEL;410480805A;PR;Centro;-24,99532;-53,46367;2025-03-14 16:40:00.0;0,00
CASCAVEL;410480805A;PR;Centro;-24,99532;-53,46367;2025-03-14 17:40:00.0;0,00
CASCAVEL;410480805A;PR;Centro;-24,99532;-53,46367;2025-03-14 18:40:00.0;0,00
CASCAVEL;410480805A;PR;Centro;-24,99532;-53,46367;2025-03-14 19:40:00.0;0,00
CASCAVEL;410480805A;PR;Centro;-24,99532;-53,46367;2025-03-14 20:40:00.0;0,00
CASCAVEL;410480805A;PR;Centro;-24,99532;-53,46367;2025-03-14 21:40:00.0;0,00
CASCAVEL;410480805A;PR;Centro;-24,99532;-53,46367;2025-03-14 22:40:00.0;0,00
CASCAVEL;410480805A;PR;Centro;-24,99532;-53,46367;2025-03-14 23:40:00.0;0,00
CASCAVEL;410480805A;PR;Centro;-24,99532;-53,46367;2025-03-15 00:40:00.0;0,00
CASCAVEL;410480805A;PR;Centro;-24,99532;-53,46367;2025-03-15 01:40:00.0;0,00
CASCAVEL;410480805A;PR;Centro;-24,99532;-53,46367;2025-03-15 02:40:00.0;0,00
CASCAVEL;410480805A;PR;Centro;-24,99532;-53,46367;2025-03-15 03:40:00.0;0,00
CASCAVEL;410480805A;PR;Centro;-24,99532;-53,46367;2025-03-15 04:40:00.0;0,00
CASCAVEL;410480805A;PR;Centro;-24,99532;-53,46367;2025-03-15 05:40:00.0;0,00
CASCAVEL;410480805A;PR;Centro;-24,99532;-53,46367;2025-03-15 06:40:00.0;0,00
CASCAVEL;410480805A;PR;Centro;-24,99532;-53,46367;2025-03-15 07:40:00.0;0,00
CASCAVEL;410480805A;PR;Centro;-24,99532;-53,46367;2025-03-15 08:40:00.0;0,00
CASCAVEL;410480805A;PR;Centro;-24,99532;-53,46367;2025-03-15 09:40:00.0;0,00
CASCAVEL;410480805A;PR;Centro;-24,99532;-53,46367;2025-03-15 10:40:00.0;0,00
CASCAVEL;410480805A;PR;Centro;-24,99532;-53,46367;2025-03-15 11:40:00.0;0,00
CASCAVEL;410480805A;PR;Centro;-24,99532;-53,46367;2025-03-15 12:40:00.0;0,00
CASCAVEL;410480805A;PR;Centro;-24,99532;-53,46367;2025-03-15 13:40:00.0;0,00
CASCAVEL;410480805A;PR;Centro;-24,99532;-53,46367;2025-03-15 14:40:00.0;0,00
CASCAVEL;410480805A;PR;Centro;-24,99532;-53,46367;2025-03-15 15:40:00.0;0,00
CASCAVEL;410480805A;PR;Centro;-24,99532;-53,46367;2025-03-15 16:30:00.0;0,40
CASCAVEL;410480805A;PR;Centro;-24,99532;-53,46367;2025-03-15 16:50:00.0;0,40
CASCAVEL;410480805A;PR;Centro;-24,99532;-53,46367;2025-03-15 17:30:00.0;1,00
CASCAVEL;410480805A;PR;Centro;-24,99532;-53,46367;2025-03-15 17:40:00.0;0,40
CASCAVEL;410480805A;PR;Centro;-24,99532;-53,46367;2025-03-15 18:40:00.0;0,00
CASCAVEL;410480805A;PR;Centro;-24,99532;-53,46367;2025-03-15 19:40:00.0;0,00
CASCAVEL;410480805A;PR;Centro;-24,99532;-53,46367;2025-03-15 20:40:00.0;0,00
CASCAVEL;410480805A;PR;Centro;-24,99532;-53,46367;2025-03-15 21:40:00.0;0,00
CASCAVEL;410480805A;PR;Centro;-24,99532;-53,46367;2025-03-15 22:40:00.0;0,00
CASCAVEL;410480805A;PR;Centro;-24,99532;-53,46367;2025-03-15 23:40:00.0;0,00
CASCAVEL;410480805A;PR;Centro;-24,99532;-53,46367;2025-03-16 00:40:00.0;0,00
CASCAVEL;410480805A;PR;Centro;-24,99532;-53,46367;2025-03-16 01:40:00.0;0,00
CASCAVEL;410480805A;PR;Centro;-24,99532;-53,46367;2025-03-16 02:40:00.0;0,00
CASCAVEL;410480805A;PR;Centro;-24,99532;-53,46367;2025-03-16 03:40:00.0;0,00
CASCAVEL;410480805A;PR;Centro;-24,99532;-53,46367;2025-03-16 04:40:00.0;0,00
CASCAVEL;410480805A;PR;Centro;-24,99532;-53,46367;2025-03-16 05:40:00.0;0,00
CASCAVEL;410480805A;PR;Centro;-24,99532;-53,46367;2025-03-16 06:40:00.0;0,00
CASCAVEL;410480805A;PR;Centro;-24,99532;-53,46367;2025-03-16 07:40:00.0;0,00
CASCAVEL;410480805A;PR;Centro;-24,99532;-53,46367;2025-03-16 08:40:00.0;0,00
CASCAVEL;410480805A;PR;Centro;-24,99532;-53,46367;2025-03-16 09:40:00.0;0,00
CASCAVEL;410480805A;PR;Centro;-24,99532;-53,46367;2025-03-16 10:40:00.0;0,00
CASCAVEL;410480805A;PR;Centro;-24,99532;-53,46367;2025-03-16 11:40:00.0;0,00
CASCAVEL;410480805A;PR;Centro;-24,99532;-53,46367;2025-03-16 12:40:00.0;0,00
CASCAVEL;410480805A;PR;Centro;-24,99532;-53,46367;2025-03-16 13:40:00.0;0,00
CASCAVEL;410480805A;PR;Centro;-24,99532;-53,46367;2025-03-16 14:40:00.0;0,00
CASCAVEL;410480805A;PR;Centro;-24,99532;-53,46367;2025-03-16 15:40:00.0;0,00
CASCAVEL;410480805A;PR;Centro;-24,99532;-53,46367;2025-03-16 16:40:00.0;0,00
CASCAVEL;410480805A;PR;Centro;-24,99532;-53,46367;2025-03-16 17:40:00.0;0,00
CASCAVEL;410480805A;PR;Centro;-24,99532;-53,46367;2025-03-16 18:40:00.0;0,00
CASCAVEL;410480805A;PR;Centro;-24,99532;-53,46367;2025-03-16 19:40:00.0;0,00
CASCAVEL;410480805A;PR;Centro;-24,99532;-53,46367;2025-03-16 20:40:00.0;0,00
CASCAVEL;410480805A;PR;Centro;-24,99532;-53,46367;2025-03-16 21:40:00.0;0,00
CASCAVEL;410480805A;PR;Centro;-24,99532;-53,46367;2025-03-16 22:40:00.0;0,00
CASCAVEL;410480805A;PR;Centro;-24,99532;-53,46367;2025-03-16 23:40:00.0;0,00
CASCAVEL;410480805A;PR;Centro;-24,99532;-53,46367;2025-03-17 00:40:00.0;0,00
CASCAVEL;410480805A;PR;Centro;-24,99532;-53,46367;2025-03-17 01:40:00.0;0,00
CASCAVEL;410480805A;PR;Centro;-24,99532;-53,46367;2025-03-17 02:40:00.0;0,00
CASCAVEL;410480805A;PR;Centro;-24,99532;-53,46367;2025-03-17 03:40:00.0;0,00
CASCAVEL;410480805A;PR;Centro;-24,99532;-53,46367;2025-03-17 04:40:00.0;0,00
CASCAVEL;410480805A;PR;Centro;-24,99532;-53,46367;2025-03-17 05:40:00.0;0,00
CASCAVEL;410480805A;PR;Centro;-24,99532;-53,46367;2025-03-17 06:40:00.0;0,00
CASCAVEL;410480805A;PR;Centro;-24,99532;-53,46367;2025-03-17 07:40:00.0;0,00
CASCAVEL;410480805A;PR;Centro;-24,99532;-53,46367;2025-03-17 08:40:00.0;0,00
CASCAVEL;410480805A;PR;Centro;-24,99532;-53,46367;2025-03-17 09:40:00.0;0,00
CASCAVEL;410480805A;PR;Centro;-24,99532;-53,46367;2025-03-17 10:40:00.0;0,00
CASCAVEL;410480805A;PR;Centro;-24,99532;-53,46367;2025-03-17 11:40:00.0;0,00
CASCAVEL;410480805A;PR;Centro;-24,99532;-53,46367;2025-03-17 12:40:00.0;0,00
CASCAVEL;410480805A;PR;Centro;-24,99532;-53,46367;2025-03-17 13:40:00.0;0,00
CASCAVEL;410480805A;PR;Centro;-24,99532;-53,46367;2025-03-17 14:40:00.0;0,00
CASCAVEL;410480805A;PR;Centro;-24,99532;-53,46367;2025-03-17 15:40:00.0;0,00
CASCAVEL;410480805A;PR;Centro;-24,99532;-53,46367;2025-03-17 16:40:00.0;0,00
CASCAVEL;410480805A;PR;Centro;-24,99532;-53,46367;2025-03-17 17:40:00.0;0,00
CASCAVEL;410480805A;PR;Centro;-24,99532;-53,46367;2025-03-17 18:40:00.0;0,00
CASCAVEL;410480805A;PR;Centro;-24,99532;-53,46367;2025-03-17 19:40:00.0;0,00
CASCAVEL;410480805A;PR;Centro;-24,99532;-53,46367;2025-03-17 20:40:00.0;0,00
CASCAVEL;410480805A;PR;Centro;-24,99532;-53,46367;2025-03-17 21:40:00.0;0,00
CASCAVEL;410480805A;PR;Centro;-24,99532;-53,46367;2025-03-17 22:40:00.0;0,00
CASCAVEL;410480805A;PR;Centro;-24,99532;-53,46367;2025-03-17 23:40:00.0;0,00
CASCAVEL;410480805A;PR;Centro;-24,99532;-53,46367;2025-03-18 00:40:00.0;0,00
CASCAVEL;410480805A;PR;Centro;-24,99532;-53,46367;2025-03-18 01:40:00.0;0,00
CASCAVEL;410480805A;PR;Centro;-24,99532;-53,46367;2025-03-18 02:40:00.0;0,00
CASCAVEL;410480805A;PR;Centro;-24,99532;-53,46367;2025-03-18 03:40:00.0;0,00
CASCAVEL;410480805A;PR;Centro;-24,99532;-53,46367;2025-03-18 04:40:00.0;0,00
CASCAVEL;410480805A;PR;Centro;-24,99532;-53,46367;2025-03-18 05:40:00.0;0,00
CASCAVEL;410480805A;PR;Centro;-24,99532;-53,46367;2025-03-18 06:40:00.0;0,00
CASCAVEL;410480805A;PR;Centro;-24,99532;-53,46367;2025-03-18 07:40:00.0;0,00
CASCAVEL;410480805A;PR;Centro;-24,99532;-53,46367;2025-03-18 08:40:00.0;0,00
CASCAVEL;410480805A;PR;Centro;-24,99532;-53,46367;2025-03-18 09:40:00.0;0,00
CASCAVEL;410480805A;PR;Centro;-24,99532;-53,46367;2025-03-18 10:40:00.0;0,00
CASCAVEL;410480805A;PR;Centro;-24,99532;-53,46367;2025-03-18 11:40:00.0;0,00
CASCAVEL;410480805A;PR;Centro;-24,99532;-53,46367;2025-03-18 12:40:00.0;0,00
CASCAVEL;410480805A;PR;Centro;-24,99532;-53,46367;2025-03-18 13:40:00.0;0,00
CASCAVEL;410480805A;PR;Centro;-24,99532;-53,46367;2025-03-18 14:40:00.0;0,00
CASCAVEL;410480805A;PR;Centro;-24,99532;-53,46367;2025-03-18 15:40:00.0;0,00
CASCAVEL;410480805A;PR;Centro;-24,99532;-53,46367;2025-03-18 16:40:00.0;0,00
CASCAVEL;410480805A;PR;Centro;-24,99532;-53,46367;2025-03-18 17:40:00.0;0,00
CASCAVEL;410480805A;PR;Centro;-24,99532;-53,46367;2025-03-18 18:40:00.0;0,00
CASCAVEL;410480805A;PR;Centro;-24,99532;-53,46367;2025-03-18 19:40:00.0;0,00
CASCAVEL;410480805A;PR;Centro;-24,99532;-53,46367;2025-03-18 20:40:00.0;0,00
CASCAVEL;410480805A;PR;Centro;-24,99532;-53,46367;2025-03-18 21:30:00.0;0,60
CASCAVEL;410480805A;PR;Centro;-24,99532;-53,46367;2025-03-18 21:40:00.0;0,40
CASCAVEL;410480805A;PR;Centro;-24,99532;-53,46367;2025-03-18 22:40:00.0;0,00
CASCAVEL;410480805A;PR;Centro;-24,99532;-53,46367;2025-03-18 23:00:00.0;0,20
CASCAVEL;410480805A;PR;Centro;-24,99532;-53,46367;2025-03-18 23:40:00.0;0,00
CASCAVEL;410480805A;PR;Centro;-24,99532;-53,46367;2025-03-19 00:40:00.0;0,00
CASCAVEL;410480805A;PR;Centro;-24,99532;-53,46367;2025-03-19 01:40:00.0;0,00
CASCAVEL;410480805A;PR;Centro;-24,99532;-53,46367;2025-03-19 02:40:00.0;0,00
CASCAVEL;410480805A;PR;Centro;-24,99532;-53,46367;2025-03-19 03:40:00.0;0,00
CASCAVEL;410480805A;PR;Centro;-24,99532;-53,46367;2025-03-19 04:40:00.0;0,00
CASCAVEL;410480805A;PR;Centro;-24,99532;-53,46367;2025-03-19 05:40:00.0;0,00
CASCAVEL;410480805A;PR;Centro;-24,99532;-53,46367;2025-03-19 06:40:00.0;0,00
CASCAVEL;410480805A;PR;Centro;-24,99532;-53,46367;2025-03-19 07:40:00.0;0,00
CASCAVEL;410480805A;PR;Centro;-24,99532;-53,46367;2025-03-19 08:40:00.0;0,00
CASCAVEL;410480805A;PR;Centro;-24,99532;-53,46367;2025-03-19 09:40:00.0;0,00
CASCAVEL;410480805A;PR;Centro;-24,99532;-53,46367;2025-03-19 10:40:00.0;0,00
CASCAVEL;410480805A;PR;Centro;-24,99532;-53,46367;2025-03-19 11:40:00.0;0,00
CASCAVEL;410480805A;PR;Centro;-24,99532;-53,46367;2025-03-19 12:40:00.0;0,00
CASCAVEL;410480805A;PR;Centro;-24,99532;-53,46367;2025-03-19 13:40:00.0;0,00
CASCAVEL;410480805A;PR;Centro;-24,99532;-53,46367;2025-03-19 14:40:00.0;0,00
CASCAVEL;410480805A;PR;Centro;-24,99532;-53,46367;2025-03-19 15:40:00.0;0,00
CASCAVEL;410480805A;PR;Centro;-24,99532;-53,46367;2025-03-19 16:40:00.0;0,00
CASCAVEL;410480805A;PR;Centro;-24,99532;-53,46367;2025-03-19 17:40:00.0;0,00
CASCAVEL;410480805A;PR;Centro;-24,99532;-53,46367;2025-03-19 18:40:00.0;0,00
CASCAVEL;410480805A;PR;Centro;-24,99532;-53,46367;2025-03-19 19:40:00.0;0,00
CASCAVEL;410480805A;PR;Centro;-24,99532;-53,46367;2025-03-19 20:40:00.0;0,00
CASCAVEL;410480805A;PR;Centro;-24,99532;-53,46367;2025-03-19 21:40:00.0;0,00
CASCAVEL;410480805A;PR;Centro;-24,99532;-53,46367;2025-03-19 22:40:00.0;0,00
CASCAVEL;410480805A;PR;Centro;-24,99532;-53,46367;2025-03-19 23:40:00.0;0,00
CASCAVEL;410480805A;PR;Centro;-24,99532;-53,46367;2025-03-20 00:40:00.0;0,00
CASCAVEL;410480805A;PR;Centro;-24,99532;-53,46367;2025-03-20 01:40:00.0;0,00
CASCAVEL;410480805A;PR;Centro;-24,99532;-53,46367;2025-03-20 02:40:00.0;0,00
CASCAVEL;410480805A;PR;Centro;-24,99532;-53,46367;2025-03-20 03:40:00.0;0,00
CASCAVEL;410480805A;PR;Centro;-24,99532;-53,46367;2025-03-20 04:40:00.0;0,00
CASCAVEL;410480805A;PR;Centro;-24,99532;-53,46367;2025-03-20 05:40:00.0;0,00
CASCAVEL;410480805A;PR;Centro;-24,99532;-53,46367;2025-03-20 06:40:00.0;0,00
CASCAVEL;410480805A;PR;Centro;-24,99532;-53,46367;2025-03-20 07:40:00.0;0,00
CASCAVEL;410480805A;PR;Centro;-24,99532;-53,46367;2025-03-20 08:40:00.0;0,00
CASCAVEL;410480805A;PR;Centro;-24,99532;-53,46367;2025-03-20 09:40:00.0;0,00
CASCAVEL;410480805A;PR;Centro;-24,99532;-53,46367;2025-03-20 10:40:00.0;0,00
CASCAVEL;410480805A;PR;Centro;-24,99532;-53,46367;2025-03-20 11:40:00.0;0,00
CASCAVEL;410480805A;PR;Centro;-24,99532;-53,46367;2025-03-20 12:40:00.0;0,00
CASCAVEL;410480805A;PR;Centro;-24,99532;-53,46367;2025-03-20 13:40:00.0;0,00
CASCAVEL;410480805A;PR;Centro;-24,99532;-53,46367;2025-03-20 14:40:00.0;0,00
CASCAVEL;410480805A;PR;Centro;-24,99532;-53,46367;2025-03-20 15:40:00.0;0,00
CASCAVEL;410480805A;PR;Centro;-24,99532;-53,46367;2025-03-20 16:40:00.0;0,00
CASCAVEL;410480805A;PR;Centro;-24,99532;-53,46367;2025-03-20 17:40:00.0;0,00
CASCAVEL;410480805A;PR;Centro;-24,99532;-53,46367;2025-03-20 18:40:00.0;0,00
CASCAVEL;410480805A;PR;Centro;-24,99532;-53,46367;2025-03-20 19:40:00.0;0,00
CASCAVEL;410480805A;PR;Centro;-24,99532;-53,46367;2025-03-20 20:40:00.0;0,00
CASCAVEL;410480805A;PR;Centro;-24,99532;-53,46367;2025-03-20 21:40:00.0;0,00
CASCAVEL;410480805A;PR;Centro;-24,99532;-53,46367;2025-03-20 22:40:00.0;0,00
CASCAVEL;410480805A;PR;Centro;-24,99532;-53,46367;2025-03-20 23:40:00.0;0,00
CASCAVEL;410480805A;PR;Centro;-24,99532;-53,46367;2025-03-21 00:40:00.0;0,00
CASCAVEL;410480805A;PR;Centro;-24,99532;-53,46367;2025-03-21 01:40:00.0;0,00
CASCAVEL;410480805A;PR;Centro;-24,99532;-53,46367;2025-03-21 02:40:00.0;0,00
CASCAVEL;410480805A;PR;Centro;-24,99532;-53,46367;2025-03-21 03:40:00.0;0,00
CASCAVEL;410480805A;PR;Centro;-24,99532;-53,46367;2025-03-21 04:40:00.0;0,00
CASCAVEL;410480805A;PR;Centro;-24,99532;-53,46367;2025-03-21 05:40:00.0;0,00
CASCAVEL;410480805A;PR;Centro;-24,99532;-53,46367;2025-03-21 06:40:00.0;0,00
CASCAVEL;410480805A;PR;Centro;-24,99532;-53,46367;2025-03-21 07:40:00.0;0,00
CASCAVEL;410480805A;PR;Centro;-24,99532;-53,46367;2025-03-21 08:40:00.0;0,00
CASCAVEL;410480805A;PR;Centro;-24,99532;-53,46367;2025-03-21 09:40:00.0;0,00
CASCAVEL;410480805A;PR;Centro;-24,99532;-53,46367;2025-03-21 10:40:00.0;0,00
CASCAVEL;410480805A;PR;Centro;-24,99532;-53,46367;2025-03-21 11:40:00.0;0,00
CASCAVEL;410480805A;PR;Centro;-24,99532;-53,46367;2025-03-21 12:40:00.0;0,00
CASCAVEL;410480805A;PR;Centro;-24,99532;-53,46367;2025-03-21 13:40:00.0;0,00
CASCAVEL;410480805A;PR;Centro;-24,99532;-53,46367;2025-03-21 14:40:00.0;0,00
CASCAVEL;410480805A;PR;Centro;-24,99532;-53,46367;2025-03-21 15:40:00.0;0,00
CASCAVEL;410480805A;PR;Centro;-24,99532;-53,46367;2025-03-21 16:40:00.0;0,00
CASCAVEL;410480805A;PR;Centro;-24,99532;-53,46367;2025-03-21 17:40:00.0;0,00
CASCAVEL;410480805A;PR;Centro;-24,99532;-53,46367;2025-03-21 18:40:00.0;0,00
CASCAVEL;410480805A;PR;Centro;-24,99532;-53,46367;2025-03-21 19:40:00.0;0,00
CASCAVEL;410480805A;PR;Centro;-24,99532;-53,46367;2025-03-21 20:40:00.0;0,00
CASCAVEL;410480805A;PR;Centro;-24,99532;-53,46367;2025-03-21 21:40:00.0;0,00
CASCAVEL;410480805A;PR;Centro;-24,99532;-53,46367;2025-03-21 22:40:00.0;0,00
CASCAVEL;410480805A;PR;Centro;-24,99532;-53,46367;2025-03-21 23:40:00.0;0,00
CASCAVEL;410480805A;PR;Centro;-24,99532;-53,46367;2025-03-22 00:40:00.0;0,00
CASCAVEL;410480805A;PR;Centro;-24,99532;-53,46367;2025-03-22 01:40:00.0;0,00
CASCAVEL;410480805A;PR;Centro;-24,99532;-53,46367;2025-03-22 02:40:00.0;0,00
CASCAVEL;410480805A;PR;Centro;-24,99532;-53,46367;2025-03-22 03:40:00.0;0,00
CASCAVEL;410480805A;PR;Centro;-24,99532;-53,46367;2025-03-22 04:40:00.0;0,00
CASCAVEL;410480805A;PR;Centro;-24,99532;-53,46367;2025-03-22 05:40:00.0;0,00
CASCAVEL;410480805A;PR;Centro;-24,99532;-53,46367;2025-03-22 06:40:00.0;0,00
CASCAVEL;410480805A;PR;Centro;-24,99532;-53,46367;2025-03-22 07:40:00.0;0,00
CASCAVEL;410480805A;PR;Centro;-24,99532;-53,46367;2025-03-22 08:40:00.0;0,00
CASCAVEL;410480805A;PR;Centro;-24,99532;-53,46367;2025-03-22 09:40:00.0;0,00
CASCAVEL;410480805A;PR;Centro;-24,99532;-53,46367;2025-03-22 10:40:00.0;0,00
CASCAVEL;410480805A;PR;Centro;-24,99532;-53,46367;2025-03-22 11:40:00.0;0,00
CASCAVEL;410480805A;PR;Centro;-24,99532;-53,46367;2025-03-22 12:40:00.0;0,00
CASCAVEL;410480805A;PR;Centro;-24,99532;-53,46367;2025-03-22 13:40:00.0;0,00
CASCAVEL;410480805A;PR;Centro;-24,99532;-53,46367;2025-03-22 14:40:00.0;0,00
CASCAVEL;410480805A;PR;Centro;-24,99532;-53,46367;2025-03-22 15:40:00.0;0,00
CASCAVEL;410480805A;PR;Centro;-24,99532;-53,46367;2025-03-22 16:40:00.0;0,00
CASCAVEL;410480805A;PR;Centro;-24,99532;-53,46367;2025-03-22 17:40:00.0;0,00
CASCAVEL;410480805A;PR;Centro;-24,99532;-53,46367;2025-03-22 18:40:00.0;0,00
CASCAVEL;410480805A;PR;Centro;-24,99532;-53,46367;2025-03-22 19:40:00.0;0,00
CASCAVEL;410480805A;PR;Centro;-24,99532;-53,46367;2025-03-22 20:40:00.0;0,00
CASCAVEL;410480805A;PR;Centro;-24,99532;-53,46367;2025-03-22 21:40:00.0;0,00
CASCAVEL;410480805A;PR;Centro;-24,99532;-53,46367;2025-03-22 22:40:00.0;0,00
CASCAVEL;410480805A;PR;Centro;-24,99532;-53,46367;2025-03-22 23:40:00.0;0,00
CASCAVEL;410480805A;PR;Centro;-24,99532;-53,46367;2025-03-23 00:40:00.0;0,00
CASCAVEL;410480805A;PR;Centro;-24,99532;-53,46367;2025-03-23 01:40:00.0;0,00
CASCAVEL;410480805A;PR;Centro;-24,99532;-53,46367;2025-03-23 02:40:00.0;0,00
CASCAVEL;410480805A;PR;Centro;-24,99532;-53,46367;2025-03-23 03:40:00.0;0,00
CASCAVEL;410480805A;PR;Centro;-24,99532;-53,46367;2025-03-23 04:40:00.0;0,00
CASCAVEL;410480805A;PR;Centro;-24,99532;-53,46367;2025-03-23 05:40:00.0;0,00
CASCAVEL;410480805A;PR;Centro;-24,99532;-53,46367;2025-03-23 06:40:00.0;0,00
CASCAVEL;410480805A;PR;Centro;-24,99532;-53,46367;2025-03-23 07:40:00.0;0,00
CASCAVEL;410480805A;PR;Centro;-24,99532;-53,46367;2025-03-23 08:40:00.0;0,00
CASCAVEL;410480805A;PR;Centro;-24,99532;-53,46367;2025-03-23 09:40:00.0;0,00
CASCAVEL;410480805A;PR;Centro;-24,99532;-53,46367;2025-03-23 10:40:00.0;0,00
CASCAVEL;410480805A;PR;Centro;-24,99532;-53,46367;2025-03-23 11:40:00.0;0,00
CASCAVEL;410480805A;PR;Centro;-24,99532;-53,46367;2025-03-23 12:40:00.0;0,00
CASCAVEL;410480805A;PR;Centro;-24,99532;-53,46367;2025-03-23 13:40:00.0;0,00
CASCAVEL;410480805A;PR;Centro;-24,99532;-53,46367;2025-03-23 14:40:00.0;0,00
CASCAVEL;410480805A;PR;Centro;-24,99532;-53,46367;2025-03-23 15:40:00.0;0,00
CASCAVEL;410480805A;PR;Centro;-24,99532;-53,46367;2025-03-23 16:40:00.0;0,00
CASCAVEL;410480805A;PR;Centro;-24,99532;-53,46367;2025-03-23 17:40:00.0;0,00
CASCAVEL;410480805A;PR;Centro;-24,99532;-53,46367;2025-03-23 18:40:00.0;0,00
CASCAVEL;410480805A;PR;Centro;-24,99532;-53,46367;2025-03-23 19:40:00.0;0,00
CASCAVEL;410480805A;PR;Centro;-24,99532;-53,46367;2025-03-23 20:40:00.0;0,80
CASCAVEL;410480805A;PR;Centro;-24,99532;-53,46367;2025-03-23 20:50:00.0;3,80
CASCAVEL;410480805A;PR;Centro;-24,99532;-53,46367;2025-03-23 21:00:00.0;5,20
CASCAVEL;410480805A;PR;Centro;-24,99532;-53,46367;2025-03-23 21:10:00.0;7,80
CASCAVEL;410480805A;PR;Centro;-24,99532;-53,46367;2025-03-23 21:20:00.0;1,40
CASCAVEL;410480805A;PR;Centro;-24,99532;-53,46367;2025-03-23 21:30:00.0;0,20
CASCAVEL;410480805A;PR;Centro;-24,99532;-53,46367;2025-03-23 22:40:00.0;0,00
CASCAVEL;410480805A;PR;Centro;-24,99532;-53,46367;2025-03-23 23:40:00.0;0,00
CASCAVEL;410480805A;PR;Centro;-24,99532;-53,46367;2025-03-24 00:40:00.0;0,00
CASCAVEL;410480805A;PR;Centro;-24,99532;-53,46367;2025-03-24 01:40:00.0;0,00
CASCAVEL;410480805A;PR;Centro;-24,99532;-53,46367;2025-03-24 02:40:00.0;0,00
CASCAVEL;410480805A;PR;Centro;-24,99532;-53,46367;2025-03-24 03:40:00.0;0,00
CASCAVEL;410480805A;PR;Centro;-24,99532;-53,46367;2025-03-24 04:40:00.0;0,00
CASCAVEL;410480805A;PR;Centro;-24,99532;-53,46367;2025-03-24 05:40:00.0;0,00
CASCAVEL;410480805A;PR;Centro;-24,99532;-53,46367;2025-03-24 06:40:00.0;0,00
CASCAVEL;410480805A;PR;Centro;-24,99532;-53,46367;2025-03-24 07:40:00.0;0,00
CASCAVEL;410480805A;PR;Centro;-24,99532;-53,46367;2025-03-24 08:40:00.0;0,00
CASCAVEL;410480805A;PR;Centro;-24,99532;-53,46367;2025-03-24 09:40:00.0;0,00
CASCAVEL;410480805A;PR;Centro;-24,99532;-53,46367;2025-03-24 10:40:00.0;0,00
CASCAVEL;410480805A;PR;Centro;-24,99532;-53,46367;2025-03-24 11:40:00.0;0,00
CASCAVEL;410480805A;PR;Centro;-24,99532;-53,46367;2025-03-24 12:40:00.0;0,00
CASCAVEL;410480805A;PR;Centro;-24,99532;-53,46367;2025-03-24 13:40:00.0;0,00
CASCAVEL;410480805A;PR;Centro;-24,99532;-53,46367;2025-03-24 14:40:00.0;0,00
CASCAVEL;410480805A;PR;Centro;-24,99532;-53,46367;2025-03-24 15:40:00.0;0,00
CASCAVEL;410480805A;PR;Centro;-24,99532;-53,46367;2025-03-24 16:40:00.0;0,00
CASCAVEL;410480805A;PR;Centro;-24,99532;-53,46367;2025-03-24 17:40:00.0;0,00
CASCAVEL;410480805A;PR;Centro;-24,99532;-53,46367;2025-03-24 18:40:00.0;0,00
CASCAVEL;410480805A;PR;Centro;-24,99532;-53,46367;2025-03-24 19:40:00.0;0,00
CASCAVEL;410480805A;PR;Centro;-24,99532;-53,46367;2025-03-24 20:40:00.0;0,00
CASCAVEL;410480805A;PR;Centro;-24,99532;-53,46367;2025-03-24 21:40:00.0;0,00
CASCAVEL;410480805A;PR;Centro;-24,99532;-53,46367;2025-03-24 22:40:00.0;0,00
CASCAVEL;410480805A;PR;Centro;-24,99532;-53,46367;2025-03-24 23:40:00.0;0,00
CASCAVEL;410480805A;PR;Centro;-24,99532;-53,46367;2025-03-25 00:40:00.0;0,00
CASCAVEL;410480805A;PR;Centro;-24,99532;-53,46367;2025-03-25 01:40:00.0;0,00
CASCAVEL;410480805A;PR;Centro;-24,99532;-53,46367;2025-03-25 02:40:00.0;0,00
CASCAVEL;410480805A;PR;Centro;-24,99532;-53,46367;2025-03-25 03:40:00.0;0,00
CASCAVEL;410480805A;PR;Centro;-24,99532;-53,46367;2025-03-25 04:40:00.0;0,00
CASCAVEL;410480805A;PR;Centro;-24,99532;-53,46367;2025-03-25 05:40:00.0;0,00
CASCAVEL;410480805A;PR;Centro;-24,99532;-53,46367;2025-03-25 06:40:00.0;0,00
CASCAVEL;410480805A;PR;Centro;-24,99532;-53,46367;2025-03-25 07:40:00.0;0,00
CASCAVEL;410480805A;PR;Centro;-24,99532;-53,46367;2025-03-25 08:40:00.0;0,00
CASCAVEL;410480805A;PR;Centro;-24,99532;-53,46367;2025-03-25 09:40:00.0;0,00
CASCAVEL;410480805A;PR;Centro;-24,99532;-53,46367;2025-03-25 10:40:00.0;0,00
CASCAVEL;410480805A;PR;Centro;-24,99532;-53,46367;2025-03-25 11:40:00.0;0,00
CASCAVEL;410480805A;PR;Centro;-24,99532;-53,46367;2025-03-25 12:40:00.0;0,00
CASCAVEL;410480805A;PR;Centro;-24,99532;-53,46367;2025-03-25 13:40:00.0;0,00
CASCAVEL;410480805A;PR;Centro;-24,99532;-53,46367;2025-03-25 14:40:00.0;0,00
CASCAVEL;410480805A;PR;Centro;-24,99532;-53,46367;2025-03-25 15:40:00.0;0,00
CASCAVEL;410480805A;PR;Centro;-24,99532;-53,46367;2025-03-25 16:40:00.0;0,00
CASCAVEL;410480805A;PR;Centro;-24,99532;-53,46367;2025-03-25 17:40:00.0;0,00
CASCAVEL;410480805A;PR;Centro;-24,99532;-53,46367;2025-03-25 18:40:00.0;0,00
CASCAVEL;410480805A;PR;Centro;-24,99532;-53,46367;2025-03-25 19:40:00.0;0,00
CASCAVEL;410480805A;PR;Centro;-24,99532;-53,46367;2025-03-25 20:40:00.0;0,00
CASCAVEL;410480805A;PR;Centro;-24,99532;-53,46367;2025-03-25 21:10:00.0;0,60
CASCAVEL;410480805A;PR;Centro;-24,99532;-53,46367;2025-03-25 21:20:00.0;0,40
CASCAVEL;410480805A;PR;Centro;-24,99532;-53,46367;2025-03-25 21:30:00.0;0,60
CASCAVEL;410480805A;PR;Centro;-24,99532;-53,46367;2025-03-25 21:40:00.0;0,20
CASCAVEL;410480805A;PR;Centro;-24,99532;-53,46367;2025-03-25 22:00:00.0;0,20
CASCAVEL;410480805A;PR;Centro;-24,99532;-53,46367;2025-03-25 22:10:00.0;0,20
CASCAVEL;410480805A;PR;Centro;-24,99532;-53,46367;2025-03-25 22:20:00.0;0,60
CASCAVEL;410480805A;PR;Centro;-24,99532;-53,46367;2025-03-25 22:30:00.0;0,80
CASCAVEL;410480805A;PR;Centro;-24,99532;-53,46367;2025-03-25 22:40:00.0;0,00
CASCAVEL;410480805A;PR;Centro;-24,99532;-53,46367;2025-03-25 23:40:00.0;0,00
CASCAVEL;410480805A;PR;Centro;-24,99532;-53,46367;2025-03-26 00:40:00.0;0,00
CASCAVEL;410480805A;PR;Centro;-24,99532;-53,46367;2025-03-26 01:40:00.0;0,00
CASCAVEL;410480805A;PR;Centro;-24,99532;-53,46367;2025-03-26 02:40:00.0;0,00
CASCAVEL;410480805A;PR;Centro;-24,99532;-53,46367;2025-03-26 03:40:00.0;0,00
CASCAVEL;410480805A;PR;Centro;-24,99532;-53,46367;2025-03-26 04:40:00.0;0,00
CASCAVEL;410480805A;PR;Centro;-24,99532;-53,46367;2025-03-26 05:40:00.0;0,00
CASCAVEL;410480805A;PR;Centro;-24,99532;-53,46367;2025-03-26 06:40:00.0;0,00
CASCAVEL;410480805A;PR;Centro;-24,99532;-53,46367;2025-03-26 07:40:00.0;0,00
CASCAVEL;410480805A;PR;Centro;-24,99532;-53,46367;2025-03-26 08:30:00.0;0,20
CASCAVEL;410480805A;PR;Centro;-24,99532;-53,46367;2025-03-26 08:40:00.0;0,00
CASCAVEL;410480805A;PR;Centro;-24,99532;-53,46367;2025-03-26 09:40:00.0;0,00
CASCAVEL;410480805A;PR;Centro;-24,99532;-53,46367;2025-03-26 10:40:00.0;0,00
CASCAVEL;410480805A;PR;Centro;-24,99532;-53,46367;2025-03-26 11:40:00.0;0,00
CASCAVEL;410480805A;PR;Centro;-24,99532;-53,46367;2025-03-26 12:40:00.0;0,00
CASCAVEL;410480805A;PR;Centro;-24,99532;-53,46367;2025-03-26 13:40:00.0;0,00
CASCAVEL;410480805A;PR;Centro;-24,99532;-53,46367;2025-03-26 14:40:00.0;0,00
CASCAVEL;410480805A;PR;Centro;-24,99532;-53,46367;2025-03-26 15:40:00.0;0,20
CASCAVEL;410480805A;PR;Centro;-24,99532;-53,46367;2025-03-26 16:40:00.0;0,00
CASCAVEL;410480805A;PR;Centro;-24,99532;-53,46367;2025-03-26 17:40:00.0;0,00
CASCAVEL;410480805A;PR;Centro;-24,99532;-53,46367;2025-03-26 18:40:00.0;0,00
CASCAVEL;410480805A;PR;Centro;-24,99532;-53,46367;2025-03-26 19:40:00.0;0,00
CASCAVEL;410480805A;PR;Centro;-24,99532;-53,46367;2025-03-26 20:40:00.0;0,00
CASCAVEL;410480805A;PR;Centro;-24,99532;-53,46367;2025-03-26 21:40:00.0;0,00
CASCAVEL;410480805A;PR;Centro;-24,99532;-53,46367;2025-03-26 22:40:00.0;0,00
CASCAVEL;410480805A;PR;Centro;-24,99532;-53,46367;2025-03-26 23:40:00.0;0,00
CASCAVEL;410480805A;PR;Centro;-24,99532;-53,46367;2025-03-27 00:40:00.0;0,00
CASCAVEL;410480805A;PR;Centro;-24,99532;-53,46367;2025-03-27 01:40:00.0;0,00
CASCAVEL;410480805A;PR;Centro;-24,99532;-53,46367;2025-03-27 02:40:00.0;0,00
CASCAVEL;410480805A;PR;Centro;-24,99532;-53,46367;2025-03-27 03:40:00.0;0,00
CASCAVEL;410480805A;PR;Centro;-24,99532;-53,46367;2025-03-27 04:40:00.0;0,00
CASCAVEL;410480805A;PR;Centro;-24,99532;-53,46367;2025-03-27 05:40:00.0;0,00
CASCAVEL;410480805A;PR;Centro;-24,99532;-53,46367;2025-03-27 06:40:00.0;0,00
CASCAVEL;410480805A;PR;Centro;-24,99532;-53,46367;2025-03-27 07:40:00.0;0,00
CASCAVEL;410480805A;PR;Centro;-24,99532;-53,46367;2025-03-27 08:40:00.0;0,00
CASCAVEL;410480805A;PR;Centro;-24,99532;-53,46367;2025-03-27 09:40:00.0;0,00
CASCAVEL;410480805A;PR;Centro;-24,99532;-53,46367;2025-03-27 10:40:00.0;0,00
CASCAVEL;410480805A;PR;Centro;-24,99532;-53,46367;2025-03-27 11:40:00.0;0,00
CASCAVEL;410480805A;PR;Centro;-24,99532;-53,46367;2025-03-27 12:40:00.0;0,00
CASCAVEL;410480805A;PR;Centro;-24,99532;-53,46367;2025-03-27 13:40:00.0;0,00
CASCAVEL;410480805A;PR;Centro;-24,99532;-53,46367;2025-03-27 14:40:00.0;0,00
CASCAVEL;410480805A;PR;Centro;-24,99532;-53,46367;2025-03-27 15:40:00.0;0,00
CASCAVEL;410480805A;PR;Centro;-24,99532;-53,46367;2025-03-27 16:40:00.0;0,00
CASCAVEL;410480805A;PR;Centro;-24,99532;-53,46367;2025-03-27 17:40:00.0;0,00
CASCAVEL;410480805A;PR;Centro;-24,99532;-53,46367;2025-03-27 18:40:00.0;0,00
CASCAVEL;410480805A;PR;Centro;-24,99532;-53,46367;2025-03-27 19:40:00.0;0,00
CASCAVEL;410480805A;PR;Centro;-24,99532;-53,46367;2025-03-27 20:40:00.0;0,00
CASCAVEL;410480805A;PR;Centro;-24,99532;-53,46367;2025-03-27 21:40:00.0;0,00
CASCAVEL;410480805A;PR;Centro;-24,99532;-53,46367;2025-03-27 22:40:00.0;0,00
CASCAVEL;410480805A;PR;Centro;-24,99532;-53,46367;2025-03-27 23:40:00.0;0,00
CASCAVEL;410480805A;PR;Centro;-24,99532;-53,46367;2025-03-28 00:40:00.0;0,00
CASCAVEL;410480805A;PR;Centro;-24,99532;-53,46367;2025-03-28 01:40:00.0;0,00
CASCAVEL;410480805A;PR;Centro;-24,99532;-53,46367;2025-03-28 02:10:00.0;0,20
CASCAVEL;410480805A;PR;Centro;-24,99532;-53,46367;2025-03-28 02:20:00.0;0,40
CASCAVEL;410480805A;PR;Centro;-24,99532;-53,46367;2025-03-28 02:30:00.0;0,40
CASCAVEL;410480805A;PR;Centro;-24,99532;-53,46367;2025-03-28 02:40:00.0;0,20
CASCAVEL;410480805A;PR;Centro;-24,99532;-53,46367;2025-03-28 02:50:00.0;0,80
CASCAVEL;410480805A;PR;Centro;-24,99532;-53,46367;2025-03-28 03:00:00.0;2,00
CASCAVEL;410480805A;PR;Centro;-24,99532;-53,46367;2025-03-28 03:10:00.0;1,00
CASCAVEL;410480805A;PR;Centro;-24,99532;-53,46367;2025-03-28 03:30:00.0;0,40
CASCAVEL;410480805A;PR;Centro;-24,99532;-53,46367;2025-03-28 03:40:00.0;0,00
CASCAVEL;410480805A;PR;Centro;-24,99532;-53,46367;2025-03-28 03:50:00.0;0,20
CASCAVEL;410480805A;PR;Centro;-24,99532;-53,46367;2025-03-28 04:40:00.0;0,00
CASCAVEL;410480805A;PR;Centro;-24,99532;-53,46367;2025-03-28 05:00:00.0;0,20
CASCAVEL;410480805A;PR;Centro;-24,99532;-53,46367;2025-03-28 05:20:00.0;1,00
CASCAVEL;410480805A;PR;Centro;-24,99532;-53,46367;2025-03-28 05:30:00.0;0,20
CASCAVEL;410480805A;PR;Centro;-24,99532;-53,46367;2025-03-28 05:40:00.0;0,40
CASCAVEL;410480805A;PR;Centro;-24,99532;-53,46367;2025-03-28 05:50:00.0;0,20
CASCAVEL;410480805A;PR;Centro;-24,99532;-53,46367;2025-03-28 06:40:00.0;0,00
CASCAVEL;410480805A;PR;Centro;-24,99532;-53,46367;2025-03-28 07:40:00.0;0,00
CASCAVEL;410480805A;PR;Centro;-24,99532;-53,46367;2025-03-28 08:40:00.0;0,00
CASCAVEL;410480805A;PR;Centro;-24,99532;-53,46367;2025-03-28 09:40:00.0;0,20
CASCAVEL;410480805A;PR;Centro;-24,99532;-53,46367;2025-03-28 10:40:00.0;0,00
CASCAVEL;410480805A;PR;Centro;-24,99532;-53,46367;2025-03-28 11:10:00.0;0,20
CASCAVEL;410480805A;PR;Centro;-24,99532;-53,46367;2025-03-28 11:40:00.0;0,00
CASCAVEL;410480805A;PR;Centro;-24,99532;-53,46367;2025-03-28 12:40:00.0;0,00
CASCAVEL;410480805A;PR;Centro;-24,99532;-53,46367;2025-03-28 13:40:00.0;0,00
CASCAVEL;410480805A;PR;Centro;-24,99532;-53,46367;2025-03-28 14:40:00.0;0,00
CASCAVEL;410480805A;PR;Centro;-24,99532;-53,46367;2025-03-28 15:40:00.0;0,00
CASCAVEL;410480805A;PR;Centro;-24,99532;-53,46367;2025-03-28 16:40:00.0;0,00
CASCAVEL;410480805A;PR;Centro;-24,99532;-53,46367;2025-03-28 17:40:00.0;0,00
CASCAVEL;410480805A;PR;Centro;-24,99532;-53,46367;2025-03-28 18:40:00.0;0,00
CASCAVEL;410480805A;PR;Centro;-24,99532;-53,46367;2025-03-28 19:40:00.0;0,00
CASCAVEL;410480805A;PR;Centro;-24,99532;-53,46367;2025-03-28 20:40:00.0;0,00
CASCAVEL;410480805A;PR;Centro;-24,99532;-53,46367;2025-03-28 21:40:00.0;0,00
CASCAVEL;410480805A;PR;Centro;-24,99532;-53,46367;2025-03-28 22:40:00.0;0,00
CASCAVEL;410480805A;PR;Centro;-24,99532;-53,46367;2025-03-28 23:40:00.0;0,00
CASCAVEL;410480805A;PR;Centro;-24,99532;-53,46367;2025-03-29 00:40:00.0;0,00
CASCAVEL;410480805A;PR;Centro;-24,99532;-53,46367;2025-03-29 01:40:00.0;0,00
CASCAVEL;410480805A;PR;Centro;-24,99532;-53,46367;2025-03-29 02:40:00.0;0,00
CASCAVEL;410480805A;PR;Centro;-24,99532;-53,46367;2025-03-29 03:40:00.0;0,00
CASCAVEL;410480805A;PR;Centro;-24,99532;-53,46367;2025-03-29 04:40:00.0;0,00
CASCAVEL;410480805A;PR;Centro;-24,99532;-53,46367;2025-03-29 05:30:00.0;0,20
CASCAVEL;410480805A;PR;Centro;-24,99532;-53,46367;2025-03-29 05:40:00.0;0,00
CASCAVEL;410480805A;PR;Centro;-24,99532;-53,46367;2025-03-29 06:20:00.0;0,20
CASCAVEL;410480805A;PR;Centro;-24,99532;-53,46367;2025-03-29 06:30:00.0;0,60
CASCAVEL;410480805A;PR;Centro;-24,99532;-53,46367;2025-03-29 06:40:00.0;0,20
CASCAVEL;410480805A;PR;Centro;-24,99532;-53,46367;2025-03-29 06:50:00.0;0,20
CASCAVEL;410480805A;PR;Centro;-24,99532;-53,46367;2025-03-29 07:40:00.0;0,00
CASCAVEL;410480805A;PR;Centro;-24,99532;-53,46367;2025-03-29 08:20:00.0;0,20
CASCAVEL;410480805A;PR;Centro;-24,99532;-53,46367;2025-03-29 08:40:00.0;0,00
CASCAVEL;410480805A;PR;Centro;-24,99532;-53,46367;2025-03-29 09:40:00.0;0,00
CASCAVEL;410480805A;PR;Centro;-24,99532;-53,46367;2025-03-29 10:40:00.0;0,00
CASCAVEL;410480805A;PR;Centro;-24,99532;-53,46367;2025-03-29 11:40:00.0;0,00
CASCAVEL;410480805A;PR;Centro;-24,99532;-53,46367;2025-03-29 12:30:00.0;0,20
CASCAVEL;410480805A;PR;Centro;-24,99532;-53,46367;2025-03-29 12:40:00.0;0,00
CASCAVEL;410480805A;PR;Centro;-24,99532;-53,46367;2025-03-29 13:40:00.0;0,00
CASCAVEL;410480805A;PR;Centro;-24,99532;-53,46367;2025-03-29 14:40:00.0;0,00
CASCAVEL;410480805A;PR;Centro;-24,99532;-53,46367;2025-03-29 15:40:00.0;0,00
CASCAVEL;410480805A;PR;Centro;-24,99532;-53,46367;2025-03-29 16:40:00.0;0,00
CASCAVEL;410480805A;PR;Centro;-24,99532;-53,46367;2025-03-29 17:40:00.0;0,00
CASCAVEL;410480805A;PR;Centro;-24,99532;-53,46367;2025-03-29 18:10:00.0;0,20
CASCAVEL;410480805A;PR;Centro;-24,99532;-53,46367;2025-03-29 18:40:00.0;0,00
CASCAVEL;410480805A;PR;Centro;-24,99532;-53,46367;2025-03-29 19:40:00.0;0,00
CASCAVEL;410480805A;PR;Centro;-24,99532;-53,46367;2025-03-29 20:40:00.0;0,00
CASCAVEL;410480805A;PR;Centro;-24,99532;-53,46367;2025-03-29 21:30:00.0;7,40
CASCAVEL;410480805A;PR;Centro;-24,99532;-53,46367;2025-03-29 21:40:00.0;4,20
CASCAVEL;410480805A;PR;Centro;-24,99532;-53,46367;2025-03-29 21:50:00.0;2,00
CASCAVEL;410480805A;PR;Centro;-24,99532;-53,46367;2025-03-29 22:40:00.0;0,00
CASCAVEL;410480805A;PR;Centro;-24,99532;-53,46367;2025-03-29 23:40:00.0;0,00
CASCAVEL;410480805A;PR;Centro;-24,99532;-53,46367;2025-03-30 00:40:00.0;0,00
CASCAVEL;410480805A;PR;Centro;-24,99532;-53,46367;2025-03-30 01:40:00.0;0,00
CASCAVEL;410480805A;PR;Centro;-24,99532;-53,46367;2025-03-30 02:40:00.0;0,00
CASCAVEL;410480805A;PR;Centro;-24,99532;-53,46367;2025-03-30 03:40:00.0;0,00
CASCAVEL;410480805A;PR;Centro;-24,99532;-53,46367;2025-03-30 04:40:00.0;0,00
CASCAVEL;410480805A;PR;Centro;-24,99532;-53,46367;2025-03-30 05:40:00.0;0,00
CASCAVEL;410480805A;PR;Centro;-24,99532;-53,46367;2025-03-30 06:40:00.0;0,00
CASCAVEL;410480805A;PR;Centro;-24,99532;-53,46367;2025-03-30 07:40:00.0;0,00
CASCAVEL;410480805A;PR;Centro;-24,99532;-53,46367;2025-03-30 08:40:00.0;0,00
CASCAVEL;410480805A;PR;Centro;-24,99532;-53,46367;2025-03-30 09:40:00.0;0,00
CASCAVEL;410480805A;PR;Centro;-24,99532;-53,46367;2025-03-30 10:40:00.0;0,00
CASCAVEL;410480805A;PR;Centro;-24,99532;-53,46367;2025-03-30 11:40:00.0;0,00
CASCAVEL;410480805A;PR;Centro;-24,99532;-53,46367;2025-03-30 12:40:00.0;0,00
CASCAVEL;410480805A;PR;Centro;-24,99532;-53,46367;2025-03-30 13:10:00.0;0,20
CASCAVEL;410480805A;PR;Centro;-24,99532;-53,46367;2025-03-30 13:40:00.0;0,00
CASCAVEL;410480805A;PR;Centro;-24,99532;-53,46367;2025-03-30 14:40:00.0;0,00
CASCAVEL;410480805A;PR;Centro;-24,99532;-53,46367;2025-03-30 15:40:00.0;0,00
CASCAVEL;410480805A;PR;Centro;-24,99532;-53,46367;2025-03-30 16:40:00.0;0,00
CASCAVEL;410480805A;PR;Centro;-24,99532;-53,46367;2025-03-30 17:40:00.0;0,00
CASCAVEL;410480805A;PR;Centro;-24,99532;-53,46367;2025-03-30 18:40:00.0;0,00
CASCAVEL;410480805A;PR;Centro;-24,99532;-53,46367;2025-03-30 19:40:00.0;0,00
CASCAVEL;410480805A;PR;Centro;-24,99532;-53,46367;2025-03-30 20:40:00.0;0,00
CASCAVEL;410480805A;PR;Centro;-24,99532;-53,46367;2025-03-30 21:40:00.0;0,00
CASCAVEL;410480805A;PR;Centro;-24,99532;-53,46367;2025-03-30 22:40:00.0;0,00
CASCAVEL;410480805A;PR;Centro;-24,99532;-53,46367;2025-03-30 23:40:00.0;0,00
CASCAVEL;410480805A;PR;Centro;-24,99532;-53,46367;2025-03-31 00:40:00.0;0,00
CASCAVEL;410480805A;PR;Centro;-24,99532;-53,46367;2025-03-31 01:40:00.0;0,00
CASCAVEL;410480805A;PR;Centro;-24,99532;-53,46367;2025-03-31 02:40:00.0;0,00
CASCAVEL;410480805A;PR;Centro;-24,99532;-53,46367;2025-03-31 03:40:00.0;0,00
CASCAVEL;410480805A;PR;Centro;-24,99532;-53,46367;2025-03-31 04:40:00.0;0,00
CASCAVEL;410480805A;PR;Centro;-24,99532;-53,46367;2025-03-31 05:40:00.0;0,00
CASCAVEL;410480805A;PR;Centro;-24,99532;-53,46367;2025-03-31 06:40:00.0;0,00
CASCAVEL;410480805A;PR;Centro;-24,99532;-53,46367;2025-03-31 07:40:00.0;0,00
CASCAVEL;410480805A;PR;Centro;-24,99532;-53,46367;2025-03-31 08:40:00.0;0,00
CASCAVEL;410480805A;PR;Centro;-24,99532;-53,46367;2025-03-31 09:40:00.0;0,00
CASCAVEL;410480805A;PR;Centro;-24,99532;-53,46367;2025-03-31 10:40:00.0;0,00
CASCAVEL;410480805A;PR;Centro;-24,99532;-53,46367;2025-03-31 11:40:00.0;0,00
CASCAVEL;410480805A;PR;Centro;-24,99532;-53,46367;2025-03-31 12:40:00.0;0,00
CASCAVEL;410480805A;PR;Centro;-24,99532;-53,46367;2025-03-31 13:50:00.0;0,00
CASCAVEL;410480805A;PR;Centro;-24,99532;-53,46367;2025-03-31 14:40:00.0;0,00
CASCAVEL;410480805A;PR;Centro;-24,99532;-53,46367;2025-03-31 15:40:00.0;0,00
CASCAVEL;410480805A;PR;Centro;-24,99532;-53,46367;2025-03-31 16:40:00.0;0,00
CASCAVEL;410480805A;PR;Centro;-24,99532;-53,46367;2025-03-31 17:40:00.0;0,00
CASCAVEL;410480805A;PR;Centro;-24,99532;-53,46367;2025-03-31 18:40:00.0;0,00
CASCAVEL;410480805A;PR;Centro;-24,99532;-53,46367;2025-03-31 19:40:00.0;0,00
CASCAVEL;410480805A;PR;Centro;-24,99532;-53,46367;2025-03-31 20:40:00.0;0,00
CASCAVEL;410480805A;PR;Centro;-24,99532;-53,46367;2025-03-31 21:40:00.0;0,00
CASCAVEL;410480805A;PR;Centro;-24,99532;-53,46367;2025-03-31 22:40:00.0;1,20
CASCAVEL;410480805A;PR;Centro;-24,99532;-53,46367;2025-03-31 22:50:00.0;1,60
CASCAVEL;410480805A;PR;Centro;-24,99532;-53,46367;2025-03-31 23:00:00.0;1,80
CASCAVEL;410480805A;PR;Centro;-24,99532;-53,46367;2025-03-31 23:10:00.0;0,40
CASCAVEL;410480805A;PR;Centro;-24,99532;-53,46367;2025-03-31 23:40:00.0;0,00
CASCAVEL;410480806A;PR;Tarumã;-24,92027;-53,43528;2025-03-12 15:30:00.0;0,00
CASCAVEL;410480806A;PR;Tarumã;-24,92027;-53,43528;2025-03-12 15:40:00.0;0,80
CASCAVEL;410480806A;PR;Tarumã;-24,92027;-53,43528;2025-03-12 15:50:00.0;1,40
CASCAVEL;410480806A;PR;Tarumã;-24,92027;-53,43528;2025-03-12 16:00:00.0;2,80
CASCAVEL;410480806A;PR;Tarumã;-24,92027;-53,43528;2025-03-12 16:50:00.0;0,00
CASCAVEL;410480806A;PR;Tarumã;-24,92027;-53,43528;2025-03-12 17:50:00.0;0,00
CASCAVEL;410480806A;PR;Tarumã;-24,92027;-53,43528;2025-03-12 18:50:00.0;0,00
CASCAVEL;410480806A;PR;Tarumã;-24,92027;-53,43528;2025-03-12 19:50:00.0;0,00
CASCAVEL;410480806A;PR;Tarumã;-24,92027;-53,43528;2025-03-12 20:50:00.0;0,00
CASCAVEL;410480806A;PR;Tarumã;-24,92027;-53,43528;2025-03-12 21:00:00.0;2,20
CASCAVEL;410480806A;PR;Tarumã;-24,92027;-53,43528;2025-03-12 21:10:00.0;3,00
CASCAVEL;410480806A;PR;Tarumã;-24,92027;-53,43528;2025-03-12 21:20:00.0;0,20
CASCAVEL;410480806A;PR;Tarumã;-24,92027;-53,43528;2025-03-12 21:50:00.0;0,00
CASCAVEL;410480806A;PR;Tarumã;-24,92027;-53,43528;2025-03-12 22:50:00.0;0,00
CASCAVEL;410480806A;PR;Tarumã;-24,92027;-53,43528;2025-03-12 23:00:00.0;0,20
CASCAVEL;410480806A;PR;Tarumã;-24,92027;-53,43528;2025-03-12 23:50:00.0;0,00
CASCAVEL;410480806A;PR;Tarumã;-24,92027;-53,43528;2025-03-13 00:50:00.0;0,00
CASCAVEL;410480806A;PR;Tarumã;-24,92027;-53,43528;2025-03-13 01:50:00.0;0,00
CASCAVEL;410480806A;PR;Tarumã;-24,92027;-53,43528;2025-03-13 02:50:00.0;0,00
CASCAVEL;410480806A;PR;Tarumã;-24,92027;-53,43528;2025-03-13 03:50:00.0;0,00
CASCAVEL;410480806A;PR;Tarumã;-24,92027;-53,43528;2025-03-13 04:50:00.0;0,00
CASCAVEL;410480806A;PR;Tarumã;-24,92027;-53,43528;2025-03-13 05:50:00.0;0,00
CASCAVEL;410480806A;PR;Tarumã;-24,92027;-53,43528;2025-03-13 06:50:00.0;0,00
CASCAVEL;410480806A;PR;Tarumã;-24,92027;-53,43528;2025-03-13 07:50:00.0;0,00
CASCAVEL;410480806A;PR;Tarumã;-24,92027;-53,43528;2025-03-13 08:50:00.0;0,00
CASCAVEL;410480806A;PR;Tarumã;-24,92027;-53,43528;2025-03-13 09:50:00.0;0,00
CASCAVEL;410480806A;PR;Tarumã;-24,92027;-53,43528;2025-03-13 10:50:00.0;0,00
CASCAVEL;410480806A;PR;Tarumã;-24,92027;-53,43528;2025-03-13 11:50:00.0;0,00
CASCAVEL;410480806A;PR;Tarumã;-24,92027;-53,43528;2025-03-13 12:50:00.0;0,00
CASCAVEL;410480806A;PR;Tarumã;-24,92027;-53,43528;2025-03-13 13:50:00.0;0,00
CASCAVEL;410480806A;PR;Tarumã;-24,92027;-53,43528;2025-03-13 14:50:00.0;0,00
CASCAVEL;410480806A;PR;Tarumã;-24,92027;-53,43528;2025-03-13 15:40:00.0;0,60
CASCAVEL;410480806A;PR;Tarumã;-24,92027;-53,43528;2025-03-13 15:50:00.0;0,40
CASCAVEL;410480806A;PR;Tarumã;-24,92027;-53,43528;2025-03-13 16:00:00.0;0,80
CASCAVEL;410480806A;PR;Tarumã;-24,92027;-53,43528;2025-03-13 17:40:00.0;1,00
CASCAVEL;410480806A;PR;Tarumã;-24,92027;-53,43528;2025-03-13 17:50:00.0;0,20
CASCAVEL;410480806A;PR;Tarumã;-24,92027;-53,43528;2025-03-13 18:50:00.0;0,00
CASCAVEL;410480806A;PR;Tarumã;-24,92027;-53,43528;2025-03-13 19:50:00.0;0,00
CASCAVEL;410480806A;PR;Tarumã;-24,92027;-53,43528;2025-03-13 20:30:00.0;0,20
CASCAVEL;410480806A;PR;Tarumã;-24,92027;-53,43528;2025-03-13 21:50:00.0;0,00
CASCAVEL;410480806A;PR;Tarumã;-24,92027;-53,43528;2025-03-13 22:50:00.0;0,00
CASCAVEL;410480806A;PR;Tarumã;-24,92027;-53,43528;2025-03-13 23:50:00.0;0,00
CASCAVEL;410480806A;PR;Tarumã;-24,92027;-53,43528;2025-03-14 00:50:00.0;0,00
CASCAVEL;410480806A;PR;Tarumã;-24,92027;-53,43528;2025-03-14 01:50:00.0;0,00
CASCAVEL;410480806A;PR;Tarumã;-24,92027;-53,43528;2025-03-14 02:50:00.0;0,00
CASCAVEL;410480806A;PR;Tarumã;-24,92027;-53,43528;2025-03-14 03:50:00.0;0,00
CASCAVEL;410480806A;PR;Tarumã;-24,92027;-53,43528;2025-03-14 04:50:00.0;0,00
CASCAVEL;410480806A;PR;Tarumã;-24,92027;-53,43528;2025-03-14 05:50:00.0;0,00
CASCAVEL;410480806A;PR;Tarumã;-24,92027;-53,43528;2025-03-14 06:50:00.0;0,00
CASCAVEL;410480806A;PR;Tarumã;-24,92027;-53,43528;2025-03-14 07:50:00.0;0,00
CASCAVEL;410480806A;PR;Tarumã;-24,92027;-53,43528;2025-03-14 08:50:00.0;0,00
CASCAVEL;410480806A;PR;Tarumã;-24,92027;-53,43528;2025-03-14 09:50:00.0;0,00
CASCAVEL;410480806A;PR;Tarumã;-24,92027;-53,43528;2025-03-14 10:50:00.0;0,00
CASCAVEL;410480806A;PR;Tarumã;-24,92027;-53,43528;2025-03-14 11:50:00.0;0,00
CASCAVEL;410480806A;PR;Tarumã;-24,92027;-53,43528;2025-03-14 12:50:00.0;0,00
CASCAVEL;410480806A;PR;Tarumã;-24,92027;-53,43528;2025-03-14 13:50:00.0;0,00
CASCAVEL;410480806A;PR;Tarumã;-24,92027;-53,43528;2025-03-14 14:50:00.0;0,00
CASCAVEL;410480806A;PR;Tarumã;-24,92027;-53,43528;2025-03-14 15:50:00.0;0,00
CASCAVEL;410480806A;PR;Tarumã;-24,92027;-53,43528;2025-03-14 16:50:00.0;0,00
CASCAVEL;410480806A;PR;Tarumã;-24,92027;-53,43528;2025-03-14 17:50:00.0;0,00
CASCAVEL;410480806A;PR;Tarumã;-24,92027;-53,43528;2025-03-14 18:50:00.0;0,00
CASCAVEL;410480806A;PR;Tarumã;-24,92027;-53,43528;2025-03-14 19:50:00.0;0,00
CASCAVEL;410480806A;PR;Tarumã;-24,92027;-53,43528;2025-03-14 20:50:00.0;0,00
CASCAVEL;410480806A;PR;Tarumã;-24,92027;-53,43528;2025-03-14 21:50:00.0;0,00
CASCAVEL;410480806A;PR;Tarumã;-24,92027;-53,43528;2025-03-14 22:50:00.0;0,00
CASCAVEL;410480806A;PR;Tarumã;-24,92027;-53,43528;2025-03-14 23:50:00.0;0,00
CASCAVEL;410480806A;PR;Tarumã;-24,92027;-53,43528;2025-03-15 00:50:00.0;0,00
CASCAVEL;410480806A;PR;Tarumã;-24,92027;-53,43528;2025-03-15 01:50:00.0;0,00
CASCAVEL;410480806A;PR;Tarumã;-24,92027;-53,43528;2025-03-15 02:50:00.0;0,00
CASCAVEL;410480806A;PR;Tarumã;-24,92027;-53,43528;2025-03-15 03:50:00.0;0,00
CASCAVEL;410480806A;PR;Tarumã;-24,92027;-53,43528;2025-03-15 04:50:00.0;0,00
CASCAVEL;410480806A;PR;Tarumã;-24,92027;-53,43528;2025-03-15 05:50:00.0;0,00
CASCAVEL;410480806A;PR;Tarumã;-24,92027;-53,43528;2025-03-15 06:50:00.0;0,00
CASCAVEL;410480806A;PR;Tarumã;-24,92027;-53,43528;2025-03-15 07:50:00.0;0,00
CASCAVEL;410480806A;PR;Tarumã;-24,92027;-53,43528;2025-03-15 08:50:00.0;0,00
CASCAVEL;410480806A;PR;Tarumã;-24,92027;-53,43528;2025-03-15 09:50:00.0;0,00
CASCAVEL;410480806A;PR;Tarumã;-24,92027;-53,43528;2025-03-15 10:50:00.0;0,00
CASCAVEL;410480806A;PR;Tarumã;-24,92027;-53,43528;2025-03-15 11:50:00.0;0,00
CASCAVEL;410480806A;PR;Tarumã;-24,92027;-53,43528;2025-03-15 12:50:00.0;0,00
CASCAVEL;410480806A;PR;Tarumã;-24,92027;-53,43528;2025-03-15 13:50:00.0;0,00
CASCAVEL;410480806A;PR;Tarumã;-24,92027;-53,43528;2025-03-15 14:50:00.0;0,00
CASCAVEL;410480806A;PR;Tarumã;-24,92027;-53,43528;2025-03-15 15:50:00.0;0,00
CASCAVEL;410480806A;PR;Tarumã;-24,92027;-53,43528;2025-03-15 16:50:00.0;0,00
CASCAVEL;410480806A;PR;Tarumã;-24,92027;-53,43528;2025-03-15 17:10:00.0;1,40
CASCAVEL;410480806A;PR;Tarumã;-24,92027;-53,43528;2025-03-15 17:20:00.0;0,20
CASCAVEL;410480806A;PR;Tarumã;-24,92027;-53,43528;2025-03-15 17:30:00.0;0,20
CASCAVEL;410480806A;PR;Tarumã;-24,92027;-53,43528;2025-03-15 17:50:00.0;0,40
CASCAVEL;410480806A;PR;Tarumã;-24,92027;-53,43528;2025-03-15 18:50:00.0;0,00
CASCAVEL;410480806A;PR;Tarumã;-24,92027;-53,43528;2025-03-15 19:50:00.0;0,00
CASCAVEL;410480806A;PR;Tarumã;-24,92027;-53,43528;2025-03-15 20:50:00.0;0,00
CASCAVEL;410480806A;PR;Tarumã;-24,92027;-53,43528;2025-03-15 21:50:00.0;0,00
CASCAVEL;410480806A;PR;Tarumã;-24,92027;-53,43528;2025-03-15 22:50:00.0;0,00
CASCAVEL;410480806A;PR;Tarumã;-24,92027;-53,43528;2025-03-15 23:50:00.0;0,00
CASCAVEL;410480806A;PR;Tarumã;-24,92027;-53,43528;2025-03-16 00:50:00.0;0,00
CASCAVEL;410480806A;PR;Tarumã;-24,92027;-53,43528;2025-03-16 01:50:00.0;0,00
CASCAVEL;410480806A;PR;Tarumã;-24,92027;-53,43528;2025-03-16 02:50:00.0;0,00
CASCAVEL;410480806A;PR;Tarumã;-24,92027;-53,43528;2025-03-16 03:50:00.0;0,00
CASCAVEL;410480806A;PR;Tarumã;-24,92027;-53,43528;2025-03-16 04:50:00.0;0,00
CASCAVEL;410480806A;PR;Tarumã;-24,92027;-53,43528;2025-03-16 05:50:00.0;0,00
CASCAVEL;410480806A;PR;Tarumã;-24,92027;-53,43528;2025-03-16 06:50:00.0;0,00
CASCAVEL;410480806A;PR;Tarumã;-24,92027;-53,43528;2025-03-16 07:50:00.0;0,00
CASCAVEL;410480806A;PR;Tarumã;-24,92027;-53,43528;2025-03-16 08:50:00.0;0,00
CASCAVEL;410480806A;PR;Tarumã;-24,92027;-53,43528;2025-03-16 09:50:00.0;0,00
CASCAVEL;410480806A;PR;Tarumã;-24,92027;-53,43528;2025-03-16 10:50:00.0;0,00
CASCAVEL;410480806A;PR;Tarumã;-24,92027;-53,43528;2025-03-16 11:50:00.0;0,00
CASCAVEL;410480806A;PR;Tarumã;-24,92027;-53,43528;2025-03-16 12:50:00.0;0,00
CASCAVEL;410480806A;PR;Tarumã;-24,92027;-53,43528;2025-03-16 13:50:00.0;0,00
CASCAVEL;410480806A;PR;Tarumã;-24,92027;-53,43528;2025-03-16 14:50:00.0;0,00
CASCAVEL;410480806A;PR;Tarumã;-24,92027;-53,43528;2025-03-16 15:50:00.0;0,00
CASCAVEL;410480806A;PR;Tarumã;-24,92027;-53,43528;2025-03-16 16:50:00.0;0,00
CASCAVEL;410480806A;PR;Tarumã;-24,92027;-53,43528;2025-03-16 17:50:00.0;0,00
CASCAVEL;410480806A;PR;Tarumã;-24,92027;-53,43528;2025-03-16 18:50:00.0;0,00
CASCAVEL;410480806A;PR;Tarumã;-24,92027;-53,43528;2025-03-16 19:50:00.0;0,00
CASCAVEL;410480806A;PR;Tarumã;-24,92027;-53,43528;2025-03-16 20:50:00.0;0,00
CASCAVEL;410480806A;PR;Tarumã;-24,92027;-53,43528;2025-03-16 21:50:00.0;0,00
CASCAVEL;410480806A;PR;Tarumã;-24,92027;-53,43528;2025-03-16 22:50:00.0;0,00
CASCAVEL;410480806A;PR;Tarumã;-24,92027;-53,43528;2025-03-16 23:50:00.0;0,00
CASCAVEL;410480806A;PR;Tarumã;-24,92027;-53,43528;2025-03-17 00:50:00.0;0,00
CASCAVEL;410480806A;PR;Tarumã;-24,92027;-53,43528;2025-03-17 01:50:00.0;0,00
CASCAVEL;410480806A;PR;Tarumã;-24,92027;-53,43528;2025-03-17 02:50:00.0;0,00
CASCAVEL;410480806A;PR;Tarumã;-24,92027;-53,43528;2025-03-17 03:50:00.0;0,00
CASCAVEL;410480806A;PR;Tarumã;-24,92027;-53,43528;2025-03-17 04:50:00.0;0,00
CASCAVEL;410480806A;PR;Tarumã;-24,92027;-53,43528;2025-03-17 05:50:00.0;0,00
CASCAVEL;410480806A;PR;Tarumã;-24,92027;-53,43528;2025-03-17 06:50:00.0;0,00
CASCAVEL;410480806A;PR;Tarumã;-24,92027;-53,43528;2025-03-17 07:50:00.0;0,00
CASCAVEL;410480806A;PR;Tarumã;-24,92027;-53,43528;2025-03-17 08:50:00.0;0,00
CASCAVEL;410480806A;PR;Tarumã;-24,92027;-53,43528;2025-03-17 09:50:00.0;0,00
CASCAVEL;410480806A;PR;Tarumã;-24,92027;-53,43528;2025-03-17 10:50:00.0;0,00
CASCAVEL;410480806A;PR;Tarumã;-24,92027;-53,43528;2025-03-17 11:50:00.0;0,00
CASCAVEL;410480806A;PR;Tarumã;-24,92027;-53,43528;2025-03-17 12:50:00.0;0,00
CASCAVEL;410480806A;PR;Tarumã;-24,92027;-53,43528;2025-03-17 13:50:00.0;0,00
CASCAVEL;410480806A;PR;Tarumã;-24,92027;-53,43528;2025-03-17 14:50:00.0;0,00
CASCAVEL;410480806A;PR;Tarumã;-24,92027;-53,43528;2025-03-17 15:50:00.0;0,00
CASCAVEL;410480806A;PR;Tarumã;-24,92027;-53,43528;2025-03-17 16:50:00.0;0,00
CASCAVEL;410480806A;PR;Tarumã;-24,92027;-53,43528;2025-03-17 17:50:00.0;0,00
CASCAVEL;410480806A;PR;Tarumã;-24,92027;-53,43528;2025-03-17 18:50:00.0;0,00
CASCAVEL;410480806A;PR;Tarumã;-24,92027;-53,43528;2025-03-17 19:50:00.0;0,00
CASCAVEL;410480806A;PR;Tarumã;-24,92027;-53,43528;2025-03-17 20:50:00.0;0,00
CASCAVEL;410480806A;PR;Tarumã;-24,92027;-53,43528;2025-03-17 21:50:00.0;0,00
CASCAVEL;410480806A;PR;Tarumã;-24,92027;-53,43528;2025-03-17 22:50:00.0;0,00
CASCAVEL;410480806A;PR;Tarumã;-24,92027;-53,43528;2025-03-17 23:50:00.0;0,00
CASCAVEL;410480806A;PR;Tarumã;-24,92027;-53,43528;2025-03-18 00:50:00.0;0,00
CASCAVEL;410480806A;PR;Tarumã;-24,92027;-53,43528;2025-03-18 01:50:00.0;0,00
CASCAVEL;410480806A;PR;Tarumã;-24,92027;-53,43528;2025-03-18 02:50:00.0;0,00
CASCAVEL;410480806A;PR;Tarumã;-24,92027;-53,43528;2025-03-18 03:50:00.0;0,00
CASCAVEL;410480806A;PR;Tarumã;-24,92027;-53,43528;2025-03-18 04:50:00.0;0,00
CASCAVEL;410480806A;PR;Tarumã;-24,92027;-53,43528;2025-03-18 05:50:00.0;0,00
CASCAVEL;410480806A;PR;Tarumã;-24,92027;-53,43528;2025-03-18 06:50:00.0;0,00
CASCAVEL;410480806A;PR;Tarumã;-24,92027;-53,43528;2025-03-18 07:50:00.0;0,00
CASCAVEL;410480806A;PR;Tarumã;-24,92027;-53,43528;2025-03-18 08:50:00.0;0,00
CASCAVEL;410480806A;PR;Tarumã;-24,92027;-53,43528;2025-03-18 09:50:00.0;0,00
CASCAVEL;410480806A;PR;Tarumã;-24,92027;-53,43528;2025-03-18 10:50:00.0;0,00
CASCAVEL;410480806A;PR;Tarumã;-24,92027;-53,43528;2025-03-18 11:50:00.0;0,00
CASCAVEL;410480806A;PR;Tarumã;-24,92027;-53,43528;2025-03-18 12:50:00.0;0,00
CASCAVEL;410480806A;PR;Tarumã;-24,92027;-53,43528;2025-03-18 13:50:00.0;0,00
CASCAVEL;410480806A;PR;Tarumã;-24,92027;-53,43528;2025-03-18 14:50:00.0;0,00
CASCAVEL;410480806A;PR;Tarumã;-24,92027;-53,43528;2025-03-18 15:50:00.0;0,00
CASCAVEL;410480806A;PR;Tarumã;-24,92027;-53,43528;2025-03-18 16:50:00.0;0,00
CASCAVEL;410480806A;PR;Tarumã;-24,92027;-53,43528;2025-03-18 17:50:00.0;0,00
CASCAVEL;410480806A;PR;Tarumã;-24,92027;-53,43528;2025-03-18 18:50:00.0;0,00
CASCAVEL;410480806A;PR;Tarumã;-24,92027;-53,43528;2025-03-18 19:50:00.0;0,00
CASCAVEL;410480806A;PR;Tarumã;-24,92027;-53,43528;2025-03-18 20:50:00.0;0,00
CASCAVEL;410480806A;PR;Tarumã;-24,92027;-53,43528;2025-03-18 21:50:00.0;0,00
CASCAVEL;410480806A;PR;Tarumã;-24,92027;-53,43528;2025-03-18 22:50:00.0;0,00
CASCAVEL;410480806A;PR;Tarumã;-24,92027;-53,43528;2025-03-18 23:50:00.0;0,00
CASCAVEL;410480806A;PR;Tarumã;-24,92027;-53,43528;2025-03-19 00:50:00.0;0,00
CASCAVEL;410480806A;PR;Tarumã;-24,92027;-53,43528;2025-03-19 01:50:00.0;0,00
CASCAVEL;410480806A;PR;Tarumã;-24,92027;-53,43528;2025-03-19 02:50:00.0;0,00
CASCAVEL;410480806A;PR;Tarumã;-24,92027;-53,43528;2025-03-19 03:50:00.0;0,00
CASCAVEL;410480806A;PR;Tarumã;-24,92027;-53,43528;2025-03-19 04:50:00.0;0,00
CASCAVEL;410480806A;PR;Tarumã;-24,92027;-53,43528;2025-03-19 05:50:00.0;0,00
CASCAVEL;410480806A;PR;Tarumã;-24,92027;-53,43528;2025-03-19 06:50:00.0;0,00
CASCAVEL;410480806A;PR;Tarumã;-24,92027;-53,43528;2025-03-19 07:50:00.0;0,00
CASCAVEL;410480806A;PR;Tarumã;-24,92027;-53,43528;2025-03-19 08:50:00.0;0,00
CASCAVEL;410480806A;PR;Tarumã;-24,92027;-53,43528;2025-03-19 09:50:00.0;0,00
CASCAVEL;410480806A;PR;Tarumã;-24,92027;-53,43528;2025-03-19 10:50:00.0;0,00
CASCAVEL;410480806A;PR;Tarumã;-24,92027;-53,43528;2025-03-19 11:50:00.0;0,00
CASCAVEL;410480806A;PR;Tarumã;-24,92027;-53,43528;2025-03-19 12:50:00.0;0,00
CASCAVEL;410480806A;PR;Tarumã;-24,92027;-53,43528;2025-03-19 13:50:00.0;0,00
CASCAVEL;410480806A;PR;Tarumã;-24,92027;-53,43528;2025-03-19 14:50:00.0;0,00
CASCAVEL;410480806A;PR;Tarumã;-24,92027;-53,43528;2025-03-19 15:50:00.0;0,00
CASCAVEL;410480806A;PR;Tarumã;-24,92027;-53,43528;2025-03-19 16:50:00.0;0,00
CASCAVEL;410480806A;PR;Tarumã;-24,92027;-53,43528;2025-03-19 17:50:00.0;0,00
CASCAVEL;410480806A;PR;Tarumã;-24,92027;-53,43528;2025-03-19 18:50:00.0;0,00
CASCAVEL;410480806A;PR;Tarumã;-24,92027;-53,43528;2025-03-19 19:50:00.0;0,00
CASCAVEL;410480806A;PR;Tarumã;-24,92027;-53,43528;2025-03-19 20:50:00.0;0,00
CASCAVEL;410480806A;PR;Tarumã;-24,92027;-53,43528;2025-03-19 21:50:00.0;0,00
CASCAVEL;410480806A;PR;Tarumã;-24,92027;-53,43528;2025-03-19 22:50:00.0;0,00
CASCAVEL;410480806A;PR;Tarumã;-24,92027;-53,43528;2025-03-19 23:50:00.0;0,00
CASCAVEL;410480806A;PR;Tarumã;-24,92027;-53,43528;2025-03-20 00:50:00.0;0,00
CASCAVEL;410480806A;PR;Tarumã;-24,92027;-53,43528;2025-03-20 01:50:00.0;0,00
CASCAVEL;410480806A;PR;Tarumã;-24,92027;-53,43528;2025-03-20 02:50:00.0;0,00
CASCAVEL;410480806A;PR;Tarumã;-24,92027;-53,43528;2025-03-20 03:50:00.0;0,00
CASCAVEL;410480806A;PR;Tarumã;-24,92027;-53,43528;2025-03-20 04:50:00.0;0,00
CASCAVEL;410480806A;PR;Tarumã;-24,92027;-53,43528;2025-03-20 05:50:00.0;0,00
CASCAVEL;410480806A;PR;Tarumã;-24,92027;-53,43528;2025-03-20 06:50:00.0;0,00
CASCAVEL;410480806A;PR;Tarumã;-24,92027;-53,43528;2025-03-20 07:50:00.0;0,00
CASCAVEL;410480806A;PR;Tarumã;-24,92027;-53,43528;2025-03-20 08:50:00.0;0,00
CASCAVEL;410480806A;PR;Tarumã;-24,92027;-53,43528;2025-03-20 09:50:00.0;0,00
CASCAVEL;410480806A;PR;Tarumã;-24,92027;-53,43528;2025-03-20 10:50:00.0;0,00
CASCAVEL;410480806A;PR;Tarumã;-24,92027;-53,43528;2025-03-20 11:50:00.0;0,00
CASCAVEL;410480806A;PR;Tarumã;-24,92027;-53,43528;2025-03-20 12:50:00.0;0,00
CASCAVEL;410480806A;PR;Tarumã;-24,92027;-53,43528;2025-03-20 13:50:00.0;0,00
CASCAVEL;410480806A;PR;Tarumã;-24,92027;-53,43528;2025-03-20 14:50:00.0;0,00
CASCAVEL;410480806A;PR;Tarumã;-24,92027;-53,43528;2025-03-20 15:50:00.0;0,00
CASCAVEL;410480806A;PR;Tarumã;-24,92027;-53,43528;2025-03-20 16:50:00.0;0,00
CASCAVEL;410480806A;PR;Tarumã;-24,92027;-53,43528;2025-03-20 17:50:00.0;0,00
CASCAVEL;410480806A;PR;Tarumã;-24,92027;-53,43528;2025-03-20 18:50:00.0;0,00
CASCAVEL;410480806A;PR;Tarumã;-24,92027;-53,43528;2025-03-20 19:50:00.0;0,00
CASCAVEL;410480806A;PR;Tarumã;-24,92027;-53,43528;2025-03-20 20:50:00.0;0,00
CASCAVEL;410480806A;PR;Tarumã;-24,92027;-53,43528;2025-03-20 21:50:00.0;0,00
CASCAVEL;410480806A;PR;Tarumã;-24,92027;-53,43528;2025-03-20 22:50:00.0;0,00
CASCAVEL;410480806A;PR;Tarumã;-24,92027;-53,43528;2025-03-20 23:50:00.0;0,00
CASCAVEL;410480806A;PR;Tarumã;-24,92027;-53,43528;2025-03-21 00:50:00.0;0,00
CASCAVEL;410480806A;PR;Tarumã;-24,92027;-53,43528;2025-03-21 01:50:00.0;0,00
CASCAVEL;410480806A;PR;Tarumã;-24,92027;-53,43528;2025-03-21 02:50:00.0;0,00
CASCAVEL;410480806A;PR;Tarumã;-24,92027;-53,43528;2025-03-21 03:50:00.0;0,00
CASCAVEL;410480806A;PR;Tarumã;-24,92027;-53,43528;2025-03-21 04:50:00.0;0,00
CASCAVEL;410480806A;PR;Tarumã;-24,92027;-53,43528;2025-03-21 05:50:00.0;0,00
CASCAVEL;410480806A;PR;Tarumã;-24,92027;-53,43528;2025-03-21 06:50:00.0;0,00
CASCAVEL;410480806A;PR;Tarumã;-24,92027;-53,43528;2025-03-21 07:50:00.0;0,00
CASCAVEL;410480806A;PR;Tarumã;-24,92027;-53,43528;2025-03-21 08:50:00.0;0,00
CASCAVEL;410480806A;PR;Tarumã;-24,92027;-53,43528;2025-03-21 09:50:00.0;0,00
CASCAVEL;410480806A;PR;Tarumã;-24,92027;-53,43528;2025-03-21 10:50:00.0;0,00
CASCAVEL;410480806A;PR;Tarumã;-24,92027;-53,43528;2025-03-21 11:50:00.0;0,00
CASCAVEL;410480806A;PR;Tarumã;-24,92027;-53,43528;2025-03-21 12:50:00.0;0,00
CASCAVEL;410480806A;PR;Tarumã;-24,92027;-53,43528;2025-03-21 13:50:00.0;0,00
CASCAVEL;410480806A;PR;Tarumã;-24,92027;-53,43528;2025-03-21 14:50:00.0;0,00
CASCAVEL;410480806A;PR;Tarumã;-24,92027;-53,43528;2025-03-21 15:50:00.0;0,00
CASCAVEL;410480806A;PR;Tarumã;-24,92027;-53,43528;2025-03-21 16:50:00.0;0,00
CASCAVEL;410480806A;PR;Tarumã;-24,92027;-53,43528;2025-03-21 17:50:00.0;0,00
CASCAVEL;410480806A;PR;Tarumã;-24,92027;-53,43528;2025-03-21 18:50:00.0;0,00
CASCAVEL;410480806A;PR;Tarumã;-24,92027;-53,43528;2025-03-21 19:50:00.0;0,00
CASCAVEL;410480806A;PR;Tarumã;-24,92027;-53,43528;2025-03-21 20:50:00.0;0,00
CASCAVEL;410480806A;PR;Tarumã;-24,92027;-53,43528;2025-03-21 21:50:00.0;0,00
CASCAVEL;410480806A;PR;Tarumã;-24,92027;-53,43528;2025-03-21 22:50:00.0;0,00
CASCAVEL;410480806A;PR;Tarumã;-24,92027;-53,43528;2025-03-21 23:50:00.0;0,00
CASCAVEL;410480806A;PR;Tarumã;-24,92027;-53,43528;2025-03-22 00:50:00.0;0,00
CASCAVEL;410480806A;PR;Tarumã;-24,92027;-53,43528;2025-03-22 01:50:00.0;0,00
CASCAVEL;410480806A;PR;Tarumã;-24,92027;-53,43528;2025-03-22 02:50:00.0;0,00
CASCAVEL;410480806A;PR;Tarumã;-24,92027;-53,43528;2025-03-22 03:50:00.0;0,00
CASCAVEL;410480806A;PR;Tarumã;-24,92027;-53,43528;2025-03-22 04:50:00.0;0,00
CASCAVEL;410480806A;PR;Tarumã;-24,92027;-53,43528;2025-03-22 05:50:00.0;0,00
CASCAVEL;410480806A;PR;Tarumã;-24,92027;-53,43528;2025-03-22 06:50:00.0;0,00
CASCAVEL;410480806A;PR;Tarumã;-24,92027;-53,43528;2025-03-22 07:50:00.0;0,00
CASCAVEL;410480806A;PR;Tarumã;-24,92027;-53,43528;2025-03-22 08:50:00.0;0,00
CASCAVEL;410480806A;PR;Tarumã;-24,92027;-53,43528;2025-03-22 09:50:00.0;0,00
CASCAVEL;410480806A;PR;Tarumã;-24,92027;-53,43528;2025-03-22 10:50:00.0;0,00
CASCAVEL;410480806A;PR;Tarumã;-24,92027;-53,43528;2025-03-22 11:50:00.0;0,00
CASCAVEL;410480806A;PR;Tarumã;-24,92027;-53,43528;2025-03-22 12:50:00.0;0,00
CASCAVEL;410480806A;PR;Tarumã;-24,92027;-53,43528;2025-03-22 13:50:00.0;0,00
CASCAVEL;410480806A;PR;Tarumã;-24,92027;-53,43528;2025-03-22 14:50:00.0;0,00
CASCAVEL;410480806A;PR;Tarumã;-24,92027;-53,43528;2025-03-22 15:50:00.0;0,00
CASCAVEL;410480806A;PR;Tarumã;-24,92027;-53,43528;2025-03-22 16:50:00.0;0,00
CASCAVEL;410480806A;PR;Tarumã;-24,92027;-53,43528;2025-03-22 17:50:00.0;0,00
CASCAVEL;410480806A;PR;Tarumã;-24,92027;-53,43528;2025-03-22 18:50:00.0;0,00
CASCAVEL;410480806A;PR;Tarumã;-24,92027;-53,43528;2025-03-22 19:50:00.0;0,00
CASCAVEL;410480806A;PR;Tarumã;-24,92027;-53,43528;2025-03-22 20:50:00.0;0,00
CASCAVEL;410480806A;PR;Tarumã;-24,92027;-53,43528;2025-03-22 21:50:00.0;0,00
CASCAVEL;410480806A;PR;Tarumã;-24,92027;-53,43528;2025-03-22 22:50:00.0;0,00
CASCAVEL;410480806A;PR;Tarumã;-24,92027;-53,43528;2025-03-22 23:50:00.0;0,00
CASCAVEL;410480806A;PR;Tarumã;-24,92027;-53,43528;2025-03-23 00:50:00.0;0,00
CASCAVEL;410480806A;PR;Tarumã;-24,92027;-53,43528;2025-03-23 01:50:00.0;0,00
CASCAVEL;410480806A;PR;Tarumã;-24,92027;-53,43528;2025-03-23 02:50:00.0;0,00
CASCAVEL;410480806A;PR;Tarumã;-24,92027;-53,43528;2025-03-23 03:50:00.0;0,00
CASCAVEL;410480806A;PR;Tarumã;-24,92027;-53,43528;2025-03-23 04:50:00.0;0,00
CASCAVEL;410480806A;PR;Tarumã;-24,92027;-53,43528;2025-03-23 05:50:00.0;0,00
CASCAVEL;410480806A;PR;Tarumã;-24,92027;-53,43528;2025-03-23 06:50:00.0;0,00
CASCAVEL;410480806A;PR;Tarumã;-24,92027;-53,43528;2025-03-23 07:50:00.0;0,00
CASCAVEL;410480806A;PR;Tarumã;-24,92027;-53,43528;2025-03-23 08:50:00.0;0,00
CASCAVEL;410480806A;PR;Tarumã;-24,92027;-53,43528;2025-03-23 09:50:00.0;0,00
CASCAVEL;410480806A;PR;Tarumã;-24,92027;-53,43528;2025-03-23 10:50:00.0;0,00
CASCAVEL;410480806A;PR;Tarumã;-24,92027;-53,43528;2025-03-23 11:50:00.0;0,00
CASCAVEL;410480806A;PR;Tarumã;-24,92027;-53,43528;2025-03-23 12:50:00.0;0,00
CASCAVEL;410480806A;PR;Tarumã;-24,92027;-53,43528;2025-03-23 13:50:00.0;0,00
CASCAVEL;410480806A;PR;Tarumã;-24,92027;-53,43528;2025-03-23 14:50:00.0;0,00
CASCAVEL;410480806A;PR;Tarumã;-24,92027;-53,43528;2025-03-23 15:30:00.0;0,20
CASCAVEL;410480806A;PR;Tarumã;-24,92027;-53,43528;2025-03-23 15:50:00.0;0,00
CASCAVEL;410480806A;PR;Tarumã;-24,92027;-53,43528;2025-03-23 16:50:00.0;0,00
CASCAVEL;410480806A;PR;Tarumã;-24,92027;-53,43528;2025-03-23 17:40:00.0;0,20
CASCAVEL;410480806A;PR;Tarumã;-24,92027;-53,43528;2025-03-23 17:50:00.0;0,00
CASCAVEL;410480806A;PR;Tarumã;-24,92027;-53,43528;2025-03-23 18:50:00.0;0,00
CASCAVEL;410480806A;PR;Tarumã;-24,92027;-53,43528;2025-03-23 19:50:00.0;0,00
CASCAVEL;410480806A;PR;Tarumã;-24,92027;-53,43528;2025-03-23 20:50:00.0;0,00
CASCAVEL;410480806A;PR;Tarumã;-24,92027;-53,43528;2025-03-23 21:00:00.0;1,80
CASCAVEL;410480806A;PR;Tarumã;-24,92027;-53,43528;2025-03-23 21:10:00.0;0,20
CASCAVEL;410480806A;PR;Tarumã;-24,92027;-53,43528;2025-03-23 21:40:00.0;0,20
CASCAVEL;410480806A;PR;Tarumã;-24,92027;-53,43528;2025-03-23 22:50:00.0;0,00
CASCAVEL;410480806A;PR;Tarumã;-24,92027;-53,43528;2025-03-23 23:50:00.0;0,00
CASCAVEL;410480806A;PR;Tarumã;-24,92027;-53,43528;2025-03-24 00:50:00.0;0,00
CASCAVEL;410480806A;PR;Tarumã;-24,92027;-53,43528;2025-03-24 01:50:00.0;0,00
CASCAVEL;410480806A;PR;Tarumã;-24,92027;-53,43528;2025-03-24 02:50:00.0;0,00
CASCAVEL;410480806A;PR;Tarumã;-24,92027;-53,43528;2025-03-24 03:50:00.0;0,00
CASCAVEL;410480806A;PR;Tarumã;-24,92027;-53,43528;2025-03-24 04:50:00.0;0,00
CASCAVEL;410480806A;PR;Tarumã;-24,92027;-53,43528;2025-03-24 05:50:00.0;0,00
CASCAVEL;410480806A;PR;Tarumã;-24,92027;-53,43528;2025-03-24 06:50:00.0;0,00
CASCAVEL;410480806A;PR;Tarumã;-24,92027;-53,43528;2025-03-24 07:50:00.0;0,00
CASCAVEL;410480806A;PR;Tarumã;-24,92027;-53,43528;2025-03-24 08:50:00.0;0,00
CASCAVEL;410480806A;PR;Tarumã;-24,92027;-53,43528;2025-03-24 09:50:00.0;0,00
CASCAVEL;410480806A;PR;Tarumã;-24,92027;-53,43528;2025-03-24 10:50:00.0;0,00
CASCAVEL;410480806A;PR;Tarumã;-24,92027;-53,43528;2025-03-24 11:50:00.0;0,00
CASCAVEL;410480806A;PR;Tarumã;-24,92027;-53,43528;2025-03-24 12:50:00.0;0,00
CASCAVEL;410480806A;PR;Tarumã;-24,92027;-53,43528;2025-03-24 13:50:00.0;0,00
CASCAVEL;410480806A;PR;Tarumã;-24,92027;-53,43528;2025-03-24 14:50:00.0;0,00
CASCAVEL;410480806A;PR;Tarumã;-24,92027;-53,43528;2025-03-24 15:50:00.0;0,00
CASCAVEL;410480806A;PR;Tarumã;-24,92027;-53,43528;2025-03-24 16:50:00.0;0,00
CASCAVEL;410480806A;PR;Tarumã;-24,92027;-53,43528;2025-03-24 17:50:00.0;0,00
CASCAVEL;410480806A;PR;Tarumã;-24,92027;-53,43528;2025-03-24 18:50:00.0;0,00
CASCAVEL;410480806A;PR;Tarumã;-24,92027;-53,43528;2025-03-24 19:50:00.0;0,00
CASCAVEL;410480806A;PR;Tarumã;-24,92027;-53,43528;2025-03-24 20:50:00.0;0,00
CASCAVEL;410480806A;PR;Tarumã;-24,92027;-53,43528;2025-03-24 21:50:00.0;0,00
CASCAVEL;410480806A;PR;Tarumã;-24,92027;-53,43528;2025-03-24 22:50:00.0;0,00
CASCAVEL;410480806A;PR;Tarumã;-24,92027;-53,43528;2025-03-24 23:50:00.0;0,00
CASCAVEL;410480806A;PR;Tarumã;-24,92027;-53,43528;2025-03-25 00:50:00.0;0,00
CASCAVEL;410480806A;PR;Tarumã;-24,92027;-53,43528;2025-03-25 01:50:00.0;0,00
CASCAVEL;410480806A;PR;Tarumã;-24,92027;-53,43528;2025-03-25 02:50:00.0;0,00
CASCAVEL;410480806A;PR;Tarumã;-24,92027;-53,43528;2025-03-25 03:50:00.0;0,00
CASCAVEL;410480806A;PR;Tarumã;-24,92027;-53,43528;2025-03-25 04:50:00.0;0,00
CASCAVEL;410480806A;PR;Tarumã;-24,92027;-53,43528;2025-03-25 05:50:00.0;0,00
CASCAVEL;410480806A;PR;Tarumã;-24,92027;-53,43528;2025-03-25 06:50:00.0;0,00
CASCAVEL;410480806A;PR;Tarumã;-24,92027;-53,43528;2025-03-25 07:50:00.0;0,00
CASCAVEL;410480806A;PR;Tarumã;-24,92027;-53,43528;2025-03-25 08:50:00.0;0,00
CASCAVEL;410480806A;PR;Tarumã;-24,92027;-53,43528;2025-03-25 09:50:00.0;0,00
CASCAVEL;410480806A;PR;Tarumã;-24,92027;-53,43528;2025-03-25 10:50:00.0;0,00
CASCAVEL;410480806A;PR;Tarumã;-24,92027;-53,43528;2025-03-25 11:50:00.0;0,00
CASCAVEL;410480806A;PR;Tarumã;-24,92027;-53,43528;2025-03-25 12:50:00.0;0,00
CASCAVEL;410480806A;PR;Tarumã;-24,92027;-53,43528;2025-03-25 13:50:00.0;0,00
CASCAVEL;410480806A;PR;Tarumã;-24,92027;-53,43528;2025-03-25 14:50:00.0;0,00
CASCAVEL;410480806A;PR;Tarumã;-24,92027;-53,43528;2025-03-25 15:50:00.0;0,00
CASCAVEL;410480806A;PR;Tarumã;-24,92027;-53,43528;2025-03-25 16:50:00.0;0,00
CASCAVEL;410480806A;PR;Tarumã;-24,92027;-53,43528;2025-03-25 17:50:00.0;0,00
CASCAVEL;410480806A;PR;Tarumã;-24,92027;-53,43528;2025-03-25 18:50:00.0;0,00
CASCAVEL;410480806A;PR;Tarumã;-24,92027;-53,43528;2025-03-25 19:50:00.0;0,00
CASCAVEL;410480806A;PR;Tarumã;-24,92027;-53,43528;2025-03-25 20:50:00.0;0,00
CASCAVEL;410480806A;PR;Tarumã;-24,92027;-53,43528;2025-03-25 21:20:00.0;0,40
CASCAVEL;410480806A;PR;Tarumã;-24,92027;-53,43528;2025-03-25 21:30:00.0;0,40
CASCAVEL;410480806A;PR;Tarumã;-24,92027;-53,43528;2025-03-25 21:40:00.0;0,40
CASCAVEL;410480806A;PR;Tarumã;-24,92027;-53,43528;2025-03-25 21:50:00.0;0,20
CASCAVEL;410480806A;PR;Tarumã;-24,92027;-53,43528;2025-03-25 22:00:00.0;0,40
CASCAVEL;410480806A;PR;Tarumã;-24,92027;-53,43528;2025-03-25 22:10:00.0;0,20
CASCAVEL;410480806A;PR;Tarumã;-24,92027;-53,43528;2025-03-25 22:20:00.0;0,20
CASCAVEL;410480806A;PR;Tarumã;-24,92027;-53,43528;2025-03-25 22:30:00.0;0,20
CASCAVEL;410480806A;PR;Tarumã;-24,92027;-53,43528;2025-03-25 22:40:00.0;0,40
CASCAVEL;410480806A;PR;Tarumã;-24,92027;-53,43528;2025-03-25 22:50:00.0;0,00
CASCAVEL;410480806A;PR;Tarumã;-24,92027;-53,43528;2025-03-25 23:50:00.0;0,00
CASCAVEL;410480806A;PR;Tarumã;-24,92027;-53,43528;2025-03-26 00:50:00.0;0,00
CASCAVEL;410480806A;PR;Tarumã;-24,92027;-53,43528;2025-03-26 01:50:00.0;0,00
CASCAVEL;410480806A;PR;Tarumã;-24,92027;-53,43528;2025-03-26 02:50:00.0;0,00
CASCAVEL;410480806A;PR;Tarumã;-24,92027;-53,43528;2025-03-26 03:50:00.0;0,00
CASCAVEL;410480806A;PR;Tarumã;-24,92027;-53,43528;2025-03-26 04:50:00.0;0,00
CASCAVEL;410480806A;PR;Tarumã;-24,92027;-53,43528;2025-03-26 05:50:00.0;0,00
CASCAVEL;410480806A;PR;Tarumã;-24,92027;-53,43528;2025-03-26 06:50:00.0;0,00
CASCAVEL;410480806A;PR;Tarumã;-24,92027;-53,43528;2025-03-26 07:50:00.0;0,00
CASCAVEL;410480806A;PR;Tarumã;-24,92027;-53,43528;2025-03-26 08:50:00.0;0,00
CASCAVEL;410480806A;PR;Tarumã;-24,92027;-53,43528;2025-03-26 09:50:00.0;0,00
CASCAVEL;410480806A;PR;Tarumã;-24,92027;-53,43528;2025-03-26 10:50:00.0;0,00
CASCAVEL;410480806A;PR;Tarumã;-24,92027;-53,43528;2025-03-26 11:50:00.0;0,00
CASCAVEL;410480806A;PR;Tarumã;-24,92027;-53,43528;2025-03-26 12:50:00.0;0,00
CASCAVEL;410480806A;PR;Tarumã;-24,92027;-53,43528;2025-03-26 13:50:00.0;0,00
CASCAVEL;410480806A;PR;Tarumã;-24,92027;-53,43528;2025-03-26 14:50:00.0;0,00
CASCAVEL;410480806A;PR;Tarumã;-24,92027;-53,43528;2025-03-26 15:00:00.0;0,20
CASCAVEL;410480806A;PR;Tarumã;-24,92027;-53,43528;2025-03-26 15:50:00.0;0,00
CASCAVEL;410480806A;PR;Tarumã;-24,92027;-53,43528;2025-03-26 16:50:00.0;0,00
CASCAVEL;410480806A;PR;Tarumã;-24,92027;-53,43528;2025-03-26 17:50:00.0;0,00
CASCAVEL;410480806A;PR;Tarumã;-24,92027;-53,43528;2025-03-26 18:50:00.0;0,00
CASCAVEL;410480806A;PR;Tarumã;-24,92027;-53,43528;2025-03-26 19:50:00.0;0,00
CASCAVEL;410480806A;PR;Tarumã;-24,92027;-53,43528;2025-03-26 20:50:00.0;0,00
CASCAVEL;410480806A;PR;Tarumã;-24,92027;-53,43528;2025-03-26 21:50:00.0;0,00
CASCAVEL;410480806A;PR;Tarumã;-24,92027;-53,43528;2025-03-26 22:50:00.0;0,00
CASCAVEL;410480806A;PR;Tarumã;-24,92027;-53,43528;2025-03-26 23:50:00.0;0,00
CASCAVEL;410480806A;PR;Tarumã;-24,92027;-53,43528;2025-03-27 00:50:00.0;0,00
CASCAVEL;410480806A;PR;Tarumã;-24,92027;-53,43528;2025-03-27 01:50:00.0;0,00
CASCAVEL;410480806A;PR;Tarumã;-24,92027;-53,43528;2025-03-27 02:50:00.0;0,00
CASCAVEL;410480806A;PR;Tarumã;-24,92027;-53,43528;2025-03-27 03:50:00.0;0,00
CASCAVEL;410480806A;PR;Tarumã;-24,92027;-53,43528;2025-03-27 04:50:00.0;0,00
CASCAVEL;410480806A;PR;Tarumã;-24,92027;-53,43528;2025-03-27 05:50:00.0;0,00
CASCAVEL;410480806A;PR;Tarumã;-24,92027;-53,43528;2025-03-27 06:50:00.0;0,00
CASCAVEL;410480806A;PR;Tarumã;-24,92027;-53,43528;2025-03-27 07:50:00.0;0,00
CASCAVEL;410480806A;PR;Tarumã;-24,92027;-53,43528;2025-03-27 08:50:00.0;0,00
CASCAVEL;410480806A;PR;Tarumã;-24,92027;-53,43528;2025-03-27 09:50:00.0;0,00
CASCAVEL;410480806A;PR;Tarumã;-24,92027;-53,43528;2025-03-27 10:50:00.0;0,00
CASCAVEL;410480806A;PR;Tarumã;-24,92027;-53,43528;2025-03-27 11:50:00.0;0,00
CASCAVEL;410480806A;PR;Tarumã;-24,92027;-53,43528;2025-03-27 12:50:00.0;0,00
CASCAVEL;410480806A;PR;Tarumã;-24,92027;-53,43528;2025-03-27 13:50:00.0;0,00
CASCAVEL;410480806A;PR;Tarumã;-24,92027;-53,43528;2025-03-27 14:50:00.0;0,00
CASCAVEL;410480806A;PR;Tarumã;-24,92027;-53,43528;2025-03-27 15:50:00.0;0,00
CASCAVEL;410480806A;PR;Tarumã;-24,92027;-53,43528;2025-03-27 16:50:00.0;0,00
CASCAVEL;410480806A;PR;Tarumã;-24,92027;-53,43528;2025-03-27 17:50:00.0;0,00
CASCAVEL;410480806A;PR;Tarumã;-24,92027;-53,43528;2025-03-27 18:50:00.0;0,00
CASCAVEL;410480806A;PR;Tarumã;-24,92027;-53,43528;2025-03-27 19:50:00.0;0,00
CASCAVEL;410480806A;PR;Tarumã;-24,92027;-53,43528;2025-03-27 20:50:00.0;0,00
CASCAVEL;410480806A;PR;Tarumã;-24,92027;-53,43528;2025-03-27 21:50:00.0;0,00
CASCAVEL;410480806A;PR;Tarumã;-24,92027;-53,43528;2025-03-27 22:50:00.0;0,00
CASCAVEL;410480806A;PR;Tarumã;-24,92027;-53,43528;2025-03-27 23:50:00.0;0,00
CASCAVEL;410480806A;PR;Tarumã;-24,92027;-53,43528;2025-03-28 00:50:00.0;0,00
CASCAVEL;410480806A;PR;Tarumã;-24,92027;-53,43528;2025-03-28 01:50:00.0;0,00
CASCAVEL;410480806A;PR;Tarumã;-24,92027;-53,43528;2025-03-28 02:00:00.0;0,20
CASCAVEL;410480806A;PR;Tarumã;-24,92027;-53,43528;2025-03-28 02:30:00.0;0,40
CASCAVEL;410480806A;PR;Tarumã;-24,92027;-53,43528;2025-03-28 02:40:00.0;0,60
CASCAVEL;410480806A;PR;Tarumã;-24,92027;-53,43528;2025-03-28 03:00:00.0;0,20
CASCAVEL;410480806A;PR;Tarumã;-24,92027;-53,43528;2025-03-28 03:10:00.0;0,20
CASCAVEL;410480806A;PR;Tarumã;-24,92027;-53,43528;2025-03-28 03:50:00.0;2,20
CASCAVEL;410480806A;PR;Tarumã;-24,92027;-53,43528;2025-03-28 04:20:00.0;0,20
CASCAVEL;410480806A;PR;Tarumã;-24,92027;-53,43528;2025-03-28 04:50:00.0;2,20
CASCAVEL;410480806A;PR;Tarumã;-24,92027;-53,43528;2025-03-28 05:00:00.0;0,60
CASCAVEL;410480806A;PR;Tarumã;-24,92027;-53,43528;2025-03-28 05:10:00.0;0,60
CASCAVEL;410480806A;PR;Tarumã;-24,92027;-53,43528;2025-03-28 05:20:00.0;0,40
CASCAVEL;410480806A;PR;Tarumã;-24,92027;-53,43528;2025-03-28 05:50:00.0;0,60
CASCAVEL;410480806A;PR;Tarumã;-24,92027;-53,43528;2025-03-28 06:50:00.0;0,00
CASCAVEL;410480806A;PR;Tarumã;-24,92027;-53,43528;2025-03-28 07:50:00.0;0,00
CASCAVEL;410480806A;PR;Tarumã;-24,92027;-53,43528;2025-03-28 08:50:00.0;0,00
CASCAVEL;410480806A;PR;Tarumã;-24,92027;-53,43528;2025-03-28 09:50:00.0;0,00
CASCAVEL;410480806A;PR;Tarumã;-24,92027;-53,43528;2025-03-28 10:50:00.0;0,00
CASCAVEL;410480806A;PR;Tarumã;-24,92027;-53,43528;2025-03-28 11:50:00.0;0,00
CASCAVEL;410480806A;PR;Tarumã;-24,92027;-53,43528;2025-03-28 12:50:00.0;0,00
CASCAVEL;410480806A;PR;Tarumã;-24,92027;-53,43528;2025-03-28 13:50:00.0;0,00
CASCAVEL;410480806A;PR;Tarumã;-24,92027;-53,43528;2025-03-28 14:20:00.0;0,20
CASCAVEL;410480806A;PR;Tarumã;-24,92027;-53,43528;2025-03-28 14:50:00.0;0,00
CASCAVEL;410480806A;PR;Tarumã;-24,92027;-53,43528;2025-03-28 15:50:00.0;0,00
CASCAVEL;410480806A;PR;Tarumã;-24,92027;-53,43528;2025-03-28 16:50:00.0;0,00
CASCAVEL;410480806A;PR;Tarumã;-24,92027;-53,43528;2025-03-28 17:50:00.0;0,00
CASCAVEL;410480806A;PR;Tarumã;-24,92027;-53,43528;2025-03-28 18:50:00.0;0,00
CASCAVEL;410480806A;PR;Tarumã;-24,92027;-53,43528;2025-03-28 19:50:00.0;0,00
CASCAVEL;410480806A;PR;Tarumã;-24,92027;-53,43528;2025-03-28 20:50:00.0;0,00
CASCAVEL;410480806A;PR;Tarumã;-24,92027;-53,43528;2025-03-28 21:50:00.0;0,00
CASCAVEL;410480806A;PR;Tarumã;-24,92027;-53,43528;2025-03-28 22:50:00.0;0,00
CASCAVEL;410480806A;PR;Tarumã;-24,92027;-53,43528;2025-03-28 23:50:00.0;0,00
CASCAVEL;410480806A;PR;Tarumã;-24,92027;-53,43528;2025-03-29 00:50:00.0;0,00
CASCAVEL;410480806A;PR;Tarumã;-24,92027;-53,43528;2025-03-29 01:50:00.0;0,00
CASCAVEL;410480806A;PR;Tarumã;-24,92027;-53,43528;2025-03-29 02:50:00.0;0,00
CASCAVEL;410480806A;PR;Tarumã;-24,92027;-53,43528;2025-03-29 03:50:00.0;0,00
CASCAVEL;410480806A;PR;Tarumã;-24,92027;-53,43528;2025-03-29 04:50:00.0;0,00
CASCAVEL;410480806A;PR;Tarumã;-24,92027;-53,43528;2025-03-29 05:50:00.0;0,00
CASCAVEL;410480806A;PR;Tarumã;-24,92027;-53,43528;2025-03-29 06:40:00.0;0,40
CASCAVEL;410480806A;PR;Tarumã;-24,92027;-53,43528;2025-03-29 06:50:00.0;0,00
CASCAVEL;410480806A;PR;Tarumã;-24,92027;-53,43528;2025-03-29 07:50:00.0;0,00
CASCAVEL;410480806A;PR;Tarumã;-24,92027;-53,43528;2025-03-29 08:30:00.0;0,20
CASCAVEL;410480806A;PR;Tarumã;-24,92027;-53,43528;2025-03-29 08:50:00.0;0,00
CASCAVEL;410480806A;PR;Tarumã;-24,92027;-53,43528;2025-03-29 09:50:00.0;0,00
CASCAVEL;410480806A;PR;Tarumã;-24,92027;-53,43528;2025-03-29 10:50:00.0;0,00
CASCAVEL;410480806A;PR;Tarumã;-24,92027;-53,43528;2025-03-29 11:50:00.0;0,00
CASCAVEL;410480806A;PR;Tarumã;-24,92027;-53,43528;2025-03-29 12:50:00.0;0,00
CASCAVEL;410480806A;PR;Tarumã;-24,92027;-53,43528;2025-03-29 13:50:00.0;0,00
CASCAVEL;410480806A;PR;Tarumã;-24,92027;-53,43528;2025-03-29 14:50:00.0;0,00
CASCAVEL;410480806A;PR;Tarumã;-24,92027;-53,43528;2025-03-29 15:50:00.0;0,00
CASCAVEL;410480806A;PR;Tarumã;-24,92027;-53,43528;2025-03-29 16:50:00.0;0,00
CASCAVEL;410480806A;PR;Tarumã;-24,92027;-53,43528;2025-03-29 17:00:00.0;0,20
CASCAVEL;410480806A;PR;Tarumã;-24,92027;-53,43528;2025-03-29 17:50:00.0;0,00
CASCAVEL;410480806A;PR;Tarumã;-24,92027;-53,43528;2025-03-29 18:50:00.0;0,00
CASCAVEL;410480806A;PR;Tarumã;-24,92027;-53,43528;2025-03-29 19:50:00.0;0,00
CASCAVEL;410480806A;PR;Tarumã;-24,92027;-53,43528;2025-03-29 20:50:00.0;0,00
CASCAVEL;410480806A;PR;Tarumã;-24,92027;-53,43528;2025-03-29 21:50:00.0;0,00
CASCAVEL;410480806A;PR;Tarumã;-24,92027;-53,43528;2025-03-29 22:50:00.0;0,00
CASCAVEL;410480806A;PR;Tarumã;-24,92027;-53,43528;2025-03-29 23:50:00.0;0,00
CASCAVEL;410480806A;PR;Tarumã;-24,92027;-53,43528;2025-03-30 00:50:00.0;0,00
CASCAVEL;410480806A;PR;Tarumã;-24,92027;-53,43528;2025-03-30 01:50:00.0;0,00
CASCAVEL;410480806A;PR;Tarumã;-24,92027;-53,43528;2025-03-30 02:50:00.0;0,00
CASCAVEL;410480806A;PR;Tarumã;-24,92027;-53,43528;2025-03-30 03:50:00.0;0,00
CASCAVEL;410480806A;PR;Tarumã;-24,92027;-53,43528;2025-03-30 04:50:00.0;0,00
CASCAVEL;410480806A;PR;Tarumã;-24,92027;-53,43528;2025-03-30 05:50:00.0;0,00
CASCAVEL;410480806A;PR;Tarumã;-24,92027;-53,43528;2025-03-30 06:50:00.0;0,00
CASCAVEL;410480806A;PR;Tarumã;-24,92027;-53,43528;2025-03-30 07:50:00.0;0,00
CASCAVEL;410480806A;PR;Tarumã;-24,92027;-53,43528;2025-03-30 08:50:00.0;0,00
CASCAVEL;410480806A;PR;Tarumã;-24,92027;-53,43528;2025-03-30 09:50:00.0;0,00
CASCAVEL;410480806A;PR;Tarumã;-24,92027;-53,43528;2025-03-30 10:50:00.0;0,00
CASCAVEL;410480806A;PR;Tarumã;-24,92027;-53,43528;2025-03-30 11:50:00.0;0,00
CASCAVEL;410480806A;PR;Tarumã;-24,92027;-53,43528;2025-03-30 12:50:00.0;0,00
CASCAVEL;410480806A;PR;Tarumã;-24,92027;-53,43528;2025-03-30 13:50:00.0;0,00
CASCAVEL;410480806A;PR;Tarumã;-24,92027;-53,43528;2025-03-30 14:50:00.0;0,00
CASCAVEL;410480806A;PR;Tarumã;-24,92027;-53,43528;2025-03-30 15:50:00.0;0,00
CASCAVEL;410480806A;PR;Tarumã;-24,92027;-53,43528;2025-03-30 16:50:00.0;0,00
CASCAVEL;410480806A;PR;Tarumã;-24,92027;-53,43528;2025-03-30 17:50:00.0;0,00
CASCAVEL;410480806A;PR;Tarumã;-24,92027;-53,43528;2025-03-30 18:50:00.0;0,00
CASCAVEL;410480806A;PR;Tarumã;-24,92027;-53,43528;2025-03-30 19:50:00.0;0,00
CASCAVEL;410480806A;PR;Tarumã;-24,92027;-53,43528;2025-03-30 20:50:00.0;0,00
CASCAVEL;410480806A;PR;Tarumã;-24,92027;-53,43528;2025-03-30 21:50:00.0;0,00
CASCAVEL;410480806A;PR;Tarumã;-24,92027;-53,43528;2025-03-30 22:50:00.0;0,00
CASCAVEL;410480806A;PR;Tarumã;-24,92027;-53,43528;2025-03-30 23:50:00.0;0,00
CASCAVEL;410480806A;PR;Tarumã;-24,92027;-53,43528;2025-03-31 00:50:00.0;0,00
CASCAVEL;410480806A;PR;Tarumã;-24,92027;-53,43528;2025-03-31 01:50:00.0;0,00
CASCAVEL;410480806A;PR;Tarumã;-24,92027;-53,43528;2025-03-31 02:50:00.0;0,00
CASCAVEL;410480806A;PR;Tarumã;-24,92027;-53,43528;2025-03-31 03:50:00.0;0,00
CASCAVEL;410480806A;PR;Tarumã;-24,92027;-53,43528;2025-03-31 04:50:00.0;0,00
CASCAVEL;410480806A;PR;Tarumã;-24,92027;-53,43528;2025-03-31 05:50:00.0;0,00
CASCAVEL;410480806A;PR;Tarumã;-24,92027;-53,43528;2025-03-31 06:50:00.0;0,00
CASCAVEL;410480806A;PR;Tarumã;-24,92027;-53,43528;2025-03-31 07:50:00.0;0,00
CASCAVEL;410480806A;PR;Tarumã;-24,92027;-53,43528;2025-03-31 08:50:00.0;0,00
CASCAVEL;410480806A;PR;Tarumã;-24,92027;-53,43528;2025-03-31 09:50:00.0;0,00
CASCAVEL;410480806A;PR;Tarumã;-24,92027;-53,43528;2025-03-31 10:50:00.0;0,00
CASCAVEL;410480806A;PR;Tarumã;-24,92027;-53,43528;2025-03-31 11:50:00.0;0,00
CASCAVEL;410480806A;PR;Tarumã;-24,92027;-53,43528;2025-03-31 12:50:00.0;0,00
CASCAVEL;410480806A;PR;Tarumã;-24,92027;-53,43528;2025-03-31 13:50:00.0;0,00
CASCAVEL;410480806A;PR;Tarumã;-24,92027;-53,43528;2025-03-31 14:50:00.0;0,00
CASCAVEL;410480806A;PR;Tarumã;-24,92027;-53,43528;2025-03-31 15:50:00.0;0,00
CASCAVEL;410480806A;PR;Tarumã;-24,92027;-53,43528;2025-03-31 16:50:00.0;0,00
CASCAVEL;410480806A;PR;Tarumã;-24,92027;-53,43528;2025-03-31 17:50:00.0;0,00
CASCAVEL;410480806A;PR;Tarumã;-24,92027;-53,43528;2025-03-31 18:50:00.0;0,00
CASCAVEL;410480806A;PR;Tarumã;-24,92027;-53,43528;2025-03-31 19:50:00.0;0,00
CASCAVEL;410480806A;PR;Tarumã;-24,92027;-53,43528;2025-03-31 20:50:00.0;0,00
CASCAVEL;410480806A;PR;Tarumã;-24,92027;-53,43528;2025-03-31 21:50:00.0;0,00
CASCAVEL;410480806A;PR;Tarumã;-24,92027;-53,43528;2025-03-31 22:50:00.0;0,00
CASCAVEL;410480806A;PR;Tarumã;-24,92027;-53,43528;2025-03-31 23:50:00.0;0,00
CERRO AZUL;410520101A;PR;CerroAzul01;-24,82449;-49,26312;2025-03-01 00:10:00.0;0,00
CERRO AZUL;410520101A;PR;CerroAzul01;-24,82449;-49,26312;2025-03-01 00:30:00.0;0,00
CERRO AZUL;410520101A;PR;CerroAzul01;-24,82449;-49,26312;2025-03-01 01:30:00.0;0,00
CERRO AZUL;410520101A;PR;CerroAzul01;-24,82449;-49,26312;2025-03-01 02:30:00.0;0,00
CERRO AZUL;410520101A;PR;CerroAzul01;-24,82449;-49,26312;2025-03-01 03:30:00.0;0,00
CERRO AZUL;410520101A;PR;CerroAzul01;-24,82449;-49,26312;2025-03-01 04:30:00.0;0,00
CERRO AZUL;410520101A;PR;CerroAzul01;-24,82449;-49,26312;2025-03-01 05:30:00.0;0,00
CERRO AZUL;410520101A;PR;CerroAzul01;-24,82449;-49,26312;2025-03-01 06:30:00.0;0,00
CERRO AZUL;410520101A;PR;CerroAzul01;-24,82449;-49,26312;2025-03-01 07:30:00.0;0,00
CERRO AZUL;410520101A;PR;CerroAzul01;-24,82449;-49,26312;2025-03-01 08:30:00.0;0,00
CERRO AZUL;410520101A;PR;CerroAzul01;-24,82449;-49,26312;2025-03-01 09:30:00.0;0,00
CERRO AZUL;410520101A;PR;CerroAzul01;-24,82449;-49,26312;2025-03-01 10:30:00.0;0,00
CERRO AZUL;410520101A;PR;CerroAzul01;-24,82449;-49,26312;2025-03-01 11:30:00.0;0,00
CERRO AZUL;410520101A;PR;CerroAzul01;-24,82449;-49,26312;2025-03-01 12:30:00.0;0,00
CERRO AZUL;410520101A;PR;CerroAzul01;-24,82449;-49,26312;2025-03-01 13:30:00.0;0,00
CERRO AZUL;410520101A;PR;CerroAzul01;-24,82449;-49,26312;2025-03-01 14:30:00.0;0,00
CERRO AZUL;410520101A;PR;CerroAzul01;-24,82449;-49,26312;2025-03-01 15:30:00.0;0,00
CERRO AZUL;410520101A;PR;CerroAzul01;-24,82449;-49,26312;2025-03-01 16:30:00.0;0,00
CERRO AZUL;410520101A;PR;CerroAzul01;-24,82449;-49,26312;2025-03-01 17:30:00.0;0,00
CERRO AZUL;410520101A;PR;CerroAzul01;-24,82449;-49,26312;2025-03-01 18:30:00.0;0,00
CERRO AZUL;410520101A;PR;CerroAzul01;-24,82449;-49,26312;2025-03-01 19:30:00.0;0,00
CERRO AZUL;410520101A;PR;CerroAzul01;-24,82449;-49,26312;2025-03-01 20:30:00.0;0,00
CERRO AZUL;410520101A;PR;CerroAzul01;-24,82449;-49,26312;2025-03-01 21:30:00.0;0,00
CERRO AZUL;410520101A;PR;CerroAzul01;-24,82449;-49,26312;2025-03-01 22:30:00.0;0,00
CERRO AZUL;410520101A;PR;CerroAzul01;-24,82449;-49,26312;2025-03-01 23:30:00.0;0,00
CERRO AZUL;410520101A;PR;CerroAzul01;-24,82449;-49,26312;2025-03-02 00:30:00.0;0,00
CERRO AZUL;410520101A;PR;CerroAzul01;-24,82449;-49,26312;2025-03-02 01:30:00.0;0,00
CERRO AZUL;410520101A;PR;CerroAzul01;-24,82449;-49,26312;2025-03-02 02:30:00.0;0,00
CERRO AZUL;410520101A;PR;CerroAzul01;-24,82449;-49,26312;2025-03-02 03:30:00.0;0,00
CERRO AZUL;410520101A;PR;CerroAzul01;-24,82449;-49,26312;2025-03-02 04:30:00.0;0,00
CERRO AZUL;410520101A;PR;CerroAzul01;-24,82449;-49,26312;2025-03-02 05:30:00.0;0,00
CERRO AZUL;410520101A;PR;CerroAzul01;-24,82449;-49,26312;2025-03-02 06:30:00.0;0,00
CERRO AZUL;410520101A;PR;CerroAzul01;-24,82449;-49,26312;2025-03-02 07:30:00.0;0,00
CERRO AZUL;410520101A;PR;CerroAzul01;-24,82449;-49,26312;2025-03-02 08:30:00.0;0,00
CERRO AZUL;410520101A;PR;CerroAzul01;-24,82449;-49,26312;2025-03-02 09:30:00.0;0,00
CERRO AZUL;410520101A;PR;CerroAzul01;-24,82449;-49,26312;2025-03-02 10:30:00.0;0,00
CERRO AZUL;410520101A;PR;CerroAzul01;-24,82449;-49,26312;2025-03-02 11:30:00.0;0,00
CERRO AZUL;410520101A;PR;CerroAzul01;-24,82449;-49,26312;2025-03-02 12:30:00.0;0,00
CERRO AZUL;410520101A;PR;CerroAzul01;-24,82449;-49,26312;2025-03-02 13:30:00.0;0,00
CERRO AZUL;410520101A;PR;CerroAzul01;-24,82449;-49,26312;2025-03-02 14:30:00.0;0,00
CERRO AZUL;410520101A;PR;CerroAzul01;-24,82449;-49,26312;2025-03-02 15:30:00.0;0,00
CERRO AZUL;410520101A;PR;CerroAzul01;-24,82449;-49,26312;2025-03-02 16:30:00.0;0,00
CERRO AZUL;410520101A;PR;CerroAzul01;-24,82449;-49,26312;2025-03-02 17:30:00.0;0,00
CERRO AZUL;410520101A;PR;CerroAzul01;-24,82449;-49,26312;2025-03-02 18:30:00.0;0,00
CERRO AZUL;410520101A;PR;CerroAzul01;-24,82449;-49,26312;2025-03-02 19:30:00.0;0,00
CERRO AZUL;410520101A;PR;CerroAzul01;-24,82449;-49,26312;2025-03-02 20:30:00.0;0,00
CERRO AZUL;410520101A;PR;CerroAzul01;-24,82449;-49,26312;2025-03-02 21:30:00.0;0,00
CERRO AZUL;410520101A;PR;CerroAzul01;-24,82449;-49,26312;2025-03-02 22:30:00.0;0,00
CERRO AZUL;410520101A;PR;CerroAzul01;-24,82449;-49,26312;2025-03-02 23:30:00.0;0,00
CERRO AZUL;410520101A;PR;CerroAzul01;-24,82449;-49,26312;2025-03-03 00:30:00.0;0,00
CERRO AZUL;410520101A;PR;CerroAzul01;-24,82449;-49,26312;2025-03-03 01:30:00.0;0,00
CERRO AZUL;410520101A;PR;CerroAzul01;-24,82449;-49,26312;2025-03-03 02:30:00.0;0,00
CERRO AZUL;410520101A;PR;CerroAzul01;-24,82449;-49,26312;2025-03-03 03:30:00.0;0,00
CERRO AZUL;410520101A;PR;CerroAzul01;-24,82449;-49,26312;2025-03-03 04:30:00.0;0,00
CERRO AZUL;410520101A;PR;CerroAzul01;-24,82449;-49,26312;2025-03-03 05:30:00.0;0,00
CERRO AZUL;410520101A;PR;CerroAzul01;-24,82449;-49,26312;2025-03-03 06:30:00.0;0,00
CERRO AZUL;410520101A;PR;CerroAzul01;-24,82449;-49,26312;2025-03-03 07:30:00.0;0,00
CERRO AZUL;410520101A;PR;CerroAzul01;-24,82449;-49,26312;2025-03-03 08:30:00.0;0,00
CERRO AZUL;410520101A;PR;CerroAzul01;-24,82449;-49,26312;2025-03-03 09:30:00.0;0,00
CERRO AZUL;410520101A;PR;CerroAzul01;-24,82449;-49,26312;2025-03-03 10:30:00.0;0,00
CERRO AZUL;410520101A;PR;CerroAzul01;-24,82449;-49,26312;2025-03-03 11:30:00.0;0,00
CERRO AZUL;410520101A;PR;CerroAzul01;-24,82449;-49,26312;2025-03-03 12:30:00.0;0,00
CERRO AZUL;410520101A;PR;CerroAzul01;-24,82449;-49,26312;2025-03-03 13:30:00.0;0,00
CERRO AZUL;410520101A;PR;CerroAzul01;-24,82449;-49,26312;2025-03-03 14:30:00.0;0,00
CERRO AZUL;410520101A;PR;CerroAzul01;-24,82449;-49,26312;2025-03-03 15:30:00.0;0,00
CERRO AZUL;410520101A;PR;CerroAzul01;-24,82449;-49,26312;2025-03-03 16:30:00.0;0,00
CERRO AZUL;410520101A;PR;CerroAzul01;-24,82449;-49,26312;2025-03-03 17:30:00.0;0,00
CERRO AZUL;410520101A;PR;CerroAzul01;-24,82449;-49,26312;2025-03-03 18:30:00.0;0,00
CERRO AZUL;410520101A;PR;CerroAzul01;-24,82449;-49,26312;2025-03-03 19:30:00.0;0,00
CERRO AZUL;410520101A;PR;CerroAzul01;-24,82449;-49,26312;2025-03-03 20:30:00.0;0,00
CERRO AZUL;410520101A;PR;CerroAzul01;-24,82449;-49,26312;2025-03-03 21:30:00.0;0,00
CERRO AZUL;410520101A;PR;CerroAzul01;-24,82449;-49,26312;2025-03-03 22:30:00.0;0,00
CERRO AZUL;410520101A;PR;CerroAzul01;-24,82449;-49,26312;2025-03-03 23:30:00.0;0,00
CERRO AZUL;410520101A;PR;CerroAzul01;-24,82449;-49,26312;2025-03-04 00:30:00.0;0,00
CERRO AZUL;410520101A;PR;CerroAzul01;-24,82449;-49,26312;2025-03-04 01:30:00.0;0,00
CERRO AZUL;410520101A;PR;CerroAzul01;-24,82449;-49,26312;2025-03-04 02:30:00.0;0,00
CERRO AZUL;410520101A;PR;CerroAzul01;-24,82449;-49,26312;2025-03-04 03:30:00.0;0,00
CERRO AZUL;410520101A;PR;CerroAzul01;-24,82449;-49,26312;2025-03-04 04:30:00.0;0,00
CERRO AZUL;410520101A;PR;CerroAzul01;-24,82449;-49,26312;2025-03-04 05:30:00.0;0,00
CERRO AZUL;410520101A;PR;CerroAzul01;-24,82449;-49,26312;2025-03-04 06:30:00.0;0,00
CERRO AZUL;410520101A;PR;CerroAzul01;-24,82449;-49,26312;2025-03-04 07:30:00.0;0,00
CERRO AZUL;410520101A;PR;CerroAzul01;-24,82449;-49,26312;2025-03-04 08:30:00.0;0,00
CERRO AZUL;410520101A;PR;CerroAzul01;-24,82449;-49,26312;2025-03-04 09:30:00.0;0,00
CERRO AZUL;410520101A;PR;CerroAzul01;-24,82449;-49,26312;2025-03-04 10:30:00.0;0,00
CERRO AZUL;410520101A;PR;CerroAzul01;-24,82449;-49,26312;2025-03-04 11:30:00.0;0,00
CERRO AZUL;410520101A;PR;CerroAzul01;-24,82449;-49,26312;2025-03-04 12:30:00.0;0,00
CERRO AZUL;410520101A;PR;CerroAzul01;-24,82449;-49,26312;2025-03-04 13:30:00.0;0,00
CERRO AZUL;410520101A;PR;CerroAzul01;-24,82449;-49,26312;2025-03-04 14:30:00.0;0,00
CERRO AZUL;410520101A;PR;CerroAzul01;-24,82449;-49,26312;2025-03-04 15:30:00.0;0,00
CERRO AZUL;410520101A;PR;CerroAzul01;-24,82449;-49,26312;2025-03-04 16:30:00.0;0,00
CERRO AZUL;410520101A;PR;CerroAzul01;-24,82449;-49,26312;2025-03-04 17:30:00.0;0,00
CERRO AZUL;410520101A;PR;CerroAzul01;-24,82449;-49,26312;2025-03-04 18:30:00.0;0,00
CERRO AZUL;410520101A;PR;CerroAzul01;-24,82449;-49,26312;2025-03-04 19:30:00.0;0,00
CERRO AZUL;410520101A;PR;CerroAzul01;-24,82449;-49,26312;2025-03-04 20:30:00.0;0,00
CERRO AZUL;410520101A;PR;CerroAzul01;-24,82449;-49,26312;2025-03-04 21:30:00.0;0,00
CERRO AZUL;410520101A;PR;CerroAzul01;-24,82449;-49,26312;2025-03-04 22:30:00.0;0,00
CERRO AZUL;410520101A;PR;CerroAzul01;-24,82449;-49,26312;2025-03-04 23:30:00.0;0,00
CERRO AZUL;410520101A;PR;CerroAzul01;-24,82449;-49,26312;2025-03-05 00:30:00.0;0,00
CERRO AZUL;410520101A;PR;CerroAzul01;-24,82449;-49,26312;2025-03-05 01:30:00.0;0,00
CERRO AZUL;410520101A;PR;CerroAzul01;-24,82449;-49,26312;2025-03-05 02:30:00.0;0,00
CERRO AZUL;410520101A;PR;CerroAzul01;-24,82449;-49,26312;2025-03-05 03:30:00.0;0,00
CERRO AZUL;410520101A;PR;CerroAzul01;-24,82449;-49,26312;2025-03-05 04:30:00.0;0,00
CERRO AZUL;410520101A;PR;CerroAzul01;-24,82449;-49,26312;2025-03-05 05:30:00.0;0,00
CERRO AZUL;410520101A;PR;CerroAzul01;-24,82449;-49,26312;2025-03-05 06:30:00.0;0,00
CERRO AZUL;410520101A;PR;CerroAzul01;-24,82449;-49,26312;2025-03-05 07:30:00.0;0,00
CERRO AZUL;410520101A;PR;CerroAzul01;-24,82449;-49,26312;2025-03-05 08:30:00.0;0,00
CERRO AZUL;410520101A;PR;CerroAzul01;-24,82449;-49,26312;2025-03-05 09:30:00.0;0,00
CERRO AZUL;410520101A;PR;CerroAzul01;-24,82449;-49,26312;2025-03-05 10:30:00.0;0,00
CERRO AZUL;410520101A;PR;CerroAzul01;-24,82449;-49,26312;2025-03-05 11:30:00.0;0,00
CERRO AZUL;410520101A;PR;CerroAzul01;-24,82449;-49,26312;2025-03-05 12:30:00.0;0,00
CERRO AZUL;410520101A;PR;CerroAzul01;-24,82449;-49,26312;2025-03-05 13:30:00.0;0,00
CERRO AZUL;410520101A;PR;CerroAzul01;-24,82449;-49,26312;2025-03-05 14:30:00.0;0,00
CERRO AZUL;410520101A;PR;CerroAzul01;-24,82449;-49,26312;2025-03-05 15:30:00.0;0,00
CERRO AZUL;410520101A;PR;CerroAzul01;-24,82449;-49,26312;2025-03-05 16:30:00.0;0,00
CERRO AZUL;410520101A;PR;CerroAzul01;-24,82449;-49,26312;2025-03-05 17:30:00.0;0,00
CERRO AZUL;410520101A;PR;CerroAzul01;-24,82449;-49,26312;2025-03-05 18:30:00.0;0,00
CERRO AZUL;410520101A;PR;CerroAzul01;-24,82449;-49,26312;2025-03-05 19:30:00.0;0,00
CERRO AZUL;410520101A;PR;CerroAzul01;-24,82449;-49,26312;2025-03-05 20:30:00.0;0,00
CERRO AZUL;410520101A;PR;CerroAzul01;-24,82449;-49,26312;2025-03-05 21:30:00.0;0,00
CERRO AZUL;410520101A;PR;CerroAzul01;-24,82449;-49,26312;2025-03-05 22:30:00.0;0,00
CERRO AZUL;410520101A;PR;CerroAzul01;-24,82449;-49,26312;2025-03-05 23:30:00.0;0,00
CERRO AZUL;410520101A;PR;CerroAzul01;-24,82449;-49,26312;2025-03-06 00:30:00.0;0,00
CERRO AZUL;410520101A;PR;CerroAzul01;-24,82449;-49,26312;2025-03-06 01:30:00.0;0,00
CERRO AZUL;410520101A;PR;CerroAzul01;-24,82449;-49,26312;2025-03-06 02:30:00.0;0,00
CERRO AZUL;410520101A;PR;CerroAzul01;-24,82449;-49,26312;2025-03-06 03:30:00.0;0,00
CERRO AZUL;410520101A;PR;CerroAzul01;-24,82449;-49,26312;2025-03-06 04:30:00.0;0,00
CERRO AZUL;410520101A;PR;CerroAzul01;-24,82449;-49,26312;2025-03-06 05:30:00.0;0,00
CERRO AZUL;410520101A;PR;CerroAzul01;-24,82449;-49,26312;2025-03-06 06:30:00.0;0,00
CERRO AZUL;410520101A;PR;CerroAzul01;-24,82449;-49,26312;2025-03-06 07:30:00.0;0,00
CERRO AZUL;410520101A;PR;CerroAzul01;-24,82449;-49,26312;2025-03-06 08:30:00.0;0,00
CERRO AZUL;410520101A;PR;CerroAzul01;-24,82449;-49,26312;2025-03-06 09:30:00.0;0,00
CERRO AZUL;410520101A;PR;CerroAzul01;-24,82449;-49,26312;2025-03-06 10:30:00.0;0,00
CERRO AZUL;410520101A;PR;CerroAzul01;-24,82449;-49,26312;2025-03-06 11:30:00.0;0,00
CERRO AZUL;410520101A;PR;CerroAzul01;-24,82449;-49,26312;2025-03-06 12:30:00.0;0,00
CERRO AZUL;410520101A;PR;CerroAzul01;-24,82449;-49,26312;2025-03-06 13:30:00.0;0,00
CERRO AZUL;410520101A;PR;CerroAzul01;-24,82449;-49,26312;2025-03-06 14:30:00.0;0,00
CERRO AZUL;410520101A;PR;CerroAzul01;-24,82449;-49,26312;2025-03-06 15:30:00.0;0,00
CERRO AZUL;410520101A;PR;CerroAzul01;-24,82449;-49,26312;2025-03-06 16:30:00.0;0,00
CERRO AZUL;410520101A;PR;CerroAzul01;-24,82449;-49,26312;2025-03-06 17:30:00.0;0,00
CERRO AZUL;410520101A;PR;CerroAzul01;-24,82449;-49,26312;2025-03-06 18:30:00.0;0,00
CERRO AZUL;410520101A;PR;CerroAzul01;-24,82449;-49,26312;2025-03-06 19:30:00.0;0,00
CERRO AZUL;410520101A;PR;CerroAzul01;-24,82449;-49,26312;2025-03-06 20:30:00.0;0,00
CERRO AZUL;410520101A;PR;CerroAzul01;-24,82449;-49,26312;2025-03-06 21:30:00.0;0,00
CERRO AZUL;410520101A;PR;CerroAzul01;-24,82449;-49,26312;2025-03-06 22:30:00.0;0,00
CERRO AZUL;410520101A;PR;CerroAzul01;-24,82449;-49,26312;2025-03-06 23:30:00.0;0,00
CERRO AZUL;410520101A;PR;CerroAzul01;-24,82449;-49,26312;2025-03-07 00:30:00.0;0,00
CERRO AZUL;410520101A;PR;CerroAzul01;-24,82449;-49,26312;2025-03-07 01:30:00.0;0,00
CERRO AZUL;410520101A;PR;CerroAzul01;-24,82449;-49,26312;2025-03-07 02:30:00.0;0,00
CERRO AZUL;410520101A;PR;CerroAzul01;-24,82449;-49,26312;2025-03-07 03:30:00.0;0,00
CERRO AZUL;410520101A;PR;CerroAzul01;-24,82449;-49,26312;2025-03-07 04:30:00.0;0,00
CERRO AZUL;410520101A;PR;CerroAzul01;-24,82449;-49,26312;2025-03-07 05:30:00.0;0,00
CERRO AZUL;410520101A;PR;CerroAzul01;-24,82449;-49,26312;2025-03-07 06:30:00.0;0,00
CERRO AZUL;410520101A;PR;CerroAzul01;-24,82449;-49,26312;2025-03-07 07:30:00.0;0,00
CERRO AZUL;410520101A;PR;CerroAzul01;-24,82449;-49,26312;2025-03-07 08:30:00.0;0,00
CERRO AZUL;410520101A;PR;CerroAzul01;-24,82449;-49,26312;2025-03-07 09:30:00.0;0,00
CERRO AZUL;410520101A;PR;CerroAzul01;-24,82449;-49,26312;2025-03-07 10:30:00.0;0,00
CERRO AZUL;410520101A;PR;CerroAzul01;-24,82449;-49,26312;2025-03-07 11:30:00.0;0,00
CERRO AZUL;410520101A;PR;CerroAzul01;-24,82449;-49,26312;2025-03-07 12:30:00.0;0,00
CERRO AZUL;410520101A;PR;CerroAzul01;-24,82449;-49,26312;2025-03-07 13:30:00.0;0,00
CERRO AZUL;410520101A;PR;CerroAzul01;-24,82449;-49,26312;2025-03-07 14:30:00.0;0,00
CERRO AZUL;410520101A;PR;CerroAzul01;-24,82449;-49,26312;2025-03-07 15:30:00.0;0,00
CERRO AZUL;410520101A;PR;CerroAzul01;-24,82449;-49,26312;2025-03-07 16:30:00.0;0,00
CERRO AZUL;410520101A;PR;CerroAzul01;-24,82449;-49,26312;2025-03-07 17:30:00.0;0,00
CERRO AZUL;410520101A;PR;CerroAzul01;-24,82449;-49,26312;2025-03-07 18:30:00.0;0,00
CERRO AZUL;410520101A;PR;CerroAzul01;-24,82449;-49,26312;2025-03-07 19:30:00.0;0,00
CERRO AZUL;410520101A;PR;CerroAzul01;-24,82449;-49,26312;2025-03-07 20:30:00.0;0,00
CERRO AZUL;410520101A;PR;CerroAzul01;-24,82449;-49,26312;2025-03-07 21:30:00.0;0,00
CERRO AZUL;410520101A;PR;CerroAzul01;-24,82449;-49,26312;2025-03-07 22:30:00.0;0,00
CERRO AZUL;410520101A;PR;CerroAzul01;-24,82449;-49,26312;2025-03-07 23:30:00.0;0,00
CERRO AZUL;410520101A;PR;CerroAzul01;-24,82449;-49,26312;2025-03-08 00:30:00.0;0,00
CERRO AZUL;410520101A;PR;CerroAzul01;-24,82449;-49,26312;2025-03-08 01:30:00.0;0,00
CERRO AZUL;410520101A;PR;CerroAzul01;-24,82449;-49,26312;2025-03-08 02:30:00.0;0,00
CERRO AZUL;410520101A;PR;CerroAzul01;-24,82449;-49,26312;2025-03-08 03:30:00.0;0,00
CERRO AZUL;410520101A;PR;CerroAzul01;-24,82449;-49,26312;2025-03-08 04:30:00.0;0,00
CERRO AZUL;410520101A;PR;CerroAzul01;-24,82449;-49,26312;2025-03-08 05:30:00.0;0,00
CERRO AZUL;410520101A;PR;CerroAzul01;-24,82449;-49,26312;2025-03-08 06:30:00.0;0,00
CERRO AZUL;410520101A;PR;CerroAzul01;-24,82449;-49,26312;2025-03-08 07:30:00.0;0,00
CERRO AZUL;410520101A;PR;CerroAzul01;-24,82449;-49,26312;2025-03-08 08:30:00.0;0,00
CERRO AZUL;410520101A;PR;CerroAzul01;-24,82449;-49,26312;2025-03-08 09:30:00.0;0,00
CERRO AZUL;410520101A;PR;CerroAzul01;-24,82449;-49,26312;2025-03-08 10:30:00.0;0,00
CERRO AZUL;410520101A;PR;CerroAzul01;-24,82449;-49,26312;2025-03-08 11:30:00.0;0,00
CERRO AZUL;410520101A;PR;CerroAzul01;-24,82449;-49,26312;2025-03-08 12:30:00.0;0,00
CERRO AZUL;410520101A;PR;CerroAzul01;-24,82449;-49,26312;2025-03-08 13:30:00.0;0,00
CERRO AZUL;410520101A;PR;CerroAzul01;-24,82449;-49,26312;2025-03-08 14:30:00.0;0,00
CERRO AZUL;410520101A;PR;CerroAzul01;-24,82449;-49,26312;2025-03-08 15:30:00.0;0,00
CERRO AZUL;410520101A;PR;CerroAzul01;-24,82449;-49,26312;2025-03-08 16:30:00.0;0,00
CERRO AZUL;410520101A;PR;CerroAzul01;-24,82449;-49,26312;2025-03-08 17:30:00.0;0,00
CERRO AZUL;410520101A;PR;CerroAzul01;-24,82449;-49,26312;2025-03-08 18:30:00.0;0,00
CERRO AZUL;410520101A;PR;CerroAzul01;-24,82449;-49,26312;2025-03-08 19:30:00.0;0,00
CERRO AZUL;410520101A;PR;CerroAzul01;-24,82449;-49,26312;2025-03-08 20:30:00.0;0,00
CERRO AZUL;410520101A;PR;CerroAzul01;-24,82449;-49,26312;2025-03-08 21:30:00.0;0,00
CERRO AZUL;410520101A;PR;CerroAzul01;-24,82449;-49,26312;2025-03-08 22:30:00.0;0,00
CERRO AZUL;410520101A;PR;CerroAzul01;-24,82449;-49,26312;2025-03-08 23:30:00.0;0,00
CERRO AZUL;410520101A;PR;CerroAzul01;-24,82449;-49,26312;2025-03-09 00:30:00.0;0,00
CERRO AZUL;410520101A;PR;CerroAzul01;-24,82449;-49,26312;2025-03-09 01:30:00.0;0,00
CERRO AZUL;410520101A;PR;CerroAzul01;-24,82449;-49,26312;2025-03-09 02:30:00.0;0,00
CERRO AZUL;410520101A;PR;CerroAzul01;-24,82449;-49,26312;2025-03-09 03:30:00.0;0,00
CERRO AZUL;410520101A;PR;CerroAzul01;-24,82449;-49,26312;2025-03-09 04:30:00.0;0,00
CERRO AZUL;410520101A;PR;CerroAzul01;-24,82449;-49,26312;2025-03-09 05:30:00.0;0,00
CERRO AZUL;410520101A;PR;CerroAzul01;-24,82449;-49,26312;2025-03-09 06:30:00.0;0,00
CERRO AZUL;410520101A;PR;CerroAzul01;-24,82449;-49,26312;2025-03-09 07:30:00.0;0,00
CERRO AZUL;410520101A;PR;CerroAzul01;-24,82449;-49,26312;2025-03-09 08:30:00.0;0,00
CERRO AZUL;410520101A;PR;CerroAzul01;-24,82449;-49,26312;2025-03-09 09:30:00.0;0,00
CERRO AZUL;410520101A;PR;CerroAzul01;-24,82449;-49,26312;2025-03-09 10:30:00.0;0,00
CERRO AZUL;410520101A;PR;CerroAzul01;-24,82449;-49,26312;2025-03-09 11:30:00.0;0,00
CERRO AZUL;410520101A;PR;CerroAzul01;-24,82449;-49,26312;2025-03-09 12:30:00.0;0,00
CERRO AZUL;410520101A;PR;CerroAzul01;-24,82449;-49,26312;2025-03-09 13:30:00.0;0,00
CERRO AZUL;410520101A;PR;CerroAzul01;-24,82449;-49,26312;2025-03-09 14:30:00.0;0,00
CERRO AZUL;410520101A;PR;CerroAzul01;-24,82449;-49,26312;2025-03-09 16:30:00.0;0,00
CERRO AZUL;410520101A;PR;CerroAzul01;-24,82449;-49,26312;2025-03-09 17:30:00.0;0,00
CERRO AZUL;410520101A;PR;CerroAzul01;-24,82449;-49,26312;2025-03-09 18:30:00.0;0,00
CERRO AZUL;410520101A;PR;CerroAzul01;-24,82449;-49,26312;2025-03-09 19:30:00.0;0,00
CERRO AZUL;410520101A;PR;CerroAzul01;-24,82449;-49,26312;2025-03-09 20:30:00.0;0,00
CERRO AZUL;410520101A;PR;CerroAzul01;-24,82449;-49,26312;2025-03-09 21:30:00.0;0,00
CERRO AZUL;410520101A;PR;CerroAzul01;-24,82449;-49,26312;2025-03-09 22:30:00.0;0,00
CERRO AZUL;410520101A;PR;CerroAzul01;-24,82449;-49,26312;2025-03-09 22:50:00.0;1,00
CERRO AZUL;410520101A;PR;CerroAzul01;-24,82449;-49,26312;2025-03-09 23:00:00.0;9,00
CERRO AZUL;410520101A;PR;CerroAzul01;-24,82449;-49,26312;2025-03-09 23:10:00.0;4,60
CERRO AZUL;410520101A;PR;CerroAzul01;-24,82449;-49,26312;2025-03-09 23:20:00.0;0,20
CERRO AZUL;410520101A;PR;CerroAzul01;-24,82449;-49,26312;2025-03-09 23:30:00.0;0,00
CERRO AZUL;410520101A;PR;CerroAzul01;-24,82449;-49,26312;2025-03-10 00:30:00.0;0,20
CERRO AZUL;410520101A;PR;CerroAzul01;-24,82449;-49,26312;2025-03-10 01:10:00.0;0,80
CERRO AZUL;410520101A;PR;CerroAzul01;-24,82449;-49,26312;2025-03-10 01:20:00.0;0,20
CERRO AZUL;410520101A;PR;CerroAzul01;-24,82449;-49,26312;2025-03-10 01:30:00.0;0,20
CERRO AZUL;410520101A;PR;CerroAzul01;-24,82449;-49,26312;2025-03-10 02:30:00.0;0,00
CERRO AZUL;410520101A;PR;CerroAzul01;-24,82449;-49,26312;2025-03-10 03:30:00.0;0,00
CERRO AZUL;410520101A;PR;CerroAzul01;-24,82449;-49,26312;2025-03-10 04:30:00.0;0,00
CERRO AZUL;410520101A;PR;CerroAzul01;-24,82449;-49,26312;2025-03-10 05:30:00.0;0,00
CERRO AZUL;410520101A;PR;CerroAzul01;-24,82449;-49,26312;2025-03-10 06:30:00.0;0,00
CERRO AZUL;410520101A;PR;CerroAzul01;-24,82449;-49,26312;2025-03-10 07:30:00.0;0,00
CERRO AZUL;410520101A;PR;CerroAzul01;-24,82449;-49,26312;2025-03-10 08:30:00.0;0,00
CERRO AZUL;410520101A;PR;CerroAzul01;-24,82449;-49,26312;2025-03-10 09:30:00.0;0,00
CERRO AZUL;410520101A;PR;CerroAzul01;-24,82449;-49,26312;2025-03-10 10:30:00.0;0,00
CERRO AZUL;410520101A;PR;CerroAzul01;-24,82449;-49,26312;2025-03-10 11:30:00.0;0,00
CERRO AZUL;410520101A;PR;CerroAzul01;-24,82449;-49,26312;2025-03-10 12:30:00.0;0,00
CERRO AZUL;410520101A;PR;CerroAzul01;-24,82449;-49,26312;2025-03-10 13:30:00.0;0,00
CERRO AZUL;410520101A;PR;CerroAzul01;-24,82449;-49,26312;2025-03-10 14:30:00.0;0,00
CERRO AZUL;410520101A;PR;CerroAzul01;-24,82449;-49,26312;2025-03-10 15:30:00.0;0,00
CERRO AZUL;410520101A;PR;CerroAzul01;-24,82449;-49,26312;2025-03-10 16:30:00.0;0,00
CERRO AZUL;410520101A;PR;CerroAzul01;-24,82449;-49,26312;2025-03-10 17:30:00.0;0,00
CERRO AZUL;410520101A;PR;CerroAzul01;-24,82449;-49,26312;2025-03-10 18:30:00.0;0,00
CERRO AZUL;410520101A;PR;CerroAzul01;-24,82449;-49,26312;2025-03-10 19:30:00.0;0,00
CERRO AZUL;410520101A;PR;CerroAzul01;-24,82449;-49,26312;2025-03-10 20:30:00.0;0,00
CERRO AZUL;410520101A;PR;CerroAzul01;-24,82449;-49,26312;2025-03-10 21:30:00.0;0,00
CERRO AZUL;410520101A;PR;CerroAzul01;-24,82449;-49,26312;2025-03-10 22:30:00.0;0,00
CERRO AZUL;410520101A;PR;CerroAzul01;-24,82449;-49,26312;2025-03-10 23:30:00.0;0,00
CERRO AZUL;410520101A;PR;CerroAzul01;-24,82449;-49,26312;2025-03-11 00:30:00.0;0,00
CERRO AZUL;410520101A;PR;CerroAzul01;-24,82449;-49,26312;2025-03-11 01:30:00.0;0,00
CERRO AZUL;410520101A;PR;CerroAzul01;-24,82449;-49,26312;2025-03-11 02:30:00.0;0,00
CERRO AZUL;410520101A;PR;CerroAzul01;-24,82449;-49,26312;2025-03-11 03:30:00.0;0,00
CERRO AZUL;410520101A;PR;CerroAzul01;-24,82449;-49,26312;2025-03-11 04:30:00.0;0,00
CERRO AZUL;410520101A;PR;CerroAzul01;-24,82449;-49,26312;2025-03-11 05:30:00.0;0,00
CERRO AZUL;410520101A;PR;CerroAzul01;-24,82449;-49,26312;2025-03-11 06:30:00.0;0,00
CERRO AZUL;410520101A;PR;CerroAzul01;-24,82449;-49,26312;2025-03-11 07:30:00.0;0,00
CERRO AZUL;410520101A;PR;CerroAzul01;-24,82449;-49,26312;2025-03-11 08:30:00.0;0,00
CERRO AZUL;410520101A;PR;CerroAzul01;-24,82449;-49,26312;2025-03-11 09:30:00.0;0,00
CERRO AZUL;410520101A;PR;CerroAzul01;-24,82449;-49,26312;2025-03-11 10:30:00.0;0,00
CERRO AZUL;410520101A;PR;CerroAzul01;-24,82449;-49,26312;2025-03-11 11:30:00.0;0,00
CERRO AZUL;410520101A;PR;CerroAzul01;-24,82449;-49,26312;2025-03-11 12:30:00.0;0,00
CERRO AZUL;410520101A;PR;CerroAzul01;-24,82449;-49,26312;2025-03-11 13:30:00.0;0,00
CERRO AZUL;410520101A;PR;CerroAzul01;-24,82449;-49,26312;2025-03-11 14:30:00.0;0,00
CERRO AZUL;410520101A;PR;CerroAzul01;-24,82449;-49,26312;2025-03-11 15:30:00.0;0,00
CERRO AZUL;410520101A;PR;CerroAzul01;-24,82449;-49,26312;2025-03-11 16:30:00.0;0,00
CERRO AZUL;410520101A;PR;CerroAzul01;-24,82449;-49,26312;2025-03-11 17:30:00.0;0,00
CERRO AZUL;410520101A;PR;CerroAzul01;-24,82449;-49,26312;2025-03-11 18:30:00.0;0,00
CERRO AZUL;410520101A;PR;CerroAzul01;-24,82449;-49,26312;2025-03-11 19:30:00.0;0,00
CERRO AZUL;410520101A;PR;CerroAzul01;-24,82449;-49,26312;2025-03-11 20:30:00.0;0,40
CERRO AZUL;410520101A;PR;CerroAzul01;-24,82449;-49,26312;2025-03-11 20:40:00.0;0,80
CERRO AZUL;410520101A;PR;CerroAzul01;-24,82449;-49,26312;2025-03-11 20:50:00.0;0,20
CERRO AZUL;410520101A;PR;CerroAzul01;-24,82449;-49,26312;2025-03-11 21:00:00.0;0,20
CERRO AZUL;410520101A;PR;CerroAzul01;-24,82449;-49,26312;2025-03-11 21:10:00.0;0,20
CERRO AZUL;410520101A;PR;CerroAzul01;-24,82449;-49,26312;2025-03-11 21:20:00.0;0,20
CERRO AZUL;410520101A;PR;CerroAzul01;-24,82449;-49,26312;2025-03-11 21:30:00.0;0,20
CERRO AZUL;410520101A;PR;CerroAzul01;-24,82449;-49,26312;2025-03-11 21:40:00.0;0,40
CERRO AZUL;410520101A;PR;CerroAzul01;-24,82449;-49,26312;2025-03-11 21:50:00.0;0,40
CERRO AZUL;410520101A;PR;CerroAzul01;-24,82449;-49,26312;2025-03-11 22:00:00.0;0,40
CERRO AZUL;410520101A;PR;CerroAzul01;-24,82449;-49,26312;2025-03-11 22:10:00.0;0,60
CERRO AZUL;410520101A;PR;CerroAzul01;-24,82449;-49,26312;2025-03-11 22:20:00.0;1,40
CERRO AZUL;410520101A;PR;CerroAzul01;-24,82449;-49,26312;2025-03-11 22:30:00.0;0,60
CERRO AZUL;410520101A;PR;CerroAzul01;-24,82449;-49,26312;2025-03-11 22:40:00.0;1,20
CERRO AZUL;410520101A;PR;CerroAzul01;-24,82449;-49,26312;2025-03-11 22:50:00.0;0,20
CERRO AZUL;410520101A;PR;CerroAzul01;-24,82449;-49,26312;2025-03-11 23:00:00.0;0,80
CERRO AZUL;410520101A;PR;CerroAzul01;-24,82449;-49,26312;2025-03-11 23:10:00.0;0,60
CERRO AZUL;410520101A;PR;CerroAzul01;-24,82449;-49,26312;2025-03-11 23:20:00.0;0,40
CERRO AZUL;410520101A;PR;CerroAzul01;-24,82449;-49,26312;2025-03-11 23:30:00.0;0,80
CERRO AZUL;410520101A;PR;CerroAzul01;-24,82449;-49,26312;2025-03-11 23:40:00.0;0,60
CERRO AZUL;410520101A;PR;CerroAzul01;-24,82449;-49,26312;2025-03-11 23:50:00.0;0,60
CERRO AZUL;410520101A;PR;CerroAzul01;-24,82449;-49,26312;2025-03-12 00:00:00.0;0,60
CERRO AZUL;410520101A;PR;CerroAzul01;-24,82449;-49,26312;2025-03-12 00:10:00.0;0,60
CERRO AZUL;410520101A;PR;CerroAzul01;-24,82449;-49,26312;2025-03-12 00:20:00.0;0,60
CERRO AZUL;410520101A;PR;CerroAzul01;-24,82449;-49,26312;2025-03-12 00:30:00.0;0,40
CERRO AZUL;410520101A;PR;CerroAzul01;-24,82449;-49,26312;2025-03-12 00:40:00.0;0,20
CERRO AZUL;410520101A;PR;CerroAzul01;-24,82449;-49,26312;2025-03-12 01:30:00.0;0,00
CERRO AZUL;410520101A;PR;CerroAzul01;-24,82449;-49,26312;2025-03-12 02:30:00.0;0,00
CERRO AZUL;410520101A;PR;CerroAzul01;-24,82449;-49,26312;2025-03-12 03:30:00.0;0,00
CERRO AZUL;410520101A;PR;CerroAzul01;-24,82449;-49,26312;2025-03-12 04:30:00.0;0,00
CERRO AZUL;410520101A;PR;CerroAzul01;-24,82449;-49,26312;2025-03-12 05:30:00.0;0,00
CERRO AZUL;410520101A;PR;CerroAzul01;-24,82449;-49,26312;2025-03-12 06:30:00.0;0,00
CERRO AZUL;410520101A;PR;CerroAzul01;-24,82449;-49,26312;2025-03-12 07:30:00.0;0,00
CERRO AZUL;410520101A;PR;CerroAzul01;-24,82449;-49,26312;2025-03-12 07:40:00.0;0,20
CERRO AZUL;410520101A;PR;CerroAzul01;-24,82449;-49,26312;2025-03-12 08:20:00.0;0,20
CERRO AZUL;410520101A;PR;CerroAzul01;-24,82449;-49,26312;2025-03-12 08:30:00.0;0,00
CERRO AZUL;410520101A;PR;CerroAzul01;-24,82449;-49,26312;2025-03-12 09:30:00.0;0,00
CERRO AZUL;410520101A;PR;CerroAzul01;-24,82449;-49,26312;2025-03-12 10:30:00.0;0,00
CERRO AZUL;410520101A;PR;CerroAzul01;-24,82449;-49,26312;2025-03-12 11:30:00.0;0,00
CERRO AZUL;410520101A;PR;CerroAzul01;-24,82449;-49,26312;2025-03-12 12:30:00.0;0,00
CERRO AZUL;410520101A;PR;CerroAzul01;-24,82449;-49,26312;2025-03-12 13:30:00.0;0,00
CERRO AZUL;410520101A;PR;CerroAzul01;-24,82449;-49,26312;2025-03-12 14:30:00.0;0,00
CERRO AZUL;410520101A;PR;CerroAzul01;-24,82449;-49,26312;2025-03-12 15:30:00.0;0,00
CERRO AZUL;410520101A;PR;CerroAzul01;-24,82449;-49,26312;2025-03-12 16:30:00.0;0,00
CERRO AZUL;410520101A;PR;CerroAzul01;-24,82449;-49,26312;2025-03-12 17:30:00.0;0,00
CERRO AZUL;410520101A;PR;CerroAzul01;-24,82449;-49,26312;2025-03-12 18:30:00.0;0,00
CERRO AZUL;410520101A;PR;CerroAzul01;-24,82449;-49,26312;2025-03-12 19:30:00.0;0,00
CERRO AZUL;410520101A;PR;CerroAzul01;-24,82449;-49,26312;2025-03-12 20:30:00.0;0,00
CERRO AZUL;410520101A;PR;CerroAzul01;-24,82449;-49,26312;2025-03-12 20:40:00.0;0,20
CERRO AZUL;410520101A;PR;CerroAzul01;-24,82449;-49,26312;2025-03-12 20:50:00.0;0,20
CERRO AZUL;410520101A;PR;CerroAzul01;-24,82449;-49,26312;2025-03-12 21:00:00.0;0,20
CERRO AZUL;410520101A;PR;CerroAzul01;-24,82449;-49,26312;2025-03-12 21:30:00.0;0,00
CERRO AZUL;410520101A;PR;CerroAzul01;-24,82449;-49,26312;2025-03-12 22:30:00.0;0,00
CERRO AZUL;410520101A;PR;CerroAzul01;-24,82449;-49,26312;2025-03-12 23:30:00.0;0,00
CERRO AZUL;410520101A;PR;CerroAzul01;-24,82449;-49,26312;2025-03-13 00:30:00.0;0,00
CERRO AZUL;410520101A;PR;CerroAzul01;-24,82449;-49,26312;2025-03-13 01:30:00.0;0,00
CERRO AZUL;410520101A;PR;CerroAzul01;-24,82449;-49,26312;2025-03-13 02:30:00.0;0,00
CERRO AZUL;410520101A;PR;CerroAzul01;-24,82449;-49,26312;2025-03-13 03:30:00.0;0,00
CERRO AZUL;410520101A;PR;CerroAzul01;-24,82449;-49,26312;2025-03-13 04:30:00.0;0,00
CERRO AZUL;410520101A;PR;CerroAzul01;-24,82449;-49,26312;2025-03-13 04:40:00.0;1,20
CERRO AZUL;410520101A;PR;CerroAzul01;-24,82449;-49,26312;2025-03-13 04:50:00.0;1,60
CERRO AZUL;410520101A;PR;CerroAzul01;-24,82449;-49,26312;2025-03-13 05:00:00.0;1,80
CERRO AZUL;410520101A;PR;CerroAzul01;-24,82449;-49,26312;2025-03-13 05:10:00.0;1,00
CERRO AZUL;410520101A;PR;CerroAzul01;-24,82449;-49,26312;2025-03-13 05:20:00.0;1,20
CERRO AZUL;410520101A;PR;CerroAzul01;-24,82449;-49,26312;2025-03-13 05:30:00.0;0,20
CERRO AZUL;410520101A;PR;CerroAzul01;-24,82449;-49,26312;2025-03-13 05:40:00.0;0,20
CERRO AZUL;410520101A;PR;CerroAzul01;-24,82449;-49,26312;2025-03-13 05:50:00.0;0,20
CERRO AZUL;410520101A;PR;CerroAzul01;-24,82449;-49,26312;2025-03-13 06:00:00.0;0,20
CERRO AZUL;410520101A;PR;CerroAzul01;-24,82449;-49,26312;2025-03-13 06:20:00.0;0,40
CERRO AZUL;410520101A;PR;CerroAzul01;-24,82449;-49,26312;2025-03-13 06:40:00.0;0,20
CERRO AZUL;410520101A;PR;CerroAzul01;-24,82449;-49,26312;2025-03-13 06:50:00.0;1,00
CERRO AZUL;410520101A;PR;CerroAzul01;-24,82449;-49,26312;2025-03-13 07:00:00.0;4,40
CERRO AZUL;410520101A;PR;CerroAzul01;-24,82449;-49,26312;2025-03-13 07:10:00.0;2,20
CERRO AZUL;410520101A;PR;CerroAzul01;-24,82449;-49,26312;2025-03-13 07:20:00.0;9,40
CERRO AZUL;410520101A;PR;CerroAzul01;-24,82449;-49,26312;2025-03-13 07:30:00.0;7,00
CERRO AZUL;410520101A;PR;CerroAzul01;-24,82449;-49,26312;2025-03-13 07:40:00.0;5,20
CERRO AZUL;410520101A;PR;CerroAzul01;-24,82449;-49,26312;2025-03-13 07:50:00.0;3,00
CERRO AZUL;410520101A;PR;CerroAzul01;-24,82449;-49,26312;2025-03-13 08:00:00.0;2,00
CERRO AZUL;410520101A;PR;CerroAzul01;-24,82449;-49,26312;2025-03-13 08:10:00.0;2,80
CERRO AZUL;410520101A;PR;CerroAzul01;-24,82449;-49,26312;2025-03-13 08:20:00.0;0,80
CERRO AZUL;410520101A;PR;CerroAzul01;-24,82449;-49,26312;2025-03-13 08:30:00.0;0,40
CERRO AZUL;410520101A;PR;CerroAzul01;-24,82449;-49,26312;2025-03-13 08:50:00.0;0,20
CERRO AZUL;410520101A;PR;CerroAzul01;-24,82449;-49,26312;2025-03-13 09:30:00.0;0,00
CERRO AZUL;410520101A;PR;CerroAzul01;-24,82449;-49,26312;2025-03-13 10:30:00.0;0,00
CERRO AZUL;410520101A;PR;CerroAzul01;-24,82449;-49,26312;2025-03-13 11:30:00.0;0,00
CERRO AZUL;410520101A;PR;CerroAzul01;-24,82449;-49,26312;2025-03-13 12:30:00.0;0,00
CERRO AZUL;410520101A;PR;CerroAzul01;-24,82449;-49,26312;2025-03-13 13:30:00.0;0,00
CERRO AZUL;410520101A;PR;CerroAzul01;-24,82449;-49,26312;2025-03-13 14:30:00.0;0,00
CERRO AZUL;410520101A;PR;CerroAzul01;-24,82449;-49,26312;2025-03-13 14:50:00.0;0,20
CERRO AZUL;410520101A;PR;CerroAzul01;-24,82449;-49,26312;2025-03-13 15:30:00.0;0,00
CERRO AZUL;410520101A;PR;CerroAzul01;-24,82449;-49,26312;2025-03-13 16:30:00.0;0,00
CERRO AZUL;410520101A;PR;CerroAzul01;-24,82449;-49,26312;2025-03-13 17:30:00.0;0,00
CERRO AZUL;410520101A;PR;CerroAzul01;-24,82449;-49,26312;2025-03-13 18:30:00.0;0,00
CERRO AZUL;410520101A;PR;CerroAzul01;-24,82449;-49,26312;2025-03-13 19:30:00.0;0,00
CERRO AZUL;410520101A;PR;CerroAzul01;-24,82449;-49,26312;2025-03-13 20:30:00.0;0,00
CERRO AZUL;410520101A;PR;CerroAzul01;-24,82449;-49,26312;2025-03-13 21:30:00.0;0,00
CERRO AZUL;410520101A;PR;CerroAzul01;-24,82449;-49,26312;2025-03-13 22:30:00.0;0,00
CERRO AZUL;410520101A;PR;CerroAzul01;-24,82449;-49,26312;2025-03-13 23:30:00.0;0,00
CERRO AZUL;410520101A;PR;CerroAzul01;-24,82449;-49,26312;2025-03-14 00:30:00.0;0,00
CERRO AZUL;410520101A;PR;CerroAzul01;-24,82449;-49,26312;2025-03-14 01:30:00.0;0,00
CERRO AZUL;410520101A;PR;CerroAzul01;-24,82449;-49,26312;2025-03-14 02:30:00.0;0,00
CERRO AZUL;410520101A;PR;CerroAzul01;-24,82449;-49,26312;2025-03-14 03:30:00.0;0,00
CERRO AZUL;410520101A;PR;CerroAzul01;-24,82449;-49,26312;2025-03-14 04:30:00.0;0,00
CERRO AZUL;410520101A;PR;CerroAzul01;-24,82449;-49,26312;2025-03-14 05:30:00.0;0,00
CERRO AZUL;410520101A;PR;CerroAzul01;-24,82449;-49,26312;2025-03-14 06:30:00.0;0,00
CERRO AZUL;410520101A;PR;CerroAzul01;-24,82449;-49,26312;2025-03-14 07:30:00.0;0,00
CERRO AZUL;410520101A;PR;CerroAzul01;-24,82449;-49,26312;2025-03-14 08:30:00.0;0,00
CERRO AZUL;410520101A;PR;CerroAzul01;-24,82449;-49,26312;2025-03-14 09:30:00.0;0,00
CERRO AZUL;410520101A;PR;CerroAzul01;-24,82449;-49,26312;2025-03-14 10:30:00.0;0,00
CERRO AZUL;410520101A;PR;CerroAzul01;-24,82449;-49,26312;2025-03-14 11:30:00.0;0,00
CERRO AZUL;410520101A;PR;CerroAzul01;-24,82449;-49,26312;2025-03-14 12:30:00.0;0,00
CERRO AZUL;410520101A;PR;CerroAzul01;-24,82449;-49,26312;2025-03-14 13:30:00.0;0,00
CERRO AZUL;410520101A;PR;CerroAzul01;-24,82449;-49,26312;2025-03-14 14:20:00.0;0,20
CERRO AZUL;410520101A;PR;CerroAzul01;-24,82449;-49,26312;2025-03-14 14:30:00.0;0,00
CERRO AZUL;410520101A;PR;CerroAzul01;-24,82449;-49,26312;2025-03-14 15:30:00.0;0,00
CERRO AZUL;410520101A;PR;CerroAzul01;-24,82449;-49,26312;2025-03-14 16:30:00.0;0,00
CERRO AZUL;410520101A;PR;CerroAzul01;-24,82449;-49,26312;2025-03-14 17:30:00.0;0,00
CERRO AZUL;410520101A;PR;CerroAzul01;-24,82449;-49,26312;2025-03-14 18:30:00.0;0,00
CERRO AZUL;410520101A;PR;CerroAzul01;-24,82449;-49,26312;2025-03-14 19:30:00.0;0,00
CERRO AZUL;410520101A;PR;CerroAzul01;-24,82449;-49,26312;2025-03-14 20:30:00.0;0,00
CERRO AZUL;410520101A;PR;CerroAzul01;-24,82449;-49,26312;2025-03-14 21:30:00.0;0,00
CERRO AZUL;410520101A;PR;CerroAzul01;-24,82449;-49,26312;2025-03-14 22:30:00.0;0,00
CERRO AZUL;410520101A;PR;CerroAzul01;-24,82449;-49,26312;2025-03-14 23:30:00.0;0,00
CERRO AZUL;410520101A;PR;CerroAzul01;-24,82449;-49,26312;2025-03-15 00:30:00.0;0,00
CERRO AZUL;410520101A;PR;CerroAzul01;-24,82449;-49,26312;2025-03-15 01:30:00.0;0,00
CERRO AZUL;410520101A;PR;CerroAzul01;-24,82449;-49,26312;2025-03-15 02:30:00.0;0,00
CERRO AZUL;410520101A;PR;CerroAzul01;-24,82449;-49,26312;2025-03-15 03:30:00.0;0,00
CERRO AZUL;410520101A;PR;CerroAzul01;-24,82449;-49,26312;2025-03-15 04:30:00.0;0,00
CERRO AZUL;410520101A;PR;CerroAzul01;-24,82449;-49,26312;2025-03-15 05:30:00.0;0,00
CERRO AZUL;410520101A;PR;CerroAzul01;-24,82449;-49,26312;2025-03-15 06:30:00.0;0,00
CERRO AZUL;410520101A;PR;CerroAzul01;-24,82449;-49,26312;2025-03-15 07:30:00.0;0,00
CERRO AZUL;410520101A;PR;CerroAzul01;-24,82449;-49,26312;2025-03-15 08:30:00.0;0,00
CERRO AZUL;410520101A;PR;CerroAzul01;-24,82449;-49,26312;2025-03-15 09:30:00.0;0,00
CERRO AZUL;410520101A;PR;CerroAzul01;-24,82449;-49,26312;2025-03-15 10:30:00.0;0,00
CERRO AZUL;410520101A;PR;CerroAzul01;-24,82449;-49,26312;2025-03-15 11:30:00.0;0,00
CERRO AZUL;410520101A;PR;CerroAzul01;-24,82449;-49,26312;2025-03-15 12:30:00.0;0,00
CERRO AZUL;410520101A;PR;CerroAzul01;-24,82449;-49,26312;2025-03-15 13:30:00.0;0,00
CERRO AZUL;410520101A;PR;CerroAzul01;-24,82449;-49,26312;2025-03-15 14:30:00.0;0,00
CERRO AZUL;410520101A;PR;CerroAzul01;-24,82449;-49,26312;2025-03-15 15:30:00.0;0,00
CERRO AZUL;410520101A;PR;CerroAzul01;-24,82449;-49,26312;2025-03-15 16:30:00.0;0,00
CERRO AZUL;410520101A;PR;CerroAzul01;-24,82449;-49,26312;2025-03-15 17:30:00.0;0,00
CERRO AZUL;410520101A;PR;CerroAzul01;-24,82449;-49,26312;2025-03-15 18:30:00.0;0,00
CERRO AZUL;410520101A;PR;CerroAzul01;-24,82449;-49,26312;2025-03-15 19:00:00.0;0,20
CERRO AZUL;410520101A;PR;CerroAzul01;-24,82449;-49,26312;2025-03-15 19:10:00.0;0,40
CERRO AZUL;410520101A;PR;CerroAzul01;-24,82449;-49,26312;2025-03-15 19:20:00.0;0,40
CERRO AZUL;410520101A;PR;CerroAzul01;-24,82449;-49,26312;2025-03-15 19:30:00.0;0,40
CERRO AZUL;410520101A;PR;CerroAzul01;-24,82449;-49,26312;2025-03-15 19:40:00.0;0,20
CERRO AZUL;410520101A;PR;CerroAzul01;-24,82449;-49,26312;2025-03-15 19:50:00.0;0,60
CERRO AZUL;410520101A;PR;CerroAzul01;-24,82449;-49,26312;2025-03-15 20:00:00.0;0,40
CERRO AZUL;410520101A;PR;CerroAzul01;-24,82449;-49,26312;2025-03-15 20:10:00.0;0,20
CERRO AZUL;410520101A;PR;CerroAzul01;-24,82449;-49,26312;2025-03-15 20:20:00.0;0,40
CERRO AZUL;410520101A;PR;CerroAzul01;-24,82449;-49,26312;2025-03-15 20:30:00.0;1,00
CERRO AZUL;410520101A;PR;CerroAzul01;-24,82449;-49,26312;2025-03-15 20:40:00.0;0,40
CERRO AZUL;410520101A;PR;CerroAzul01;-24,82449;-49,26312;2025-03-15 20:50:00.0;0,80
CERRO AZUL;410520101A;PR;CerroAzul01;-24,82449;-49,26312;2025-03-15 21:00:00.0;0,60
CERRO AZUL;410520101A;PR;CerroAzul01;-24,82449;-49,26312;2025-03-15 21:10:00.0;0,20
CERRO AZUL;410520101A;PR;CerroAzul01;-24,82449;-49,26312;2025-03-15 21:20:00.0;0,20
CERRO AZUL;410520101A;PR;CerroAzul01;-24,82449;-49,26312;2025-03-15 21:30:00.0;0,20
CERRO AZUL;410520101A;PR;CerroAzul01;-24,82449;-49,26312;2025-03-15 21:40:00.0;0,80
CERRO AZUL;410520101A;PR;CerroAzul01;-24,82449;-49,26312;2025-03-15 21:50:00.0;0,60
CERRO AZUL;410520101A;PR;CerroAzul01;-24,82449;-49,26312;2025-03-15 22:00:00.0;0,40
CERRO AZUL;410520101A;PR;CerroAzul01;-24,82449;-49,26312;2025-03-15 22:10:00.0;0,20
CERRO AZUL;410520101A;PR;CerroAzul01;-24,82449;-49,26312;2025-03-15 22:20:00.0;0,60
CERRO AZUL;410520101A;PR;CerroAzul01;-24,82449;-49,26312;2025-03-15 22:30:00.0;0,20
CERRO AZUL;410520101A;PR;CerroAzul01;-24,82449;-49,26312;2025-03-15 22:40:00.0;0,20
CERRO AZUL;410520101A;PR;CerroAzul01;-24,82449;-49,26312;2025-03-15 22:50:00.0;0,20
CERRO AZUL;410520101A;PR;CerroAzul01;-24,82449;-49,26312;2025-03-15 23:00:00.0;0,20
CERRO AZUL;410520101A;PR;CerroAzul01;-24,82449;-49,26312;2025-03-15 23:30:00.0;0,00
CERRO AZUL;410520101A;PR;CerroAzul01;-24,82449;-49,26312;2025-03-16 00:30:00.0;0,00
CERRO AZUL;410520101A;PR;CerroAzul01;-24,82449;-49,26312;2025-03-16 01:30:00.0;0,00
CERRO AZUL;410520101A;PR;CerroAzul01;-24,82449;-49,26312;2025-03-16 02:30:00.0;0,00
CERRO AZUL;410520101A;PR;CerroAzul01;-24,82449;-49,26312;2025-03-16 03:30:00.0;0,00
CERRO AZUL;410520101A;PR;CerroAzul01;-24,82449;-49,26312;2025-03-16 04:30:00.0;0,00
CERRO AZUL;410520101A;PR;CerroAzul01;-24,82449;-49,26312;2025-03-16 05:30:00.0;0,00
CERRO AZUL;410520101A;PR;CerroAzul01;-24,82449;-49,26312;2025-03-16 06:30:00.0;0,00
CERRO AZUL;410520101A;PR;CerroAzul01;-24,82449;-49,26312;2025-03-16 07:30:00.0;0,00
CERRO AZUL;410520101A;PR;CerroAzul01;-24,82449;-49,26312;2025-03-16 08:30:00.0;0,00
CERRO AZUL;410520101A;PR;CerroAzul01;-24,82449;-49,26312;2025-03-16 09:30:00.0;0,00
CERRO AZUL;410520101A;PR;CerroAzul01;-24,82449;-49,26312;2025-03-16 10:30:00.0;0,00
CERRO AZUL;410520101A;PR;CerroAzul01;-24,82449;-49,26312;2025-03-16 11:30:00.0;0,00
CERRO AZUL;410520101A;PR;CerroAzul01;-24,82449;-49,26312;2025-03-16 12:30:00.0;0,00
CERRO AZUL;410520101A;PR;CerroAzul01;-24,82449;-49,26312;2025-03-16 13:30:00.0;0,00
CERRO AZUL;410520101A;PR;CerroAzul01;-24,82449;-49,26312;2025-03-16 14:30:00.0;0,00
CERRO AZUL;410520101A;PR;CerroAzul01;-24,82449;-49,26312;2025-03-16 15:30:00.0;0,00
CERRO AZUL;410520101A;PR;CerroAzul01;-24,82449;-49,26312;2025-03-16 16:30:00.0;0,00
CERRO AZUL;410520101A;PR;CerroAzul01;-24,82449;-49,26312;2025-03-16 17:30:00.0;0,00
CERRO AZUL;410520101A;PR;CerroAzul01;-24,82449;-49,26312;2025-03-16 18:30:00.0;0,00
CERRO AZUL;410520101A;PR;CerroAzul01;-24,82449;-49,26312;2025-03-16 19:30:00.0;0,00
CERRO AZUL;410520101A;PR;CerroAzul01;-24,82449;-49,26312;2025-03-16 20:30:00.0;0,00
CERRO AZUL;410520101A;PR;CerroAzul01;-24,82449;-49,26312;2025-03-16 21:30:00.0;0,00
CERRO AZUL;410520101A;PR;CerroAzul01;-24,82449;-49,26312;2025-03-16 22:30:00.0;0,00
CERRO AZUL;410520101A;PR;CerroAzul01;-24,82449;-49,26312;2025-03-16 23:30:00.0;0,00
CERRO AZUL;410520101A;PR;CerroAzul01;-24,82449;-49,26312;2025-03-17 00:30:00.0;0,00
CERRO AZUL;410520101A;PR;CerroAzul01;-24,82449;-49,26312;2025-03-17 01:30:00.0;0,00
CERRO AZUL;410520101A;PR;CerroAzul01;-24,82449;-49,26312;2025-03-17 02:30:00.0;0,00
CERRO AZUL;410520101A;PR;CerroAzul01;-24,82449;-49,26312;2025-03-17 03:30:00.0;0,00
CERRO AZUL;410520101A;PR;CerroAzul01;-24,82449;-49,26312;2025-03-17 04:30:00.0;0,00
CERRO AZUL;410520101A;PR;CerroAzul01;-24,82449;-49,26312;2025-03-17 05:30:00.0;0,00
CERRO AZUL;410520101A;PR;CerroAzul01;-24,82449;-49,26312;2025-03-17 06:30:00.0;0,00
CERRO AZUL;410520101A;PR;CerroAzul01;-24,82449;-49,26312;2025-03-17 07:30:00.0;0,00
CERRO AZUL;410520101A;PR;CerroAzul01;-24,82449;-49,26312;2025-03-17 08:30:00.0;0,00
CERRO AZUL;410520101A;PR;CerroAzul01;-24,82449;-49,26312;2025-03-17 09:30:00.0;0,00
CERRO AZUL;410520101A;PR;CerroAzul01;-24,82449;-49,26312;2025-03-17 10:30:00.0;0,00
CERRO AZUL;410520101A;PR;CerroAzul01;-24,82449;-49,26312;2025-03-17 11:30:00.0;0,00
CERRO AZUL;410520101A;PR;CerroAzul01;-24,82449;-49,26312;2025-03-17 11:40:00.0;0,20
CERRO AZUL;410520101A;PR;CerroAzul01;-24,82449;-49,26312;2025-03-17 12:30:00.0;0,00
CERRO AZUL;410520101A;PR;CerroAzul01;-24,82449;-49,26312;2025-03-17 13:30:00.0;0,00
CERRO AZUL;410520101A;PR;CerroAzul01;-24,82449;-49,26312;2025-03-17 14:30:00.0;0,00
CERRO AZUL;410520101A;PR;CerroAzul01;-24,82449;-49,26312;2025-03-17 15:30:00.0;0,00
CERRO AZUL;410520101A;PR;CerroAzul01;-24,82449;-49,26312;2025-03-17 16:30:00.0;0,00
CERRO AZUL;410520101A;PR;CerroAzul01;-24,82449;-49,26312;2025-03-17 17:30:00.0;0,00
CERRO AZUL;410520101A;PR;CerroAzul01;-24,82449;-49,26312;2025-03-17 18:30:00.0;0,00
CERRO AZUL;410520101A;PR;CerroAzul01;-24,82449;-49,26312;2025-03-17 19:30:00.0;0,00
CERRO AZUL;410520101A;PR;CerroAzul01;-24,82449;-49,26312;2025-03-17 20:30:00.0;0,00
CERRO AZUL;410520101A;PR;CerroAzul01;-24,82449;-49,26312;2025-03-17 21:30:00.0;0,00
CERRO AZUL;410520101A;PR;CerroAzul01;-24,82449;-49,26312;2025-03-17 22:30:00.0;0,00
CERRO AZUL;410520101A;PR;CerroAzul01;-24,82449;-49,26312;2025-03-17 23:30:00.0;0,00
CERRO AZUL;410520101A;PR;CerroAzul01;-24,82449;-49,26312;2025-03-18 00:30:00.0;0,00
CERRO AZUL;410520101A;PR;CerroAzul01;-24,82449;-49,26312;2025-03-18 01:30:00.0;0,00
CERRO AZUL;410520101A;PR;CerroAzul01;-24,82449;-49,26312;2025-03-18 02:30:00.0;0,00
CERRO AZUL;410520101A;PR;CerroAzul01;-24,82449;-49,26312;2025-03-18 03:30:00.0;0,00
CERRO AZUL;410520101A;PR;CerroAzul01;-24,82449;-49,26312;2025-03-18 04:30:00.0;0,00
CERRO AZUL;410520101A;PR;CerroAzul01;-24,82449;-49,26312;2025-03-18 05:30:00.0;0,00
CERRO AZUL;410520101A;PR;CerroAzul01;-24,82449;-49,26312;2025-03-18 06:30:00.0;0,00
CERRO AZUL;410520101A;PR;CerroAzul01;-24,82449;-49,26312;2025-03-18 07:30:00.0;0,00
CERRO AZUL;410520101A;PR;CerroAzul01;-24,82449;-49,26312;2025-03-18 08:30:00.0;0,00
CERRO AZUL;410520101A;PR;CerroAzul01;-24,82449;-49,26312;2025-03-18 09:30:00.0;0,00
CERRO AZUL;410520101A;PR;CerroAzul01;-24,82449;-49,26312;2025-03-18 10:30:00.0;0,00
CERRO AZUL;410520101A;PR;CerroAzul01;-24,82449;-49,26312;2025-03-18 11:30:00.0;0,00
CERRO AZUL;410520101A;PR;CerroAzul01;-24,82449;-49,26312;2025-03-18 12:30:00.0;0,00
CERRO AZUL;410520101A;PR;CerroAzul01;-24,82449;-49,26312;2025-03-18 13:30:00.0;0,00
CERRO AZUL;410520101A;PR;CerroAzul01;-24,82449;-49,26312;2025-03-18 14:30:00.0;0,00
CERRO AZUL;410520101A;PR;CerroAzul01;-24,82449;-49,26312;2025-03-18 15:30:00.0;0,00
CERRO AZUL;410520101A;PR;CerroAzul01;-24,82449;-49,26312;2025-03-18 16:30:00.0;0,00
CERRO AZUL;410520101A;PR;CerroAzul01;-24,82449;-49,26312;2025-03-18 17:30:00.0;0,00
CERRO AZUL;410520101A;PR;CerroAzul01;-24,82449;-49,26312;2025-03-18 18:30:00.0;0,00
CERRO AZUL;410520101A;PR;CerroAzul01;-24,82449;-49,26312;2025-03-18 19:30:00.0;0,00
CERRO AZUL;410520101A;PR;CerroAzul01;-24,82449;-49,26312;2025-03-18 20:30:00.0;0,00
CERRO AZUL;410520101A;PR;CerroAzul01;-24,82449;-49,26312;2025-03-18 21:30:00.0;0,00
CERRO AZUL;410520101A;PR;CerroAzul01;-24,82449;-49,26312;2025-03-18 22:30:00.0;0,00
CERRO AZUL;410520101A;PR;CerroAzul01;-24,82449;-49,26312;2025-03-18 23:30:00.0;0,00
CERRO AZUL;410520101A;PR;CerroAzul01;-24,82449;-49,26312;2025-03-19 00:30:00.0;0,00
CERRO AZUL;410520101A;PR;CerroAzul01;-24,82449;-49,26312;2025-03-19 01:30:00.0;0,00
CERRO AZUL;410520101A;PR;CerroAzul01;-24,82449;-49,26312;2025-03-19 02:30:00.0;0,00
CERRO AZUL;410520101A;PR;CerroAzul01;-24,82449;-49,26312;2025-03-19 03:30:00.0;0,00
CERRO AZUL;410520101A;PR;CerroAzul01;-24,82449;-49,26312;2025-03-19 04:30:00.0;0,00
CERRO AZUL;410520101A;PR;CerroAzul01;-24,82449;-49,26312;2025-03-19 05:30:00.0;0,00
CERRO AZUL;410520101A;PR;CerroAzul01;-24,82449;-49,26312;2025-03-19 06:30:00.0;0,00
CERRO AZUL;410520101A;PR;CerroAzul01;-24,82449;-49,26312;2025-03-19 07:30:00.0;0,00
CERRO AZUL;410520101A;PR;CerroAzul01;-24,82449;-49,26312;2025-03-19 08:30:00.0;0,00
CERRO AZUL;410520101A;PR;CerroAzul01;-24,82449;-49,26312;2025-03-19 09:30:00.0;0,00
CERRO AZUL;410520101A;PR;CerroAzul01;-24,82449;-49,26312;2025-03-19 10:30:00.0;0,00
CERRO AZUL;410520101A;PR;CerroAzul01;-24,82449;-49,26312;2025-03-19 11:30:00.0;0,00
CERRO AZUL;410520101A;PR;CerroAzul01;-24,82449;-49,26312;2025-03-19 12:30:00.0;0,00
CERRO AZUL;410520101A;PR;CerroAzul01;-24,82449;-49,26312;2025-03-19 13:30:00.0;0,00
CERRO AZUL;410520101A;PR;CerroAzul01;-24,82449;-49,26312;2025-03-19 14:30:00.0;0,00
CERRO AZUL;410520101A;PR;CerroAzul01;-24,82449;-49,26312;2025-03-19 15:30:00.0;0,00
CERRO AZUL;410520101A;PR;CerroAzul01;-24,82449;-49,26312;2025-03-19 16:30:00.0;0,00
CERRO AZUL;410520101A;PR;CerroAzul01;-24,82449;-49,26312;2025-03-19 17:30:00.0;0,00
CERRO AZUL;410520101A;PR;CerroAzul01;-24,82449;-49,26312;2025-03-19 18:30:00.0;0,00
CERRO AZUL;410520101A;PR;CerroAzul01;-24,82449;-49,26312;2025-03-19 19:30:00.0;0,00
CERRO AZUL;410520101A;PR;CerroAzul01;-24,82449;-49,26312;2025-03-19 20:30:00.0;0,00
CERRO AZUL;410520101A;PR;CerroAzul01;-24,82449;-49,26312;2025-03-19 21:30:00.0;0,00
CERRO AZUL;410520101A;PR;CerroAzul01;-24,82449;-49,26312;2025-03-19 22:30:00.0;0,00
CERRO AZUL;410520101A;PR;CerroAzul01;-24,82449;-49,26312;2025-03-19 23:30:00.0;0,00
CERRO AZUL;410520101A;PR;CerroAzul01;-24,82449;-49,26312;2025-03-20 00:30:00.0;0,00
CERRO AZUL;410520101A;PR;CerroAzul01;-24,82449;-49,26312;2025-03-20 01:30:00.0;0,00
CERRO AZUL;410520101A;PR;CerroAzul01;-24,82449;-49,26312;2025-03-20 02:30:00.0;0,00
CERRO AZUL;410520101A;PR;CerroAzul01;-24,82449;-49,26312;2025-03-20 03:30:00.0;0,00
CERRO AZUL;410520101A;PR;CerroAzul01;-24,82449;-49,26312;2025-03-20 04:30:00.0;0,00
CERRO AZUL;410520101A;PR;CerroAzul01;-24,82449;-49,26312;2025-03-20 05:30:00.0;0,00
CERRO AZUL;410520101A;PR;CerroAzul01;-24,82449;-49,26312;2025-03-20 06:30:00.0;0,00
CERRO AZUL;410520101A;PR;CerroAzul01;-24,82449;-49,26312;2025-03-20 07:30:00.0;0,00
CERRO AZUL;410520101A;PR;CerroAzul01;-24,82449;-49,26312;2025-03-20 08:30:00.0;0,00
CERRO AZUL;410520101A;PR;CerroAzul01;-24,82449;-49,26312;2025-03-20 09:30:00.0;0,00
CERRO AZUL;410520101A;PR;CerroAzul01;-24,82449;-49,26312;2025-03-20 10:30:00.0;0,00
CERRO AZUL;410520101A;PR;CerroAzul01;-24,82449;-49,26312;2025-03-20 11:30:00.0;0,00
CERRO AZUL;410520101A;PR;CerroAzul01;-24,82449;-49,26312;2025-03-20 12:30:00.0;0,00
CERRO AZUL;410520101A;PR;CerroAzul01;-24,82449;-49,26312;2025-03-20 13:30:00.0;0,00
CERRO AZUL;410520101A;PR;CerroAzul01;-24,82449;-49,26312;2025-03-20 14:30:00.0;0,00
CERRO AZUL;410520101A;PR;CerroAzul01;-24,82449;-49,26312;2025-03-20 15:30:00.0;0,00
CERRO AZUL;410520101A;PR;CerroAzul01;-24,82449;-49,26312;2025-03-20 16:30:00.0;0,00
CERRO AZUL;410520101A;PR;CerroAzul01;-24,82449;-49,26312;2025-03-20 17:30:00.0;0,00
CERRO AZUL;410520101A;PR;CerroAzul01;-24,82449;-49,26312;2025-03-20 18:30:00.0;0,00
CERRO AZUL;410520101A;PR;CerroAzul01;-24,82449;-49,26312;2025-03-20 19:30:00.0;0,00
CERRO AZUL;410520101A;PR;CerroAzul01;-24,82449;-49,26312;2025-03-20 20:30:00.0;0,00
CERRO AZUL;410520101A;PR;CerroAzul01;-24,82449;-49,26312;2025-03-20 21:30:00.0;0,00
CERRO AZUL;410520101A;PR;CerroAzul01;-24,82449;-49,26312;2025-03-20 22:30:00.0;0,00
CERRO AZUL;410520101A;PR;CerroAzul01;-24,82449;-49,26312;2025-03-20 23:30:00.0;0,00
CERRO AZUL;410520101A;PR;CerroAzul01;-24,82449;-49,26312;2025-03-21 00:30:00.0;0,00
CERRO AZUL;410520101A;PR;CerroAzul01;-24,82449;-49,26312;2025-03-21 01:30:00.0;0,00
CERRO AZUL;410520101A;PR;CerroAzul01;-24,82449;-49,26312;2025-03-21 02:30:00.0;0,00
CERRO AZUL;410520101A;PR;CerroAzul01;-24,82449;-49,26312;2025-03-21 03:30:00.0;0,00
CERRO AZUL;410520101A;PR;CerroAzul01;-24,82449;-49,26312;2025-03-21 04:30:00.0;0,00
CERRO AZUL;410520101A;PR;CerroAzul01;-24,82449;-49,26312;2025-03-21 05:30:00.0;0,00
CERRO AZUL;410520101A;PR;CerroAzul01;-24,82449;-49,26312;2025-03-21 06:30:00.0;0,00
CERRO AZUL;410520101A;PR;CerroAzul01;-24,82449;-49,26312;2025-03-21 07:30:00.0;0,00
CERRO AZUL;410520101A;PR;CerroAzul01;-24,82449;-49,26312;2025-03-21 08:30:00.0;0,00
CERRO AZUL;410520101A;PR;CerroAzul01;-24,82449;-49,26312;2025-03-21 09:30:00.0;0,00
CERRO AZUL;410520101A;PR;CerroAzul01;-24,82449;-49,26312;2025-03-21 10:30:00.0;0,00
CERRO AZUL;410520101A;PR;CerroAzul01;-24,82449;-49,26312;2025-03-21 11:30:00.0;0,00
CERRO AZUL;410520101A;PR;CerroAzul01;-24,82449;-49,26312;2025-03-21 12:30:00.0;0,00
CERRO AZUL;410520101A;PR;CerroAzul01;-24,82449;-49,26312;2025-03-21 13:30:00.0;0,00
CERRO AZUL;410520101A;PR;CerroAzul01;-24,82449;-49,26312;2025-03-21 14:30:00.0;0,00
CERRO AZUL;410520101A;PR;CerroAzul01;-24,82449;-49,26312;2025-03-21 15:30:00.0;0,00
CERRO AZUL;410520101A;PR;CerroAzul01;-24,82449;-49,26312;2025-03-21 16:30:00.0;0,00
CERRO AZUL;410520101A;PR;CerroAzul01;-24,82449;-49,26312;2025-03-21 17:30:00.0;0,00
CERRO AZUL;410520101A;PR;CerroAzul01;-24,82449;-49,26312;2025-03-21 18:30:00.0;0,00
CERRO AZUL;410520101A;PR;CerroAzul01;-24,82449;-49,26312;2025-03-21 19:30:00.0;0,00
CERRO AZUL;410520101A;PR;CerroAzul01;-24,82449;-49,26312;2025-03-21 20:30:00.0;0,00
CERRO AZUL;410520101A;PR;CerroAzul01;-24,82449;-49,26312;2025-03-21 21:30:00.0;0,00
CERRO AZUL;410520101A;PR;CerroAzul01;-24,82449;-49,26312;2025-03-21 22:30:00.0;0,00
CERRO AZUL;410520101A;PR;CerroAzul01;-24,82449;-49,26312;2025-03-21 23:30:00.0;0,00
CERRO AZUL;410520101A;PR;CerroAzul01;-24,82449;-49,26312;2025-03-22 00:30:00.0;0,00
CERRO AZUL;410520101A;PR;CerroAzul01;-24,82449;-49,26312;2025-03-22 01:30:00.0;0,00
CERRO AZUL;410520101A;PR;CerroAzul01;-24,82449;-49,26312;2025-03-22 02:30:00.0;0,00
CERRO AZUL;410520101A;PR;CerroAzul01;-24,82449;-49,26312;2025-03-22 03:30:00.0;0,00
CERRO AZUL;410520101A;PR;CerroAzul01;-24,82449;-49,26312;2025-03-22 04:30:00.0;0,00
CERRO AZUL;410520101A;PR;CerroAzul01;-24,82449;-49,26312;2025-03-22 05:30:00.0;0,00
CERRO AZUL;410520101A;PR;CerroAzul01;-24,82449;-49,26312;2025-03-22 06:30:00.0;0,00
CERRO AZUL;410520101A;PR;CerroAzul01;-24,82449;-49,26312;2025-03-22 07:30:00.0;0,00
CERRO AZUL;410520101A;PR;CerroAzul01;-24,82449;-49,26312;2025-03-22 08:30:00.0;0,00
CERRO AZUL;410520101A;PR;CerroAzul01;-24,82449;-49,26312;2025-03-22 09:30:00.0;0,00
CERRO AZUL;410520101A;PR;CerroAzul01;-24,82449;-49,26312;2025-03-22 10:30:00.0;0,00
CERRO AZUL;410520101A;PR;CerroAzul01;-24,82449;-49,26312;2025-03-22 11:30:00.0;0,00
CERRO AZUL;410520101A;PR;CerroAzul01;-24,82449;-49,26312;2025-03-22 12:30:00.0;0,00
CERRO AZUL;410520101A;PR;CerroAzul01;-24,82449;-49,26312;2025-03-22 13:30:00.0;0,00
CERRO AZUL;410520101A;PR;CerroAzul01;-24,82449;-49,26312;2025-03-22 14:30:00.0;0,00
CERRO AZUL;410520101A;PR;CerroAzul01;-24,82449;-49,26312;2025-03-22 15:30:00.0;0,00
CERRO AZUL;410520101A;PR;CerroAzul01;-24,82449;-49,26312;2025-03-22 16:30:00.0;0,00
CERRO AZUL;410520101A;PR;CerroAzul01;-24,82449;-49,26312;2025-03-22 17:30:00.0;0,00
CERRO AZUL;410520101A;PR;CerroAzul01;-24,82449;-49,26312;2025-03-22 18:30:00.0;0,00
CERRO AZUL;410520101A;PR;CerroAzul01;-24,82449;-49,26312;2025-03-22 19:30:00.0;0,00
CERRO AZUL;410520101A;PR;CerroAzul01;-24,82449;-49,26312;2025-03-22 20:30:00.0;0,00
CERRO AZUL;410520101A;PR;CerroAzul01;-24,82449;-49,26312;2025-03-22 21:30:00.0;0,00
CERRO AZUL;410520101A;PR;CerroAzul01;-24,82449;-49,26312;2025-03-22 22:30:00.0;0,00
CERRO AZUL;410520101A;PR;CerroAzul01;-24,82449;-49,26312;2025-03-22 23:30:00.0;0,00
CERRO AZUL;410520101A;PR;CerroAzul01;-24,82449;-49,26312;2025-03-23 00:30:00.0;0,00
CERRO AZUL;410520101A;PR;CerroAzul01;-24,82449;-49,26312;2025-03-23 01:30:00.0;0,00
CERRO AZUL;410520101A;PR;CerroAzul01;-24,82449;-49,26312;2025-03-23 02:30:00.0;0,00
CERRO AZUL;410520101A;PR;CerroAzul01;-24,82449;-49,26312;2025-03-23 03:30:00.0;0,00
CERRO AZUL;410520101A;PR;CerroAzul01;-24,82449;-49,26312;2025-03-23 04:30:00.0;0,00
CERRO AZUL;410520101A;PR;CerroAzul01;-24,82449;-49,26312;2025-03-23 05:30:00.0;0,00
CERRO AZUL;410520101A;PR;CerroAzul01;-24,82449;-49,26312;2025-03-23 06:30:00.0;0,00
CERRO AZUL;410520101A;PR;CerroAzul01;-24,82449;-49,26312;2025-03-23 07:30:00.0;0,00
CERRO AZUL;410520101A;PR;CerroAzul01;-24,82449;-49,26312;2025-03-23 08:30:00.0;0,00
CERRO AZUL;410520101A;PR;CerroAzul01;-24,82449;-49,26312;2025-03-23 09:30:00.0;0,00
CERRO AZUL;410520101A;PR;CerroAzul01;-24,82449;-49,26312;2025-03-23 10:30:00.0;0,00
CERRO AZUL;410520101A;PR;CerroAzul01;-24,82449;-49,26312;2025-03-23 11:30:00.0;0,00
CERRO AZUL;410520101A;PR;CerroAzul01;-24,82449;-49,26312;2025-03-23 12:30:00.0;0,00
CERRO AZUL;410520101A;PR;CerroAzul01;-24,82449;-49,26312;2025-03-23 13:30:00.0;0,00
CERRO AZUL;410520101A;PR;CerroAzul01;-24,82449;-49,26312;2025-03-23 14:30:00.0;0,00
CERRO AZUL;410520101A;PR;CerroAzul01;-24,82449;-49,26312;2025-03-23 15:30:00.0;0,00
CERRO AZUL;410520101A;PR;CerroAzul01;-24,82449;-49,26312;2025-03-23 16:30:00.0;0,00
CERRO AZUL;410520101A;PR;CerroAzul01;-24,82449;-49,26312;2025-03-23 17:30:00.0;0,00
CERRO AZUL;410520101A;PR;CerroAzul01;-24,82449;-49,26312;2025-03-23 18:30:00.0;0,00
CERRO AZUL;410520101A;PR;CerroAzul01;-24,82449;-49,26312;2025-03-23 19:30:00.0;0,00
CERRO AZUL;410520101A;PR;CerroAzul01;-24,82449;-49,26312;2025-03-23 20:30:00.0;0,00
CERRO AZUL;410520101A;PR;CerroAzul01;-24,82449;-49,26312;2025-03-23 21:30:00.0;0,00
CERRO AZUL;410520101A;PR;CerroAzul01;-24,82449;-49,26312;2025-03-23 22:30:00.0;0,00
CERRO AZUL;410520101A;PR;CerroAzul01;-24,82449;-49,26312;2025-03-23 23:30:00.0;0,00
CERRO AZUL;410520101A;PR;CerroAzul01;-24,82449;-49,26312;2025-03-24 00:30:00.0;0,00
CERRO AZUL;410520101A;PR;CerroAzul01;-24,82449;-49,26312;2025-03-24 01:30:00.0;0,00
CERRO AZUL;410520101A;PR;CerroAzul01;-24,82449;-49,26312;2025-03-24 02:30:00.0;0,00
CERRO AZUL;410520101A;PR;CerroAzul01;-24,82449;-49,26312;2025-03-24 03:30:00.0;0,00
CERRO AZUL;410520101A;PR;CerroAzul01;-24,82449;-49,26312;2025-03-24 04:30:00.0;0,00
CERRO AZUL;410520101A;PR;CerroAzul01;-24,82449;-49,26312;2025-03-24 05:30:00.0;0,00
CERRO AZUL;410520101A;PR;CerroAzul01;-24,82449;-49,26312;2025-03-24 06:30:00.0;0,00
CERRO AZUL;410520101A;PR;CerroAzul01;-24,82449;-49,26312;2025-03-24 07:30:00.0;0,00
CERRO AZUL;410520101A;PR;CerroAzul01;-24,82449;-49,26312;2025-03-24 08:30:00.0;0,00
CERRO AZUL;410520101A;PR;CerroAzul01;-24,82449;-49,26312;2025-03-24 09:30:00.0;0,00
CERRO AZUL;410520101A;PR;CerroAzul01;-24,82449;-49,26312;2025-03-24 10:30:00.0;0,00
CERRO AZUL;410520101A;PR;CerroAzul01;-24,82449;-49,26312;2025-03-24 11:30:00.0;0,00
CERRO AZUL;410520101A;PR;CerroAzul01;-24,82449;-49,26312;2025-03-24 12:30:00.0;0,00
CERRO AZUL;410520101A;PR;CerroAzul01;-24,82449;-49,26312;2025-03-24 13:30:00.0;0,00
CERRO AZUL;410520101A;PR;CerroAzul01;-24,82449;-49,26312;2025-03-24 14:30:00.0;0,00
CERRO AZUL;410520101A;PR;CerroAzul01;-24,82449;-49,26312;2025-03-24 15:30:00.0;0,00
CERRO AZUL;410520101A;PR;CerroAzul01;-24,82449;-49,26312;2025-03-24 16:30:00.0;0,00
CERRO AZUL;410520101A;PR;CerroAzul01;-24,82449;-49,26312;2025-03-24 17:30:00.0;0,00
CERRO AZUL;410520101A;PR;CerroAzul01;-24,82449;-49,26312;2025-03-24 18:30:00.0;0,00
CERRO AZUL;410520101A;PR;CerroAzul01;-24,82449;-49,26312;2025-03-24 19:30:00.0;0,00
CERRO AZUL;410520101A;PR;CerroAzul01;-24,82449;-49,26312;2025-03-24 20:30:00.0;0,00
CERRO AZUL;410520101A;PR;CerroAzul01;-24,82449;-49,26312;2025-03-24 21:30:00.0;0,00
CERRO AZUL;410520101A;PR;CerroAzul01;-24,82449;-49,26312;2025-03-24 22:30:00.0;0,00
CERRO AZUL;410520101A;PR;CerroAzul01;-24,82449;-49,26312;2025-03-24 23:30:00.0;0,00
CERRO AZUL;410520101A;PR;CerroAzul01;-24,82449;-49,26312;2025-03-25 00:30:00.0;0,00
CERRO AZUL;410520101A;PR;CerroAzul01;-24,82449;-49,26312;2025-03-25 01:30:00.0;0,00
CERRO AZUL;410520101A;PR;CerroAzul01;-24,82449;-49,26312;2025-03-25 02:30:00.0;0,00
CERRO AZUL;410520101A;PR;CerroAzul01;-24,82449;-49,26312;2025-03-25 03:30:00.0;0,00
CERRO AZUL;410520101A;PR;CerroAzul01;-24,82449;-49,26312;2025-03-25 04:30:00.0;0,00
CERRO AZUL;410520101A;PR;CerroAzul01;-24,82449;-49,26312;2025-03-25 05:30:00.0;0,00
CERRO AZUL;410520101A;PR;CerroAzul01;-24,82449;-49,26312;2025-03-25 06:30:00.0;0,00
CERRO AZUL;410520101A;PR;CerroAzul01;-24,82449;-49,26312;2025-03-25 07:30:00.0;0,00
CERRO AZUL;410520101A;PR;CerroAzul01;-24,82449;-49,26312;2025-03-25 08:30:00.0;0,00
CERRO AZUL;410520101A;PR;CerroAzul01;-24,82449;-49,26312;2025-03-25 09:30:00.0;0,00
CERRO AZUL;410520101A;PR;CerroAzul01;-24,82449;-49,26312;2025-03-25 10:30:00.0;0,00
CERRO AZUL;410520101A;PR;CerroAzul01;-24,82449;-49,26312;2025-03-25 11:30:00.0;0,00
CERRO AZUL;410520101A;PR;CerroAzul01;-24,82449;-49,26312;2025-03-25 12:30:00.0;0,00
CERRO AZUL;410520101A;PR;CerroAzul01;-24,82449;-49,26312;2025-03-25 13:30:00.0;0,00
CERRO AZUL;410520101A;PR;CerroAzul01;-24,82449;-49,26312;2025-03-25 14:30:00.0;0,00
CERRO AZUL;410520101A;PR;CerroAzul01;-24,82449;-49,26312;2025-03-25 15:30:00.0;0,00
CERRO AZUL;410520101A;PR;CerroAzul01;-24,82449;-49,26312;2025-03-25 16:30:00.0;0,00
CERRO AZUL;410520101A;PR;CerroAzul01;-24,82449;-49,26312;2025-03-25 17:30:00.0;0,00
CERRO AZUL;410520101A;PR;CerroAzul01;-24,82449;-49,26312;2025-03-25 18:30:00.0;0,00
CERRO AZUL;410520101A;PR;CerroAzul01;-24,82449;-49,26312;2025-03-25 19:30:00.0;0,00
CERRO AZUL;410520101A;PR;CerroAzul01;-24,82449;-49,26312;2025-03-25 20:30:00.0;0,00
CERRO AZUL;410520101A;PR;CerroAzul01;-24,82449;-49,26312;2025-03-25 21:30:00.0;0,00
CERRO AZUL;410520101A;PR;CerroAzul01;-24,82449;-49,26312;2025-03-25 22:30:00.0;0,00
CERRO AZUL;410520101A;PR;CerroAzul01;-24,82449;-49,26312;2025-03-25 23:30:00.0;0,00
CERRO AZUL;410520101A;PR;CerroAzul01;-24,82449;-49,26312;2025-03-26 00:30:00.0;0,00
CERRO AZUL;410520101A;PR;CerroAzul01;-24,82449;-49,26312;2025-03-26 01:30:00.0;0,00
CERRO AZUL;410520101A;PR;CerroAzul01;-24,82449;-49,26312;2025-03-26 02:10:00.0;0,60
CERRO AZUL;410520101A;PR;CerroAzul01;-24,82449;-49,26312;2025-03-26 02:20:00.0;0,40
CERRO AZUL;410520101A;PR;CerroAzul01;-24,82449;-49,26312;2025-03-26 02:30:00.0;0,80
CERRO AZUL;410520101A;PR;CerroAzul01;-24,82449;-49,26312;2025-03-26 02:40:00.0;0,40
CERRO AZUL;410520101A;PR;CerroAzul01;-24,82449;-49,26312;2025-03-26 02:50:00.0;0,60
CERRO AZUL;410520101A;PR;CerroAzul01;-24,82449;-49,26312;2025-03-26 03:00:00.0;0,40
CERRO AZUL;410520101A;PR;CerroAzul01;-24,82449;-49,26312;2025-03-26 03:10:00.0;0,60
CERRO AZUL;410520101A;PR;CerroAzul01;-24,82449;-49,26312;2025-03-26 03:20:00.0;0,40
CERRO AZUL;410520101A;PR;CerroAzul01;-24,82449;-49,26312;2025-03-26 03:30:00.0;0,40
CERRO AZUL;410520101A;PR;CerroAzul01;-24,82449;-49,26312;2025-03-26 03:50:00.0;0,20
CERRO AZUL;410520101A;PR;CerroAzul01;-24,82449;-49,26312;2025-03-26 04:10:00.0;0,40
CERRO AZUL;410520101A;PR;CerroAzul01;-24,82449;-49,26312;2025-03-26 04:20:00.0;0,20
CERRO AZUL;410520101A;PR;CerroAzul01;-24,82449;-49,26312;2025-03-26 04:30:00.0;0,00
CERRO AZUL;410520101A;PR;CerroAzul01;-24,82449;-49,26312;2025-03-26 04:50:00.0;0,20
CERRO AZUL;410520101A;PR;CerroAzul01;-24,82449;-49,26312;2025-03-26 05:10:00.0;0,20
CERRO AZUL;410520101A;PR;CerroAzul01;-24,82449;-49,26312;2025-03-26 05:20:00.0;0,20
CERRO AZUL;410520101A;PR;CerroAzul01;-24,82449;-49,26312;2025-03-26 05:30:00.0;0,20
CERRO AZUL;410520101A;PR;CerroAzul01;-24,82449;-49,26312;2025-03-26 05:40:00.0;0,20
CERRO AZUL;410520101A;PR;CerroAzul01;-24,82449;-49,26312;2025-03-26 05:50:00.0;0,20
CERRO AZUL;410520101A;PR;CerroAzul01;-24,82449;-49,26312;2025-03-26 06:00:00.0;0,40
CERRO AZUL;410520101A;PR;CerroAzul01;-24,82449;-49,26312;2025-03-26 06:30:00.0;0,00
CERRO AZUL;410520101A;PR;CerroAzul01;-24,82449;-49,26312;2025-03-26 06:40:00.0;0,20
CERRO AZUL;410520101A;PR;CerroAzul01;-24,82449;-49,26312;2025-03-26 07:30:00.0;0,00
CERRO AZUL;410520101A;PR;CerroAzul01;-24,82449;-49,26312;2025-03-26 08:30:00.0;0,00
CERRO AZUL;410520101A;PR;CerroAzul01;-24,82449;-49,26312;2025-03-26 09:30:00.0;0,00
CERRO AZUL;410520101A;PR;CerroAzul01;-24,82449;-49,26312;2025-03-26 10:30:00.0;0,00
CERRO AZUL;410520101A;PR;CerroAzul01;-24,82449;-49,26312;2025-03-26 11:30:00.0;0,00
CERRO AZUL;410520101A;PR;CerroAzul01;-24,82449;-49,26312;2025-03-26 12:30:00.0;0,00
CERRO AZUL;410520101A;PR;CerroAzul01;-24,82449;-49,26312;2025-03-26 13:30:00.0;0,00
CERRO AZUL;410520101A;PR;CerroAzul01;-24,82449;-49,26312;2025-03-26 14:20:00.0;0,20
CERRO AZUL;410520101A;PR;CerroAzul01;-24,82449;-49,26312;2025-03-26 14:30:00.0;0,00
CERRO AZUL;410520101A;PR;CerroAzul01;-24,82449;-49,26312;2025-03-26 15:30:00.0;0,00
CERRO AZUL;410520101A;PR;CerroAzul01;-24,82449;-49,26312;2025-03-26 16:30:00.0;0,00
CERRO AZUL;410520101A;PR;CerroAzul01;-24,82449;-49,26312;2025-03-26 17:30:00.0;0,00
CERRO AZUL;410520101A;PR;CerroAzul01;-24,82449;-49,26312;2025-03-26 18:30:00.0;0,00
CERRO AZUL;410520101A;PR;CerroAzul01;-24,82449;-49,26312;2025-03-26 19:30:00.0;0,00
CERRO AZUL;410520101A;PR;CerroAzul01;-24,82449;-49,26312;2025-03-26 20:30:00.0;0,00
CERRO AZUL;410520101A;PR;CerroAzul01;-24,82449;-49,26312;2025-03-26 21:30:00.0;0,00
CERRO AZUL;410520101A;PR;CerroAzul01;-24,82449;-49,26312;2025-03-26 22:30:00.0;0,00
CERRO AZUL;410520101A;PR;CerroAzul01;-24,82449;-49,26312;2025-03-26 23:30:00.0;0,00
CERRO AZUL;410520101A;PR;CerroAzul01;-24,82449;-49,26312;2025-03-27 00:30:00.0;0,00
CERRO AZUL;410520101A;PR;CerroAzul01;-24,82449;-49,26312;2025-03-27 01:30:00.0;0,00
CERRO AZUL;410520101A;PR;CerroAzul01;-24,82449;-49,26312;2025-03-27 02:30:00.0;0,00
CERRO AZUL;410520101A;PR;CerroAzul01;-24,82449;-49,26312;2025-03-27 03:30:00.0;0,00
CERRO AZUL;410520101A;PR;CerroAzul01;-24,82449;-49,26312;2025-03-27 04:30:00.0;0,00
CERRO AZUL;410520101A;PR;CerroAzul01;-24,82449;-49,26312;2025-03-27 05:30:00.0;0,00
CERRO AZUL;410520101A;PR;CerroAzul01;-24,82449;-49,26312;2025-03-27 06:30:00.0;0,00
CERRO AZUL;410520101A;PR;CerroAzul01;-24,82449;-49,26312;2025-03-27 07:30:00.0;0,00
CERRO AZUL;410520101A;PR;CerroAzul01;-24,82449;-49,26312;2025-03-27 08:30:00.0;0,00
CERRO AZUL;410520101A;PR;CerroAzul01;-24,82449;-49,26312;2025-03-27 09:30:00.0;0,00
CERRO AZUL;410520101A;PR;CerroAzul01;-24,82449;-49,26312;2025-03-27 10:30:00.0;0,00
CERRO AZUL;410520101A;PR;CerroAzul01;-24,82449;-49,26312;2025-03-27 11:30:00.0;0,00
CERRO AZUL;410520101A;PR;CerroAzul01;-24,82449;-49,26312;2025-03-27 12:30:00.0;0,00
CERRO AZUL;410520101A;PR;CerroAzul01;-24,82449;-49,26312;2025-03-27 13:30:00.0;0,00
CERRO AZUL;410520101A;PR;CerroAzul01;-24,82449;-49,26312;2025-03-27 14:30:00.0;0,00
CERRO AZUL;410520101A;PR;CerroAzul01;-24,82449;-49,26312;2025-03-27 15:30:00.0;0,00
CERRO AZUL;410520101A;PR;CerroAzul01;-24,82449;-49,26312;2025-03-27 16:30:00.0;0,00
CERRO AZUL;410520101A;PR;CerroAzul01;-24,82449;-49,26312;2025-03-27 17:30:00.0;0,00
CERRO AZUL;410520101A;PR;CerroAzul01;-24,82449;-49,26312;2025-03-27 18:30:00.0;0,00
CERRO AZUL;410520101A;PR;CerroAzul01;-24,82449;-49,26312;2025-03-27 19:30:00.0;0,00
CERRO AZUL;410520101A;PR;CerroAzul01;-24,82449;-49,26312;2025-03-27 20:30:00.0;0,00
CERRO AZUL;410520101A;PR;CerroAzul01;-24,82449;-49,26312;2025-03-27 21:30:00.0;0,00
CERRO AZUL;410520101A;PR;CerroAzul01;-24,82449;-49,26312;2025-03-27 22:30:00.0;0,00
CERRO AZUL;410520101A;PR;CerroAzul01;-24,82449;-49,26312;2025-03-27 23:30:00.0;0,00
CERRO AZUL;410520101A;PR;CerroAzul01;-24,82449;-49,26312;2025-03-28 00:30:00.0;0,00
CERRO AZUL;410520101A;PR;CerroAzul01;-24,82449;-49,26312;2025-03-28 01:30:00.0;0,00
CERRO AZUL;410520101A;PR;CerroAzul01;-24,82449;-49,26312;2025-03-28 02:30:00.0;0,00
CERRO AZUL;410520101A;PR;CerroAzul01;-24,82449;-49,26312;2025-03-28 03:30:00.0;0,00
CERRO AZUL;410520101A;PR;CerroAzul01;-24,82449;-49,26312;2025-03-28 04:30:00.0;0,00
CERRO AZUL;410520101A;PR;CerroAzul01;-24,82449;-49,26312;2025-03-28 05:30:00.0;0,00
CERRO AZUL;410520101A;PR;CerroAzul01;-24,82449;-49,26312;2025-03-28 06:30:00.0;0,00
CERRO AZUL;410520101A;PR;CerroAzul01;-24,82449;-49,26312;2025-03-28 07:30:00.0;0,00
CERRO AZUL;410520101A;PR;CerroAzul01;-24,82449;-49,26312;2025-03-28 08:30:00.0;0,00
CERRO AZUL;410520101A;PR;CerroAzul01;-24,82449;-49,26312;2025-03-28 09:30:00.0;0,00
CERRO AZUL;410520101A;PR;CerroAzul01;-24,82449;-49,26312;2025-03-28 10:30:00.0;0,00
CERRO AZUL;410520101A;PR;CerroAzul01;-24,82449;-49,26312;2025-03-28 11:30:00.0;0,00
CERRO AZUL;410520101A;PR;CerroAzul01;-24,82449;-49,26312;2025-03-28 12:30:00.0;0,00
CERRO AZUL;410520101A;PR;CerroAzul01;-24,82449;-49,26312;2025-03-28 13:30:00.0;0,00
CERRO AZUL;410520101A;PR;CerroAzul01;-24,82449;-49,26312;2025-03-28 14:30:00.0;0,00
CERRO AZUL;410520101A;PR;CerroAzul01;-24,82449;-49,26312;2025-03-28 15:30:00.0;0,00
CERRO AZUL;410520101A;PR;CerroAzul01;-24,82449;-49,26312;2025-03-28 16:30:00.0;0,00
CERRO AZUL;410520101A;PR;CerroAzul01;-24,82449;-49,26312;2025-03-28 17:30:00.0;0,00
CERRO AZUL;410520101A;PR;CerroAzul01;-24,82449;-49,26312;2025-03-28 18:30:00.0;0,00
CERRO AZUL;410520101A;PR;CerroAzul01;-24,82449;-49,26312;2025-03-28 19:30:00.0;0,00
CERRO AZUL;410520101A;PR;CerroAzul01;-24,82449;-49,26312;2025-03-28 20:30:00.0;0,00
CERRO AZUL;410520101A;PR;CerroAzul01;-24,82449;-49,26312;2025-03-28 21:30:00.0;0,00
CERRO AZUL;410520101A;PR;CerroAzul01;-24,82449;-49,26312;2025-03-28 22:30:00.0;0,00
CERRO AZUL;410520101A;PR;CerroAzul01;-24,82449;-49,26312;2025-03-28 23:30:00.0;0,00
CERRO AZUL;410520101A;PR;CerroAzul01;-24,82449;-49,26312;2025-03-29 00:30:00.0;0,00
CERRO AZUL;410520101A;PR;CerroAzul01;-24,82449;-49,26312;2025-03-29 01:30:00.0;0,00
CERRO AZUL;410520101A;PR;CerroAzul01;-24,82449;-49,26312;2025-03-29 02:30:00.0;0,00
CERRO AZUL;410520101A;PR;CerroAzul01;-24,82449;-49,26312;2025-03-29 03:30:00.0;0,00
CERRO AZUL;410520101A;PR;CerroAzul01;-24,82449;-49,26312;2025-03-29 04:30:00.0;0,00
CERRO AZUL;410520101A;PR;CerroAzul01;-24,82449;-49,26312;2025-03-29 05:30:00.0;0,00
CERRO AZUL;410520101A;PR;CerroAzul01;-24,82449;-49,26312;2025-03-29 06:30:00.0;0,00
CERRO AZUL;410520101A;PR;CerroAzul01;-24,82449;-49,26312;2025-03-29 07:30:00.0;0,00
CERRO AZUL;410520101A;PR;CerroAzul01;-24,82449;-49,26312;2025-03-29 08:30:00.0;0,00
CERRO AZUL;410520101A;PR;CerroAzul01;-24,82449;-49,26312;2025-03-29 09:30:00.0;0,00
CERRO AZUL;410520101A;PR;CerroAzul01;-24,82449;-49,26312;2025-03-29 10:30:00.0;0,00
CERRO AZUL;410520101A;PR;CerroAzul01;-24,82449;-49,26312;2025-03-29 11:30:00.0;0,00
CERRO AZUL;410520101A;PR;CerroAzul01;-24,82449;-49,26312;2025-03-29 12:30:00.0;0,00
CERRO AZUL;410520101A;PR;CerroAzul01;-24,82449;-49,26312;2025-03-29 13:30:00.0;0,00
CERRO AZUL;410520101A;PR;CerroAzul01;-24,82449;-49,26312;2025-03-29 14:30:00.0;0,00
CERRO AZUL;410520101A;PR;CerroAzul01;-24,82449;-49,26312;2025-03-29 15:30:00.0;0,00
CERRO AZUL;410520101A;PR;CerroAzul01;-24,82449;-49,26312;2025-03-29 16:30:00.0;0,00
CERRO AZUL;410520101A;PR;CerroAzul01;-24,82449;-49,26312;2025-03-29 17:30:00.0;0,00
CERRO AZUL;410520101A;PR;CerroAzul01;-24,82449;-49,26312;2025-03-29 18:30:00.0;0,00
CERRO AZUL;410520101A;PR;CerroAzul01;-24,82449;-49,26312;2025-03-29 19:30:00.0;0,00
CERRO AZUL;410520101A;PR;CerroAzul01;-24,82449;-49,26312;2025-03-29 20:30:00.0;0,00
CERRO AZUL;410520101A;PR;CerroAzul01;-24,82449;-49,26312;2025-03-29 21:30:00.0;0,00
CERRO AZUL;410520101A;PR;CerroAzul01;-24,82449;-49,26312;2025-03-29 22:30:00.0;0,00
CERRO AZUL;410520101A;PR;CerroAzul01;-24,82449;-49,26312;2025-03-29 23:30:00.0;0,00
CERRO AZUL;410520101A;PR;CerroAzul01;-24,82449;-49,26312;2025-03-30 00:30:00.0;0,00
CERRO AZUL;410520101A;PR;CerroAzul01;-24,82449;-49,26312;2025-03-30 01:30:00.0;0,00
CERRO AZUL;410520101A;PR;CerroAzul01;-24,82449;-49,26312;2025-03-30 02:30:00.0;0,00
CERRO AZUL;410520101A;PR;CerroAzul01;-24,82449;-49,26312;2025-03-30 03:30:00.0;0,00
CERRO AZUL;410520101A;PR;CerroAzul01;-24,82449;-49,26312;2025-03-30 04:30:00.0;0,00
CERRO AZUL;410520101A;PR;CerroAzul01;-24,82449;-49,26312;2025-03-30 05:30:00.0;0,00
CERRO AZUL;410520101A;PR;CerroAzul01;-24,82449;-49,26312;2025-03-30 06:30:00.0;0,00
CERRO AZUL;410520101A;PR;CerroAzul01;-24,82449;-49,26312;2025-03-30 07:30:00.0;0,00
CERRO AZUL;410520101A;PR;CerroAzul01;-24,82449;-49,26312;2025-03-30 08:30:00.0;0,00
CERRO AZUL;410520101A;PR;CerroAzul01;-24,82449;-49,26312;2025-03-30 09:30:00.0;0,00
CERRO AZUL;410520101A;PR;CerroAzul01;-24,82449;-49,26312;2025-03-30 10:30:00.0;0,00
CERRO AZUL;410520101A;PR;CerroAzul01;-24,82449;-49,26312;2025-03-30 11:30:00.0;0,00
CERRO AZUL;410520101A;PR;CerroAzul01;-24,82449;-49,26312;2025-03-30 12:30:00.0;0,00
CERRO AZUL;410520101A;PR;CerroAzul01;-24,82449;-49,26312;2025-03-30 13:30:00.0;0,00
CERRO AZUL;410520101A;PR;CerroAzul01;-24,82449;-49,26312;2025-03-30 14:30:00.0;0,00
CERRO AZUL;410520101A;PR;CerroAzul01;-24,82449;-49,26312;2025-03-30 15:30:00.0;0,00
CERRO AZUL;410520101A;PR;CerroAzul01;-24,82449;-49,26312;2025-03-30 16:30:00.0;0,00
CERRO AZUL;410520101A;PR;CerroAzul01;-24,82449;-49,26312;2025-03-30 17:30:00.0;0,00
CERRO AZUL;410520101A;PR;CerroAzul01;-24,82449;-49,26312;2025-03-30 18:30:00.0;0,00
CERRO AZUL;410520101A;PR;CerroAzul01;-24,82449;-49,26312;2025-03-30 19:30:00.0;0,00
CERRO AZUL;410520101A;PR;CerroAzul01;-24,82449;-49,26312;2025-03-30 20:30:00.0;0,00
CERRO AZUL;410520101A;PR;CerroAzul01;-24,82449;-49,26312;2025-03-30 21:30:00.0;0,00
CERRO AZUL;410520101A;PR;CerroAzul01;-24,82449;-49,26312;2025-03-30 22:30:00.0;0,00
CERRO AZUL;410520101A;PR;CerroAzul01;-24,82449;-49,26312;2025-03-30 23:30:00.0;0,00
CERRO AZUL;410520101A;PR;CerroAzul01;-24,82449;-49,26312;2025-03-31 00:30:00.0;0,00
CERRO AZUL;410520101A;PR;CerroAzul01;-24,82449;-49,26312;2025-03-31 01:30:00.0;0,00
CERRO AZUL;410520101A;PR;CerroAzul01;-24,82449;-49,26312;2025-03-31 02:30:00.0;0,00
CERRO AZUL;410520101A;PR;CerroAzul01;-24,82449;-49,26312;2025-03-31 03:30:00.0;0,00
CERRO AZUL;410520101A;PR;CerroAzul01;-24,82449;-49,26312;2025-03-31 04:30:00.0;0,00
CERRO AZUL;410520101A;PR;CerroAzul01;-24,82449;-49,26312;2025-03-31 05:30:00.0;0,00
CERRO AZUL;410520101A;PR;CerroAzul01;-24,82449;-49,26312;2025-03-31 06:30:00.0;0,00
CERRO AZUL;410520101A;PR;CerroAzul01;-24,82449;-49,26312;2025-03-31 07:30:00.0;0,00
CERRO AZUL;410520101A;PR;CerroAzul01;-24,82449;-49,26312;2025-03-31 08:30:00.0;0,00
CERRO AZUL;410520101A;PR;CerroAzul01;-24,82449;-49,26312;2025-03-31 09:30:00.0;0,00
CERRO AZUL;410520101A;PR;CerroAzul01;-24,82449;-49,26312;2025-03-31 10:30:00.0;0,00
CERRO AZUL;410520101A;PR;CerroAzul01;-24,82449;-49,26312;2025-03-31 11:30:00.0;0,00
CERRO AZUL;410520101A;PR;CerroAzul01;-24,82449;-49,26312;2025-03-31 12:30:00.0;0,00
CERRO AZUL;410520101A;PR;CerroAzul01;-24,82449;-49,26312;2025-03-31 13:30:00.0;0,00
CERRO AZUL;410520101A;PR;CerroAzul01;-24,82449;-49,26312;2025-03-31 14:30:00.0;0,00
CERRO AZUL;410520101A;PR;CerroAzul01;-24,82449;-49,26312;2025-03-31 15:30:00.0;0,00
CERRO AZUL;410520101A;PR;CerroAzul01;-24,82449;-49,26312;2025-03-31 16:30:00.0;0,00
CERRO AZUL;410520101A;PR;CerroAzul01;-24,82449;-49,26312;2025-03-31 17:30:00.0;0,00
CERRO AZUL;410520101A;PR;CerroAzul01;-24,82449;-49,26312;2025-03-31 18:30:00.0;0,00
CERRO AZUL;410520101A;PR;CerroAzul01;-24,82449;-49,26312;2025-03-31 19:30:00.0;0,00
CERRO AZUL;410520101A;PR;CerroAzul01;-24,82449;-49,26312;2025-03-31 20:30:00.0;0,00
CERRO AZUL;410520101A;PR;CerroAzul01;-24,82449;-49,26312;2025-03-31 21:30:00.0;0,00
CERRO AZUL;410520101A;PR;CerroAzul01;-24,82449;-49,26312;2025-03-31 22:30:00.0;0,00
CERRO AZUL;410520101A;PR;CerroAzul01;-24,82449;-49,26312;2025-03-31 23:30:00.0;0,00
COLOMBO;410580501A;PR;Alto da Cruz;-25,3612;-49,1892;2025-03-01 00:00:00.0;0,00
COLOMBO;410580501A;PR;Alto da Cruz;-25,3612;-49,1892;2025-03-01 00:10:00.0;0,00
COLOMBO;410580501A;PR;Alto da Cruz;-25,3612;-49,1892;2025-03-01 01:00:00.0;0,00
COLOMBO;410580501A;PR;Alto da Cruz;-25,3612;-49,1892;2025-03-01 02:00:00.0;0,00
COLOMBO;410580501A;PR;Alto da Cruz;-25,3612;-49,1892;2025-03-01 03:00:00.0;0,00
COLOMBO;410580501A;PR;Alto da Cruz;-25,3612;-49,1892;2025-03-01 04:00:00.0;0,00
COLOMBO;410580501A;PR;Alto da Cruz;-25,3612;-49,1892;2025-03-01 05:00:00.0;0,00
COLOMBO;410580501A;PR;Alto da Cruz;-25,3612;-49,1892;2025-03-01 06:00:00.0;0,00
COLOMBO;410580501A;PR;Alto da Cruz;-25,3612;-49,1892;2025-03-01 07:00:00.0;0,00
COLOMBO;410580501A;PR;Alto da Cruz;-25,3612;-49,1892;2025-03-01 08:00:00.0;0,00
COLOMBO;410580501A;PR;Alto da Cruz;-25,3612;-49,1892;2025-03-01 09:00:00.0;0,00
COLOMBO;410580501A;PR;Alto da Cruz;-25,3612;-49,1892;2025-03-01 10:00:00.0;0,00
COLOMBO;410580501A;PR;Alto da Cruz;-25,3612;-49,1892;2025-03-01 11:00:00.0;0,00
COLOMBO;410580501A;PR;Alto da Cruz;-25,3612;-49,1892;2025-03-01 12:00:00.0;0,00
COLOMBO;410580501A;PR;Alto da Cruz;-25,3612;-49,1892;2025-03-01 13:00:00.0;0,00
COLOMBO;410580501A;PR;Alto da Cruz;-25,3612;-49,1892;2025-03-01 14:00:00.0;0,00
COLOMBO;410580501A;PR;Alto da Cruz;-25,3612;-49,1892;2025-03-01 15:00:00.0;0,00
COLOMBO;410580501A;PR;Alto da Cruz;-25,3612;-49,1892;2025-03-01 16:00:00.0;0,00
COLOMBO;410580501A;PR;Alto da Cruz;-25,3612;-49,1892;2025-03-01 17:00:00.0;0,00
COLOMBO;410580501A;PR;Alto da Cruz;-25,3612;-49,1892;2025-03-01 18:00:00.0;0,00
COLOMBO;410580501A;PR;Alto da Cruz;-25,3612;-49,1892;2025-03-01 19:00:00.0;0,00
COLOMBO;410580501A;PR;Alto da Cruz;-25,3612;-49,1892;2025-03-01 20:00:00.0;0,00
COLOMBO;410580501A;PR;Alto da Cruz;-25,3612;-49,1892;2025-03-01 21:00:00.0;0,00
COLOMBO;410580501A;PR;Alto da Cruz;-25,3612;-49,1892;2025-03-01 22:00:00.0;0,00
COLOMBO;410580501A;PR;Alto da Cruz;-25,3612;-49,1892;2025-03-01 23:00:00.0;0,00
COLOMBO;410580501A;PR;Alto da Cruz;-25,3612;-49,1892;2025-03-02 00:00:00.0;0,00
COLOMBO;410580501A;PR;Alto da Cruz;-25,3612;-49,1892;2025-03-02 01:00:00.0;0,00
COLOMBO;410580501A;PR;Alto da Cruz;-25,3612;-49,1892;2025-03-02 02:00:00.0;0,00
COLOMBO;410580501A;PR;Alto da Cruz;-25,3612;-49,1892;2025-03-02 03:00:00.0;0,00
COLOMBO;410580501A;PR;Alto da Cruz;-25,3612;-49,1892;2025-03-02 04:00:00.0;0,00
COLOMBO;410580501A;PR;Alto da Cruz;-25,3612;-49,1892;2025-03-02 05:00:00.0;0,00
COLOMBO;410580501A;PR;Alto da Cruz;-25,3612;-49,1892;2025-03-02 06:00:00.0;0,00
COLOMBO;410580501A;PR;Alto da Cruz;-25,3612;-49,1892;2025-03-02 07:00:00.0;0,00
COLOMBO;410580501A;PR;Alto da Cruz;-25,3612;-49,1892;2025-03-02 08:00:00.0;0,00
COLOMBO;410580501A;PR;Alto da Cruz;-25,3612;-49,1892;2025-03-02 09:00:00.0;0,00
COLOMBO;410580501A;PR;Alto da Cruz;-25,3612;-49,1892;2025-03-02 10:00:00.0;0,00
COLOMBO;410580501A;PR;Alto da Cruz;-25,3612;-49,1892;2025-03-02 11:00:00.0;0,00
COLOMBO;410580501A;PR;Alto da Cruz;-25,3612;-49,1892;2025-03-02 12:00:00.0;0,00
COLOMBO;410580501A;PR;Alto da Cruz;-25,3612;-49,1892;2025-03-02 13:00:00.0;0,00
COLOMBO;410580501A;PR;Alto da Cruz;-25,3612;-49,1892;2025-03-02 14:00:00.0;0,00
COLOMBO;410580501A;PR;Alto da Cruz;-25,3612;-49,1892;2025-03-02 15:00:00.0;0,00
COLOMBO;410580501A;PR;Alto da Cruz;-25,3612;-49,1892;2025-03-02 16:00:00.0;0,00
COLOMBO;410580501A;PR;Alto da Cruz;-25,3612;-49,1892;2025-03-02 17:00:00.0;0,00
COLOMBO;410580501A;PR;Alto da Cruz;-25,3612;-49,1892;2025-03-02 18:00:00.0;0,00
COLOMBO;410580501A;PR;Alto da Cruz;-25,3612;-49,1892;2025-03-02 19:00:00.0;0,00
COLOMBO;410580501A;PR;Alto da Cruz;-25,3612;-49,1892;2025-03-02 20:00:00.0;0,00
COLOMBO;410580501A;PR;Alto da Cruz;-25,3612;-49,1892;2025-03-02 21:00:00.0;0,00
COLOMBO;410580501A;PR;Alto da Cruz;-25,3612;-49,1892;2025-03-02 22:00:00.0;0,00
COLOMBO;410580501A;PR;Alto da Cruz;-25,3612;-49,1892;2025-03-02 23:00:00.0;0,00
COLOMBO;410580501A;PR;Alto da Cruz;-25,3612;-49,1892;2025-03-03 00:00:00.0;0,00
COLOMBO;410580501A;PR;Alto da Cruz;-25,3612;-49,1892;2025-03-03 01:00:00.0;0,00
COLOMBO;410580501A;PR;Alto da Cruz;-25,3612;-49,1892;2025-03-03 02:00:00.0;0,00
COLOMBO;410580501A;PR;Alto da Cruz;-25,3612;-49,1892;2025-03-03 03:00:00.0;0,00
COLOMBO;410580501A;PR;Alto da Cruz;-25,3612;-49,1892;2025-03-03 04:00:00.0;0,00
COLOMBO;410580501A;PR;Alto da Cruz;-25,3612;-49,1892;2025-03-03 05:00:00.0;0,00
COLOMBO;410580501A;PR;Alto da Cruz;-25,3612;-49,1892;2025-03-03 06:00:00.0;0,00
COLOMBO;410580501A;PR;Alto da Cruz;-25,3612;-49,1892;2025-03-03 07:00:00.0;0,00
COLOMBO;410580501A;PR;Alto da Cruz;-25,3612;-49,1892;2025-03-03 08:00:00.0;0,00
COLOMBO;410580501A;PR;Alto da Cruz;-25,3612;-49,1892;2025-03-03 09:00:00.0;0,00
COLOMBO;410580501A;PR;Alto da Cruz;-25,3612;-49,1892;2025-03-03 10:00:00.0;0,00
COLOMBO;410580501A;PR;Alto da Cruz;-25,3612;-49,1892;2025-03-03 11:00:00.0;0,00
COLOMBO;410580501A;PR;Alto da Cruz;-25,3612;-49,1892;2025-03-03 12:00:00.0;0,00
COLOMBO;410580501A;PR;Alto da Cruz;-25,3612;-49,1892;2025-03-03 13:00:00.0;0,00
COLOMBO;410580501A;PR;Alto da Cruz;-25,3612;-49,1892;2025-03-03 14:00:00.0;0,00
COLOMBO;410580501A;PR;Alto da Cruz;-25,3612;-49,1892;2025-03-03 15:00:00.0;0,00
COLOMBO;410580501A;PR;Alto da Cruz;-25,3612;-49,1892;2025-03-03 16:00:00.0;0,00
COLOMBO;410580501A;PR;Alto da Cruz;-25,3612;-49,1892;2025-03-03 17:00:00.0;0,00
COLOMBO;410580501A;PR;Alto da Cruz;-25,3612;-49,1892;2025-03-03 18:00:00.0;0,00
COLOMBO;410580501A;PR;Alto da Cruz;-25,3612;-49,1892;2025-03-03 19:00:00.0;0,00
COLOMBO;410580501A;PR;Alto da Cruz;-25,3612;-49,1892;2025-03-03 20:00:00.0;0,00
COLOMBO;410580501A;PR;Alto da Cruz;-25,3612;-49,1892;2025-03-03 21:00:00.0;0,00
COLOMBO;410580501A;PR;Alto da Cruz;-25,3612;-49,1892;2025-03-03 22:00:00.0;0,00
COLOMBO;410580501A;PR;Alto da Cruz;-25,3612;-49,1892;2025-03-03 23:00:00.0;0,00
COLOMBO;410580501A;PR;Alto da Cruz;-25,3612;-49,1892;2025-03-04 00:00:00.0;0,00
COLOMBO;410580501A;PR;Alto da Cruz;-25,3612;-49,1892;2025-03-04 01:00:00.0;0,00
COLOMBO;410580501A;PR;Alto da Cruz;-25,3612;-49,1892;2025-03-04 02:00:00.0;0,00
COLOMBO;410580501A;PR;Alto da Cruz;-25,3612;-49,1892;2025-03-04 03:00:00.0;0,00
COLOMBO;410580501A;PR;Alto da Cruz;-25,3612;-49,1892;2025-03-04 04:00:00.0;0,00
COLOMBO;410580501A;PR;Alto da Cruz;-25,3612;-49,1892;2025-03-04 05:00:00.0;0,00
COLOMBO;410580501A;PR;Alto da Cruz;-25,3612;-49,1892;2025-03-04 06:00:00.0;0,00
COLOMBO;410580501A;PR;Alto da Cruz;-25,3612;-49,1892;2025-03-04 07:00:00.0;0,00
COLOMBO;410580501A;PR;Alto da Cruz;-25,3612;-49,1892;2025-03-04 08:00:00.0;0,00
COLOMBO;410580501A;PR;Alto da Cruz;-25,3612;-49,1892;2025-03-04 09:00:00.0;0,00
COLOMBO;410580501A;PR;Alto da Cruz;-25,3612;-49,1892;2025-03-04 10:00:00.0;0,00
COLOMBO;410580501A;PR;Alto da Cruz;-25,3612;-49,1892;2025-03-04 11:00:00.0;0,00
COLOMBO;410580501A;PR;Alto da Cruz;-25,3612;-49,1892;2025-03-04 12:00:00.0;0,00
COLOMBO;410580501A;PR;Alto da Cruz;-25,3612;-49,1892;2025-03-04 13:00:00.0;0,00
COLOMBO;410580501A;PR;Alto da Cruz;-25,3612;-49,1892;2025-03-04 14:00:00.0;0,00
COLOMBO;410580501A;PR;Alto da Cruz;-25,3612;-49,1892;2025-03-04 15:00:00.0;0,00
COLOMBO;410580501A;PR;Alto da Cruz;-25,3612;-49,1892;2025-03-04 16:00:00.0;0,00
COLOMBO;410580501A;PR;Alto da Cruz;-25,3612;-49,1892;2025-03-04 17:00:00.0;0,00
COLOMBO;410580501A;PR;Alto da Cruz;-25,3612;-49,1892;2025-03-04 18:00:00.0;0,00
COLOMBO;410580501A;PR;Alto da Cruz;-25,3612;-49,1892;2025-03-04 19:00:00.0;0,00
COLOMBO;410580501A;PR;Alto da Cruz;-25,3612;-49,1892;2025-03-04 20:00:00.0;0,00
COLOMBO;410580501A;PR;Alto da Cruz;-25,3612;-49,1892;2025-03-04 21:00:00.0;0,00
COLOMBO;410580501A;PR;Alto da Cruz;-25,3612;-49,1892;2025-03-04 22:00:00.0;0,00
COLOMBO;410580501A;PR;Alto da Cruz;-25,3612;-49,1892;2025-03-04 23:00:00.0;0,00
COLOMBO;410580501A;PR;Alto da Cruz;-25,3612;-49,1892;2025-03-05 00:00:00.0;0,00
COLOMBO;410580501A;PR;Alto da Cruz;-25,3612;-49,1892;2025-03-05 01:00:00.0;0,00
COLOMBO;410580501A;PR;Alto da Cruz;-25,3612;-49,1892;2025-03-05 02:00:00.0;0,00
COLOMBO;410580501A;PR;Alto da Cruz;-25,3612;-49,1892;2025-03-05 03:00:00.0;0,00
COLOMBO;410580501A;PR;Alto da Cruz;-25,3612;-49,1892;2025-03-05 04:00:00.0;0,00
COLOMBO;410580501A;PR;Alto da Cruz;-25,3612;-49,1892;2025-03-05 05:00:00.0;0,00
COLOMBO;410580501A;PR;Alto da Cruz;-25,3612;-49,1892;2025-03-05 06:00:00.0;0,00
COLOMBO;410580501A;PR;Alto da Cruz;-25,3612;-49,1892;2025-03-05 07:00:00.0;0,00
COLOMBO;410580501A;PR;Alto da Cruz;-25,3612;-49,1892;2025-03-05 08:00:00.0;0,00
COLOMBO;410580501A;PR;Alto da Cruz;-25,3612;-49,1892;2025-03-05 09:00:00.0;0,00
COLOMBO;410580501A;PR;Alto da Cruz;-25,3612;-49,1892;2025-03-05 10:00:00.0;0,00
COLOMBO;410580501A;PR;Alto da Cruz;-25,3612;-49,1892;2025-03-05 11:00:00.0;0,00
COLOMBO;410580501A;PR;Alto da Cruz;-25,3612;-49,1892;2025-03-05 12:00:00.0;0,00
COLOMBO;410580501A;PR;Alto da Cruz;-25,3612;-49,1892;2025-03-05 13:00:00.0;0,00
COLOMBO;410580501A;PR;Alto da Cruz;-25,3612;-49,1892;2025-03-05 14:00:00.0;0,00
COLOMBO;410580501A;PR;Alto da Cruz;-25,3612;-49,1892;2025-03-05 15:00:00.0;0,00
COLOMBO;410580501A;PR;Alto da Cruz;-25,3612;-49,1892;2025-03-05 16:00:00.0;0,00
COLOMBO;410580501A;PR;Alto da Cruz;-25,3612;-49,1892;2025-03-05 17:00:00.0;0,00
COLOMBO;410580501A;PR;Alto da Cruz;-25,3612;-49,1892;2025-03-05 18:00:00.0;0,00
COLOMBO;410580501A;PR;Alto da Cruz;-25,3612;-49,1892;2025-03-05 19:00:00.0;0,00
COLOMBO;410580501A;PR;Alto da Cruz;-25,3612;-49,1892;2025-03-05 20:00:00.0;0,00
COLOMBO;410580501A;PR;Alto da Cruz;-25,3612;-49,1892;2025-03-05 21:00:00.0;0,00
COLOMBO;410580501A;PR;Alto da Cruz;-25,3612;-49,1892;2025-03-05 22:00:00.0;0,00
COLOMBO;410580501A;PR;Alto da Cruz;-25,3612;-49,1892;2025-03-05 23:00:00.0;0,00
COLOMBO;410580501A;PR;Alto da Cruz;-25,3612;-49,1892;2025-03-06 00:00:00.0;0,00
COLOMBO;410580501A;PR;Alto da Cruz;-25,3612;-49,1892;2025-03-06 01:00:00.0;0,00
COLOMBO;410580501A;PR;Alto da Cruz;-25,3612;-49,1892;2025-03-06 02:00:00.0;0,00
COLOMBO;410580501A;PR;Alto da Cruz;-25,3612;-49,1892;2025-03-06 03:00:00.0;0,00
COLOMBO;410580501A;PR;Alto da Cruz;-25,3612;-49,1892;2025-03-06 04:00:00.0;0,00
COLOMBO;410580501A;PR;Alto da Cruz;-25,3612;-49,1892;2025-03-06 05:00:00.0;0,00
COLOMBO;410580501A;PR;Alto da Cruz;-25,3612;-49,1892;2025-03-06 06:00:00.0;0,00
COLOMBO;410580501A;PR;Alto da Cruz;-25,3612;-49,1892;2025-03-06 07:00:00.0;0,00
COLOMBO;410580501A;PR;Alto da Cruz;-25,3612;-49,1892;2025-03-06 08:00:00.0;0,00
COLOMBO;410580501A;PR;Alto da Cruz;-25,3612;-49,1892;2025-03-06 09:00:00.0;0,00
COLOMBO;410580501A;PR;Alto da Cruz;-25,3612;-49,1892;2025-03-06 10:00:00.0;0,00
COLOMBO;410580501A;PR;Alto da Cruz;-25,3612;-49,1892;2025-03-06 11:00:00.0;0,00
COLOMBO;410580501A;PR;Alto da Cruz;-25,3612;-49,1892;2025-03-06 12:00:00.0;0,00
COLOMBO;410580501A;PR;Alto da Cruz;-25,3612;-49,1892;2025-03-06 13:00:00.0;0,00
COLOMBO;410580501A;PR;Alto da Cruz;-25,3612;-49,1892;2025-03-06 14:00:00.0;0,00
COLOMBO;410580501A;PR;Alto da Cruz;-25,3612;-49,1892;2025-03-06 15:00:00.0;0,00
COLOMBO;410580501A;PR;Alto da Cruz;-25,3612;-49,1892;2025-03-06 16:00:00.0;0,00
COLOMBO;410580501A;PR;Alto da Cruz;-25,3612;-49,1892;2025-03-06 17:00:00.0;0,00
COLOMBO;410580501A;PR;Alto da Cruz;-25,3612;-49,1892;2025-03-06 18:00:00.0;0,00
COLOMBO;410580501A;PR;Alto da Cruz;-25,3612;-49,1892;2025-03-06 19:00:00.0;0,00
COLOMBO;410580501A;PR;Alto da Cruz;-25,3612;-49,1892;2025-03-06 20:00:00.0;0,00
COLOMBO;410580501A;PR;Alto da Cruz;-25,3612;-49,1892;2025-03-06 21:00:00.0;0,00
COLOMBO;410580501A;PR;Alto da Cruz;-25,3612;-49,1892;2025-03-06 22:00:00.0;0,00
COLOMBO;410580501A;PR;Alto da Cruz;-25,3612;-49,1892;2025-03-06 23:00:00.0;0,00
COLOMBO;410580501A;PR;Alto da Cruz;-25,3612;-49,1892;2025-03-07 00:00:00.0;0,00
COLOMBO;410580501A;PR;Alto da Cruz;-25,3612;-49,1892;2025-03-07 01:00:00.0;0,00
COLOMBO;410580501A;PR;Alto da Cruz;-25,3612;-49,1892;2025-03-07 02:00:00.0;0,00
COLOMBO;410580501A;PR;Alto da Cruz;-25,3612;-49,1892;2025-03-07 03:00:00.0;0,00
COLOMBO;410580501A;PR;Alto da Cruz;-25,3612;-49,1892;2025-03-07 04:00:00.0;0,00
COLOMBO;410580501A;PR;Alto da Cruz;-25,3612;-49,1892;2025-03-07 05:00:00.0;0,00
COLOMBO;410580501A;PR;Alto da Cruz;-25,3612;-49,1892;2025-03-07 06:00:00.0;0,00
COLOMBO;410580501A;PR;Alto da Cruz;-25,3612;-49,1892;2025-03-07 07:00:00.0;0,00
COLOMBO;410580501A;PR;Alto da Cruz;-25,3612;-49,1892;2025-03-07 08:00:00.0;0,00
COLOMBO;410580501A;PR;Alto da Cruz;-25,3612;-49,1892;2025-03-07 09:00:00.0;0,00
COLOMBO;410580501A;PR;Alto da Cruz;-25,3612;-49,1892;2025-03-07 10:00:00.0;0,00
COLOMBO;410580501A;PR;Alto da Cruz;-25,3612;-49,1892;2025-03-07 11:00:00.0;0,00
COLOMBO;410580501A;PR;Alto da Cruz;-25,3612;-49,1892;2025-03-07 12:00:00.0;0,00
COLOMBO;410580501A;PR;Alto da Cruz;-25,3612;-49,1892;2025-03-07 13:00:00.0;0,00
COLOMBO;410580501A;PR;Alto da Cruz;-25,3612;-49,1892;2025-03-07 14:00:00.0;0,00
COLOMBO;410580501A;PR;Alto da Cruz;-25,3612;-49,1892;2025-03-07 15:00:00.0;0,00
COLOMBO;410580501A;PR;Alto da Cruz;-25,3612;-49,1892;2025-03-07 16:00:00.0;0,00
COLOMBO;410580501A;PR;Alto da Cruz;-25,3612;-49,1892;2025-03-07 17:00:00.0;0,00
COLOMBO;410580501A;PR;Alto da Cruz;-25,3612;-49,1892;2025-03-07 18:00:00.0;0,00
COLOMBO;410580501A;PR;Alto da Cruz;-25,3612;-49,1892;2025-03-07 19:00:00.0;0,00
COLOMBO;410580501A;PR;Alto da Cruz;-25,3612;-49,1892;2025-03-07 20:00:00.0;0,00
COLOMBO;410580501A;PR;Alto da Cruz;-25,3612;-49,1892;2025-03-07 21:00:00.0;0,00
COLOMBO;410580501A;PR;Alto da Cruz;-25,3612;-49,1892;2025-03-07 22:00:00.0;0,00
COLOMBO;410580501A;PR;Alto da Cruz;-25,3612;-49,1892;2025-03-07 23:00:00.0;0,00
COLOMBO;410580501A;PR;Alto da Cruz;-25,3612;-49,1892;2025-03-08 00:00:00.0;0,00
COLOMBO;410580501A;PR;Alto da Cruz;-25,3612;-49,1892;2025-03-08 01:00:00.0;0,00
COLOMBO;410580501A;PR;Alto da Cruz;-25,3612;-49,1892;2025-03-08 02:00:00.0;0,00
COLOMBO;410580501A;PR;Alto da Cruz;-25,3612;-49,1892;2025-03-08 03:00:00.0;0,00
COLOMBO;410580501A;PR;Alto da Cruz;-25,3612;-49,1892;2025-03-08 04:00:00.0;0,00
COLOMBO;410580501A;PR;Alto da Cruz;-25,3612;-49,1892;2025-03-08 05:00:00.0;0,00
COLOMBO;410580501A;PR;Alto da Cruz;-25,3612;-49,1892;2025-03-08 06:00:00.0;0,00
COLOMBO;410580501A;PR;Alto da Cruz;-25,3612;-49,1892;2025-03-08 07:00:00.0;0,00
COLOMBO;410580501A;PR;Alto da Cruz;-25,3612;-49,1892;2025-03-08 08:00:00.0;0,00
COLOMBO;410580501A;PR;Alto da Cruz;-25,3612;-49,1892;2025-03-08 09:00:00.0;0,00
COLOMBO;410580501A;PR;Alto da Cruz;-25,3612;-49,1892;2025-03-08 10:00:00.0;0,00
COLOMBO;410580501A;PR;Alto da Cruz;-25,3612;-49,1892;2025-03-08 11:00:00.0;0,00
COLOMBO;410580501A;PR;Alto da Cruz;-25,3612;-49,1892;2025-03-08 12:00:00.0;0,00
COLOMBO;410580501A;PR;Alto da Cruz;-25,3612;-49,1892;2025-03-08 13:00:00.0;0,00
COLOMBO;410580501A;PR;Alto da Cruz;-25,3612;-49,1892;2025-03-08 14:00:00.0;0,00
COLOMBO;410580501A;PR;Alto da Cruz;-25,3612;-49,1892;2025-03-08 15:00:00.0;0,00
COLOMBO;410580501A;PR;Alto da Cruz;-25,3612;-49,1892;2025-03-08 16:00:00.0;0,00
COLOMBO;410580501A;PR;Alto da Cruz;-25,3612;-49,1892;2025-03-08 17:00:00.0;0,00
COLOMBO;410580501A;PR;Alto da Cruz;-25,3612;-49,1892;2025-03-08 18:00:00.0;0,00
COLOMBO;410580501A;PR;Alto da Cruz;-25,3612;-49,1892;2025-03-08 19:00:00.0;0,00
COLOMBO;410580501A;PR;Alto da Cruz;-25,3612;-49,1892;2025-03-08 20:00:00.0;0,00
COLOMBO;410580501A;PR;Alto da Cruz;-25,3612;-49,1892;2025-03-08 21:00:00.0;0,00
COLOMBO;410580501A;PR;Alto da Cruz;-25,3612;-49,1892;2025-03-08 22:00:00.0;0,00
COLOMBO;410580501A;PR;Alto da Cruz;-25,3612;-49,1892;2025-03-08 23:00:00.0;0,00
COLOMBO;410580501A;PR;Alto da Cruz;-25,3612;-49,1892;2025-03-09 00:00:00.0;0,00
COLOMBO;410580501A;PR;Alto da Cruz;-25,3612;-49,1892;2025-03-09 01:00:00.0;0,00
COLOMBO;410580501A;PR;Alto da Cruz;-25,3612;-49,1892;2025-03-09 02:00:00.0;0,00
COLOMBO;410580501A;PR;Alto da Cruz;-25,3612;-49,1892;2025-03-09 03:00:00.0;0,00
COLOMBO;410580501A;PR;Alto da Cruz;-25,3612;-49,1892;2025-03-09 04:00:00.0;0,00
COLOMBO;410580501A;PR;Alto da Cruz;-25,3612;-49,1892;2025-03-09 05:00:00.0;0,00
COLOMBO;410580501A;PR;Alto da Cruz;-25,3612;-49,1892;2025-03-09 06:00:00.0;0,00
COLOMBO;410580501A;PR;Alto da Cruz;-25,3612;-49,1892;2025-03-09 07:00:00.0;0,00
COLOMBO;410580501A;PR;Alto da Cruz;-25,3612;-49,1892;2025-03-09 08:00:00.0;0,00
COLOMBO;410580501A;PR;Alto da Cruz;-25,3612;-49,1892;2025-03-09 09:00:00.0;0,00
COLOMBO;410580501A;PR;Alto da Cruz;-25,3612;-49,1892;2025-03-09 10:00:00.0;0,00
COLOMBO;410580501A;PR;Alto da Cruz;-25,3612;-49,1892;2025-03-09 11:00:00.0;0,00
COLOMBO;410580501A;PR;Alto da Cruz;-25,3612;-49,1892;2025-03-09 12:00:00.0;0,00
COLOMBO;410580501A;PR;Alto da Cruz;-25,3612;-49,1892;2025-03-09 13:00:00.0;0,00
COLOMBO;410580501A;PR;Alto da Cruz;-25,3612;-49,1892;2025-03-09 14:00:00.0;0,00
COLOMBO;410580501A;PR;Alto da Cruz;-25,3612;-49,1892;2025-03-09 15:00:00.0;0,00
COLOMBO;410580501A;PR;Alto da Cruz;-25,3612;-49,1892;2025-03-09 16:00:00.0;0,00
COLOMBO;410580501A;PR;Alto da Cruz;-25,3612;-49,1892;2025-03-09 17:00:00.0;0,00
COLOMBO;410580501A;PR;Alto da Cruz;-25,3612;-49,1892;2025-03-09 18:00:00.0;0,00
COLOMBO;410580501A;PR;Alto da Cruz;-25,3612;-49,1892;2025-03-09 19:00:00.0;0,00
COLOMBO;410580501A;PR;Alto da Cruz;-25,3612;-49,1892;2025-03-09 20:00:00.0;0,00
COLOMBO;410580501A;PR;Alto da Cruz;-25,3612;-49,1892;2025-03-09 20:10:00.0;0,60
COLOMBO;410580501A;PR;Alto da Cruz;-25,3612;-49,1892;2025-03-09 20:20:00.0;2,80
COLOMBO;410580501A;PR;Alto da Cruz;-25,3612;-49,1892;2025-03-09 20:30:00.0;1,80
COLOMBO;410580501A;PR;Alto da Cruz;-25,3612;-49,1892;2025-03-09 20:40:00.0;0,40
COLOMBO;410580501A;PR;Alto da Cruz;-25,3612;-49,1892;2025-03-09 20:50:00.0;0,40
COLOMBO;410580501A;PR;Alto da Cruz;-25,3612;-49,1892;2025-03-09 21:00:00.0;4,60
COLOMBO;410580501A;PR;Alto da Cruz;-25,3612;-49,1892;2025-03-09 21:10:00.0;8,20
COLOMBO;410580501A;PR;Alto da Cruz;-25,3612;-49,1892;2025-03-09 21:20:00.0;1,40
COLOMBO;410580501A;PR;Alto da Cruz;-25,3612;-49,1892;2025-03-09 21:30:00.0;0,60
COLOMBO;410580501A;PR;Alto da Cruz;-25,3612;-49,1892;2025-03-09 22:00:00.0;0,00
COLOMBO;410580501A;PR;Alto da Cruz;-25,3612;-49,1892;2025-03-09 23:00:00.0;0,00
COLOMBO;410580501A;PR;Alto da Cruz;-25,3612;-49,1892;2025-03-10 00:00:00.0;0,20
COLOMBO;410580501A;PR;Alto da Cruz;-25,3612;-49,1892;2025-03-10 00:10:00.0;0,00
COLOMBO;410580501A;PR;Alto da Cruz;-25,3612;-49,1892;2025-03-10 01:00:00.0;0,20
COLOMBO;410580501A;PR;Alto da Cruz;-25,3612;-49,1892;2025-03-10 02:00:00.0;0,00
COLOMBO;410580501A;PR;Alto da Cruz;-25,3612;-49,1892;2025-03-10 03:00:00.0;0,00
COLOMBO;410580501A;PR;Alto da Cruz;-25,3612;-49,1892;2025-03-10 03:40:00.0;0,20
COLOMBO;410580501A;PR;Alto da Cruz;-25,3612;-49,1892;2025-03-10 04:00:00.0;0,00
COLOMBO;410580501A;PR;Alto da Cruz;-25,3612;-49,1892;2025-03-10 05:00:00.0;0,00
COLOMBO;410580501A;PR;Alto da Cruz;-25,3612;-49,1892;2025-03-10 06:00:00.0;0,00
COLOMBO;410580501A;PR;Alto da Cruz;-25,3612;-49,1892;2025-03-10 07:00:00.0;0,00
COLOMBO;410580501A;PR;Alto da Cruz;-25,3612;-49,1892;2025-03-10 08:00:00.0;0,00
COLOMBO;410580501A;PR;Alto da Cruz;-25,3612;-49,1892;2025-03-10 09:00:00.0;0,00
COLOMBO;410580501A;PR;Alto da Cruz;-25,3612;-49,1892;2025-03-10 10:00:00.0;0,00
COLOMBO;410580501A;PR;Alto da Cruz;-25,3612;-49,1892;2025-03-10 11:00:00.0;0,00
COLOMBO;410580501A;PR;Alto da Cruz;-25,3612;-49,1892;2025-03-10 12:00:00.0;0,00
COLOMBO;410580501A;PR;Alto da Cruz;-25,3612;-49,1892;2025-03-10 13:00:00.0;0,00
COLOMBO;410580501A;PR;Alto da Cruz;-25,3612;-49,1892;2025-03-10 14:00:00.0;0,00
COLOMBO;410580501A;PR;Alto da Cruz;-25,3612;-49,1892;2025-03-10 15:00:00.0;0,00
COLOMBO;410580501A;PR;Alto da Cruz;-25,3612;-49,1892;2025-03-10 16:00:00.0;0,00
COLOMBO;410580501A;PR;Alto da Cruz;-25,3612;-49,1892;2025-03-10 17:00:00.0;0,00
COLOMBO;410580501A;PR;Alto da Cruz;-25,3612;-49,1892;2025-03-10 18:00:00.0;0,00
COLOMBO;410580501A;PR;Alto da Cruz;-25,3612;-49,1892;2025-03-10 19:00:00.0;0,00
COLOMBO;410580501A;PR;Alto da Cruz;-25,3612;-49,1892;2025-03-10 20:00:00.0;0,00
COLOMBO;410580501A;PR;Alto da Cruz;-25,3612;-49,1892;2025-03-10 21:00:00.0;0,00
COLOMBO;410580501A;PR;Alto da Cruz;-25,3612;-49,1892;2025-03-10 22:00:00.0;0,00
COLOMBO;410580501A;PR;Alto da Cruz;-25,3612;-49,1892;2025-03-10 23:00:00.0;0,00
COLOMBO;410580501A;PR;Alto da Cruz;-25,3612;-49,1892;2025-03-11 00:00:00.0;0,00
COLOMBO;410580501A;PR;Alto da Cruz;-25,3612;-49,1892;2025-03-11 01:00:00.0;0,00
COLOMBO;410580501A;PR;Alto da Cruz;-25,3612;-49,1892;2025-03-11 02:00:00.0;0,00
COLOMBO;410580501A;PR;Alto da Cruz;-25,3612;-49,1892;2025-03-11 03:00:00.0;0,00
COLOMBO;410580501A;PR;Alto da Cruz;-25,3612;-49,1892;2025-03-11 04:00:00.0;0,00
COLOMBO;410580501A;PR;Alto da Cruz;-25,3612;-49,1892;2025-03-11 05:00:00.0;0,00
COLOMBO;410580501A;PR;Alto da Cruz;-25,3612;-49,1892;2025-03-11 06:00:00.0;0,00
COLOMBO;410580501A;PR;Alto da Cruz;-25,3612;-49,1892;2025-03-11 07:00:00.0;0,00
COLOMBO;410580501A;PR;Alto da Cruz;-25,3612;-49,1892;2025-03-11 08:00:00.0;0,00
COLOMBO;410580501A;PR;Alto da Cruz;-25,3612;-49,1892;2025-03-11 09:00:00.0;0,00
COLOMBO;410580501A;PR;Alto da Cruz;-25,3612;-49,1892;2025-03-11 10:00:00.0;0,00
COLOMBO;410580501A;PR;Alto da Cruz;-25,3612;-49,1892;2025-03-11 11:00:00.0;0,00
COLOMBO;410580501A;PR;Alto da Cruz;-25,3612;-49,1892;2025-03-11 12:00:00.0;0,00
COLOMBO;410580501A;PR;Alto da Cruz;-25,3612;-49,1892;2025-03-11 13:00:00.0;0,00
COLOMBO;410580501A;PR;Alto da Cruz;-25,3612;-49,1892;2025-03-11 14:00:00.0;0,00
COLOMBO;410580501A;PR;Alto da Cruz;-25,3612;-49,1892;2025-03-11 15:00:00.0;0,00
COLOMBO;410580501A;PR;Alto da Cruz;-25,3612;-49,1892;2025-03-11 16:00:00.0;0,00
COLOMBO;410580501A;PR;Alto da Cruz;-25,3612;-49,1892;2025-03-11 17:00:00.0;0,00
COLOMBO;410580501A;PR;Alto da Cruz;-25,3612;-49,1892;2025-03-11 18:00:00.0;0,00
COLOMBO;410580501A;PR;Alto da Cruz;-25,3612;-49,1892;2025-03-11 18:10:00.0;2,40
COLOMBO;410580501A;PR;Alto da Cruz;-25,3612;-49,1892;2025-03-11 18:20:00.0;9,20
COLOMBO;410580501A;PR;Alto da Cruz;-25,3612;-49,1892;2025-03-11 18:30:00.0;18,20
COLOMBO;410580501A;PR;Alto da Cruz;-25,3612;-49,1892;2025-03-11 18:40:00.0;8,20
COLOMBO;410580501A;PR;Alto da Cruz;-25,3612;-49,1892;2025-03-11 18:50:00.0;3,00
COLOMBO;410580501A;PR;Alto da Cruz;-25,3612;-49,1892;2025-03-11 19:00:00.0;0,20
COLOMBO;410580501A;PR;Alto da Cruz;-25,3612;-49,1892;2025-03-11 20:00:00.0;0,00
COLOMBO;410580501A;PR;Alto da Cruz;-25,3612;-49,1892;2025-03-11 20:50:00.0;0,40
COLOMBO;410580501A;PR;Alto da Cruz;-25,3612;-49,1892;2025-03-11 21:00:00.0;0,40
COLOMBO;410580501A;PR;Alto da Cruz;-25,3612;-49,1892;2025-03-11 21:10:00.0;0,60
COLOMBO;410580501A;PR;Alto da Cruz;-25,3612;-49,1892;2025-03-11 21:20:00.0;0,20
COLOMBO;410580501A;PR;Alto da Cruz;-25,3612;-49,1892;2025-03-11 21:30:00.0;0,60
COLOMBO;410580501A;PR;Alto da Cruz;-25,3612;-49,1892;2025-03-11 21:40:00.0;1,00
COLOMBO;410580501A;PR;Alto da Cruz;-25,3612;-49,1892;2025-03-11 21:50:00.0;3,00
COLOMBO;410580501A;PR;Alto da Cruz;-25,3612;-49,1892;2025-03-11 22:00:00.0;1,80
COLOMBO;410580501A;PR;Alto da Cruz;-25,3612;-49,1892;2025-03-11 22:10:00.0;0,80
COLOMBO;410580501A;PR;Alto da Cruz;-25,3612;-49,1892;2025-03-11 22:20:00.0;1,20
COLOMBO;410580501A;PR;Alto da Cruz;-25,3612;-49,1892;2025-03-11 22:30:00.0;4,80
COLOMBO;410580501A;PR;Alto da Cruz;-25,3612;-49,1892;2025-03-11 22:40:00.0;3,00
COLOMBO;410580501A;PR;Alto da Cruz;-25,3612;-49,1892;2025-03-11 22:50:00.0;2,00
COLOMBO;410580501A;PR;Alto da Cruz;-25,3612;-49,1892;2025-03-11 23:00:00.0;1,60
COLOMBO;410580501A;PR;Alto da Cruz;-25,3612;-49,1892;2025-03-11 23:10:00.0;1,40
COLOMBO;410580501A;PR;Alto da Cruz;-25,3612;-49,1892;2025-03-11 23:20:00.0;0,80
COLOMBO;410580501A;PR;Alto da Cruz;-25,3612;-49,1892;2025-03-11 23:30:00.0;0,80
COLOMBO;410580501A;PR;Alto da Cruz;-25,3612;-49,1892;2025-03-11 23:40:00.0;0,20
COLOMBO;410580501A;PR;Alto da Cruz;-25,3612;-49,1892;2025-03-11 23:50:00.0;0,40
COLOMBO;410580501A;PR;Alto da Cruz;-25,3612;-49,1892;2025-03-12 00:00:00.0;0,00
COLOMBO;410580501A;PR;Alto da Cruz;-25,3612;-49,1892;2025-03-12 00:10:00.0;0,40
COLOMBO;410580501A;PR;Alto da Cruz;-25,3612;-49,1892;2025-03-12 01:00:00.0;0,00
COLOMBO;410580501A;PR;Alto da Cruz;-25,3612;-49,1892;2025-03-12 02:00:00.0;0,00
COLOMBO;410580501A;PR;Alto da Cruz;-25,3612;-49,1892;2025-03-12 03:00:00.0;0,00
COLOMBO;410580501A;PR;Alto da Cruz;-25,3612;-49,1892;2025-03-12 04:00:00.0;0,00
COLOMBO;410580501A;PR;Alto da Cruz;-25,3612;-49,1892;2025-03-12 05:00:00.0;0,00
COLOMBO;410580501A;PR;Alto da Cruz;-25,3612;-49,1892;2025-03-12 06:00:00.0;0,00
COLOMBO;410580501A;PR;Alto da Cruz;-25,3612;-49,1892;2025-03-12 07:00:00.0;0,00
COLOMBO;410580501A;PR;Alto da Cruz;-25,3612;-49,1892;2025-03-12 07:20:00.0;0,20
COLOMBO;410580501A;PR;Alto da Cruz;-25,3612;-49,1892;2025-03-12 08:00:00.0;0,00
COLOMBO;410580501A;PR;Alto da Cruz;-25,3612;-49,1892;2025-03-12 09:00:00.0;0,00
COLOMBO;410580501A;PR;Alto da Cruz;-25,3612;-49,1892;2025-03-12 10:00:00.0;0,00
COLOMBO;410580501A;PR;Alto da Cruz;-25,3612;-49,1892;2025-03-12 11:00:00.0;0,00
COLOMBO;410580501A;PR;Alto da Cruz;-25,3612;-49,1892;2025-03-12 12:00:00.0;0,00
COLOMBO;410580501A;PR;Alto da Cruz;-25,3612;-49,1892;2025-03-12 13:00:00.0;0,00
COLOMBO;410580501A;PR;Alto da Cruz;-25,3612;-49,1892;2025-03-12 14:00:00.0;0,00
COLOMBO;410580501A;PR;Alto da Cruz;-25,3612;-49,1892;2025-03-12 15:00:00.0;0,00
COLOMBO;410580501A;PR;Alto da Cruz;-25,3612;-49,1892;2025-03-12 15:40:00.0;1,40
COLOMBO;410580501A;PR;Alto da Cruz;-25,3612;-49,1892;2025-03-12 15:50:00.0;4,40
COLOMBO;410580501A;PR;Alto da Cruz;-25,3612;-49,1892;2025-03-12 16:00:00.0;6,40
COLOMBO;410580501A;PR;Alto da Cruz;-25,3612;-49,1892;2025-03-12 16:10:00.0;0,80
COLOMBO;410580501A;PR;Alto da Cruz;-25,3612;-49,1892;2025-03-12 17:00:00.0;0,00
COLOMBO;410580501A;PR;Alto da Cruz;-25,3612;-49,1892;2025-03-12 18:00:00.0;0,00
COLOMBO;410580501A;PR;Alto da Cruz;-25,3612;-49,1892;2025-03-12 19:00:00.0;0,00
COLOMBO;410580501A;PR;Alto da Cruz;-25,3612;-49,1892;2025-03-12 20:00:00.0;0,00
COLOMBO;410580501A;PR;Alto da Cruz;-25,3612;-49,1892;2025-03-12 21:00:00.0;0,00
COLOMBO;410580501A;PR;Alto da Cruz;-25,3612;-49,1892;2025-03-12 21:30:00.0;6,20
COLOMBO;410580501A;PR;Alto da Cruz;-25,3612;-49,1892;2025-03-12 21:40:00.0;7,20
COLOMBO;410580501A;PR;Alto da Cruz;-25,3612;-49,1892;2025-03-12 21:50:00.0;5,80
COLOMBO;410580501A;PR;Alto da Cruz;-25,3612;-49,1892;2025-03-12 22:00:00.0;3,00
COLOMBO;410580501A;PR;Alto da Cruz;-25,3612;-49,1892;2025-03-12 22:10:00.0;2,00
COLOMBO;410580501A;PR;Alto da Cruz;-25,3612;-49,1892;2025-03-12 22:20:00.0;1,60
COLOMBO;410580501A;PR;Alto da Cruz;-25,3612;-49,1892;2025-03-12 22:30:00.0;2,00
COLOMBO;410580501A;PR;Alto da Cruz;-25,3612;-49,1892;2025-03-12 22:40:00.0;1,00
COLOMBO;410580501A;PR;Alto da Cruz;-25,3612;-49,1892;2025-03-12 22:50:00.0;0,80
COLOMBO;410580501A;PR;Alto da Cruz;-25,3612;-49,1892;2025-03-12 23:00:00.0;0,20
COLOMBO;410580501A;PR;Alto da Cruz;-25,3612;-49,1892;2025-03-12 23:10:00.0;0,40
COLOMBO;410580501A;PR;Alto da Cruz;-25,3612;-49,1892;2025-03-12 23:20:00.0;0,80
COLOMBO;410580501A;PR;Alto da Cruz;-25,3612;-49,1892;2025-03-12 23:30:00.0;0,80
COLOMBO;410580501A;PR;Alto da Cruz;-25,3612;-49,1892;2025-03-12 23:40:00.0;0,80
COLOMBO;410580501A;PR;Alto da Cruz;-25,3612;-49,1892;2025-03-12 23:50:00.0;0,40
COLOMBO;410580501A;PR;Alto da Cruz;-25,3612;-49,1892;2025-03-13 00:00:00.0;0,20
COLOMBO;410580501A;PR;Alto da Cruz;-25,3612;-49,1892;2025-03-13 01:00:00.0;0,00
COLOMBO;410580501A;PR;Alto da Cruz;-25,3612;-49,1892;2025-03-13 02:00:00.0;0,00
COLOMBO;410580501A;PR;Alto da Cruz;-25,3612;-49,1892;2025-03-13 02:20:00.0;0,80
COLOMBO;410580501A;PR;Alto da Cruz;-25,3612;-49,1892;2025-03-13 02:30:00.0;4,60
COLOMBO;410580501A;PR;Alto da Cruz;-25,3612;-49,1892;2025-03-13 02:40:00.0;1,80
COLOMBO;410580501A;PR;Alto da Cruz;-25,3612;-49,1892;2025-03-13 02:50:00.0;0,60
COLOMBO;410580501A;PR;Alto da Cruz;-25,3612;-49,1892;2025-03-13 03:00:00.0;0,40
COLOMBO;410580501A;PR;Alto da Cruz;-25,3612;-49,1892;2025-03-13 03:10:00.0;0,20
COLOMBO;410580501A;PR;Alto da Cruz;-25,3612;-49,1892;2025-03-13 04:00:00.0;0,00
COLOMBO;410580501A;PR;Alto da Cruz;-25,3612;-49,1892;2025-03-13 05:00:00.0;0,00
COLOMBO;410580501A;PR;Alto da Cruz;-25,3612;-49,1892;2025-03-13 06:00:00.0;0,00
COLOMBO;410580501A;PR;Alto da Cruz;-25,3612;-49,1892;2025-03-13 06:20:00.0;0,20
COLOMBO;410580501A;PR;Alto da Cruz;-25,3612;-49,1892;2025-03-13 07:00:00.0;0,20
COLOMBO;410580501A;PR;Alto da Cruz;-25,3612;-49,1892;2025-03-13 07:10:00.0;0,40
COLOMBO;410580501A;PR;Alto da Cruz;-25,3612;-49,1892;2025-03-13 07:20:00.0;0,20
COLOMBO;410580501A;PR;Alto da Cruz;-25,3612;-49,1892;2025-03-13 07:30:00.0;0,20
COLOMBO;410580501A;PR;Alto da Cruz;-25,3612;-49,1892;2025-03-13 07:40:00.0;0,20
COLOMBO;410580501A;PR;Alto da Cruz;-25,3612;-49,1892;2025-03-13 07:50:00.0;0,60
COLOMBO;410580501A;PR;Alto da Cruz;-25,3612;-49,1892;2025-03-13 08:00:00.0;0,40
COLOMBO;410580501A;PR;Alto da Cruz;-25,3612;-49,1892;2025-03-13 08:10:00.0;0,40
COLOMBO;410580501A;PR;Alto da Cruz;-25,3612;-49,1892;2025-03-13 08:20:00.0;0,40
COLOMBO;410580501A;PR;Alto da Cruz;-25,3612;-49,1892;2025-03-13 08:30:00.0;0,20
COLOMBO;410580501A;PR;Alto da Cruz;-25,3612;-49,1892;2025-03-13 08:50:00.0;0,20
COLOMBO;410580501A;PR;Alto da Cruz;-25,3612;-49,1892;2025-03-13 09:00:00.0;0,00
COLOMBO;410580501A;PR;Alto da Cruz;-25,3612;-49,1892;2025-03-13 10:00:00.0;0,00
COLOMBO;410580501A;PR;Alto da Cruz;-25,3612;-49,1892;2025-03-13 11:00:00.0;0,00
COLOMBO;410580501A;PR;Alto da Cruz;-25,3612;-49,1892;2025-03-13 12:00:00.0;0,00
COLOMBO;410580501A;PR;Alto da Cruz;-25,3612;-49,1892;2025-03-13 13:00:00.0;0,00
COLOMBO;410580501A;PR;Alto da Cruz;-25,3612;-49,1892;2025-03-13 14:00:00.0;0,00
COLOMBO;410580501A;PR;Alto da Cruz;-25,3612;-49,1892;2025-03-13 14:40:00.0;0,20
COLOMBO;410580501A;PR;Alto da Cruz;-25,3612;-49,1892;2025-03-13 15:00:00.0;0,00
COLOMBO;410580501A;PR;Alto da Cruz;-25,3612;-49,1892;2025-03-13 16:00:00.0;0,00
COLOMBO;410580501A;PR;Alto da Cruz;-25,3612;-49,1892;2025-03-13 17:00:00.0;0,00
COLOMBO;410580501A;PR;Alto da Cruz;-25,3612;-49,1892;2025-03-13 18:00:00.0;0,00
COLOMBO;410580501A;PR;Alto da Cruz;-25,3612;-49,1892;2025-03-13 19:00:00.0;0,00
COLOMBO;410580501A;PR;Alto da Cruz;-25,3612;-49,1892;2025-03-13 20:00:00.0;0,00
COLOMBO;410580501A;PR;Alto da Cruz;-25,3612;-49,1892;2025-03-13 21:00:00.0;0,00
COLOMBO;410580501A;PR;Alto da Cruz;-25,3612;-49,1892;2025-03-13 22:00:00.0;0,00
COLOMBO;410580501A;PR;Alto da Cruz;-25,3612;-49,1892;2025-03-13 23:00:00.0;0,00
COLOMBO;410580501A;PR;Alto da Cruz;-25,3612;-49,1892;2025-03-13 23:30:00.0;0,20
COLOMBO;410580501A;PR;Alto da Cruz;-25,3612;-49,1892;2025-03-13 23:50:00.0;0,20
COLOMBO;410580501A;PR;Alto da Cruz;-25,3612;-49,1892;2025-03-14 00:00:00.0;0,00
COLOMBO;410580501A;PR;Alto da Cruz;-25,3612;-49,1892;2025-03-14 00:10:00.0;0,40
COLOMBO;410580501A;PR;Alto da Cruz;-25,3612;-49,1892;2025-03-14 00:20:00.0;0,20
COLOMBO;410580501A;PR;Alto da Cruz;-25,3612;-49,1892;2025-03-14 01:00:00.0;0,20
COLOMBO;410580501A;PR;Alto da Cruz;-25,3612;-49,1892;2025-03-14 01:10:00.0;0,20
COLOMBO;410580501A;PR;Alto da Cruz;-25,3612;-49,1892;2025-03-14 01:20:00.0;0,60
COLOMBO;410580501A;PR;Alto da Cruz;-25,3612;-49,1892;2025-03-14 01:40:00.0;0,20
COLOMBO;410580501A;PR;Alto da Cruz;-25,3612;-49,1892;2025-03-14 02:00:00.0;0,00
COLOMBO;410580501A;PR;Alto da Cruz;-25,3612;-49,1892;2025-03-14 03:00:00.0;0,00
COLOMBO;410580501A;PR;Alto da Cruz;-25,3612;-49,1892;2025-03-14 04:00:00.0;0,00
COLOMBO;410580501A;PR;Alto da Cruz;-25,3612;-49,1892;2025-03-14 05:00:00.0;0,00
COLOMBO;410580501A;PR;Alto da Cruz;-25,3612;-49,1892;2025-03-14 06:00:00.0;0,00
COLOMBO;410580501A;PR;Alto da Cruz;-25,3612;-49,1892;2025-03-14 07:00:00.0;0,00
COLOMBO;410580501A;PR;Alto da Cruz;-25,3612;-49,1892;2025-03-14 08:00:00.0;0,00
COLOMBO;410580501A;PR;Alto da Cruz;-25,3612;-49,1892;2025-03-14 09:00:00.0;0,00
COLOMBO;410580501A;PR;Alto da Cruz;-25,3612;-49,1892;2025-03-14 10:00:00.0;0,00
COLOMBO;410580501A;PR;Alto da Cruz;-25,3612;-49,1892;2025-03-14 11:00:00.0;0,00
COLOMBO;410580501A;PR;Alto da Cruz;-25,3612;-49,1892;2025-03-14 12:00:00.0;0,00
COLOMBO;410580501A;PR;Alto da Cruz;-25,3612;-49,1892;2025-03-14 13:00:00.0;0,00
COLOMBO;410580501A;PR;Alto da Cruz;-25,3612;-49,1892;2025-03-14 14:00:00.0;0,00
COLOMBO;410580501A;PR;Alto da Cruz;-25,3612;-49,1892;2025-03-14 15:00:00.0;0,00
COLOMBO;410580501A;PR;Alto da Cruz;-25,3612;-49,1892;2025-03-14 16:00:00.0;0,00
COLOMBO;410580501A;PR;Alto da Cruz;-25,3612;-49,1892;2025-03-14 17:00:00.0;0,00
COLOMBO;410580501A;PR;Alto da Cruz;-25,3612;-49,1892;2025-03-14 18:00:00.0;0,00
COLOMBO;410580501A;PR;Alto da Cruz;-25,3612;-49,1892;2025-03-14 19:00:00.0;0,00
COLOMBO;410580501A;PR;Alto da Cruz;-25,3612;-49,1892;2025-03-14 19:30:00.0;0,20
COLOMBO;410580501A;PR;Alto da Cruz;-25,3612;-49,1892;2025-03-14 20:00:00.0;0,00
COLOMBO;410580501A;PR;Alto da Cruz;-25,3612;-49,1892;2025-03-14 21:00:00.0;0,00
COLOMBO;410580501A;PR;Alto da Cruz;-25,3612;-49,1892;2025-03-14 22:00:00.0;0,00
COLOMBO;410580501A;PR;Alto da Cruz;-25,3612;-49,1892;2025-03-14 23:00:00.0;0,00
COLOMBO;410580501A;PR;Alto da Cruz;-25,3612;-49,1892;2025-03-15 00:00:00.0;0,00
COLOMBO;410580501A;PR;Alto da Cruz;-25,3612;-49,1892;2025-03-15 01:00:00.0;0,00
COLOMBO;410580501A;PR;Alto da Cruz;-25,3612;-49,1892;2025-03-15 02:00:00.0;0,00
COLOMBO;410580501A;PR;Alto da Cruz;-25,3612;-49,1892;2025-03-15 03:00:00.0;0,00
COLOMBO;410580501A;PR;Alto da Cruz;-25,3612;-49,1892;2025-03-15 04:00:00.0;0,00
COLOMBO;410580501A;PR;Alto da Cruz;-25,3612;-49,1892;2025-03-15 05:00:00.0;0,00
COLOMBO;410580501A;PR;Alto da Cruz;-25,3612;-49,1892;2025-03-15 06:00:00.0;0,00
COLOMBO;410580501A;PR;Alto da Cruz;-25,3612;-49,1892;2025-03-15 07:00:00.0;0,00
COLOMBO;410580501A;PR;Alto da Cruz;-25,3612;-49,1892;2025-03-15 08:00:00.0;0,00
COLOMBO;410580501A;PR;Alto da Cruz;-25,3612;-49,1892;2025-03-15 09:00:00.0;0,00
COLOMBO;410580501A;PR;Alto da Cruz;-25,3612;-49,1892;2025-03-15 10:00:00.0;0,00
COLOMBO;410580501A;PR;Alto da Cruz;-25,3612;-49,1892;2025-03-15 11:00:00.0;0,00
COLOMBO;410580501A;PR;Alto da Cruz;-25,3612;-49,1892;2025-03-15 12:00:00.0;0,00
COLOMBO;410580501A;PR;Alto da Cruz;-25,3612;-49,1892;2025-03-15 13:00:00.0;0,00
COLOMBO;410580501A;PR;Alto da Cruz;-25,3612;-49,1892;2025-03-15 14:00:00.0;0,00
COLOMBO;410580501A;PR;Alto da Cruz;-25,3612;-49,1892;2025-03-15 15:00:00.0;0,00
COLOMBO;410580501A;PR;Alto da Cruz;-25,3612;-49,1892;2025-03-15 16:00:00.0;0,00
COLOMBO;410580501A;PR;Alto da Cruz;-25,3612;-49,1892;2025-03-15 17:00:00.0;0,00
COLOMBO;410580501A;PR;Alto da Cruz;-25,3612;-49,1892;2025-03-15 18:00:00.0;0,00
COLOMBO;410580501A;PR;Alto da Cruz;-25,3612;-49,1892;2025-03-15 19:00:00.0;0,00
COLOMBO;410580501A;PR;Alto da Cruz;-25,3612;-49,1892;2025-03-15 19:30:00.0;0,60
COLOMBO;410580501A;PR;Alto da Cruz;-25,3612;-49,1892;2025-03-15 19:40:00.0;2,00
COLOMBO;410580501A;PR;Alto da Cruz;-25,3612;-49,1892;2025-03-15 19:50:00.0;0,80
COLOMBO;410580501A;PR;Alto da Cruz;-25,3612;-49,1892;2025-03-15 20:00:00.0;1,00
COLOMBO;410580501A;PR;Alto da Cruz;-25,3612;-49,1892;2025-03-15 20:10:00.0;0,20
COLOMBO;410580501A;PR;Alto da Cruz;-25,3612;-49,1892;2025-03-15 20:20:00.0;0,20
COLOMBO;410580501A;PR;Alto da Cruz;-25,3612;-49,1892;2025-03-15 20:30:00.0;0,60
COLOMBO;410580501A;PR;Alto da Cruz;-25,3612;-49,1892;2025-03-15 20:40:00.0;0,20
COLOMBO;410580501A;PR;Alto da Cruz;-25,3612;-49,1892;2025-03-15 21:00:00.0;0,00
COLOMBO;410580501A;PR;Alto da Cruz;-25,3612;-49,1892;2025-03-15 22:00:00.0;0,00
COLOMBO;410580501A;PR;Alto da Cruz;-25,3612;-49,1892;2025-03-15 23:00:00.0;0,00
COLOMBO;410580501A;PR;Alto da Cruz;-25,3612;-49,1892;2025-03-16 00:00:00.0;0,00
COLOMBO;410580501A;PR;Alto da Cruz;-25,3612;-49,1892;2025-03-16 01:00:00.0;0,00
COLOMBO;410580501A;PR;Alto da Cruz;-25,3612;-49,1892;2025-03-16 02:00:00.0;0,00
COLOMBO;410580501A;PR;Alto da Cruz;-25,3612;-49,1892;2025-03-16 03:00:00.0;0,00
COLOMBO;410580501A;PR;Alto da Cruz;-25,3612;-49,1892;2025-03-16 04:00:00.0;0,00
COLOMBO;410580501A;PR;Alto da Cruz;-25,3612;-49,1892;2025-03-16 05:00:00.0;0,00
COLOMBO;410580501A;PR;Alto da Cruz;-25,3612;-49,1892;2025-03-16 06:00:00.0;0,00
COLOMBO;410580501A;PR;Alto da Cruz;-25,3612;-49,1892;2025-03-16 07:00:00.0;0,00
COLOMBO;410580501A;PR;Alto da Cruz;-25,3612;-49,1892;2025-03-16 08:00:00.0;0,00
COLOMBO;410580501A;PR;Alto da Cruz;-25,3612;-49,1892;2025-03-16 09:00:00.0;0,00
COLOMBO;410580501A;PR;Alto da Cruz;-25,3612;-49,1892;2025-03-16 10:00:00.0;0,00
COLOMBO;410580501A;PR;Alto da Cruz;-25,3612;-49,1892;2025-03-16 11:00:00.0;0,00
COLOMBO;410580501A;PR;Alto da Cruz;-25,3612;-49,1892;2025-03-16 12:00:00.0;0,00
COLOMBO;410580501A;PR;Alto da Cruz;-25,3612;-49,1892;2025-03-16 13:00:00.0;0,00
COLOMBO;410580501A;PR;Alto da Cruz;-25,3612;-49,1892;2025-03-16 14:00:00.0;0,00
COLOMBO;410580501A;PR;Alto da Cruz;-25,3612;-49,1892;2025-03-16 15:00:00.0;0,00
COLOMBO;410580501A;PR;Alto da Cruz;-25,3612;-49,1892;2025-03-16 16:00:00.0;0,00
COLOMBO;410580501A;PR;Alto da Cruz;-25,3612;-49,1892;2025-03-16 17:00:00.0;0,00
COLOMBO;410580501A;PR;Alto da Cruz;-25,3612;-49,1892;2025-03-16 18:00:00.0;0,00
COLOMBO;410580501A;PR;Alto da Cruz;-25,3612;-49,1892;2025-03-16 19:00:00.0;0,00
COLOMBO;410580501A;PR;Alto da Cruz;-25,3612;-49,1892;2025-03-16 20:00:00.0;0,00
COLOMBO;410580501A;PR;Alto da Cruz;-25,3612;-49,1892;2025-03-16 21:00:00.0;0,00
COLOMBO;410580501A;PR;Alto da Cruz;-25,3612;-49,1892;2025-03-16 22:00:00.0;0,00
COLOMBO;410580501A;PR;Alto da Cruz;-25,3612;-49,1892;2025-03-16 23:00:00.0;0,00
COLOMBO;410580501A;PR;Alto da Cruz;-25,3612;-49,1892;2025-03-17 00:00:00.0;0,00
COLOMBO;410580501A;PR;Alto da Cruz;-25,3612;-49,1892;2025-03-17 01:00:00.0;0,00
COLOMBO;410580501A;PR;Alto da Cruz;-25,3612;-49,1892;2025-03-17 02:00:00.0;0,00
COLOMBO;410580501A;PR;Alto da Cruz;-25,3612;-49,1892;2025-03-17 03:00:00.0;0,00
COLOMBO;410580501A;PR;Alto da Cruz;-25,3612;-49,1892;2025-03-17 04:00:00.0;0,00
COLOMBO;410580501A;PR;Alto da Cruz;-25,3612;-49,1892;2025-03-17 05:00:00.0;0,00
COLOMBO;410580501A;PR;Alto da Cruz;-25,3612;-49,1892;2025-03-17 06:00:00.0;0,00
COLOMBO;410580501A;PR;Alto da Cruz;-25,3612;-49,1892;2025-03-17 07:00:00.0;0,00
COLOMBO;410580501A;PR;Alto da Cruz;-25,3612;-49,1892;2025-03-17 08:00:00.0;0,00
COLOMBO;410580501A;PR;Alto da Cruz;-25,3612;-49,1892;2025-03-17 09:00:00.0;0,00
COLOMBO;410580501A;PR;Alto da Cruz;-25,3612;-49,1892;2025-03-17 10:00:00.0;0,00
COLOMBO;410580501A;PR;Alto da Cruz;-25,3612;-49,1892;2025-03-17 11:00:00.0;0,00
COLOMBO;410580501A;PR;Alto da Cruz;-25,3612;-49,1892;2025-03-17 12:00:00.0;0,00
COLOMBO;410580501A;PR;Alto da Cruz;-25,3612;-49,1892;2025-03-17 13:00:00.0;0,00
COLOMBO;410580501A;PR;Alto da Cruz;-25,3612;-49,1892;2025-03-17 14:00:00.0;0,00
COLOMBO;410580501A;PR;Alto da Cruz;-25,3612;-49,1892;2025-03-17 15:00:00.0;0,00
COLOMBO;410580501A;PR;Alto da Cruz;-25,3612;-49,1892;2025-03-17 16:00:00.0;0,00
COLOMBO;410580501A;PR;Alto da Cruz;-25,3612;-49,1892;2025-03-17 17:00:00.0;0,00
COLOMBO;410580501A;PR;Alto da Cruz;-25,3612;-49,1892;2025-03-17 18:00:00.0;0,00
COLOMBO;410580501A;PR;Alto da Cruz;-25,3612;-49,1892;2025-03-17 19:00:00.0;0,00
COLOMBO;410580501A;PR;Alto da Cruz;-25,3612;-49,1892;2025-03-17 20:00:00.0;0,00
COLOMBO;410580501A;PR;Alto da Cruz;-25,3612;-49,1892;2025-03-17 21:00:00.0;0,00
COLOMBO;410580501A;PR;Alto da Cruz;-25,3612;-49,1892;2025-03-17 22:10:00.0;0,00
COLOMBO;410580501A;PR;Alto da Cruz;-25,3612;-49,1892;2025-03-17 23:00:00.0;0,00
COLOMBO;410580501A;PR;Alto da Cruz;-25,3612;-49,1892;2025-03-18 00:00:00.0;0,00
COLOMBO;410580501A;PR;Alto da Cruz;-25,3612;-49,1892;2025-03-18 01:00:00.0;0,00
COLOMBO;410580501A;PR;Alto da Cruz;-25,3612;-49,1892;2025-03-18 02:00:00.0;0,00
COLOMBO;410580501A;PR;Alto da Cruz;-25,3612;-49,1892;2025-03-18 03:00:00.0;0,00
COLOMBO;410580501A;PR;Alto da Cruz;-25,3612;-49,1892;2025-03-18 04:00:00.0;0,00
COLOMBO;410580501A;PR;Alto da Cruz;-25,3612;-49,1892;2025-03-18 05:00:00.0;0,00
COLOMBO;410580501A;PR;Alto da Cruz;-25,3612;-49,1892;2025-03-18 06:00:00.0;0,00
COLOMBO;410580501A;PR;Alto da Cruz;-25,3612;-49,1892;2025-03-18 07:00:00.0;0,00
COLOMBO;410580501A;PR;Alto da Cruz;-25,3612;-49,1892;2025-03-18 08:00:00.0;0,00
COLOMBO;410580501A;PR;Alto da Cruz;-25,3612;-49,1892;2025-03-18 09:00:00.0;0,00
COLOMBO;410580501A;PR;Alto da Cruz;-25,3612;-49,1892;2025-03-18 10:00:00.0;0,00
COLOMBO;410580501A;PR;Alto da Cruz;-25,3612;-49,1892;2025-03-18 11:00:00.0;0,00
COLOMBO;410580501A;PR;Alto da Cruz;-25,3612;-49,1892;2025-03-18 12:00:00.0;0,00
COLOMBO;410580501A;PR;Alto da Cruz;-25,3612;-49,1892;2025-03-18 13:00:00.0;0,00
COLOMBO;410580501A;PR;Alto da Cruz;-25,3612;-49,1892;2025-03-18 14:00:00.0;0,00
COLOMBO;410580501A;PR;Alto da Cruz;-25,3612;-49,1892;2025-03-18 15:00:00.0;0,00
COLOMBO;410580501A;PR;Alto da Cruz;-25,3612;-49,1892;2025-03-18 16:00:00.0;0,00
COLOMBO;410580501A;PR;Alto da Cruz;-25,3612;-49,1892;2025-03-18 17:00:00.0;0,00
COLOMBO;410580501A;PR;Alto da Cruz;-25,3612;-49,1892;2025-03-18 18:00:00.0;0,00
COLOMBO;410580501A;PR;Alto da Cruz;-25,3612;-49,1892;2025-03-18 19:00:00.0;0,00
COLOMBO;410580501A;PR;Alto da Cruz;-25,3612;-49,1892;2025-03-18 19:10:00.0;0,20
COLOMBO;410580501A;PR;Alto da Cruz;-25,3612;-49,1892;2025-03-18 19:30:00.0;0,20
COLOMBO;410580501A;PR;Alto da Cruz;-25,3612;-49,1892;2025-03-18 19:40:00.0;0,20
COLOMBO;410580501A;PR;Alto da Cruz;-25,3612;-49,1892;2025-03-18 20:00:00.0;0,00
COLOMBO;410580501A;PR;Alto da Cruz;-25,3612;-49,1892;2025-03-18 21:00:00.0;0,00
COLOMBO;410580501A;PR;Alto da Cruz;-25,3612;-49,1892;2025-03-18 22:00:00.0;0,00
COLOMBO;410580501A;PR;Alto da Cruz;-25,3612;-49,1892;2025-03-18 23:00:00.0;0,00
COLOMBO;410580501A;PR;Alto da Cruz;-25,3612;-49,1892;2025-03-19 00:00:00.0;0,00
COLOMBO;410580501A;PR;Alto da Cruz;-25,3612;-49,1892;2025-03-19 01:00:00.0;0,00
COLOMBO;410580501A;PR;Alto da Cruz;-25,3612;-49,1892;2025-03-19 02:00:00.0;0,00
COLOMBO;410580501A;PR;Alto da Cruz;-25,3612;-49,1892;2025-03-19 03:00:00.0;0,00
COLOMBO;410580501A;PR;Alto da Cruz;-25,3612;-49,1892;2025-03-19 04:00:00.0;0,00
COLOMBO;410580501A;PR;Alto da Cruz;-25,3612;-49,1892;2025-03-19 05:00:00.0;0,00
COLOMBO;410580501A;PR;Alto da Cruz;-25,3612;-49,1892;2025-03-19 06:00:00.0;0,00
COLOMBO;410580501A;PR;Alto da Cruz;-25,3612;-49,1892;2025-03-19 07:00:00.0;0,00
COLOMBO;410580501A;PR;Alto da Cruz;-25,3612;-49,1892;2025-03-19 08:00:00.0;0,00
COLOMBO;410580501A;PR;Alto da Cruz;-25,3612;-49,1892;2025-03-19 09:00:00.0;0,00
COLOMBO;410580501A;PR;Alto da Cruz;-25,3612;-49,1892;2025-03-19 10:00:00.0;0,00
COLOMBO;410580501A;PR;Alto da Cruz;-25,3612;-49,1892;2025-03-19 11:00:00.0;0,00
COLOMBO;410580501A;PR;Alto da Cruz;-25,3612;-49,1892;2025-03-19 12:00:00.0;0,00
COLOMBO;410580501A;PR;Alto da Cruz;-25,3612;-49,1892;2025-03-19 13:00:00.0;0,00
COLOMBO;410580501A;PR;Alto da Cruz;-25,3612;-49,1892;2025-03-19 14:00:00.0;0,00
COLOMBO;410580501A;PR;Alto da Cruz;-25,3612;-49,1892;2025-03-19 15:00:00.0;0,00
COLOMBO;410580501A;PR;Alto da Cruz;-25,3612;-49,1892;2025-03-19 16:00:00.0;0,00
COLOMBO;410580501A;PR;Alto da Cruz;-25,3612;-49,1892;2025-03-19 17:00:00.0;0,00
COLOMBO;410580501A;PR;Alto da Cruz;-25,3612;-49,1892;2025-03-19 18:00:00.0;0,00
COLOMBO;410580501A;PR;Alto da Cruz;-25,3612;-49,1892;2025-03-19 19:00:00.0;0,00
COLOMBO;410580501A;PR;Alto da Cruz;-25,3612;-49,1892;2025-03-19 20:00:00.0;0,00
COLOMBO;410580501A;PR;Alto da Cruz;-25,3612;-49,1892;2025-03-19 21:00:00.0;0,00
COLOMBO;410580501A;PR;Alto da Cruz;-25,3612;-49,1892;2025-03-19 22:00:00.0;0,00
COLOMBO;410580501A;PR;Alto da Cruz;-25,3612;-49,1892;2025-03-19 23:00:00.0;0,00
COLOMBO;410580501A;PR;Alto da Cruz;-25,3612;-49,1892;2025-03-20 00:00:00.0;0,00
COLOMBO;410580501A;PR;Alto da Cruz;-25,3612;-49,1892;2025-03-20 01:00:00.0;0,00
COLOMBO;410580501A;PR;Alto da Cruz;-25,3612;-49,1892;2025-03-20 02:00:00.0;0,00
COLOMBO;410580501A;PR;Alto da Cruz;-25,3612;-49,1892;2025-03-20 03:00:00.0;0,00
COLOMBO;410580501A;PR;Alto da Cruz;-25,3612;-49,1892;2025-03-20 04:00:00.0;0,00
COLOMBO;410580501A;PR;Alto da Cruz;-25,3612;-49,1892;2025-03-20 05:00:00.0;0,00
COLOMBO;410580501A;PR;Alto da Cruz;-25,3612;-49,1892;2025-03-20 06:00:00.0;0,00
COLOMBO;410580501A;PR;Alto da Cruz;-25,3612;-49,1892;2025-03-20 07:00:00.0;0,00
COLOMBO;410580501A;PR;Alto da Cruz;-25,3612;-49,1892;2025-03-20 08:00:00.0;0,00
COLOMBO;410580501A;PR;Alto da Cruz;-25,3612;-49,1892;2025-03-20 09:00:00.0;0,00
COLOMBO;410580501A;PR;Alto da Cruz;-25,3612;-49,1892;2025-03-20 10:00:00.0;0,00
COLOMBO;410580501A;PR;Alto da Cruz;-25,3612;-49,1892;2025-03-20 11:00:00.0;0,00
COLOMBO;410580501A;PR;Alto da Cruz;-25,3612;-49,1892;2025-03-20 12:00:00.0;0,00
COLOMBO;410580501A;PR;Alto da Cruz;-25,3612;-49,1892;2025-03-20 13:00:00.0;0,00
COLOMBO;410580501A;PR;Alto da Cruz;-25,3612;-49,1892;2025-03-20 14:00:00.0;0,00
COLOMBO;410580501A;PR;Alto da Cruz;-25,3612;-49,1892;2025-03-20 15:00:00.0;0,00
COLOMBO;410580501A;PR;Alto da Cruz;-25,3612;-49,1892;2025-03-20 16:00:00.0;0,00
COLOMBO;410580501A;PR;Alto da Cruz;-25,3612;-49,1892;2025-03-20 17:00:00.0;0,00
COLOMBO;410580501A;PR;Alto da Cruz;-25,3612;-49,1892;2025-03-20 18:00:00.0;0,00
COLOMBO;410580501A;PR;Alto da Cruz;-25,3612;-49,1892;2025-03-20 19:00:00.0;0,00
COLOMBO;410580501A;PR;Alto da Cruz;-25,3612;-49,1892;2025-03-20 20:00:00.0;0,00
COLOMBO;410580501A;PR;Alto da Cruz;-25,3612;-49,1892;2025-03-20 21:00:00.0;0,00
COLOMBO;410580501A;PR;Alto da Cruz;-25,3612;-49,1892;2025-03-20 22:00:00.0;0,00
COLOMBO;410580501A;PR;Alto da Cruz;-25,3612;-49,1892;2025-03-20 23:00:00.0;0,00
COLOMBO;410580501A;PR;Alto da Cruz;-25,3612;-49,1892;2025-03-21 00:00:00.0;0,00
COLOMBO;410580501A;PR;Alto da Cruz;-25,3612;-49,1892;2025-03-21 01:00:00.0;0,00
COLOMBO;410580501A;PR;Alto da Cruz;-25,3612;-49,1892;2025-03-21 02:00:00.0;0,00
COLOMBO;410580501A;PR;Alto da Cruz;-25,3612;-49,1892;2025-03-21 03:00:00.0;0,00
COLOMBO;410580501A;PR;Alto da Cruz;-25,3612;-49,1892;2025-03-21 04:00:00.0;0,00
COLOMBO;410580501A;PR;Alto da Cruz;-25,3612;-49,1892;2025-03-21 05:00:00.0;0,00
COLOMBO;410580501A;PR;Alto da Cruz;-25,3612;-49,1892;2025-03-21 06:00:00.0;0,00
COLOMBO;410580501A;PR;Alto da Cruz;-25,3612;-49,1892;2025-03-21 07:00:00.0;0,00
COLOMBO;410580501A;PR;Alto da Cruz;-25,3612;-49,1892;2025-03-21 08:00:00.0;0,00
COLOMBO;410580501A;PR;Alto da Cruz;-25,3612;-49,1892;2025-03-21 09:00:00.0;0,00
COLOMBO;410580501A;PR;Alto da Cruz;-25,3612;-49,1892;2025-03-21 10:00:00.0;0,00
COLOMBO;410580501A;PR;Alto da Cruz;-25,3612;-49,1892;2025-03-21 11:00:00.0;0,00
COLOMBO;410580501A;PR;Alto da Cruz;-25,3612;-49,1892;2025-03-21 12:00:00.0;0,00
COLOMBO;410580501A;PR;Alto da Cruz;-25,3612;-49,1892;2025-03-21 13:00:00.0;0,00
COLOMBO;410580501A;PR;Alto da Cruz;-25,3612;-49,1892;2025-03-21 14:00:00.0;0,00
COLOMBO;410580501A;PR;Alto da Cruz;-25,3612;-49,1892;2025-03-21 15:00:00.0;0,00
COLOMBO;410580501A;PR;Alto da Cruz;-25,3612;-49,1892;2025-03-21 16:00:00.0;0,00
COLOMBO;410580501A;PR;Alto da Cruz;-25,3612;-49,1892;2025-03-21 17:00:00.0;0,00
COLOMBO;410580501A;PR;Alto da Cruz;-25,3612;-49,1892;2025-03-21 18:00:00.0;0,00
COLOMBO;410580501A;PR;Alto da Cruz;-25,3612;-49,1892;2025-03-21 19:00:00.0;0,00
COLOMBO;410580501A;PR;Alto da Cruz;-25,3612;-49,1892;2025-03-21 20:00:00.0;0,00
COLOMBO;410580501A;PR;Alto da Cruz;-25,3612;-49,1892;2025-03-21 21:00:00.0;0,00
COLOMBO;410580501A;PR;Alto da Cruz;-25,3612;-49,1892;2025-03-21 22:00:00.0;0,00
COLOMBO;410580501A;PR;Alto da Cruz;-25,3612;-49,1892;2025-03-21 23:00:00.0;0,00
COLOMBO;410580501A;PR;Alto da Cruz;-25,3612;-49,1892;2025-03-22 00:00:00.0;0,00
COLOMBO;410580501A;PR;Alto da Cruz;-25,3612;-49,1892;2025-03-22 01:00:00.0;0,00
COLOMBO;410580501A;PR;Alto da Cruz;-25,3612;-49,1892;2025-03-22 02:00:00.0;0,00
COLOMBO;410580501A;PR;Alto da Cruz;-25,3612;-49,1892;2025-03-22 03:00:00.0;0,00
COLOMBO;410580501A;PR;Alto da Cruz;-25,3612;-49,1892;2025-03-22 04:00:00.0;0,00
COLOMBO;410580501A;PR;Alto da Cruz;-25,3612;-49,1892;2025-03-22 05:00:00.0;0,00
COLOMBO;410580501A;PR;Alto da Cruz;-25,3612;-49,1892;2025-03-22 06:00:00.0;0,00
COLOMBO;410580501A;PR;Alto da Cruz;-25,3612;-49,1892;2025-03-22 07:00:00.0;0,00
COLOMBO;410580501A;PR;Alto da Cruz;-25,3612;-49,1892;2025-03-22 08:00:00.0;0,00
COLOMBO;410580501A;PR;Alto da Cruz;-25,3612;-49,1892;2025-03-22 09:00:00.0;0,00
COLOMBO;410580501A;PR;Alto da Cruz;-25,3612;-49,1892;2025-03-22 10:00:00.0;0,00
COLOMBO;410580501A;PR;Alto da Cruz;-25,3612;-49,1892;2025-03-22 11:00:00.0;0,00
COLOMBO;410580501A;PR;Alto da Cruz;-25,3612;-49,1892;2025-03-22 12:00:00.0;0,00
COLOMBO;410580501A;PR;Alto da Cruz;-25,3612;-49,1892;2025-03-22 13:00:00.0;0,00
COLOMBO;410580501A;PR;Alto da Cruz;-25,3612;-49,1892;2025-03-22 14:00:00.0;0,00
COLOMBO;410580501A;PR;Alto da Cruz;-25,3612;-49,1892;2025-03-22 15:00:00.0;0,00
COLOMBO;410580501A;PR;Alto da Cruz;-25,3612;-49,1892;2025-03-22 16:00:00.0;0,00
COLOMBO;410580501A;PR;Alto da Cruz;-25,3612;-49,1892;2025-03-22 17:00:00.0;0,00
COLOMBO;410580501A;PR;Alto da Cruz;-25,3612;-49,1892;2025-03-22 18:00:00.0;0,00
COLOMBO;410580501A;PR;Alto da Cruz;-25,3612;-49,1892;2025-03-22 19:00:00.0;0,00
COLOMBO;410580501A;PR;Alto da Cruz;-25,3612;-49,1892;2025-03-22 20:00:00.0;0,00
COLOMBO;410580501A;PR;Alto da Cruz;-25,3612;-49,1892;2025-03-22 21:00:00.0;0,00
COLOMBO;410580501A;PR;Alto da Cruz;-25,3612;-49,1892;2025-03-22 22:00:00.0;0,00
COLOMBO;410580501A;PR;Alto da Cruz;-25,3612;-49,1892;2025-03-22 23:00:00.0;0,00
COLOMBO;410580501A;PR;Alto da Cruz;-25,3612;-49,1892;2025-03-23 00:00:00.0;0,00
COLOMBO;410580501A;PR;Alto da Cruz;-25,3612;-49,1892;2025-03-23 01:00:00.0;0,00
COLOMBO;410580501A;PR;Alto da Cruz;-25,3612;-49,1892;2025-03-23 02:00:00.0;0,00
COLOMBO;410580501A;PR;Alto da Cruz;-25,3612;-49,1892;2025-03-23 03:00:00.0;0,00
COLOMBO;410580501A;PR;Alto da Cruz;-25,3612;-49,1892;2025-03-23 04:00:00.0;0,00
COLOMBO;410580501A;PR;Alto da Cruz;-25,3612;-49,1892;2025-03-23 05:00:00.0;0,00
COLOMBO;410580501A;PR;Alto da Cruz;-25,3612;-49,1892;2025-03-23 06:00:00.0;0,00
COLOMBO;410580501A;PR;Alto da Cruz;-25,3612;-49,1892;2025-03-23 07:00:00.0;0,00
COLOMBO;410580501A;PR;Alto da Cruz;-25,3612;-49,1892;2025-03-23 08:00:00.0;0,00
COLOMBO;410580501A;PR;Alto da Cruz;-25,3612;-49,1892;2025-03-23 09:00:00.0;0,00
COLOMBO;410580501A;PR;Alto da Cruz;-25,3612;-49,1892;2025-03-23 10:00:00.0;0,00
COLOMBO;410580501A;PR;Alto da Cruz;-25,3612;-49,1892;2025-03-23 11:00:00.0;0,00
COLOMBO;410580501A;PR;Alto da Cruz;-25,3612;-49,1892;2025-03-23 12:00:00.0;0,00
COLOMBO;410580501A;PR;Alto da Cruz;-25,3612;-49,1892;2025-03-23 13:00:00.0;0,00
COLOMBO;410580501A;PR;Alto da Cruz;-25,3612;-49,1892;2025-03-23 14:00:00.0;0,00
COLOMBO;410580501A;PR;Alto da Cruz;-25,3612;-49,1892;2025-03-23 15:00:00.0;0,00
COLOMBO;410580501A;PR;Alto da Cruz;-25,3612;-49,1892;2025-03-23 16:00:00.0;0,00
COLOMBO;410580501A;PR;Alto da Cruz;-25,3612;-49,1892;2025-03-23 17:00:00.0;0,00
COLOMBO;410580501A;PR;Alto da Cruz;-25,3612;-49,1892;2025-03-23 18:00:00.0;0,00
COLOMBO;410580501A;PR;Alto da Cruz;-25,3612;-49,1892;2025-03-23 19:00:00.0;0,00
COLOMBO;410580501A;PR;Alto da Cruz;-25,3612;-49,1892;2025-03-23 20:00:00.0;0,00
COLOMBO;410580501A;PR;Alto da Cruz;-25,3612;-49,1892;2025-03-23 21:00:00.0;0,00
COLOMBO;410580501A;PR;Alto da Cruz;-25,3612;-49,1892;2025-03-23 22:00:00.0;0,00
COLOMBO;410580501A;PR;Alto da Cruz;-25,3612;-49,1892;2025-03-23 23:00:00.0;0,00
COLOMBO;410580501A;PR;Alto da Cruz;-25,3612;-49,1892;2025-03-24 00:00:00.0;0,00
COLOMBO;410580501A;PR;Alto da Cruz;-25,3612;-49,1892;2025-03-24 01:00:00.0;0,00
COLOMBO;410580501A;PR;Alto da Cruz;-25,3612;-49,1892;2025-03-24 02:00:00.0;0,00
COLOMBO;410580501A;PR;Alto da Cruz;-25,3612;-49,1892;2025-03-24 03:00:00.0;0,00
COLOMBO;410580501A;PR;Alto da Cruz;-25,3612;-49,1892;2025-03-24 04:00:00.0;0,00
COLOMBO;410580501A;PR;Alto da Cruz;-25,3612;-49,1892;2025-03-24 05:00:00.0;0,00
COLOMBO;410580501A;PR;Alto da Cruz;-25,3612;-49,1892;2025-03-24 06:00:00.0;0,00
COLOMBO;410580501A;PR;Alto da Cruz;-25,3612;-49,1892;2025-03-24 07:00:00.0;0,00
COLOMBO;410580501A;PR;Alto da Cruz;-25,3612;-49,1892;2025-03-24 08:00:00.0;0,00
COLOMBO;410580501A;PR;Alto da Cruz;-25,3612;-49,1892;2025-03-24 09:00:00.0;0,00
COLOMBO;410580501A;PR;Alto da Cruz;-25,3612;-49,1892;2025-03-24 10:00:00.0;0,00
COLOMBO;410580501A;PR;Alto da Cruz;-25,3612;-49,1892;2025-03-24 11:00:00.0;0,00
COLOMBO;410580501A;PR;Alto da Cruz;-25,3612;-49,1892;2025-03-24 12:00:00.0;0,00
COLOMBO;410580501A;PR;Alto da Cruz;-25,3612;-49,1892;2025-03-24 13:00:00.0;0,00
COLOMBO;410580501A;PR;Alto da Cruz;-25,3612;-49,1892;2025-03-24 14:00:00.0;0,00
COLOMBO;410580501A;PR;Alto da Cruz;-25,3612;-49,1892;2025-03-24 15:00:00.0;0,00
COLOMBO;410580501A;PR;Alto da Cruz;-25,3612;-49,1892;2025-03-24 16:00:00.0;0,00
COLOMBO;410580501A;PR;Alto da Cruz;-25,3612;-49,1892;2025-03-24 17:00:00.0;0,00
COLOMBO;410580501A;PR;Alto da Cruz;-25,3612;-49,1892;2025-03-24 18:00:00.0;0,00
COLOMBO;410580501A;PR;Alto da Cruz;-25,3612;-49,1892;2025-03-24 19:00:00.0;0,00
COLOMBO;410580501A;PR;Alto da Cruz;-25,3612;-49,1892;2025-03-24 20:00:00.0;0,00
COLOMBO;410580501A;PR;Alto da Cruz;-25,3612;-49,1892;2025-03-24 21:00:00.0;0,00
COLOMBO;410580501A;PR;Alto da Cruz;-25,3612;-49,1892;2025-03-24 22:00:00.0;0,00
COLOMBO;410580501A;PR;Alto da Cruz;-25,3612;-49,1892;2025-03-24 23:00:00.0;0,00
COLOMBO;410580501A;PR;Alto da Cruz;-25,3612;-49,1892;2025-03-25 00:00:00.0;0,00
COLOMBO;410580501A;PR;Alto da Cruz;-25,3612;-49,1892;2025-03-25 01:00:00.0;0,00
COLOMBO;410580501A;PR;Alto da Cruz;-25,3612;-49,1892;2025-03-25 02:00:00.0;0,00
COLOMBO;410580501A;PR;Alto da Cruz;-25,3612;-49,1892;2025-03-25 03:00:00.0;0,00
COLOMBO;410580501A;PR;Alto da Cruz;-25,3612;-49,1892;2025-03-25 04:00:00.0;0,00
COLOMBO;410580501A;PR;Alto da Cruz;-25,3612;-49,1892;2025-03-25 05:00:00.0;0,00
COLOMBO;410580501A;PR;Alto da Cruz;-25,3612;-49,1892;2025-03-25 06:00:00.0;0,00
COLOMBO;410580501A;PR;Alto da Cruz;-25,3612;-49,1892;2025-03-25 07:00:00.0;0,00
COLOMBO;410580501A;PR;Alto da Cruz;-25,3612;-49,1892;2025-03-25 08:00:00.0;0,00
COLOMBO;410580501A;PR;Alto da Cruz;-25,3612;-49,1892;2025-03-25 08:20:00.0;0,20
COLOMBO;410580501A;PR;Alto da Cruz;-25,3612;-49,1892;2025-03-25 08:30:00.0;0,40
COLOMBO;410580501A;PR;Alto da Cruz;-25,3612;-49,1892;2025-03-25 09:00:00.0;0,00
COLOMBO;410580501A;PR;Alto da Cruz;-25,3612;-49,1892;2025-03-25 10:00:00.0;0,00
COLOMBO;410580501A;PR;Alto da Cruz;-25,3612;-49,1892;2025-03-25 11:00:00.0;0,00
COLOMBO;410580501A;PR;Alto da Cruz;-25,3612;-49,1892;2025-03-25 12:00:00.0;0,00
COLOMBO;410580501A;PR;Alto da Cruz;-25,3612;-49,1892;2025-03-25 13:00:00.0;0,00
COLOMBO;410580501A;PR;Alto da Cruz;-25,3612;-49,1892;2025-03-25 14:00:00.0;0,00
COLOMBO;410580501A;PR;Alto da Cruz;-25,3612;-49,1892;2025-03-25 15:00:00.0;0,00
COLOMBO;410580501A;PR;Alto da Cruz;-25,3612;-49,1892;2025-03-25 16:00:00.0;0,00
COLOMBO;410580501A;PR;Alto da Cruz;-25,3612;-49,1892;2025-03-25 17:00:00.0;0,00
COLOMBO;410580501A;PR;Alto da Cruz;-25,3612;-49,1892;2025-03-25 17:30:00.0;0,20
COLOMBO;410580501A;PR;Alto da Cruz;-25,3612;-49,1892;2025-03-25 18:00:00.0;0,00
COLOMBO;410580501A;PR;Alto da Cruz;-25,3612;-49,1892;2025-03-25 18:10:00.0;0,20
COLOMBO;410580501A;PR;Alto da Cruz;-25,3612;-49,1892;2025-03-25 18:20:00.0;0,20
COLOMBO;410580501A;PR;Alto da Cruz;-25,3612;-49,1892;2025-03-25 19:00:00.0;0,00
COLOMBO;410580501A;PR;Alto da Cruz;-25,3612;-49,1892;2025-03-25 20:00:00.0;0,00
COLOMBO;410580501A;PR;Alto da Cruz;-25,3612;-49,1892;2025-03-25 21:00:00.0;0,00
COLOMBO;410580501A;PR;Alto da Cruz;-25,3612;-49,1892;2025-03-25 22:00:00.0;0,00
COLOMBO;410580501A;PR;Alto da Cruz;-25,3612;-49,1892;2025-03-25 23:00:00.0;0,00
COLOMBO;410580501A;PR;Alto da Cruz;-25,3612;-49,1892;2025-03-26 00:00:00.0;0,00
COLOMBO;410580501A;PR;Alto da Cruz;-25,3612;-49,1892;2025-03-26 01:00:00.0;0,00
COLOMBO;410580501A;PR;Alto da Cruz;-25,3612;-49,1892;2025-03-26 02:00:00.0;0,00
COLOMBO;410580501A;PR;Alto da Cruz;-25,3612;-49,1892;2025-03-26 03:00:00.0;0,20
COLOMBO;410580501A;PR;Alto da Cruz;-25,3612;-49,1892;2025-03-26 03:10:00.0;0,20
COLOMBO;410580501A;PR;Alto da Cruz;-25,3612;-49,1892;2025-03-26 03:40:00.0;0,20
COLOMBO;410580501A;PR;Alto da Cruz;-25,3612;-49,1892;2025-03-26 04:00:00.0;0,00
COLOMBO;410580501A;PR;Alto da Cruz;-25,3612;-49,1892;2025-03-26 04:10:00.0;0,40
COLOMBO;410580501A;PR;Alto da Cruz;-25,3612;-49,1892;2025-03-26 04:20:00.0;0,20
COLOMBO;410580501A;PR;Alto da Cruz;-25,3612;-49,1892;2025-03-26 04:40:00.0;0,20
COLOMBO;410580501A;PR;Alto da Cruz;-25,3612;-49,1892;2025-03-26 04:50:00.0;0,60
COLOMBO;410580501A;PR;Alto da Cruz;-25,3612;-49,1892;2025-03-26 05:00:00.0;0,40
COLOMBO;410580501A;PR;Alto da Cruz;-25,3612;-49,1892;2025-03-26 05:10:00.0;0,60
COLOMBO;410580501A;PR;Alto da Cruz;-25,3612;-49,1892;2025-03-26 05:20:00.0;0,20
COLOMBO;410580501A;PR;Alto da Cruz;-25,3612;-49,1892;2025-03-26 05:30:00.0;0,20
COLOMBO;410580501A;PR;Alto da Cruz;-25,3612;-49,1892;2025-03-26 06:00:00.0;0,00
COLOMBO;410580501A;PR;Alto da Cruz;-25,3612;-49,1892;2025-03-26 07:00:00.0;0,00
COLOMBO;410580501A;PR;Alto da Cruz;-25,3612;-49,1892;2025-03-26 08:00:00.0;0,00
COLOMBO;410580501A;PR;Alto da Cruz;-25,3612;-49,1892;2025-03-26 09:00:00.0;0,00
COLOMBO;410580501A;PR;Alto da Cruz;-25,3612;-49,1892;2025-03-26 10:00:00.0;0,00
COLOMBO;410580501A;PR;Alto da Cruz;-25,3612;-49,1892;2025-03-26 11:00:00.0;0,00
COLOMBO;410580501A;PR;Alto da Cruz;-25,3612;-49,1892;2025-03-26 12:00:00.0;0,00
COLOMBO;410580501A;PR;Alto da Cruz;-25,3612;-49,1892;2025-03-26 13:00:00.0;0,00
COLOMBO;410580501A;PR;Alto da Cruz;-25,3612;-49,1892;2025-03-26 14:00:00.0;0,00
COLOMBO;410580501A;PR;Alto da Cruz;-25,3612;-49,1892;2025-03-26 15:00:00.0;0,00
COLOMBO;410580501A;PR;Alto da Cruz;-25,3612;-49,1892;2025-03-26 16:00:00.0;0,00
COLOMBO;410580501A;PR;Alto da Cruz;-25,3612;-49,1892;2025-03-26 17:00:00.0;0,00
COLOMBO;410580501A;PR;Alto da Cruz;-25,3612;-49,1892;2025-03-26 18:00:00.0;0,00
COLOMBO;410580501A;PR;Alto da Cruz;-25,3612;-49,1892;2025-03-26 19:00:00.0;0,00
COLOMBO;410580501A;PR;Alto da Cruz;-25,3612;-49,1892;2025-03-26 20:00:00.0;0,00
COLOMBO;410580501A;PR;Alto da Cruz;-25,3612;-49,1892;2025-03-26 21:00:00.0;0,00
COLOMBO;410580501A;PR;Alto da Cruz;-25,3612;-49,1892;2025-03-26 22:00:00.0;0,00
COLOMBO;410580501A;PR;Alto da Cruz;-25,3612;-49,1892;2025-03-26 23:00:00.0;0,00
COLOMBO;410580501A;PR;Alto da Cruz;-25,3612;-49,1892;2025-03-27 00:00:00.0;0,00
COLOMBO;410580501A;PR;Alto da Cruz;-25,3612;-49,1892;2025-03-27 01:00:00.0;0,00
COLOMBO;410580501A;PR;Alto da Cruz;-25,3612;-49,1892;2025-03-27 02:00:00.0;0,00
COLOMBO;410580501A;PR;Alto da Cruz;-25,3612;-49,1892;2025-03-27 02:10:00.0;0,20
COLOMBO;410580501A;PR;Alto da Cruz;-25,3612;-49,1892;2025-03-27 03:00:00.0;0,00
COLOMBO;410580501A;PR;Alto da Cruz;-25,3612;-49,1892;2025-03-27 04:00:00.0;0,00
COLOMBO;410580501A;PR;Alto da Cruz;-25,3612;-49,1892;2025-03-27 05:00:00.0;0,00
COLOMBO;410580501A;PR;Alto da Cruz;-25,3612;-49,1892;2025-03-27 06:00:00.0;0,00
COLOMBO;410580501A;PR;Alto da Cruz;-25,3612;-49,1892;2025-03-27 07:00:00.0;0,00
COLOMBO;410580501A;PR;Alto da Cruz;-25,3612;-49,1892;2025-03-27 08:00:00.0;0,00
COLOMBO;410580501A;PR;Alto da Cruz;-25,3612;-49,1892;2025-03-27 09:00:00.0;0,00
COLOMBO;410580501A;PR;Alto da Cruz;-25,3612;-49,1892;2025-03-27 10:00:00.0;0,00
COLOMBO;410580501A;PR;Alto da Cruz;-25,3612;-49,1892;2025-03-27 11:00:00.0;0,00
COLOMBO;410580501A;PR;Alto da Cruz;-25,3612;-49,1892;2025-03-27 12:00:00.0;0,00
COLOMBO;410580501A;PR;Alto da Cruz;-25,3612;-49,1892;2025-03-27 13:00:00.0;0,00
COLOMBO;410580501A;PR;Alto da Cruz;-25,3612;-49,1892;2025-03-27 14:00:00.0;0,00
COLOMBO;410580501A;PR;Alto da Cruz;-25,3612;-49,1892;2025-03-27 15:00:00.0;0,00
COLOMBO;410580501A;PR;Alto da Cruz;-25,3612;-49,1892;2025-03-27 15:10:00.0;0,20
COLOMBO;410580501A;PR;Alto da Cruz;-25,3612;-49,1892;2025-03-27 16:00:00.0;0,00
COLOMBO;410580501A;PR;Alto da Cruz;-25,3612;-49,1892;2025-03-27 17:00:00.0;0,00
COLOMBO;410580501A;PR;Alto da Cruz;-25,3612;-49,1892;2025-03-27 18:00:00.0;0,00
COLOMBO;410580501A;PR;Alto da Cruz;-25,3612;-49,1892;2025-03-27 19:00:00.0;0,00
COLOMBO;410580501A;PR;Alto da Cruz;-25,3612;-49,1892;2025-03-27 20:00:00.0;0,00
COLOMBO;410580501A;PR;Alto da Cruz;-25,3612;-49,1892;2025-03-27 21:00:00.0;0,00
COLOMBO;410580501A;PR;Alto da Cruz;-25,3612;-49,1892;2025-03-27 22:00:00.0;0,00
COLOMBO;410580501A;PR;Alto da Cruz;-25,3612;-49,1892;2025-03-27 23:00:00.0;0,00
COLOMBO;410580501A;PR;Alto da Cruz;-25,3612;-49,1892;2025-03-28 00:00:00.0;0,00
COLOMBO;410580501A;PR;Alto da Cruz;-25,3612;-49,1892;2025-03-28 01:00:00.0;0,00
COLOMBO;410580501A;PR;Alto da Cruz;-25,3612;-49,1892;2025-03-28 02:00:00.0;0,00
COLOMBO;410580501A;PR;Alto da Cruz;-25,3612;-49,1892;2025-03-28 03:00:00.0;0,00
COLOMBO;410580501A;PR;Alto da Cruz;-25,3612;-49,1892;2025-03-28 04:00:00.0;0,00
COLOMBO;410580501A;PR;Alto da Cruz;-25,3612;-49,1892;2025-03-28 05:00:00.0;0,00
COLOMBO;410580501A;PR;Alto da Cruz;-25,3612;-49,1892;2025-03-28 06:00:00.0;0,00
COLOMBO;410580501A;PR;Alto da Cruz;-25,3612;-49,1892;2025-03-28 07:00:00.0;0,00
COLOMBO;410580501A;PR;Alto da Cruz;-25,3612;-49,1892;2025-03-28 08:00:00.0;0,00
COLOMBO;410580501A;PR;Alto da Cruz;-25,3612;-49,1892;2025-03-28 09:00:00.0;0,00
COLOMBO;410580501A;PR;Alto da Cruz;-25,3612;-49,1892;2025-03-28 10:00:00.0;0,00
COLOMBO;410580501A;PR;Alto da Cruz;-25,3612;-49,1892;2025-03-28 11:00:00.0;0,00
COLOMBO;410580501A;PR;Alto da Cruz;-25,3612;-49,1892;2025-03-28 12:00:00.0;0,00
COLOMBO;410580501A;PR;Alto da Cruz;-25,3612;-49,1892;2025-03-28 13:00:00.0;0,00
COLOMBO;410580501A;PR;Alto da Cruz;-25,3612;-49,1892;2025-03-28 14:00:00.0;0,00
COLOMBO;410580501A;PR;Alto da Cruz;-25,3612;-49,1892;2025-03-28 15:00:00.0;0,00
COLOMBO;410580501A;PR;Alto da Cruz;-25,3612;-49,1892;2025-03-28 16:00:00.0;0,00
COLOMBO;410580501A;PR;Alto da Cruz;-25,3612;-49,1892;2025-03-28 17:00:00.0;0,00
COLOMBO;410580501A;PR;Alto da Cruz;-25,3612;-49,1892;2025-03-28 18:00:00.0;0,00
COLOMBO;410580501A;PR;Alto da Cruz;-25,3612;-49,1892;2025-03-28 19:00:00.0;0,00
COLOMBO;410580501A;PR;Alto da Cruz;-25,3612;-49,1892;2025-03-28 20:00:00.0;0,00
COLOMBO;410580501A;PR;Alto da Cruz;-25,3612;-49,1892;2025-03-28 21:00:00.0;0,00
COLOMBO;410580501A;PR;Alto da Cruz;-25,3612;-49,1892;2025-03-28 22:00:00.0;0,00
COLOMBO;410580501A;PR;Alto da Cruz;-25,3612;-49,1892;2025-03-28 23:00:00.0;0,00
COLOMBO;410580501A;PR;Alto da Cruz;-25,3612;-49,1892;2025-03-29 00:00:00.0;0,00
COLOMBO;410580501A;PR;Alto da Cruz;-25,3612;-49,1892;2025-03-29 01:00:00.0;0,00
COLOMBO;410580501A;PR;Alto da Cruz;-25,3612;-49,1892;2025-03-29 02:00:00.0;0,00
COLOMBO;410580501A;PR;Alto da Cruz;-25,3612;-49,1892;2025-03-29 03:00:00.0;0,00
COLOMBO;410580501A;PR;Alto da Cruz;-25,3612;-49,1892;2025-03-29 04:00:00.0;0,00
COLOMBO;410580501A;PR;Alto da Cruz;-25,3612;-49,1892;2025-03-29 05:00:00.0;0,00
COLOMBO;410580501A;PR;Alto da Cruz;-25,3612;-49,1892;2025-03-29 06:00:00.0;0,00
COLOMBO;410580501A;PR;Alto da Cruz;-25,3612;-49,1892;2025-03-29 07:00:00.0;0,00
COLOMBO;410580501A;PR;Alto da Cruz;-25,3612;-49,1892;2025-03-29 08:00:00.0;0,00
COLOMBO;410580501A;PR;Alto da Cruz;-25,3612;-49,1892;2025-03-29 09:00:00.0;0,00
COLOMBO;410580501A;PR;Alto da Cruz;-25,3612;-49,1892;2025-03-29 10:00:00.0;0,00
COLOMBO;410580501A;PR;Alto da Cruz;-25,3612;-49,1892;2025-03-29 11:00:00.0;0,00
COLOMBO;410580501A;PR;Alto da Cruz;-25,3612;-49,1892;2025-03-29 12:00:00.0;0,00
COLOMBO;410580501A;PR;Alto da Cruz;-25,3612;-49,1892;2025-03-29 13:00:00.0;0,00
COLOMBO;410580501A;PR;Alto da Cruz;-25,3612;-49,1892;2025-03-29 14:00:00.0;0,00
COLOMBO;410580501A;PR;Alto da Cruz;-25,3612;-49,1892;2025-03-29 15:00:00.0;0,00
COLOMBO;410580501A;PR;Alto da Cruz;-25,3612;-49,1892;2025-03-29 16:00:00.0;0,00
COLOMBO;410580501A;PR;Alto da Cruz;-25,3612;-49,1892;2025-03-29 17:00:00.0;0,00
COLOMBO;410580501A;PR;Alto da Cruz;-25,3612;-49,1892;2025-03-29 18:00:00.0;0,00
COLOMBO;410580501A;PR;Alto da Cruz;-25,3612;-49,1892;2025-03-29 19:00:00.0;0,00
COLOMBO;410580501A;PR;Alto da Cruz;-25,3612;-49,1892;2025-03-29 20:00:00.0;0,00
COLOMBO;410580501A;PR;Alto da Cruz;-25,3612;-49,1892;2025-03-29 21:00:00.0;0,00
COLOMBO;410580501A;PR;Alto da Cruz;-25,3612;-49,1892;2025-03-29 22:00:00.0;0,00
COLOMBO;410580501A;PR;Alto da Cruz;-25,3612;-49,1892;2025-03-29 23:00:00.0;0,00
COLOMBO;410580501A;PR;Alto da Cruz;-25,3612;-49,1892;2025-03-30 00:00:00.0;0,00
COLOMBO;410580501A;PR;Alto da Cruz;-25,3612;-49,1892;2025-03-30 01:00:00.0;0,00
COLOMBO;410580501A;PR;Alto da Cruz;-25,3612;-49,1892;2025-03-30 02:00:00.0;0,00
COLOMBO;410580501A;PR;Alto da Cruz;-25,3612;-49,1892;2025-03-30 03:00:00.0;0,00
COLOMBO;410580501A;PR;Alto da Cruz;-25,3612;-49,1892;2025-03-30 04:00:00.0;0,00
COLOMBO;410580501A;PR;Alto da Cruz;-25,3612;-49,1892;2025-03-30 05:00:00.0;0,00
COLOMBO;410580501A;PR;Alto da Cruz;-25,3612;-49,1892;2025-03-30 06:00:00.0;0,00
COLOMBO;410580501A;PR;Alto da Cruz;-25,3612;-49,1892;2025-03-30 07:00:00.0;0,00
COLOMBO;410580501A;PR;Alto da Cruz;-25,3612;-49,1892;2025-03-30 08:00:00.0;0,00
COLOMBO;410580501A;PR;Alto da Cruz;-25,3612;-49,1892;2025-03-30 09:00:00.0;0,00
COLOMBO;410580501A;PR;Alto da Cruz;-25,3612;-49,1892;2025-03-30 10:00:00.0;0,00
COLOMBO;410580501A;PR;Alto da Cruz;-25,3612;-49,1892;2025-03-30 11:00:00.0;0,00
COLOMBO;410580501A;PR;Alto da Cruz;-25,3612;-49,1892;2025-03-30 12:00:00.0;0,00
COLOMBO;410580501A;PR;Alto da Cruz;-25,3612;-49,1892;2025-03-30 13:00:00.0;0,00
COLOMBO;410580501A;PR;Alto da Cruz;-25,3612;-49,1892;2025-03-30 14:00:00.0;0,00
COLOMBO;410580501A;PR;Alto da Cruz;-25,3612;-49,1892;2025-03-30 15:00:00.0;0,00
COLOMBO;410580501A;PR;Alto da Cruz;-25,3612;-49,1892;2025-03-30 16:00:00.0;0,00
COLOMBO;410580501A;PR;Alto da Cruz;-25,3612;-49,1892;2025-03-30 17:00:00.0;0,00
COLOMBO;410580501A;PR;Alto da Cruz;-25,3612;-49,1892;2025-03-30 18:00:00.0;0,00
COLOMBO;410580501A;PR;Alto da Cruz;-25,3612;-49,1892;2025-03-30 19:00:00.0;0,00
COLOMBO;410580501A;PR;Alto da Cruz;-25,3612;-49,1892;2025-03-30 20:00:00.0;0,00
COLOMBO;410580501A;PR;Alto da Cruz;-25,3612;-49,1892;2025-03-30 21:00:00.0;0,00
COLOMBO;410580501A;PR;Alto da Cruz;-25,3612;-49,1892;2025-03-30 22:00:00.0;0,00
COLOMBO;410580501A;PR;Alto da Cruz;-25,3612;-49,1892;2025-03-30 23:00:00.0;0,00
COLOMBO;410580501A;PR;Alto da Cruz;-25,3612;-49,1892;2025-03-31 00:00:00.0;0,00
COLOMBO;410580501A;PR;Alto da Cruz;-25,3612;-49,1892;2025-03-31 01:00:00.0;0,00
COLOMBO;410580501A;PR;Alto da Cruz;-25,3612;-49,1892;2025-03-31 02:00:00.0;0,00
COLOMBO;410580501A;PR;Alto da Cruz;-25,3612;-49,1892;2025-03-31 03:00:00.0;0,00
COLOMBO;410580501A;PR;Alto da Cruz;-25,3612;-49,1892;2025-03-31 04:00:00.0;0,00
COLOMBO;410580501A;PR;Alto da Cruz;-25,3612;-49,1892;2025-03-31 05:00:00.0;0,00
COLOMBO;410580501A;PR;Alto da Cruz;-25,3612;-49,1892;2025-03-31 06:00:00.0;0,00
COLOMBO;410580501A;PR;Alto da Cruz;-25,3612;-49,1892;2025-03-31 07:00:00.0;0,00
COLOMBO;410580501A;PR;Alto da Cruz;-25,3612;-49,1892;2025-03-31 08:00:00.0;0,00
COLOMBO;410580501A;PR;Alto da Cruz;-25,3612;-49,1892;2025-03-31 09:00:00.0;0,00
COLOMBO;410580501A;PR;Alto da Cruz;-25,3612;-49,1892;2025-03-31 10:00:00.0;0,00
COLOMBO;410580501A;PR;Alto da Cruz;-25,3612;-49,1892;2025-03-31 11:00:00.0;0,00
COLOMBO;410580501A;PR;Alto da Cruz;-25,3612;-49,1892;2025-03-31 12:00:00.0;0,00
COLOMBO;410580501A;PR;Alto da Cruz;-25,3612;-49,1892;2025-03-31 13:00:00.0;0,00
COLOMBO;410580501A;PR;Alto da Cruz;-25,3612;-49,1892;2025-03-31 14:00:00.0;0,00
COLOMBO;410580501A;PR;Alto da Cruz;-25,3612;-49,1892;2025-03-31 15:00:00.0;0,00
COLOMBO;410580501A;PR;Alto da Cruz;-25,3612;-49,1892;2025-03-31 16:00:00.0;0,00
COLOMBO;410580501A;PR;Alto da Cruz;-25,3612;-49,1892;2025-03-31 17:00:00.0;0,00
COLOMBO;410580501A;PR;Alto da Cruz;-25,3612;-49,1892;2025-03-31 18:00:00.0;0,00
COLOMBO;410580501A;PR;Alto da Cruz;-25,3612;-49,1892;2025-03-31 19:00:00.0;0,00
COLOMBO;410580501A;PR;Alto da Cruz;-25,3612;-49,1892;2025-03-31 20:00:00.0;0,00
COLOMBO;410580501A;PR;Alto da Cruz;-25,3612;-49,1892;2025-03-31 21:00:00.0;0,00
COLOMBO;410580501A;PR;Alto da Cruz;-25,3612;-49,1892;2025-03-31 22:00:00.0;0,00
COLOMBO;410580501A;PR;Alto da Cruz;-25,3612;-49,1892;2025-03-31 23:00:00.0;0,00
CORONEL VIVIDA;410650601A;PR;Prefeitura Municipal;-25,97998;-52,56345;2025-03-01 00:10:00.0;0,00
CORONEL VIVIDA;410650601A;PR;Prefeitura Municipal;-25,97998;-52,56345;2025-03-01 01:10:00.0;0,00
CORONEL VIVIDA;410650601A;PR;Prefeitura Municipal;-25,97998;-52,56345;2025-03-01 02:10:00.0;0,00
CORONEL VIVIDA;410650601A;PR;Prefeitura Municipal;-25,97998;-52,56345;2025-03-01 03:10:00.0;0,00
CORONEL VIVIDA;410650601A;PR;Prefeitura Municipal;-25,97998;-52,56345;2025-03-01 04:10:00.0;0,00
CORONEL VIVIDA;410650601A;PR;Prefeitura Municipal;-25,97998;-52,56345;2025-03-01 05:10:00.0;0,00
CORONEL VIVIDA;410650601A;PR;Prefeitura Municipal;-25,97998;-52,56345;2025-03-01 06:10:00.0;0,00
CORONEL VIVIDA;410650601A;PR;Prefeitura Municipal;-25,97998;-52,56345;2025-03-01 07:10:00.0;0,00
CORONEL VIVIDA;410650601A;PR;Prefeitura Municipal;-25,97998;-52,56345;2025-03-01 08:10:00.0;0,00
CORONEL VIVIDA;410650601A;PR;Prefeitura Municipal;-25,97998;-52,56345;2025-03-01 09:10:00.0;0,00
CORONEL VIVIDA;410650601A;PR;Prefeitura Municipal;-25,97998;-52,56345;2025-03-01 10:10:00.0;0,00
CORONEL VIVIDA;410650601A;PR;Prefeitura Municipal;-25,97998;-52,56345;2025-03-01 11:10:00.0;0,00
CORONEL VIVIDA;410650601A;PR;Prefeitura Municipal;-25,97998;-52,56345;2025-03-01 12:10:00.0;0,00
CORONEL VIVIDA;410650601A;PR;Prefeitura Municipal;-25,97998;-52,56345;2025-03-01 13:10:00.0;0,00
CORONEL VIVIDA;410650601A;PR;Prefeitura Municipal;-25,97998;-52,56345;2025-03-01 14:10:00.0;0,00
CORONEL VIVIDA;410650601A;PR;Prefeitura Municipal;-25,97998;-52,56345;2025-03-01 15:10:00.0;0,00
CORONEL VIVIDA;410650601A;PR;Prefeitura Municipal;-25,97998;-52,56345;2025-03-01 16:10:00.0;0,00
CORONEL VIVIDA;410650601A;PR;Prefeitura Municipal;-25,97998;-52,56345;2025-03-01 17:10:00.0;0,00
CORONEL VIVIDA;410650601A;PR;Prefeitura Municipal;-25,97998;-52,56345;2025-03-01 18:10:00.0;0,00
CORONEL VIVIDA;410650601A;PR;Prefeitura Municipal;-25,97998;-52,56345;2025-03-01 19:10:00.0;0,00
CORONEL VIVIDA;410650601A;PR;Prefeitura Municipal;-25,97998;-52,56345;2025-03-01 20:10:00.0;0,00
CORONEL VIVIDA;410650601A;PR;Prefeitura Municipal;-25,97998;-52,56345;2025-03-01 21:10:00.0;0,00
CORONEL VIVIDA;410650601A;PR;Prefeitura Municipal;-25,97998;-52,56345;2025-03-01 22:10:00.0;0,00
CORONEL VIVIDA;410650601A;PR;Prefeitura Municipal;-25,97998;-52,56345;2025-03-01 23:10:00.0;0,00
CORONEL VIVIDA;410650601A;PR;Prefeitura Municipal;-25,97998;-52,56345;2025-03-02 00:10:00.0;0,00
CORONEL VIVIDA;410650601A;PR;Prefeitura Municipal;-25,97998;-52,56345;2025-03-02 01:10:00.0;0,00
CORONEL VIVIDA;410650601A;PR;Prefeitura Municipal;-25,97998;-52,56345;2025-03-02 02:10:00.0;0,00
CORONEL VIVIDA;410650601A;PR;Prefeitura Municipal;-25,97998;-52,56345;2025-03-02 03:10:00.0;0,00
CORONEL VIVIDA;410650601A;PR;Prefeitura Municipal;-25,97998;-52,56345;2025-03-02 04:10:00.0;0,00
CORONEL VIVIDA;410650601A;PR;Prefeitura Municipal;-25,97998;-52,56345;2025-03-02 05:10:00.0;0,00
CORONEL VIVIDA;410650601A;PR;Prefeitura Municipal;-25,97998;-52,56345;2025-03-02 06:10:00.0;0,00
CORONEL VIVIDA;410650601A;PR;Prefeitura Municipal;-25,97998;-52,56345;2025-03-02 07:10:00.0;0,00
CORONEL VIVIDA;410650601A;PR;Prefeitura Municipal;-25,97998;-52,56345;2025-03-02 08:10:00.0;0,00
CORONEL VIVIDA;410650601A;PR;Prefeitura Municipal;-25,97998;-52,56345;2025-03-02 09:10:00.0;0,00
CORONEL VIVIDA;410650601A;PR;Prefeitura Municipal;-25,97998;-52,56345;2025-03-02 10:10:00.0;0,00
CORONEL VIVIDA;410650601A;PR;Prefeitura Municipal;-25,97998;-52,56345;2025-03-02 11:10:00.0;0,00
CORONEL VIVIDA;410650601A;PR;Prefeitura Municipal;-25,97998;-52,56345;2025-03-02 12:10:00.0;0,00
CORONEL VIVIDA;410650601A;PR;Prefeitura Municipal;-25,97998;-52,56345;2025-03-02 13:10:00.0;0,00
CORONEL VIVIDA;410650601A;PR;Prefeitura Municipal;-25,97998;-52,56345;2025-03-02 14:10:00.0;0,00
CORONEL VIVIDA;410650601A;PR;Prefeitura Municipal;-25,97998;-52,56345;2025-03-02 15:10:00.0;0,00
CORONEL VIVIDA;410650601A;PR;Prefeitura Municipal;-25,97998;-52,56345;2025-03-02 16:10:00.0;0,00
CORONEL VIVIDA;410650601A;PR;Prefeitura Municipal;-25,97998;-52,56345;2025-03-02 17:10:00.0;0,00
CORONEL VIVIDA;410650601A;PR;Prefeitura Municipal;-25,97998;-52,56345;2025-03-02 18:10:00.0;0,00
CORONEL VIVIDA;410650601A;PR;Prefeitura Municipal;-25,97998;-52,56345;2025-03-02 19:10:00.0;0,00
CORONEL VIVIDA;410650601A;PR;Prefeitura Municipal;-25,97998;-52,56345;2025-03-02 20:10:00.0;0,00
CORONEL VIVIDA;410650601A;PR;Prefeitura Municipal;-25,97998;-52,56345;2025-03-02 21:10:00.0;0,00
CORONEL VIVIDA;410650601A;PR;Prefeitura Municipal;-25,97998;-52,56345;2025-03-02 22:10:00.0;0,00
CORONEL VIVIDA;410650601A;PR;Prefeitura Municipal;-25,97998;-52,56345;2025-03-02 23:10:00.0;0,00
CORONEL VIVIDA;410650601A;PR;Prefeitura Municipal;-25,97998;-52,56345;2025-03-03 00:10:00.0;0,00
CORONEL VIVIDA;410650601A;PR;Prefeitura Municipal;-25,97998;-52,56345;2025-03-03 01:10:00.0;0,00
CORONEL VIVIDA;410650601A;PR;Prefeitura Municipal;-25,97998;-52,56345;2025-03-03 02:10:00.0;0,00
CORONEL VIVIDA;410650601A;PR;Prefeitura Municipal;-25,97998;-52,56345;2025-03-03 03:10:00.0;0,00
CORONEL VIVIDA;410650601A;PR;Prefeitura Municipal;-25,97998;-52,56345;2025-03-03 04:10:00.0;0,00
CORONEL VIVIDA;410650601A;PR;Prefeitura Municipal;-25,97998;-52,56345;2025-03-03 05:10:00.0;0,00
CORONEL VIVIDA;410650601A;PR;Prefeitura Municipal;-25,97998;-52,56345;2025-03-03 06:10:00.0;0,00
CORONEL VIVIDA;410650601A;PR;Prefeitura Municipal;-25,97998;-52,56345;2025-03-03 07:10:00.0;0,00
CORONEL VIVIDA;410650601A;PR;Prefeitura Municipal;-25,97998;-52,56345;2025-03-03 08:10:00.0;0,00
CORONEL VIVIDA;410650601A;PR;Prefeitura Municipal;-25,97998;-52,56345;2025-03-03 09:10:00.0;0,00
CORONEL VIVIDA;410650601A;PR;Prefeitura Municipal;-25,97998;-52,56345;2025-03-03 10:10:00.0;0,00
CORONEL VIVIDA;410650601A;PR;Prefeitura Municipal;-25,97998;-52,56345;2025-03-03 11:10:00.0;0,00
CORONEL VIVIDA;410650601A;PR;Prefeitura Municipal;-25,97998;-52,56345;2025-03-03 12:10:00.0;0,00
CORONEL VIVIDA;410650601A;PR;Prefeitura Municipal;-25,97998;-52,56345;2025-03-03 13:10:00.0;0,00
CORONEL VIVIDA;410650601A;PR;Prefeitura Municipal;-25,97998;-52,56345;2025-03-03 14:10:00.0;0,00
CORONEL VIVIDA;410650601A;PR;Prefeitura Municipal;-25,97998;-52,56345;2025-03-03 15:10:00.0;0,00
CORONEL VIVIDA;410650601A;PR;Prefeitura Municipal;-25,97998;-52,56345;2025-03-03 16:10:00.0;0,00
CORONEL VIVIDA;410650601A;PR;Prefeitura Municipal;-25,97998;-52,56345;2025-03-03 17:10:00.0;0,00
CORONEL VIVIDA;410650601A;PR;Prefeitura Municipal;-25,97998;-52,56345;2025-03-03 18:10:00.0;0,00
CORONEL VIVIDA;410650601A;PR;Prefeitura Municipal;-25,97998;-52,56345;2025-03-03 19:10:00.0;0,00
CORONEL VIVIDA;410650601A;PR;Prefeitura Municipal;-25,97998;-52,56345;2025-03-03 20:10:00.0;0,00
CORONEL VIVIDA;410650601A;PR;Prefeitura Municipal;-25,97998;-52,56345;2025-03-03 21:10:00.0;0,00
CORONEL VIVIDA;410650601A;PR;Prefeitura Municipal;-25,97998;-52,56345;2025-03-03 22:10:00.0;0,00
CORONEL VIVIDA;410650601A;PR;Prefeitura Municipal;-25,97998;-52,56345;2025-03-03 23:10:00.0;0,00
CORONEL VIVIDA;410650601A;PR;Prefeitura Municipal;-25,97998;-52,56345;2025-03-04 00:10:00.0;0,00
CORONEL VIVIDA;410650601A;PR;Prefeitura Municipal;-25,97998;-52,56345;2025-03-04 01:10:00.0;0,00
CORONEL VIVIDA;410650601A;PR;Prefeitura Municipal;-25,97998;-52,56345;2025-03-04 02:10:00.0;0,00
CORONEL VIVIDA;410650601A;PR;Prefeitura Municipal;-25,97998;-52,56345;2025-03-04 03:10:00.0;0,00
CORONEL VIVIDA;410650601A;PR;Prefeitura Municipal;-25,97998;-52,56345;2025-03-04 04:10:00.0;0,00
CORONEL VIVIDA;410650601A;PR;Prefeitura Municipal;-25,97998;-52,56345;2025-03-04 05:10:00.0;0,00
CORONEL VIVIDA;410650601A;PR;Prefeitura Municipal;-25,97998;-52,56345;2025-03-04 06:10:00.0;0,00
CORONEL VIVIDA;410650601A;PR;Prefeitura Municipal;-25,97998;-52,56345;2025-03-04 07:10:00.0;0,00
CORONEL VIVIDA;410650601A;PR;Prefeitura Municipal;-25,97998;-52,56345;2025-03-04 08:10:00.0;0,00
CORONEL VIVIDA;410650601A;PR;Prefeitura Municipal;-25,97998;-52,56345;2025-03-04 09:10:00.0;0,00
CORONEL VIVIDA;410650601A;PR;Prefeitura Municipal;-25,97998;-52,56345;2025-03-04 10:10:00.0;0,00
CORONEL VIVIDA;410650601A;PR;Prefeitura Municipal;-25,97998;-52,56345;2025-03-04 11:10:00.0;0,00
CORONEL VIVIDA;410650601A;PR;Prefeitura Municipal;-25,97998;-52,56345;2025-03-04 12:10:00.0;0,00
CORONEL VIVIDA;410650601A;PR;Prefeitura Municipal;-25,97998;-52,56345;2025-03-04 13:10:00.0;0,00
CORONEL VIVIDA;410650601A;PR;Prefeitura Municipal;-25,97998;-52,56345;2025-03-04 14:10:00.0;0,00
CORONEL VIVIDA;410650601A;PR;Prefeitura Municipal;-25,97998;-52,56345;2025-03-04 15:10:00.0;0,00
CORONEL VIVIDA;410650601A;PR;Prefeitura Municipal;-25,97998;-52,56345;2025-03-04 16:10:00.0;0,00
CORONEL VIVIDA;410650601A;PR;Prefeitura Municipal;-25,97998;-52,56345;2025-03-04 17:10:00.0;0,00
CORONEL VIVIDA;410650601A;PR;Prefeitura Municipal;-25,97998;-52,56345;2025-03-04 18:10:00.0;0,00
CORONEL VIVIDA;410650601A;PR;Prefeitura Municipal;-25,97998;-52,56345;2025-03-04 19:10:00.0;0,00
CORONEL VIVIDA;410650601A;PR;Prefeitura Municipal;-25,97998;-52,56345;2025-03-04 20:10:00.0;0,00
CORONEL VIVIDA;410650601A;PR;Prefeitura Municipal;-25,97998;-52,56345;2025-03-04 21:10:00.0;0,00
CORONEL VIVIDA;410650601A;PR;Prefeitura Municipal;-25,97998;-52,56345;2025-03-04 22:10:00.0;0,00
CORONEL VIVIDA;410650601A;PR;Prefeitura Municipal;-25,97998;-52,56345;2025-03-04 23:10:00.0;0,00
CORONEL VIVIDA;410650601A;PR;Prefeitura Municipal;-25,97998;-52,56345;2025-03-05 00:10:00.0;0,00
CORONEL VIVIDA;410650601A;PR;Prefeitura Municipal;-25,97998;-52,56345;2025-03-05 01:10:00.0;0,00
CORONEL VIVIDA;410650601A;PR;Prefeitura Municipal;-25,97998;-52,56345;2025-03-05 02:10:00.0;0,00
CORONEL VIVIDA;410650601A;PR;Prefeitura Municipal;-25,97998;-52,56345;2025-03-05 03:10:00.0;0,00
CORONEL VIVIDA;410650601A;PR;Prefeitura Municipal;-25,97998;-52,56345;2025-03-05 04:10:00.0;0,00
CORONEL VIVIDA;410650601A;PR;Prefeitura Municipal;-25,97998;-52,56345;2025-03-05 05:10:00.0;0,00
CORONEL VIVIDA;410650601A;PR;Prefeitura Municipal;-25,97998;-52,56345;2025-03-05 06:10:00.0;0,00
CORONEL VIVIDA;410650601A;PR;Prefeitura Municipal;-25,97998;-52,56345;2025-03-05 07:10:00.0;0,00
CORONEL VIVIDA;410650601A;PR;Prefeitura Municipal;-25,97998;-52,56345;2025-03-05 08:10:00.0;0,00
CORONEL VIVIDA;410650601A;PR;Prefeitura Municipal;-25,97998;-52,56345;2025-03-05 09:10:00.0;0,00
CORONEL VIVIDA;410650601A;PR;Prefeitura Municipal;-25,97998;-52,56345;2025-03-05 10:10:00.0;0,00
CORONEL VIVIDA;410650601A;PR;Prefeitura Municipal;-25,97998;-52,56345;2025-03-05 11:10:00.0;0,00
CORONEL VIVIDA;410650601A;PR;Prefeitura Municipal;-25,97998;-52,56345;2025-03-05 12:10:00.0;0,00
CORONEL VIVIDA;410650601A;PR;Prefeitura Municipal;-25,97998;-52,56345;2025-03-05 13:10:00.0;0,00
CORONEL VIVIDA;410650601A;PR;Prefeitura Municipal;-25,97998;-52,56345;2025-03-05 14:10:00.0;0,00
CORONEL VIVIDA;410650601A;PR;Prefeitura Municipal;-25,97998;-52,56345;2025-03-05 15:10:00.0;0,00
CORONEL VIVIDA;410650601A;PR;Prefeitura Municipal;-25,97998;-52,56345;2025-03-05 16:10:00.0;0,00
CORONEL VIVIDA;410650601A;PR;Prefeitura Municipal;-25,97998;-52,56345;2025-03-05 17:10:00.0;0,00
CORONEL VIVIDA;410650601A;PR;Prefeitura Municipal;-25,97998;-52,56345;2025-03-05 18:10:00.0;0,00
CORONEL VIVIDA;410650601A;PR;Prefeitura Municipal;-25,97998;-52,56345;2025-03-05 19:10:00.0;0,20
CORONEL VIVIDA;410650601A;PR;Prefeitura Municipal;-25,97998;-52,56345;2025-03-05 19:20:00.0;0,80
CORONEL VIVIDA;410650601A;PR;Prefeitura Municipal;-25,97998;-52,56345;2025-03-05 20:10:00.0;1,60
CORONEL VIVIDA;410650601A;PR;Prefeitura Municipal;-25,97998;-52,56345;2025-03-05 20:20:00.0;2,40
CORONEL VIVIDA;410650601A;PR;Prefeitura Municipal;-25,97998;-52,56345;2025-03-05 20:30:00.0;3,40
CORONEL VIVIDA;410650601A;PR;Prefeitura Municipal;-25,97998;-52,56345;2025-03-05 20:40:00.0;1,00
CORONEL VIVIDA;410650601A;PR;Prefeitura Municipal;-25,97998;-52,56345;2025-03-05 20:50:00.0;0,20
CORONEL VIVIDA;410650601A;PR;Prefeitura Municipal;-25,97998;-52,56345;2025-03-05 21:10:00.0;0,00
CORONEL VIVIDA;410650601A;PR;Prefeitura Municipal;-25,97998;-52,56345;2025-03-05 21:30:00.0;0,20
CORONEL VIVIDA;410650601A;PR;Prefeitura Municipal;-25,97998;-52,56345;2025-03-05 22:10:00.0;0,00
CORONEL VIVIDA;410650601A;PR;Prefeitura Municipal;-25,97998;-52,56345;2025-03-05 23:10:00.0;0,00
CORONEL VIVIDA;410650601A;PR;Prefeitura Municipal;-25,97998;-52,56345;2025-03-06 00:10:00.0;0,00
CORONEL VIVIDA;410650601A;PR;Prefeitura Municipal;-25,97998;-52,56345;2025-03-06 01:10:00.0;0,00
CORONEL VIVIDA;410650601A;PR;Prefeitura Municipal;-25,97998;-52,56345;2025-03-06 02:10:00.0;0,00
CORONEL VIVIDA;410650601A;PR;Prefeitura Municipal;-25,97998;-52,56345;2025-03-06 03:10:00.0;0,00
CORONEL VIVIDA;410650601A;PR;Prefeitura Municipal;-25,97998;-52,56345;2025-03-06 04:10:00.0;0,00
CORONEL VIVIDA;410650601A;PR;Prefeitura Municipal;-25,97998;-52,56345;2025-03-06 05:10:00.0;0,00
CORONEL VIVIDA;410650601A;PR;Prefeitura Municipal;-25,97998;-52,56345;2025-03-06 05:20:00.0;0,20
CORONEL VIVIDA;410650601A;PR;Prefeitura Municipal;-25,97998;-52,56345;2025-03-06 06:10:00.0;0,00
CORONEL VIVIDA;410650601A;PR;Prefeitura Municipal;-25,97998;-52,56345;2025-03-06 07:10:00.0;0,00
CORONEL VIVIDA;410650601A;PR;Prefeitura Municipal;-25,97998;-52,56345;2025-03-06 08:10:00.0;0,00
CORONEL VIVIDA;410650601A;PR;Prefeitura Municipal;-25,97998;-52,56345;2025-03-06 09:10:00.0;0,00
CORONEL VIVIDA;410650601A;PR;Prefeitura Municipal;-25,97998;-52,56345;2025-03-06 10:10:00.0;0,00
CORONEL VIVIDA;410650601A;PR;Prefeitura Municipal;-25,97998;-52,56345;2025-03-06 11:10:00.0;0,00
CORONEL VIVIDA;410650601A;PR;Prefeitura Municipal;-25,97998;-52,56345;2025-03-06 12:10:00.0;0,00
CORONEL VIVIDA;410650601A;PR;Prefeitura Municipal;-25,97998;-52,56345;2025-03-06 13:10:00.0;0,00
CORONEL VIVIDA;410650601A;PR;Prefeitura Municipal;-25,97998;-52,56345;2025-03-06 14:10:00.0;0,00
CORONEL VIVIDA;410650601A;PR;Prefeitura Municipal;-25,97998;-52,56345;2025-03-06 15:10:00.0;0,00
CORONEL VIVIDA;410650601A;PR;Prefeitura Municipal;-25,97998;-52,56345;2025-03-06 16:10:00.0;0,00
CORONEL VIVIDA;410650601A;PR;Prefeitura Municipal;-25,97998;-52,56345;2025-03-06 17:10:00.0;0,00
CORONEL VIVIDA;410650601A;PR;Prefeitura Municipal;-25,97998;-52,56345;2025-03-06 18:10:00.0;0,00
CORONEL VIVIDA;410650601A;PR;Prefeitura Municipal;-25,97998;-52,56345;2025-03-06 19:10:00.0;0,00
CORONEL VIVIDA;410650601A;PR;Prefeitura Municipal;-25,97998;-52,56345;2025-03-06 20:10:00.0;0,00
CORONEL VIVIDA;410650601A;PR;Prefeitura Municipal;-25,97998;-52,56345;2025-03-06 21:10:00.0;0,00
CORONEL VIVIDA;410650601A;PR;Prefeitura Municipal;-25,97998;-52,56345;2025-03-06 22:10:00.0;0,00
CORONEL VIVIDA;410650601A;PR;Prefeitura Municipal;-25,97998;-52,56345;2025-03-06 23:10:00.0;0,00
CORONEL VIVIDA;410650601A;PR;Prefeitura Municipal;-25,97998;-52,56345;2025-03-07 00:10:00.0;0,00
CORONEL VIVIDA;410650601A;PR;Prefeitura Municipal;-25,97998;-52,56345;2025-03-07 01:10:00.0;0,00
CORONEL VIVIDA;410650601A;PR;Prefeitura Municipal;-25,97998;-52,56345;2025-03-07 02:10:00.0;0,00
CORONEL VIVIDA;410650601A;PR;Prefeitura Municipal;-25,97998;-52,56345;2025-03-07 03:10:00.0;0,00
CORONEL VIVIDA;410650601A;PR;Prefeitura Municipal;-25,97998;-52,56345;2025-03-07 04:10:00.0;0,00
CORONEL VIVIDA;410650601A;PR;Prefeitura Municipal;-25,97998;-52,56345;2025-03-07 05:10:00.0;0,00
CORONEL VIVIDA;410650601A;PR;Prefeitura Municipal;-25,97998;-52,56345;2025-03-07 06:10:00.0;0,00
CORONEL VIVIDA;410650601A;PR;Prefeitura Municipal;-25,97998;-52,56345;2025-03-07 07:10:00.0;0,00
CORONEL VIVIDA;410650601A;PR;Prefeitura Municipal;-25,97998;-52,56345;2025-03-07 08:10:00.0;0,00
CORONEL VIVIDA;410650601A;PR;Prefeitura Municipal;-25,97998;-52,56345;2025-03-07 09:10:00.0;0,00
CORONEL VIVIDA;410650601A;PR;Prefeitura Municipal;-25,97998;-52,56345;2025-03-07 10:10:00.0;0,00
CORONEL VIVIDA;410650601A;PR;Prefeitura Municipal;-25,97998;-52,56345;2025-03-07 11:10:00.0;0,00
CORONEL VIVIDA;410650601A;PR;Prefeitura Municipal;-25,97998;-52,56345;2025-03-07 12:10:00.0;0,00
CORONEL VIVIDA;410650601A;PR;Prefeitura Municipal;-25,97998;-52,56345;2025-03-07 13:10:00.0;0,00
CORONEL VIVIDA;410650601A;PR;Prefeitura Municipal;-25,97998;-52,56345;2025-03-07 14:10:00.0;0,00
CORONEL VIVIDA;410650601A;PR;Prefeitura Municipal;-25,97998;-52,56345;2025-03-07 15:10:00.0;0,00
CORONEL VIVIDA;410650601A;PR;Prefeitura Municipal;-25,97998;-52,56345;2025-03-07 16:10:00.0;0,00
CORONEL VIVIDA;410650601A;PR;Prefeitura Municipal;-25,97998;-52,56345;2025-03-07 17:10:00.0;0,00
CORONEL VIVIDA;410650601A;PR;Prefeitura Municipal;-25,97998;-52,56345;2025-03-07 18:10:00.0;0,00
CORONEL VIVIDA;410650601A;PR;Prefeitura Municipal;-25,97998;-52,56345;2025-03-07 19:10:00.0;0,00
CORONEL VIVIDA;410650601A;PR;Prefeitura Municipal;-25,97998;-52,56345;2025-03-07 20:10:00.0;0,00
CORONEL VIVIDA;410650601A;PR;Prefeitura Municipal;-25,97998;-52,56345;2025-03-07 21:10:00.0;0,00
CORONEL VIVIDA;410650601A;PR;Prefeitura Municipal;-25,97998;-52,56345;2025-03-07 22:10:00.0;0,00
CORONEL VIVIDA;410650601A;PR;Prefeitura Municipal;-25,97998;-52,56345;2025-03-07 23:10:00.0;0,00
CORONEL VIVIDA;410650601A;PR;Prefeitura Municipal;-25,97998;-52,56345;2025-03-08 00:10:00.0;0,00
CORONEL VIVIDA;410650601A;PR;Prefeitura Municipal;-25,97998;-52,56345;2025-03-08 01:10:00.0;0,00
CORONEL VIVIDA;410650601A;PR;Prefeitura Municipal;-25,97998;-52,56345;2025-03-08 02:10:00.0;0,00
CORONEL VIVIDA;410650601A;PR;Prefeitura Municipal;-25,97998;-52,56345;2025-03-08 03:10:00.0;0,00
CORONEL VIVIDA;410650601A;PR;Prefeitura Municipal;-25,97998;-52,56345;2025-03-08 04:10:00.0;0,00
CORONEL VIVIDA;410650601A;PR;Prefeitura Municipal;-25,97998;-52,56345;2025-03-08 05:10:00.0;0,00
CORONEL VIVIDA;410650601A;PR;Prefeitura Municipal;-25,97998;-52,56345;2025-03-08 06:10:00.0;0,00
CORONEL VIVIDA;410650601A;PR;Prefeitura Municipal;-25,97998;-52,56345;2025-03-08 07:10:00.0;0,00
CORONEL VIVIDA;410650601A;PR;Prefeitura Municipal;-25,97998;-52,56345;2025-03-08 08:10:00.0;0,00
CORONEL VIVIDA;410650601A;PR;Prefeitura Municipal;-25,97998;-52,56345;2025-03-08 09:10:00.0;0,00
CORONEL VIVIDA;410650601A;PR;Prefeitura Municipal;-25,97998;-52,56345;2025-03-08 10:10:00.0;0,00
CORONEL VIVIDA;410650601A;PR;Prefeitura Municipal;-25,97998;-52,56345;2025-03-08 11:10:00.0;0,00
CORONEL VIVIDA;410650601A;PR;Prefeitura Municipal;-25,97998;-52,56345;2025-03-08 13:10:00.0;0,00
CORONEL VIVIDA;410650601A;PR;Prefeitura Municipal;-25,97998;-52,56345;2025-03-08 14:10:00.0;0,00
CORONEL VIVIDA;410650601A;PR;Prefeitura Municipal;-25,97998;-52,56345;2025-03-08 15:10:00.0;0,00
CORONEL VIVIDA;410650601A;PR;Prefeitura Municipal;-25,97998;-52,56345;2025-03-08 16:10:00.0;0,00
CORONEL VIVIDA;410650601A;PR;Prefeitura Municipal;-25,97998;-52,56345;2025-03-08 17:10:00.0;0,00
CORONEL VIVIDA;410650601A;PR;Prefeitura Municipal;-25,97998;-52,56345;2025-03-08 18:10:00.0;0,00
CORONEL VIVIDA;410650601A;PR;Prefeitura Municipal;-25,97998;-52,56345;2025-03-08 19:10:00.0;0,00
CORONEL VIVIDA;410650601A;PR;Prefeitura Municipal;-25,97998;-52,56345;2025-03-08 20:10:00.0;0,00
CORONEL VIVIDA;410650601A;PR;Prefeitura Municipal;-25,97998;-52,56345;2025-03-08 21:10:00.0;0,00
CORONEL VIVIDA;410650601A;PR;Prefeitura Municipal;-25,97998;-52,56345;2025-03-08 22:10:00.0;0,00
CORONEL VIVIDA;410650601A;PR;Prefeitura Municipal;-25,97998;-52,56345;2025-03-08 23:10:00.0;0,00
CORONEL VIVIDA;410650601A;PR;Prefeitura Municipal;-25,97998;-52,56345;2025-03-09 00:10:00.0;0,00
CORONEL VIVIDA;410650601A;PR;Prefeitura Municipal;-25,97998;-52,56345;2025-03-09 01:10:00.0;0,00
CORONEL VIVIDA;410650601A;PR;Prefeitura Municipal;-25,97998;-52,56345;2025-03-09 02:10:00.0;0,00
CORONEL VIVIDA;410650601A;PR;Prefeitura Municipal;-25,97998;-52,56345;2025-03-09 03:10:00.0;0,00
CORONEL VIVIDA;410650601A;PR;Prefeitura Municipal;-25,97998;-52,56345;2025-03-09 04:10:00.0;0,00
CORONEL VIVIDA;410650601A;PR;Prefeitura Municipal;-25,97998;-52,56345;2025-03-09 05:10:00.0;0,00
CORONEL VIVIDA;410650601A;PR;Prefeitura Municipal;-25,97998;-52,56345;2025-03-09 06:10:00.0;0,00
CORONEL VIVIDA;410650601A;PR;Prefeitura Municipal;-25,97998;-52,56345;2025-03-09 07:10:00.0;0,00
CORONEL VIVIDA;410650601A;PR;Prefeitura Municipal;-25,97998;-52,56345;2025-03-09 08:10:00.0;0,00
CORONEL VIVIDA;410650601A;PR;Prefeitura Municipal;-25,97998;-52,56345;2025-03-09 09:10:00.0;0,00
CORONEL VIVIDA;410650601A;PR;Prefeitura Municipal;-25,97998;-52,56345;2025-03-09 10:10:00.0;0,00
CORONEL VIVIDA;410650601A;PR;Prefeitura Municipal;-25,97998;-52,56345;2025-03-09 11:10:00.0;0,00
CORONEL VIVIDA;410650601A;PR;Prefeitura Municipal;-25,97998;-52,56345;2025-03-09 12:10:00.0;0,00
CORONEL VIVIDA;410650601A;PR;Prefeitura Municipal;-25,97998;-52,56345;2025-03-09 13:10:00.0;0,00
CORONEL VIVIDA;410650601A;PR;Prefeitura Municipal;-25,97998;-52,56345;2025-03-09 14:10:00.0;0,00
CORONEL VIVIDA;410650601A;PR;Prefeitura Municipal;-25,97998;-52,56345;2025-03-09 15:10:00.0;0,00
CORONEL VIVIDA;410650601A;PR;Prefeitura Municipal;-25,97998;-52,56345;2025-03-09 16:10:00.0;0,00
CORONEL VIVIDA;410650601A;PR;Prefeitura Municipal;-25,97998;-52,56345;2025-03-09 17:10:00.0;0,00
CORONEL VIVIDA;410650601A;PR;Prefeitura Municipal;-25,97998;-52,56345;2025-03-09 18:10:00.0;0,00
CORONEL VIVIDA;410650601A;PR;Prefeitura Municipal;-25,97998;-52,56345;2025-03-09 19:10:00.0;0,00
CORONEL VIVIDA;410650601A;PR;Prefeitura Municipal;-25,97998;-52,56345;2025-03-09 20:10:00.0;0,00
CORONEL VIVIDA;410650601A;PR;Prefeitura Municipal;-25,97998;-52,56345;2025-03-09 21:10:00.0;0,00
CORONEL VIVIDA;410650601A;PR;Prefeitura Municipal;-25,97998;-52,56345;2025-03-09 22:10:00.0;0,00
CORONEL VIVIDA;410650601A;PR;Prefeitura Municipal;-25,97998;-52,56345;2025-03-09 23:10:00.0;0,00
CORONEL VIVIDA;410650601A;PR;Prefeitura Municipal;-25,97998;-52,56345;2025-03-10 00:10:00.0;0,00
CORONEL VIVIDA;410650601A;PR;Prefeitura Municipal;-25,97998;-52,56345;2025-03-10 01:10:00.0;0,00
CORONEL VIVIDA;410650601A;PR;Prefeitura Municipal;-25,97998;-52,56345;2025-03-10 02:10:00.0;0,00
CORONEL VIVIDA;410650601A;PR;Prefeitura Municipal;-25,97998;-52,56345;2025-03-10 03:10:00.0;0,00
CORONEL VIVIDA;410650601A;PR;Prefeitura Municipal;-25,97998;-52,56345;2025-03-10 04:10:00.0;0,00
CORONEL VIVIDA;410650601A;PR;Prefeitura Municipal;-25,97998;-52,56345;2025-03-10 05:10:00.0;0,00
CORONEL VIVIDA;410650601A;PR;Prefeitura Municipal;-25,97998;-52,56345;2025-03-10 06:10:00.0;0,00
CORONEL VIVIDA;410650601A;PR;Prefeitura Municipal;-25,97998;-52,56345;2025-03-10 07:10:00.0;0,00
CORONEL VIVIDA;410650601A;PR;Prefeitura Municipal;-25,97998;-52,56345;2025-03-10 08:10:00.0;0,00
CORONEL VIVIDA;410650601A;PR;Prefeitura Municipal;-25,97998;-52,56345;2025-03-10 09:10:00.0;0,00
CORONEL VIVIDA;410650601A;PR;Prefeitura Municipal;-25,97998;-52,56345;2025-03-10 10:10:00.0;0,00
CORONEL VIVIDA;410650601A;PR;Prefeitura Municipal;-25,97998;-52,56345;2025-03-10 11:10:00.0;0,00
CORONEL VIVIDA;410650601A;PR;Prefeitura Municipal;-25,97998;-52,56345;2025-03-10 12:10:00.0;0,00
CORONEL VIVIDA;410650601A;PR;Prefeitura Municipal;-25,97998;-52,56345;2025-03-10 13:10:00.0;0,00
CORONEL VIVIDA;410650601A;PR;Prefeitura Municipal;-25,97998;-52,56345;2025-03-10 14:10:00.0;0,00
CORONEL VIVIDA;410650601A;PR;Prefeitura Municipal;-25,97998;-52,56345;2025-03-10 15:10:00.0;0,00
CORONEL VIVIDA;410650601A;PR;Prefeitura Municipal;-25,97998;-52,56345;2025-03-10 16:10:00.0;0,00
CORONEL VIVIDA;410650601A;PR;Prefeitura Municipal;-25,97998;-52,56345;2025-03-10 17:10:00.0;0,00
CORONEL VIVIDA;410650601A;PR;Prefeitura Municipal;-25,97998;-52,56345;2025-03-10 18:10:00.0;0,00
CORONEL VIVIDA;410650601A;PR;Prefeitura Municipal;-25,97998;-52,56345;2025-03-10 19:10:00.0;0,00
CORONEL VIVIDA;410650601A;PR;Prefeitura Municipal;-25,97998;-52,56345;2025-03-10 20:10:00.0;0,00
CORONEL VIVIDA;410650601A;PR;Prefeitura Municipal;-25,97998;-52,56345;2025-03-10 21:10:00.0;0,00
CORONEL VIVIDA;410650601A;PR;Prefeitura Municipal;-25,97998;-52,56345;2025-03-10 22:10:00.0;0,00
CORONEL VIVIDA;410650601A;PR;Prefeitura Municipal;-25,97998;-52,56345;2025-03-10 23:10:00.0;0,00
CORONEL VIVIDA;410650601A;PR;Prefeitura Municipal;-25,97998;-52,56345;2025-03-11 00:10:00.0;0,00
CORONEL VIVIDA;410650601A;PR;Prefeitura Municipal;-25,97998;-52,56345;2025-03-11 01:10:00.0;0,00
CORONEL VIVIDA;410650601A;PR;Prefeitura Municipal;-25,97998;-52,56345;2025-03-11 02:10:00.0;0,00
CORONEL VIVIDA;410650601A;PR;Prefeitura Municipal;-25,97998;-52,56345;2025-03-11 03:10:00.0;0,00
CORONEL VIVIDA;410650601A;PR;Prefeitura Municipal;-25,97998;-52,56345;2025-03-11 04:10:00.0;0,00
CORONEL VIVIDA;410650601A;PR;Prefeitura Municipal;-25,97998;-52,56345;2025-03-11 05:10:00.0;0,00
CORONEL VIVIDA;410650601A;PR;Prefeitura Municipal;-25,97998;-52,56345;2025-03-11 06:10:00.0;0,00
CORONEL VIVIDA;410650601A;PR;Prefeitura Municipal;-25,97998;-52,56345;2025-03-11 07:10:00.0;0,00
CORONEL VIVIDA;410650601A;PR;Prefeitura Municipal;-25,97998;-52,56345;2025-03-11 08:10:00.0;0,00
CORONEL VIVIDA;410650601A;PR;Prefeitura Municipal;-25,97998;-52,56345;2025-03-11 09:10:00.0;0,00
CORONEL VIVIDA;410650601A;PR;Prefeitura Municipal;-25,97998;-52,56345;2025-03-11 10:10:00.0;0,00
CORONEL VIVIDA;410650601A;PR;Prefeitura Municipal;-25,97998;-52,56345;2025-03-11 11:10:00.0;0,00
CORONEL VIVIDA;410650601A;PR;Prefeitura Municipal;-25,97998;-52,56345;2025-03-11 12:10:00.0;0,00
CORONEL VIVIDA;410650601A;PR;Prefeitura Municipal;-25,97998;-52,56345;2025-03-11 14:10:00.0;0,00
CORONEL VIVIDA;410650601A;PR;Prefeitura Municipal;-25,97998;-52,56345;2025-03-11 15:10:00.0;0,00
CORONEL VIVIDA;410650601A;PR;Prefeitura Municipal;-25,97998;-52,56345;2025-03-11 15:50:00.0;1,40
CORONEL VIVIDA;410650601A;PR;Prefeitura Municipal;-25,97998;-52,56345;2025-03-11 16:00:00.0;2,80
CORONEL VIVIDA;410650601A;PR;Prefeitura Municipal;-25,97998;-52,56345;2025-03-11 16:10:00.0;1,80
CORONEL VIVIDA;410650601A;PR;Prefeitura Municipal;-25,97998;-52,56345;2025-03-11 16:20:00.0;1,00
CORONEL VIVIDA;410650601A;PR;Prefeitura Municipal;-25,97998;-52,56345;2025-03-11 16:30:00.0;1,40
CORONEL VIVIDA;410650601A;PR;Prefeitura Municipal;-25,97998;-52,56345;2025-03-11 16:40:00.0;0,20
CORONEL VIVIDA;410650601A;PR;Prefeitura Municipal;-25,97998;-52,56345;2025-03-11 17:00:00.0;0,60
CORONEL VIVIDA;410650601A;PR;Prefeitura Municipal;-25,97998;-52,56345;2025-03-11 17:10:00.0;0,00
CORONEL VIVIDA;410650601A;PR;Prefeitura Municipal;-25,97998;-52,56345;2025-03-11 18:10:00.0;0,00
CORONEL VIVIDA;410650601A;PR;Prefeitura Municipal;-25,97998;-52,56345;2025-03-11 19:10:00.0;0,00
CORONEL VIVIDA;410650601A;PR;Prefeitura Municipal;-25,97998;-52,56345;2025-03-11 19:50:00.0;0,20
CORONEL VIVIDA;410650601A;PR;Prefeitura Municipal;-25,97998;-52,56345;2025-03-11 20:00:00.0;0,40
CORONEL VIVIDA;410650601A;PR;Prefeitura Municipal;-25,97998;-52,56345;2025-03-11 20:10:00.0;0,20
CORONEL VIVIDA;410650601A;PR;Prefeitura Municipal;-25,97998;-52,56345;2025-03-11 20:20:00.0;0,40
CORONEL VIVIDA;410650601A;PR;Prefeitura Municipal;-25,97998;-52,56345;2025-03-11 20:30:00.0;0,40
CORONEL VIVIDA;410650601A;PR;Prefeitura Municipal;-25,97998;-52,56345;2025-03-11 20:40:00.0;0,40
CORONEL VIVIDA;410650601A;PR;Prefeitura Municipal;-25,97998;-52,56345;2025-03-11 20:50:00.0;0,60
CORONEL VIVIDA;410650601A;PR;Prefeitura Municipal;-25,97998;-52,56345;2025-03-11 21:00:00.0;0,40
CORONEL VIVIDA;410650601A;PR;Prefeitura Municipal;-25,97998;-52,56345;2025-03-11 21:10:00.0;0,20
CORONEL VIVIDA;410650601A;PR;Prefeitura Municipal;-25,97998;-52,56345;2025-03-11 21:20:00.0;0,40
CORONEL VIVIDA;410650601A;PR;Prefeitura Municipal;-25,97998;-52,56345;2025-03-11 22:10:00.0;0,00
CORONEL VIVIDA;410650601A;PR;Prefeitura Municipal;-25,97998;-52,56345;2025-03-11 23:10:00.0;0,00
CORONEL VIVIDA;410650601A;PR;Prefeitura Municipal;-25,97998;-52,56345;2025-03-12 00:10:00.0;0,00
CORONEL VIVIDA;410650601A;PR;Prefeitura Municipal;-25,97998;-52,56345;2025-03-12 01:10:00.0;0,00
CORONEL VIVIDA;410650601A;PR;Prefeitura Municipal;-25,97998;-52,56345;2025-03-12 02:10:00.0;0,00
CORONEL VIVIDA;410650601A;PR;Prefeitura Municipal;-25,97998;-52,56345;2025-03-12 03:10:00.0;0,00
CORONEL VIVIDA;410650601A;PR;Prefeitura Municipal;-25,97998;-52,56345;2025-03-12 04:10:00.0;0,00
CORONEL VIVIDA;410650601A;PR;Prefeitura Municipal;-25,97998;-52,56345;2025-03-12 05:10:00.0;0,00
CORONEL VIVIDA;410650601A;PR;Prefeitura Municipal;-25,97998;-52,56345;2025-03-12 06:10:00.0;0,00
CORONEL VIVIDA;410650601A;PR;Prefeitura Municipal;-25,97998;-52,56345;2025-03-12 07:10:00.0;0,00
CORONEL VIVIDA;410650601A;PR;Prefeitura Municipal;-25,97998;-52,56345;2025-03-12 08:10:00.0;0,00
CORONEL VIVIDA;410650601A;PR;Prefeitura Municipal;-25,97998;-52,56345;2025-03-12 09:10:00.0;0,00
CORONEL VIVIDA;410650601A;PR;Prefeitura Municipal;-25,97998;-52,56345;2025-03-12 10:10:00.0;0,00
CORONEL VIVIDA;410650601A;PR;Prefeitura Municipal;-25,97998;-52,56345;2025-03-12 11:10:00.0;0,00
CORONEL VIVIDA;410650601A;PR;Prefeitura Municipal;-25,97998;-52,56345;2025-03-12 12:10:00.0;0,00
CORONEL VIVIDA;410650601A;PR;Prefeitura Municipal;-25,97998;-52,56345;2025-03-12 13:10:00.0;0,00
CORONEL VIVIDA;410650601A;PR;Prefeitura Municipal;-25,97998;-52,56345;2025-03-12 14:10:00.0;0,00
CORONEL VIVIDA;410650601A;PR;Prefeitura Municipal;-25,97998;-52,56345;2025-03-12 15:10:00.0;0,00
CORONEL VIVIDA;410650601A;PR;Prefeitura Municipal;-25,97998;-52,56345;2025-03-12 16:10:00.0;0,00
CORONEL VIVIDA;410650601A;PR;Prefeitura Municipal;-25,97998;-52,56345;2025-03-12 17:10:00.0;0,00
CORONEL VIVIDA;410650601A;PR;Prefeitura Municipal;-25,97998;-52,56345;2025-03-12 18:10:00.0;0,00
CORONEL VIVIDA;410650601A;PR;Prefeitura Municipal;-25,97998;-52,56345;2025-03-12 19:10:00.0;0,00
CORONEL VIVIDA;410650601A;PR;Prefeitura Municipal;-25,97998;-52,56345;2025-03-12 20:10:00.0;0,00
CORONEL VIVIDA;410650601A;PR;Prefeitura Municipal;-25,97998;-52,56345;2025-03-12 21:10:00.0;0,00
CORONEL VIVIDA;410650601A;PR;Prefeitura Municipal;-25,97998;-52,56345;2025-03-12 22:10:00.0;0,00
CORONEL VIVIDA;410650601A;PR;Prefeitura Municipal;-25,97998;-52,56345;2025-03-12 23:10:00.0;0,00
CORONEL VIVIDA;410650601A;PR;Prefeitura Municipal;-25,97998;-52,56345;2025-03-13 00:10:00.0;0,00
CORONEL VIVIDA;410650601A;PR;Prefeitura Municipal;-25,97998;-52,56345;2025-03-13 01:10:00.0;0,00
CORONEL VIVIDA;410650601A;PR;Prefeitura Municipal;-25,97998;-52,56345;2025-03-13 02:10:00.0;0,00
CORONEL VIVIDA;410650601A;PR;Prefeitura Municipal;-25,97998;-52,56345;2025-03-13 03:10:00.0;0,00
CORONEL VIVIDA;410650601A;PR;Prefeitura Municipal;-25,97998;-52,56345;2025-03-13 04:10:00.0;0,00
CORONEL VIVIDA;410650601A;PR;Prefeitura Municipal;-25,97998;-52,56345;2025-03-13 05:10:00.0;0,00
CORONEL VIVIDA;410650601A;PR;Prefeitura Municipal;-25,97998;-52,56345;2025-03-13 06:10:00.0;0,00
CORONEL VIVIDA;410650601A;PR;Prefeitura Municipal;-25,97998;-52,56345;2025-03-13 07:10:00.0;0,00
CORONEL VIVIDA;410650601A;PR;Prefeitura Municipal;-25,97998;-52,56345;2025-03-13 08:10:00.0;0,00
CORONEL VIVIDA;410650601A;PR;Prefeitura Municipal;-25,97998;-52,56345;2025-03-13 09:10:00.0;0,00
CORONEL VIVIDA;410650601A;PR;Prefeitura Municipal;-25,97998;-52,56345;2025-03-13 10:10:00.0;0,00
CORONEL VIVIDA;410650601A;PR;Prefeitura Municipal;-25,97998;-52,56345;2025-03-13 11:10:00.0;0,00
CORONEL VIVIDA;410650601A;PR;Prefeitura Municipal;-25,97998;-52,56345;2025-03-13 12:10:00.0;0,00
CORONEL VIVIDA;410650601A;PR;Prefeitura Municipal;-25,97998;-52,56345;2025-03-13 13:10:00.0;0,00
CORONEL VIVIDA;410650601A;PR;Prefeitura Municipal;-25,97998;-52,56345;2025-03-13 14:10:00.0;0,00
CORONEL VIVIDA;410650601A;PR;Prefeitura Municipal;-25,97998;-52,56345;2025-03-13 15:10:00.0;0,00
CORONEL VIVIDA;410650601A;PR;Prefeitura Municipal;-25,97998;-52,56345;2025-03-13 16:10:00.0;0,00
CORONEL VIVIDA;410650601A;PR;Prefeitura Municipal;-25,97998;-52,56345;2025-03-13 17:10:00.0;0,00
CORONEL VIVIDA;410650601A;PR;Prefeitura Municipal;-25,97998;-52,56345;2025-03-13 18:10:00.0;0,00
CORONEL VIVIDA;410650601A;PR;Prefeitura Municipal;-25,97998;-52,56345;2025-03-13 19:10:00.0;0,00
CORONEL VIVIDA;410650601A;PR;Prefeitura Municipal;-25,97998;-52,56345;2025-03-13 20:10:00.0;0,00
CORONEL VIVIDA;410650601A;PR;Prefeitura Municipal;-25,97998;-52,56345;2025-03-13 21:10:00.0;0,00
CORONEL VIVIDA;410650601A;PR;Prefeitura Municipal;-25,97998;-52,56345;2025-03-13 22:10:00.0;0,00
CORONEL VIVIDA;410650601A;PR;Prefeitura Municipal;-25,97998;-52,56345;2025-03-13 23:10:00.0;0,00
CORONEL VIVIDA;410650601A;PR;Prefeitura Municipal;-25,97998;-52,56345;2025-03-14 00:10:00.0;0,00
CORONEL VIVIDA;410650601A;PR;Prefeitura Municipal;-25,97998;-52,56345;2025-03-14 01:10:00.0;0,00
CORONEL VIVIDA;410650601A;PR;Prefeitura Municipal;-25,97998;-52,56345;2025-03-14 02:10:00.0;0,00
CORONEL VIVIDA;410650601A;PR;Prefeitura Municipal;-25,97998;-52,56345;2025-03-14 03:10:00.0;0,00
CORONEL VIVIDA;410650601A;PR;Prefeitura Municipal;-25,97998;-52,56345;2025-03-14 04:10:00.0;0,00
CORONEL VIVIDA;410650601A;PR;Prefeitura Municipal;-25,97998;-52,56345;2025-03-14 05:10:00.0;0,00
CORONEL VIVIDA;410650601A;PR;Prefeitura Municipal;-25,97998;-52,56345;2025-03-14 06:10:00.0;0,00
CORONEL VIVIDA;410650601A;PR;Prefeitura Municipal;-25,97998;-52,56345;2025-03-14 07:10:00.0;0,00
CORONEL VIVIDA;410650601A;PR;Prefeitura Municipal;-25,97998;-52,56345;2025-03-14 08:10:00.0;0,00
CORONEL VIVIDA;410650601A;PR;Prefeitura Municipal;-25,97998;-52,56345;2025-03-14 09:10:00.0;0,00
CORONEL VIVIDA;410650601A;PR;Prefeitura Municipal;-25,97998;-52,56345;2025-03-14 10:10:00.0;0,00
CORONEL VIVIDA;410650601A;PR;Prefeitura Municipal;-25,97998;-52,56345;2025-03-14 11:10:00.0;0,00
CORONEL VIVIDA;410650601A;PR;Prefeitura Municipal;-25,97998;-52,56345;2025-03-14 12:10:00.0;0,00
CORONEL VIVIDA;410650601A;PR;Prefeitura Municipal;-25,97998;-52,56345;2025-03-14 13:10:00.0;0,00
CORONEL VIVIDA;410650601A;PR;Prefeitura Municipal;-25,97998;-52,56345;2025-03-14 14:10:00.0;0,00
CORONEL VIVIDA;410650601A;PR;Prefeitura Municipal;-25,97998;-52,56345;2025-03-14 15:10:00.0;0,00
CORONEL VIVIDA;410650601A;PR;Prefeitura Municipal;-25,97998;-52,56345;2025-03-14 16:10:00.0;0,00
CORONEL VIVIDA;410650601A;PR;Prefeitura Municipal;-25,97998;-52,56345;2025-03-14 17:10:00.0;0,00
CORONEL VIVIDA;410650601A;PR;Prefeitura Municipal;-25,97998;-52,56345;2025-03-14 18:10:00.0;0,00
CORONEL VIVIDA;410650601A;PR;Prefeitura Municipal;-25,97998;-52,56345;2025-03-14 19:10:00.0;0,00
CORONEL VIVIDA;410650601A;PR;Prefeitura Municipal;-25,97998;-52,56345;2025-03-14 20:10:00.0;0,00
CORONEL VIVIDA;410650601A;PR;Prefeitura Municipal;-25,97998;-52,56345;2025-03-14 21:10:00.0;0,00
CORONEL VIVIDA;410650601A;PR;Prefeitura Municipal;-25,97998;-52,56345;2025-03-14 22:10:00.0;0,00
CORONEL VIVIDA;410650601A;PR;Prefeitura Municipal;-25,97998;-52,56345;2025-03-14 23:10:00.0;0,00
CORONEL VIVIDA;410650601A;PR;Prefeitura Municipal;-25,97998;-52,56345;2025-03-15 00:10:00.0;0,00
CORONEL VIVIDA;410650601A;PR;Prefeitura Municipal;-25,97998;-52,56345;2025-03-15 01:10:00.0;0,00
CORONEL VIVIDA;410650601A;PR;Prefeitura Municipal;-25,97998;-52,56345;2025-03-15 02:10:00.0;0,00
CORONEL VIVIDA;410650601A;PR;Prefeitura Municipal;-25,97998;-52,56345;2025-03-15 03:10:00.0;0,00
CORONEL VIVIDA;410650601A;PR;Prefeitura Municipal;-25,97998;-52,56345;2025-03-15 04:10:00.0;0,00
CORONEL VIVIDA;410650601A;PR;Prefeitura Municipal;-25,97998;-52,56345;2025-03-15 05:10:00.0;0,00
CORONEL VIVIDA;410650601A;PR;Prefeitura Municipal;-25,97998;-52,56345;2025-03-15 06:10:00.0;0,00
CORONEL VIVIDA;410650601A;PR;Prefeitura Municipal;-25,97998;-52,56345;2025-03-15 07:10:00.0;0,00
CORONEL VIVIDA;410650601A;PR;Prefeitura Municipal;-25,97998;-52,56345;2025-03-15 08:10:00.0;0,00
CORONEL VIVIDA;410650601A;PR;Prefeitura Municipal;-25,97998;-52,56345;2025-03-15 09:10:00.0;0,00
CORONEL VIVIDA;410650601A;PR;Prefeitura Municipal;-25,97998;-52,56345;2025-03-15 10:10:00.0;0,00
CORONEL VIVIDA;410650601A;PR;Prefeitura Municipal;-25,97998;-52,56345;2025-03-15 11:10:00.0;0,00
CORONEL VIVIDA;410650601A;PR;Prefeitura Municipal;-25,97998;-52,56345;2025-03-15 12:10:00.0;0,00
CORONEL VIVIDA;410650601A;PR;Prefeitura Municipal;-25,97998;-52,56345;2025-03-15 13:10:00.0;0,00
CORONEL VIVIDA;410650601A;PR;Prefeitura Municipal;-25,97998;-52,56345;2025-03-15 14:10:00.0;0,00
CORONEL VIVIDA;410650601A;PR;Prefeitura Municipal;-25,97998;-52,56345;2025-03-15 15:10:00.0;0,00
CORONEL VIVIDA;410650601A;PR;Prefeitura Municipal;-25,97998;-52,56345;2025-03-15 16:10:00.0;0,00
CORONEL VIVIDA;410650601A;PR;Prefeitura Municipal;-25,97998;-52,56345;2025-03-15 16:30:00.0;0,40
CORONEL VIVIDA;410650601A;PR;Prefeitura Municipal;-25,97998;-52,56345;2025-03-15 16:40:00.0;0,60
CORONEL VIVIDA;410650601A;PR;Prefeitura Municipal;-25,97998;-52,56345;2025-03-15 16:50:00.0;0,40
CORONEL VIVIDA;410650601A;PR;Prefeitura Municipal;-25,97998;-52,56345;2025-03-15 17:10:00.0;0,00
CORONEL VIVIDA;410650601A;PR;Prefeitura Municipal;-25,97998;-52,56345;2025-03-15 17:30:00.0;0,20
CORONEL VIVIDA;410650601A;PR;Prefeitura Municipal;-25,97998;-52,56345;2025-03-15 17:40:00.0;0,40
CORONEL VIVIDA;410650601A;PR;Prefeitura Municipal;-25,97998;-52,56345;2025-03-15 18:10:00.0;0,00
CORONEL VIVIDA;410650601A;PR;Prefeitura Municipal;-25,97998;-52,56345;2025-03-15 19:10:00.0;0,00
CORONEL VIVIDA;410650601A;PR;Prefeitura Municipal;-25,97998;-52,56345;2025-03-15 20:10:00.0;0,00
CORONEL VIVIDA;410650601A;PR;Prefeitura Municipal;-25,97998;-52,56345;2025-03-15 21:10:00.0;0,00
CORONEL VIVIDA;410650601A;PR;Prefeitura Municipal;-25,97998;-52,56345;2025-03-15 22:10:00.0;0,00
CORONEL VIVIDA;410650601A;PR;Prefeitura Municipal;-25,97998;-52,56345;2025-03-15 23:10:00.0;0,00
CORONEL VIVIDA;410650601A;PR;Prefeitura Municipal;-25,97998;-52,56345;2025-03-16 00:10:00.0;0,00
CORONEL VIVIDA;410650601A;PR;Prefeitura Municipal;-25,97998;-52,56345;2025-03-16 01:10:00.0;0,00
CORONEL VIVIDA;410650601A;PR;Prefeitura Municipal;-25,97998;-52,56345;2025-03-16 02:10:00.0;0,00
CORONEL VIVIDA;410650601A;PR;Prefeitura Municipal;-25,97998;-52,56345;2025-03-16 03:10:00.0;0,00
CORONEL VIVIDA;410650601A;PR;Prefeitura Municipal;-25,97998;-52,56345;2025-03-16 04:10:00.0;0,00
CORONEL VIVIDA;410650601A;PR;Prefeitura Municipal;-25,97998;-52,56345;2025-03-16 05:10:00.0;0,00
CORONEL VIVIDA;410650601A;PR;Prefeitura Municipal;-25,97998;-52,56345;2025-03-16 06:10:00.0;0,00
CORONEL VIVIDA;410650601A;PR;Prefeitura Municipal;-25,97998;-52,56345;2025-03-16 07:10:00.0;0,00
CORONEL VIVIDA;410650601A;PR;Prefeitura Municipal;-25,97998;-52,56345;2025-03-16 08:10:00.0;0,00
CORONEL VIVIDA;410650601A;PR;Prefeitura Municipal;-25,97998;-52,56345;2025-03-16 09:10:00.0;0,00
CORONEL VIVIDA;410650601A;PR;Prefeitura Municipal;-25,97998;-52,56345;2025-03-16 10:10:00.0;0,00
CORONEL VIVIDA;410650601A;PR;Prefeitura Municipal;-25,97998;-52,56345;2025-03-16 11:10:00.0;0,00
CORONEL VIVIDA;410650601A;PR;Prefeitura Municipal;-25,97998;-52,56345;2025-03-16 12:10:00.0;0,00
CORONEL VIVIDA;410650601A;PR;Prefeitura Municipal;-25,97998;-52,56345;2025-03-16 13:10:00.0;0,00
CORONEL VIVIDA;410650601A;PR;Prefeitura Municipal;-25,97998;-52,56345;2025-03-16 14:10:00.0;0,00
CORONEL VIVIDA;410650601A;PR;Prefeitura Municipal;-25,97998;-52,56345;2025-03-16 15:10:00.0;0,00
CORONEL VIVIDA;410650601A;PR;Prefeitura Municipal;-25,97998;-52,56345;2025-03-16 16:10:00.0;0,00
CORONEL VIVIDA;410650601A;PR;Prefeitura Municipal;-25,97998;-52,56345;2025-03-16 17:10:00.0;0,00
CORONEL VIVIDA;410650601A;PR;Prefeitura Municipal;-25,97998;-52,56345;2025-03-16 18:10:00.0;0,00
CORONEL VIVIDA;410650601A;PR;Prefeitura Municipal;-25,97998;-52,56345;2025-03-16 20:10:00.0;0,00
CORONEL VIVIDA;410650601A;PR;Prefeitura Municipal;-25,97998;-52,56345;2025-03-16 21:10:00.0;0,00
CORONEL VIVIDA;410650601A;PR;Prefeitura Municipal;-25,97998;-52,56345;2025-03-16 22:10:00.0;0,00
CORONEL VIVIDA;410650601A;PR;Prefeitura Municipal;-25,97998;-52,56345;2025-03-16 23:10:00.0;0,00
CORONEL VIVIDA;410650601A;PR;Prefeitura Municipal;-25,97998;-52,56345;2025-03-17 00:10:00.0;0,00
CORONEL VIVIDA;410650601A;PR;Prefeitura Municipal;-25,97998;-52,56345;2025-03-17 01:10:00.0;0,00
CORONEL VIVIDA;410650601A;PR;Prefeitura Municipal;-25,97998;-52,56345;2025-03-17 02:10:00.0;0,00
CORONEL VIVIDA;410650601A;PR;Prefeitura Municipal;-25,97998;-52,56345;2025-03-17 03:10:00.0;0,00
CORONEL VIVIDA;410650601A;PR;Prefeitura Municipal;-25,97998;-52,56345;2025-03-17 04:10:00.0;0,00
CORONEL VIVIDA;410650601A;PR;Prefeitura Municipal;-25,97998;-52,56345;2025-03-17 05:10:00.0;0,00
CORONEL VIVIDA;410650601A;PR;Prefeitura Municipal;-25,97998;-52,56345;2025-03-17 06:10:00.0;0,00
CORONEL VIVIDA;410650601A;PR;Prefeitura Municipal;-25,97998;-52,56345;2025-03-17 07:10:00.0;0,00
CORONEL VIVIDA;410650601A;PR;Prefeitura Municipal;-25,97998;-52,56345;2025-03-17 08:10:00.0;0,00
CORONEL VIVIDA;410650601A;PR;Prefeitura Municipal;-25,97998;-52,56345;2025-03-17 09:10:00.0;0,00
CORONEL VIVIDA;410650601A;PR;Prefeitura Municipal;-25,97998;-52,56345;2025-03-17 10:10:00.0;0,00
CORONEL VIVIDA;410650601A;PR;Prefeitura Municipal;-25,97998;-52,56345;2025-03-17 11:10:00.0;0,00
CORONEL VIVIDA;410650601A;PR;Prefeitura Municipal;-25,97998;-52,56345;2025-03-17 12:10:00.0;0,00
CORONEL VIVIDA;410650601A;PR;Prefeitura Municipal;-25,97998;-52,56345;2025-03-17 13:10:00.0;0,00
CORONEL VIVIDA;410650601A;PR;Prefeitura Municipal;-25,97998;-52,56345;2025-03-17 14:10:00.0;0,00
CORONEL VIVIDA;410650601A;PR;Prefeitura Municipal;-25,97998;-52,56345;2025-03-17 15:10:00.0;0,00
CORONEL VIVIDA;410650601A;PR;Prefeitura Municipal;-25,97998;-52,56345;2025-03-17 16:10:00.0;0,00
CORONEL VIVIDA;410650601A;PR;Prefeitura Municipal;-25,97998;-52,56345;2025-03-17 17:10:00.0;0,00
CORONEL VIVIDA;410650601A;PR;Prefeitura Municipal;-25,97998;-52,56345;2025-03-17 18:10:00.0;0,00
CORONEL VIVIDA;410650601A;PR;Prefeitura Municipal;-25,97998;-52,56345;2025-03-17 19:10:00.0;0,00
CORONEL VIVIDA;410650601A;PR;Prefeitura Municipal;-25,97998;-52,56345;2025-03-17 20:10:00.0;0,00
CORONEL VIVIDA;410650601A;PR;Prefeitura Municipal;-25,97998;-52,56345;2025-03-17 21:10:00.0;0,00
CORONEL VIVIDA;410650601A;PR;Prefeitura Municipal;-25,97998;-52,56345;2025-03-17 22:10:00.0;0,00
CORONEL VIVIDA;410650601A;PR;Prefeitura Municipal;-25,97998;-52,56345;2025-03-17 23:10:00.0;0,00
CORONEL VIVIDA;410650601A;PR;Prefeitura Municipal;-25,97998;-52,56345;2025-03-18 00:10:00.0;0,00
CORONEL VIVIDA;410650601A;PR;Prefeitura Municipal;-25,97998;-52,56345;2025-03-18 01:10:00.0;0,00
CORONEL VIVIDA;410650601A;PR;Prefeitura Municipal;-25,97998;-52,56345;2025-03-18 02:10:00.0;0,00
CORONEL VIVIDA;410650601A;PR;Prefeitura Municipal;-25,97998;-52,56345;2025-03-18 03:10:00.0;0,00
CORONEL VIVIDA;410650601A;PR;Prefeitura Municipal;-25,97998;-52,56345;2025-03-18 04:10:00.0;0,00
CORONEL VIVIDA;410650601A;PR;Prefeitura Municipal;-25,97998;-52,56345;2025-03-18 05:10:00.0;0,00
CORONEL VIVIDA;410650601A;PR;Prefeitura Municipal;-25,97998;-52,56345;2025-03-18 06:10:00.0;0,00
CORONEL VIVIDA;410650601A;PR;Prefeitura Municipal;-25,97998;-52,56345;2025-03-18 07:10:00.0;0,00
CORONEL VIVIDA;410650601A;PR;Prefeitura Municipal;-25,97998;-52,56345;2025-03-18 08:10:00.0;0,00
CORONEL VIVIDA;410650601A;PR;Prefeitura Municipal;-25,97998;-52,56345;2025-03-18 09:10:00.0;0,00
CORONEL VIVIDA;410650601A;PR;Prefeitura Municipal;-25,97998;-52,56345;2025-03-18 10:10:00.0;0,00
CORONEL VIVIDA;410650601A;PR;Prefeitura Municipal;-25,97998;-52,56345;2025-03-18 11:10:00.0;0,00
CORONEL VIVIDA;410650601A;PR;Prefeitura Municipal;-25,97998;-52,56345;2025-03-18 12:10:00.0;0,00
CORONEL VIVIDA;410650601A;PR;Prefeitura Municipal;-25,97998;-52,56345;2025-03-18 13:10:00.0;0,00
CORONEL VIVIDA;410650601A;PR;Prefeitura Municipal;-25,97998;-52,56345;2025-03-18 14:10:00.0;0,00
CORONEL VIVIDA;410650601A;PR;Prefeitura Municipal;-25,97998;-52,56345;2025-03-18 15:10:00.0;0,00
CORONEL VIVIDA;410650601A;PR;Prefeitura Municipal;-25,97998;-52,56345;2025-03-18 16:10:00.0;0,00
CORONEL VIVIDA;410650601A;PR;Prefeitura Municipal;-25,97998;-52,56345;2025-03-18 17:10:00.0;0,00
CORONEL VIVIDA;410650601A;PR;Prefeitura Municipal;-25,97998;-52,56345;2025-03-18 18:10:00.0;0,00
CORONEL VIVIDA;410650601A;PR;Prefeitura Municipal;-25,97998;-52,56345;2025-03-18 19:10:00.0;0,00
CORONEL VIVIDA;410650601A;PR;Prefeitura Municipal;-25,97998;-52,56345;2025-03-18 20:10:00.0;0,00
CORONEL VIVIDA;410650601A;PR;Prefeitura Municipal;-25,97998;-52,56345;2025-03-18 21:10:00.0;0,00
CORONEL VIVIDA;410650601A;PR;Prefeitura Municipal;-25,97998;-52,56345;2025-03-18 22:10:00.0;0,00
CORONEL VIVIDA;410650601A;PR;Prefeitura Municipal;-25,97998;-52,56345;2025-03-18 23:10:00.0;0,00
CORONEL VIVIDA;410650601A;PR;Prefeitura Municipal;-25,97998;-52,56345;2025-03-19 00:10:00.0;0,00
CORONEL VIVIDA;410650601A;PR;Prefeitura Municipal;-25,97998;-52,56345;2025-03-19 01:10:00.0;0,00
CORONEL VIVIDA;410650601A;PR;Prefeitura Municipal;-25,97998;-52,56345;2025-03-19 02:10:00.0;0,00
CORONEL VIVIDA;410650601A;PR;Prefeitura Municipal;-25,97998;-52,56345;2025-03-19 03:10:00.0;0,00
CORONEL VIVIDA;410650601A;PR;Prefeitura Municipal;-25,97998;-52,56345;2025-03-19 04:10:00.0;0,00
CORONEL VIVIDA;410650601A;PR;Prefeitura Municipal;-25,97998;-52,56345;2025-03-19 05:10:00.0;0,00
CORONEL VIVIDA;410650601A;PR;Prefeitura Municipal;-25,97998;-52,56345;2025-03-19 06:10:00.0;0,00
CORONEL VIVIDA;410650601A;PR;Prefeitura Municipal;-25,97998;-52,56345;2025-03-19 07:10:00.0;0,00
CORONEL VIVIDA;410650601A;PR;Prefeitura Municipal;-25,97998;-52,56345;2025-03-19 08:10:00.0;0,00
CORONEL VIVIDA;410650601A;PR;Prefeitura Municipal;-25,97998;-52,56345;2025-03-19 09:10:00.0;0,00
CORONEL VIVIDA;410650601A;PR;Prefeitura Municipal;-25,97998;-52,56345;2025-03-19 10:10:00.0;0,00
CORONEL VIVIDA;410650601A;PR;Prefeitura Municipal;-25,97998;-52,56345;2025-03-19 11:10:00.0;0,00
CORONEL VIVIDA;410650601A;PR;Prefeitura Municipal;-25,97998;-52,56345;2025-03-19 12:10:00.0;0,00
CORONEL VIVIDA;410650601A;PR;Prefeitura Municipal;-25,97998;-52,56345;2025-03-19 13:10:00.0;0,00
CORONEL VIVIDA;410650601A;PR;Prefeitura Municipal;-25,97998;-52,56345;2025-03-19 14:10:00.0;0,00
CORONEL VIVIDA;410650601A;PR;Prefeitura Municipal;-25,97998;-52,56345;2025-03-19 15:10:00.0;0,00
CORONEL VIVIDA;410650601A;PR;Prefeitura Municipal;-25,97998;-52,56345;2025-03-19 16:10:00.0;0,00
CORONEL VIVIDA;410650601A;PR;Prefeitura Municipal;-25,97998;-52,56345;2025-03-19 17:10:00.0;0,00
CORONEL VIVIDA;410650601A;PR;Prefeitura Municipal;-25,97998;-52,56345;2025-03-19 18:10:00.0;0,00
CORONEL VIVIDA;410650601A;PR;Prefeitura Municipal;-25,97998;-52,56345;2025-03-19 19:10:00.0;0,00
CORONEL VIVIDA;410650601A;PR;Prefeitura Municipal;-25,97998;-52,56345;2025-03-19 20:10:00.0;0,00
CORONEL VIVIDA;410650601A;PR;Prefeitura Municipal;-25,97998;-52,56345;2025-03-19 21:10:00.0;0,00
CORONEL VIVIDA;410650601A;PR;Prefeitura Municipal;-25,97998;-52,56345;2025-03-19 22:10:00.0;0,00
CORONEL VIVIDA;410650601A;PR;Prefeitura Municipal;-25,97998;-52,56345;2025-03-19 23:10:00.0;0,00
CORONEL VIVIDA;410650601A;PR;Prefeitura Municipal;-25,97998;-52,56345;2025-03-20 00:10:00.0;0,00
CORONEL VIVIDA;410650601A;PR;Prefeitura Municipal;-25,97998;-52,56345;2025-03-20 01:10:00.0;0,00
CORONEL VIVIDA;410650601A;PR;Prefeitura Municipal;-25,97998;-52,56345;2025-03-20 02:10:00.0;0,00
CORONEL VIVIDA;410650601A;PR;Prefeitura Municipal;-25,97998;-52,56345;2025-03-20 03:10:00.0;0,00
CORONEL VIVIDA;410650601A;PR;Prefeitura Municipal;-25,97998;-52,56345;2025-03-20 04:10:00.0;0,00
CORONEL VIVIDA;410650601A;PR;Prefeitura Municipal;-25,97998;-52,56345;2025-03-20 05:10:00.0;0,00
CORONEL VIVIDA;410650601A;PR;Prefeitura Municipal;-25,97998;-52,56345;2025-03-20 06:10:00.0;0,00
CORONEL VIVIDA;410650601A;PR;Prefeitura Municipal;-25,97998;-52,56345;2025-03-20 07:10:00.0;0,00
CORONEL VIVIDA;410650601A;PR;Prefeitura Municipal;-25,97998;-52,56345;2025-03-20 08:10:00.0;0,00
CORONEL VIVIDA;410650601A;PR;Prefeitura Municipal;-25,97998;-52,56345;2025-03-20 09:10:00.0;0,00
CORONEL VIVIDA;410650601A;PR;Prefeitura Municipal;-25,97998;-52,56345;2025-03-20 10:10:00.0;0,00
CORONEL VIVIDA;410650601A;PR;Prefeitura Municipal;-25,97998;-52,56345;2025-03-20 11:10:00.0;0,00
CORONEL VIVIDA;410650601A;PR;Prefeitura Municipal;-25,97998;-52,56345;2025-03-20 12:10:00.0;0,00
CORONEL VIVIDA;410650601A;PR;Prefeitura Municipal;-25,97998;-52,56345;2025-03-20 13:10:00.0;0,00
CORONEL VIVIDA;410650601A;PR;Prefeitura Municipal;-25,97998;-52,56345;2025-03-20 14:10:00.0;0,00
CORONEL VIVIDA;410650601A;PR;Prefeitura Municipal;-25,97998;-52,56345;2025-03-20 15:10:00.0;0,00
CORONEL VIVIDA;410650601A;PR;Prefeitura Municipal;-25,97998;-52,56345;2025-03-20 16:10:00.0;0,00
CORONEL VIVIDA;410650601A;PR;Prefeitura Municipal;-25,97998;-52,56345;2025-03-20 17:10:00.0;0,00
CORONEL VIVIDA;410650601A;PR;Prefeitura Municipal;-25,97998;-52,56345;2025-03-20 18:10:00.0;0,00
CORONEL VIVIDA;410650601A;PR;Prefeitura Municipal;-25,97998;-52,56345;2025-03-20 19:10:00.0;0,00
CORONEL VIVIDA;410650601A;PR;Prefeitura Municipal;-25,97998;-52,56345;2025-03-20 20:10:00.0;0,00
CORONEL VIVIDA;410650601A;PR;Prefeitura Municipal;-25,97998;-52,56345;2025-03-20 21:10:00.0;0,00
CORONEL VIVIDA;410650601A;PR;Prefeitura Municipal;-25,97998;-52,56345;2025-03-20 22:10:00.0;0,00
CORONEL VIVIDA;410650601A;PR;Prefeitura Municipal;-25,97998;-52,56345;2025-03-20 23:10:00.0;0,00
CORONEL VIVIDA;410650601A;PR;Prefeitura Municipal;-25,97998;-52,56345;2025-03-21 00:10:00.0;0,00
CORONEL VIVIDA;410650601A;PR;Prefeitura Municipal;-25,97998;-52,56345;2025-03-21 01:10:00.0;0,00
CORONEL VIVIDA;410650601A;PR;Prefeitura Municipal;-25,97998;-52,56345;2025-03-21 02:10:00.0;0,00
CORONEL VIVIDA;410650601A;PR;Prefeitura Municipal;-25,97998;-52,56345;2025-03-21 03:10:00.0;0,00
CORONEL VIVIDA;410650601A;PR;Prefeitura Municipal;-25,97998;-52,56345;2025-03-21 04:10:00.0;0,00
CORONEL VIVIDA;410650601A;PR;Prefeitura Municipal;-25,97998;-52,56345;2025-03-21 05:10:00.0;0,00
CORONEL VIVIDA;410650601A;PR;Prefeitura Municipal;-25,97998;-52,56345;2025-03-21 06:10:00.0;0,00
CORONEL VIVIDA;410650601A;PR;Prefeitura Municipal;-25,97998;-52,56345;2025-03-21 07:10:00.0;0,00
CORONEL VIVIDA;410650601A;PR;Prefeitura Municipal;-25,97998;-52,56345;2025-03-21 08:10:00.0;0,00
CORONEL VIVIDA;410650601A;PR;Prefeitura Municipal;-25,97998;-52,56345;2025-03-21 09:10:00.0;0,00
CORONEL VIVIDA;410650601A;PR;Prefeitura Municipal;-25,97998;-52,56345;2025-03-21 10:10:00.0;0,00
CORONEL VIVIDA;410650601A;PR;Prefeitura Municipal;-25,97998;-52,56345;2025-03-21 11:10:00.0;0,00
CORONEL VIVIDA;410650601A;PR;Prefeitura Municipal;-25,97998;-52,56345;2025-03-21 12:10:00.0;0,00
CORONEL VIVIDA;410650601A;PR;Prefeitura Municipal;-25,97998;-52,56345;2025-03-21 13:10:00.0;0,00
CORONEL VIVIDA;410650601A;PR;Prefeitura Municipal;-25,97998;-52,56345;2025-03-21 14:10:00.0;0,00
CORONEL VIVIDA;410650601A;PR;Prefeitura Municipal;-25,97998;-52,56345;2025-03-21 15:10:00.0;0,00
CORONEL VIVIDA;410650601A;PR;Prefeitura Municipal;-25,97998;-52,56345;2025-03-21 16:10:00.0;0,00
CORONEL VIVIDA;410650601A;PR;Prefeitura Municipal;-25,97998;-52,56345;2025-03-21 17:10:00.0;0,00
CORONEL VIVIDA;410650601A;PR;Prefeitura Municipal;-25,97998;-52,56345;2025-03-21 18:10:00.0;0,00
CORONEL VIVIDA;410650601A;PR;Prefeitura Municipal;-25,97998;-52,56345;2025-03-21 19:10:00.0;0,00
CORONEL VIVIDA;410650601A;PR;Prefeitura Municipal;-25,97998;-52,56345;2025-03-21 20:10:00.0;0,00
CORONEL VIVIDA;410650601A;PR;Prefeitura Municipal;-25,97998;-52,56345;2025-03-21 21:10:00.0;0,00
CORONEL VIVIDA;410650601A;PR;Prefeitura Municipal;-25,97998;-52,56345;2025-03-21 22:10:00.0;0,00
CORONEL VIVIDA;410650601A;PR;Prefeitura Municipal;-25,97998;-52,56345;2025-03-21 23:10:00.0;0,00
CORONEL VIVIDA;410650601A;PR;Prefeitura Municipal;-25,97998;-52,56345;2025-03-22 00:10:00.0;0,00
CORONEL VIVIDA;410650601A;PR;Prefeitura Municipal;-25,97998;-52,56345;2025-03-22 01:10:00.0;0,00
CORONEL VIVIDA;410650601A;PR;Prefeitura Municipal;-25,97998;-52,56345;2025-03-22 02:10:00.0;0,00
CORONEL VIVIDA;410650601A;PR;Prefeitura Municipal;-25,97998;-52,56345;2025-03-22 03:10:00.0;0,00
CORONEL VIVIDA;410650601A;PR;Prefeitura Municipal;-25,97998;-52,56345;2025-03-22 08:00:00.0;0,00
CORONEL VIVIDA;410650601A;PR;Prefeitura Municipal;-25,97998;-52,56345;2025-03-22 08:10:00.0;0,00
CORONEL VIVIDA;410650601A;PR;Prefeitura Municipal;-25,97998;-52,56345;2025-03-22 09:10:00.0;0,00
CORONEL VIVIDA;410650601A;PR;Prefeitura Municipal;-25,97998;-52,56345;2025-03-22 10:10:00.0;0,00
CORONEL VIVIDA;410650601A;PR;Prefeitura Municipal;-25,97998;-52,56345;2025-03-22 11:10:00.0;0,00
CORONEL VIVIDA;410650601A;PR;Prefeitura Municipal;-25,97998;-52,56345;2025-03-22 12:10:00.0;0,00
CORONEL VIVIDA;410650601A;PR;Prefeitura Municipal;-25,97998;-52,56345;2025-03-22 13:10:00.0;0,00
CORONEL VIVIDA;410650601A;PR;Prefeitura Municipal;-25,97998;-52,56345;2025-03-22 14:10:00.0;0,00
CORONEL VIVIDA;410650601A;PR;Prefeitura Municipal;-25,97998;-52,56345;2025-03-22 15:10:00.0;0,00
CORONEL VIVIDA;410650601A;PR;Prefeitura Municipal;-25,97998;-52,56345;2025-03-22 16:10:00.0;0,00
CORONEL VIVIDA;410650601A;PR;Prefeitura Municipal;-25,97998;-52,56345;2025-03-22 17:10:00.0;0,00
CORONEL VIVIDA;410650601A;PR;Prefeitura Municipal;-25,97998;-52,56345;2025-03-22 18:10:00.0;0,00
CORONEL VIVIDA;410650601A;PR;Prefeitura Municipal;-25,97998;-52,56345;2025-03-22 19:10:00.0;0,00
CORONEL VIVIDA;410650601A;PR;Prefeitura Municipal;-25,97998;-52,56345;2025-03-22 20:10:00.0;0,00
CORONEL VIVIDA;410650601A;PR;Prefeitura Municipal;-25,97998;-52,56345;2025-03-22 21:10:00.0;0,00
CORONEL VIVIDA;410650601A;PR;Prefeitura Municipal;-25,97998;-52,56345;2025-03-22 22:10:00.0;0,00
CORONEL VIVIDA;410650601A;PR;Prefeitura Municipal;-25,97998;-52,56345;2025-03-22 23:10:00.0;0,00
CORONEL VIVIDA;410650601A;PR;Prefeitura Municipal;-25,97998;-52,56345;2025-03-23 00:10:00.0;0,00
CORONEL VIVIDA;410650601A;PR;Prefeitura Municipal;-25,97998;-52,56345;2025-03-23 01:10:00.0;0,00
CORONEL VIVIDA;410650601A;PR;Prefeitura Municipal;-25,97998;-52,56345;2025-03-23 02:10:00.0;0,00
CORONEL VIVIDA;410650601A;PR;Prefeitura Municipal;-25,97998;-52,56345;2025-03-23 03:10:00.0;0,00
CORONEL VIVIDA;410650601A;PR;Prefeitura Municipal;-25,97998;-52,56345;2025-03-23 04:10:00.0;0,00
CORONEL VIVIDA;410650601A;PR;Prefeitura Municipal;-25,97998;-52,56345;2025-03-23 05:10:00.0;0,00
CORONEL VIVIDA;410650601A;PR;Prefeitura Municipal;-25,97998;-52,56345;2025-03-23 06:10:00.0;0,00
CORONEL VIVIDA;410650601A;PR;Prefeitura Municipal;-25,97998;-52,56345;2025-03-23 07:10:00.0;0,00
CORONEL VIVIDA;410650601A;PR;Prefeitura Municipal;-25,97998;-52,56345;2025-03-23 08:10:00.0;0,00
CORONEL VIVIDA;410650601A;PR;Prefeitura Municipal;-25,97998;-52,56345;2025-03-23 09:30:00.0;1,80
CORONEL VIVIDA;410650601A;PR;Prefeitura Municipal;-25,97998;-52,56345;2025-03-23 09:40:00.0;0,20
CORONEL VIVIDA;410650601A;PR;Prefeitura Municipal;-25,97998;-52,56345;2025-03-23 12:40:00.0;0,40
CORONEL VIVIDA;410650601A;PR;Prefeitura Municipal;-25,97998;-52,56345;2025-03-23 12:50:00.0;0,40
CORONEL VIVIDA;410650601A;PR;Prefeitura Municipal;-25,97998;-52,56345;2025-03-23 14:20:00.0;0,00
CORONEL VIVIDA;410650601A;PR;Prefeitura Municipal;-25,97998;-52,56345;2025-03-23 15:10:00.0;0,00
CORONEL VIVIDA;410650601A;PR;Prefeitura Municipal;-25,97998;-52,56345;2025-03-23 16:10:00.0;0,00
CORONEL VIVIDA;410650601A;PR;Prefeitura Municipal;-25,97998;-52,56345;2025-03-23 17:10:00.0;0,00
CORONEL VIVIDA;410650601A;PR;Prefeitura Municipal;-25,97998;-52,56345;2025-03-23 18:10:00.0;0,00
CORONEL VIVIDA;410650601A;PR;Prefeitura Municipal;-25,97998;-52,56345;2025-03-23 19:10:00.0;0,00
CORONEL VIVIDA;410650601A;PR;Prefeitura Municipal;-25,97998;-52,56345;2025-03-23 20:10:00.0;0,00
CORONEL VIVIDA;410650601A;PR;Prefeitura Municipal;-25,97998;-52,56345;2025-03-23 21:10:00.0;0,00
CORONEL VIVIDA;410650601A;PR;Prefeitura Municipal;-25,97998;-52,56345;2025-03-23 22:10:00.0;0,00
CORONEL VIVIDA;410650601A;PR;Prefeitura Municipal;-25,97998;-52,56345;2025-03-23 23:10:00.0;0,00
CORONEL VIVIDA;410650601A;PR;Prefeitura Municipal;-25,97998;-52,56345;2025-03-24 00:10:00.0;0,00
CORONEL VIVIDA;410650601A;PR;Prefeitura Municipal;-25,97998;-52,56345;2025-03-24 01:10:00.0;0,00
CORONEL VIVIDA;410650601A;PR;Prefeitura Municipal;-25,97998;-52,56345;2025-03-24 02:10:00.0;0,00
CORONEL VIVIDA;410650601A;PR;Prefeitura Municipal;-25,97998;-52,56345;2025-03-24 03:10:00.0;0,00
CORONEL VIVIDA;410650601A;PR;Prefeitura Municipal;-25,97998;-52,56345;2025-03-24 04:10:00.0;0,00
CORONEL VIVIDA;410650601A;PR;Prefeitura Municipal;-25,97998;-52,56345;2025-03-24 05:10:00.0;0,00
CORONEL VIVIDA;410650601A;PR;Prefeitura Municipal;-25,97998;-52,56345;2025-03-24 06:10:00.0;0,00
CORONEL VIVIDA;410650601A;PR;Prefeitura Municipal;-25,97998;-52,56345;2025-03-24 07:10:00.0;0,00
CORONEL VIVIDA;410650601A;PR;Prefeitura Municipal;-25,97998;-52,56345;2025-03-24 08:10:00.0;0,00
CORONEL VIVIDA;410650601A;PR;Prefeitura Municipal;-25,97998;-52,56345;2025-03-24 09:10:00.0;0,00
CORONEL VIVIDA;410650601A;PR;Prefeitura Municipal;-25,97998;-52,56345;2025-03-24 10:10:00.0;0,00
CORONEL VIVIDA;410650601A;PR;Prefeitura Municipal;-25,97998;-52,56345;2025-03-24 11:10:00.0;0,00
CORONEL VIVIDA;410650601A;PR;Prefeitura Municipal;-25,97998;-52,56345;2025-03-24 12:10:00.0;0,00
CORONEL VIVIDA;410650601A;PR;Prefeitura Municipal;-25,97998;-52,56345;2025-03-24 13:10:00.0;0,00
CORONEL VIVIDA;410650601A;PR;Prefeitura Municipal;-25,97998;-52,56345;2025-03-24 14:10:00.0;0,00
CORONEL VIVIDA;410650601A;PR;Prefeitura Municipal;-25,97998;-52,56345;2025-03-24 15:10:00.0;0,00
CORONEL VIVIDA;410650601A;PR;Prefeitura Municipal;-25,97998;-52,56345;2025-03-24 16:10:00.0;0,00
CORONEL VIVIDA;410650601A;PR;Prefeitura Municipal;-25,97998;-52,56345;2025-03-24 17:10:00.0;0,00
CORONEL VIVIDA;410650601A;PR;Prefeitura Municipal;-25,97998;-52,56345;2025-03-24 18:10:00.0;0,00
CORONEL VIVIDA;410650601A;PR;Prefeitura Municipal;-25,97998;-52,56345;2025-03-24 19:10:00.0;0,00
CORONEL VIVIDA;410650601A;PR;Prefeitura Municipal;-25,97998;-52,56345;2025-03-24 20:10:00.0;0,00
CORONEL VIVIDA;410650601A;PR;Prefeitura Municipal;-25,97998;-52,56345;2025-03-24 21:10:00.0;0,00
CORONEL VIVIDA;410650601A;PR;Prefeitura Municipal;-25,97998;-52,56345;2025-03-24 22:10:00.0;0,00
CORONEL VIVIDA;410650601A;PR;Prefeitura Municipal;-25,97998;-52,56345;2025-03-24 23:10:00.0;0,00
CORONEL VIVIDA;410650601A;PR;Prefeitura Municipal;-25,97998;-52,56345;2025-03-25 00:10:00.0;0,00
CORONEL VIVIDA;410650601A;PR;Prefeitura Municipal;-25,97998;-52,56345;2025-03-25 01:10:00.0;0,00
CORONEL VIVIDA;410650601A;PR;Prefeitura Municipal;-25,97998;-52,56345;2025-03-25 02:10:00.0;0,00
CORONEL VIVIDA;410650601A;PR;Prefeitura Municipal;-25,97998;-52,56345;2025-03-25 03:10:00.0;0,00
CORONEL VIVIDA;410650601A;PR;Prefeitura Municipal;-25,97998;-52,56345;2025-03-25 04:10:00.0;0,00
CORONEL VIVIDA;410650601A;PR;Prefeitura Municipal;-25,97998;-52,56345;2025-03-25 05:10:00.0;0,00
CORONEL VIVIDA;410650601A;PR;Prefeitura Municipal;-25,97998;-52,56345;2025-03-25 06:10:00.0;0,00
CORONEL VIVIDA;410650601A;PR;Prefeitura Municipal;-25,97998;-52,56345;2025-03-25 07:10:00.0;0,00
CORONEL VIVIDA;410650601A;PR;Prefeitura Municipal;-25,97998;-52,56345;2025-03-25 11:10:00.0;0,00
CORONEL VIVIDA;410650601A;PR;Prefeitura Municipal;-25,97998;-52,56345;2025-03-25 12:10:00.0;0,00
CORONEL VIVIDA;410650601A;PR;Prefeitura Municipal;-25,97998;-52,56345;2025-03-25 13:10:00.0;0,00
CORONEL VIVIDA;410650601A;PR;Prefeitura Municipal;-25,97998;-52,56345;2025-03-25 14:10:00.0;0,00
CORONEL VIVIDA;410650601A;PR;Prefeitura Municipal;-25,97998;-52,56345;2025-03-25 15:50:00.0;0,00
CORONEL VIVIDA;410650601A;PR;Prefeitura Municipal;-25,97998;-52,56345;2025-03-25 16:10:00.0;0,00
CORONEL VIVIDA;410650601A;PR;Prefeitura Municipal;-25,97998;-52,56345;2025-03-25 17:10:00.0;0,00
CORONEL VIVIDA;410650601A;PR;Prefeitura Municipal;-25,97998;-52,56345;2025-03-25 18:10:00.0;0,00
CORONEL VIVIDA;410650601A;PR;Prefeitura Municipal;-25,97998;-52,56345;2025-03-25 19:10:00.0;0,00
CORONEL VIVIDA;410650601A;PR;Prefeitura Municipal;-25,97998;-52,56345;2025-03-25 20:10:00.0;0,00
CORONEL VIVIDA;410650601A;PR;Prefeitura Municipal;-25,97998;-52,56345;2025-03-25 21:10:00.0;0,20
CORONEL VIVIDA;410650601A;PR;Prefeitura Municipal;-25,97998;-52,56345;2025-03-25 21:30:00.0;0,20
CORONEL VIVIDA;410650601A;PR;Prefeitura Municipal;-25,97998;-52,56345;2025-03-25 22:10:00.0;0,00
CORONEL VIVIDA;410650601A;PR;Prefeitura Municipal;-25,97998;-52,56345;2025-03-25 23:10:00.0;0,00
CORONEL VIVIDA;410650601A;PR;Prefeitura Municipal;-25,97998;-52,56345;2025-03-26 00:10:00.0;0,00
CORONEL VIVIDA;410650601A;PR;Prefeitura Municipal;-25,97998;-52,56345;2025-03-26 01:10:00.0;0,00
CORONEL VIVIDA;410650601A;PR;Prefeitura Municipal;-25,97998;-52,56345;2025-03-26 02:10:00.0;0,00
CORONEL VIVIDA;410650601A;PR;Prefeitura Municipal;-25,97998;-52,56345;2025-03-26 03:10:00.0;0,00
CORONEL VIVIDA;410650601A;PR;Prefeitura Municipal;-25,97998;-52,56345;2025-03-26 04:10:00.0;0,00
CORONEL VIVIDA;410650601A;PR;Prefeitura Municipal;-25,97998;-52,56345;2025-03-26 05:10:00.0;0,00
CORONEL VIVIDA;410650601A;PR;Prefeitura Municipal;-25,97998;-52,56345;2025-03-26 06:10:00.0;0,00
CORONEL VIVIDA;410650601A;PR;Prefeitura Municipal;-25,97998;-52,56345;2025-03-26 07:10:00.0;0,00
CORONEL VIVIDA;410650601A;PR;Prefeitura Municipal;-25,97998;-52,56345;2025-03-26 08:10:00.0;0,00
CORONEL VIVIDA;410650601A;PR;Prefeitura Municipal;-25,97998;-52,56345;2025-03-26 09:10:00.0;0,00
CORONEL VIVIDA;410650601A;PR;Prefeitura Municipal;-25,97998;-52,56345;2025-03-26 10:10:00.0;0,00
CORONEL VIVIDA;410650601A;PR;Prefeitura Municipal;-25,97998;-52,56345;2025-03-26 11:10:00.0;0,00
CORONEL VIVIDA;410650601A;PR;Prefeitura Municipal;-25,97998;-52,56345;2025-03-26 12:10:00.0;0,00
CORONEL VIVIDA;410650601A;PR;Prefeitura Municipal;-25,97998;-52,56345;2025-03-26 13:10:00.0;0,00
CORONEL VIVIDA;410650601A;PR;Prefeitura Municipal;-25,97998;-52,56345;2025-03-26 14:10:00.0;0,00
CORONEL VIVIDA;410650601A;PR;Prefeitura Municipal;-25,97998;-52,56345;2025-03-26 15:10:00.0;0,00
CORONEL VIVIDA;410650601A;PR;Prefeitura Municipal;-25,97998;-52,56345;2025-03-26 16:10:00.0;0,00
CORONEL VIVIDA;410650601A;PR;Prefeitura Municipal;-25,97998;-52,56345;2025-03-26 17:10:00.0;0,00
CORONEL VIVIDA;410650601A;PR;Prefeitura Municipal;-25,97998;-52,56345;2025-03-26 18:10:00.0;0,00
CORONEL VIVIDA;410650601A;PR;Prefeitura Municipal;-25,97998;-52,56345;2025-03-26 19:10:00.0;0,00
CORONEL VIVIDA;410650601A;PR;Prefeitura Municipal;-25,97998;-52,56345;2025-03-26 20:10:00.0;0,00
CORONEL VIVIDA;410650601A;PR;Prefeitura Municipal;-25,97998;-52,56345;2025-03-26 21:10:00.0;0,00
CORONEL VIVIDA;410650601A;PR;Prefeitura Municipal;-25,97998;-52,56345;2025-03-26 22:10:00.0;0,00
CORONEL VIVIDA;410650601A;PR;Prefeitura Municipal;-25,97998;-52,56345;2025-03-26 23:10:00.0;0,00
CORONEL VIVIDA;410650601A;PR;Prefeitura Municipal;-25,97998;-52,56345;2025-03-27 00:10:00.0;0,00
CORONEL VIVIDA;410650601A;PR;Prefeitura Municipal;-25,97998;-52,56345;2025-03-27 01:10:00.0;0,00
CORONEL VIVIDA;410650601A;PR;Prefeitura Municipal;-25,97998;-52,56345;2025-03-27 02:10:00.0;0,00
CORONEL VIVIDA;410650601A;PR;Prefeitura Municipal;-25,97998;-52,56345;2025-03-27 03:10:00.0;0,00
CORONEL VIVIDA;410650601A;PR;Prefeitura Municipal;-25,97998;-52,56345;2025-03-27 04:10:00.0;0,00
CORONEL VIVIDA;410650601A;PR;Prefeitura Municipal;-25,97998;-52,56345;2025-03-27 05:10:00.0;0,00
CORONEL VIVIDA;410650601A;PR;Prefeitura Municipal;-25,97998;-52,56345;2025-03-27 06:10:00.0;0,00
CORONEL VIVIDA;410650601A;PR;Prefeitura Municipal;-25,97998;-52,56345;2025-03-27 07:10:00.0;0,00
CORONEL VIVIDA;410650601A;PR;Prefeitura Municipal;-25,97998;-52,56345;2025-03-27 08:10:00.0;0,00
CORONEL VIVIDA;410650601A;PR;Prefeitura Municipal;-25,97998;-52,56345;2025-03-27 09:10:00.0;0,00
CORONEL VIVIDA;410650601A;PR;Prefeitura Municipal;-25,97998;-52,56345;2025-03-27 10:10:00.0;0,00
CORONEL VIVIDA;410650601A;PR;Prefeitura Municipal;-25,97998;-52,56345;2025-03-27 11:10:00.0;0,00
CORONEL VIVIDA;410650601A;PR;Prefeitura Municipal;-25,97998;-52,56345;2025-03-27 12:10:00.0;0,00
CORONEL VIVIDA;410650601A;PR;Prefeitura Municipal;-25,97998;-52,56345;2025-03-27 13:10:00.0;0,00
CORONEL VIVIDA;410650601A;PR;Prefeitura Municipal;-25,97998;-52,56345;2025-03-27 14:10:00.0;0,00
CORONEL VIVIDA;410650601A;PR;Prefeitura Municipal;-25,97998;-52,56345;2025-03-27 15:10:00.0;0,00
CORONEL VIVIDA;410650601A;PR;Prefeitura Municipal;-25,97998;-52,56345;2025-03-27 16:10:00.0;0,00
CORONEL VIVIDA;410650601A;PR;Prefeitura Municipal;-25,97998;-52,56345;2025-03-27 17:10:00.0;0,00
CORONEL VIVIDA;410650601A;PR;Prefeitura Municipal;-25,97998;-52,56345;2025-03-27 18:10:00.0;0,00
CORONEL VIVIDA;410650601A;PR;Prefeitura Municipal;-25,97998;-52,56345;2025-03-27 19:10:00.0;0,00
CORONEL VIVIDA;410650601A;PR;Prefeitura Municipal;-25,97998;-52,56345;2025-03-27 20:10:00.0;0,00
CORONEL VIVIDA;410650601A;PR;Prefeitura Municipal;-25,97998;-52,56345;2025-03-27 21:10:00.0;0,00
CORONEL VIVIDA;410650601A;PR;Prefeitura Municipal;-25,97998;-52,56345;2025-03-27 22:10:00.0;0,00
CORONEL VIVIDA;410650601A;PR;Prefeitura Municipal;-25,97998;-52,56345;2025-03-27 23:10:00.0;0,00
CORONEL VIVIDA;410650601A;PR;Prefeitura Municipal;-25,97998;-52,56345;2025-03-27 23:50:00.0;0,20
CORONEL VIVIDA;410650601A;PR;Prefeitura Municipal;-25,97998;-52,56345;2025-03-28 00:00:00.0;0,20
CORONEL VIVIDA;410650601A;PR;Prefeitura Municipal;-25,97998;-52,56345;2025-03-28 00:10:00.0;0,40
CORONEL VIVIDA;410650601A;PR;Prefeitura Municipal;-25,97998;-52,56345;2025-03-28 00:20:00.0;0,80
CORONEL VIVIDA;410650601A;PR;Prefeitura Municipal;-25,97998;-52,56345;2025-03-28 00:30:00.0;1,00
CORONEL VIVIDA;410650601A;PR;Prefeitura Municipal;-25,97998;-52,56345;2025-03-28 00:40:00.0;0,80
CORONEL VIVIDA;410650601A;PR;Prefeitura Municipal;-25,97998;-52,56345;2025-03-28 00:50:00.0;1,00
CORONEL VIVIDA;410650601A;PR;Prefeitura Municipal;-25,97998;-52,56345;2025-03-28 01:00:00.0;3,60
CORONEL VIVIDA;410650601A;PR;Prefeitura Municipal;-25,97998;-52,56345;2025-03-28 01:10:00.0;7,00
CORONEL VIVIDA;410650601A;PR;Prefeitura Municipal;-25,97998;-52,56345;2025-03-28 01:20:00.0;1,60
CORONEL VIVIDA;410650601A;PR;Prefeitura Municipal;-25,97998;-52,56345;2025-03-28 01:30:00.0;0,40
CORONEL VIVIDA;410650601A;PR;Prefeitura Municipal;-25,97998;-52,56345;2025-03-28 02:10:00.0;0,00
CORONEL VIVIDA;410650601A;PR;Prefeitura Municipal;-25,97998;-52,56345;2025-03-28 02:20:00.0;0,40
CORONEL VIVIDA;410650601A;PR;Prefeitura Municipal;-25,97998;-52,56345;2025-03-28 02:30:00.0;0,20
CORONEL VIVIDA;410650601A;PR;Prefeitura Municipal;-25,97998;-52,56345;2025-03-28 02:40:00.0;0,80
CORONEL VIVIDA;410650601A;PR;Prefeitura Municipal;-25,97998;-52,56345;2025-03-28 02:50:00.0;5,80
CORONEL VIVIDA;410650601A;PR;Prefeitura Municipal;-25,97998;-52,56345;2025-03-28 03:00:00.0;14,80
CORONEL VIVIDA;410650601A;PR;Prefeitura Municipal;-25,97998;-52,56345;2025-03-28 03:10:00.0;8,20
CORONEL VIVIDA;410650601A;PR;Prefeitura Municipal;-25,97998;-52,56345;2025-03-28 03:20:00.0;6,80
CORONEL VIVIDA;410650601A;PR;Prefeitura Municipal;-25,97998;-52,56345;2025-03-28 03:30:00.0;5,80
CORONEL VIVIDA;410650601A;PR;Prefeitura Municipal;-25,97998;-52,56345;2025-03-28 03:40:00.0;7,40
CORONEL VIVIDA;410650601A;PR;Prefeitura Municipal;-25,97998;-52,56345;2025-03-28 03:50:00.0;4,20
CORONEL VIVIDA;410650601A;PR;Prefeitura Municipal;-25,97998;-52,56345;2025-03-28 04:00:00.0;1,40
CORONEL VIVIDA;410650601A;PR;Prefeitura Municipal;-25,97998;-52,56345;2025-03-28 04:10:00.0;1,60
CORONEL VIVIDA;410650601A;PR;Prefeitura Municipal;-25,97998;-52,56345;2025-03-28 04:20:00.0;1,80
CORONEL VIVIDA;410650601A;PR;Prefeitura Municipal;-25,97998;-52,56345;2025-03-28 04:30:00.0;1,00
CORONEL VIVIDA;410650601A;PR;Prefeitura Municipal;-25,97998;-52,56345;2025-03-28 04:40:00.0;1,00
CORONEL VIVIDA;410650601A;PR;Prefeitura Municipal;-25,97998;-52,56345;2025-03-28 04:50:00.0;0,80
CORONEL VIVIDA;410650601A;PR;Prefeitura Municipal;-25,97998;-52,56345;2025-03-28 05:00:00.0;0,20
CORONEL VIVIDA;410650601A;PR;Prefeitura Municipal;-25,97998;-52,56345;2025-03-28 05:10:00.0;0,00
CORONEL VIVIDA;410650601A;PR;Prefeitura Municipal;-25,97998;-52,56345;2025-03-28 06:10:00.0;0,00
CORONEL VIVIDA;410650601A;PR;Prefeitura Municipal;-25,97998;-52,56345;2025-03-28 07:10:00.0;0,00
CORONEL VIVIDA;410650601A;PR;Prefeitura Municipal;-25,97998;-52,56345;2025-03-28 08:10:00.0;0,00
CORONEL VIVIDA;410650601A;PR;Prefeitura Municipal;-25,97998;-52,56345;2025-03-28 09:10:00.0;0,00
CORONEL VIVIDA;410650601A;PR;Prefeitura Municipal;-25,97998;-52,56345;2025-03-28 10:10:00.0;0,00
CORONEL VIVIDA;410650601A;PR;Prefeitura Municipal;-25,97998;-52,56345;2025-03-28 11:10:00.0;0,00
CORONEL VIVIDA;410650601A;PR;Prefeitura Municipal;-25,97998;-52,56345;2025-03-28 12:10:00.0;0,00
CORONEL VIVIDA;410650601A;PR;Prefeitura Municipal;-25,97998;-52,56345;2025-03-28 13:10:00.0;0,00
CORONEL VIVIDA;410650601A;PR;Prefeitura Municipal;-25,97998;-52,56345;2025-03-28 14:10:00.0;0,00
CORONEL VIVIDA;410650601A;PR;Prefeitura Municipal;-25,97998;-52,56345;2025-03-28 15:10:00.0;0,00
CORONEL VIVIDA;410650601A;PR;Prefeitura Municipal;-25,97998;-52,56345;2025-03-28 16:10:00.0;0,00
CORONEL VIVIDA;410650601A;PR;Prefeitura Municipal;-25,97998;-52,56345;2025-03-28 17:10:00.0;0,00
CORONEL VIVIDA;410650601A;PR;Prefeitura Municipal;-25,97998;-52,56345;2025-03-28 18:10:00.0;0,00
CORONEL VIVIDA;410650601A;PR;Prefeitura Municipal;-25,97998;-52,56345;2025-03-28 19:10:00.0;0,00
CORONEL VIVIDA;410650601A;PR;Prefeitura Municipal;-25,97998;-52,56345;2025-03-28 20:10:00.0;0,00
CORONEL VIVIDA;410650601A;PR;Prefeitura Municipal;-25,97998;-52,56345;2025-03-28 21:10:00.0;0,00
CORONEL VIVIDA;410650601A;PR;Prefeitura Municipal;-25,97998;-52,56345;2025-03-28 22:10:00.0;0,00
CORONEL VIVIDA;410650601A;PR;Prefeitura Municipal;-25,97998;-52,56345;2025-03-28 23:10:00.0;0,00
CORONEL VIVIDA;410650601A;PR;Prefeitura Municipal;-25,97998;-52,56345;2025-03-29 00:10:00.0;0,00
CORONEL VIVIDA;410650601A;PR;Prefeitura Municipal;-25,97998;-52,56345;2025-03-29 01:10:00.0;0,00
CORONEL VIVIDA;410650601A;PR;Prefeitura Municipal;-25,97998;-52,56345;2025-03-29 02:10:00.0;0,00
CORONEL VIVIDA;410650601A;PR;Prefeitura Municipal;-25,97998;-52,56345;2025-03-29 03:10:00.0;0,00
CORONEL VIVIDA;410650601A;PR;Prefeitura Municipal;-25,97998;-52,56345;2025-03-29 04:10:00.0;0,00
CORONEL VIVIDA;410650601A;PR;Prefeitura Municipal;-25,97998;-52,56345;2025-03-29 05:10:00.0;0,00
CORONEL VIVIDA;410650601A;PR;Prefeitura Municipal;-25,97998;-52,56345;2025-03-29 06:10:00.0;0,00
CORONEL VIVIDA;410650601A;PR;Prefeitura Municipal;-25,97998;-52,56345;2025-03-29 07:10:00.0;0,00
CORONEL VIVIDA;410650601A;PR;Prefeitura Municipal;-25,97998;-52,56345;2025-03-29 08:10:00.0;0,00
CORONEL VIVIDA;410650601A;PR;Prefeitura Municipal;-25,97998;-52,56345;2025-03-29 09:10:00.0;0,00
CORONEL VIVIDA;410650601A;PR;Prefeitura Municipal;-25,97998;-52,56345;2025-03-29 10:10:00.0;0,00
CORONEL VIVIDA;410650601A;PR;Prefeitura Municipal;-25,97998;-52,56345;2025-03-29 11:10:00.0;0,00
CORONEL VIVIDA;410650601A;PR;Prefeitura Municipal;-25,97998;-52,56345;2025-03-29 12:10:00.0;0,00
CORONEL VIVIDA;410650601A;PR;Prefeitura Municipal;-25,97998;-52,56345;2025-03-29 13:10:00.0;0,00
CORONEL VIVIDA;410650601A;PR;Prefeitura Municipal;-25,97998;-52,56345;2025-03-29 14:10:00.0;0,00
CORONEL VIVIDA;410650601A;PR;Prefeitura Municipal;-25,97998;-52,56345;2025-03-29 15:10:00.0;0,00
CORONEL VIVIDA;410650601A;PR;Prefeitura Municipal;-25,97998;-52,56345;2025-03-29 16:10:00.0;0,00
CORONEL VIVIDA;410650601A;PR;Prefeitura Municipal;-25,97998;-52,56345;2025-03-29 17:10:00.0;0,00
CORONEL VIVIDA;410650601A;PR;Prefeitura Municipal;-25,97998;-52,56345;2025-03-29 18:10:00.0;0,00
CORONEL VIVIDA;410650601A;PR;Prefeitura Municipal;-25,97998;-52,56345;2025-03-29 19:10:00.0;0,00
CORONEL VIVIDA;410650601A;PR;Prefeitura Municipal;-25,97998;-52,56345;2025-03-29 20:10:00.0;0,00
CORONEL VIVIDA;410650601A;PR;Prefeitura Municipal;-25,97998;-52,56345;2025-03-29 21:10:00.0;0,00
CORONEL VIVIDA;410650601A;PR;Prefeitura Municipal;-25,97998;-52,56345;2025-03-29 22:10:00.0;0,00
CORONEL VIVIDA;410650601A;PR;Prefeitura Municipal;-25,97998;-52,56345;2025-03-29 23:10:00.0;0,00
CORONEL VIVIDA;410650601A;PR;Prefeitura Municipal;-25,97998;-52,56345;2025-03-30 00:10:00.0;0,00
CORONEL VIVIDA;410650601A;PR;Prefeitura Municipal;-25,97998;-52,56345;2025-03-30 01:10:00.0;0,00
CORONEL VIVIDA;410650601A;PR;Prefeitura Municipal;-25,97998;-52,56345;2025-03-30 02:10:00.0;0,00
CORONEL VIVIDA;410650601A;PR;Prefeitura Municipal;-25,97998;-52,56345;2025-03-30 03:10:00.0;0,00
CORONEL VIVIDA;410650601A;PR;Prefeitura Municipal;-25,97998;-52,56345;2025-03-30 04:10:00.0;0,00
CORONEL VIVIDA;410650601A;PR;Prefeitura Municipal;-25,97998;-52,56345;2025-03-30 05:10:00.0;0,00
CORONEL VIVIDA;410650601A;PR;Prefeitura Municipal;-25,97998;-52,56345;2025-03-30 06:10:00.0;0,00
CORONEL VIVIDA;410650601A;PR;Prefeitura Municipal;-25,97998;-52,56345;2025-03-30 07:10:00.0;0,00
CORONEL VIVIDA;410650601A;PR;Prefeitura Municipal;-25,97998;-52,56345;2025-03-30 08:10:00.0;0,00
CORONEL VIVIDA;410650601A;PR;Prefeitura Municipal;-25,97998;-52,56345;2025-03-30 09:10:00.0;0,00
CORONEL VIVIDA;410650601A;PR;Prefeitura Municipal;-25,97998;-52,56345;2025-03-30 10:10:00.0;0,00
CORONEL VIVIDA;410650601A;PR;Prefeitura Municipal;-25,97998;-52,56345;2025-03-30 11:10:00.0;0,00
CORONEL VIVIDA;410650601A;PR;Prefeitura Municipal;-25,97998;-52,56345;2025-03-30 12:10:00.0;0,00
CORONEL VIVIDA;410650601A;PR;Prefeitura Municipal;-25,97998;-52,56345;2025-03-30 13:10:00.0;0,00
CORONEL VIVIDA;410650601A;PR;Prefeitura Municipal;-25,97998;-52,56345;2025-03-30 14:10:00.0;0,00
CORONEL VIVIDA;410650601A;PR;Prefeitura Municipal;-25,97998;-52,56345;2025-03-30 15:10:00.0;0,00
CORONEL VIVIDA;410650601A;PR;Prefeitura Municipal;-25,97998;-52,56345;2025-03-30 16:10:00.0;0,00
CORONEL VIVIDA;410650601A;PR;Prefeitura Municipal;-25,97998;-52,56345;2025-03-30 17:10:00.0;0,00
CORONEL VIVIDA;410650601A;PR;Prefeitura Municipal;-25,97998;-52,56345;2025-03-30 18:10:00.0;0,00
CORONEL VIVIDA;410650601A;PR;Prefeitura Municipal;-25,97998;-52,56345;2025-03-30 19:10:00.0;0,00
CORONEL VIVIDA;410650601A;PR;Prefeitura Municipal;-25,97998;-52,56345;2025-03-30 20:10:00.0;0,00
CORONEL VIVIDA;410650601A;PR;Prefeitura Municipal;-25,97998;-52,56345;2025-03-30 21:10:00.0;0,00
CORONEL VIVIDA;410650601A;PR;Prefeitura Municipal;-25,97998;-52,56345;2025-03-30 22:10:00.0;0,00
CORONEL VIVIDA;410650601A;PR;Prefeitura Municipal;-25,97998;-52,56345;2025-03-30 23:10:00.0;0,00
CORONEL VIVIDA;410650601A;PR;Prefeitura Municipal;-25,97998;-52,56345;2025-03-31 00:10:00.0;0,00
CORONEL VIVIDA;410650601A;PR;Prefeitura Municipal;-25,97998;-52,56345;2025-03-31 01:10:00.0;0,00
CORONEL VIVIDA;410650601A;PR;Prefeitura Municipal;-25,97998;-52,56345;2025-03-31 02:10:00.0;0,00
CORONEL VIVIDA;410650601A;PR;Prefeitura Municipal;-25,97998;-52,56345;2025-03-31 03:10:00.0;0,00
CORONEL VIVIDA;410650601A;PR;Prefeitura Municipal;-25,97998;-52,56345;2025-03-31 04:10:00.0;0,00
CORONEL VIVIDA;410650601A;PR;Prefeitura Municipal;-25,97998;-52,56345;2025-03-31 05:10:00.0;0,00
CORONEL VIVIDA;410650601A;PR;Prefeitura Municipal;-25,97998;-52,56345;2025-03-31 06:10:00.0;0,00
CORONEL VIVIDA;410650601A;PR;Prefeitura Municipal;-25,97998;-52,56345;2025-03-31 07:10:00.0;0,00
CORONEL VIVIDA;410650601A;PR;Prefeitura Municipal;-25,97998;-52,56345;2025-03-31 08:10:00.0;0,00
CORONEL VIVIDA;410650601A;PR;Prefeitura Municipal;-25,97998;-52,56345;2025-03-31 09:10:00.0;0,00
CORONEL VIVIDA;410650601A;PR;Prefeitura Municipal;-25,97998;-52,56345;2025-03-31 10:10:00.0;0,00
CORONEL VIVIDA;410650601A;PR;Prefeitura Municipal;-25,97998;-52,56345;2025-03-31 11:10:00.0;0,00
CORONEL VIVIDA;410650601A;PR;Prefeitura Municipal;-25,97998;-52,56345;2025-03-31 12:10:00.0;0,00
CORONEL VIVIDA;410650601A;PR;Prefeitura Municipal;-25,97998;-52,56345;2025-03-31 13:10:00.0;0,00
CORONEL VIVIDA;410650601A;PR;Prefeitura Municipal;-25,97998;-52,56345;2025-03-31 14:10:00.0;0,00
CORONEL VIVIDA;410650601A;PR;Prefeitura Municipal;-25,97998;-52,56345;2025-03-31 15:10:00.0;0,00
CORONEL VIVIDA;410650601A;PR;Prefeitura Municipal;-25,97998;-52,56345;2025-03-31 16:10:00.0;0,00
CORONEL VIVIDA;410650601A;PR;Prefeitura Municipal;-25,97998;-52,56345;2025-03-31 17:10:00.0;0,00
CORONEL VIVIDA;410650601A;PR;Prefeitura Municipal;-25,97998;-52,56345;2025-03-31 18:10:00.0;0,00
CORONEL VIVIDA;410650601A;PR;Prefeitura Municipal;-25,97998;-52,56345;2025-03-31 19:10:00.0;0,00
CORONEL VIVIDA;410650601A;PR;Prefeitura Municipal;-25,97998;-52,56345;2025-03-31 20:10:00.0;0,00
CORONEL VIVIDA;410650601A;PR;Prefeitura Municipal;-25,97998;-52,56345;2025-03-31 21:10:00.0;0,00
CORONEL VIVIDA;410650601A;PR;Prefeitura Municipal;-25,97998;-52,56345;2025-03-31 22:10:00.0;0,00
CORONEL VIVIDA;410650601A;PR;Prefeitura Municipal;-25,97998;-52,56345;2025-03-31 23:10:00.0;0,00
CURITIBA;410690201A;PR;Butiatuvinha;-25,41118;-49,36184;2025-03-01 00:10:00.0;0,00
CURITIBA;410690201A;PR;Butiatuvinha;-25,41118;-49,36184;2025-03-01 00:40:00.0;0,00
CURITIBA;410690201A;PR;Butiatuvinha;-25,41118;-49,36184;2025-03-01 01:40:00.0;0,00
CURITIBA;410690201A;PR;Butiatuvinha;-25,41118;-49,36184;2025-03-01 02:40:00.0;0,00
CURITIBA;410690201A;PR;Butiatuvinha;-25,41118;-49,36184;2025-03-01 03:40:00.0;0,00
CURITIBA;410690201A;PR;Butiatuvinha;-25,41118;-49,36184;2025-03-01 04:40:00.0;0,00
CURITIBA;410690201A;PR;Butiatuvinha;-25,41118;-49,36184;2025-03-01 05:40:00.0;0,00
CURITIBA;410690201A;PR;Butiatuvinha;-25,41118;-49,36184;2025-03-01 06:40:00.0;0,00
CURITIBA;410690201A;PR;Butiatuvinha;-25,41118;-49,36184;2025-03-01 07:40:00.0;0,00
CURITIBA;410690201A;PR;Butiatuvinha;-25,41118;-49,36184;2025-03-01 08:40:00.0;0,00
CURITIBA;410690201A;PR;Butiatuvinha;-25,41118;-49,36184;2025-03-01 09:40:00.0;0,00
CURITIBA;410690201A;PR;Butiatuvinha;-25,41118;-49,36184;2025-03-01 10:40:00.0;0,00
CURITIBA;410690201A;PR;Butiatuvinha;-25,41118;-49,36184;2025-03-01 11:40:00.0;0,00
CURITIBA;410690201A;PR;Butiatuvinha;-25,41118;-49,36184;2025-03-01 12:40:00.0;0,00
CURITIBA;410690201A;PR;Butiatuvinha;-25,41118;-49,36184;2025-03-01 13:40:00.0;0,00
CURITIBA;410690201A;PR;Butiatuvinha;-25,41118;-49,36184;2025-03-01 14:40:00.0;0,00
CURITIBA;410690201A;PR;Butiatuvinha;-25,41118;-49,36184;2025-03-01 15:40:00.0;0,00
CURITIBA;410690201A;PR;Butiatuvinha;-25,41118;-49,36184;2025-03-01 16:40:00.0;0,00
CURITIBA;410690201A;PR;Butiatuvinha;-25,41118;-49,36184;2025-03-01 17:40:00.0;0,00
CURITIBA;410690201A;PR;Butiatuvinha;-25,41118;-49,36184;2025-03-01 18:40:00.0;0,00
CURITIBA;410690201A;PR;Butiatuvinha;-25,41118;-49,36184;2025-03-01 19:40:00.0;0,00
CURITIBA;410690201A;PR;Butiatuvinha;-25,41118;-49,36184;2025-03-01 20:40:00.0;0,00
CURITIBA;410690201A;PR;Butiatuvinha;-25,41118;-49,36184;2025-03-01 21:40:00.0;0,00
CURITIBA;410690201A;PR;Butiatuvinha;-25,41118;-49,36184;2025-03-01 22:40:00.0;0,00
CURITIBA;410690201A;PR;Butiatuvinha;-25,41118;-49,36184;2025-03-01 23:40:00.0;0,00
CURITIBA;410690201A;PR;Butiatuvinha;-25,41118;-49,36184;2025-03-02 00:40:00.0;0,00
CURITIBA;410690201A;PR;Butiatuvinha;-25,41118;-49,36184;2025-03-02 01:40:00.0;0,00
CURITIBA;410690201A;PR;Butiatuvinha;-25,41118;-49,36184;2025-03-02 02:40:00.0;0,00
CURITIBA;410690201A;PR;Butiatuvinha;-25,41118;-49,36184;2025-03-02 03:40:00.0;0,00
CURITIBA;410690201A;PR;Butiatuvinha;-25,41118;-49,36184;2025-03-02 04:40:00.0;0,00
CURITIBA;410690201A;PR;Butiatuvinha;-25,41118;-49,36184;2025-03-02 05:40:00.0;0,00
CURITIBA;410690201A;PR;Butiatuvinha;-25,41118;-49,36184;2025-03-02 06:40:00.0;0,00
CURITIBA;410690201A;PR;Butiatuvinha;-25,41118;-49,36184;2025-03-02 07:40:00.0;0,00
CURITIBA;410690201A;PR;Butiatuvinha;-25,41118;-49,36184;2025-03-02 08:40:00.0;0,00
CURITIBA;410690201A;PR;Butiatuvinha;-25,41118;-49,36184;2025-03-02 09:40:00.0;0,00
CURITIBA;410690201A;PR;Butiatuvinha;-25,41118;-49,36184;2025-03-02 10:40:00.0;0,00
CURITIBA;410690201A;PR;Butiatuvinha;-25,41118;-49,36184;2025-03-02 11:40:00.0;0,00
CURITIBA;410690201A;PR;Butiatuvinha;-25,41118;-49,36184;2025-03-02 12:40:00.0;0,00
CURITIBA;410690201A;PR;Butiatuvinha;-25,41118;-49,36184;2025-03-02 13:40:00.0;0,00
CURITIBA;410690201A;PR;Butiatuvinha;-25,41118;-49,36184;2025-03-02 14:40:00.0;0,00
CURITIBA;410690201A;PR;Butiatuvinha;-25,41118;-49,36184;2025-03-02 15:40:00.0;0,00
CURITIBA;410690201A;PR;Butiatuvinha;-25,41118;-49,36184;2025-03-02 16:40:00.0;0,00
CURITIBA;410690201A;PR;Butiatuvinha;-25,41118;-49,36184;2025-03-02 17:40:00.0;0,00
CURITIBA;410690201A;PR;Butiatuvinha;-25,41118;-49,36184;2025-03-02 18:40:00.0;0,00
CURITIBA;410690201A;PR;Butiatuvinha;-25,41118;-49,36184;2025-03-02 19:40:00.0;0,00
CURITIBA;410690201A;PR;Butiatuvinha;-25,41118;-49,36184;2025-03-02 20:40:00.0;0,00
CURITIBA;410690201A;PR;Butiatuvinha;-25,41118;-49,36184;2025-03-02 21:40:00.0;0,00
CURITIBA;410690201A;PR;Butiatuvinha;-25,41118;-49,36184;2025-03-02 22:40:00.0;0,00
CURITIBA;410690201A;PR;Butiatuvinha;-25,41118;-49,36184;2025-03-02 23:40:00.0;0,00
CURITIBA;410690201A;PR;Butiatuvinha;-25,41118;-49,36184;2025-03-03 00:40:00.0;0,00
CURITIBA;410690201A;PR;Butiatuvinha;-25,41118;-49,36184;2025-03-03 01:40:00.0;0,00
CURITIBA;410690201A;PR;Butiatuvinha;-25,41118;-49,36184;2025-03-03 02:40:00.0;0,00
CURITIBA;410690201A;PR;Butiatuvinha;-25,41118;-49,36184;2025-03-03 03:40:00.0;0,00
CURITIBA;410690201A;PR;Butiatuvinha;-25,41118;-49,36184;2025-03-03 04:40:00.0;0,00
CURITIBA;410690201A;PR;Butiatuvinha;-25,41118;-49,36184;2025-03-03 05:40:00.0;0,00
CURITIBA;410690201A;PR;Butiatuvinha;-25,41118;-49,36184;2025-03-03 06:40:00.0;0,00
CURITIBA;410690201A;PR;Butiatuvinha;-25,41118;-49,36184;2025-03-03 07:40:00.0;0,00
CURITIBA;410690201A;PR;Butiatuvinha;-25,41118;-49,36184;2025-03-03 08:40:00.0;0,00
CURITIBA;410690201A;PR;Butiatuvinha;-25,41118;-49,36184;2025-03-03 09:40:00.0;0,00
CURITIBA;410690201A;PR;Butiatuvinha;-25,41118;-49,36184;2025-03-03 10:40:00.0;0,00
CURITIBA;410690201A;PR;Butiatuvinha;-25,41118;-49,36184;2025-03-03 11:40:00.0;0,00
CURITIBA;410690201A;PR;Butiatuvinha;-25,41118;-49,36184;2025-03-03 12:40:00.0;0,00
CURITIBA;410690201A;PR;Butiatuvinha;-25,41118;-49,36184;2025-03-03 13:40:00.0;0,00
CURITIBA;410690201A;PR;Butiatuvinha;-25,41118;-49,36184;2025-03-03 14:40:00.0;0,00
CURITIBA;410690201A;PR;Butiatuvinha;-25,41118;-49,36184;2025-03-03 15:40:00.0;0,00
CURITIBA;410690201A;PR;Butiatuvinha;-25,41118;-49,36184;2025-03-03 16:40:00.0;0,00
CURITIBA;410690201A;PR;Butiatuvinha;-25,41118;-49,36184;2025-03-03 17:40:00.0;0,00
CURITIBA;410690201A;PR;Butiatuvinha;-25,41118;-49,36184;2025-03-03 18:40:00.0;0,00
CURITIBA;410690201A;PR;Butiatuvinha;-25,41118;-49,36184;2025-03-03 19:40:00.0;0,00
CURITIBA;410690201A;PR;Butiatuvinha;-25,41118;-49,36184;2025-03-03 20:40:00.0;0,00
CURITIBA;410690201A;PR;Butiatuvinha;-25,41118;-49,36184;2025-03-03 21:40:00.0;0,00
CURITIBA;410690201A;PR;Butiatuvinha;-25,41118;-49,36184;2025-03-03 22:40:00.0;0,00
CURITIBA;410690201A;PR;Butiatuvinha;-25,41118;-49,36184;2025-03-03 23:40:00.0;0,00
CURITIBA;410690201A;PR;Butiatuvinha;-25,41118;-49,36184;2025-03-04 00:40:00.0;0,00
CURITIBA;410690201A;PR;Butiatuvinha;-25,41118;-49,36184;2025-03-04 01:40:00.0;0,00
CURITIBA;410690201A;PR;Butiatuvinha;-25,41118;-49,36184;2025-03-04 02:40:00.0;0,00
CURITIBA;410690201A;PR;Butiatuvinha;-25,41118;-49,36184;2025-03-04 03:40:00.0;0,00
CURITIBA;410690201A;PR;Butiatuvinha;-25,41118;-49,36184;2025-03-04 04:40:00.0;0,00
CURITIBA;410690201A;PR;Butiatuvinha;-25,41118;-49,36184;2025-03-04 05:40:00.0;0,00
CURITIBA;410690201A;PR;Butiatuvinha;-25,41118;-49,36184;2025-03-04 06:40:00.0;0,00
CURITIBA;410690201A;PR;Butiatuvinha;-25,41118;-49,36184;2025-03-04 07:40:00.0;0,00
CURITIBA;410690201A;PR;Butiatuvinha;-25,41118;-49,36184;2025-03-04 08:40:00.0;0,00
CURITIBA;410690201A;PR;Butiatuvinha;-25,41118;-49,36184;2025-03-04 09:40:00.0;0,00
CURITIBA;410690201A;PR;Butiatuvinha;-25,41118;-49,36184;2025-03-04 10:40:00.0;0,00
CURITIBA;410690201A;PR;Butiatuvinha;-25,41118;-49,36184;2025-03-04 11:40:00.0;0,00
CURITIBA;410690201A;PR;Butiatuvinha;-25,41118;-49,36184;2025-03-04 12:40:00.0;0,00
CURITIBA;410690201A;PR;Butiatuvinha;-25,41118;-49,36184;2025-03-04 13:40:00.0;0,00
CURITIBA;410690201A;PR;Butiatuvinha;-25,41118;-49,36184;2025-03-04 14:40:00.0;0,00
CURITIBA;410690201A;PR;Butiatuvinha;-25,41118;-49,36184;2025-03-04 15:40:00.0;0,00
CURITIBA;410690201A;PR;Butiatuvinha;-25,41118;-49,36184;2025-03-04 16:40:00.0;0,00
CURITIBA;410690201A;PR;Butiatuvinha;-25,41118;-49,36184;2025-03-04 17:40:00.0;0,00
CURITIBA;410690201A;PR;Butiatuvinha;-25,41118;-49,36184;2025-03-04 18:40:00.0;0,00
CURITIBA;410690201A;PR;Butiatuvinha;-25,41118;-49,36184;2025-03-04 19:40:00.0;0,00
CURITIBA;410690201A;PR;Butiatuvinha;-25,41118;-49,36184;2025-03-04 20:40:00.0;0,00
CURITIBA;410690201A;PR;Butiatuvinha;-25,41118;-49,36184;2025-03-04 21:40:00.0;0,00
CURITIBA;410690201A;PR;Butiatuvinha;-25,41118;-49,36184;2025-03-04 22:40:00.0;0,00
CURITIBA;410690201A;PR;Butiatuvinha;-25,41118;-49,36184;2025-03-04 23:40:00.0;0,00
CURITIBA;410690201A;PR;Butiatuvinha;-25,41118;-49,36184;2025-03-05 00:40:00.0;0,00
CURITIBA;410690201A;PR;Butiatuvinha;-25,41118;-49,36184;2025-03-05 01:40:00.0;0,00
CURITIBA;410690201A;PR;Butiatuvinha;-25,41118;-49,36184;2025-03-05 02:40:00.0;0,00
CURITIBA;410690201A;PR;Butiatuvinha;-25,41118;-49,36184;2025-03-05 03:40:00.0;0,00
CURITIBA;410690201A;PR;Butiatuvinha;-25,41118;-49,36184;2025-03-05 04:40:00.0;0,00
CURITIBA;410690201A;PR;Butiatuvinha;-25,41118;-49,36184;2025-03-05 05:40:00.0;0,00
CURITIBA;410690201A;PR;Butiatuvinha;-25,41118;-49,36184;2025-03-05 06:40:00.0;0,00
CURITIBA;410690201A;PR;Butiatuvinha;-25,41118;-49,36184;2025-03-05 07:40:00.0;0,00
CURITIBA;410690201A;PR;Butiatuvinha;-25,41118;-49,36184;2025-03-05 08:40:00.0;0,00
CURITIBA;410690201A;PR;Butiatuvinha;-25,41118;-49,36184;2025-03-05 09:40:00.0;0,00
CURITIBA;410690201A;PR;Butiatuvinha;-25,41118;-49,36184;2025-03-05 10:40:00.0;0,00
CURITIBA;410690201A;PR;Butiatuvinha;-25,41118;-49,36184;2025-03-05 11:40:00.0;0,00
CURITIBA;410690201A;PR;Butiatuvinha;-25,41118;-49,36184;2025-03-05 12:40:00.0;0,00
CURITIBA;410690201A;PR;Butiatuvinha;-25,41118;-49,36184;2025-03-05 13:40:00.0;0,00
CURITIBA;410690201A;PR;Butiatuvinha;-25,41118;-49,36184;2025-03-05 14:40:00.0;0,00
CURITIBA;410690201A;PR;Butiatuvinha;-25,41118;-49,36184;2025-03-05 15:40:00.0;0,00
CURITIBA;410690201A;PR;Butiatuvinha;-25,41118;-49,36184;2025-03-05 16:40:00.0;0,00
CURITIBA;410690201A;PR;Butiatuvinha;-25,41118;-49,36184;2025-03-05 17:40:00.0;0,00
CURITIBA;410690201A;PR;Butiatuvinha;-25,41118;-49,36184;2025-03-05 18:40:00.0;0,00
CURITIBA;410690201A;PR;Butiatuvinha;-25,41118;-49,36184;2025-03-05 19:40:00.0;0,00
CURITIBA;410690201A;PR;Butiatuvinha;-25,41118;-49,36184;2025-03-05 20:40:00.0;0,00
CURITIBA;410690201A;PR;Butiatuvinha;-25,41118;-49,36184;2025-03-05 21:40:00.0;0,00
CURITIBA;410690201A;PR;Butiatuvinha;-25,41118;-49,36184;2025-03-05 22:40:00.0;0,00
CURITIBA;410690201A;PR;Butiatuvinha;-25,41118;-49,36184;2025-03-05 23:40:00.0;0,00
CURITIBA;410690201A;PR;Butiatuvinha;-25,41118;-49,36184;2025-03-06 00:40:00.0;0,00
CURITIBA;410690201A;PR;Butiatuvinha;-25,41118;-49,36184;2025-03-06 01:40:00.0;0,00
CURITIBA;410690201A;PR;Butiatuvinha;-25,41118;-49,36184;2025-03-06 02:40:00.0;0,00
CURITIBA;410690201A;PR;Butiatuvinha;-25,41118;-49,36184;2025-03-06 03:40:00.0;0,00
CURITIBA;410690201A;PR;Butiatuvinha;-25,41118;-49,36184;2025-03-06 04:40:00.0;0,00
CURITIBA;410690201A;PR;Butiatuvinha;-25,41118;-49,36184;2025-03-06 05:40:00.0;0,00
CURITIBA;410690201A;PR;Butiatuvinha;-25,41118;-49,36184;2025-03-06 06:40:00.0;0,00
CURITIBA;410690201A;PR;Butiatuvinha;-25,41118;-49,36184;2025-03-06 07:40:00.0;0,00
CURITIBA;410690201A;PR;Butiatuvinha;-25,41118;-49,36184;2025-03-06 08:40:00.0;0,00
CURITIBA;410690201A;PR;Butiatuvinha;-25,41118;-49,36184;2025-03-06 09:40:00.0;0,00
CURITIBA;410690201A;PR;Butiatuvinha;-25,41118;-49,36184;2025-03-06 10:40:00.0;0,00
CURITIBA;410690201A;PR;Butiatuvinha;-25,41118;-49,36184;2025-03-06 11:40:00.0;0,00
CURITIBA;410690201A;PR;Butiatuvinha;-25,41118;-49,36184;2025-03-06 12:40:00.0;0,00
CURITIBA;410690201A;PR;Butiatuvinha;-25,41118;-49,36184;2025-03-06 13:40:00.0;0,00
CURITIBA;410690201A;PR;Butiatuvinha;-25,41118;-49,36184;2025-03-06 14:40:00.0;0,00
CURITIBA;410690201A;PR;Butiatuvinha;-25,41118;-49,36184;2025-03-06 15:40:00.0;0,00
CURITIBA;410690201A;PR;Butiatuvinha;-25,41118;-49,36184;2025-03-06 16:40:00.0;0,00
CURITIBA;410690201A;PR;Butiatuvinha;-25,41118;-49,36184;2025-03-06 17:40:00.0;0,00
CURITIBA;410690201A;PR;Butiatuvinha;-25,41118;-49,36184;2025-03-06 18:40:00.0;0,00
CURITIBA;410690201A;PR;Butiatuvinha;-25,41118;-49,36184;2025-03-06 19:40:00.0;0,00
CURITIBA;410690201A;PR;Butiatuvinha;-25,41118;-49,36184;2025-03-06 20:40:00.0;0,00
CURITIBA;410690201A;PR;Butiatuvinha;-25,41118;-49,36184;2025-03-06 21:40:00.0;0,00
CURITIBA;410690201A;PR;Butiatuvinha;-25,41118;-49,36184;2025-03-06 22:40:00.0;0,00
CURITIBA;410690201A;PR;Butiatuvinha;-25,41118;-49,36184;2025-03-06 23:40:00.0;0,00
CURITIBA;410690201A;PR;Butiatuvinha;-25,41118;-49,36184;2025-03-07 00:40:00.0;0,00
CURITIBA;410690201A;PR;Butiatuvinha;-25,41118;-49,36184;2025-03-07 01:40:00.0;0,00
CURITIBA;410690201A;PR;Butiatuvinha;-25,41118;-49,36184;2025-03-07 02:40:00.0;0,00
CURITIBA;410690201A;PR;Butiatuvinha;-25,41118;-49,36184;2025-03-07 03:40:00.0;0,00
CURITIBA;410690201A;PR;Butiatuvinha;-25,41118;-49,36184;2025-03-07 04:40:00.0;0,00
CURITIBA;410690201A;PR;Butiatuvinha;-25,41118;-49,36184;2025-03-07 05:40:00.0;0,00
CURITIBA;410690201A;PR;Butiatuvinha;-25,41118;-49,36184;2025-03-07 06:40:00.0;0,00
CURITIBA;410690201A;PR;Butiatuvinha;-25,41118;-49,36184;2025-03-07 07:40:00.0;0,00
CURITIBA;410690201A;PR;Butiatuvinha;-25,41118;-49,36184;2025-03-07 08:40:00.0;0,00
CURITIBA;410690201A;PR;Butiatuvinha;-25,41118;-49,36184;2025-03-07 09:40:00.0;0,00
CURITIBA;410690201A;PR;Butiatuvinha;-25,41118;-49,36184;2025-03-07 10:40:00.0;0,00
CURITIBA;410690201A;PR;Butiatuvinha;-25,41118;-49,36184;2025-03-07 11:40:00.0;0,00
CURITIBA;410690201A;PR;Butiatuvinha;-25,41118;-49,36184;2025-03-07 12:40:00.0;0,00
CURITIBA;410690201A;PR;Butiatuvinha;-25,41118;-49,36184;2025-03-07 13:40:00.0;0,00
CURITIBA;410690201A;PR;Butiatuvinha;-25,41118;-49,36184;2025-03-07 14:40:00.0;0,00
CURITIBA;410690201A;PR;Butiatuvinha;-25,41118;-49,36184;2025-03-07 15:40:00.0;0,00
CURITIBA;410690201A;PR;Butiatuvinha;-25,41118;-49,36184;2025-03-07 16:40:00.0;0,00
CURITIBA;410690201A;PR;Butiatuvinha;-25,41118;-49,36184;2025-03-07 17:40:00.0;0,00
CURITIBA;410690201A;PR;Butiatuvinha;-25,41118;-49,36184;2025-03-07 18:40:00.0;0,00
CURITIBA;410690201A;PR;Butiatuvinha;-25,41118;-49,36184;2025-03-07 19:40:00.0;0,00
CURITIBA;410690201A;PR;Butiatuvinha;-25,41118;-49,36184;2025-03-07 20:40:00.0;0,00
CURITIBA;410690201A;PR;Butiatuvinha;-25,41118;-49,36184;2025-03-07 21:40:00.0;0,00
CURITIBA;410690201A;PR;Butiatuvinha;-25,41118;-49,36184;2025-03-07 22:40:00.0;0,00
CURITIBA;410690201A;PR;Butiatuvinha;-25,41118;-49,36184;2025-03-07 23:40:00.0;0,00
CURITIBA;410690201A;PR;Butiatuvinha;-25,41118;-49,36184;2025-03-08 00:40:00.0;0,00
CURITIBA;410690201A;PR;Butiatuvinha;-25,41118;-49,36184;2025-03-08 01:40:00.0;0,00
CURITIBA;410690201A;PR;Butiatuvinha;-25,41118;-49,36184;2025-03-08 02:40:00.0;0,00
CURITIBA;410690201A;PR;Butiatuvinha;-25,41118;-49,36184;2025-03-08 03:40:00.0;0,00
CURITIBA;410690201A;PR;Butiatuvinha;-25,41118;-49,36184;2025-03-08 04:40:00.0;0,00
CURITIBA;410690201A;PR;Butiatuvinha;-25,41118;-49,36184;2025-03-08 05:40:00.0;0,00
CURITIBA;410690201A;PR;Butiatuvinha;-25,41118;-49,36184;2025-03-08 06:40:00.0;0,00
CURITIBA;410690201A;PR;Butiatuvinha;-25,41118;-49,36184;2025-03-08 07:40:00.0;0,00
CURITIBA;410690201A;PR;Butiatuvinha;-25,41118;-49,36184;2025-03-08 08:40:00.0;0,00
CURITIBA;410690201A;PR;Butiatuvinha;-25,41118;-49,36184;2025-03-08 09:40:00.0;0,00
CURITIBA;410690201A;PR;Butiatuvinha;-25,41118;-49,36184;2025-03-08 10:40:00.0;0,00
CURITIBA;410690201A;PR;Butiatuvinha;-25,41118;-49,36184;2025-03-08 11:40:00.0;0,00
CURITIBA;410690201A;PR;Butiatuvinha;-25,41118;-49,36184;2025-03-08 12:40:00.0;0,00
CURITIBA;410690201A;PR;Butiatuvinha;-25,41118;-49,36184;2025-03-08 13:40:00.0;0,00
CURITIBA;410690201A;PR;Butiatuvinha;-25,41118;-49,36184;2025-03-08 14:40:00.0;0,00
CURITIBA;410690201A;PR;Butiatuvinha;-25,41118;-49,36184;2025-03-08 15:40:00.0;0,00
CURITIBA;410690201A;PR;Butiatuvinha;-25,41118;-49,36184;2025-03-08 16:40:00.0;0,00
CURITIBA;410690201A;PR;Butiatuvinha;-25,41118;-49,36184;2025-03-08 17:40:00.0;0,00
CURITIBA;410690201A;PR;Butiatuvinha;-25,41118;-49,36184;2025-03-08 18:40:00.0;0,00
CURITIBA;410690201A;PR;Butiatuvinha;-25,41118;-49,36184;2025-03-08 19:40:00.0;0,00
CURITIBA;410690201A;PR;Butiatuvinha;-25,41118;-49,36184;2025-03-08 20:40:00.0;0,00
CURITIBA;410690201A;PR;Butiatuvinha;-25,41118;-49,36184;2025-03-08 21:40:00.0;0,00
CURITIBA;410690201A;PR;Butiatuvinha;-25,41118;-49,36184;2025-03-08 22:40:00.0;0,00
CURITIBA;410690201A;PR;Butiatuvinha;-25,41118;-49,36184;2025-03-08 23:40:00.0;0,00
CURITIBA;410690201A;PR;Butiatuvinha;-25,41118;-49,36184;2025-03-09 00:40:00.0;0,00
CURITIBA;410690201A;PR;Butiatuvinha;-25,41118;-49,36184;2025-03-09 01:40:00.0;0,00
CURITIBA;410690201A;PR;Butiatuvinha;-25,41118;-49,36184;2025-03-09 02:40:00.0;0,00
CURITIBA;410690201A;PR;Butiatuvinha;-25,41118;-49,36184;2025-03-09 03:40:00.0;0,00
CURITIBA;410690201A;PR;Butiatuvinha;-25,41118;-49,36184;2025-03-09 04:40:00.0;0,00
CURITIBA;410690201A;PR;Butiatuvinha;-25,41118;-49,36184;2025-03-09 05:40:00.0;0,00
CURITIBA;410690201A;PR;Butiatuvinha;-25,41118;-49,36184;2025-03-09 06:40:00.0;0,00
CURITIBA;410690201A;PR;Butiatuvinha;-25,41118;-49,36184;2025-03-09 07:40:00.0;0,00
CURITIBA;410690201A;PR;Butiatuvinha;-25,41118;-49,36184;2025-03-09 08:40:00.0;0,00
CURITIBA;410690201A;PR;Butiatuvinha;-25,41118;-49,36184;2025-03-09 09:40:00.0;0,00
CURITIBA;410690201A;PR;Butiatuvinha;-25,41118;-49,36184;2025-03-09 10:40:00.0;0,00
CURITIBA;410690201A;PR;Butiatuvinha;-25,41118;-49,36184;2025-03-09 11:40:00.0;0,00
CURITIBA;410690201A;PR;Butiatuvinha;-25,41118;-49,36184;2025-03-09 12:40:00.0;0,00
CURITIBA;410690201A;PR;Butiatuvinha;-25,41118;-49,36184;2025-03-09 13:40:00.0;0,00
CURITIBA;410690201A;PR;Butiatuvinha;-25,41118;-49,36184;2025-03-09 14:40:00.0;0,00
CURITIBA;410690201A;PR;Butiatuvinha;-25,41118;-49,36184;2025-03-09 15:40:00.0;0,00
CURITIBA;410690201A;PR;Butiatuvinha;-25,41118;-49,36184;2025-03-09 16:40:00.0;0,00
CURITIBA;410690201A;PR;Butiatuvinha;-25,41118;-49,36184;2025-03-09 17:40:00.0;0,00
CURITIBA;410690201A;PR;Butiatuvinha;-25,41118;-49,36184;2025-03-09 18:40:00.0;0,00
CURITIBA;410690201A;PR;Butiatuvinha;-25,41118;-49,36184;2025-03-09 19:40:00.0;0,00
CURITIBA;410690201A;PR;Butiatuvinha;-25,41118;-49,36184;2025-03-09 20:40:00.0;0,00
CURITIBA;410690201A;PR;Butiatuvinha;-25,41118;-49,36184;2025-03-09 21:30:00.0;0,40
CURITIBA;410690201A;PR;Butiatuvinha;-25,41118;-49,36184;2025-03-09 21:40:00.0;1,60
CURITIBA;410690201A;PR;Butiatuvinha;-25,41118;-49,36184;2025-03-09 22:30:00.0;0,20
CURITIBA;410690201A;PR;Butiatuvinha;-25,41118;-49,36184;2025-03-09 22:40:00.0;0,40
CURITIBA;410690201A;PR;Butiatuvinha;-25,41118;-49,36184;2025-03-09 22:50:00.0;1,20
CURITIBA;410690201A;PR;Butiatuvinha;-25,41118;-49,36184;2025-03-09 23:00:00.0;0,40
CURITIBA;410690201A;PR;Butiatuvinha;-25,41118;-49,36184;2025-03-09 23:20:00.0;0,20
CURITIBA;410690201A;PR;Butiatuvinha;-25,41118;-49,36184;2025-03-09 23:40:00.0;0,00
CURITIBA;410690201A;PR;Butiatuvinha;-25,41118;-49,36184;2025-03-10 00:40:00.0;0,00
CURITIBA;410690201A;PR;Butiatuvinha;-25,41118;-49,36184;2025-03-10 01:40:00.0;0,00
CURITIBA;410690201A;PR;Butiatuvinha;-25,41118;-49,36184;2025-03-10 02:40:00.0;0,00
CURITIBA;410690201A;PR;Butiatuvinha;-25,41118;-49,36184;2025-03-10 03:40:00.0;0,00
CURITIBA;410690201A;PR;Butiatuvinha;-25,41118;-49,36184;2025-03-10 04:40:00.0;0,00
CURITIBA;410690201A;PR;Butiatuvinha;-25,41118;-49,36184;2025-03-10 05:40:00.0;0,00
CURITIBA;410690201A;PR;Butiatuvinha;-25,41118;-49,36184;2025-03-10 06:40:00.0;0,00
CURITIBA;410690201A;PR;Butiatuvinha;-25,41118;-49,36184;2025-03-10 07:40:00.0;0,00
CURITIBA;410690201A;PR;Butiatuvinha;-25,41118;-49,36184;2025-03-10 08:40:00.0;0,00
CURITIBA;410690201A;PR;Butiatuvinha;-25,41118;-49,36184;2025-03-10 09:40:00.0;0,00
CURITIBA;410690201A;PR;Butiatuvinha;-25,41118;-49,36184;2025-03-10 10:40:00.0;0,00
CURITIBA;410690201A;PR;Butiatuvinha;-25,41118;-49,36184;2025-03-10 11:40:00.0;0,00
CURITIBA;410690201A;PR;Butiatuvinha;-25,41118;-49,36184;2025-03-10 12:40:00.0;0,00
CURITIBA;410690201A;PR;Butiatuvinha;-25,41118;-49,36184;2025-03-10 13:40:00.0;0,00
CURITIBA;410690201A;PR;Butiatuvinha;-25,41118;-49,36184;2025-03-10 14:40:00.0;0,00
CURITIBA;410690201A;PR;Butiatuvinha;-25,41118;-49,36184;2025-03-10 15:40:00.0;0,00
CURITIBA;410690201A;PR;Butiatuvinha;-25,41118;-49,36184;2025-03-10 16:40:00.0;0,00
CURITIBA;410690201A;PR;Butiatuvinha;-25,41118;-49,36184;2025-03-10 17:40:00.0;0,00
CURITIBA;410690201A;PR;Butiatuvinha;-25,41118;-49,36184;2025-03-10 18:40:00.0;0,00
CURITIBA;410690201A;PR;Butiatuvinha;-25,41118;-49,36184;2025-03-10 19:40:00.0;0,00
CURITIBA;410690201A;PR;Butiatuvinha;-25,41118;-49,36184;2025-03-10 20:40:00.0;0,00
CURITIBA;410690201A;PR;Butiatuvinha;-25,41118;-49,36184;2025-03-10 21:40:00.0;0,00
CURITIBA;410690201A;PR;Butiatuvinha;-25,41118;-49,36184;2025-03-10 22:40:00.0;0,00
CURITIBA;410690201A;PR;Butiatuvinha;-25,41118;-49,36184;2025-03-10 23:40:00.0;0,00
CURITIBA;410690201A;PR;Butiatuvinha;-25,41118;-49,36184;2025-03-11 00:40:00.0;0,00
CURITIBA;410690201A;PR;Butiatuvinha;-25,41118;-49,36184;2025-03-11 01:40:00.0;0,00
CURITIBA;410690201A;PR;Butiatuvinha;-25,41118;-49,36184;2025-03-11 02:40:00.0;0,00
CURITIBA;410690201A;PR;Butiatuvinha;-25,41118;-49,36184;2025-03-11 03:40:00.0;0,00
CURITIBA;410690201A;PR;Butiatuvinha;-25,41118;-49,36184;2025-03-11 04:40:00.0;0,00
CURITIBA;410690201A;PR;Butiatuvinha;-25,41118;-49,36184;2025-03-11 05:40:00.0;0,00
CURITIBA;410690201A;PR;Butiatuvinha;-25,41118;-49,36184;2025-03-11 06:40:00.0;0,00
CURITIBA;410690201A;PR;Butiatuvinha;-25,41118;-49,36184;2025-03-11 07:40:00.0;0,00
CURITIBA;410690201A;PR;Butiatuvinha;-25,41118;-49,36184;2025-03-11 08:40:00.0;0,00
CURITIBA;410690201A;PR;Butiatuvinha;-25,41118;-49,36184;2025-03-11 09:40:00.0;0,00
CURITIBA;410690201A;PR;Butiatuvinha;-25,41118;-49,36184;2025-03-11 10:40:00.0;0,00
CURITIBA;410690201A;PR;Butiatuvinha;-25,41118;-49,36184;2025-03-11 11:40:00.0;0,00
CURITIBA;410690201A;PR;Butiatuvinha;-25,41118;-49,36184;2025-03-11 12:40:00.0;0,00
CURITIBA;410690201A;PR;Butiatuvinha;-25,41118;-49,36184;2025-03-11 13:40:00.0;0,00
CURITIBA;410690201A;PR;Butiatuvinha;-25,41118;-49,36184;2025-03-11 14:40:00.0;0,00
CURITIBA;410690201A;PR;Butiatuvinha;-25,41118;-49,36184;2025-03-11 15:40:00.0;0,00
CURITIBA;410690201A;PR;Butiatuvinha;-25,41118;-49,36184;2025-03-11 16:40:00.0;0,00
CURITIBA;410690201A;PR;Butiatuvinha;-25,41118;-49,36184;2025-03-11 17:40:00.0;0,00
CURITIBA;410690201A;PR;Butiatuvinha;-25,41118;-49,36184;2025-03-11 18:40:00.0;0,00
CURITIBA;410690201A;PR;Butiatuvinha;-25,41118;-49,36184;2025-03-11 19:40:00.0;0,00
CURITIBA;410690201A;PR;Butiatuvinha;-25,41118;-49,36184;2025-03-11 20:40:00.0;0,00
CURITIBA;410690201A;PR;Butiatuvinha;-25,41118;-49,36184;2025-03-11 21:40:00.0;0,60
CURITIBA;410690201A;PR;Butiatuvinha;-25,41118;-49,36184;2025-03-11 21:50:00.0;0,40
CURITIBA;410690201A;PR;Butiatuvinha;-25,41118;-49,36184;2025-03-11 22:00:00.0;0,60
CURITIBA;410690201A;PR;Butiatuvinha;-25,41118;-49,36184;2025-03-11 22:10:00.0;0,80
CURITIBA;410690201A;PR;Butiatuvinha;-25,41118;-49,36184;2025-03-11 22:20:00.0;0,60
CURITIBA;410690201A;PR;Butiatuvinha;-25,41118;-49,36184;2025-03-11 22:30:00.0;1,00
CURITIBA;410690201A;PR;Butiatuvinha;-25,41118;-49,36184;2025-03-11 22:40:00.0;1,20
CURITIBA;410690201A;PR;Butiatuvinha;-25,41118;-49,36184;2025-03-11 22:50:00.0;1,20
CURITIBA;410690201A;PR;Butiatuvinha;-25,41118;-49,36184;2025-03-11 23:00:00.0;1,00
CURITIBA;410690201A;PR;Butiatuvinha;-25,41118;-49,36184;2025-03-11 23:10:00.0;1,00
CURITIBA;410690201A;PR;Butiatuvinha;-25,41118;-49,36184;2025-03-11 23:20:00.0;1,20
CURITIBA;410690201A;PR;Butiatuvinha;-25,41118;-49,36184;2025-03-11 23:30:00.0;0,80
CURITIBA;410690201A;PR;Butiatuvinha;-25,41118;-49,36184;2025-03-11 23:40:00.0;1,00
CURITIBA;410690201A;PR;Butiatuvinha;-25,41118;-49,36184;2025-03-11 23:50:00.0;1,00
CURITIBA;410690201A;PR;Butiatuvinha;-25,41118;-49,36184;2025-03-12 00:00:00.0;0,40
CURITIBA;410690201A;PR;Butiatuvinha;-25,41118;-49,36184;2025-03-12 00:10:00.0;0,40
CURITIBA;410690201A;PR;Butiatuvinha;-25,41118;-49,36184;2025-03-12 00:20:00.0;0,20
CURITIBA;410690201A;PR;Butiatuvinha;-25,41118;-49,36184;2025-03-12 00:30:00.0;0,20
CURITIBA;410690201A;PR;Butiatuvinha;-25,41118;-49,36184;2025-03-12 00:40:00.0;0,40
CURITIBA;410690201A;PR;Butiatuvinha;-25,41118;-49,36184;2025-03-12 01:40:00.0;0,00
CURITIBA;410690201A;PR;Butiatuvinha;-25,41118;-49,36184;2025-03-12 02:40:00.0;0,00
CURITIBA;410690201A;PR;Butiatuvinha;-25,41118;-49,36184;2025-03-12 03:40:00.0;0,00
CURITIBA;410690201A;PR;Butiatuvinha;-25,41118;-49,36184;2025-03-12 04:40:00.0;0,00
CURITIBA;410690201A;PR;Butiatuvinha;-25,41118;-49,36184;2025-03-12 05:40:00.0;0,00
CURITIBA;410690201A;PR;Butiatuvinha;-25,41118;-49,36184;2025-03-12 06:40:00.0;0,00
CURITIBA;410690201A;PR;Butiatuvinha;-25,41118;-49,36184;2025-03-12 07:40:00.0;0,00
CURITIBA;410690201A;PR;Butiatuvinha;-25,41118;-49,36184;2025-03-12 08:40:00.0;0,00
CURITIBA;410690201A;PR;Butiatuvinha;-25,41118;-49,36184;2025-03-12 09:40:00.0;0,00
CURITIBA;410690201A;PR;Butiatuvinha;-25,41118;-49,36184;2025-03-12 10:40:00.0;0,00
CURITIBA;410690201A;PR;Butiatuvinha;-25,41118;-49,36184;2025-03-12 11:40:00.0;0,00
CURITIBA;410690201A;PR;Butiatuvinha;-25,41118;-49,36184;2025-03-12 12:40:00.0;0,00
CURITIBA;410690201A;PR;Butiatuvinha;-25,41118;-49,36184;2025-03-12 13:40:00.0;0,00
CURITIBA;410690201A;PR;Butiatuvinha;-25,41118;-49,36184;2025-03-12 14:40:00.0;0,00
CURITIBA;410690201A;PR;Butiatuvinha;-25,41118;-49,36184;2025-03-12 15:40:00.0;0,00
CURITIBA;410690201A;PR;Butiatuvinha;-25,41118;-49,36184;2025-03-12 16:40:00.0;0,00
CURITIBA;410690201A;PR;Butiatuvinha;-25,41118;-49,36184;2025-03-12 17:20:00.0;0,20
CURITIBA;410690201A;PR;Butiatuvinha;-25,41118;-49,36184;2025-03-12 17:40:00.0;0,00
CURITIBA;410690201A;PR;Butiatuvinha;-25,41118;-49,36184;2025-03-12 18:40:00.0;0,00
CURITIBA;410690201A;PR;Butiatuvinha;-25,41118;-49,36184;2025-03-12 19:40:00.0;0,00
CURITIBA;410690201A;PR;Butiatuvinha;-25,41118;-49,36184;2025-03-12 20:40:00.0;0,00
CURITIBA;410690201A;PR;Butiatuvinha;-25,41118;-49,36184;2025-03-12 21:40:00.0;0,00
CURITIBA;410690201A;PR;Butiatuvinha;-25,41118;-49,36184;2025-03-12 23:30:00.0;0,20
CURITIBA;410690201A;PR;Butiatuvinha;-25,41118;-49,36184;2025-03-12 23:40:00.0;0,60
CURITIBA;410690201A;PR;Butiatuvinha;-25,41118;-49,36184;2025-03-12 23:50:00.0;0,40
CURITIBA;410690201A;PR;Butiatuvinha;-25,41118;-49,36184;2025-03-13 00:00:00.0;0,60
CURITIBA;410690201A;PR;Butiatuvinha;-25,41118;-49,36184;2025-03-13 00:10:00.0;0,40
CURITIBA;410690201A;PR;Butiatuvinha;-25,41118;-49,36184;2025-03-13 00:20:00.0;0,20
CURITIBA;410690201A;PR;Butiatuvinha;-25,41118;-49,36184;2025-03-13 00:30:00.0;0,40
CURITIBA;410690201A;PR;Butiatuvinha;-25,41118;-49,36184;2025-03-13 00:40:00.0;0,20
CURITIBA;410690201A;PR;Butiatuvinha;-25,41118;-49,36184;2025-03-13 01:10:00.0;0,20
CURITIBA;410690201A;PR;Butiatuvinha;-25,41118;-49,36184;2025-03-13 01:40:00.0;0,00
CURITIBA;410690201A;PR;Butiatuvinha;-25,41118;-49,36184;2025-03-13 02:00:00.0;0,20
CURITIBA;410690201A;PR;Butiatuvinha;-25,41118;-49,36184;2025-03-13 02:40:00.0;0,00
CURITIBA;410690201A;PR;Butiatuvinha;-25,41118;-49,36184;2025-03-13 03:10:00.0;0,20
CURITIBA;410690201A;PR;Butiatuvinha;-25,41118;-49,36184;2025-03-13 03:40:00.0;0,00
CURITIBA;410690201A;PR;Butiatuvinha;-25,41118;-49,36184;2025-03-13 04:40:00.0;0,00
CURITIBA;410690201A;PR;Butiatuvinha;-25,41118;-49,36184;2025-03-13 05:40:00.0;0,00
CURITIBA;410690201A;PR;Butiatuvinha;-25,41118;-49,36184;2025-03-13 06:40:00.0;0,20
CURITIBA;410690201A;PR;Butiatuvinha;-25,41118;-49,36184;2025-03-13 07:00:00.0;0,40
CURITIBA;410690201A;PR;Butiatuvinha;-25,41118;-49,36184;2025-03-13 07:10:00.0;0,20
CURITIBA;410690201A;PR;Butiatuvinha;-25,41118;-49,36184;2025-03-13 07:20:00.0;0,20
CURITIBA;410690201A;PR;Butiatuvinha;-25,41118;-49,36184;2025-03-13 07:30:00.0;0,20
CURITIBA;410690201A;PR;Butiatuvinha;-25,41118;-49,36184;2025-03-13 07:40:00.0;0,20
CURITIBA;410690201A;PR;Butiatuvinha;-25,41118;-49,36184;2025-03-13 08:00:00.0;0,20
CURITIBA;410690201A;PR;Butiatuvinha;-25,41118;-49,36184;2025-03-13 08:10:00.0;0,20
CURITIBA;410690201A;PR;Butiatuvinha;-25,41118;-49,36184;2025-03-13 08:20:00.0;0,20
CURITIBA;410690201A;PR;Butiatuvinha;-25,41118;-49,36184;2025-03-13 08:30:00.0;0,40
CURITIBA;410690201A;PR;Butiatuvinha;-25,41118;-49,36184;2025-03-13 08:40:00.0;0,20
CURITIBA;410690201A;PR;Butiatuvinha;-25,41118;-49,36184;2025-03-13 09:00:00.0;0,20
CURITIBA;410690201A;PR;Butiatuvinha;-25,41118;-49,36184;2025-03-13 09:40:00.0;0,00
CURITIBA;410690201A;PR;Butiatuvinha;-25,41118;-49,36184;2025-03-13 10:40:00.0;0,00
CURITIBA;410690201A;PR;Butiatuvinha;-25,41118;-49,36184;2025-03-13 11:40:00.0;0,00
CURITIBA;410690201A;PR;Butiatuvinha;-25,41118;-49,36184;2025-03-13 12:40:00.0;0,00
CURITIBA;410690201A;PR;Butiatuvinha;-25,41118;-49,36184;2025-03-13 13:40:00.0;0,00
CURITIBA;410690201A;PR;Butiatuvinha;-25,41118;-49,36184;2025-03-13 14:40:00.0;0,00
CURITIBA;410690201A;PR;Butiatuvinha;-25,41118;-49,36184;2025-03-13 15:40:00.0;0,00
CURITIBA;410690201A;PR;Butiatuvinha;-25,41118;-49,36184;2025-03-13 16:30:00.0;0,20
CURITIBA;410690201A;PR;Butiatuvinha;-25,41118;-49,36184;2025-03-13 16:40:00.0;0,00
CURITIBA;410690201A;PR;Butiatuvinha;-25,41118;-49,36184;2025-03-13 17:40:00.0;0,00
CURITIBA;410690201A;PR;Butiatuvinha;-25,41118;-49,36184;2025-03-13 18:40:00.0;0,00
CURITIBA;410690201A;PR;Butiatuvinha;-25,41118;-49,36184;2025-03-13 19:20:00.0;0,40
CURITIBA;410690201A;PR;Butiatuvinha;-25,41118;-49,36184;2025-03-13 19:30:00.0;0,80
CURITIBA;410690201A;PR;Butiatuvinha;-25,41118;-49,36184;2025-03-13 19:40:00.0;0,00
CURITIBA;410690201A;PR;Butiatuvinha;-25,41118;-49,36184;2025-03-13 19:50:00.0;0,20
CURITIBA;410690201A;PR;Butiatuvinha;-25,41118;-49,36184;2025-03-13 20:00:00.0;0,20
CURITIBA;410690201A;PR;Butiatuvinha;-25,41118;-49,36184;2025-03-13 20:40:00.0;0,00
CURITIBA;410690201A;PR;Butiatuvinha;-25,41118;-49,36184;2025-03-13 21:40:00.0;0,00
CURITIBA;410690201A;PR;Butiatuvinha;-25,41118;-49,36184;2025-03-13 22:40:00.0;0,00
CURITIBA;410690201A;PR;Butiatuvinha;-25,41118;-49,36184;2025-03-13 23:30:00.0;0,20
CURITIBA;410690201A;PR;Butiatuvinha;-25,41118;-49,36184;2025-03-13 23:40:00.0;0,00
CURITIBA;410690201A;PR;Butiatuvinha;-25,41118;-49,36184;2025-03-14 00:40:00.0;0,00
CURITIBA;410690201A;PR;Butiatuvinha;-25,41118;-49,36184;2025-03-14 01:40:00.0;0,00
CURITIBA;410690201A;PR;Butiatuvinha;-25,41118;-49,36184;2025-03-14 02:00:00.0;0,40
CURITIBA;410690201A;PR;Butiatuvinha;-25,41118;-49,36184;2025-03-14 02:20:00.0;0,20
CURITIBA;410690201A;PR;Butiatuvinha;-25,41118;-49,36184;2025-03-14 02:40:00.0;0,00
CURITIBA;410690201A;PR;Butiatuvinha;-25,41118;-49,36184;2025-03-14 03:40:00.0;0,00
CURITIBA;410690201A;PR;Butiatuvinha;-25,41118;-49,36184;2025-03-14 04:40:00.0;0,00
CURITIBA;410690201A;PR;Butiatuvinha;-25,41118;-49,36184;2025-03-14 05:40:00.0;0,00
CURITIBA;410690201A;PR;Butiatuvinha;-25,41118;-49,36184;2025-03-14 06:40:00.0;0,00
CURITIBA;410690201A;PR;Butiatuvinha;-25,41118;-49,36184;2025-03-14 07:40:00.0;0,00
CURITIBA;410690201A;PR;Butiatuvinha;-25,41118;-49,36184;2025-03-14 08:40:00.0;0,00
CURITIBA;410690201A;PR;Butiatuvinha;-25,41118;-49,36184;2025-03-14 09:40:00.0;0,00
CURITIBA;410690201A;PR;Butiatuvinha;-25,41118;-49,36184;2025-03-14 10:40:00.0;0,00
CURITIBA;410690201A;PR;Butiatuvinha;-25,41118;-49,36184;2025-03-14 11:40:00.0;0,00
CURITIBA;410690201A;PR;Butiatuvinha;-25,41118;-49,36184;2025-03-14 12:40:00.0;0,00
CURITIBA;410690201A;PR;Butiatuvinha;-25,41118;-49,36184;2025-03-14 13:40:00.0;0,00
CURITIBA;410690201A;PR;Butiatuvinha;-25,41118;-49,36184;2025-03-14 14:40:00.0;0,00
CURITIBA;410690201A;PR;Butiatuvinha;-25,41118;-49,36184;2025-03-14 15:40:00.0;0,00
CURITIBA;410690201A;PR;Butiatuvinha;-25,41118;-49,36184;2025-03-14 16:40:00.0;0,00
CURITIBA;410690201A;PR;Butiatuvinha;-25,41118;-49,36184;2025-03-14 17:40:00.0;0,00
CURITIBA;410690201A;PR;Butiatuvinha;-25,41118;-49,36184;2025-03-14 18:40:00.0;0,00
CURITIBA;410690201A;PR;Butiatuvinha;-25,41118;-49,36184;2025-03-14 19:40:00.0;0,00
CURITIBA;410690201A;PR;Butiatuvinha;-25,41118;-49,36184;2025-03-14 20:40:00.0;0,00
CURITIBA;410690201A;PR;Butiatuvinha;-25,41118;-49,36184;2025-03-14 21:40:00.0;0,00
CURITIBA;410690201A;PR;Butiatuvinha;-25,41118;-49,36184;2025-03-14 22:40:00.0;0,00
CURITIBA;410690201A;PR;Butiatuvinha;-25,41118;-49,36184;2025-03-14 23:40:00.0;0,00
CURITIBA;410690201A;PR;Butiatuvinha;-25,41118;-49,36184;2025-03-15 00:40:00.0;0,00
CURITIBA;410690201A;PR;Butiatuvinha;-25,41118;-49,36184;2025-03-15 01:40:00.0;0,00
CURITIBA;410690201A;PR;Butiatuvinha;-25,41118;-49,36184;2025-03-15 02:40:00.0;0,00
CURITIBA;410690201A;PR;Butiatuvinha;-25,41118;-49,36184;2025-03-15 03:40:00.0;0,00
CURITIBA;410690201A;PR;Butiatuvinha;-25,41118;-49,36184;2025-03-15 04:40:00.0;0,00
CURITIBA;410690201A;PR;Butiatuvinha;-25,41118;-49,36184;2025-03-15 05:40:00.0;0,00
CURITIBA;410690201A;PR;Butiatuvinha;-25,41118;-49,36184;2025-03-15 06:40:00.0;0,00
CURITIBA;410690201A;PR;Butiatuvinha;-25,41118;-49,36184;2025-03-15 07:40:00.0;0,00
CURITIBA;410690201A;PR;Butiatuvinha;-25,41118;-49,36184;2025-03-15 08:40:00.0;0,00
CURITIBA;410690201A;PR;Butiatuvinha;-25,41118;-49,36184;2025-03-15 09:40:00.0;0,00
CURITIBA;410690201A;PR;Butiatuvinha;-25,41118;-49,36184;2025-03-15 10:40:00.0;0,00
CURITIBA;410690201A;PR;Butiatuvinha;-25,41118;-49,36184;2025-03-15 11:40:00.0;0,00
CURITIBA;410690201A;PR;Butiatuvinha;-25,41118;-49,36184;2025-03-15 12:40:00.0;0,00
CURITIBA;410690201A;PR;Butiatuvinha;-25,41118;-49,36184;2025-03-15 13:40:00.0;0,00
CURITIBA;410690201A;PR;Butiatuvinha;-25,41118;-49,36184;2025-03-15 14:40:00.0;0,00
CURITIBA;410690201A;PR;Butiatuvinha;-25,41118;-49,36184;2025-03-15 15:40:00.0;0,00
CURITIBA;410690201A;PR;Butiatuvinha;-25,41118;-49,36184;2025-03-15 16:40:00.0;0,00
CURITIBA;410690201A;PR;Butiatuvinha;-25,41118;-49,36184;2025-03-15 18:40:00.0;0,00
CURITIBA;410690201A;PR;Butiatuvinha;-25,41118;-49,36184;2025-03-15 19:20:00.0;0,80
CURITIBA;410690201A;PR;Butiatuvinha;-25,41118;-49,36184;2025-03-15 19:30:00.0;0,20
CURITIBA;410690201A;PR;Butiatuvinha;-25,41118;-49,36184;2025-03-15 19:40:00.0;0,00
CURITIBA;410690201A;PR;Butiatuvinha;-25,41118;-49,36184;2025-03-15 19:50:00.0;0,40
CURITIBA;410690201A;PR;Butiatuvinha;-25,41118;-49,36184;2025-03-15 20:00:00.0;3,20
CURITIBA;410690201A;PR;Butiatuvinha;-25,41118;-49,36184;2025-03-15 20:10:00.0;0,20
CURITIBA;410690201A;PR;Butiatuvinha;-25,41118;-49,36184;2025-03-15 20:20:00.0;0,80
CURITIBA;410690201A;PR;Butiatuvinha;-25,41118;-49,36184;2025-03-15 20:40:00.0;0,00
CURITIBA;410690201A;PR;Butiatuvinha;-25,41118;-49,36184;2025-03-15 21:40:00.0;0,00
CURITIBA;410690201A;PR;Butiatuvinha;-25,41118;-49,36184;2025-03-15 22:40:00.0;0,00
CURITIBA;410690201A;PR;Butiatuvinha;-25,41118;-49,36184;2025-03-15 23:40:00.0;0,00
CURITIBA;410690201A;PR;Butiatuvinha;-25,41118;-49,36184;2025-03-16 00:40:00.0;0,00
CURITIBA;410690201A;PR;Butiatuvinha;-25,41118;-49,36184;2025-03-16 01:40:00.0;0,00
CURITIBA;410690201A;PR;Butiatuvinha;-25,41118;-49,36184;2025-03-16 02:40:00.0;0,00
CURITIBA;410690201A;PR;Butiatuvinha;-25,41118;-49,36184;2025-03-16 03:40:00.0;0,60
CURITIBA;410690201A;PR;Butiatuvinha;-25,41118;-49,36184;2025-03-16 03:50:00.0;0,20
CURITIBA;410690201A;PR;Butiatuvinha;-25,41118;-49,36184;2025-03-16 04:00:00.0;0,80
CURITIBA;410690201A;PR;Butiatuvinha;-25,41118;-49,36184;2025-03-16 04:10:00.0;0,20
CURITIBA;410690201A;PR;Butiatuvinha;-25,41118;-49,36184;2025-03-16 04:20:00.0;0,20
CURITIBA;410690201A;PR;Butiatuvinha;-25,41118;-49,36184;2025-03-16 04:30:00.0;0,20
CURITIBA;410690201A;PR;Butiatuvinha;-25,41118;-49,36184;2025-03-16 04:40:00.0;0,00
CURITIBA;410690201A;PR;Butiatuvinha;-25,41118;-49,36184;2025-03-16 05:40:00.0;0,00
CURITIBA;410690201A;PR;Butiatuvinha;-25,41118;-49,36184;2025-03-16 06:40:00.0;0,00
CURITIBA;410690201A;PR;Butiatuvinha;-25,41118;-49,36184;2025-03-16 07:40:00.0;0,00
CURITIBA;410690201A;PR;Butiatuvinha;-25,41118;-49,36184;2025-03-16 08:40:00.0;0,00
CURITIBA;410690201A;PR;Butiatuvinha;-25,41118;-49,36184;2025-03-16 09:40:00.0;0,00
CURITIBA;410690201A;PR;Butiatuvinha;-25,41118;-49,36184;2025-03-16 10:40:00.0;0,00
CURITIBA;410690201A;PR;Butiatuvinha;-25,41118;-49,36184;2025-03-16 11:40:00.0;0,00
CURITIBA;410690201A;PR;Butiatuvinha;-25,41118;-49,36184;2025-03-16 12:40:00.0;0,00
CURITIBA;410690201A;PR;Butiatuvinha;-25,41118;-49,36184;2025-03-16 13:40:00.0;0,00
CURITIBA;410690201A;PR;Butiatuvinha;-25,41118;-49,36184;2025-03-16 14:40:00.0;0,00
CURITIBA;410690201A;PR;Butiatuvinha;-25,41118;-49,36184;2025-03-16 15:40:00.0;0,00
CURITIBA;410690201A;PR;Butiatuvinha;-25,41118;-49,36184;2025-03-16 16:40:00.0;0,00
CURITIBA;410690201A;PR;Butiatuvinha;-25,41118;-49,36184;2025-03-16 17:40:00.0;0,00
CURITIBA;410690201A;PR;Butiatuvinha;-25,41118;-49,36184;2025-03-16 18:40:00.0;0,00
CURITIBA;410690201A;PR;Butiatuvinha;-25,41118;-49,36184;2025-03-16 19:40:00.0;0,00
CURITIBA;410690201A;PR;Butiatuvinha;-25,41118;-49,36184;2025-03-16 20:40:00.0;0,00
CURITIBA;410690201A;PR;Butiatuvinha;-25,41118;-49,36184;2025-03-16 21:40:00.0;0,00
CURITIBA;410690201A;PR;Butiatuvinha;-25,41118;-49,36184;2025-03-16 22:40:00.0;0,00
CURITIBA;410690201A;PR;Butiatuvinha;-25,41118;-49,36184;2025-03-16 23:40:00.0;0,00
CURITIBA;410690201A;PR;Butiatuvinha;-25,41118;-49,36184;2025-03-17 00:40:00.0;0,00
CURITIBA;410690201A;PR;Butiatuvinha;-25,41118;-49,36184;2025-03-17 01:40:00.0;0,00
CURITIBA;410690201A;PR;Butiatuvinha;-25,41118;-49,36184;2025-03-17 02:40:00.0;0,00
CURITIBA;410690201A;PR;Butiatuvinha;-25,41118;-49,36184;2025-03-17 03:40:00.0;0,00
CURITIBA;410690201A;PR;Butiatuvinha;-25,41118;-49,36184;2025-03-17 04:40:00.0;0,00
CURITIBA;410690201A;PR;Butiatuvinha;-25,41118;-49,36184;2025-03-17 05:40:00.0;0,00
CURITIBA;410690201A;PR;Butiatuvinha;-25,41118;-49,36184;2025-03-17 06:40:00.0;0,00
CURITIBA;410690201A;PR;Butiatuvinha;-25,41118;-49,36184;2025-03-17 07:40:00.0;0,00
CURITIBA;410690201A;PR;Butiatuvinha;-25,41118;-49,36184;2025-03-17 08:40:00.0;0,00
CURITIBA;410690201A;PR;Butiatuvinha;-25,41118;-49,36184;2025-03-17 09:40:00.0;0,00
CURITIBA;410690201A;PR;Butiatuvinha;-25,41118;-49,36184;2025-03-17 10:40:00.0;0,00
CURITIBA;410690201A;PR;Butiatuvinha;-25,41118;-49,36184;2025-03-17 11:40:00.0;0,00
CURITIBA;410690201A;PR;Butiatuvinha;-25,41118;-49,36184;2025-03-17 12:40:00.0;0,00
CURITIBA;410690201A;PR;Butiatuvinha;-25,41118;-49,36184;2025-03-17 13:40:00.0;0,00
CURITIBA;410690201A;PR;Butiatuvinha;-25,41118;-49,36184;2025-03-17 14:40:00.0;0,00
CURITIBA;410690201A;PR;Butiatuvinha;-25,41118;-49,36184;2025-03-17 15:40:00.0;0,00
CURITIBA;410690201A;PR;Butiatuvinha;-25,41118;-49,36184;2025-03-17 16:40:00.0;0,00
CURITIBA;410690201A;PR;Butiatuvinha;-25,41118;-49,36184;2025-03-17 17:40:00.0;0,00
CURITIBA;410690201A;PR;Butiatuvinha;-25,41118;-49,36184;2025-03-17 18:40:00.0;0,00
CURITIBA;410690201A;PR;Butiatuvinha;-25,41118;-49,36184;2025-03-17 19:40:00.0;0,00
CURITIBA;410690201A;PR;Butiatuvinha;-25,41118;-49,36184;2025-03-17 20:40:00.0;0,00
CURITIBA;410690201A;PR;Butiatuvinha;-25,41118;-49,36184;2025-03-17 21:40:00.0;0,00
CURITIBA;410690201A;PR;Butiatuvinha;-25,41118;-49,36184;2025-03-17 22:40:00.0;0,00
CURITIBA;410690201A;PR;Butiatuvinha;-25,41118;-49,36184;2025-03-17 23:40:00.0;0,00
CURITIBA;410690201A;PR;Butiatuvinha;-25,41118;-49,36184;2025-03-18 00:40:00.0;0,00
CURITIBA;410690201A;PR;Butiatuvinha;-25,41118;-49,36184;2025-03-18 01:40:00.0;0,00
CURITIBA;410690201A;PR;Butiatuvinha;-25,41118;-49,36184;2025-03-18 02:40:00.0;0,00
CURITIBA;410690201A;PR;Butiatuvinha;-25,41118;-49,36184;2025-03-18 03:40:00.0;0,00
CURITIBA;410690201A;PR;Butiatuvinha;-25,41118;-49,36184;2025-03-18 04:40:00.0;0,00
CURITIBA;410690201A;PR;Butiatuvinha;-25,41118;-49,36184;2025-03-18 05:40:00.0;0,00
CURITIBA;410690201A;PR;Butiatuvinha;-25,41118;-49,36184;2025-03-18 06:40:00.0;0,00
CURITIBA;410690201A;PR;Butiatuvinha;-25,41118;-49,36184;2025-03-18 07:40:00.0;0,00
CURITIBA;410690201A;PR;Butiatuvinha;-25,41118;-49,36184;2025-03-18 08:40:00.0;0,00
CURITIBA;410690201A;PR;Butiatuvinha;-25,41118;-49,36184;2025-03-18 09:40:00.0;0,00
CURITIBA;410690201A;PR;Butiatuvinha;-25,41118;-49,36184;2025-03-18 10:40:00.0;0,00
CURITIBA;410690201A;PR;Butiatuvinha;-25,41118;-49,36184;2025-03-18 11:40:00.0;0,00
CURITIBA;410690201A;PR;Butiatuvinha;-25,41118;-49,36184;2025-03-18 12:40:00.0;0,00
CURITIBA;410690201A;PR;Butiatuvinha;-25,41118;-49,36184;2025-03-18 13:40:00.0;0,00
CURITIBA;410690201A;PR;Butiatuvinha;-25,41118;-49,36184;2025-03-18 14:40:00.0;0,00
CURITIBA;410690201A;PR;Butiatuvinha;-25,41118;-49,36184;2025-03-18 15:40:00.0;0,00
CURITIBA;410690201A;PR;Butiatuvinha;-25,41118;-49,36184;2025-03-18 16:40:00.0;0,00
CURITIBA;410690201A;PR;Butiatuvinha;-25,41118;-49,36184;2025-03-18 17:30:00.0;0,60
CURITIBA;410690201A;PR;Butiatuvinha;-25,41118;-49,36184;2025-03-18 17:40:00.0;0,00
CURITIBA;410690201A;PR;Butiatuvinha;-25,41118;-49,36184;2025-03-18 18:30:00.0;0,20
CURITIBA;410690201A;PR;Butiatuvinha;-25,41118;-49,36184;2025-03-18 18:40:00.0;0,40
CURITIBA;410690201A;PR;Butiatuvinha;-25,41118;-49,36184;2025-03-18 19:10:00.0;0,80
CURITIBA;410690201A;PR;Butiatuvinha;-25,41118;-49,36184;2025-03-18 19:20:00.0;0,20
CURITIBA;410690201A;PR;Butiatuvinha;-25,41118;-49,36184;2025-03-18 19:30:00.0;1,00
CURITIBA;410690201A;PR;Butiatuvinha;-25,41118;-49,36184;2025-03-18 19:40:00.0;0,80
CURITIBA;410690201A;PR;Butiatuvinha;-25,41118;-49,36184;2025-03-18 19:50:00.0;0,40
CURITIBA;410690201A;PR;Butiatuvinha;-25,41118;-49,36184;2025-03-18 20:00:00.0;0,40
CURITIBA;410690201A;PR;Butiatuvinha;-25,41118;-49,36184;2025-03-18 20:40:00.0;0,00
CURITIBA;410690201A;PR;Butiatuvinha;-25,41118;-49,36184;2025-03-18 21:40:00.0;0,00
CURITIBA;410690201A;PR;Butiatuvinha;-25,41118;-49,36184;2025-03-18 22:40:00.0;0,00
CURITIBA;410690201A;PR;Butiatuvinha;-25,41118;-49,36184;2025-03-18 23:40:00.0;0,00
CURITIBA;410690201A;PR;Butiatuvinha;-25,41118;-49,36184;2025-03-19 00:40:00.0;0,00
CURITIBA;410690201A;PR;Butiatuvinha;-25,41118;-49,36184;2025-03-19 01:40:00.0;0,00
CURITIBA;410690201A;PR;Butiatuvinha;-25,41118;-49,36184;2025-03-19 02:40:00.0;0,00
CURITIBA;410690201A;PR;Butiatuvinha;-25,41118;-49,36184;2025-03-19 03:40:00.0;0,00
CURITIBA;410690201A;PR;Butiatuvinha;-25,41118;-49,36184;2025-03-19 04:40:00.0;0,00
CURITIBA;410690201A;PR;Butiatuvinha;-25,41118;-49,36184;2025-03-19 05:40:00.0;0,00
CURITIBA;410690201A;PR;Butiatuvinha;-25,41118;-49,36184;2025-03-19 06:40:00.0;0,00
CURITIBA;410690201A;PR;Butiatuvinha;-25,41118;-49,36184;2025-03-19 07:40:00.0;0,00
CURITIBA;410690201A;PR;Butiatuvinha;-25,41118;-49,36184;2025-03-19 08:40:00.0;0,00
CURITIBA;410690201A;PR;Butiatuvinha;-25,41118;-49,36184;2025-03-19 09:40:00.0;0,00
CURITIBA;410690201A;PR;Butiatuvinha;-25,41118;-49,36184;2025-03-19 10:40:00.0;0,00
CURITIBA;410690201A;PR;Butiatuvinha;-25,41118;-49,36184;2025-03-19 11:40:00.0;0,00
CURITIBA;410690201A;PR;Butiatuvinha;-25,41118;-49,36184;2025-03-19 12:40:00.0;0,00
CURITIBA;410690201A;PR;Butiatuvinha;-25,41118;-49,36184;2025-03-19 13:40:00.0;0,00
CURITIBA;410690201A;PR;Butiatuvinha;-25,41118;-49,36184;2025-03-19 14:40:00.0;0,00
CURITIBA;410690201A;PR;Butiatuvinha;-25,41118;-49,36184;2025-03-19 15:40:00.0;0,00
CURITIBA;410690201A;PR;Butiatuvinha;-25,41118;-49,36184;2025-03-19 16:40:00.0;0,00
CURITIBA;410690201A;PR;Butiatuvinha;-25,41118;-49,36184;2025-03-19 17:40:00.0;0,00
CURITIBA;410690201A;PR;Butiatuvinha;-25,41118;-49,36184;2025-03-19 18:40:00.0;0,00
CURITIBA;410690201A;PR;Butiatuvinha;-25,41118;-49,36184;2025-03-19 19:40:00.0;0,00
CURITIBA;410690201A;PR;Butiatuvinha;-25,41118;-49,36184;2025-03-19 20:40:00.0;0,00
CURITIBA;410690201A;PR;Butiatuvinha;-25,41118;-49,36184;2025-03-19 21:40:00.0;0,00
CURITIBA;410690201A;PR;Butiatuvinha;-25,41118;-49,36184;2025-03-19 22:40:00.0;0,00
CURITIBA;410690201A;PR;Butiatuvinha;-25,41118;-49,36184;2025-03-19 23:40:00.0;0,00
CURITIBA;410690201A;PR;Butiatuvinha;-25,41118;-49,36184;2025-03-20 00:40:00.0;0,00
CURITIBA;410690201A;PR;Butiatuvinha;-25,41118;-49,36184;2025-03-20 01:40:00.0;0,00
CURITIBA;410690201A;PR;Butiatuvinha;-25,41118;-49,36184;2025-03-20 02:40:00.0;0,00
CURITIBA;410690201A;PR;Butiatuvinha;-25,41118;-49,36184;2025-03-20 03:40:00.0;0,00
CURITIBA;410690201A;PR;Butiatuvinha;-25,41118;-49,36184;2025-03-20 04:40:00.0;0,00
CURITIBA;410690201A;PR;Butiatuvinha;-25,41118;-49,36184;2025-03-20 05:40:00.0;0,00
CURITIBA;410690201A;PR;Butiatuvinha;-25,41118;-49,36184;2025-03-20 06:40:00.0;0,00
CURITIBA;410690201A;PR;Butiatuvinha;-25,41118;-49,36184;2025-03-20 07:40:00.0;0,00
CURITIBA;410690201A;PR;Butiatuvinha;-25,41118;-49,36184;2025-03-20 08:40:00.0;0,00
CURITIBA;410690201A;PR;Butiatuvinha;-25,41118;-49,36184;2025-03-20 09:40:00.0;0,00
CURITIBA;410690201A;PR;Butiatuvinha;-25,41118;-49,36184;2025-03-20 10:40:00.0;0,00
CURITIBA;410690201A;PR;Butiatuvinha;-25,41118;-49,36184;2025-03-20 11:40:00.0;0,00
CURITIBA;410690201A;PR;Butiatuvinha;-25,41118;-49,36184;2025-03-20 12:40:00.0;0,00
CURITIBA;410690201A;PR;Butiatuvinha;-25,41118;-49,36184;2025-03-20 13:40:00.0;0,00
CURITIBA;410690201A;PR;Butiatuvinha;-25,41118;-49,36184;2025-03-20 14:40:00.0;0,00
CURITIBA;410690201A;PR;Butiatuvinha;-25,41118;-49,36184;2025-03-20 16:40:00.0;0,00
CURITIBA;410690201A;PR;Butiatuvinha;-25,41118;-49,36184;2025-03-20 17:40:00.0;0,00
CURITIBA;410690201A;PR;Butiatuvinha;-25,41118;-49,36184;2025-03-20 18:40:00.0;0,00
CURITIBA;410690201A;PR;Butiatuvinha;-25,41118;-49,36184;2025-03-20 19:40:00.0;0,00
CURITIBA;410690201A;PR;Butiatuvinha;-25,41118;-49,36184;2025-03-20 20:40:00.0;0,00
CURITIBA;410690201A;PR;Butiatuvinha;-25,41118;-49,36184;2025-03-20 21:40:00.0;0,00
CURITIBA;410690201A;PR;Butiatuvinha;-25,41118;-49,36184;2025-03-20 22:40:00.0;0,00
CURITIBA;410690201A;PR;Butiatuvinha;-25,41118;-49,36184;2025-03-20 23:40:00.0;0,00
CURITIBA;410690201A;PR;Butiatuvinha;-25,41118;-49,36184;2025-03-21 00:40:00.0;0,00
CURITIBA;410690201A;PR;Butiatuvinha;-25,41118;-49,36184;2025-03-21 01:40:00.0;0,00
CURITIBA;410690201A;PR;Butiatuvinha;-25,41118;-49,36184;2025-03-21 02:40:00.0;0,00
CURITIBA;410690201A;PR;Butiatuvinha;-25,41118;-49,36184;2025-03-21 03:40:00.0;0,00
CURITIBA;410690201A;PR;Butiatuvinha;-25,41118;-49,36184;2025-03-21 04:40:00.0;0,00
CURITIBA;410690201A;PR;Butiatuvinha;-25,41118;-49,36184;2025-03-21 05:40:00.0;0,00
CURITIBA;410690201A;PR;Butiatuvinha;-25,41118;-49,36184;2025-03-21 06:40:00.0;0,00
CURITIBA;410690201A;PR;Butiatuvinha;-25,41118;-49,36184;2025-03-21 07:40:00.0;0,00
CURITIBA;410690201A;PR;Butiatuvinha;-25,41118;-49,36184;2025-03-21 08:40:00.0;0,00
CURITIBA;410690201A;PR;Butiatuvinha;-25,41118;-49,36184;2025-03-21 09:40:00.0;0,00
CURITIBA;410690201A;PR;Butiatuvinha;-25,41118;-49,36184;2025-03-21 10:40:00.0;0,00
CURITIBA;410690201A;PR;Butiatuvinha;-25,41118;-49,36184;2025-03-21 11:40:00.0;0,00
CURITIBA;410690201A;PR;Butiatuvinha;-25,41118;-49,36184;2025-03-21 12:40:00.0;0,00
CURITIBA;410690201A;PR;Butiatuvinha;-25,41118;-49,36184;2025-03-21 13:40:00.0;0,00
CURITIBA;410690201A;PR;Butiatuvinha;-25,41118;-49,36184;2025-03-21 14:40:00.0;0,00
CURITIBA;410690201A;PR;Butiatuvinha;-25,41118;-49,36184;2025-03-21 15:40:00.0;0,00
CURITIBA;410690201A;PR;Butiatuvinha;-25,41118;-49,36184;2025-03-21 16:40:00.0;0,00
CURITIBA;410690201A;PR;Butiatuvinha;-25,41118;-49,36184;2025-03-21 17:40:00.0;0,00
CURITIBA;410690201A;PR;Butiatuvinha;-25,41118;-49,36184;2025-03-21 18:40:00.0;0,00
CURITIBA;410690201A;PR;Butiatuvinha;-25,41118;-49,36184;2025-03-21 19:40:00.0;0,00
CURITIBA;410690201A;PR;Butiatuvinha;-25,41118;-49,36184;2025-03-21 20:40:00.0;0,00
CURITIBA;410690201A;PR;Butiatuvinha;-25,41118;-49,36184;2025-03-21 21:40:00.0;0,00
CURITIBA;410690201A;PR;Butiatuvinha;-25,41118;-49,36184;2025-03-21 22:40:00.0;0,00
CURITIBA;410690201A;PR;Butiatuvinha;-25,41118;-49,36184;2025-03-21 23:40:00.0;0,00
CURITIBA;410690201A;PR;Butiatuvinha;-25,41118;-49,36184;2025-03-22 00:40:00.0;0,00
CURITIBA;410690201A;PR;Butiatuvinha;-25,41118;-49,36184;2025-03-22 01:40:00.0;0,00
CURITIBA;410690201A;PR;Butiatuvinha;-25,41118;-49,36184;2025-03-22 02:40:00.0;0,00
CURITIBA;410690201A;PR;Butiatuvinha;-25,41118;-49,36184;2025-03-22 03:40:00.0;0,00
CURITIBA;410690201A;PR;Butiatuvinha;-25,41118;-49,36184;2025-03-22 04:40:00.0;0,00
CURITIBA;410690201A;PR;Butiatuvinha;-25,41118;-49,36184;2025-03-22 05:40:00.0;0,00
CURITIBA;410690201A;PR;Butiatuvinha;-25,41118;-49,36184;2025-03-22 06:40:00.0;0,00
CURITIBA;410690201A;PR;Butiatuvinha;-25,41118;-49,36184;2025-03-22 07:40:00.0;0,00
CURITIBA;410690201A;PR;Butiatuvinha;-25,41118;-49,36184;2025-03-22 08:40:00.0;0,00
CURITIBA;410690201A;PR;Butiatuvinha;-25,41118;-49,36184;2025-03-22 09:40:00.0;0,00
CURITIBA;410690201A;PR;Butiatuvinha;-25,41118;-49,36184;2025-03-22 10:40:00.0;0,00
CURITIBA;410690201A;PR;Butiatuvinha;-25,41118;-49,36184;2025-03-22 11:40:00.0;0,00
CURITIBA;410690201A;PR;Butiatuvinha;-25,41118;-49,36184;2025-03-22 12:40:00.0;0,00
CURITIBA;410690201A;PR;Butiatuvinha;-25,41118;-49,36184;2025-03-22 13:40:00.0;0,00
CURITIBA;410690201A;PR;Butiatuvinha;-25,41118;-49,36184;2025-03-22 14:40:00.0;0,00
CURITIBA;410690201A;PR;Butiatuvinha;-25,41118;-49,36184;2025-03-22 15:40:00.0;0,00
CURITIBA;410690201A;PR;Butiatuvinha;-25,41118;-49,36184;2025-03-22 16:40:00.0;0,00
CURITIBA;410690201A;PR;Butiatuvinha;-25,41118;-49,36184;2025-03-22 17:40:00.0;0,00
CURITIBA;410690201A;PR;Butiatuvinha;-25,41118;-49,36184;2025-03-22 18:40:00.0;0,00
CURITIBA;410690201A;PR;Butiatuvinha;-25,41118;-49,36184;2025-03-22 19:40:00.0;0,00
CURITIBA;410690201A;PR;Butiatuvinha;-25,41118;-49,36184;2025-03-22 20:40:00.0;0,00
CURITIBA;410690201A;PR;Butiatuvinha;-25,41118;-49,36184;2025-03-22 21:40:00.0;0,00
CURITIBA;410690201A;PR;Butiatuvinha;-25,41118;-49,36184;2025-03-22 22:40:00.0;0,00
CURITIBA;410690201A;PR;Butiatuvinha;-25,41118;-49,36184;2025-03-22 23:40:00.0;0,00
CURITIBA;410690201A;PR;Butiatuvinha;-25,41118;-49,36184;2025-03-23 00:40:00.0;0,00
CURITIBA;410690201A;PR;Butiatuvinha;-25,41118;-49,36184;2025-03-23 01:40:00.0;0,00
CURITIBA;410690201A;PR;Butiatuvinha;-25,41118;-49,36184;2025-03-23 02:40:00.0;0,00
CURITIBA;410690201A;PR;Butiatuvinha;-25,41118;-49,36184;2025-03-23 03:40:00.0;0,00
CURITIBA;410690201A;PR;Butiatuvinha;-25,41118;-49,36184;2025-03-23 04:40:00.0;0,00
CURITIBA;410690201A;PR;Butiatuvinha;-25,41118;-49,36184;2025-03-23 05:40:00.0;0,00
CURITIBA;410690201A;PR;Butiatuvinha;-25,41118;-49,36184;2025-03-23 06:40:00.0;0,00
CURITIBA;410690201A;PR;Butiatuvinha;-25,41118;-49,36184;2025-03-23 07:40:00.0;0,00
CURITIBA;410690201A;PR;Butiatuvinha;-25,41118;-49,36184;2025-03-23 08:40:00.0;0,00
CURITIBA;410690201A;PR;Butiatuvinha;-25,41118;-49,36184;2025-03-23 09:40:00.0;0,00
CURITIBA;410690201A;PR;Butiatuvinha;-25,41118;-49,36184;2025-03-23 10:40:00.0;0,00
CURITIBA;410690201A;PR;Butiatuvinha;-25,41118;-49,36184;2025-03-23 11:40:00.0;0,00
CURITIBA;410690201A;PR;Butiatuvinha;-25,41118;-49,36184;2025-03-23 12:40:00.0;0,00
CURITIBA;410690201A;PR;Butiatuvinha;-25,41118;-49,36184;2025-03-23 13:40:00.0;0,00
CURITIBA;410690201A;PR;Butiatuvinha;-25,41118;-49,36184;2025-03-23 14:40:00.0;0,00
CURITIBA;410690201A;PR;Butiatuvinha;-25,41118;-49,36184;2025-03-23 15:40:00.0;0,00
CURITIBA;410690201A;PR;Butiatuvinha;-25,41118;-49,36184;2025-03-23 16:40:00.0;0,00
CURITIBA;410690201A;PR;Butiatuvinha;-25,41118;-49,36184;2025-03-23 17:40:00.0;0,00
CURITIBA;410690201A;PR;Butiatuvinha;-25,41118;-49,36184;2025-03-23 18:40:00.0;0,00
CURITIBA;410690201A;PR;Butiatuvinha;-25,41118;-49,36184;2025-03-23 19:40:00.0;0,00
CURITIBA;410690201A;PR;Butiatuvinha;-25,41118;-49,36184;2025-03-23 20:40:00.0;0,00
CURITIBA;410690201A;PR;Butiatuvinha;-25,41118;-49,36184;2025-03-23 21:40:00.0;0,00
CURITIBA;410690201A;PR;Butiatuvinha;-25,41118;-49,36184;2025-03-23 22:40:00.0;0,00
CURITIBA;410690201A;PR;Butiatuvinha;-25,41118;-49,36184;2025-03-23 23:40:00.0;0,00
CURITIBA;410690201A;PR;Butiatuvinha;-25,41118;-49,36184;2025-03-24 00:40:00.0;0,00
CURITIBA;410690201A;PR;Butiatuvinha;-25,41118;-49,36184;2025-03-24 01:40:00.0;0,00
CURITIBA;410690201A;PR;Butiatuvinha;-25,41118;-49,36184;2025-03-24 02:40:00.0;0,00
CURITIBA;410690201A;PR;Butiatuvinha;-25,41118;-49,36184;2025-03-24 03:40:00.0;0,00
CURITIBA;410690201A;PR;Butiatuvinha;-25,41118;-49,36184;2025-03-24 04:40:00.0;0,00
CURITIBA;410690201A;PR;Butiatuvinha;-25,41118;-49,36184;2025-03-24 05:40:00.0;0,00
CURITIBA;410690201A;PR;Butiatuvinha;-25,41118;-49,36184;2025-03-24 06:40:00.0;0,00
CURITIBA;410690201A;PR;Butiatuvinha;-25,41118;-49,36184;2025-03-24 07:40:00.0;0,00
CURITIBA;410690201A;PR;Butiatuvinha;-25,41118;-49,36184;2025-03-24 08:40:00.0;0,00
CURITIBA;410690201A;PR;Butiatuvinha;-25,41118;-49,36184;2025-03-24 09:40:00.0;0,00
CURITIBA;410690201A;PR;Butiatuvinha;-25,41118;-49,36184;2025-03-24 10:40:00.0;0,00
CURITIBA;410690201A;PR;Butiatuvinha;-25,41118;-49,36184;2025-03-24 11:40:00.0;0,00
CURITIBA;410690201A;PR;Butiatuvinha;-25,41118;-49,36184;2025-03-24 12:40:00.0;0,00
CURITIBA;410690201A;PR;Butiatuvinha;-25,41118;-49,36184;2025-03-24 13:40:00.0;0,00
CURITIBA;410690201A;PR;Butiatuvinha;-25,41118;-49,36184;2025-03-24 14:40:00.0;0,00
CURITIBA;410690201A;PR;Butiatuvinha;-25,41118;-49,36184;2025-03-24 15:40:00.0;0,00
CURITIBA;410690201A;PR;Butiatuvinha;-25,41118;-49,36184;2025-03-24 16:40:00.0;0,00
CURITIBA;410690201A;PR;Butiatuvinha;-25,41118;-49,36184;2025-03-24 17:40:00.0;0,00
CURITIBA;410690201A;PR;Butiatuvinha;-25,41118;-49,36184;2025-03-24 18:40:00.0;0,00
CURITIBA;410690201A;PR;Butiatuvinha;-25,41118;-49,36184;2025-03-24 19:40:00.0;0,00
CURITIBA;410690201A;PR;Butiatuvinha;-25,41118;-49,36184;2025-03-24 20:40:00.0;0,00
CURITIBA;410690201A;PR;Butiatuvinha;-25,41118;-49,36184;2025-03-24 21:40:00.0;0,00
CURITIBA;410690201A;PR;Butiatuvinha;-25,41118;-49,36184;2025-03-24 22:40:00.0;0,00
CURITIBA;410690201A;PR;Butiatuvinha;-25,41118;-49,36184;2025-03-24 23:40:00.0;0,00
CURITIBA;410690201A;PR;Butiatuvinha;-25,41118;-49,36184;2025-03-25 00:40:00.0;0,00
CURITIBA;410690201A;PR;Butiatuvinha;-25,41118;-49,36184;2025-03-25 01:40:00.0;0,00
CURITIBA;410690201A;PR;Butiatuvinha;-25,41118;-49,36184;2025-03-25 02:40:00.0;0,00
CURITIBA;410690201A;PR;Butiatuvinha;-25,41118;-49,36184;2025-03-25 03:40:00.0;0,00
CURITIBA;410690201A;PR;Butiatuvinha;-25,41118;-49,36184;2025-03-25 04:40:00.0;0,00
CURITIBA;410690201A;PR;Butiatuvinha;-25,41118;-49,36184;2025-03-25 05:40:00.0;0,00
CURITIBA;410690201A;PR;Butiatuvinha;-25,41118;-49,36184;2025-03-25 06:40:00.0;0,00
CURITIBA;410690201A;PR;Butiatuvinha;-25,41118;-49,36184;2025-03-25 07:40:00.0;0,00
CURITIBA;410690201A;PR;Butiatuvinha;-25,41118;-49,36184;2025-03-25 08:40:00.0;0,40
CURITIBA;410690201A;PR;Butiatuvinha;-25,41118;-49,36184;2025-03-25 08:50:00.0;0,40
CURITIBA;410690201A;PR;Butiatuvinha;-25,41118;-49,36184;2025-03-25 09:10:00.0;0,20
CURITIBA;410690201A;PR;Butiatuvinha;-25,41118;-49,36184;2025-03-25 09:40:00.0;0,00
CURITIBA;410690201A;PR;Butiatuvinha;-25,41118;-49,36184;2025-03-25 10:40:00.0;0,00
CURITIBA;410690201A;PR;Butiatuvinha;-25,41118;-49,36184;2025-03-25 11:40:00.0;0,00
CURITIBA;410690201A;PR;Butiatuvinha;-25,41118;-49,36184;2025-03-25 12:40:00.0;0,00
CURITIBA;410690201A;PR;Butiatuvinha;-25,41118;-49,36184;2025-03-25 13:40:00.0;0,00
CURITIBA;410690201A;PR;Butiatuvinha;-25,41118;-49,36184;2025-03-25 14:40:00.0;0,00
CURITIBA;410690201A;PR;Butiatuvinha;-25,41118;-49,36184;2025-03-25 16:30:00.0;0,00
CURITIBA;410690201A;PR;Butiatuvinha;-25,41118;-49,36184;2025-03-25 16:40:00.0;0,00
CURITIBA;410690201A;PR;Butiatuvinha;-25,41118;-49,36184;2025-03-25 17:40:00.0;0,00
CURITIBA;410690201A;PR;Butiatuvinha;-25,41118;-49,36184;2025-03-25 18:40:00.0;0,00
CURITIBA;410690201A;PR;Butiatuvinha;-25,41118;-49,36184;2025-03-25 19:40:00.0;0,00
CURITIBA;410690201A;PR;Butiatuvinha;-25,41118;-49,36184;2025-03-25 20:40:00.0;0,00
CURITIBA;410690201A;PR;Butiatuvinha;-25,41118;-49,36184;2025-03-25 21:40:00.0;0,00
CURITIBA;410690201A;PR;Butiatuvinha;-25,41118;-49,36184;2025-03-25 22:40:00.0;0,00
CURITIBA;410690201A;PR;Butiatuvinha;-25,41118;-49,36184;2025-03-25 23:40:00.0;0,00
CURITIBA;410690201A;PR;Butiatuvinha;-25,41118;-49,36184;2025-03-26 00:40:00.0;0,00
CURITIBA;410690201A;PR;Butiatuvinha;-25,41118;-49,36184;2025-03-26 01:40:00.0;0,00
CURITIBA;410690201A;PR;Butiatuvinha;-25,41118;-49,36184;2025-03-26 02:40:00.0;0,00
CURITIBA;410690201A;PR;Butiatuvinha;-25,41118;-49,36184;2025-03-26 03:30:00.0;0,40
CURITIBA;410690201A;PR;Butiatuvinha;-25,41118;-49,36184;2025-03-26 03:40:00.0;0,40
CURITIBA;410690201A;PR;Butiatuvinha;-25,41118;-49,36184;2025-03-26 03:50:00.0;0,40
CURITIBA;410690201A;PR;Butiatuvinha;-25,41118;-49,36184;2025-03-26 04:00:00.0;1,20
CURITIBA;410690201A;PR;Butiatuvinha;-25,41118;-49,36184;2025-03-26 04:10:00.0;1,00
CURITIBA;410690201A;PR;Butiatuvinha;-25,41118;-49,36184;2025-03-26 04:20:00.0;0,60
CURITIBA;410690201A;PR;Butiatuvinha;-25,41118;-49,36184;2025-03-26 04:30:00.0;0,60
CURITIBA;410690201A;PR;Butiatuvinha;-25,41118;-49,36184;2025-03-26 04:40:00.0;0,80
CURITIBA;410690201A;PR;Butiatuvinha;-25,41118;-49,36184;2025-03-26 04:50:00.0;1,20
CURITIBA;410690201A;PR;Butiatuvinha;-25,41118;-49,36184;2025-03-26 05:00:00.0;0,80
CURITIBA;410690201A;PR;Butiatuvinha;-25,41118;-49,36184;2025-03-26 05:10:00.0;0,60
CURITIBA;410690201A;PR;Butiatuvinha;-25,41118;-49,36184;2025-03-26 05:20:00.0;0,40
CURITIBA;410690201A;PR;Butiatuvinha;-25,41118;-49,36184;2025-03-26 05:30:00.0;0,20
CURITIBA;410690201A;PR;Butiatuvinha;-25,41118;-49,36184;2025-03-26 05:40:00.0;0,40
CURITIBA;410690201A;PR;Butiatuvinha;-25,41118;-49,36184;2025-03-26 06:40:00.0;0,00
CURITIBA;410690201A;PR;Butiatuvinha;-25,41118;-49,36184;2025-03-26 07:00:00.0;0,20
CURITIBA;410690201A;PR;Butiatuvinha;-25,41118;-49,36184;2025-03-26 07:40:00.0;0,20
CURITIBA;410690201A;PR;Butiatuvinha;-25,41118;-49,36184;2025-03-26 08:40:00.0;0,00
CURITIBA;410690201A;PR;Butiatuvinha;-25,41118;-49,36184;2025-03-26 09:40:00.0;0,00
CURITIBA;410690201A;PR;Butiatuvinha;-25,41118;-49,36184;2025-03-26 10:40:00.0;0,00
CURITIBA;410690201A;PR;Butiatuvinha;-25,41118;-49,36184;2025-03-26 11:20:00.0;1,00
CURITIBA;410690201A;PR;Butiatuvinha;-25,41118;-49,36184;2025-03-26 11:30:00.0;1,00
CURITIBA;410690201A;PR;Butiatuvinha;-25,41118;-49,36184;2025-03-26 11:40:00.0;0,60
CURITIBA;410690201A;PR;Butiatuvinha;-25,41118;-49,36184;2025-03-26 12:00:00.0;0,20
CURITIBA;410690201A;PR;Butiatuvinha;-25,41118;-49,36184;2025-03-26 12:40:00.0;0,00
CURITIBA;410690201A;PR;Butiatuvinha;-25,41118;-49,36184;2025-03-26 13:40:00.0;0,00
CURITIBA;410690201A;PR;Butiatuvinha;-25,41118;-49,36184;2025-03-26 14:40:00.0;0,00
CURITIBA;410690201A;PR;Butiatuvinha;-25,41118;-49,36184;2025-03-26 15:40:00.0;0,00
CURITIBA;410690201A;PR;Butiatuvinha;-25,41118;-49,36184;2025-03-26 16:40:00.0;0,00
CURITIBA;410690201A;PR;Butiatuvinha;-25,41118;-49,36184;2025-03-26 17:40:00.0;0,00
CURITIBA;410690201A;PR;Butiatuvinha;-25,41118;-49,36184;2025-03-26 18:40:00.0;0,00
CURITIBA;410690201A;PR;Butiatuvinha;-25,41118;-49,36184;2025-03-26 19:40:00.0;0,00
CURITIBA;410690201A;PR;Butiatuvinha;-25,41118;-49,36184;2025-03-26 20:40:00.0;0,00
CURITIBA;410690201A;PR;Butiatuvinha;-25,41118;-49,36184;2025-03-26 21:40:00.0;0,00
CURITIBA;410690201A;PR;Butiatuvinha;-25,41118;-49,36184;2025-03-26 22:40:00.0;0,00
CURITIBA;410690201A;PR;Butiatuvinha;-25,41118;-49,36184;2025-03-26 23:40:00.0;0,00
CURITIBA;410690201A;PR;Butiatuvinha;-25,41118;-49,36184;2025-03-27 00:40:00.0;0,00
CURITIBA;410690201A;PR;Butiatuvinha;-25,41118;-49,36184;2025-03-27 01:40:00.0;0,00
CURITIBA;410690201A;PR;Butiatuvinha;-25,41118;-49,36184;2025-03-27 02:40:00.0;0,00
CURITIBA;410690201A;PR;Butiatuvinha;-25,41118;-49,36184;2025-03-27 03:40:00.0;0,00
CURITIBA;410690201A;PR;Butiatuvinha;-25,41118;-49,36184;2025-03-27 04:40:00.0;0,00
CURITIBA;410690201A;PR;Butiatuvinha;-25,41118;-49,36184;2025-03-27 05:40:00.0;0,00
CURITIBA;410690201A;PR;Butiatuvinha;-25,41118;-49,36184;2025-03-27 06:40:00.0;0,00
CURITIBA;410690201A;PR;Butiatuvinha;-25,41118;-49,36184;2025-03-27 07:40:00.0;0,00
CURITIBA;410690201A;PR;Butiatuvinha;-25,41118;-49,36184;2025-03-27 08:40:00.0;0,00
CURITIBA;410690201A;PR;Butiatuvinha;-25,41118;-49,36184;2025-03-27 09:40:00.0;0,00
CURITIBA;410690201A;PR;Butiatuvinha;-25,41118;-49,36184;2025-03-27 10:40:00.0;0,00
CURITIBA;410690201A;PR;Butiatuvinha;-25,41118;-49,36184;2025-03-27 11:40:00.0;0,00
CURITIBA;410690201A;PR;Butiatuvinha;-25,41118;-49,36184;2025-03-27 12:40:00.0;0,00
CURITIBA;410690201A;PR;Butiatuvinha;-25,41118;-49,36184;2025-03-27 13:40:00.0;0,00
CURITIBA;410690201A;PR;Butiatuvinha;-25,41118;-49,36184;2025-03-27 14:40:00.0;0,00
CURITIBA;410690201A;PR;Butiatuvinha;-25,41118;-49,36184;2025-03-27 15:40:00.0;0,00
CURITIBA;410690201A;PR;Butiatuvinha;-25,41118;-49,36184;2025-03-27 16:40:00.0;0,00
CURITIBA;410690201A;PR;Butiatuvinha;-25,41118;-49,36184;2025-03-27 17:40:00.0;0,00
CURITIBA;410690201A;PR;Butiatuvinha;-25,41118;-49,36184;2025-03-27 18:40:00.0;0,00
CURITIBA;410690201A;PR;Butiatuvinha;-25,41118;-49,36184;2025-03-27 19:40:00.0;0,00
CURITIBA;410690201A;PR;Butiatuvinha;-25,41118;-49,36184;2025-03-27 20:40:00.0;0,00
CURITIBA;410690201A;PR;Butiatuvinha;-25,41118;-49,36184;2025-03-27 21:40:00.0;0,00
CURITIBA;410690201A;PR;Butiatuvinha;-25,41118;-49,36184;2025-03-27 22:40:00.0;0,00
CURITIBA;410690201A;PR;Butiatuvinha;-25,41118;-49,36184;2025-03-27 23:40:00.0;0,00
CURITIBA;410690201A;PR;Butiatuvinha;-25,41118;-49,36184;2025-03-28 00:40:00.0;0,00
CURITIBA;410690201A;PR;Butiatuvinha;-25,41118;-49,36184;2025-03-28 01:40:00.0;0,00
CURITIBA;410690201A;PR;Butiatuvinha;-25,41118;-49,36184;2025-03-28 02:40:00.0;0,00
CURITIBA;410690201A;PR;Butiatuvinha;-25,41118;-49,36184;2025-03-28 03:40:00.0;0,00
CURITIBA;410690201A;PR;Butiatuvinha;-25,41118;-49,36184;2025-03-28 04:40:00.0;0,00
CURITIBA;410690201A;PR;Butiatuvinha;-25,41118;-49,36184;2025-03-28 05:40:00.0;0,00
CURITIBA;410690201A;PR;Butiatuvinha;-25,41118;-49,36184;2025-03-28 06:40:00.0;0,00
CURITIBA;410690201A;PR;Butiatuvinha;-25,41118;-49,36184;2025-03-28 07:40:00.0;0,00
CURITIBA;410690201A;PR;Butiatuvinha;-25,41118;-49,36184;2025-03-28 08:40:00.0;0,00
CURITIBA;410690201A;PR;Butiatuvinha;-25,41118;-49,36184;2025-03-28 09:40:00.0;0,00
CURITIBA;410690201A;PR;Butiatuvinha;-25,41118;-49,36184;2025-03-28 10:40:00.0;0,00
CURITIBA;410690201A;PR;Butiatuvinha;-25,41118;-49,36184;2025-03-28 11:40:00.0;0,00
CURITIBA;410690201A;PR;Butiatuvinha;-25,41118;-49,36184;2025-03-28 12:40:00.0;0,00
CURITIBA;410690201A;PR;Butiatuvinha;-25,41118;-49,36184;2025-03-28 13:40:00.0;0,00
CURITIBA;410690201A;PR;Butiatuvinha;-25,41118;-49,36184;2025-03-28 14:40:00.0;0,00
CURITIBA;410690201A;PR;Butiatuvinha;-25,41118;-49,36184;2025-03-28 15:40:00.0;0,00
CURITIBA;410690201A;PR;Butiatuvinha;-25,41118;-49,36184;2025-03-28 16:40:00.0;0,00
CURITIBA;410690201A;PR;Butiatuvinha;-25,41118;-49,36184;2025-03-28 17:40:00.0;0,00
CURITIBA;410690201A;PR;Butiatuvinha;-25,41118;-49,36184;2025-03-28 18:40:00.0;0,00
CURITIBA;410690201A;PR;Butiatuvinha;-25,41118;-49,36184;2025-03-28 19:40:00.0;0,00
CURITIBA;410690201A;PR;Butiatuvinha;-25,41118;-49,36184;2025-03-28 20:40:00.0;0,00
CURITIBA;410690201A;PR;Butiatuvinha;-25,41118;-49,36184;2025-03-28 21:40:00.0;0,00
CURITIBA;410690201A;PR;Butiatuvinha;-25,41118;-49,36184;2025-03-28 22:40:00.0;0,00
CURITIBA;410690201A;PR;Butiatuvinha;-25,41118;-49,36184;2025-03-28 23:40:00.0;0,00
CURITIBA;410690201A;PR;Butiatuvinha;-25,41118;-49,36184;2025-03-29 00:40:00.0;0,00
CURITIBA;410690201A;PR;Butiatuvinha;-25,41118;-49,36184;2025-03-29 01:40:00.0;0,00
CURITIBA;410690201A;PR;Butiatuvinha;-25,41118;-49,36184;2025-03-29 02:40:00.0;0,00
CURITIBA;410690201A;PR;Butiatuvinha;-25,41118;-49,36184;2025-03-29 03:40:00.0;0,00
CURITIBA;410690201A;PR;Butiatuvinha;-25,41118;-49,36184;2025-03-29 04:40:00.0;0,00
CURITIBA;410690201A;PR;Butiatuvinha;-25,41118;-49,36184;2025-03-29 05:40:00.0;0,00
CURITIBA;410690201A;PR;Butiatuvinha;-25,41118;-49,36184;2025-03-29 06:40:00.0;0,00
CURITIBA;410690201A;PR;Butiatuvinha;-25,41118;-49,36184;2025-03-29 07:40:00.0;0,00
CURITIBA;410690201A;PR;Butiatuvinha;-25,41118;-49,36184;2025-03-29 08:40:00.0;0,00
CURITIBA;410690201A;PR;Butiatuvinha;-25,41118;-49,36184;2025-03-29 09:40:00.0;0,00
CURITIBA;410690201A;PR;Butiatuvinha;-25,41118;-49,36184;2025-03-29 10:40:00.0;0,00
CURITIBA;410690201A;PR;Butiatuvinha;-25,41118;-49,36184;2025-03-29 11:40:00.0;0,00
CURITIBA;410690201A;PR;Butiatuvinha;-25,41118;-49,36184;2025-03-29 12:40:00.0;0,00
CURITIBA;410690201A;PR;Butiatuvinha;-25,41118;-49,36184;2025-03-29 13:40:00.0;0,00
CURITIBA;410690201A;PR;Butiatuvinha;-25,41118;-49,36184;2025-03-29 14:40:00.0;0,00
CURITIBA;410690201A;PR;Butiatuvinha;-25,41118;-49,36184;2025-03-29 15:40:00.0;0,00
CURITIBA;410690201A;PR;Butiatuvinha;-25,41118;-49,36184;2025-03-29 16:40:00.0;0,00
CURITIBA;410690201A;PR;Butiatuvinha;-25,41118;-49,36184;2025-03-29 17:40:00.0;0,00
CURITIBA;410690201A;PR;Butiatuvinha;-25,41118;-49,36184;2025-03-29 18:40:00.0;0,00
CURITIBA;410690201A;PR;Butiatuvinha;-25,41118;-49,36184;2025-03-29 19:40:00.0;1,00
CURITIBA;410690201A;PR;Butiatuvinha;-25,41118;-49,36184;2025-03-29 19:50:00.0;6,60
CURITIBA;410690201A;PR;Butiatuvinha;-25,41118;-49,36184;2025-03-29 20:00:00.0;2,60
CURITIBA;410690201A;PR;Butiatuvinha;-25,41118;-49,36184;2025-03-29 20:10:00.0;1,80
CURITIBA;410690201A;PR;Butiatuvinha;-25,41118;-49,36184;2025-03-29 20:20:00.0;1,80
CURITIBA;410690201A;PR;Butiatuvinha;-25,41118;-49,36184;2025-03-29 20:30:00.0;3,60
CURITIBA;410690201A;PR;Butiatuvinha;-25,41118;-49,36184;2025-03-29 20:40:00.0;4,00
CURITIBA;410690201A;PR;Butiatuvinha;-25,41118;-49,36184;2025-03-29 20:50:00.0;0,80
CURITIBA;410690201A;PR;Butiatuvinha;-25,41118;-49,36184;2025-03-29 21:40:00.0;0,00
CURITIBA;410690201A;PR;Butiatuvinha;-25,41118;-49,36184;2025-03-29 22:40:00.0;0,00
CURITIBA;410690201A;PR;Butiatuvinha;-25,41118;-49,36184;2025-03-29 23:40:00.0;0,00
CURITIBA;410690201A;PR;Butiatuvinha;-25,41118;-49,36184;2025-03-30 00:40:00.0;0,00
CURITIBA;410690201A;PR;Butiatuvinha;-25,41118;-49,36184;2025-03-30 01:40:00.0;0,00
CURITIBA;410690201A;PR;Butiatuvinha;-25,41118;-49,36184;2025-03-30 02:40:00.0;0,00
CURITIBA;410690201A;PR;Butiatuvinha;-25,41118;-49,36184;2025-03-30 03:40:00.0;0,00
CURITIBA;410690201A;PR;Butiatuvinha;-25,41118;-49,36184;2025-03-30 04:40:00.0;0,00
CURITIBA;410690201A;PR;Butiatuvinha;-25,41118;-49,36184;2025-03-30 05:40:00.0;0,00
CURITIBA;410690201A;PR;Butiatuvinha;-25,41118;-49,36184;2025-03-30 06:40:00.0;0,00
CURITIBA;410690201A;PR;Butiatuvinha;-25,41118;-49,36184;2025-03-30 07:40:00.0;0,00
CURITIBA;410690201A;PR;Butiatuvinha;-25,41118;-49,36184;2025-03-30 08:40:00.0;0,00
CURITIBA;410690201A;PR;Butiatuvinha;-25,41118;-49,36184;2025-03-30 09:40:00.0;0,00
CURITIBA;410690201A;PR;Butiatuvinha;-25,41118;-49,36184;2025-03-30 10:40:00.0;0,00
CURITIBA;410690201A;PR;Butiatuvinha;-25,41118;-49,36184;2025-03-30 11:40:00.0;0,00
CURITIBA;410690201A;PR;Butiatuvinha;-25,41118;-49,36184;2025-03-30 12:40:00.0;0,00
CURITIBA;410690201A;PR;Butiatuvinha;-25,41118;-49,36184;2025-03-30 13:40:00.0;0,00
CURITIBA;410690201A;PR;Butiatuvinha;-25,41118;-49,36184;2025-03-30 14:40:00.0;0,00
CURITIBA;410690201A;PR;Butiatuvinha;-25,41118;-49,36184;2025-03-30 15:40:00.0;0,00
CURITIBA;410690201A;PR;Butiatuvinha;-25,41118;-49,36184;2025-03-30 16:00:00.0;0,20
CURITIBA;410690201A;PR;Butiatuvinha;-25,41118;-49,36184;2025-03-30 16:40:00.0;0,00
CURITIBA;410690201A;PR;Butiatuvinha;-25,41118;-49,36184;2025-03-30 17:40:00.0;0,00
CURITIBA;410690201A;PR;Butiatuvinha;-25,41118;-49,36184;2025-03-30 18:40:00.0;0,00
CURITIBA;410690201A;PR;Butiatuvinha;-25,41118;-49,36184;2025-03-30 19:40:00.0;0,00
CURITIBA;410690201A;PR;Butiatuvinha;-25,41118;-49,36184;2025-03-30 20:40:00.0;0,00
CURITIBA;410690201A;PR;Butiatuvinha;-25,41118;-49,36184;2025-03-30 21:40:00.0;0,00
CURITIBA;410690201A;PR;Butiatuvinha;-25,41118;-49,36184;2025-03-30 22:40:00.0;0,00
CURITIBA;410690201A;PR;Butiatuvinha;-25,41118;-49,36184;2025-03-30 23:40:00.0;0,00
CURITIBA;410690201A;PR;Butiatuvinha;-25,41118;-49,36184;2025-03-31 00:40:00.0;0,00
CURITIBA;410690201A;PR;Butiatuvinha;-25,41118;-49,36184;2025-03-31 01:40:00.0;0,00
CURITIBA;410690201A;PR;Butiatuvinha;-25,41118;-49,36184;2025-03-31 02:40:00.0;0,00
CURITIBA;410690201A;PR;Butiatuvinha;-25,41118;-49,36184;2025-03-31 03:40:00.0;0,00
CURITIBA;410690201A;PR;Butiatuvinha;-25,41118;-49,36184;2025-03-31 04:40:00.0;0,00
CURITIBA;410690201A;PR;Butiatuvinha;-25,41118;-49,36184;2025-03-31 05:40:00.0;0,00
CURITIBA;410690201A;PR;Butiatuvinha;-25,41118;-49,36184;2025-03-31 06:40:00.0;0,00
CURITIBA;410690201A;PR;Butiatuvinha;-25,41118;-49,36184;2025-03-31 07:40:00.0;0,00
CURITIBA;410690201A;PR;Butiatuvinha;-25,41118;-49,36184;2025-03-31 08:40:00.0;0,00
CURITIBA;410690201A;PR;Butiatuvinha;-25,41118;-49,36184;2025-03-31 09:40:00.0;0,00
CURITIBA;410690201A;PR;Butiatuvinha;-25,41118;-49,36184;2025-03-31 10:40:00.0;0,00
CURITIBA;410690201A;PR;Butiatuvinha;-25,41118;-49,36184;2025-03-31 11:40:00.0;0,00
CURITIBA;410690201A;PR;Butiatuvinha;-25,41118;-49,36184;2025-03-31 12:40:00.0;0,00
CURITIBA;410690201A;PR;Butiatuvinha;-25,41118;-49,36184;2025-03-31 13:40:00.0;0,00
CURITIBA;410690201A;PR;Butiatuvinha;-25,41118;-49,36184;2025-03-31 14:40:00.0;0,00
CURITIBA;410690201A;PR;Butiatuvinha;-25,41118;-49,36184;2025-03-31 15:40:00.0;0,00
CURITIBA;410690201A;PR;Butiatuvinha;-25,41118;-49,36184;2025-03-31 16:40:00.0;0,00
CURITIBA;410690201A;PR;Butiatuvinha;-25,41118;-49,36184;2025-03-31 17:40:00.0;0,00
CURITIBA;410690201A;PR;Butiatuvinha;-25,41118;-49,36184;2025-03-31 18:40:00.0;0,00
CURITIBA;410690201A;PR;Butiatuvinha;-25,41118;-49,36184;2025-03-31 19:40:00.0;0,00
CURITIBA;410690201A;PR;Butiatuvinha;-25,41118;-49,36184;2025-03-31 20:40:00.0;0,00
CURITIBA;410690201A;PR;Butiatuvinha;-25,41118;-49,36184;2025-03-31 21:40:00.0;0,00
CURITIBA;410690201A;PR;Butiatuvinha;-25,41118;-49,36184;2025-03-31 22:40:00.0;0,00
CURITIBA;410690201A;PR;Butiatuvinha;-25,41118;-49,36184;2025-03-31 23:40:00.0;0,00
CURITIBA;410690202A;PR;Cachoeira;-25,3536;-49,25527;2025-03-01 00:10:00.0;0,00
CURITIBA;410690202A;PR;Cachoeira;-25,3536;-49,25527;2025-03-01 00:50:00.0;0,00
CURITIBA;410690202A;PR;Cachoeira;-25,3536;-49,25527;2025-03-01 01:50:00.0;0,00
CURITIBA;410690202A;PR;Cachoeira;-25,3536;-49,25527;2025-03-01 02:50:00.0;0,00
CURITIBA;410690202A;PR;Cachoeira;-25,3536;-49,25527;2025-03-01 03:50:00.0;0,00
CURITIBA;410690202A;PR;Cachoeira;-25,3536;-49,25527;2025-03-01 04:50:00.0;0,00
CURITIBA;410690202A;PR;Cachoeira;-25,3536;-49,25527;2025-03-01 05:50:00.0;0,00
CURITIBA;410690202A;PR;Cachoeira;-25,3536;-49,25527;2025-03-01 06:50:00.0;0,00
CURITIBA;410690202A;PR;Cachoeira;-25,3536;-49,25527;2025-03-01 07:50:00.0;0,00
CURITIBA;410690202A;PR;Cachoeira;-25,3536;-49,25527;2025-03-01 08:50:00.0;0,00
CURITIBA;410690202A;PR;Cachoeira;-25,3536;-49,25527;2025-03-01 09:50:00.0;0,00
CURITIBA;410690202A;PR;Cachoeira;-25,3536;-49,25527;2025-03-01 10:50:00.0;0,00
CURITIBA;410690202A;PR;Cachoeira;-25,3536;-49,25527;2025-03-01 11:50:00.0;0,00
CURITIBA;410690202A;PR;Cachoeira;-25,3536;-49,25527;2025-03-01 12:50:00.0;0,00
CURITIBA;410690202A;PR;Cachoeira;-25,3536;-49,25527;2025-03-01 13:50:00.0;0,00
CURITIBA;410690202A;PR;Cachoeira;-25,3536;-49,25527;2025-03-01 14:50:00.0;0,00
CURITIBA;410690202A;PR;Cachoeira;-25,3536;-49,25527;2025-03-01 15:50:00.0;0,00
CURITIBA;410690202A;PR;Cachoeira;-25,3536;-49,25527;2025-03-01 16:50:00.0;0,00
CURITIBA;410690202A;PR;Cachoeira;-25,3536;-49,25527;2025-03-01 17:50:00.0;0,00
CURITIBA;410690202A;PR;Cachoeira;-25,3536;-49,25527;2025-03-01 18:50:00.0;0,00
CURITIBA;410690202A;PR;Cachoeira;-25,3536;-49,25527;2025-03-01 19:50:00.0;0,00
CURITIBA;410690202A;PR;Cachoeira;-25,3536;-49,25527;2025-03-01 20:50:00.0;0,00
CURITIBA;410690202A;PR;Cachoeira;-25,3536;-49,25527;2025-03-01 21:50:00.0;0,00
CURITIBA;410690202A;PR;Cachoeira;-25,3536;-49,25527;2025-03-01 22:50:00.0;0,00
CURITIBA;410690202A;PR;Cachoeira;-25,3536;-49,25527;2025-03-01 23:50:00.0;0,00
CURITIBA;410690202A;PR;Cachoeira;-25,3536;-49,25527;2025-03-02 00:50:00.0;0,00
CURITIBA;410690202A;PR;Cachoeira;-25,3536;-49,25527;2025-03-02 01:50:00.0;0,00
CURITIBA;410690202A;PR;Cachoeira;-25,3536;-49,25527;2025-03-02 02:50:00.0;0,00
CURITIBA;410690202A;PR;Cachoeira;-25,3536;-49,25527;2025-03-02 03:50:00.0;0,00
CURITIBA;410690202A;PR;Cachoeira;-25,3536;-49,25527;2025-03-02 04:50:00.0;0,00
CURITIBA;410690202A;PR;Cachoeira;-25,3536;-49,25527;2025-03-02 05:50:00.0;0,00
CURITIBA;410690202A;PR;Cachoeira;-25,3536;-49,25527;2025-03-02 06:50:00.0;0,00
CURITIBA;410690202A;PR;Cachoeira;-25,3536;-49,25527;2025-03-02 07:50:00.0;0,00
CURITIBA;410690202A;PR;Cachoeira;-25,3536;-49,25527;2025-03-02 08:50:00.0;0,00
CURITIBA;410690202A;PR;Cachoeira;-25,3536;-49,25527;2025-03-02 09:50:00.0;0,00
CURITIBA;410690202A;PR;Cachoeira;-25,3536;-49,25527;2025-03-02 10:50:00.0;0,00
CURITIBA;410690202A;PR;Cachoeira;-25,3536;-49,25527;2025-03-02 11:50:00.0;0,00
CURITIBA;410690202A;PR;Cachoeira;-25,3536;-49,25527;2025-03-02 12:50:00.0;0,00
CURITIBA;410690202A;PR;Cachoeira;-25,3536;-49,25527;2025-03-02 13:50:00.0;0,00
CURITIBA;410690202A;PR;Cachoeira;-25,3536;-49,25527;2025-03-02 14:50:00.0;0,00
CURITIBA;410690202A;PR;Cachoeira;-25,3536;-49,25527;2025-03-02 15:50:00.0;0,00
CURITIBA;410690202A;PR;Cachoeira;-25,3536;-49,25527;2025-03-02 16:50:00.0;0,00
CURITIBA;410690202A;PR;Cachoeira;-25,3536;-49,25527;2025-03-02 17:50:00.0;0,00
CURITIBA;410690202A;PR;Cachoeira;-25,3536;-49,25527;2025-03-02 18:50:00.0;0,00
CURITIBA;410690202A;PR;Cachoeira;-25,3536;-49,25527;2025-03-02 19:50:00.0;0,00
CURITIBA;410690202A;PR;Cachoeira;-25,3536;-49,25527;2025-03-02 20:50:00.0;0,00
CURITIBA;410690202A;PR;Cachoeira;-25,3536;-49,25527;2025-03-02 21:50:00.0;0,00
CURITIBA;410690202A;PR;Cachoeira;-25,3536;-49,25527;2025-03-02 22:50:00.0;0,00
CURITIBA;410690202A;PR;Cachoeira;-25,3536;-49,25527;2025-03-02 23:50:00.0;0,00
CURITIBA;410690202A;PR;Cachoeira;-25,3536;-49,25527;2025-03-03 00:50:00.0;0,00
CURITIBA;410690202A;PR;Cachoeira;-25,3536;-49,25527;2025-03-03 01:50:00.0;0,00
CURITIBA;410690202A;PR;Cachoeira;-25,3536;-49,25527;2025-03-03 02:50:00.0;0,00
CURITIBA;410690202A;PR;Cachoeira;-25,3536;-49,25527;2025-03-03 03:50:00.0;0,00
CURITIBA;410690202A;PR;Cachoeira;-25,3536;-49,25527;2025-03-03 04:50:00.0;0,00
CURITIBA;410690202A;PR;Cachoeira;-25,3536;-49,25527;2025-03-03 05:50:00.0;0,00
CURITIBA;410690202A;PR;Cachoeira;-25,3536;-49,25527;2025-03-03 06:50:00.0;0,00
CURITIBA;410690202A;PR;Cachoeira;-25,3536;-49,25527;2025-03-03 07:50:00.0;0,00
CURITIBA;410690202A;PR;Cachoeira;-25,3536;-49,25527;2025-03-03 08:50:00.0;0,00
CURITIBA;410690202A;PR;Cachoeira;-25,3536;-49,25527;2025-03-03 09:50:00.0;0,00
CURITIBA;410690202A;PR;Cachoeira;-25,3536;-49,25527;2025-03-03 10:50:00.0;0,00
CURITIBA;410690202A;PR;Cachoeira;-25,3536;-49,25527;2025-03-03 11:50:00.0;0,00
CURITIBA;410690202A;PR;Cachoeira;-25,3536;-49,25527;2025-03-03 12:50:00.0;0,00
CURITIBA;410690202A;PR;Cachoeira;-25,3536;-49,25527;2025-03-03 13:50:00.0;0,00
CURITIBA;410690202A;PR;Cachoeira;-25,3536;-49,25527;2025-03-03 14:50:00.0;0,00
CURITIBA;410690202A;PR;Cachoeira;-25,3536;-49,25527;2025-03-03 15:50:00.0;0,00
CURITIBA;410690202A;PR;Cachoeira;-25,3536;-49,25527;2025-03-03 16:50:00.0;0,00
CURITIBA;410690202A;PR;Cachoeira;-25,3536;-49,25527;2025-03-03 17:50:00.0;0,00
CURITIBA;410690202A;PR;Cachoeira;-25,3536;-49,25527;2025-03-03 18:50:00.0;0,00
CURITIBA;410690202A;PR;Cachoeira;-25,3536;-49,25527;2025-03-03 19:50:00.0;0,00
CURITIBA;410690202A;PR;Cachoeira;-25,3536;-49,25527;2025-03-03 20:50:00.0;0,00
CURITIBA;410690202A;PR;Cachoeira;-25,3536;-49,25527;2025-03-03 21:50:00.0;0,00
CURITIBA;410690202A;PR;Cachoeira;-25,3536;-49,25527;2025-03-03 22:50:00.0;0,00
CURITIBA;410690202A;PR;Cachoeira;-25,3536;-49,25527;2025-03-03 23:50:00.0;0,00
CURITIBA;410690202A;PR;Cachoeira;-25,3536;-49,25527;2025-03-04 00:50:00.0;0,00
CURITIBA;410690202A;PR;Cachoeira;-25,3536;-49,25527;2025-03-04 01:50:00.0;0,00
CURITIBA;410690202A;PR;Cachoeira;-25,3536;-49,25527;2025-03-04 02:50:00.0;0,00
CURITIBA;410690202A;PR;Cachoeira;-25,3536;-49,25527;2025-03-04 03:50:00.0;0,00
CURITIBA;410690202A;PR;Cachoeira;-25,3536;-49,25527;2025-03-04 04:50:00.0;0,00
CURITIBA;410690202A;PR;Cachoeira;-25,3536;-49,25527;2025-03-04 05:50:00.0;0,00
CURITIBA;410690202A;PR;Cachoeira;-25,3536;-49,25527;2025-03-04 06:50:00.0;0,00
CURITIBA;410690202A;PR;Cachoeira;-25,3536;-49,25527;2025-03-04 07:50:00.0;0,00
CURITIBA;410690202A;PR;Cachoeira;-25,3536;-49,25527;2025-03-04 08:50:00.0;0,00
CURITIBA;410690202A;PR;Cachoeira;-25,3536;-49,25527;2025-03-04 09:50:00.0;0,00
CURITIBA;410690202A;PR;Cachoeira;-25,3536;-49,25527;2025-03-04 10:50:00.0;0,00
CURITIBA;410690202A;PR;Cachoeira;-25,3536;-49,25527;2025-03-04 11:50:00.0;0,00
CURITIBA;410690202A;PR;Cachoeira;-25,3536;-49,25527;2025-03-04 12:50:00.0;0,00
CURITIBA;410690202A;PR;Cachoeira;-25,3536;-49,25527;2025-03-04 13:50:00.0;0,00
CURITIBA;410690202A;PR;Cachoeira;-25,3536;-49,25527;2025-03-04 14:50:00.0;0,00
CURITIBA;410690202A;PR;Cachoeira;-25,3536;-49,25527;2025-03-04 15:50:00.0;0,00
CURITIBA;410690202A;PR;Cachoeira;-25,3536;-49,25527;2025-03-04 16:50:00.0;0,00
CURITIBA;410690202A;PR;Cachoeira;-25,3536;-49,25527;2025-03-04 17:50:00.0;0,00
CURITIBA;410690202A;PR;Cachoeira;-25,3536;-49,25527;2025-03-04 18:50:00.0;0,00
CURITIBA;410690202A;PR;Cachoeira;-25,3536;-49,25527;2025-03-04 19:50:00.0;0,00
CURITIBA;410690202A;PR;Cachoeira;-25,3536;-49,25527;2025-03-04 20:50:00.0;0,00
CURITIBA;410690202A;PR;Cachoeira;-25,3536;-49,25527;2025-03-04 21:50:00.0;0,00
CURITIBA;410690202A;PR;Cachoeira;-25,3536;-49,25527;2025-03-04 22:50:00.0;0,00
CURITIBA;410690202A;PR;Cachoeira;-25,3536;-49,25527;2025-03-04 23:50:00.0;0,00
CURITIBA;410690202A;PR;Cachoeira;-25,3536;-49,25527;2025-03-05 00:50:00.0;0,00
CURITIBA;410690202A;PR;Cachoeira;-25,3536;-49,25527;2025-03-05 01:50:00.0;0,00
CURITIBA;410690202A;PR;Cachoeira;-25,3536;-49,25527;2025-03-05 02:50:00.0;0,00
CURITIBA;410690202A;PR;Cachoeira;-25,3536;-49,25527;2025-03-05 03:50:00.0;0,00
CURITIBA;410690202A;PR;Cachoeira;-25,3536;-49,25527;2025-03-05 04:50:00.0;0,00
CURITIBA;410690202A;PR;Cachoeira;-25,3536;-49,25527;2025-03-05 05:50:00.0;0,00
CURITIBA;410690202A;PR;Cachoeira;-25,3536;-49,25527;2025-03-05 06:50:00.0;0,00
CURITIBA;410690202A;PR;Cachoeira;-25,3536;-49,25527;2025-03-05 07:50:00.0;0,00
CURITIBA;410690202A;PR;Cachoeira;-25,3536;-49,25527;2025-03-05 08:50:00.0;0,00
CURITIBA;410690202A;PR;Cachoeira;-25,3536;-49,25527;2025-03-05 09:50:00.0;0,00
CURITIBA;410690202A;PR;Cachoeira;-25,3536;-49,25527;2025-03-05 10:50:00.0;0,00
CURITIBA;410690202A;PR;Cachoeira;-25,3536;-49,25527;2025-03-05 11:50:00.0;0,00
CURITIBA;410690202A;PR;Cachoeira;-25,3536;-49,25527;2025-03-05 12:50:00.0;0,00
CURITIBA;410690202A;PR;Cachoeira;-25,3536;-49,25527;2025-03-05 13:50:00.0;0,00
CURITIBA;410690202A;PR;Cachoeira;-25,3536;-49,25527;2025-03-05 14:50:00.0;0,00
CURITIBA;410690202A;PR;Cachoeira;-25,3536;-49,25527;2025-03-05 15:50:00.0;0,00
CURITIBA;410690202A;PR;Cachoeira;-25,3536;-49,25527;2025-03-05 16:50:00.0;0,00
CURITIBA;410690202A;PR;Cachoeira;-25,3536;-49,25527;2025-03-05 17:50:00.0;0,00
CURITIBA;410690202A;PR;Cachoeira;-25,3536;-49,25527;2025-03-05 18:50:00.0;0,00
CURITIBA;410690202A;PR;Cachoeira;-25,3536;-49,25527;2025-03-05 19:50:00.0;0,00
CURITIBA;410690202A;PR;Cachoeira;-25,3536;-49,25527;2025-03-05 20:50:00.0;0,00
CURITIBA;410690202A;PR;Cachoeira;-25,3536;-49,25527;2025-03-05 21:50:00.0;0,00
CURITIBA;410690202A;PR;Cachoeira;-25,3536;-49,25527;2025-03-05 22:50:00.0;0,00
CURITIBA;410690202A;PR;Cachoeira;-25,3536;-49,25527;2025-03-05 23:50:00.0;0,00
CURITIBA;410690202A;PR;Cachoeira;-25,3536;-49,25527;2025-03-06 00:50:00.0;0,00
CURITIBA;410690202A;PR;Cachoeira;-25,3536;-49,25527;2025-03-06 01:50:00.0;0,00
CURITIBA;410690202A;PR;Cachoeira;-25,3536;-49,25527;2025-03-06 02:50:00.0;0,00
CURITIBA;410690202A;PR;Cachoeira;-25,3536;-49,25527;2025-03-06 03:50:00.0;0,00
CURITIBA;410690202A;PR;Cachoeira;-25,3536;-49,25527;2025-03-06 04:50:00.0;0,00
CURITIBA;410690202A;PR;Cachoeira;-25,3536;-49,25527;2025-03-06 05:50:00.0;0,00
CURITIBA;410690202A;PR;Cachoeira;-25,3536;-49,25527;2025-03-06 06:50:00.0;0,00
CURITIBA;410690202A;PR;Cachoeira;-25,3536;-49,25527;2025-03-06 07:50:00.0;0,00
CURITIBA;410690202A;PR;Cachoeira;-25,3536;-49,25527;2025-03-06 08:50:00.0;0,00
CURITIBA;410690202A;PR;Cachoeira;-25,3536;-49,25527;2025-03-06 09:50:00.0;0,00
CURITIBA;410690202A;PR;Cachoeira;-25,3536;-49,25527;2025-03-06 10:50:00.0;0,00
CURITIBA;410690202A;PR;Cachoeira;-25,3536;-49,25527;2025-03-06 11:50:00.0;0,00
CURITIBA;410690202A;PR;Cachoeira;-25,3536;-49,25527;2025-03-06 12:50:00.0;0,00
CURITIBA;410690202A;PR;Cachoeira;-25,3536;-49,25527;2025-03-06 13:50:00.0;0,00
CURITIBA;410690202A;PR;Cachoeira;-25,3536;-49,25527;2025-03-06 14:50:00.0;0,00
CURITIBA;410690202A;PR;Cachoeira;-25,3536;-49,25527;2025-03-06 15:50:00.0;0,00
CURITIBA;410690202A;PR;Cachoeira;-25,3536;-49,25527;2025-03-06 16:50:00.0;0,00
CURITIBA;410690202A;PR;Cachoeira;-25,3536;-49,25527;2025-03-06 17:50:00.0;0,00
CURITIBA;410690202A;PR;Cachoeira;-25,3536;-49,25527;2025-03-06 18:50:00.0;0,00
CURITIBA;410690202A;PR;Cachoeira;-25,3536;-49,25527;2025-03-06 19:50:00.0;0,00
CURITIBA;410690202A;PR;Cachoeira;-25,3536;-49,25527;2025-03-06 20:50:00.0;0,00
CURITIBA;410690202A;PR;Cachoeira;-25,3536;-49,25527;2025-03-06 21:50:00.0;0,00
CURITIBA;410690202A;PR;Cachoeira;-25,3536;-49,25527;2025-03-06 22:50:00.0;0,00
CURITIBA;410690202A;PR;Cachoeira;-25,3536;-49,25527;2025-03-06 23:50:00.0;0,00
CURITIBA;410690202A;PR;Cachoeira;-25,3536;-49,25527;2025-03-07 00:50:00.0;0,00
CURITIBA;410690202A;PR;Cachoeira;-25,3536;-49,25527;2025-03-07 01:50:00.0;0,00
CURITIBA;410690202A;PR;Cachoeira;-25,3536;-49,25527;2025-03-07 02:50:00.0;0,00
CURITIBA;410690202A;PR;Cachoeira;-25,3536;-49,25527;2025-03-07 03:50:00.0;0,00
CURITIBA;410690202A;PR;Cachoeira;-25,3536;-49,25527;2025-03-07 04:50:00.0;0,00
CURITIBA;410690202A;PR;Cachoeira;-25,3536;-49,25527;2025-03-07 05:50:00.0;0,00
CURITIBA;410690202A;PR;Cachoeira;-25,3536;-49,25527;2025-03-07 06:50:00.0;0,00
CURITIBA;410690202A;PR;Cachoeira;-25,3536;-49,25527;2025-03-07 07:50:00.0;0,00
CURITIBA;410690202A;PR;Cachoeira;-25,3536;-49,25527;2025-03-07 08:50:00.0;0,00
CURITIBA;410690202A;PR;Cachoeira;-25,3536;-49,25527;2025-03-07 09:50:00.0;0,00
CURITIBA;410690202A;PR;Cachoeira;-25,3536;-49,25527;2025-03-07 10:50:00.0;0,00
CURITIBA;410690202A;PR;Cachoeira;-25,3536;-49,25527;2025-03-07 11:50:00.0;0,00
CURITIBA;410690202A;PR;Cachoeira;-25,3536;-49,25527;2025-03-07 12:50:00.0;0,00
CURITIBA;410690202A;PR;Cachoeira;-25,3536;-49,25527;2025-03-07 13:50:00.0;0,00
CURITIBA;410690202A;PR;Cachoeira;-25,3536;-49,25527;2025-03-07 14:50:00.0;0,00
CURITIBA;410690202A;PR;Cachoeira;-25,3536;-49,25527;2025-03-07 15:50:00.0;0,00
CURITIBA;410690202A;PR;Cachoeira;-25,3536;-49,25527;2025-03-07 16:50:00.0;0,00
CURITIBA;410690202A;PR;Cachoeira;-25,3536;-49,25527;2025-03-07 17:50:00.0;0,00
CURITIBA;410690202A;PR;Cachoeira;-25,3536;-49,25527;2025-03-07 18:50:00.0;0,00
CURITIBA;410690202A;PR;Cachoeira;-25,3536;-49,25527;2025-03-07 19:50:00.0;0,00
CURITIBA;410690202A;PR;Cachoeira;-25,3536;-49,25527;2025-03-07 20:50:00.0;0,00
CURITIBA;410690202A;PR;Cachoeira;-25,3536;-49,25527;2025-03-07 21:50:00.0;0,00
CURITIBA;410690202A;PR;Cachoeira;-25,3536;-49,25527;2025-03-07 22:50:00.0;0,00
CURITIBA;410690202A;PR;Cachoeira;-25,3536;-49,25527;2025-03-07 23:50:00.0;0,00
CURITIBA;410690202A;PR;Cachoeira;-25,3536;-49,25527;2025-03-08 00:50:00.0;0,00
CURITIBA;410690202A;PR;Cachoeira;-25,3536;-49,25527;2025-03-08 01:50:00.0;0,00
CURITIBA;410690202A;PR;Cachoeira;-25,3536;-49,25527;2025-03-08 02:50:00.0;0,00
CURITIBA;410690202A;PR;Cachoeira;-25,3536;-49,25527;2025-03-08 03:50:00.0;0,00
CURITIBA;410690202A;PR;Cachoeira;-25,3536;-49,25527;2025-03-08 04:50:00.0;0,00
CURITIBA;410690202A;PR;Cachoeira;-25,3536;-49,25527;2025-03-08 05:50:00.0;0,00
CURITIBA;410690202A;PR;Cachoeira;-25,3536;-49,25527;2025-03-08 06:50:00.0;0,00
CURITIBA;410690202A;PR;Cachoeira;-25,3536;-49,25527;2025-03-08 07:50:00.0;0,00
CURITIBA;410690202A;PR;Cachoeira;-25,3536;-49,25527;2025-03-08 08:50:00.0;0,00
CURITIBA;410690202A;PR;Cachoeira;-25,3536;-49,25527;2025-03-08 09:50:00.0;0,00
CURITIBA;410690202A;PR;Cachoeira;-25,3536;-49,25527;2025-03-08 10:50:00.0;0,00
CURITIBA;410690202A;PR;Cachoeira;-25,3536;-49,25527;2025-03-08 11:50:00.0;0,00
CURITIBA;410690202A;PR;Cachoeira;-25,3536;-49,25527;2025-03-08 12:50:00.0;0,00
CURITIBA;410690202A;PR;Cachoeira;-25,3536;-49,25527;2025-03-08 13:50:00.0;0,00
CURITIBA;410690202A;PR;Cachoeira;-25,3536;-49,25527;2025-03-08 14:50:00.0;0,00
CURITIBA;410690202A;PR;Cachoeira;-25,3536;-49,25527;2025-03-08 15:50:00.0;0,00
CURITIBA;410690202A;PR;Cachoeira;-25,3536;-49,25527;2025-03-08 16:50:00.0;0,00
CURITIBA;410690202A;PR;Cachoeira;-25,3536;-49,25527;2025-03-08 17:50:00.0;0,00
CURITIBA;410690202A;PR;Cachoeira;-25,3536;-49,25527;2025-03-08 18:50:00.0;0,00
CURITIBA;410690202A;PR;Cachoeira;-25,3536;-49,25527;2025-03-08 19:50:00.0;0,00
CURITIBA;410690202A;PR;Cachoeira;-25,3536;-49,25527;2025-03-08 20:50:00.0;0,00
CURITIBA;410690202A;PR;Cachoeira;-25,3536;-49,25527;2025-03-08 21:50:00.0;0,00
CURITIBA;410690202A;PR;Cachoeira;-25,3536;-49,25527;2025-03-08 22:50:00.0;0,00
CURITIBA;410690202A;PR;Cachoeira;-25,3536;-49,25527;2025-03-08 23:50:00.0;0,00
CURITIBA;410690202A;PR;Cachoeira;-25,3536;-49,25527;2025-03-09 00:50:00.0;0,00
CURITIBA;410690202A;PR;Cachoeira;-25,3536;-49,25527;2025-03-09 01:50:00.0;0,00
CURITIBA;410690202A;PR;Cachoeira;-25,3536;-49,25527;2025-03-09 02:50:00.0;0,00
CURITIBA;410690202A;PR;Cachoeira;-25,3536;-49,25527;2025-03-09 03:50:00.0;0,00
CURITIBA;410690202A;PR;Cachoeira;-25,3536;-49,25527;2025-03-09 04:50:00.0;0,00
CURITIBA;410690202A;PR;Cachoeira;-25,3536;-49,25527;2025-03-09 05:50:00.0;0,00
CURITIBA;410690202A;PR;Cachoeira;-25,3536;-49,25527;2025-03-09 06:50:00.0;0,00
CURITIBA;410690202A;PR;Cachoeira;-25,3536;-49,25527;2025-03-09 07:50:00.0;0,00
CURITIBA;410690202A;PR;Cachoeira;-25,3536;-49,25527;2025-03-09 08:50:00.0;0,00
CURITIBA;410690202A;PR;Cachoeira;-25,3536;-49,25527;2025-03-09 09:50:00.0;0,00
CURITIBA;410690202A;PR;Cachoeira;-25,3536;-49,25527;2025-03-09 10:50:00.0;0,00
CURITIBA;410690202A;PR;Cachoeira;-25,3536;-49,25527;2025-03-09 11:50:00.0;0,00
CURITIBA;410690202A;PR;Cachoeira;-25,3536;-49,25527;2025-03-09 12:50:00.0;0,00
CURITIBA;410690202A;PR;Cachoeira;-25,3536;-49,25527;2025-03-09 13:50:00.0;0,00
CURITIBA;410690202A;PR;Cachoeira;-25,3536;-49,25527;2025-03-09 14:50:00.0;0,00
CURITIBA;410690202A;PR;Cachoeira;-25,3536;-49,25527;2025-03-09 15:50:00.0;0,00
CURITIBA;410690202A;PR;Cachoeira;-25,3536;-49,25527;2025-03-09 16:50:00.0;0,00
CURITIBA;410690202A;PR;Cachoeira;-25,3536;-49,25527;2025-03-09 17:50:00.0;0,00
CURITIBA;410690202A;PR;Cachoeira;-25,3536;-49,25527;2025-03-09 18:50:00.0;0,00
CURITIBA;410690202A;PR;Cachoeira;-25,3536;-49,25527;2025-03-09 19:50:00.0;0,00
CURITIBA;410690202A;PR;Cachoeira;-25,3536;-49,25527;2025-03-09 20:10:00.0;0,20
CURITIBA;410690202A;PR;Cachoeira;-25,3536;-49,25527;2025-03-09 20:50:00.0;0,00
CURITIBA;410690202A;PR;Cachoeira;-25,3536;-49,25527;2025-03-09 21:00:00.0;1,20
CURITIBA;410690202A;PR;Cachoeira;-25,3536;-49,25527;2025-03-09 21:50:00.0;0,00
CURITIBA;410690202A;PR;Cachoeira;-25,3536;-49,25527;2025-03-09 22:50:00.0;0,00
CURITIBA;410690202A;PR;Cachoeira;-25,3536;-49,25527;2025-03-09 23:50:00.0;0,00
CURITIBA;410690202A;PR;Cachoeira;-25,3536;-49,25527;2025-03-10 00:50:00.0;0,00
CURITIBA;410690202A;PR;Cachoeira;-25,3536;-49,25527;2025-03-10 01:50:00.0;0,00
CURITIBA;410690202A;PR;Cachoeira;-25,3536;-49,25527;2025-03-10 02:50:00.0;0,00
CURITIBA;410690202A;PR;Cachoeira;-25,3536;-49,25527;2025-03-10 03:50:00.0;0,00
CURITIBA;410690202A;PR;Cachoeira;-25,3536;-49,25527;2025-03-10 04:50:00.0;0,00
CURITIBA;410690202A;PR;Cachoeira;-25,3536;-49,25527;2025-03-10 05:50:00.0;0,00
CURITIBA;410690202A;PR;Cachoeira;-25,3536;-49,25527;2025-03-10 06:50:00.0;0,00
CURITIBA;410690202A;PR;Cachoeira;-25,3536;-49,25527;2025-03-10 07:50:00.0;0,00
CURITIBA;410690202A;PR;Cachoeira;-25,3536;-49,25527;2025-03-10 08:50:00.0;0,00
CURITIBA;410690202A;PR;Cachoeira;-25,3536;-49,25527;2025-03-10 09:50:00.0;0,00
CURITIBA;410690202A;PR;Cachoeira;-25,3536;-49,25527;2025-03-10 10:50:00.0;0,00
CURITIBA;410690202A;PR;Cachoeira;-25,3536;-49,25527;2025-03-10 11:50:00.0;0,00
CURITIBA;410690202A;PR;Cachoeira;-25,3536;-49,25527;2025-03-10 12:50:00.0;0,00
CURITIBA;410690202A;PR;Cachoeira;-25,3536;-49,25527;2025-03-10 13:50:00.0;0,00
CURITIBA;410690202A;PR;Cachoeira;-25,3536;-49,25527;2025-03-10 14:50:00.0;0,00
CURITIBA;410690202A;PR;Cachoeira;-25,3536;-49,25527;2025-03-10 15:50:00.0;0,00
CURITIBA;410690202A;PR;Cachoeira;-25,3536;-49,25527;2025-03-10 16:50:00.0;0,00
CURITIBA;410690202A;PR;Cachoeira;-25,3536;-49,25527;2025-03-10 17:50:00.0;0,00
CURITIBA;410690202A;PR;Cachoeira;-25,3536;-49,25527;2025-03-10 18:50:00.0;0,00
CURITIBA;410690202A;PR;Cachoeira;-25,3536;-49,25527;2025-03-10 19:50:00.0;0,00
CURITIBA;410690202A;PR;Cachoeira;-25,3536;-49,25527;2025-03-10 20:50:00.0;0,00
CURITIBA;410690202A;PR;Cachoeira;-25,3536;-49,25527;2025-03-10 21:50:00.0;0,00
CURITIBA;410690202A;PR;Cachoeira;-25,3536;-49,25527;2025-03-10 22:50:00.0;0,00
CURITIBA;410690202A;PR;Cachoeira;-25,3536;-49,25527;2025-03-10 23:50:00.0;0,00
CURITIBA;410690202A;PR;Cachoeira;-25,3536;-49,25527;2025-03-11 00:50:00.0;0,00
CURITIBA;410690202A;PR;Cachoeira;-25,3536;-49,25527;2025-03-11 01:50:00.0;0,00
CURITIBA;410690202A;PR;Cachoeira;-25,3536;-49,25527;2025-03-11 02:50:00.0;0,00
CURITIBA;410690202A;PR;Cachoeira;-25,3536;-49,25527;2025-03-11 03:50:00.0;0,00
CURITIBA;410690202A;PR;Cachoeira;-25,3536;-49,25527;2025-03-11 04:50:00.0;0,00
CURITIBA;410690202A;PR;Cachoeira;-25,3536;-49,25527;2025-03-11 05:50:00.0;0,00
CURITIBA;410690202A;PR;Cachoeira;-25,3536;-49,25527;2025-03-11 06:50:00.0;0,00
CURITIBA;410690202A;PR;Cachoeira;-25,3536;-49,25527;2025-03-11 07:50:00.0;0,00
CURITIBA;410690202A;PR;Cachoeira;-25,3536;-49,25527;2025-03-11 08:50:00.0;0,00
CURITIBA;410690202A;PR;Cachoeira;-25,3536;-49,25527;2025-03-11 09:50:00.0;0,00
CURITIBA;410690202A;PR;Cachoeira;-25,3536;-49,25527;2025-03-11 10:50:00.0;0,00
CURITIBA;410690202A;PR;Cachoeira;-25,3536;-49,25527;2025-03-11 11:50:00.0;0,00
CURITIBA;410690202A;PR;Cachoeira;-25,3536;-49,25527;2025-03-11 12:50:00.0;0,00
CURITIBA;410690202A;PR;Cachoeira;-25,3536;-49,25527;2025-03-11 13:50:00.0;0,00
CURITIBA;410690202A;PR;Cachoeira;-25,3536;-49,25527;2025-03-11 14:50:00.0;0,00
CURITIBA;410690202A;PR;Cachoeira;-25,3536;-49,25527;2025-03-11 15:50:00.0;0,00
CURITIBA;410690202A;PR;Cachoeira;-25,3536;-49,25527;2025-03-11 16:50:00.0;0,00
CURITIBA;410690202A;PR;Cachoeira;-25,3536;-49,25527;2025-03-11 17:50:00.0;0,00
CURITIBA;410690202A;PR;Cachoeira;-25,3536;-49,25527;2025-03-11 18:50:00.0;0,00
CURITIBA;410690202A;PR;Cachoeira;-25,3536;-49,25527;2025-03-11 19:50:00.0;0,00
CURITIBA;410690202A;PR;Cachoeira;-25,3536;-49,25527;2025-03-11 20:50:00.0;0,00
CURITIBA;410690202A;PR;Cachoeira;-25,3536;-49,25527;2025-03-11 21:00:00.0;0,20
CURITIBA;410690202A;PR;Cachoeira;-25,3536;-49,25527;2025-03-11 21:10:00.0;0,20
CURITIBA;410690202A;PR;Cachoeira;-25,3536;-49,25527;2025-03-11 21:20:00.0;0,60
CURITIBA;410690202A;PR;Cachoeira;-25,3536;-49,25527;2025-03-11 21:30:00.0;0,60
CURITIBA;410690202A;PR;Cachoeira;-25,3536;-49,25527;2025-03-11 21:40:00.0;1,00
CURITIBA;410690202A;PR;Cachoeira;-25,3536;-49,25527;2025-03-11 21:50:00.0;1,00
CURITIBA;410690202A;PR;Cachoeira;-25,3536;-49,25527;2025-03-11 22:00:00.0;1,80
CURITIBA;410690202A;PR;Cachoeira;-25,3536;-49,25527;2025-03-11 22:10:00.0;2,60
CURITIBA;410690202A;PR;Cachoeira;-25,3536;-49,25527;2025-03-11 22:20:00.0;1,80
CURITIBA;410690202A;PR;Cachoeira;-25,3536;-49,25527;2025-03-11 22:30:00.0;2,00
CURITIBA;410690202A;PR;Cachoeira;-25,3536;-49,25527;2025-03-11 22:40:00.0;5,00
CURITIBA;410690202A;PR;Cachoeira;-25,3536;-49,25527;2025-03-11 22:50:00.0;3,00
CURITIBA;410690202A;PR;Cachoeira;-25,3536;-49,25527;2025-03-11 23:00:00.0;4,00
CURITIBA;410690202A;PR;Cachoeira;-25,3536;-49,25527;2025-03-11 23:10:00.0;3,80
CURITIBA;410690202A;PR;Cachoeira;-25,3536;-49,25527;2025-03-11 23:20:00.0;2,60
CURITIBA;410690202A;PR;Cachoeira;-25,3536;-49,25527;2025-03-11 23:30:00.0;0,60
CURITIBA;410690202A;PR;Cachoeira;-25,3536;-49,25527;2025-03-11 23:40:00.0;0,40
CURITIBA;410690202A;PR;Cachoeira;-25,3536;-49,25527;2025-03-11 23:50:00.0;0,20
CURITIBA;410690202A;PR;Cachoeira;-25,3536;-49,25527;2025-03-12 00:00:00.0;0,20
CURITIBA;410690202A;PR;Cachoeira;-25,3536;-49,25527;2025-03-12 00:10:00.0;0,20
CURITIBA;410690202A;PR;Cachoeira;-25,3536;-49,25527;2025-03-12 00:50:00.0;0,00
CURITIBA;410690202A;PR;Cachoeira;-25,3536;-49,25527;2025-03-12 01:50:00.0;0,00
CURITIBA;410690202A;PR;Cachoeira;-25,3536;-49,25527;2025-03-12 02:50:00.0;0,00
CURITIBA;410690202A;PR;Cachoeira;-25,3536;-49,25527;2025-03-12 03:50:00.0;0,20
CURITIBA;410690202A;PR;Cachoeira;-25,3536;-49,25527;2025-03-12 04:50:00.0;0,00
CURITIBA;410690202A;PR;Cachoeira;-25,3536;-49,25527;2025-03-12 05:50:00.0;0,00
CURITIBA;410690202A;PR;Cachoeira;-25,3536;-49,25527;2025-03-12 06:50:00.0;0,00
CURITIBA;410690202A;PR;Cachoeira;-25,3536;-49,25527;2025-03-12 07:50:00.0;0,00
CURITIBA;410690202A;PR;Cachoeira;-25,3536;-49,25527;2025-03-12 08:50:00.0;0,20
CURITIBA;410690202A;PR;Cachoeira;-25,3536;-49,25527;2025-03-12 09:50:00.0;0,00
CURITIBA;410690202A;PR;Cachoeira;-25,3536;-49,25527;2025-03-12 10:50:00.0;0,00
CURITIBA;410690202A;PR;Cachoeira;-25,3536;-49,25527;2025-03-12 11:50:00.0;0,00
CURITIBA;410690202A;PR;Cachoeira;-25,3536;-49,25527;2025-03-12 12:50:00.0;0,00
CURITIBA;410690202A;PR;Cachoeira;-25,3536;-49,25527;2025-03-12 13:50:00.0;0,00
CURITIBA;410690202A;PR;Cachoeira;-25,3536;-49,25527;2025-03-12 14:50:00.0;0,00
CURITIBA;410690202A;PR;Cachoeira;-25,3536;-49,25527;2025-03-12 15:40:00.0;1,60
CURITIBA;410690202A;PR;Cachoeira;-25,3536;-49,25527;2025-03-12 15:50:00.0;0,20
CURITIBA;410690202A;PR;Cachoeira;-25,3536;-49,25527;2025-03-12 16:50:00.0;0,00
CURITIBA;410690202A;PR;Cachoeira;-25,3536;-49,25527;2025-03-12 17:50:00.0;0,00
CURITIBA;410690202A;PR;Cachoeira;-25,3536;-49,25527;2025-03-12 18:50:00.0;0,00
CURITIBA;410690202A;PR;Cachoeira;-25,3536;-49,25527;2025-03-12 19:50:00.0;0,00
CURITIBA;410690202A;PR;Cachoeira;-25,3536;-49,25527;2025-03-12 20:50:00.0;0,00
CURITIBA;410690202A;PR;Cachoeira;-25,3536;-49,25527;2025-03-12 21:40:00.0;0,80
CURITIBA;410690202A;PR;Cachoeira;-25,3536;-49,25527;2025-03-12 21:50:00.0;9,60
CURITIBA;410690202A;PR;Cachoeira;-25,3536;-49,25527;2025-03-12 22:00:00.0;5,20
CURITIBA;410690202A;PR;Cachoeira;-25,3536;-49,25527;2025-03-12 22:10:00.0;1,20
CURITIBA;410690202A;PR;Cachoeira;-25,3536;-49,25527;2025-03-12 22:20:00.0;3,60
CURITIBA;410690202A;PR;Cachoeira;-25,3536;-49,25527;2025-03-12 22:30:00.0;3,00
CURITIBA;410690202A;PR;Cachoeira;-25,3536;-49,25527;2025-03-12 22:40:00.0;2,20
CURITIBA;410690202A;PR;Cachoeira;-25,3536;-49,25527;2025-03-12 22:50:00.0;1,20
CURITIBA;410690202A;PR;Cachoeira;-25,3536;-49,25527;2025-03-12 23:00:00.0;0,60
CURITIBA;410690202A;PR;Cachoeira;-25,3536;-49,25527;2025-03-12 23:10:00.0;0,60
CURITIBA;410690202A;PR;Cachoeira;-25,3536;-49,25527;2025-03-12 23:20:00.0;0,20
CURITIBA;410690202A;PR;Cachoeira;-25,3536;-49,25527;2025-03-12 23:30:00.0;0,80
CURITIBA;410690202A;PR;Cachoeira;-25,3536;-49,25527;2025-03-12 23:40:00.0;0,80
CURITIBA;410690202A;PR;Cachoeira;-25,3536;-49,25527;2025-03-12 23:50:00.0;0,40
CURITIBA;410690202A;PR;Cachoeira;-25,3536;-49,25527;2025-03-13 00:00:00.0;0,20
CURITIBA;410690202A;PR;Cachoeira;-25,3536;-49,25527;2025-03-13 00:50:00.0;0,00
CURITIBA;410690202A;PR;Cachoeira;-25,3536;-49,25527;2025-03-13 01:50:00.0;0,00
CURITIBA;410690202A;PR;Cachoeira;-25,3536;-49,25527;2025-03-13 02:40:00.0;0,20
CURITIBA;410690202A;PR;Cachoeira;-25,3536;-49,25527;2025-03-13 02:50:00.0;1,80
CURITIBA;410690202A;PR;Cachoeira;-25,3536;-49,25527;2025-03-13 03:00:00.0;2,80
CURITIBA;410690202A;PR;Cachoeira;-25,3536;-49,25527;2025-03-13 03:10:00.0;3,20
CURITIBA;410690202A;PR;Cachoeira;-25,3536;-49,25527;2025-03-13 03:20:00.0;2,00
CURITIBA;410690202A;PR;Cachoeira;-25,3536;-49,25527;2025-03-13 03:30:00.0;0,40
CURITIBA;410690202A;PR;Cachoeira;-25,3536;-49,25527;2025-03-13 03:50:00.0;0,00
CURITIBA;410690202A;PR;Cachoeira;-25,3536;-49,25527;2025-03-13 04:50:00.0;0,00
CURITIBA;410690202A;PR;Cachoeira;-25,3536;-49,25527;2025-03-13 05:30:00.0;0,20
CURITIBA;410690202A;PR;Cachoeira;-25,3536;-49,25527;2025-03-13 05:40:00.0;0,20
CURITIBA;410690202A;PR;Cachoeira;-25,3536;-49,25527;2025-03-13 05:50:00.0;0,00
CURITIBA;410690202A;PR;Cachoeira;-25,3536;-49,25527;2025-03-13 06:10:00.0;0,20
CURITIBA;410690202A;PR;Cachoeira;-25,3536;-49,25527;2025-03-13 06:50:00.0;0,00
CURITIBA;410690202A;PR;Cachoeira;-25,3536;-49,25527;2025-03-13 07:00:00.0;0,20
CURITIBA;410690202A;PR;Cachoeira;-25,3536;-49,25527;2025-03-13 07:30:00.0;0,20
CURITIBA;410690202A;PR;Cachoeira;-25,3536;-49,25527;2025-03-13 07:40:00.0;0,40
CURITIBA;410690202A;PR;Cachoeira;-25,3536;-49,25527;2025-03-13 07:50:00.0;0,40
CURITIBA;410690202A;PR;Cachoeira;-25,3536;-49,25527;2025-03-13 08:00:00.0;0,40
CURITIBA;410690202A;PR;Cachoeira;-25,3536;-49,25527;2025-03-13 08:10:00.0;0,40
CURITIBA;410690202A;PR;Cachoeira;-25,3536;-49,25527;2025-03-13 08:20:00.0;0,20
CURITIBA;410690202A;PR;Cachoeira;-25,3536;-49,25527;2025-03-13 08:30:00.0;0,20
CURITIBA;410690202A;PR;Cachoeira;-25,3536;-49,25527;2025-03-13 08:50:00.0;0,00
CURITIBA;410690202A;PR;Cachoeira;-25,3536;-49,25527;2025-03-13 09:50:00.0;0,00
CURITIBA;410690202A;PR;Cachoeira;-25,3536;-49,25527;2025-03-13 10:50:00.0;0,00
CURITIBA;410690202A;PR;Cachoeira;-25,3536;-49,25527;2025-03-13 11:50:00.0;0,00
CURITIBA;410690202A;PR;Cachoeira;-25,3536;-49,25527;2025-03-13 12:50:00.0;0,00
CURITIBA;410690202A;PR;Cachoeira;-25,3536;-49,25527;2025-03-13 13:50:00.0;0,00
CURITIBA;410690202A;PR;Cachoeira;-25,3536;-49,25527;2025-03-13 14:50:00.0;0,00
CURITIBA;410690202A;PR;Cachoeira;-25,3536;-49,25527;2025-03-13 15:50:00.0;0,00
CURITIBA;410690202A;PR;Cachoeira;-25,3536;-49,25527;2025-03-13 16:50:00.0;0,00
CURITIBA;410690202A;PR;Cachoeira;-25,3536;-49,25527;2025-03-13 17:50:00.0;0,00
CURITIBA;410690202A;PR;Cachoeira;-25,3536;-49,25527;2025-03-13 18:50:00.0;0,00
CURITIBA;410690202A;PR;Cachoeira;-25,3536;-49,25527;2025-03-13 19:50:00.0;0,00
CURITIBA;410690202A;PR;Cachoeira;-25,3536;-49,25527;2025-03-13 20:10:00.0;0,40
CURITIBA;410690202A;PR;Cachoeira;-25,3536;-49,25527;2025-03-13 20:20:00.0;0,20
CURITIBA;410690202A;PR;Cachoeira;-25,3536;-49,25527;2025-03-13 20:50:00.0;0,00
CURITIBA;410690202A;PR;Cachoeira;-25,3536;-49,25527;2025-03-13 21:50:00.0;0,00
CURITIBA;410690202A;PR;Cachoeira;-25,3536;-49,25527;2025-03-13 22:50:00.0;0,00
CURITIBA;410690202A;PR;Cachoeira;-25,3536;-49,25527;2025-03-13 23:10:00.0;0,80
CURITIBA;410690202A;PR;Cachoeira;-25,3536;-49,25527;2025-03-13 23:20:00.0;10,80
CURITIBA;410690202A;PR;Cachoeira;-25,3536;-49,25527;2025-03-13 23:30:00.0;0,40
CURITIBA;410690202A;PR;Cachoeira;-25,3536;-49,25527;2025-03-13 23:40:00.0;0,60
CURITIBA;410690202A;PR;Cachoeira;-25,3536;-49,25527;2025-03-13 23:50:00.0;0,00
CURITIBA;410690202A;PR;Cachoeira;-25,3536;-49,25527;2025-03-14 00:00:00.0;0,60
CURITIBA;410690202A;PR;Cachoeira;-25,3536;-49,25527;2025-03-14 00:20:00.0;0,20
CURITIBA;410690202A;PR;Cachoeira;-25,3536;-49,25527;2025-03-14 00:40:00.0;0,20
CURITIBA;410690202A;PR;Cachoeira;-25,3536;-49,25527;2025-03-14 00:50:00.0;0,40
CURITIBA;410690202A;PR;Cachoeira;-25,3536;-49,25527;2025-03-14 01:00:00.0;0,60
CURITIBA;410690202A;PR;Cachoeira;-25,3536;-49,25527;2025-03-14 01:50:00.0;1,60
CURITIBA;410690202A;PR;Cachoeira;-25,3536;-49,25527;2025-03-14 02:00:00.0;0,40
CURITIBA;410690202A;PR;Cachoeira;-25,3536;-49,25527;2025-03-14 02:10:00.0;0,20
CURITIBA;410690202A;PR;Cachoeira;-25,3536;-49,25527;2025-03-14 02:50:00.0;0,00
CURITIBA;410690202A;PR;Cachoeira;-25,3536;-49,25527;2025-03-14 03:50:00.0;0,00
CURITIBA;410690202A;PR;Cachoeira;-25,3536;-49,25527;2025-03-14 04:50:00.0;0,00
CURITIBA;410690202A;PR;Cachoeira;-25,3536;-49,25527;2025-03-14 05:50:00.0;0,00
CURITIBA;410690202A;PR;Cachoeira;-25,3536;-49,25527;2025-03-14 06:50:00.0;0,00
CURITIBA;410690202A;PR;Cachoeira;-25,3536;-49,25527;2025-03-14 07:50:00.0;0,00
CURITIBA;410690202A;PR;Cachoeira;-25,3536;-49,25527;2025-03-14 08:50:00.0;0,00
CURITIBA;410690202A;PR;Cachoeira;-25,3536;-49,25527;2025-03-14 09:50:00.0;0,00
CURITIBA;410690202A;PR;Cachoeira;-25,3536;-49,25527;2025-03-14 10:50:00.0;0,00
CURITIBA;410690202A;PR;Cachoeira;-25,3536;-49,25527;2025-03-14 11:30:00.0;0,20
CURITIBA;410690202A;PR;Cachoeira;-25,3536;-49,25527;2025-03-14 11:50:00.0;0,00
CURITIBA;410690202A;PR;Cachoeira;-25,3536;-49,25527;2025-03-14 12:50:00.0;0,00
CURITIBA;410690202A;PR;Cachoeira;-25,3536;-49,25527;2025-03-14 13:50:00.0;0,00
CURITIBA;410690202A;PR;Cachoeira;-25,3536;-49,25527;2025-03-14 14:50:00.0;0,00
CURITIBA;410690202A;PR;Cachoeira;-25,3536;-49,25527;2025-03-14 15:50:00.0;0,00
CURITIBA;410690202A;PR;Cachoeira;-25,3536;-49,25527;2025-03-14 16:50:00.0;0,00
CURITIBA;410690202A;PR;Cachoeira;-25,3536;-49,25527;2025-03-14 17:50:00.0;0,00
CURITIBA;410690202A;PR;Cachoeira;-25,3536;-49,25527;2025-03-14 18:50:00.0;0,00
CURITIBA;410690202A;PR;Cachoeira;-25,3536;-49,25527;2025-03-14 19:50:00.0;0,00
CURITIBA;410690202A;PR;Cachoeira;-25,3536;-49,25527;2025-03-14 20:50:00.0;0,00
CURITIBA;410690202A;PR;Cachoeira;-25,3536;-49,25527;2025-03-14 21:50:00.0;0,00
CURITIBA;410690202A;PR;Cachoeira;-25,3536;-49,25527;2025-03-14 22:50:00.0;0,00
CURITIBA;410690202A;PR;Cachoeira;-25,3536;-49,25527;2025-03-14 23:50:00.0;0,00
CURITIBA;410690202A;PR;Cachoeira;-25,3536;-49,25527;2025-03-15 00:50:00.0;0,00
CURITIBA;410690202A;PR;Cachoeira;-25,3536;-49,25527;2025-03-15 01:50:00.0;0,00
CURITIBA;410690202A;PR;Cachoeira;-25,3536;-49,25527;2025-03-15 02:50:00.0;0,00
CURITIBA;410690202A;PR;Cachoeira;-25,3536;-49,25527;2025-03-15 03:50:00.0;0,00
CURITIBA;410690202A;PR;Cachoeira;-25,3536;-49,25527;2025-03-15 04:50:00.0;0,00
CURITIBA;410690202A;PR;Cachoeira;-25,3536;-49,25527;2025-03-15 05:50:00.0;0,00
CURITIBA;410690202A;PR;Cachoeira;-25,3536;-49,25527;2025-03-15 06:50:00.0;0,00
CURITIBA;410690202A;PR;Cachoeira;-25,3536;-49,25527;2025-03-15 08:50:00.0;0,00
CURITIBA;410690202A;PR;Cachoeira;-25,3536;-49,25527;2025-03-15 09:50:00.0;0,00
CURITIBA;410690202A;PR;Cachoeira;-25,3536;-49,25527;2025-03-15 10:50:00.0;0,00
CURITIBA;410690202A;PR;Cachoeira;-25,3536;-49,25527;2025-03-15 11:50:00.0;0,00
CURITIBA;410690202A;PR;Cachoeira;-25,3536;-49,25527;2025-03-15 12:50:00.0;0,00
CURITIBA;410690202A;PR;Cachoeira;-25,3536;-49,25527;2025-03-15 13:50:00.0;0,00
CURITIBA;410690202A;PR;Cachoeira;-25,3536;-49,25527;2025-03-15 14:50:00.0;0,00
CURITIBA;410690202A;PR;Cachoeira;-25,3536;-49,25527;2025-03-15 15:50:00.0;0,00
CURITIBA;410690202A;PR;Cachoeira;-25,3536;-49,25527;2025-03-15 16:50:00.0;0,00
CURITIBA;410690202A;PR;Cachoeira;-25,3536;-49,25527;2025-03-15 17:50:00.0;0,00
CURITIBA;410690202A;PR;Cachoeira;-25,3536;-49,25527;2025-03-15 18:50:00.0;0,00
CURITIBA;410690202A;PR;Cachoeira;-25,3536;-49,25527;2025-03-15 19:00:00.0;0,20
CURITIBA;410690202A;PR;Cachoeira;-25,3536;-49,25527;2025-03-15 19:10:00.0;0,80
CURITIBA;410690202A;PR;Cachoeira;-25,3536;-49,25527;2025-03-15 19:20:00.0;0,40
CURITIBA;410690202A;PR;Cachoeira;-25,3536;-49,25527;2025-03-15 19:30:00.0;1,40
CURITIBA;410690202A;PR;Cachoeira;-25,3536;-49,25527;2025-03-15 19:40:00.0;1,40
CURITIBA;410690202A;PR;Cachoeira;-25,3536;-49,25527;2025-03-15 19:50:00.0;1,00
CURITIBA;410690202A;PR;Cachoeira;-25,3536;-49,25527;2025-03-15 20:00:00.0;1,00
CURITIBA;410690202A;PR;Cachoeira;-25,3536;-49,25527;2025-03-15 20:10:00.0;1,00
CURITIBA;410690202A;PR;Cachoeira;-25,3536;-49,25527;2025-03-15 20:20:00.0;0,80
CURITIBA;410690202A;PR;Cachoeira;-25,3536;-49,25527;2025-03-15 20:50:00.0;0,00
CURITIBA;410690202A;PR;Cachoeira;-25,3536;-49,25527;2025-03-15 21:40:00.0;0,20
CURITIBA;410690202A;PR;Cachoeira;-25,3536;-49,25527;2025-03-15 21:50:00.0;0,00
CURITIBA;410690202A;PR;Cachoeira;-25,3536;-49,25527;2025-03-15 22:50:00.0;0,00
CURITIBA;410690202A;PR;Cachoeira;-25,3536;-49,25527;2025-03-15 23:50:00.0;0,00
CURITIBA;410690202A;PR;Cachoeira;-25,3536;-49,25527;2025-03-16 00:50:00.0;0,00
CURITIBA;410690202A;PR;Cachoeira;-25,3536;-49,25527;2025-03-16 01:50:00.0;0,00
CURITIBA;410690202A;PR;Cachoeira;-25,3536;-49,25527;2025-03-16 02:50:00.0;0,00
CURITIBA;410690202A;PR;Cachoeira;-25,3536;-49,25527;2025-03-16 03:50:00.0;0,00
CURITIBA;410690202A;PR;Cachoeira;-25,3536;-49,25527;2025-03-16 04:50:00.0;0,00
CURITIBA;410690202A;PR;Cachoeira;-25,3536;-49,25527;2025-03-16 05:50:00.0;0,00
CURITIBA;410690202A;PR;Cachoeira;-25,3536;-49,25527;2025-03-16 06:50:00.0;0,00
CURITIBA;410690202A;PR;Cachoeira;-25,3536;-49,25527;2025-03-16 07:50:00.0;0,00
CURITIBA;410690202A;PR;Cachoeira;-25,3536;-49,25527;2025-03-16 08:50:00.0;0,00
CURITIBA;410690202A;PR;Cachoeira;-25,3536;-49,25527;2025-03-16 09:50:00.0;0,00
CURITIBA;410690202A;PR;Cachoeira;-25,3536;-49,25527;2025-03-16 10:50:00.0;0,00
CURITIBA;410690202A;PR;Cachoeira;-25,3536;-49,25527;2025-03-16 11:50:00.0;0,00
CURITIBA;410690202A;PR;Cachoeira;-25,3536;-49,25527;2025-03-16 12:50:00.0;0,00
CURITIBA;410690202A;PR;Cachoeira;-25,3536;-49,25527;2025-03-16 13:50:00.0;0,00
CURITIBA;410690202A;PR;Cachoeira;-25,3536;-49,25527;2025-03-16 14:50:00.0;0,00
CURITIBA;410690202A;PR;Cachoeira;-25,3536;-49,25527;2025-03-16 15:50:00.0;0,00
CURITIBA;410690202A;PR;Cachoeira;-25,3536;-49,25527;2025-03-16 16:50:00.0;0,00
CURITIBA;410690202A;PR;Cachoeira;-25,3536;-49,25527;2025-03-16 17:50:00.0;0,00
CURITIBA;410690202A;PR;Cachoeira;-25,3536;-49,25527;2025-03-16 18:50:00.0;0,00
CURITIBA;410690202A;PR;Cachoeira;-25,3536;-49,25527;2025-03-16 19:50:00.0;0,00
CURITIBA;410690202A;PR;Cachoeira;-25,3536;-49,25527;2025-03-16 20:50:00.0;0,00
CURITIBA;410690202A;PR;Cachoeira;-25,3536;-49,25527;2025-03-16 21:50:00.0;0,00
CURITIBA;410690202A;PR;Cachoeira;-25,3536;-49,25527;2025-03-16 22:50:00.0;0,00
CURITIBA;410690202A;PR;Cachoeira;-25,3536;-49,25527;2025-03-16 23:50:00.0;0,00
CURITIBA;410690202A;PR;Cachoeira;-25,3536;-49,25527;2025-03-17 00:50:00.0;0,00
CURITIBA;410690202A;PR;Cachoeira;-25,3536;-49,25527;2025-03-17 01:50:00.0;0,00
CURITIBA;410690202A;PR;Cachoeira;-25,3536;-49,25527;2025-03-17 02:50:00.0;0,00
CURITIBA;410690202A;PR;Cachoeira;-25,3536;-49,25527;2025-03-17 03:50:00.0;0,00
CURITIBA;410690202A;PR;Cachoeira;-25,3536;-49,25527;2025-03-17 04:50:00.0;0,00
CURITIBA;410690202A;PR;Cachoeira;-25,3536;-49,25527;2025-03-17 05:50:00.0;0,00
CURITIBA;410690202A;PR;Cachoeira;-25,3536;-49,25527;2025-03-17 06:50:00.0;0,00
CURITIBA;410690202A;PR;Cachoeira;-25,3536;-49,25527;2025-03-17 07:50:00.0;0,00
CURITIBA;410690202A;PR;Cachoeira;-25,3536;-49,25527;2025-03-17 08:50:00.0;0,00
CURITIBA;410690202A;PR;Cachoeira;-25,3536;-49,25527;2025-03-17 09:50:00.0;0,00
CURITIBA;410690202A;PR;Cachoeira;-25,3536;-49,25527;2025-03-17 10:50:00.0;0,00
CURITIBA;410690202A;PR;Cachoeira;-25,3536;-49,25527;2025-03-17 11:50:00.0;0,00
CURITIBA;410690202A;PR;Cachoeira;-25,3536;-49,25527;2025-03-17 12:50:00.0;0,00
CURITIBA;410690202A;PR;Cachoeira;-25,3536;-49,25527;2025-03-17 13:50:00.0;0,00
CURITIBA;410690202A;PR;Cachoeira;-25,3536;-49,25527;2025-03-17 14:50:00.0;0,00
CURITIBA;410690202A;PR;Cachoeira;-25,3536;-49,25527;2025-03-17 15:50:00.0;0,00
CURITIBA;410690202A;PR;Cachoeira;-25,3536;-49,25527;2025-03-17 16:50:00.0;0,00
CURITIBA;410690202A;PR;Cachoeira;-25,3536;-49,25527;2025-03-17 17:50:00.0;0,00
CURITIBA;410690202A;PR;Cachoeira;-25,3536;-49,25527;2025-03-17 18:50:00.0;0,00
CURITIBA;410690202A;PR;Cachoeira;-25,3536;-49,25527;2025-03-17 19:50:00.0;0,00
CURITIBA;410690202A;PR;Cachoeira;-25,3536;-49,25527;2025-03-17 20:50:00.0;0,00
CURITIBA;410690202A;PR;Cachoeira;-25,3536;-49,25527;2025-03-17 21:50:00.0;0,00
CURITIBA;410690202A;PR;Cachoeira;-25,3536;-49,25527;2025-03-17 22:50:00.0;0,00
CURITIBA;410690202A;PR;Cachoeira;-25,3536;-49,25527;2025-03-17 23:50:00.0;0,00
CURITIBA;410690202A;PR;Cachoeira;-25,3536;-49,25527;2025-03-18 00:50:00.0;0,00
CURITIBA;410690202A;PR;Cachoeira;-25,3536;-49,25527;2025-03-18 01:50:00.0;0,00
CURITIBA;410690202A;PR;Cachoeira;-25,3536;-49,25527;2025-03-18 02:50:00.0;0,00
CURITIBA;410690202A;PR;Cachoeira;-25,3536;-49,25527;2025-03-18 03:50:00.0;0,00
CURITIBA;410690202A;PR;Cachoeira;-25,3536;-49,25527;2025-03-18 04:50:00.0;0,00
CURITIBA;410690202A;PR;Cachoeira;-25,3536;-49,25527;2025-03-18 05:50:00.0;0,00
CURITIBA;410690202A;PR;Cachoeira;-25,3536;-49,25527;2025-03-18 06:50:00.0;0,00
CURITIBA;410690202A;PR;Cachoeira;-25,3536;-49,25527;2025-03-18 07:50:00.0;0,00
CURITIBA;410690202A;PR;Cachoeira;-25,3536;-49,25527;2025-03-18 08:50:00.0;0,00
CURITIBA;410690202A;PR;Cachoeira;-25,3536;-49,25527;2025-03-18 09:50:00.0;0,00
CURITIBA;410690202A;PR;Cachoeira;-25,3536;-49,25527;2025-03-18 10:50:00.0;0,00
CURITIBA;410690202A;PR;Cachoeira;-25,3536;-49,25527;2025-03-18 11:50:00.0;0,00
CURITIBA;410690202A;PR;Cachoeira;-25,3536;-49,25527;2025-03-18 12:50:00.0;0,00
CURITIBA;410690202A;PR;Cachoeira;-25,3536;-49,25527;2025-03-18 13:50:00.0;0,00
CURITIBA;410690202A;PR;Cachoeira;-25,3536;-49,25527;2025-03-18 14:50:00.0;0,00
CURITIBA;410690202A;PR;Cachoeira;-25,3536;-49,25527;2025-03-18 15:50:00.0;0,00
CURITIBA;410690202A;PR;Cachoeira;-25,3536;-49,25527;2025-03-18 16:50:00.0;0,00
CURITIBA;410690202A;PR;Cachoeira;-25,3536;-49,25527;2025-03-18 17:50:00.0;0,00
CURITIBA;410690202A;PR;Cachoeira;-25,3536;-49,25527;2025-03-18 18:50:00.0;0,00
CURITIBA;410690202A;PR;Cachoeira;-25,3536;-49,25527;2025-03-18 19:00:00.0;1,00
CURITIBA;410690202A;PR;Cachoeira;-25,3536;-49,25527;2025-03-18 19:10:00.0;0,40
CURITIBA;410690202A;PR;Cachoeira;-25,3536;-49,25527;2025-03-18 19:20:00.0;0,40
CURITIBA;410690202A;PR;Cachoeira;-25,3536;-49,25527;2025-03-18 19:30:00.0;0,40
CURITIBA;410690202A;PR;Cachoeira;-25,3536;-49,25527;2025-03-18 19:50:00.0;0,00
CURITIBA;410690202A;PR;Cachoeira;-25,3536;-49,25527;2025-03-18 20:50:00.0;0,00
CURITIBA;410690202A;PR;Cachoeira;-25,3536;-49,25527;2025-03-18 21:50:00.0;0,00
CURITIBA;410690202A;PR;Cachoeira;-25,3536;-49,25527;2025-03-18 22:50:00.0;0,00
CURITIBA;410690202A;PR;Cachoeira;-25,3536;-49,25527;2025-03-18 23:50:00.0;0,00
CURITIBA;410690202A;PR;Cachoeira;-25,3536;-49,25527;2025-03-19 00:50:00.0;0,00
CURITIBA;410690202A;PR;Cachoeira;-25,3536;-49,25527;2025-03-19 01:50:00.0;0,00
CURITIBA;410690202A;PR;Cachoeira;-25,3536;-49,25527;2025-03-19 02:50:00.0;0,00
CURITIBA;410690202A;PR;Cachoeira;-25,3536;-49,25527;2025-03-19 03:50:00.0;0,00
CURITIBA;410690202A;PR;Cachoeira;-25,3536;-49,25527;2025-03-19 04:50:00.0;0,00
CURITIBA;410690202A;PR;Cachoeira;-25,3536;-49,25527;2025-03-19 05:50:00.0;0,00
CURITIBA;410690202A;PR;Cachoeira;-25,3536;-49,25527;2025-03-19 06:50:00.0;0,00
CURITIBA;410690202A;PR;Cachoeira;-25,3536;-49,25527;2025-03-19 07:50:00.0;0,00
CURITIBA;410690202A;PR;Cachoeira;-25,3536;-49,25527;2025-03-19 08:50:00.0;0,00
CURITIBA;410690202A;PR;Cachoeira;-25,3536;-49,25527;2025-03-19 09:50:00.0;0,00
CURITIBA;410690202A;PR;Cachoeira;-25,3536;-49,25527;2025-03-19 10:50:00.0;0,00
CURITIBA;410690202A;PR;Cachoeira;-25,3536;-49,25527;2025-03-19 11:50:00.0;0,00
CURITIBA;410690202A;PR;Cachoeira;-25,3536;-49,25527;2025-03-19 12:50:00.0;0,00
CURITIBA;410690202A;PR;Cachoeira;-25,3536;-49,25527;2025-03-19 13:50:00.0;0,00
CURITIBA;410690202A;PR;Cachoeira;-25,3536;-49,25527;2025-03-19 14:50:00.0;0,00
CURITIBA;410690202A;PR;Cachoeira;-25,3536;-49,25527;2025-03-19 15:50:00.0;0,00
CURITIBA;410690202A;PR;Cachoeira;-25,3536;-49,25527;2025-03-19 16:50:00.0;0,00
CURITIBA;410690202A;PR;Cachoeira;-25,3536;-49,25527;2025-03-19 17:50:00.0;0,00
CURITIBA;410690202A;PR;Cachoeira;-25,3536;-49,25527;2025-03-19 18:50:00.0;0,00
CURITIBA;410690202A;PR;Cachoeira;-25,3536;-49,25527;2025-03-19 19:50:00.0;0,00
CURITIBA;410690202A;PR;Cachoeira;-25,3536;-49,25527;2025-03-19 20:50:00.0;0,00
CURITIBA;410690202A;PR;Cachoeira;-25,3536;-49,25527;2025-03-19 21:50:00.0;0,00
CURITIBA;410690202A;PR;Cachoeira;-25,3536;-49,25527;2025-03-19 22:50:00.0;0,00
CURITIBA;410690202A;PR;Cachoeira;-25,3536;-49,25527;2025-03-19 23:50:00.0;0,00
CURITIBA;410690202A;PR;Cachoeira;-25,3536;-49,25527;2025-03-20 00:50:00.0;0,00
CURITIBA;410690202A;PR;Cachoeira;-25,3536;-49,25527;2025-03-20 01:50:00.0;0,00
CURITIBA;410690202A;PR;Cachoeira;-25,3536;-49,25527;2025-03-20 02:50:00.0;0,00
CURITIBA;410690202A;PR;Cachoeira;-25,3536;-49,25527;2025-03-20 03:50:00.0;0,00
CURITIBA;410690202A;PR;Cachoeira;-25,3536;-49,25527;2025-03-20 04:50:00.0;0,00
CURITIBA;410690202A;PR;Cachoeira;-25,3536;-49,25527;2025-03-20 05:50:00.0;0,00
CURITIBA;410690202A;PR;Cachoeira;-25,3536;-49,25527;2025-03-20 06:50:00.0;0,00
CURITIBA;410690202A;PR;Cachoeira;-25,3536;-49,25527;2025-03-20 07:50:00.0;0,00
CURITIBA;410690202A;PR;Cachoeira;-25,3536;-49,25527;2025-03-20 08:50:00.0;0,00
CURITIBA;410690202A;PR;Cachoeira;-25,3536;-49,25527;2025-03-20 09:50:00.0;0,00
CURITIBA;410690202A;PR;Cachoeira;-25,3536;-49,25527;2025-03-20 10:50:00.0;0,00
CURITIBA;410690202A;PR;Cachoeira;-25,3536;-49,25527;2025-03-20 11:50:00.0;0,00
CURITIBA;410690202A;PR;Cachoeira;-25,3536;-49,25527;2025-03-20 12:50:00.0;0,00
CURITIBA;410690202A;PR;Cachoeira;-25,3536;-49,25527;2025-03-20 13:50:00.0;0,00
CURITIBA;410690202A;PR;Cachoeira;-25,3536;-49,25527;2025-03-20 14:50:00.0;0,00
CURITIBA;410690202A;PR;Cachoeira;-25,3536;-49,25527;2025-03-20 15:50:00.0;0,00
CURITIBA;410690202A;PR;Cachoeira;-25,3536;-49,25527;2025-03-20 16:50:00.0;0,00
CURITIBA;410690202A;PR;Cachoeira;-25,3536;-49,25527;2025-03-20 17:50:00.0;0,00
CURITIBA;410690202A;PR;Cachoeira;-25,3536;-49,25527;2025-03-20 18:50:00.0;0,00
CURITIBA;410690202A;PR;Cachoeira;-25,3536;-49,25527;2025-03-20 19:50:00.0;0,00
CURITIBA;410690202A;PR;Cachoeira;-25,3536;-49,25527;2025-03-20 20:50:00.0;0,00
CURITIBA;410690202A;PR;Cachoeira;-25,3536;-49,25527;2025-03-20 21:50:00.0;0,00
CURITIBA;410690202A;PR;Cachoeira;-25,3536;-49,25527;2025-03-20 22:50:00.0;0,00
CURITIBA;410690202A;PR;Cachoeira;-25,3536;-49,25527;2025-03-20 23:50:00.0;0,00
CURITIBA;410690202A;PR;Cachoeira;-25,3536;-49,25527;2025-03-21 00:50:00.0;0,00
CURITIBA;410690202A;PR;Cachoeira;-25,3536;-49,25527;2025-03-21 01:50:00.0;0,00
CURITIBA;410690202A;PR;Cachoeira;-25,3536;-49,25527;2025-03-21 02:50:00.0;0,00
CURITIBA;410690202A;PR;Cachoeira;-25,3536;-49,25527;2025-03-21 03:50:00.0;0,00
CURITIBA;410690202A;PR;Cachoeira;-25,3536;-49,25527;2025-03-21 04:50:00.0;0,00
CURITIBA;410690202A;PR;Cachoeira;-25,3536;-49,25527;2025-03-21 05:50:00.0;0,00
CURITIBA;410690202A;PR;Cachoeira;-25,3536;-49,25527;2025-03-21 06:50:00.0;0,00
CURITIBA;410690202A;PR;Cachoeira;-25,3536;-49,25527;2025-03-21 07:50:00.0;0,00
CURITIBA;410690202A;PR;Cachoeira;-25,3536;-49,25527;2025-03-21 08:50:00.0;0,00
CURITIBA;410690202A;PR;Cachoeira;-25,3536;-49,25527;2025-03-21 09:50:00.0;0,00
CURITIBA;410690202A;PR;Cachoeira;-25,3536;-49,25527;2025-03-21 10:50:00.0;0,00
CURITIBA;410690202A;PR;Cachoeira;-25,3536;-49,25527;2025-03-21 11:50:00.0;0,00
CURITIBA;410690202A;PR;Cachoeira;-25,3536;-49,25527;2025-03-21 12:50:00.0;0,00
CURITIBA;410690202A;PR;Cachoeira;-25,3536;-49,25527;2025-03-21 13:50:00.0;0,00
CURITIBA;410690202A;PR;Cachoeira;-25,3536;-49,25527;2025-03-21 14:50:00.0;0,00
CURITIBA;410690202A;PR;Cachoeira;-25,3536;-49,25527;2025-03-21 15:50:00.0;0,00
CURITIBA;410690202A;PR;Cachoeira;-25,3536;-49,25527;2025-03-21 16:50:00.0;0,00
CURITIBA;410690202A;PR;Cachoeira;-25,3536;-49,25527;2025-03-21 17:50:00.0;0,00
CURITIBA;410690202A;PR;Cachoeira;-25,3536;-49,25527;2025-03-21 18:50:00.0;0,00
CURITIBA;410690202A;PR;Cachoeira;-25,3536;-49,25527;2025-03-21 19:50:00.0;0,00
CURITIBA;410690202A;PR;Cachoeira;-25,3536;-49,25527;2025-03-21 20:50:00.0;0,00
CURITIBA;410690202A;PR;Cachoeira;-25,3536;-49,25527;2025-03-21 21:50:00.0;0,00
CURITIBA;410690202A;PR;Cachoeira;-25,3536;-49,25527;2025-03-21 22:50:00.0;0,00
CURITIBA;410690202A;PR;Cachoeira;-25,3536;-49,25527;2025-03-21 23:50:00.0;0,00
CURITIBA;410690202A;PR;Cachoeira;-25,3536;-49,25527;2025-03-22 00:50:00.0;0,00
CURITIBA;410690202A;PR;Cachoeira;-25,3536;-49,25527;2025-03-22 01:50:00.0;0,00
CURITIBA;410690202A;PR;Cachoeira;-25,3536;-49,25527;2025-03-22 02:50:00.0;0,00
CURITIBA;410690202A;PR;Cachoeira;-25,3536;-49,25527;2025-03-22 03:50:00.0;0,00
CURITIBA;410690202A;PR;Cachoeira;-25,3536;-49,25527;2025-03-22 04:50:00.0;0,00
CURITIBA;410690202A;PR;Cachoeira;-25,3536;-49,25527;2025-03-22 05:50:00.0;0,00
CURITIBA;410690202A;PR;Cachoeira;-25,3536;-49,25527;2025-03-22 06:50:00.0;0,00
CURITIBA;410690202A;PR;Cachoeira;-25,3536;-49,25527;2025-03-22 07:50:00.0;0,00
CURITIBA;410690202A;PR;Cachoeira;-25,3536;-49,25527;2025-03-22 08:50:00.0;0,00
CURITIBA;410690202A;PR;Cachoeira;-25,3536;-49,25527;2025-03-22 09:50:00.0;0,00
CURITIBA;410690202A;PR;Cachoeira;-25,3536;-49,25527;2025-03-22 10:50:00.0;0,00
CURITIBA;410690202A;PR;Cachoeira;-25,3536;-49,25527;2025-03-22 11:50:00.0;0,00
CURITIBA;410690202A;PR;Cachoeira;-25,3536;-49,25527;2025-03-22 12:50:00.0;0,00
CURITIBA;410690202A;PR;Cachoeira;-25,3536;-49,25527;2025-03-22 13:50:00.0;0,00
CURITIBA;410690202A;PR;Cachoeira;-25,3536;-49,25527;2025-03-22 14:50:00.0;0,00
CURITIBA;410690202A;PR;Cachoeira;-25,3536;-49,25527;2025-03-22 15:50:00.0;0,00
CURITIBA;410690202A;PR;Cachoeira;-25,3536;-49,25527;2025-03-22 16:50:00.0;0,00
CURITIBA;410690202A;PR;Cachoeira;-25,3536;-49,25527;2025-03-22 17:50:00.0;0,00
CURITIBA;410690202A;PR;Cachoeira;-25,3536;-49,25527;2025-03-22 18:50:00.0;0,00
CURITIBA;410690202A;PR;Cachoeira;-25,3536;-49,25527;2025-03-22 19:50:00.0;0,00
CURITIBA;410690202A;PR;Cachoeira;-25,3536;-49,25527;2025-03-22 20:50:00.0;0,00
CURITIBA;410690202A;PR;Cachoeira;-25,3536;-49,25527;2025-03-22 21:50:00.0;0,00
CURITIBA;410690202A;PR;Cachoeira;-25,3536;-49,25527;2025-03-22 22:50:00.0;0,00
CURITIBA;410690202A;PR;Cachoeira;-25,3536;-49,25527;2025-03-22 23:50:00.0;0,00
CURITIBA;410690202A;PR;Cachoeira;-25,3536;-49,25527;2025-03-23 00:50:00.0;0,00
CURITIBA;410690202A;PR;Cachoeira;-25,3536;-49,25527;2025-03-23 01:50:00.0;0,00
CURITIBA;410690202A;PR;Cachoeira;-25,3536;-49,25527;2025-03-23 02:50:00.0;0,00
CURITIBA;410690202A;PR;Cachoeira;-25,3536;-49,25527;2025-03-23 03:50:00.0;0,00
CURITIBA;410690202A;PR;Cachoeira;-25,3536;-49,25527;2025-03-23 04:50:00.0;0,00
CURITIBA;410690202A;PR;Cachoeira;-25,3536;-49,25527;2025-03-23 05:50:00.0;0,00
CURITIBA;410690202A;PR;Cachoeira;-25,3536;-49,25527;2025-03-23 06:50:00.0;0,00
CURITIBA;410690202A;PR;Cachoeira;-25,3536;-49,25527;2025-03-23 07:50:00.0;0,00
CURITIBA;410690202A;PR;Cachoeira;-25,3536;-49,25527;2025-03-23 08:50:00.0;0,00
CURITIBA;410690202A;PR;Cachoeira;-25,3536;-49,25527;2025-03-23 09:50:00.0;0,00
CURITIBA;410690202A;PR;Cachoeira;-25,3536;-49,25527;2025-03-23 10:50:00.0;0,00
CURITIBA;410690202A;PR;Cachoeira;-25,3536;-49,25527;2025-03-23 11:50:00.0;0,00
CURITIBA;410690202A;PR;Cachoeira;-25,3536;-49,25527;2025-03-23 12:50:00.0;0,00
CURITIBA;410690202A;PR;Cachoeira;-25,3536;-49,25527;2025-03-23 13:50:00.0;0,00
CURITIBA;410690202A;PR;Cachoeira;-25,3536;-49,25527;2025-03-23 14:50:00.0;0,00
CURITIBA;410690202A;PR;Cachoeira;-25,3536;-49,25527;2025-03-23 15:50:00.0;0,00
CURITIBA;410690202A;PR;Cachoeira;-25,3536;-49,25527;2025-03-23 16:50:00.0;0,00
CURITIBA;410690202A;PR;Cachoeira;-25,3536;-49,25527;2025-03-23 17:50:00.0;0,00
CURITIBA;410690202A;PR;Cachoeira;-25,3536;-49,25527;2025-03-23 18:50:00.0;0,00
CURITIBA;410690202A;PR;Cachoeira;-25,3536;-49,25527;2025-03-23 19:50:00.0;0,00
CURITIBA;410690202A;PR;Cachoeira;-25,3536;-49,25527;2025-03-23 20:50:00.0;0,00
CURITIBA;410690202A;PR;Cachoeira;-25,3536;-49,25527;2025-03-23 21:50:00.0;0,00
CURITIBA;410690202A;PR;Cachoeira;-25,3536;-49,25527;2025-03-23 22:50:00.0;0,00
CURITIBA;410690202A;PR;Cachoeira;-25,3536;-49,25527;2025-03-23 23:50:00.0;0,00
CURITIBA;410690202A;PR;Cachoeira;-25,3536;-49,25527;2025-03-24 00:50:00.0;0,00
CURITIBA;410690202A;PR;Cachoeira;-25,3536;-49,25527;2025-03-24 01:50:00.0;0,00
CURITIBA;410690202A;PR;Cachoeira;-25,3536;-49,25527;2025-03-24 02:50:00.0;0,00
CURITIBA;410690202A;PR;Cachoeira;-25,3536;-49,25527;2025-03-24 03:50:00.0;0,00
CURITIBA;410690202A;PR;Cachoeira;-25,3536;-49,25527;2025-03-24 04:50:00.0;0,00
CURITIBA;410690202A;PR;Cachoeira;-25,3536;-49,25527;2025-03-24 05:50:00.0;0,00
CURITIBA;410690202A;PR;Cachoeira;-25,3536;-49,25527;2025-03-24 06:50:00.0;0,00
CURITIBA;410690202A;PR;Cachoeira;-25,3536;-49,25527;2025-03-24 07:50:00.0;0,00
CURITIBA;410690202A;PR;Cachoeira;-25,3536;-49,25527;2025-03-24 08:50:00.0;0,00
CURITIBA;410690202A;PR;Cachoeira;-25,3536;-49,25527;2025-03-24 09:50:00.0;0,00
CURITIBA;410690202A;PR;Cachoeira;-25,3536;-49,25527;2025-03-24 10:50:00.0;0,00
CURITIBA;410690202A;PR;Cachoeira;-25,3536;-49,25527;2025-03-24 11:50:00.0;0,00
CURITIBA;410690202A;PR;Cachoeira;-25,3536;-49,25527;2025-03-24 12:50:00.0;0,00
CURITIBA;410690202A;PR;Cachoeira;-25,3536;-49,25527;2025-03-24 13:50:00.0;0,00
CURITIBA;410690202A;PR;Cachoeira;-25,3536;-49,25527;2025-03-24 14:50:00.0;0,00
CURITIBA;410690202A;PR;Cachoeira;-25,3536;-49,25527;2025-03-24 15:50:00.0;0,00
CURITIBA;410690202A;PR;Cachoeira;-25,3536;-49,25527;2025-03-24 16:50:00.0;0,00
CURITIBA;410690202A;PR;Cachoeira;-25,3536;-49,25527;2025-03-24 17:50:00.0;0,00
CURITIBA;410690202A;PR;Cachoeira;-25,3536;-49,25527;2025-03-24 18:50:00.0;0,00
CURITIBA;410690202A;PR;Cachoeira;-25,3536;-49,25527;2025-03-24 19:50:00.0;0,00
CURITIBA;410690202A;PR;Cachoeira;-25,3536;-49,25527;2025-03-24 20:50:00.0;0,00
CURITIBA;410690202A;PR;Cachoeira;-25,3536;-49,25527;2025-03-24 21:50:00.0;0,00
CURITIBA;410690202A;PR;Cachoeira;-25,3536;-49,25527;2025-03-24 22:50:00.0;0,00
CURITIBA;410690202A;PR;Cachoeira;-25,3536;-49,25527;2025-03-24 23:50:00.0;0,00
CURITIBA;410690202A;PR;Cachoeira;-25,3536;-49,25527;2025-03-25 00:50:00.0;0,00
CURITIBA;410690202A;PR;Cachoeira;-25,3536;-49,25527;2025-03-25 01:50:00.0;0,00
CURITIBA;410690202A;PR;Cachoeira;-25,3536;-49,25527;2025-03-25 02:50:00.0;0,00
CURITIBA;410690202A;PR;Cachoeira;-25,3536;-49,25527;2025-03-25 03:50:00.0;0,00
CURITIBA;410690202A;PR;Cachoeira;-25,3536;-49,25527;2025-03-25 04:50:00.0;0,00
CURITIBA;410690202A;PR;Cachoeira;-25,3536;-49,25527;2025-03-25 05:50:00.0;0,00
CURITIBA;410690202A;PR;Cachoeira;-25,3536;-49,25527;2025-03-25 06:50:00.0;0,00
CURITIBA;410690202A;PR;Cachoeira;-25,3536;-49,25527;2025-03-25 07:50:00.0;0,00
CURITIBA;410690202A;PR;Cachoeira;-25,3536;-49,25527;2025-03-25 08:40:00.0;0,20
CURITIBA;410690202A;PR;Cachoeira;-25,3536;-49,25527;2025-03-25 08:50:00.0;0,00
CURITIBA;410690202A;PR;Cachoeira;-25,3536;-49,25527;2025-03-25 09:50:00.0;0,00
CURITIBA;410690202A;PR;Cachoeira;-25,3536;-49,25527;2025-03-25 10:50:00.0;0,00
CURITIBA;410690202A;PR;Cachoeira;-25,3536;-49,25527;2025-03-25 11:50:00.0;0,00
CURITIBA;410690202A;PR;Cachoeira;-25,3536;-49,25527;2025-03-25 12:50:00.0;0,00
CURITIBA;410690202A;PR;Cachoeira;-25,3536;-49,25527;2025-03-25 13:50:00.0;0,00
CURITIBA;410690202A;PR;Cachoeira;-25,3536;-49,25527;2025-03-25 16:00:00.0;0,00
CURITIBA;410690202A;PR;Cachoeira;-25,3536;-49,25527;2025-03-25 16:50:00.0;0,00
CURITIBA;410690202A;PR;Cachoeira;-25,3536;-49,25527;2025-03-25 17:50:00.0;0,00
CURITIBA;410690202A;PR;Cachoeira;-25,3536;-49,25527;2025-03-25 18:50:00.0;0,00
CURITIBA;410690202A;PR;Cachoeira;-25,3536;-49,25527;2025-03-25 19:50:00.0;0,00
CURITIBA;410690202A;PR;Cachoeira;-25,3536;-49,25527;2025-03-25 20:50:00.0;0,00
CURITIBA;410690202A;PR;Cachoeira;-25,3536;-49,25527;2025-03-25 21:50:00.0;0,00
CURITIBA;410690202A;PR;Cachoeira;-25,3536;-49,25527;2025-03-25 22:50:00.0;0,00
CURITIBA;410690202A;PR;Cachoeira;-25,3536;-49,25527;2025-03-25 23:50:00.0;0,20
CURITIBA;410690202A;PR;Cachoeira;-25,3536;-49,25527;2025-03-26 00:00:00.0;1,40
CURITIBA;410690202A;PR;Cachoeira;-25,3536;-49,25527;2025-03-26 00:50:00.0;0,00
CURITIBA;410690202A;PR;Cachoeira;-25,3536;-49,25527;2025-03-26 01:50:00.0;0,00
CURITIBA;410690202A;PR;Cachoeira;-25,3536;-49,25527;2025-03-26 02:50:00.0;0,20
CURITIBA;410690202A;PR;Cachoeira;-25,3536;-49,25527;2025-03-26 03:00:00.0;0,20
CURITIBA;410690202A;PR;Cachoeira;-25,3536;-49,25527;2025-03-26 03:10:00.0;0,20
CURITIBA;410690202A;PR;Cachoeira;-25,3536;-49,25527;2025-03-26 03:20:00.0;0,60
CURITIBA;410690202A;PR;Cachoeira;-25,3536;-49,25527;2025-03-26 03:30:00.0;0,40
CURITIBA;410690202A;PR;Cachoeira;-25,3536;-49,25527;2025-03-26 03:40:00.0;0,20
CURITIBA;410690202A;PR;Cachoeira;-25,3536;-49,25527;2025-03-26 03:50:00.0;0,20
CURITIBA;410690202A;PR;Cachoeira;-25,3536;-49,25527;2025-03-26 04:00:00.0;0,60
CURITIBA;410690202A;PR;Cachoeira;-25,3536;-49,25527;2025-03-26 04:10:00.0;0,40
CURITIBA;410690202A;PR;Cachoeira;-25,3536;-49,25527;2025-03-26 04:20:00.0;0,40
CURITIBA;410690202A;PR;Cachoeira;-25,3536;-49,25527;2025-03-26 04:30:00.0;0,80
CURITIBA;410690202A;PR;Cachoeira;-25,3536;-49,25527;2025-03-26 04:40:00.0;0,40
CURITIBA;410690202A;PR;Cachoeira;-25,3536;-49,25527;2025-03-26 04:50:00.0;0,40
CURITIBA;410690202A;PR;Cachoeira;-25,3536;-49,25527;2025-03-26 05:00:00.0;0,40
CURITIBA;410690202A;PR;Cachoeira;-25,3536;-49,25527;2025-03-26 05:10:00.0;0,60
CURITIBA;410690202A;PR;Cachoeira;-25,3536;-49,25527;2025-03-26 05:20:00.0;0,20
CURITIBA;410690202A;PR;Cachoeira;-25,3536;-49,25527;2025-03-26 05:50:00.0;0,00
CURITIBA;410690202A;PR;Cachoeira;-25,3536;-49,25527;2025-03-26 06:50:00.0;0,00
CURITIBA;410690202A;PR;Cachoeira;-25,3536;-49,25527;2025-03-26 07:40:00.0;0,20
CURITIBA;410690202A;PR;Cachoeira;-25,3536;-49,25527;2025-03-26 07:50:00.0;0,00
CURITIBA;410690202A;PR;Cachoeira;-25,3536;-49,25527;2025-03-26 08:50:00.0;0,00
CURITIBA;410690202A;PR;Cachoeira;-25,3536;-49,25527;2025-03-26 09:50:00.0;0,00
CURITIBA;410690202A;PR;Cachoeira;-25,3536;-49,25527;2025-03-26 10:50:00.0;0,00
CURITIBA;410690202A;PR;Cachoeira;-25,3536;-49,25527;2025-03-26 11:50:00.0;0,00
CURITIBA;410690202A;PR;Cachoeira;-25,3536;-49,25527;2025-03-26 12:50:00.0;0,00
CURITIBA;410690202A;PR;Cachoeira;-25,3536;-49,25527;2025-03-26 13:50:00.0;0,00
CURITIBA;410690202A;PR;Cachoeira;-25,3536;-49,25527;2025-03-26 14:50:00.0;0,00
CURITIBA;410690202A;PR;Cachoeira;-25,3536;-49,25527;2025-03-26 15:50:00.0;0,00
CURITIBA;410690202A;PR;Cachoeira;-25,3536;-49,25527;2025-03-26 16:50:00.0;0,00
CURITIBA;410690202A;PR;Cachoeira;-25,3536;-49,25527;2025-03-26 17:50:00.0;0,00
CURITIBA;410690202A;PR;Cachoeira;-25,3536;-49,25527;2025-03-26 18:50:00.0;0,00
CURITIBA;410690202A;PR;Cachoeira;-25,3536;-49,25527;2025-03-26 19:50:00.0;0,00
CURITIBA;410690202A;PR;Cachoeira;-25,3536;-49,25527;2025-03-26 20:50:00.0;0,00
CURITIBA;410690202A;PR;Cachoeira;-25,3536;-49,25527;2025-03-26 21:50:00.0;0,00
CURITIBA;410690202A;PR;Cachoeira;-25,3536;-49,25527;2025-03-26 22:50:00.0;0,00
CURITIBA;410690202A;PR;Cachoeira;-25,3536;-49,25527;2025-03-26 23:50:00.0;0,00
CURITIBA;410690202A;PR;Cachoeira;-25,3536;-49,25527;2025-03-27 00:50:00.0;0,00
CURITIBA;410690202A;PR;Cachoeira;-25,3536;-49,25527;2025-03-27 01:50:00.0;0,00
CURITIBA;410690202A;PR;Cachoeira;-25,3536;-49,25527;2025-03-27 02:20:00.0;0,20
CURITIBA;410690202A;PR;Cachoeira;-25,3536;-49,25527;2025-03-27 02:30:00.0;0,20
CURITIBA;410690202A;PR;Cachoeira;-25,3536;-49,25527;2025-03-27 02:50:00.0;0,00
CURITIBA;410690202A;PR;Cachoeira;-25,3536;-49,25527;2025-03-27 03:50:00.0;0,00
CURITIBA;410690202A;PR;Cachoeira;-25,3536;-49,25527;2025-03-27 04:50:00.0;0,00
CURITIBA;410690202A;PR;Cachoeira;-25,3536;-49,25527;2025-03-27 05:50:00.0;0,00
CURITIBA;410690202A;PR;Cachoeira;-25,3536;-49,25527;2025-03-27 06:50:00.0;0,00
CURITIBA;410690202A;PR;Cachoeira;-25,3536;-49,25527;2025-03-27 07:50:00.0;0,00
CURITIBA;410690202A;PR;Cachoeira;-25,3536;-49,25527;2025-03-27 08:50:00.0;0,00
CURITIBA;410690202A;PR;Cachoeira;-25,3536;-49,25527;2025-03-27 09:50:00.0;0,00
CURITIBA;410690202A;PR;Cachoeira;-25,3536;-49,25527;2025-03-27 10:50:00.0;0,00
CURITIBA;410690202A;PR;Cachoeira;-25,3536;-49,25527;2025-03-27 11:50:00.0;0,00
CURITIBA;410690202A;PR;Cachoeira;-25,3536;-49,25527;2025-03-27 12:50:00.0;0,00
CURITIBA;410690202A;PR;Cachoeira;-25,3536;-49,25527;2025-03-27 13:50:00.0;0,00
CURITIBA;410690202A;PR;Cachoeira;-25,3536;-49,25527;2025-03-27 14:50:00.0;0,00
CURITIBA;410690202A;PR;Cachoeira;-25,3536;-49,25527;2025-03-27 15:50:00.0;0,00
CURITIBA;410690202A;PR;Cachoeira;-25,3536;-49,25527;2025-03-27 16:50:00.0;0,00
CURITIBA;410690202A;PR;Cachoeira;-25,3536;-49,25527;2025-03-27 17:50:00.0;0,00
CURITIBA;410690202A;PR;Cachoeira;-25,3536;-49,25527;2025-03-27 18:50:00.0;0,00
CURITIBA;410690202A;PR;Cachoeira;-25,3536;-49,25527;2025-03-27 19:50:00.0;0,00
CURITIBA;410690202A;PR;Cachoeira;-25,3536;-49,25527;2025-03-27 20:50:00.0;0,00
CURITIBA;410690202A;PR;Cachoeira;-25,3536;-49,25527;2025-03-27 21:50:00.0;0,00
CURITIBA;410690202A;PR;Cachoeira;-25,3536;-49,25527;2025-03-27 22:50:00.0;0,00
CURITIBA;410690202A;PR;Cachoeira;-25,3536;-49,25527;2025-03-27 23:50:00.0;0,00
CURITIBA;410690202A;PR;Cachoeira;-25,3536;-49,25527;2025-03-28 00:50:00.0;0,00
CURITIBA;410690202A;PR;Cachoeira;-25,3536;-49,25527;2025-03-28 01:50:00.0;0,00
CURITIBA;410690202A;PR;Cachoeira;-25,3536;-49,25527;2025-03-28 02:50:00.0;0,00
CURITIBA;410690202A;PR;Cachoeira;-25,3536;-49,25527;2025-03-28 03:50:00.0;0,00
CURITIBA;410690202A;PR;Cachoeira;-25,3536;-49,25527;2025-03-28 04:50:00.0;0,00
CURITIBA;410690202A;PR;Cachoeira;-25,3536;-49,25527;2025-03-28 05:50:00.0;0,00
CURITIBA;410690202A;PR;Cachoeira;-25,3536;-49,25527;2025-03-28 06:50:00.0;0,00
CURITIBA;410690202A;PR;Cachoeira;-25,3536;-49,25527;2025-03-28 07:50:00.0;0,00
CURITIBA;410690202A;PR;Cachoeira;-25,3536;-49,25527;2025-03-28 08:50:00.0;0,00
CURITIBA;410690202A;PR;Cachoeira;-25,3536;-49,25527;2025-03-28 09:50:00.0;0,00
CURITIBA;410690202A;PR;Cachoeira;-25,3536;-49,25527;2025-03-28 10:50:00.0;0,00
CURITIBA;410690202A;PR;Cachoeira;-25,3536;-49,25527;2025-03-28 11:50:00.0;0,00
CURITIBA;410690202A;PR;Cachoeira;-25,3536;-49,25527;2025-03-28 12:50:00.0;0,00
CURITIBA;410690202A;PR;Cachoeira;-25,3536;-49,25527;2025-03-28 13:50:00.0;0,00
CURITIBA;410690202A;PR;Cachoeira;-25,3536;-49,25527;2025-03-28 14:50:00.0;0,00
CURITIBA;410690202A;PR;Cachoeira;-25,3536;-49,25527;2025-03-28 15:50:00.0;0,00
CURITIBA;410690202A;PR;Cachoeira;-25,3536;-49,25527;2025-03-28 16:50:00.0;0,00
CURITIBA;410690202A;PR;Cachoeira;-25,3536;-49,25527;2025-03-28 17:50:00.0;0,00
CURITIBA;410690202A;PR;Cachoeira;-25,3536;-49,25527;2025-03-28 18:50:00.0;0,00
CURITIBA;410690202A;PR;Cachoeira;-25,3536;-49,25527;2025-03-28 19:50:00.0;0,00
CURITIBA;410690202A;PR;Cachoeira;-25,3536;-49,25527;2025-03-28 20:50:00.0;0,00
CURITIBA;410690202A;PR;Cachoeira;-25,3536;-49,25527;2025-03-28 21:50:00.0;0,00
CURITIBA;410690202A;PR;Cachoeira;-25,3536;-49,25527;2025-03-28 22:50:00.0;0,00
CURITIBA;410690202A;PR;Cachoeira;-25,3536;-49,25527;2025-03-28 23:50:00.0;0,00
CURITIBA;410690202A;PR;Cachoeira;-25,3536;-49,25527;2025-03-29 00:50:00.0;0,00
CURITIBA;410690202A;PR;Cachoeira;-25,3536;-49,25527;2025-03-29 01:50:00.0;0,00
CURITIBA;410690202A;PR;Cachoeira;-25,3536;-49,25527;2025-03-29 02:50:00.0;0,00
CURITIBA;410690202A;PR;Cachoeira;-25,3536;-49,25527;2025-03-29 03:50:00.0;0,00
CURITIBA;410690202A;PR;Cachoeira;-25,3536;-49,25527;2025-03-29 04:50:00.0;0,00
CURITIBA;410690202A;PR;Cachoeira;-25,3536;-49,25527;2025-03-29 05:50:00.0;0,00
CURITIBA;410690202A;PR;Cachoeira;-25,3536;-49,25527;2025-03-29 06:50:00.0;0,00
CURITIBA;410690202A;PR;Cachoeira;-25,3536;-49,25527;2025-03-29 07:50:00.0;0,00
CURITIBA;410690202A;PR;Cachoeira;-25,3536;-49,25527;2025-03-29 08:50:00.0;0,00
CURITIBA;410690202A;PR;Cachoeira;-25,3536;-49,25527;2025-03-29 09:50:00.0;0,00
CURITIBA;410690202A;PR;Cachoeira;-25,3536;-49,25527;2025-03-29 10:50:00.0;0,00
CURITIBA;410690202A;PR;Cachoeira;-25,3536;-49,25527;2025-03-29 11:50:00.0;0,00
CURITIBA;410690202A;PR;Cachoeira;-25,3536;-49,25527;2025-03-29 12:50:00.0;0,00
CURITIBA;410690202A;PR;Cachoeira;-25,3536;-49,25527;2025-03-29 13:50:00.0;0,00
CURITIBA;410690202A;PR;Cachoeira;-25,3536;-49,25527;2025-03-29 14:50:00.0;0,00
CURITIBA;410690202A;PR;Cachoeira;-25,3536;-49,25527;2025-03-29 15:50:00.0;0,00
CURITIBA;410690202A;PR;Cachoeira;-25,3536;-49,25527;2025-03-29 16:50:00.0;0,00
CURITIBA;410690202A;PR;Cachoeira;-25,3536;-49,25527;2025-03-29 17:50:00.0;0,00
CURITIBA;410690202A;PR;Cachoeira;-25,3536;-49,25527;2025-03-29 18:50:00.0;0,00
CURITIBA;410690202A;PR;Cachoeira;-25,3536;-49,25527;2025-03-29 19:50:00.0;0,00
CURITIBA;410690202A;PR;Cachoeira;-25,3536;-49,25527;2025-03-29 20:40:00.0;0,20
CURITIBA;410690202A;PR;Cachoeira;-25,3536;-49,25527;2025-03-29 21:50:00.0;0,00
CURITIBA;410690202A;PR;Cachoeira;-25,3536;-49,25527;2025-03-29 22:50:00.0;0,00
CURITIBA;410690202A;PR;Cachoeira;-25,3536;-49,25527;2025-03-29 23:50:00.0;0,00
CURITIBA;410690202A;PR;Cachoeira;-25,3536;-49,25527;2025-03-30 00:50:00.0;0,00
CURITIBA;410690202A;PR;Cachoeira;-25,3536;-49,25527;2025-03-30 01:50:00.0;0,00
CURITIBA;410690202A;PR;Cachoeira;-25,3536;-49,25527;2025-03-30 02:50:00.0;0,00
CURITIBA;410690202A;PR;Cachoeira;-25,3536;-49,25527;2025-03-30 03:50:00.0;0,00
CURITIBA;410690202A;PR;Cachoeira;-25,3536;-49,25527;2025-03-30 04:50:00.0;0,00
CURITIBA;410690202A;PR;Cachoeira;-25,3536;-49,25527;2025-03-30 05:50:00.0;0,00
CURITIBA;410690202A;PR;Cachoeira;-25,3536;-49,25527;2025-03-30 06:50:00.0;0,00
CURITIBA;410690202A;PR;Cachoeira;-25,3536;-49,25527;2025-03-30 07:50:00.0;0,00
CURITIBA;410690202A;PR;Cachoeira;-25,3536;-49,25527;2025-03-30 08:50:00.0;0,00
CURITIBA;410690202A;PR;Cachoeira;-25,3536;-49,25527;2025-03-30 09:50:00.0;0,00
CURITIBA;410690202A;PR;Cachoeira;-25,3536;-49,25527;2025-03-30 10:50:00.0;0,00
CURITIBA;410690202A;PR;Cachoeira;-25,3536;-49,25527;2025-03-30 11:50:00.0;0,00
CURITIBA;410690202A;PR;Cachoeira;-25,3536;-49,25527;2025-03-30 12:50:00.0;0,00
CURITIBA;410690202A;PR;Cachoeira;-25,3536;-49,25527;2025-03-30 13:50:00.0;0,00
CURITIBA;410690202A;PR;Cachoeira;-25,3536;-49,25527;2025-03-30 14:50:00.0;0,00
CURITIBA;410690202A;PR;Cachoeira;-25,3536;-49,25527;2025-03-30 15:50:00.0;0,00
CURITIBA;410690202A;PR;Cachoeira;-25,3536;-49,25527;2025-03-30 16:50:00.0;0,00
CURITIBA;410690202A;PR;Cachoeira;-25,3536;-49,25527;2025-03-30 17:50:00.0;0,00
CURITIBA;410690202A;PR;Cachoeira;-25,3536;-49,25527;2025-03-30 18:50:00.0;0,00
CURITIBA;410690202A;PR;Cachoeira;-25,3536;-49,25527;2025-03-30 19:50:00.0;0,00
CURITIBA;410690202A;PR;Cachoeira;-25,3536;-49,25527;2025-03-30 20:50:00.0;0,00
CURITIBA;410690202A;PR;Cachoeira;-25,3536;-49,25527;2025-03-30 21:50:00.0;0,00
CURITIBA;410690202A;PR;Cachoeira;-25,3536;-49,25527;2025-03-30 22:50:00.0;0,00
CURITIBA;410690202A;PR;Cachoeira;-25,3536;-49,25527;2025-03-30 23:50:00.0;0,00
CURITIBA;410690202A;PR;Cachoeira;-25,3536;-49,25527;2025-03-31 00:50:00.0;0,00
CURITIBA;410690202A;PR;Cachoeira;-25,3536;-49,25527;2025-03-31 01:50:00.0;0,00
CURITIBA;410690202A;PR;Cachoeira;-25,3536;-49,25527;2025-03-31 02:50:00.0;0,00
CURITIBA;410690202A;PR;Cachoeira;-25,3536;-49,25527;2025-03-31 03:50:00.0;0,00
CURITIBA;410690202A;PR;Cachoeira;-25,3536;-49,25527;2025-03-31 04:50:00.0;0,00
CURITIBA;410690202A;PR;Cachoeira;-25,3536;-49,25527;2025-03-31 05:50:00.0;0,00
CURITIBA;410690202A;PR;Cachoeira;-25,3536;-49,25527;2025-03-31 06:50:00.0;0,00
CURITIBA;410690202A;PR;Cachoeira;-25,3536;-49,25527;2025-03-31 07:50:00.0;0,00
CURITIBA;410690202A;PR;Cachoeira;-25,3536;-49,25527;2025-03-31 08:50:00.0;0,00
CURITIBA;410690202A;PR;Cachoeira;-25,3536;-49,25527;2025-03-31 09:50:00.0;0,00
CURITIBA;410690202A;PR;Cachoeira;-25,3536;-49,25527;2025-03-31 10:50:00.0;0,00
CURITIBA;410690202A;PR;Cachoeira;-25,3536;-49,25527;2025-03-31 11:50:00.0;0,00
CURITIBA;410690202A;PR;Cachoeira;-25,3536;-49,25527;2025-03-31 12:50:00.0;0,00
CURITIBA;410690202A;PR;Cachoeira;-25,3536;-49,25527;2025-03-31 13:50:00.0;0,00
CURITIBA;410690202A;PR;Cachoeira;-25,3536;-49,25527;2025-03-31 14:50:00.0;0,00
CURITIBA;410690202A;PR;Cachoeira;-25,3536;-49,25527;2025-03-31 15:50:00.0;0,00
CURITIBA;410690202A;PR;Cachoeira;-25,3536;-49,25527;2025-03-31 16:50:00.0;0,00
CURITIBA;410690202A;PR;Cachoeira;-25,3536;-49,25527;2025-03-31 17:50:00.0;0,00
CURITIBA;410690202A;PR;Cachoeira;-25,3536;-49,25527;2025-03-31 18:50:00.0;0,00
CURITIBA;410690202A;PR;Cachoeira;-25,3536;-49,25527;2025-03-31 19:50:00.0;0,00
CURITIBA;410690202A;PR;Cachoeira;-25,3536;-49,25527;2025-03-31 20:50:00.0;0,00
CURITIBA;410690202A;PR;Cachoeira;-25,3536;-49,25527;2025-03-31 21:50:00.0;0,00
CURITIBA;410690202A;PR;Cachoeira;-25,3536;-49,25527;2025-03-31 22:50:00.0;0,00
CURITIBA;410690202A;PR;Cachoeira;-25,3536;-49,25527;2025-03-31 23:50:00.0;0,00
CURITIBA;410690203A;PR;Vista Alegre;-25,413;-49,301;2025-03-01 00:00:00.0;0,00
CURITIBA;410690203A;PR;Vista Alegre;-25,413;-49,301;2025-03-01 00:10:00.0;0,00
CURITIBA;410690203A;PR;Vista Alegre;-25,413;-49,301;2025-03-01 01:00:00.0;0,00
CURITIBA;410690203A;PR;Vista Alegre;-25,413;-49,301;2025-03-01 02:00:00.0;0,00
CURITIBA;410690203A;PR;Vista Alegre;-25,413;-49,301;2025-03-01 03:00:00.0;0,00
CURITIBA;410690203A;PR;Vista Alegre;-25,413;-49,301;2025-03-01 04:00:00.0;0,00
CURITIBA;410690203A;PR;Vista Alegre;-25,413;-49,301;2025-03-01 05:00:00.0;0,00
CURITIBA;410690203A;PR;Vista Alegre;-25,413;-49,301;2025-03-01 06:00:00.0;0,00
CURITIBA;410690203A;PR;Vista Alegre;-25,413;-49,301;2025-03-01 07:00:00.0;0,00
CURITIBA;410690203A;PR;Vista Alegre;-25,413;-49,301;2025-03-01 08:00:00.0;0,00
CURITIBA;410690203A;PR;Vista Alegre;-25,413;-49,301;2025-03-01 09:00:00.0;0,00
CURITIBA;410690203A;PR;Vista Alegre;-25,413;-49,301;2025-03-01 10:00:00.0;0,00
CURITIBA;410690203A;PR;Vista Alegre;-25,413;-49,301;2025-03-01 11:00:00.0;0,00
CURITIBA;410690203A;PR;Vista Alegre;-25,413;-49,301;2025-03-01 12:00:00.0;0,00
CURITIBA;410690203A;PR;Vista Alegre;-25,413;-49,301;2025-03-01 13:00:00.0;0,00
CURITIBA;410690203A;PR;Vista Alegre;-25,413;-49,301;2025-03-01 14:00:00.0;0,00
CURITIBA;410690203A;PR;Vista Alegre;-25,413;-49,301;2025-03-01 15:00:00.0;0,00
CURITIBA;410690203A;PR;Vista Alegre;-25,413;-49,301;2025-03-01 16:00:00.0;0,00
CURITIBA;410690203A;PR;Vista Alegre;-25,413;-49,301;2025-03-01 17:00:00.0;0,00
CURITIBA;410690203A;PR;Vista Alegre;-25,413;-49,301;2025-03-01 18:00:00.0;0,00
CURITIBA;410690203A;PR;Vista Alegre;-25,413;-49,301;2025-03-01 19:00:00.0;0,00
CURITIBA;410690203A;PR;Vista Alegre;-25,413;-49,301;2025-03-01 20:00:00.0;0,00
CURITIBA;410690203A;PR;Vista Alegre;-25,413;-49,301;2025-03-01 21:00:00.0;0,00
CURITIBA;410690203A;PR;Vista Alegre;-25,413;-49,301;2025-03-01 22:00:00.0;0,00
CURITIBA;410690203A;PR;Vista Alegre;-25,413;-49,301;2025-03-01 23:00:00.0;0,00
CURITIBA;410690203A;PR;Vista Alegre;-25,413;-49,301;2025-03-02 00:00:00.0;0,00
CURITIBA;410690203A;PR;Vista Alegre;-25,413;-49,301;2025-03-02 01:00:00.0;0,00
CURITIBA;410690203A;PR;Vista Alegre;-25,413;-49,301;2025-03-02 02:00:00.0;0,00
CURITIBA;410690203A;PR;Vista Alegre;-25,413;-49,301;2025-03-02 03:00:00.0;0,00
CURITIBA;410690203A;PR;Vista Alegre;-25,413;-49,301;2025-03-02 04:00:00.0;0,00
CURITIBA;410690203A;PR;Vista Alegre;-25,413;-49,301;2025-03-02 05:00:00.0;0,00
CURITIBA;410690203A;PR;Vista Alegre;-25,413;-49,301;2025-03-02 06:00:00.0;0,00
CURITIBA;410690203A;PR;Vista Alegre;-25,413;-49,301;2025-03-02 07:00:00.0;0,00
CURITIBA;410690203A;PR;Vista Alegre;-25,413;-49,301;2025-03-02 08:00:00.0;0,00
CURITIBA;410690203A;PR;Vista Alegre;-25,413;-49,301;2025-03-02 09:00:00.0;0,00
CURITIBA;410690203A;PR;Vista Alegre;-25,413;-49,301;2025-03-02 10:00:00.0;0,00
CURITIBA;410690203A;PR;Vista Alegre;-25,413;-49,301;2025-03-02 11:00:00.0;0,00
CURITIBA;410690203A;PR;Vista Alegre;-25,413;-49,301;2025-03-02 12:00:00.0;0,00
CURITIBA;410690203A;PR;Vista Alegre;-25,413;-49,301;2025-03-02 13:00:00.0;0,00
CURITIBA;410690203A;PR;Vista Alegre;-25,413;-49,301;2025-03-02 14:00:00.0;0,00
CURITIBA;410690203A;PR;Vista Alegre;-25,413;-49,301;2025-03-02 15:00:00.0;0,00
CURITIBA;410690203A;PR;Vista Alegre;-25,413;-49,301;2025-03-02 16:00:00.0;0,00
CURITIBA;410690203A;PR;Vista Alegre;-25,413;-49,301;2025-03-02 17:00:00.0;0,00
CURITIBA;410690203A;PR;Vista Alegre;-25,413;-49,301;2025-03-02 18:00:00.0;0,00
CURITIBA;410690203A;PR;Vista Alegre;-25,413;-49,301;2025-03-02 19:00:00.0;0,00
CURITIBA;410690203A;PR;Vista Alegre;-25,413;-49,301;2025-03-02 20:00:00.0;0,00
CURITIBA;410690203A;PR;Vista Alegre;-25,413;-49,301;2025-03-02 21:00:00.0;0,00
CURITIBA;410690203A;PR;Vista Alegre;-25,413;-49,301;2025-03-02 22:00:00.0;0,00
CURITIBA;410690203A;PR;Vista Alegre;-25,413;-49,301;2025-03-02 23:00:00.0;0,00
CURITIBA;410690203A;PR;Vista Alegre;-25,413;-49,301;2025-03-03 00:00:00.0;0,00
CURITIBA;410690203A;PR;Vista Alegre;-25,413;-49,301;2025-03-03 01:00:00.0;0,00
CURITIBA;410690203A;PR;Vista Alegre;-25,413;-49,301;2025-03-03 02:00:00.0;0,00
CURITIBA;410690203A;PR;Vista Alegre;-25,413;-49,301;2025-03-03 03:00:00.0;0,00
CURITIBA;410690203A;PR;Vista Alegre;-25,413;-49,301;2025-03-03 04:00:00.0;0,00
CURITIBA;410690203A;PR;Vista Alegre;-25,413;-49,301;2025-03-03 05:00:00.0;0,00
CURITIBA;410690203A;PR;Vista Alegre;-25,413;-49,301;2025-03-03 06:00:00.0;0,00
CURITIBA;410690203A;PR;Vista Alegre;-25,413;-49,301;2025-03-03 07:00:00.0;0,00
CURITIBA;410690203A;PR;Vista Alegre;-25,413;-49,301;2025-03-03 08:00:00.0;0,00
CURITIBA;410690203A;PR;Vista Alegre;-25,413;-49,301;2025-03-03 09:00:00.0;0,00
CURITIBA;410690203A;PR;Vista Alegre;-25,413;-49,301;2025-03-03 10:00:00.0;0,00
CURITIBA;410690203A;PR;Vista Alegre;-25,413;-49,301;2025-03-03 11:00:00.0;0,00
CURITIBA;410690203A;PR;Vista Alegre;-25,413;-49,301;2025-03-03 12:00:00.0;0,00
CURITIBA;410690203A;PR;Vista Alegre;-25,413;-49,301;2025-03-03 13:00:00.0;0,00
CURITIBA;410690203A;PR;Vista Alegre;-25,413;-49,301;2025-03-03 14:00:00.0;0,00
CURITIBA;410690203A;PR;Vista Alegre;-25,413;-49,301;2025-03-03 15:00:00.0;0,00
CURITIBA;410690203A;PR;Vista Alegre;-25,413;-49,301;2025-03-03 16:00:00.0;0,00
CURITIBA;410690203A;PR;Vista Alegre;-25,413;-49,301;2025-03-03 17:00:00.0;0,00
CURITIBA;410690203A;PR;Vista Alegre;-25,413;-49,301;2025-03-03 18:00:00.0;0,00
CURITIBA;410690203A;PR;Vista Alegre;-25,413;-49,301;2025-03-03 19:00:00.0;0,00
CURITIBA;410690203A;PR;Vista Alegre;-25,413;-49,301;2025-03-03 20:00:00.0;0,00
CURITIBA;410690203A;PR;Vista Alegre;-25,413;-49,301;2025-03-03 21:00:00.0;0,00
CURITIBA;410690203A;PR;Vista Alegre;-25,413;-49,301;2025-03-03 22:00:00.0;0,00
CURITIBA;410690203A;PR;Vista Alegre;-25,413;-49,301;2025-03-03 23:00:00.0;0,00
CURITIBA;410690203A;PR;Vista Alegre;-25,413;-49,301;2025-03-04 00:00:00.0;0,00
CURITIBA;410690203A;PR;Vista Alegre;-25,413;-49,301;2025-03-04 01:00:00.0;0,00
CURITIBA;410690203A;PR;Vista Alegre;-25,413;-49,301;2025-03-04 02:00:00.0;0,00
CURITIBA;410690203A;PR;Vista Alegre;-25,413;-49,301;2025-03-04 03:00:00.0;0,00
CURITIBA;410690203A;PR;Vista Alegre;-25,413;-49,301;2025-03-04 04:00:00.0;0,00
CURITIBA;410690203A;PR;Vista Alegre;-25,413;-49,301;2025-03-04 05:00:00.0;0,00
CURITIBA;410690203A;PR;Vista Alegre;-25,413;-49,301;2025-03-04 06:00:00.0;0,00
CURITIBA;410690203A;PR;Vista Alegre;-25,413;-49,301;2025-03-04 07:00:00.0;0,00
CURITIBA;410690203A;PR;Vista Alegre;-25,413;-49,301;2025-03-04 08:00:00.0;0,00
CURITIBA;410690203A;PR;Vista Alegre;-25,413;-49,301;2025-03-04 09:00:00.0;0,00
CURITIBA;410690203A;PR;Vista Alegre;-25,413;-49,301;2025-03-04 10:00:00.0;0,00
CURITIBA;410690203A;PR;Vista Alegre;-25,413;-49,301;2025-03-04 11:00:00.0;0,00
CURITIBA;410690203A;PR;Vista Alegre;-25,413;-49,301;2025-03-04 12:00:00.0;0,00
CURITIBA;410690203A;PR;Vista Alegre;-25,413;-49,301;2025-03-04 13:00:00.0;0,00
CURITIBA;410690203A;PR;Vista Alegre;-25,413;-49,301;2025-03-04 14:00:00.0;0,00
CURITIBA;410690203A;PR;Vista Alegre;-25,413;-49,301;2025-03-04 15:00:00.0;0,00
CURITIBA;410690203A;PR;Vista Alegre;-25,413;-49,301;2025-03-04 16:00:00.0;0,00
CURITIBA;410690203A;PR;Vista Alegre;-25,413;-49,301;2025-03-04 17:00:00.0;0,00
CURITIBA;410690203A;PR;Vista Alegre;-25,413;-49,301;2025-03-04 18:00:00.0;0,00
CURITIBA;410690203A;PR;Vista Alegre;-25,413;-49,301;2025-03-04 19:00:00.0;0,00
CURITIBA;410690203A;PR;Vista Alegre;-25,413;-49,301;2025-03-04 20:00:00.0;0,00
CURITIBA;410690203A;PR;Vista Alegre;-25,413;-49,301;2025-03-04 21:00:00.0;0,00
CURITIBA;410690203A;PR;Vista Alegre;-25,413;-49,301;2025-03-04 22:00:00.0;0,00
CURITIBA;410690203A;PR;Vista Alegre;-25,413;-49,301;2025-03-04 23:00:00.0;0,00
CURITIBA;410690203A;PR;Vista Alegre;-25,413;-49,301;2025-03-05 00:00:00.0;0,00
CURITIBA;410690203A;PR;Vista Alegre;-25,413;-49,301;2025-03-05 01:00:00.0;0,00
CURITIBA;410690203A;PR;Vista Alegre;-25,413;-49,301;2025-03-05 02:00:00.0;0,00
CURITIBA;410690203A;PR;Vista Alegre;-25,413;-49,301;2025-03-05 03:00:00.0;0,00
CURITIBA;410690203A;PR;Vista Alegre;-25,413;-49,301;2025-03-05 04:00:00.0;0,00
CURITIBA;410690203A;PR;Vista Alegre;-25,413;-49,301;2025-03-05 05:00:00.0;0,00
CURITIBA;410690203A;PR;Vista Alegre;-25,413;-49,301;2025-03-05 06:00:00.0;0,00
CURITIBA;410690203A;PR;Vista Alegre;-25,413;-49,301;2025-03-05 07:00:00.0;0,00
CURITIBA;410690203A;PR;Vista Alegre;-25,413;-49,301;2025-03-05 08:00:00.0;0,00
CURITIBA;410690203A;PR;Vista Alegre;-25,413;-49,301;2025-03-05 09:00:00.0;0,00
CURITIBA;410690203A;PR;Vista Alegre;-25,413;-49,301;2025-03-05 10:00:00.0;0,00
CURITIBA;410690203A;PR;Vista Alegre;-25,413;-49,301;2025-03-05 11:00:00.0;0,00
CURITIBA;410690203A;PR;Vista Alegre;-25,413;-49,301;2025-03-05 12:00:00.0;0,00
CURITIBA;410690203A;PR;Vista Alegre;-25,413;-49,301;2025-03-05 13:00:00.0;0,00
CURITIBA;410690203A;PR;Vista Alegre;-25,413;-49,301;2025-03-05 14:00:00.0;0,00
CURITIBA;410690203A;PR;Vista Alegre;-25,413;-49,301;2025-03-05 15:00:00.0;0,00
CURITIBA;410690203A;PR;Vista Alegre;-25,413;-49,301;2025-03-05 16:00:00.0;0,00
CURITIBA;410690203A;PR;Vista Alegre;-25,413;-49,301;2025-03-05 17:00:00.0;0,00
CURITIBA;410690203A;PR;Vista Alegre;-25,413;-49,301;2025-03-05 18:00:00.0;0,00
CURITIBA;410690203A;PR;Vista Alegre;-25,413;-49,301;2025-03-05 19:00:00.0;0,00
CURITIBA;410690203A;PR;Vista Alegre;-25,413;-49,301;2025-03-05 20:00:00.0;0,00
CURITIBA;410690203A;PR;Vista Alegre;-25,413;-49,301;2025-03-05 21:00:00.0;0,00
CURITIBA;410690203A;PR;Vista Alegre;-25,413;-49,301;2025-03-05 22:00:00.0;0,00
CURITIBA;410690203A;PR;Vista Alegre;-25,413;-49,301;2025-03-05 23:00:00.0;0,00
CURITIBA;410690203A;PR;Vista Alegre;-25,413;-49,301;2025-03-06 00:00:00.0;0,00
CURITIBA;410690203A;PR;Vista Alegre;-25,413;-49,301;2025-03-06 01:00:00.0;0,00
CURITIBA;410690203A;PR;Vista Alegre;-25,413;-49,301;2025-03-06 02:00:00.0;0,00
CURITIBA;410690203A;PR;Vista Alegre;-25,413;-49,301;2025-03-06 03:00:00.0;0,00
CURITIBA;410690203A;PR;Vista Alegre;-25,413;-49,301;2025-03-06 04:00:00.0;0,00
CURITIBA;410690203A;PR;Vista Alegre;-25,413;-49,301;2025-03-06 05:00:00.0;0,00
CURITIBA;410690203A;PR;Vista Alegre;-25,413;-49,301;2025-03-06 06:00:00.0;0,00
CURITIBA;410690203A;PR;Vista Alegre;-25,413;-49,301;2025-03-06 07:00:00.0;0,00
CURITIBA;410690203A;PR;Vista Alegre;-25,413;-49,301;2025-03-06 08:00:00.0;0,00
CURITIBA;410690203A;PR;Vista Alegre;-25,413;-49,301;2025-03-06 09:00:00.0;0,00
CURITIBA;410690203A;PR;Vista Alegre;-25,413;-49,301;2025-03-06 10:00:00.0;0,00
CURITIBA;410690203A;PR;Vista Alegre;-25,413;-49,301;2025-03-06 11:00:00.0;0,00
CURITIBA;410690203A;PR;Vista Alegre;-25,413;-49,301;2025-03-06 12:00:00.0;0,00
CURITIBA;410690203A;PR;Vista Alegre;-25,413;-49,301;2025-03-06 13:00:00.0;0,00
CURITIBA;410690203A;PR;Vista Alegre;-25,413;-49,301;2025-03-06 14:00:00.0;0,00
CURITIBA;410690203A;PR;Vista Alegre;-25,413;-49,301;2025-03-06 15:00:00.0;0,00
CURITIBA;410690203A;PR;Vista Alegre;-25,413;-49,301;2025-03-06 16:00:00.0;0,00
CURITIBA;410690203A;PR;Vista Alegre;-25,413;-49,301;2025-03-06 17:00:00.0;0,00
CURITIBA;410690203A;PR;Vista Alegre;-25,413;-49,301;2025-03-06 18:00:00.0;0,00
CURITIBA;410690203A;PR;Vista Alegre;-25,413;-49,301;2025-03-06 19:00:00.0;0,00
CURITIBA;410690203A;PR;Vista Alegre;-25,413;-49,301;2025-03-06 20:00:00.0;0,00
CURITIBA;410690203A;PR;Vista Alegre;-25,413;-49,301;2025-03-06 21:00:00.0;0,00
CURITIBA;410690203A;PR;Vista Alegre;-25,413;-49,301;2025-03-06 22:00:00.0;0,00
CURITIBA;410690203A;PR;Vista Alegre;-25,413;-49,301;2025-03-06 23:00:00.0;0,00
CURITIBA;410690203A;PR;Vista Alegre;-25,413;-49,301;2025-03-07 00:00:00.0;0,00
CURITIBA;410690203A;PR;Vista Alegre;-25,413;-49,301;2025-03-07 01:00:00.0;0,00
CURITIBA;410690203A;PR;Vista Alegre;-25,413;-49,301;2025-03-07 02:00:00.0;0,00
CURITIBA;410690203A;PR;Vista Alegre;-25,413;-49,301;2025-03-07 03:00:00.0;0,00
CURITIBA;410690203A;PR;Vista Alegre;-25,413;-49,301;2025-03-07 04:00:00.0;0,00
CURITIBA;410690203A;PR;Vista Alegre;-25,413;-49,301;2025-03-07 05:00:00.0;0,00
CURITIBA;410690203A;PR;Vista Alegre;-25,413;-49,301;2025-03-07 06:00:00.0;0,00
CURITIBA;410690203A;PR;Vista Alegre;-25,413;-49,301;2025-03-07 07:00:00.0;0,00
CURITIBA;410690203A;PR;Vista Alegre;-25,413;-49,301;2025-03-07 08:00:00.0;0,00
CURITIBA;410690203A;PR;Vista Alegre;-25,413;-49,301;2025-03-07 09:00:00.0;0,00
CURITIBA;410690203A;PR;Vista Alegre;-25,413;-49,301;2025-03-07 10:00:00.0;0,00
CURITIBA;410690203A;PR;Vista Alegre;-25,413;-49,301;2025-03-07 11:00:00.0;0,00
CURITIBA;410690203A;PR;Vista Alegre;-25,413;-49,301;2025-03-07 12:00:00.0;0,00
CURITIBA;410690203A;PR;Vista Alegre;-25,413;-49,301;2025-03-07 13:00:00.0;0,00
CURITIBA;410690203A;PR;Vista Alegre;-25,413;-49,301;2025-03-07 14:00:00.0;0,00
CURITIBA;410690203A;PR;Vista Alegre;-25,413;-49,301;2025-03-07 15:00:00.0;0,00
CURITIBA;410690203A;PR;Vista Alegre;-25,413;-49,301;2025-03-07 16:00:00.0;0,00
CURITIBA;410690203A;PR;Vista Alegre;-25,413;-49,301;2025-03-07 17:00:00.0;0,00
CURITIBA;410690203A;PR;Vista Alegre;-25,413;-49,301;2025-03-07 18:00:00.0;0,00
CURITIBA;410690203A;PR;Vista Alegre;-25,413;-49,301;2025-03-07 19:00:00.0;0,00
CURITIBA;410690203A;PR;Vista Alegre;-25,413;-49,301;2025-03-07 20:00:00.0;0,00
CURITIBA;410690203A;PR;Vista Alegre;-25,413;-49,301;2025-03-07 21:00:00.0;0,00
CURITIBA;410690203A;PR;Vista Alegre;-25,413;-49,301;2025-03-07 22:00:00.0;0,00
CURITIBA;410690203A;PR;Vista Alegre;-25,413;-49,301;2025-03-07 23:00:00.0;0,00
CURITIBA;410690203A;PR;Vista Alegre;-25,413;-49,301;2025-03-08 00:00:00.0;0,00
CURITIBA;410690203A;PR;Vista Alegre;-25,413;-49,301;2025-03-08 01:00:00.0;0,00
CURITIBA;410690203A;PR;Vista Alegre;-25,413;-49,301;2025-03-08 02:00:00.0;0,00
CURITIBA;410690203A;PR;Vista Alegre;-25,413;-49,301;2025-03-08 03:00:00.0;0,00
CURITIBA;410690203A;PR;Vista Alegre;-25,413;-49,301;2025-03-08 04:00:00.0;0,00
CURITIBA;410690203A;PR;Vista Alegre;-25,413;-49,301;2025-03-08 05:00:00.0;0,00
CURITIBA;410690203A;PR;Vista Alegre;-25,413;-49,301;2025-03-08 06:00:00.0;0,00
CURITIBA;410690203A;PR;Vista Alegre;-25,413;-49,301;2025-03-08 07:00:00.0;0,00
CURITIBA;410690203A;PR;Vista Alegre;-25,413;-49,301;2025-03-08 08:00:00.0;0,00
CURITIBA;410690203A;PR;Vista Alegre;-25,413;-49,301;2025-03-08 09:00:00.0;0,00
CURITIBA;410690203A;PR;Vista Alegre;-25,413;-49,301;2025-03-08 10:00:00.0;0,00
CURITIBA;410690203A;PR;Vista Alegre;-25,413;-49,301;2025-03-08 11:00:00.0;0,00
CURITIBA;410690203A;PR;Vista Alegre;-25,413;-49,301;2025-03-08 12:00:00.0;0,00
CURITIBA;410690203A;PR;Vista Alegre;-25,413;-49,301;2025-03-08 13:00:00.0;0,00
CURITIBA;410690203A;PR;Vista Alegre;-25,413;-49,301;2025-03-08 14:00:00.0;0,00
CURITIBA;410690203A;PR;Vista Alegre;-25,413;-49,301;2025-03-08 15:00:00.0;0,00
CURITIBA;410690203A;PR;Vista Alegre;-25,413;-49,301;2025-03-08 16:00:00.0;0,00
CURITIBA;410690203A;PR;Vista Alegre;-25,413;-49,301;2025-03-08 17:00:00.0;0,00
CURITIBA;410690203A;PR;Vista Alegre;-25,413;-49,301;2025-03-08 18:00:00.0;0,00
CURITIBA;410690203A;PR;Vista Alegre;-25,413;-49,301;2025-03-08 19:00:00.0;0,00
CURITIBA;410690203A;PR;Vista Alegre;-25,413;-49,301;2025-03-08 20:00:00.0;0,00
CURITIBA;410690203A;PR;Vista Alegre;-25,413;-49,301;2025-03-08 21:00:00.0;0,00
CURITIBA;410690203A;PR;Vista Alegre;-25,413;-49,301;2025-03-08 22:00:00.0;0,00
CURITIBA;410690203A;PR;Vista Alegre;-25,413;-49,301;2025-03-08 23:00:00.0;0,00
CURITIBA;410690203A;PR;Vista Alegre;-25,413;-49,301;2025-03-09 00:00:00.0;0,00
CURITIBA;410690203A;PR;Vista Alegre;-25,413;-49,301;2025-03-09 01:00:00.0;0,00
CURITIBA;410690203A;PR;Vista Alegre;-25,413;-49,301;2025-03-09 02:00:00.0;0,00
CURITIBA;410690203A;PR;Vista Alegre;-25,413;-49,301;2025-03-09 03:00:00.0;0,00
CURITIBA;410690203A;PR;Vista Alegre;-25,413;-49,301;2025-03-09 04:00:00.0;0,00
CURITIBA;410690203A;PR;Vista Alegre;-25,413;-49,301;2025-03-09 05:00:00.0;0,00
CURITIBA;410690203A;PR;Vista Alegre;-25,413;-49,301;2025-03-09 06:00:00.0;0,00
CURITIBA;410690203A;PR;Vista Alegre;-25,413;-49,301;2025-03-09 07:00:00.0;0,00
CURITIBA;410690203A;PR;Vista Alegre;-25,413;-49,301;2025-03-09 08:00:00.0;0,00
CURITIBA;410690203A;PR;Vista Alegre;-25,413;-49,301;2025-03-09 09:00:00.0;0,00
CURITIBA;410690203A;PR;Vista Alegre;-25,413;-49,301;2025-03-09 10:00:00.0;0,00
CURITIBA;410690203A;PR;Vista Alegre;-25,413;-49,301;2025-03-09 11:00:00.0;0,00
CURITIBA;410690203A;PR;Vista Alegre;-25,413;-49,301;2025-03-09 12:00:00.0;0,00
CURITIBA;410690203A;PR;Vista Alegre;-25,413;-49,301;2025-03-09 13:00:00.0;0,00
CURITIBA;410690203A;PR;Vista Alegre;-25,413;-49,301;2025-03-09 14:00:00.0;0,00
CURITIBA;410690203A;PR;Vista Alegre;-25,413;-49,301;2025-03-09 15:00:00.0;0,00
CURITIBA;410690203A;PR;Vista Alegre;-25,413;-49,301;2025-03-09 16:00:00.0;0,00
CURITIBA;410690203A;PR;Vista Alegre;-25,413;-49,301;2025-03-09 17:00:00.0;0,00
CURITIBA;410690203A;PR;Vista Alegre;-25,413;-49,301;2025-03-09 18:00:00.0;0,00
CURITIBA;410690203A;PR;Vista Alegre;-25,413;-49,301;2025-03-09 19:00:00.0;0,00
CURITIBA;410690203A;PR;Vista Alegre;-25,413;-49,301;2025-03-09 20:00:00.0;0,00
CURITIBA;410690203A;PR;Vista Alegre;-25,413;-49,301;2025-03-09 21:00:00.0;0,60
CURITIBA;410690203A;PR;Vista Alegre;-25,413;-49,301;2025-03-09 21:10:00.0;1,00
CURITIBA;410690203A;PR;Vista Alegre;-25,413;-49,301;2025-03-09 21:20:00.0;2,40
CURITIBA;410690203A;PR;Vista Alegre;-25,413;-49,301;2025-03-09 21:30:00.0;0,20
CURITIBA;410690203A;PR;Vista Alegre;-25,413;-49,301;2025-03-09 22:00:00.0;0,40
CURITIBA;410690203A;PR;Vista Alegre;-25,413;-49,301;2025-03-09 22:10:00.0;4,20
CURITIBA;410690203A;PR;Vista Alegre;-25,413;-49,301;2025-03-09 22:20:00.0;3,80
CURITIBA;410690203A;PR;Vista Alegre;-25,413;-49,301;2025-03-09 22:30:00.0;1,60
CURITIBA;410690203A;PR;Vista Alegre;-25,413;-49,301;2025-03-09 22:40:00.0;0,40
CURITIBA;410690203A;PR;Vista Alegre;-25,413;-49,301;2025-03-09 22:50:00.0;0,20
CURITIBA;410690203A;PR;Vista Alegre;-25,413;-49,301;2025-03-09 23:00:00.0;0,00
CURITIBA;410690203A;PR;Vista Alegre;-25,413;-49,301;2025-03-10 00:00:00.0;0,00
CURITIBA;410690203A;PR;Vista Alegre;-25,413;-49,301;2025-03-10 01:00:00.0;0,00
CURITIBA;410690203A;PR;Vista Alegre;-25,413;-49,301;2025-03-10 02:00:00.0;0,00
CURITIBA;410690203A;PR;Vista Alegre;-25,413;-49,301;2025-03-10 03:00:00.0;0,00
CURITIBA;410690203A;PR;Vista Alegre;-25,413;-49,301;2025-03-10 04:00:00.0;0,00
CURITIBA;410690203A;PR;Vista Alegre;-25,413;-49,301;2025-03-10 05:00:00.0;0,00
CURITIBA;410690203A;PR;Vista Alegre;-25,413;-49,301;2025-03-10 06:00:00.0;0,00
CURITIBA;410690203A;PR;Vista Alegre;-25,413;-49,301;2025-03-10 07:00:00.0;0,00
CURITIBA;410690203A;PR;Vista Alegre;-25,413;-49,301;2025-03-10 08:00:00.0;0,00
CURITIBA;410690203A;PR;Vista Alegre;-25,413;-49,301;2025-03-10 09:00:00.0;0,00
CURITIBA;410690203A;PR;Vista Alegre;-25,413;-49,301;2025-03-10 10:00:00.0;0,00
CURITIBA;410690203A;PR;Vista Alegre;-25,413;-49,301;2025-03-10 11:00:00.0;0,00
CURITIBA;410690203A;PR;Vista Alegre;-25,413;-49,301;2025-03-10 12:00:00.0;0,00
CURITIBA;410690203A;PR;Vista Alegre;-25,413;-49,301;2025-03-10 13:00:00.0;0,00
CURITIBA;410690203A;PR;Vista Alegre;-25,413;-49,301;2025-03-10 14:00:00.0;0,00
CURITIBA;410690203A;PR;Vista Alegre;-25,413;-49,301;2025-03-10 15:00:00.0;0,00
CURITIBA;410690203A;PR;Vista Alegre;-25,413;-49,301;2025-03-10 16:00:00.0;0,00
CURITIBA;410690203A;PR;Vista Alegre;-25,413;-49,301;2025-03-10 17:00:00.0;0,00
CURITIBA;410690203A;PR;Vista Alegre;-25,413;-49,301;2025-03-10 18:00:00.0;0,00
CURITIBA;410690203A;PR;Vista Alegre;-25,413;-49,301;2025-03-10 19:00:00.0;0,00
CURITIBA;410690203A;PR;Vista Alegre;-25,413;-49,301;2025-03-10 20:00:00.0;0,00
CURITIBA;410690203A;PR;Vista Alegre;-25,413;-49,301;2025-03-10 21:00:00.0;0,00
CURITIBA;410690203A;PR;Vista Alegre;-25,413;-49,301;2025-03-10 22:00:00.0;0,00
CURITIBA;410690203A;PR;Vista Alegre;-25,413;-49,301;2025-03-10 23:00:00.0;0,00
CURITIBA;410690203A;PR;Vista Alegre;-25,413;-49,301;2025-03-11 00:00:00.0;0,00
CURITIBA;410690203A;PR;Vista Alegre;-25,413;-49,301;2025-03-11 01:00:00.0;0,00
CURITIBA;410690203A;PR;Vista Alegre;-25,413;-49,301;2025-03-11 02:00:00.0;0,00
CURITIBA;410690203A;PR;Vista Alegre;-25,413;-49,301;2025-03-11 03:00:00.0;0,00
CURITIBA;410690203A;PR;Vista Alegre;-25,413;-49,301;2025-03-11 04:00:00.0;0,00
CURITIBA;410690203A;PR;Vista Alegre;-25,413;-49,301;2025-03-11 05:00:00.0;0,00
CURITIBA;410690203A;PR;Vista Alegre;-25,413;-49,301;2025-03-11 06:00:00.0;0,00
CURITIBA;410690203A;PR;Vista Alegre;-25,413;-49,301;2025-03-11 07:00:00.0;0,00
CURITIBA;410690203A;PR;Vista Alegre;-25,413;-49,301;2025-03-11 08:00:00.0;0,00
CURITIBA;410690203A;PR;Vista Alegre;-25,413;-49,301;2025-03-11 09:00:00.0;0,00
CURITIBA;410690203A;PR;Vista Alegre;-25,413;-49,301;2025-03-11 10:00:00.0;0,00
CURITIBA;410690203A;PR;Vista Alegre;-25,413;-49,301;2025-03-11 11:00:00.0;0,00
CURITIBA;410690203A;PR;Vista Alegre;-25,413;-49,301;2025-03-11 12:00:00.0;0,00
CURITIBA;410690203A;PR;Vista Alegre;-25,413;-49,301;2025-03-11 13:00:00.0;0,00
CURITIBA;410690203A;PR;Vista Alegre;-25,413;-49,301;2025-03-11 14:00:00.0;0,00
CURITIBA;410690203A;PR;Vista Alegre;-25,413;-49,301;2025-03-11 15:00:00.0;0,00
CURITIBA;410690203A;PR;Vista Alegre;-25,413;-49,301;2025-03-11 16:00:00.0;0,00
CURITIBA;410690203A;PR;Vista Alegre;-25,413;-49,301;2025-03-11 17:00:00.0;0,00
CURITIBA;410690203A;PR;Vista Alegre;-25,413;-49,301;2025-03-11 18:00:00.0;0,00
CURITIBA;410690203A;PR;Vista Alegre;-25,413;-49,301;2025-03-11 19:00:00.0;0,00
CURITIBA;410690203A;PR;Vista Alegre;-25,413;-49,301;2025-03-11 20:00:00.0;0,00
CURITIBA;410690203A;PR;Vista Alegre;-25,413;-49,301;2025-03-11 21:00:00.0;0,00
CURITIBA;410690203A;PR;Vista Alegre;-25,413;-49,301;2025-03-11 21:10:00.0;0,60
CURITIBA;410690203A;PR;Vista Alegre;-25,413;-49,301;2025-03-11 21:20:00.0;0,40
CURITIBA;410690203A;PR;Vista Alegre;-25,413;-49,301;2025-03-11 21:30:00.0;0,40
CURITIBA;410690203A;PR;Vista Alegre;-25,413;-49,301;2025-03-11 21:40:00.0;1,00
CURITIBA;410690203A;PR;Vista Alegre;-25,413;-49,301;2025-03-11 21:50:00.0;0,60
CURITIBA;410690203A;PR;Vista Alegre;-25,413;-49,301;2025-03-11 22:00:00.0;1,40
CURITIBA;410690203A;PR;Vista Alegre;-25,413;-49,301;2025-03-11 22:10:00.0;1,20
CURITIBA;410690203A;PR;Vista Alegre;-25,413;-49,301;2025-03-11 22:20:00.0;1,20
CURITIBA;410690203A;PR;Vista Alegre;-25,413;-49,301;2025-03-11 22:30:00.0;1,80
CURITIBA;410690203A;PR;Vista Alegre;-25,413;-49,301;2025-03-11 22:40:00.0;2,00
CURITIBA;410690203A;PR;Vista Alegre;-25,413;-49,301;2025-03-11 22:50:00.0;1,20
CURITIBA;410690203A;PR;Vista Alegre;-25,413;-49,301;2025-03-11 23:00:00.0;1,20
CURITIBA;410690203A;PR;Vista Alegre;-25,413;-49,301;2025-03-11 23:10:00.0;1,60
CURITIBA;410690203A;PR;Vista Alegre;-25,413;-49,301;2025-03-11 23:20:00.0;1,20
CURITIBA;410690203A;PR;Vista Alegre;-25,413;-49,301;2025-03-11 23:30:00.0;1,00
CURITIBA;410690203A;PR;Vista Alegre;-25,413;-49,301;2025-03-11 23:40:00.0;0,40
CURITIBA;410690203A;PR;Vista Alegre;-25,413;-49,301;2025-03-11 23:50:00.0;0,20
CURITIBA;410690203A;PR;Vista Alegre;-25,413;-49,301;2025-03-12 00:00:00.0;0,40
CURITIBA;410690203A;PR;Vista Alegre;-25,413;-49,301;2025-03-12 00:10:00.0;0,20
CURITIBA;410690203A;PR;Vista Alegre;-25,413;-49,301;2025-03-12 01:00:00.0;0,20
CURITIBA;410690203A;PR;Vista Alegre;-25,413;-49,301;2025-03-12 02:00:00.0;0,00
CURITIBA;410690203A;PR;Vista Alegre;-25,413;-49,301;2025-03-12 03:00:00.0;0,00
CURITIBA;410690203A;PR;Vista Alegre;-25,413;-49,301;2025-03-12 04:00:00.0;0,00
CURITIBA;410690203A;PR;Vista Alegre;-25,413;-49,301;2025-03-12 05:00:00.0;0,00
CURITIBA;410690203A;PR;Vista Alegre;-25,413;-49,301;2025-03-12 06:00:00.0;0,00
CURITIBA;410690203A;PR;Vista Alegre;-25,413;-49,301;2025-03-12 07:00:00.0;0,00
CURITIBA;410690203A;PR;Vista Alegre;-25,413;-49,301;2025-03-12 08:00:00.0;0,00
CURITIBA;410690203A;PR;Vista Alegre;-25,413;-49,301;2025-03-12 09:00:00.0;0,00
CURITIBA;410690203A;PR;Vista Alegre;-25,413;-49,301;2025-03-12 10:00:00.0;0,00
CURITIBA;410690203A;PR;Vista Alegre;-25,413;-49,301;2025-03-12 11:00:00.0;0,00
CURITIBA;410690203A;PR;Vista Alegre;-25,413;-49,301;2025-03-12 12:00:00.0;0,00
CURITIBA;410690203A;PR;Vista Alegre;-25,413;-49,301;2025-03-12 13:00:00.0;0,00
CURITIBA;410690203A;PR;Vista Alegre;-25,413;-49,301;2025-03-12 14:00:00.0;0,00
CURITIBA;410690203A;PR;Vista Alegre;-25,413;-49,301;2025-03-12 15:00:00.0;0,00
CURITIBA;410690203A;PR;Vista Alegre;-25,413;-49,301;2025-03-12 16:00:00.0;0,00
CURITIBA;410690203A;PR;Vista Alegre;-25,413;-49,301;2025-03-12 17:00:00.0;0,00
CURITIBA;410690203A;PR;Vista Alegre;-25,413;-49,301;2025-03-12 18:00:00.0;0,00
CURITIBA;410690203A;PR;Vista Alegre;-25,413;-49,301;2025-03-12 19:00:00.0;0,00
CURITIBA;410690203A;PR;Vista Alegre;-25,413;-49,301;2025-03-12 20:00:00.0;0,00
CURITIBA;410690203A;PR;Vista Alegre;-25,413;-49,301;2025-03-12 21:00:00.0;0,00
CURITIBA;410690203A;PR;Vista Alegre;-25,413;-49,301;2025-03-12 22:00:00.0;0,00
CURITIBA;410690203A;PR;Vista Alegre;-25,413;-49,301;2025-03-12 23:00:00.0;0,00
CURITIBA;410690203A;PR;Vista Alegre;-25,413;-49,301;2025-03-12 23:10:00.0;0,60
CURITIBA;410690203A;PR;Vista Alegre;-25,413;-49,301;2025-03-12 23:20:00.0;0,40
CURITIBA;410690203A;PR;Vista Alegre;-25,413;-49,301;2025-03-12 23:30:00.0;0,20
CURITIBA;410690203A;PR;Vista Alegre;-25,413;-49,301;2025-03-12 23:40:00.0;0,80
CURITIBA;410690203A;PR;Vista Alegre;-25,413;-49,301;2025-03-12 23:50:00.0;0,60
CURITIBA;410690203A;PR;Vista Alegre;-25,413;-49,301;2025-03-13 00:00:00.0;1,00
CURITIBA;410690203A;PR;Vista Alegre;-25,413;-49,301;2025-03-13 00:10:00.0;0,40
CURITIBA;410690203A;PR;Vista Alegre;-25,413;-49,301;2025-03-13 00:20:00.0;0,20
CURITIBA;410690203A;PR;Vista Alegre;-25,413;-49,301;2025-03-13 00:30:00.0;0,20
CURITIBA;410690203A;PR;Vista Alegre;-25,413;-49,301;2025-03-13 01:00:00.0;0,00
CURITIBA;410690203A;PR;Vista Alegre;-25,413;-49,301;2025-03-13 01:20:00.0;0,20
CURITIBA;410690203A;PR;Vista Alegre;-25,413;-49,301;2025-03-13 02:00:00.0;0,00
CURITIBA;410690203A;PR;Vista Alegre;-25,413;-49,301;2025-03-13 03:00:00.0;0,00
CURITIBA;410690203A;PR;Vista Alegre;-25,413;-49,301;2025-03-13 04:00:00.0;0,00
CURITIBA;410690203A;PR;Vista Alegre;-25,413;-49,301;2025-03-13 05:00:00.0;0,00
CURITIBA;410690203A;PR;Vista Alegre;-25,413;-49,301;2025-03-13 05:30:00.0;0,20
CURITIBA;410690203A;PR;Vista Alegre;-25,413;-49,301;2025-03-13 05:40:00.0;0,40
CURITIBA;410690203A;PR;Vista Alegre;-25,413;-49,301;2025-03-13 05:50:00.0;0,20
CURITIBA;410690203A;PR;Vista Alegre;-25,413;-49,301;2025-03-13 06:00:00.0;0,40
CURITIBA;410690203A;PR;Vista Alegre;-25,413;-49,301;2025-03-13 06:20:00.0;0,20
CURITIBA;410690203A;PR;Vista Alegre;-25,413;-49,301;2025-03-13 06:30:00.0;0,20
CURITIBA;410690203A;PR;Vista Alegre;-25,413;-49,301;2025-03-13 06:40:00.0;0,20
CURITIBA;410690203A;PR;Vista Alegre;-25,413;-49,301;2025-03-13 06:50:00.0;0,40
CURITIBA;410690203A;PR;Vista Alegre;-25,413;-49,301;2025-03-13 07:00:00.0;0,00
CURITIBA;410690203A;PR;Vista Alegre;-25,413;-49,301;2025-03-13 07:20:00.0;0,20
CURITIBA;410690203A;PR;Vista Alegre;-25,413;-49,301;2025-03-13 07:30:00.0;0,20
CURITIBA;410690203A;PR;Vista Alegre;-25,413;-49,301;2025-03-13 07:40:00.0;0,20
CURITIBA;410690203A;PR;Vista Alegre;-25,413;-49,301;2025-03-13 07:50:00.0;0,60
CURITIBA;410690203A;PR;Vista Alegre;-25,413;-49,301;2025-03-13 08:00:00.0;0,40
CURITIBA;410690203A;PR;Vista Alegre;-25,413;-49,301;2025-03-13 08:10:00.0;0,40
CURITIBA;410690203A;PR;Vista Alegre;-25,413;-49,301;2025-03-13 08:30:00.0;0,20
CURITIBA;410690203A;PR;Vista Alegre;-25,413;-49,301;2025-03-13 08:50:00.0;0,20
CURITIBA;410690203A;PR;Vista Alegre;-25,413;-49,301;2025-03-13 10:00:00.0;0,00
CURITIBA;410690203A;PR;Vista Alegre;-25,413;-49,301;2025-03-13 11:00:00.0;0,00
CURITIBA;410690203A;PR;Vista Alegre;-25,413;-49,301;2025-03-13 12:00:00.0;0,00
CURITIBA;410690203A;PR;Vista Alegre;-25,413;-49,301;2025-03-13 13:00:00.0;0,20
CURITIBA;410690203A;PR;Vista Alegre;-25,413;-49,301;2025-03-13 14:00:00.0;0,00
CURITIBA;410690203A;PR;Vista Alegre;-25,413;-49,301;2025-03-13 15:00:00.0;0,00
CURITIBA;410690203A;PR;Vista Alegre;-25,413;-49,301;2025-03-13 16:00:00.0;0,00
CURITIBA;410690203A;PR;Vista Alegre;-25,413;-49,301;2025-03-13 17:00:00.0;0,00
CURITIBA;410690203A;PR;Vista Alegre;-25,413;-49,301;2025-03-13 18:00:00.0;0,00
CURITIBA;410690203A;PR;Vista Alegre;-25,413;-49,301;2025-03-13 19:00:00.0;0,00
CURITIBA;410690203A;PR;Vista Alegre;-25,413;-49,301;2025-03-13 20:00:00.0;0,00
CURITIBA;410690203A;PR;Vista Alegre;-25,413;-49,301;2025-03-13 21:00:00.0;0,00
CURITIBA;410690203A;PR;Vista Alegre;-25,413;-49,301;2025-03-13 22:00:00.0;0,00
CURITIBA;410690203A;PR;Vista Alegre;-25,413;-49,301;2025-03-13 22:50:00.0;0,20
CURITIBA;410690203A;PR;Vista Alegre;-25,413;-49,301;2025-03-13 23:00:00.0;11,20
CURITIBA;410690203A;PR;Vista Alegre;-25,413;-49,301;2025-03-13 23:10:00.0;2,40
CURITIBA;410690203A;PR;Vista Alegre;-25,413;-49,301;2025-03-13 23:30:00.0;0,20
CURITIBA;410690203A;PR;Vista Alegre;-25,413;-49,301;2025-03-14 00:00:00.0;0,00
CURITIBA;410690203A;PR;Vista Alegre;-25,413;-49,301;2025-03-14 01:00:00.0;0,00
CURITIBA;410690203A;PR;Vista Alegre;-25,413;-49,301;2025-03-14 01:10:00.0;9,80
CURITIBA;410690203A;PR;Vista Alegre;-25,413;-49,301;2025-03-14 01:20:00.0;3,40
CURITIBA;410690203A;PR;Vista Alegre;-25,413;-49,301;2025-03-14 01:30:00.0;3,20
CURITIBA;410690203A;PR;Vista Alegre;-25,413;-49,301;2025-03-14 01:40:00.0;1,80
CURITIBA;410690203A;PR;Vista Alegre;-25,413;-49,301;2025-03-14 01:50:00.0;0,60
CURITIBA;410690203A;PR;Vista Alegre;-25,413;-49,301;2025-03-14 02:00:00.0;0,20
CURITIBA;410690203A;PR;Vista Alegre;-25,413;-49,301;2025-03-14 03:00:00.0;0,00
CURITIBA;410690203A;PR;Vista Alegre;-25,413;-49,301;2025-03-14 04:00:00.0;0,00
CURITIBA;410690203A;PR;Vista Alegre;-25,413;-49,301;2025-03-14 05:00:00.0;0,00
CURITIBA;410690203A;PR;Vista Alegre;-25,413;-49,301;2025-03-14 06:00:00.0;0,00
CURITIBA;410690203A;PR;Vista Alegre;-25,413;-49,301;2025-03-14 07:00:00.0;0,00
CURITIBA;410690203A;PR;Vista Alegre;-25,413;-49,301;2025-03-14 08:00:00.0;0,00
CURITIBA;410690203A;PR;Vista Alegre;-25,413;-49,301;2025-03-14 09:00:00.0;0,00
CURITIBA;410690203A;PR;Vista Alegre;-25,413;-49,301;2025-03-14 10:00:00.0;0,00
CURITIBA;410690203A;PR;Vista Alegre;-25,413;-49,301;2025-03-14 11:00:00.0;0,00
CURITIBA;410690203A;PR;Vista Alegre;-25,413;-49,301;2025-03-14 12:00:00.0;0,00
CURITIBA;410690203A;PR;Vista Alegre;-25,413;-49,301;2025-03-14 13:00:00.0;0,00
CURITIBA;410690203A;PR;Vista Alegre;-25,413;-49,301;2025-03-14 14:00:00.0;0,00
CURITIBA;410690203A;PR;Vista Alegre;-25,413;-49,301;2025-03-14 15:00:00.0;0,00
CURITIBA;410690203A;PR;Vista Alegre;-25,413;-49,301;2025-03-14 16:00:00.0;0,00
CURITIBA;410690203A;PR;Vista Alegre;-25,413;-49,301;2025-03-14 16:40:00.0;0,20
CURITIBA;410690203A;PR;Vista Alegre;-25,413;-49,301;2025-03-14 17:00:00.0;0,00
CURITIBA;410690203A;PR;Vista Alegre;-25,413;-49,301;2025-03-14 18:00:00.0;0,00
CURITIBA;410690203A;PR;Vista Alegre;-25,413;-49,301;2025-03-14 19:00:00.0;0,00
CURITIBA;410690203A;PR;Vista Alegre;-25,413;-49,301;2025-03-14 20:00:00.0;0,00
CURITIBA;410690203A;PR;Vista Alegre;-25,413;-49,301;2025-03-14 21:00:00.0;0,00
CURITIBA;410690203A;PR;Vista Alegre;-25,413;-49,301;2025-03-14 22:00:00.0;0,00
CURITIBA;410690203A;PR;Vista Alegre;-25,413;-49,301;2025-03-14 23:00:00.0;0,00
CURITIBA;410690203A;PR;Vista Alegre;-25,413;-49,301;2025-03-15 00:00:00.0;0,00
CURITIBA;410690203A;PR;Vista Alegre;-25,413;-49,301;2025-03-15 01:00:00.0;0,00
CURITIBA;410690203A;PR;Vista Alegre;-25,413;-49,301;2025-03-15 02:00:00.0;0,00
CURITIBA;410690203A;PR;Vista Alegre;-25,413;-49,301;2025-03-15 03:00:00.0;0,00
CURITIBA;410690203A;PR;Vista Alegre;-25,413;-49,301;2025-03-15 04:00:00.0;0,00
CURITIBA;410690203A;PR;Vista Alegre;-25,413;-49,301;2025-03-15 05:00:00.0;0,00
CURITIBA;410690203A;PR;Vista Alegre;-25,413;-49,301;2025-03-15 06:00:00.0;0,00
CURITIBA;410690203A;PR;Vista Alegre;-25,413;-49,301;2025-03-15 07:00:00.0;0,00
CURITIBA;410690203A;PR;Vista Alegre;-25,413;-49,301;2025-03-15 08:00:00.0;0,00
CURITIBA;410690203A;PR;Vista Alegre;-25,413;-49,301;2025-03-15 09:00:00.0;0,00
CURITIBA;410690203A;PR;Vista Alegre;-25,413;-49,301;2025-03-15 10:00:00.0;0,00
CURITIBA;410690203A;PR;Vista Alegre;-25,413;-49,301;2025-03-15 11:00:00.0;0,00
CURITIBA;410690203A;PR;Vista Alegre;-25,413;-49,301;2025-03-15 12:00:00.0;0,00
CURITIBA;410690203A;PR;Vista Alegre;-25,413;-49,301;2025-03-15 13:00:00.0;0,00
CURITIBA;410690203A;PR;Vista Alegre;-25,413;-49,301;2025-03-15 14:00:00.0;0,00
CURITIBA;410690203A;PR;Vista Alegre;-25,413;-49,301;2025-03-15 15:00:00.0;0,00
CURITIBA;410690203A;PR;Vista Alegre;-25,413;-49,301;2025-03-15 16:00:00.0;0,00
CURITIBA;410690203A;PR;Vista Alegre;-25,413;-49,301;2025-03-15 17:00:00.0;0,00
CURITIBA;410690203A;PR;Vista Alegre;-25,413;-49,301;2025-03-15 18:00:00.0;0,00
CURITIBA;410690203A;PR;Vista Alegre;-25,413;-49,301;2025-03-15 19:00:00.0;2,40
CURITIBA;410690203A;PR;Vista Alegre;-25,413;-49,301;2025-03-15 19:10:00.0;1,40
CURITIBA;410690203A;PR;Vista Alegre;-25,413;-49,301;2025-03-15 19:20:00.0;0,80
CURITIBA;410690203A;PR;Vista Alegre;-25,413;-49,301;2025-03-15 19:30:00.0;1,00
CURITIBA;410690203A;PR;Vista Alegre;-25,413;-49,301;2025-03-15 19:40:00.0;8,00
CURITIBA;410690203A;PR;Vista Alegre;-25,413;-49,301;2025-03-15 19:50:00.0;1,80
CURITIBA;410690203A;PR;Vista Alegre;-25,413;-49,301;2025-03-15 20:00:00.0;1,00
CURITIBA;410690203A;PR;Vista Alegre;-25,413;-49,301;2025-03-15 20:10:00.0;0,20
CURITIBA;410690203A;PR;Vista Alegre;-25,413;-49,301;2025-03-15 20:20:00.0;0,20
CURITIBA;410690203A;PR;Vista Alegre;-25,413;-49,301;2025-03-15 21:00:00.0;0,00
CURITIBA;410690203A;PR;Vista Alegre;-25,413;-49,301;2025-03-15 22:00:00.0;0,00
CURITIBA;410690203A;PR;Vista Alegre;-25,413;-49,301;2025-03-15 23:00:00.0;0,20
CURITIBA;410690203A;PR;Vista Alegre;-25,413;-49,301;2025-03-15 23:20:00.0;0,40
CURITIBA;410690203A;PR;Vista Alegre;-25,413;-49,301;2025-03-16 00:00:00.0;0,00
CURITIBA;410690203A;PR;Vista Alegre;-25,413;-49,301;2025-03-16 01:00:00.0;0,00
CURITIBA;410690203A;PR;Vista Alegre;-25,413;-49,301;2025-03-16 02:00:00.0;0,00
CURITIBA;410690203A;PR;Vista Alegre;-25,413;-49,301;2025-03-16 03:00:00.0;0,60
CURITIBA;410690203A;PR;Vista Alegre;-25,413;-49,301;2025-03-16 03:10:00.0;1,00
CURITIBA;410690203A;PR;Vista Alegre;-25,413;-49,301;2025-03-16 03:20:00.0;0,60
CURITIBA;410690203A;PR;Vista Alegre;-25,413;-49,301;2025-03-16 03:30:00.0;0,20
CURITIBA;410690203A;PR;Vista Alegre;-25,413;-49,301;2025-03-16 03:50:00.0;0,20
CURITIBA;410690203A;PR;Vista Alegre;-25,413;-49,301;2025-03-16 04:00:00.0;0,00
CURITIBA;410690203A;PR;Vista Alegre;-25,413;-49,301;2025-03-16 05:00:00.0;0,00
CURITIBA;410690203A;PR;Vista Alegre;-25,413;-49,301;2025-03-16 06:00:00.0;0,00
CURITIBA;410690203A;PR;Vista Alegre;-25,413;-49,301;2025-03-16 07:00:00.0;0,00
CURITIBA;410690203A;PR;Vista Alegre;-25,413;-49,301;2025-03-16 08:00:00.0;0,00
CURITIBA;410690203A;PR;Vista Alegre;-25,413;-49,301;2025-03-16 09:00:00.0;0,00
CURITIBA;410690203A;PR;Vista Alegre;-25,413;-49,301;2025-03-16 10:00:00.0;0,00
CURITIBA;410690203A;PR;Vista Alegre;-25,413;-49,301;2025-03-16 11:00:00.0;0,00
CURITIBA;410690203A;PR;Vista Alegre;-25,413;-49,301;2025-03-16 12:00:00.0;0,00
CURITIBA;410690203A;PR;Vista Alegre;-25,413;-49,301;2025-03-16 13:00:00.0;0,00
CURITIBA;410690203A;PR;Vista Alegre;-25,413;-49,301;2025-03-16 14:00:00.0;0,00
CURITIBA;410690203A;PR;Vista Alegre;-25,413;-49,301;2025-03-16 15:00:00.0;0,00
CURITIBA;410690203A;PR;Vista Alegre;-25,413;-49,301;2025-03-16 16:00:00.0;0,00
CURITIBA;410690203A;PR;Vista Alegre;-25,413;-49,301;2025-03-16 17:00:00.0;0,00
CURITIBA;410690203A;PR;Vista Alegre;-25,413;-49,301;2025-03-16 18:00:00.0;0,00
CURITIBA;410690203A;PR;Vista Alegre;-25,413;-49,301;2025-03-16 19:00:00.0;0,00
CURITIBA;410690203A;PR;Vista Alegre;-25,413;-49,301;2025-03-16 20:00:00.0;0,00
CURITIBA;410690203A;PR;Vista Alegre;-25,413;-49,301;2025-03-16 21:00:00.0;0,00
CURITIBA;410690203A;PR;Vista Alegre;-25,413;-49,301;2025-03-16 22:00:00.0;0,00
CURITIBA;410690203A;PR;Vista Alegre;-25,413;-49,301;2025-03-16 23:00:00.0;0,00
CURITIBA;410690203A;PR;Vista Alegre;-25,413;-49,301;2025-03-17 00:00:00.0;0,00
CURITIBA;410690203A;PR;Vista Alegre;-25,413;-49,301;2025-03-17 01:00:00.0;0,00
CURITIBA;410690203A;PR;Vista Alegre;-25,413;-49,301;2025-03-17 02:00:00.0;0,00
CURITIBA;410690203A;PR;Vista Alegre;-25,413;-49,301;2025-03-17 03:00:00.0;0,00
CURITIBA;410690203A;PR;Vista Alegre;-25,413;-49,301;2025-03-17 04:00:00.0;0,00
CURITIBA;410690203A;PR;Vista Alegre;-25,413;-49,301;2025-03-17 05:00:00.0;0,00
CURITIBA;410690203A;PR;Vista Alegre;-25,413;-49,301;2025-03-17 06:00:00.0;0,00
CURITIBA;410690203A;PR;Vista Alegre;-25,413;-49,301;2025-03-17 07:00:00.0;0,00
CURITIBA;410690203A;PR;Vista Alegre;-25,413;-49,301;2025-03-17 08:00:00.0;0,00
CURITIBA;410690203A;PR;Vista Alegre;-25,413;-49,301;2025-03-17 09:00:00.0;0,00
CURITIBA;410690203A;PR;Vista Alegre;-25,413;-49,301;2025-03-17 10:00:00.0;0,00
CURITIBA;410690203A;PR;Vista Alegre;-25,413;-49,301;2025-03-17 11:00:00.0;0,00
CURITIBA;410690203A;PR;Vista Alegre;-25,413;-49,301;2025-03-17 12:00:00.0;0,00
CURITIBA;410690203A;PR;Vista Alegre;-25,413;-49,301;2025-03-17 13:00:00.0;0,00
CURITIBA;410690203A;PR;Vista Alegre;-25,413;-49,301;2025-03-17 14:00:00.0;0,00
CURITIBA;410690203A;PR;Vista Alegre;-25,413;-49,301;2025-03-17 15:00:00.0;0,00
CURITIBA;410690203A;PR;Vista Alegre;-25,413;-49,301;2025-03-17 16:00:00.0;0,00
CURITIBA;410690203A;PR;Vista Alegre;-25,413;-49,301;2025-03-17 17:00:00.0;0,00
CURITIBA;410690203A;PR;Vista Alegre;-25,413;-49,301;2025-03-17 18:00:00.0;0,00
CURITIBA;410690203A;PR;Vista Alegre;-25,413;-49,301;2025-03-17 19:00:00.0;0,00
CURITIBA;410690203A;PR;Vista Alegre;-25,413;-49,301;2025-03-17 20:00:00.0;0,00
CURITIBA;410690203A;PR;Vista Alegre;-25,413;-49,301;2025-03-17 21:00:00.0;0,00
CURITIBA;410690203A;PR;Vista Alegre;-25,413;-49,301;2025-03-17 22:00:00.0;0,00
CURITIBA;410690203A;PR;Vista Alegre;-25,413;-49,301;2025-03-17 23:00:00.0;0,00
CURITIBA;410690203A;PR;Vista Alegre;-25,413;-49,301;2025-03-18 00:00:00.0;0,00
CURITIBA;410690203A;PR;Vista Alegre;-25,413;-49,301;2025-03-18 01:00:00.0;0,00
CURITIBA;410690203A;PR;Vista Alegre;-25,413;-49,301;2025-03-18 02:00:00.0;0,00
CURITIBA;410690203A;PR;Vista Alegre;-25,413;-49,301;2025-03-18 03:00:00.0;0,00
CURITIBA;410690203A;PR;Vista Alegre;-25,413;-49,301;2025-03-18 04:00:00.0;0,00
CURITIBA;410690203A;PR;Vista Alegre;-25,413;-49,301;2025-03-18 05:00:00.0;0,00
CURITIBA;410690203A;PR;Vista Alegre;-25,413;-49,301;2025-03-18 06:00:00.0;0,00
CURITIBA;410690203A;PR;Vista Alegre;-25,413;-49,301;2025-03-18 07:00:00.0;0,00
CURITIBA;410690203A;PR;Vista Alegre;-25,413;-49,301;2025-03-18 08:00:00.0;0,00
CURITIBA;410690203A;PR;Vista Alegre;-25,413;-49,301;2025-03-18 09:00:00.0;0,00
CURITIBA;410690203A;PR;Vista Alegre;-25,413;-49,301;2025-03-18 10:00:00.0;0,00
CURITIBA;410690203A;PR;Vista Alegre;-25,413;-49,301;2025-03-18 11:00:00.0;0,00
CURITIBA;410690203A;PR;Vista Alegre;-25,413;-49,301;2025-03-18 12:00:00.0;0,00
CURITIBA;410690203A;PR;Vista Alegre;-25,413;-49,301;2025-03-18 13:00:00.0;0,00
CURITIBA;410690203A;PR;Vista Alegre;-25,413;-49,301;2025-03-18 14:00:00.0;0,00
CURITIBA;410690203A;PR;Vista Alegre;-25,413;-49,301;2025-03-18 15:00:00.0;0,00
CURITIBA;410690203A;PR;Vista Alegre;-25,413;-49,301;2025-03-18 16:00:00.0;0,00
CURITIBA;410690203A;PR;Vista Alegre;-25,413;-49,301;2025-03-18 17:00:00.0;0,00
CURITIBA;410690203A;PR;Vista Alegre;-25,413;-49,301;2025-03-18 17:10:00.0;0,20
CURITIBA;410690203A;PR;Vista Alegre;-25,413;-49,301;2025-03-18 18:00:00.0;0,00
CURITIBA;410690203A;PR;Vista Alegre;-25,413;-49,301;2025-03-18 18:20:00.0;0,60
CURITIBA;410690203A;PR;Vista Alegre;-25,413;-49,301;2025-03-18 18:30:00.0;0,60
CURITIBA;410690203A;PR;Vista Alegre;-25,413;-49,301;2025-03-18 18:50:00.0;0,80
CURITIBA;410690203A;PR;Vista Alegre;-25,413;-49,301;2025-03-18 19:00:00.0;0,20
CURITIBA;410690203A;PR;Vista Alegre;-25,413;-49,301;2025-03-18 19:10:00.0;0,20
CURITIBA;410690203A;PR;Vista Alegre;-25,413;-49,301;2025-03-18 19:20:00.0;0,20
CURITIBA;410690203A;PR;Vista Alegre;-25,413;-49,301;2025-03-18 19:30:00.0;0,40
CURITIBA;410690203A;PR;Vista Alegre;-25,413;-49,301;2025-03-18 19:40:00.0;0,20
CURITIBA;410690203A;PR;Vista Alegre;-25,413;-49,301;2025-03-18 20:00:00.0;0,00
CURITIBA;410690203A;PR;Vista Alegre;-25,413;-49,301;2025-03-18 21:00:00.0;0,00
CURITIBA;410690203A;PR;Vista Alegre;-25,413;-49,301;2025-03-18 22:00:00.0;0,00
CURITIBA;410690203A;PR;Vista Alegre;-25,413;-49,301;2025-03-18 23:00:00.0;0,00
CURITIBA;410690203A;PR;Vista Alegre;-25,413;-49,301;2025-03-19 00:00:00.0;0,00
CURITIBA;410690203A;PR;Vista Alegre;-25,413;-49,301;2025-03-19 01:00:00.0;0,00
CURITIBA;410690203A;PR;Vista Alegre;-25,413;-49,301;2025-03-19 02:00:00.0;0,00
CURITIBA;410690203A;PR;Vista Alegre;-25,413;-49,301;2025-03-19 03:00:00.0;0,00
CURITIBA;410690203A;PR;Vista Alegre;-25,413;-49,301;2025-03-19 04:00:00.0;0,00
CURITIBA;410690203A;PR;Vista Alegre;-25,413;-49,301;2025-03-19 05:00:00.0;0,00
CURITIBA;410690203A;PR;Vista Alegre;-25,413;-49,301;2025-03-19 06:00:00.0;0,00
CURITIBA;410690203A;PR;Vista Alegre;-25,413;-49,301;2025-03-19 07:00:00.0;0,00
CURITIBA;410690203A;PR;Vista Alegre;-25,413;-49,301;2025-03-19 08:00:00.0;0,00
CURITIBA;410690203A;PR;Vista Alegre;-25,413;-49,301;2025-03-19 09:00:00.0;0,00
CURITIBA;410690203A;PR;Vista Alegre;-25,413;-49,301;2025-03-19 10:00:00.0;0,00
CURITIBA;410690203A;PR;Vista Alegre;-25,413;-49,301;2025-03-19 11:00:00.0;0,00
CURITIBA;410690203A;PR;Vista Alegre;-25,413;-49,301;2025-03-19 12:00:00.0;0,00
CURITIBA;410690203A;PR;Vista Alegre;-25,413;-49,301;2025-03-19 13:00:00.0;0,00
CURITIBA;410690203A;PR;Vista Alegre;-25,413;-49,301;2025-03-19 14:00:00.0;0,00
CURITIBA;410690203A;PR;Vista Alegre;-25,413;-49,301;2025-03-19 14:50:00.0;0,20
CURITIBA;410690203A;PR;Vista Alegre;-25,413;-49,301;2025-03-19 15:00:00.0;0,00
CURITIBA;410690203A;PR;Vista Alegre;-25,413;-49,301;2025-03-19 16:00:00.0;0,00
CURITIBA;410690203A;PR;Vista Alegre;-25,413;-49,301;2025-03-19 17:00:00.0;0,00
CURITIBA;410690203A;PR;Vista Alegre;-25,413;-49,301;2025-03-19 18:00:00.0;0,00
CURITIBA;410690203A;PR;Vista Alegre;-25,413;-49,301;2025-03-19 19:00:00.0;0,00
CURITIBA;410690203A;PR;Vista Alegre;-25,413;-49,301;2025-03-19 20:00:00.0;0,00
CURITIBA;410690203A;PR;Vista Alegre;-25,413;-49,301;2025-03-19 21:00:00.0;0,00
CURITIBA;410690203A;PR;Vista Alegre;-25,413;-49,301;2025-03-19 22:00:00.0;0,00
CURITIBA;410690203A;PR;Vista Alegre;-25,413;-49,301;2025-03-19 23:00:00.0;0,00
CURITIBA;410690203A;PR;Vista Alegre;-25,413;-49,301;2025-03-20 00:00:00.0;0,00
CURITIBA;410690203A;PR;Vista Alegre;-25,413;-49,301;2025-03-20 01:00:00.0;0,00
CURITIBA;410690203A;PR;Vista Alegre;-25,413;-49,301;2025-03-20 02:00:00.0;0,00
CURITIBA;410690203A;PR;Vista Alegre;-25,413;-49,301;2025-03-20 03:00:00.0;0,00
CURITIBA;410690203A;PR;Vista Alegre;-25,413;-49,301;2025-03-20 04:00:00.0;0,00
CURITIBA;410690203A;PR;Vista Alegre;-25,413;-49,301;2025-03-20 05:00:00.0;0,00
CURITIBA;410690203A;PR;Vista Alegre;-25,413;-49,301;2025-03-20 06:00:00.0;0,00
CURITIBA;410690203A;PR;Vista Alegre;-25,413;-49,301;2025-03-20 07:00:00.0;0,00
CURITIBA;410690203A;PR;Vista Alegre;-25,413;-49,301;2025-03-20 08:00:00.0;0,00
CURITIBA;410690203A;PR;Vista Alegre;-25,413;-49,301;2025-03-20 09:00:00.0;0,00
CURITIBA;410690203A;PR;Vista Alegre;-25,413;-49,301;2025-03-20 10:00:00.0;0,00
CURITIBA;410690203A;PR;Vista Alegre;-25,413;-49,301;2025-03-20 11:00:00.0;0,00
CURITIBA;410690203A;PR;Vista Alegre;-25,413;-49,301;2025-03-20 12:00:00.0;0,00
CURITIBA;410690203A;PR;Vista Alegre;-25,413;-49,301;2025-03-20 13:00:00.0;0,00
CURITIBA;410690203A;PR;Vista Alegre;-25,413;-49,301;2025-03-20 14:00:00.0;0,00
CURITIBA;410690203A;PR;Vista Alegre;-25,413;-49,301;2025-03-20 15:00:00.0;0,00
CURITIBA;410690203A;PR;Vista Alegre;-25,413;-49,301;2025-03-20 16:00:00.0;0,00
CURITIBA;410690203A;PR;Vista Alegre;-25,413;-49,301;2025-03-20 17:00:00.0;0,00
CURITIBA;410690203A;PR;Vista Alegre;-25,413;-49,301;2025-03-20 18:00:00.0;0,00
CURITIBA;410690203A;PR;Vista Alegre;-25,413;-49,301;2025-03-20 19:00:00.0;0,00
CURITIBA;410690203A;PR;Vista Alegre;-25,413;-49,301;2025-03-20 20:00:00.0;0,00
CURITIBA;410690203A;PR;Vista Alegre;-25,413;-49,301;2025-03-20 21:00:00.0;0,00
CURITIBA;410690203A;PR;Vista Alegre;-25,413;-49,301;2025-03-20 22:00:00.0;0,00
CURITIBA;410690203A;PR;Vista Alegre;-25,413;-49,301;2025-03-20 23:00:00.0;0,00
CURITIBA;410690203A;PR;Vista Alegre;-25,413;-49,301;2025-03-21 00:00:00.0;0,00
CURITIBA;410690203A;PR;Vista Alegre;-25,413;-49,301;2025-03-21 01:00:00.0;0,00
CURITIBA;410690203A;PR;Vista Alegre;-25,413;-49,301;2025-03-21 02:00:00.0;0,00
CURITIBA;410690203A;PR;Vista Alegre;-25,413;-49,301;2025-03-21 03:00:00.0;0,00
CURITIBA;410690203A;PR;Vista Alegre;-25,413;-49,301;2025-03-21 04:00:00.0;0,00
CURITIBA;410690203A;PR;Vista Alegre;-25,413;-49,301;2025-03-21 05:00:00.0;0,00
CURITIBA;410690203A;PR;Vista Alegre;-25,413;-49,301;2025-03-21 06:00:00.0;0,00
CURITIBA;410690203A;PR;Vista Alegre;-25,413;-49,301;2025-03-21 07:00:00.0;0,00
CURITIBA;410690203A;PR;Vista Alegre;-25,413;-49,301;2025-03-21 08:00:00.0;0,00
CURITIBA;410690203A;PR;Vista Alegre;-25,413;-49,301;2025-03-21 09:00:00.0;0,00
CURITIBA;410690203A;PR;Vista Alegre;-25,413;-49,301;2025-03-21 10:00:00.0;0,00
CURITIBA;410690203A;PR;Vista Alegre;-25,413;-49,301;2025-03-21 11:00:00.0;0,00
CURITIBA;410690203A;PR;Vista Alegre;-25,413;-49,301;2025-03-21 12:00:00.0;0,00
CURITIBA;410690203A;PR;Vista Alegre;-25,413;-49,301;2025-03-21 13:00:00.0;0,00
CURITIBA;410690203A;PR;Vista Alegre;-25,413;-49,301;2025-03-21 14:00:00.0;0,00
CURITIBA;410690203A;PR;Vista Alegre;-25,413;-49,301;2025-03-21 15:00:00.0;0,00
CURITIBA;410690203A;PR;Vista Alegre;-25,413;-49,301;2025-03-21 16:00:00.0;0,00
CURITIBA;410690203A;PR;Vista Alegre;-25,413;-49,301;2025-03-21 17:00:00.0;0,00
CURITIBA;410690203A;PR;Vista Alegre;-25,413;-49,301;2025-03-21 18:00:00.0;0,00
CURITIBA;410690203A;PR;Vista Alegre;-25,413;-49,301;2025-03-21 19:00:00.0;0,00
CURITIBA;410690203A;PR;Vista Alegre;-25,413;-49,301;2025-03-21 20:00:00.0;0,00
CURITIBA;410690203A;PR;Vista Alegre;-25,413;-49,301;2025-03-21 21:00:00.0;0,00
CURITIBA;410690203A;PR;Vista Alegre;-25,413;-49,301;2025-03-21 22:00:00.0;0,00
CURITIBA;410690203A;PR;Vista Alegre;-25,413;-49,301;2025-03-21 23:00:00.0;0,00
CURITIBA;410690203A;PR;Vista Alegre;-25,413;-49,301;2025-03-22 00:00:00.0;0,00
CURITIBA;410690203A;PR;Vista Alegre;-25,413;-49,301;2025-03-22 01:00:00.0;0,00
CURITIBA;410690203A;PR;Vista Alegre;-25,413;-49,301;2025-03-22 02:00:00.0;0,00
CURITIBA;410690203A;PR;Vista Alegre;-25,413;-49,301;2025-03-22 03:00:00.0;0,00
CURITIBA;410690203A;PR;Vista Alegre;-25,413;-49,301;2025-03-22 04:00:00.0;0,00
CURITIBA;410690203A;PR;Vista Alegre;-25,413;-49,301;2025-03-22 05:00:00.0;0,00
CURITIBA;410690203A;PR;Vista Alegre;-25,413;-49,301;2025-03-22 06:00:00.0;0,00
CURITIBA;410690203A;PR;Vista Alegre;-25,413;-49,301;2025-03-22 07:00:00.0;0,00
CURITIBA;410690203A;PR;Vista Alegre;-25,413;-49,301;2025-03-22 08:00:00.0;0,00
CURITIBA;410690203A;PR;Vista Alegre;-25,413;-49,301;2025-03-22 09:00:00.0;0,00
CURITIBA;410690203A;PR;Vista Alegre;-25,413;-49,301;2025-03-22 10:00:00.0;0,00
CURITIBA;410690203A;PR;Vista Alegre;-25,413;-49,301;2025-03-22 11:00:00.0;0,00
CURITIBA;410690203A;PR;Vista Alegre;-25,413;-49,301;2025-03-22 12:00:00.0;0,00
CURITIBA;410690203A;PR;Vista Alegre;-25,413;-49,301;2025-03-22 13:00:00.0;0,00
CURITIBA;410690203A;PR;Vista Alegre;-25,413;-49,301;2025-03-22 14:00:00.0;0,00
CURITIBA;410690203A;PR;Vista Alegre;-25,413;-49,301;2025-03-22 15:00:00.0;0,00
CURITIBA;410690203A;PR;Vista Alegre;-25,413;-49,301;2025-03-22 16:00:00.0;0,00
CURITIBA;410690203A;PR;Vista Alegre;-25,413;-49,301;2025-03-22 17:00:00.0;0,00
CURITIBA;410690203A;PR;Vista Alegre;-25,413;-49,301;2025-03-22 18:00:00.0;0,00
CURITIBA;410690203A;PR;Vista Alegre;-25,413;-49,301;2025-03-22 19:00:00.0;0,00
CURITIBA;410690203A;PR;Vista Alegre;-25,413;-49,301;2025-03-22 20:00:00.0;0,00
CURITIBA;410690203A;PR;Vista Alegre;-25,413;-49,301;2025-03-22 21:00:00.0;0,00
CURITIBA;410690203A;PR;Vista Alegre;-25,413;-49,301;2025-03-22 22:00:00.0;0,00
CURITIBA;410690203A;PR;Vista Alegre;-25,413;-49,301;2025-03-22 23:00:00.0;0,00
CURITIBA;410690203A;PR;Vista Alegre;-25,413;-49,301;2025-03-23 00:00:00.0;0,00
CURITIBA;410690203A;PR;Vista Alegre;-25,413;-49,301;2025-03-23 01:00:00.0;0,00
CURITIBA;410690203A;PR;Vista Alegre;-25,413;-49,301;2025-03-23 02:00:00.0;0,00
CURITIBA;410690203A;PR;Vista Alegre;-25,413;-49,301;2025-03-23 03:00:00.0;0,00
CURITIBA;410690203A;PR;Vista Alegre;-25,413;-49,301;2025-03-23 04:00:00.0;0,00
CURITIBA;410690203A;PR;Vista Alegre;-25,413;-49,301;2025-03-23 05:00:00.0;0,00
CURITIBA;410690203A;PR;Vista Alegre;-25,413;-49,301;2025-03-23 06:00:00.0;0,00
CURITIBA;410690203A;PR;Vista Alegre;-25,413;-49,301;2025-03-23 07:00:00.0;0,00
CURITIBA;410690203A;PR;Vista Alegre;-25,413;-49,301;2025-03-23 08:00:00.0;0,00
CURITIBA;410690203A;PR;Vista Alegre;-25,413;-49,301;2025-03-23 09:00:00.0;0,00
CURITIBA;410690203A;PR;Vista Alegre;-25,413;-49,301;2025-03-23 10:00:00.0;0,00
CURITIBA;410690203A;PR;Vista Alegre;-25,413;-49,301;2025-03-23 11:00:00.0;0,00
CURITIBA;410690203A;PR;Vista Alegre;-25,413;-49,301;2025-03-23 12:00:00.0;0,00
CURITIBA;410690203A;PR;Vista Alegre;-25,413;-49,301;2025-03-23 13:00:00.0;0,00
CURITIBA;410690203A;PR;Vista Alegre;-25,413;-49,301;2025-03-23 14:00:00.0;0,00
CURITIBA;410690203A;PR;Vista Alegre;-25,413;-49,301;2025-03-23 15:00:00.0;0,00
CURITIBA;410690203A;PR;Vista Alegre;-25,413;-49,301;2025-03-23 16:00:00.0;0,00
CURITIBA;410690203A;PR;Vista Alegre;-25,413;-49,301;2025-03-23 17:00:00.0;0,00
CURITIBA;410690203A;PR;Vista Alegre;-25,413;-49,301;2025-03-23 18:00:00.0;0,00
CURITIBA;410690203A;PR;Vista Alegre;-25,413;-49,301;2025-03-23 19:00:00.0;0,00
CURITIBA;410690203A;PR;Vista Alegre;-25,413;-49,301;2025-03-23 20:00:00.0;0,00
CURITIBA;410690203A;PR;Vista Alegre;-25,413;-49,301;2025-03-23 21:00:00.0;0,00
CURITIBA;410690203A;PR;Vista Alegre;-25,413;-49,301;2025-03-23 22:00:00.0;0,00
CURITIBA;410690203A;PR;Vista Alegre;-25,413;-49,301;2025-03-23 23:00:00.0;0,00
CURITIBA;410690203A;PR;Vista Alegre;-25,413;-49,301;2025-03-24 00:00:00.0;0,00
CURITIBA;410690203A;PR;Vista Alegre;-25,413;-49,301;2025-03-24 01:00:00.0;0,00
CURITIBA;410690203A;PR;Vista Alegre;-25,413;-49,301;2025-03-24 02:00:00.0;0,00
CURITIBA;410690203A;PR;Vista Alegre;-25,413;-49,301;2025-03-24 03:00:00.0;0,00
CURITIBA;410690203A;PR;Vista Alegre;-25,413;-49,301;2025-03-24 04:00:00.0;0,00
CURITIBA;410690203A;PR;Vista Alegre;-25,413;-49,301;2025-03-24 05:00:00.0;0,00
CURITIBA;410690203A;PR;Vista Alegre;-25,413;-49,301;2025-03-24 06:00:00.0;0,00
CURITIBA;410690203A;PR;Vista Alegre;-25,413;-49,301;2025-03-24 07:00:00.0;0,00
CURITIBA;410690203A;PR;Vista Alegre;-25,413;-49,301;2025-03-24 08:00:00.0;0,00
CURITIBA;410690203A;PR;Vista Alegre;-25,413;-49,301;2025-03-24 09:00:00.0;0,00
CURITIBA;410690203A;PR;Vista Alegre;-25,413;-49,301;2025-03-24 10:00:00.0;0,00
CURITIBA;410690203A;PR;Vista Alegre;-25,413;-49,301;2025-03-24 11:00:00.0;0,00
CURITIBA;410690203A;PR;Vista Alegre;-25,413;-49,301;2025-03-24 12:00:00.0;0,00
CURITIBA;410690203A;PR;Vista Alegre;-25,413;-49,301;2025-03-24 13:00:00.0;0,00
CURITIBA;410690203A;PR;Vista Alegre;-25,413;-49,301;2025-03-24 14:00:00.0;0,00
CURITIBA;410690203A;PR;Vista Alegre;-25,413;-49,301;2025-03-24 15:00:00.0;0,00
CURITIBA;410690203A;PR;Vista Alegre;-25,413;-49,301;2025-03-24 16:00:00.0;0,00
CURITIBA;410690203A;PR;Vista Alegre;-25,413;-49,301;2025-03-24 17:00:00.0;0,00
CURITIBA;410690203A;PR;Vista Alegre;-25,413;-49,301;2025-03-24 18:00:00.0;0,00
CURITIBA;410690203A;PR;Vista Alegre;-25,413;-49,301;2025-03-24 19:00:00.0;0,00
CURITIBA;410690203A;PR;Vista Alegre;-25,413;-49,301;2025-03-24 20:00:00.0;0,00
CURITIBA;410690203A;PR;Vista Alegre;-25,413;-49,301;2025-03-24 21:00:00.0;0,00
CURITIBA;410690203A;PR;Vista Alegre;-25,413;-49,301;2025-03-24 22:00:00.0;0,00
CURITIBA;410690203A;PR;Vista Alegre;-25,413;-49,301;2025-03-24 23:00:00.0;0,00
CURITIBA;410690203A;PR;Vista Alegre;-25,413;-49,301;2025-03-25 00:00:00.0;0,00
CURITIBA;410690203A;PR;Vista Alegre;-25,413;-49,301;2025-03-25 01:00:00.0;0,00
CURITIBA;410690203A;PR;Vista Alegre;-25,413;-49,301;2025-03-25 02:00:00.0;0,00
CURITIBA;410690203A;PR;Vista Alegre;-25,413;-49,301;2025-03-25 03:00:00.0;0,00
CURITIBA;410690203A;PR;Vista Alegre;-25,413;-49,301;2025-03-25 04:00:00.0;0,00
CURITIBA;410690203A;PR;Vista Alegre;-25,413;-49,301;2025-03-25 05:00:00.0;0,00
CURITIBA;410690203A;PR;Vista Alegre;-25,413;-49,301;2025-03-25 06:00:00.0;0,00
CURITIBA;410690203A;PR;Vista Alegre;-25,413;-49,301;2025-03-25 07:00:00.0;0,00
CURITIBA;410690203A;PR;Vista Alegre;-25,413;-49,301;2025-03-25 08:00:00.0;0,00
CURITIBA;410690203A;PR;Vista Alegre;-25,413;-49,301;2025-03-25 08:20:00.0;0,20
CURITIBA;410690203A;PR;Vista Alegre;-25,413;-49,301;2025-03-25 09:00:00.0;0,00
CURITIBA;410690203A;PR;Vista Alegre;-25,413;-49,301;2025-03-25 10:00:00.0;0,00
CURITIBA;410690203A;PR;Vista Alegre;-25,413;-49,301;2025-03-25 11:00:00.0;0,00
CURITIBA;410690203A;PR;Vista Alegre;-25,413;-49,301;2025-03-25 12:00:00.0;0,00
CURITIBA;410690203A;PR;Vista Alegre;-25,413;-49,301;2025-03-25 13:00:00.0;0,00
CURITIBA;410690203A;PR;Vista Alegre;-25,413;-49,301;2025-03-25 13:10:00.0;0,20
CURITIBA;410690203A;PR;Vista Alegre;-25,413;-49,301;2025-03-25 14:00:00.0;0,00
CURITIBA;410690203A;PR;Vista Alegre;-25,413;-49,301;2025-03-25 16:00:00.0;0,00
CURITIBA;410690203A;PR;Vista Alegre;-25,413;-49,301;2025-03-25 17:00:00.0;0,00
CURITIBA;410690203A;PR;Vista Alegre;-25,413;-49,301;2025-03-25 18:00:00.0;0,00
CURITIBA;410690203A;PR;Vista Alegre;-25,413;-49,301;2025-03-25 19:00:00.0;0,00
CURITIBA;410690203A;PR;Vista Alegre;-25,413;-49,301;2025-03-25 20:00:00.0;0,00
CURITIBA;410690203A;PR;Vista Alegre;-25,413;-49,301;2025-03-25 21:00:00.0;0,00
CURITIBA;410690203A;PR;Vista Alegre;-25,413;-49,301;2025-03-25 22:00:00.0;0,00
CURITIBA;410690203A;PR;Vista Alegre;-25,413;-49,301;2025-03-25 23:00:00.0;0,00
CURITIBA;410690203A;PR;Vista Alegre;-25,413;-49,301;2025-03-26 00:00:00.0;0,00
CURITIBA;410690203A;PR;Vista Alegre;-25,413;-49,301;2025-03-26 01:00:00.0;0,00
CURITIBA;410690203A;PR;Vista Alegre;-25,413;-49,301;2025-03-26 02:00:00.0;0,00
CURITIBA;410690203A;PR;Vista Alegre;-25,413;-49,301;2025-03-26 02:50:00.0;0,40
CURITIBA;410690203A;PR;Vista Alegre;-25,413;-49,301;2025-03-26 03:00:00.0;0,60
CURITIBA;410690203A;PR;Vista Alegre;-25,413;-49,301;2025-03-26 03:10:00.0;0,80
CURITIBA;410690203A;PR;Vista Alegre;-25,413;-49,301;2025-03-26 03:20:00.0;0,60
CURITIBA;410690203A;PR;Vista Alegre;-25,413;-49,301;2025-03-26 03:30:00.0;0,40
CURITIBA;410690203A;PR;Vista Alegre;-25,413;-49,301;2025-03-26 03:40:00.0;0,80
CURITIBA;410690203A;PR;Vista Alegre;-25,413;-49,301;2025-03-26 03:50:00.0;0,40
CURITIBA;410690203A;PR;Vista Alegre;-25,413;-49,301;2025-03-26 04:00:00.0;0,80
CURITIBA;410690203A;PR;Vista Alegre;-25,413;-49,301;2025-03-26 04:10:00.0;1,00
CURITIBA;410690203A;PR;Vista Alegre;-25,413;-49,301;2025-03-26 04:20:00.0;0,80
CURITIBA;410690203A;PR;Vista Alegre;-25,413;-49,301;2025-03-26 04:30:00.0;0,80
CURITIBA;410690203A;PR;Vista Alegre;-25,413;-49,301;2025-03-26 04:40:00.0;1,00
CURITIBA;410690203A;PR;Vista Alegre;-25,413;-49,301;2025-03-26 04:50:00.0;0,80
CURITIBA;410690203A;PR;Vista Alegre;-25,413;-49,301;2025-03-26 05:00:00.0;0,20
CURITIBA;410690203A;PR;Vista Alegre;-25,413;-49,301;2025-03-26 05:10:00.0;0,20
CURITIBA;410690203A;PR;Vista Alegre;-25,413;-49,301;2025-03-26 06:00:00.0;0,00
CURITIBA;410690203A;PR;Vista Alegre;-25,413;-49,301;2025-03-26 06:30:00.0;0,20
CURITIBA;410690203A;PR;Vista Alegre;-25,413;-49,301;2025-03-26 06:40:00.0;0,20
CURITIBA;410690203A;PR;Vista Alegre;-25,413;-49,301;2025-03-26 07:00:00.0;0,20
CURITIBA;410690203A;PR;Vista Alegre;-25,413;-49,301;2025-03-26 08:00:00.0;0,00
CURITIBA;410690203A;PR;Vista Alegre;-25,413;-49,301;2025-03-26 09:00:00.0;0,00
CURITIBA;410690203A;PR;Vista Alegre;-25,413;-49,301;2025-03-26 10:00:00.0;0,00
CURITIBA;410690203A;PR;Vista Alegre;-25,413;-49,301;2025-03-26 11:00:00.0;0,00
CURITIBA;410690203A;PR;Vista Alegre;-25,413;-49,301;2025-03-26 12:00:00.0;0,00
CURITIBA;410690203A;PR;Vista Alegre;-25,413;-49,301;2025-03-26 13:00:00.0;0,00
CURITIBA;410690203A;PR;Vista Alegre;-25,413;-49,301;2025-03-26 14:00:00.0;0,00
CURITIBA;410690203A;PR;Vista Alegre;-25,413;-49,301;2025-03-26 15:00:00.0;0,00
CURITIBA;410690203A;PR;Vista Alegre;-25,413;-49,301;2025-03-26 16:00:00.0;0,00
CURITIBA;410690203A;PR;Vista Alegre;-25,413;-49,301;2025-03-26 17:00:00.0;0,00
CURITIBA;410690203A;PR;Vista Alegre;-25,413;-49,301;2025-03-26 17:40:00.0;0,20
CURITIBA;410690203A;PR;Vista Alegre;-25,413;-49,301;2025-03-26 18:00:00.0;0,00
CURITIBA;410690203A;PR;Vista Alegre;-25,413;-49,301;2025-03-26 19:00:00.0;0,00
CURITIBA;410690203A;PR;Vista Alegre;-25,413;-49,301;2025-03-26 20:00:00.0;0,00
CURITIBA;410690203A;PR;Vista Alegre;-25,413;-49,301;2025-03-26 21:00:00.0;0,00
CURITIBA;410690203A;PR;Vista Alegre;-25,413;-49,301;2025-03-26 22:00:00.0;0,00
CURITIBA;410690203A;PR;Vista Alegre;-25,413;-49,301;2025-03-26 23:00:00.0;0,00
CURITIBA;410690203A;PR;Vista Alegre;-25,413;-49,301;2025-03-27 00:00:00.0;0,00
CURITIBA;410690203A;PR;Vista Alegre;-25,413;-49,301;2025-03-27 01:00:00.0;0,00
CURITIBA;410690203A;PR;Vista Alegre;-25,413;-49,301;2025-03-27 02:00:00.0;0,00
CURITIBA;410690203A;PR;Vista Alegre;-25,413;-49,301;2025-03-27 03:00:00.0;0,00
CURITIBA;410690203A;PR;Vista Alegre;-25,413;-49,301;2025-03-27 04:00:00.0;0,00
CURITIBA;410690203A;PR;Vista Alegre;-25,413;-49,301;2025-03-27 05:00:00.0;0,00
CURITIBA;410690203A;PR;Vista Alegre;-25,413;-49,301;2025-03-27 06:00:00.0;0,00
CURITIBA;410690203A;PR;Vista Alegre;-25,413;-49,301;2025-03-27 07:00:00.0;0,00
CURITIBA;410690203A;PR;Vista Alegre;-25,413;-49,301;2025-03-27 08:00:00.0;0,00
CURITIBA;410690203A;PR;Vista Alegre;-25,413;-49,301;2025-03-27 09:00:00.0;0,00
CURITIBA;410690203A;PR;Vista Alegre;-25,413;-49,301;2025-03-27 10:00:00.0;0,00
CURITIBA;410690203A;PR;Vista Alegre;-25,413;-49,301;2025-03-27 11:00:00.0;0,00
CURITIBA;410690203A;PR;Vista Alegre;-25,413;-49,301;2025-03-27 12:00:00.0;0,00
CURITIBA;410690203A;PR;Vista Alegre;-25,413;-49,301;2025-03-27 13:00:00.0;0,00
CURITIBA;410690203A;PR;Vista Alegre;-25,413;-49,301;2025-03-27 13:30:00.0;0,20
CURITIBA;410690203A;PR;Vista Alegre;-25,413;-49,301;2025-03-27 14:00:00.0;0,00
CURITIBA;410690203A;PR;Vista Alegre;-25,413;-49,301;2025-03-27 15:00:00.0;0,00
CURITIBA;410690203A;PR;Vista Alegre;-25,413;-49,301;2025-03-27 16:00:00.0;0,00
CURITIBA;410690203A;PR;Vista Alegre;-25,413;-49,301;2025-03-27 17:00:00.0;0,00
CURITIBA;410690203A;PR;Vista Alegre;-25,413;-49,301;2025-03-27 18:00:00.0;0,00
CURITIBA;410690203A;PR;Vista Alegre;-25,413;-49,301;2025-03-27 19:00:00.0;0,00
CURITIBA;410690203A;PR;Vista Alegre;-25,413;-49,301;2025-03-27 20:00:00.0;0,00
CURITIBA;410690203A;PR;Vista Alegre;-25,413;-49,301;2025-03-27 21:00:00.0;0,00
CURITIBA;410690203A;PR;Vista Alegre;-25,413;-49,301;2025-03-27 22:00:00.0;0,00
CURITIBA;410690203A;PR;Vista Alegre;-25,413;-49,301;2025-03-27 23:00:00.0;0,00
CURITIBA;410690203A;PR;Vista Alegre;-25,413;-49,301;2025-03-28 00:00:00.0;0,00
CURITIBA;410690203A;PR;Vista Alegre;-25,413;-49,301;2025-03-28 01:00:00.0;0,00
CURITIBA;410690203A;PR;Vista Alegre;-25,413;-49,301;2025-03-28 02:00:00.0;0,00
CURITIBA;410690203A;PR;Vista Alegre;-25,413;-49,301;2025-03-28 03:00:00.0;0,00
CURITIBA;410690203A;PR;Vista Alegre;-25,413;-49,301;2025-03-28 04:00:00.0;0,00
CURITIBA;410690203A;PR;Vista Alegre;-25,413;-49,301;2025-03-28 05:00:00.0;0,00
CURITIBA;410690203A;PR;Vista Alegre;-25,413;-49,301;2025-03-28 06:00:00.0;0,00
CURITIBA;410690203A;PR;Vista Alegre;-25,413;-49,301;2025-03-28 07:00:00.0;0,00
CURITIBA;410690203A;PR;Vista Alegre;-25,413;-49,301;2025-03-28 08:00:00.0;0,00
CURITIBA;410690203A;PR;Vista Alegre;-25,413;-49,301;2025-03-28 09:00:00.0;0,00
CURITIBA;410690203A;PR;Vista Alegre;-25,413;-49,301;2025-03-28 10:00:00.0;0,00
CURITIBA;410690203A;PR;Vista Alegre;-25,413;-49,301;2025-03-28 11:00:00.0;0,00
CURITIBA;410690203A;PR;Vista Alegre;-25,413;-49,301;2025-03-28 12:00:00.0;0,00
CURITIBA;410690203A;PR;Vista Alegre;-25,413;-49,301;2025-03-28 13:00:00.0;0,00
CURITIBA;410690203A;PR;Vista Alegre;-25,413;-49,301;2025-03-28 14:00:00.0;0,00
CURITIBA;410690203A;PR;Vista Alegre;-25,413;-49,301;2025-03-28 15:00:00.0;0,00
CURITIBA;410690203A;PR;Vista Alegre;-25,413;-49,301;2025-03-28 16:00:00.0;0,00
CURITIBA;410690203A;PR;Vista Alegre;-25,413;-49,301;2025-03-28 17:00:00.0;0,00
CURITIBA;410690203A;PR;Vista Alegre;-25,413;-49,301;2025-03-28 18:00:00.0;0,00
CURITIBA;410690203A;PR;Vista Alegre;-25,413;-49,301;2025-03-28 19:00:00.0;0,00
CURITIBA;410690203A;PR;Vista Alegre;-25,413;-49,301;2025-03-28 20:00:00.0;0,00
CURITIBA;410690203A;PR;Vista Alegre;-25,413;-49,301;2025-03-28 21:00:00.0;0,00
CURITIBA;410690203A;PR;Vista Alegre;-25,413;-49,301;2025-03-28 22:00:00.0;0,00
CURITIBA;410690203A;PR;Vista Alegre;-25,413;-49,301;2025-03-28 23:00:00.0;0,00
CURITIBA;410690203A;PR;Vista Alegre;-25,413;-49,301;2025-03-29 00:00:00.0;0,00
CURITIBA;410690203A;PR;Vista Alegre;-25,413;-49,301;2025-03-29 01:00:00.0;0,00
CURITIBA;410690203A;PR;Vista Alegre;-25,413;-49,301;2025-03-29 02:00:00.0;0,00
CURITIBA;410690203A;PR;Vista Alegre;-25,413;-49,301;2025-03-29 03:00:00.0;0,00
CURITIBA;410690203A;PR;Vista Alegre;-25,413;-49,301;2025-03-29 04:00:00.0;0,00
CURITIBA;410690203A;PR;Vista Alegre;-25,413;-49,301;2025-03-29 05:00:00.0;0,00
CURITIBA;410690203A;PR;Vista Alegre;-25,413;-49,301;2025-03-29 06:00:00.0;0,00
CURITIBA;410690203A;PR;Vista Alegre;-25,413;-49,301;2025-03-29 07:00:00.0;0,00
CURITIBA;410690203A;PR;Vista Alegre;-25,413;-49,301;2025-03-29 08:00:00.0;0,00
CURITIBA;410690203A;PR;Vista Alegre;-25,413;-49,301;2025-03-29 09:00:00.0;0,00
CURITIBA;410690203A;PR;Vista Alegre;-25,413;-49,301;2025-03-29 10:00:00.0;0,00
CURITIBA;410690203A;PR;Vista Alegre;-25,413;-49,301;2025-03-29 11:00:00.0;0,00
CURITIBA;410690203A;PR;Vista Alegre;-25,413;-49,301;2025-03-29 12:00:00.0;0,00
CURITIBA;410690203A;PR;Vista Alegre;-25,413;-49,301;2025-03-29 13:00:00.0;0,00
CURITIBA;410690203A;PR;Vista Alegre;-25,413;-49,301;2025-03-29 14:00:00.0;0,00
CURITIBA;410690203A;PR;Vista Alegre;-25,413;-49,301;2025-03-29 15:00:00.0;0,00
CURITIBA;410690203A;PR;Vista Alegre;-25,413;-49,301;2025-03-29 17:00:00.0;0,00
CURITIBA;410690203A;PR;Vista Alegre;-25,413;-49,301;2025-03-29 18:00:00.0;0,00
CURITIBA;410690203A;PR;Vista Alegre;-25,413;-49,301;2025-03-29 19:00:00.0;0,00
CURITIBA;410690203A;PR;Vista Alegre;-25,413;-49,301;2025-03-29 19:30:00.0;0,80
CURITIBA;410690203A;PR;Vista Alegre;-25,413;-49,301;2025-03-29 19:40:00.0;22,60
CURITIBA;410690203A;PR;Vista Alegre;-25,413;-49,301;2025-03-29 19:50:00.0;8,20
CURITIBA;410690203A;PR;Vista Alegre;-25,413;-49,301;2025-03-29 20:00:00.0;1,40
CURITIBA;410690203A;PR;Vista Alegre;-25,413;-49,301;2025-03-29 20:10:00.0;0,80
CURITIBA;410690203A;PR;Vista Alegre;-25,413;-49,301;2025-03-29 20:20:00.0;1,00
CURITIBA;410690203A;PR;Vista Alegre;-25,413;-49,301;2025-03-29 20:30:00.0;0,20
CURITIBA;410690203A;PR;Vista Alegre;-25,413;-49,301;2025-03-29 21:00:00.0;0,00
CURITIBA;410690203A;PR;Vista Alegre;-25,413;-49,301;2025-03-29 22:00:00.0;0,00
CURITIBA;410690203A;PR;Vista Alegre;-25,413;-49,301;2025-03-29 23:00:00.0;0,00
CURITIBA;410690203A;PR;Vista Alegre;-25,413;-49,301;2025-03-30 00:00:00.0;0,00
CURITIBA;410690203A;PR;Vista Alegre;-25,413;-49,301;2025-03-30 01:00:00.0;0,00
CURITIBA;410690203A;PR;Vista Alegre;-25,413;-49,301;2025-03-30 02:00:00.0;0,00
CURITIBA;410690203A;PR;Vista Alegre;-25,413;-49,301;2025-03-30 03:00:00.0;0,00
CURITIBA;410690203A;PR;Vista Alegre;-25,413;-49,301;2025-03-30 04:00:00.0;0,00
CURITIBA;410690203A;PR;Vista Alegre;-25,413;-49,301;2025-03-30 05:00:00.0;0,00
CURITIBA;410690203A;PR;Vista Alegre;-25,413;-49,301;2025-03-30 06:00:00.0;0,00
CURITIBA;410690203A;PR;Vista Alegre;-25,413;-49,301;2025-03-30 07:00:00.0;0,00
CURITIBA;410690203A;PR;Vista Alegre;-25,413;-49,301;2025-03-30 08:00:00.0;0,00
CURITIBA;410690203A;PR;Vista Alegre;-25,413;-49,301;2025-03-30 09:00:00.0;0,00
CURITIBA;410690203A;PR;Vista Alegre;-25,413;-49,301;2025-03-30 10:00:00.0;0,00
CURITIBA;410690203A;PR;Vista Alegre;-25,413;-49,301;2025-03-30 11:00:00.0;0,00
CURITIBA;410690203A;PR;Vista Alegre;-25,413;-49,301;2025-03-30 12:00:00.0;0,00
CURITIBA;410690203A;PR;Vista Alegre;-25,413;-49,301;2025-03-30 13:00:00.0;0,00
CURITIBA;410690203A;PR;Vista Alegre;-25,413;-49,301;2025-03-30 14:00:00.0;0,00
CURITIBA;410690203A;PR;Vista Alegre;-25,413;-49,301;2025-03-30 15:00:00.0;0,00
CURITIBA;410690203A;PR;Vista Alegre;-25,413;-49,301;2025-03-30 16:00:00.0;0,00
CURITIBA;410690203A;PR;Vista Alegre;-25,413;-49,301;2025-03-30 17:00:00.0;0,00
CURITIBA;410690203A;PR;Vista Alegre;-25,413;-49,301;2025-03-30 18:00:00.0;0,00
CURITIBA;410690203A;PR;Vista Alegre;-25,413;-49,301;2025-03-30 19:00:00.0;0,00
CURITIBA;410690203A;PR;Vista Alegre;-25,413;-49,301;2025-03-30 20:00:00.0;0,00
CURITIBA;410690203A;PR;Vista Alegre;-25,413;-49,301;2025-03-30 21:00:00.0;0,00
CURITIBA;410690203A;PR;Vista Alegre;-25,413;-49,301;2025-03-30 22:00:00.0;0,00
CURITIBA;410690203A;PR;Vista Alegre;-25,413;-49,301;2025-03-30 23:00:00.0;0,00
CURITIBA;410690203A;PR;Vista Alegre;-25,413;-49,301;2025-03-31 00:00:00.0;0,00
CURITIBA;410690203A;PR;Vista Alegre;-25,413;-49,301;2025-03-31 01:00:00.0;0,00
CURITIBA;410690203A;PR;Vista Alegre;-25,413;-49,301;2025-03-31 02:00:00.0;0,00
CURITIBA;410690203A;PR;Vista Alegre;-25,413;-49,301;2025-03-31 03:00:00.0;0,00
CURITIBA;410690203A;PR;Vista Alegre;-25,413;-49,301;2025-03-31 04:00:00.0;0,00
CURITIBA;410690203A;PR;Vista Alegre;-25,413;-49,301;2025-03-31 05:00:00.0;0,00
CURITIBA;410690203A;PR;Vista Alegre;-25,413;-49,301;2025-03-31 06:00:00.0;0,00
CURITIBA;410690203A;PR;Vista Alegre;-25,413;-49,301;2025-03-31 07:00:00.0;0,00
CURITIBA;410690203A;PR;Vista Alegre;-25,413;-49,301;2025-03-31 08:00:00.0;0,00
CURITIBA;410690203A;PR;Vista Alegre;-25,413;-49,301;2025-03-31 09:00:00.0;0,00
CURITIBA;410690203A;PR;Vista Alegre;-25,413;-49,301;2025-03-31 10:00:00.0;0,00
CURITIBA;410690203A;PR;Vista Alegre;-25,413;-49,301;2025-03-31 11:00:00.0;0,00
CURITIBA;410690203A;PR;Vista Alegre;-25,413;-49,301;2025-03-31 12:00:00.0;0,00
CURITIBA;410690203A;PR;Vista Alegre;-25,413;-49,301;2025-03-31 13:00:00.0;0,00
CURITIBA;410690203A;PR;Vista Alegre;-25,413;-49,301;2025-03-31 14:00:00.0;0,00
CURITIBA;410690203A;PR;Vista Alegre;-25,413;-49,301;2025-03-31 15:00:00.0;0,00
CURITIBA;410690203A;PR;Vista Alegre;-25,413;-49,301;2025-03-31 16:00:00.0;0,00
CURITIBA;410690203A;PR;Vista Alegre;-25,413;-49,301;2025-03-31 17:00:00.0;0,00
CURITIBA;410690203A;PR;Vista Alegre;-25,413;-49,301;2025-03-31 18:00:00.0;0,00
CURITIBA;410690203A;PR;Vista Alegre;-25,413;-49,301;2025-03-31 19:00:00.0;0,00
CURITIBA;410690203A;PR;Vista Alegre;-25,413;-49,301;2025-03-31 20:00:00.0;0,00
CURITIBA;410690203A;PR;Vista Alegre;-25,413;-49,301;2025-03-31 21:00:00.0;0,00
CURITIBA;410690203A;PR;Vista Alegre;-25,413;-49,301;2025-03-31 22:00:00.0;0,00
CURITIBA;410690203A;PR;Vista Alegre;-25,413;-49,301;2025-03-31 23:00:00.0;0,00
CURITIBA;410690204A;PR;Pilarzinho;-25,38;-49,295;2025-03-01 00:00:00.0;0,00
CURITIBA;410690204A;PR;Pilarzinho;-25,38;-49,295;2025-03-01 00:10:00.0;0,00
CURITIBA;410690204A;PR;Pilarzinho;-25,38;-49,295;2025-03-01 01:00:00.0;0,00
CURITIBA;410690204A;PR;Pilarzinho;-25,38;-49,295;2025-03-01 02:00:00.0;0,00
CURITIBA;410690204A;PR;Pilarzinho;-25,38;-49,295;2025-03-01 03:00:00.0;0,00
CURITIBA;410690204A;PR;Pilarzinho;-25,38;-49,295;2025-03-01 04:00:00.0;0,00
CURITIBA;410690204A;PR;Pilarzinho;-25,38;-49,295;2025-03-01 05:00:00.0;0,00
CURITIBA;410690204A;PR;Pilarzinho;-25,38;-49,295;2025-03-01 06:00:00.0;0,00
CURITIBA;410690204A;PR;Pilarzinho;-25,38;-49,295;2025-03-01 07:00:00.0;0,00
CURITIBA;410690204A;PR;Pilarzinho;-25,38;-49,295;2025-03-01 08:00:00.0;0,00
CURITIBA;410690204A;PR;Pilarzinho;-25,38;-49,295;2025-03-01 09:00:00.0;0,00
CURITIBA;410690204A;PR;Pilarzinho;-25,38;-49,295;2025-03-01 10:00:00.0;0,00
CURITIBA;410690204A;PR;Pilarzinho;-25,38;-49,295;2025-03-01 11:00:00.0;0,00
CURITIBA;410690204A;PR;Pilarzinho;-25,38;-49,295;2025-03-01 12:00:00.0;0,00
CURITIBA;410690204A;PR;Pilarzinho;-25,38;-49,295;2025-03-01 13:00:00.0;0,00
CURITIBA;410690204A;PR;Pilarzinho;-25,38;-49,295;2025-03-01 14:00:00.0;0,00
CURITIBA;410690204A;PR;Pilarzinho;-25,38;-49,295;2025-03-01 15:00:00.0;0,00
CURITIBA;410690204A;PR;Pilarzinho;-25,38;-49,295;2025-03-01 16:00:00.0;0,00
CURITIBA;410690204A;PR;Pilarzinho;-25,38;-49,295;2025-03-01 17:00:00.0;0,00
CURITIBA;410690204A;PR;Pilarzinho;-25,38;-49,295;2025-03-01 18:00:00.0;0,00
CURITIBA;410690204A;PR;Pilarzinho;-25,38;-49,295;2025-03-01 19:00:00.0;0,00
CURITIBA;410690204A;PR;Pilarzinho;-25,38;-49,295;2025-03-01 20:00:00.0;0,00
CURITIBA;410690204A;PR;Pilarzinho;-25,38;-49,295;2025-03-01 21:00:00.0;0,00
CURITIBA;410690204A;PR;Pilarzinho;-25,38;-49,295;2025-03-01 22:00:00.0;0,00
CURITIBA;410690204A;PR;Pilarzinho;-25,38;-49,295;2025-03-01 23:00:00.0;0,00
CURITIBA;410690204A;PR;Pilarzinho;-25,38;-49,295;2025-03-02 00:00:00.0;0,00
CURITIBA;410690204A;PR;Pilarzinho;-25,38;-49,295;2025-03-02 01:00:00.0;0,00
CURITIBA;410690204A;PR;Pilarzinho;-25,38;-49,295;2025-03-02 02:00:00.0;0,00
CURITIBA;410690204A;PR;Pilarzinho;-25,38;-49,295;2025-03-02 03:00:00.0;0,00
CURITIBA;410690204A;PR;Pilarzinho;-25,38;-49,295;2025-03-02 04:00:00.0;0,00
CURITIBA;410690204A;PR;Pilarzinho;-25,38;-49,295;2025-03-02 05:00:00.0;0,00
CURITIBA;410690204A;PR;Pilarzinho;-25,38;-49,295;2025-03-02 06:00:00.0;0,00
CURITIBA;410690204A;PR;Pilarzinho;-25,38;-49,295;2025-03-02 07:00:00.0;0,00
CURITIBA;410690204A;PR;Pilarzinho;-25,38;-49,295;2025-03-02 08:00:00.0;0,00
CURITIBA;410690204A;PR;Pilarzinho;-25,38;-49,295;2025-03-02 09:00:00.0;0,00
CURITIBA;410690204A;PR;Pilarzinho;-25,38;-49,295;2025-03-02 10:00:00.0;0,00
CURITIBA;410690204A;PR;Pilarzinho;-25,38;-49,295;2025-03-02 11:00:00.0;0,00
CURITIBA;410690204A;PR;Pilarzinho;-25,38;-49,295;2025-03-02 12:00:00.0;0,00
CURITIBA;410690204A;PR;Pilarzinho;-25,38;-49,295;2025-03-02 13:00:00.0;0,00
CURITIBA;410690204A;PR;Pilarzinho;-25,38;-49,295;2025-03-02 14:00:00.0;0,00
CURITIBA;410690204A;PR;Pilarzinho;-25,38;-49,295;2025-03-02 15:00:00.0;0,00
CURITIBA;410690204A;PR;Pilarzinho;-25,38;-49,295;2025-03-02 16:00:00.0;0,00
CURITIBA;410690204A;PR;Pilarzinho;-25,38;-49,295;2025-03-02 17:00:00.0;0,00
CURITIBA;410690204A;PR;Pilarzinho;-25,38;-49,295;2025-03-02 18:00:00.0;0,00
CURITIBA;410690204A;PR;Pilarzinho;-25,38;-49,295;2025-03-02 19:00:00.0;0,00
CURITIBA;410690204A;PR;Pilarzinho;-25,38;-49,295;2025-03-02 20:00:00.0;0,00
CURITIBA;410690204A;PR;Pilarzinho;-25,38;-49,295;2025-03-02 21:00:00.0;0,00
CURITIBA;410690204A;PR;Pilarzinho;-25,38;-49,295;2025-03-02 22:00:00.0;0,00
CURITIBA;410690204A;PR;Pilarzinho;-25,38;-49,295;2025-03-02 23:00:00.0;0,00
CURITIBA;410690204A;PR;Pilarzinho;-25,38;-49,295;2025-03-03 00:00:00.0;0,00
CURITIBA;410690204A;PR;Pilarzinho;-25,38;-49,295;2025-03-03 01:00:00.0;0,00
CURITIBA;410690204A;PR;Pilarzinho;-25,38;-49,295;2025-03-03 02:00:00.0;0,00
CURITIBA;410690204A;PR;Pilarzinho;-25,38;-49,295;2025-03-03 03:00:00.0;0,00
CURITIBA;410690204A;PR;Pilarzinho;-25,38;-49,295;2025-03-03 04:00:00.0;0,00
CURITIBA;410690204A;PR;Pilarzinho;-25,38;-49,295;2025-03-03 05:00:00.0;0,00
CURITIBA;410690204A;PR;Pilarzinho;-25,38;-49,295;2025-03-03 06:00:00.0;0,00
CURITIBA;410690204A;PR;Pilarzinho;-25,38;-49,295;2025-03-03 07:00:00.0;0,00
CURITIBA;410690204A;PR;Pilarzinho;-25,38;-49,295;2025-03-03 08:00:00.0;0,00
CURITIBA;410690204A;PR;Pilarzinho;-25,38;-49,295;2025-03-03 09:00:00.0;0,00
CURITIBA;410690204A;PR;Pilarzinho;-25,38;-49,295;2025-03-03 10:00:00.0;0,00
CURITIBA;410690204A;PR;Pilarzinho;-25,38;-49,295;2025-03-03 11:00:00.0;0,00
CURITIBA;410690204A;PR;Pilarzinho;-25,38;-49,295;2025-03-03 12:00:00.0;0,00
CURITIBA;410690204A;PR;Pilarzinho;-25,38;-49,295;2025-03-03 13:00:00.0;0,00
CURITIBA;410690204A;PR;Pilarzinho;-25,38;-49,295;2025-03-03 14:00:00.0;0,00
CURITIBA;410690204A;PR;Pilarzinho;-25,38;-49,295;2025-03-03 15:00:00.0;0,00
CURITIBA;410690204A;PR;Pilarzinho;-25,38;-49,295;2025-03-03 16:00:00.0;0,00
CURITIBA;410690204A;PR;Pilarzinho;-25,38;-49,295;2025-03-03 17:00:00.0;0,00
CURITIBA;410690204A;PR;Pilarzinho;-25,38;-49,295;2025-03-03 18:00:00.0;0,00
CURITIBA;410690204A;PR;Pilarzinho;-25,38;-49,295;2025-03-03 19:00:00.0;0,00
CURITIBA;410690204A;PR;Pilarzinho;-25,38;-49,295;2025-03-03 20:00:00.0;0,00
CURITIBA;410690204A;PR;Pilarzinho;-25,38;-49,295;2025-03-03 21:00:00.0;0,00
CURITIBA;410690204A;PR;Pilarzinho;-25,38;-49,295;2025-03-03 22:00:00.0;0,00
CURITIBA;410690204A;PR;Pilarzinho;-25,38;-49,295;2025-03-03 23:00:00.0;0,00
CURITIBA;410690204A;PR;Pilarzinho;-25,38;-49,295;2025-03-04 00:00:00.0;0,00
CURITIBA;410690204A;PR;Pilarzinho;-25,38;-49,295;2025-03-04 01:00:00.0;0,00
CURITIBA;410690204A;PR;Pilarzinho;-25,38;-49,295;2025-03-04 02:00:00.0;0,00
CURITIBA;410690204A;PR;Pilarzinho;-25,38;-49,295;2025-03-04 03:00:00.0;0,00
CURITIBA;410690204A;PR;Pilarzinho;-25,38;-49,295;2025-03-04 04:00:00.0;0,00
CURITIBA;410690204A;PR;Pilarzinho;-25,38;-49,295;2025-03-04 05:00:00.0;0,00
CURITIBA;410690204A;PR;Pilarzinho;-25,38;-49,295;2025-03-04 06:00:00.0;0,00
CURITIBA;410690204A;PR;Pilarzinho;-25,38;-49,295;2025-03-04 07:00:00.0;0,00
CURITIBA;410690204A;PR;Pilarzinho;-25,38;-49,295;2025-03-04 08:00:00.0;0,00
CURITIBA;410690204A;PR;Pilarzinho;-25,38;-49,295;2025-03-04 09:00:00.0;0,00
CURITIBA;410690204A;PR;Pilarzinho;-25,38;-49,295;2025-03-04 10:00:00.0;0,00
CURITIBA;410690204A;PR;Pilarzinho;-25,38;-49,295;2025-03-04 11:00:00.0;0,00
CURITIBA;410690204A;PR;Pilarzinho;-25,38;-49,295;2025-03-04 12:00:00.0;0,00
CURITIBA;410690204A;PR;Pilarzinho;-25,38;-49,295;2025-03-04 13:00:00.0;0,00
CURITIBA;410690204A;PR;Pilarzinho;-25,38;-49,295;2025-03-04 14:00:00.0;0,00
CURITIBA;410690204A;PR;Pilarzinho;-25,38;-49,295;2025-03-04 15:00:00.0;0,00
CURITIBA;410690204A;PR;Pilarzinho;-25,38;-49,295;2025-03-04 16:00:00.0;0,00
CURITIBA;410690204A;PR;Pilarzinho;-25,38;-49,295;2025-03-04 17:00:00.0;0,00
CURITIBA;410690204A;PR;Pilarzinho;-25,38;-49,295;2025-03-04 18:00:00.0;0,00
CURITIBA;410690204A;PR;Pilarzinho;-25,38;-49,295;2025-03-04 19:00:00.0;0,00
CURITIBA;410690204A;PR;Pilarzinho;-25,38;-49,295;2025-03-04 20:00:00.0;0,00
CURITIBA;410690204A;PR;Pilarzinho;-25,38;-49,295;2025-03-04 21:00:00.0;0,00
CURITIBA;410690204A;PR;Pilarzinho;-25,38;-49,295;2025-03-04 22:00:00.0;0,00
CURITIBA;410690204A;PR;Pilarzinho;-25,38;-49,295;2025-03-04 23:00:00.0;0,00
CURITIBA;410690204A;PR;Pilarzinho;-25,38;-49,295;2025-03-05 00:00:00.0;0,00
CURITIBA;410690204A;PR;Pilarzinho;-25,38;-49,295;2025-03-05 01:00:00.0;0,00
CURITIBA;410690204A;PR;Pilarzinho;-25,38;-49,295;2025-03-05 02:00:00.0;0,00
CURITIBA;410690204A;PR;Pilarzinho;-25,38;-49,295;2025-03-05 03:00:00.0;0,00
CURITIBA;410690204A;PR;Pilarzinho;-25,38;-49,295;2025-03-05 04:00:00.0;0,00
CURITIBA;410690204A;PR;Pilarzinho;-25,38;-49,295;2025-03-05 05:00:00.0;0,00
CURITIBA;410690204A;PR;Pilarzinho;-25,38;-49,295;2025-03-05 06:00:00.0;0,00
CURITIBA;410690204A;PR;Pilarzinho;-25,38;-49,295;2025-03-05 07:00:00.0;0,00
CURITIBA;410690204A;PR;Pilarzinho;-25,38;-49,295;2025-03-05 08:00:00.0;0,00
CURITIBA;410690204A;PR;Pilarzinho;-25,38;-49,295;2025-03-05 09:00:00.0;0,00
CURITIBA;410690204A;PR;Pilarzinho;-25,38;-49,295;2025-03-05 10:00:00.0;0,00
CURITIBA;410690204A;PR;Pilarzinho;-25,38;-49,295;2025-03-05 11:00:00.0;0,00
CURITIBA;410690204A;PR;Pilarzinho;-25,38;-49,295;2025-03-05 12:00:00.0;0,00
CURITIBA;410690204A;PR;Pilarzinho;-25,38;-49,295;2025-03-05 13:00:00.0;0,00
CURITIBA;410690204A;PR;Pilarzinho;-25,38;-49,295;2025-03-05 14:00:00.0;0,00
CURITIBA;410690204A;PR;Pilarzinho;-25,38;-49,295;2025-03-05 15:00:00.0;0,00
CURITIBA;410690204A;PR;Pilarzinho;-25,38;-49,295;2025-03-05 16:00:00.0;0,00
CURITIBA;410690204A;PR;Pilarzinho;-25,38;-49,295;2025-03-05 17:00:00.0;0,00
CURITIBA;410690204A;PR;Pilarzinho;-25,38;-49,295;2025-03-05 18:00:00.0;0,00
CURITIBA;410690204A;PR;Pilarzinho;-25,38;-49,295;2025-03-05 19:00:00.0;0,00
CURITIBA;410690204A;PR;Pilarzinho;-25,38;-49,295;2025-03-05 20:00:00.0;0,00
CURITIBA;410690204A;PR;Pilarzinho;-25,38;-49,295;2025-03-05 21:00:00.0;0,00
CURITIBA;410690204A;PR;Pilarzinho;-25,38;-49,295;2025-03-05 22:00:00.0;0,00
CURITIBA;410690204A;PR;Pilarzinho;-25,38;-49,295;2025-03-05 23:00:00.0;0,00
CURITIBA;410690204A;PR;Pilarzinho;-25,38;-49,295;2025-03-06 00:00:00.0;0,00
CURITIBA;410690204A;PR;Pilarzinho;-25,38;-49,295;2025-03-06 01:00:00.0;0,00
CURITIBA;410690204A;PR;Pilarzinho;-25,38;-49,295;2025-03-06 02:00:00.0;0,00
CURITIBA;410690204A;PR;Pilarzinho;-25,38;-49,295;2025-03-06 03:00:00.0;0,00
CURITIBA;410690204A;PR;Pilarzinho;-25,38;-49,295;2025-03-06 04:00:00.0;0,00
CURITIBA;410690204A;PR;Pilarzinho;-25,38;-49,295;2025-03-06 05:00:00.0;0,00
CURITIBA;410690204A;PR;Pilarzinho;-25,38;-49,295;2025-03-06 06:00:00.0;0,00
CURITIBA;410690204A;PR;Pilarzinho;-25,38;-49,295;2025-03-06 07:00:00.0;0,00
CURITIBA;410690204A;PR;Pilarzinho;-25,38;-49,295;2025-03-06 08:00:00.0;0,00
CURITIBA;410690204A;PR;Pilarzinho;-25,38;-49,295;2025-03-06 09:00:00.0;0,00
CURITIBA;410690204A;PR;Pilarzinho;-25,38;-49,295;2025-03-06 10:00:00.0;0,00
CURITIBA;410690204A;PR;Pilarzinho;-25,38;-49,295;2025-03-06 11:00:00.0;0,00
CURITIBA;410690204A;PR;Pilarzinho;-25,38;-49,295;2025-03-06 12:00:00.0;0,00
CURITIBA;410690204A;PR;Pilarzinho;-25,38;-49,295;2025-03-06 13:00:00.0;0,00
CURITIBA;410690204A;PR;Pilarzinho;-25,38;-49,295;2025-03-06 14:00:00.0;0,00
CURITIBA;410690204A;PR;Pilarzinho;-25,38;-49,295;2025-03-06 15:00:00.0;0,00
CURITIBA;410690204A;PR;Pilarzinho;-25,38;-49,295;2025-03-06 16:00:00.0;0,00
CURITIBA;410690204A;PR;Pilarzinho;-25,38;-49,295;2025-03-06 17:00:00.0;0,00
CURITIBA;410690204A;PR;Pilarzinho;-25,38;-49,295;2025-03-06 18:00:00.0;0,00
CURITIBA;410690204A;PR;Pilarzinho;-25,38;-49,295;2025-03-06 19:00:00.0;0,00
CURITIBA;410690204A;PR;Pilarzinho;-25,38;-49,295;2025-03-06 20:00:00.0;0,00
CURITIBA;410690204A;PR;Pilarzinho;-25,38;-49,295;2025-03-06 21:00:00.0;0,00
CURITIBA;410690204A;PR;Pilarzinho;-25,38;-49,295;2025-03-06 22:00:00.0;0,00
CURITIBA;410690204A;PR;Pilarzinho;-25,38;-49,295;2025-03-06 23:00:00.0;0,00
CURITIBA;410690204A;PR;Pilarzinho;-25,38;-49,295;2025-03-07 00:00:00.0;0,00
CURITIBA;410690204A;PR;Pilarzinho;-25,38;-49,295;2025-03-07 01:00:00.0;0,00
CURITIBA;410690204A;PR;Pilarzinho;-25,38;-49,295;2025-03-07 02:00:00.0;0,00
CURITIBA;410690204A;PR;Pilarzinho;-25,38;-49,295;2025-03-07 03:00:00.0;0,00
CURITIBA;410690204A;PR;Pilarzinho;-25,38;-49,295;2025-03-07 04:00:00.0;0,00
CURITIBA;410690204A;PR;Pilarzinho;-25,38;-49,295;2025-03-07 05:00:00.0;0,00
CURITIBA;410690204A;PR;Pilarzinho;-25,38;-49,295;2025-03-07 06:00:00.0;0,00
CURITIBA;410690204A;PR;Pilarzinho;-25,38;-49,295;2025-03-07 07:00:00.0;0,00
CURITIBA;410690204A;PR;Pilarzinho;-25,38;-49,295;2025-03-07 08:00:00.0;0,00
CURITIBA;410690204A;PR;Pilarzinho;-25,38;-49,295;2025-03-07 09:00:00.0;0,00
CURITIBA;410690204A;PR;Pilarzinho;-25,38;-49,295;2025-03-07 10:00:00.0;0,00
CURITIBA;410690204A;PR;Pilarzinho;-25,38;-49,295;2025-03-07 11:00:00.0;0,00
CURITIBA;410690204A;PR;Pilarzinho;-25,38;-49,295;2025-03-07 12:00:00.0;0,00
CURITIBA;410690204A;PR;Pilarzinho;-25,38;-49,295;2025-03-07 13:00:00.0;0,00
CURITIBA;410690204A;PR;Pilarzinho;-25,38;-49,295;2025-03-07 14:00:00.0;0,00
CURITIBA;410690204A;PR;Pilarzinho;-25,38;-49,295;2025-03-07 15:00:00.0;0,00
CURITIBA;410690204A;PR;Pilarzinho;-25,38;-49,295;2025-03-07 16:00:00.0;0,00
CURITIBA;410690204A;PR;Pilarzinho;-25,38;-49,295;2025-03-07 17:00:00.0;0,00
CURITIBA;410690204A;PR;Pilarzinho;-25,38;-49,295;2025-03-07 18:00:00.0;0,00
CURITIBA;410690204A;PR;Pilarzinho;-25,38;-49,295;2025-03-07 19:00:00.0;0,00
CURITIBA;410690204A;PR;Pilarzinho;-25,38;-49,295;2025-03-07 20:00:00.0;0,00
CURITIBA;410690204A;PR;Pilarzinho;-25,38;-49,295;2025-03-07 21:00:00.0;0,00
CURITIBA;410690204A;PR;Pilarzinho;-25,38;-49,295;2025-03-07 22:00:00.0;0,00
CURITIBA;410690204A;PR;Pilarzinho;-25,38;-49,295;2025-03-07 23:00:00.0;0,00
CURITIBA;410690204A;PR;Pilarzinho;-25,38;-49,295;2025-03-08 00:00:00.0;0,00
CURITIBA;410690204A;PR;Pilarzinho;-25,38;-49,295;2025-03-08 01:00:00.0;0,00
CURITIBA;410690204A;PR;Pilarzinho;-25,38;-49,295;2025-03-08 02:00:00.0;0,00
CURITIBA;410690204A;PR;Pilarzinho;-25,38;-49,295;2025-03-08 03:00:00.0;0,00
CURITIBA;410690204A;PR;Pilarzinho;-25,38;-49,295;2025-03-08 04:00:00.0;0,00
CURITIBA;410690204A;PR;Pilarzinho;-25,38;-49,295;2025-03-08 05:00:00.0;0,00
CURITIBA;410690204A;PR;Pilarzinho;-25,38;-49,295;2025-03-08 06:00:00.0;0,00
CURITIBA;410690204A;PR;Pilarzinho;-25,38;-49,295;2025-03-08 07:00:00.0;0,00
CURITIBA;410690204A;PR;Pilarzinho;-25,38;-49,295;2025-03-08 08:00:00.0;0,00
CURITIBA;410690204A;PR;Pilarzinho;-25,38;-49,295;2025-03-08 09:00:00.0;0,00
CURITIBA;410690204A;PR;Pilarzinho;-25,38;-49,295;2025-03-08 10:00:00.0;0,00
CURITIBA;410690204A;PR;Pilarzinho;-25,38;-49,295;2025-03-08 11:00:00.0;0,00
CURITIBA;410690204A;PR;Pilarzinho;-25,38;-49,295;2025-03-08 12:00:00.0;0,00
CURITIBA;410690204A;PR;Pilarzinho;-25,38;-49,295;2025-03-08 13:00:00.0;0,00
CURITIBA;410690204A;PR;Pilarzinho;-25,38;-49,295;2025-03-08 14:00:00.0;0,00
CURITIBA;410690204A;PR;Pilarzinho;-25,38;-49,295;2025-03-08 15:00:00.0;0,00
CURITIBA;410690204A;PR;Pilarzinho;-25,38;-49,295;2025-03-08 16:00:00.0;0,00
CURITIBA;410690204A;PR;Pilarzinho;-25,38;-49,295;2025-03-08 17:00:00.0;0,00
CURITIBA;410690204A;PR;Pilarzinho;-25,38;-49,295;2025-03-08 18:00:00.0;0,00
CURITIBA;410690204A;PR;Pilarzinho;-25,38;-49,295;2025-03-08 19:00:00.0;0,00
CURITIBA;410690204A;PR;Pilarzinho;-25,38;-49,295;2025-03-08 20:00:00.0;0,00
CURITIBA;410690204A;PR;Pilarzinho;-25,38;-49,295;2025-03-08 21:00:00.0;0,00
CURITIBA;410690204A;PR;Pilarzinho;-25,38;-49,295;2025-03-08 22:00:00.0;0,00
CURITIBA;410690204A;PR;Pilarzinho;-25,38;-49,295;2025-03-08 23:00:00.0;0,00
CURITIBA;410690204A;PR;Pilarzinho;-25,38;-49,295;2025-03-09 00:00:00.0;0,00
CURITIBA;410690204A;PR;Pilarzinho;-25,38;-49,295;2025-03-09 01:00:00.0;0,00
CURITIBA;410690204A;PR;Pilarzinho;-25,38;-49,295;2025-03-09 02:00:00.0;0,00
CURITIBA;410690204A;PR;Pilarzinho;-25,38;-49,295;2025-03-09 03:00:00.0;0,00
CURITIBA;410690204A;PR;Pilarzinho;-25,38;-49,295;2025-03-09 04:00:00.0;0,00
CURITIBA;410690204A;PR;Pilarzinho;-25,38;-49,295;2025-03-09 05:00:00.0;0,00
CURITIBA;410690204A;PR;Pilarzinho;-25,38;-49,295;2025-03-09 06:00:00.0;0,00
CURITIBA;410690204A;PR;Pilarzinho;-25,38;-49,295;2025-03-09 07:00:00.0;0,00
CURITIBA;410690204A;PR;Pilarzinho;-25,38;-49,295;2025-03-09 08:00:00.0;0,00
CURITIBA;410690204A;PR;Pilarzinho;-25,38;-49,295;2025-03-09 09:00:00.0;0,00
CURITIBA;410690204A;PR;Pilarzinho;-25,38;-49,295;2025-03-09 10:00:00.0;0,00
CURITIBA;410690204A;PR;Pilarzinho;-25,38;-49,295;2025-03-09 11:00:00.0;0,00
CURITIBA;410690204A;PR;Pilarzinho;-25,38;-49,295;2025-03-09 12:00:00.0;0,00
CURITIBA;410690204A;PR;Pilarzinho;-25,38;-49,295;2025-03-09 13:00:00.0;0,00
CURITIBA;410690204A;PR;Pilarzinho;-25,38;-49,295;2025-03-09 14:00:00.0;0,00
CURITIBA;410690204A;PR;Pilarzinho;-25,38;-49,295;2025-03-09 15:00:00.0;0,00
CURITIBA;410690204A;PR;Pilarzinho;-25,38;-49,295;2025-03-09 16:00:00.0;0,00
CURITIBA;410690204A;PR;Pilarzinho;-25,38;-49,295;2025-03-09 17:00:00.0;0,00
CURITIBA;410690204A;PR;Pilarzinho;-25,38;-49,295;2025-03-09 18:00:00.0;0,00
CURITIBA;410690204A;PR;Pilarzinho;-25,38;-49,295;2025-03-09 19:00:00.0;0,00
CURITIBA;410690204A;PR;Pilarzinho;-25,38;-49,295;2025-03-09 20:00:00.0;0,00
CURITIBA;410690204A;PR;Pilarzinho;-25,38;-49,295;2025-03-09 21:00:00.0;0,00
CURITIBA;410690204A;PR;Pilarzinho;-25,38;-49,295;2025-03-09 22:00:00.0;0,00
CURITIBA;410690204A;PR;Pilarzinho;-25,38;-49,295;2025-03-09 23:00:00.0;0,00
CURITIBA;410690204A;PR;Pilarzinho;-25,38;-49,295;2025-03-10 00:00:00.0;0,00
CURITIBA;410690204A;PR;Pilarzinho;-25,38;-49,295;2025-03-10 00:20:00.0;0,20
CURITIBA;410690204A;PR;Pilarzinho;-25,38;-49,295;2025-03-10 01:00:00.0;0,00
CURITIBA;410690204A;PR;Pilarzinho;-25,38;-49,295;2025-03-10 02:00:00.0;0,00
CURITIBA;410690204A;PR;Pilarzinho;-25,38;-49,295;2025-03-10 02:30:00.0;0,20
CURITIBA;410690204A;PR;Pilarzinho;-25,38;-49,295;2025-03-10 03:00:00.0;0,00
CURITIBA;410690204A;PR;Pilarzinho;-25,38;-49,295;2025-03-10 04:00:00.0;0,00
CURITIBA;410690204A;PR;Pilarzinho;-25,38;-49,295;2025-03-10 04:40:00.0;0,20
CURITIBA;410690204A;PR;Pilarzinho;-25,38;-49,295;2025-03-10 05:00:00.0;0,00
CURITIBA;410690204A;PR;Pilarzinho;-25,38;-49,295;2025-03-10 05:50:00.0;0,20
CURITIBA;410690204A;PR;Pilarzinho;-25,38;-49,295;2025-03-10 06:10:00.0;0,00
CURITIBA;410690204A;PR;Pilarzinho;-25,38;-49,295;2025-03-10 07:00:00.0;0,00
CURITIBA;410690204A;PR;Pilarzinho;-25,38;-49,295;2025-03-10 07:40:00.0;0,20
CURITIBA;410690204A;PR;Pilarzinho;-25,38;-49,295;2025-03-10 08:00:00.0;0,00
CURITIBA;410690204A;PR;Pilarzinho;-25,38;-49,295;2025-03-10 09:00:00.0;0,00
CURITIBA;410690204A;PR;Pilarzinho;-25,38;-49,295;2025-03-10 09:50:00.0;0,20
CURITIBA;410690204A;PR;Pilarzinho;-25,38;-49,295;2025-03-10 10:00:00.0;0,00
CURITIBA;410690204A;PR;Pilarzinho;-25,38;-49,295;2025-03-10 11:00:00.0;0,00
CURITIBA;410690204A;PR;Pilarzinho;-25,38;-49,295;2025-03-10 12:00:00.0;0,00
CURITIBA;410690204A;PR;Pilarzinho;-25,38;-49,295;2025-03-10 12:30:00.0;0,20
CURITIBA;410690204A;PR;Pilarzinho;-25,38;-49,295;2025-03-10 13:00:00.0;0,00
CURITIBA;410690204A;PR;Pilarzinho;-25,38;-49,295;2025-03-10 14:00:00.0;0,00
CURITIBA;410690204A;PR;Pilarzinho;-25,38;-49,295;2025-03-10 15:00:00.0;0,00
CURITIBA;410690204A;PR;Pilarzinho;-25,38;-49,295;2025-03-10 16:00:00.0;0,00
CURITIBA;410690204A;PR;Pilarzinho;-25,38;-49,295;2025-03-10 17:00:00.0;0,00
CURITIBA;410690204A;PR;Pilarzinho;-25,38;-49,295;2025-03-10 18:00:00.0;0,00
CURITIBA;410690204A;PR;Pilarzinho;-25,38;-49,295;2025-03-10 18:10:00.0;0,20
CURITIBA;410690204A;PR;Pilarzinho;-25,38;-49,295;2025-03-10 19:00:00.0;0,00
CURITIBA;410690204A;PR;Pilarzinho;-25,38;-49,295;2025-03-10 20:00:00.0;0,00
CURITIBA;410690204A;PR;Pilarzinho;-25,38;-49,295;2025-03-10 21:00:00.0;0,00
CURITIBA;410690204A;PR;Pilarzinho;-25,38;-49,295;2025-03-10 22:00:00.0;0,00
CURITIBA;410690204A;PR;Pilarzinho;-25,38;-49,295;2025-03-10 23:00:00.0;0,00
CURITIBA;410690204A;PR;Pilarzinho;-25,38;-49,295;2025-03-10 23:40:00.0;0,20
CURITIBA;410690204A;PR;Pilarzinho;-25,38;-49,295;2025-03-11 00:00:00.0;0,00
CURITIBA;410690204A;PR;Pilarzinho;-25,38;-49,295;2025-03-11 01:00:00.0;0,00
CURITIBA;410690204A;PR;Pilarzinho;-25,38;-49,295;2025-03-11 02:00:00.0;0,00
CURITIBA;410690204A;PR;Pilarzinho;-25,38;-49,295;2025-03-11 03:00:00.0;0,00
CURITIBA;410690204A;PR;Pilarzinho;-25,38;-49,295;2025-03-11 04:00:00.0;0,00
CURITIBA;410690204A;PR;Pilarzinho;-25,38;-49,295;2025-03-11 05:00:00.0;0,00
CURITIBA;410690204A;PR;Pilarzinho;-25,38;-49,295;2025-03-11 06:00:00.0;0,00
CURITIBA;410690204A;PR;Pilarzinho;-25,38;-49,295;2025-03-11 07:00:00.0;0,00
CURITIBA;410690204A;PR;Pilarzinho;-25,38;-49,295;2025-03-11 08:00:00.0;0,00
CURITIBA;410690204A;PR;Pilarzinho;-25,38;-49,295;2025-03-11 09:00:00.0;0,00
CURITIBA;410690204A;PR;Pilarzinho;-25,38;-49,295;2025-03-11 09:30:00.0;0,20
CURITIBA;410690204A;PR;Pilarzinho;-25,38;-49,295;2025-03-11 10:00:00.0;0,00
CURITIBA;410690204A;PR;Pilarzinho;-25,38;-49,295;2025-03-11 11:00:00.0;0,00
CURITIBA;410690204A;PR;Pilarzinho;-25,38;-49,295;2025-03-11 12:00:00.0;0,00
CURITIBA;410690204A;PR;Pilarzinho;-25,38;-49,295;2025-03-11 13:00:00.0;0,00
CURITIBA;410690204A;PR;Pilarzinho;-25,38;-49,295;2025-03-11 14:00:00.0;0,00
CURITIBA;410690204A;PR;Pilarzinho;-25,38;-49,295;2025-03-11 15:00:00.0;0,00
CURITIBA;410690204A;PR;Pilarzinho;-25,38;-49,295;2025-03-11 16:00:00.0;0,00
CURITIBA;410690204A;PR;Pilarzinho;-25,38;-49,295;2025-03-11 17:00:00.0;0,00
CURITIBA;410690204A;PR;Pilarzinho;-25,38;-49,295;2025-03-11 18:00:00.0;0,00
CURITIBA;410690204A;PR;Pilarzinho;-25,38;-49,295;2025-03-11 19:00:00.0;0,00
CURITIBA;410690204A;PR;Pilarzinho;-25,38;-49,295;2025-03-11 20:00:00.0;0,00
CURITIBA;410690204A;PR;Pilarzinho;-25,38;-49,295;2025-03-11 21:00:00.0;0,00
CURITIBA;410690204A;PR;Pilarzinho;-25,38;-49,295;2025-03-11 22:00:00.0;0,00
CURITIBA;410690204A;PR;Pilarzinho;-25,38;-49,295;2025-03-11 23:00:00.0;0,00
CURITIBA;410690204A;PR;Pilarzinho;-25,38;-49,295;2025-03-11 23:20:00.0;0,20
CURITIBA;410690204A;PR;Pilarzinho;-25,38;-49,295;2025-03-12 00:00:00.0;0,00
CURITIBA;410690204A;PR;Pilarzinho;-25,38;-49,295;2025-03-12 00:10:00.0;0,20
CURITIBA;410690204A;PR;Pilarzinho;-25,38;-49,295;2025-03-12 01:00:00.0;0,00
CURITIBA;410690204A;PR;Pilarzinho;-25,38;-49,295;2025-03-12 01:10:00.0;0,20
CURITIBA;410690204A;PR;Pilarzinho;-25,38;-49,295;2025-03-12 02:00:00.0;0,20
CURITIBA;410690204A;PR;Pilarzinho;-25,38;-49,295;2025-03-12 02:40:00.0;0,20
CURITIBA;410690204A;PR;Pilarzinho;-25,38;-49,295;2025-03-12 03:00:00.0;0,00
CURITIBA;410690204A;PR;Pilarzinho;-25,38;-49,295;2025-03-12 03:10:00.0;0,20
CURITIBA;410690204A;PR;Pilarzinho;-25,38;-49,295;2025-03-12 03:40:00.0;0,20
CURITIBA;410690204A;PR;Pilarzinho;-25,38;-49,295;2025-03-12 04:00:00.0;0,00
CURITIBA;410690204A;PR;Pilarzinho;-25,38;-49,295;2025-03-12 04:10:00.0;0,20
CURITIBA;410690204A;PR;Pilarzinho;-25,38;-49,295;2025-03-12 04:30:00.0;0,20
CURITIBA;410690204A;PR;Pilarzinho;-25,38;-49,295;2025-03-12 05:00:00.0;0,20
CURITIBA;410690204A;PR;Pilarzinho;-25,38;-49,295;2025-03-12 05:20:00.0;0,20
CURITIBA;410690204A;PR;Pilarzinho;-25,38;-49,295;2025-03-12 05:50:00.0;0,20
CURITIBA;410690204A;PR;Pilarzinho;-25,38;-49,295;2025-03-12 06:00:00.0;0,00
CURITIBA;410690204A;PR;Pilarzinho;-25,38;-49,295;2025-03-12 06:10:00.0;0,20
CURITIBA;410690204A;PR;Pilarzinho;-25,38;-49,295;2025-03-12 06:50:00.0;0,20
CURITIBA;410690204A;PR;Pilarzinho;-25,38;-49,295;2025-03-12 07:10:00.0;0,20
CURITIBA;410690204A;PR;Pilarzinho;-25,38;-49,295;2025-03-12 07:40:00.0;0,20
CURITIBA;410690204A;PR;Pilarzinho;-25,38;-49,295;2025-03-12 08:00:00.0;0,20
CURITIBA;410690204A;PR;Pilarzinho;-25,38;-49,295;2025-03-12 08:40:00.0;0,20
CURITIBA;410690204A;PR;Pilarzinho;-25,38;-49,295;2025-03-12 09:00:00.0;0,20
CURITIBA;410690204A;PR;Pilarzinho;-25,38;-49,295;2025-03-12 09:30:00.0;0,20
CURITIBA;410690204A;PR;Pilarzinho;-25,38;-49,295;2025-03-12 10:00:00.0;0,20
CURITIBA;410690204A;PR;Pilarzinho;-25,38;-49,295;2025-03-12 10:20:00.0;0,20
CURITIBA;410690204A;PR;Pilarzinho;-25,38;-49,295;2025-03-12 10:50:00.0;0,20
CURITIBA;410690204A;PR;Pilarzinho;-25,38;-49,295;2025-03-12 11:00:00.0;0,00
CURITIBA;410690204A;PR;Pilarzinho;-25,38;-49,295;2025-03-12 11:20:00.0;0,20
CURITIBA;410690204A;PR;Pilarzinho;-25,38;-49,295;2025-03-12 11:50:00.0;0,20
CURITIBA;410690204A;PR;Pilarzinho;-25,38;-49,295;2025-03-12 12:00:00.0;0,00
CURITIBA;410690204A;PR;Pilarzinho;-25,38;-49,295;2025-03-12 12:20:00.0;0,20
CURITIBA;410690204A;PR;Pilarzinho;-25,38;-49,295;2025-03-12 13:00:00.0;0,00
CURITIBA;410690204A;PR;Pilarzinho;-25,38;-49,295;2025-03-12 13:10:00.0;0,20
CURITIBA;410690204A;PR;Pilarzinho;-25,38;-49,295;2025-03-12 14:00:00.0;0,00
CURITIBA;410690204A;PR;Pilarzinho;-25,38;-49,295;2025-03-12 14:10:00.0;0,20
CURITIBA;410690204A;PR;Pilarzinho;-25,38;-49,295;2025-03-12 14:40:00.0;0,20
CURITIBA;410690204A;PR;Pilarzinho;-25,38;-49,295;2025-03-12 15:00:00.0;0,00
CURITIBA;410690204A;PR;Pilarzinho;-25,38;-49,295;2025-03-12 15:30:00.0;0,20
CURITIBA;410690204A;PR;Pilarzinho;-25,38;-49,295;2025-03-12 16:00:00.0;0,00
CURITIBA;410690204A;PR;Pilarzinho;-25,38;-49,295;2025-03-12 16:10:00.0;0,20
CURITIBA;410690204A;PR;Pilarzinho;-25,38;-49,295;2025-03-12 16:20:00.0;0,20
CURITIBA;410690204A;PR;Pilarzinho;-25,38;-49,295;2025-03-12 16:30:00.0;0,20
CURITIBA;410690204A;PR;Pilarzinho;-25,38;-49,295;2025-03-12 16:50:00.0;0,20
CURITIBA;410690204A;PR;Pilarzinho;-25,38;-49,295;2025-03-12 17:00:00.0;0,20
CURITIBA;410690204A;PR;Pilarzinho;-25,38;-49,295;2025-03-12 17:10:00.0;0,20
CURITIBA;410690204A;PR;Pilarzinho;-25,38;-49,295;2025-03-12 17:30:00.0;0,20
CURITIBA;410690204A;PR;Pilarzinho;-25,38;-49,295;2025-03-12 17:50:00.0;0,20
CURITIBA;410690204A;PR;Pilarzinho;-25,38;-49,295;2025-03-12 18:00:00.0;0,20
CURITIBA;410690204A;PR;Pilarzinho;-25,38;-49,295;2025-03-12 18:10:00.0;0,20
CURITIBA;410690204A;PR;Pilarzinho;-25,38;-49,295;2025-03-12 18:30:00.0;0,20
CURITIBA;410690204A;PR;Pilarzinho;-25,38;-49,295;2025-03-12 18:40:00.0;0,20
CURITIBA;410690204A;PR;Pilarzinho;-25,38;-49,295;2025-03-12 19:00:00.0;0,20
CURITIBA;410690204A;PR;Pilarzinho;-25,38;-49,295;2025-03-12 19:20:00.0;0,20
CURITIBA;410690204A;PR;Pilarzinho;-25,38;-49,295;2025-03-12 19:30:00.0;0,20
CURITIBA;410690204A;PR;Pilarzinho;-25,38;-49,295;2025-03-12 19:50:00.0;0,20
CURITIBA;410690204A;PR;Pilarzinho;-25,38;-49,295;2025-03-12 20:00:00.0;0,20
CURITIBA;410690204A;PR;Pilarzinho;-25,38;-49,295;2025-03-12 20:20:00.0;0,20
CURITIBA;410690204A;PR;Pilarzinho;-25,38;-49,295;2025-03-12 20:30:00.0;0,20
CURITIBA;410690204A;PR;Pilarzinho;-25,38;-49,295;2025-03-12 20:50:00.0;0,20
CURITIBA;410690204A;PR;Pilarzinho;-25,38;-49,295;2025-03-12 21:00:00.0;0,20
CURITIBA;410690204A;PR;Pilarzinho;-25,38;-49,295;2025-03-12 21:20:00.0;0,20
CURITIBA;410690204A;PR;Pilarzinho;-25,38;-49,295;2025-03-12 21:50:00.0;0,20
CURITIBA;410690204A;PR;Pilarzinho;-25,38;-49,295;2025-03-12 22:00:00.0;0,00
CURITIBA;410690204A;PR;Pilarzinho;-25,38;-49,295;2025-03-12 22:10:00.0;0,20
CURITIBA;410690204A;PR;Pilarzinho;-25,38;-49,295;2025-03-12 22:20:00.0;0,20
CURITIBA;410690204A;PR;Pilarzinho;-25,38;-49,295;2025-03-12 22:40:00.0;0,20
CURITIBA;410690204A;PR;Pilarzinho;-25,38;-49,295;2025-03-12 22:50:00.0;0,20
CURITIBA;410690204A;PR;Pilarzinho;-25,38;-49,295;2025-03-12 23:00:00.0;0,00
CURITIBA;410690204A;PR;Pilarzinho;-25,38;-49,295;2025-03-12 23:10:00.0;0,20
CURITIBA;410690204A;PR;Pilarzinho;-25,38;-49,295;2025-03-12 23:20:00.0;0,20
CURITIBA;410690204A;PR;Pilarzinho;-25,38;-49,295;2025-03-12 23:30:00.0;0,20
CURITIBA;410690204A;PR;Pilarzinho;-25,38;-49,295;2025-03-12 23:50:00.0;0,20
CURITIBA;410690204A;PR;Pilarzinho;-25,38;-49,295;2025-03-13 00:00:00.0;0,20
CURITIBA;410690204A;PR;Pilarzinho;-25,38;-49,295;2025-03-13 00:20:00.0;0,20
CURITIBA;410690204A;PR;Pilarzinho;-25,38;-49,295;2025-03-13 00:30:00.0;0,20
CURITIBA;410690204A;PR;Pilarzinho;-25,38;-49,295;2025-03-13 00:50:00.0;0,20
CURITIBA;410690204A;PR;Pilarzinho;-25,38;-49,295;2025-03-13 01:00:00.0;0,20
CURITIBA;410690204A;PR;Pilarzinho;-25,38;-49,295;2025-03-13 01:20:00.0;0,20
CURITIBA;410690204A;PR;Pilarzinho;-25,38;-49,295;2025-03-13 01:40:00.0;0,20
CURITIBA;410690204A;PR;Pilarzinho;-25,38;-49,295;2025-03-13 01:50:00.0;0,20
CURITIBA;410690204A;PR;Pilarzinho;-25,38;-49,295;2025-03-13 02:00:00.0;0,00
CURITIBA;410690204A;PR;Pilarzinho;-25,38;-49,295;2025-03-13 02:10:00.0;0,20
CURITIBA;410690204A;PR;Pilarzinho;-25,38;-49,295;2025-03-13 02:30:00.0;0,20
CURITIBA;410690204A;PR;Pilarzinho;-25,38;-49,295;2025-03-13 02:40:00.0;0,20
CURITIBA;410690204A;PR;Pilarzinho;-25,38;-49,295;2025-03-13 03:00:00.0;0,20
CURITIBA;410690204A;PR;Pilarzinho;-25,38;-49,295;2025-03-13 03:20:00.0;0,20
CURITIBA;410690204A;PR;Pilarzinho;-25,38;-49,295;2025-03-13 03:40:00.0;0,20
CURITIBA;410690204A;PR;Pilarzinho;-25,38;-49,295;2025-03-13 03:50:00.0;0,20
CURITIBA;410690204A;PR;Pilarzinho;-25,38;-49,295;2025-03-13 04:10:00.0;0,20
CURITIBA;410690204A;PR;Pilarzinho;-25,38;-49,295;2025-03-13 04:30:00.0;0,20
CURITIBA;410690204A;PR;Pilarzinho;-25,38;-49,295;2025-03-13 04:50:00.0;0,20
CURITIBA;410690204A;PR;Pilarzinho;-25,38;-49,295;2025-03-13 05:00:00.0;0,00
CURITIBA;410690204A;PR;Pilarzinho;-25,38;-49,295;2025-03-13 05:10:00.0;0,20
CURITIBA;410690204A;PR;Pilarzinho;-25,38;-49,295;2025-03-13 05:30:00.0;0,20
CURITIBA;410690204A;PR;Pilarzinho;-25,38;-49,295;2025-03-13 05:50:00.0;0,20
CURITIBA;410690204A;PR;Pilarzinho;-25,38;-49,295;2025-03-13 06:00:00.0;0,20
CURITIBA;410690204A;PR;Pilarzinho;-25,38;-49,295;2025-03-13 06:20:00.0;0,20
CURITIBA;410690204A;PR;Pilarzinho;-25,38;-49,295;2025-03-13 06:40:00.0;0,20
CURITIBA;410690204A;PR;Pilarzinho;-25,38;-49,295;2025-03-13 07:00:00.0;0,00
CURITIBA;410690204A;PR;Pilarzinho;-25,38;-49,295;2025-03-13 07:10:00.0;0,20
CURITIBA;410690204A;PR;Pilarzinho;-25,38;-49,295;2025-03-13 07:30:00.0;0,20
CURITIBA;410690204A;PR;Pilarzinho;-25,38;-49,295;2025-03-13 07:50:00.0;0,20
CURITIBA;410690204A;PR;Pilarzinho;-25,38;-49,295;2025-03-13 08:00:00.0;0,00
CURITIBA;410690204A;PR;Pilarzinho;-25,38;-49,295;2025-03-13 08:10:00.0;0,20
CURITIBA;410690204A;PR;Pilarzinho;-25,38;-49,295;2025-03-13 08:40:00.0;0,20
CURITIBA;410690204A;PR;Pilarzinho;-25,38;-49,295;2025-03-13 09:00:00.0;0,20
CURITIBA;410690204A;PR;Pilarzinho;-25,38;-49,295;2025-03-13 09:30:00.0;0,20
CURITIBA;410690204A;PR;Pilarzinho;-25,38;-49,295;2025-03-13 09:50:00.0;0,20
CURITIBA;410690204A;PR;Pilarzinho;-25,38;-49,295;2025-03-13 10:00:00.0;0,00
CURITIBA;410690204A;PR;Pilarzinho;-25,38;-49,295;2025-03-13 10:20:00.0;0,20
CURITIBA;410690204A;PR;Pilarzinho;-25,38;-49,295;2025-03-13 10:50:00.0;0,20
CURITIBA;410690204A;PR;Pilarzinho;-25,38;-49,295;2025-03-13 11:00:00.0;0,00
CURITIBA;410690204A;PR;Pilarzinho;-25,38;-49,295;2025-03-13 11:10:00.0;0,20
CURITIBA;410690204A;PR;Pilarzinho;-25,38;-49,295;2025-03-13 11:30:00.0;0,20
CURITIBA;410690204A;PR;Pilarzinho;-25,38;-49,295;2025-03-13 12:00:00.0;0,20
CURITIBA;410690204A;PR;Pilarzinho;-25,38;-49,295;2025-03-13 12:20:00.0;0,20
CURITIBA;410690204A;PR;Pilarzinho;-25,38;-49,295;2025-03-13 12:40:00.0;0,20
CURITIBA;410690204A;PR;Pilarzinho;-25,38;-49,295;2025-03-13 13:00:00.0;0,20
CURITIBA;410690204A;PR;Pilarzinho;-25,38;-49,295;2025-03-13 13:20:00.0;0,20
CURITIBA;410690204A;PR;Pilarzinho;-25,38;-49,295;2025-03-13 13:40:00.0;0,20
CURITIBA;410690204A;PR;Pilarzinho;-25,38;-49,295;2025-03-13 14:00:00.0;0,20
CURITIBA;410690204A;PR;Pilarzinho;-25,38;-49,295;2025-03-13 14:20:00.0;0,20
CURITIBA;410690204A;PR;Pilarzinho;-25,38;-49,295;2025-03-13 14:30:00.0;0,20
CURITIBA;410690204A;PR;Pilarzinho;-25,38;-49,295;2025-03-13 14:40:00.0;0,20
CURITIBA;410690204A;PR;Pilarzinho;-25,38;-49,295;2025-03-13 15:00:00.0;0,20
CURITIBA;410690204A;PR;Pilarzinho;-25,38;-49,295;2025-03-13 15:10:00.0;0,20
CURITIBA;410690204A;PR;Pilarzinho;-25,38;-49,295;2025-03-13 15:20:00.0;0,20
CURITIBA;410690204A;PR;Pilarzinho;-25,38;-49,295;2025-03-13 15:30:00.0;0,20
CURITIBA;410690204A;PR;Pilarzinho;-25,38;-49,295;2025-03-13 15:50:00.0;0,20
CURITIBA;410690204A;PR;Pilarzinho;-25,38;-49,295;2025-03-13 16:00:00.0;0,20
CURITIBA;410690204A;PR;Pilarzinho;-25,38;-49,295;2025-03-13 16:10:00.0;0,20
CURITIBA;410690204A;PR;Pilarzinho;-25,38;-49,295;2025-03-13 16:20:00.0;0,20
CURITIBA;410690204A;PR;Pilarzinho;-25,38;-49,295;2025-03-13 16:30:00.0;0,20
CURITIBA;410690204A;PR;Pilarzinho;-25,38;-49,295;2025-03-13 16:40:00.0;0,20
CURITIBA;410690204A;PR;Pilarzinho;-25,38;-49,295;2025-03-13 16:50:00.0;0,20
CURITIBA;410690204A;PR;Pilarzinho;-25,38;-49,295;2025-03-13 17:00:00.0;0,20
CURITIBA;410690204A;PR;Pilarzinho;-25,38;-49,295;2025-03-13 17:10:00.0;0,20
CURITIBA;410690204A;PR;Pilarzinho;-25,38;-49,295;2025-03-13 17:30:00.0;0,20
CURITIBA;410690204A;PR;Pilarzinho;-25,38;-49,295;2025-03-13 18:00:00.0;0,20
CURITIBA;410690204A;PR;Pilarzinho;-25,38;-49,295;2025-03-13 19:00:00.0;0,00
CURITIBA;410690204A;PR;Pilarzinho;-25,38;-49,295;2025-03-13 19:50:00.0;0,20
CURITIBA;410690204A;PR;Pilarzinho;-25,38;-49,295;2025-03-13 20:00:00.0;0,00
CURITIBA;410690204A;PR;Pilarzinho;-25,38;-49,295;2025-03-13 20:20:00.0;0,20
CURITIBA;410690204A;PR;Pilarzinho;-25,38;-49,295;2025-03-13 21:00:00.0;0,00
CURITIBA;410690204A;PR;Pilarzinho;-25,38;-49,295;2025-03-13 21:10:00.0;0,20
CURITIBA;410690204A;PR;Pilarzinho;-25,38;-49,295;2025-03-13 22:00:00.0;0,00
CURITIBA;410690204A;PR;Pilarzinho;-25,38;-49,295;2025-03-13 23:00:00.0;0,00
CURITIBA;410690204A;PR;Pilarzinho;-25,38;-49,295;2025-03-13 23:20:00.0;0,20
CURITIBA;410690204A;PR;Pilarzinho;-25,38;-49,295;2025-03-13 23:30:00.0;0,20
CURITIBA;410690204A;PR;Pilarzinho;-25,38;-49,295;2025-03-13 23:40:00.0;0,20
CURITIBA;410690204A;PR;Pilarzinho;-25,38;-49,295;2025-03-14 00:00:00.0;0,20
CURITIBA;410690204A;PR;Pilarzinho;-25,38;-49,295;2025-03-14 00:10:00.0;0,20
CURITIBA;410690204A;PR;Pilarzinho;-25,38;-49,295;2025-03-14 00:30:00.0;0,20
CURITIBA;410690204A;PR;Pilarzinho;-25,38;-49,295;2025-03-14 00:50:00.0;0,20
CURITIBA;410690204A;PR;Pilarzinho;-25,38;-49,295;2025-03-14 01:00:00.0;0,00
CURITIBA;410690204A;PR;Pilarzinho;-25,38;-49,295;2025-03-14 01:10:00.0;0,20
CURITIBA;410690204A;PR;Pilarzinho;-25,38;-49,295;2025-03-14 01:30:00.0;0,20
CURITIBA;410690204A;PR;Pilarzinho;-25,38;-49,295;2025-03-14 02:00:00.0;0,20
CURITIBA;410690204A;PR;Pilarzinho;-25,38;-49,295;2025-03-14 02:10:00.0;0,20
CURITIBA;410690204A;PR;Pilarzinho;-25,38;-49,295;2025-03-14 02:30:00.0;0,20
CURITIBA;410690204A;PR;Pilarzinho;-25,38;-49,295;2025-03-14 02:50:00.0;0,20
CURITIBA;410690204A;PR;Pilarzinho;-25,38;-49,295;2025-03-14 03:00:00.0;0,00
CURITIBA;410690204A;PR;Pilarzinho;-25,38;-49,295;2025-03-14 03:10:00.0;0,20
CURITIBA;410690204A;PR;Pilarzinho;-25,38;-49,295;2025-03-14 03:30:00.0;0,20
CURITIBA;410690204A;PR;Pilarzinho;-25,38;-49,295;2025-03-14 03:50:00.0;0,20
CURITIBA;410690204A;PR;Pilarzinho;-25,38;-49,295;2025-03-14 04:00:00.0;0,20
CURITIBA;410690204A;PR;Pilarzinho;-25,38;-49,295;2025-03-14 04:20:00.0;0,20
CURITIBA;410690204A;PR;Pilarzinho;-25,38;-49,295;2025-03-14 04:30:00.0;0,20
CURITIBA;410690204A;PR;Pilarzinho;-25,38;-49,295;2025-03-14 04:50:00.0;0,20
CURITIBA;410690204A;PR;Pilarzinho;-25,38;-49,295;2025-03-14 05:00:00.0;0,20
CURITIBA;410690204A;PR;Pilarzinho;-25,38;-49,295;2025-03-14 05:10:00.0;0,20
CURITIBA;410690204A;PR;Pilarzinho;-25,38;-49,295;2025-03-14 05:30:00.0;0,20
CURITIBA;410690204A;PR;Pilarzinho;-25,38;-49,295;2025-03-14 05:50:00.0;0,20
CURITIBA;410690204A;PR;Pilarzinho;-25,38;-49,295;2025-03-14 06:00:00.0;0,20
CURITIBA;410690204A;PR;Pilarzinho;-25,38;-49,295;2025-03-14 06:20:00.0;0,20
CURITIBA;410690204A;PR;Pilarzinho;-25,38;-49,295;2025-03-14 06:40:00.0;0,20
CURITIBA;410690204A;PR;Pilarzinho;-25,38;-49,295;2025-03-14 06:50:00.0;0,20
CURITIBA;410690204A;PR;Pilarzinho;-25,38;-49,295;2025-03-14 07:00:00.0;0,00
CURITIBA;410690204A;PR;Pilarzinho;-25,38;-49,295;2025-03-14 07:10:00.0;0,20
CURITIBA;410690204A;PR;Pilarzinho;-25,38;-49,295;2025-03-14 07:30:00.0;0,20
CURITIBA;410690204A;PR;Pilarzinho;-25,38;-49,295;2025-03-14 07:50:00.0;0,20
CURITIBA;410690204A;PR;Pilarzinho;-25,38;-49,295;2025-03-14 08:00:00.0;0,00
CURITIBA;410690204A;PR;Pilarzinho;-25,38;-49,295;2025-03-14 08:10:00.0;0,20
CURITIBA;410690204A;PR;Pilarzinho;-25,38;-49,295;2025-03-14 08:40:00.0;0,20
CURITIBA;410690204A;PR;Pilarzinho;-25,38;-49,295;2025-03-14 09:00:00.0;0,00
CURITIBA;410690204A;PR;Pilarzinho;-25,38;-49,295;2025-03-14 09:10:00.0;0,20
CURITIBA;410690204A;PR;Pilarzinho;-25,38;-49,295;2025-03-14 10:00:00.0;0,20
CURITIBA;410690204A;PR;Pilarzinho;-25,38;-49,295;2025-03-14 11:00:00.0;0,00
CURITIBA;410690204A;PR;Pilarzinho;-25,38;-49,295;2025-03-14 12:00:00.0;0,00
CURITIBA;410690204A;PR;Pilarzinho;-25,38;-49,295;2025-03-14 13:00:00.0;0,00
CURITIBA;410690204A;PR;Pilarzinho;-25,38;-49,295;2025-03-14 14:00:00.0;0,00
CURITIBA;410690204A;PR;Pilarzinho;-25,38;-49,295;2025-03-14 15:00:00.0;0,00
CURITIBA;410690204A;PR;Pilarzinho;-25,38;-49,295;2025-03-14 16:00:00.0;0,00
CURITIBA;410690204A;PR;Pilarzinho;-25,38;-49,295;2025-03-14 17:00:00.0;0,00
CURITIBA;410690204A;PR;Pilarzinho;-25,38;-49,295;2025-03-14 18:00:00.0;0,00
CURITIBA;410690204A;PR;Pilarzinho;-25,38;-49,295;2025-03-14 19:00:00.0;0,00
CURITIBA;410690204A;PR;Pilarzinho;-25,38;-49,295;2025-03-14 20:00:00.0;0,00
CURITIBA;410690204A;PR;Pilarzinho;-25,38;-49,295;2025-03-14 21:00:00.0;0,00
CURITIBA;410690204A;PR;Pilarzinho;-25,38;-49,295;2025-03-14 22:00:00.0;0,00
CURITIBA;410690204A;PR;Pilarzinho;-25,38;-49,295;2025-03-14 23:00:00.0;0,00
CURITIBA;410690204A;PR;Pilarzinho;-25,38;-49,295;2025-03-15 00:00:00.0;0,00
CURITIBA;410690204A;PR;Pilarzinho;-25,38;-49,295;2025-03-15 01:00:00.0;0,00
CURITIBA;410690204A;PR;Pilarzinho;-25,38;-49,295;2025-03-15 02:00:00.0;0,00
CURITIBA;410690204A;PR;Pilarzinho;-25,38;-49,295;2025-03-15 03:00:00.0;0,00
CURITIBA;410690204A;PR;Pilarzinho;-25,38;-49,295;2025-03-15 04:00:00.0;0,00
CURITIBA;410690204A;PR;Pilarzinho;-25,38;-49,295;2025-03-15 05:00:00.0;0,00
CURITIBA;410690204A;PR;Pilarzinho;-25,38;-49,295;2025-03-15 06:00:00.0;0,00
CURITIBA;410690204A;PR;Pilarzinho;-25,38;-49,295;2025-03-15 07:00:00.0;0,00
CURITIBA;410690204A;PR;Pilarzinho;-25,38;-49,295;2025-03-15 08:00:00.0;0,00
CURITIBA;410690204A;PR;Pilarzinho;-25,38;-49,295;2025-03-15 09:00:00.0;0,00
CURITIBA;410690204A;PR;Pilarzinho;-25,38;-49,295;2025-03-15 10:00:00.0;0,00
CURITIBA;410690204A;PR;Pilarzinho;-25,38;-49,295;2025-03-15 11:00:00.0;0,00
CURITIBA;410690204A;PR;Pilarzinho;-25,38;-49,295;2025-03-15 12:00:00.0;0,00
CURITIBA;410690204A;PR;Pilarzinho;-25,38;-49,295;2025-03-15 13:00:00.0;0,00
CURITIBA;410690204A;PR;Pilarzinho;-25,38;-49,295;2025-03-15 14:00:00.0;0,00
CURITIBA;410690204A;PR;Pilarzinho;-25,38;-49,295;2025-03-15 15:00:00.0;0,00
CURITIBA;410690204A;PR;Pilarzinho;-25,38;-49,295;2025-03-15 16:00:00.0;0,00
CURITIBA;410690204A;PR;Pilarzinho;-25,38;-49,295;2025-03-15 17:00:00.0;0,00
CURITIBA;410690204A;PR;Pilarzinho;-25,38;-49,295;2025-03-15 18:00:00.0;0,00
CURITIBA;410690204A;PR;Pilarzinho;-25,38;-49,295;2025-03-15 19:00:00.0;0,00
CURITIBA;410690204A;PR;Pilarzinho;-25,38;-49,295;2025-03-15 20:00:00.0;0,00
CURITIBA;410690204A;PR;Pilarzinho;-25,38;-49,295;2025-03-15 21:00:00.0;0,00
CURITIBA;410690204A;PR;Pilarzinho;-25,38;-49,295;2025-03-15 21:30:00.0;0,20
CURITIBA;410690204A;PR;Pilarzinho;-25,38;-49,295;2025-03-15 21:50:00.0;0,20
CURITIBA;410690204A;PR;Pilarzinho;-25,38;-49,295;2025-03-15 22:00:00.0;0,00
CURITIBA;410690204A;PR;Pilarzinho;-25,38;-49,295;2025-03-15 22:10:00.0;0,20
CURITIBA;410690204A;PR;Pilarzinho;-25,38;-49,295;2025-03-15 22:30:00.0;0,20
CURITIBA;410690204A;PR;Pilarzinho;-25,38;-49,295;2025-03-15 22:50:00.0;0,20
CURITIBA;410690204A;PR;Pilarzinho;-25,38;-49,295;2025-03-15 23:00:00.0;0,00
CURITIBA;410690204A;PR;Pilarzinho;-25,38;-49,295;2025-03-15 23:10:00.0;0,20
CURITIBA;410690204A;PR;Pilarzinho;-25,38;-49,295;2025-03-15 23:30:00.0;0,20
CURITIBA;410690204A;PR;Pilarzinho;-25,38;-49,295;2025-03-15 23:40:00.0;0,20
CURITIBA;410690204A;PR;Pilarzinho;-25,38;-49,295;2025-03-16 00:00:00.0;0,20
CURITIBA;410690204A;PR;Pilarzinho;-25,38;-49,295;2025-03-16 00:20:00.0;0,20
CURITIBA;410690204A;PR;Pilarzinho;-25,38;-49,295;2025-03-16 00:30:00.0;0,20
CURITIBA;410690204A;PR;Pilarzinho;-25,38;-49,295;2025-03-16 00:50:00.0;0,20
CURITIBA;410690204A;PR;Pilarzinho;-25,38;-49,295;2025-03-16 01:00:00.0;0,00
CURITIBA;410690204A;PR;Pilarzinho;-25,38;-49,295;2025-03-16 01:10:00.0;0,20
CURITIBA;410690204A;PR;Pilarzinho;-25,38;-49,295;2025-03-16 01:20:00.0;0,20
CURITIBA;410690204A;PR;Pilarzinho;-25,38;-49,295;2025-03-16 01:40:00.0;0,20
CURITIBA;410690204A;PR;Pilarzinho;-25,38;-49,295;2025-03-16 02:00:00.0;0,20
CURITIBA;410690204A;PR;Pilarzinho;-25,38;-49,295;2025-03-16 02:20:00.0;0,20
CURITIBA;410690204A;PR;Pilarzinho;-25,38;-49,295;2025-03-16 02:40:00.0;0,20
CURITIBA;410690204A;PR;Pilarzinho;-25,38;-49,295;2025-03-16 02:50:00.0;0,20
CURITIBA;410690204A;PR;Pilarzinho;-25,38;-49,295;2025-03-16 03:00:00.0;0,00
CURITIBA;410690204A;PR;Pilarzinho;-25,38;-49,295;2025-03-16 03:10:00.0;0,20
CURITIBA;410690204A;PR;Pilarzinho;-25,38;-49,295;2025-03-16 03:30:00.0;0,20
CURITIBA;410690204A;PR;Pilarzinho;-25,38;-49,295;2025-03-16 03:50:00.0;0,20
CURITIBA;410690204A;PR;Pilarzinho;-25,38;-49,295;2025-03-16 04:00:00.0;0,00
CURITIBA;410690204A;PR;Pilarzinho;-25,38;-49,295;2025-03-16 04:10:00.0;0,20
CURITIBA;410690204A;PR;Pilarzinho;-25,38;-49,295;2025-03-16 04:20:00.0;0,20
CURITIBA;410690204A;PR;Pilarzinho;-25,38;-49,295;2025-03-16 04:40:00.0;0,20
CURITIBA;410690204A;PR;Pilarzinho;-25,38;-49,295;2025-03-16 05:00:00.0;0,20
CURITIBA;410690204A;PR;Pilarzinho;-25,38;-49,295;2025-03-16 05:20:00.0;0,20
CURITIBA;410690204A;PR;Pilarzinho;-25,38;-49,295;2025-03-16 05:30:00.0;0,20
CURITIBA;410690204A;PR;Pilarzinho;-25,38;-49,295;2025-03-16 05:50:00.0;0,20
CURITIBA;410690204A;PR;Pilarzinho;-25,38;-49,295;2025-03-16 06:00:00.0;0,00
CURITIBA;410690204A;PR;Pilarzinho;-25,38;-49,295;2025-03-16 06:10:00.0;0,20
CURITIBA;410690204A;PR;Pilarzinho;-25,38;-49,295;2025-03-16 06:30:00.0;0,20
CURITIBA;410690204A;PR;Pilarzinho;-25,38;-49,295;2025-03-16 06:50:00.0;0,20
CURITIBA;410690204A;PR;Pilarzinho;-25,38;-49,295;2025-03-16 07:10:00.0;0,20
CURITIBA;410690204A;PR;Pilarzinho;-25,38;-49,295;2025-03-16 07:20:00.0;0,20
CURITIBA;410690204A;PR;Pilarzinho;-25,38;-49,295;2025-03-16 07:40:00.0;0,20
CURITIBA;410690204A;PR;Pilarzinho;-25,38;-49,295;2025-03-16 08:00:00.0;0,20
CURITIBA;410690204A;PR;Pilarzinho;-25,38;-49,295;2025-03-16 08:20:00.0;0,20
CURITIBA;410690204A;PR;Pilarzinho;-25,38;-49,295;2025-03-16 08:40:00.0;0,20
CURITIBA;410690204A;PR;Pilarzinho;-25,38;-49,295;2025-03-16 08:50:00.0;0,20
CURITIBA;410690204A;PR;Pilarzinho;-25,38;-49,295;2025-03-16 09:00:00.0;0,00
CURITIBA;410690204A;PR;Pilarzinho;-25,38;-49,295;2025-03-16 09:10:00.0;0,20
CURITIBA;410690204A;PR;Pilarzinho;-25,38;-49,295;2025-03-16 09:30:00.0;0,20
CURITIBA;410690204A;PR;Pilarzinho;-25,38;-49,295;2025-03-16 09:50:00.0;0,20
CURITIBA;410690204A;PR;Pilarzinho;-25,38;-49,295;2025-03-16 10:00:00.0;0,00
CURITIBA;410690204A;PR;Pilarzinho;-25,38;-49,295;2025-03-16 10:20:00.0;0,20
CURITIBA;410690204A;PR;Pilarzinho;-25,38;-49,295;2025-03-16 10:40:00.0;0,20
CURITIBA;410690204A;PR;Pilarzinho;-25,38;-49,295;2025-03-16 11:00:00.0;0,20
CURITIBA;410690204A;PR;Pilarzinho;-25,38;-49,295;2025-03-16 11:20:00.0;0,20
CURITIBA;410690204A;PR;Pilarzinho;-25,38;-49,295;2025-03-16 11:40:00.0;0,20
CURITIBA;410690204A;PR;Pilarzinho;-25,38;-49,295;2025-03-16 12:00:00.0;0,20
CURITIBA;410690204A;PR;Pilarzinho;-25,38;-49,295;2025-03-16 12:10:00.0;0,20
CURITIBA;410690204A;PR;Pilarzinho;-25,38;-49,295;2025-03-16 12:30:00.0;0,20
CURITIBA;410690204A;PR;Pilarzinho;-25,38;-49,295;2025-03-16 12:50:00.0;0,20
CURITIBA;410690204A;PR;Pilarzinho;-25,38;-49,295;2025-03-16 13:00:00.0;0,00
CURITIBA;410690204A;PR;Pilarzinho;-25,38;-49,295;2025-03-16 13:10:00.0;0,20
CURITIBA;410690204A;PR;Pilarzinho;-25,38;-49,295;2025-03-16 13:30:00.0;0,20
CURITIBA;410690204A;PR;Pilarzinho;-25,38;-49,295;2025-03-16 13:50:00.0;0,20
CURITIBA;410690204A;PR;Pilarzinho;-25,38;-49,295;2025-03-16 14:00:00.0;0,00
CURITIBA;410690204A;PR;Pilarzinho;-25,38;-49,295;2025-03-16 14:10:00.0;0,20
CURITIBA;410690204A;PR;Pilarzinho;-25,38;-49,295;2025-03-16 14:30:00.0;0,20
CURITIBA;410690204A;PR;Pilarzinho;-25,38;-49,295;2025-03-16 14:50:00.0;0,20
CURITIBA;410690204A;PR;Pilarzinho;-25,38;-49,295;2025-03-16 15:00:00.0;0,20
CURITIBA;410690204A;PR;Pilarzinho;-25,38;-49,295;2025-03-16 15:20:00.0;0,20
CURITIBA;410690204A;PR;Pilarzinho;-25,38;-49,295;2025-03-16 15:40:00.0;0,20
CURITIBA;410690204A;PR;Pilarzinho;-25,38;-49,295;2025-03-16 16:00:00.0;0,20
CURITIBA;410690204A;PR;Pilarzinho;-25,38;-49,295;2025-03-16 16:20:00.0;0,20
CURITIBA;410690204A;PR;Pilarzinho;-25,38;-49,295;2025-03-16 16:40:00.0;0,20
CURITIBA;410690204A;PR;Pilarzinho;-25,38;-49,295;2025-03-16 17:00:00.0;0,00
CURITIBA;410690204A;PR;Pilarzinho;-25,38;-49,295;2025-03-16 17:20:00.0;0,20
CURITIBA;410690204A;PR;Pilarzinho;-25,38;-49,295;2025-03-16 18:00:00.0;0,00
CURITIBA;410690204A;PR;Pilarzinho;-25,38;-49,295;2025-03-16 19:00:00.0;0,00
CURITIBA;410690204A;PR;Pilarzinho;-25,38;-49,295;2025-03-16 20:00:00.0;0,00
CURITIBA;410690204A;PR;Pilarzinho;-25,38;-49,295;2025-03-16 21:00:00.0;0,00
CURITIBA;410690204A;PR;Pilarzinho;-25,38;-49,295;2025-03-16 22:00:00.0;0,00
CURITIBA;410690204A;PR;Pilarzinho;-25,38;-49,295;2025-03-16 23:00:00.0;0,00
CURITIBA;410690204A;PR;Pilarzinho;-25,38;-49,295;2025-03-17 00:00:00.0;0,00
CURITIBA;410690204A;PR;Pilarzinho;-25,38;-49,295;2025-03-17 01:00:00.0;0,00
CURITIBA;410690204A;PR;Pilarzinho;-25,38;-49,295;2025-03-17 02:00:00.0;0,00
CURITIBA;410690204A;PR;Pilarzinho;-25,38;-49,295;2025-03-17 03:00:00.0;0,00
CURITIBA;410690204A;PR;Pilarzinho;-25,38;-49,295;2025-03-17 04:00:00.0;0,00
CURITIBA;410690204A;PR;Pilarzinho;-25,38;-49,295;2025-03-17 05:00:00.0;0,00
CURITIBA;410690204A;PR;Pilarzinho;-25,38;-49,295;2025-03-17 06:00:00.0;0,00
CURITIBA;410690204A;PR;Pilarzinho;-25,38;-49,295;2025-03-17 07:00:00.0;0,00
CURITIBA;410690204A;PR;Pilarzinho;-25,38;-49,295;2025-03-17 08:00:00.0;0,00
CURITIBA;410690204A;PR;Pilarzinho;-25,38;-49,295;2025-03-17 09:00:00.0;0,00
CURITIBA;410690204A;PR;Pilarzinho;-25,38;-49,295;2025-03-17 10:00:00.0;0,00
CURITIBA;410690204A;PR;Pilarzinho;-25,38;-49,295;2025-03-17 11:00:00.0;0,00
CURITIBA;410690204A;PR;Pilarzinho;-25,38;-49,295;2025-03-17 12:00:00.0;0,00
CURITIBA;410690204A;PR;Pilarzinho;-25,38;-49,295;2025-03-17 13:00:00.0;0,00
CURITIBA;410690204A;PR;Pilarzinho;-25,38;-49,295;2025-03-17 14:00:00.0;0,00
CURITIBA;410690204A;PR;Pilarzinho;-25,38;-49,295;2025-03-17 15:00:00.0;0,00
CURITIBA;410690204A;PR;Pilarzinho;-25,38;-49,295;2025-03-17 16:00:00.0;0,00
CURITIBA;410690204A;PR;Pilarzinho;-25,38;-49,295;2025-03-17 17:00:00.0;0,00
CURITIBA;410690204A;PR;Pilarzinho;-25,38;-49,295;2025-03-17 18:00:00.0;0,00
CURITIBA;410690204A;PR;Pilarzinho;-25,38;-49,295;2025-03-17 19:00:00.0;0,00
CURITIBA;410690204A;PR;Pilarzinho;-25,38;-49,295;2025-03-17 20:00:00.0;0,00
CURITIBA;410690204A;PR;Pilarzinho;-25,38;-49,295;2025-03-17 21:00:00.0;0,00
CURITIBA;410690204A;PR;Pilarzinho;-25,38;-49,295;2025-03-17 22:10:00.0;0,00
CURITIBA;410690204A;PR;Pilarzinho;-25,38;-49,295;2025-03-17 23:00:00.0;0,00
CURITIBA;410690204A;PR;Pilarzinho;-25,38;-49,295;2025-03-18 00:00:00.0;0,00
CURITIBA;410690204A;PR;Pilarzinho;-25,38;-49,295;2025-03-18 01:00:00.0;0,00
CURITIBA;410690204A;PR;Pilarzinho;-25,38;-49,295;2025-03-18 02:00:00.0;0,00
CURITIBA;410690204A;PR;Pilarzinho;-25,38;-49,295;2025-03-18 03:00:00.0;0,00
CURITIBA;410690204A;PR;Pilarzinho;-25,38;-49,295;2025-03-18 04:00:00.0;0,00
CURITIBA;410690204A;PR;Pilarzinho;-25,38;-49,295;2025-03-18 05:00:00.0;0,00
CURITIBA;410690204A;PR;Pilarzinho;-25,38;-49,295;2025-03-18 06:00:00.0;0,00
CURITIBA;410690204A;PR;Pilarzinho;-25,38;-49,295;2025-03-18 07:00:00.0;0,00
CURITIBA;410690204A;PR;Pilarzinho;-25,38;-49,295;2025-03-18 08:00:00.0;0,00
CURITIBA;410690204A;PR;Pilarzinho;-25,38;-49,295;2025-03-18 09:00:00.0;0,00
CURITIBA;410690204A;PR;Pilarzinho;-25,38;-49,295;2025-03-18 10:00:00.0;0,00
CURITIBA;410690204A;PR;Pilarzinho;-25,38;-49,295;2025-03-18 11:00:00.0;0,00
CURITIBA;410690204A;PR;Pilarzinho;-25,38;-49,295;2025-03-18 12:00:00.0;0,00
CURITIBA;410690204A;PR;Pilarzinho;-25,38;-49,295;2025-03-18 13:00:00.0;0,00
CURITIBA;410690204A;PR;Pilarzinho;-25,38;-49,295;2025-03-18 14:00:00.0;0,00
CURITIBA;410690204A;PR;Pilarzinho;-25,38;-49,295;2025-03-18 15:00:00.0;0,00
CURITIBA;410690204A;PR;Pilarzinho;-25,38;-49,295;2025-03-18 16:00:00.0;0,00
CURITIBA;410690204A;PR;Pilarzinho;-25,38;-49,295;2025-03-18 17:00:00.0;0,00
CURITIBA;410690204A;PR;Pilarzinho;-25,38;-49,295;2025-03-18 18:00:00.0;0,00
CURITIBA;410690204A;PR;Pilarzinho;-25,38;-49,295;2025-03-18 19:00:00.0;0,00
CURITIBA;410690204A;PR;Pilarzinho;-25,38;-49,295;2025-03-18 20:00:00.0;0,00
CURITIBA;410690204A;PR;Pilarzinho;-25,38;-49,295;2025-03-18 21:00:00.0;0,00
CURITIBA;410690204A;PR;Pilarzinho;-25,38;-49,295;2025-03-18 22:00:00.0;0,00
CURITIBA;410690204A;PR;Pilarzinho;-25,38;-49,295;2025-03-18 23:00:00.0;0,00
CURITIBA;410690204A;PR;Pilarzinho;-25,38;-49,295;2025-03-19 00:00:00.0;0,20
CURITIBA;410690204A;PR;Pilarzinho;-25,38;-49,295;2025-03-19 00:50:00.0;0,20
CURITIBA;410690204A;PR;Pilarzinho;-25,38;-49,295;2025-03-19 01:00:00.0;0,00
CURITIBA;410690204A;PR;Pilarzinho;-25,38;-49,295;2025-03-19 01:30:00.0;0,20
CURITIBA;410690204A;PR;Pilarzinho;-25,38;-49,295;2025-03-19 02:00:00.0;0,00
CURITIBA;410690204A;PR;Pilarzinho;-25,38;-49,295;2025-03-19 02:10:00.0;0,20
CURITIBA;410690204A;PR;Pilarzinho;-25,38;-49,295;2025-03-19 03:00:00.0;0,00
CURITIBA;410690204A;PR;Pilarzinho;-25,38;-49,295;2025-03-19 03:10:00.0;0,20
CURITIBA;410690204A;PR;Pilarzinho;-25,38;-49,295;2025-03-19 04:00:00.0;0,00
CURITIBA;410690204A;PR;Pilarzinho;-25,38;-49,295;2025-03-19 04:10:00.0;0,20
CURITIBA;410690204A;PR;Pilarzinho;-25,38;-49,295;2025-03-19 05:00:00.0;0,00
CURITIBA;410690204A;PR;Pilarzinho;-25,38;-49,295;2025-03-19 06:00:00.0;0,20
CURITIBA;410690204A;PR;Pilarzinho;-25,38;-49,295;2025-03-19 06:10:00.0;0,00
CURITIBA;410690204A;PR;Pilarzinho;-25,38;-49,295;2025-03-19 07:00:00.0;0,00
CURITIBA;410690204A;PR;Pilarzinho;-25,38;-49,295;2025-03-19 08:00:00.0;0,00
CURITIBA;410690204A;PR;Pilarzinho;-25,38;-49,295;2025-03-19 09:00:00.0;0,00
CURITIBA;410690204A;PR;Pilarzinho;-25,38;-49,295;2025-03-19 10:00:00.0;0,00
CURITIBA;410690204A;PR;Pilarzinho;-25,38;-49,295;2025-03-19 11:00:00.0;0,00
CURITIBA;410690204A;PR;Pilarzinho;-25,38;-49,295;2025-03-19 12:00:00.0;0,00
CURITIBA;410690204A;PR;Pilarzinho;-25,38;-49,295;2025-03-19 13:00:00.0;0,00
CURITIBA;410690204A;PR;Pilarzinho;-25,38;-49,295;2025-03-19 14:00:00.0;0,00
CURITIBA;410690204A;PR;Pilarzinho;-25,38;-49,295;2025-03-19 15:00:00.0;0,00
CURITIBA;410690204A;PR;Pilarzinho;-25,38;-49,295;2025-03-19 16:00:00.0;0,00
CURITIBA;410690204A;PR;Pilarzinho;-25,38;-49,295;2025-03-19 17:00:00.0;0,00
CURITIBA;410690204A;PR;Pilarzinho;-25,38;-49,295;2025-03-19 18:00:00.0;0,00
CURITIBA;410690204A;PR;Pilarzinho;-25,38;-49,295;2025-03-19 19:00:00.0;0,00
CURITIBA;410690204A;PR;Pilarzinho;-25,38;-49,295;2025-03-19 20:00:00.0;0,00
CURITIBA;410690204A;PR;Pilarzinho;-25,38;-49,295;2025-03-19 21:00:00.0;0,00
CURITIBA;410690204A;PR;Pilarzinho;-25,38;-49,295;2025-03-19 22:00:00.0;0,00
CURITIBA;410690204A;PR;Pilarzinho;-25,38;-49,295;2025-03-19 23:00:00.0;0,00
CURITIBA;410690204A;PR;Pilarzinho;-25,38;-49,295;2025-03-20 00:00:00.0;0,00
CURITIBA;410690204A;PR;Pilarzinho;-25,38;-49,295;2025-03-20 01:00:00.0;0,00
CURITIBA;410690204A;PR;Pilarzinho;-25,38;-49,295;2025-03-20 02:00:00.0;0,00
CURITIBA;410690204A;PR;Pilarzinho;-25,38;-49,295;2025-03-20 03:00:00.0;0,00
CURITIBA;410690204A;PR;Pilarzinho;-25,38;-49,295;2025-03-20 04:00:00.0;0,00
CURITIBA;410690204A;PR;Pilarzinho;-25,38;-49,295;2025-03-20 05:00:00.0;0,00
CURITIBA;410690204A;PR;Pilarzinho;-25,38;-49,295;2025-03-20 06:00:00.0;0,00
CURITIBA;410690204A;PR;Pilarzinho;-25,38;-49,295;2025-03-20 07:00:00.0;0,00
CURITIBA;410690204A;PR;Pilarzinho;-25,38;-49,295;2025-03-20 08:00:00.0;0,00
CURITIBA;410690204A;PR;Pilarzinho;-25,38;-49,295;2025-03-20 09:00:00.0;0,00
CURITIBA;410690204A;PR;Pilarzinho;-25,38;-49,295;2025-03-20 10:00:00.0;0,00
CURITIBA;410690204A;PR;Pilarzinho;-25,38;-49,295;2025-03-20 11:00:00.0;0,00
CURITIBA;410690204A;PR;Pilarzinho;-25,38;-49,295;2025-03-20 12:00:00.0;0,00
CURITIBA;410690204A;PR;Pilarzinho;-25,38;-49,295;2025-03-20 13:00:00.0;0,00
CURITIBA;410690204A;PR;Pilarzinho;-25,38;-49,295;2025-03-20 14:00:00.0;0,00
CURITIBA;410690204A;PR;Pilarzinho;-25,38;-49,295;2025-03-20 15:00:00.0;0,00
CURITIBA;410690204A;PR;Pilarzinho;-25,38;-49,295;2025-03-20 16:00:00.0;0,00
CURITIBA;410690204A;PR;Pilarzinho;-25,38;-49,295;2025-03-20 17:00:00.0;0,00
CURITIBA;410690204A;PR;Pilarzinho;-25,38;-49,295;2025-03-20 18:00:00.0;0,00
CURITIBA;410690204A;PR;Pilarzinho;-25,38;-49,295;2025-03-20 19:00:00.0;0,00
CURITIBA;410690204A;PR;Pilarzinho;-25,38;-49,295;2025-03-20 20:00:00.0;0,00
CURITIBA;410690204A;PR;Pilarzinho;-25,38;-49,295;2025-03-20 21:00:00.0;0,00
CURITIBA;410690204A;PR;Pilarzinho;-25,38;-49,295;2025-03-20 22:00:00.0;0,00
CURITIBA;410690204A;PR;Pilarzinho;-25,38;-49,295;2025-03-20 23:00:00.0;0,00
CURITIBA;410690204A;PR;Pilarzinho;-25,38;-49,295;2025-03-21 00:00:00.0;0,00
CURITIBA;410690204A;PR;Pilarzinho;-25,38;-49,295;2025-03-21 01:00:00.0;0,00
CURITIBA;410690204A;PR;Pilarzinho;-25,38;-49,295;2025-03-21 02:00:00.0;0,00
CURITIBA;410690204A;PR;Pilarzinho;-25,38;-49,295;2025-03-21 03:00:00.0;0,00
CURITIBA;410690204A;PR;Pilarzinho;-25,38;-49,295;2025-03-21 04:00:00.0;0,00
CURITIBA;410690204A;PR;Pilarzinho;-25,38;-49,295;2025-03-21 05:00:00.0;0,00
CURITIBA;410690204A;PR;Pilarzinho;-25,38;-49,295;2025-03-21 06:00:00.0;0,00
CURITIBA;410690204A;PR;Pilarzinho;-25,38;-49,295;2025-03-21 07:00:00.0;0,00
CURITIBA;410690204A;PR;Pilarzinho;-25,38;-49,295;2025-03-21 08:00:00.0;0,00
CURITIBA;410690204A;PR;Pilarzinho;-25,38;-49,295;2025-03-21 09:00:00.0;0,00
CURITIBA;410690204A;PR;Pilarzinho;-25,38;-49,295;2025-03-21 10:00:00.0;0,00
CURITIBA;410690204A;PR;Pilarzinho;-25,38;-49,295;2025-03-21 11:00:00.0;0,00
CURITIBA;410690204A;PR;Pilarzinho;-25,38;-49,295;2025-03-21 12:00:00.0;0,00
CURITIBA;410690204A;PR;Pilarzinho;-25,38;-49,295;2025-03-21 13:00:00.0;0,00
CURITIBA;410690204A;PR;Pilarzinho;-25,38;-49,295;2025-03-21 14:00:00.0;0,00
CURITIBA;410690204A;PR;Pilarzinho;-25,38;-49,295;2025-03-21 15:00:00.0;0,00
CURITIBA;410690204A;PR;Pilarzinho;-25,38;-49,295;2025-03-21 16:00:00.0;0,00
CURITIBA;410690204A;PR;Pilarzinho;-25,38;-49,295;2025-03-21 17:00:00.0;0,00
CURITIBA;410690204A;PR;Pilarzinho;-25,38;-49,295;2025-03-21 18:00:00.0;0,00
CURITIBA;410690204A;PR;Pilarzinho;-25,38;-49,295;2025-03-21 19:00:00.0;0,00
CURITIBA;410690204A;PR;Pilarzinho;-25,38;-49,295;2025-03-21 20:00:00.0;0,00
CURITIBA;410690204A;PR;Pilarzinho;-25,38;-49,295;2025-03-21 21:00:00.0;0,00
CURITIBA;410690204A;PR;Pilarzinho;-25,38;-49,295;2025-03-21 22:00:00.0;0,00
CURITIBA;410690204A;PR;Pilarzinho;-25,38;-49,295;2025-03-21 23:00:00.0;0,00
CURITIBA;410690204A;PR;Pilarzinho;-25,38;-49,295;2025-03-22 00:00:00.0;0,00
CURITIBA;410690204A;PR;Pilarzinho;-25,38;-49,295;2025-03-22 01:00:00.0;0,00
CURITIBA;410690204A;PR;Pilarzinho;-25,38;-49,295;2025-03-22 02:00:00.0;0,00
CURITIBA;410690204A;PR;Pilarzinho;-25,38;-49,295;2025-03-22 03:00:00.0;0,00
CURITIBA;410690204A;PR;Pilarzinho;-25,38;-49,295;2025-03-22 04:00:00.0;0,00
CURITIBA;410690204A;PR;Pilarzinho;-25,38;-49,295;2025-03-22 05:00:00.0;0,00
CURITIBA;410690204A;PR;Pilarzinho;-25,38;-49,295;2025-03-22 06:00:00.0;0,00
CURITIBA;410690204A;PR;Pilarzinho;-25,38;-49,295;2025-03-22 07:00:00.0;0,00
CURITIBA;410690204A;PR;Pilarzinho;-25,38;-49,295;2025-03-22 08:00:00.0;0,00
CURITIBA;410690204A;PR;Pilarzinho;-25,38;-49,295;2025-03-22 09:00:00.0;0,00
CURITIBA;410690204A;PR;Pilarzinho;-25,38;-49,295;2025-03-22 10:00:00.0;0,00
CURITIBA;410690204A;PR;Pilarzinho;-25,38;-49,295;2025-03-22 11:00:00.0;0,00
CURITIBA;410690204A;PR;Pilarzinho;-25,38;-49,295;2025-03-22 12:00:00.0;0,00
CURITIBA;410690204A;PR;Pilarzinho;-25,38;-49,295;2025-03-22 13:00:00.0;0,00
CURITIBA;410690204A;PR;Pilarzinho;-25,38;-49,295;2025-03-22 14:00:00.0;0,00
CURITIBA;410690204A;PR;Pilarzinho;-25,38;-49,295;2025-03-22 15:00:00.0;0,00
CURITIBA;410690204A;PR;Pilarzinho;-25,38;-49,295;2025-03-22 16:00:00.0;0,00
CURITIBA;410690204A;PR;Pilarzinho;-25,38;-49,295;2025-03-22 17:00:00.0;0,00
CURITIBA;410690204A;PR;Pilarzinho;-25,38;-49,295;2025-03-22 18:00:00.0;0,00
CURITIBA;410690204A;PR;Pilarzinho;-25,38;-49,295;2025-03-22 19:00:00.0;0,00
CURITIBA;410690204A;PR;Pilarzinho;-25,38;-49,295;2025-03-22 20:00:00.0;0,00
CURITIBA;410690204A;PR;Pilarzinho;-25,38;-49,295;2025-03-22 21:00:00.0;0,00
CURITIBA;410690204A;PR;Pilarzinho;-25,38;-49,295;2025-03-22 22:00:00.0;0,00
CURITIBA;410690204A;PR;Pilarzinho;-25,38;-49,295;2025-03-22 23:00:00.0;0,00
CURITIBA;410690204A;PR;Pilarzinho;-25,38;-49,295;2025-03-23 00:00:00.0;0,00
CURITIBA;410690204A;PR;Pilarzinho;-25,38;-49,295;2025-03-23 01:00:00.0;0,00
CURITIBA;410690204A;PR;Pilarzinho;-25,38;-49,295;2025-03-23 02:00:00.0;0,00
CURITIBA;410690204A;PR;Pilarzinho;-25,38;-49,295;2025-03-23 03:00:00.0;0,00
CURITIBA;410690204A;PR;Pilarzinho;-25,38;-49,295;2025-03-23 04:00:00.0;0,00
CURITIBA;410690204A;PR;Pilarzinho;-25,38;-49,295;2025-03-23 05:00:00.0;0,00
CURITIBA;410690204A;PR;Pilarzinho;-25,38;-49,295;2025-03-23 06:00:00.0;0,00
CURITIBA;410690204A;PR;Pilarzinho;-25,38;-49,295;2025-03-23 07:00:00.0;0,00
CURITIBA;410690204A;PR;Pilarzinho;-25,38;-49,295;2025-03-23 08:00:00.0;0,00
CURITIBA;410690204A;PR;Pilarzinho;-25,38;-49,295;2025-03-23 09:00:00.0;0,00
CURITIBA;410690204A;PR;Pilarzinho;-25,38;-49,295;2025-03-23 10:00:00.0;0,00
CURITIBA;410690204A;PR;Pilarzinho;-25,38;-49,295;2025-03-23 11:00:00.0;0,00
CURITIBA;410690204A;PR;Pilarzinho;-25,38;-49,295;2025-03-23 12:00:00.0;0,00
CURITIBA;410690204A;PR;Pilarzinho;-25,38;-49,295;2025-03-23 13:00:00.0;0,00
CURITIBA;410690204A;PR;Pilarzinho;-25,38;-49,295;2025-03-23 14:00:00.0;0,00
CURITIBA;410690204A;PR;Pilarzinho;-25,38;-49,295;2025-03-23 15:00:00.0;0,00
CURITIBA;410690204A;PR;Pilarzinho;-25,38;-49,295;2025-03-23 16:00:00.0;0,00
CURITIBA;410690204A;PR;Pilarzinho;-25,38;-49,295;2025-03-23 17:00:00.0;0,00
CURITIBA;410690204A;PR;Pilarzinho;-25,38;-49,295;2025-03-23 18:00:00.0;0,00
CURITIBA;410690204A;PR;Pilarzinho;-25,38;-49,295;2025-03-23 19:00:00.0;0,00
CURITIBA;410690204A;PR;Pilarzinho;-25,38;-49,295;2025-03-23 20:00:00.0;0,00
CURITIBA;410690204A;PR;Pilarzinho;-25,38;-49,295;2025-03-23 21:00:00.0;0,00
CURITIBA;410690204A;PR;Pilarzinho;-25,38;-49,295;2025-03-23 22:00:00.0;0,00
CURITIBA;410690204A;PR;Pilarzinho;-25,38;-49,295;2025-03-23 23:00:00.0;0,00
CURITIBA;410690204A;PR;Pilarzinho;-25,38;-49,295;2025-03-24 00:00:00.0;0,00
CURITIBA;410690204A;PR;Pilarzinho;-25,38;-49,295;2025-03-24 01:00:00.0;0,00
CURITIBA;410690204A;PR;Pilarzinho;-25,38;-49,295;2025-03-24 02:00:00.0;0,00
CURITIBA;410690204A;PR;Pilarzinho;-25,38;-49,295;2025-03-24 03:00:00.0;0,00
CURITIBA;410690204A;PR;Pilarzinho;-25,38;-49,295;2025-03-24 04:00:00.0;0,00
CURITIBA;410690204A;PR;Pilarzinho;-25,38;-49,295;2025-03-24 05:00:00.0;0,00
CURITIBA;410690204A;PR;Pilarzinho;-25,38;-49,295;2025-03-24 06:00:00.0;0,00
CURITIBA;410690204A;PR;Pilarzinho;-25,38;-49,295;2025-03-24 07:00:00.0;0,00
CURITIBA;410690204A;PR;Pilarzinho;-25,38;-49,295;2025-03-24 08:00:00.0;0,00
CURITIBA;410690204A;PR;Pilarzinho;-25,38;-49,295;2025-03-24 09:00:00.0;0,00
CURITIBA;410690204A;PR;Pilarzinho;-25,38;-49,295;2025-03-24 10:00:00.0;0,00
CURITIBA;410690204A;PR;Pilarzinho;-25,38;-49,295;2025-03-24 11:00:00.0;0,00
CURITIBA;410690204A;PR;Pilarzinho;-25,38;-49,295;2025-03-24 12:00:00.0;0,00
CURITIBA;410690204A;PR;Pilarzinho;-25,38;-49,295;2025-03-24 13:00:00.0;0,00
CURITIBA;410690204A;PR;Pilarzinho;-25,38;-49,295;2025-03-24 14:00:00.0;0,00
CURITIBA;410690204A;PR;Pilarzinho;-25,38;-49,295;2025-03-24 15:00:00.0;0,00
CURITIBA;410690204A;PR;Pilarzinho;-25,38;-49,295;2025-03-24 16:00:00.0;0,00
CURITIBA;410690204A;PR;Pilarzinho;-25,38;-49,295;2025-03-24 17:00:00.0;0,00
CURITIBA;410690204A;PR;Pilarzinho;-25,38;-49,295;2025-03-24 18:00:00.0;0,00
CURITIBA;410690204A;PR;Pilarzinho;-25,38;-49,295;2025-03-24 19:00:00.0;0,00
CURITIBA;410690204A;PR;Pilarzinho;-25,38;-49,295;2025-03-24 20:00:00.0;0,00
CURITIBA;410690204A;PR;Pilarzinho;-25,38;-49,295;2025-03-24 21:00:00.0;0,00
CURITIBA;410690204A;PR;Pilarzinho;-25,38;-49,295;2025-03-24 22:00:00.0;0,00
CURITIBA;410690204A;PR;Pilarzinho;-25,38;-49,295;2025-03-24 23:00:00.0;0,00
CURITIBA;410690204A;PR;Pilarzinho;-25,38;-49,295;2025-03-25 00:00:00.0;0,00
CURITIBA;410690204A;PR;Pilarzinho;-25,38;-49,295;2025-03-25 01:00:00.0;0,00
CURITIBA;410690204A;PR;Pilarzinho;-25,38;-49,295;2025-03-25 02:00:00.0;0,00
CURITIBA;410690204A;PR;Pilarzinho;-25,38;-49,295;2025-03-25 03:00:00.0;0,00
CURITIBA;410690204A;PR;Pilarzinho;-25,38;-49,295;2025-03-25 04:00:00.0;0,00
CURITIBA;410690204A;PR;Pilarzinho;-25,38;-49,295;2025-03-25 05:00:00.0;0,00
CURITIBA;410690204A;PR;Pilarzinho;-25,38;-49,295;2025-03-25 06:00:00.0;0,00
CURITIBA;410690204A;PR;Pilarzinho;-25,38;-49,295;2025-03-25 07:00:00.0;0,00
CURITIBA;410690204A;PR;Pilarzinho;-25,38;-49,295;2025-03-25 08:00:00.0;0,00
CURITIBA;410690204A;PR;Pilarzinho;-25,38;-49,295;2025-03-25 09:00:00.0;0,00
CURITIBA;410690204A;PR;Pilarzinho;-25,38;-49,295;2025-03-25 10:00:00.0;0,00
CURITIBA;410690204A;PR;Pilarzinho;-25,38;-49,295;2025-03-25 11:00:00.0;0,00
CURITIBA;410690204A;PR;Pilarzinho;-25,38;-49,295;2025-03-25 12:00:00.0;0,00
CURITIBA;410690204A;PR;Pilarzinho;-25,38;-49,295;2025-03-25 13:00:00.0;0,00
CURITIBA;410690204A;PR;Pilarzinho;-25,38;-49,295;2025-03-25 14:00:00.0;0,00
CURITIBA;410690204A;PR;Pilarzinho;-25,38;-49,295;2025-03-25 15:00:00.0;0,00
CURITIBA;410690204A;PR;Pilarzinho;-25,38;-49,295;2025-03-25 16:00:00.0;0,00
CURITIBA;410690204A;PR;Pilarzinho;-25,38;-49,295;2025-03-25 17:00:00.0;0,00
CURITIBA;410690204A;PR;Pilarzinho;-25,38;-49,295;2025-03-25 18:00:00.0;0,00
CURITIBA;410690204A;PR;Pilarzinho;-25,38;-49,295;2025-03-25 19:00:00.0;0,00
CURITIBA;410690204A;PR;Pilarzinho;-25,38;-49,295;2025-03-25 20:00:00.0;0,00
CURITIBA;410690204A;PR;Pilarzinho;-25,38;-49,295;2025-03-25 21:00:00.0;0,00
CURITIBA;410690204A;PR;Pilarzinho;-25,38;-49,295;2025-03-25 22:00:00.0;0,00
CURITIBA;410690204A;PR;Pilarzinho;-25,38;-49,295;2025-03-25 23:00:00.0;0,00
CURITIBA;410690204A;PR;Pilarzinho;-25,38;-49,295;2025-03-26 00:00:00.0;0,00
CURITIBA;410690204A;PR;Pilarzinho;-25,38;-49,295;2025-03-26 01:00:00.0;0,00
CURITIBA;410690204A;PR;Pilarzinho;-25,38;-49,295;2025-03-26 02:00:00.0;0,00
CURITIBA;410690204A;PR;Pilarzinho;-25,38;-49,295;2025-03-26 03:00:00.0;0,00
CURITIBA;410690204A;PR;Pilarzinho;-25,38;-49,295;2025-03-26 04:00:00.0;0,00
CURITIBA;410690204A;PR;Pilarzinho;-25,38;-49,295;2025-03-26 04:30:00.0;0,20
CURITIBA;410690204A;PR;Pilarzinho;-25,38;-49,295;2025-03-26 05:00:00.0;0,00
CURITIBA;410690204A;PR;Pilarzinho;-25,38;-49,295;2025-03-26 05:10:00.0;0,20
CURITIBA;410690204A;PR;Pilarzinho;-25,38;-49,295;2025-03-26 06:00:00.0;0,00
CURITIBA;410690204A;PR;Pilarzinho;-25,38;-49,295;2025-03-26 07:00:00.0;0,00
CURITIBA;410690204A;PR;Pilarzinho;-25,38;-49,295;2025-03-26 08:00:00.0;0,00
CURITIBA;410690204A;PR;Pilarzinho;-25,38;-49,295;2025-03-26 09:00:00.0;0,00
CURITIBA;410690204A;PR;Pilarzinho;-25,38;-49,295;2025-03-26 10:00:00.0;0,00
CURITIBA;410690204A;PR;Pilarzinho;-25,38;-49,295;2025-03-26 11:00:00.0;0,00
CURITIBA;410690204A;PR;Pilarzinho;-25,38;-49,295;2025-03-26 12:00:00.0;0,00
CURITIBA;410690204A;PR;Pilarzinho;-25,38;-49,295;2025-03-26 12:40:00.0;0,20
CURITIBA;410690204A;PR;Pilarzinho;-25,38;-49,295;2025-03-26 13:00:00.0;0,00
CURITIBA;410690204A;PR;Pilarzinho;-25,38;-49,295;2025-03-26 14:00:00.0;0,00
CURITIBA;410690204A;PR;Pilarzinho;-25,38;-49,295;2025-03-26 16:00:00.0;0,00
CURITIBA;410690204A;PR;Pilarzinho;-25,38;-49,295;2025-03-26 17:00:00.0;0,00
CURITIBA;410690204A;PR;Pilarzinho;-25,38;-49,295;2025-03-26 18:00:00.0;0,00
CURITIBA;410690204A;PR;Pilarzinho;-25,38;-49,295;2025-03-26 19:00:00.0;0,00
CURITIBA;410690204A;PR;Pilarzinho;-25,38;-49,295;2025-03-26 20:00:00.0;0,00
CURITIBA;410690204A;PR;Pilarzinho;-25,38;-49,295;2025-03-26 21:00:00.0;0,00
CURITIBA;410690204A;PR;Pilarzinho;-25,38;-49,295;2025-03-26 22:00:00.0;0,00
CURITIBA;410690204A;PR;Pilarzinho;-25,38;-49,295;2025-03-26 23:00:00.0;0,00
CURITIBA;410690204A;PR;Pilarzinho;-25,38;-49,295;2025-03-27 00:00:00.0;0,00
CURITIBA;410690204A;PR;Pilarzinho;-25,38;-49,295;2025-03-27 01:00:00.0;0,00
CURITIBA;410690204A;PR;Pilarzinho;-25,38;-49,295;2025-03-27 02:00:00.0;0,00
CURITIBA;410690204A;PR;Pilarzinho;-25,38;-49,295;2025-03-27 03:00:00.0;0,00
CURITIBA;410690204A;PR;Pilarzinho;-25,38;-49,295;2025-03-27 04:00:00.0;0,00
CURITIBA;410690204A;PR;Pilarzinho;-25,38;-49,295;2025-03-27 05:00:00.0;0,00
CURITIBA;410690204A;PR;Pilarzinho;-25,38;-49,295;2025-03-27 06:00:00.0;0,00
CURITIBA;410690204A;PR;Pilarzinho;-25,38;-49,295;2025-03-27 07:00:00.0;0,00
CURITIBA;410690204A;PR;Pilarzinho;-25,38;-49,295;2025-03-27 08:00:00.0;0,00
CURITIBA;410690204A;PR;Pilarzinho;-25,38;-49,295;2025-03-27 09:00:00.0;0,00
CURITIBA;410690204A;PR;Pilarzinho;-25,38;-49,295;2025-03-27 10:00:00.0;0,00
CURITIBA;410690204A;PR;Pilarzinho;-25,38;-49,295;2025-03-27 11:00:00.0;0,00
CURITIBA;410690204A;PR;Pilarzinho;-25,38;-49,295;2025-03-27 12:00:00.0;0,00
CURITIBA;410690204A;PR;Pilarzinho;-25,38;-49,295;2025-03-27 13:00:00.0;0,00
CURITIBA;410690204A;PR;Pilarzinho;-25,38;-49,295;2025-03-27 14:00:00.0;0,00
CURITIBA;410690204A;PR;Pilarzinho;-25,38;-49,295;2025-03-27 15:00:00.0;0,00
CURITIBA;410690204A;PR;Pilarzinho;-25,38;-49,295;2025-03-27 16:00:00.0;0,00
CURITIBA;410690204A;PR;Pilarzinho;-25,38;-49,295;2025-03-27 17:00:00.0;0,00
CURITIBA;410690204A;PR;Pilarzinho;-25,38;-49,295;2025-03-27 18:00:00.0;0,00
CURITIBA;410690204A;PR;Pilarzinho;-25,38;-49,295;2025-03-27 19:00:00.0;0,00
CURITIBA;410690204A;PR;Pilarzinho;-25,38;-49,295;2025-03-27 20:00:00.0;0,00
CURITIBA;410690204A;PR;Pilarzinho;-25,38;-49,295;2025-03-27 21:00:00.0;0,00
CURITIBA;410690204A;PR;Pilarzinho;-25,38;-49,295;2025-03-27 22:00:00.0;0,00
CURITIBA;410690204A;PR;Pilarzinho;-25,38;-49,295;2025-03-27 23:00:00.0;0,00
CURITIBA;410690204A;PR;Pilarzinho;-25,38;-49,295;2025-03-28 00:00:00.0;0,00
CURITIBA;410690204A;PR;Pilarzinho;-25,38;-49,295;2025-03-28 01:00:00.0;0,00
CURITIBA;410690204A;PR;Pilarzinho;-25,38;-49,295;2025-03-28 02:00:00.0;0,00
CURITIBA;410690204A;PR;Pilarzinho;-25,38;-49,295;2025-03-28 03:00:00.0;0,00
CURITIBA;410690204A;PR;Pilarzinho;-25,38;-49,295;2025-03-28 04:00:00.0;0,00
CURITIBA;410690204A;PR;Pilarzinho;-25,38;-49,295;2025-03-28 05:00:00.0;0,00
CURITIBA;410690204A;PR;Pilarzinho;-25,38;-49,295;2025-03-28 06:00:00.0;0,00
CURITIBA;410690204A;PR;Pilarzinho;-25,38;-49,295;2025-03-28 07:00:00.0;0,00
CURITIBA;410690204A;PR;Pilarzinho;-25,38;-49,295;2025-03-28 08:00:00.0;0,00
CURITIBA;410690204A;PR;Pilarzinho;-25,38;-49,295;2025-03-28 09:00:00.0;0,00
CURITIBA;410690204A;PR;Pilarzinho;-25,38;-49,295;2025-03-28 10:00:00.0;0,00
CURITIBA;410690204A;PR;Pilarzinho;-25,38;-49,295;2025-03-28 11:00:00.0;0,00
CURITIBA;410690204A;PR;Pilarzinho;-25,38;-49,295;2025-03-28 12:00:00.0;0,00
CURITIBA;410690204A;PR;Pilarzinho;-25,38;-49,295;2025-03-28 13:00:00.0;0,00
CURITIBA;410690204A;PR;Pilarzinho;-25,38;-49,295;2025-03-28 14:00:00.0;0,00
CURITIBA;410690204A;PR;Pilarzinho;-25,38;-49,295;2025-03-28 15:00:00.0;0,00
CURITIBA;410690204A;PR;Pilarzinho;-25,38;-49,295;2025-03-28 16:00:00.0;0,00
CURITIBA;410690204A;PR;Pilarzinho;-25,38;-49,295;2025-03-28 17:00:00.0;0,00
CURITIBA;410690204A;PR;Pilarzinho;-25,38;-49,295;2025-03-28 18:00:00.0;0,00
CURITIBA;410690204A;PR;Pilarzinho;-25,38;-49,295;2025-03-28 19:00:00.0;0,00
CURITIBA;410690204A;PR;Pilarzinho;-25,38;-49,295;2025-03-28 20:00:00.0;0,00
CURITIBA;410690204A;PR;Pilarzinho;-25,38;-49,295;2025-03-28 21:00:00.0;0,00
CURITIBA;410690204A;PR;Pilarzinho;-25,38;-49,295;2025-03-28 22:00:00.0;0,00
CURITIBA;410690204A;PR;Pilarzinho;-25,38;-49,295;2025-03-28 23:00:00.0;0,00
CURITIBA;410690204A;PR;Pilarzinho;-25,38;-49,295;2025-03-29 00:00:00.0;0,00
CURITIBA;410690204A;PR;Pilarzinho;-25,38;-49,295;2025-03-29 01:00:00.0;0,00
CURITIBA;410690204A;PR;Pilarzinho;-25,38;-49,295;2025-03-29 02:00:00.0;0,00
CURITIBA;410690204A;PR;Pilarzinho;-25,38;-49,295;2025-03-29 03:00:00.0;0,00
CURITIBA;410690204A;PR;Pilarzinho;-25,38;-49,295;2025-03-29 04:00:00.0;0,00
CURITIBA;410690204A;PR;Pilarzinho;-25,38;-49,295;2025-03-29 05:00:00.0;0,00
CURITIBA;410690204A;PR;Pilarzinho;-25,38;-49,295;2025-03-29 06:00:00.0;0,00
CURITIBA;410690204A;PR;Pilarzinho;-25,38;-49,295;2025-03-29 07:00:00.0;0,00
CURITIBA;410690204A;PR;Pilarzinho;-25,38;-49,295;2025-03-29 08:00:00.0;0,00
CURITIBA;410690204A;PR;Pilarzinho;-25,38;-49,295;2025-03-29 09:00:00.0;0,00
CURITIBA;410690204A;PR;Pilarzinho;-25,38;-49,295;2025-03-29 10:00:00.0;0,00
CURITIBA;410690204A;PR;Pilarzinho;-25,38;-49,295;2025-03-29 11:00:00.0;0,00
CURITIBA;410690204A;PR;Pilarzinho;-25,38;-49,295;2025-03-29 12:00:00.0;0,00
CURITIBA;410690204A;PR;Pilarzinho;-25,38;-49,295;2025-03-29 13:00:00.0;0,00
CURITIBA;410690204A;PR;Pilarzinho;-25,38;-49,295;2025-03-29 14:00:00.0;0,00
CURITIBA;410690204A;PR;Pilarzinho;-25,38;-49,295;2025-03-29 15:00:00.0;0,00
CURITIBA;410690204A;PR;Pilarzinho;-25,38;-49,295;2025-03-29 16:00:00.0;0,00
CURITIBA;410690204A;PR;Pilarzinho;-25,38;-49,295;2025-03-29 17:00:00.0;0,00
CURITIBA;410690204A;PR;Pilarzinho;-25,38;-49,295;2025-03-29 18:00:00.0;0,00
CURITIBA;410690204A;PR;Pilarzinho;-25,38;-49,295;2025-03-29 19:00:00.0;0,00
CURITIBA;410690204A;PR;Pilarzinho;-25,38;-49,295;2025-03-29 20:00:00.0;0,00
CURITIBA;410690204A;PR;Pilarzinho;-25,38;-49,295;2025-03-29 21:00:00.0;0,00
CURITIBA;410690204A;PR;Pilarzinho;-25,38;-49,295;2025-03-29 22:00:00.0;0,00
CURITIBA;410690204A;PR;Pilarzinho;-25,38;-49,295;2025-03-29 23:00:00.0;0,00
CURITIBA;410690204A;PR;Pilarzinho;-25,38;-49,295;2025-03-30 00:00:00.0;0,00
CURITIBA;410690204A;PR;Pilarzinho;-25,38;-49,295;2025-03-30 01:00:00.0;0,00
CURITIBA;410690204A;PR;Pilarzinho;-25,38;-49,295;2025-03-30 02:00:00.0;0,00
CURITIBA;410690204A;PR;Pilarzinho;-25,38;-49,295;2025-03-30 03:00:00.0;0,00
CURITIBA;410690204A;PR;Pilarzinho;-25,38;-49,295;2025-03-30 04:00:00.0;0,00
CURITIBA;410690204A;PR;Pilarzinho;-25,38;-49,295;2025-03-30 05:00:00.0;0,00
CURITIBA;410690204A;PR;Pilarzinho;-25,38;-49,295;2025-03-30 06:00:00.0;0,00
CURITIBA;410690204A;PR;Pilarzinho;-25,38;-49,295;2025-03-30 07:00:00.0;0,00
CURITIBA;410690204A;PR;Pilarzinho;-25,38;-49,295;2025-03-30 08:00:00.0;0,00
CURITIBA;410690204A;PR;Pilarzinho;-25,38;-49,295;2025-03-30 09:00:00.0;0,00
CURITIBA;410690204A;PR;Pilarzinho;-25,38;-49,295;2025-03-30 10:00:00.0;0,00
CURITIBA;410690204A;PR;Pilarzinho;-25,38;-49,295;2025-03-30 11:00:00.0;0,00
CURITIBA;410690204A;PR;Pilarzinho;-25,38;-49,295;2025-03-30 12:00:00.0;0,00
CURITIBA;410690204A;PR;Pilarzinho;-25,38;-49,295;2025-03-30 13:00:00.0;0,00
CURITIBA;410690204A;PR;Pilarzinho;-25,38;-49,295;2025-03-30 14:00:00.0;0,00
CURITIBA;410690204A;PR;Pilarzinho;-25,38;-49,295;2025-03-30 15:00:00.0;0,00
CURITIBA;410690204A;PR;Pilarzinho;-25,38;-49,295;2025-03-30 16:00:00.0;0,00
CURITIBA;410690204A;PR;Pilarzinho;-25,38;-49,295;2025-03-30 17:00:00.0;0,00
CURITIBA;410690204A;PR;Pilarzinho;-25,38;-49,295;2025-03-30 18:00:00.0;0,00
CURITIBA;410690204A;PR;Pilarzinho;-25,38;-49,295;2025-03-30 19:00:00.0;0,00
CURITIBA;410690204A;PR;Pilarzinho;-25,38;-49,295;2025-03-30 20:00:00.0;0,00
CURITIBA;410690204A;PR;Pilarzinho;-25,38;-49,295;2025-03-30 21:00:00.0;0,00
CURITIBA;410690204A;PR;Pilarzinho;-25,38;-49,295;2025-03-30 22:00:00.0;0,00
CURITIBA;410690204A;PR;Pilarzinho;-25,38;-49,295;2025-03-30 23:00:00.0;0,00
CURITIBA;410690204A;PR;Pilarzinho;-25,38;-49,295;2025-03-31 00:00:00.0;0,00
CURITIBA;410690204A;PR;Pilarzinho;-25,38;-49,295;2025-03-31 01:00:00.0;0,00
CURITIBA;410690204A;PR;Pilarzinho;-25,38;-49,295;2025-03-31 02:00:00.0;0,00
CURITIBA;410690204A;PR;Pilarzinho;-25,38;-49,295;2025-03-31 03:00:00.0;0,00
CURITIBA;410690204A;PR;Pilarzinho;-25,38;-49,295;2025-03-31 04:00:00.0;0,00
CURITIBA;410690204A;PR;Pilarzinho;-25,38;-49,295;2025-03-31 05:00:00.0;0,00
CURITIBA;410690204A;PR;Pilarzinho;-25,38;-49,295;2025-03-31 06:00:00.0;0,00
CURITIBA;410690204A;PR;Pilarzinho;-25,38;-49,295;2025-03-31 07:00:00.0;0,00
CURITIBA;410690204A;PR;Pilarzinho;-25,38;-49,295;2025-03-31 08:00:00.0;0,00
CURITIBA;410690204A;PR;Pilarzinho;-25,38;-49,295;2025-03-31 09:00:00.0;0,00
CURITIBA;410690204A;PR;Pilarzinho;-25,38;-49,295;2025-03-31 10:00:00.0;0,00
CURITIBA;410690204A;PR;Pilarzinho;-25,38;-49,295;2025-03-31 11:00:00.0;0,00
CURITIBA;410690204A;PR;Pilarzinho;-25,38;-49,295;2025-03-31 12:00:00.0;0,00
CURITIBA;410690204A;PR;Pilarzinho;-25,38;-49,295;2025-03-31 13:00:00.0;0,00
CURITIBA;410690204A;PR;Pilarzinho;-25,38;-49,295;2025-03-31 14:00:00.0;0,00
CURITIBA;410690204A;PR;Pilarzinho;-25,38;-49,295;2025-03-31 15:00:00.0;0,00
CURITIBA;410690204A;PR;Pilarzinho;-25,38;-49,295;2025-03-31 16:00:00.0;0,00
CURITIBA;410690204A;PR;Pilarzinho;-25,38;-49,295;2025-03-31 17:00:00.0;0,00
CURITIBA;410690204A;PR;Pilarzinho;-25,38;-49,295;2025-03-31 18:00:00.0;0,00
CURITIBA;410690204A;PR;Pilarzinho;-25,38;-49,295;2025-03-31 19:00:00.0;0,00
CURITIBA;410690204A;PR;Pilarzinho;-25,38;-49,295;2025-03-31 20:00:00.0;0,00
CURITIBA;410690204A;PR;Pilarzinho;-25,38;-49,295;2025-03-31 21:00:00.0;0,00
CURITIBA;410690204A;PR;Pilarzinho;-25,38;-49,295;2025-03-31 22:00:00.0;0,00
CURITIBA;410690204A;PR;Pilarzinho;-25,38;-49,295;2025-03-31 23:00:00.0;0,00
CURITIBA;410690206A;PR;Santa Felicidade;-25,382;-49,332;2025-03-01 00:10:00.0;0,00
CURITIBA;410690206A;PR;Santa Felicidade;-25,382;-49,332;2025-03-01 00:50:00.0;0,00
CURITIBA;410690206A;PR;Santa Felicidade;-25,382;-49,332;2025-03-01 01:50:00.0;0,00
CURITIBA;410690206A;PR;Santa Felicidade;-25,382;-49,332;2025-03-01 02:50:00.0;0,00
CURITIBA;410690206A;PR;Santa Felicidade;-25,382;-49,332;2025-03-01 03:50:00.0;0,00
CURITIBA;410690206A;PR;Santa Felicidade;-25,382;-49,332;2025-03-01 04:50:00.0;0,00
CURITIBA;410690206A;PR;Santa Felicidade;-25,382;-49,332;2025-03-01 05:50:00.0;0,00
CURITIBA;410690206A;PR;Santa Felicidade;-25,382;-49,332;2025-03-01 06:50:00.0;0,00
CURITIBA;410690206A;PR;Santa Felicidade;-25,382;-49,332;2025-03-01 07:50:00.0;0,00
CURITIBA;410690206A;PR;Santa Felicidade;-25,382;-49,332;2025-03-01 08:50:00.0;0,00
CURITIBA;410690206A;PR;Santa Felicidade;-25,382;-49,332;2025-03-01 09:50:00.0;0,00
CURITIBA;410690206A;PR;Santa Felicidade;-25,382;-49,332;2025-03-01 10:50:00.0;0,00
CURITIBA;410690206A;PR;Santa Felicidade;-25,382;-49,332;2025-03-01 11:50:00.0;0,00
CURITIBA;410690206A;PR;Santa Felicidade;-25,382;-49,332;2025-03-01 12:50:00.0;0,00
CURITIBA;410690206A;PR;Santa Felicidade;-25,382;-49,332;2025-03-01 13:50:00.0;0,00
CURITIBA;410690206A;PR;Santa Felicidade;-25,382;-49,332;2025-03-01 14:50:00.0;0,00
CURITIBA;410690206A;PR;Santa Felicidade;-25,382;-49,332;2025-03-01 15:50:00.0;0,00
CURITIBA;410690206A;PR;Santa Felicidade;-25,382;-49,332;2025-03-01 16:50:00.0;0,00
CURITIBA;410690206A;PR;Santa Felicidade;-25,382;-49,332;2025-03-01 17:50:00.0;0,00
CURITIBA;410690206A;PR;Santa Felicidade;-25,382;-49,332;2025-03-01 18:50:00.0;0,00
CURITIBA;410690206A;PR;Santa Felicidade;-25,382;-49,332;2025-03-01 19:50:00.0;0,00
CURITIBA;410690206A;PR;Santa Felicidade;-25,382;-49,332;2025-03-01 20:50:00.0;0,00
CURITIBA;410690206A;PR;Santa Felicidade;-25,382;-49,332;2025-03-01 21:50:00.0;0,00
CURITIBA;410690206A;PR;Santa Felicidade;-25,382;-49,332;2025-03-01 22:50:00.0;0,00
CURITIBA;410690206A;PR;Santa Felicidade;-25,382;-49,332;2025-03-01 23:50:00.0;0,00
CURITIBA;410690206A;PR;Santa Felicidade;-25,382;-49,332;2025-03-02 00:50:00.0;0,00
CURITIBA;410690206A;PR;Santa Felicidade;-25,382;-49,332;2025-03-02 01:50:00.0;0,00
CURITIBA;410690206A;PR;Santa Felicidade;-25,382;-49,332;2025-03-02 02:50:00.0;0,00
CURITIBA;410690206A;PR;Santa Felicidade;-25,382;-49,332;2025-03-02 03:50:00.0;0,00
CURITIBA;410690206A;PR;Santa Felicidade;-25,382;-49,332;2025-03-02 04:50:00.0;0,00
CURITIBA;410690206A;PR;Santa Felicidade;-25,382;-49,332;2025-03-02 05:50:00.0;0,00
CURITIBA;410690206A;PR;Santa Felicidade;-25,382;-49,332;2025-03-02 06:50:00.0;0,00
CURITIBA;410690206A;PR;Santa Felicidade;-25,382;-49,332;2025-03-02 07:50:00.0;0,00
CURITIBA;410690206A;PR;Santa Felicidade;-25,382;-49,332;2025-03-02 08:50:00.0;0,00
CURITIBA;410690206A;PR;Santa Felicidade;-25,382;-49,332;2025-03-02 09:50:00.0;0,00
CURITIBA;410690206A;PR;Santa Felicidade;-25,382;-49,332;2025-03-02 10:50:00.0;0,00
CURITIBA;410690206A;PR;Santa Felicidade;-25,382;-49,332;2025-03-02 11:50:00.0;0,00
CURITIBA;410690206A;PR;Santa Felicidade;-25,382;-49,332;2025-03-02 12:50:00.0;0,00
CURITIBA;410690206A;PR;Santa Felicidade;-25,382;-49,332;2025-03-02 13:50:00.0;0,00
CURITIBA;410690206A;PR;Santa Felicidade;-25,382;-49,332;2025-03-02 14:50:00.0;0,00
CURITIBA;410690206A;PR;Santa Felicidade;-25,382;-49,332;2025-03-02 15:50:00.0;0,00
CURITIBA;410690206A;PR;Santa Felicidade;-25,382;-49,332;2025-03-02 16:50:00.0;0,00
CURITIBA;410690206A;PR;Santa Felicidade;-25,382;-49,332;2025-03-02 17:50:00.0;0,00
CURITIBA;410690206A;PR;Santa Felicidade;-25,382;-49,332;2025-03-02 18:50:00.0;0,00
CURITIBA;410690206A;PR;Santa Felicidade;-25,382;-49,332;2025-03-02 19:50:00.0;0,00
CURITIBA;410690206A;PR;Santa Felicidade;-25,382;-49,332;2025-03-02 20:50:00.0;0,00
CURITIBA;410690206A;PR;Santa Felicidade;-25,382;-49,332;2025-03-02 21:50:00.0;0,00
CURITIBA;410690206A;PR;Santa Felicidade;-25,382;-49,332;2025-03-02 22:50:00.0;0,00
CURITIBA;410690206A;PR;Santa Felicidade;-25,382;-49,332;2025-03-02 23:50:00.0;0,00
CURITIBA;410690206A;PR;Santa Felicidade;-25,382;-49,332;2025-03-03 00:50:00.0;0,00
CURITIBA;410690206A;PR;Santa Felicidade;-25,382;-49,332;2025-03-03 01:50:00.0;0,00
CURITIBA;410690206A;PR;Santa Felicidade;-25,382;-49,332;2025-03-03 02:50:00.0;0,00
CURITIBA;410690206A;PR;Santa Felicidade;-25,382;-49,332;2025-03-03 03:50:00.0;0,00
CURITIBA;410690206A;PR;Santa Felicidade;-25,382;-49,332;2025-03-03 04:50:00.0;0,00
CURITIBA;410690206A;PR;Santa Felicidade;-25,382;-49,332;2025-03-03 05:50:00.0;0,00
CURITIBA;410690206A;PR;Santa Felicidade;-25,382;-49,332;2025-03-03 06:50:00.0;0,00
CURITIBA;410690206A;PR;Santa Felicidade;-25,382;-49,332;2025-03-03 07:50:00.0;0,00
CURITIBA;410690206A;PR;Santa Felicidade;-25,382;-49,332;2025-03-03 08:50:00.0;0,00
CURITIBA;410690206A;PR;Santa Felicidade;-25,382;-49,332;2025-03-03 09:50:00.0;0,00
CURITIBA;410690206A;PR;Santa Felicidade;-25,382;-49,332;2025-03-03 10:50:00.0;0,00
CURITIBA;410690206A;PR;Santa Felicidade;-25,382;-49,332;2025-03-03 11:50:00.0;0,00
CURITIBA;410690206A;PR;Santa Felicidade;-25,382;-49,332;2025-03-03 12:50:00.0;0,00
CURITIBA;410690206A;PR;Santa Felicidade;-25,382;-49,332;2025-03-03 13:50:00.0;0,00
CURITIBA;410690206A;PR;Santa Felicidade;-25,382;-49,332;2025-03-03 14:50:00.0;0,00
CURITIBA;410690206A;PR;Santa Felicidade;-25,382;-49,332;2025-03-03 15:50:00.0;0,00
CURITIBA;410690206A;PR;Santa Felicidade;-25,382;-49,332;2025-03-03 16:50:00.0;0,00
CURITIBA;410690206A;PR;Santa Felicidade;-25,382;-49,332;2025-03-03 17:50:00.0;0,00
CURITIBA;410690206A;PR;Santa Felicidade;-25,382;-49,332;2025-03-03 18:50:00.0;0,00
CURITIBA;410690206A;PR;Santa Felicidade;-25,382;-49,332;2025-03-03 19:50:00.0;0,00
CURITIBA;410690206A;PR;Santa Felicidade;-25,382;-49,332;2025-03-03 20:50:00.0;0,00
CURITIBA;410690206A;PR;Santa Felicidade;-25,382;-49,332;2025-03-03 21:50:00.0;0,00
CURITIBA;410690206A;PR;Santa Felicidade;-25,382;-49,332;2025-03-03 22:50:00.0;0,00
CURITIBA;410690206A;PR;Santa Felicidade;-25,382;-49,332;2025-03-03 23:50:00.0;0,00
CURITIBA;410690206A;PR;Santa Felicidade;-25,382;-49,332;2025-03-04 00:50:00.0;0,00
CURITIBA;410690206A;PR;Santa Felicidade;-25,382;-49,332;2025-03-04 01:50:00.0;0,00
CURITIBA;410690206A;PR;Santa Felicidade;-25,382;-49,332;2025-03-04 02:50:00.0;0,00
CURITIBA;410690206A;PR;Santa Felicidade;-25,382;-49,332;2025-03-04 03:50:00.0;0,00
CURITIBA;410690206A;PR;Santa Felicidade;-25,382;-49,332;2025-03-04 04:50:00.0;0,00
CURITIBA;410690206A;PR;Santa Felicidade;-25,382;-49,332;2025-03-04 05:50:00.0;0,00
CURITIBA;410690206A;PR;Santa Felicidade;-25,382;-49,332;2025-03-04 06:50:00.0;0,00
CURITIBA;410690206A;PR;Santa Felicidade;-25,382;-49,332;2025-03-04 07:50:00.0;0,00
CURITIBA;410690206A;PR;Santa Felicidade;-25,382;-49,332;2025-03-04 08:50:00.0;0,00
CURITIBA;410690206A;PR;Santa Felicidade;-25,382;-49,332;2025-03-04 09:50:00.0;0,00
CURITIBA;410690206A;PR;Santa Felicidade;-25,382;-49,332;2025-03-04 10:50:00.0;0,00
CURITIBA;410690206A;PR;Santa Felicidade;-25,382;-49,332;2025-03-04 11:50:00.0;0,00
CURITIBA;410690206A;PR;Santa Felicidade;-25,382;-49,332;2025-03-04 12:50:00.0;0,00
CURITIBA;410690206A;PR;Santa Felicidade;-25,382;-49,332;2025-03-04 13:50:00.0;0,00
CURITIBA;410690206A;PR;Santa Felicidade;-25,382;-49,332;2025-03-04 14:50:00.0;0,00
CURITIBA;410690206A;PR;Santa Felicidade;-25,382;-49,332;2025-03-04 15:50:00.0;0,00
CURITIBA;410690206A;PR;Santa Felicidade;-25,382;-49,332;2025-03-04 16:50:00.0;0,00
CURITIBA;410690206A;PR;Santa Felicidade;-25,382;-49,332;2025-03-04 17:50:00.0;0,00
CURITIBA;410690206A;PR;Santa Felicidade;-25,382;-49,332;2025-03-04 18:50:00.0;0,00
CURITIBA;410690206A;PR;Santa Felicidade;-25,382;-49,332;2025-03-04 19:50:00.0;0,00
CURITIBA;410690206A;PR;Santa Felicidade;-25,382;-49,332;2025-03-04 20:50:00.0;0,00
CURITIBA;410690206A;PR;Santa Felicidade;-25,382;-49,332;2025-03-04 21:50:00.0;0,00
CURITIBA;410690206A;PR;Santa Felicidade;-25,382;-49,332;2025-03-04 22:50:00.0;0,00
CURITIBA;410690206A;PR;Santa Felicidade;-25,382;-49,332;2025-03-04 23:50:00.0;0,00
CURITIBA;410690206A;PR;Santa Felicidade;-25,382;-49,332;2025-03-05 00:50:00.0;0,00
CURITIBA;410690206A;PR;Santa Felicidade;-25,382;-49,332;2025-03-05 01:50:00.0;0,00
CURITIBA;410690206A;PR;Santa Felicidade;-25,382;-49,332;2025-03-05 02:50:00.0;0,00
CURITIBA;410690206A;PR;Santa Felicidade;-25,382;-49,332;2025-03-05 03:50:00.0;0,00
CURITIBA;410690206A;PR;Santa Felicidade;-25,382;-49,332;2025-03-05 04:50:00.0;0,00
CURITIBA;410690206A;PR;Santa Felicidade;-25,382;-49,332;2025-03-05 05:50:00.0;0,00
CURITIBA;410690206A;PR;Santa Felicidade;-25,382;-49,332;2025-03-05 06:50:00.0;0,00
CURITIBA;410690206A;PR;Santa Felicidade;-25,382;-49,332;2025-03-05 07:50:00.0;0,00
CURITIBA;410690206A;PR;Santa Felicidade;-25,382;-49,332;2025-03-05 08:50:00.0;0,00
CURITIBA;410690206A;PR;Santa Felicidade;-25,382;-49,332;2025-03-05 09:50:00.0;0,00
CURITIBA;410690206A;PR;Santa Felicidade;-25,382;-49,332;2025-03-05 10:50:00.0;0,00
CURITIBA;410690206A;PR;Santa Felicidade;-25,382;-49,332;2025-03-05 11:50:00.0;0,00
CURITIBA;410690206A;PR;Santa Felicidade;-25,382;-49,332;2025-03-05 12:50:00.0;0,00
CURITIBA;410690206A;PR;Santa Felicidade;-25,382;-49,332;2025-03-05 13:50:00.0;0,00
CURITIBA;410690206A;PR;Santa Felicidade;-25,382;-49,332;2025-03-05 14:50:00.0;0,00
CURITIBA;410690206A;PR;Santa Felicidade;-25,382;-49,332;2025-03-05 15:50:00.0;0,00
CURITIBA;410690206A;PR;Santa Felicidade;-25,382;-49,332;2025-03-05 16:50:00.0;0,00
CURITIBA;410690206A;PR;Santa Felicidade;-25,382;-49,332;2025-03-05 17:50:00.0;0,00
CURITIBA;410690206A;PR;Santa Felicidade;-25,382;-49,332;2025-03-05 18:50:00.0;0,00
CURITIBA;410690206A;PR;Santa Felicidade;-25,382;-49,332;2025-03-05 19:50:00.0;0,00
CURITIBA;410690206A;PR;Santa Felicidade;-25,382;-49,332;2025-03-05 20:50:00.0;0,00
CURITIBA;410690206A;PR;Santa Felicidade;-25,382;-49,332;2025-03-05 21:50:00.0;0,00
CURITIBA;410690206A;PR;Santa Felicidade;-25,382;-49,332;2025-03-05 22:50:00.0;0,00
CURITIBA;410690206A;PR;Santa Felicidade;-25,382;-49,332;2025-03-05 23:50:00.0;0,00
CURITIBA;410690206A;PR;Santa Felicidade;-25,382;-49,332;2025-03-06 00:50:00.0;0,00
CURITIBA;410690206A;PR;Santa Felicidade;-25,382;-49,332;2025-03-06 01:50:00.0;0,00
CURITIBA;410690206A;PR;Santa Felicidade;-25,382;-49,332;2025-03-06 02:50:00.0;0,00
CURITIBA;410690206A;PR;Santa Felicidade;-25,382;-49,332;2025-03-06 03:50:00.0;0,00
CURITIBA;410690206A;PR;Santa Felicidade;-25,382;-49,332;2025-03-06 04:50:00.0;0,00
CURITIBA;410690206A;PR;Santa Felicidade;-25,382;-49,332;2025-03-06 05:50:00.0;0,00
CURITIBA;410690206A;PR;Santa Felicidade;-25,382;-49,332;2025-03-06 06:50:00.0;0,00
CURITIBA;410690206A;PR;Santa Felicidade;-25,382;-49,332;2025-03-06 07:50:00.0;0,00
CURITIBA;410690206A;PR;Santa Felicidade;-25,382;-49,332;2025-03-06 08:50:00.0;0,00
CURITIBA;410690206A;PR;Santa Felicidade;-25,382;-49,332;2025-03-06 09:50:00.0;0,00
CURITIBA;410690206A;PR;Santa Felicidade;-25,382;-49,332;2025-03-06 10:50:00.0;0,00
CURITIBA;410690206A;PR;Santa Felicidade;-25,382;-49,332;2025-03-06 11:50:00.0;0,00
CURITIBA;410690206A;PR;Santa Felicidade;-25,382;-49,332;2025-03-06 12:50:00.0;0,00
CURITIBA;410690206A;PR;Santa Felicidade;-25,382;-49,332;2025-03-06 13:50:00.0;0,00
CURITIBA;410690206A;PR;Santa Felicidade;-25,382;-49,332;2025-03-06 14:50:00.0;0,00
CURITIBA;410690206A;PR;Santa Felicidade;-25,382;-49,332;2025-03-06 15:50:00.0;0,00
CURITIBA;410690206A;PR;Santa Felicidade;-25,382;-49,332;2025-03-06 16:50:00.0;0,00
CURITIBA;410690206A;PR;Santa Felicidade;-25,382;-49,332;2025-03-06 17:50:00.0;0,00
CURITIBA;410690206A;PR;Santa Felicidade;-25,382;-49,332;2025-03-06 18:50:00.0;0,00
CURITIBA;410690206A;PR;Santa Felicidade;-25,382;-49,332;2025-03-06 19:50:00.0;0,00
CURITIBA;410690206A;PR;Santa Felicidade;-25,382;-49,332;2025-03-06 20:50:00.0;0,00
CURITIBA;410690206A;PR;Santa Felicidade;-25,382;-49,332;2025-03-06 21:50:00.0;0,00
CURITIBA;410690206A;PR;Santa Felicidade;-25,382;-49,332;2025-03-06 22:50:00.0;0,00
CURITIBA;410690206A;PR;Santa Felicidade;-25,382;-49,332;2025-03-06 23:50:00.0;0,00
CURITIBA;410690206A;PR;Santa Felicidade;-25,382;-49,332;2025-03-07 00:50:00.0;0,00
CURITIBA;410690206A;PR;Santa Felicidade;-25,382;-49,332;2025-03-07 01:50:00.0;0,00
CURITIBA;410690206A;PR;Santa Felicidade;-25,382;-49,332;2025-03-07 02:50:00.0;0,00
CURITIBA;410690206A;PR;Santa Felicidade;-25,382;-49,332;2025-03-07 03:50:00.0;0,00
CURITIBA;410690206A;PR;Santa Felicidade;-25,382;-49,332;2025-03-07 04:50:00.0;0,00
CURITIBA;410690206A;PR;Santa Felicidade;-25,382;-49,332;2025-03-07 05:50:00.0;0,00
CURITIBA;410690206A;PR;Santa Felicidade;-25,382;-49,332;2025-03-07 06:50:00.0;0,00
CURITIBA;410690206A;PR;Santa Felicidade;-25,382;-49,332;2025-03-07 07:50:00.0;0,00
CURITIBA;410690206A;PR;Santa Felicidade;-25,382;-49,332;2025-03-07 08:50:00.0;0,00
CURITIBA;410690206A;PR;Santa Felicidade;-25,382;-49,332;2025-03-07 09:50:00.0;0,00
CURITIBA;410690206A;PR;Santa Felicidade;-25,382;-49,332;2025-03-07 10:50:00.0;0,00
CURITIBA;410690206A;PR;Santa Felicidade;-25,382;-49,332;2025-03-07 11:50:00.0;0,00
CURITIBA;410690206A;PR;Santa Felicidade;-25,382;-49,332;2025-03-07 12:50:00.0;0,00
CURITIBA;410690206A;PR;Santa Felicidade;-25,382;-49,332;2025-03-07 13:50:00.0;0,00
CURITIBA;410690206A;PR;Santa Felicidade;-25,382;-49,332;2025-03-07 14:50:00.0;0,00
CURITIBA;410690206A;PR;Santa Felicidade;-25,382;-49,332;2025-03-07 15:50:00.0;0,00
CURITIBA;410690206A;PR;Santa Felicidade;-25,382;-49,332;2025-03-07 16:50:00.0;0,00
CURITIBA;410690206A;PR;Santa Felicidade;-25,382;-49,332;2025-03-07 17:50:00.0;0,00
CURITIBA;410690206A;PR;Santa Felicidade;-25,382;-49,332;2025-03-07 18:50:00.0;0,00
CURITIBA;410690206A;PR;Santa Felicidade;-25,382;-49,332;2025-03-07 19:50:00.0;0,00
CURITIBA;410690206A;PR;Santa Felicidade;-25,382;-49,332;2025-03-07 21:50:00.0;0,00
CURITIBA;410690206A;PR;Santa Felicidade;-25,382;-49,332;2025-03-07 22:50:00.0;0,00
CURITIBA;410690206A;PR;Santa Felicidade;-25,382;-49,332;2025-03-07 23:50:00.0;0,00
CURITIBA;410690206A;PR;Santa Felicidade;-25,382;-49,332;2025-03-08 00:50:00.0;0,00
CURITIBA;410690206A;PR;Santa Felicidade;-25,382;-49,332;2025-03-08 01:50:00.0;0,00
CURITIBA;410690206A;PR;Santa Felicidade;-25,382;-49,332;2025-03-08 02:50:00.0;0,00
CURITIBA;410690206A;PR;Santa Felicidade;-25,382;-49,332;2025-03-08 03:50:00.0;0,00
CURITIBA;410690206A;PR;Santa Felicidade;-25,382;-49,332;2025-03-08 04:50:00.0;0,00
CURITIBA;410690206A;PR;Santa Felicidade;-25,382;-49,332;2025-03-08 05:50:00.0;0,00
CURITIBA;410690206A;PR;Santa Felicidade;-25,382;-49,332;2025-03-08 06:50:00.0;0,00
CURITIBA;410690206A;PR;Santa Felicidade;-25,382;-49,332;2025-03-08 07:50:00.0;0,00
CURITIBA;410690206A;PR;Santa Felicidade;-25,382;-49,332;2025-03-08 08:50:00.0;0,00
CURITIBA;410690206A;PR;Santa Felicidade;-25,382;-49,332;2025-03-08 09:50:00.0;0,00
CURITIBA;410690206A;PR;Santa Felicidade;-25,382;-49,332;2025-03-08 10:50:00.0;0,00
CURITIBA;410690206A;PR;Santa Felicidade;-25,382;-49,332;2025-03-08 11:50:00.0;0,00
CURITIBA;410690206A;PR;Santa Felicidade;-25,382;-49,332;2025-03-08 12:50:00.0;0,00
CURITIBA;410690206A;PR;Santa Felicidade;-25,382;-49,332;2025-03-08 13:50:00.0;0,00
CURITIBA;410690206A;PR;Santa Felicidade;-25,382;-49,332;2025-03-08 14:50:00.0;0,00
CURITIBA;410690206A;PR;Santa Felicidade;-25,382;-49,332;2025-03-08 15:50:00.0;0,00
CURITIBA;410690206A;PR;Santa Felicidade;-25,382;-49,332;2025-03-08 16:50:00.0;0,00
CURITIBA;410690206A;PR;Santa Felicidade;-25,382;-49,332;2025-03-08 17:50:00.0;0,00
CURITIBA;410690206A;PR;Santa Felicidade;-25,382;-49,332;2025-03-08 18:50:00.0;0,00
CURITIBA;410690206A;PR;Santa Felicidade;-25,382;-49,332;2025-03-08 19:50:00.0;0,00
CURITIBA;410690206A;PR;Santa Felicidade;-25,382;-49,332;2025-03-08 20:50:00.0;0,00
CURITIBA;410690206A;PR;Santa Felicidade;-25,382;-49,332;2025-03-08 21:50:00.0;0,00
CURITIBA;410690206A;PR;Santa Felicidade;-25,382;-49,332;2025-03-08 22:50:00.0;0,00
CURITIBA;410690206A;PR;Santa Felicidade;-25,382;-49,332;2025-03-08 23:50:00.0;0,00
CURITIBA;410690206A;PR;Santa Felicidade;-25,382;-49,332;2025-03-09 00:50:00.0;0,00
CURITIBA;410690206A;PR;Santa Felicidade;-25,382;-49,332;2025-03-09 01:50:00.0;0,00
CURITIBA;410690206A;PR;Santa Felicidade;-25,382;-49,332;2025-03-09 02:50:00.0;0,00
CURITIBA;410690206A;PR;Santa Felicidade;-25,382;-49,332;2025-03-09 03:50:00.0;0,00
CURITIBA;410690206A;PR;Santa Felicidade;-25,382;-49,332;2025-03-09 04:50:00.0;0,00
CURITIBA;410690206A;PR;Santa Felicidade;-25,382;-49,332;2025-03-09 05:50:00.0;0,00
CURITIBA;410690206A;PR;Santa Felicidade;-25,382;-49,332;2025-03-09 06:50:00.0;0,00
CURITIBA;410690206A;PR;Santa Felicidade;-25,382;-49,332;2025-03-09 07:50:00.0;0,00
CURITIBA;410690206A;PR;Santa Felicidade;-25,382;-49,332;2025-03-09 08:50:00.0;0,00
CURITIBA;410690206A;PR;Santa Felicidade;-25,382;-49,332;2025-03-09 09:50:00.0;0,00
CURITIBA;410690206A;PR;Santa Felicidade;-25,382;-49,332;2025-03-09 10:50:00.0;0,00
CURITIBA;410690206A;PR;Santa Felicidade;-25,382;-49,332;2025-03-09 11:50:00.0;0,00
CURITIBA;410690206A;PR;Santa Felicidade;-25,382;-49,332;2025-03-09 12:50:00.0;0,00
CURITIBA;410690206A;PR;Santa Felicidade;-25,382;-49,332;2025-03-09 13:50:00.0;0,00
CURITIBA;410690206A;PR;Santa Felicidade;-25,382;-49,332;2025-03-09 14:50:00.0;0,00
CURITIBA;410690206A;PR;Santa Felicidade;-25,382;-49,332;2025-03-09 15:50:00.0;0,00
CURITIBA;410690206A;PR;Santa Felicidade;-25,382;-49,332;2025-03-09 16:50:00.0;0,00
CURITIBA;410690206A;PR;Santa Felicidade;-25,382;-49,332;2025-03-09 17:50:00.0;0,00
CURITIBA;410690206A;PR;Santa Felicidade;-25,382;-49,332;2025-03-09 18:50:00.0;0,00
CURITIBA;410690206A;PR;Santa Felicidade;-25,382;-49,332;2025-03-09 19:50:00.0;0,00
CURITIBA;410690206A;PR;Santa Felicidade;-25,382;-49,332;2025-03-09 20:50:00.0;0,00
CURITIBA;410690206A;PR;Santa Felicidade;-25,382;-49,332;2025-03-09 21:50:00.0;0,00
CURITIBA;410690206A;PR;Santa Felicidade;-25,382;-49,332;2025-03-09 22:50:00.0;0,20
CURITIBA;410690206A;PR;Santa Felicidade;-25,382;-49,332;2025-03-09 23:50:00.0;0,00
CURITIBA;410690206A;PR;Santa Felicidade;-25,382;-49,332;2025-03-10 00:50:00.0;0,00
CURITIBA;410690206A;PR;Santa Felicidade;-25,382;-49,332;2025-03-10 01:50:00.0;0,00
CURITIBA;410690206A;PR;Santa Felicidade;-25,382;-49,332;2025-03-10 02:50:00.0;0,00
CURITIBA;410690206A;PR;Santa Felicidade;-25,382;-49,332;2025-03-10 03:50:00.0;0,00
CURITIBA;410690206A;PR;Santa Felicidade;-25,382;-49,332;2025-03-10 04:50:00.0;0,00
CURITIBA;410690206A;PR;Santa Felicidade;-25,382;-49,332;2025-03-10 05:50:00.0;0,00
CURITIBA;410690206A;PR;Santa Felicidade;-25,382;-49,332;2025-03-10 06:50:00.0;0,00
CURITIBA;410690206A;PR;Santa Felicidade;-25,382;-49,332;2025-03-10 07:50:00.0;0,00
CURITIBA;410690206A;PR;Santa Felicidade;-25,382;-49,332;2025-03-10 08:50:00.0;0,00
CURITIBA;410690206A;PR;Santa Felicidade;-25,382;-49,332;2025-03-10 09:50:00.0;0,00
CURITIBA;410690206A;PR;Santa Felicidade;-25,382;-49,332;2025-03-10 10:50:00.0;0,00
CURITIBA;410690206A;PR;Santa Felicidade;-25,382;-49,332;2025-03-10 11:50:00.0;0,00
CURITIBA;410690206A;PR;Santa Felicidade;-25,382;-49,332;2025-03-10 12:50:00.0;0,00
CURITIBA;410690206A;PR;Santa Felicidade;-25,382;-49,332;2025-03-10 13:50:00.0;0,00
CURITIBA;410690206A;PR;Santa Felicidade;-25,382;-49,332;2025-03-10 14:50:00.0;0,00
CURITIBA;410690206A;PR;Santa Felicidade;-25,382;-49,332;2025-03-10 15:50:00.0;0,00
CURITIBA;410690206A;PR;Santa Felicidade;-25,382;-49,332;2025-03-10 16:50:00.0;0,00
CURITIBA;410690206A;PR;Santa Felicidade;-25,382;-49,332;2025-03-10 17:50:00.0;0,00
CURITIBA;410690206A;PR;Santa Felicidade;-25,382;-49,332;2025-03-10 18:50:00.0;0,00
CURITIBA;410690206A;PR;Santa Felicidade;-25,382;-49,332;2025-03-10 19:50:00.0;0,00
CURITIBA;410690206A;PR;Santa Felicidade;-25,382;-49,332;2025-03-10 20:50:00.0;0,00
CURITIBA;410690206A;PR;Santa Felicidade;-25,382;-49,332;2025-03-10 21:50:00.0;0,00
CURITIBA;410690206A;PR;Santa Felicidade;-25,382;-49,332;2025-03-10 22:50:00.0;0,00
CURITIBA;410690206A;PR;Santa Felicidade;-25,382;-49,332;2025-03-10 23:50:00.0;0,00
CURITIBA;410690206A;PR;Santa Felicidade;-25,382;-49,332;2025-03-11 00:50:00.0;0,00
CURITIBA;410690206A;PR;Santa Felicidade;-25,382;-49,332;2025-03-11 01:50:00.0;0,00
CURITIBA;410690206A;PR;Santa Felicidade;-25,382;-49,332;2025-03-11 02:50:00.0;0,00
CURITIBA;410690206A;PR;Santa Felicidade;-25,382;-49,332;2025-03-11 03:50:00.0;0,00
CURITIBA;410690206A;PR;Santa Felicidade;-25,382;-49,332;2025-03-11 04:50:00.0;0,00
CURITIBA;410690206A;PR;Santa Felicidade;-25,382;-49,332;2025-03-11 05:50:00.0;0,00
CURITIBA;410690206A;PR;Santa Felicidade;-25,382;-49,332;2025-03-11 06:50:00.0;0,00
CURITIBA;410690206A;PR;Santa Felicidade;-25,382;-49,332;2025-03-11 07:50:00.0;0,00
CURITIBA;410690206A;PR;Santa Felicidade;-25,382;-49,332;2025-03-11 08:50:00.0;0,00
CURITIBA;410690206A;PR;Santa Felicidade;-25,382;-49,332;2025-03-11 09:50:00.0;0,00
CURITIBA;410690206A;PR;Santa Felicidade;-25,382;-49,332;2025-03-11 10:50:00.0;0,00
CURITIBA;410690206A;PR;Santa Felicidade;-25,382;-49,332;2025-03-11 11:50:00.0;0,00
CURITIBA;410690206A;PR;Santa Felicidade;-25,382;-49,332;2025-03-11 12:50:00.0;0,00
CURITIBA;410690206A;PR;Santa Felicidade;-25,382;-49,332;2025-03-11 13:50:00.0;0,00
CURITIBA;410690206A;PR;Santa Felicidade;-25,382;-49,332;2025-03-11 14:50:00.0;0,00
CURITIBA;410690206A;PR;Santa Felicidade;-25,382;-49,332;2025-03-11 15:50:00.0;0,00
CURITIBA;410690206A;PR;Santa Felicidade;-25,382;-49,332;2025-03-11 16:50:00.0;0,00
CURITIBA;410690206A;PR;Santa Felicidade;-25,382;-49,332;2025-03-11 17:50:00.0;0,00
CURITIBA;410690206A;PR;Santa Felicidade;-25,382;-49,332;2025-03-11 18:50:00.0;0,00
CURITIBA;410690206A;PR;Santa Felicidade;-25,382;-49,332;2025-03-11 19:50:00.0;0,00
CURITIBA;410690206A;PR;Santa Felicidade;-25,382;-49,332;2025-03-11 20:50:00.0;0,00
CURITIBA;410690206A;PR;Santa Felicidade;-25,382;-49,332;2025-03-11 21:40:00.0;1,00
CURITIBA;410690206A;PR;Santa Felicidade;-25,382;-49,332;2025-03-11 21:50:00.0;0,80
CURITIBA;410690206A;PR;Santa Felicidade;-25,382;-49,332;2025-03-11 22:00:00.0;1,00
CURITIBA;410690206A;PR;Santa Felicidade;-25,382;-49,332;2025-03-11 22:10:00.0;0,80
CURITIBA;410690206A;PR;Santa Felicidade;-25,382;-49,332;2025-03-11 22:20:00.0;1,20
CURITIBA;410690206A;PR;Santa Felicidade;-25,382;-49,332;2025-03-11 22:30:00.0;1,20
CURITIBA;410690206A;PR;Santa Felicidade;-25,382;-49,332;2025-03-11 22:40:00.0;1,00
CURITIBA;410690206A;PR;Santa Felicidade;-25,382;-49,332;2025-03-11 22:50:00.0;1,60
CURITIBA;410690206A;PR;Santa Felicidade;-25,382;-49,332;2025-03-11 23:00:00.0;1,40
CURITIBA;410690206A;PR;Santa Felicidade;-25,382;-49,332;2025-03-11 23:10:00.0;0,60
CURITIBA;410690206A;PR;Santa Felicidade;-25,382;-49,332;2025-03-11 23:20:00.0;1,20
CURITIBA;410690206A;PR;Santa Felicidade;-25,382;-49,332;2025-03-11 23:30:00.0;1,00
CURITIBA;410690206A;PR;Santa Felicidade;-25,382;-49,332;2025-03-11 23:40:00.0;1,00
CURITIBA;410690206A;PR;Santa Felicidade;-25,382;-49,332;2025-03-11 23:50:00.0;0,20
CURITIBA;410690206A;PR;Santa Felicidade;-25,382;-49,332;2025-03-12 00:10:00.0;0,20
CURITIBA;410690206A;PR;Santa Felicidade;-25,382;-49,332;2025-03-12 00:20:00.0;0,20
CURITIBA;410690206A;PR;Santa Felicidade;-25,382;-49,332;2025-03-12 00:50:00.0;0,20
CURITIBA;410690206A;PR;Santa Felicidade;-25,382;-49,332;2025-03-12 01:50:00.0;0,00
CURITIBA;410690206A;PR;Santa Felicidade;-25,382;-49,332;2025-03-12 02:50:00.0;0,00
CURITIBA;410690206A;PR;Santa Felicidade;-25,382;-49,332;2025-03-12 03:50:00.0;0,00
CURITIBA;410690206A;PR;Santa Felicidade;-25,382;-49,332;2025-03-12 04:50:00.0;0,00
CURITIBA;410690206A;PR;Santa Felicidade;-25,382;-49,332;2025-03-12 05:50:00.0;0,00
CURITIBA;410690206A;PR;Santa Felicidade;-25,382;-49,332;2025-03-12 06:50:00.0;0,00
CURITIBA;410690206A;PR;Santa Felicidade;-25,382;-49,332;2025-03-12 07:50:00.0;0,00
CURITIBA;410690206A;PR;Santa Felicidade;-25,382;-49,332;2025-03-12 08:50:00.0;0,00
CURITIBA;410690206A;PR;Santa Felicidade;-25,382;-49,332;2025-03-12 09:10:00.0;0,20
CURITIBA;410690206A;PR;Santa Felicidade;-25,382;-49,332;2025-03-12 09:50:00.0;0,00
CURITIBA;410690206A;PR;Santa Felicidade;-25,382;-49,332;2025-03-12 10:50:00.0;0,00
CURITIBA;410690206A;PR;Santa Felicidade;-25,382;-49,332;2025-03-12 11:50:00.0;0,00
CURITIBA;410690206A;PR;Santa Felicidade;-25,382;-49,332;2025-03-12 12:50:00.0;0,00
CURITIBA;410690206A;PR;Santa Felicidade;-25,382;-49,332;2025-03-12 13:50:00.0;0,00
CURITIBA;410690206A;PR;Santa Felicidade;-25,382;-49,332;2025-03-12 14:50:00.0;0,00
CURITIBA;410690206A;PR;Santa Felicidade;-25,382;-49,332;2025-03-12 15:50:00.0;0,00
CURITIBA;410690206A;PR;Santa Felicidade;-25,382;-49,332;2025-03-12 16:50:00.0;0,00
CURITIBA;410690206A;PR;Santa Felicidade;-25,382;-49,332;2025-03-12 17:50:00.0;0,00
CURITIBA;410690206A;PR;Santa Felicidade;-25,382;-49,332;2025-03-12 18:50:00.0;0,00
CURITIBA;410690206A;PR;Santa Felicidade;-25,382;-49,332;2025-03-12 19:50:00.0;0,00
CURITIBA;410690206A;PR;Santa Felicidade;-25,382;-49,332;2025-03-12 20:50:00.0;0,00
CURITIBA;410690206A;PR;Santa Felicidade;-25,382;-49,332;2025-03-12 21:50:00.0;0,00
CURITIBA;410690206A;PR;Santa Felicidade;-25,382;-49,332;2025-03-12 22:50:00.0;0,00
CURITIBA;410690206A;PR;Santa Felicidade;-25,382;-49,332;2025-03-12 23:10:00.0;0,20
CURITIBA;410690206A;PR;Santa Felicidade;-25,382;-49,332;2025-03-12 23:20:00.0;0,40
CURITIBA;410690206A;PR;Santa Felicidade;-25,382;-49,332;2025-03-12 23:30:00.0;0,40
CURITIBA;410690206A;PR;Santa Felicidade;-25,382;-49,332;2025-03-12 23:40:00.0;0,60
CURITIBA;410690206A;PR;Santa Felicidade;-25,382;-49,332;2025-03-12 23:50:00.0;0,20
CURITIBA;410690206A;PR;Santa Felicidade;-25,382;-49,332;2025-03-13 00:00:00.0;0,40
CURITIBA;410690206A;PR;Santa Felicidade;-25,382;-49,332;2025-03-13 00:10:00.0;0,80
CURITIBA;410690206A;PR;Santa Felicidade;-25,382;-49,332;2025-03-13 00:20:00.0;0,40
CURITIBA;410690206A;PR;Santa Felicidade;-25,382;-49,332;2025-03-13 00:50:00.0;0,00
CURITIBA;410690206A;PR;Santa Felicidade;-25,382;-49,332;2025-03-13 01:00:00.0;0,20
CURITIBA;410690206A;PR;Santa Felicidade;-25,382;-49,332;2025-03-13 01:50:00.0;0,00
CURITIBA;410690206A;PR;Santa Felicidade;-25,382;-49,332;2025-03-13 02:40:00.0;0,20
CURITIBA;410690206A;PR;Santa Felicidade;-25,382;-49,332;2025-03-13 02:50:00.0;0,00
CURITIBA;410690206A;PR;Santa Felicidade;-25,382;-49,332;2025-03-13 03:50:00.0;0,00
CURITIBA;410690206A;PR;Santa Felicidade;-25,382;-49,332;2025-03-13 04:50:00.0;0,00
CURITIBA;410690206A;PR;Santa Felicidade;-25,382;-49,332;2025-03-13 05:30:00.0;0,20
CURITIBA;410690206A;PR;Santa Felicidade;-25,382;-49,332;2025-03-13 05:50:00.0;0,20
CURITIBA;410690206A;PR;Santa Felicidade;-25,382;-49,332;2025-03-13 06:00:00.0;0,20
CURITIBA;410690206A;PR;Santa Felicidade;-25,382;-49,332;2025-03-13 06:10:00.0;0,20
CURITIBA;410690206A;PR;Santa Felicidade;-25,382;-49,332;2025-03-13 06:50:00.0;0,20
CURITIBA;410690206A;PR;Santa Felicidade;-25,382;-49,332;2025-03-13 07:20:00.0;0,20
CURITIBA;410690206A;PR;Santa Felicidade;-25,382;-49,332;2025-03-13 07:40:00.0;0,40
CURITIBA;410690206A;PR;Santa Felicidade;-25,382;-49,332;2025-03-13 07:50:00.0;0,20
CURITIBA;410690206A;PR;Santa Felicidade;-25,382;-49,332;2025-03-13 08:00:00.0;0,20
CURITIBA;410690206A;PR;Santa Felicidade;-25,382;-49,332;2025-03-13 08:10:00.0;0,20
CURITIBA;410690206A;PR;Santa Felicidade;-25,382;-49,332;2025-03-13 08:20:00.0;0,60
CURITIBA;410690206A;PR;Santa Felicidade;-25,382;-49,332;2025-03-13 08:30:00.0;0,20
CURITIBA;410690206A;PR;Santa Felicidade;-25,382;-49,332;2025-03-13 08:50:00.0;0,00
CURITIBA;410690206A;PR;Santa Felicidade;-25,382;-49,332;2025-03-13 09:00:00.0;0,20
CURITIBA;410690206A;PR;Santa Felicidade;-25,382;-49,332;2025-03-13 09:50:00.0;0,00
CURITIBA;410690206A;PR;Santa Felicidade;-25,382;-49,332;2025-03-13 10:50:00.0;0,00
CURITIBA;410690206A;PR;Santa Felicidade;-25,382;-49,332;2025-03-13 11:50:00.0;0,00
CURITIBA;410690206A;PR;Santa Felicidade;-25,382;-49,332;2025-03-13 12:50:00.0;0,00
CURITIBA;410690206A;PR;Santa Felicidade;-25,382;-49,332;2025-03-13 13:50:00.0;0,00
CURITIBA;410690206A;PR;Santa Felicidade;-25,382;-49,332;2025-03-13 14:50:00.0;0,00
CURITIBA;410690206A;PR;Santa Felicidade;-25,382;-49,332;2025-03-13 15:40:00.0;0,20
CURITIBA;410690206A;PR;Santa Felicidade;-25,382;-49,332;2025-03-13 15:50:00.0;0,00
CURITIBA;410690206A;PR;Santa Felicidade;-25,382;-49,332;2025-03-13 16:50:00.0;0,00
CURITIBA;410690206A;PR;Santa Felicidade;-25,382;-49,332;2025-03-13 17:50:00.0;0,00
CURITIBA;410690206A;PR;Santa Felicidade;-25,382;-49,332;2025-03-13 18:50:00.0;0,00
CURITIBA;410690206A;PR;Santa Felicidade;-25,382;-49,332;2025-03-13 19:40:00.0;0,80
CURITIBA;410690206A;PR;Santa Felicidade;-25,382;-49,332;2025-03-13 19:50:00.0;0,60
CURITIBA;410690206A;PR;Santa Felicidade;-25,382;-49,332;2025-03-13 20:00:00.0;0,20
CURITIBA;410690206A;PR;Santa Felicidade;-25,382;-49,332;2025-03-13 20:10:00.0;0,20
CURITIBA;410690206A;PR;Santa Felicidade;-25,382;-49,332;2025-03-13 20:40:00.0;0,20
CURITIBA;410690206A;PR;Santa Felicidade;-25,382;-49,332;2025-03-13 20:50:00.0;0,40
CURITIBA;410690206A;PR;Santa Felicidade;-25,382;-49,332;2025-03-13 21:00:00.0;0,20
CURITIBA;410690206A;PR;Santa Felicidade;-25,382;-49,332;2025-03-13 21:50:00.0;0,00
CURITIBA;410690206A;PR;Santa Felicidade;-25,382;-49,332;2025-03-13 22:50:00.0;0,00
CURITIBA;410690206A;PR;Santa Felicidade;-25,382;-49,332;2025-03-13 23:20:00.0;2,20
CURITIBA;410690206A;PR;Santa Felicidade;-25,382;-49,332;2025-03-13 23:30:00.0;6,40
CURITIBA;410690206A;PR;Santa Felicidade;-25,382;-49,332;2025-03-13 23:40:00.0;3,00
CURITIBA;410690206A;PR;Santa Felicidade;-25,382;-49,332;2025-03-13 23:50:00.0;0,00
CURITIBA;410690206A;PR;Santa Felicidade;-25,382;-49,332;2025-03-14 00:00:00.0;0,40
CURITIBA;410690206A;PR;Santa Felicidade;-25,382;-49,332;2025-03-14 00:50:00.0;0,00
CURITIBA;410690206A;PR;Santa Felicidade;-25,382;-49,332;2025-03-14 01:50:00.0;0,00
CURITIBA;410690206A;PR;Santa Felicidade;-25,382;-49,332;2025-03-14 02:00:00.0;0,20
CURITIBA;410690206A;PR;Santa Felicidade;-25,382;-49,332;2025-03-14 02:50:00.0;0,00
CURITIBA;410690206A;PR;Santa Felicidade;-25,382;-49,332;2025-03-14 03:50:00.0;0,00
CURITIBA;410690206A;PR;Santa Felicidade;-25,382;-49,332;2025-03-14 04:50:00.0;0,00
CURITIBA;410690206A;PR;Santa Felicidade;-25,382;-49,332;2025-03-14 05:50:00.0;0,00
CURITIBA;410690206A;PR;Santa Felicidade;-25,382;-49,332;2025-03-14 06:50:00.0;0,00
CURITIBA;410690206A;PR;Santa Felicidade;-25,382;-49,332;2025-03-14 07:50:00.0;0,00
CURITIBA;410690206A;PR;Santa Felicidade;-25,382;-49,332;2025-03-14 08:50:00.0;0,00
CURITIBA;410690206A;PR;Santa Felicidade;-25,382;-49,332;2025-03-14 09:50:00.0;0,00
CURITIBA;410690206A;PR;Santa Felicidade;-25,382;-49,332;2025-03-14 10:50:00.0;0,00
CURITIBA;410690206A;PR;Santa Felicidade;-25,382;-49,332;2025-03-14 11:50:00.0;0,00
CURITIBA;410690206A;PR;Santa Felicidade;-25,382;-49,332;2025-03-14 12:50:00.0;0,00
CURITIBA;410690206A;PR;Santa Felicidade;-25,382;-49,332;2025-03-14 13:50:00.0;0,00
CURITIBA;410690206A;PR;Santa Felicidade;-25,382;-49,332;2025-03-14 14:50:00.0;0,00
CURITIBA;410690206A;PR;Santa Felicidade;-25,382;-49,332;2025-03-14 15:50:00.0;0,00
CURITIBA;410690206A;PR;Santa Felicidade;-25,382;-49,332;2025-03-14 16:50:00.0;0,00
CURITIBA;410690206A;PR;Santa Felicidade;-25,382;-49,332;2025-03-14 17:20:00.0;0,20
CURITIBA;410690206A;PR;Santa Felicidade;-25,382;-49,332;2025-03-14 17:50:00.0;0,00
CURITIBA;410690206A;PR;Santa Felicidade;-25,382;-49,332;2025-03-14 18:50:00.0;0,00
CURITIBA;410690206A;PR;Santa Felicidade;-25,382;-49,332;2025-03-14 19:50:00.0;0,00
CURITIBA;410690206A;PR;Santa Felicidade;-25,382;-49,332;2025-03-14 20:50:00.0;0,00
CURITIBA;410690206A;PR;Santa Felicidade;-25,382;-49,332;2025-03-14 21:50:00.0;0,00
CURITIBA;410690206A;PR;Santa Felicidade;-25,382;-49,332;2025-03-14 22:50:00.0;0,00
CURITIBA;410690206A;PR;Santa Felicidade;-25,382;-49,332;2025-03-14 23:50:00.0;0,00
CURITIBA;410690206A;PR;Santa Felicidade;-25,382;-49,332;2025-03-15 00:50:00.0;0,00
CURITIBA;410690206A;PR;Santa Felicidade;-25,382;-49,332;2025-03-15 01:50:00.0;0,00
CURITIBA;410690206A;PR;Santa Felicidade;-25,382;-49,332;2025-03-15 02:50:00.0;0,00
CURITIBA;410690206A;PR;Santa Felicidade;-25,382;-49,332;2025-03-15 03:50:00.0;0,00
CURITIBA;410690206A;PR;Santa Felicidade;-25,382;-49,332;2025-03-15 04:50:00.0;0,00
CURITIBA;410690206A;PR;Santa Felicidade;-25,382;-49,332;2025-03-15 05:50:00.0;0,00
CURITIBA;410690206A;PR;Santa Felicidade;-25,382;-49,332;2025-03-15 06:50:00.0;0,00
CURITIBA;410690206A;PR;Santa Felicidade;-25,382;-49,332;2025-03-15 07:50:00.0;0,00
CURITIBA;410690206A;PR;Santa Felicidade;-25,382;-49,332;2025-03-15 08:50:00.0;0,00
CURITIBA;410690206A;PR;Santa Felicidade;-25,382;-49,332;2025-03-15 09:50:00.0;0,00
CURITIBA;410690206A;PR;Santa Felicidade;-25,382;-49,332;2025-03-15 10:50:00.0;0,00
CURITIBA;410690206A;PR;Santa Felicidade;-25,382;-49,332;2025-03-15 11:50:00.0;0,00
CURITIBA;410690206A;PR;Santa Felicidade;-25,382;-49,332;2025-03-15 12:50:00.0;0,00
CURITIBA;410690206A;PR;Santa Felicidade;-25,382;-49,332;2025-03-15 13:50:00.0;0,00
CURITIBA;410690206A;PR;Santa Felicidade;-25,382;-49,332;2025-03-15 15:50:00.0;0,00
CURITIBA;410690206A;PR;Santa Felicidade;-25,382;-49,332;2025-03-15 16:50:00.0;0,00
CURITIBA;410690206A;PR;Santa Felicidade;-25,382;-49,332;2025-03-15 17:50:00.0;0,00
CURITIBA;410690206A;PR;Santa Felicidade;-25,382;-49,332;2025-03-15 18:50:00.0;0,00
CURITIBA;410690206A;PR;Santa Felicidade;-25,382;-49,332;2025-03-15 19:10:00.0;1,20
CURITIBA;410690206A;PR;Santa Felicidade;-25,382;-49,332;2025-03-15 19:20:00.0;0,80
CURITIBA;410690206A;PR;Santa Felicidade;-25,382;-49,332;2025-03-15 19:30:00.0;0,20
CURITIBA;410690206A;PR;Santa Felicidade;-25,382;-49,332;2025-03-15 19:50:00.0;0,40
CURITIBA;410690206A;PR;Santa Felicidade;-25,382;-49,332;2025-03-15 20:00:00.0;4,00
CURITIBA;410690206A;PR;Santa Felicidade;-25,382;-49,332;2025-03-15 20:10:00.0;9,00
CURITIBA;410690206A;PR;Santa Felicidade;-25,382;-49,332;2025-03-15 20:20:00.0;1,60
CURITIBA;410690206A;PR;Santa Felicidade;-25,382;-49,332;2025-03-15 20:30:00.0;0,80
CURITIBA;410690206A;PR;Santa Felicidade;-25,382;-49,332;2025-03-15 20:50:00.0;0,00
CURITIBA;410690206A;PR;Santa Felicidade;-25,382;-49,332;2025-03-15 21:50:00.0;0,00
CURITIBA;410690206A;PR;Santa Felicidade;-25,382;-49,332;2025-03-15 22:50:00.0;0,00
CURITIBA;410690206A;PR;Santa Felicidade;-25,382;-49,332;2025-03-15 23:30:00.0;0,20
CURITIBA;410690206A;PR;Santa Felicidade;-25,382;-49,332;2025-03-15 23:50:00.0;0,00
CURITIBA;410690206A;PR;Santa Felicidade;-25,382;-49,332;2025-03-16 00:50:00.0;0,00
CURITIBA;410690206A;PR;Santa Felicidade;-25,382;-49,332;2025-03-16 01:50:00.0;0,00
CURITIBA;410690206A;PR;Santa Felicidade;-25,382;-49,332;2025-03-16 02:50:00.0;0,00
CURITIBA;410690206A;PR;Santa Felicidade;-25,382;-49,332;2025-03-16 03:50:00.0;0,00
CURITIBA;410690206A;PR;Santa Felicidade;-25,382;-49,332;2025-03-16 04:50:00.0;0,00
CURITIBA;410690206A;PR;Santa Felicidade;-25,382;-49,332;2025-03-16 05:50:00.0;0,00
CURITIBA;410690206A;PR;Santa Felicidade;-25,382;-49,332;2025-03-16 06:50:00.0;0,00
CURITIBA;410690206A;PR;Santa Felicidade;-25,382;-49,332;2025-03-16 07:50:00.0;0,00
CURITIBA;410690206A;PR;Santa Felicidade;-25,382;-49,332;2025-03-16 08:50:00.0;0,00
CURITIBA;410690206A;PR;Santa Felicidade;-25,382;-49,332;2025-03-16 09:50:00.0;0,00
CURITIBA;410690206A;PR;Santa Felicidade;-25,382;-49,332;2025-03-16 10:50:00.0;0,00
CURITIBA;410690206A;PR;Santa Felicidade;-25,382;-49,332;2025-03-16 11:50:00.0;0,00
CURITIBA;410690206A;PR;Santa Felicidade;-25,382;-49,332;2025-03-16 12:50:00.0;0,00
CURITIBA;410690206A;PR;Santa Felicidade;-25,382;-49,332;2025-03-16 14:50:00.0;0,00
CURITIBA;410690206A;PR;Santa Felicidade;-25,382;-49,332;2025-03-16 15:50:00.0;0,00
CURITIBA;410690206A;PR;Santa Felicidade;-25,382;-49,332;2025-03-16 16:50:00.0;0,00
CURITIBA;410690206A;PR;Santa Felicidade;-25,382;-49,332;2025-03-16 17:50:00.0;0,00
CURITIBA;410690206A;PR;Santa Felicidade;-25,382;-49,332;2025-03-16 18:50:00.0;0,00
CURITIBA;410690206A;PR;Santa Felicidade;-25,382;-49,332;2025-03-16 19:50:00.0;0,00
CURITIBA;410690206A;PR;Santa Felicidade;-25,382;-49,332;2025-03-16 21:50:00.0;0,00
CURITIBA;410690206A;PR;Santa Felicidade;-25,382;-49,332;2025-03-16 22:50:00.0;0,00
CURITIBA;410690206A;PR;Santa Felicidade;-25,382;-49,332;2025-03-16 23:50:00.0;0,00
CURITIBA;410690206A;PR;Santa Felicidade;-25,382;-49,332;2025-03-17 00:50:00.0;0,00
CURITIBA;410690206A;PR;Santa Felicidade;-25,382;-49,332;2025-03-17 01:50:00.0;0,00
CURITIBA;410690206A;PR;Santa Felicidade;-25,382;-49,332;2025-03-17 02:50:00.0;0,00
CURITIBA;410690206A;PR;Santa Felicidade;-25,382;-49,332;2025-03-17 03:50:00.0;0,00
CURITIBA;410690206A;PR;Santa Felicidade;-25,382;-49,332;2025-03-17 04:50:00.0;0,00
CURITIBA;410690206A;PR;Santa Felicidade;-25,382;-49,332;2025-03-17 05:50:00.0;0,00
CURITIBA;410690206A;PR;Santa Felicidade;-25,382;-49,332;2025-03-17 06:50:00.0;0,00
CURITIBA;410690206A;PR;Santa Felicidade;-25,382;-49,332;2025-03-17 07:50:00.0;0,00
CURITIBA;410690206A;PR;Santa Felicidade;-25,382;-49,332;2025-03-17 08:50:00.0;0,00
CURITIBA;410690206A;PR;Santa Felicidade;-25,382;-49,332;2025-03-17 09:50:00.0;0,00
CURITIBA;410690206A;PR;Santa Felicidade;-25,382;-49,332;2025-03-17 10:50:00.0;0,00
CURITIBA;410690206A;PR;Santa Felicidade;-25,382;-49,332;2025-03-17 11:50:00.0;0,00
CURITIBA;410690206A;PR;Santa Felicidade;-25,382;-49,332;2025-03-17 12:50:00.0;0,00
CURITIBA;410690206A;PR;Santa Felicidade;-25,382;-49,332;2025-03-17 13:50:00.0;0,00
CURITIBA;410690206A;PR;Santa Felicidade;-25,382;-49,332;2025-03-17 14:50:00.0;0,00
CURITIBA;410690206A;PR;Santa Felicidade;-25,382;-49,332;2025-03-17 15:50:00.0;0,00
CURITIBA;410690206A;PR;Santa Felicidade;-25,382;-49,332;2025-03-17 16:50:00.0;0,00
CURITIBA;410690206A;PR;Santa Felicidade;-25,382;-49,332;2025-03-17 17:30:00.0;0,20
CURITIBA;410690206A;PR;Santa Felicidade;-25,382;-49,332;2025-03-17 17:50:00.0;0,00
CURITIBA;410690206A;PR;Santa Felicidade;-25,382;-49,332;2025-03-17 18:50:00.0;0,00
CURITIBA;410690206A;PR;Santa Felicidade;-25,382;-49,332;2025-03-17 19:50:00.0;0,00
CURITIBA;410690206A;PR;Santa Felicidade;-25,382;-49,332;2025-03-17 20:50:00.0;0,00
CURITIBA;410690206A;PR;Santa Felicidade;-25,382;-49,332;2025-03-17 21:50:00.0;0,00
CURITIBA;410690206A;PR;Santa Felicidade;-25,382;-49,332;2025-03-17 22:50:00.0;0,00
CURITIBA;410690206A;PR;Santa Felicidade;-25,382;-49,332;2025-03-17 23:50:00.0;0,00
CURITIBA;410690206A;PR;Santa Felicidade;-25,382;-49,332;2025-03-18 00:50:00.0;0,00
CURITIBA;410690206A;PR;Santa Felicidade;-25,382;-49,332;2025-03-18 01:50:00.0;0,00
CURITIBA;410690206A;PR;Santa Felicidade;-25,382;-49,332;2025-03-18 02:50:00.0;0,00
CURITIBA;410690206A;PR;Santa Felicidade;-25,382;-49,332;2025-03-18 03:50:00.0;0,00
CURITIBA;410690206A;PR;Santa Felicidade;-25,382;-49,332;2025-03-18 04:50:00.0;0,00
CURITIBA;410690206A;PR;Santa Felicidade;-25,382;-49,332;2025-03-18 05:50:00.0;0,00
CURITIBA;410690206A;PR;Santa Felicidade;-25,382;-49,332;2025-03-18 06:50:00.0;0,00
CURITIBA;410690206A;PR;Santa Felicidade;-25,382;-49,332;2025-03-18 07:50:00.0;0,00
CURITIBA;410690206A;PR;Santa Felicidade;-25,382;-49,332;2025-03-18 08:50:00.0;0,00
CURITIBA;410690206A;PR;Santa Felicidade;-25,382;-49,332;2025-03-18 09:50:00.0;0,00
CURITIBA;410690206A;PR;Santa Felicidade;-25,382;-49,332;2025-03-18 10:50:00.0;0,00
CURITIBA;410690206A;PR;Santa Felicidade;-25,382;-49,332;2025-03-18 11:50:00.0;0,00
CURITIBA;410690206A;PR;Santa Felicidade;-25,382;-49,332;2025-03-18 12:50:00.0;0,00
CURITIBA;410690206A;PR;Santa Felicidade;-25,382;-49,332;2025-03-18 13:50:00.0;0,00
CURITIBA;410690206A;PR;Santa Felicidade;-25,382;-49,332;2025-03-18 14:50:00.0;0,00
CURITIBA;410690206A;PR;Santa Felicidade;-25,382;-49,332;2025-03-18 15:50:00.0;0,00
CURITIBA;410690206A;PR;Santa Felicidade;-25,382;-49,332;2025-03-18 16:50:00.0;0,00
CURITIBA;410690206A;PR;Santa Felicidade;-25,382;-49,332;2025-03-18 17:50:00.0;0,00
CURITIBA;410690206A;PR;Santa Felicidade;-25,382;-49,332;2025-03-18 18:30:00.0;0,60
CURITIBA;410690206A;PR;Santa Felicidade;-25,382;-49,332;2025-03-18 18:40:00.0;5,40
CURITIBA;410690206A;PR;Santa Felicidade;-25,382;-49,332;2025-03-18 18:50:00.0;0,00
CURITIBA;410690206A;PR;Santa Felicidade;-25,382;-49,332;2025-03-18 19:00:00.0;0,20
CURITIBA;410690206A;PR;Santa Felicidade;-25,382;-49,332;2025-03-18 19:10:00.0;0,20
CURITIBA;410690206A;PR;Santa Felicidade;-25,382;-49,332;2025-03-18 19:20:00.0;0,60
CURITIBA;410690206A;PR;Santa Felicidade;-25,382;-49,332;2025-03-18 19:30:00.0;1,20
CURITIBA;410690206A;PR;Santa Felicidade;-25,382;-49,332;2025-03-18 19:40:00.0;0,20
CURITIBA;410690206A;PR;Santa Felicidade;-25,382;-49,332;2025-03-18 19:50:00.0;0,40
CURITIBA;410690206A;PR;Santa Felicidade;-25,382;-49,332;2025-03-18 20:00:00.0;0,20
CURITIBA;410690206A;PR;Santa Felicidade;-25,382;-49,332;2025-03-18 20:50:00.0;0,00
CURITIBA;410690206A;PR;Santa Felicidade;-25,382;-49,332;2025-03-18 21:50:00.0;0,00
CURITIBA;410690206A;PR;Santa Felicidade;-25,382;-49,332;2025-03-18 22:50:00.0;0,00
CURITIBA;410690206A;PR;Santa Felicidade;-25,382;-49,332;2025-03-18 23:50:00.0;0,00
CURITIBA;410690206A;PR;Santa Felicidade;-25,382;-49,332;2025-03-19 00:50:00.0;0,00
CURITIBA;410690206A;PR;Santa Felicidade;-25,382;-49,332;2025-03-19 01:50:00.0;0,00
CURITIBA;410690206A;PR;Santa Felicidade;-25,382;-49,332;2025-03-19 02:50:00.0;0,00
CURITIBA;410690206A;PR;Santa Felicidade;-25,382;-49,332;2025-03-19 03:50:00.0;0,00
CURITIBA;410690206A;PR;Santa Felicidade;-25,382;-49,332;2025-03-19 04:50:00.0;0,00
CURITIBA;410690206A;PR;Santa Felicidade;-25,382;-49,332;2025-03-19 05:50:00.0;0,00
CURITIBA;410690206A;PR;Santa Felicidade;-25,382;-49,332;2025-03-19 06:50:00.0;0,00
CURITIBA;410690206A;PR;Santa Felicidade;-25,382;-49,332;2025-03-19 07:50:00.0;0,00
CURITIBA;410690206A;PR;Santa Felicidade;-25,382;-49,332;2025-03-19 08:50:00.0;0,00
CURITIBA;410690206A;PR;Santa Felicidade;-25,382;-49,332;2025-03-19 09:50:00.0;0,00
CURITIBA;410690206A;PR;Santa Felicidade;-25,382;-49,332;2025-03-19 10:50:00.0;0,00
CURITIBA;410690206A;PR;Santa Felicidade;-25,382;-49,332;2025-03-19 11:50:00.0;0,00
CURITIBA;410690206A;PR;Santa Felicidade;-25,382;-49,332;2025-03-19 12:50:00.0;0,00
CURITIBA;410690206A;PR;Santa Felicidade;-25,382;-49,332;2025-03-19 13:50:00.0;0,00
CURITIBA;410690206A;PR;Santa Felicidade;-25,382;-49,332;2025-03-19 14:50:00.0;0,00
CURITIBA;410690206A;PR;Santa Felicidade;-25,382;-49,332;2025-03-19 15:50:00.0;0,00
CURITIBA;410690206A;PR;Santa Felicidade;-25,382;-49,332;2025-03-19 16:50:00.0;0,00
CURITIBA;410690206A;PR;Santa Felicidade;-25,382;-49,332;2025-03-19 17:50:00.0;0,00
CURITIBA;410690206A;PR;Santa Felicidade;-25,382;-49,332;2025-03-19 18:50:00.0;0,00
CURITIBA;410690206A;PR;Santa Felicidade;-25,382;-49,332;2025-03-19 19:50:00.0;0,00
CURITIBA;410690206A;PR;Santa Felicidade;-25,382;-49,332;2025-03-19 20:50:00.0;0,00
CURITIBA;410690206A;PR;Santa Felicidade;-25,382;-49,332;2025-03-19 21:50:00.0;0,00
CURITIBA;410690206A;PR;Santa Felicidade;-25,382;-49,332;2025-03-19 22:50:00.0;0,00
CURITIBA;410690206A;PR;Santa Felicidade;-25,382;-49,332;2025-03-19 23:50:00.0;0,00
CURITIBA;410690206A;PR;Santa Felicidade;-25,382;-49,332;2025-03-20 00:50:00.0;0,00
CURITIBA;410690206A;PR;Santa Felicidade;-25,382;-49,332;2025-03-20 01:50:00.0;0,00
CURITIBA;410690206A;PR;Santa Felicidade;-25,382;-49,332;2025-03-20 02:50:00.0;0,00
CURITIBA;410690206A;PR;Santa Felicidade;-25,382;-49,332;2025-03-20 03:50:00.0;0,00
CURITIBA;410690206A;PR;Santa Felicidade;-25,382;-49,332;2025-03-20 04:50:00.0;0,00
CURITIBA;410690206A;PR;Santa Felicidade;-25,382;-49,332;2025-03-20 05:50:00.0;0,00
CURITIBA;410690206A;PR;Santa Felicidade;-25,382;-49,332;2025-03-20 06:50:00.0;0,00
CURITIBA;410690206A;PR;Santa Felicidade;-25,382;-49,332;2025-03-20 07:50:00.0;0,00
CURITIBA;410690206A;PR;Santa Felicidade;-25,382;-49,332;2025-03-20 08:50:00.0;0,00
CURITIBA;410690206A;PR;Santa Felicidade;-25,382;-49,332;2025-03-20 09:50:00.0;0,00
CURITIBA;410690206A;PR;Santa Felicidade;-25,382;-49,332;2025-03-20 10:50:00.0;0,00
CURITIBA;410690206A;PR;Santa Felicidade;-25,382;-49,332;2025-03-20 11:50:00.0;0,00
CURITIBA;410690206A;PR;Santa Felicidade;-25,382;-49,332;2025-03-20 12:50:00.0;0,00
CURITIBA;410690206A;PR;Santa Felicidade;-25,382;-49,332;2025-03-20 13:50:00.0;0,00
CURITIBA;410690206A;PR;Santa Felicidade;-25,382;-49,332;2025-03-20 14:50:00.0;0,00
CURITIBA;410690206A;PR;Santa Felicidade;-25,382;-49,332;2025-03-20 15:50:00.0;0,00
CURITIBA;410690206A;PR;Santa Felicidade;-25,382;-49,332;2025-03-20 16:50:00.0;0,00
CURITIBA;410690206A;PR;Santa Felicidade;-25,382;-49,332;2025-03-20 17:50:00.0;0,00
CURITIBA;410690206A;PR;Santa Felicidade;-25,382;-49,332;2025-03-20 18:50:00.0;0,00
CURITIBA;410690206A;PR;Santa Felicidade;-25,382;-49,332;2025-03-20 19:50:00.0;0,00
CURITIBA;410690206A;PR;Santa Felicidade;-25,382;-49,332;2025-03-20 20:50:00.0;0,00
CURITIBA;410690206A;PR;Santa Felicidade;-25,382;-49,332;2025-03-20 21:50:00.0;0,00
CURITIBA;410690206A;PR;Santa Felicidade;-25,382;-49,332;2025-03-20 22:50:00.0;0,00
CURITIBA;410690206A;PR;Santa Felicidade;-25,382;-49,332;2025-03-20 23:50:00.0;0,00
CURITIBA;410690206A;PR;Santa Felicidade;-25,382;-49,332;2025-03-21 00:50:00.0;0,00
CURITIBA;410690206A;PR;Santa Felicidade;-25,382;-49,332;2025-03-21 01:50:00.0;0,00
CURITIBA;410690206A;PR;Santa Felicidade;-25,382;-49,332;2025-03-21 02:50:00.0;0,00
CURITIBA;410690206A;PR;Santa Felicidade;-25,382;-49,332;2025-03-21 03:50:00.0;0,00
CURITIBA;410690206A;PR;Santa Felicidade;-25,382;-49,332;2025-03-21 04:50:00.0;0,00
CURITIBA;410690206A;PR;Santa Felicidade;-25,382;-49,332;2025-03-21 05:50:00.0;0,00
CURITIBA;410690206A;PR;Santa Felicidade;-25,382;-49,332;2025-03-21 06:50:00.0;0,00
CURITIBA;410690206A;PR;Santa Felicidade;-25,382;-49,332;2025-03-21 07:50:00.0;0,00
CURITIBA;410690206A;PR;Santa Felicidade;-25,382;-49,332;2025-03-21 08:50:00.0;0,00
CURITIBA;410690206A;PR;Santa Felicidade;-25,382;-49,332;2025-03-21 09:50:00.0;0,00
CURITIBA;410690206A;PR;Santa Felicidade;-25,382;-49,332;2025-03-21 10:50:00.0;0,00
CURITIBA;410690206A;PR;Santa Felicidade;-25,382;-49,332;2025-03-21 11:50:00.0;0,00
CURITIBA;410690206A;PR;Santa Felicidade;-25,382;-49,332;2025-03-21 12:50:00.0;0,00
CURITIBA;410690206A;PR;Santa Felicidade;-25,382;-49,332;2025-03-21 13:50:00.0;0,00
CURITIBA;410690206A;PR;Santa Felicidade;-25,382;-49,332;2025-03-21 14:50:00.0;0,00
CURITIBA;410690206A;PR;Santa Felicidade;-25,382;-49,332;2025-03-21 15:50:00.0;0,00
CURITIBA;410690206A;PR;Santa Felicidade;-25,382;-49,332;2025-03-21 16:50:00.0;0,00
CURITIBA;410690206A;PR;Santa Felicidade;-25,382;-49,332;2025-03-21 17:50:00.0;0,00
CURITIBA;410690206A;PR;Santa Felicidade;-25,382;-49,332;2025-03-21 18:50:00.0;0,00
CURITIBA;410690206A;PR;Santa Felicidade;-25,382;-49,332;2025-03-21 19:50:00.0;0,00
CURITIBA;410690206A;PR;Santa Felicidade;-25,382;-49,332;2025-03-21 20:50:00.0;0,00
CURITIBA;410690206A;PR;Santa Felicidade;-25,382;-49,332;2025-03-21 21:50:00.0;0,00
CURITIBA;410690206A;PR;Santa Felicidade;-25,382;-49,332;2025-03-21 22:50:00.0;0,00
CURITIBA;410690206A;PR;Santa Felicidade;-25,382;-49,332;2025-03-21 23:50:00.0;0,00
CURITIBA;410690206A;PR;Santa Felicidade;-25,382;-49,332;2025-03-22 00:50:00.0;0,00
CURITIBA;410690206A;PR;Santa Felicidade;-25,382;-49,332;2025-03-22 01:50:00.0;0,00
CURITIBA;410690206A;PR;Santa Felicidade;-25,382;-49,332;2025-03-22 02:50:00.0;0,00
CURITIBA;410690206A;PR;Santa Felicidade;-25,382;-49,332;2025-03-22 03:50:00.0;0,00
CURITIBA;410690206A;PR;Santa Felicidade;-25,382;-49,332;2025-03-22 04:50:00.0;0,00
CURITIBA;410690206A;PR;Santa Felicidade;-25,382;-49,332;2025-03-22 05:50:00.0;0,00
CURITIBA;410690206A;PR;Santa Felicidade;-25,382;-49,332;2025-03-22 06:50:00.0;0,00
CURITIBA;410690206A;PR;Santa Felicidade;-25,382;-49,332;2025-03-22 07:50:00.0;0,00
CURITIBA;410690206A;PR;Santa Felicidade;-25,382;-49,332;2025-03-22 08:50:00.0;0,00
CURITIBA;410690206A;PR;Santa Felicidade;-25,382;-49,332;2025-03-22 09:50:00.0;0,00
CURITIBA;410690206A;PR;Santa Felicidade;-25,382;-49,332;2025-03-22 10:50:00.0;0,00
CURITIBA;410690206A;PR;Santa Felicidade;-25,382;-49,332;2025-03-22 11:50:00.0;0,00
CURITIBA;410690206A;PR;Santa Felicidade;-25,382;-49,332;2025-03-22 12:50:00.0;0,00
CURITIBA;410690206A;PR;Santa Felicidade;-25,382;-49,332;2025-03-22 13:50:00.0;0,00
CURITIBA;410690206A;PR;Santa Felicidade;-25,382;-49,332;2025-03-22 14:50:00.0;0,00
CURITIBA;410690206A;PR;Santa Felicidade;-25,382;-49,332;2025-03-22 15:50:00.0;0,00
CURITIBA;410690206A;PR;Santa Felicidade;-25,382;-49,332;2025-03-22 16:50:00.0;0,00
CURITIBA;410690206A;PR;Santa Felicidade;-25,382;-49,332;2025-03-22 17:50:00.0;0,00
CURITIBA;410690206A;PR;Santa Felicidade;-25,382;-49,332;2025-03-22 18:50:00.0;0,00
CURITIBA;410690206A;PR;Santa Felicidade;-25,382;-49,332;2025-03-22 19:50:00.0;0,00
CURITIBA;410690206A;PR;Santa Felicidade;-25,382;-49,332;2025-03-22 20:50:00.0;0,00
CURITIBA;410690206A;PR;Santa Felicidade;-25,382;-49,332;2025-03-22 21:50:00.0;0,00
CURITIBA;410690206A;PR;Santa Felicidade;-25,382;-49,332;2025-03-22 22:50:00.0;0,00
CURITIBA;410690206A;PR;Santa Felicidade;-25,382;-49,332;2025-03-22 23:50:00.0;0,00
CURITIBA;410690206A;PR;Santa Felicidade;-25,382;-49,332;2025-03-23 00:50:00.0;0,00
CURITIBA;410690206A;PR;Santa Felicidade;-25,382;-49,332;2025-03-23 01:50:00.0;0,00
CURITIBA;410690206A;PR;Santa Felicidade;-25,382;-49,332;2025-03-23 02:50:00.0;0,00
CURITIBA;410690206A;PR;Santa Felicidade;-25,382;-49,332;2025-03-23 03:50:00.0;0,00
CURITIBA;410690206A;PR;Santa Felicidade;-25,382;-49,332;2025-03-23 04:50:00.0;0,00
CURITIBA;410690206A;PR;Santa Felicidade;-25,382;-49,332;2025-03-23 05:50:00.0;0,00
CURITIBA;410690206A;PR;Santa Felicidade;-25,382;-49,332;2025-03-23 06:50:00.0;0,00
CURITIBA;410690206A;PR;Santa Felicidade;-25,382;-49,332;2025-03-23 07:50:00.0;0,00
CURITIBA;410690206A;PR;Santa Felicidade;-25,382;-49,332;2025-03-23 08:50:00.0;0,00
CURITIBA;410690206A;PR;Santa Felicidade;-25,382;-49,332;2025-03-23 09:50:00.0;0,00
CURITIBA;410690206A;PR;Santa Felicidade;-25,382;-49,332;2025-03-23 10:50:00.0;0,00
CURITIBA;410690206A;PR;Santa Felicidade;-25,382;-49,332;2025-03-23 11:50:00.0;0,00
CURITIBA;410690206A;PR;Santa Felicidade;-25,382;-49,332;2025-03-23 12:50:00.0;0,00
CURITIBA;410690206A;PR;Santa Felicidade;-25,382;-49,332;2025-03-23 13:50:00.0;0,00
CURITIBA;410690206A;PR;Santa Felicidade;-25,382;-49,332;2025-03-23 14:50:00.0;0,00
CURITIBA;410690206A;PR;Santa Felicidade;-25,382;-49,332;2025-03-23 15:50:00.0;0,00
CURITIBA;410690206A;PR;Santa Felicidade;-25,382;-49,332;2025-03-23 16:50:00.0;0,00
CURITIBA;410690206A;PR;Santa Felicidade;-25,382;-49,332;2025-03-23 17:50:00.0;0,00
CURITIBA;410690206A;PR;Santa Felicidade;-25,382;-49,332;2025-03-23 18:50:00.0;0,00
CURITIBA;410690206A;PR;Santa Felicidade;-25,382;-49,332;2025-03-23 19:50:00.0;0,00
CURITIBA;410690206A;PR;Santa Felicidade;-25,382;-49,332;2025-03-23 20:50:00.0;0,00
CURITIBA;410690206A;PR;Santa Felicidade;-25,382;-49,332;2025-03-23 21:50:00.0;0,00
CURITIBA;410690206A;PR;Santa Felicidade;-25,382;-49,332;2025-03-23 22:50:00.0;0,00
CURITIBA;410690206A;PR;Santa Felicidade;-25,382;-49,332;2025-03-23 23:50:00.0;0,00
CURITIBA;410690206A;PR;Santa Felicidade;-25,382;-49,332;2025-03-24 00:50:00.0;0,00
CURITIBA;410690206A;PR;Santa Felicidade;-25,382;-49,332;2025-03-24 01:50:00.0;0,00
CURITIBA;410690206A;PR;Santa Felicidade;-25,382;-49,332;2025-03-24 02:50:00.0;0,00
CURITIBA;410690206A;PR;Santa Felicidade;-25,382;-49,332;2025-03-24 03:50:00.0;0,00
CURITIBA;410690206A;PR;Santa Felicidade;-25,382;-49,332;2025-03-24 04:50:00.0;0,00
CURITIBA;410690206A;PR;Santa Felicidade;-25,382;-49,332;2025-03-24 05:50:00.0;0,00
CURITIBA;410690206A;PR;Santa Felicidade;-25,382;-49,332;2025-03-24 06:50:00.0;0,00
CURITIBA;410690206A;PR;Santa Felicidade;-25,382;-49,332;2025-03-24 07:50:00.0;0,00
CURITIBA;410690206A;PR;Santa Felicidade;-25,382;-49,332;2025-03-24 08:50:00.0;0,00
CURITIBA;410690206A;PR;Santa Felicidade;-25,382;-49,332;2025-03-24 09:50:00.0;0,00
CURITIBA;410690206A;PR;Santa Felicidade;-25,382;-49,332;2025-03-24 10:50:00.0;0,00
CURITIBA;410690206A;PR;Santa Felicidade;-25,382;-49,332;2025-03-24 11:50:00.0;0,00
CURITIBA;410690206A;PR;Santa Felicidade;-25,382;-49,332;2025-03-24 12:50:00.0;0,00
CURITIBA;410690206A;PR;Santa Felicidade;-25,382;-49,332;2025-03-24 13:50:00.0;0,00
CURITIBA;410690206A;PR;Santa Felicidade;-25,382;-49,332;2025-03-24 14:50:00.0;0,00
CURITIBA;410690206A;PR;Santa Felicidade;-25,382;-49,332;2025-03-24 15:50:00.0;0,00
CURITIBA;410690206A;PR;Santa Felicidade;-25,382;-49,332;2025-03-24 16:50:00.0;0,00
CURITIBA;410690206A;PR;Santa Felicidade;-25,382;-49,332;2025-03-24 17:50:00.0;0,00
CURITIBA;410690206A;PR;Santa Felicidade;-25,382;-49,332;2025-03-24 18:50:00.0;0,00
CURITIBA;410690206A;PR;Santa Felicidade;-25,382;-49,332;2025-03-24 19:50:00.0;0,00
CURITIBA;410690206A;PR;Santa Felicidade;-25,382;-49,332;2025-03-24 20:50:00.0;0,00
CURITIBA;410690206A;PR;Santa Felicidade;-25,382;-49,332;2025-03-24 21:50:00.0;0,00
CURITIBA;410690206A;PR;Santa Felicidade;-25,382;-49,332;2025-03-24 22:50:00.0;0,00
CURITIBA;410690206A;PR;Santa Felicidade;-25,382;-49,332;2025-03-24 23:50:00.0;0,00
CURITIBA;410690206A;PR;Santa Felicidade;-25,382;-49,332;2025-03-25 00:50:00.0;0,00
CURITIBA;410690206A;PR;Santa Felicidade;-25,382;-49,332;2025-03-25 01:50:00.0;0,00
CURITIBA;410690206A;PR;Santa Felicidade;-25,382;-49,332;2025-03-25 02:50:00.0;0,00
CURITIBA;410690206A;PR;Santa Felicidade;-25,382;-49,332;2025-03-25 03:50:00.0;0,00
CURITIBA;410690206A;PR;Santa Felicidade;-25,382;-49,332;2025-03-25 04:50:00.0;0,00
CURITIBA;410690206A;PR;Santa Felicidade;-25,382;-49,332;2025-03-25 05:50:00.0;0,00
CURITIBA;410690206A;PR;Santa Felicidade;-25,382;-49,332;2025-03-25 06:50:00.0;0,00
CURITIBA;410690206A;PR;Santa Felicidade;-25,382;-49,332;2025-03-25 07:50:00.0;0,00
CURITIBA;410690206A;PR;Santa Felicidade;-25,382;-49,332;2025-03-25 08:50:00.0;0,20
CURITIBA;410690206A;PR;Santa Felicidade;-25,382;-49,332;2025-03-25 09:50:00.0;0,00
CURITIBA;410690206A;PR;Santa Felicidade;-25,382;-49,332;2025-03-25 10:50:00.0;0,00
CURITIBA;410690206A;PR;Santa Felicidade;-25,382;-49,332;2025-03-25 11:50:00.0;0,00
CURITIBA;410690206A;PR;Santa Felicidade;-25,382;-49,332;2025-03-25 12:50:00.0;0,00
CURITIBA;410690206A;PR;Santa Felicidade;-25,382;-49,332;2025-03-25 13:00:00.0;0,20
CURITIBA;410690206A;PR;Santa Felicidade;-25,382;-49,332;2025-03-25 13:50:00.0;0,00
CURITIBA;410690206A;PR;Santa Felicidade;-25,382;-49,332;2025-03-25 14:50:00.0;0,00
CURITIBA;410690206A;PR;Santa Felicidade;-25,382;-49,332;2025-03-25 16:20:00.0;0,00
CURITIBA;410690206A;PR;Santa Felicidade;-25,382;-49,332;2025-03-25 16:50:00.0;0,00
CURITIBA;410690206A;PR;Santa Felicidade;-25,382;-49,332;2025-03-25 17:50:00.0;0,00
CURITIBA;410690206A;PR;Santa Felicidade;-25,382;-49,332;2025-03-25 18:50:00.0;0,00
CURITIBA;410690206A;PR;Santa Felicidade;-25,382;-49,332;2025-03-25 19:50:00.0;0,00
CURITIBA;410690206A;PR;Santa Felicidade;-25,382;-49,332;2025-03-25 20:50:00.0;0,00
CURITIBA;410690206A;PR;Santa Felicidade;-25,382;-49,332;2025-03-25 21:50:00.0;0,00
CURITIBA;410690206A;PR;Santa Felicidade;-25,382;-49,332;2025-03-25 22:50:00.0;0,00
CURITIBA;410690206A;PR;Santa Felicidade;-25,382;-49,332;2025-03-25 23:50:00.0;0,00
CURITIBA;410690206A;PR;Santa Felicidade;-25,382;-49,332;2025-03-26 00:50:00.0;0,00
CURITIBA;410690206A;PR;Santa Felicidade;-25,382;-49,332;2025-03-26 01:50:00.0;0,00
CURITIBA;410690206A;PR;Santa Felicidade;-25,382;-49,332;2025-03-26 02:50:00.0;0,00
CURITIBA;410690206A;PR;Santa Felicidade;-25,382;-49,332;2025-03-26 03:10:00.0;0,20
CURITIBA;410690206A;PR;Santa Felicidade;-25,382;-49,332;2025-03-26 03:20:00.0;0,60
CURITIBA;410690206A;PR;Santa Felicidade;-25,382;-49,332;2025-03-26 03:30:00.0;1,00
CURITIBA;410690206A;PR;Santa Felicidade;-25,382;-49,332;2025-03-26 03:40:00.0;1,60
CURITIBA;410690206A;PR;Santa Felicidade;-25,382;-49,332;2025-03-26 03:50:00.0;1,00
CURITIBA;410690206A;PR;Santa Felicidade;-25,382;-49,332;2025-03-26 04:00:00.0;0,20
CURITIBA;410690206A;PR;Santa Felicidade;-25,382;-49,332;2025-03-26 04:10:00.0;0,80
CURITIBA;410690206A;PR;Santa Felicidade;-25,382;-49,332;2025-03-26 04:20:00.0;0,40
CURITIBA;410690206A;PR;Santa Felicidade;-25,382;-49,332;2025-03-26 04:30:00.0;0,80
CURITIBA;410690206A;PR;Santa Felicidade;-25,382;-49,332;2025-03-26 04:40:00.0;0,40
CURITIBA;410690206A;PR;Santa Felicidade;-25,382;-49,332;2025-03-26 04:50:00.0;0,80
CURITIBA;410690206A;PR;Santa Felicidade;-25,382;-49,332;2025-03-26 05:00:00.0;1,00
CURITIBA;410690206A;PR;Santa Felicidade;-25,382;-49,332;2025-03-26 05:10:00.0;0,40
CURITIBA;410690206A;PR;Santa Felicidade;-25,382;-49,332;2025-03-26 05:20:00.0;0,20
CURITIBA;410690206A;PR;Santa Felicidade;-25,382;-49,332;2025-03-26 05:30:00.0;0,20
CURITIBA;410690206A;PR;Santa Felicidade;-25,382;-49,332;2025-03-26 05:50:00.0;0,00
CURITIBA;410690206A;PR;Santa Felicidade;-25,382;-49,332;2025-03-26 06:00:00.0;0,20
CURITIBA;410690206A;PR;Santa Felicidade;-25,382;-49,332;2025-03-26 06:50:00.0;0,00
CURITIBA;410690206A;PR;Santa Felicidade;-25,382;-49,332;2025-03-26 07:10:00.0;0,40
CURITIBA;410690206A;PR;Santa Felicidade;-25,382;-49,332;2025-03-26 07:50:00.0;0,00
CURITIBA;410690206A;PR;Santa Felicidade;-25,382;-49,332;2025-03-26 08:50:00.0;0,00
CURITIBA;410690206A;PR;Santa Felicidade;-25,382;-49,332;2025-03-26 09:50:00.0;0,00
CURITIBA;410690206A;PR;Santa Felicidade;-25,382;-49,332;2025-03-26 10:50:00.0;0,00
CURITIBA;410690206A;PR;Santa Felicidade;-25,382;-49,332;2025-03-26 11:50:00.0;0,00
CURITIBA;410690206A;PR;Santa Felicidade;-25,382;-49,332;2025-03-26 12:50:00.0;0,00
CURITIBA;410690206A;PR;Santa Felicidade;-25,382;-49,332;2025-03-26 13:50:00.0;0,00
CURITIBA;410690206A;PR;Santa Felicidade;-25,382;-49,332;2025-03-26 14:50:00.0;0,00
CURITIBA;410690206A;PR;Santa Felicidade;-25,382;-49,332;2025-03-26 15:50:00.0;0,20
CURITIBA;410690206A;PR;Santa Felicidade;-25,382;-49,332;2025-03-26 16:50:00.0;0,00
CURITIBA;410690206A;PR;Santa Felicidade;-25,382;-49,332;2025-03-26 17:50:00.0;0,00
CURITIBA;410690206A;PR;Santa Felicidade;-25,382;-49,332;2025-03-26 18:50:00.0;0,00
CURITIBA;410690206A;PR;Santa Felicidade;-25,382;-49,332;2025-03-26 19:50:00.0;0,00
CURITIBA;410690206A;PR;Santa Felicidade;-25,382;-49,332;2025-03-26 20:50:00.0;0,00
CURITIBA;410690206A;PR;Santa Felicidade;-25,382;-49,332;2025-03-26 21:50:00.0;0,00
CURITIBA;410690206A;PR;Santa Felicidade;-25,382;-49,332;2025-03-26 22:50:00.0;0,00
CURITIBA;410690206A;PR;Santa Felicidade;-25,382;-49,332;2025-03-26 23:50:00.0;0,00
CURITIBA;410690206A;PR;Santa Felicidade;-25,382;-49,332;2025-03-27 00:50:00.0;0,00
CURITIBA;410690206A;PR;Santa Felicidade;-25,382;-49,332;2025-03-27 01:50:00.0;0,00
CURITIBA;410690206A;PR;Santa Felicidade;-25,382;-49,332;2025-03-27 02:50:00.0;0,00
CURITIBA;410690206A;PR;Santa Felicidade;-25,382;-49,332;2025-03-27 03:20:00.0;0,20
CURITIBA;410690206A;PR;Santa Felicidade;-25,382;-49,332;2025-03-27 03:40:00.0;0,20
CURITIBA;410690206A;PR;Santa Felicidade;-25,382;-49,332;2025-03-27 03:50:00.0;0,00
CURITIBA;410690206A;PR;Santa Felicidade;-25,382;-49,332;2025-03-27 04:50:00.0;0,00
CURITIBA;410690206A;PR;Santa Felicidade;-25,382;-49,332;2025-03-27 05:50:00.0;0,00
CURITIBA;410690206A;PR;Santa Felicidade;-25,382;-49,332;2025-03-27 06:50:00.0;0,00
CURITIBA;410690206A;PR;Santa Felicidade;-25,382;-49,332;2025-03-27 07:50:00.0;0,00
CURITIBA;410690206A;PR;Santa Felicidade;-25,382;-49,332;2025-03-27 08:50:00.0;0,00
CURITIBA;410690206A;PR;Santa Felicidade;-25,382;-49,332;2025-03-27 09:50:00.0;0,00
CURITIBA;410690206A;PR;Santa Felicidade;-25,382;-49,332;2025-03-27 10:50:00.0;0,00
CURITIBA;410690206A;PR;Santa Felicidade;-25,382;-49,332;2025-03-27 11:50:00.0;0,00
CURITIBA;410690206A;PR;Santa Felicidade;-25,382;-49,332;2025-03-27 12:50:00.0;0,00
CURITIBA;410690206A;PR;Santa Felicidade;-25,382;-49,332;2025-03-27 13:50:00.0;0,00
CURITIBA;410690206A;PR;Santa Felicidade;-25,382;-49,332;2025-03-27 14:50:00.0;0,00
CURITIBA;410690206A;PR;Santa Felicidade;-25,382;-49,332;2025-03-27 15:50:00.0;0,00
CURITIBA;410690206A;PR;Santa Felicidade;-25,382;-49,332;2025-03-27 16:50:00.0;0,00
CURITIBA;410690206A;PR;Santa Felicidade;-25,382;-49,332;2025-03-27 17:50:00.0;0,00
CURITIBA;410690206A;PR;Santa Felicidade;-25,382;-49,332;2025-03-27 18:50:00.0;0,00
CURITIBA;410690206A;PR;Santa Felicidade;-25,382;-49,332;2025-03-27 19:50:00.0;0,00
CURITIBA;410690206A;PR;Santa Felicidade;-25,382;-49,332;2025-03-27 20:50:00.0;0,00
CURITIBA;410690206A;PR;Santa Felicidade;-25,382;-49,332;2025-03-27 21:50:00.0;0,00
CURITIBA;410690206A;PR;Santa Felicidade;-25,382;-49,332;2025-03-27 22:50:00.0;0,00
CURITIBA;410690206A;PR;Santa Felicidade;-25,382;-49,332;2025-03-27 23:50:00.0;0,00
CURITIBA;410690206A;PR;Santa Felicidade;-25,382;-49,332;2025-03-28 00:50:00.0;0,00
CURITIBA;410690206A;PR;Santa Felicidade;-25,382;-49,332;2025-03-28 01:50:00.0;0,00
CURITIBA;410690206A;PR;Santa Felicidade;-25,382;-49,332;2025-03-28 02:50:00.0;0,00
CURITIBA;410690206A;PR;Santa Felicidade;-25,382;-49,332;2025-03-28 03:50:00.0;0,00
CURITIBA;410690206A;PR;Santa Felicidade;-25,382;-49,332;2025-03-28 04:50:00.0;0,00
CURITIBA;410690206A;PR;Santa Felicidade;-25,382;-49,332;2025-03-28 05:50:00.0;0,00
CURITIBA;410690206A;PR;Santa Felicidade;-25,382;-49,332;2025-03-28 06:50:00.0;0,00
CURITIBA;410690206A;PR;Santa Felicidade;-25,382;-49,332;2025-03-28 07:50:00.0;0,00
CURITIBA;410690206A;PR;Santa Felicidade;-25,382;-49,332;2025-03-28 08:50:00.0;0,00
CURITIBA;410690206A;PR;Santa Felicidade;-25,382;-49,332;2025-03-28 09:50:00.0;0,00
CURITIBA;410690206A;PR;Santa Felicidade;-25,382;-49,332;2025-03-28 10:50:00.0;0,00
CURITIBA;410690206A;PR;Santa Felicidade;-25,382;-49,332;2025-03-28 11:50:00.0;0,00
CURITIBA;410690206A;PR;Santa Felicidade;-25,382;-49,332;2025-03-28 12:50:00.0;0,00
CURITIBA;410690206A;PR;Santa Felicidade;-25,382;-49,332;2025-03-28 13:50:00.0;0,00
CURITIBA;410690206A;PR;Santa Felicidade;-25,382;-49,332;2025-03-28 14:50:00.0;0,00
CURITIBA;410690206A;PR;Santa Felicidade;-25,382;-49,332;2025-03-28 15:50:00.0;0,00
CURITIBA;410690206A;PR;Santa Felicidade;-25,382;-49,332;2025-03-28 16:50:00.0;0,00
CURITIBA;410690206A;PR;Santa Felicidade;-25,382;-49,332;2025-03-28 17:50:00.0;0,00
CURITIBA;410690206A;PR;Santa Felicidade;-25,382;-49,332;2025-03-28 18:50:00.0;0,00
CURITIBA;410690206A;PR;Santa Felicidade;-25,382;-49,332;2025-03-28 19:50:00.0;0,00
CURITIBA;410690206A;PR;Santa Felicidade;-25,382;-49,332;2025-03-28 20:50:00.0;0,00
CURITIBA;410690206A;PR;Santa Felicidade;-25,382;-49,332;2025-03-28 21:50:00.0;0,00
CURITIBA;410690206A;PR;Santa Felicidade;-25,382;-49,332;2025-03-28 22:50:00.0;0,00
CURITIBA;410690206A;PR;Santa Felicidade;-25,382;-49,332;2025-03-28 23:50:00.0;0,00
CURITIBA;410690206A;PR;Santa Felicidade;-25,382;-49,332;2025-03-29 00:50:00.0;0,00
CURITIBA;410690206A;PR;Santa Felicidade;-25,382;-49,332;2025-03-29 01:50:00.0;0,00
CURITIBA;410690206A;PR;Santa Felicidade;-25,382;-49,332;2025-03-29 02:50:00.0;0,00
CURITIBA;410690206A;PR;Santa Felicidade;-25,382;-49,332;2025-03-29 03:50:00.0;0,00
CURITIBA;410690206A;PR;Santa Felicidade;-25,382;-49,332;2025-03-29 04:50:00.0;0,00
CURITIBA;410690206A;PR;Santa Felicidade;-25,382;-49,332;2025-03-29 05:50:00.0;0,00
CURITIBA;410690206A;PR;Santa Felicidade;-25,382;-49,332;2025-03-29 06:50:00.0;0,00
CURITIBA;410690206A;PR;Santa Felicidade;-25,382;-49,332;2025-03-29 07:50:00.0;0,00
CURITIBA;410690206A;PR;Santa Felicidade;-25,382;-49,332;2025-03-29 08:50:00.0;0,00
CURITIBA;410690206A;PR;Santa Felicidade;-25,382;-49,332;2025-03-29 09:50:00.0;0,00
CURITIBA;410690206A;PR;Santa Felicidade;-25,382;-49,332;2025-03-29 10:50:00.0;0,00
CURITIBA;410690206A;PR;Santa Felicidade;-25,382;-49,332;2025-03-29 11:50:00.0;0,00
CURITIBA;410690206A;PR;Santa Felicidade;-25,382;-49,332;2025-03-29 12:50:00.0;0,00
CURITIBA;410690206A;PR;Santa Felicidade;-25,382;-49,332;2025-03-29 13:50:00.0;0,00
CURITIBA;410690206A;PR;Santa Felicidade;-25,382;-49,332;2025-03-29 14:50:00.0;0,00
CURITIBA;410690206A;PR;Santa Felicidade;-25,382;-49,332;2025-03-29 15:50:00.0;0,00
CURITIBA;410690206A;PR;Santa Felicidade;-25,382;-49,332;2025-03-29 16:50:00.0;0,00
CURITIBA;410690206A;PR;Santa Felicidade;-25,382;-49,332;2025-03-29 17:50:00.0;0,00
CURITIBA;410690206A;PR;Santa Felicidade;-25,382;-49,332;2025-03-29 18:50:00.0;0,00
CURITIBA;410690206A;PR;Santa Felicidade;-25,382;-49,332;2025-03-29 19:50:00.0;0,00
CURITIBA;410690206A;PR;Santa Felicidade;-25,382;-49,332;2025-03-29 20:00:00.0;1,40
CURITIBA;410690206A;PR;Santa Felicidade;-25,382;-49,332;2025-03-29 20:10:00.0;4,80
CURITIBA;410690206A;PR;Santa Felicidade;-25,382;-49,332;2025-03-29 20:20:00.0;11,00
CURITIBA;410690206A;PR;Santa Felicidade;-25,382;-49,332;2025-03-29 20:30:00.0;7,80
CURITIBA;410690206A;PR;Santa Felicidade;-25,382;-49,332;2025-03-29 20:40:00.0;1,20
CURITIBA;410690206A;PR;Santa Felicidade;-25,382;-49,332;2025-03-29 21:50:00.0;0,00
CURITIBA;410690206A;PR;Santa Felicidade;-25,382;-49,332;2025-03-29 22:50:00.0;0,00
CURITIBA;410690206A;PR;Santa Felicidade;-25,382;-49,332;2025-03-29 23:50:00.0;0,60
CURITIBA;410690206A;PR;Santa Felicidade;-25,382;-49,332;2025-03-30 00:00:00.0;0,20
CURITIBA;410690206A;PR;Santa Felicidade;-25,382;-49,332;2025-03-30 00:50:00.0;0,00
CURITIBA;410690206A;PR;Santa Felicidade;-25,382;-49,332;2025-03-30 01:50:00.0;0,00
CURITIBA;410690206A;PR;Santa Felicidade;-25,382;-49,332;2025-03-30 02:50:00.0;0,00
CURITIBA;410690206A;PR;Santa Felicidade;-25,382;-49,332;2025-03-30 03:50:00.0;0,00
CURITIBA;410690206A;PR;Santa Felicidade;-25,382;-49,332;2025-03-30 04:50:00.0;0,00
CURITIBA;410690206A;PR;Santa Felicidade;-25,382;-49,332;2025-03-30 05:50:00.0;0,00
CURITIBA;410690206A;PR;Santa Felicidade;-25,382;-49,332;2025-03-30 06:50:00.0;0,00
CURITIBA;410690206A;PR;Santa Felicidade;-25,382;-49,332;2025-03-30 07:50:00.0;0,00
CURITIBA;410690206A;PR;Santa Felicidade;-25,382;-49,332;2025-03-30 08:50:00.0;0,00
CURITIBA;410690206A;PR;Santa Felicidade;-25,382;-49,332;2025-03-30 09:50:00.0;0,00
CURITIBA;410690206A;PR;Santa Felicidade;-25,382;-49,332;2025-03-30 10:50:00.0;0,00
CURITIBA;410690206A;PR;Santa Felicidade;-25,382;-49,332;2025-03-30 11:50:00.0;0,00
CURITIBA;410690206A;PR;Santa Felicidade;-25,382;-49,332;2025-03-30 12:50:00.0;0,00
CURITIBA;410690206A;PR;Santa Felicidade;-25,382;-49,332;2025-03-30 13:50:00.0;0,00
CURITIBA;410690206A;PR;Santa Felicidade;-25,382;-49,332;2025-03-30 14:50:00.0;0,00
CURITIBA;410690206A;PR;Santa Felicidade;-25,382;-49,332;2025-03-30 15:50:00.0;0,00
CURITIBA;410690206A;PR;Santa Felicidade;-25,382;-49,332;2025-03-30 16:50:00.0;0,00
CURITIBA;410690206A;PR;Santa Felicidade;-25,382;-49,332;2025-03-30 17:50:00.0;0,00
CURITIBA;410690206A;PR;Santa Felicidade;-25,382;-49,332;2025-03-30 18:50:00.0;0,00
CURITIBA;410690206A;PR;Santa Felicidade;-25,382;-49,332;2025-03-30 19:50:00.0;0,00
CURITIBA;410690206A;PR;Santa Felicidade;-25,382;-49,332;2025-03-30 20:50:00.0;0,00
CURITIBA;410690206A;PR;Santa Felicidade;-25,382;-49,332;2025-03-30 21:50:00.0;0,00
CURITIBA;410690206A;PR;Santa Felicidade;-25,382;-49,332;2025-03-30 22:50:00.0;0,00
CURITIBA;410690206A;PR;Santa Felicidade;-25,382;-49,332;2025-03-30 23:50:00.0;0,00
CURITIBA;410690206A;PR;Santa Felicidade;-25,382;-49,332;2025-03-31 00:50:00.0;0,00
CURITIBA;410690206A;PR;Santa Felicidade;-25,382;-49,332;2025-03-31 01:50:00.0;0,00
CURITIBA;410690206A;PR;Santa Felicidade;-25,382;-49,332;2025-03-31 02:50:00.0;0,00
CURITIBA;410690206A;PR;Santa Felicidade;-25,382;-49,332;2025-03-31 03:50:00.0;0,00
CURITIBA;410690206A;PR;Santa Felicidade;-25,382;-49,332;2025-03-31 04:50:00.0;0,00
CURITIBA;410690206A;PR;Santa Felicidade;-25,382;-49,332;2025-03-31 05:50:00.0;0,00
CURITIBA;410690206A;PR;Santa Felicidade;-25,382;-49,332;2025-03-31 06:50:00.0;0,00
CURITIBA;410690206A;PR;Santa Felicidade;-25,382;-49,332;2025-03-31 07:50:00.0;0,00
CURITIBA;410690206A;PR;Santa Felicidade;-25,382;-49,332;2025-03-31 08:50:00.0;0,00
CURITIBA;410690206A;PR;Santa Felicidade;-25,382;-49,332;2025-03-31 09:50:00.0;0,00
CURITIBA;410690206A;PR;Santa Felicidade;-25,382;-49,332;2025-03-31 10:50:00.0;0,00
CURITIBA;410690206A;PR;Santa Felicidade;-25,382;-49,332;2025-03-31 11:50:00.0;0,00
CURITIBA;410690206A;PR;Santa Felicidade;-25,382;-49,332;2025-03-31 12:50:00.0;0,00
CURITIBA;410690206A;PR;Santa Felicidade;-25,382;-49,332;2025-03-31 13:50:00.0;0,00
CURITIBA;410690206A;PR;Santa Felicidade;-25,382;-49,332;2025-03-31 14:50:00.0;0,00
CURITIBA;410690206A;PR;Santa Felicidade;-25,382;-49,332;2025-03-31 15:50:00.0;0,00
CURITIBA;410690206A;PR;Santa Felicidade;-25,382;-49,332;2025-03-31 16:50:00.0;0,00
CURITIBA;410690206A;PR;Santa Felicidade;-25,382;-49,332;2025-03-31 17:50:00.0;0,00
CURITIBA;410690206A;PR;Santa Felicidade;-25,382;-49,332;2025-03-31 18:50:00.0;0,00
CURITIBA;410690206A;PR;Santa Felicidade;-25,382;-49,332;2025-03-31 19:50:00.0;0,00
CURITIBA;410690206A;PR;Santa Felicidade;-25,382;-49,332;2025-03-31 20:50:00.0;0,00
CURITIBA;410690206A;PR;Santa Felicidade;-25,382;-49,332;2025-03-31 21:50:00.0;0,00
CURITIBA;410690206A;PR;Santa Felicidade;-25,382;-49,332;2025-03-31 22:50:00.0;0,00
CURITIBA;410690206A;PR;Santa Felicidade;-25,382;-49,332;2025-03-31 23:50:00.0;0,00
CURITIBA;410690207A;PR;São Braz;-25,417;-49,342;2025-03-01 00:10:00.0;0,00
CURITIBA;410690207A;PR;São Braz;-25,417;-49,342;2025-03-01 00:20:00.0;0,00
CURITIBA;410690207A;PR;São Braz;-25,417;-49,342;2025-03-01 01:20:00.0;0,00
CURITIBA;410690207A;PR;São Braz;-25,417;-49,342;2025-03-01 02:20:00.0;0,00
CURITIBA;410690207A;PR;São Braz;-25,417;-49,342;2025-03-01 03:20:00.0;0,00
CURITIBA;410690207A;PR;São Braz;-25,417;-49,342;2025-03-01 04:20:00.0;0,00
CURITIBA;410690207A;PR;São Braz;-25,417;-49,342;2025-03-01 05:20:00.0;0,00
CURITIBA;410690207A;PR;São Braz;-25,417;-49,342;2025-03-01 06:20:00.0;0,00
CURITIBA;410690207A;PR;São Braz;-25,417;-49,342;2025-03-01 07:20:00.0;0,00
CURITIBA;410690207A;PR;São Braz;-25,417;-49,342;2025-03-01 08:20:00.0;0,00
CURITIBA;410690207A;PR;São Braz;-25,417;-49,342;2025-03-01 09:20:00.0;0,00
CURITIBA;410690207A;PR;São Braz;-25,417;-49,342;2025-03-01 10:20:00.0;0,00
CURITIBA;410690207A;PR;São Braz;-25,417;-49,342;2025-03-01 11:20:00.0;0,00
CURITIBA;410690207A;PR;São Braz;-25,417;-49,342;2025-03-01 12:20:00.0;0,00
CURITIBA;410690207A;PR;São Braz;-25,417;-49,342;2025-03-01 13:20:00.0;0,00
CURITIBA;410690207A;PR;São Braz;-25,417;-49,342;2025-03-01 13:40:00.0;0,20
CURITIBA;410690207A;PR;São Braz;-25,417;-49,342;2025-03-01 14:20:00.0;0,00
CURITIBA;410690207A;PR;São Braz;-25,417;-49,342;2025-03-01 15:20:00.0;0,00
CURITIBA;410690207A;PR;São Braz;-25,417;-49,342;2025-03-01 16:20:00.0;0,00
CURITIBA;410690207A;PR;São Braz;-25,417;-49,342;2025-03-01 17:20:00.0;0,00
CURITIBA;410690207A;PR;São Braz;-25,417;-49,342;2025-03-01 18:20:00.0;0,00
CURITIBA;410690207A;PR;São Braz;-25,417;-49,342;2025-03-01 19:20:00.0;0,00
CURITIBA;410690207A;PR;São Braz;-25,417;-49,342;2025-03-01 20:20:00.0;0,00
CURITIBA;410690207A;PR;São Braz;-25,417;-49,342;2025-03-01 21:20:00.0;0,00
CURITIBA;410690207A;PR;São Braz;-25,417;-49,342;2025-03-01 22:20:00.0;0,00
CURITIBA;410690207A;PR;São Braz;-25,417;-49,342;2025-03-01 23:20:00.0;0,00
CURITIBA;410690207A;PR;São Braz;-25,417;-49,342;2025-03-02 00:20:00.0;0,00
CURITIBA;410690207A;PR;São Braz;-25,417;-49,342;2025-03-02 01:20:00.0;0,00
CURITIBA;410690207A;PR;São Braz;-25,417;-49,342;2025-03-02 02:20:00.0;0,00
CURITIBA;410690207A;PR;São Braz;-25,417;-49,342;2025-03-02 03:20:00.0;0,00
CURITIBA;410690207A;PR;São Braz;-25,417;-49,342;2025-03-02 04:20:00.0;0,00
CURITIBA;410690207A;PR;São Braz;-25,417;-49,342;2025-03-02 05:20:00.0;0,00
CURITIBA;410690207A;PR;São Braz;-25,417;-49,342;2025-03-02 06:20:00.0;0,00
CURITIBA;410690207A;PR;São Braz;-25,417;-49,342;2025-03-02 07:20:00.0;0,00
CURITIBA;410690207A;PR;São Braz;-25,417;-49,342;2025-03-02 08:20:00.0;0,00
CURITIBA;410690207A;PR;São Braz;-25,417;-49,342;2025-03-02 09:20:00.0;0,00
CURITIBA;410690207A;PR;São Braz;-25,417;-49,342;2025-03-02 10:20:00.0;0,00
CURITIBA;410690207A;PR;São Braz;-25,417;-49,342;2025-03-02 11:20:00.0;0,00
CURITIBA;410690207A;PR;São Braz;-25,417;-49,342;2025-03-02 12:20:00.0;0,00
CURITIBA;410690207A;PR;São Braz;-25,417;-49,342;2025-03-02 13:20:00.0;0,00
CURITIBA;410690207A;PR;São Braz;-25,417;-49,342;2025-03-02 14:20:00.0;0,00
CURITIBA;410690207A;PR;São Braz;-25,417;-49,342;2025-03-02 15:20:00.0;0,00
CURITIBA;410690207A;PR;São Braz;-25,417;-49,342;2025-03-02 16:20:00.0;0,00
CURITIBA;410690207A;PR;São Braz;-25,417;-49,342;2025-03-02 17:20:00.0;0,00
CURITIBA;410690207A;PR;São Braz;-25,417;-49,342;2025-03-02 18:20:00.0;0,00
CURITIBA;410690207A;PR;São Braz;-25,417;-49,342;2025-03-02 19:20:00.0;0,00
CURITIBA;410690207A;PR;São Braz;-25,417;-49,342;2025-03-02 20:20:00.0;0,00
CURITIBA;410690207A;PR;São Braz;-25,417;-49,342;2025-03-02 21:20:00.0;0,00
CURITIBA;410690207A;PR;São Braz;-25,417;-49,342;2025-03-02 22:20:00.0;0,00
CURITIBA;410690207A;PR;São Braz;-25,417;-49,342;2025-03-02 23:20:00.0;0,00
CURITIBA;410690207A;PR;São Braz;-25,417;-49,342;2025-03-03 00:20:00.0;0,00
CURITIBA;410690207A;PR;São Braz;-25,417;-49,342;2025-03-03 01:20:00.0;0,00
CURITIBA;410690207A;PR;São Braz;-25,417;-49,342;2025-03-03 02:20:00.0;0,00
CURITIBA;410690207A;PR;São Braz;-25,417;-49,342;2025-03-03 03:20:00.0;0,00
CURITIBA;410690207A;PR;São Braz;-25,417;-49,342;2025-03-03 04:20:00.0;0,00
CURITIBA;410690207A;PR;São Braz;-25,417;-49,342;2025-03-03 06:20:00.0;0,00
CURITIBA;410690207A;PR;São Braz;-25,417;-49,342;2025-03-03 07:20:00.0;0,00
CURITIBA;410690207A;PR;São Braz;-25,417;-49,342;2025-03-03 08:20:00.0;0,00
CURITIBA;410690207A;PR;São Braz;-25,417;-49,342;2025-03-03 09:20:00.0;0,00
CURITIBA;410690207A;PR;São Braz;-25,417;-49,342;2025-03-03 10:20:00.0;0,00
CURITIBA;410690207A;PR;São Braz;-25,417;-49,342;2025-03-03 11:20:00.0;0,00
CURITIBA;410690207A;PR;São Braz;-25,417;-49,342;2025-03-03 12:20:00.0;0,00
CURITIBA;410690207A;PR;São Braz;-25,417;-49,342;2025-03-03 13:20:00.0;0,00
CURITIBA;410690207A;PR;São Braz;-25,417;-49,342;2025-03-03 14:20:00.0;0,00
CURITIBA;410690207A;PR;São Braz;-25,417;-49,342;2025-03-03 15:20:00.0;0,00
CURITIBA;410690207A;PR;São Braz;-25,417;-49,342;2025-03-03 16:20:00.0;0,00
CURITIBA;410690207A;PR;São Braz;-25,417;-49,342;2025-03-03 17:20:00.0;0,00
CURITIBA;410690207A;PR;São Braz;-25,417;-49,342;2025-03-03 18:20:00.0;0,00
CURITIBA;410690207A;PR;São Braz;-25,417;-49,342;2025-03-03 19:20:00.0;0,00
CURITIBA;410690207A;PR;São Braz;-25,417;-49,342;2025-03-03 20:20:00.0;0,00
CURITIBA;410690207A;PR;São Braz;-25,417;-49,342;2025-03-03 21:20:00.0;0,00
CURITIBA;410690207A;PR;São Braz;-25,417;-49,342;2025-03-03 22:20:00.0;0,00
CURITIBA;410690207A;PR;São Braz;-25,417;-49,342;2025-03-03 23:20:00.0;0,00
CURITIBA;410690207A;PR;São Braz;-25,417;-49,342;2025-03-04 00:20:00.0;0,00
CURITIBA;410690207A;PR;São Braz;-25,417;-49,342;2025-03-04 01:20:00.0;0,00
CURITIBA;410690207A;PR;São Braz;-25,417;-49,342;2025-03-04 02:20:00.0;0,00
CURITIBA;410690207A;PR;São Braz;-25,417;-49,342;2025-03-04 03:20:00.0;0,00
CURITIBA;410690207A;PR;São Braz;-25,417;-49,342;2025-03-04 04:20:00.0;0,00
CURITIBA;410690207A;PR;São Braz;-25,417;-49,342;2025-03-04 05:20:00.0;0,00
CURITIBA;410690207A;PR;São Braz;-25,417;-49,342;2025-03-04 06:20:00.0;0,00
CURITIBA;410690207A;PR;São Braz;-25,417;-49,342;2025-03-04 07:20:00.0;0,00
CURITIBA;410690207A;PR;São Braz;-25,417;-49,342;2025-03-04 08:20:00.0;0,00
CURITIBA;410690207A;PR;São Braz;-25,417;-49,342;2025-03-04 09:20:00.0;0,00
CURITIBA;410690207A;PR;São Braz;-25,417;-49,342;2025-03-04 10:20:00.0;0,00
CURITIBA;410690207A;PR;São Braz;-25,417;-49,342;2025-03-04 11:20:00.0;0,00
CURITIBA;410690207A;PR;São Braz;-25,417;-49,342;2025-03-04 12:20:00.0;0,00
CURITIBA;410690207A;PR;São Braz;-25,417;-49,342;2025-03-04 13:20:00.0;0,00
CURITIBA;410690207A;PR;São Braz;-25,417;-49,342;2025-03-04 14:20:00.0;0,00
CURITIBA;410690207A;PR;São Braz;-25,417;-49,342;2025-03-04 15:20:00.0;0,00
CURITIBA;410690207A;PR;São Braz;-25,417;-49,342;2025-03-04 16:20:00.0;0,00
CURITIBA;410690207A;PR;São Braz;-25,417;-49,342;2025-03-04 17:20:00.0;0,00
CURITIBA;410690207A;PR;São Braz;-25,417;-49,342;2025-03-04 18:20:00.0;0,00
CURITIBA;410690207A;PR;São Braz;-25,417;-49,342;2025-03-04 19:20:00.0;0,00
CURITIBA;410690207A;PR;São Braz;-25,417;-49,342;2025-03-04 20:20:00.0;0,00
CURITIBA;410690207A;PR;São Braz;-25,417;-49,342;2025-03-04 21:20:00.0;0,00
CURITIBA;410690207A;PR;São Braz;-25,417;-49,342;2025-03-04 22:20:00.0;0,00
CURITIBA;410690207A;PR;São Braz;-25,417;-49,342;2025-03-04 23:20:00.0;0,00
CURITIBA;410690207A;PR;São Braz;-25,417;-49,342;2025-03-05 00:20:00.0;0,00
CURITIBA;410690207A;PR;São Braz;-25,417;-49,342;2025-03-05 01:20:00.0;0,00
CURITIBA;410690207A;PR;São Braz;-25,417;-49,342;2025-03-05 02:20:00.0;0,00
CURITIBA;410690207A;PR;São Braz;-25,417;-49,342;2025-03-05 03:20:00.0;0,00
CURITIBA;410690207A;PR;São Braz;-25,417;-49,342;2025-03-05 04:20:00.0;0,00
CURITIBA;410690207A;PR;São Braz;-25,417;-49,342;2025-03-05 05:20:00.0;0,00
CURITIBA;410690207A;PR;São Braz;-25,417;-49,342;2025-03-05 06:20:00.0;0,00
CURITIBA;410690207A;PR;São Braz;-25,417;-49,342;2025-03-05 07:20:00.0;0,00
CURITIBA;410690207A;PR;São Braz;-25,417;-49,342;2025-03-05 08:20:00.0;0,00
CURITIBA;410690207A;PR;São Braz;-25,417;-49,342;2025-03-05 09:20:00.0;0,00
CURITIBA;410690207A;PR;São Braz;-25,417;-49,342;2025-03-05 10:20:00.0;0,00
CURITIBA;410690207A;PR;São Braz;-25,417;-49,342;2025-03-05 11:20:00.0;0,00
CURITIBA;410690207A;PR;São Braz;-25,417;-49,342;2025-03-05 12:20:00.0;0,00
CURITIBA;410690207A;PR;São Braz;-25,417;-49,342;2025-03-05 13:20:00.0;0,00
CURITIBA;410690207A;PR;São Braz;-25,417;-49,342;2025-03-05 14:20:00.0;0,00
CURITIBA;410690207A;PR;São Braz;-25,417;-49,342;2025-03-05 15:20:00.0;0,00
CURITIBA;410690207A;PR;São Braz;-25,417;-49,342;2025-03-05 16:20:00.0;0,00
CURITIBA;410690207A;PR;São Braz;-25,417;-49,342;2025-03-05 17:20:00.0;0,00
CURITIBA;410690207A;PR;São Braz;-25,417;-49,342;2025-03-05 18:20:00.0;0,00
CURITIBA;410690207A;PR;São Braz;-25,417;-49,342;2025-03-05 19:20:00.0;0,00
CURITIBA;410690207A;PR;São Braz;-25,417;-49,342;2025-03-05 20:20:00.0;0,00
CURITIBA;410690207A;PR;São Braz;-25,417;-49,342;2025-03-05 21:20:00.0;0,00
CURITIBA;410690207A;PR;São Braz;-25,417;-49,342;2025-03-05 22:20:00.0;0,00
CURITIBA;410690207A;PR;São Braz;-25,417;-49,342;2025-03-05 23:20:00.0;0,00
CURITIBA;410690207A;PR;São Braz;-25,417;-49,342;2025-03-06 00:20:00.0;0,00
CURITIBA;410690207A;PR;São Braz;-25,417;-49,342;2025-03-06 01:20:00.0;0,00
CURITIBA;410690207A;PR;São Braz;-25,417;-49,342;2025-03-06 02:20:00.0;0,00
CURITIBA;410690207A;PR;São Braz;-25,417;-49,342;2025-03-06 03:20:00.0;0,00
CURITIBA;410690207A;PR;São Braz;-25,417;-49,342;2025-03-06 04:20:00.0;0,00
CURITIBA;410690207A;PR;São Braz;-25,417;-49,342;2025-03-06 05:20:00.0;0,00
CURITIBA;410690207A;PR;São Braz;-25,417;-49,342;2025-03-06 06:20:00.0;0,00
CURITIBA;410690207A;PR;São Braz;-25,417;-49,342;2025-03-06 07:20:00.0;0,00
CURITIBA;410690207A;PR;São Braz;-25,417;-49,342;2025-03-06 08:20:00.0;0,00
CURITIBA;410690207A;PR;São Braz;-25,417;-49,342;2025-03-06 09:20:00.0;0,00
CURITIBA;410690207A;PR;São Braz;-25,417;-49,342;2025-03-06 10:20:00.0;0,00
CURITIBA;410690207A;PR;São Braz;-25,417;-49,342;2025-03-06 11:20:00.0;0,00
CURITIBA;410690207A;PR;São Braz;-25,417;-49,342;2025-03-06 12:20:00.0;0,00
CURITIBA;410690207A;PR;São Braz;-25,417;-49,342;2025-03-06 13:20:00.0;0,00
CURITIBA;410690207A;PR;São Braz;-25,417;-49,342;2025-03-06 14:20:00.0;0,00
CURITIBA;410690207A;PR;São Braz;-25,417;-49,342;2025-03-06 15:20:00.0;0,00
CURITIBA;410690207A;PR;São Braz;-25,417;-49,342;2025-03-06 16:20:00.0;0,00
CURITIBA;410690207A;PR;São Braz;-25,417;-49,342;2025-03-06 17:20:00.0;0,00
CURITIBA;410690207A;PR;São Braz;-25,417;-49,342;2025-03-06 18:20:00.0;0,00
CURITIBA;410690207A;PR;São Braz;-25,417;-49,342;2025-03-06 19:20:00.0;0,00
CURITIBA;410690207A;PR;São Braz;-25,417;-49,342;2025-03-06 20:20:00.0;0,00
CURITIBA;410690207A;PR;São Braz;-25,417;-49,342;2025-03-06 21:20:00.0;0,00
CURITIBA;410690207A;PR;São Braz;-25,417;-49,342;2025-03-06 22:20:00.0;0,00
CURITIBA;410690207A;PR;São Braz;-25,417;-49,342;2025-03-06 23:20:00.0;0,00
CURITIBA;410690207A;PR;São Braz;-25,417;-49,342;2025-03-07 00:20:00.0;0,00
CURITIBA;410690207A;PR;São Braz;-25,417;-49,342;2025-03-07 01:20:00.0;0,00
CURITIBA;410690207A;PR;São Braz;-25,417;-49,342;2025-03-07 02:20:00.0;0,00
CURITIBA;410690207A;PR;São Braz;-25,417;-49,342;2025-03-07 03:20:00.0;0,00
CURITIBA;410690207A;PR;São Braz;-25,417;-49,342;2025-03-07 04:20:00.0;0,00
CURITIBA;410690207A;PR;São Braz;-25,417;-49,342;2025-03-07 05:20:00.0;0,00
CURITIBA;410690207A;PR;São Braz;-25,417;-49,342;2025-03-07 06:20:00.0;0,00
CURITIBA;410690207A;PR;São Braz;-25,417;-49,342;2025-03-07 07:20:00.0;0,00
CURITIBA;410690207A;PR;São Braz;-25,417;-49,342;2025-03-07 08:20:00.0;0,00
CURITIBA;410690207A;PR;São Braz;-25,417;-49,342;2025-03-07 09:20:00.0;0,00
CURITIBA;410690207A;PR;São Braz;-25,417;-49,342;2025-03-07 10:20:00.0;0,00
CURITIBA;410690207A;PR;São Braz;-25,417;-49,342;2025-03-07 11:20:00.0;0,00
CURITIBA;410690207A;PR;São Braz;-25,417;-49,342;2025-03-07 12:20:00.0;0,00
CURITIBA;410690207A;PR;São Braz;-25,417;-49,342;2025-03-07 13:20:00.0;0,00
CURITIBA;410690207A;PR;São Braz;-25,417;-49,342;2025-03-07 14:20:00.0;0,00
CURITIBA;410690207A;PR;São Braz;-25,417;-49,342;2025-03-07 15:20:00.0;0,00
CURITIBA;410690207A;PR;São Braz;-25,417;-49,342;2025-03-07 16:20:00.0;0,00
CURITIBA;410690207A;PR;São Braz;-25,417;-49,342;2025-03-07 17:20:00.0;0,00
CURITIBA;410690207A;PR;São Braz;-25,417;-49,342;2025-03-07 18:20:00.0;0,00
CURITIBA;410690207A;PR;São Braz;-25,417;-49,342;2025-03-07 19:20:00.0;0,00
CURITIBA;410690207A;PR;São Braz;-25,417;-49,342;2025-03-07 20:20:00.0;0,00
CURITIBA;410690207A;PR;São Braz;-25,417;-49,342;2025-03-07 21:20:00.0;0,00
CURITIBA;410690207A;PR;São Braz;-25,417;-49,342;2025-03-07 22:20:00.0;0,00
CURITIBA;410690207A;PR;São Braz;-25,417;-49,342;2025-03-07 23:20:00.0;0,00
CURITIBA;410690207A;PR;São Braz;-25,417;-49,342;2025-03-08 00:20:00.0;0,00
CURITIBA;410690207A;PR;São Braz;-25,417;-49,342;2025-03-08 01:20:00.0;0,00
CURITIBA;410690207A;PR;São Braz;-25,417;-49,342;2025-03-08 02:20:00.0;0,00
CURITIBA;410690207A;PR;São Braz;-25,417;-49,342;2025-03-08 03:20:00.0;0,00
CURITIBA;410690207A;PR;São Braz;-25,417;-49,342;2025-03-08 04:20:00.0;0,00
CURITIBA;410690207A;PR;São Braz;-25,417;-49,342;2025-03-08 05:20:00.0;0,00
CURITIBA;410690207A;PR;São Braz;-25,417;-49,342;2025-03-08 06:20:00.0;0,00
CURITIBA;410690207A;PR;São Braz;-25,417;-49,342;2025-03-08 07:20:00.0;0,00
CURITIBA;410690207A;PR;São Braz;-25,417;-49,342;2025-03-08 08:20:00.0;0,00
CURITIBA;410690207A;PR;São Braz;-25,417;-49,342;2025-03-08 09:20:00.0;0,00
CURITIBA;410690207A;PR;São Braz;-25,417;-49,342;2025-03-08 10:20:00.0;0,00
CURITIBA;410690207A;PR;São Braz;-25,417;-49,342;2025-03-08 11:20:00.0;0,00
CURITIBA;410690207A;PR;São Braz;-25,417;-49,342;2025-03-08 12:20:00.0;0,00
CURITIBA;410690207A;PR;São Braz;-25,417;-49,342;2025-03-08 13:20:00.0;0,00
CURITIBA;410690207A;PR;São Braz;-25,417;-49,342;2025-03-08 14:20:00.0;0,00
CURITIBA;410690207A;PR;São Braz;-25,417;-49,342;2025-03-08 15:20:00.0;0,00
CURITIBA;410690207A;PR;São Braz;-25,417;-49,342;2025-03-08 16:20:00.0;0,00
CURITIBA;410690207A;PR;São Braz;-25,417;-49,342;2025-03-08 17:20:00.0;0,00
CURITIBA;410690207A;PR;São Braz;-25,417;-49,342;2025-03-08 18:20:00.0;0,00
CURITIBA;410690207A;PR;São Braz;-25,417;-49,342;2025-03-08 19:20:00.0;0,00
CURITIBA;410690207A;PR;São Braz;-25,417;-49,342;2025-03-08 20:20:00.0;0,00
CURITIBA;410690207A;PR;São Braz;-25,417;-49,342;2025-03-08 21:20:00.0;0,00
CURITIBA;410690207A;PR;São Braz;-25,417;-49,342;2025-03-08 22:20:00.0;0,00
CURITIBA;410690207A;PR;São Braz;-25,417;-49,342;2025-03-08 23:20:00.0;0,00
CURITIBA;410690207A;PR;São Braz;-25,417;-49,342;2025-03-09 00:20:00.0;0,00
CURITIBA;410690207A;PR;São Braz;-25,417;-49,342;2025-03-09 01:20:00.0;0,00
CURITIBA;410690207A;PR;São Braz;-25,417;-49,342;2025-03-09 02:20:00.0;0,00
CURITIBA;410690207A;PR;São Braz;-25,417;-49,342;2025-03-09 03:20:00.0;0,00
CURITIBA;410690207A;PR;São Braz;-25,417;-49,342;2025-03-09 04:20:00.0;0,00
CURITIBA;410690207A;PR;São Braz;-25,417;-49,342;2025-03-09 05:20:00.0;0,00
CURITIBA;410690207A;PR;São Braz;-25,417;-49,342;2025-03-09 06:20:00.0;0,00
CURITIBA;410690207A;PR;São Braz;-25,417;-49,342;2025-03-09 07:20:00.0;0,00
CURITIBA;410690207A;PR;São Braz;-25,417;-49,342;2025-03-09 08:20:00.0;0,00
CURITIBA;410690207A;PR;São Braz;-25,417;-49,342;2025-03-09 09:20:00.0;0,00
CURITIBA;410690207A;PR;São Braz;-25,417;-49,342;2025-03-09 10:20:00.0;0,00
CURITIBA;410690207A;PR;São Braz;-25,417;-49,342;2025-03-09 11:20:00.0;0,00
CURITIBA;410690207A;PR;São Braz;-25,417;-49,342;2025-03-09 12:20:00.0;0,00
CURITIBA;410690207A;PR;São Braz;-25,417;-49,342;2025-03-09 13:20:00.0;0,00
CURITIBA;410690207A;PR;São Braz;-25,417;-49,342;2025-03-09 14:20:00.0;0,00
CURITIBA;410690207A;PR;São Braz;-25,417;-49,342;2025-03-09 15:20:00.0;0,00
CURITIBA;410690207A;PR;São Braz;-25,417;-49,342;2025-03-09 16:20:00.0;0,00
CURITIBA;410690207A;PR;São Braz;-25,417;-49,342;2025-03-09 17:20:00.0;0,00
CURITIBA;410690207A;PR;São Braz;-25,417;-49,342;2025-03-09 18:20:00.0;0,00
CURITIBA;410690207A;PR;São Braz;-25,417;-49,342;2025-03-09 19:20:00.0;0,00
CURITIBA;410690207A;PR;São Braz;-25,417;-49,342;2025-03-09 20:20:00.0;0,00
CURITIBA;410690207A;PR;São Braz;-25,417;-49,342;2025-03-09 21:10:00.0;0,20
CURITIBA;410690207A;PR;São Braz;-25,417;-49,342;2025-03-09 21:20:00.0;0,00
CURITIBA;410690207A;PR;São Braz;-25,417;-49,342;2025-03-09 22:20:00.0;0,00
CURITIBA;410690207A;PR;São Braz;-25,417;-49,342;2025-03-09 23:20:00.0;0,00
CURITIBA;410690207A;PR;São Braz;-25,417;-49,342;2025-03-10 00:20:00.0;0,00
CURITIBA;410690207A;PR;São Braz;-25,417;-49,342;2025-03-10 01:20:00.0;0,00
CURITIBA;410690207A;PR;São Braz;-25,417;-49,342;2025-03-10 02:20:00.0;0,00
CURITIBA;410690207A;PR;São Braz;-25,417;-49,342;2025-03-10 03:20:00.0;0,00
CURITIBA;410690207A;PR;São Braz;-25,417;-49,342;2025-03-10 04:20:00.0;0,00
CURITIBA;410690207A;PR;São Braz;-25,417;-49,342;2025-03-10 05:20:00.0;0,00
CURITIBA;410690207A;PR;São Braz;-25,417;-49,342;2025-03-10 06:20:00.0;0,00
CURITIBA;410690207A;PR;São Braz;-25,417;-49,342;2025-03-10 07:20:00.0;0,00
CURITIBA;410690207A;PR;São Braz;-25,417;-49,342;2025-03-10 08:20:00.0;0,00
CURITIBA;410690207A;PR;São Braz;-25,417;-49,342;2025-03-10 09:20:00.0;0,00
CURITIBA;410690207A;PR;São Braz;-25,417;-49,342;2025-03-10 10:20:00.0;0,00
CURITIBA;410690207A;PR;São Braz;-25,417;-49,342;2025-03-10 11:20:00.0;0,00
CURITIBA;410690207A;PR;São Braz;-25,417;-49,342;2025-03-10 12:20:00.0;0,00
CURITIBA;410690207A;PR;São Braz;-25,417;-49,342;2025-03-10 13:20:00.0;0,00
CURITIBA;410690207A;PR;São Braz;-25,417;-49,342;2025-03-10 14:20:00.0;0,00
CURITIBA;410690207A;PR;São Braz;-25,417;-49,342;2025-03-10 15:20:00.0;0,00
CURITIBA;410690207A;PR;São Braz;-25,417;-49,342;2025-03-10 16:20:00.0;0,00
CURITIBA;410690207A;PR;São Braz;-25,417;-49,342;2025-03-10 17:20:00.0;0,00
CURITIBA;410690207A;PR;São Braz;-25,417;-49,342;2025-03-10 18:20:00.0;0,00
CURITIBA;410690207A;PR;São Braz;-25,417;-49,342;2025-03-10 19:20:00.0;0,00
CURITIBA;410690207A;PR;São Braz;-25,417;-49,342;2025-03-10 20:20:00.0;0,00
CURITIBA;410690207A;PR;São Braz;-25,417;-49,342;2025-03-10 21:20:00.0;0,00
CURITIBA;410690207A;PR;São Braz;-25,417;-49,342;2025-03-10 22:20:00.0;0,00
CURITIBA;410690207A;PR;São Braz;-25,417;-49,342;2025-03-10 23:20:00.0;0,00
CURITIBA;410690207A;PR;São Braz;-25,417;-49,342;2025-03-11 00:20:00.0;0,00
CURITIBA;410690207A;PR;São Braz;-25,417;-49,342;2025-03-11 01:20:00.0;0,00
CURITIBA;410690207A;PR;São Braz;-25,417;-49,342;2025-03-11 02:20:00.0;0,00
CURITIBA;410690207A;PR;São Braz;-25,417;-49,342;2025-03-11 03:20:00.0;0,00
CURITIBA;410690207A;PR;São Braz;-25,417;-49,342;2025-03-11 04:20:00.0;0,00
CURITIBA;410690207A;PR;São Braz;-25,417;-49,342;2025-03-11 05:20:00.0;0,00
CURITIBA;410690207A;PR;São Braz;-25,417;-49,342;2025-03-11 06:20:00.0;0,00
CURITIBA;410690207A;PR;São Braz;-25,417;-49,342;2025-03-11 07:20:00.0;0,00
CURITIBA;410690207A;PR;São Braz;-25,417;-49,342;2025-03-11 08:20:00.0;0,00
CURITIBA;410690207A;PR;São Braz;-25,417;-49,342;2025-03-11 09:20:00.0;0,00
CURITIBA;410690207A;PR;São Braz;-25,417;-49,342;2025-03-11 10:20:00.0;0,00
CURITIBA;410690207A;PR;São Braz;-25,417;-49,342;2025-03-11 11:20:00.0;0,00
CURITIBA;410690207A;PR;São Braz;-25,417;-49,342;2025-03-11 12:20:00.0;0,00
CURITIBA;410690207A;PR;São Braz;-25,417;-49,342;2025-03-11 13:20:00.0;0,00
CURITIBA;410690207A;PR;São Braz;-25,417;-49,342;2025-03-11 14:20:00.0;0,00
CURITIBA;410690207A;PR;São Braz;-25,417;-49,342;2025-03-11 15:20:00.0;0,00
CURITIBA;410690207A;PR;São Braz;-25,417;-49,342;2025-03-11 16:20:00.0;0,00
CURITIBA;410690207A;PR;São Braz;-25,417;-49,342;2025-03-11 17:20:00.0;0,00
CURITIBA;410690207A;PR;São Braz;-25,417;-49,342;2025-03-11 18:20:00.0;0,00
CURITIBA;410690207A;PR;São Braz;-25,417;-49,342;2025-03-11 19:20:00.0;0,00
CURITIBA;410690207A;PR;São Braz;-25,417;-49,342;2025-03-11 20:20:00.0;0,00
CURITIBA;410690207A;PR;São Braz;-25,417;-49,342;2025-03-11 21:20:00.0;0,00
CURITIBA;410690207A;PR;São Braz;-25,417;-49,342;2025-03-11 22:20:00.0;0,00
CURITIBA;410690207A;PR;São Braz;-25,417;-49,342;2025-03-11 23:20:00.0;0,00
CURITIBA;410690207A;PR;São Braz;-25,417;-49,342;2025-03-12 00:20:00.0;0,00
CURITIBA;410690207A;PR;São Braz;-25,417;-49,342;2025-03-12 01:20:00.0;0,00
CURITIBA;410690207A;PR;São Braz;-25,417;-49,342;2025-03-12 02:20:00.0;0,00
CURITIBA;410690207A;PR;São Braz;-25,417;-49,342;2025-03-12 03:20:00.0;0,00
CURITIBA;410690207A;PR;São Braz;-25,417;-49,342;2025-03-12 04:20:00.0;0,00
CURITIBA;410690207A;PR;São Braz;-25,417;-49,342;2025-03-12 05:20:00.0;0,00
CURITIBA;410690207A;PR;São Braz;-25,417;-49,342;2025-03-12 06:20:00.0;0,00
CURITIBA;410690207A;PR;São Braz;-25,417;-49,342;2025-03-12 07:20:00.0;0,00
CURITIBA;410690207A;PR;São Braz;-25,417;-49,342;2025-03-12 08:20:00.0;0,00
CURITIBA;410690207A;PR;São Braz;-25,417;-49,342;2025-03-12 09:20:00.0;0,00
CURITIBA;410690207A;PR;São Braz;-25,417;-49,342;2025-03-12 10:20:00.0;0,00
CURITIBA;410690207A;PR;São Braz;-25,417;-49,342;2025-03-12 11:20:00.0;0,00
CURITIBA;410690207A;PR;São Braz;-25,417;-49,342;2025-03-12 12:20:00.0;0,00
CURITIBA;410690207A;PR;São Braz;-25,417;-49,342;2025-03-12 13:20:00.0;0,00
CURITIBA;410690207A;PR;São Braz;-25,417;-49,342;2025-03-12 14:20:00.0;0,00
CURITIBA;410690207A;PR;São Braz;-25,417;-49,342;2025-03-12 15:20:00.0;0,00
CURITIBA;410690207A;PR;São Braz;-25,417;-49,342;2025-03-12 16:20:00.0;0,00
CURITIBA;410690207A;PR;São Braz;-25,417;-49,342;2025-03-12 17:20:00.0;0,00
CURITIBA;410690207A;PR;São Braz;-25,417;-49,342;2025-03-12 18:20:00.0;0,00
CURITIBA;410690207A;PR;São Braz;-25,417;-49,342;2025-03-12 19:20:00.0;0,00
CURITIBA;410690207A;PR;São Braz;-25,417;-49,342;2025-03-12 20:20:00.0;0,00
CURITIBA;410690207A;PR;São Braz;-25,417;-49,342;2025-03-12 21:20:00.0;0,00
CURITIBA;410690207A;PR;São Braz;-25,417;-49,342;2025-03-12 22:20:00.0;0,00
CURITIBA;410690207A;PR;São Braz;-25,417;-49,342;2025-03-12 23:20:00.0;0,00
CURITIBA;410690207A;PR;São Braz;-25,417;-49,342;2025-03-13 00:20:00.0;0,00
CURITIBA;410690207A;PR;São Braz;-25,417;-49,342;2025-03-13 01:20:00.0;0,00
CURITIBA;410690207A;PR;São Braz;-25,417;-49,342;2025-03-13 02:20:00.0;0,00
CURITIBA;410690207A;PR;São Braz;-25,417;-49,342;2025-03-13 03:20:00.0;0,00
CURITIBA;410690207A;PR;São Braz;-25,417;-49,342;2025-03-13 04:20:00.0;0,00
CURITIBA;410690207A;PR;São Braz;-25,417;-49,342;2025-03-13 05:20:00.0;0,00
CURITIBA;410690207A;PR;São Braz;-25,417;-49,342;2025-03-13 06:20:00.0;0,00
CURITIBA;410690207A;PR;São Braz;-25,417;-49,342;2025-03-13 07:20:00.0;0,00
CURITIBA;410690207A;PR;São Braz;-25,417;-49,342;2025-03-13 08:20:00.0;0,00
CURITIBA;410690207A;PR;São Braz;-25,417;-49,342;2025-03-13 09:20:00.0;0,00
CURITIBA;410690207A;PR;São Braz;-25,417;-49,342;2025-03-13 10:20:00.0;0,00
CURITIBA;410690207A;PR;São Braz;-25,417;-49,342;2025-03-13 11:20:00.0;0,00
CURITIBA;410690207A;PR;São Braz;-25,417;-49,342;2025-03-13 12:20:00.0;0,00
CURITIBA;410690207A;PR;São Braz;-25,417;-49,342;2025-03-13 13:20:00.0;0,00
CURITIBA;410690207A;PR;São Braz;-25,417;-49,342;2025-03-13 14:20:00.0;0,00
CURITIBA;410690207A;PR;São Braz;-25,417;-49,342;2025-03-13 15:20:00.0;0,00
CURITIBA;410690207A;PR;São Braz;-25,417;-49,342;2025-03-13 16:20:00.0;0,00
CURITIBA;410690207A;PR;São Braz;-25,417;-49,342;2025-03-13 17:20:00.0;0,00
CURITIBA;410690207A;PR;São Braz;-25,417;-49,342;2025-03-13 18:20:00.0;0,00
CURITIBA;410690207A;PR;São Braz;-25,417;-49,342;2025-03-13 19:20:00.0;0,00
CURITIBA;410690207A;PR;São Braz;-25,417;-49,342;2025-03-13 20:20:00.0;0,00
CURITIBA;410690207A;PR;São Braz;-25,417;-49,342;2025-03-13 21:20:00.0;0,00
CURITIBA;410690207A;PR;São Braz;-25,417;-49,342;2025-03-13 22:20:00.0;0,00
CURITIBA;410690207A;PR;São Braz;-25,417;-49,342;2025-03-13 23:20:00.0;0,00
CURITIBA;410690207A;PR;São Braz;-25,417;-49,342;2025-03-14 00:20:00.0;0,00
CURITIBA;410690207A;PR;São Braz;-25,417;-49,342;2025-03-14 01:20:00.0;0,00
CURITIBA;410690207A;PR;São Braz;-25,417;-49,342;2025-03-14 02:20:00.0;0,00
CURITIBA;410690207A;PR;São Braz;-25,417;-49,342;2025-03-14 03:20:00.0;0,00
CURITIBA;410690207A;PR;São Braz;-25,417;-49,342;2025-03-14 04:20:00.0;0,00
CURITIBA;410690207A;PR;São Braz;-25,417;-49,342;2025-03-14 05:20:00.0;0,00
CURITIBA;410690207A;PR;São Braz;-25,417;-49,342;2025-03-14 06:20:00.0;0,00
CURITIBA;410690207A;PR;São Braz;-25,417;-49,342;2025-03-14 07:20:00.0;0,00
CURITIBA;410690207A;PR;São Braz;-25,417;-49,342;2025-03-14 08:20:00.0;0,00
CURITIBA;410690207A;PR;São Braz;-25,417;-49,342;2025-03-14 09:20:00.0;0,00
CURITIBA;410690207A;PR;São Braz;-25,417;-49,342;2025-03-14 10:20:00.0;0,00
CURITIBA;410690207A;PR;São Braz;-25,417;-49,342;2025-03-14 11:20:00.0;0,00
CURITIBA;410690207A;PR;São Braz;-25,417;-49,342;2025-03-14 12:20:00.0;0,00
CURITIBA;410690207A;PR;São Braz;-25,417;-49,342;2025-03-14 13:20:00.0;0,00
CURITIBA;410690207A;PR;São Braz;-25,417;-49,342;2025-03-14 14:20:00.0;0,00
CURITIBA;410690207A;PR;São Braz;-25,417;-49,342;2025-03-14 15:20:00.0;0,00
CURITIBA;410690207A;PR;São Braz;-25,417;-49,342;2025-03-14 16:20:00.0;0,00
CURITIBA;410690207A;PR;São Braz;-25,417;-49,342;2025-03-14 17:20:00.0;0,00
CURITIBA;410690207A;PR;São Braz;-25,417;-49,342;2025-03-14 18:20:00.0;0,00
CURITIBA;410690207A;PR;São Braz;-25,417;-49,342;2025-03-14 19:20:00.0;0,00
CURITIBA;410690207A;PR;São Braz;-25,417;-49,342;2025-03-14 20:20:00.0;0,00
CURITIBA;410690207A;PR;São Braz;-25,417;-49,342;2025-03-14 21:20:00.0;0,00
CURITIBA;410690207A;PR;São Braz;-25,417;-49,342;2025-03-14 22:20:00.0;0,00
CURITIBA;410690207A;PR;São Braz;-25,417;-49,342;2025-03-14 23:20:00.0;0,00
CURITIBA;410690207A;PR;São Braz;-25,417;-49,342;2025-03-15 00:20:00.0;0,00
CURITIBA;410690207A;PR;São Braz;-25,417;-49,342;2025-03-15 01:20:00.0;0,00
CURITIBA;410690207A;PR;São Braz;-25,417;-49,342;2025-03-15 02:20:00.0;0,00
CURITIBA;410690207A;PR;São Braz;-25,417;-49,342;2025-03-15 03:20:00.0;0,00
CURITIBA;410690207A;PR;São Braz;-25,417;-49,342;2025-03-15 04:20:00.0;0,00
CURITIBA;410690207A;PR;São Braz;-25,417;-49,342;2025-03-15 05:20:00.0;0,00
CURITIBA;410690207A;PR;São Braz;-25,417;-49,342;2025-03-15 06:20:00.0;0,00
CURITIBA;410690207A;PR;São Braz;-25,417;-49,342;2025-03-15 07:20:00.0;0,00
CURITIBA;410690207A;PR;São Braz;-25,417;-49,342;2025-03-15 08:20:00.0;0,00
CURITIBA;410690207A;PR;São Braz;-25,417;-49,342;2025-03-15 09:20:00.0;0,00
CURITIBA;410690207A;PR;São Braz;-25,417;-49,342;2025-03-15 10:20:00.0;0,00
CURITIBA;410690207A;PR;São Braz;-25,417;-49,342;2025-03-15 11:20:00.0;0,00
CURITIBA;410690207A;PR;São Braz;-25,417;-49,342;2025-03-15 12:20:00.0;0,00
CURITIBA;410690207A;PR;São Braz;-25,417;-49,342;2025-03-15 13:20:00.0;0,00
CURITIBA;410690207A;PR;São Braz;-25,417;-49,342;2025-03-15 14:20:00.0;0,00
CURITIBA;410690207A;PR;São Braz;-25,417;-49,342;2025-03-15 15:20:00.0;0,00
CURITIBA;410690207A;PR;São Braz;-25,417;-49,342;2025-03-15 16:20:00.0;0,00
CURITIBA;410690207A;PR;São Braz;-25,417;-49,342;2025-03-15 17:20:00.0;0,00
CURITIBA;410690207A;PR;São Braz;-25,417;-49,342;2025-03-15 18:20:00.0;0,00
CURITIBA;410690207A;PR;São Braz;-25,417;-49,342;2025-03-15 19:20:00.0;0,00
CURITIBA;410690207A;PR;São Braz;-25,417;-49,342;2025-03-15 20:20:00.0;0,00
CURITIBA;410690207A;PR;São Braz;-25,417;-49,342;2025-03-15 21:20:00.0;0,00
CURITIBA;410690207A;PR;São Braz;-25,417;-49,342;2025-03-15 22:20:00.0;0,00
CURITIBA;410690207A;PR;São Braz;-25,417;-49,342;2025-03-15 23:20:00.0;0,00
CURITIBA;410690207A;PR;São Braz;-25,417;-49,342;2025-03-16 00:20:00.0;0,00
CURITIBA;410690207A;PR;São Braz;-25,417;-49,342;2025-03-16 01:20:00.0;0,00
CURITIBA;410690207A;PR;São Braz;-25,417;-49,342;2025-03-16 02:20:00.0;0,00
CURITIBA;410690207A;PR;São Braz;-25,417;-49,342;2025-03-16 03:20:00.0;0,00
CURITIBA;410690207A;PR;São Braz;-25,417;-49,342;2025-03-16 04:20:00.0;0,00
CURITIBA;410690207A;PR;São Braz;-25,417;-49,342;2025-03-16 05:20:00.0;0,00
CURITIBA;410690207A;PR;São Braz;-25,417;-49,342;2025-03-16 06:20:00.0;0,00
CURITIBA;410690207A;PR;São Braz;-25,417;-49,342;2025-03-16 07:20:00.0;0,00
CURITIBA;410690207A;PR;São Braz;-25,417;-49,342;2025-03-16 08:20:00.0;0,00
CURITIBA;410690207A;PR;São Braz;-25,417;-49,342;2025-03-16 09:20:00.0;0,00
CURITIBA;410690207A;PR;São Braz;-25,417;-49,342;2025-03-16 10:20:00.0;0,00
CURITIBA;410690207A;PR;São Braz;-25,417;-49,342;2025-03-16 11:20:00.0;0,00
CURITIBA;410690207A;PR;São Braz;-25,417;-49,342;2025-03-16 12:20:00.0;0,00
CURITIBA;410690207A;PR;São Braz;-25,417;-49,342;2025-03-16 13:20:00.0;0,00
CURITIBA;410690207A;PR;São Braz;-25,417;-49,342;2025-03-16 14:20:00.0;0,00
CURITIBA;410690207A;PR;São Braz;-25,417;-49,342;2025-03-16 15:20:00.0;0,00
CURITIBA;410690207A;PR;São Braz;-25,417;-49,342;2025-03-16 16:20:00.0;0,00
CURITIBA;410690207A;PR;São Braz;-25,417;-49,342;2025-03-16 17:20:00.0;0,00
CURITIBA;410690207A;PR;São Braz;-25,417;-49,342;2025-03-16 18:20:00.0;0,00
CURITIBA;410690207A;PR;São Braz;-25,417;-49,342;2025-03-16 19:20:00.0;0,00
CURITIBA;410690207A;PR;São Braz;-25,417;-49,342;2025-03-16 20:20:00.0;0,00
CURITIBA;410690207A;PR;São Braz;-25,417;-49,342;2025-03-16 21:20:00.0;0,00
CURITIBA;410690207A;PR;São Braz;-25,417;-49,342;2025-03-16 22:20:00.0;0,00
CURITIBA;410690207A;PR;São Braz;-25,417;-49,342;2025-03-16 23:20:00.0;0,00
CURITIBA;410690207A;PR;São Braz;-25,417;-49,342;2025-03-17 00:20:00.0;0,00
CURITIBA;410690207A;PR;São Braz;-25,417;-49,342;2025-03-17 01:20:00.0;0,00
CURITIBA;410690207A;PR;São Braz;-25,417;-49,342;2025-03-17 02:20:00.0;0,00
CURITIBA;410690207A;PR;São Braz;-25,417;-49,342;2025-03-17 03:20:00.0;0,00
CURITIBA;410690207A;PR;São Braz;-25,417;-49,342;2025-03-17 04:20:00.0;0,00
CURITIBA;410690207A;PR;São Braz;-25,417;-49,342;2025-03-17 05:20:00.0;0,00
CURITIBA;410690207A;PR;São Braz;-25,417;-49,342;2025-03-17 06:20:00.0;0,00
CURITIBA;410690207A;PR;São Braz;-25,417;-49,342;2025-03-17 07:20:00.0;0,00
CURITIBA;410690207A;PR;São Braz;-25,417;-49,342;2025-03-17 08:20:00.0;0,00
CURITIBA;410690207A;PR;São Braz;-25,417;-49,342;2025-03-17 09:20:00.0;0,00
CURITIBA;410690207A;PR;São Braz;-25,417;-49,342;2025-03-17 10:20:00.0;0,00
CURITIBA;410690207A;PR;São Braz;-25,417;-49,342;2025-03-17 11:20:00.0;0,00
CURITIBA;410690207A;PR;São Braz;-25,417;-49,342;2025-03-17 12:20:00.0;0,00
CURITIBA;410690207A;PR;São Braz;-25,417;-49,342;2025-03-17 13:20:00.0;0,00
CURITIBA;410690207A;PR;São Braz;-25,417;-49,342;2025-03-17 14:20:00.0;0,00
CURITIBA;410690207A;PR;São Braz;-25,417;-49,342;2025-03-17 15:20:00.0;0,00
CURITIBA;410690207A;PR;São Braz;-25,417;-49,342;2025-03-17 16:20:00.0;0,00
CURITIBA;410690207A;PR;São Braz;-25,417;-49,342;2025-03-17 17:20:00.0;0,00
CURITIBA;410690207A;PR;São Braz;-25,417;-49,342;2025-03-17 18:20:00.0;0,00
CURITIBA;410690207A;PR;São Braz;-25,417;-49,342;2025-03-17 19:20:00.0;0,00
CURITIBA;410690207A;PR;São Braz;-25,417;-49,342;2025-03-17 20:20:00.0;0,00
CURITIBA;410690207A;PR;São Braz;-25,417;-49,342;2025-03-17 21:20:00.0;0,00
CURITIBA;410690207A;PR;São Braz;-25,417;-49,342;2025-03-17 22:20:00.0;0,00
CURITIBA;410690207A;PR;São Braz;-25,417;-49,342;2025-03-17 23:20:00.0;0,00
CURITIBA;410690207A;PR;São Braz;-25,417;-49,342;2025-03-18 00:20:00.0;0,00
CURITIBA;410690207A;PR;São Braz;-25,417;-49,342;2025-03-18 01:20:00.0;0,00
CURITIBA;410690207A;PR;São Braz;-25,417;-49,342;2025-03-18 02:20:00.0;0,00
CURITIBA;410690207A;PR;São Braz;-25,417;-49,342;2025-03-18 03:20:00.0;0,00
CURITIBA;410690207A;PR;São Braz;-25,417;-49,342;2025-03-18 04:20:00.0;0,00
CURITIBA;410690207A;PR;São Braz;-25,417;-49,342;2025-03-18 05:20:00.0;0,00
CURITIBA;410690207A;PR;São Braz;-25,417;-49,342;2025-03-18 06:20:00.0;0,00
CURITIBA;410690207A;PR;São Braz;-25,417;-49,342;2025-03-18 07:20:00.0;0,00
CURITIBA;410690207A;PR;São Braz;-25,417;-49,342;2025-03-18 08:20:00.0;0,00
CURITIBA;410690207A;PR;São Braz;-25,417;-49,342;2025-03-18 09:20:00.0;0,00
CURITIBA;410690207A;PR;São Braz;-25,417;-49,342;2025-03-18 10:20:00.0;0,00
CURITIBA;410690207A;PR;São Braz;-25,417;-49,342;2025-03-18 11:20:00.0;0,00
CURITIBA;410690207A;PR;São Braz;-25,417;-49,342;2025-03-18 12:20:00.0;0,00
CURITIBA;410690207A;PR;São Braz;-25,417;-49,342;2025-03-18 13:20:00.0;0,00
CURITIBA;410690207A;PR;São Braz;-25,417;-49,342;2025-03-18 14:20:00.0;0,00
CURITIBA;410690207A;PR;São Braz;-25,417;-49,342;2025-03-18 15:20:00.0;0,00
CURITIBA;410690207A;PR;São Braz;-25,417;-49,342;2025-03-18 16:20:00.0;0,00
CURITIBA;410690207A;PR;São Braz;-25,417;-49,342;2025-03-18 17:20:00.0;0,00
CURITIBA;410690207A;PR;São Braz;-25,417;-49,342;2025-03-18 18:20:00.0;0,00
CURITIBA;410690207A;PR;São Braz;-25,417;-49,342;2025-03-18 19:20:00.0;0,00
CURITIBA;410690207A;PR;São Braz;-25,417;-49,342;2025-03-18 20:20:00.0;0,00
CURITIBA;410690207A;PR;São Braz;-25,417;-49,342;2025-03-18 21:20:00.0;0,00
CURITIBA;410690207A;PR;São Braz;-25,417;-49,342;2025-03-18 22:20:00.0;0,00
CURITIBA;410690207A;PR;São Braz;-25,417;-49,342;2025-03-18 23:20:00.0;0,00
CURITIBA;410690207A;PR;São Braz;-25,417;-49,342;2025-03-19 00:20:00.0;0,00
CURITIBA;410690207A;PR;São Braz;-25,417;-49,342;2025-03-19 01:20:00.0;0,00
CURITIBA;410690207A;PR;São Braz;-25,417;-49,342;2025-03-19 02:20:00.0;0,00
CURITIBA;410690207A;PR;São Braz;-25,417;-49,342;2025-03-19 03:20:00.0;0,00
CURITIBA;410690207A;PR;São Braz;-25,417;-49,342;2025-03-19 04:20:00.0;0,00
CURITIBA;410690207A;PR;São Braz;-25,417;-49,342;2025-03-19 05:20:00.0;0,00
CURITIBA;410690207A;PR;São Braz;-25,417;-49,342;2025-03-19 06:20:00.0;0,00
CURITIBA;410690207A;PR;São Braz;-25,417;-49,342;2025-03-19 07:20:00.0;0,00
CURITIBA;410690207A;PR;São Braz;-25,417;-49,342;2025-03-19 08:20:00.0;0,00
CURITIBA;410690207A;PR;São Braz;-25,417;-49,342;2025-03-19 09:20:00.0;0,00
CURITIBA;410690207A;PR;São Braz;-25,417;-49,342;2025-03-19 10:20:00.0;0,00
CURITIBA;410690207A;PR;São Braz;-25,417;-49,342;2025-03-19 11:20:00.0;0,00
CURITIBA;410690207A;PR;São Braz;-25,417;-49,342;2025-03-19 12:20:00.0;0,00
CURITIBA;410690207A;PR;São Braz;-25,417;-49,342;2025-03-19 13:20:00.0;0,00
CURITIBA;410690207A;PR;São Braz;-25,417;-49,342;2025-03-19 14:20:00.0;0,00
CURITIBA;410690207A;PR;São Braz;-25,417;-49,342;2025-03-19 15:20:00.0;0,00
CURITIBA;410690207A;PR;São Braz;-25,417;-49,342;2025-03-19 16:20:00.0;0,00
CURITIBA;410690207A;PR;São Braz;-25,417;-49,342;2025-03-19 17:20:00.0;0,00
CURITIBA;410690207A;PR;São Braz;-25,417;-49,342;2025-03-19 18:20:00.0;0,00
CURITIBA;410690207A;PR;São Braz;-25,417;-49,342;2025-03-19 19:20:00.0;0,00
CURITIBA;410690207A;PR;São Braz;-25,417;-49,342;2025-03-19 20:20:00.0;0,00
CURITIBA;410690207A;PR;São Braz;-25,417;-49,342;2025-03-19 21:20:00.0;0,00
CURITIBA;410690207A;PR;São Braz;-25,417;-49,342;2025-03-19 22:20:00.0;0,00
CURITIBA;410690207A;PR;São Braz;-25,417;-49,342;2025-03-19 23:20:00.0;0,00
CURITIBA;410690207A;PR;São Braz;-25,417;-49,342;2025-03-20 00:20:00.0;0,00
CURITIBA;410690207A;PR;São Braz;-25,417;-49,342;2025-03-20 01:20:00.0;0,00
CURITIBA;410690207A;PR;São Braz;-25,417;-49,342;2025-03-20 02:20:00.0;0,00
CURITIBA;410690207A;PR;São Braz;-25,417;-49,342;2025-03-20 03:20:00.0;0,00
CURITIBA;410690207A;PR;São Braz;-25,417;-49,342;2025-03-20 04:20:00.0;0,00
CURITIBA;410690207A;PR;São Braz;-25,417;-49,342;2025-03-20 05:20:00.0;0,00
CURITIBA;410690207A;PR;São Braz;-25,417;-49,342;2025-03-20 06:20:00.0;0,00
CURITIBA;410690207A;PR;São Braz;-25,417;-49,342;2025-03-20 07:20:00.0;0,00
CURITIBA;410690207A;PR;São Braz;-25,417;-49,342;2025-03-20 08:20:00.0;0,00
CURITIBA;410690207A;PR;São Braz;-25,417;-49,342;2025-03-20 09:20:00.0;0,00
CURITIBA;410690207A;PR;São Braz;-25,417;-49,342;2025-03-20 10:20:00.0;0,00
CURITIBA;410690207A;PR;São Braz;-25,417;-49,342;2025-03-20 11:20:00.0;0,00
CURITIBA;410690207A;PR;São Braz;-25,417;-49,342;2025-03-20 12:20:00.0;0,00
CURITIBA;410690207A;PR;São Braz;-25,417;-49,342;2025-03-20 13:20:00.0;0,00
CURITIBA;410690207A;PR;São Braz;-25,417;-49,342;2025-03-20 14:20:00.0;0,00
CURITIBA;410690207A;PR;São Braz;-25,417;-49,342;2025-03-20 15:20:00.0;0,00
CURITIBA;410690207A;PR;São Braz;-25,417;-49,342;2025-03-20 16:20:00.0;0,00
CURITIBA;410690207A;PR;São Braz;-25,417;-49,342;2025-03-20 17:20:00.0;0,00
CURITIBA;410690207A;PR;São Braz;-25,417;-49,342;2025-03-20 18:20:00.0;0,00
CURITIBA;410690207A;PR;São Braz;-25,417;-49,342;2025-03-20 19:20:00.0;0,00
CURITIBA;410690207A;PR;São Braz;-25,417;-49,342;2025-03-20 20:20:00.0;0,00
CURITIBA;410690207A;PR;São Braz;-25,417;-49,342;2025-03-20 21:20:00.0;0,00
CURITIBA;410690207A;PR;São Braz;-25,417;-49,342;2025-03-20 22:20:00.0;0,00
CURITIBA;410690207A;PR;São Braz;-25,417;-49,342;2025-03-20 23:20:00.0;0,00
CURITIBA;410690207A;PR;São Braz;-25,417;-49,342;2025-03-21 00:20:00.0;0,00
CURITIBA;410690207A;PR;São Braz;-25,417;-49,342;2025-03-21 01:20:00.0;0,00
CURITIBA;410690207A;PR;São Braz;-25,417;-49,342;2025-03-21 02:20:00.0;0,00
CURITIBA;410690207A;PR;São Braz;-25,417;-49,342;2025-03-21 03:20:00.0;0,00
CURITIBA;410690207A;PR;São Braz;-25,417;-49,342;2025-03-21 04:20:00.0;0,00
CURITIBA;410690207A;PR;São Braz;-25,417;-49,342;2025-03-21 05:20:00.0;0,00
CURITIBA;410690207A;PR;São Braz;-25,417;-49,342;2025-03-21 06:20:00.0;0,00
CURITIBA;410690207A;PR;São Braz;-25,417;-49,342;2025-03-21 07:20:00.0;0,00
CURITIBA;410690207A;PR;São Braz;-25,417;-49,342;2025-03-21 08:20:00.0;0,00
CURITIBA;410690207A;PR;São Braz;-25,417;-49,342;2025-03-21 09:20:00.0;0,00
CURITIBA;410690207A;PR;São Braz;-25,417;-49,342;2025-03-21 10:20:00.0;0,00
CURITIBA;410690207A;PR;São Braz;-25,417;-49,342;2025-03-21 11:20:00.0;0,00
CURITIBA;410690207A;PR;São Braz;-25,417;-49,342;2025-03-21 12:20:00.0;0,00
CURITIBA;410690207A;PR;São Braz;-25,417;-49,342;2025-03-21 13:20:00.0;0,00
CURITIBA;410690207A;PR;São Braz;-25,417;-49,342;2025-03-21 14:20:00.0;0,00
CURITIBA;410690207A;PR;São Braz;-25,417;-49,342;2025-03-21 15:20:00.0;0,00
CURITIBA;410690207A;PR;São Braz;-25,417;-49,342;2025-03-21 16:20:00.0;0,00
CURITIBA;410690207A;PR;São Braz;-25,417;-49,342;2025-03-21 17:20:00.0;0,00
CURITIBA;410690207A;PR;São Braz;-25,417;-49,342;2025-03-21 18:20:00.0;0,00
CURITIBA;410690207A;PR;São Braz;-25,417;-49,342;2025-03-21 19:20:00.0;0,00
CURITIBA;410690207A;PR;São Braz;-25,417;-49,342;2025-03-21 20:20:00.0;0,00
CURITIBA;410690207A;PR;São Braz;-25,417;-49,342;2025-03-21 21:20:00.0;0,00
CURITIBA;410690207A;PR;São Braz;-25,417;-49,342;2025-03-21 22:20:00.0;0,00
CURITIBA;410690207A;PR;São Braz;-25,417;-49,342;2025-03-21 23:20:00.0;0,00
CURITIBA;410690207A;PR;São Braz;-25,417;-49,342;2025-03-22 00:20:00.0;0,00
CURITIBA;410690207A;PR;São Braz;-25,417;-49,342;2025-03-22 01:20:00.0;0,00
CURITIBA;410690207A;PR;São Braz;-25,417;-49,342;2025-03-22 02:20:00.0;0,00
CURITIBA;410690207A;PR;São Braz;-25,417;-49,342;2025-03-22 03:20:00.0;0,00
CURITIBA;410690207A;PR;São Braz;-25,417;-49,342;2025-03-22 04:20:00.0;0,00
CURITIBA;410690207A;PR;São Braz;-25,417;-49,342;2025-03-22 05:20:00.0;0,00
CURITIBA;410690207A;PR;São Braz;-25,417;-49,342;2025-03-22 06:20:00.0;0,00
CURITIBA;410690207A;PR;São Braz;-25,417;-49,342;2025-03-22 07:20:00.0;0,00
CURITIBA;410690207A;PR;São Braz;-25,417;-49,342;2025-03-22 08:20:00.0;0,00
CURITIBA;410690207A;PR;São Braz;-25,417;-49,342;2025-03-22 09:20:00.0;0,00
CURITIBA;410690207A;PR;São Braz;-25,417;-49,342;2025-03-22 10:20:00.0;0,00
CURITIBA;410690207A;PR;São Braz;-25,417;-49,342;2025-03-22 11:20:00.0;0,00
CURITIBA;410690207A;PR;São Braz;-25,417;-49,342;2025-03-22 12:20:00.0;0,00
CURITIBA;410690207A;PR;São Braz;-25,417;-49,342;2025-03-22 13:20:00.0;0,00
CURITIBA;410690207A;PR;São Braz;-25,417;-49,342;2025-03-22 14:20:00.0;0,00
CURITIBA;410690207A;PR;São Braz;-25,417;-49,342;2025-03-22 15:20:00.0;0,00
CURITIBA;410690207A;PR;São Braz;-25,417;-49,342;2025-03-22 16:20:00.0;0,00
CURITIBA;410690207A;PR;São Braz;-25,417;-49,342;2025-03-22 17:20:00.0;0,00
CURITIBA;410690207A;PR;São Braz;-25,417;-49,342;2025-03-22 18:20:00.0;0,00
CURITIBA;410690207A;PR;São Braz;-25,417;-49,342;2025-03-22 19:20:00.0;0,00
CURITIBA;410690207A;PR;São Braz;-25,417;-49,342;2025-03-22 20:20:00.0;0,00
CURITIBA;410690207A;PR;São Braz;-25,417;-49,342;2025-03-22 21:20:00.0;0,00
CURITIBA;410690207A;PR;São Braz;-25,417;-49,342;2025-03-22 22:20:00.0;0,00
CURITIBA;410690207A;PR;São Braz;-25,417;-49,342;2025-03-22 23:20:00.0;0,00
CURITIBA;410690207A;PR;São Braz;-25,417;-49,342;2025-03-23 00:20:00.0;0,00
CURITIBA;410690207A;PR;São Braz;-25,417;-49,342;2025-03-23 01:20:00.0;0,00
CURITIBA;410690207A;PR;São Braz;-25,417;-49,342;2025-03-23 02:20:00.0;0,00
CURITIBA;410690207A;PR;São Braz;-25,417;-49,342;2025-03-23 03:20:00.0;0,00
CURITIBA;410690207A;PR;São Braz;-25,417;-49,342;2025-03-23 04:20:00.0;0,00
CURITIBA;410690207A;PR;São Braz;-25,417;-49,342;2025-03-23 05:20:00.0;0,00
CURITIBA;410690207A;PR;São Braz;-25,417;-49,342;2025-03-23 06:20:00.0;0,00
CURITIBA;410690207A;PR;São Braz;-25,417;-49,342;2025-03-23 07:20:00.0;0,00
CURITIBA;410690207A;PR;São Braz;-25,417;-49,342;2025-03-23 08:20:00.0;0,00
CURITIBA;410690207A;PR;São Braz;-25,417;-49,342;2025-03-23 09:20:00.0;0,00
CURITIBA;410690207A;PR;São Braz;-25,417;-49,342;2025-03-23 10:20:00.0;0,00
CURITIBA;410690207A;PR;São Braz;-25,417;-49,342;2025-03-23 11:20:00.0;0,00
CURITIBA;410690207A;PR;São Braz;-25,417;-49,342;2025-03-23 12:20:00.0;0,00
CURITIBA;410690207A;PR;São Braz;-25,417;-49,342;2025-03-23 13:20:00.0;0,00
CURITIBA;410690207A;PR;São Braz;-25,417;-49,342;2025-03-23 14:20:00.0;0,00
CURITIBA;410690207A;PR;São Braz;-25,417;-49,342;2025-03-23 15:20:00.0;0,00
CURITIBA;410690207A;PR;São Braz;-25,417;-49,342;2025-03-23 16:20:00.0;0,00
CURITIBA;410690207A;PR;São Braz;-25,417;-49,342;2025-03-23 17:20:00.0;0,00
CURITIBA;410690207A;PR;São Braz;-25,417;-49,342;2025-03-23 18:20:00.0;0,00
CURITIBA;410690207A;PR;São Braz;-25,417;-49,342;2025-03-23 19:20:00.0;0,00
CURITIBA;410690207A;PR;São Braz;-25,417;-49,342;2025-03-23 20:20:00.0;0,00
CURITIBA;410690207A;PR;São Braz;-25,417;-49,342;2025-03-23 21:20:00.0;0,00
CURITIBA;410690207A;PR;São Braz;-25,417;-49,342;2025-03-23 22:20:00.0;0,00
CURITIBA;410690207A;PR;São Braz;-25,417;-49,342;2025-03-23 23:20:00.0;0,00
CURITIBA;410690207A;PR;São Braz;-25,417;-49,342;2025-03-24 00:20:00.0;0,00
CURITIBA;410690207A;PR;São Braz;-25,417;-49,342;2025-03-24 01:20:00.0;0,00
CURITIBA;410690207A;PR;São Braz;-25,417;-49,342;2025-03-24 02:20:00.0;0,00
CURITIBA;410690207A;PR;São Braz;-25,417;-49,342;2025-03-24 03:20:00.0;0,00
CURITIBA;410690207A;PR;São Braz;-25,417;-49,342;2025-03-24 04:20:00.0;0,00
CURITIBA;410690207A;PR;São Braz;-25,417;-49,342;2025-03-24 05:20:00.0;0,00
CURITIBA;410690207A;PR;São Braz;-25,417;-49,342;2025-03-24 06:20:00.0;0,00
CURITIBA;410690207A;PR;São Braz;-25,417;-49,342;2025-03-24 07:20:00.0;0,00
CURITIBA;410690207A;PR;São Braz;-25,417;-49,342;2025-03-24 08:20:00.0;0,00
CURITIBA;410690207A;PR;São Braz;-25,417;-49,342;2025-03-24 09:20:00.0;0,00
CURITIBA;410690207A;PR;São Braz;-25,417;-49,342;2025-03-24 10:20:00.0;0,00
CURITIBA;410690207A;PR;São Braz;-25,417;-49,342;2025-03-24 11:20:00.0;0,00
CURITIBA;410690207A;PR;São Braz;-25,417;-49,342;2025-03-24 12:20:00.0;0,00
CURITIBA;410690207A;PR;São Braz;-25,417;-49,342;2025-03-24 13:20:00.0;0,00
CURITIBA;410690207A;PR;São Braz;-25,417;-49,342;2025-03-24 14:20:00.0;0,00
CURITIBA;410690207A;PR;São Braz;-25,417;-49,342;2025-03-24 15:20:00.0;0,00
CURITIBA;410690207A;PR;São Braz;-25,417;-49,342;2025-03-24 16:20:00.0;0,00
CURITIBA;410690207A;PR;São Braz;-25,417;-49,342;2025-03-24 17:20:00.0;0,00
CURITIBA;410690207A;PR;São Braz;-25,417;-49,342;2025-03-24 18:20:00.0;0,00
CURITIBA;410690207A;PR;São Braz;-25,417;-49,342;2025-03-24 19:20:00.0;0,00
CURITIBA;410690207A;PR;São Braz;-25,417;-49,342;2025-03-24 20:20:00.0;0,00
CURITIBA;410690207A;PR;São Braz;-25,417;-49,342;2025-03-24 21:20:00.0;0,00
CURITIBA;410690207A;PR;São Braz;-25,417;-49,342;2025-03-24 22:20:00.0;0,00
CURITIBA;410690207A;PR;São Braz;-25,417;-49,342;2025-03-24 23:20:00.0;0,00
CURITIBA;410690207A;PR;São Braz;-25,417;-49,342;2025-03-25 00:20:00.0;0,00
CURITIBA;410690207A;PR;São Braz;-25,417;-49,342;2025-03-25 01:20:00.0;0,00
CURITIBA;410690207A;PR;São Braz;-25,417;-49,342;2025-03-25 02:20:00.0;0,00
CURITIBA;410690207A;PR;São Braz;-25,417;-49,342;2025-03-25 03:20:00.0;0,00
CURITIBA;410690207A;PR;São Braz;-25,417;-49,342;2025-03-25 04:20:00.0;0,00
CURITIBA;410690207A;PR;São Braz;-25,417;-49,342;2025-03-25 05:20:00.0;0,00
CURITIBA;410690207A;PR;São Braz;-25,417;-49,342;2025-03-25 06:20:00.0;0,00
CURITIBA;410690207A;PR;São Braz;-25,417;-49,342;2025-03-25 07:20:00.0;0,00
CURITIBA;410690207A;PR;São Braz;-25,417;-49,342;2025-03-25 08:20:00.0;0,00
CURITIBA;410690207A;PR;São Braz;-25,417;-49,342;2025-03-25 09:20:00.0;0,00
CURITIBA;410690207A;PR;São Braz;-25,417;-49,342;2025-03-25 10:20:00.0;0,00
CURITIBA;410690207A;PR;São Braz;-25,417;-49,342;2025-03-25 11:20:00.0;0,00
CURITIBA;410690207A;PR;São Braz;-25,417;-49,342;2025-03-25 12:20:00.0;0,00
CURITIBA;410690207A;PR;São Braz;-25,417;-49,342;2025-03-25 13:20:00.0;0,00
CURITIBA;410690207A;PR;São Braz;-25,417;-49,342;2025-03-25 14:20:00.0;0,00
CURITIBA;410690207A;PR;São Braz;-25,417;-49,342;2025-03-25 15:20:00.0;0,00
CURITIBA;410690207A;PR;São Braz;-25,417;-49,342;2025-03-25 16:20:00.0;0,00
CURITIBA;410690207A;PR;São Braz;-25,417;-49,342;2025-03-25 17:20:00.0;0,00
CURITIBA;410690207A;PR;São Braz;-25,417;-49,342;2025-03-25 18:20:00.0;0,00
CURITIBA;410690207A;PR;São Braz;-25,417;-49,342;2025-03-25 19:20:00.0;0,00
CURITIBA;410690207A;PR;São Braz;-25,417;-49,342;2025-03-25 20:20:00.0;0,00
CURITIBA;410690207A;PR;São Braz;-25,417;-49,342;2025-03-25 21:20:00.0;0,00
CURITIBA;410690207A;PR;São Braz;-25,417;-49,342;2025-03-25 22:20:00.0;0,00
CURITIBA;410690207A;PR;São Braz;-25,417;-49,342;2025-03-25 23:20:00.0;0,00
CURITIBA;410690207A;PR;São Braz;-25,417;-49,342;2025-03-26 00:20:00.0;0,00
CURITIBA;410690207A;PR;São Braz;-25,417;-49,342;2025-03-26 01:20:00.0;0,00
CURITIBA;410690207A;PR;São Braz;-25,417;-49,342;2025-03-26 02:20:00.0;0,00
CURITIBA;410690207A;PR;São Braz;-25,417;-49,342;2025-03-26 03:20:00.0;0,00
CURITIBA;410690207A;PR;São Braz;-25,417;-49,342;2025-03-26 04:20:00.0;0,00
CURITIBA;410690207A;PR;São Braz;-25,417;-49,342;2025-03-26 05:20:00.0;0,00
CURITIBA;410690207A;PR;São Braz;-25,417;-49,342;2025-03-26 06:20:00.0;0,00
CURITIBA;410690207A;PR;São Braz;-25,417;-49,342;2025-03-26 07:20:00.0;0,00
CURITIBA;410690207A;PR;São Braz;-25,417;-49,342;2025-03-26 08:20:00.0;0,00
CURITIBA;410690207A;PR;São Braz;-25,417;-49,342;2025-03-26 09:20:00.0;0,00
CURITIBA;410690207A;PR;São Braz;-25,417;-49,342;2025-03-26 10:20:00.0;0,00
CURITIBA;410690207A;PR;São Braz;-25,417;-49,342;2025-03-26 11:20:00.0;0,00
CURITIBA;410690207A;PR;São Braz;-25,417;-49,342;2025-03-26 12:20:00.0;0,00
CURITIBA;410690207A;PR;São Braz;-25,417;-49,342;2025-03-26 13:20:00.0;0,00
CURITIBA;410690207A;PR;São Braz;-25,417;-49,342;2025-03-26 14:20:00.0;0,00
CURITIBA;410690207A;PR;São Braz;-25,417;-49,342;2025-03-26 15:20:00.0;0,00
CURITIBA;410690207A;PR;São Braz;-25,417;-49,342;2025-03-26 16:20:00.0;0,00
CURITIBA;410690207A;PR;São Braz;-25,417;-49,342;2025-03-26 17:20:00.0;0,00
CURITIBA;410690207A;PR;São Braz;-25,417;-49,342;2025-03-26 18:20:00.0;0,00
CURITIBA;410690207A;PR;São Braz;-25,417;-49,342;2025-03-26 19:20:00.0;0,00
CURITIBA;410690207A;PR;São Braz;-25,417;-49,342;2025-03-26 20:20:00.0;0,00
CURITIBA;410690207A;PR;São Braz;-25,417;-49,342;2025-03-26 21:20:00.0;0,00
CURITIBA;410690207A;PR;São Braz;-25,417;-49,342;2025-03-26 22:20:00.0;0,00
CURITIBA;410690207A;PR;São Braz;-25,417;-49,342;2025-03-26 23:20:00.0;0,00
CURITIBA;410690207A;PR;São Braz;-25,417;-49,342;2025-03-27 00:20:00.0;0,00
CURITIBA;410690207A;PR;São Braz;-25,417;-49,342;2025-03-27 01:20:00.0;0,00
CURITIBA;410690207A;PR;São Braz;-25,417;-49,342;2025-03-27 02:20:00.0;0,00
CURITIBA;410690207A;PR;São Braz;-25,417;-49,342;2025-03-27 03:20:00.0;0,00
CURITIBA;410690207A;PR;São Braz;-25,417;-49,342;2025-03-27 04:20:00.0;0,00
CURITIBA;410690207A;PR;São Braz;-25,417;-49,342;2025-03-27 05:20:00.0;0,00
CURITIBA;410690207A;PR;São Braz;-25,417;-49,342;2025-03-27 06:20:00.0;0,00
CURITIBA;410690207A;PR;São Braz;-25,417;-49,342;2025-03-27 07:20:00.0;0,00
CURITIBA;410690207A;PR;São Braz;-25,417;-49,342;2025-03-27 08:20:00.0;0,00
CURITIBA;410690207A;PR;São Braz;-25,417;-49,342;2025-03-27 09:20:00.0;0,00
CURITIBA;410690207A;PR;São Braz;-25,417;-49,342;2025-03-27 10:20:00.0;0,00
CURITIBA;410690207A;PR;São Braz;-25,417;-49,342;2025-03-27 11:20:00.0;0,00
CURITIBA;410690207A;PR;São Braz;-25,417;-49,342;2025-03-27 12:20:00.0;0,00
CURITIBA;410690207A;PR;São Braz;-25,417;-49,342;2025-03-27 13:20:00.0;0,00
CURITIBA;410690207A;PR;São Braz;-25,417;-49,342;2025-03-27 14:20:00.0;0,00
CURITIBA;410690207A;PR;São Braz;-25,417;-49,342;2025-03-27 15:20:00.0;0,00
CURITIBA;410690207A;PR;São Braz;-25,417;-49,342;2025-03-27 16:20:00.0;0,00
CURITIBA;410690207A;PR;São Braz;-25,417;-49,342;2025-03-27 17:20:00.0;0,00
CURITIBA;410690207A;PR;São Braz;-25,417;-49,342;2025-03-27 18:20:00.0;0,00
CURITIBA;410690207A;PR;São Braz;-25,417;-49,342;2025-03-27 19:20:00.0;0,00
CURITIBA;410690207A;PR;São Braz;-25,417;-49,342;2025-03-27 20:20:00.0;0,00
CURITIBA;410690207A;PR;São Braz;-25,417;-49,342;2025-03-27 21:20:00.0;0,00
CURITIBA;410690207A;PR;São Braz;-25,417;-49,342;2025-03-27 22:20:00.0;0,00
CURITIBA;410690207A;PR;São Braz;-25,417;-49,342;2025-03-27 23:20:00.0;0,00
CURITIBA;410690207A;PR;São Braz;-25,417;-49,342;2025-03-28 00:20:00.0;0,00
CURITIBA;410690207A;PR;São Braz;-25,417;-49,342;2025-03-28 01:20:00.0;0,00
CURITIBA;410690207A;PR;São Braz;-25,417;-49,342;2025-03-28 02:20:00.0;0,00
CURITIBA;410690207A;PR;São Braz;-25,417;-49,342;2025-03-28 03:20:00.0;0,00
CURITIBA;410690207A;PR;São Braz;-25,417;-49,342;2025-03-28 04:20:00.0;0,00
CURITIBA;410690207A;PR;São Braz;-25,417;-49,342;2025-03-28 05:20:00.0;0,00
CURITIBA;410690207A;PR;São Braz;-25,417;-49,342;2025-03-28 06:20:00.0;0,00
CURITIBA;410690207A;PR;São Braz;-25,417;-49,342;2025-03-28 07:20:00.0;0,00
CURITIBA;410690207A;PR;São Braz;-25,417;-49,342;2025-03-28 08:20:00.0;0,00
CURITIBA;410690207A;PR;São Braz;-25,417;-49,342;2025-03-28 09:20:00.0;0,00
CURITIBA;410690207A;PR;São Braz;-25,417;-49,342;2025-03-28 10:20:00.0;0,00
CURITIBA;410690207A;PR;São Braz;-25,417;-49,342;2025-03-28 11:20:00.0;0,00
CURITIBA;410690207A;PR;São Braz;-25,417;-49,342;2025-03-28 12:20:00.0;0,00
CURITIBA;410690207A;PR;São Braz;-25,417;-49,342;2025-03-28 13:20:00.0;0,00
CURITIBA;410690207A;PR;São Braz;-25,417;-49,342;2025-03-28 14:20:00.0;0,00
CURITIBA;410690207A;PR;São Braz;-25,417;-49,342;2025-03-28 15:20:00.0;0,00
CURITIBA;410690207A;PR;São Braz;-25,417;-49,342;2025-03-28 16:20:00.0;0,00
CURITIBA;410690207A;PR;São Braz;-25,417;-49,342;2025-03-28 17:20:00.0;0,00
CURITIBA;410690207A;PR;São Braz;-25,417;-49,342;2025-03-28 18:20:00.0;0,00
CURITIBA;410690207A;PR;São Braz;-25,417;-49,342;2025-03-28 19:20:00.0;0,00
CURITIBA;410690207A;PR;São Braz;-25,417;-49,342;2025-03-28 20:20:00.0;0,00
CURITIBA;410690207A;PR;São Braz;-25,417;-49,342;2025-03-28 21:20:00.0;0,00
CURITIBA;410690207A;PR;São Braz;-25,417;-49,342;2025-03-28 22:20:00.0;0,00
CURITIBA;410690207A;PR;São Braz;-25,417;-49,342;2025-03-28 23:20:00.0;0,00
CURITIBA;410690207A;PR;São Braz;-25,417;-49,342;2025-03-29 00:20:00.0;0,00
CURITIBA;410690207A;PR;São Braz;-25,417;-49,342;2025-03-29 01:20:00.0;0,00
CURITIBA;410690207A;PR;São Braz;-25,417;-49,342;2025-03-29 02:20:00.0;0,00
CURITIBA;410690207A;PR;São Braz;-25,417;-49,342;2025-03-29 03:20:00.0;0,00
CURITIBA;410690207A;PR;São Braz;-25,417;-49,342;2025-03-29 04:20:00.0;0,00
CURITIBA;410690207A;PR;São Braz;-25,417;-49,342;2025-03-29 05:20:00.0;0,00
CURITIBA;410690207A;PR;São Braz;-25,417;-49,342;2025-03-29 06:20:00.0;0,00
CURITIBA;410690207A;PR;São Braz;-25,417;-49,342;2025-03-29 07:20:00.0;0,00
CURITIBA;410690207A;PR;São Braz;-25,417;-49,342;2025-03-29 08:20:00.0;0,00
CURITIBA;410690207A;PR;São Braz;-25,417;-49,342;2025-03-29 09:20:00.0;0,00
CURITIBA;410690207A;PR;São Braz;-25,417;-49,342;2025-03-29 10:20:00.0;0,00
CURITIBA;410690207A;PR;São Braz;-25,417;-49,342;2025-03-29 11:20:00.0;0,00
CURITIBA;410690207A;PR;São Braz;-25,417;-49,342;2025-03-29 12:20:00.0;0,00
CURITIBA;410690207A;PR;São Braz;-25,417;-49,342;2025-03-29 13:20:00.0;0,00
CURITIBA;410690207A;PR;São Braz;-25,417;-49,342;2025-03-29 14:20:00.0;0,00
CURITIBA;410690207A;PR;São Braz;-25,417;-49,342;2025-03-29 15:20:00.0;0,00
CURITIBA;410690207A;PR;São Braz;-25,417;-49,342;2025-03-29 16:20:00.0;0,00
CURITIBA;410690207A;PR;São Braz;-25,417;-49,342;2025-03-29 17:20:00.0;0,00
CURITIBA;410690207A;PR;São Braz;-25,417;-49,342;2025-03-29 18:20:00.0;0,00
CURITIBA;410690207A;PR;São Braz;-25,417;-49,342;2025-03-29 19:20:00.0;0,00
CURITIBA;410690207A;PR;São Braz;-25,417;-49,342;2025-03-29 20:20:00.0;0,00
CURITIBA;410690207A;PR;São Braz;-25,417;-49,342;2025-03-29 21:20:00.0;0,00
CURITIBA;410690207A;PR;São Braz;-25,417;-49,342;2025-03-29 22:20:00.0;0,00
CURITIBA;410690207A;PR;São Braz;-25,417;-49,342;2025-03-29 23:20:00.0;0,00
CURITIBA;410690207A;PR;São Braz;-25,417;-49,342;2025-03-30 00:20:00.0;0,00
CURITIBA;410690207A;PR;São Braz;-25,417;-49,342;2025-03-30 01:20:00.0;0,00
CURITIBA;410690207A;PR;São Braz;-25,417;-49,342;2025-03-30 02:20:00.0;0,00
CURITIBA;410690207A;PR;São Braz;-25,417;-49,342;2025-03-30 03:20:00.0;0,00
CURITIBA;410690207A;PR;São Braz;-25,417;-49,342;2025-03-30 04:20:00.0;0,00
CURITIBA;410690207A;PR;São Braz;-25,417;-49,342;2025-03-30 05:20:00.0;0,00
CURITIBA;410690207A;PR;São Braz;-25,417;-49,342;2025-03-30 06:20:00.0;0,00
CURITIBA;410690207A;PR;São Braz;-25,417;-49,342;2025-03-30 07:20:00.0;0,00
CURITIBA;410690207A;PR;São Braz;-25,417;-49,342;2025-03-30 08:20:00.0;0,00
CURITIBA;410690207A;PR;São Braz;-25,417;-49,342;2025-03-30 09:20:00.0;0,00
CURITIBA;410690207A;PR;São Braz;-25,417;-49,342;2025-03-30 10:20:00.0;0,00
CURITIBA;410690207A;PR;São Braz;-25,417;-49,342;2025-03-30 11:20:00.0;0,00
CURITIBA;410690207A;PR;São Braz;-25,417;-49,342;2025-03-30 12:20:00.0;0,00
CURITIBA;410690207A;PR;São Braz;-25,417;-49,342;2025-03-30 13:20:00.0;0,00
CURITIBA;410690207A;PR;São Braz;-25,417;-49,342;2025-03-30 14:20:00.0;0,00
CURITIBA;410690207A;PR;São Braz;-25,417;-49,342;2025-03-30 15:20:00.0;0,00
CURITIBA;410690207A;PR;São Braz;-25,417;-49,342;2025-03-30 16:20:00.0;0,00
CURITIBA;410690207A;PR;São Braz;-25,417;-49,342;2025-03-30 17:20:00.0;0,00
CURITIBA;410690207A;PR;São Braz;-25,417;-49,342;2025-03-30 18:20:00.0;0,00
CURITIBA;410690207A;PR;São Braz;-25,417;-49,342;2025-03-30 19:20:00.0;0,00
CURITIBA;410690207A;PR;São Braz;-25,417;-49,342;2025-03-30 20:20:00.0;0,00
CURITIBA;410690207A;PR;São Braz;-25,417;-49,342;2025-03-30 21:20:00.0;0,00
CURITIBA;410690207A;PR;São Braz;-25,417;-49,342;2025-03-30 22:20:00.0;0,00
CURITIBA;410690207A;PR;São Braz;-25,417;-49,342;2025-03-30 23:20:00.0;0,00
CURITIBA;410690207A;PR;São Braz;-25,417;-49,342;2025-03-31 00:20:00.0;0,00
CURITIBA;410690207A;PR;São Braz;-25,417;-49,342;2025-03-31 01:20:00.0;0,00
CURITIBA;410690207A;PR;São Braz;-25,417;-49,342;2025-03-31 02:20:00.0;0,00
CURITIBA;410690207A;PR;São Braz;-25,417;-49,342;2025-03-31 03:20:00.0;0,00
CURITIBA;410690207A;PR;São Braz;-25,417;-49,342;2025-03-31 04:20:00.0;0,00
CURITIBA;410690207A;PR;São Braz;-25,417;-49,342;2025-03-31 05:20:00.0;0,00
CURITIBA;410690207A;PR;São Braz;-25,417;-49,342;2025-03-31 06:20:00.0;0,00
CURITIBA;410690207A;PR;São Braz;-25,417;-49,342;2025-03-31 07:20:00.0;0,00
CURITIBA;410690207A;PR;São Braz;-25,417;-49,342;2025-03-31 08:20:00.0;0,00
CURITIBA;410690207A;PR;São Braz;-25,417;-49,342;2025-03-31 09:20:00.0;0,00
CURITIBA;410690207A;PR;São Braz;-25,417;-49,342;2025-03-31 10:20:00.0;0,00
CURITIBA;410690207A;PR;São Braz;-25,417;-49,342;2025-03-31 11:20:00.0;0,00
CURITIBA;410690207A;PR;São Braz;-25,417;-49,342;2025-03-31 12:20:00.0;0,00
CURITIBA;410690207A;PR;São Braz;-25,417;-49,342;2025-03-31 13:20:00.0;0,00
CURITIBA;410690207A;PR;São Braz;-25,417;-49,342;2025-03-31 14:20:00.0;0,00
CURITIBA;410690207A;PR;São Braz;-25,417;-49,342;2025-03-31 15:20:00.0;0,00
CURITIBA;410690207A;PR;São Braz;-25,417;-49,342;2025-03-31 16:20:00.0;0,00
CURITIBA;410690207A;PR;São Braz;-25,417;-49,342;2025-03-31 17:20:00.0;0,00
CURITIBA;410690207A;PR;São Braz;-25,417;-49,342;2025-03-31 18:20:00.0;0,00
CURITIBA;410690207A;PR;São Braz;-25,417;-49,342;2025-03-31 19:20:00.0;0,00
CURITIBA;410690207A;PR;São Braz;-25,417;-49,342;2025-03-31 20:20:00.0;0,00
CURITIBA;410690207A;PR;São Braz;-25,417;-49,342;2025-03-31 21:20:00.0;0,00
CURITIBA;410690207A;PR;São Braz;-25,417;-49,342;2025-03-31 22:20:00.0;0,00
CURITIBA;410690207A;PR;São Braz;-25,417;-49,342;2025-03-31 23:20:00.0;0,00
CURITIBA;410690208A;PR;Atuba;-25,384;-49,197;2025-03-01 00:10:00.0;0,00
CURITIBA;410690208A;PR;Atuba;-25,384;-49,197;2025-03-01 01:10:00.0;0,00
CURITIBA;410690208A;PR;Atuba;-25,384;-49,197;2025-03-01 02:10:00.0;0,00
CURITIBA;410690208A;PR;Atuba;-25,384;-49,197;2025-03-01 03:10:00.0;0,00
CURITIBA;410690208A;PR;Atuba;-25,384;-49,197;2025-03-01 04:10:00.0;0,00
CURITIBA;410690208A;PR;Atuba;-25,384;-49,197;2025-03-01 05:10:00.0;0,00
CURITIBA;410690208A;PR;Atuba;-25,384;-49,197;2025-03-01 06:10:00.0;0,00
CURITIBA;410690208A;PR;Atuba;-25,384;-49,197;2025-03-01 07:10:00.0;0,00
CURITIBA;410690208A;PR;Atuba;-25,384;-49,197;2025-03-01 08:10:00.0;0,00
CURITIBA;410690208A;PR;Atuba;-25,384;-49,197;2025-03-01 09:10:00.0;0,00
CURITIBA;410690208A;PR;Atuba;-25,384;-49,197;2025-03-01 10:10:00.0;0,00
CURITIBA;410690208A;PR;Atuba;-25,384;-49,197;2025-03-01 11:10:00.0;0,00
CURITIBA;410690208A;PR;Atuba;-25,384;-49,197;2025-03-01 12:10:00.0;0,00
CURITIBA;410690208A;PR;Atuba;-25,384;-49,197;2025-03-01 13:10:00.0;0,00
CURITIBA;410690208A;PR;Atuba;-25,384;-49,197;2025-03-01 14:10:00.0;0,00
CURITIBA;410690208A;PR;Atuba;-25,384;-49,197;2025-03-01 15:10:00.0;0,00
CURITIBA;410690208A;PR;Atuba;-25,384;-49,197;2025-03-01 16:10:00.0;0,00
CURITIBA;410690208A;PR;Atuba;-25,384;-49,197;2025-03-01 17:10:00.0;0,00
CURITIBA;410690208A;PR;Atuba;-25,384;-49,197;2025-03-01 18:10:00.0;0,00
CURITIBA;410690208A;PR;Atuba;-25,384;-49,197;2025-03-01 19:10:00.0;0,00
CURITIBA;410690208A;PR;Atuba;-25,384;-49,197;2025-03-01 20:10:00.0;0,00
CURITIBA;410690208A;PR;Atuba;-25,384;-49,197;2025-03-01 21:10:00.0;0,00
CURITIBA;410690208A;PR;Atuba;-25,384;-49,197;2025-03-01 22:10:00.0;0,00
CURITIBA;410690208A;PR;Atuba;-25,384;-49,197;2025-03-01 23:10:00.0;0,00
CURITIBA;410690208A;PR;Atuba;-25,384;-49,197;2025-03-02 00:10:00.0;0,00
CURITIBA;410690208A;PR;Atuba;-25,384;-49,197;2025-03-02 01:10:00.0;0,00
CURITIBA;410690208A;PR;Atuba;-25,384;-49,197;2025-03-02 02:10:00.0;0,00
CURITIBA;410690208A;PR;Atuba;-25,384;-49,197;2025-03-02 03:10:00.0;0,00
CURITIBA;410690208A;PR;Atuba;-25,384;-49,197;2025-03-02 04:10:00.0;0,00
CURITIBA;410690208A;PR;Atuba;-25,384;-49,197;2025-03-02 05:10:00.0;0,00
CURITIBA;410690208A;PR;Atuba;-25,384;-49,197;2025-03-02 06:10:00.0;0,00
CURITIBA;410690208A;PR;Atuba;-25,384;-49,197;2025-03-02 07:10:00.0;0,00
CURITIBA;410690208A;PR;Atuba;-25,384;-49,197;2025-03-02 08:10:00.0;0,00
CURITIBA;410690208A;PR;Atuba;-25,384;-49,197;2025-03-02 09:10:00.0;0,00
CURITIBA;410690208A;PR;Atuba;-25,384;-49,197;2025-03-02 10:10:00.0;0,00
CURITIBA;410690208A;PR;Atuba;-25,384;-49,197;2025-03-02 11:10:00.0;0,00
CURITIBA;410690208A;PR;Atuba;-25,384;-49,197;2025-03-02 12:10:00.0;0,00
CURITIBA;410690208A;PR;Atuba;-25,384;-49,197;2025-03-02 13:10:00.0;0,00
CURITIBA;410690208A;PR;Atuba;-25,384;-49,197;2025-03-02 14:10:00.0;0,00
CURITIBA;410690208A;PR;Atuba;-25,384;-49,197;2025-03-02 15:10:00.0;0,00
CURITIBA;410690208A;PR;Atuba;-25,384;-49,197;2025-03-02 16:10:00.0;0,00
CURITIBA;410690208A;PR;Atuba;-25,384;-49,197;2025-03-02 17:10:00.0;0,00
CURITIBA;410690208A;PR;Atuba;-25,384;-49,197;2025-03-02 18:10:00.0;0,00
CURITIBA;410690208A;PR;Atuba;-25,384;-49,197;2025-03-02 19:10:00.0;0,00
CURITIBA;410690208A;PR;Atuba;-25,384;-49,197;2025-03-02 20:10:00.0;0,00
CURITIBA;410690208A;PR;Atuba;-25,384;-49,197;2025-03-02 21:10:00.0;0,00
CURITIBA;410690208A;PR;Atuba;-25,384;-49,197;2025-03-02 22:10:00.0;0,00
CURITIBA;410690208A;PR;Atuba;-25,384;-49,197;2025-03-02 23:10:00.0;0,00
CURITIBA;410690208A;PR;Atuba;-25,384;-49,197;2025-03-03 00:10:00.0;0,00
CURITIBA;410690208A;PR;Atuba;-25,384;-49,197;2025-03-03 01:10:00.0;0,00
CURITIBA;410690208A;PR;Atuba;-25,384;-49,197;2025-03-03 02:10:00.0;0,00
CURITIBA;410690208A;PR;Atuba;-25,384;-49,197;2025-03-03 03:10:00.0;0,00
CURITIBA;410690208A;PR;Atuba;-25,384;-49,197;2025-03-03 04:10:00.0;0,00
CURITIBA;410690208A;PR;Atuba;-25,384;-49,197;2025-03-03 05:10:00.0;0,00
CURITIBA;410690208A;PR;Atuba;-25,384;-49,197;2025-03-03 06:10:00.0;0,00
CURITIBA;410690208A;PR;Atuba;-25,384;-49,197;2025-03-03 07:10:00.0;0,00
CURITIBA;410690208A;PR;Atuba;-25,384;-49,197;2025-03-03 08:10:00.0;0,00
CURITIBA;410690208A;PR;Atuba;-25,384;-49,197;2025-03-03 09:10:00.0;0,00
CURITIBA;410690208A;PR;Atuba;-25,384;-49,197;2025-03-03 10:10:00.0;0,00
CURITIBA;410690208A;PR;Atuba;-25,384;-49,197;2025-03-03 11:10:00.0;0,00
CURITIBA;410690208A;PR;Atuba;-25,384;-49,197;2025-03-03 12:10:00.0;0,00
CURITIBA;410690208A;PR;Atuba;-25,384;-49,197;2025-03-03 13:10:00.0;0,00
CURITIBA;410690208A;PR;Atuba;-25,384;-49,197;2025-03-03 14:10:00.0;0,00
CURITIBA;410690208A;PR;Atuba;-25,384;-49,197;2025-03-03 15:10:00.0;0,00
CURITIBA;410690208A;PR;Atuba;-25,384;-49,197;2025-03-03 16:10:00.0;0,00
CURITIBA;410690208A;PR;Atuba;-25,384;-49,197;2025-03-03 17:10:00.0;0,00
CURITIBA;410690208A;PR;Atuba;-25,384;-49,197;2025-03-03 18:10:00.0;0,00
CURITIBA;410690208A;PR;Atuba;-25,384;-49,197;2025-03-03 19:10:00.0;0,00
CURITIBA;410690208A;PR;Atuba;-25,384;-49,197;2025-03-03 20:10:00.0;0,00
CURITIBA;410690208A;PR;Atuba;-25,384;-49,197;2025-03-03 21:10:00.0;0,00
CURITIBA;410690208A;PR;Atuba;-25,384;-49,197;2025-03-03 22:10:00.0;0,00
CURITIBA;410690208A;PR;Atuba;-25,384;-49,197;2025-03-03 23:10:00.0;0,00
CURITIBA;410690208A;PR;Atuba;-25,384;-49,197;2025-03-04 00:10:00.0;0,00
CURITIBA;410690208A;PR;Atuba;-25,384;-49,197;2025-03-04 01:10:00.0;0,00
CURITIBA;410690208A;PR;Atuba;-25,384;-49,197;2025-03-04 02:10:00.0;0,00
CURITIBA;410690208A;PR;Atuba;-25,384;-49,197;2025-03-04 03:10:00.0;0,00
CURITIBA;410690208A;PR;Atuba;-25,384;-49,197;2025-03-04 04:10:00.0;0,00
CURITIBA;410690208A;PR;Atuba;-25,384;-49,197;2025-03-04 05:10:00.0;0,00
CURITIBA;410690208A;PR;Atuba;-25,384;-49,197;2025-03-04 06:10:00.0;0,00
CURITIBA;410690208A;PR;Atuba;-25,384;-49,197;2025-03-04 07:10:00.0;0,00
CURITIBA;410690208A;PR;Atuba;-25,384;-49,197;2025-03-04 08:10:00.0;0,00
CURITIBA;410690208A;PR;Atuba;-25,384;-49,197;2025-03-04 09:10:00.0;0,00
CURITIBA;410690208A;PR;Atuba;-25,384;-49,197;2025-03-04 10:10:00.0;0,00
CURITIBA;410690208A;PR;Atuba;-25,384;-49,197;2025-03-04 11:10:00.0;0,00
CURITIBA;410690208A;PR;Atuba;-25,384;-49,197;2025-03-04 12:10:00.0;0,00
CURITIBA;410690208A;PR;Atuba;-25,384;-49,197;2025-03-04 13:10:00.0;0,00
CURITIBA;410690208A;PR;Atuba;-25,384;-49,197;2025-03-04 14:10:00.0;0,00
CURITIBA;410690208A;PR;Atuba;-25,384;-49,197;2025-03-04 15:10:00.0;0,00
CURITIBA;410690208A;PR;Atuba;-25,384;-49,197;2025-03-04 16:10:00.0;0,00
CURITIBA;410690208A;PR;Atuba;-25,384;-49,197;2025-03-04 17:10:00.0;0,00
CURITIBA;410690208A;PR;Atuba;-25,384;-49,197;2025-03-04 18:10:00.0;0,00
CURITIBA;410690208A;PR;Atuba;-25,384;-49,197;2025-03-04 19:10:00.0;0,00
CURITIBA;410690208A;PR;Atuba;-25,384;-49,197;2025-03-04 20:10:00.0;0,00
CURITIBA;410690208A;PR;Atuba;-25,384;-49,197;2025-03-04 21:10:00.0;0,00
CURITIBA;410690208A;PR;Atuba;-25,384;-49,197;2025-03-04 22:10:00.0;0,00
CURITIBA;410690208A;PR;Atuba;-25,384;-49,197;2025-03-04 23:10:00.0;0,00
CURITIBA;410690208A;PR;Atuba;-25,384;-49,197;2025-03-05 00:10:00.0;0,00
CURITIBA;410690208A;PR;Atuba;-25,384;-49,197;2025-03-05 01:10:00.0;0,00
CURITIBA;410690208A;PR;Atuba;-25,384;-49,197;2025-03-05 02:10:00.0;0,00
CURITIBA;410690208A;PR;Atuba;-25,384;-49,197;2025-03-05 03:10:00.0;0,00
CURITIBA;410690208A;PR;Atuba;-25,384;-49,197;2025-03-05 04:10:00.0;0,00
CURITIBA;410690208A;PR;Atuba;-25,384;-49,197;2025-03-05 05:10:00.0;0,00
CURITIBA;410690208A;PR;Atuba;-25,384;-49,197;2025-03-05 06:10:00.0;0,00
CURITIBA;410690208A;PR;Atuba;-25,384;-49,197;2025-03-05 07:10:00.0;0,00
CURITIBA;410690208A;PR;Atuba;-25,384;-49,197;2025-03-05 08:10:00.0;0,00
CURITIBA;410690208A;PR;Atuba;-25,384;-49,197;2025-03-05 09:10:00.0;0,00
CURITIBA;410690208A;PR;Atuba;-25,384;-49,197;2025-03-05 10:10:00.0;0,00
CURITIBA;410690208A;PR;Atuba;-25,384;-49,197;2025-03-05 11:10:00.0;0,00
CURITIBA;410690208A;PR;Atuba;-25,384;-49,197;2025-03-05 12:10:00.0;0,00
CURITIBA;410690208A;PR;Atuba;-25,384;-49,197;2025-03-05 13:10:00.0;0,00
CURITIBA;410690208A;PR;Atuba;-25,384;-49,197;2025-03-05 14:10:00.0;0,00
CURITIBA;410690208A;PR;Atuba;-25,384;-49,197;2025-03-05 15:10:00.0;0,00
CURITIBA;410690208A;PR;Atuba;-25,384;-49,197;2025-03-05 16:10:00.0;0,00
CURITIBA;410690208A;PR;Atuba;-25,384;-49,197;2025-03-05 17:10:00.0;0,00
CURITIBA;410690208A;PR;Atuba;-25,384;-49,197;2025-03-05 18:10:00.0;0,00
CURITIBA;410690208A;PR;Atuba;-25,384;-49,197;2025-03-05 19:10:00.0;0,00
CURITIBA;410690208A;PR;Atuba;-25,384;-49,197;2025-03-05 20:10:00.0;0,00
CURITIBA;410690208A;PR;Atuba;-25,384;-49,197;2025-03-05 21:10:00.0;0,00
CURITIBA;410690208A;PR;Atuba;-25,384;-49,197;2025-03-05 22:10:00.0;0,00
CURITIBA;410690208A;PR;Atuba;-25,384;-49,197;2025-03-05 23:10:00.0;0,00
CURITIBA;410690208A;PR;Atuba;-25,384;-49,197;2025-03-06 00:10:00.0;0,00
CURITIBA;410690208A;PR;Atuba;-25,384;-49,197;2025-03-06 01:10:00.0;0,00
CURITIBA;410690208A;PR;Atuba;-25,384;-49,197;2025-03-06 02:10:00.0;0,00
CURITIBA;410690208A;PR;Atuba;-25,384;-49,197;2025-03-06 03:10:00.0;0,00
CURITIBA;410690208A;PR;Atuba;-25,384;-49,197;2025-03-06 04:10:00.0;0,00
CURITIBA;410690208A;PR;Atuba;-25,384;-49,197;2025-03-06 05:10:00.0;0,00
CURITIBA;410690208A;PR;Atuba;-25,384;-49,197;2025-03-06 06:10:00.0;0,00
CURITIBA;410690208A;PR;Atuba;-25,384;-49,197;2025-03-06 07:10:00.0;0,00
CURITIBA;410690208A;PR;Atuba;-25,384;-49,197;2025-03-06 08:10:00.0;0,00
CURITIBA;410690208A;PR;Atuba;-25,384;-49,197;2025-03-06 09:10:00.0;0,00
CURITIBA;410690208A;PR;Atuba;-25,384;-49,197;2025-03-06 10:10:00.0;0,00
CURITIBA;410690208A;PR;Atuba;-25,384;-49,197;2025-03-06 11:10:00.0;0,00
CURITIBA;410690208A;PR;Atuba;-25,384;-49,197;2025-03-06 12:10:00.0;0,00
CURITIBA;410690208A;PR;Atuba;-25,384;-49,197;2025-03-06 13:10:00.0;0,00
CURITIBA;410690208A;PR;Atuba;-25,384;-49,197;2025-03-06 14:10:00.0;0,00
CURITIBA;410690208A;PR;Atuba;-25,384;-49,197;2025-03-06 15:10:00.0;0,00
CURITIBA;410690208A;PR;Atuba;-25,384;-49,197;2025-03-06 16:10:00.0;0,00
CURITIBA;410690208A;PR;Atuba;-25,384;-49,197;2025-03-06 17:10:00.0;0,00
CURITIBA;410690208A;PR;Atuba;-25,384;-49,197;2025-03-06 18:10:00.0;0,00
CURITIBA;410690208A;PR;Atuba;-25,384;-49,197;2025-03-06 19:10:00.0;0,00
CURITIBA;410690208A;PR;Atuba;-25,384;-49,197;2025-03-06 20:10:00.0;0,00
CURITIBA;410690208A;PR;Atuba;-25,384;-49,197;2025-03-06 21:10:00.0;0,00
CURITIBA;410690208A;PR;Atuba;-25,384;-49,197;2025-03-06 22:10:00.0;0,00
CURITIBA;410690208A;PR;Atuba;-25,384;-49,197;2025-03-06 23:10:00.0;0,00
CURITIBA;410690208A;PR;Atuba;-25,384;-49,197;2025-03-07 00:10:00.0;0,00
CURITIBA;410690208A;PR;Atuba;-25,384;-49,197;2025-03-07 01:10:00.0;0,00
CURITIBA;410690208A;PR;Atuba;-25,384;-49,197;2025-03-07 02:10:00.0;0,00
CURITIBA;410690208A;PR;Atuba;-25,384;-49,197;2025-03-07 03:10:00.0;0,00
CURITIBA;410690208A;PR;Atuba;-25,384;-49,197;2025-03-07 04:10:00.0;0,00
CURITIBA;410690208A;PR;Atuba;-25,384;-49,197;2025-03-07 05:10:00.0;0,00
CURITIBA;410690208A;PR;Atuba;-25,384;-49,197;2025-03-07 06:10:00.0;0,00
CURITIBA;410690208A;PR;Atuba;-25,384;-49,197;2025-03-07 07:10:00.0;0,00
CURITIBA;410690208A;PR;Atuba;-25,384;-49,197;2025-03-07 08:10:00.0;0,00
CURITIBA;410690208A;PR;Atuba;-25,384;-49,197;2025-03-07 09:10:00.0;0,00
CURITIBA;410690208A;PR;Atuba;-25,384;-49,197;2025-03-07 10:10:00.0;0,00
CURITIBA;410690208A;PR;Atuba;-25,384;-49,197;2025-03-07 11:10:00.0;0,00
CURITIBA;410690208A;PR;Atuba;-25,384;-49,197;2025-03-07 12:10:00.0;0,00
CURITIBA;410690208A;PR;Atuba;-25,384;-49,197;2025-03-07 13:10:00.0;0,00
CURITIBA;410690208A;PR;Atuba;-25,384;-49,197;2025-03-07 14:10:00.0;0,00
CURITIBA;410690208A;PR;Atuba;-25,384;-49,197;2025-03-07 15:10:00.0;0,00
CURITIBA;410690208A;PR;Atuba;-25,384;-49,197;2025-03-07 16:10:00.0;0,00
CURITIBA;410690208A;PR;Atuba;-25,384;-49,197;2025-03-07 17:10:00.0;0,00
CURITIBA;410690208A;PR;Atuba;-25,384;-49,197;2025-03-07 18:10:00.0;0,00
CURITIBA;410690208A;PR;Atuba;-25,384;-49,197;2025-03-07 19:10:00.0;0,00
CURITIBA;410690208A;PR;Atuba;-25,384;-49,197;2025-03-07 20:10:00.0;0,00
CURITIBA;410690208A;PR;Atuba;-25,384;-49,197;2025-03-07 21:10:00.0;0,00
CURITIBA;410690208A;PR;Atuba;-25,384;-49,197;2025-03-07 22:10:00.0;0,00
CURITIBA;410690208A;PR;Atuba;-25,384;-49,197;2025-03-07 23:10:00.0;0,00
CURITIBA;410690208A;PR;Atuba;-25,384;-49,197;2025-03-08 00:10:00.0;0,00
CURITIBA;410690208A;PR;Atuba;-25,384;-49,197;2025-03-08 01:10:00.0;0,00
CURITIBA;410690208A;PR;Atuba;-25,384;-49,197;2025-03-08 02:10:00.0;0,00
CURITIBA;410690208A;PR;Atuba;-25,384;-49,197;2025-03-08 03:10:00.0;0,00
CURITIBA;410690208A;PR;Atuba;-25,384;-49,197;2025-03-08 04:10:00.0;0,00
CURITIBA;410690208A;PR;Atuba;-25,384;-49,197;2025-03-08 05:10:00.0;0,00
CURITIBA;410690208A;PR;Atuba;-25,384;-49,197;2025-03-08 06:10:00.0;0,00
CURITIBA;410690208A;PR;Atuba;-25,384;-49,197;2025-03-08 07:10:00.0;0,00
CURITIBA;410690208A;PR;Atuba;-25,384;-49,197;2025-03-08 08:10:00.0;0,00
CURITIBA;410690208A;PR;Atuba;-25,384;-49,197;2025-03-08 09:10:00.0;0,00
CURITIBA;410690208A;PR;Atuba;-25,384;-49,197;2025-03-08 10:10:00.0;0,00
CURITIBA;410690208A;PR;Atuba;-25,384;-49,197;2025-03-08 11:10:00.0;0,00
CURITIBA;410690208A;PR;Atuba;-25,384;-49,197;2025-03-08 12:10:00.0;0,00
CURITIBA;410690208A;PR;Atuba;-25,384;-49,197;2025-03-08 13:10:00.0;0,00
CURITIBA;410690208A;PR;Atuba;-25,384;-49,197;2025-03-08 14:10:00.0;0,00
CURITIBA;410690208A;PR;Atuba;-25,384;-49,197;2025-03-08 15:10:00.0;0,00
CURITIBA;410690208A;PR;Atuba;-25,384;-49,197;2025-03-08 16:10:00.0;0,00
CURITIBA;410690208A;PR;Atuba;-25,384;-49,197;2025-03-08 17:10:00.0;0,00
CURITIBA;410690208A;PR;Atuba;-25,384;-49,197;2025-03-08 18:10:00.0;0,00
CURITIBA;410690208A;PR;Atuba;-25,384;-49,197;2025-03-08 19:10:00.0;0,00
CURITIBA;410690208A;PR;Atuba;-25,384;-49,197;2025-03-08 20:10:00.0;0,00
CURITIBA;410690208A;PR;Atuba;-25,384;-49,197;2025-03-08 21:10:00.0;0,00
CURITIBA;410690208A;PR;Atuba;-25,384;-49,197;2025-03-08 22:10:00.0;0,00
CURITIBA;410690208A;PR;Atuba;-25,384;-49,197;2025-03-08 23:10:00.0;0,00
CURITIBA;410690208A;PR;Atuba;-25,384;-49,197;2025-03-09 00:10:00.0;0,00
CURITIBA;410690208A;PR;Atuba;-25,384;-49,197;2025-03-09 01:10:00.0;0,00
CURITIBA;410690208A;PR;Atuba;-25,384;-49,197;2025-03-09 02:10:00.0;0,00
CURITIBA;410690208A;PR;Atuba;-25,384;-49,197;2025-03-09 03:10:00.0;0,00
CURITIBA;410690208A;PR;Atuba;-25,384;-49,197;2025-03-09 04:10:00.0;0,00
CURITIBA;410690208A;PR;Atuba;-25,384;-49,197;2025-03-09 05:10:00.0;0,00
CURITIBA;410690208A;PR;Atuba;-25,384;-49,197;2025-03-09 06:10:00.0;0,00
CURITIBA;410690208A;PR;Atuba;-25,384;-49,197;2025-03-09 07:10:00.0;0,00
CURITIBA;410690208A;PR;Atuba;-25,384;-49,197;2025-03-09 08:10:00.0;0,00
CURITIBA;410690208A;PR;Atuba;-25,384;-49,197;2025-03-09 09:10:00.0;0,00
CURITIBA;410690208A;PR;Atuba;-25,384;-49,197;2025-03-09 10:10:00.0;0,00
CURITIBA;410690208A;PR;Atuba;-25,384;-49,197;2025-03-09 11:10:00.0;0,00
CURITIBA;410690208A;PR;Atuba;-25,384;-49,197;2025-03-09 12:10:00.0;0,00
CURITIBA;410690208A;PR;Atuba;-25,384;-49,197;2025-03-09 13:10:00.0;0,00
CURITIBA;410690208A;PR;Atuba;-25,384;-49,197;2025-03-09 14:10:00.0;0,00
CURITIBA;410690208A;PR;Atuba;-25,384;-49,197;2025-03-09 15:10:00.0;0,00
CURITIBA;410690208A;PR;Atuba;-25,384;-49,197;2025-03-09 16:10:00.0;0,00
CURITIBA;410690208A;PR;Atuba;-25,384;-49,197;2025-03-09 17:10:00.0;0,00
CURITIBA;410690208A;PR;Atuba;-25,384;-49,197;2025-03-09 18:10:00.0;0,00
CURITIBA;410690208A;PR;Atuba;-25,384;-49,197;2025-03-09 19:10:00.0;0,00
CURITIBA;410690208A;PR;Atuba;-25,384;-49,197;2025-03-09 20:10:00.0;0,00
CURITIBA;410690208A;PR;Atuba;-25,384;-49,197;2025-03-09 20:30:00.0;0,20
CURITIBA;410690208A;PR;Atuba;-25,384;-49,197;2025-03-09 21:00:00.0;1,00
CURITIBA;410690208A;PR;Atuba;-25,384;-49,197;2025-03-09 21:10:00.0;6,20
CURITIBA;410690208A;PR;Atuba;-25,384;-49,197;2025-03-09 21:20:00.0;8,40
CURITIBA;410690208A;PR;Atuba;-25,384;-49,197;2025-03-09 21:40:00.0;0,20
CURITIBA;410690208A;PR;Atuba;-25,384;-49,197;2025-03-09 21:50:00.0;0,20
CURITIBA;410690208A;PR;Atuba;-25,384;-49,197;2025-03-09 22:10:00.0;0,00
CURITIBA;410690208A;PR;Atuba;-25,384;-49,197;2025-03-09 22:40:00.0;1,60
CURITIBA;410690208A;PR;Atuba;-25,384;-49,197;2025-03-09 22:50:00.0;1,40
CURITIBA;410690208A;PR;Atuba;-25,384;-49,197;2025-03-09 23:10:00.0;0,00
CURITIBA;410690208A;PR;Atuba;-25,384;-49,197;2025-03-09 23:50:00.0;0,60
CURITIBA;410690208A;PR;Atuba;-25,384;-49,197;2025-03-10 00:00:00.0;0,20
CURITIBA;410690208A;PR;Atuba;-25,384;-49,197;2025-03-10 00:10:00.0;0,20
CURITIBA;410690208A;PR;Atuba;-25,384;-49,197;2025-03-10 01:10:00.0;0,00
CURITIBA;410690208A;PR;Atuba;-25,384;-49,197;2025-03-10 02:10:00.0;0,00
CURITIBA;410690208A;PR;Atuba;-25,384;-49,197;2025-03-10 03:10:00.0;0,00
CURITIBA;410690208A;PR;Atuba;-25,384;-49,197;2025-03-10 04:10:00.0;0,00
CURITIBA;410690208A;PR;Atuba;-25,384;-49,197;2025-03-10 05:10:00.0;0,00
CURITIBA;410690208A;PR;Atuba;-25,384;-49,197;2025-03-10 06:10:00.0;0,00
CURITIBA;410690208A;PR;Atuba;-25,384;-49,197;2025-03-10 07:10:00.0;0,00
CURITIBA;410690208A;PR;Atuba;-25,384;-49,197;2025-03-10 08:10:00.0;0,00
CURITIBA;410690208A;PR;Atuba;-25,384;-49,197;2025-03-10 09:10:00.0;0,00
CURITIBA;410690208A;PR;Atuba;-25,384;-49,197;2025-03-10 10:10:00.0;0,00
CURITIBA;410690208A;PR;Atuba;-25,384;-49,197;2025-03-10 11:10:00.0;0,00
CURITIBA;410690208A;PR;Atuba;-25,384;-49,197;2025-03-10 12:10:00.0;0,00
CURITIBA;410690208A;PR;Atuba;-25,384;-49,197;2025-03-10 13:10:00.0;0,00
CURITIBA;410690208A;PR;Atuba;-25,384;-49,197;2025-03-10 14:10:00.0;0,00
CURITIBA;410690208A;PR;Atuba;-25,384;-49,197;2025-03-10 15:10:00.0;0,00
CURITIBA;410690208A;PR;Atuba;-25,384;-49,197;2025-03-10 16:10:00.0;0,00
CURITIBA;410690208A;PR;Atuba;-25,384;-49,197;2025-03-10 17:10:00.0;0,00
CURITIBA;410690208A;PR;Atuba;-25,384;-49,197;2025-03-10 18:10:00.0;0,00
CURITIBA;410690208A;PR;Atuba;-25,384;-49,197;2025-03-10 19:10:00.0;0,00
CURITIBA;410690208A;PR;Atuba;-25,384;-49,197;2025-03-10 20:10:00.0;0,20
CURITIBA;410690208A;PR;Atuba;-25,384;-49,197;2025-03-10 21:10:00.0;0,00
CURITIBA;410690208A;PR;Atuba;-25,384;-49,197;2025-03-10 22:10:00.0;0,00
CURITIBA;410690208A;PR;Atuba;-25,384;-49,197;2025-03-10 23:10:00.0;0,00
CURITIBA;410690208A;PR;Atuba;-25,384;-49,197;2025-03-11 00:10:00.0;0,00
CURITIBA;410690208A;PR;Atuba;-25,384;-49,197;2025-03-11 01:10:00.0;0,00
CURITIBA;410690208A;PR;Atuba;-25,384;-49,197;2025-03-11 02:10:00.0;0,00
CURITIBA;410690208A;PR;Atuba;-25,384;-49,197;2025-03-11 03:10:00.0;0,00
CURITIBA;410690208A;PR;Atuba;-25,384;-49,197;2025-03-11 04:10:00.0;0,00
CURITIBA;410690208A;PR;Atuba;-25,384;-49,197;2025-03-11 05:10:00.0;0,00
CURITIBA;410690208A;PR;Atuba;-25,384;-49,197;2025-03-11 06:10:00.0;0,00
CURITIBA;410690208A;PR;Atuba;-25,384;-49,197;2025-03-11 07:10:00.0;0,00
CURITIBA;410690208A;PR;Atuba;-25,384;-49,197;2025-03-11 08:10:00.0;0,00
CURITIBA;410690208A;PR;Atuba;-25,384;-49,197;2025-03-11 09:10:00.0;0,00
CURITIBA;410690208A;PR;Atuba;-25,384;-49,197;2025-03-11 10:10:00.0;0,00
CURITIBA;410690208A;PR;Atuba;-25,384;-49,197;2025-03-11 11:10:00.0;0,00
CURITIBA;410690208A;PR;Atuba;-25,384;-49,197;2025-03-11 12:10:00.0;0,00
CURITIBA;410690208A;PR;Atuba;-25,384;-49,197;2025-03-11 13:10:00.0;0,00
CURITIBA;410690208A;PR;Atuba;-25,384;-49,197;2025-03-11 14:10:00.0;0,00
CURITIBA;410690208A;PR;Atuba;-25,384;-49,197;2025-03-11 15:10:00.0;0,00
CURITIBA;410690208A;PR;Atuba;-25,384;-49,197;2025-03-11 17:10:00.0;0,00
CURITIBA;410690208A;PR;Atuba;-25,384;-49,197;2025-03-11 18:10:00.0;0,80
CURITIBA;410690208A;PR;Atuba;-25,384;-49,197;2025-03-11 18:20:00.0;0,80
CURITIBA;410690208A;PR;Atuba;-25,384;-49,197;2025-03-11 18:30:00.0;2,60
CURITIBA;410690208A;PR;Atuba;-25,384;-49,197;2025-03-11 18:40:00.0;2,80
CURITIBA;410690208A;PR;Atuba;-25,384;-49,197;2025-03-11 18:50:00.0;0,80
CURITIBA;410690208A;PR;Atuba;-25,384;-49,197;2025-03-11 19:10:00.0;0,00
CURITIBA;410690208A;PR;Atuba;-25,384;-49,197;2025-03-11 20:10:00.0;0,00
CURITIBA;410690208A;PR;Atuba;-25,384;-49,197;2025-03-11 21:00:00.0;0,20
CURITIBA;410690208A;PR;Atuba;-25,384;-49,197;2025-03-11 21:10:00.0;0,20
CURITIBA;410690208A;PR;Atuba;-25,384;-49,197;2025-03-11 21:20:00.0;0,60
CURITIBA;410690208A;PR;Atuba;-25,384;-49,197;2025-03-11 21:30:00.0;0,40
CURITIBA;410690208A;PR;Atuba;-25,384;-49,197;2025-03-11 21:40:00.0;0,40
CURITIBA;410690208A;PR;Atuba;-25,384;-49,197;2025-03-11 21:50:00.0;0,60
CURITIBA;410690208A;PR;Atuba;-25,384;-49,197;2025-03-11 22:00:00.0;1,00
CURITIBA;410690208A;PR;Atuba;-25,384;-49,197;2025-03-11 22:10:00.0;1,20
CURITIBA;410690208A;PR;Atuba;-25,384;-49,197;2025-03-11 22:20:00.0;0,80
CURITIBA;410690208A;PR;Atuba;-25,384;-49,197;2025-03-11 22:30:00.0;1,00
CURITIBA;410690208A;PR;Atuba;-25,384;-49,197;2025-03-11 22:40:00.0;1,60
CURITIBA;410690208A;PR;Atuba;-25,384;-49,197;2025-03-11 22:50:00.0;2,60
CURITIBA;410690208A;PR;Atuba;-25,384;-49,197;2025-03-11 23:00:00.0;1,60
CURITIBA;410690208A;PR;Atuba;-25,384;-49,197;2025-03-11 23:10:00.0;1,40
CURITIBA;410690208A;PR;Atuba;-25,384;-49,197;2025-03-11 23:20:00.0;1,00
CURITIBA;410690208A;PR;Atuba;-25,384;-49,197;2025-03-11 23:30:00.0;0,60
CURITIBA;410690208A;PR;Atuba;-25,384;-49,197;2025-03-11 23:40:00.0;0,20
CURITIBA;410690208A;PR;Atuba;-25,384;-49,197;2025-03-11 23:50:00.0;0,20
CURITIBA;410690208A;PR;Atuba;-25,384;-49,197;2025-03-12 00:10:00.0;0,20
CURITIBA;410690208A;PR;Atuba;-25,384;-49,197;2025-03-12 01:10:00.0;0,00
CURITIBA;410690208A;PR;Atuba;-25,384;-49,197;2025-03-12 01:40:00.0;0,20
CURITIBA;410690208A;PR;Atuba;-25,384;-49,197;2025-03-12 02:10:00.0;0,00
CURITIBA;410690208A;PR;Atuba;-25,384;-49,197;2025-03-12 03:10:00.0;0,00
CURITIBA;410690208A;PR;Atuba;-25,384;-49,197;2025-03-12 04:10:00.0;0,00
CURITIBA;410690208A;PR;Atuba;-25,384;-49,197;2025-03-12 05:10:00.0;0,00
CURITIBA;410690208A;PR;Atuba;-25,384;-49,197;2025-03-12 06:10:00.0;0,00
CURITIBA;410690208A;PR;Atuba;-25,384;-49,197;2025-03-12 07:10:00.0;0,00
CURITIBA;410690208A;PR;Atuba;-25,384;-49,197;2025-03-12 08:00:00.0;0,20
CURITIBA;410690208A;PR;Atuba;-25,384;-49,197;2025-03-12 08:10:00.0;0,00
CURITIBA;410690208A;PR;Atuba;-25,384;-49,197;2025-03-12 09:10:00.0;0,00
CURITIBA;410690208A;PR;Atuba;-25,384;-49,197;2025-03-12 10:10:00.0;0,00
CURITIBA;410690208A;PR;Atuba;-25,384;-49,197;2025-03-12 11:10:00.0;0,00
CURITIBA;410690208A;PR;Atuba;-25,384;-49,197;2025-03-12 12:10:00.0;0,00
CURITIBA;410690208A;PR;Atuba;-25,384;-49,197;2025-03-12 13:10:00.0;0,00
CURITIBA;410690208A;PR;Atuba;-25,384;-49,197;2025-03-12 14:10:00.0;0,00
CURITIBA;410690208A;PR;Atuba;-25,384;-49,197;2025-03-12 15:10:00.0;0,00
CURITIBA;410690208A;PR;Atuba;-25,384;-49,197;2025-03-12 15:50:00.0;0,20
CURITIBA;410690208A;PR;Atuba;-25,384;-49,197;2025-03-12 16:00:00.0;1,20
CURITIBA;410690208A;PR;Atuba;-25,384;-49,197;2025-03-12 16:10:00.0;0,20
CURITIBA;410690208A;PR;Atuba;-25,384;-49,197;2025-03-12 17:10:00.0;0,00
CURITIBA;410690208A;PR;Atuba;-25,384;-49,197;2025-03-12 18:10:00.0;0,00
CURITIBA;410690208A;PR;Atuba;-25,384;-49,197;2025-03-12 19:10:00.0;0,00
CURITIBA;410690208A;PR;Atuba;-25,384;-49,197;2025-03-12 20:10:00.0;0,00
CURITIBA;410690208A;PR;Atuba;-25,384;-49,197;2025-03-12 21:10:00.0;0,00
CURITIBA;410690208A;PR;Atuba;-25,384;-49,197;2025-03-12 21:20:00.0;0,20
CURITIBA;410690208A;PR;Atuba;-25,384;-49,197;2025-03-12 21:30:00.0;4,80
CURITIBA;410690208A;PR;Atuba;-25,384;-49,197;2025-03-12 21:40:00.0;3,20
CURITIBA;410690208A;PR;Atuba;-25,384;-49,197;2025-03-12 21:50:00.0;2,00
CURITIBA;410690208A;PR;Atuba;-25,384;-49,197;2025-03-12 22:00:00.0;2,60
CURITIBA;410690208A;PR;Atuba;-25,384;-49,197;2025-03-12 22:10:00.0;2,40
CURITIBA;410690208A;PR;Atuba;-25,384;-49,197;2025-03-12 22:20:00.0;0,60
CURITIBA;410690208A;PR;Atuba;-25,384;-49,197;2025-03-12 22:30:00.0;0,40
CURITIBA;410690208A;PR;Atuba;-25,384;-49,197;2025-03-12 22:40:00.0;0,80
CURITIBA;410690208A;PR;Atuba;-25,384;-49,197;2025-03-12 22:50:00.0;0,80
CURITIBA;410690208A;PR;Atuba;-25,384;-49,197;2025-03-12 23:00:00.0;0,40
CURITIBA;410690208A;PR;Atuba;-25,384;-49,197;2025-03-12 23:10:00.0;0,60
CURITIBA;410690208A;PR;Atuba;-25,384;-49,197;2025-03-12 23:20:00.0;0,40
CURITIBA;410690208A;PR;Atuba;-25,384;-49,197;2025-03-12 23:30:00.0;0,60
CURITIBA;410690208A;PR;Atuba;-25,384;-49,197;2025-03-12 23:40:00.0;0,60
CURITIBA;410690208A;PR;Atuba;-25,384;-49,197;2025-03-12 23:50:00.0;0,60
CURITIBA;410690208A;PR;Atuba;-25,384;-49,197;2025-03-13 00:10:00.0;0,20
CURITIBA;410690208A;PR;Atuba;-25,384;-49,197;2025-03-13 01:10:00.0;0,20
CURITIBA;410690208A;PR;Atuba;-25,384;-49,197;2025-03-13 02:10:00.0;0,00
CURITIBA;410690208A;PR;Atuba;-25,384;-49,197;2025-03-13 03:10:00.0;0,00
CURITIBA;410690208A;PR;Atuba;-25,384;-49,197;2025-03-13 03:30:00.0;0,20
CURITIBA;410690208A;PR;Atuba;-25,384;-49,197;2025-03-13 03:40:00.0;0,20
CURITIBA;410690208A;PR;Atuba;-25,384;-49,197;2025-03-13 04:10:00.0;0,00
CURITIBA;410690208A;PR;Atuba;-25,384;-49,197;2025-03-13 05:10:00.0;0,00
CURITIBA;410690208A;PR;Atuba;-25,384;-49,197;2025-03-13 05:30:00.0;0,20
CURITIBA;410690208A;PR;Atuba;-25,384;-49,197;2025-03-13 05:50:00.0;0,20
CURITIBA;410690208A;PR;Atuba;-25,384;-49,197;2025-03-13 06:10:00.0;0,00
CURITIBA;410690208A;PR;Atuba;-25,384;-49,197;2025-03-13 07:10:00.0;0,20
CURITIBA;410690208A;PR;Atuba;-25,384;-49,197;2025-03-13 07:40:00.0;0,20
CURITIBA;410690208A;PR;Atuba;-25,384;-49,197;2025-03-13 07:50:00.0;0,40
CURITIBA;410690208A;PR;Atuba;-25,384;-49,197;2025-03-13 08:00:00.0;0,20
CURITIBA;410690208A;PR;Atuba;-25,384;-49,197;2025-03-13 08:10:00.0;0,20
CURITIBA;410690208A;PR;Atuba;-25,384;-49,197;2025-03-13 08:20:00.0;0,20
CURITIBA;410690208A;PR;Atuba;-25,384;-49,197;2025-03-13 08:30:00.0;0,20
CURITIBA;410690208A;PR;Atuba;-25,384;-49,197;2025-03-13 08:50:00.0;0,20
CURITIBA;410690208A;PR;Atuba;-25,384;-49,197;2025-03-13 09:10:00.0;0,00
CURITIBA;410690208A;PR;Atuba;-25,384;-49,197;2025-03-13 10:10:00.0;0,00
CURITIBA;410690208A;PR;Atuba;-25,384;-49,197;2025-03-13 10:40:00.0;0,20
CURITIBA;410690208A;PR;Atuba;-25,384;-49,197;2025-03-13 11:10:00.0;0,00
CURITIBA;410690208A;PR;Atuba;-25,384;-49,197;2025-03-13 12:10:00.0;0,00
CURITIBA;410690208A;PR;Atuba;-25,384;-49,197;2025-03-13 13:10:00.0;0,00
CURITIBA;410690208A;PR;Atuba;-25,384;-49,197;2025-03-13 14:10:00.0;0,00
CURITIBA;410690208A;PR;Atuba;-25,384;-49,197;2025-03-13 15:10:00.0;0,00
CURITIBA;410690208A;PR;Atuba;-25,384;-49,197;2025-03-13 16:10:00.0;0,00
CURITIBA;410690208A;PR;Atuba;-25,384;-49,197;2025-03-13 17:10:00.0;0,00
CURITIBA;410690208A;PR;Atuba;-25,384;-49,197;2025-03-13 18:10:00.0;0,00
CURITIBA;410690208A;PR;Atuba;-25,384;-49,197;2025-03-13 19:10:00.0;0,00
CURITIBA;410690208A;PR;Atuba;-25,384;-49,197;2025-03-13 20:10:00.0;0,00
CURITIBA;410690208A;PR;Atuba;-25,384;-49,197;2025-03-13 20:30:00.0;0,20
CURITIBA;410690208A;PR;Atuba;-25,384;-49,197;2025-03-13 21:10:00.0;0,00
CURITIBA;410690208A;PR;Atuba;-25,384;-49,197;2025-03-13 22:10:00.0;0,00
CURITIBA;410690208A;PR;Atuba;-25,384;-49,197;2025-03-13 23:10:00.0;0,20
CURITIBA;410690208A;PR;Atuba;-25,384;-49,197;2025-03-13 23:20:00.0;1,60
CURITIBA;410690208A;PR;Atuba;-25,384;-49,197;2025-03-13 23:30:00.0;0,40
CURITIBA;410690208A;PR;Atuba;-25,384;-49,197;2025-03-13 23:50:00.0;0,40
CURITIBA;410690208A;PR;Atuba;-25,384;-49,197;2025-03-14 00:10:00.0;0,00
CURITIBA;410690208A;PR;Atuba;-25,384;-49,197;2025-03-14 01:10:00.0;0,00
CURITIBA;410690208A;PR;Atuba;-25,384;-49,197;2025-03-14 01:30:00.0;3,60
CURITIBA;410690208A;PR;Atuba;-25,384;-49,197;2025-03-14 01:40:00.0;0,80
CURITIBA;410690208A;PR;Atuba;-25,384;-49,197;2025-03-14 01:50:00.0;0,40
CURITIBA;410690208A;PR;Atuba;-25,384;-49,197;2025-03-14 02:00:00.0;0,20
CURITIBA;410690208A;PR;Atuba;-25,384;-49,197;2025-03-14 02:10:00.0;0,00
CURITIBA;410690208A;PR;Atuba;-25,384;-49,197;2025-03-14 03:10:00.0;0,00
CURITIBA;410690208A;PR;Atuba;-25,384;-49,197;2025-03-14 04:10:00.0;0,00
CURITIBA;410690208A;PR;Atuba;-25,384;-49,197;2025-03-14 05:10:00.0;0,00
CURITIBA;410690208A;PR;Atuba;-25,384;-49,197;2025-03-14 06:10:00.0;0,00
CURITIBA;410690208A;PR;Atuba;-25,384;-49,197;2025-03-14 07:10:00.0;0,00
CURITIBA;410690208A;PR;Atuba;-25,384;-49,197;2025-03-14 08:10:00.0;0,00
CURITIBA;410690208A;PR;Atuba;-25,384;-49,197;2025-03-14 09:10:00.0;0,00
CURITIBA;410690208A;PR;Atuba;-25,384;-49,197;2025-03-14 09:30:00.0;0,20
CURITIBA;410690208A;PR;Atuba;-25,384;-49,197;2025-03-14 10:10:00.0;0,00
CURITIBA;410690208A;PR;Atuba;-25,384;-49,197;2025-03-14 11:10:00.0;0,00
CURITIBA;410690208A;PR;Atuba;-25,384;-49,197;2025-03-14 12:10:00.0;0,00
CURITIBA;410690208A;PR;Atuba;-25,384;-49,197;2025-03-14 13:10:00.0;0,00
CURITIBA;410690208A;PR;Atuba;-25,384;-49,197;2025-03-14 14:10:00.0;0,00
CURITIBA;410690208A;PR;Atuba;-25,384;-49,197;2025-03-14 15:10:00.0;0,00
CURITIBA;410690208A;PR;Atuba;-25,384;-49,197;2025-03-14 16:10:00.0;0,00
CURITIBA;410690208A;PR;Atuba;-25,384;-49,197;2025-03-14 17:10:00.0;0,00
CURITIBA;410690208A;PR;Atuba;-25,384;-49,197;2025-03-14 18:10:00.0;0,00
CURITIBA;410690208A;PR;Atuba;-25,384;-49,197;2025-03-14 19:10:00.0;0,00
CURITIBA;410690208A;PR;Atuba;-25,384;-49,197;2025-03-14 20:10:00.0;0,00
CURITIBA;410690208A;PR;Atuba;-25,384;-49,197;2025-03-14 21:10:00.0;0,00
CURITIBA;410690208A;PR;Atuba;-25,384;-49,197;2025-03-14 22:10:00.0;0,00
CURITIBA;410690208A;PR;Atuba;-25,384;-49,197;2025-03-14 23:10:00.0;0,00
CURITIBA;410690208A;PR;Atuba;-25,384;-49,197;2025-03-15 00:10:00.0;0,00
CURITIBA;410690208A;PR;Atuba;-25,384;-49,197;2025-03-15 01:10:00.0;0,00
CURITIBA;410690208A;PR;Atuba;-25,384;-49,197;2025-03-15 02:10:00.0;0,00
CURITIBA;410690208A;PR;Atuba;-25,384;-49,197;2025-03-15 03:10:00.0;0,00
CURITIBA;410690208A;PR;Atuba;-25,384;-49,197;2025-03-15 04:10:00.0;0,00
CURITIBA;410690208A;PR;Atuba;-25,384;-49,197;2025-03-15 05:10:00.0;0,00
CURITIBA;410690208A;PR;Atuba;-25,384;-49,197;2025-03-15 06:10:00.0;0,00
CURITIBA;410690208A;PR;Atuba;-25,384;-49,197;2025-03-15 07:10:00.0;0,00
CURITIBA;410690208A;PR;Atuba;-25,384;-49,197;2025-03-15 08:10:00.0;0,00
CURITIBA;410690208A;PR;Atuba;-25,384;-49,197;2025-03-15 09:10:00.0;0,00
CURITIBA;410690208A;PR;Atuba;-25,384;-49,197;2025-03-15 10:10:00.0;0,00
CURITIBA;410690208A;PR;Atuba;-25,384;-49,197;2025-03-15 11:10:00.0;0,00
CURITIBA;410690208A;PR;Atuba;-25,384;-49,197;2025-03-15 12:10:00.0;0,00
CURITIBA;410690208A;PR;Atuba;-25,384;-49,197;2025-03-15 13:10:00.0;0,00
CURITIBA;410690208A;PR;Atuba;-25,384;-49,197;2025-03-15 14:10:00.0;0,00
CURITIBA;410690208A;PR;Atuba;-25,384;-49,197;2025-03-15 15:10:00.0;0,00
CURITIBA;410690208A;PR;Atuba;-25,384;-49,197;2025-03-15 16:10:00.0;0,00
CURITIBA;410690208A;PR;Atuba;-25,384;-49,197;2025-03-15 17:10:00.0;0,00
CURITIBA;410690208A;PR;Atuba;-25,384;-49,197;2025-03-15 18:10:00.0;0,00
CURITIBA;410690208A;PR;Atuba;-25,384;-49,197;2025-03-15 19:10:00.0;0,80
CURITIBA;410690208A;PR;Atuba;-25,384;-49,197;2025-03-15 19:20:00.0;0,20
CURITIBA;410690208A;PR;Atuba;-25,384;-49,197;2025-03-15 19:30:00.0;0,20
CURITIBA;410690208A;PR;Atuba;-25,384;-49,197;2025-03-15 19:40:00.0;2,00
CURITIBA;410690208A;PR;Atuba;-25,384;-49,197;2025-03-15 19:50:00.0;0,60
CURITIBA;410690208A;PR;Atuba;-25,384;-49,197;2025-03-15 20:00:00.0;1,40
CURITIBA;410690208A;PR;Atuba;-25,384;-49,197;2025-03-15 20:10:00.0;0,60
CURITIBA;410690208A;PR;Atuba;-25,384;-49,197;2025-03-15 20:20:00.0;0,40
CURITIBA;410690208A;PR;Atuba;-25,384;-49,197;2025-03-15 20:30:00.0;0,20
CURITIBA;410690208A;PR;Atuba;-25,384;-49,197;2025-03-15 20:40:00.0;0,20
CURITIBA;410690208A;PR;Atuba;-25,384;-49,197;2025-03-15 21:10:00.0;0,00
CURITIBA;410690208A;PR;Atuba;-25,384;-49,197;2025-03-15 22:10:00.0;0,00
CURITIBA;410690208A;PR;Atuba;-25,384;-49,197;2025-03-15 23:10:00.0;0,00
CURITIBA;410690208A;PR;Atuba;-25,384;-49,197;2025-03-16 00:10:00.0;0,00
CURITIBA;410690208A;PR;Atuba;-25,384;-49,197;2025-03-16 01:10:00.0;0,00
CURITIBA;410690208A;PR;Atuba;-25,384;-49,197;2025-03-16 02:10:00.0;0,00
CURITIBA;410690208A;PR;Atuba;-25,384;-49,197;2025-03-16 03:10:00.0;0,00
CURITIBA;410690208A;PR;Atuba;-25,384;-49,197;2025-03-16 04:10:00.0;0,00
CURITIBA;410690208A;PR;Atuba;-25,384;-49,197;2025-03-16 05:10:00.0;0,00
CURITIBA;410690208A;PR;Atuba;-25,384;-49,197;2025-03-16 06:10:00.0;0,00
CURITIBA;410690208A;PR;Atuba;-25,384;-49,197;2025-03-16 07:10:00.0;0,00
CURITIBA;410690208A;PR;Atuba;-25,384;-49,197;2025-03-16 08:10:00.0;0,00
CURITIBA;410690208A;PR;Atuba;-25,384;-49,197;2025-03-16 09:10:00.0;0,00
CURITIBA;410690208A;PR;Atuba;-25,384;-49,197;2025-03-16 10:10:00.0;0,00
CURITIBA;410690208A;PR;Atuba;-25,384;-49,197;2025-03-16 11:10:00.0;0,00
CURITIBA;410690208A;PR;Atuba;-25,384;-49,197;2025-03-16 12:10:00.0;0,00
CURITIBA;410690208A;PR;Atuba;-25,384;-49,197;2025-03-16 13:10:00.0;0,00
CURITIBA;410690208A;PR;Atuba;-25,384;-49,197;2025-03-16 14:10:00.0;0,00
CURITIBA;410690208A;PR;Atuba;-25,384;-49,197;2025-03-16 15:10:00.0;0,00
CURITIBA;410690208A;PR;Atuba;-25,384;-49,197;2025-03-16 16:10:00.0;0,00
CURITIBA;410690208A;PR;Atuba;-25,384;-49,197;2025-03-16 17:10:00.0;0,00
CURITIBA;410690208A;PR;Atuba;-25,384;-49,197;2025-03-16 18:10:00.0;0,00
CURITIBA;410690208A;PR;Atuba;-25,384;-49,197;2025-03-16 19:10:00.0;0,00
CURITIBA;410690208A;PR;Atuba;-25,384;-49,197;2025-03-16 20:10:00.0;0,00
CURITIBA;410690208A;PR;Atuba;-25,384;-49,197;2025-03-16 21:10:00.0;0,00
CURITIBA;410690208A;PR;Atuba;-25,384;-49,197;2025-03-16 22:10:00.0;0,00
CURITIBA;410690208A;PR;Atuba;-25,384;-49,197;2025-03-16 23:10:00.0;0,00
CURITIBA;410690208A;PR;Atuba;-25,384;-49,197;2025-03-17 00:10:00.0;0,00
CURITIBA;410690208A;PR;Atuba;-25,384;-49,197;2025-03-17 01:10:00.0;0,00
CURITIBA;410690208A;PR;Atuba;-25,384;-49,197;2025-03-17 02:10:00.0;0,00
CURITIBA;410690208A;PR;Atuba;-25,384;-49,197;2025-03-17 03:10:00.0;0,00
CURITIBA;410690208A;PR;Atuba;-25,384;-49,197;2025-03-17 04:10:00.0;0,00
CURITIBA;410690208A;PR;Atuba;-25,384;-49,197;2025-03-17 05:10:00.0;0,00
CURITIBA;410690208A;PR;Atuba;-25,384;-49,197;2025-03-17 06:10:00.0;0,00
CURITIBA;410690208A;PR;Atuba;-25,384;-49,197;2025-03-17 07:10:00.0;0,00
CURITIBA;410690208A;PR;Atuba;-25,384;-49,197;2025-03-17 08:10:00.0;0,00
CURITIBA;410690208A;PR;Atuba;-25,384;-49,197;2025-03-17 09:10:00.0;0,00
CURITIBA;410690208A;PR;Atuba;-25,384;-49,197;2025-03-17 10:10:00.0;0,00
CURITIBA;410690208A;PR;Atuba;-25,384;-49,197;2025-03-17 11:10:00.0;0,00
CURITIBA;410690208A;PR;Atuba;-25,384;-49,197;2025-03-17 12:10:00.0;0,00
CURITIBA;410690208A;PR;Atuba;-25,384;-49,197;2025-03-17 13:10:00.0;0,00
CURITIBA;410690208A;PR;Atuba;-25,384;-49,197;2025-03-17 14:10:00.0;0,00
CURITIBA;410690208A;PR;Atuba;-25,384;-49,197;2025-03-17 15:10:00.0;0,00
CURITIBA;410690208A;PR;Atuba;-25,384;-49,197;2025-03-17 16:10:00.0;0,00
CURITIBA;410690208A;PR;Atuba;-25,384;-49,197;2025-03-17 17:10:00.0;0,00
CURITIBA;410690208A;PR;Atuba;-25,384;-49,197;2025-03-17 18:10:00.0;0,00
CURITIBA;410690208A;PR;Atuba;-25,384;-49,197;2025-03-17 19:10:00.0;0,00
CURITIBA;410690208A;PR;Atuba;-25,384;-49,197;2025-03-17 20:10:00.0;0,00
CURITIBA;410690208A;PR;Atuba;-25,384;-49,197;2025-03-17 21:10:00.0;0,00
CURITIBA;410690208A;PR;Atuba;-25,384;-49,197;2025-03-17 22:10:00.0;0,00
CURITIBA;410690208A;PR;Atuba;-25,384;-49,197;2025-03-17 23:10:00.0;0,00
CURITIBA;410690208A;PR;Atuba;-25,384;-49,197;2025-03-18 00:10:00.0;0,00
CURITIBA;410690208A;PR;Atuba;-25,384;-49,197;2025-03-18 01:10:00.0;0,00
CURITIBA;410690208A;PR;Atuba;-25,384;-49,197;2025-03-18 02:10:00.0;0,00
CURITIBA;410690208A;PR;Atuba;-25,384;-49,197;2025-03-18 03:10:00.0;0,00
CURITIBA;410690208A;PR;Atuba;-25,384;-49,197;2025-03-18 04:10:00.0;0,00
CURITIBA;410690208A;PR;Atuba;-25,384;-49,197;2025-03-18 05:10:00.0;0,00
CURITIBA;410690208A;PR;Atuba;-25,384;-49,197;2025-03-18 06:10:00.0;0,00
CURITIBA;410690208A;PR;Atuba;-25,384;-49,197;2025-03-18 07:10:00.0;0,00
CURITIBA;410690208A;PR;Atuba;-25,384;-49,197;2025-03-18 08:10:00.0;0,00
CURITIBA;410690208A;PR;Atuba;-25,384;-49,197;2025-03-18 09:10:00.0;0,00
CURITIBA;410690208A;PR;Atuba;-25,384;-49,197;2025-03-18 10:10:00.0;0,00
CURITIBA;410690208A;PR;Atuba;-25,384;-49,197;2025-03-18 11:10:00.0;0,00
CURITIBA;410690208A;PR;Atuba;-25,384;-49,197;2025-03-18 12:10:00.0;0,00
CURITIBA;410690208A;PR;Atuba;-25,384;-49,197;2025-03-18 13:10:00.0;0,00
CURITIBA;410690208A;PR;Atuba;-25,384;-49,197;2025-03-18 14:10:00.0;0,00
CURITIBA;410690208A;PR;Atuba;-25,384;-49,197;2025-03-18 15:10:00.0;0,00
CURITIBA;410690208A;PR;Atuba;-25,384;-49,197;2025-03-18 16:10:00.0;0,00
CURITIBA;410690208A;PR;Atuba;-25,384;-49,197;2025-03-18 17:10:00.0;0,00
CURITIBA;410690208A;PR;Atuba;-25,384;-49,197;2025-03-18 18:10:00.0;0,00
CURITIBA;410690208A;PR;Atuba;-25,384;-49,197;2025-03-18 19:10:00.0;0,00
CURITIBA;410690208A;PR;Atuba;-25,384;-49,197;2025-03-18 19:40:00.0;0,40
CURITIBA;410690208A;PR;Atuba;-25,384;-49,197;2025-03-18 20:10:00.0;0,00
CURITIBA;410690208A;PR;Atuba;-25,384;-49,197;2025-03-18 21:10:00.0;0,00
CURITIBA;410690208A;PR;Atuba;-25,384;-49,197;2025-03-18 22:10:00.0;0,00
CURITIBA;410690208A;PR;Atuba;-25,384;-49,197;2025-03-18 23:10:00.0;0,00
CURITIBA;410690208A;PR;Atuba;-25,384;-49,197;2025-03-19 00:10:00.0;0,00
CURITIBA;410690208A;PR;Atuba;-25,384;-49,197;2025-03-19 01:10:00.0;0,00
CURITIBA;410690208A;PR;Atuba;-25,384;-49,197;2025-03-19 02:10:00.0;0,00
CURITIBA;410690208A;PR;Atuba;-25,384;-49,197;2025-03-19 03:10:00.0;0,00
CURITIBA;410690208A;PR;Atuba;-25,384;-49,197;2025-03-19 04:10:00.0;0,00
CURITIBA;410690208A;PR;Atuba;-25,384;-49,197;2025-03-19 05:10:00.0;0,00
CURITIBA;410690208A;PR;Atuba;-25,384;-49,197;2025-03-19 06:10:00.0;0,00
CURITIBA;410690208A;PR;Atuba;-25,384;-49,197;2025-03-19 07:10:00.0;0,00
CURITIBA;410690208A;PR;Atuba;-25,384;-49,197;2025-03-19 08:10:00.0;0,00
CURITIBA;410690208A;PR;Atuba;-25,384;-49,197;2025-03-19 09:10:00.0;0,00
CURITIBA;410690208A;PR;Atuba;-25,384;-49,197;2025-03-19 10:10:00.0;0,00
CURITIBA;410690208A;PR;Atuba;-25,384;-49,197;2025-03-19 11:10:00.0;0,00
CURITIBA;410690208A;PR;Atuba;-25,384;-49,197;2025-03-19 12:10:00.0;0,00
CURITIBA;410690208A;PR;Atuba;-25,384;-49,197;2025-03-19 13:10:00.0;0,00
CURITIBA;410690208A;PR;Atuba;-25,384;-49,197;2025-03-19 14:10:00.0;0,00
CURITIBA;410690208A;PR;Atuba;-25,384;-49,197;2025-03-19 15:10:00.0;0,00
CURITIBA;410690208A;PR;Atuba;-25,384;-49,197;2025-03-19 16:10:00.0;0,00
CURITIBA;410690208A;PR;Atuba;-25,384;-49,197;2025-03-19 17:10:00.0;0,00
CURITIBA;410690208A;PR;Atuba;-25,384;-49,197;2025-03-19 18:10:00.0;0,00
CURITIBA;410690208A;PR;Atuba;-25,384;-49,197;2025-03-19 19:10:00.0;0,00
CURITIBA;410690208A;PR;Atuba;-25,384;-49,197;2025-03-19 20:10:00.0;0,00
CURITIBA;410690208A;PR;Atuba;-25,384;-49,197;2025-03-19 21:10:00.0;0,00
CURITIBA;410690208A;PR;Atuba;-25,384;-49,197;2025-03-19 23:10:00.0;0,00
CURITIBA;410690208A;PR;Atuba;-25,384;-49,197;2025-03-20 00:10:00.0;0,00
CURITIBA;410690208A;PR;Atuba;-25,384;-49,197;2025-03-20 01:10:00.0;0,00
CURITIBA;410690208A;PR;Atuba;-25,384;-49,197;2025-03-20 02:10:00.0;0,00
CURITIBA;410690208A;PR;Atuba;-25,384;-49,197;2025-03-20 03:10:00.0;0,00
CURITIBA;410690208A;PR;Atuba;-25,384;-49,197;2025-03-20 04:10:00.0;0,00
CURITIBA;410690208A;PR;Atuba;-25,384;-49,197;2025-03-20 05:10:00.0;0,00
CURITIBA;410690208A;PR;Atuba;-25,384;-49,197;2025-03-20 06:10:00.0;0,00
CURITIBA;410690208A;PR;Atuba;-25,384;-49,197;2025-03-20 07:10:00.0;0,00
CURITIBA;410690208A;PR;Atuba;-25,384;-49,197;2025-03-20 08:10:00.0;0,00
CURITIBA;410690208A;PR;Atuba;-25,384;-49,197;2025-03-20 09:10:00.0;0,00
CURITIBA;410690208A;PR;Atuba;-25,384;-49,197;2025-03-20 10:10:00.0;0,00
CURITIBA;410690208A;PR;Atuba;-25,384;-49,197;2025-03-20 11:10:00.0;0,00
CURITIBA;410690208A;PR;Atuba;-25,384;-49,197;2025-03-20 12:10:00.0;0,00
CURITIBA;410690208A;PR;Atuba;-25,384;-49,197;2025-03-20 13:10:00.0;0,00
CURITIBA;410690208A;PR;Atuba;-25,384;-49,197;2025-03-20 14:10:00.0;0,00
CURITIBA;410690208A;PR;Atuba;-25,384;-49,197;2025-03-20 15:10:00.0;0,00
CURITIBA;410690208A;PR;Atuba;-25,384;-49,197;2025-03-20 16:10:00.0;0,00
CURITIBA;410690208A;PR;Atuba;-25,384;-49,197;2025-03-20 17:10:00.0;0,00
CURITIBA;410690208A;PR;Atuba;-25,384;-49,197;2025-03-20 18:10:00.0;0,00
CURITIBA;410690208A;PR;Atuba;-25,384;-49,197;2025-03-20 19:10:00.0;0,00
CURITIBA;410690208A;PR;Atuba;-25,384;-49,197;2025-03-20 20:10:00.0;0,00
CURITIBA;410690208A;PR;Atuba;-25,384;-49,197;2025-03-20 21:10:00.0;0,00
CURITIBA;410690208A;PR;Atuba;-25,384;-49,197;2025-03-20 22:10:00.0;0,00
CURITIBA;410690208A;PR;Atuba;-25,384;-49,197;2025-03-20 23:10:00.0;0,00
CURITIBA;410690208A;PR;Atuba;-25,384;-49,197;2025-03-21 00:10:00.0;0,00
CURITIBA;410690208A;PR;Atuba;-25,384;-49,197;2025-03-21 01:10:00.0;0,00
CURITIBA;410690208A;PR;Atuba;-25,384;-49,197;2025-03-21 02:10:00.0;0,00
CURITIBA;410690208A;PR;Atuba;-25,384;-49,197;2025-03-21 03:10:00.0;0,00
CURITIBA;410690208A;PR;Atuba;-25,384;-49,197;2025-03-21 04:10:00.0;0,00
CURITIBA;410690208A;PR;Atuba;-25,384;-49,197;2025-03-21 05:10:00.0;0,00
CURITIBA;410690208A;PR;Atuba;-25,384;-49,197;2025-03-21 06:10:00.0;0,00
CURITIBA;410690208A;PR;Atuba;-25,384;-49,197;2025-03-21 07:10:00.0;0,00
CURITIBA;410690208A;PR;Atuba;-25,384;-49,197;2025-03-21 08:10:00.0;0,00
CURITIBA;410690208A;PR;Atuba;-25,384;-49,197;2025-03-21 09:10:00.0;0,00
CURITIBA;410690208A;PR;Atuba;-25,384;-49,197;2025-03-21 10:10:00.0;0,00
CURITIBA;410690208A;PR;Atuba;-25,384;-49,197;2025-03-21 11:10:00.0;0,00
CURITIBA;410690208A;PR;Atuba;-25,384;-49,197;2025-03-21 12:10:00.0;0,00
CURITIBA;410690208A;PR;Atuba;-25,384;-49,197;2025-03-21 13:10:00.0;0,00
CURITIBA;410690208A;PR;Atuba;-25,384;-49,197;2025-03-21 14:10:00.0;0,00
CURITIBA;410690208A;PR;Atuba;-25,384;-49,197;2025-03-21 15:10:00.0;0,00
CURITIBA;410690208A;PR;Atuba;-25,384;-49,197;2025-03-21 16:10:00.0;0,00
CURITIBA;410690208A;PR;Atuba;-25,384;-49,197;2025-03-21 17:10:00.0;0,00
CURITIBA;410690208A;PR;Atuba;-25,384;-49,197;2025-03-21 18:10:00.0;0,00
CURITIBA;410690208A;PR;Atuba;-25,384;-49,197;2025-03-21 19:10:00.0;0,00
CURITIBA;410690208A;PR;Atuba;-25,384;-49,197;2025-03-21 20:10:00.0;0,00
CURITIBA;410690208A;PR;Atuba;-25,384;-49,197;2025-03-21 21:10:00.0;0,00
CURITIBA;410690208A;PR;Atuba;-25,384;-49,197;2025-03-21 22:10:00.0;0,00
CURITIBA;410690208A;PR;Atuba;-25,384;-49,197;2025-03-21 23:10:00.0;0,00
CURITIBA;410690208A;PR;Atuba;-25,384;-49,197;2025-03-22 00:10:00.0;0,00
CURITIBA;410690208A;PR;Atuba;-25,384;-49,197;2025-03-22 01:10:00.0;0,00
CURITIBA;410690208A;PR;Atuba;-25,384;-49,197;2025-03-22 02:10:00.0;0,00
CURITIBA;410690208A;PR;Atuba;-25,384;-49,197;2025-03-22 03:10:00.0;0,00
CURITIBA;410690208A;PR;Atuba;-25,384;-49,197;2025-03-22 04:10:00.0;0,00
CURITIBA;410690208A;PR;Atuba;-25,384;-49,197;2025-03-22 05:10:00.0;0,00
CURITIBA;410690208A;PR;Atuba;-25,384;-49,197;2025-03-22 06:10:00.0;0,00
CURITIBA;410690208A;PR;Atuba;-25,384;-49,197;2025-03-22 07:10:00.0;0,00
CURITIBA;410690208A;PR;Atuba;-25,384;-49,197;2025-03-22 08:10:00.0;0,00
CURITIBA;410690208A;PR;Atuba;-25,384;-49,197;2025-03-22 09:10:00.0;0,00
CURITIBA;410690208A;PR;Atuba;-25,384;-49,197;2025-03-22 10:10:00.0;0,00
CURITIBA;410690208A;PR;Atuba;-25,384;-49,197;2025-03-22 11:10:00.0;0,00
CURITIBA;410690208A;PR;Atuba;-25,384;-49,197;2025-03-22 12:10:00.0;0,00
CURITIBA;410690208A;PR;Atuba;-25,384;-49,197;2025-03-22 13:10:00.0;0,00
CURITIBA;410690208A;PR;Atuba;-25,384;-49,197;2025-03-22 14:10:00.0;0,00
CURITIBA;410690208A;PR;Atuba;-25,384;-49,197;2025-03-22 15:10:00.0;0,00
CURITIBA;410690208A;PR;Atuba;-25,384;-49,197;2025-03-22 16:10:00.0;0,00
CURITIBA;410690208A;PR;Atuba;-25,384;-49,197;2025-03-22 17:10:00.0;0,00
CURITIBA;410690208A;PR;Atuba;-25,384;-49,197;2025-03-22 18:10:00.0;0,00
CURITIBA;410690208A;PR;Atuba;-25,384;-49,197;2025-03-22 19:10:00.0;0,00
CURITIBA;410690208A;PR;Atuba;-25,384;-49,197;2025-03-22 20:10:00.0;0,00
CURITIBA;410690208A;PR;Atuba;-25,384;-49,197;2025-03-22 21:10:00.0;0,00
CURITIBA;410690208A;PR;Atuba;-25,384;-49,197;2025-03-22 22:10:00.0;0,00
CURITIBA;410690208A;PR;Atuba;-25,384;-49,197;2025-03-22 23:10:00.0;0,00
CURITIBA;410690208A;PR;Atuba;-25,384;-49,197;2025-03-23 00:10:00.0;0,00
CURITIBA;410690208A;PR;Atuba;-25,384;-49,197;2025-03-23 01:10:00.0;0,00
CURITIBA;410690208A;PR;Atuba;-25,384;-49,197;2025-03-23 02:10:00.0;0,00
CURITIBA;410690208A;PR;Atuba;-25,384;-49,197;2025-03-23 03:10:00.0;0,00
CURITIBA;410690208A;PR;Atuba;-25,384;-49,197;2025-03-23 04:10:00.0;0,00
CURITIBA;410690208A;PR;Atuba;-25,384;-49,197;2025-03-23 05:10:00.0;0,00
CURITIBA;410690208A;PR;Atuba;-25,384;-49,197;2025-03-23 06:10:00.0;0,00
CURITIBA;410690208A;PR;Atuba;-25,384;-49,197;2025-03-23 07:10:00.0;0,00
CURITIBA;410690208A;PR;Atuba;-25,384;-49,197;2025-03-23 08:10:00.0;0,00
CURITIBA;410690208A;PR;Atuba;-25,384;-49,197;2025-03-23 09:10:00.0;0,00
CURITIBA;410690208A;PR;Atuba;-25,384;-49,197;2025-03-23 10:10:00.0;0,00
CURITIBA;410690208A;PR;Atuba;-25,384;-49,197;2025-03-23 11:10:00.0;0,00
CURITIBA;410690208A;PR;Atuba;-25,384;-49,197;2025-03-23 12:10:00.0;0,00
CURITIBA;410690208A;PR;Atuba;-25,384;-49,197;2025-03-23 13:10:00.0;0,00
CURITIBA;410690208A;PR;Atuba;-25,384;-49,197;2025-03-23 14:10:00.0;0,00
CURITIBA;410690208A;PR;Atuba;-25,384;-49,197;2025-03-23 15:10:00.0;0,00
CURITIBA;410690208A;PR;Atuba;-25,384;-49,197;2025-03-23 16:10:00.0;0,00
CURITIBA;410690208A;PR;Atuba;-25,384;-49,197;2025-03-23 17:10:00.0;0,00
CURITIBA;410690208A;PR;Atuba;-25,384;-49,197;2025-03-23 18:10:00.0;0,00
CURITIBA;410690208A;PR;Atuba;-25,384;-49,197;2025-03-23 19:10:00.0;0,00
CURITIBA;410690208A;PR;Atuba;-25,384;-49,197;2025-03-23 20:10:00.0;0,00
CURITIBA;410690208A;PR;Atuba;-25,384;-49,197;2025-03-23 21:10:00.0;0,00
CURITIBA;410690208A;PR;Atuba;-25,384;-49,197;2025-03-23 22:10:00.0;0,00
CURITIBA;410690208A;PR;Atuba;-25,384;-49,197;2025-03-23 23:10:00.0;0,00
CURITIBA;410690208A;PR;Atuba;-25,384;-49,197;2025-03-24 00:10:00.0;0,00
CURITIBA;410690208A;PR;Atuba;-25,384;-49,197;2025-03-24 01:10:00.0;0,00
CURITIBA;410690208A;PR;Atuba;-25,384;-49,197;2025-03-24 02:10:00.0;0,00
CURITIBA;410690208A;PR;Atuba;-25,384;-49,197;2025-03-24 03:10:00.0;0,00
CURITIBA;410690208A;PR;Atuba;-25,384;-49,197;2025-03-24 04:10:00.0;0,00
CURITIBA;410690208A;PR;Atuba;-25,384;-49,197;2025-03-24 05:10:00.0;0,00
CURITIBA;410690208A;PR;Atuba;-25,384;-49,197;2025-03-24 06:10:00.0;0,00
CURITIBA;410690208A;PR;Atuba;-25,384;-49,197;2025-03-24 07:10:00.0;0,00
CURITIBA;410690208A;PR;Atuba;-25,384;-49,197;2025-03-24 08:10:00.0;0,00
CURITIBA;410690208A;PR;Atuba;-25,384;-49,197;2025-03-24 09:10:00.0;0,00
CURITIBA;410690208A;PR;Atuba;-25,384;-49,197;2025-03-24 10:10:00.0;0,00
CURITIBA;410690208A;PR;Atuba;-25,384;-49,197;2025-03-24 11:10:00.0;0,00
CURITIBA;410690208A;PR;Atuba;-25,384;-49,197;2025-03-24 12:10:00.0;0,00
CURITIBA;410690208A;PR;Atuba;-25,384;-49,197;2025-03-24 13:10:00.0;0,00
CURITIBA;410690208A;PR;Atuba;-25,384;-49,197;2025-03-24 14:10:00.0;0,00
CURITIBA;410690208A;PR;Atuba;-25,384;-49,197;2025-03-24 16:10:00.0;0,00
CURITIBA;410690208A;PR;Atuba;-25,384;-49,197;2025-03-24 17:10:00.0;0,00
CURITIBA;410690208A;PR;Atuba;-25,384;-49,197;2025-03-24 18:10:00.0;0,00
CURITIBA;410690208A;PR;Atuba;-25,384;-49,197;2025-03-24 19:10:00.0;0,00
CURITIBA;410690208A;PR;Atuba;-25,384;-49,197;2025-03-24 20:10:00.0;0,00
CURITIBA;410690208A;PR;Atuba;-25,384;-49,197;2025-03-24 21:10:00.0;0,00
CURITIBA;410690208A;PR;Atuba;-25,384;-49,197;2025-03-24 22:10:00.0;0,00
CURITIBA;410690208A;PR;Atuba;-25,384;-49,197;2025-03-24 23:10:00.0;0,00
CURITIBA;410690208A;PR;Atuba;-25,384;-49,197;2025-03-25 00:10:00.0;0,00
CURITIBA;410690208A;PR;Atuba;-25,384;-49,197;2025-03-25 01:10:00.0;0,00
CURITIBA;410690208A;PR;Atuba;-25,384;-49,197;2025-03-25 02:10:00.0;0,00
CURITIBA;410690208A;PR;Atuba;-25,384;-49,197;2025-03-25 03:10:00.0;0,00
CURITIBA;410690208A;PR;Atuba;-25,384;-49,197;2025-03-25 04:10:00.0;0,00
CURITIBA;410690208A;PR;Atuba;-25,384;-49,197;2025-03-25 05:10:00.0;0,00
CURITIBA;410690208A;PR;Atuba;-25,384;-49,197;2025-03-25 06:10:00.0;0,00
CURITIBA;410690208A;PR;Atuba;-25,384;-49,197;2025-03-25 07:10:00.0;0,00
CURITIBA;410690208A;PR;Atuba;-25,384;-49,197;2025-03-25 08:10:00.0;0,00
CURITIBA;410690208A;PR;Atuba;-25,384;-49,197;2025-03-25 08:20:00.0;0,40
CURITIBA;410690208A;PR;Atuba;-25,384;-49,197;2025-03-25 08:30:00.0;0,20
CURITIBA;410690208A;PR;Atuba;-25,384;-49,197;2025-03-25 09:10:00.0;0,00
CURITIBA;410690208A;PR;Atuba;-25,384;-49,197;2025-03-25 10:10:00.0;0,00
CURITIBA;410690208A;PR;Atuba;-25,384;-49,197;2025-03-25 11:10:00.0;0,00
CURITIBA;410690208A;PR;Atuba;-25,384;-49,197;2025-03-25 12:10:00.0;0,00
CURITIBA;410690208A;PR;Atuba;-25,384;-49,197;2025-03-25 13:10:00.0;0,00
CURITIBA;410690208A;PR;Atuba;-25,384;-49,197;2025-03-25 14:10:00.0;0,00
CURITIBA;410690208A;PR;Atuba;-25,384;-49,197;2025-03-25 15:30:00.0;0,00
CURITIBA;410690208A;PR;Atuba;-25,384;-49,197;2025-03-25 16:10:00.0;0,00
CURITIBA;410690208A;PR;Atuba;-25,384;-49,197;2025-03-25 17:10:00.0;0,00
CURITIBA;410690208A;PR;Atuba;-25,384;-49,197;2025-03-25 17:20:00.0;0,20
CURITIBA;410690208A;PR;Atuba;-25,384;-49,197;2025-03-25 18:10:00.0;0,00
CURITIBA;410690208A;PR;Atuba;-25,384;-49,197;2025-03-25 19:10:00.0;0,00
CURITIBA;410690208A;PR;Atuba;-25,384;-49,197;2025-03-25 20:10:00.0;0,00
CURITIBA;410690208A;PR;Atuba;-25,384;-49,197;2025-03-25 21:10:00.0;0,00
CURITIBA;410690208A;PR;Atuba;-25,384;-49,197;2025-03-25 22:10:00.0;0,00
CURITIBA;410690208A;PR;Atuba;-25,384;-49,197;2025-03-25 23:10:00.0;0,00
CURITIBA;410690208A;PR;Atuba;-25,384;-49,197;2025-03-26 00:10:00.0;0,00
CURITIBA;410690208A;PR;Atuba;-25,384;-49,197;2025-03-26 01:10:00.0;0,00
CURITIBA;410690208A;PR;Atuba;-25,384;-49,197;2025-03-26 02:10:00.0;0,00
CURITIBA;410690208A;PR;Atuba;-25,384;-49,197;2025-03-26 02:50:00.0;1,00
CURITIBA;410690208A;PR;Atuba;-25,384;-49,197;2025-03-26 03:00:00.0;1,00
CURITIBA;410690208A;PR;Atuba;-25,384;-49,197;2025-03-26 03:10:00.0;0,20
CURITIBA;410690208A;PR;Atuba;-25,384;-49,197;2025-03-26 03:30:00.0;0,20
CURITIBA;410690208A;PR;Atuba;-25,384;-49,197;2025-03-26 04:10:00.0;0,20
CURITIBA;410690208A;PR;Atuba;-25,384;-49,197;2025-03-26 04:40:00.0;0,40
CURITIBA;410690208A;PR;Atuba;-25,384;-49,197;2025-03-26 04:50:00.0;0,20
CURITIBA;410690208A;PR;Atuba;-25,384;-49,197;2025-03-26 05:00:00.0;0,20
CURITIBA;410690208A;PR;Atuba;-25,384;-49,197;2025-03-26 05:10:00.0;0,40
CURITIBA;410690208A;PR;Atuba;-25,384;-49,197;2025-03-26 06:00:00.0;0,20
CURITIBA;410690208A;PR;Atuba;-25,384;-49,197;2025-03-26 06:10:00.0;0,00
CURITIBA;410690208A;PR;Atuba;-25,384;-49,197;2025-03-26 07:10:00.0;0,00
CURITIBA;410690208A;PR;Atuba;-25,384;-49,197;2025-03-26 08:10:00.0;0,00
CURITIBA;410690208A;PR;Atuba;-25,384;-49,197;2025-03-26 09:10:00.0;0,00
CURITIBA;410690208A;PR;Atuba;-25,384;-49,197;2025-03-26 10:10:00.0;0,00
CURITIBA;410690208A;PR;Atuba;-25,384;-49,197;2025-03-26 11:10:00.0;0,00
CURITIBA;410690208A;PR;Atuba;-25,384;-49,197;2025-03-26 12:10:00.0;0,00
CURITIBA;410690208A;PR;Atuba;-25,384;-49,197;2025-03-26 13:10:00.0;0,00
CURITIBA;410690208A;PR;Atuba;-25,384;-49,197;2025-03-26 14:10:00.0;0,00
CURITIBA;410690208A;PR;Atuba;-25,384;-49,197;2025-03-26 15:10:00.0;0,00
CURITIBA;410690208A;PR;Atuba;-25,384;-49,197;2025-03-26 16:10:00.0;0,00
CURITIBA;410690208A;PR;Atuba;-25,384;-49,197;2025-03-26 17:10:00.0;0,00
CURITIBA;410690208A;PR;Atuba;-25,384;-49,197;2025-03-26 18:10:00.0;0,00
CURITIBA;410690208A;PR;Atuba;-25,384;-49,197;2025-03-26 19:10:00.0;0,00
CURITIBA;410690208A;PR;Atuba;-25,384;-49,197;2025-03-26 20:10:00.0;0,00
CURITIBA;410690208A;PR;Atuba;-25,384;-49,197;2025-03-26 21:10:00.0;0,00
CURITIBA;410690208A;PR;Atuba;-25,384;-49,197;2025-03-26 22:10:00.0;0,00
CURITIBA;410690208A;PR;Atuba;-25,384;-49,197;2025-03-26 23:10:00.0;0,00
CURITIBA;410690208A;PR;Atuba;-25,384;-49,197;2025-03-27 00:10:00.0;0,00
CURITIBA;410690208A;PR;Atuba;-25,384;-49,197;2025-03-27 01:10:00.0;0,00
CURITIBA;410690208A;PR;Atuba;-25,384;-49,197;2025-03-27 02:10:00.0;0,00
CURITIBA;410690208A;PR;Atuba;-25,384;-49,197;2025-03-27 03:10:00.0;0,00
CURITIBA;410690208A;PR;Atuba;-25,384;-49,197;2025-03-27 04:10:00.0;0,00
CURITIBA;410690208A;PR;Atuba;-25,384;-49,197;2025-03-27 05:10:00.0;0,00
CURITIBA;410690208A;PR;Atuba;-25,384;-49,197;2025-03-27 06:10:00.0;0,00
CURITIBA;410690208A;PR;Atuba;-25,384;-49,197;2025-03-27 07:10:00.0;0,00
CURITIBA;410690208A;PR;Atuba;-25,384;-49,197;2025-03-27 08:10:00.0;0,00
CURITIBA;410690208A;PR;Atuba;-25,384;-49,197;2025-03-27 09:10:00.0;0,00
CURITIBA;410690208A;PR;Atuba;-25,384;-49,197;2025-03-27 10:10:00.0;0,00
CURITIBA;410690208A;PR;Atuba;-25,384;-49,197;2025-03-27 11:10:00.0;0,00
CURITIBA;410690208A;PR;Atuba;-25,384;-49,197;2025-03-27 12:10:00.0;0,00
CURITIBA;410690208A;PR;Atuba;-25,384;-49,197;2025-03-27 13:10:00.0;0,00
CURITIBA;410690208A;PR;Atuba;-25,384;-49,197;2025-03-27 14:10:00.0;0,00
CURITIBA;410690208A;PR;Atuba;-25,384;-49,197;2025-03-27 15:10:00.0;0,00
CURITIBA;410690208A;PR;Atuba;-25,384;-49,197;2025-03-27 16:10:00.0;0,00
CURITIBA;410690208A;PR;Atuba;-25,384;-49,197;2025-03-27 17:10:00.0;0,00
CURITIBA;410690208A;PR;Atuba;-25,384;-49,197;2025-03-27 18:10:00.0;0,00
CURITIBA;410690208A;PR;Atuba;-25,384;-49,197;2025-03-27 19:10:00.0;0,00
CURITIBA;410690208A;PR;Atuba;-25,384;-49,197;2025-03-27 20:10:00.0;0,00
CURITIBA;410690208A;PR;Atuba;-25,384;-49,197;2025-03-27 21:10:00.0;0,00
CURITIBA;410690208A;PR;Atuba;-25,384;-49,197;2025-03-27 22:10:00.0;0,00
CURITIBA;410690208A;PR;Atuba;-25,384;-49,197;2025-03-27 23:10:00.0;0,00
CURITIBA;410690208A;PR;Atuba;-25,384;-49,197;2025-03-28 00:10:00.0;0,00
CURITIBA;410690208A;PR;Atuba;-25,384;-49,197;2025-03-28 01:10:00.0;0,00
CURITIBA;410690208A;PR;Atuba;-25,384;-49,197;2025-03-28 02:00:00.0;0,20
CURITIBA;410690208A;PR;Atuba;-25,384;-49,197;2025-03-28 02:10:00.0;0,20
CURITIBA;410690208A;PR;Atuba;-25,384;-49,197;2025-03-28 03:10:00.0;0,00
CURITIBA;410690208A;PR;Atuba;-25,384;-49,197;2025-03-28 04:10:00.0;0,00
CURITIBA;410690208A;PR;Atuba;-25,384;-49,197;2025-03-28 05:10:00.0;0,00
CURITIBA;410690208A;PR;Atuba;-25,384;-49,197;2025-03-28 06:10:00.0;0,00
CURITIBA;410690208A;PR;Atuba;-25,384;-49,197;2025-03-28 07:10:00.0;0,00
CURITIBA;410690208A;PR;Atuba;-25,384;-49,197;2025-03-28 08:10:00.0;0,00
CURITIBA;410690208A;PR;Atuba;-25,384;-49,197;2025-03-28 09:10:00.0;0,00
CURITIBA;410690208A;PR;Atuba;-25,384;-49,197;2025-03-28 10:10:00.0;0,00
CURITIBA;410690208A;PR;Atuba;-25,384;-49,197;2025-03-28 11:10:00.0;0,00
CURITIBA;410690208A;PR;Atuba;-25,384;-49,197;2025-03-28 12:10:00.0;0,00
CURITIBA;410690208A;PR;Atuba;-25,384;-49,197;2025-03-28 13:10:00.0;0,00
CURITIBA;410690208A;PR;Atuba;-25,384;-49,197;2025-03-28 14:10:00.0;0,00
CURITIBA;410690208A;PR;Atuba;-25,384;-49,197;2025-03-28 15:10:00.0;0,00
CURITIBA;410690208A;PR;Atuba;-25,384;-49,197;2025-03-28 16:10:00.0;0,00
CURITIBA;410690208A;PR;Atuba;-25,384;-49,197;2025-03-28 17:10:00.0;0,00
CURITIBA;410690208A;PR;Atuba;-25,384;-49,197;2025-03-28 18:10:00.0;0,00
CURITIBA;410690208A;PR;Atuba;-25,384;-49,197;2025-03-28 19:10:00.0;0,00
CURITIBA;410690208A;PR;Atuba;-25,384;-49,197;2025-03-28 20:10:00.0;0,00
CURITIBA;410690208A;PR;Atuba;-25,384;-49,197;2025-03-28 21:10:00.0;0,00
CURITIBA;410690208A;PR;Atuba;-25,384;-49,197;2025-03-28 22:10:00.0;0,00
CURITIBA;410690208A;PR;Atuba;-25,384;-49,197;2025-03-28 23:10:00.0;0,00
CURITIBA;410690208A;PR;Atuba;-25,384;-49,197;2025-03-29 00:10:00.0;0,00
CURITIBA;410690208A;PR;Atuba;-25,384;-49,197;2025-03-29 01:10:00.0;0,00
CURITIBA;410690208A;PR;Atuba;-25,384;-49,197;2025-03-29 02:10:00.0;0,00
CURITIBA;410690208A;PR;Atuba;-25,384;-49,197;2025-03-29 03:10:00.0;0,00
CURITIBA;410690208A;PR;Atuba;-25,384;-49,197;2025-03-29 04:10:00.0;0,00
CURITIBA;410690208A;PR;Atuba;-25,384;-49,197;2025-03-29 05:10:00.0;0,00
CURITIBA;410690208A;PR;Atuba;-25,384;-49,197;2025-03-29 06:10:00.0;0,00
CURITIBA;410690208A;PR;Atuba;-25,384;-49,197;2025-03-29 07:10:00.0;0,00
CURITIBA;410690208A;PR;Atuba;-25,384;-49,197;2025-03-29 08:10:00.0;0,00
CURITIBA;410690208A;PR;Atuba;-25,384;-49,197;2025-03-29 09:10:00.0;0,00
CURITIBA;410690208A;PR;Atuba;-25,384;-49,197;2025-03-29 10:10:00.0;0,00
CURITIBA;410690208A;PR;Atuba;-25,384;-49,197;2025-03-29 11:10:00.0;0,00
CURITIBA;410690208A;PR;Atuba;-25,384;-49,197;2025-03-29 12:10:00.0;0,00
CURITIBA;410690208A;PR;Atuba;-25,384;-49,197;2025-03-29 13:10:00.0;0,00
CURITIBA;410690208A;PR;Atuba;-25,384;-49,197;2025-03-29 14:10:00.0;0,00
CURITIBA;410690208A;PR;Atuba;-25,384;-49,197;2025-03-29 15:10:00.0;0,00
CURITIBA;410690208A;PR;Atuba;-25,384;-49,197;2025-03-29 16:10:00.0;0,00
CURITIBA;410690208A;PR;Atuba;-25,384;-49,197;2025-03-29 17:10:00.0;0,00
CURITIBA;410690208A;PR;Atuba;-25,384;-49,197;2025-03-29 18:10:00.0;0,00
CURITIBA;410690208A;PR;Atuba;-25,384;-49,197;2025-03-29 19:10:00.0;0,00
CURITIBA;410690208A;PR;Atuba;-25,384;-49,197;2025-03-29 20:10:00.0;0,00
CURITIBA;410690208A;PR;Atuba;-25,384;-49,197;2025-03-29 21:10:00.0;0,00
CURITIBA;410690208A;PR;Atuba;-25,384;-49,197;2025-03-29 22:10:00.0;0,00
CURITIBA;410690208A;PR;Atuba;-25,384;-49,197;2025-03-29 23:10:00.0;0,00
CURITIBA;410690208A;PR;Atuba;-25,384;-49,197;2025-03-30 00:10:00.0;0,00
CURITIBA;410690208A;PR;Atuba;-25,384;-49,197;2025-03-30 01:10:00.0;0,00
CURITIBA;410690208A;PR;Atuba;-25,384;-49,197;2025-03-30 02:10:00.0;0,00
CURITIBA;410690208A;PR;Atuba;-25,384;-49,197;2025-03-30 03:10:00.0;0,00
CURITIBA;410690208A;PR;Atuba;-25,384;-49,197;2025-03-30 04:10:00.0;0,00
CURITIBA;410690208A;PR;Atuba;-25,384;-49,197;2025-03-30 05:10:00.0;0,00
CURITIBA;410690208A;PR;Atuba;-25,384;-49,197;2025-03-30 06:10:00.0;0,00
CURITIBA;410690208A;PR;Atuba;-25,384;-49,197;2025-03-30 07:10:00.0;0,00
CURITIBA;410690208A;PR;Atuba;-25,384;-49,197;2025-03-30 08:10:00.0;0,00
CURITIBA;410690208A;PR;Atuba;-25,384;-49,197;2025-03-30 09:10:00.0;0,00
CURITIBA;410690208A;PR;Atuba;-25,384;-49,197;2025-03-30 10:10:00.0;0,00
CURITIBA;410690208A;PR;Atuba;-25,384;-49,197;2025-03-30 11:10:00.0;0,00
CURITIBA;410690208A;PR;Atuba;-25,384;-49,197;2025-03-30 12:10:00.0;0,00
CURITIBA;410690208A;PR;Atuba;-25,384;-49,197;2025-03-30 13:10:00.0;0,00
CURITIBA;410690208A;PR;Atuba;-25,384;-49,197;2025-03-30 14:10:00.0;0,00
CURITIBA;410690208A;PR;Atuba;-25,384;-49,197;2025-03-30 15:10:00.0;0,00
CURITIBA;410690208A;PR;Atuba;-25,384;-49,197;2025-03-30 16:10:00.0;0,00
CURITIBA;410690208A;PR;Atuba;-25,384;-49,197;2025-03-30 17:10:00.0;0,00
CURITIBA;410690208A;PR;Atuba;-25,384;-49,197;2025-03-30 18:10:00.0;0,00
CURITIBA;410690208A;PR;Atuba;-25,384;-49,197;2025-03-30 19:10:00.0;0,00
CURITIBA;410690208A;PR;Atuba;-25,384;-49,197;2025-03-30 20:10:00.0;0,00
CURITIBA;410690208A;PR;Atuba;-25,384;-49,197;2025-03-30 21:10:00.0;0,00
CURITIBA;410690208A;PR;Atuba;-25,384;-49,197;2025-03-30 22:10:00.0;0,00
CURITIBA;410690208A;PR;Atuba;-25,384;-49,197;2025-03-30 23:10:00.0;0,00
CURITIBA;410690208A;PR;Atuba;-25,384;-49,197;2025-03-31 00:10:00.0;0,00
CURITIBA;410690208A;PR;Atuba;-25,384;-49,197;2025-03-31 01:10:00.0;0,00
CURITIBA;410690208A;PR;Atuba;-25,384;-49,197;2025-03-31 02:10:00.0;0,00
CURITIBA;410690208A;PR;Atuba;-25,384;-49,197;2025-03-31 03:10:00.0;0,00
CURITIBA;410690208A;PR;Atuba;-25,384;-49,197;2025-03-31 04:10:00.0;0,00
CURITIBA;410690208A;PR;Atuba;-25,384;-49,197;2025-03-31 05:10:00.0;0,00
CURITIBA;410690208A;PR;Atuba;-25,384;-49,197;2025-03-31 06:10:00.0;0,00
CURITIBA;410690208A;PR;Atuba;-25,384;-49,197;2025-03-31 07:10:00.0;0,00
CURITIBA;410690208A;PR;Atuba;-25,384;-49,197;2025-03-31 08:10:00.0;0,00
CURITIBA;410690208A;PR;Atuba;-25,384;-49,197;2025-03-31 09:10:00.0;0,00
CURITIBA;410690208A;PR;Atuba;-25,384;-49,197;2025-03-31 10:10:00.0;0,00
CURITIBA;410690208A;PR;Atuba;-25,384;-49,197;2025-03-31 11:10:00.0;0,00
CURITIBA;410690208A;PR;Atuba;-25,384;-49,197;2025-03-31 12:10:00.0;0,00
CURITIBA;410690208A;PR;Atuba;-25,384;-49,197;2025-03-31 13:30:00.0;0,00
CURITIBA;410690208A;PR;Atuba;-25,384;-49,197;2025-03-31 14:10:00.0;0,00
CURITIBA;410690208A;PR;Atuba;-25,384;-49,197;2025-03-31 15:10:00.0;0,00
CURITIBA;410690208A;PR;Atuba;-25,384;-49,197;2025-03-31 16:10:00.0;0,00
CURITIBA;410690208A;PR;Atuba;-25,384;-49,197;2025-03-31 17:10:00.0;0,00
CURITIBA;410690208A;PR;Atuba;-25,384;-49,197;2025-03-31 18:10:00.0;0,00
CURITIBA;410690208A;PR;Atuba;-25,384;-49,197;2025-03-31 19:10:00.0;0,00
CURITIBA;410690208A;PR;Atuba;-25,384;-49,197;2025-03-31 20:10:00.0;0,00
CURITIBA;410690208A;PR;Atuba;-25,384;-49,197;2025-03-31 21:10:00.0;0,00
CURITIBA;410690208A;PR;Atuba;-25,384;-49,197;2025-03-31 22:10:00.0;0,00
CURITIBA;410690208A;PR;Atuba;-25,384;-49,197;2025-03-31 23:10:00.0;0,00
CURITIBA;410690209A;PR;Santa Felicidade;-25,435;-49,35;2025-03-09 21:00:00.0;5,40
CURITIBA;410690209A;PR;Santa Felicidade;-25,435;-49,35;2025-03-09 21:10:00.0;0,60
CURITIBA;410690209A;PR;Santa Felicidade;-25,435;-49,35;2025-03-09 22:00:00.0;3,00
CURITIBA;410690209A;PR;Santa Felicidade;-25,435;-49,35;2025-03-09 22:10:00.0;5,60
CURITIBA;410690209A;PR;Santa Felicidade;-25,435;-49,35;2025-03-09 22:20:00.0;1,60
CURITIBA;410690209A;PR;Santa Felicidade;-25,435;-49,35;2025-03-09 22:30:00.0;0,40
CURITIBA;410690209A;PR;Santa Felicidade;-25,435;-49,35;2025-03-09 22:40:00.0;0,20
CURITIBA;410690209A;PR;Santa Felicidade;-25,435;-49,35;2025-03-11 20:50:00.0;0,20
CURITIBA;410690209A;PR;Santa Felicidade;-25,435;-49,35;2025-03-11 21:00:00.0;0,20
CURITIBA;410690209A;PR;Santa Felicidade;-25,435;-49,35;2025-03-11 21:10:00.0;0,40
CURITIBA;410690209A;PR;Santa Felicidade;-25,435;-49,35;2025-03-11 21:20:00.0;0,40
CURITIBA;410690209A;PR;Santa Felicidade;-25,435;-49,35;2025-03-11 21:30:00.0;0,80
CURITIBA;410690209A;PR;Santa Felicidade;-25,435;-49,35;2025-03-11 21:40:00.0;0,80
CURITIBA;410690209A;PR;Santa Felicidade;-25,435;-49,35;2025-03-11 21:50:00.0;0,60
CURITIBA;410690209A;PR;Santa Felicidade;-25,435;-49,35;2025-03-11 22:00:00.0;0,80
CURITIBA;410690209A;PR;Santa Felicidade;-25,435;-49,35;2025-03-11 22:10:00.0;1,20
CURITIBA;410690209A;PR;Santa Felicidade;-25,435;-49,35;2025-03-11 22:20:00.0;1,20
CURITIBA;410690209A;PR;Santa Felicidade;-25,435;-49,35;2025-03-11 22:30:00.0;1,00
CURITIBA;410690209A;PR;Santa Felicidade;-25,435;-49,35;2025-03-11 22:40:00.0;1,20
CURITIBA;410690209A;PR;Santa Felicidade;-25,435;-49,35;2025-03-11 22:50:00.0;1,00
CURITIBA;410690209A;PR;Santa Felicidade;-25,435;-49,35;2025-03-11 23:00:00.0;0,80
CURITIBA;410690209A;PR;Santa Felicidade;-25,435;-49,35;2025-03-11 23:10:00.0;1,20
CURITIBA;410690209A;PR;Santa Felicidade;-25,435;-49,35;2025-03-11 23:20:00.0;0,80
CURITIBA;410690209A;PR;Santa Felicidade;-25,435;-49,35;2025-03-11 23:30:00.0;0,60
CURITIBA;410690209A;PR;Santa Felicidade;-25,435;-49,35;2025-03-11 23:40:00.0;0,40
CURITIBA;410690209A;PR;Santa Felicidade;-25,435;-49,35;2025-03-11 23:50:00.0;0,20
CURITIBA;410690209A;PR;Santa Felicidade;-25,435;-49,35;2025-03-12 00:00:00.0;0,20
CURITIBA;410690209A;PR;Santa Felicidade;-25,435;-49,35;2025-03-12 00:20:00.0;0,20
CURITIBA;410690209A;PR;Santa Felicidade;-25,435;-49,35;2025-03-12 09:00:00.0;0,20
CURITIBA;410690209A;PR;Santa Felicidade;-25,435;-49,35;2025-03-12 23:10:00.0;0,80
CURITIBA;410690209A;PR;Santa Felicidade;-25,435;-49,35;2025-03-12 23:20:00.0;0,40
CURITIBA;410690209A;PR;Santa Felicidade;-25,435;-49,35;2025-03-12 23:30:00.0;0,60
CURITIBA;410690209A;PR;Santa Felicidade;-25,435;-49,35;2025-03-12 23:40:00.0;0,40
CURITIBA;410690209A;PR;Santa Felicidade;-25,435;-49,35;2025-03-12 23:50:00.0;0,20
CURITIBA;410690209A;PR;Santa Felicidade;-25,435;-49,35;2025-03-13 00:00:00.0;0,40
CURITIBA;410690209A;PR;Santa Felicidade;-25,435;-49,35;2025-03-13 00:10:00.0;0,20
CURITIBA;410690209A;PR;Santa Felicidade;-25,435;-49,35;2025-03-13 00:20:00.0;0,20
CURITIBA;410690209A;PR;Santa Felicidade;-25,435;-49,35;2025-03-13 01:20:00.0;0,20
CURITIBA;410690209A;PR;Santa Felicidade;-25,435;-49,35;2025-03-13 02:40:00.0;0,20
CURITIBA;410690209A;PR;Santa Felicidade;-25,435;-49,35;2025-03-13 06:20:00.0;0,40
CURITIBA;410690209A;PR;Santa Felicidade;-25,435;-49,35;2025-03-13 06:30:00.0;0,20
CURITIBA;410690209A;PR;Santa Felicidade;-25,435;-49,35;2025-03-13 06:40:00.0;0,20
CURITIBA;410690209A;PR;Santa Felicidade;-25,435;-49,35;2025-03-13 07:00:00.0;0,40
CURITIBA;410690209A;PR;Santa Felicidade;-25,435;-49,35;2025-03-13 07:10:00.0;0,40
CURITIBA;410690209A;PR;Santa Felicidade;-25,435;-49,35;2025-03-13 07:20:00.0;0,20
CURITIBA;410690209A;PR;Santa Felicidade;-25,435;-49,35;2025-03-13 07:30:00.0;0,20
CURITIBA;410690209A;PR;Santa Felicidade;-25,435;-49,35;2025-03-13 07:40:00.0;0,20
CURITIBA;410690209A;PR;Santa Felicidade;-25,435;-49,35;2025-03-13 07:50:00.0;0,40
CURITIBA;410690209A;PR;Santa Felicidade;-25,435;-49,35;2025-03-13 08:10:00.0;0,20
CURITIBA;410690209A;PR;Santa Felicidade;-25,435;-49,35;2025-03-13 08:30:00.0;0,20
CURITIBA;410690209A;PR;Santa Felicidade;-25,435;-49,35;2025-03-13 10:10:00.0;0,20
CURITIBA;410690209A;PR;Santa Felicidade;-25,435;-49,35;2025-03-13 19:00:00.0;0,20
CURITIBA;410690209A;PR;Santa Felicidade;-25,435;-49,35;2025-03-13 22:40:00.0;4,00
CURITIBA;410690209A;PR;Santa Felicidade;-25,435;-49,35;2025-03-13 22:50:00.0;2,00
CURITIBA;410690209A;PR;Santa Felicidade;-25,435;-49,35;2025-03-13 23:00:00.0;0,20
CURITIBA;410690209A;PR;Santa Felicidade;-25,435;-49,35;2025-03-13 23:10:00.0;0,20
CURITIBA;410690209A;PR;Santa Felicidade;-25,435;-49,35;2025-03-15 19:20:00.0;1,00
CURITIBA;410690209A;PR;Santa Felicidade;-25,435;-49,35;2025-03-15 19:30:00.0;0,40
CURITIBA;410690209A;PR;Santa Felicidade;-25,435;-49,35;2025-03-15 19:50:00.0;0,20
CURITIBA;410690209A;PR;Santa Felicidade;-25,435;-49,35;2025-03-16 05:20:00.0;0,20
CURITIBA;410690209A;PR;Santa Felicidade;-25,435;-49,35;2025-03-18 01:20:00.0;0,00
CURITIBA;410690209A;PR;Santa Felicidade;-25,435;-49,35;2025-03-18 02:20:00.0;0,00
CURITIBA;410690209A;PR;Santa Felicidade;-25,435;-49,35;2025-03-18 03:20:00.0;0,00
CURITIBA;410690209A;PR;Santa Felicidade;-25,435;-49,35;2025-03-18 04:20:00.0;0,00
CURITIBA;410690209A;PR;Santa Felicidade;-25,435;-49,35;2025-03-18 05:20:00.0;0,00
CURITIBA;410690209A;PR;Santa Felicidade;-25,435;-49,35;2025-03-18 06:20:00.0;0,00
CURITIBA;410690209A;PR;Santa Felicidade;-25,435;-49,35;2025-03-18 07:20:00.0;0,00
CURITIBA;410690209A;PR;Santa Felicidade;-25,435;-49,35;2025-03-18 08:20:00.0;0,00
CURITIBA;410690209A;PR;Santa Felicidade;-25,435;-49,35;2025-03-18 09:20:00.0;0,00
CURITIBA;410690209A;PR;Santa Felicidade;-25,435;-49,35;2025-03-18 10:20:00.0;0,00
CURITIBA;410690209A;PR;Santa Felicidade;-25,435;-49,35;2025-03-18 11:20:00.0;0,00
CURITIBA;410690209A;PR;Santa Felicidade;-25,435;-49,35;2025-03-18 12:20:00.0;0,00
CURITIBA;410690209A;PR;Santa Felicidade;-25,435;-49,35;2025-03-18 13:20:00.0;0,00
CURITIBA;410690209A;PR;Santa Felicidade;-25,435;-49,35;2025-03-18 14:20:00.0;0,00
CURITIBA;410690210A;PR;Umbará;-25,555;-49,284;2025-03-01 00:10:00.0;0,00
CURITIBA;410690210A;PR;Umbará;-25,555;-49,284;2025-03-01 00:40:00.0;0,00
CURITIBA;410690210A;PR;Umbará;-25,555;-49,284;2025-03-01 01:40:00.0;0,00
CURITIBA;410690210A;PR;Umbará;-25,555;-49,284;2025-03-01 02:40:00.0;0,00
CURITIBA;410690210A;PR;Umbará;-25,555;-49,284;2025-03-01 03:40:00.0;0,00
CURITIBA;410690210A;PR;Umbará;-25,555;-49,284;2025-03-01 04:40:00.0;0,00
CURITIBA;410690210A;PR;Umbará;-25,555;-49,284;2025-03-01 05:40:00.0;0,00
CURITIBA;410690210A;PR;Umbará;-25,555;-49,284;2025-03-01 06:40:00.0;0,00
CURITIBA;410690210A;PR;Umbará;-25,555;-49,284;2025-03-01 07:40:00.0;0,00
CURITIBA;410690210A;PR;Umbará;-25,555;-49,284;2025-03-01 08:40:00.0;0,00
CURITIBA;410690210A;PR;Umbará;-25,555;-49,284;2025-03-01 09:40:00.0;0,00
CURITIBA;410690210A;PR;Umbará;-25,555;-49,284;2025-03-01 10:40:00.0;0,00
CURITIBA;410690210A;PR;Umbará;-25,555;-49,284;2025-03-01 11:40:00.0;0,00
CURITIBA;410690210A;PR;Umbará;-25,555;-49,284;2025-03-01 12:40:00.0;0,00
CURITIBA;410690210A;PR;Umbará;-25,555;-49,284;2025-03-01 13:40:00.0;0,00
CURITIBA;410690210A;PR;Umbará;-25,555;-49,284;2025-03-01 14:40:00.0;0,00
CURITIBA;410690210A;PR;Umbará;-25,555;-49,284;2025-03-01 15:40:00.0;0,00
CURITIBA;410690210A;PR;Umbará;-25,555;-49,284;2025-03-01 16:40:00.0;0,00
CURITIBA;410690210A;PR;Umbará;-25,555;-49,284;2025-03-01 17:40:00.0;0,00
CURITIBA;410690210A;PR;Umbará;-25,555;-49,284;2025-03-01 18:40:00.0;0,00
CURITIBA;410690210A;PR;Umbará;-25,555;-49,284;2025-03-01 19:40:00.0;0,00
CURITIBA;410690210A;PR;Umbará;-25,555;-49,284;2025-03-01 20:40:00.0;0,00
CURITIBA;410690210A;PR;Umbará;-25,555;-49,284;2025-03-01 21:40:00.0;0,00
CURITIBA;410690210A;PR;Umbará;-25,555;-49,284;2025-03-01 22:40:00.0;0,00
CURITIBA;410690210A;PR;Umbará;-25,555;-49,284;2025-03-01 23:40:00.0;0,00
CURITIBA;410690210A;PR;Umbará;-25,555;-49,284;2025-03-02 00:40:00.0;0,00
CURITIBA;410690210A;PR;Umbará;-25,555;-49,284;2025-03-02 01:40:00.0;0,00
CURITIBA;410690210A;PR;Umbará;-25,555;-49,284;2025-03-02 02:40:00.0;0,00
CURITIBA;410690210A;PR;Umbará;-25,555;-49,284;2025-03-02 03:40:00.0;0,00
CURITIBA;410690210A;PR;Umbará;-25,555;-49,284;2025-03-02 04:40:00.0;0,00
CURITIBA;410690210A;PR;Umbará;-25,555;-49,284;2025-03-02 05:40:00.0;0,00
CURITIBA;410690210A;PR;Umbará;-25,555;-49,284;2025-03-02 06:40:00.0;0,00
CURITIBA;410690210A;PR;Umbará;-25,555;-49,284;2025-03-02 07:40:00.0;0,00
CURITIBA;410690210A;PR;Umbará;-25,555;-49,284;2025-03-02 08:40:00.0;0,00
CURITIBA;410690210A;PR;Umbará;-25,555;-49,284;2025-03-02 09:40:00.0;0,00
CURITIBA;410690210A;PR;Umbará;-25,555;-49,284;2025-03-02 10:40:00.0;0,00
CURITIBA;410690210A;PR;Umbará;-25,555;-49,284;2025-03-02 11:40:00.0;0,00
CURITIBA;410690210A;PR;Umbará;-25,555;-49,284;2025-03-02 12:40:00.0;0,00
CURITIBA;410690210A;PR;Umbará;-25,555;-49,284;2025-03-02 13:40:00.0;0,00
CURITIBA;410690210A;PR;Umbará;-25,555;-49,284;2025-03-02 14:40:00.0;0,00
CURITIBA;410690210A;PR;Umbará;-25,555;-49,284;2025-03-02 15:40:00.0;0,00
CURITIBA;410690210A;PR;Umbará;-25,555;-49,284;2025-03-02 16:40:00.0;0,00
CURITIBA;410690210A;PR;Umbará;-25,555;-49,284;2025-03-02 17:40:00.0;0,00
CURITIBA;410690210A;PR;Umbará;-25,555;-49,284;2025-03-02 18:40:00.0;0,00
CURITIBA;410690210A;PR;Umbará;-25,555;-49,284;2025-03-02 19:40:00.0;0,00
CURITIBA;410690210A;PR;Umbará;-25,555;-49,284;2025-03-02 20:40:00.0;0,00
CURITIBA;410690210A;PR;Umbará;-25,555;-49,284;2025-03-02 21:40:00.0;0,00
CURITIBA;410690210A;PR;Umbará;-25,555;-49,284;2025-03-02 22:40:00.0;0,00
CURITIBA;410690210A;PR;Umbará;-25,555;-49,284;2025-03-02 23:40:00.0;0,00
CURITIBA;410690210A;PR;Umbará;-25,555;-49,284;2025-03-03 00:40:00.0;0,00
CURITIBA;410690210A;PR;Umbará;-25,555;-49,284;2025-03-03 01:40:00.0;0,00
CURITIBA;410690210A;PR;Umbará;-25,555;-49,284;2025-03-03 02:40:00.0;0,00
CURITIBA;410690210A;PR;Umbará;-25,555;-49,284;2025-03-03 03:40:00.0;0,00
CURITIBA;410690210A;PR;Umbará;-25,555;-49,284;2025-03-03 04:40:00.0;0,00
CURITIBA;410690210A;PR;Umbará;-25,555;-49,284;2025-03-03 05:40:00.0;0,00
CURITIBA;410690210A;PR;Umbará;-25,555;-49,284;2025-03-03 06:40:00.0;0,00
CURITIBA;410690210A;PR;Umbará;-25,555;-49,284;2025-03-03 07:40:00.0;0,00
CURITIBA;410690210A;PR;Umbará;-25,555;-49,284;2025-03-03 08:40:00.0;0,00
CURITIBA;410690210A;PR;Umbará;-25,555;-49,284;2025-03-03 09:40:00.0;0,00
CURITIBA;410690210A;PR;Umbará;-25,555;-49,284;2025-03-03 10:40:00.0;0,00
CURITIBA;410690210A;PR;Umbará;-25,555;-49,284;2025-03-03 11:40:00.0;0,00
CURITIBA;410690210A;PR;Umbará;-25,555;-49,284;2025-03-03 12:40:00.0;0,00
CURITIBA;410690210A;PR;Umbará;-25,555;-49,284;2025-03-03 13:40:00.0;0,00
CURITIBA;410690210A;PR;Umbará;-25,555;-49,284;2025-03-03 14:40:00.0;0,00
CURITIBA;410690210A;PR;Umbará;-25,555;-49,284;2025-03-03 15:40:00.0;0,00
CURITIBA;410690210A;PR;Umbará;-25,555;-49,284;2025-03-03 16:40:00.0;0,00
CURITIBA;410690210A;PR;Umbará;-25,555;-49,284;2025-03-03 17:40:00.0;0,00
CURITIBA;410690210A;PR;Umbará;-25,555;-49,284;2025-03-03 18:40:00.0;0,00
CURITIBA;410690210A;PR;Umbará;-25,555;-49,284;2025-03-03 19:40:00.0;0,00
CURITIBA;410690210A;PR;Umbará;-25,555;-49,284;2025-03-03 20:40:00.0;0,00
CURITIBA;410690210A;PR;Umbará;-25,555;-49,284;2025-03-03 21:40:00.0;0,00
CURITIBA;410690210A;PR;Umbará;-25,555;-49,284;2025-03-03 22:40:00.0;0,00
CURITIBA;410690210A;PR;Umbará;-25,555;-49,284;2025-03-03 23:40:00.0;0,00
CURITIBA;410690210A;PR;Umbará;-25,555;-49,284;2025-03-04 00:40:00.0;0,00
CURITIBA;410690210A;PR;Umbará;-25,555;-49,284;2025-03-04 01:40:00.0;0,00
CURITIBA;410690210A;PR;Umbará;-25,555;-49,284;2025-03-04 02:40:00.0;0,00
CURITIBA;410690210A;PR;Umbará;-25,555;-49,284;2025-03-04 03:40:00.0;0,00
CURITIBA;410690210A;PR;Umbará;-25,555;-49,284;2025-03-04 04:40:00.0;0,00
CURITIBA;410690210A;PR;Umbará;-25,555;-49,284;2025-03-04 05:40:00.0;0,00
CURITIBA;410690210A;PR;Umbará;-25,555;-49,284;2025-03-04 06:40:00.0;0,00
CURITIBA;410690210A;PR;Umbará;-25,555;-49,284;2025-03-04 07:40:00.0;0,00
CURITIBA;410690210A;PR;Umbará;-25,555;-49,284;2025-03-04 08:40:00.0;0,00
CURITIBA;410690210A;PR;Umbará;-25,555;-49,284;2025-03-04 09:40:00.0;0,00
CURITIBA;410690210A;PR;Umbará;-25,555;-49,284;2025-03-04 10:40:00.0;0,00
CURITIBA;410690210A;PR;Umbará;-25,555;-49,284;2025-03-04 11:40:00.0;0,00
CURITIBA;410690210A;PR;Umbará;-25,555;-49,284;2025-03-04 12:40:00.0;0,00
CURITIBA;410690210A;PR;Umbará;-25,555;-49,284;2025-03-04 13:40:00.0;0,00
CURITIBA;410690210A;PR;Umbará;-25,555;-49,284;2025-03-04 14:40:00.0;0,00
CURITIBA;410690210A;PR;Umbará;-25,555;-49,284;2025-03-04 15:40:00.0;0,00
CURITIBA;410690210A;PR;Umbará;-25,555;-49,284;2025-03-04 16:40:00.0;0,00
CURITIBA;410690210A;PR;Umbará;-25,555;-49,284;2025-03-04 17:40:00.0;0,00
CURITIBA;410690210A;PR;Umbará;-25,555;-49,284;2025-03-04 18:40:00.0;0,00
CURITIBA;410690210A;PR;Umbará;-25,555;-49,284;2025-03-04 19:40:00.0;0,00
CURITIBA;410690210A;PR;Umbará;-25,555;-49,284;2025-03-04 20:40:00.0;0,00
CURITIBA;410690210A;PR;Umbará;-25,555;-49,284;2025-03-04 21:40:00.0;0,00
CURITIBA;410690210A;PR;Umbará;-25,555;-49,284;2025-03-04 22:40:00.0;0,00
CURITIBA;410690210A;PR;Umbará;-25,555;-49,284;2025-03-04 23:40:00.0;0,00
CURITIBA;410690210A;PR;Umbará;-25,555;-49,284;2025-03-05 00:40:00.0;0,00
CURITIBA;410690210A;PR;Umbará;-25,555;-49,284;2025-03-05 01:40:00.0;0,00
CURITIBA;410690210A;PR;Umbará;-25,555;-49,284;2025-03-05 02:40:00.0;0,00
CURITIBA;410690210A;PR;Umbará;-25,555;-49,284;2025-03-05 03:40:00.0;0,00
CURITIBA;410690210A;PR;Umbará;-25,555;-49,284;2025-03-05 04:40:00.0;0,00
CURITIBA;410690210A;PR;Umbará;-25,555;-49,284;2025-03-05 05:40:00.0;0,00
CURITIBA;410690210A;PR;Umbará;-25,555;-49,284;2025-03-05 06:40:00.0;0,00
CURITIBA;410690210A;PR;Umbará;-25,555;-49,284;2025-03-05 07:40:00.0;0,00
CURITIBA;410690210A;PR;Umbará;-25,555;-49,284;2025-03-05 08:40:00.0;0,00
CURITIBA;410690210A;PR;Umbará;-25,555;-49,284;2025-03-05 09:40:00.0;0,00
CURITIBA;410690210A;PR;Umbará;-25,555;-49,284;2025-03-05 10:40:00.0;0,00
CURITIBA;410690210A;PR;Umbará;-25,555;-49,284;2025-03-05 11:40:00.0;0,00
CURITIBA;410690210A;PR;Umbará;-25,555;-49,284;2025-03-05 12:40:00.0;0,00
CURITIBA;410690210A;PR;Umbará;-25,555;-49,284;2025-03-05 13:40:00.0;0,00
CURITIBA;410690210A;PR;Umbará;-25,555;-49,284;2025-03-05 14:40:00.0;0,00
CURITIBA;410690210A;PR;Umbará;-25,555;-49,284;2025-03-05 15:40:00.0;0,00
CURITIBA;410690210A;PR;Umbará;-25,555;-49,284;2025-03-05 16:40:00.0;0,00
CURITIBA;410690210A;PR;Umbará;-25,555;-49,284;2025-03-05 17:40:00.0;0,00
CURITIBA;410690210A;PR;Umbará;-25,555;-49,284;2025-03-05 18:40:00.0;0,00
CURITIBA;410690210A;PR;Umbará;-25,555;-49,284;2025-03-05 19:40:00.0;0,00
CURITIBA;410690210A;PR;Umbará;-25,555;-49,284;2025-03-05 20:40:00.0;0,00
CURITIBA;410690210A;PR;Umbará;-25,555;-49,284;2025-03-05 21:40:00.0;0,00
CURITIBA;410690210A;PR;Umbará;-25,555;-49,284;2025-03-05 22:40:00.0;0,00
CURITIBA;410690210A;PR;Umbará;-25,555;-49,284;2025-03-05 23:40:00.0;0,00
CURITIBA;410690210A;PR;Umbará;-25,555;-49,284;2025-03-06 00:40:00.0;0,00
CURITIBA;410690210A;PR;Umbará;-25,555;-49,284;2025-03-06 01:40:00.0;0,00
CURITIBA;410690210A;PR;Umbará;-25,555;-49,284;2025-03-06 02:40:00.0;0,00
CURITIBA;410690210A;PR;Umbará;-25,555;-49,284;2025-03-06 03:40:00.0;0,00
CURITIBA;410690210A;PR;Umbará;-25,555;-49,284;2025-03-06 04:40:00.0;0,00
CURITIBA;410690210A;PR;Umbará;-25,555;-49,284;2025-03-06 05:40:00.0;0,00
CURITIBA;410690210A;PR;Umbará;-25,555;-49,284;2025-03-06 06:40:00.0;0,00
CURITIBA;410690210A;PR;Umbará;-25,555;-49,284;2025-03-06 07:40:00.0;0,00
CURITIBA;410690210A;PR;Umbará;-25,555;-49,284;2025-03-06 08:40:00.0;0,00
CURITIBA;410690210A;PR;Umbará;-25,555;-49,284;2025-03-06 09:40:00.0;0,00
CURITIBA;410690210A;PR;Umbará;-25,555;-49,284;2025-03-06 10:40:00.0;0,00
CURITIBA;410690210A;PR;Umbará;-25,555;-49,284;2025-03-06 11:40:00.0;0,00
CURITIBA;410690210A;PR;Umbará;-25,555;-49,284;2025-03-06 12:40:00.0;0,00
CURITIBA;410690210A;PR;Umbará;-25,555;-49,284;2025-03-06 13:40:00.0;0,00
CURITIBA;410690210A;PR;Umbará;-25,555;-49,284;2025-03-06 14:40:00.0;0,00
CURITIBA;410690210A;PR;Umbará;-25,555;-49,284;2025-03-06 15:40:00.0;0,00
CURITIBA;410690210A;PR;Umbará;-25,555;-49,284;2025-03-06 16:40:00.0;0,00
CURITIBA;410690210A;PR;Umbará;-25,555;-49,284;2025-03-06 17:40:00.0;0,00
CURITIBA;410690210A;PR;Umbará;-25,555;-49,284;2025-03-06 18:40:00.0;0,00
CURITIBA;410690210A;PR;Umbará;-25,555;-49,284;2025-03-06 19:40:00.0;0,00
CURITIBA;410690210A;PR;Umbará;-25,555;-49,284;2025-03-06 20:40:00.0;0,00
CURITIBA;410690210A;PR;Umbará;-25,555;-49,284;2025-03-06 21:40:00.0;0,00
CURITIBA;410690210A;PR;Umbará;-25,555;-49,284;2025-03-06 22:40:00.0;0,00
CURITIBA;410690210A;PR;Umbará;-25,555;-49,284;2025-03-06 23:40:00.0;0,00
CURITIBA;410690210A;PR;Umbará;-25,555;-49,284;2025-03-07 00:40:00.0;0,00
CURITIBA;410690210A;PR;Umbará;-25,555;-49,284;2025-03-07 01:40:00.0;0,00
CURITIBA;410690210A;PR;Umbará;-25,555;-49,284;2025-03-07 02:40:00.0;0,00
CURITIBA;410690210A;PR;Umbará;-25,555;-49,284;2025-03-07 03:40:00.0;0,00
CURITIBA;410690210A;PR;Umbará;-25,555;-49,284;2025-03-07 04:40:00.0;0,00
CURITIBA;410690210A;PR;Umbará;-25,555;-49,284;2025-03-07 05:40:00.0;0,00
CURITIBA;410690210A;PR;Umbará;-25,555;-49,284;2025-03-07 06:40:00.0;0,00
CURITIBA;410690210A;PR;Umbará;-25,555;-49,284;2025-03-07 07:40:00.0;0,00
CURITIBA;410690210A;PR;Umbará;-25,555;-49,284;2025-03-07 08:40:00.0;0,00
CURITIBA;410690210A;PR;Umbará;-25,555;-49,284;2025-03-07 09:40:00.0;0,00
CURITIBA;410690210A;PR;Umbará;-25,555;-49,284;2025-03-07 10:40:00.0;0,00
CURITIBA;410690210A;PR;Umbará;-25,555;-49,284;2025-03-07 11:40:00.0;0,00
CURITIBA;410690210A;PR;Umbará;-25,555;-49,284;2025-03-07 12:40:00.0;0,00
CURITIBA;410690210A;PR;Umbará;-25,555;-49,284;2025-03-07 13:40:00.0;0,00
CURITIBA;410690210A;PR;Umbará;-25,555;-49,284;2025-03-07 14:40:00.0;0,00
CURITIBA;410690210A;PR;Umbará;-25,555;-49,284;2025-03-07 15:40:00.0;0,00
CURITIBA;410690210A;PR;Umbará;-25,555;-49,284;2025-03-07 16:40:00.0;0,00
CURITIBA;410690210A;PR;Umbará;-25,555;-49,284;2025-03-07 17:40:00.0;0,00
CURITIBA;410690210A;PR;Umbará;-25,555;-49,284;2025-03-07 18:40:00.0;0,00
CURITIBA;410690210A;PR;Umbará;-25,555;-49,284;2025-03-07 19:40:00.0;0,00
CURITIBA;410690210A;PR;Umbará;-25,555;-49,284;2025-03-07 20:40:00.0;0,00
CURITIBA;410690210A;PR;Umbará;-25,555;-49,284;2025-03-07 21:40:00.0;0,00
CURITIBA;410690210A;PR;Umbará;-25,555;-49,284;2025-03-07 22:40:00.0;0,00
CURITIBA;410690210A;PR;Umbará;-25,555;-49,284;2025-03-07 23:40:00.0;0,00
CURITIBA;410690210A;PR;Umbará;-25,555;-49,284;2025-03-08 00:40:00.0;0,00
CURITIBA;410690210A;PR;Umbará;-25,555;-49,284;2025-03-08 01:40:00.0;0,00
CURITIBA;410690210A;PR;Umbará;-25,555;-49,284;2025-03-08 02:40:00.0;0,00
CURITIBA;410690210A;PR;Umbará;-25,555;-49,284;2025-03-08 03:40:00.0;0,00
CURITIBA;410690210A;PR;Umbará;-25,555;-49,284;2025-03-08 04:40:00.0;0,00
CURITIBA;410690210A;PR;Umbará;-25,555;-49,284;2025-03-08 05:40:00.0;0,00
CURITIBA;410690210A;PR;Umbará;-25,555;-49,284;2025-03-08 06:40:00.0;0,00
CURITIBA;410690210A;PR;Umbará;-25,555;-49,284;2025-03-08 07:40:00.0;0,00
CURITIBA;410690210A;PR;Umbará;-25,555;-49,284;2025-03-08 08:40:00.0;0,00
CURITIBA;410690210A;PR;Umbará;-25,555;-49,284;2025-03-08 09:40:00.0;0,00
CURITIBA;410690210A;PR;Umbará;-25,555;-49,284;2025-03-08 10:40:00.0;0,00
CURITIBA;410690210A;PR;Umbará;-25,555;-49,284;2025-03-08 11:40:00.0;0,00
CURITIBA;410690210A;PR;Umbará;-25,555;-49,284;2025-03-08 12:40:00.0;0,00
CURITIBA;410690210A;PR;Umbará;-25,555;-49,284;2025-03-08 13:40:00.0;0,00
CURITIBA;410690210A;PR;Umbará;-25,555;-49,284;2025-03-08 14:40:00.0;0,00
CURITIBA;410690210A;PR;Umbará;-25,555;-49,284;2025-03-08 15:40:00.0;0,00
CURITIBA;410690210A;PR;Umbará;-25,555;-49,284;2025-03-08 16:40:00.0;0,00
CURITIBA;410690210A;PR;Umbará;-25,555;-49,284;2025-03-08 17:40:00.0;0,00
CURITIBA;410690210A;PR;Umbará;-25,555;-49,284;2025-03-08 18:40:00.0;0,00
CURITIBA;410690210A;PR;Umbará;-25,555;-49,284;2025-03-08 19:40:00.0;0,00
CURITIBA;410690210A;PR;Umbará;-25,555;-49,284;2025-03-08 20:40:00.0;0,00
CURITIBA;410690210A;PR;Umbará;-25,555;-49,284;2025-03-08 21:40:00.0;0,00
CURITIBA;410690210A;PR;Umbará;-25,555;-49,284;2025-03-08 22:40:00.0;0,00
CURITIBA;410690210A;PR;Umbará;-25,555;-49,284;2025-03-08 23:40:00.0;0,00
CURITIBA;410690210A;PR;Umbará;-25,555;-49,284;2025-03-09 00:40:00.0;0,00
CURITIBA;410690210A;PR;Umbará;-25,555;-49,284;2025-03-09 01:40:00.0;0,00
CURITIBA;410690210A;PR;Umbará;-25,555;-49,284;2025-03-09 02:40:00.0;0,00
CURITIBA;410690210A;PR;Umbará;-25,555;-49,284;2025-03-09 03:40:00.0;0,00
CURITIBA;410690210A;PR;Umbará;-25,555;-49,284;2025-03-09 04:40:00.0;0,00
CURITIBA;410690210A;PR;Umbará;-25,555;-49,284;2025-03-09 05:40:00.0;0,00
CURITIBA;410690210A;PR;Umbará;-25,555;-49,284;2025-03-09 06:40:00.0;0,00
CURITIBA;410690210A;PR;Umbará;-25,555;-49,284;2025-03-09 07:40:00.0;0,00
CURITIBA;410690210A;PR;Umbará;-25,555;-49,284;2025-03-09 08:40:00.0;0,00
CURITIBA;410690210A;PR;Umbará;-25,555;-49,284;2025-03-09 09:40:00.0;0,00
CURITIBA;410690210A;PR;Umbará;-25,555;-49,284;2025-03-09 10:40:00.0;0,00
CURITIBA;410690210A;PR;Umbará;-25,555;-49,284;2025-03-09 11:40:00.0;0,00
CURITIBA;410690210A;PR;Umbará;-25,555;-49,284;2025-03-09 12:40:00.0;0,00
CURITIBA;410690210A;PR;Umbará;-25,555;-49,284;2025-03-09 13:40:00.0;0,00
CURITIBA;410690210A;PR;Umbará;-25,555;-49,284;2025-03-09 14:40:00.0;0,00
CURITIBA;410690210A;PR;Umbará;-25,555;-49,284;2025-03-09 15:40:00.0;0,00
CURITIBA;410690210A;PR;Umbará;-25,555;-49,284;2025-03-09 16:40:00.0;0,00
CURITIBA;410690210A;PR;Umbará;-25,555;-49,284;2025-03-09 17:40:00.0;0,00
CURITIBA;410690210A;PR;Umbará;-25,555;-49,284;2025-03-09 18:40:00.0;0,00
CURITIBA;410690210A;PR;Umbará;-25,555;-49,284;2025-03-09 19:40:00.0;0,00
CURITIBA;410690210A;PR;Umbará;-25,555;-49,284;2025-03-09 20:40:00.0;0,00
CURITIBA;410690210A;PR;Umbará;-25,555;-49,284;2025-03-09 21:20:00.0;1,60
CURITIBA;410690210A;PR;Umbará;-25,555;-49,284;2025-03-09 21:30:00.0;5,40
CURITIBA;410690210A;PR;Umbará;-25,555;-49,284;2025-03-09 21:40:00.0;4,80
CURITIBA;410690210A;PR;Umbará;-25,555;-49,284;2025-03-09 21:50:00.0;3,00
CURITIBA;410690210A;PR;Umbará;-25,555;-49,284;2025-03-09 22:00:00.0;4,00
CURITIBA;410690210A;PR;Umbará;-25,555;-49,284;2025-03-09 22:10:00.0;3,40
CURITIBA;410690210A;PR;Umbará;-25,555;-49,284;2025-03-09 22:20:00.0;3,00
CURITIBA;410690210A;PR;Umbará;-25,555;-49,284;2025-03-09 22:30:00.0;1,20
CURITIBA;410690210A;PR;Umbará;-25,555;-49,284;2025-03-09 22:40:00.0;2,20
CURITIBA;410690210A;PR;Umbará;-25,555;-49,284;2025-03-09 22:50:00.0;0,20
CURITIBA;410690210A;PR;Umbará;-25,555;-49,284;2025-03-09 23:00:00.0;0,40
CURITIBA;410690210A;PR;Umbará;-25,555;-49,284;2025-03-09 23:20:00.0;0,20
CURITIBA;410690210A;PR;Umbará;-25,555;-49,284;2025-03-09 23:40:00.0;0,00
CURITIBA;410690210A;PR;Umbará;-25,555;-49,284;2025-03-10 00:10:00.0;0,20
CURITIBA;410690210A;PR;Umbará;-25,555;-49,284;2025-03-10 00:40:00.0;0,00
CURITIBA;410690210A;PR;Umbará;-25,555;-49,284;2025-03-10 01:40:00.0;0,00
CURITIBA;410690210A;PR;Umbará;-25,555;-49,284;2025-03-10 02:40:00.0;0,00
CURITIBA;410690210A;PR;Umbará;-25,555;-49,284;2025-03-10 03:40:00.0;0,00
CURITIBA;410690210A;PR;Umbará;-25,555;-49,284;2025-03-10 04:40:00.0;0,00
CURITIBA;410690210A;PR;Umbará;-25,555;-49,284;2025-03-10 05:40:00.0;0,00
CURITIBA;410690210A;PR;Umbará;-25,555;-49,284;2025-03-10 06:40:00.0;0,00
CURITIBA;410690210A;PR;Umbará;-25,555;-49,284;2025-03-10 07:40:00.0;0,00
CURITIBA;410690210A;PR;Umbará;-25,555;-49,284;2025-03-10 08:40:00.0;0,00
CURITIBA;410690210A;PR;Umbará;-25,555;-49,284;2025-03-10 09:40:00.0;0,00
CURITIBA;410690210A;PR;Umbará;-25,555;-49,284;2025-03-10 10:40:00.0;0,00
CURITIBA;410690210A;PR;Umbará;-25,555;-49,284;2025-03-10 11:40:00.0;0,00
CURITIBA;410690210A;PR;Umbará;-25,555;-49,284;2025-03-10 12:40:00.0;0,00
CURITIBA;410690210A;PR;Umbará;-25,555;-49,284;2025-03-10 13:40:00.0;0,00
CURITIBA;410690210A;PR;Umbará;-25,555;-49,284;2025-03-10 14:40:00.0;0,00
CURITIBA;410690210A;PR;Umbará;-25,555;-49,284;2025-03-10 15:40:00.0;0,00
CURITIBA;410690210A;PR;Umbará;-25,555;-49,284;2025-03-10 16:40:00.0;0,00
CURITIBA;410690210A;PR;Umbará;-25,555;-49,284;2025-03-10 17:40:00.0;0,00
CURITIBA;410690210A;PR;Umbará;-25,555;-49,284;2025-03-10 18:40:00.0;0,00
CURITIBA;410690210A;PR;Umbará;-25,555;-49,284;2025-03-10 19:40:00.0;0,00
CURITIBA;410690210A;PR;Umbará;-25,555;-49,284;2025-03-10 20:40:00.0;0,00
CURITIBA;410690210A;PR;Umbará;-25,555;-49,284;2025-03-10 21:40:00.0;0,00
CURITIBA;410690210A;PR;Umbará;-25,555;-49,284;2025-03-10 22:40:00.0;0,00
CURITIBA;410690210A;PR;Umbará;-25,555;-49,284;2025-03-10 23:40:00.0;0,00
CURITIBA;410690210A;PR;Umbará;-25,555;-49,284;2025-03-11 00:40:00.0;0,00
CURITIBA;410690210A;PR;Umbará;-25,555;-49,284;2025-03-11 01:40:00.0;0,00
CURITIBA;410690210A;PR;Umbará;-25,555;-49,284;2025-03-11 02:40:00.0;0,00
CURITIBA;410690210A;PR;Umbará;-25,555;-49,284;2025-03-11 03:40:00.0;0,00
CURITIBA;410690210A;PR;Umbará;-25,555;-49,284;2025-03-11 04:40:00.0;0,00
CURITIBA;410690210A;PR;Umbará;-25,555;-49,284;2025-03-11 05:40:00.0;0,00
CURITIBA;410690210A;PR;Umbará;-25,555;-49,284;2025-03-11 06:40:00.0;0,00
CURITIBA;410690210A;PR;Umbará;-25,555;-49,284;2025-03-11 07:40:00.0;0,00
CURITIBA;410690210A;PR;Umbará;-25,555;-49,284;2025-03-11 08:40:00.0;0,00
CURITIBA;410690210A;PR;Umbará;-25,555;-49,284;2025-03-11 09:40:00.0;0,00
CURITIBA;410690210A;PR;Umbará;-25,555;-49,284;2025-03-11 10:40:00.0;0,00
CURITIBA;410690210A;PR;Umbará;-25,555;-49,284;2025-03-11 11:40:00.0;0,00
CURITIBA;410690210A;PR;Umbará;-25,555;-49,284;2025-03-11 12:40:00.0;0,00
CURITIBA;410690210A;PR;Umbará;-25,555;-49,284;2025-03-11 13:40:00.0;0,00
CURITIBA;410690210A;PR;Umbará;-25,555;-49,284;2025-03-11 14:40:00.0;0,00
CURITIBA;410690210A;PR;Umbará;-25,555;-49,284;2025-03-11 15:40:00.0;0,00
CURITIBA;410690210A;PR;Umbará;-25,555;-49,284;2025-03-11 16:40:00.0;0,00
CURITIBA;410690210A;PR;Umbará;-25,555;-49,284;2025-03-11 17:40:00.0;0,00
CURITIBA;410690210A;PR;Umbará;-25,555;-49,284;2025-03-11 18:40:00.0;5,00
CURITIBA;410690210A;PR;Umbará;-25,555;-49,284;2025-03-11 18:50:00.0;0,40
CURITIBA;410690210A;PR;Umbará;-25,555;-49,284;2025-03-11 19:00:00.0;2,00
CURITIBA;410690210A;PR;Umbará;-25,555;-49,284;2025-03-11 19:10:00.0;3,60
CURITIBA;410690210A;PR;Umbará;-25,555;-49,284;2025-03-11 19:20:00.0;4,00
CURITIBA;410690210A;PR;Umbará;-25,555;-49,284;2025-03-11 19:30:00.0;3,40
CURITIBA;410690210A;PR;Umbará;-25,555;-49,284;2025-03-11 19:40:00.0;1,40
CURITIBA;410690210A;PR;Umbará;-25,555;-49,284;2025-03-11 19:50:00.0;2,80
CURITIBA;410690210A;PR;Umbará;-25,555;-49,284;2025-03-11 20:00:00.0;1,00
CURITIBA;410690210A;PR;Umbará;-25,555;-49,284;2025-03-11 20:10:00.0;0,60
CURITIBA;410690210A;PR;Umbará;-25,555;-49,284;2025-03-11 20:20:00.0;0,20
CURITIBA;410690210A;PR;Umbará;-25,555;-49,284;2025-03-11 20:30:00.0;1,80
CURITIBA;410690210A;PR;Umbará;-25,555;-49,284;2025-03-11 20:40:00.0;1,40
CURITIBA;410690210A;PR;Umbará;-25,555;-49,284;2025-03-11 20:50:00.0;0,60
CURITIBA;410690210A;PR;Umbará;-25,555;-49,284;2025-03-11 21:00:00.0;0,40
CURITIBA;410690210A;PR;Umbará;-25,555;-49,284;2025-03-11 21:10:00.0;0,20
CURITIBA;410690210A;PR;Umbará;-25,555;-49,284;2025-03-11 21:20:00.0;0,60
CURITIBA;410690210A;PR;Umbará;-25,555;-49,284;2025-03-11 21:30:00.0;0,40
CURITIBA;410690210A;PR;Umbará;-25,555;-49,284;2025-03-11 21:40:00.0;0,20
CURITIBA;410690210A;PR;Umbará;-25,555;-49,284;2025-03-11 21:50:00.0;1,00
CURITIBA;410690210A;PR;Umbará;-25,555;-49,284;2025-03-11 22:00:00.0;1,40
CURITIBA;410690210A;PR;Umbará;-25,555;-49,284;2025-03-11 22:10:00.0;0,80
CURITIBA;410690210A;PR;Umbará;-25,555;-49,284;2025-03-11 22:20:00.0;0,60
CURITIBA;410690210A;PR;Umbará;-25,555;-49,284;2025-03-11 22:30:00.0;1,20
CURITIBA;410690210A;PR;Umbará;-25,555;-49,284;2025-03-11 22:40:00.0;1,00
CURITIBA;410690210A;PR;Umbará;-25,555;-49,284;2025-03-11 22:50:00.0;0,80
CURITIBA;410690210A;PR;Umbará;-25,555;-49,284;2025-03-11 23:00:00.0;0,80
CURITIBA;410690210A;PR;Umbará;-25,555;-49,284;2025-03-11 23:10:00.0;0,80
CURITIBA;410690210A;PR;Umbará;-25,555;-49,284;2025-03-11 23:20:00.0;0,80
CURITIBA;410690210A;PR;Umbará;-25,555;-49,284;2025-03-11 23:30:00.0;1,20
CURITIBA;410690210A;PR;Umbará;-25,555;-49,284;2025-03-11 23:40:00.0;1,00
CURITIBA;410690210A;PR;Umbará;-25,555;-49,284;2025-03-11 23:50:00.0;0,40
CURITIBA;410690210A;PR;Umbará;-25,555;-49,284;2025-03-12 00:20:00.0;0,20
CURITIBA;410690210A;PR;Umbará;-25,555;-49,284;2025-03-12 00:40:00.0;0,00
CURITIBA;410690210A;PR;Umbará;-25,555;-49,284;2025-03-12 01:40:00.0;0,00
CURITIBA;410690210A;PR;Umbará;-25,555;-49,284;2025-03-12 02:40:00.0;0,00
CURITIBA;410690210A;PR;Umbará;-25,555;-49,284;2025-03-12 03:40:00.0;0,00
CURITIBA;410690210A;PR;Umbará;-25,555;-49,284;2025-03-12 04:40:00.0;0,00
CURITIBA;410690210A;PR;Umbará;-25,555;-49,284;2025-03-12 05:40:00.0;0,00
CURITIBA;410690210A;PR;Umbará;-25,555;-49,284;2025-03-12 06:40:00.0;0,00
CURITIBA;410690210A;PR;Umbará;-25,555;-49,284;2025-03-12 07:40:00.0;0,20
CURITIBA;410690210A;PR;Umbará;-25,555;-49,284;2025-03-12 08:40:00.0;0,00
CURITIBA;410690210A;PR;Umbará;-25,555;-49,284;2025-03-12 09:40:00.0;0,00
CURITIBA;410690210A;PR;Umbará;-25,555;-49,284;2025-03-12 09:50:00.0;0,20
CURITIBA;410690210A;PR;Umbará;-25,555;-49,284;2025-03-12 10:40:00.0;0,00
CURITIBA;410690210A;PR;Umbará;-25,555;-49,284;2025-03-12 11:40:00.0;0,00
CURITIBA;410690210A;PR;Umbará;-25,555;-49,284;2025-03-12 12:40:00.0;0,00
CURITIBA;410690210A;PR;Umbará;-25,555;-49,284;2025-03-12 13:40:00.0;0,00
CURITIBA;410690210A;PR;Umbará;-25,555;-49,284;2025-03-12 14:40:00.0;0,00
CURITIBA;410690210A;PR;Umbará;-25,555;-49,284;2025-03-12 15:40:00.0;0,00
CURITIBA;410690210A;PR;Umbará;-25,555;-49,284;2025-03-12 16:00:00.0;0,20
CURITIBA;410690210A;PR;Umbará;-25,555;-49,284;2025-03-12 16:40:00.0;0,00
CURITIBA;410690210A;PR;Umbará;-25,555;-49,284;2025-03-12 17:40:00.0;0,00
CURITIBA;410690210A;PR;Umbará;-25,555;-49,284;2025-03-12 18:40:00.0;0,00
CURITIBA;410690210A;PR;Umbará;-25,555;-49,284;2025-03-12 19:40:00.0;0,00
CURITIBA;410690210A;PR;Umbará;-25,555;-49,284;2025-03-12 20:40:00.0;0,00
CURITIBA;410690210A;PR;Umbará;-25,555;-49,284;2025-03-12 21:40:00.0;0,00
CURITIBA;410690210A;PR;Umbará;-25,555;-49,284;2025-03-12 22:40:00.0;0,00
CURITIBA;410690210A;PR;Umbará;-25,555;-49,284;2025-03-12 23:40:00.0;0,00
CURITIBA;410690210A;PR;Umbará;-25,555;-49,284;2025-03-13 00:40:00.0;0,00
CURITIBA;410690210A;PR;Umbará;-25,555;-49,284;2025-03-13 01:20:00.0;0,20
CURITIBA;410690210A;PR;Umbará;-25,555;-49,284;2025-03-13 01:30:00.0;0,20
CURITIBA;410690210A;PR;Umbará;-25,555;-49,284;2025-03-13 01:40:00.0;0,20
CURITIBA;410690210A;PR;Umbará;-25,555;-49,284;2025-03-13 02:40:00.0;0,20
CURITIBA;410690210A;PR;Umbará;-25,555;-49,284;2025-03-13 03:40:00.0;0,00
CURITIBA;410690210A;PR;Umbará;-25,555;-49,284;2025-03-13 04:40:00.0;0,00
CURITIBA;410690210A;PR;Umbará;-25,555;-49,284;2025-03-13 05:40:00.0;0,00
CURITIBA;410690210A;PR;Umbará;-25,555;-49,284;2025-03-13 06:10:00.0;0,20
CURITIBA;410690210A;PR;Umbará;-25,555;-49,284;2025-03-13 06:20:00.0;0,20
CURITIBA;410690210A;PR;Umbará;-25,555;-49,284;2025-03-13 06:30:00.0;0,60
CURITIBA;410690210A;PR;Umbará;-25,555;-49,284;2025-03-13 06:40:00.0;0,60
CURITIBA;410690210A;PR;Umbará;-25,555;-49,284;2025-03-13 06:50:00.0;0,40
CURITIBA;410690210A;PR;Umbará;-25,555;-49,284;2025-03-13 07:00:00.0;0,40
CURITIBA;410690210A;PR;Umbará;-25,555;-49,284;2025-03-13 07:10:00.0;0,20
CURITIBA;410690210A;PR;Umbará;-25,555;-49,284;2025-03-13 07:30:00.0;0,20
CURITIBA;410690210A;PR;Umbará;-25,555;-49,284;2025-03-13 07:40:00.0;0,00
CURITIBA;410690210A;PR;Umbará;-25,555;-49,284;2025-03-13 07:50:00.0;0,20
CURITIBA;410690210A;PR;Umbará;-25,555;-49,284;2025-03-13 08:00:00.0;0,20
CURITIBA;410690210A;PR;Umbará;-25,555;-49,284;2025-03-13 08:20:00.0;0,20
CURITIBA;410690210A;PR;Umbará;-25,555;-49,284;2025-03-13 08:40:00.0;0,00
CURITIBA;410690210A;PR;Umbará;-25,555;-49,284;2025-03-13 09:40:00.0;0,00
CURITIBA;410690210A;PR;Umbará;-25,555;-49,284;2025-03-13 10:40:00.0;0,00
CURITIBA;410690210A;PR;Umbará;-25,555;-49,284;2025-03-13 11:40:00.0;0,00
CURITIBA;410690210A;PR;Umbará;-25,555;-49,284;2025-03-13 12:40:00.0;0,00
CURITIBA;410690210A;PR;Umbará;-25,555;-49,284;2025-03-13 13:00:00.0;0,20
CURITIBA;410690210A;PR;Umbará;-25,555;-49,284;2025-03-13 13:40:00.0;0,00
CURITIBA;410690210A;PR;Umbará;-25,555;-49,284;2025-03-13 14:40:00.0;0,00
CURITIBA;410690210A;PR;Umbará;-25,555;-49,284;2025-03-13 15:40:00.0;0,00
CURITIBA;410690210A;PR;Umbará;-25,555;-49,284;2025-03-13 16:40:00.0;0,00
CURITIBA;410690210A;PR;Umbará;-25,555;-49,284;2025-03-13 17:40:00.0;0,00
CURITIBA;410690210A;PR;Umbará;-25,555;-49,284;2025-03-13 18:40:00.0;0,00
CURITIBA;410690210A;PR;Umbará;-25,555;-49,284;2025-03-13 19:40:00.0;0,00
CURITIBA;410690210A;PR;Umbará;-25,555;-49,284;2025-03-13 20:40:00.0;0,00
CURITIBA;410690210A;PR;Umbará;-25,555;-49,284;2025-03-13 21:40:00.0;0,00
CURITIBA;410690210A;PR;Umbará;-25,555;-49,284;2025-03-13 22:00:00.0;1,20
CURITIBA;410690210A;PR;Umbará;-25,555;-49,284;2025-03-13 22:10:00.0;3,00
CURITIBA;410690210A;PR;Umbará;-25,555;-49,284;2025-03-13 22:20:00.0;5,60
CURITIBA;410690210A;PR;Umbará;-25,555;-49,284;2025-03-13 22:30:00.0;2,00
CURITIBA;410690210A;PR;Umbará;-25,555;-49,284;2025-03-13 22:40:00.0;0,80
CURITIBA;410690210A;PR;Umbará;-25,555;-49,284;2025-03-13 22:50:00.0;0,80
CURITIBA;410690210A;PR;Umbará;-25,555;-49,284;2025-03-13 23:00:00.0;0,20
CURITIBA;410690210A;PR;Umbará;-25,555;-49,284;2025-03-13 23:40:00.0;0,00
CURITIBA;410690210A;PR;Umbará;-25,555;-49,284;2025-03-14 00:40:00.0;0,00
CURITIBA;410690210A;PR;Umbará;-25,555;-49,284;2025-03-14 01:40:00.0;0,00
CURITIBA;410690210A;PR;Umbará;-25,555;-49,284;2025-03-14 02:40:00.0;0,00
CURITIBA;410690210A;PR;Umbará;-25,555;-49,284;2025-03-14 03:40:00.0;0,00
CURITIBA;410690210A;PR;Umbará;-25,555;-49,284;2025-03-14 04:40:00.0;0,00
CURITIBA;410690210A;PR;Umbará;-25,555;-49,284;2025-03-14 05:40:00.0;0,00
CURITIBA;410690210A;PR;Umbará;-25,555;-49,284;2025-03-14 06:40:00.0;0,00
CURITIBA;410690210A;PR;Umbará;-25,555;-49,284;2025-03-14 07:40:00.0;0,00
CURITIBA;410690210A;PR;Umbará;-25,555;-49,284;2025-03-14 08:40:00.0;0,00
CURITIBA;410690210A;PR;Umbará;-25,555;-49,284;2025-03-14 09:40:00.0;0,00
CURITIBA;410690210A;PR;Umbará;-25,555;-49,284;2025-03-14 10:40:00.0;0,00
CURITIBA;410690210A;PR;Umbará;-25,555;-49,284;2025-03-14 11:40:00.0;0,00
CURITIBA;410690210A;PR;Umbará;-25,555;-49,284;2025-03-14 12:40:00.0;0,00
CURITIBA;410690210A;PR;Umbará;-25,555;-49,284;2025-03-14 13:40:00.0;0,00
CURITIBA;410690210A;PR;Umbará;-25,555;-49,284;2025-03-14 14:40:00.0;0,00
CURITIBA;410690210A;PR;Umbará;-25,555;-49,284;2025-03-14 15:40:00.0;0,00
CURITIBA;410690210A;PR;Umbará;-25,555;-49,284;2025-03-14 16:40:00.0;0,00
CURITIBA;410690210A;PR;Umbará;-25,555;-49,284;2025-03-14 17:40:00.0;0,00
CURITIBA;410690210A;PR;Umbará;-25,555;-49,284;2025-03-14 18:40:00.0;0,00
CURITIBA;410690210A;PR;Umbará;-25,555;-49,284;2025-03-14 19:40:00.0;0,00
CURITIBA;410690210A;PR;Umbará;-25,555;-49,284;2025-03-14 20:40:00.0;0,00
CURITIBA;410690210A;PR;Umbará;-25,555;-49,284;2025-03-14 21:40:00.0;0,00
CURITIBA;410690210A;PR;Umbará;-25,555;-49,284;2025-03-14 22:40:00.0;0,40
CURITIBA;410690210A;PR;Umbará;-25,555;-49,284;2025-03-14 22:50:00.0;0,80
CURITIBA;410690210A;PR;Umbará;-25,555;-49,284;2025-03-14 23:10:00.0;0,20
CURITIBA;410690210A;PR;Umbará;-25,555;-49,284;2025-03-14 23:40:00.0;0,00
CURITIBA;410690210A;PR;Umbará;-25,555;-49,284;2025-03-15 00:40:00.0;0,00
CURITIBA;410690210A;PR;Umbará;-25,555;-49,284;2025-03-15 01:40:00.0;0,00
CURITIBA;410690210A;PR;Umbará;-25,555;-49,284;2025-03-15 02:40:00.0;0,00
CURITIBA;410690210A;PR;Umbará;-25,555;-49,284;2025-03-15 03:40:00.0;0,00
CURITIBA;410690210A;PR;Umbará;-25,555;-49,284;2025-03-15 04:40:00.0;0,00
CURITIBA;410690210A;PR;Umbará;-25,555;-49,284;2025-03-15 05:40:00.0;0,00
CURITIBA;410690210A;PR;Umbará;-25,555;-49,284;2025-03-15 06:40:00.0;0,00
CURITIBA;410690210A;PR;Umbará;-25,555;-49,284;2025-03-15 07:20:00.0;0,20
CURITIBA;410690210A;PR;Umbará;-25,555;-49,284;2025-03-15 07:40:00.0;0,00
CURITIBA;410690210A;PR;Umbará;-25,555;-49,284;2025-03-15 08:40:00.0;0,00
CURITIBA;410690210A;PR;Umbará;-25,555;-49,284;2025-03-15 09:40:00.0;0,00
CURITIBA;410690210A;PR;Umbará;-25,555;-49,284;2025-03-15 10:40:00.0;0,00
CURITIBA;410690210A;PR;Umbará;-25,555;-49,284;2025-03-15 11:40:00.0;0,00
CURITIBA;410690210A;PR;Umbará;-25,555;-49,284;2025-03-15 12:40:00.0;0,00
CURITIBA;410690210A;PR;Umbará;-25,555;-49,284;2025-03-15 13:40:00.0;0,00
CURITIBA;410690210A;PR;Umbará;-25,555;-49,284;2025-03-15 14:40:00.0;0,00
CURITIBA;410690210A;PR;Umbará;-25,555;-49,284;2025-03-15 15:40:00.0;0,00
CURITIBA;410690210A;PR;Umbará;-25,555;-49,284;2025-03-15 16:40:00.0;0,00
CURITIBA;410690210A;PR;Umbará;-25,555;-49,284;2025-03-15 17:40:00.0;0,00
CURITIBA;410690210A;PR;Umbará;-25,555;-49,284;2025-03-15 18:40:00.0;0,80
CURITIBA;410690210A;PR;Umbará;-25,555;-49,284;2025-03-15 18:50:00.0;1,60
CURITIBA;410690210A;PR;Umbará;-25,555;-49,284;2025-03-15 19:00:00.0;0,20
CURITIBA;410690210A;PR;Umbará;-25,555;-49,284;2025-03-15 19:30:00.0;0,60
CURITIBA;410690210A;PR;Umbará;-25,555;-49,284;2025-03-15 19:40:00.0;0,20
CURITIBA;410690210A;PR;Umbará;-25,555;-49,284;2025-03-15 20:40:00.0;0,00
CURITIBA;410690210A;PR;Umbará;-25,555;-49,284;2025-03-15 22:40:00.0;0,00
CURITIBA;410690210A;PR;Umbará;-25,555;-49,284;2025-03-15 23:40:00.0;0,00
CURITIBA;410690210A;PR;Umbará;-25,555;-49,284;2025-03-16 00:40:00.0;0,00
CURITIBA;410690210A;PR;Umbará;-25,555;-49,284;2025-03-16 01:40:00.0;0,00
CURITIBA;410690210A;PR;Umbará;-25,555;-49,284;2025-03-16 02:40:00.0;0,00
CURITIBA;410690210A;PR;Umbará;-25,555;-49,284;2025-03-16 03:40:00.0;0,00
CURITIBA;410690210A;PR;Umbará;-25,555;-49,284;2025-03-16 04:40:00.0;0,00
CURITIBA;410690210A;PR;Umbará;-25,555;-49,284;2025-03-16 05:40:00.0;0,00
CURITIBA;410690210A;PR;Umbará;-25,555;-49,284;2025-03-16 06:40:00.0;0,00
CURITIBA;410690210A;PR;Umbará;-25,555;-49,284;2025-03-16 07:40:00.0;0,00
CURITIBA;410690210A;PR;Umbará;-25,555;-49,284;2025-03-16 08:40:00.0;0,00
CURITIBA;410690210A;PR;Umbará;-25,555;-49,284;2025-03-16 09:40:00.0;0,00
CURITIBA;410690210A;PR;Umbará;-25,555;-49,284;2025-03-16 10:40:00.0;0,00
CURITIBA;410690210A;PR;Umbará;-25,555;-49,284;2025-03-16 11:40:00.0;0,00
CURITIBA;410690210A;PR;Umbará;-25,555;-49,284;2025-03-16 12:40:00.0;0,00
CURITIBA;410690210A;PR;Umbará;-25,555;-49,284;2025-03-16 13:40:00.0;0,00
CURITIBA;410690210A;PR;Umbará;-25,555;-49,284;2025-03-16 14:40:00.0;0,00
CURITIBA;410690210A;PR;Umbará;-25,555;-49,284;2025-03-16 15:40:00.0;0,00
CURITIBA;410690210A;PR;Umbará;-25,555;-49,284;2025-03-16 16:40:00.0;0,00
CURITIBA;410690210A;PR;Umbará;-25,555;-49,284;2025-03-16 17:40:00.0;0,00
CURITIBA;410690210A;PR;Umbará;-25,555;-49,284;2025-03-16 18:40:00.0;0,00
CURITIBA;410690210A;PR;Umbará;-25,555;-49,284;2025-03-16 19:40:00.0;0,00
CURITIBA;410690210A;PR;Umbará;-25,555;-49,284;2025-03-16 20:40:00.0;0,00
CURITIBA;410690210A;PR;Umbará;-25,555;-49,284;2025-03-16 21:40:00.0;0,00
CURITIBA;410690210A;PR;Umbará;-25,555;-49,284;2025-03-16 22:40:00.0;0,00
CURITIBA;410690210A;PR;Umbará;-25,555;-49,284;2025-03-16 23:40:00.0;0,00
CURITIBA;410690210A;PR;Umbará;-25,555;-49,284;2025-03-17 00:40:00.0;0,00
CURITIBA;410690210A;PR;Umbará;-25,555;-49,284;2025-03-17 01:40:00.0;0,00
CURITIBA;410690210A;PR;Umbará;-25,555;-49,284;2025-03-17 02:40:00.0;0,00
CURITIBA;410690210A;PR;Umbará;-25,555;-49,284;2025-03-17 03:40:00.0;0,00
CURITIBA;410690210A;PR;Umbará;-25,555;-49,284;2025-03-17 04:40:00.0;0,00
CURITIBA;410690210A;PR;Umbará;-25,555;-49,284;2025-03-17 05:40:00.0;0,00
CURITIBA;410690210A;PR;Umbará;-25,555;-49,284;2025-03-17 06:40:00.0;0,00
CURITIBA;410690210A;PR;Umbará;-25,555;-49,284;2025-03-17 07:40:00.0;0,00
CURITIBA;410690210A;PR;Umbará;-25,555;-49,284;2025-03-17 08:40:00.0;0,00
CURITIBA;410690210A;PR;Umbará;-25,555;-49,284;2025-03-17 09:40:00.0;0,00
CURITIBA;410690210A;PR;Umbará;-25,555;-49,284;2025-03-17 10:40:00.0;0,00
CURITIBA;410690210A;PR;Umbará;-25,555;-49,284;2025-03-17 11:40:00.0;0,00
CURITIBA;410690210A;PR;Umbará;-25,555;-49,284;2025-03-17 12:40:00.0;0,00
CURITIBA;410690210A;PR;Umbará;-25,555;-49,284;2025-03-17 13:40:00.0;0,00
CURITIBA;410690210A;PR;Umbará;-25,555;-49,284;2025-03-17 14:40:00.0;0,00
CURITIBA;410690210A;PR;Umbará;-25,555;-49,284;2025-03-17 15:40:00.0;0,00
CURITIBA;410690210A;PR;Umbará;-25,555;-49,284;2025-03-17 16:40:00.0;0,00
CURITIBA;410690210A;PR;Umbará;-25,555;-49,284;2025-03-17 17:40:00.0;0,00
CURITIBA;410690210A;PR;Umbará;-25,555;-49,284;2025-03-17 18:40:00.0;0,00
CURITIBA;410690210A;PR;Umbará;-25,555;-49,284;2025-03-17 19:40:00.0;0,00
CURITIBA;410690210A;PR;Umbará;-25,555;-49,284;2025-03-17 20:40:00.0;0,00
CURITIBA;410690210A;PR;Umbará;-25,555;-49,284;2025-03-17 21:40:00.0;0,00
CURITIBA;410690210A;PR;Umbará;-25,555;-49,284;2025-03-17 22:40:00.0;0,00
CURITIBA;410690210A;PR;Umbará;-25,555;-49,284;2025-03-17 23:40:00.0;0,00
CURITIBA;410690210A;PR;Umbará;-25,555;-49,284;2025-03-18 00:40:00.0;0,00
CURITIBA;410690210A;PR;Umbará;-25,555;-49,284;2025-03-18 01:40:00.0;0,00
CURITIBA;410690210A;PR;Umbará;-25,555;-49,284;2025-03-18 02:40:00.0;0,00
CURITIBA;410690210A;PR;Umbará;-25,555;-49,284;2025-03-18 03:40:00.0;0,00
CURITIBA;410690210A;PR;Umbará;-25,555;-49,284;2025-03-18 04:40:00.0;0,00
CURITIBA;410690210A;PR;Umbará;-25,555;-49,284;2025-03-18 05:40:00.0;0,00
CURITIBA;410690210A;PR;Umbará;-25,555;-49,284;2025-03-18 06:40:00.0;0,00
CURITIBA;410690210A;PR;Umbará;-25,555;-49,284;2025-03-18 07:40:00.0;0,00
CURITIBA;410690210A;PR;Umbará;-25,555;-49,284;2025-03-18 08:40:00.0;0,00
CURITIBA;410690210A;PR;Umbará;-25,555;-49,284;2025-03-18 09:40:00.0;0,00
CURITIBA;410690210A;PR;Umbará;-25,555;-49,284;2025-03-18 10:40:00.0;0,00
CURITIBA;410690210A;PR;Umbará;-25,555;-49,284;2025-03-18 11:40:00.0;0,00
CURITIBA;410690210A;PR;Umbará;-25,555;-49,284;2025-03-18 12:40:00.0;0,00
CURITIBA;410690210A;PR;Umbará;-25,555;-49,284;2025-03-18 13:40:00.0;0,00
CURITIBA;410690210A;PR;Umbará;-25,555;-49,284;2025-03-18 14:40:00.0;0,00
CURITIBA;410690210A;PR;Umbará;-25,555;-49,284;2025-03-18 15:40:00.0;0,00
CURITIBA;410690210A;PR;Umbará;-25,555;-49,284;2025-03-18 16:40:00.0;0,00
CURITIBA;410690210A;PR;Umbará;-25,555;-49,284;2025-03-18 17:40:00.0;0,00
CURITIBA;410690210A;PR;Umbará;-25,555;-49,284;2025-03-18 18:00:00.0;0,60
CURITIBA;410690210A;PR;Umbará;-25,555;-49,284;2025-03-18 18:10:00.0;0,40
CURITIBA;410690210A;PR;Umbará;-25,555;-49,284;2025-03-18 18:20:00.0;0,20
CURITIBA;410690210A;PR;Umbará;-25,555;-49,284;2025-03-18 18:40:00.0;0,40
CURITIBA;410690210A;PR;Umbará;-25,555;-49,284;2025-03-18 19:30:00.0;0,20
CURITIBA;410690210A;PR;Umbará;-25,555;-49,284;2025-03-18 20:40:00.0;0,00
CURITIBA;410690210A;PR;Umbará;-25,555;-49,284;2025-03-18 21:40:00.0;0,00
CURITIBA;410690210A;PR;Umbará;-25,555;-49,284;2025-03-18 22:40:00.0;0,00
CURITIBA;410690210A;PR;Umbará;-25,555;-49,284;2025-03-18 23:40:00.0;0,00
CURITIBA;410690210A;PR;Umbará;-25,555;-49,284;2025-03-19 00:40:00.0;0,00
CURITIBA;410690210A;PR;Umbará;-25,555;-49,284;2025-03-19 01:40:00.0;0,00
CURITIBA;410690210A;PR;Umbará;-25,555;-49,284;2025-03-19 02:40:00.0;0,00
CURITIBA;410690210A;PR;Umbará;-25,555;-49,284;2025-03-19 03:40:00.0;0,00
CURITIBA;410690210A;PR;Umbará;-25,555;-49,284;2025-03-19 04:40:00.0;0,00
CURITIBA;410690210A;PR;Umbará;-25,555;-49,284;2025-03-19 05:40:00.0;0,00
CURITIBA;410690210A;PR;Umbará;-25,555;-49,284;2025-03-19 06:40:00.0;0,00
CURITIBA;410690210A;PR;Umbará;-25,555;-49,284;2025-03-19 07:40:00.0;0,00
CURITIBA;410690210A;PR;Umbará;-25,555;-49,284;2025-03-19 08:40:00.0;0,00
CURITIBA;410690210A;PR;Umbará;-25,555;-49,284;2025-03-19 09:40:00.0;0,00
CURITIBA;410690210A;PR;Umbará;-25,555;-49,284;2025-03-19 10:40:00.0;0,00
CURITIBA;410690210A;PR;Umbará;-25,555;-49,284;2025-03-19 11:40:00.0;0,00
CURITIBA;410690210A;PR;Umbará;-25,555;-49,284;2025-03-19 12:40:00.0;0,00
CURITIBA;410690210A;PR;Umbará;-25,555;-49,284;2025-03-19 13:40:00.0;0,00
CURITIBA;410690210A;PR;Umbará;-25,555;-49,284;2025-03-19 14:40:00.0;0,00
CURITIBA;410690210A;PR;Umbará;-25,555;-49,284;2025-03-19 15:40:00.0;0,00
CURITIBA;410690210A;PR;Umbará;-25,555;-49,284;2025-03-19 16:40:00.0;0,00
CURITIBA;410690210A;PR;Umbará;-25,555;-49,284;2025-03-19 17:40:00.0;0,00
CURITIBA;410690210A;PR;Umbará;-25,555;-49,284;2025-03-19 18:40:00.0;0,00
CURITIBA;410690210A;PR;Umbará;-25,555;-49,284;2025-03-19 19:40:00.0;0,00
CURITIBA;410690210A;PR;Umbará;-25,555;-49,284;2025-03-19 21:40:00.0;0,00
CURITIBA;410690210A;PR;Umbará;-25,555;-49,284;2025-03-19 22:40:00.0;0,00
CURITIBA;410690210A;PR;Umbará;-25,555;-49,284;2025-03-19 23:40:00.0;0,00
CURITIBA;410690210A;PR;Umbará;-25,555;-49,284;2025-03-20 00:40:00.0;0,00
CURITIBA;410690210A;PR;Umbará;-25,555;-49,284;2025-03-20 01:40:00.0;0,00
CURITIBA;410690210A;PR;Umbará;-25,555;-49,284;2025-03-20 02:40:00.0;0,00
CURITIBA;410690210A;PR;Umbará;-25,555;-49,284;2025-03-20 03:40:00.0;0,00
CURITIBA;410690210A;PR;Umbará;-25,555;-49,284;2025-03-20 04:40:00.0;0,00
CURITIBA;410690210A;PR;Umbará;-25,555;-49,284;2025-03-20 05:40:00.0;0,00
CURITIBA;410690210A;PR;Umbará;-25,555;-49,284;2025-03-20 06:40:00.0;0,00
CURITIBA;410690210A;PR;Umbará;-25,555;-49,284;2025-03-20 07:40:00.0;0,00
CURITIBA;410690210A;PR;Umbará;-25,555;-49,284;2025-03-20 08:40:00.0;0,00
CURITIBA;410690210A;PR;Umbará;-25,555;-49,284;2025-03-20 09:40:00.0;0,00
CURITIBA;410690210A;PR;Umbará;-25,555;-49,284;2025-03-20 10:40:00.0;0,00
CURITIBA;410690210A;PR;Umbará;-25,555;-49,284;2025-03-20 11:40:00.0;0,00
CURITIBA;410690210A;PR;Umbará;-25,555;-49,284;2025-03-20 12:40:00.0;0,00
CURITIBA;410690210A;PR;Umbará;-25,555;-49,284;2025-03-20 13:40:00.0;0,00
CURITIBA;410690210A;PR;Umbará;-25,555;-49,284;2025-03-20 14:40:00.0;0,00
CURITIBA;410690210A;PR;Umbará;-25,555;-49,284;2025-03-20 15:40:00.0;0,00
CURITIBA;410690210A;PR;Umbará;-25,555;-49,284;2025-03-20 16:40:00.0;0,00
CURITIBA;410690210A;PR;Umbará;-25,555;-49,284;2025-03-20 17:40:00.0;0,00
CURITIBA;410690210A;PR;Umbará;-25,555;-49,284;2025-03-20 18:40:00.0;0,00
CURITIBA;410690210A;PR;Umbará;-25,555;-49,284;2025-03-20 19:40:00.0;0,00
CURITIBA;410690210A;PR;Umbará;-25,555;-49,284;2025-03-20 20:40:00.0;0,00
CURITIBA;410690210A;PR;Umbará;-25,555;-49,284;2025-03-20 21:40:00.0;0,00
CURITIBA;410690210A;PR;Umbará;-25,555;-49,284;2025-03-20 22:40:00.0;0,00
CURITIBA;410690210A;PR;Umbará;-25,555;-49,284;2025-03-20 23:40:00.0;0,00
CURITIBA;410690210A;PR;Umbará;-25,555;-49,284;2025-03-21 00:40:00.0;0,00
CURITIBA;410690210A;PR;Umbará;-25,555;-49,284;2025-03-21 01:40:00.0;0,00
CURITIBA;410690210A;PR;Umbará;-25,555;-49,284;2025-03-21 02:40:00.0;0,00
CURITIBA;410690210A;PR;Umbará;-25,555;-49,284;2025-03-21 03:40:00.0;0,00
CURITIBA;410690210A;PR;Umbará;-25,555;-49,284;2025-03-21 04:40:00.0;0,00
CURITIBA;410690210A;PR;Umbará;-25,555;-49,284;2025-03-21 05:40:00.0;0,00
CURITIBA;410690210A;PR;Umbará;-25,555;-49,284;2025-03-21 06:40:00.0;0,00
CURITIBA;410690210A;PR;Umbará;-25,555;-49,284;2025-03-21 07:40:00.0;0,00
CURITIBA;410690210A;PR;Umbará;-25,555;-49,284;2025-03-21 08:40:00.0;0,00
CURITIBA;410690210A;PR;Umbará;-25,555;-49,284;2025-03-21 09:40:00.0;0,00
CURITIBA;410690210A;PR;Umbará;-25,555;-49,284;2025-03-21 10:40:00.0;0,00
CURITIBA;410690210A;PR;Umbará;-25,555;-49,284;2025-03-21 11:40:00.0;0,00
CURITIBA;410690210A;PR;Umbará;-25,555;-49,284;2025-03-21 12:40:00.0;0,00
CURITIBA;410690210A;PR;Umbará;-25,555;-49,284;2025-03-21 13:40:00.0;0,00
CURITIBA;410690210A;PR;Umbará;-25,555;-49,284;2025-03-21 14:40:00.0;0,00
CURITIBA;410690210A;PR;Umbará;-25,555;-49,284;2025-03-21 15:40:00.0;0,00
CURITIBA;410690210A;PR;Umbará;-25,555;-49,284;2025-03-21 16:40:00.0;0,00
CURITIBA;410690210A;PR;Umbará;-25,555;-49,284;2025-03-21 17:40:00.0;0,00
CURITIBA;410690210A;PR;Umbará;-25,555;-49,284;2025-03-21 18:40:00.0;0,00
CURITIBA;410690210A;PR;Umbará;-25,555;-49,284;2025-03-21 19:40:00.0;0,00
CURITIBA;410690210A;PR;Umbará;-25,555;-49,284;2025-03-21 20:40:00.0;0,00
CURITIBA;410690210A;PR;Umbará;-25,555;-49,284;2025-03-21 21:40:00.0;0,00
CURITIBA;410690210A;PR;Umbará;-25,555;-49,284;2025-03-21 22:40:00.0;0,00
CURITIBA;410690210A;PR;Umbará;-25,555;-49,284;2025-03-21 23:40:00.0;0,00
CURITIBA;410690210A;PR;Umbará;-25,555;-49,284;2025-03-22 00:40:00.0;0,00
CURITIBA;410690210A;PR;Umbará;-25,555;-49,284;2025-03-22 01:40:00.0;0,00
CURITIBA;410690210A;PR;Umbará;-25,555;-49,284;2025-03-22 02:40:00.0;0,00
CURITIBA;410690210A;PR;Umbará;-25,555;-49,284;2025-03-22 03:40:00.0;0,00
CURITIBA;410690210A;PR;Umbará;-25,555;-49,284;2025-03-22 04:40:00.0;0,00
CURITIBA;410690210A;PR;Umbará;-25,555;-49,284;2025-03-22 05:40:00.0;0,00
CURITIBA;410690210A;PR;Umbará;-25,555;-49,284;2025-03-22 06:40:00.0;0,00
CURITIBA;410690210A;PR;Umbará;-25,555;-49,284;2025-03-22 07:40:00.0;0,00
CURITIBA;410690210A;PR;Umbará;-25,555;-49,284;2025-03-22 08:40:00.0;0,00
CURITIBA;410690210A;PR;Umbará;-25,555;-49,284;2025-03-22 09:40:00.0;0,00
CURITIBA;410690210A;PR;Umbará;-25,555;-49,284;2025-03-22 10:40:00.0;0,00
CURITIBA;410690210A;PR;Umbará;-25,555;-49,284;2025-03-22 11:40:00.0;0,00
CURITIBA;410690210A;PR;Umbará;-25,555;-49,284;2025-03-22 12:40:00.0;0,00
CURITIBA;410690210A;PR;Umbará;-25,555;-49,284;2025-03-22 13:40:00.0;0,00
CURITIBA;410690210A;PR;Umbará;-25,555;-49,284;2025-03-22 14:40:00.0;0,00
CURITIBA;410690210A;PR;Umbará;-25,555;-49,284;2025-03-22 15:40:00.0;0,00
CURITIBA;410690210A;PR;Umbará;-25,555;-49,284;2025-03-22 16:40:00.0;0,00
CURITIBA;410690210A;PR;Umbará;-25,555;-49,284;2025-03-22 17:40:00.0;0,00
CURITIBA;410690210A;PR;Umbará;-25,555;-49,284;2025-03-22 18:40:00.0;0,00
CURITIBA;410690210A;PR;Umbará;-25,555;-49,284;2025-03-22 19:40:00.0;0,00
CURITIBA;410690210A;PR;Umbará;-25,555;-49,284;2025-03-22 20:40:00.0;0,00
CURITIBA;410690210A;PR;Umbará;-25,555;-49,284;2025-03-22 21:40:00.0;0,00
CURITIBA;410690210A;PR;Umbará;-25,555;-49,284;2025-03-22 22:40:00.0;0,00
CURITIBA;410690210A;PR;Umbará;-25,555;-49,284;2025-03-22 23:40:00.0;0,00
CURITIBA;410690210A;PR;Umbará;-25,555;-49,284;2025-03-23 00:40:00.0;0,00
CURITIBA;410690210A;PR;Umbará;-25,555;-49,284;2025-03-23 01:40:00.0;0,00
CURITIBA;410690210A;PR;Umbará;-25,555;-49,284;2025-03-23 02:40:00.0;0,00
CURITIBA;410690210A;PR;Umbará;-25,555;-49,284;2025-03-23 03:40:00.0;0,00
CURITIBA;410690210A;PR;Umbará;-25,555;-49,284;2025-03-23 04:40:00.0;0,00
CURITIBA;410690210A;PR;Umbará;-25,555;-49,284;2025-03-23 05:40:00.0;0,00
CURITIBA;410690210A;PR;Umbará;-25,555;-49,284;2025-03-23 06:40:00.0;0,00
CURITIBA;410690210A;PR;Umbará;-25,555;-49,284;2025-03-23 07:40:00.0;0,00
CURITIBA;410690210A;PR;Umbará;-25,555;-49,284;2025-03-23 08:40:00.0;0,00
CURITIBA;410690210A;PR;Umbará;-25,555;-49,284;2025-03-23 09:40:00.0;0,00
CURITIBA;410690210A;PR;Umbará;-25,555;-49,284;2025-03-23 10:40:00.0;0,00
CURITIBA;410690210A;PR;Umbará;-25,555;-49,284;2025-03-23 11:40:00.0;0,00
CURITIBA;410690210A;PR;Umbará;-25,555;-49,284;2025-03-23 12:40:00.0;0,00
CURITIBA;410690210A;PR;Umbará;-25,555;-49,284;2025-03-23 13:40:00.0;0,00
CURITIBA;410690210A;PR;Umbará;-25,555;-49,284;2025-03-23 14:40:00.0;0,00
CURITIBA;410690210A;PR;Umbará;-25,555;-49,284;2025-03-23 15:40:00.0;0,00
CURITIBA;410690210A;PR;Umbará;-25,555;-49,284;2025-03-23 16:40:00.0;0,00
CURITIBA;410690210A;PR;Umbará;-25,555;-49,284;2025-03-23 17:40:00.0;0,00
CURITIBA;410690210A;PR;Umbará;-25,555;-49,284;2025-03-23 18:40:00.0;0,00
CURITIBA;410690210A;PR;Umbará;-25,555;-49,284;2025-03-23 19:40:00.0;0,00
CURITIBA;410690210A;PR;Umbará;-25,555;-49,284;2025-03-23 20:40:00.0;0,00
CURITIBA;410690210A;PR;Umbará;-25,555;-49,284;2025-03-23 21:40:00.0;0,00
CURITIBA;410690210A;PR;Umbará;-25,555;-49,284;2025-03-23 22:40:00.0;0,00
CURITIBA;410690210A;PR;Umbará;-25,555;-49,284;2025-03-23 23:40:00.0;0,00
CURITIBA;410690210A;PR;Umbará;-25,555;-49,284;2025-03-24 00:40:00.0;0,00
CURITIBA;410690210A;PR;Umbará;-25,555;-49,284;2025-03-24 01:40:00.0;0,00
CURITIBA;410690210A;PR;Umbará;-25,555;-49,284;2025-03-24 02:40:00.0;0,00
CURITIBA;410690210A;PR;Umbará;-25,555;-49,284;2025-03-24 03:40:00.0;0,00
CURITIBA;410690210A;PR;Umbará;-25,555;-49,284;2025-03-24 04:40:00.0;0,00
CURITIBA;410690210A;PR;Umbará;-25,555;-49,284;2025-03-24 05:40:00.0;0,00
CURITIBA;410690210A;PR;Umbará;-25,555;-49,284;2025-03-24 06:40:00.0;0,00
CURITIBA;410690210A;PR;Umbará;-25,555;-49,284;2025-03-24 07:40:00.0;0,00
CURITIBA;410690210A;PR;Umbará;-25,555;-49,284;2025-03-24 08:40:00.0;0,00
CURITIBA;410690210A;PR;Umbará;-25,555;-49,284;2025-03-24 09:40:00.0;0,00
CURITIBA;410690210A;PR;Umbará;-25,555;-49,284;2025-03-24 10:40:00.0;0,00
CURITIBA;410690210A;PR;Umbará;-25,555;-49,284;2025-03-24 11:40:00.0;0,00
CURITIBA;410690210A;PR;Umbará;-25,555;-49,284;2025-03-24 12:40:00.0;0,00
CURITIBA;410690210A;PR;Umbará;-25,555;-49,284;2025-03-24 13:40:00.0;0,00
CURITIBA;410690210A;PR;Umbará;-25,555;-49,284;2025-03-24 14:40:00.0;0,00
CURITIBA;410690210A;PR;Umbará;-25,555;-49,284;2025-03-24 15:40:00.0;0,00
CURITIBA;410690210A;PR;Umbará;-25,555;-49,284;2025-03-24 16:40:00.0;0,00
CURITIBA;410690210A;PR;Umbará;-25,555;-49,284;2025-03-24 17:40:00.0;0,00
CURITIBA;410690210A;PR;Umbará;-25,555;-49,284;2025-03-24 18:40:00.0;0,00
CURITIBA;410690210A;PR;Umbará;-25,555;-49,284;2025-03-24 19:40:00.0;0,00
CURITIBA;410690210A;PR;Umbará;-25,555;-49,284;2025-03-24 20:40:00.0;0,00
CURITIBA;410690210A;PR;Umbará;-25,555;-49,284;2025-03-24 21:40:00.0;0,00
CURITIBA;410690210A;PR;Umbará;-25,555;-49,284;2025-03-24 22:40:00.0;0,00
CURITIBA;410690210A;PR;Umbará;-25,555;-49,284;2025-03-24 23:40:00.0;0,00
CURITIBA;410690210A;PR;Umbará;-25,555;-49,284;2025-03-25 00:40:00.0;0,00
CURITIBA;410690210A;PR;Umbará;-25,555;-49,284;2025-03-25 01:40:00.0;0,00
CURITIBA;410690210A;PR;Umbará;-25,555;-49,284;2025-03-25 02:40:00.0;0,00
CURITIBA;410690210A;PR;Umbará;-25,555;-49,284;2025-03-25 03:40:00.0;0,00
CURITIBA;410690210A;PR;Umbará;-25,555;-49,284;2025-03-25 04:40:00.0;0,00
CURITIBA;410690210A;PR;Umbará;-25,555;-49,284;2025-03-25 05:40:00.0;0,00
CURITIBA;410690210A;PR;Umbará;-25,555;-49,284;2025-03-25 06:40:00.0;0,00
CURITIBA;410690210A;PR;Umbará;-25,555;-49,284;2025-03-25 07:40:00.0;0,00
CURITIBA;410690210A;PR;Umbará;-25,555;-49,284;2025-03-25 07:50:00.0;0,20
CURITIBA;410690210A;PR;Umbará;-25,555;-49,284;2025-03-25 08:00:00.0;0,20
CURITIBA;410690210A;PR;Umbará;-25,555;-49,284;2025-03-25 08:10:00.0;0,20
CURITIBA;410690210A;PR;Umbará;-25,555;-49,284;2025-03-25 08:40:00.0;0,00
CURITIBA;410690210A;PR;Umbará;-25,555;-49,284;2025-03-25 09:40:00.0;0,00
CURITIBA;410690210A;PR;Umbará;-25,555;-49,284;2025-03-25 10:40:00.0;0,00
CURITIBA;410690210A;PR;Umbará;-25,555;-49,284;2025-03-25 11:40:00.0;0,00
CURITIBA;410690210A;PR;Umbará;-25,555;-49,284;2025-03-25 12:40:00.0;0,00
CURITIBA;410690210A;PR;Umbará;-25,555;-49,284;2025-03-25 13:40:00.0;0,00
CURITIBA;410690210A;PR;Umbará;-25,555;-49,284;2025-03-25 14:40:00.0;0,00
CURITIBA;410690210A;PR;Umbará;-25,555;-49,284;2025-03-25 16:00:00.0;0,00
CURITIBA;410690210A;PR;Umbará;-25,555;-49,284;2025-03-25 16:40:00.0;0,00
CURITIBA;410690210A;PR;Umbará;-25,555;-49,284;2025-03-25 17:40:00.0;0,00
CURITIBA;410690210A;PR;Umbará;-25,555;-49,284;2025-03-25 18:40:00.0;0,00
CURITIBA;410690210A;PR;Umbará;-25,555;-49,284;2025-03-25 19:40:00.0;0,00
CURITIBA;410690210A;PR;Umbará;-25,555;-49,284;2025-03-25 20:40:00.0;0,00
CURITIBA;410690210A;PR;Umbará;-25,555;-49,284;2025-03-25 21:40:00.0;0,00
CURITIBA;410690210A;PR;Umbará;-25,555;-49,284;2025-03-25 22:40:00.0;0,00
CURITIBA;410690210A;PR;Umbará;-25,555;-49,284;2025-03-25 23:40:00.0;0,00
CURITIBA;410690210A;PR;Umbará;-25,555;-49,284;2025-03-26 00:40:00.0;0,00
CURITIBA;410690210A;PR;Umbará;-25,555;-49,284;2025-03-26 01:40:00.0;0,00
CURITIBA;410690210A;PR;Umbará;-25,555;-49,284;2025-03-26 02:40:00.0;0,20
CURITIBA;410690210A;PR;Umbará;-25,555;-49,284;2025-03-26 02:50:00.0;0,80
CURITIBA;410690210A;PR;Umbará;-25,555;-49,284;2025-03-26 03:00:00.0;0,40
CURITIBA;410690210A;PR;Umbará;-25,555;-49,284;2025-03-26 03:10:00.0;0,20
CURITIBA;410690210A;PR;Umbará;-25,555;-49,284;2025-03-26 03:20:00.0;0,20
CURITIBA;410690210A;PR;Umbará;-25,555;-49,284;2025-03-26 03:30:00.0;0,20
CURITIBA;410690210A;PR;Umbará;-25,555;-49,284;2025-03-26 03:40:00.0;0,40
CURITIBA;410690210A;PR;Umbará;-25,555;-49,284;2025-03-26 03:50:00.0;0,20
CURITIBA;410690210A;PR;Umbará;-25,555;-49,284;2025-03-26 04:00:00.0;0,20
CURITIBA;410690210A;PR;Umbará;-25,555;-49,284;2025-03-26 04:20:00.0;0,40
CURITIBA;410690210A;PR;Umbará;-25,555;-49,284;2025-03-26 04:40:00.0;0,20
CURITIBA;410690210A;PR;Umbará;-25,555;-49,284;2025-03-26 05:40:00.0;0,00
CURITIBA;410690210A;PR;Umbará;-25,555;-49,284;2025-03-26 06:40:00.0;0,00
CURITIBA;410690210A;PR;Umbará;-25,555;-49,284;2025-03-26 07:40:00.0;0,00
CURITIBA;410690210A;PR;Umbará;-25,555;-49,284;2025-03-26 08:40:00.0;0,00
CURITIBA;410690210A;PR;Umbará;-25,555;-49,284;2025-03-26 09:40:00.0;0,00
CURITIBA;410690210A;PR;Umbará;-25,555;-49,284;2025-03-26 10:30:00.0;0,40
CURITIBA;410690210A;PR;Umbará;-25,555;-49,284;2025-03-26 10:40:00.0;1,80
CURITIBA;410690210A;PR;Umbará;-25,555;-49,284;2025-03-26 10:50:00.0;6,80
CURITIBA;410690210A;PR;Umbará;-25,555;-49,284;2025-03-26 11:00:00.0;3,60
CURITIBA;410690210A;PR;Umbará;-25,555;-49,284;2025-03-26 11:10:00.0;1,20
CURITIBA;410690210A;PR;Umbará;-25,555;-49,284;2025-03-26 11:20:00.0;0,20
CURITIBA;410690210A;PR;Umbará;-25,555;-49,284;2025-03-26 11:30:00.0;0,20
CURITIBA;410690210A;PR;Umbará;-25,555;-49,284;2025-03-26 11:40:00.0;0,00
CURITIBA;410690210A;PR;Umbará;-25,555;-49,284;2025-03-26 12:40:00.0;0,00
CURITIBA;410690210A;PR;Umbará;-25,555;-49,284;2025-03-26 12:50:00.0;0,20
CURITIBA;410690210A;PR;Umbará;-25,555;-49,284;2025-03-26 13:40:00.0;0,00
CURITIBA;410690210A;PR;Umbará;-25,555;-49,284;2025-03-26 14:40:00.0;0,00
CURITIBA;410690210A;PR;Umbará;-25,555;-49,284;2025-03-26 15:40:00.0;0,00
CURITIBA;410690210A;PR;Umbará;-25,555;-49,284;2025-03-26 16:40:00.0;0,00
CURITIBA;410690210A;PR;Umbará;-25,555;-49,284;2025-03-26 17:40:00.0;0,00
CURITIBA;410690210A;PR;Umbará;-25,555;-49,284;2025-03-26 18:40:00.0;0,00
CURITIBA;410690210A;PR;Umbará;-25,555;-49,284;2025-03-26 19:40:00.0;0,00
CURITIBA;410690210A;PR;Umbará;-25,555;-49,284;2025-03-26 20:40:00.0;0,00
CURITIBA;410690210A;PR;Umbará;-25,555;-49,284;2025-03-26 21:40:00.0;0,00
CURITIBA;410690210A;PR;Umbará;-25,555;-49,284;2025-03-26 22:40:00.0;0,00
CURITIBA;410690210A;PR;Umbará;-25,555;-49,284;2025-03-26 23:40:00.0;0,00
CURITIBA;410690210A;PR;Umbará;-25,555;-49,284;2025-03-27 00:40:00.0;0,00
CURITIBA;410690210A;PR;Umbará;-25,555;-49,284;2025-03-27 01:40:00.0;0,00
CURITIBA;410690210A;PR;Umbará;-25,555;-49,284;2025-03-27 02:40:00.0;0,00
CURITIBA;410690210A;PR;Umbará;-25,555;-49,284;2025-03-27 03:40:00.0;0,00
CURITIBA;410690210A;PR;Umbará;-25,555;-49,284;2025-03-27 04:40:00.0;0,00
CURITIBA;410690210A;PR;Umbará;-25,555;-49,284;2025-03-27 05:40:00.0;0,00
CURITIBA;410690210A;PR;Umbará;-25,555;-49,284;2025-03-27 06:40:00.0;0,00
CURITIBA;410690210A;PR;Umbará;-25,555;-49,284;2025-03-27 07:40:00.0;0,00
CURITIBA;410690210A;PR;Umbará;-25,555;-49,284;2025-03-27 08:40:00.0;0,00
CURITIBA;410690210A;PR;Umbará;-25,555;-49,284;2025-03-27 09:40:00.0;0,00
CURITIBA;410690210A;PR;Umbará;-25,555;-49,284;2025-03-27 10:40:00.0;0,00
CURITIBA;410690210A;PR;Umbará;-25,555;-49,284;2025-03-27 11:40:00.0;0,00
CURITIBA;410690210A;PR;Umbará;-25,555;-49,284;2025-03-27 12:40:00.0;0,00
CURITIBA;410690210A;PR;Umbará;-25,555;-49,284;2025-03-27 13:40:00.0;0,00
CURITIBA;410690210A;PR;Umbará;-25,555;-49,284;2025-03-27 14:40:00.0;0,00
CURITIBA;410690210A;PR;Umbará;-25,555;-49,284;2025-03-27 15:40:00.0;0,00
CURITIBA;410690210A;PR;Umbará;-25,555;-49,284;2025-03-27 16:40:00.0;0,00
CURITIBA;410690210A;PR;Umbará;-25,555;-49,284;2025-03-27 17:40:00.0;0,00
CURITIBA;410690210A;PR;Umbará;-25,555;-49,284;2025-03-27 18:40:00.0;0,00
CURITIBA;410690210A;PR;Umbará;-25,555;-49,284;2025-03-27 19:40:00.0;0,00
CURITIBA;410690210A;PR;Umbará;-25,555;-49,284;2025-03-27 20:40:00.0;0,00
CURITIBA;410690210A;PR;Umbará;-25,555;-49,284;2025-03-27 21:40:00.0;0,00
CURITIBA;410690210A;PR;Umbará;-25,555;-49,284;2025-03-27 22:40:00.0;0,00
CURITIBA;410690210A;PR;Umbará;-25,555;-49,284;2025-03-27 23:40:00.0;0,00
CURITIBA;410690210A;PR;Umbará;-25,555;-49,284;2025-03-28 00:40:00.0;0,00
CURITIBA;410690210A;PR;Umbará;-25,555;-49,284;2025-03-28 01:40:00.0;0,00
CURITIBA;410690210A;PR;Umbará;-25,555;-49,284;2025-03-28 02:40:00.0;0,00
CURITIBA;410690210A;PR;Umbará;-25,555;-49,284;2025-03-28 03:40:00.0;0,00
CURITIBA;410690210A;PR;Umbará;-25,555;-49,284;2025-03-28 04:40:00.0;0,00
CURITIBA;410690210A;PR;Umbará;-25,555;-49,284;2025-03-28 05:40:00.0;0,00
CURITIBA;410690210A;PR;Umbará;-25,555;-49,284;2025-03-28 06:40:00.0;0,00
CURITIBA;410690210A;PR;Umbará;-25,555;-49,284;2025-03-28 07:40:00.0;0,00
CURITIBA;410690210A;PR;Umbará;-25,555;-49,284;2025-03-28 08:40:00.0;0,00
CURITIBA;410690210A;PR;Umbará;-25,555;-49,284;2025-03-28 09:40:00.0;0,00
CURITIBA;410690210A;PR;Umbará;-25,555;-49,284;2025-03-28 10:40:00.0;0,00
CURITIBA;410690210A;PR;Umbará;-25,555;-49,284;2025-03-28 11:40:00.0;0,00
CURITIBA;410690210A;PR;Umbará;-25,555;-49,284;2025-03-28 12:40:00.0;0,00
CURITIBA;410690210A;PR;Umbará;-25,555;-49,284;2025-03-28 13:40:00.0;0,00
CURITIBA;410690210A;PR;Umbará;-25,555;-49,284;2025-03-28 14:40:00.0;0,00
CURITIBA;410690210A;PR;Umbará;-25,555;-49,284;2025-03-28 15:40:00.0;0,00
CURITIBA;410690210A;PR;Umbará;-25,555;-49,284;2025-03-28 16:40:00.0;0,00
CURITIBA;410690210A;PR;Umbará;-25,555;-49,284;2025-03-28 17:40:00.0;0,00
CURITIBA;410690210A;PR;Umbará;-25,555;-49,284;2025-03-28 18:40:00.0;0,00
CURITIBA;410690210A;PR;Umbará;-25,555;-49,284;2025-03-28 19:40:00.0;0,00
CURITIBA;410690210A;PR;Umbará;-25,555;-49,284;2025-03-28 21:40:00.0;0,00
CURITIBA;410690210A;PR;Umbará;-25,555;-49,284;2025-03-28 22:40:00.0;0,00
CURITIBA;410690210A;PR;Umbará;-25,555;-49,284;2025-03-28 23:40:00.0;0,00
CURITIBA;410690210A;PR;Umbará;-25,555;-49,284;2025-03-29 00:40:00.0;0,00
CURITIBA;410690210A;PR;Umbará;-25,555;-49,284;2025-03-29 01:40:00.0;0,00
CURITIBA;410690210A;PR;Umbará;-25,555;-49,284;2025-03-29 02:40:00.0;0,00
CURITIBA;410690210A;PR;Umbará;-25,555;-49,284;2025-03-29 03:40:00.0;0,00
CURITIBA;410690210A;PR;Umbará;-25,555;-49,284;2025-03-29 04:40:00.0;0,00
CURITIBA;410690210A;PR;Umbará;-25,555;-49,284;2025-03-29 05:40:00.0;0,00
CURITIBA;410690210A;PR;Umbará;-25,555;-49,284;2025-03-29 06:40:00.0;0,00
CURITIBA;410690210A;PR;Umbará;-25,555;-49,284;2025-03-29 07:40:00.0;0,00
CURITIBA;410690210A;PR;Umbará;-25,555;-49,284;2025-03-29 08:40:00.0;0,00
CURITIBA;410690210A;PR;Umbará;-25,555;-49,284;2025-03-29 09:40:00.0;0,00
CURITIBA;410690210A;PR;Umbará;-25,555;-49,284;2025-03-29 10:40:00.0;0,00
CURITIBA;410690210A;PR;Umbará;-25,555;-49,284;2025-03-29 11:40:00.0;0,00
CURITIBA;410690210A;PR;Umbará;-25,555;-49,284;2025-03-29 12:40:00.0;0,00
CURITIBA;410690210A;PR;Umbará;-25,555;-49,284;2025-03-29 13:40:00.0;0,00
CURITIBA;410690210A;PR;Umbará;-25,555;-49,284;2025-03-29 14:40:00.0;0,00
CURITIBA;410690210A;PR;Umbará;-25,555;-49,284;2025-03-29 15:40:00.0;0,00
CURITIBA;410690210A;PR;Umbará;-25,555;-49,284;2025-03-29 16:40:00.0;0,00
CURITIBA;410690210A;PR;Umbará;-25,555;-49,284;2025-03-29 17:40:00.0;0,00
CURITIBA;410690210A;PR;Umbará;-25,555;-49,284;2025-03-29 18:40:00.0;0,00
CURITIBA;410690210A;PR;Umbará;-25,555;-49,284;2025-03-29 19:40:00.0;0,00
CURITIBA;410690210A;PR;Umbará;-25,555;-49,284;2025-03-29 20:40:00.0;0,00
CURITIBA;410690210A;PR;Umbará;-25,555;-49,284;2025-03-29 21:40:00.0;0,00
CURITIBA;410690210A;PR;Umbará;-25,555;-49,284;2025-03-29 22:40:00.0;0,00
CURITIBA;410690210A;PR;Umbará;-25,555;-49,284;2025-03-29 23:40:00.0;0,00
CURITIBA;410690210A;PR;Umbará;-25,555;-49,284;2025-03-30 00:40:00.0;0,00
CURITIBA;410690210A;PR;Umbará;-25,555;-49,284;2025-03-30 01:40:00.0;0,00
CURITIBA;410690210A;PR;Umbará;-25,555;-49,284;2025-03-30 02:40:00.0;0,00
CURITIBA;410690210A;PR;Umbará;-25,555;-49,284;2025-03-30 03:40:00.0;0,00
CURITIBA;410690210A;PR;Umbará;-25,555;-49,284;2025-03-30 04:40:00.0;0,00
CURITIBA;410690210A;PR;Umbará;-25,555;-49,284;2025-03-30 05:40:00.0;0,00
CURITIBA;410690210A;PR;Umbará;-25,555;-49,284;2025-03-30 06:40:00.0;0,00
CURITIBA;410690210A;PR;Umbará;-25,555;-49,284;2025-03-30 07:40:00.0;0,00
CURITIBA;410690210A;PR;Umbará;-25,555;-49,284;2025-03-30 08:40:00.0;0,00
CURITIBA;410690210A;PR;Umbará;-25,555;-49,284;2025-03-30 09:40:00.0;0,00
CURITIBA;410690210A;PR;Umbará;-25,555;-49,284;2025-03-30 10:40:00.0;0,00
CURITIBA;410690210A;PR;Umbará;-25,555;-49,284;2025-03-30 11:40:00.0;0,00
CURITIBA;410690210A;PR;Umbará;-25,555;-49,284;2025-03-30 12:40:00.0;0,00
CURITIBA;410690210A;PR;Umbará;-25,555;-49,284;2025-03-30 13:40:00.0;0,00
CURITIBA;410690210A;PR;Umbará;-25,555;-49,284;2025-03-30 14:40:00.0;0,00
CURITIBA;410690210A;PR;Umbará;-25,555;-49,284;2025-03-30 15:40:00.0;0,00
CURITIBA;410690210A;PR;Umbará;-25,555;-49,284;2025-03-30 16:40:00.0;0,00
CURITIBA;410690210A;PR;Umbará;-25,555;-49,284;2025-03-30 17:40:00.0;0,00
CURITIBA;410690210A;PR;Umbará;-25,555;-49,284;2025-03-30 18:40:00.0;0,00
CURITIBA;410690210A;PR;Umbará;-25,555;-49,284;2025-03-30 19:40:00.0;0,00
CURITIBA;410690210A;PR;Umbará;-25,555;-49,284;2025-03-30 20:40:00.0;0,00
CURITIBA;410690210A;PR;Umbará;-25,555;-49,284;2025-03-30 21:40:00.0;0,00
CURITIBA;410690210A;PR;Umbará;-25,555;-49,284;2025-03-30 22:40:00.0;0,00
CURITIBA;410690210A;PR;Umbará;-25,555;-49,284;2025-03-30 23:40:00.0;0,00
CURITIBA;410690210A;PR;Umbará;-25,555;-49,284;2025-03-31 00:40:00.0;0,00
CURITIBA;410690210A;PR;Umbará;-25,555;-49,284;2025-03-31 01:40:00.0;0,00
CURITIBA;410690210A;PR;Umbará;-25,555;-49,284;2025-03-31 02:40:00.0;0,00
CURITIBA;410690210A;PR;Umbará;-25,555;-49,284;2025-03-31 03:40:00.0;0,00
CURITIBA;410690210A;PR;Umbará;-25,555;-49,284;2025-03-31 04:40:00.0;0,00
CURITIBA;410690210A;PR;Umbará;-25,555;-49,284;2025-03-31 05:40:00.0;0,00
CURITIBA;410690210A;PR;Umbará;-25,555;-49,284;2025-03-31 06:40:00.0;0,00
CURITIBA;410690210A;PR;Umbará;-25,555;-49,284;2025-03-31 07:40:00.0;0,00
CURITIBA;410690210A;PR;Umbará;-25,555;-49,284;2025-03-31 08:40:00.0;0,00
CURITIBA;410690210A;PR;Umbará;-25,555;-49,284;2025-03-31 09:40:00.0;0,00
CURITIBA;410690210A;PR;Umbará;-25,555;-49,284;2025-03-31 10:40:00.0;0,00
CURITIBA;410690210A;PR;Umbará;-25,555;-49,284;2025-03-31 11:40:00.0;0,00
CURITIBA;410690210A;PR;Umbará;-25,555;-49,284;2025-03-31 12:40:00.0;0,00
CURITIBA;410690210A;PR;Umbará;-25,555;-49,284;2025-03-31 13:40:00.0;0,00
CURITIBA;410690210A;PR;Umbará;-25,555;-49,284;2025-03-31 14:40:00.0;0,00
CURITIBA;410690210A;PR;Umbará;-25,555;-49,284;2025-03-31 15:40:00.0;0,00
CURITIBA;410690210A;PR;Umbará;-25,555;-49,284;2025-03-31 16:40:00.0;0,00
CURITIBA;410690210A;PR;Umbará;-25,555;-49,284;2025-03-31 17:40:00.0;0,00
CURITIBA;410690210A;PR;Umbará;-25,555;-49,284;2025-03-31 18:40:00.0;0,00
CURITIBA;410690210A;PR;Umbará;-25,555;-49,284;2025-03-31 19:40:00.0;0,00
CURITIBA;410690210A;PR;Umbará;-25,555;-49,284;2025-03-31 20:40:00.0;0,00
CURITIBA;410690210A;PR;Umbará;-25,555;-49,284;2025-03-31 21:40:00.0;0,00
CURITIBA;410690210A;PR;Umbará;-25,555;-49,284;2025-03-31 22:40:00.0;0,00
CURITIBA;410690210A;PR;Umbará;-25,555;-49,284;2025-03-31 23:40:00.0;0,00
CURITIBA;410690211A;PR;Novo Mundo;-25,48784;-49,28797;2025-03-01 00:10:00.0;0,00
CURITIBA;410690211A;PR;Novo Mundo;-25,48784;-49,28797;2025-03-01 00:50:00.0;0,00
CURITIBA;410690211A;PR;Novo Mundo;-25,48784;-49,28797;2025-03-01 01:50:00.0;0,00
CURITIBA;410690211A;PR;Novo Mundo;-25,48784;-49,28797;2025-03-01 02:50:00.0;0,00
CURITIBA;410690211A;PR;Novo Mundo;-25,48784;-49,28797;2025-03-01 03:50:00.0;0,00
CURITIBA;410690211A;PR;Novo Mundo;-25,48784;-49,28797;2025-03-01 04:50:00.0;0,00
CURITIBA;410690211A;PR;Novo Mundo;-25,48784;-49,28797;2025-03-01 05:50:00.0;0,00
CURITIBA;410690211A;PR;Novo Mundo;-25,48784;-49,28797;2025-03-01 06:50:00.0;0,00
CURITIBA;410690211A;PR;Novo Mundo;-25,48784;-49,28797;2025-03-01 07:50:00.0;0,00
CURITIBA;410690211A;PR;Novo Mundo;-25,48784;-49,28797;2025-03-01 08:50:00.0;0,00
CURITIBA;410690211A;PR;Novo Mundo;-25,48784;-49,28797;2025-03-01 09:50:00.0;0,00
CURITIBA;410690211A;PR;Novo Mundo;-25,48784;-49,28797;2025-03-01 10:50:00.0;0,00
CURITIBA;410690211A;PR;Novo Mundo;-25,48784;-49,28797;2025-03-01 11:50:00.0;0,00
CURITIBA;410690211A;PR;Novo Mundo;-25,48784;-49,28797;2025-03-01 12:50:00.0;0,00
CURITIBA;410690211A;PR;Novo Mundo;-25,48784;-49,28797;2025-03-01 13:50:00.0;0,00
CURITIBA;410690211A;PR;Novo Mundo;-25,48784;-49,28797;2025-03-01 14:50:00.0;0,00
CURITIBA;410690211A;PR;Novo Mundo;-25,48784;-49,28797;2025-03-01 15:50:00.0;0,00
CURITIBA;410690211A;PR;Novo Mundo;-25,48784;-49,28797;2025-03-01 16:50:00.0;0,00
CURITIBA;410690211A;PR;Novo Mundo;-25,48784;-49,28797;2025-03-01 17:50:00.0;0,00
CURITIBA;410690211A;PR;Novo Mundo;-25,48784;-49,28797;2025-03-01 18:50:00.0;0,00
CURITIBA;410690211A;PR;Novo Mundo;-25,48784;-49,28797;2025-03-01 19:50:00.0;0,00
CURITIBA;410690211A;PR;Novo Mundo;-25,48784;-49,28797;2025-03-01 20:50:00.0;0,00
CURITIBA;410690211A;PR;Novo Mundo;-25,48784;-49,28797;2025-03-01 21:50:00.0;0,00
CURITIBA;410690211A;PR;Novo Mundo;-25,48784;-49,28797;2025-03-01 22:50:00.0;0,00
CURITIBA;410690211A;PR;Novo Mundo;-25,48784;-49,28797;2025-03-01 23:50:00.0;0,00
CURITIBA;410690211A;PR;Novo Mundo;-25,48784;-49,28797;2025-03-02 00:50:00.0;0,00
CURITIBA;410690211A;PR;Novo Mundo;-25,48784;-49,28797;2025-03-02 01:50:00.0;0,00
CURITIBA;410690211A;PR;Novo Mundo;-25,48784;-49,28797;2025-03-02 02:50:00.0;0,00
CURITIBA;410690211A;PR;Novo Mundo;-25,48784;-49,28797;2025-03-02 03:50:00.0;0,00
CURITIBA;410690211A;PR;Novo Mundo;-25,48784;-49,28797;2025-03-02 04:50:00.0;0,00
CURITIBA;410690211A;PR;Novo Mundo;-25,48784;-49,28797;2025-03-02 05:50:00.0;0,00
CURITIBA;410690211A;PR;Novo Mundo;-25,48784;-49,28797;2025-03-02 06:50:00.0;0,00
CURITIBA;410690211A;PR;Novo Mundo;-25,48784;-49,28797;2025-03-02 07:50:00.0;0,00
CURITIBA;410690211A;PR;Novo Mundo;-25,48784;-49,28797;2025-03-02 08:50:00.0;0,00
CURITIBA;410690211A;PR;Novo Mundo;-25,48784;-49,28797;2025-03-02 09:50:00.0;0,00
CURITIBA;410690211A;PR;Novo Mundo;-25,48784;-49,28797;2025-03-02 10:50:00.0;0,00
CURITIBA;410690211A;PR;Novo Mundo;-25,48784;-49,28797;2025-03-02 11:50:00.0;0,00
CURITIBA;410690211A;PR;Novo Mundo;-25,48784;-49,28797;2025-03-02 12:50:00.0;0,00
CURITIBA;410690211A;PR;Novo Mundo;-25,48784;-49,28797;2025-03-02 13:50:00.0;0,00
CURITIBA;410690211A;PR;Novo Mundo;-25,48784;-49,28797;2025-03-02 14:50:00.0;0,00
CURITIBA;410690211A;PR;Novo Mundo;-25,48784;-49,28797;2025-03-02 15:50:00.0;0,00
CURITIBA;410690211A;PR;Novo Mundo;-25,48784;-49,28797;2025-03-02 16:50:00.0;0,00
CURITIBA;410690211A;PR;Novo Mundo;-25,48784;-49,28797;2025-03-02 17:50:00.0;0,00
CURITIBA;410690211A;PR;Novo Mundo;-25,48784;-49,28797;2025-03-02 18:50:00.0;0,00
CURITIBA;410690211A;PR;Novo Mundo;-25,48784;-49,28797;2025-03-02 19:50:00.0;0,00
CURITIBA;410690211A;PR;Novo Mundo;-25,48784;-49,28797;2025-03-02 20:50:00.0;0,00
CURITIBA;410690211A;PR;Novo Mundo;-25,48784;-49,28797;2025-03-02 21:50:00.0;0,00
CURITIBA;410690211A;PR;Novo Mundo;-25,48784;-49,28797;2025-03-02 22:50:00.0;0,00
CURITIBA;410690211A;PR;Novo Mundo;-25,48784;-49,28797;2025-03-02 23:50:00.0;0,00
CURITIBA;410690211A;PR;Novo Mundo;-25,48784;-49,28797;2025-03-03 00:50:00.0;0,00
CURITIBA;410690211A;PR;Novo Mundo;-25,48784;-49,28797;2025-03-03 01:50:00.0;0,00
CURITIBA;410690211A;PR;Novo Mundo;-25,48784;-49,28797;2025-03-03 02:50:00.0;0,00
CURITIBA;410690211A;PR;Novo Mundo;-25,48784;-49,28797;2025-03-03 03:50:00.0;0,00
CURITIBA;410690211A;PR;Novo Mundo;-25,48784;-49,28797;2025-03-03 04:50:00.0;0,00
CURITIBA;410690211A;PR;Novo Mundo;-25,48784;-49,28797;2025-03-03 05:50:00.0;0,00
CURITIBA;410690211A;PR;Novo Mundo;-25,48784;-49,28797;2025-03-03 06:50:00.0;0,00
CURITIBA;410690211A;PR;Novo Mundo;-25,48784;-49,28797;2025-03-03 07:50:00.0;0,00
CURITIBA;410690211A;PR;Novo Mundo;-25,48784;-49,28797;2025-03-03 08:50:00.0;0,00
CURITIBA;410690211A;PR;Novo Mundo;-25,48784;-49,28797;2025-03-03 09:50:00.0;0,00
CURITIBA;410690211A;PR;Novo Mundo;-25,48784;-49,28797;2025-03-03 10:50:00.0;0,00
CURITIBA;410690211A;PR;Novo Mundo;-25,48784;-49,28797;2025-03-03 11:50:00.0;0,00
CURITIBA;410690211A;PR;Novo Mundo;-25,48784;-49,28797;2025-03-03 12:50:00.0;0,00
CURITIBA;410690211A;PR;Novo Mundo;-25,48784;-49,28797;2025-03-03 13:50:00.0;0,00
CURITIBA;410690211A;PR;Novo Mundo;-25,48784;-49,28797;2025-03-03 14:50:00.0;0,00
CURITIBA;410690211A;PR;Novo Mundo;-25,48784;-49,28797;2025-03-03 15:50:00.0;0,00
CURITIBA;410690211A;PR;Novo Mundo;-25,48784;-49,28797;2025-03-03 16:50:00.0;0,00
CURITIBA;410690211A;PR;Novo Mundo;-25,48784;-49,28797;2025-03-03 17:50:00.0;0,00
CURITIBA;410690211A;PR;Novo Mundo;-25,48784;-49,28797;2025-03-03 18:50:00.0;0,00
CURITIBA;410690211A;PR;Novo Mundo;-25,48784;-49,28797;2025-03-03 20:50:00.0;0,00
CURITIBA;410690211A;PR;Novo Mundo;-25,48784;-49,28797;2025-03-03 21:50:00.0;0,00
CURITIBA;410690211A;PR;Novo Mundo;-25,48784;-49,28797;2025-03-03 22:50:00.0;0,00
CURITIBA;410690211A;PR;Novo Mundo;-25,48784;-49,28797;2025-03-03 23:50:00.0;0,00
CURITIBA;410690211A;PR;Novo Mundo;-25,48784;-49,28797;2025-03-04 00:50:00.0;0,00
CURITIBA;410690211A;PR;Novo Mundo;-25,48784;-49,28797;2025-03-04 01:50:00.0;0,00
CURITIBA;410690211A;PR;Novo Mundo;-25,48784;-49,28797;2025-03-04 02:50:00.0;0,00
CURITIBA;410690211A;PR;Novo Mundo;-25,48784;-49,28797;2025-03-04 03:50:00.0;0,00
CURITIBA;410690211A;PR;Novo Mundo;-25,48784;-49,28797;2025-03-04 04:50:00.0;0,00
CURITIBA;410690211A;PR;Novo Mundo;-25,48784;-49,28797;2025-03-04 05:50:00.0;0,00
CURITIBA;410690211A;PR;Novo Mundo;-25,48784;-49,28797;2025-03-04 06:50:00.0;0,00
CURITIBA;410690211A;PR;Novo Mundo;-25,48784;-49,28797;2025-03-04 07:50:00.0;0,00
CURITIBA;410690211A;PR;Novo Mundo;-25,48784;-49,28797;2025-03-04 08:50:00.0;0,00
CURITIBA;410690211A;PR;Novo Mundo;-25,48784;-49,28797;2025-03-04 09:50:00.0;0,00
CURITIBA;410690211A;PR;Novo Mundo;-25,48784;-49,28797;2025-03-04 10:50:00.0;0,00
CURITIBA;410690211A;PR;Novo Mundo;-25,48784;-49,28797;2025-03-04 11:50:00.0;0,00
CURITIBA;410690211A;PR;Novo Mundo;-25,48784;-49,28797;2025-03-04 12:50:00.0;0,00
CURITIBA;410690211A;PR;Novo Mundo;-25,48784;-49,28797;2025-03-04 13:50:00.0;0,00
CURITIBA;410690211A;PR;Novo Mundo;-25,48784;-49,28797;2025-03-04 14:50:00.0;0,00
CURITIBA;410690211A;PR;Novo Mundo;-25,48784;-49,28797;2025-03-04 15:50:00.0;0,00
CURITIBA;410690211A;PR;Novo Mundo;-25,48784;-49,28797;2025-03-04 16:50:00.0;0,00
CURITIBA;410690211A;PR;Novo Mundo;-25,48784;-49,28797;2025-03-04 17:50:00.0;0,00
CURITIBA;410690211A;PR;Novo Mundo;-25,48784;-49,28797;2025-03-04 18:50:00.0;0,00
CURITIBA;410690211A;PR;Novo Mundo;-25,48784;-49,28797;2025-03-04 19:50:00.0;0,00
CURITIBA;410690211A;PR;Novo Mundo;-25,48784;-49,28797;2025-03-04 20:50:00.0;0,00
CURITIBA;410690211A;PR;Novo Mundo;-25,48784;-49,28797;2025-03-04 21:50:00.0;0,00
CURITIBA;410690211A;PR;Novo Mundo;-25,48784;-49,28797;2025-03-04 22:50:00.0;0,00
CURITIBA;410690211A;PR;Novo Mundo;-25,48784;-49,28797;2025-03-04 23:50:00.0;0,00
CURITIBA;410690211A;PR;Novo Mundo;-25,48784;-49,28797;2025-03-05 00:50:00.0;0,00
CURITIBA;410690211A;PR;Novo Mundo;-25,48784;-49,28797;2025-03-05 01:50:00.0;0,00
CURITIBA;410690211A;PR;Novo Mundo;-25,48784;-49,28797;2025-03-05 02:50:00.0;0,00
CURITIBA;410690211A;PR;Novo Mundo;-25,48784;-49,28797;2025-03-05 03:50:00.0;0,00
CURITIBA;410690211A;PR;Novo Mundo;-25,48784;-49,28797;2025-03-05 04:50:00.0;0,00
CURITIBA;410690211A;PR;Novo Mundo;-25,48784;-49,28797;2025-03-05 05:50:00.0;0,00
CURITIBA;410690211A;PR;Novo Mundo;-25,48784;-49,28797;2025-03-05 06:50:00.0;0,00
CURITIBA;410690211A;PR;Novo Mundo;-25,48784;-49,28797;2025-03-05 07:50:00.0;0,00
CURITIBA;410690211A;PR;Novo Mundo;-25,48784;-49,28797;2025-03-05 08:50:00.0;0,00
CURITIBA;410690211A;PR;Novo Mundo;-25,48784;-49,28797;2025-03-05 09:50:00.0;0,00
CURITIBA;410690211A;PR;Novo Mundo;-25,48784;-49,28797;2025-03-05 10:50:00.0;0,00
CURITIBA;410690211A;PR;Novo Mundo;-25,48784;-49,28797;2025-03-05 11:50:00.0;0,00
CURITIBA;410690211A;PR;Novo Mundo;-25,48784;-49,28797;2025-03-05 12:50:00.0;0,00
CURITIBA;410690211A;PR;Novo Mundo;-25,48784;-49,28797;2025-03-05 13:50:00.0;0,00
CURITIBA;410690211A;PR;Novo Mundo;-25,48784;-49,28797;2025-03-05 14:50:00.0;0,00
CURITIBA;410690211A;PR;Novo Mundo;-25,48784;-49,28797;2025-03-05 15:50:00.0;0,00
CURITIBA;410690211A;PR;Novo Mundo;-25,48784;-49,28797;2025-03-05 16:50:00.0;0,00
CURITIBA;410690211A;PR;Novo Mundo;-25,48784;-49,28797;2025-03-05 17:50:00.0;0,00
CURITIBA;410690211A;PR;Novo Mundo;-25,48784;-49,28797;2025-03-05 18:50:00.0;0,00
CURITIBA;410690211A;PR;Novo Mundo;-25,48784;-49,28797;2025-03-05 19:50:00.0;0,00
CURITIBA;410690211A;PR;Novo Mundo;-25,48784;-49,28797;2025-03-05 20:50:00.0;0,00
CURITIBA;410690211A;PR;Novo Mundo;-25,48784;-49,28797;2025-03-05 21:50:00.0;0,00
CURITIBA;410690211A;PR;Novo Mundo;-25,48784;-49,28797;2025-03-05 22:50:00.0;0,00
CURITIBA;410690211A;PR;Novo Mundo;-25,48784;-49,28797;2025-03-05 23:50:00.0;0,00
CURITIBA;410690211A;PR;Novo Mundo;-25,48784;-49,28797;2025-03-06 00:50:00.0;0,00
CURITIBA;410690211A;PR;Novo Mundo;-25,48784;-49,28797;2025-03-06 01:50:00.0;0,00
CURITIBA;410690211A;PR;Novo Mundo;-25,48784;-49,28797;2025-03-06 02:50:00.0;0,00
CURITIBA;410690211A;PR;Novo Mundo;-25,48784;-49,28797;2025-03-06 03:50:00.0;0,00
CURITIBA;410690211A;PR;Novo Mundo;-25,48784;-49,28797;2025-03-06 04:50:00.0;0,00
CURITIBA;410690211A;PR;Novo Mundo;-25,48784;-49,28797;2025-03-06 05:50:00.0;0,00
CURITIBA;410690211A;PR;Novo Mundo;-25,48784;-49,28797;2025-03-06 06:50:00.0;0,00
CURITIBA;410690211A;PR;Novo Mundo;-25,48784;-49,28797;2025-03-06 07:50:00.0;0,00
CURITIBA;410690211A;PR;Novo Mundo;-25,48784;-49,28797;2025-03-06 08:50:00.0;0,00
CURITIBA;410690211A;PR;Novo Mundo;-25,48784;-49,28797;2025-03-06 09:50:00.0;0,00
CURITIBA;410690211A;PR;Novo Mundo;-25,48784;-49,28797;2025-03-06 10:50:00.0;0,00
CURITIBA;410690211A;PR;Novo Mundo;-25,48784;-49,28797;2025-03-06 11:50:00.0;0,00
CURITIBA;410690211A;PR;Novo Mundo;-25,48784;-49,28797;2025-03-06 12:50:00.0;0,00
CURITIBA;410690211A;PR;Novo Mundo;-25,48784;-49,28797;2025-03-06 13:50:00.0;0,00
CURITIBA;410690211A;PR;Novo Mundo;-25,48784;-49,28797;2025-03-06 14:50:00.0;0,00
CURITIBA;410690211A;PR;Novo Mundo;-25,48784;-49,28797;2025-03-06 15:50:00.0;0,00
CURITIBA;410690211A;PR;Novo Mundo;-25,48784;-49,28797;2025-03-06 16:50:00.0;0,00
CURITIBA;410690211A;PR;Novo Mundo;-25,48784;-49,28797;2025-03-06 17:50:00.0;0,00
CURITIBA;410690211A;PR;Novo Mundo;-25,48784;-49,28797;2025-03-06 18:50:00.0;0,00
CURITIBA;410690211A;PR;Novo Mundo;-25,48784;-49,28797;2025-03-06 19:50:00.0;0,00
CURITIBA;410690211A;PR;Novo Mundo;-25,48784;-49,28797;2025-03-06 20:50:00.0;0,00
CURITIBA;410690211A;PR;Novo Mundo;-25,48784;-49,28797;2025-03-06 21:50:00.0;0,00
CURITIBA;410690211A;PR;Novo Mundo;-25,48784;-49,28797;2025-03-06 22:50:00.0;0,00
CURITIBA;410690211A;PR;Novo Mundo;-25,48784;-49,28797;2025-03-06 23:50:00.0;0,00
CURITIBA;410690211A;PR;Novo Mundo;-25,48784;-49,28797;2025-03-07 00:50:00.0;0,00
CURITIBA;410690211A;PR;Novo Mundo;-25,48784;-49,28797;2025-03-07 01:50:00.0;0,00
CURITIBA;410690211A;PR;Novo Mundo;-25,48784;-49,28797;2025-03-07 02:50:00.0;0,00
CURITIBA;410690211A;PR;Novo Mundo;-25,48784;-49,28797;2025-03-07 03:50:00.0;0,00
CURITIBA;410690211A;PR;Novo Mundo;-25,48784;-49,28797;2025-03-07 04:50:00.0;0,00
CURITIBA;410690211A;PR;Novo Mundo;-25,48784;-49,28797;2025-03-07 05:50:00.0;0,00
CURITIBA;410690211A;PR;Novo Mundo;-25,48784;-49,28797;2025-03-07 06:50:00.0;0,00
CURITIBA;410690211A;PR;Novo Mundo;-25,48784;-49,28797;2025-03-07 07:50:00.0;0,00
CURITIBA;410690211A;PR;Novo Mundo;-25,48784;-49,28797;2025-03-07 08:50:00.0;0,00
CURITIBA;410690211A;PR;Novo Mundo;-25,48784;-49,28797;2025-03-07 09:50:00.0;0,00
CURITIBA;410690211A;PR;Novo Mundo;-25,48784;-49,28797;2025-03-07 10:50:00.0;0,00
CURITIBA;410690211A;PR;Novo Mundo;-25,48784;-49,28797;2025-03-07 11:50:00.0;0,00
CURITIBA;410690211A;PR;Novo Mundo;-25,48784;-49,28797;2025-03-07 12:50:00.0;0,00
CURITIBA;410690211A;PR;Novo Mundo;-25,48784;-49,28797;2025-03-07 13:50:00.0;0,00
CURITIBA;410690211A;PR;Novo Mundo;-25,48784;-49,28797;2025-03-07 14:50:00.0;0,00
CURITIBA;410690211A;PR;Novo Mundo;-25,48784;-49,28797;2025-03-07 15:50:00.0;0,00
CURITIBA;410690211A;PR;Novo Mundo;-25,48784;-49,28797;2025-03-07 16:50:00.0;0,00
CURITIBA;410690211A;PR;Novo Mundo;-25,48784;-49,28797;2025-03-07 17:50:00.0;0,00
CURITIBA;410690211A;PR;Novo Mundo;-25,48784;-49,28797;2025-03-07 18:50:00.0;0,00
CURITIBA;410690211A;PR;Novo Mundo;-25,48784;-49,28797;2025-03-07 19:50:00.0;0,00
CURITIBA;410690211A;PR;Novo Mundo;-25,48784;-49,28797;2025-03-07 20:50:00.0;0,00
CURITIBA;410690211A;PR;Novo Mundo;-25,48784;-49,28797;2025-03-07 21:50:00.0;0,00
CURITIBA;410690211A;PR;Novo Mundo;-25,48784;-49,28797;2025-03-07 22:50:00.0;0,00
CURITIBA;410690211A;PR;Novo Mundo;-25,48784;-49,28797;2025-03-07 23:50:00.0;0,00
CURITIBA;410690211A;PR;Novo Mundo;-25,48784;-49,28797;2025-03-08 00:50:00.0;0,00
CURITIBA;410690211A;PR;Novo Mundo;-25,48784;-49,28797;2025-03-08 01:50:00.0;0,00
CURITIBA;410690211A;PR;Novo Mundo;-25,48784;-49,28797;2025-03-08 02:50:00.0;0,00
CURITIBA;410690211A;PR;Novo Mundo;-25,48784;-49,28797;2025-03-08 03:50:00.0;0,00
CURITIBA;410690211A;PR;Novo Mundo;-25,48784;-49,28797;2025-03-08 04:50:00.0;0,00
CURITIBA;410690211A;PR;Novo Mundo;-25,48784;-49,28797;2025-03-08 05:50:00.0;0,00
CURITIBA;410690211A;PR;Novo Mundo;-25,48784;-49,28797;2025-03-08 06:50:00.0;0,00
CURITIBA;410690211A;PR;Novo Mundo;-25,48784;-49,28797;2025-03-08 07:50:00.0;0,00
CURITIBA;410690211A;PR;Novo Mundo;-25,48784;-49,28797;2025-03-08 08:50:00.0;0,00
CURITIBA;410690211A;PR;Novo Mundo;-25,48784;-49,28797;2025-03-08 09:50:00.0;0,00
CURITIBA;410690211A;PR;Novo Mundo;-25,48784;-49,28797;2025-03-08 10:50:00.0;0,00
CURITIBA;410690211A;PR;Novo Mundo;-25,48784;-49,28797;2025-03-08 12:50:00.0;0,00
CURITIBA;410690211A;PR;Novo Mundo;-25,48784;-49,28797;2025-03-08 13:50:00.0;0,00
CURITIBA;410690211A;PR;Novo Mundo;-25,48784;-49,28797;2025-03-08 14:50:00.0;0,00
CURITIBA;410690211A;PR;Novo Mundo;-25,48784;-49,28797;2025-03-08 15:50:00.0;0,00
CURITIBA;410690211A;PR;Novo Mundo;-25,48784;-49,28797;2025-03-08 16:50:00.0;0,00
CURITIBA;410690211A;PR;Novo Mundo;-25,48784;-49,28797;2025-03-08 17:50:00.0;0,00
CURITIBA;410690211A;PR;Novo Mundo;-25,48784;-49,28797;2025-03-08 18:50:00.0;0,00
CURITIBA;410690211A;PR;Novo Mundo;-25,48784;-49,28797;2025-03-08 19:50:00.0;0,00
CURITIBA;410690211A;PR;Novo Mundo;-25,48784;-49,28797;2025-03-08 20:50:00.0;0,00
CURITIBA;410690211A;PR;Novo Mundo;-25,48784;-49,28797;2025-03-08 21:50:00.0;0,00
CURITIBA;410690211A;PR;Novo Mundo;-25,48784;-49,28797;2025-03-08 22:50:00.0;0,00
CURITIBA;410690211A;PR;Novo Mundo;-25,48784;-49,28797;2025-03-08 23:50:00.0;0,00
CURITIBA;410690211A;PR;Novo Mundo;-25,48784;-49,28797;2025-03-09 00:50:00.0;0,00
CURITIBA;410690211A;PR;Novo Mundo;-25,48784;-49,28797;2025-03-09 01:50:00.0;0,00
CURITIBA;410690211A;PR;Novo Mundo;-25,48784;-49,28797;2025-03-09 02:50:00.0;0,00
CURITIBA;410690211A;PR;Novo Mundo;-25,48784;-49,28797;2025-03-09 03:50:00.0;0,00
CURITIBA;410690211A;PR;Novo Mundo;-25,48784;-49,28797;2025-03-09 04:50:00.0;0,00
CURITIBA;410690211A;PR;Novo Mundo;-25,48784;-49,28797;2025-03-09 05:50:00.0;0,00
CURITIBA;410690211A;PR;Novo Mundo;-25,48784;-49,28797;2025-03-09 06:50:00.0;0,00
CURITIBA;410690211A;PR;Novo Mundo;-25,48784;-49,28797;2025-03-09 07:50:00.0;0,00
CURITIBA;410690211A;PR;Novo Mundo;-25,48784;-49,28797;2025-03-09 08:50:00.0;0,00
CURITIBA;410690211A;PR;Novo Mundo;-25,48784;-49,28797;2025-03-09 09:50:00.0;0,00
CURITIBA;410690211A;PR;Novo Mundo;-25,48784;-49,28797;2025-03-09 10:50:00.0;0,00
CURITIBA;410690211A;PR;Novo Mundo;-25,48784;-49,28797;2025-03-09 11:50:00.0;0,00
CURITIBA;410690211A;PR;Novo Mundo;-25,48784;-49,28797;2025-03-09 12:50:00.0;0,00
CURITIBA;410690211A;PR;Novo Mundo;-25,48784;-49,28797;2025-03-09 13:50:00.0;0,00
CURITIBA;410690211A;PR;Novo Mundo;-25,48784;-49,28797;2025-03-09 14:50:00.0;0,00
CURITIBA;410690211A;PR;Novo Mundo;-25,48784;-49,28797;2025-03-09 15:50:00.0;0,00
CURITIBA;410690211A;PR;Novo Mundo;-25,48784;-49,28797;2025-03-09 16:50:00.0;0,00
CURITIBA;410690211A;PR;Novo Mundo;-25,48784;-49,28797;2025-03-09 17:50:00.0;0,00
CURITIBA;410690211A;PR;Novo Mundo;-25,48784;-49,28797;2025-03-09 18:50:00.0;0,00
CURITIBA;410690211A;PR;Novo Mundo;-25,48784;-49,28797;2025-03-09 19:50:00.0;0,00
CURITIBA;410690211A;PR;Novo Mundo;-25,48784;-49,28797;2025-03-09 20:50:00.0;0,00
CURITIBA;410690211A;PR;Novo Mundo;-25,48784;-49,28797;2025-03-09 21:50:00.0;0,00
CURITIBA;410690211A;PR;Novo Mundo;-25,48784;-49,28797;2025-03-09 22:00:00.0;0,60
CURITIBA;410690211A;PR;Novo Mundo;-25,48784;-49,28797;2025-03-09 22:10:00.0;0,60
CURITIBA;410690211A;PR;Novo Mundo;-25,48784;-49,28797;2025-03-09 22:30:00.0;0,80
CURITIBA;410690211A;PR;Novo Mundo;-25,48784;-49,28797;2025-03-09 22:40:00.0;1,60
CURITIBA;410690211A;PR;Novo Mundo;-25,48784;-49,28797;2025-03-09 22:50:00.0;0,80
CURITIBA;410690211A;PR;Novo Mundo;-25,48784;-49,28797;2025-03-09 23:00:00.0;2,60
CURITIBA;410690211A;PR;Novo Mundo;-25,48784;-49,28797;2025-03-09 23:10:00.0;0,80
CURITIBA;410690211A;PR;Novo Mundo;-25,48784;-49,28797;2025-03-09 23:20:00.0;0,40
CURITIBA;410690211A;PR;Novo Mundo;-25,48784;-49,28797;2025-03-09 23:50:00.0;0,20
CURITIBA;410690211A;PR;Novo Mundo;-25,48784;-49,28797;2025-03-10 00:10:00.0;0,20
CURITIBA;410690211A;PR;Novo Mundo;-25,48784;-49,28797;2025-03-10 00:50:00.0;0,00
CURITIBA;410690211A;PR;Novo Mundo;-25,48784;-49,28797;2025-03-10 01:50:00.0;0,00
CURITIBA;410690211A;PR;Novo Mundo;-25,48784;-49,28797;2025-03-10 02:50:00.0;0,00
CURITIBA;410690211A;PR;Novo Mundo;-25,48784;-49,28797;2025-03-10 03:50:00.0;0,00
CURITIBA;410690211A;PR;Novo Mundo;-25,48784;-49,28797;2025-03-10 04:50:00.0;0,00
CURITIBA;410690211A;PR;Novo Mundo;-25,48784;-49,28797;2025-03-10 05:50:00.0;0,00
CURITIBA;410690211A;PR;Novo Mundo;-25,48784;-49,28797;2025-03-10 06:50:00.0;0,00
CURITIBA;410690211A;PR;Novo Mundo;-25,48784;-49,28797;2025-03-10 07:50:00.0;0,00
CURITIBA;410690211A;PR;Novo Mundo;-25,48784;-49,28797;2025-03-10 08:50:00.0;0,00
CURITIBA;410690211A;PR;Novo Mundo;-25,48784;-49,28797;2025-03-10 09:50:00.0;0,00
CURITIBA;410690211A;PR;Novo Mundo;-25,48784;-49,28797;2025-03-10 10:50:00.0;0,00
CURITIBA;410690211A;PR;Novo Mundo;-25,48784;-49,28797;2025-03-10 11:50:00.0;0,00
CURITIBA;410690211A;PR;Novo Mundo;-25,48784;-49,28797;2025-03-10 12:50:00.0;0,00
CURITIBA;410690211A;PR;Novo Mundo;-25,48784;-49,28797;2025-03-10 13:50:00.0;0,00
CURITIBA;410690211A;PR;Novo Mundo;-25,48784;-49,28797;2025-03-10 14:50:00.0;0,00
CURITIBA;410690211A;PR;Novo Mundo;-25,48784;-49,28797;2025-03-10 15:50:00.0;0,00
CURITIBA;410690211A;PR;Novo Mundo;-25,48784;-49,28797;2025-03-10 16:50:00.0;0,00
CURITIBA;410690211A;PR;Novo Mundo;-25,48784;-49,28797;2025-03-10 17:50:00.0;0,00
CURITIBA;410690211A;PR;Novo Mundo;-25,48784;-49,28797;2025-03-10 18:50:00.0;0,00
CURITIBA;410690211A;PR;Novo Mundo;-25,48784;-49,28797;2025-03-10 19:50:00.0;0,00
CURITIBA;410690211A;PR;Novo Mundo;-25,48784;-49,28797;2025-03-10 20:50:00.0;0,00
CURITIBA;410690211A;PR;Novo Mundo;-25,48784;-49,28797;2025-03-10 21:50:00.0;0,00
CURITIBA;410690211A;PR;Novo Mundo;-25,48784;-49,28797;2025-03-10 22:50:00.0;0,00
CURITIBA;410690211A;PR;Novo Mundo;-25,48784;-49,28797;2025-03-10 23:50:00.0;0,00
CURITIBA;410690211A;PR;Novo Mundo;-25,48784;-49,28797;2025-03-11 00:50:00.0;0,00
CURITIBA;410690211A;PR;Novo Mundo;-25,48784;-49,28797;2025-03-11 01:50:00.0;0,00
CURITIBA;410690211A;PR;Novo Mundo;-25,48784;-49,28797;2025-03-11 02:50:00.0;0,00
CURITIBA;410690211A;PR;Novo Mundo;-25,48784;-49,28797;2025-03-11 03:50:00.0;0,00
CURITIBA;410690211A;PR;Novo Mundo;-25,48784;-49,28797;2025-03-11 04:50:00.0;0,00
CURITIBA;410690211A;PR;Novo Mundo;-25,48784;-49,28797;2025-03-11 05:50:00.0;0,00
CURITIBA;410690211A;PR;Novo Mundo;-25,48784;-49,28797;2025-03-11 06:50:00.0;0,00
CURITIBA;410690211A;PR;Novo Mundo;-25,48784;-49,28797;2025-03-11 07:50:00.0;0,00
CURITIBA;410690211A;PR;Novo Mundo;-25,48784;-49,28797;2025-03-11 08:50:00.0;0,00
CURITIBA;410690211A;PR;Novo Mundo;-25,48784;-49,28797;2025-03-11 09:50:00.0;0,00
CURITIBA;410690211A;PR;Novo Mundo;-25,48784;-49,28797;2025-03-11 10:50:00.0;0,00
CURITIBA;410690211A;PR;Novo Mundo;-25,48784;-49,28797;2025-03-11 11:50:00.0;0,00
CURITIBA;410690211A;PR;Novo Mundo;-25,48784;-49,28797;2025-03-11 12:50:00.0;0,00
CURITIBA;410690211A;PR;Novo Mundo;-25,48784;-49,28797;2025-03-11 13:50:00.0;0,00
CURITIBA;410690211A;PR;Novo Mundo;-25,48784;-49,28797;2025-03-11 14:50:00.0;0,00
CURITIBA;410690211A;PR;Novo Mundo;-25,48784;-49,28797;2025-03-11 15:50:00.0;0,00
CURITIBA;410690211A;PR;Novo Mundo;-25,48784;-49,28797;2025-03-11 16:50:00.0;0,00
CURITIBA;410690211A;PR;Novo Mundo;-25,48784;-49,28797;2025-03-11 17:50:00.0;0,00
CURITIBA;410690211A;PR;Novo Mundo;-25,48784;-49,28797;2025-03-11 19:20:00.0;5,20
CURITIBA;410690211A;PR;Novo Mundo;-25,48784;-49,28797;2025-03-11 19:30:00.0;11,80
CURITIBA;410690211A;PR;Novo Mundo;-25,48784;-49,28797;2025-03-11 19:40:00.0;3,80
CURITIBA;410690211A;PR;Novo Mundo;-25,48784;-49,28797;2025-03-11 19:50:00.0;1,40
CURITIBA;410690211A;PR;Novo Mundo;-25,48784;-49,28797;2025-03-11 20:00:00.0;0,20
CURITIBA;410690211A;PR;Novo Mundo;-25,48784;-49,28797;2025-03-11 20:50:00.0;0,00
CURITIBA;410690211A;PR;Novo Mundo;-25,48784;-49,28797;2025-03-11 21:10:00.0;0,20
CURITIBA;410690211A;PR;Novo Mundo;-25,48784;-49,28797;2025-03-11 21:20:00.0;0,20
CURITIBA;410690211A;PR;Novo Mundo;-25,48784;-49,28797;2025-03-11 21:30:00.0;0,20
CURITIBA;410690211A;PR;Novo Mundo;-25,48784;-49,28797;2025-03-11 21:40:00.0;0,20
CURITIBA;410690211A;PR;Novo Mundo;-25,48784;-49,28797;2025-03-11 21:50:00.0;0,20
CURITIBA;410690211A;PR;Novo Mundo;-25,48784;-49,28797;2025-03-11 22:00:00.0;0,20
CURITIBA;410690211A;PR;Novo Mundo;-25,48784;-49,28797;2025-03-11 22:10:00.0;0,60
CURITIBA;410690211A;PR;Novo Mundo;-25,48784;-49,28797;2025-03-11 22:20:00.0;0,40
CURITIBA;410690211A;PR;Novo Mundo;-25,48784;-49,28797;2025-03-11 22:30:00.0;0,40
CURITIBA;410690211A;PR;Novo Mundo;-25,48784;-49,28797;2025-03-11 22:40:00.0;0,60
CURITIBA;410690211A;PR;Novo Mundo;-25,48784;-49,28797;2025-03-11 22:50:00.0;0,80
CURITIBA;410690211A;PR;Novo Mundo;-25,48784;-49,28797;2025-03-11 23:00:00.0;1,00
CURITIBA;410690211A;PR;Novo Mundo;-25,48784;-49,28797;2025-03-11 23:10:00.0;1,00
CURITIBA;410690211A;PR;Novo Mundo;-25,48784;-49,28797;2025-03-11 23:20:00.0;1,00
CURITIBA;410690211A;PR;Novo Mundo;-25,48784;-49,28797;2025-03-11 23:30:00.0;1,00
CURITIBA;410690211A;PR;Novo Mundo;-25,48784;-49,28797;2025-03-11 23:40:00.0;0,80
CURITIBA;410690211A;PR;Novo Mundo;-25,48784;-49,28797;2025-03-11 23:50:00.0;1,00
CURITIBA;410690211A;PR;Novo Mundo;-25,48784;-49,28797;2025-03-12 00:00:00.0;1,40
CURITIBA;410690211A;PR;Novo Mundo;-25,48784;-49,28797;2025-03-12 00:10:00.0;0,20
CURITIBA;410690211A;PR;Novo Mundo;-25,48784;-49,28797;2025-03-12 00:20:00.0;0,20
CURITIBA;410690211A;PR;Novo Mundo;-25,48784;-49,28797;2025-03-12 00:40:00.0;0,20
CURITIBA;410690211A;PR;Novo Mundo;-25,48784;-49,28797;2025-03-12 00:50:00.0;0,00
CURITIBA;410690211A;PR;Novo Mundo;-25,48784;-49,28797;2025-03-12 01:50:00.0;0,00
CURITIBA;410690211A;PR;Novo Mundo;-25,48784;-49,28797;2025-03-12 02:50:00.0;0,00
CURITIBA;410690211A;PR;Novo Mundo;-25,48784;-49,28797;2025-03-12 03:50:00.0;0,00
CURITIBA;410690211A;PR;Novo Mundo;-25,48784;-49,28797;2025-03-12 04:50:00.0;0,00
CURITIBA;410690211A;PR;Novo Mundo;-25,48784;-49,28797;2025-03-12 05:50:00.0;0,00
CURITIBA;410690211A;PR;Novo Mundo;-25,48784;-49,28797;2025-03-12 06:50:00.0;0,00
CURITIBA;410690211A;PR;Novo Mundo;-25,48784;-49,28797;2025-03-12 07:50:00.0;0,00
CURITIBA;410690211A;PR;Novo Mundo;-25,48784;-49,28797;2025-03-12 08:00:00.0;0,20
CURITIBA;410690211A;PR;Novo Mundo;-25,48784;-49,28797;2025-03-12 08:50:00.0;0,00
CURITIBA;410690211A;PR;Novo Mundo;-25,48784;-49,28797;2025-03-12 09:50:00.0;0,00
CURITIBA;410690211A;PR;Novo Mundo;-25,48784;-49,28797;2025-03-12 10:50:00.0;0,00
CURITIBA;410690211A;PR;Novo Mundo;-25,48784;-49,28797;2025-03-12 11:50:00.0;0,00
CURITIBA;410690211A;PR;Novo Mundo;-25,48784;-49,28797;2025-03-12 12:50:00.0;0,00
CURITIBA;410690211A;PR;Novo Mundo;-25,48784;-49,28797;2025-03-12 14:20:00.0;0,00
CURITIBA;410690211A;PR;Novo Mundo;-25,48784;-49,28797;2025-03-12 14:30:00.0;0,20
CURITIBA;410690211A;PR;Novo Mundo;-25,48784;-49,28797;2025-03-12 14:50:00.0;0,00
CURITIBA;410690211A;PR;Novo Mundo;-25,48784;-49,28797;2025-03-12 15:10:00.0;0,80
CURITIBA;410690211A;PR;Novo Mundo;-25,48784;-49,28797;2025-03-12 15:20:00.0;6,80
CURITIBA;410690211A;PR;Novo Mundo;-25,48784;-49,28797;2025-03-12 15:30:00.0;2,00
CURITIBA;410690211A;PR;Novo Mundo;-25,48784;-49,28797;2025-03-12 15:50:00.0;0,00
CURITIBA;410690211A;PR;Novo Mundo;-25,48784;-49,28797;2025-03-12 16:20:00.0;0,20
CURITIBA;410690211A;PR;Novo Mundo;-25,48784;-49,28797;2025-03-12 16:50:00.0;0,00
CURITIBA;410690211A;PR;Novo Mundo;-25,48784;-49,28797;2025-03-12 17:30:00.0;0,20
CURITIBA;410690211A;PR;Novo Mundo;-25,48784;-49,28797;2025-03-12 17:50:00.0;0,00
CURITIBA;410690211A;PR;Novo Mundo;-25,48784;-49,28797;2025-03-12 18:40:00.0;0,20
CURITIBA;410690211A;PR;Novo Mundo;-25,48784;-49,28797;2025-03-12 18:50:00.0;0,00
CURITIBA;410690211A;PR;Novo Mundo;-25,48784;-49,28797;2025-03-12 19:50:00.0;0,00
CURITIBA;410690211A;PR;Novo Mundo;-25,48784;-49,28797;2025-03-12 20:50:00.0;0,00
CURITIBA;410690211A;PR;Novo Mundo;-25,48784;-49,28797;2025-03-12 21:50:00.0;0,00
CURITIBA;410690211A;PR;Novo Mundo;-25,48784;-49,28797;2025-03-12 22:50:00.0;0,00
CURITIBA;410690211A;PR;Novo Mundo;-25,48784;-49,28797;2025-03-12 23:40:00.0;0,20
CURITIBA;410690211A;PR;Novo Mundo;-25,48784;-49,28797;2025-03-12 23:50:00.0;0,20
CURITIBA;410690211A;PR;Novo Mundo;-25,48784;-49,28797;2025-03-13 00:00:00.0;0,40
CURITIBA;410690211A;PR;Novo Mundo;-25,48784;-49,28797;2025-03-13 00:10:00.0;0,40
CURITIBA;410690211A;PR;Novo Mundo;-25,48784;-49,28797;2025-03-13 00:20:00.0;0,20
CURITIBA;410690211A;PR;Novo Mundo;-25,48784;-49,28797;2025-03-13 00:30:00.0;0,20
CURITIBA;410690211A;PR;Novo Mundo;-25,48784;-49,28797;2025-03-13 00:40:00.0;0,20
CURITIBA;410690211A;PR;Novo Mundo;-25,48784;-49,28797;2025-03-13 00:50:00.0;0,20
CURITIBA;410690211A;PR;Novo Mundo;-25,48784;-49,28797;2025-03-13 01:50:00.0;0,20
CURITIBA;410690211A;PR;Novo Mundo;-25,48784;-49,28797;2025-03-13 02:00:00.0;0,20
CURITIBA;410690211A;PR;Novo Mundo;-25,48784;-49,28797;2025-03-13 02:20:00.0;0,20
CURITIBA;410690211A;PR;Novo Mundo;-25,48784;-49,28797;2025-03-13 02:50:00.0;0,00
CURITIBA;410690211A;PR;Novo Mundo;-25,48784;-49,28797;2025-03-13 03:30:00.0;0,20
CURITIBA;410690211A;PR;Novo Mundo;-25,48784;-49,28797;2025-03-13 03:50:00.0;0,00
CURITIBA;410690211A;PR;Novo Mundo;-25,48784;-49,28797;2025-03-13 04:50:00.0;0,00
CURITIBA;410690211A;PR;Novo Mundo;-25,48784;-49,28797;2025-03-13 05:50:00.0;0,00
CURITIBA;410690211A;PR;Novo Mundo;-25,48784;-49,28797;2025-03-13 06:50:00.0;0,00
CURITIBA;410690211A;PR;Novo Mundo;-25,48784;-49,28797;2025-03-13 07:10:00.0;0,40
CURITIBA;410690211A;PR;Novo Mundo;-25,48784;-49,28797;2025-03-13 07:20:00.0;0,20
CURITIBA;410690211A;PR;Novo Mundo;-25,48784;-49,28797;2025-03-13 07:30:00.0;0,20
CURITIBA;410690211A;PR;Novo Mundo;-25,48784;-49,28797;2025-03-13 07:40:00.0;0,40
CURITIBA;410690211A;PR;Novo Mundo;-25,48784;-49,28797;2025-03-13 07:50:00.0;0,20
CURITIBA;410690211A;PR;Novo Mundo;-25,48784;-49,28797;2025-03-13 08:10:00.0;0,40
CURITIBA;410690211A;PR;Novo Mundo;-25,48784;-49,28797;2025-03-13 08:20:00.0;0,20
CURITIBA;410690211A;PR;Novo Mundo;-25,48784;-49,28797;2025-03-13 08:30:00.0;0,20
CURITIBA;410690211A;PR;Novo Mundo;-25,48784;-49,28797;2025-03-13 08:50:00.0;0,00
CURITIBA;410690211A;PR;Novo Mundo;-25,48784;-49,28797;2025-03-13 09:00:00.0;0,20
CURITIBA;410690211A;PR;Novo Mundo;-25,48784;-49,28797;2025-03-13 09:10:00.0;0,20
CURITIBA;410690211A;PR;Novo Mundo;-25,48784;-49,28797;2025-03-13 09:50:00.0;0,00
CURITIBA;410690211A;PR;Novo Mundo;-25,48784;-49,28797;2025-03-13 10:50:00.0;0,00
CURITIBA;410690211A;PR;Novo Mundo;-25,48784;-49,28797;2025-03-13 11:50:00.0;0,00
CURITIBA;410690211A;PR;Novo Mundo;-25,48784;-49,28797;2025-03-13 12:50:00.0;0,00
CURITIBA;410690211A;PR;Novo Mundo;-25,48784;-49,28797;2025-03-13 14:50:00.0;0,00
CURITIBA;410690211A;PR;Novo Mundo;-25,48784;-49,28797;2025-03-13 15:50:00.0;0,00
CURITIBA;410690211A;PR;Novo Mundo;-25,48784;-49,28797;2025-03-13 16:50:00.0;0,00
CURITIBA;410690211A;PR;Novo Mundo;-25,48784;-49,28797;2025-03-13 17:50:00.0;0,00
CURITIBA;410690211A;PR;Novo Mundo;-25,48784;-49,28797;2025-03-13 18:40:00.0;3,20
CURITIBA;410690211A;PR;Novo Mundo;-25,48784;-49,28797;2025-03-13 18:50:00.0;0,60
CURITIBA;410690211A;PR;Novo Mundo;-25,48784;-49,28797;2025-03-13 19:50:00.0;0,00
CURITIBA;410690211A;PR;Novo Mundo;-25,48784;-49,28797;2025-03-13 20:50:00.0;0,00
CURITIBA;410690211A;PR;Novo Mundo;-25,48784;-49,28797;2025-03-13 21:30:00.0;0,40
CURITIBA;410690211A;PR;Novo Mundo;-25,48784;-49,28797;2025-03-13 21:40:00.0;0,20
CURITIBA;410690211A;PR;Novo Mundo;-25,48784;-49,28797;2025-03-13 21:50:00.0;0,00
CURITIBA;410690211A;PR;Novo Mundo;-25,48784;-49,28797;2025-03-13 22:50:00.0;1,20
CURITIBA;410690211A;PR;Novo Mundo;-25,48784;-49,28797;2025-03-13 23:00:00.0;3,60
CURITIBA;410690211A;PR;Novo Mundo;-25,48784;-49,28797;2025-03-13 23:10:00.0;3,00
CURITIBA;410690211A;PR;Novo Mundo;-25,48784;-49,28797;2025-03-13 23:20:00.0;4,60
CURITIBA;410690211A;PR;Novo Mundo;-25,48784;-49,28797;2025-03-13 23:30:00.0;0,40
CURITIBA;410690211A;PR;Novo Mundo;-25,48784;-49,28797;2025-03-13 23:40:00.0;0,20
CURITIBA;410690211A;PR;Novo Mundo;-25,48784;-49,28797;2025-03-13 23:50:00.0;0,00
CURITIBA;410690211A;PR;Novo Mundo;-25,48784;-49,28797;2025-03-14 00:50:00.0;0,00
CURITIBA;410690211A;PR;Novo Mundo;-25,48784;-49,28797;2025-03-14 01:50:00.0;0,00
CURITIBA;410690211A;PR;Novo Mundo;-25,48784;-49,28797;2025-03-14 02:50:00.0;0,00
CURITIBA;410690211A;PR;Novo Mundo;-25,48784;-49,28797;2025-03-14 03:50:00.0;0,00
CURITIBA;410690211A;PR;Novo Mundo;-25,48784;-49,28797;2025-03-14 04:50:00.0;0,00
CURITIBA;410690211A;PR;Novo Mundo;-25,48784;-49,28797;2025-03-14 05:50:00.0;0,00
CURITIBA;410690211A;PR;Novo Mundo;-25,48784;-49,28797;2025-03-14 06:50:00.0;0,00
CURITIBA;410690211A;PR;Novo Mundo;-25,48784;-49,28797;2025-03-14 07:50:00.0;0,00
CURITIBA;410690211A;PR;Novo Mundo;-25,48784;-49,28797;2025-03-14 08:50:00.0;0,00
CURITIBA;410690211A;PR;Novo Mundo;-25,48784;-49,28797;2025-03-14 09:50:00.0;0,00
CURITIBA;410690211A;PR;Novo Mundo;-25,48784;-49,28797;2025-03-14 10:50:00.0;0,00
CURITIBA;410690211A;PR;Novo Mundo;-25,48784;-49,28797;2025-03-14 11:50:00.0;0,00
CURITIBA;410690211A;PR;Novo Mundo;-25,48784;-49,28797;2025-03-14 12:50:00.0;0,00
CURITIBA;410690211A;PR;Novo Mundo;-25,48784;-49,28797;2025-03-14 14:50:00.0;0,00
CURITIBA;410690211A;PR;Novo Mundo;-25,48784;-49,28797;2025-03-14 15:50:00.0;0,00
CURITIBA;410690211A;PR;Novo Mundo;-25,48784;-49,28797;2025-03-14 16:00:00.0;0,20
CURITIBA;410690211A;PR;Novo Mundo;-25,48784;-49,28797;2025-03-14 16:50:00.0;0,00
CURITIBA;410690211A;PR;Novo Mundo;-25,48784;-49,28797;2025-03-14 17:50:00.0;0,00
CURITIBA;410690211A;PR;Novo Mundo;-25,48784;-49,28797;2025-03-14 18:50:00.0;0,00
CURITIBA;410690211A;PR;Novo Mundo;-25,48784;-49,28797;2025-03-14 19:50:00.0;0,00
CURITIBA;410690211A;PR;Novo Mundo;-25,48784;-49,28797;2025-03-14 20:50:00.0;0,00
CURITIBA;410690211A;PR;Novo Mundo;-25,48784;-49,28797;2025-03-14 21:50:00.0;0,00
CURITIBA;410690211A;PR;Novo Mundo;-25,48784;-49,28797;2025-03-14 22:50:00.0;0,00
CURITIBA;410690211A;PR;Novo Mundo;-25,48784;-49,28797;2025-03-14 23:50:00.0;0,00
CURITIBA;410690211A;PR;Novo Mundo;-25,48784;-49,28797;2025-03-15 00:50:00.0;0,00
CURITIBA;410690211A;PR;Novo Mundo;-25,48784;-49,28797;2025-03-15 01:50:00.0;0,00
CURITIBA;410690211A;PR;Novo Mundo;-25,48784;-49,28797;2025-03-15 02:50:00.0;0,00
CURITIBA;410690211A;PR;Novo Mundo;-25,48784;-49,28797;2025-03-15 03:50:00.0;0,00
CURITIBA;410690211A;PR;Novo Mundo;-25,48784;-49,28797;2025-03-15 04:50:00.0;0,00
CURITIBA;410690211A;PR;Novo Mundo;-25,48784;-49,28797;2025-03-15 05:50:00.0;0,00
CURITIBA;410690211A;PR;Novo Mundo;-25,48784;-49,28797;2025-03-15 06:50:00.0;0,00
CURITIBA;410690211A;PR;Novo Mundo;-25,48784;-49,28797;2025-03-15 07:50:00.0;0,00
CURITIBA;410690211A;PR;Novo Mundo;-25,48784;-49,28797;2025-03-15 08:50:00.0;0,00
CURITIBA;410690211A;PR;Novo Mundo;-25,48784;-49,28797;2025-03-15 09:50:00.0;0,00
CURITIBA;410690211A;PR;Novo Mundo;-25,48784;-49,28797;2025-03-15 11:00:00.0;0,00
CURITIBA;410690211A;PR;Novo Mundo;-25,48784;-49,28797;2025-03-15 11:50:00.0;0,00
CURITIBA;410690211A;PR;Novo Mundo;-25,48784;-49,28797;2025-03-15 12:50:00.0;0,00
CURITIBA;410690211A;PR;Novo Mundo;-25,48784;-49,28797;2025-03-15 13:50:00.0;0,00
CURITIBA;410690211A;PR;Novo Mundo;-25,48784;-49,28797;2025-03-15 14:50:00.0;0,00
CURITIBA;410690211A;PR;Novo Mundo;-25,48784;-49,28797;2025-03-15 15:50:00.0;0,00
CURITIBA;410690211A;PR;Novo Mundo;-25,48784;-49,28797;2025-03-15 17:50:00.0;0,00
CURITIBA;410690211A;PR;Novo Mundo;-25,48784;-49,28797;2025-03-15 18:50:00.0;0,00
CURITIBA;410690211A;PR;Novo Mundo;-25,48784;-49,28797;2025-03-15 19:10:00.0;2,80
CURITIBA;410690211A;PR;Novo Mundo;-25,48784;-49,28797;2025-03-15 19:20:00.0;8,40
CURITIBA;410690211A;PR;Novo Mundo;-25,48784;-49,28797;2025-03-15 19:30:00.0;5,20
CURITIBA;410690211A;PR;Novo Mundo;-25,48784;-49,28797;2025-03-15 19:40:00.0;3,20
CURITIBA;410690211A;PR;Novo Mundo;-25,48784;-49,28797;2025-03-15 19:50:00.0;3,20
CURITIBA;410690211A;PR;Novo Mundo;-25,48784;-49,28797;2025-03-15 20:00:00.0;1,00
CURITIBA;410690211A;PR;Novo Mundo;-25,48784;-49,28797;2025-03-15 20:10:00.0;0,20
CURITIBA;410690211A;PR;Novo Mundo;-25,48784;-49,28797;2025-03-15 20:20:00.0;0,40
CURITIBA;410690211A;PR;Novo Mundo;-25,48784;-49,28797;2025-03-15 20:30:00.0;0,20
CURITIBA;410690211A;PR;Novo Mundo;-25,48784;-49,28797;2025-03-15 20:50:00.0;0,00
CURITIBA;410690211A;PR;Novo Mundo;-25,48784;-49,28797;2025-03-15 21:50:00.0;0,00
CURITIBA;410690211A;PR;Novo Mundo;-25,48784;-49,28797;2025-03-15 22:50:00.0;0,00
CURITIBA;410690211A;PR;Novo Mundo;-25,48784;-49,28797;2025-03-15 23:50:00.0;0,00
CURITIBA;410690211A;PR;Novo Mundo;-25,48784;-49,28797;2025-03-16 00:50:00.0;0,00
CURITIBA;410690211A;PR;Novo Mundo;-25,48784;-49,28797;2025-03-16 01:50:00.0;0,00
CURITIBA;410690211A;PR;Novo Mundo;-25,48784;-49,28797;2025-03-16 02:50:00.0;0,00
CURITIBA;410690211A;PR;Novo Mundo;-25,48784;-49,28797;2025-03-16 03:50:00.0;0,00
CURITIBA;410690211A;PR;Novo Mundo;-25,48784;-49,28797;2025-03-16 04:50:00.0;0,00
CURITIBA;410690211A;PR;Novo Mundo;-25,48784;-49,28797;2025-03-16 05:50:00.0;0,00
CURITIBA;410690211A;PR;Novo Mundo;-25,48784;-49,28797;2025-03-16 06:50:00.0;0,00
CURITIBA;410690211A;PR;Novo Mundo;-25,48784;-49,28797;2025-03-16 07:50:00.0;0,00
CURITIBA;410690211A;PR;Novo Mundo;-25,48784;-49,28797;2025-03-16 08:50:00.0;0,00
CURITIBA;410690211A;PR;Novo Mundo;-25,48784;-49,28797;2025-03-16 09:50:00.0;0,00
CURITIBA;410690211A;PR;Novo Mundo;-25,48784;-49,28797;2025-03-16 10:50:00.0;0,00
CURITIBA;410690211A;PR;Novo Mundo;-25,48784;-49,28797;2025-03-16 11:50:00.0;0,00
CURITIBA;410690211A;PR;Novo Mundo;-25,48784;-49,28797;2025-03-16 12:50:00.0;0,00
CURITIBA;410690211A;PR;Novo Mundo;-25,48784;-49,28797;2025-03-16 13:50:00.0;0,00
CURITIBA;410690211A;PR;Novo Mundo;-25,48784;-49,28797;2025-03-16 14:50:00.0;0,00
CURITIBA;410690211A;PR;Novo Mundo;-25,48784;-49,28797;2025-03-16 15:50:00.0;0,00
CURITIBA;410690211A;PR;Novo Mundo;-25,48784;-49,28797;2025-03-16 16:50:00.0;0,00
CURITIBA;410690211A;PR;Novo Mundo;-25,48784;-49,28797;2025-03-16 17:50:00.0;0,00
CURITIBA;410690211A;PR;Novo Mundo;-25,48784;-49,28797;2025-03-16 18:50:00.0;0,00
CURITIBA;410690211A;PR;Novo Mundo;-25,48784;-49,28797;2025-03-16 19:50:00.0;0,00
CURITIBA;410690211A;PR;Novo Mundo;-25,48784;-49,28797;2025-03-16 21:50:00.0;0,00
CURITIBA;410690211A;PR;Novo Mundo;-25,48784;-49,28797;2025-03-16 22:50:00.0;0,00
CURITIBA;410690211A;PR;Novo Mundo;-25,48784;-49,28797;2025-03-16 23:50:00.0;0,00
CURITIBA;410690211A;PR;Novo Mundo;-25,48784;-49,28797;2025-03-17 00:50:00.0;0,00
CURITIBA;410690211A;PR;Novo Mundo;-25,48784;-49,28797;2025-03-17 01:50:00.0;0,00
CURITIBA;410690211A;PR;Novo Mundo;-25,48784;-49,28797;2025-03-17 02:50:00.0;0,00
CURITIBA;410690211A;PR;Novo Mundo;-25,48784;-49,28797;2025-03-17 03:50:00.0;0,00
CURITIBA;410690211A;PR;Novo Mundo;-25,48784;-49,28797;2025-03-17 04:50:00.0;0,00
CURITIBA;410690211A;PR;Novo Mundo;-25,48784;-49,28797;2025-03-17 05:50:00.0;0,00
CURITIBA;410690211A;PR;Novo Mundo;-25,48784;-49,28797;2025-03-17 06:50:00.0;0,00
CURITIBA;410690211A;PR;Novo Mundo;-25,48784;-49,28797;2025-03-17 07:50:00.0;0,00
CURITIBA;410690211A;PR;Novo Mundo;-25,48784;-49,28797;2025-03-17 08:50:00.0;0,00
CURITIBA;410690211A;PR;Novo Mundo;-25,48784;-49,28797;2025-03-17 09:50:00.0;0,00
CURITIBA;410690211A;PR;Novo Mundo;-25,48784;-49,28797;2025-03-17 10:50:00.0;0,00
CURITIBA;410690211A;PR;Novo Mundo;-25,48784;-49,28797;2025-03-17 11:50:00.0;0,00
CURITIBA;410690211A;PR;Novo Mundo;-25,48784;-49,28797;2025-03-17 12:50:00.0;0,00
CURITIBA;410690211A;PR;Novo Mundo;-25,48784;-49,28797;2025-03-17 13:50:00.0;0,00
CURITIBA;410690211A;PR;Novo Mundo;-25,48784;-49,28797;2025-03-17 15:00:00.0;0,00
CURITIBA;410690211A;PR;Novo Mundo;-25,48784;-49,28797;2025-03-17 15:50:00.0;0,00
CURITIBA;410690211A;PR;Novo Mundo;-25,48784;-49,28797;2025-03-17 16:50:00.0;0,00
CURITIBA;410690211A;PR;Novo Mundo;-25,48784;-49,28797;2025-03-17 17:50:00.0;0,00
CURITIBA;410690211A;PR;Novo Mundo;-25,48784;-49,28797;2025-03-17 18:50:00.0;0,00
CURITIBA;410690211A;PR;Novo Mundo;-25,48784;-49,28797;2025-03-17 19:50:00.0;0,00
CURITIBA;410690211A;PR;Novo Mundo;-25,48784;-49,28797;2025-03-17 20:50:00.0;0,00
CURITIBA;410690211A;PR;Novo Mundo;-25,48784;-49,28797;2025-03-17 22:50:00.0;0,00
CURITIBA;410690211A;PR;Novo Mundo;-25,48784;-49,28797;2025-03-17 23:50:00.0;0,00
CURITIBA;410690211A;PR;Novo Mundo;-25,48784;-49,28797;2025-03-18 00:50:00.0;0,00
CURITIBA;410690211A;PR;Novo Mundo;-25,48784;-49,28797;2025-03-18 01:50:00.0;0,00
CURITIBA;410690211A;PR;Novo Mundo;-25,48784;-49,28797;2025-03-18 02:50:00.0;0,00
CURITIBA;410690211A;PR;Novo Mundo;-25,48784;-49,28797;2025-03-18 03:50:00.0;0,00
CURITIBA;410690211A;PR;Novo Mundo;-25,48784;-49,28797;2025-03-18 04:50:00.0;0,00
CURITIBA;410690211A;PR;Novo Mundo;-25,48784;-49,28797;2025-03-18 05:50:00.0;0,00
CURITIBA;410690211A;PR;Novo Mundo;-25,48784;-49,28797;2025-03-18 06:50:00.0;0,00
CURITIBA;410690211A;PR;Novo Mundo;-25,48784;-49,28797;2025-03-18 07:50:00.0;0,00
CURITIBA;410690211A;PR;Novo Mundo;-25,48784;-49,28797;2025-03-18 08:50:00.0;0,00
CURITIBA;410690211A;PR;Novo Mundo;-25,48784;-49,28797;2025-03-18 09:50:00.0;0,00
CURITIBA;410690211A;PR;Novo Mundo;-25,48784;-49,28797;2025-03-18 10:50:00.0;0,00
CURITIBA;410690211A;PR;Novo Mundo;-25,48784;-49,28797;2025-03-18 11:50:00.0;0,00
CURITIBA;410690211A;PR;Novo Mundo;-25,48784;-49,28797;2025-03-18 12:50:00.0;0,00
CURITIBA;410690211A;PR;Novo Mundo;-25,48784;-49,28797;2025-03-18 13:50:00.0;0,00
CURITIBA;410690211A;PR;Novo Mundo;-25,48784;-49,28797;2025-03-18 14:50:00.0;0,00
CURITIBA;410690211A;PR;Novo Mundo;-25,48784;-49,28797;2025-03-18 15:50:00.0;0,00
CURITIBA;410690211A;PR;Novo Mundo;-25,48784;-49,28797;2025-03-18 16:50:00.0;0,00
CURITIBA;410690211A;PR;Novo Mundo;-25,48784;-49,28797;2025-03-18 17:50:00.0;0,00
CURITIBA;410690211A;PR;Novo Mundo;-25,48784;-49,28797;2025-03-18 18:10:00.0;2,60
CURITIBA;410690211A;PR;Novo Mundo;-25,48784;-49,28797;2025-03-18 18:30:00.0;0,40
CURITIBA;410690211A;PR;Novo Mundo;-25,48784;-49,28797;2025-03-18 18:40:00.0;2,40
CURITIBA;410690211A;PR;Novo Mundo;-25,48784;-49,28797;2025-03-18 18:50:00.0;0,00
CURITIBA;410690211A;PR;Novo Mundo;-25,48784;-49,28797;2025-03-18 19:10:00.0;0,20
CURITIBA;410690211A;PR;Novo Mundo;-25,48784;-49,28797;2025-03-18 19:40:00.0;0,20
CURITIBA;410690211A;PR;Novo Mundo;-25,48784;-49,28797;2025-03-18 19:50:00.0;0,00
CURITIBA;410690211A;PR;Novo Mundo;-25,48784;-49,28797;2025-03-18 20:10:00.0;0,20
CURITIBA;410690211A;PR;Novo Mundo;-25,48784;-49,28797;2025-03-18 21:50:00.0;0,00
CURITIBA;410690211A;PR;Novo Mundo;-25,48784;-49,28797;2025-03-18 22:50:00.0;0,00
CURITIBA;410690211A;PR;Novo Mundo;-25,48784;-49,28797;2025-03-18 23:50:00.0;0,00
CURITIBA;410690211A;PR;Novo Mundo;-25,48784;-49,28797;2025-03-19 00:50:00.0;0,00
CURITIBA;410690211A;PR;Novo Mundo;-25,48784;-49,28797;2025-03-19 01:50:00.0;0,00
CURITIBA;410690211A;PR;Novo Mundo;-25,48784;-49,28797;2025-03-19 02:50:00.0;0,00
CURITIBA;410690211A;PR;Novo Mundo;-25,48784;-49,28797;2025-03-19 03:50:00.0;0,00
CURITIBA;410690211A;PR;Novo Mundo;-25,48784;-49,28797;2025-03-19 04:50:00.0;0,00
CURITIBA;410690211A;PR;Novo Mundo;-25,48784;-49,28797;2025-03-19 05:50:00.0;0,00
CURITIBA;410690211A;PR;Novo Mundo;-25,48784;-49,28797;2025-03-19 06:50:00.0;0,00
CURITIBA;410690211A;PR;Novo Mundo;-25,48784;-49,28797;2025-03-19 07:50:00.0;0,00
CURITIBA;410690211A;PR;Novo Mundo;-25,48784;-49,28797;2025-03-19 08:50:00.0;0,00
CURITIBA;410690211A;PR;Novo Mundo;-25,48784;-49,28797;2025-03-19 09:50:00.0;0,00
CURITIBA;410690211A;PR;Novo Mundo;-25,48784;-49,28797;2025-03-19 10:50:00.0;0,00
CURITIBA;410690211A;PR;Novo Mundo;-25,48784;-49,28797;2025-03-19 11:50:00.0;0,00
CURITIBA;410690211A;PR;Novo Mundo;-25,48784;-49,28797;2025-03-19 12:50:00.0;0,00
CURITIBA;410690211A;PR;Novo Mundo;-25,48784;-49,28797;2025-03-19 13:50:00.0;0,00
CURITIBA;410690211A;PR;Novo Mundo;-25,48784;-49,28797;2025-03-19 14:30:00.0;0,20
CURITIBA;410690211A;PR;Novo Mundo;-25,48784;-49,28797;2025-03-19 14:50:00.0;0,00
CURITIBA;410690211A;PR;Novo Mundo;-25,48784;-49,28797;2025-03-19 15:50:00.0;0,00
CURITIBA;410690211A;PR;Novo Mundo;-25,48784;-49,28797;2025-03-19 16:50:00.0;0,00
CURITIBA;410690211A;PR;Novo Mundo;-25,48784;-49,28797;2025-03-19 17:50:00.0;0,00
CURITIBA;410690211A;PR;Novo Mundo;-25,48784;-49,28797;2025-03-19 18:50:00.0;0,00
CURITIBA;410690211A;PR;Novo Mundo;-25,48784;-49,28797;2025-03-19 19:50:00.0;0,00
CURITIBA;410690211A;PR;Novo Mundo;-25,48784;-49,28797;2025-03-19 20:50:00.0;0,00
CURITIBA;410690211A;PR;Novo Mundo;-25,48784;-49,28797;2025-03-19 21:50:00.0;0,00
CURITIBA;410690211A;PR;Novo Mundo;-25,48784;-49,28797;2025-03-19 22:50:00.0;0,00
CURITIBA;410690211A;PR;Novo Mundo;-25,48784;-49,28797;2025-03-19 23:50:00.0;0,00
CURITIBA;410690211A;PR;Novo Mundo;-25,48784;-49,28797;2025-03-20 00:50:00.0;0,00
CURITIBA;410690211A;PR;Novo Mundo;-25,48784;-49,28797;2025-03-20 01:50:00.0;0,00
CURITIBA;410690211A;PR;Novo Mundo;-25,48784;-49,28797;2025-03-20 02:50:00.0;0,00
CURITIBA;410690211A;PR;Novo Mundo;-25,48784;-49,28797;2025-03-20 03:50:00.0;0,00
CURITIBA;410690211A;PR;Novo Mundo;-25,48784;-49,28797;2025-03-20 04:50:00.0;0,00
CURITIBA;410690211A;PR;Novo Mundo;-25,48784;-49,28797;2025-03-20 05:50:00.0;0,00
CURITIBA;410690211A;PR;Novo Mundo;-25,48784;-49,28797;2025-03-20 06:50:00.0;0,00
CURITIBA;410690211A;PR;Novo Mundo;-25,48784;-49,28797;2025-03-20 07:50:00.0;0,00
CURITIBA;410690211A;PR;Novo Mundo;-25,48784;-49,28797;2025-03-20 08:50:00.0;0,00
CURITIBA;410690211A;PR;Novo Mundo;-25,48784;-49,28797;2025-03-20 09:50:00.0;0,00
CURITIBA;410690211A;PR;Novo Mundo;-25,48784;-49,28797;2025-03-20 10:50:00.0;0,00
CURITIBA;410690211A;PR;Novo Mundo;-25,48784;-49,28797;2025-03-20 11:50:00.0;0,00
CURITIBA;410690211A;PR;Novo Mundo;-25,48784;-49,28797;2025-03-20 12:50:00.0;0,00
CURITIBA;410690211A;PR;Novo Mundo;-25,48784;-49,28797;2025-03-20 13:50:00.0;0,00
CURITIBA;410690211A;PR;Novo Mundo;-25,48784;-49,28797;2025-03-20 14:50:00.0;0,00
CURITIBA;410690211A;PR;Novo Mundo;-25,48784;-49,28797;2025-03-20 15:50:00.0;0,00
CURITIBA;410690211A;PR;Novo Mundo;-25,48784;-49,28797;2025-03-20 16:50:00.0;0,00
CURITIBA;410690211A;PR;Novo Mundo;-25,48784;-49,28797;2025-03-20 17:50:00.0;0,00
CURITIBA;410690211A;PR;Novo Mundo;-25,48784;-49,28797;2025-03-20 18:50:00.0;0,00
CURITIBA;410690211A;PR;Novo Mundo;-25,48784;-49,28797;2025-03-20 19:50:00.0;0,00
CURITIBA;410690211A;PR;Novo Mundo;-25,48784;-49,28797;2025-03-20 20:50:00.0;0,00
CURITIBA;410690211A;PR;Novo Mundo;-25,48784;-49,28797;2025-03-20 21:50:00.0;0,00
CURITIBA;410690211A;PR;Novo Mundo;-25,48784;-49,28797;2025-03-20 22:50:00.0;0,00
CURITIBA;410690211A;PR;Novo Mundo;-25,48784;-49,28797;2025-03-20 23:50:00.0;0,00
CURITIBA;410690211A;PR;Novo Mundo;-25,48784;-49,28797;2025-03-21 00:50:00.0;0,00
CURITIBA;410690211A;PR;Novo Mundo;-25,48784;-49,28797;2025-03-21 01:50:00.0;0,00
CURITIBA;410690211A;PR;Novo Mundo;-25,48784;-49,28797;2025-03-21 02:50:00.0;0,00
CURITIBA;410690211A;PR;Novo Mundo;-25,48784;-49,28797;2025-03-21 03:50:00.0;0,00
CURITIBA;410690211A;PR;Novo Mundo;-25,48784;-49,28797;2025-03-21 04:50:00.0;0,00
CURITIBA;410690211A;PR;Novo Mundo;-25,48784;-49,28797;2025-03-21 05:50:00.0;0,00
CURITIBA;410690211A;PR;Novo Mundo;-25,48784;-49,28797;2025-03-21 06:50:00.0;0,00
CURITIBA;410690211A;PR;Novo Mundo;-25,48784;-49,28797;2025-03-21 07:50:00.0;0,00
CURITIBA;410690211A;PR;Novo Mundo;-25,48784;-49,28797;2025-03-21 08:50:00.0;0,00
CURITIBA;410690211A;PR;Novo Mundo;-25,48784;-49,28797;2025-03-21 09:50:00.0;0,00
CURITIBA;410690211A;PR;Novo Mundo;-25,48784;-49,28797;2025-03-21 10:50:00.0;0,00
CURITIBA;410690211A;PR;Novo Mundo;-25,48784;-49,28797;2025-03-21 11:50:00.0;0,00
CURITIBA;410690211A;PR;Novo Mundo;-25,48784;-49,28797;2025-03-21 12:50:00.0;0,00
CURITIBA;410690211A;PR;Novo Mundo;-25,48784;-49,28797;2025-03-21 13:50:00.0;0,00
CURITIBA;410690211A;PR;Novo Mundo;-25,48784;-49,28797;2025-03-21 14:50:00.0;0,00
CURITIBA;410690211A;PR;Novo Mundo;-25,48784;-49,28797;2025-03-21 15:50:00.0;0,00
CURITIBA;410690211A;PR;Novo Mundo;-25,48784;-49,28797;2025-03-21 16:50:00.0;0,00
CURITIBA;410690211A;PR;Novo Mundo;-25,48784;-49,28797;2025-03-21 17:50:00.0;0,00
CURITIBA;410690211A;PR;Novo Mundo;-25,48784;-49,28797;2025-03-21 18:50:00.0;0,00
CURITIBA;410690211A;PR;Novo Mundo;-25,48784;-49,28797;2025-03-21 19:50:00.0;0,00
CURITIBA;410690211A;PR;Novo Mundo;-25,48784;-49,28797;2025-03-21 20:50:00.0;0,00
CURITIBA;410690211A;PR;Novo Mundo;-25,48784;-49,28797;2025-03-21 21:50:00.0;0,00
CURITIBA;410690211A;PR;Novo Mundo;-25,48784;-49,28797;2025-03-21 22:50:00.0;0,00
CURITIBA;410690211A;PR;Novo Mundo;-25,48784;-49,28797;2025-03-21 23:50:00.0;0,00
CURITIBA;410690211A;PR;Novo Mundo;-25,48784;-49,28797;2025-03-22 00:50:00.0;0,00
CURITIBA;410690211A;PR;Novo Mundo;-25,48784;-49,28797;2025-03-22 01:50:00.0;0,00
CURITIBA;410690211A;PR;Novo Mundo;-25,48784;-49,28797;2025-03-22 02:50:00.0;0,00
CURITIBA;410690211A;PR;Novo Mundo;-25,48784;-49,28797;2025-03-22 03:50:00.0;0,00
CURITIBA;410690211A;PR;Novo Mundo;-25,48784;-49,28797;2025-03-22 04:50:00.0;0,00
CURITIBA;410690211A;PR;Novo Mundo;-25,48784;-49,28797;2025-03-22 05:50:00.0;0,00
CURITIBA;410690211A;PR;Novo Mundo;-25,48784;-49,28797;2025-03-22 06:50:00.0;0,00
CURITIBA;410690211A;PR;Novo Mundo;-25,48784;-49,28797;2025-03-22 07:50:00.0;0,00
CURITIBA;410690211A;PR;Novo Mundo;-25,48784;-49,28797;2025-03-22 08:50:00.0;0,00
CURITIBA;410690211A;PR;Novo Mundo;-25,48784;-49,28797;2025-03-22 09:50:00.0;0,00
CURITIBA;410690211A;PR;Novo Mundo;-25,48784;-49,28797;2025-03-22 10:50:00.0;0,00
CURITIBA;410690211A;PR;Novo Mundo;-25,48784;-49,28797;2025-03-22 11:50:00.0;0,00
CURITIBA;410690211A;PR;Novo Mundo;-25,48784;-49,28797;2025-03-22 12:50:00.0;0,00
CURITIBA;410690211A;PR;Novo Mundo;-25,48784;-49,28797;2025-03-22 13:50:00.0;0,00
CURITIBA;410690211A;PR;Novo Mundo;-25,48784;-49,28797;2025-03-22 14:50:00.0;0,00
CURITIBA;410690211A;PR;Novo Mundo;-25,48784;-49,28797;2025-03-22 15:50:00.0;0,00
CURITIBA;410690211A;PR;Novo Mundo;-25,48784;-49,28797;2025-03-22 16:50:00.0;0,00
CURITIBA;410690211A;PR;Novo Mundo;-25,48784;-49,28797;2025-03-22 17:50:00.0;0,00
CURITIBA;410690211A;PR;Novo Mundo;-25,48784;-49,28797;2025-03-22 18:50:00.0;0,00
CURITIBA;410690211A;PR;Novo Mundo;-25,48784;-49,28797;2025-03-22 19:50:00.0;0,00
CURITIBA;410690211A;PR;Novo Mundo;-25,48784;-49,28797;2025-03-22 20:50:00.0;0,00
CURITIBA;410690211A;PR;Novo Mundo;-25,48784;-49,28797;2025-03-22 21:50:00.0;0,00
CURITIBA;410690211A;PR;Novo Mundo;-25,48784;-49,28797;2025-03-22 22:50:00.0;0,00
CURITIBA;410690211A;PR;Novo Mundo;-25,48784;-49,28797;2025-03-22 23:50:00.0;0,00
CURITIBA;410690211A;PR;Novo Mundo;-25,48784;-49,28797;2025-03-23 01:50:00.0;0,00
CURITIBA;410690211A;PR;Novo Mundo;-25,48784;-49,28797;2025-03-23 02:50:00.0;0,00
CURITIBA;410690211A;PR;Novo Mundo;-25,48784;-49,28797;2025-03-23 03:50:00.0;0,00
CURITIBA;410690211A;PR;Novo Mundo;-25,48784;-49,28797;2025-03-23 04:50:00.0;0,00
CURITIBA;410690211A;PR;Novo Mundo;-25,48784;-49,28797;2025-03-23 05:50:00.0;0,00
CURITIBA;410690211A;PR;Novo Mundo;-25,48784;-49,28797;2025-03-23 06:50:00.0;0,00
CURITIBA;410690211A;PR;Novo Mundo;-25,48784;-49,28797;2025-03-23 07:50:00.0;0,00
CURITIBA;410690211A;PR;Novo Mundo;-25,48784;-49,28797;2025-03-23 08:50:00.0;0,00
CURITIBA;410690211A;PR;Novo Mundo;-25,48784;-49,28797;2025-03-23 09:50:00.0;0,00
CURITIBA;410690211A;PR;Novo Mundo;-25,48784;-49,28797;2025-03-23 10:50:00.0;0,00
CURITIBA;410690211A;PR;Novo Mundo;-25,48784;-49,28797;2025-03-23 11:50:00.0;0,00
CURITIBA;410690211A;PR;Novo Mundo;-25,48784;-49,28797;2025-03-23 12:50:00.0;0,00
CURITIBA;410690211A;PR;Novo Mundo;-25,48784;-49,28797;2025-03-23 13:50:00.0;0,00
CURITIBA;410690211A;PR;Novo Mundo;-25,48784;-49,28797;2025-03-23 14:50:00.0;0,00
CURITIBA;410690211A;PR;Novo Mundo;-25,48784;-49,28797;2025-03-23 15:50:00.0;0,00
CURITIBA;410690211A;PR;Novo Mundo;-25,48784;-49,28797;2025-03-23 16:50:00.0;0,00
CURITIBA;410690211A;PR;Novo Mundo;-25,48784;-49,28797;2025-03-23 17:50:00.0;0,00
CURITIBA;410690211A;PR;Novo Mundo;-25,48784;-49,28797;2025-03-23 18:50:00.0;0,00
CURITIBA;410690211A;PR;Novo Mundo;-25,48784;-49,28797;2025-03-23 19:50:00.0;0,00
CURITIBA;410690211A;PR;Novo Mundo;-25,48784;-49,28797;2025-03-23 21:50:00.0;0,00
CURITIBA;410690211A;PR;Novo Mundo;-25,48784;-49,28797;2025-03-23 22:50:00.0;0,00
CURITIBA;410690211A;PR;Novo Mundo;-25,48784;-49,28797;2025-03-23 23:50:00.0;0,00
CURITIBA;410690211A;PR;Novo Mundo;-25,48784;-49,28797;2025-03-24 00:50:00.0;0,00
CURITIBA;410690211A;PR;Novo Mundo;-25,48784;-49,28797;2025-03-24 01:50:00.0;0,00
CURITIBA;410690211A;PR;Novo Mundo;-25,48784;-49,28797;2025-03-24 02:50:00.0;0,00
CURITIBA;410690211A;PR;Novo Mundo;-25,48784;-49,28797;2025-03-24 03:50:00.0;0,00
CURITIBA;410690211A;PR;Novo Mundo;-25,48784;-49,28797;2025-03-24 04:50:00.0;0,00
CURITIBA;410690211A;PR;Novo Mundo;-25,48784;-49,28797;2025-03-24 05:50:00.0;0,00
CURITIBA;410690211A;PR;Novo Mundo;-25,48784;-49,28797;2025-03-24 06:50:00.0;0,00
CURITIBA;410690211A;PR;Novo Mundo;-25,48784;-49,28797;2025-03-24 07:50:00.0;0,00
CURITIBA;410690211A;PR;Novo Mundo;-25,48784;-49,28797;2025-03-24 08:50:00.0;0,00
CURITIBA;410690211A;PR;Novo Mundo;-25,48784;-49,28797;2025-03-24 09:50:00.0;0,00
CURITIBA;410690211A;PR;Novo Mundo;-25,48784;-49,28797;2025-03-24 10:50:00.0;0,00
CURITIBA;410690211A;PR;Novo Mundo;-25,48784;-49,28797;2025-03-24 11:50:00.0;0,00
CURITIBA;410690211A;PR;Novo Mundo;-25,48784;-49,28797;2025-03-24 12:50:00.0;0,00
CURITIBA;410690211A;PR;Novo Mundo;-25,48784;-49,28797;2025-03-24 13:50:00.0;0,00
CURITIBA;410690211A;PR;Novo Mundo;-25,48784;-49,28797;2025-03-24 14:50:00.0;0,00
CURITIBA;410690211A;PR;Novo Mundo;-25,48784;-49,28797;2025-03-24 15:50:00.0;0,00
CURITIBA;410690211A;PR;Novo Mundo;-25,48784;-49,28797;2025-03-24 16:50:00.0;0,00
CURITIBA;410690211A;PR;Novo Mundo;-25,48784;-49,28797;2025-03-24 17:50:00.0;0,00
CURITIBA;410690211A;PR;Novo Mundo;-25,48784;-49,28797;2025-03-24 18:50:00.0;0,00
CURITIBA;410690211A;PR;Novo Mundo;-25,48784;-49,28797;2025-03-24 19:50:00.0;0,00
CURITIBA;410690211A;PR;Novo Mundo;-25,48784;-49,28797;2025-03-24 20:50:00.0;0,00
CURITIBA;410690211A;PR;Novo Mundo;-25,48784;-49,28797;2025-03-24 21:50:00.0;0,00
CURITIBA;410690211A;PR;Novo Mundo;-25,48784;-49,28797;2025-03-24 22:50:00.0;0,00
CURITIBA;410690211A;PR;Novo Mundo;-25,48784;-49,28797;2025-03-24 23:50:00.0;0,00
CURITIBA;410690211A;PR;Novo Mundo;-25,48784;-49,28797;2025-03-25 00:50:00.0;0,00
CURITIBA;410690211A;PR;Novo Mundo;-25,48784;-49,28797;2025-03-25 01:50:00.0;0,00
CURITIBA;410690211A;PR;Novo Mundo;-25,48784;-49,28797;2025-03-25 02:50:00.0;0,00
CURITIBA;410690211A;PR;Novo Mundo;-25,48784;-49,28797;2025-03-25 03:50:00.0;0,00
CURITIBA;410690211A;PR;Novo Mundo;-25,48784;-49,28797;2025-03-25 04:50:00.0;0,00
CURITIBA;410690211A;PR;Novo Mundo;-25,48784;-49,28797;2025-03-25 05:50:00.0;0,00
CURITIBA;410690211A;PR;Novo Mundo;-25,48784;-49,28797;2025-03-25 06:50:00.0;0,00
CURITIBA;410690211A;PR;Novo Mundo;-25,48784;-49,28797;2025-03-25 07:50:00.0;0,00
CURITIBA;410690211A;PR;Novo Mundo;-25,48784;-49,28797;2025-03-25 08:40:00.0;0,20
CURITIBA;410690211A;PR;Novo Mundo;-25,48784;-49,28797;2025-03-25 08:50:00.0;0,00
CURITIBA;410690211A;PR;Novo Mundo;-25,48784;-49,28797;2025-03-25 09:50:00.0;0,00
CURITIBA;410690211A;PR;Novo Mundo;-25,48784;-49,28797;2025-03-25 10:50:00.0;0,00
CURITIBA;410690211A;PR;Novo Mundo;-25,48784;-49,28797;2025-03-25 11:50:00.0;0,00
CURITIBA;410690211A;PR;Novo Mundo;-25,48784;-49,28797;2025-03-25 12:50:00.0;0,00
CURITIBA;410690211A;PR;Novo Mundo;-25,48784;-49,28797;2025-03-25 13:10:00.0;0,20
CURITIBA;410690211A;PR;Novo Mundo;-25,48784;-49,28797;2025-03-25 13:50:00.0;0,00
CURITIBA;410690211A;PR;Novo Mundo;-25,48784;-49,28797;2025-03-25 14:50:00.0;0,00
CURITIBA;410690211A;PR;Novo Mundo;-25,48784;-49,28797;2025-03-25 16:30:00.0;0,00
CURITIBA;410690211A;PR;Novo Mundo;-25,48784;-49,28797;2025-03-25 16:50:00.0;0,00
CURITIBA;410690211A;PR;Novo Mundo;-25,48784;-49,28797;2025-03-25 17:50:00.0;0,00
CURITIBA;410690211A;PR;Novo Mundo;-25,48784;-49,28797;2025-03-25 18:50:00.0;0,00
CURITIBA;410690211A;PR;Novo Mundo;-25,48784;-49,28797;2025-03-25 19:50:00.0;0,00
CURITIBA;410690211A;PR;Novo Mundo;-25,48784;-49,28797;2025-03-25 20:50:00.0;0,00
CURITIBA;410690211A;PR;Novo Mundo;-25,48784;-49,28797;2025-03-25 21:50:00.0;0,00
CURITIBA;410690211A;PR;Novo Mundo;-25,48784;-49,28797;2025-03-25 22:50:00.0;0,00
CURITIBA;410690211A;PR;Novo Mundo;-25,48784;-49,28797;2025-03-25 23:50:00.0;0,00
CURITIBA;410690211A;PR;Novo Mundo;-25,48784;-49,28797;2025-03-26 00:50:00.0;0,00
CURITIBA;410690211A;PR;Novo Mundo;-25,48784;-49,28797;2025-03-26 01:50:00.0;0,00
CURITIBA;410690211A;PR;Novo Mundo;-25,48784;-49,28797;2025-03-26 02:50:00.0;0,00
CURITIBA;410690211A;PR;Novo Mundo;-25,48784;-49,28797;2025-03-26 03:30:00.0;0,40
CURITIBA;410690211A;PR;Novo Mundo;-25,48784;-49,28797;2025-03-26 03:40:00.0;0,60
CURITIBA;410690211A;PR;Novo Mundo;-25,48784;-49,28797;2025-03-26 03:50:00.0;2,60
CURITIBA;410690211A;PR;Novo Mundo;-25,48784;-49,28797;2025-03-26 04:00:00.0;1,80
CURITIBA;410690211A;PR;Novo Mundo;-25,48784;-49,28797;2025-03-26 04:10:00.0;1,20
CURITIBA;410690211A;PR;Novo Mundo;-25,48784;-49,28797;2025-03-26 04:20:00.0;0,60
CURITIBA;410690211A;PR;Novo Mundo;-25,48784;-49,28797;2025-03-26 04:30:00.0;0,40
CURITIBA;410690211A;PR;Novo Mundo;-25,48784;-49,28797;2025-03-26 04:40:00.0;0,40
CURITIBA;410690211A;PR;Novo Mundo;-25,48784;-49,28797;2025-03-26 04:50:00.0;0,20
CURITIBA;410690211A;PR;Novo Mundo;-25,48784;-49,28797;2025-03-26 05:00:00.0;0,20
CURITIBA;410690211A;PR;Novo Mundo;-25,48784;-49,28797;2025-03-26 05:50:00.0;0,00
CURITIBA;410690211A;PR;Novo Mundo;-25,48784;-49,28797;2025-03-26 06:50:00.0;0,00
CURITIBA;410690211A;PR;Novo Mundo;-25,48784;-49,28797;2025-03-26 07:10:00.0;0,20
CURITIBA;410690211A;PR;Novo Mundo;-25,48784;-49,28797;2025-03-26 07:50:00.0;0,00
CURITIBA;410690211A;PR;Novo Mundo;-25,48784;-49,28797;2025-03-26 08:50:00.0;0,00
CURITIBA;410690211A;PR;Novo Mundo;-25,48784;-49,28797;2025-03-26 09:50:00.0;0,00
CURITIBA;410690211A;PR;Novo Mundo;-25,48784;-49,28797;2025-03-26 10:50:00.0;0,00
CURITIBA;410690211A;PR;Novo Mundo;-25,48784;-49,28797;2025-03-26 11:10:00.0;0,20
CURITIBA;410690211A;PR;Novo Mundo;-25,48784;-49,28797;2025-03-26 11:20:00.0;1,00
CURITIBA;410690211A;PR;Novo Mundo;-25,48784;-49,28797;2025-03-26 11:30:00.0;1,80
CURITIBA;410690211A;PR;Novo Mundo;-25,48784;-49,28797;2025-03-26 11:40:00.0;0,20
CURITIBA;410690211A;PR;Novo Mundo;-25,48784;-49,28797;2025-03-26 11:50:00.0;0,00
CURITIBA;410690211A;PR;Novo Mundo;-25,48784;-49,28797;2025-03-26 12:50:00.0;0,00
CURITIBA;410690211A;PR;Novo Mundo;-25,48784;-49,28797;2025-03-26 14:00:00.0;0,00
CURITIBA;410690211A;PR;Novo Mundo;-25,48784;-49,28797;2025-03-26 14:50:00.0;0,00
CURITIBA;410690211A;PR;Novo Mundo;-25,48784;-49,28797;2025-03-26 15:50:00.0;0,00
CURITIBA;410690211A;PR;Novo Mundo;-25,48784;-49,28797;2025-03-26 16:50:00.0;0,00
CURITIBA;410690211A;PR;Novo Mundo;-25,48784;-49,28797;2025-03-26 17:50:00.0;0,00
CURITIBA;410690211A;PR;Novo Mundo;-25,48784;-49,28797;2025-03-26 18:00:00.0;0,20
CURITIBA;410690211A;PR;Novo Mundo;-25,48784;-49,28797;2025-03-26 18:50:00.0;0,00
CURITIBA;410690211A;PR;Novo Mundo;-25,48784;-49,28797;2025-03-26 19:50:00.0;0,00
CURITIBA;410690211A;PR;Novo Mundo;-25,48784;-49,28797;2025-03-26 20:50:00.0;0,00
CURITIBA;410690211A;PR;Novo Mundo;-25,48784;-49,28797;2025-03-26 21:50:00.0;0,00
CURITIBA;410690211A;PR;Novo Mundo;-25,48784;-49,28797;2025-03-26 22:50:00.0;0,00
CURITIBA;410690211A;PR;Novo Mundo;-25,48784;-49,28797;2025-03-26 23:50:00.0;0,00
CURITIBA;410690211A;PR;Novo Mundo;-25,48784;-49,28797;2025-03-27 00:50:00.0;0,00
CURITIBA;410690211A;PR;Novo Mundo;-25,48784;-49,28797;2025-03-27 01:50:00.0;0,00
CURITIBA;410690211A;PR;Novo Mundo;-25,48784;-49,28797;2025-03-27 02:50:00.0;0,00
CURITIBA;410690211A;PR;Novo Mundo;-25,48784;-49,28797;2025-03-27 03:50:00.0;0,00
CURITIBA;410690211A;PR;Novo Mundo;-25,48784;-49,28797;2025-03-27 04:50:00.0;0,00
CURITIBA;410690211A;PR;Novo Mundo;-25,48784;-49,28797;2025-03-27 05:50:00.0;0,00
CURITIBA;410690211A;PR;Novo Mundo;-25,48784;-49,28797;2025-03-27 06:50:00.0;0,00
CURITIBA;410690211A;PR;Novo Mundo;-25,48784;-49,28797;2025-03-27 07:50:00.0;0,00
CURITIBA;410690211A;PR;Novo Mundo;-25,48784;-49,28797;2025-03-27 08:50:00.0;0,00
CURITIBA;410690211A;PR;Novo Mundo;-25,48784;-49,28797;2025-03-27 09:50:00.0;0,00
CURITIBA;410690211A;PR;Novo Mundo;-25,48784;-49,28797;2025-03-27 10:50:00.0;0,00
CURITIBA;410690211A;PR;Novo Mundo;-25,48784;-49,28797;2025-03-27 11:50:00.0;0,00
CURITIBA;410690211A;PR;Novo Mundo;-25,48784;-49,28797;2025-03-27 12:50:00.0;0,00
CURITIBA;410690211A;PR;Novo Mundo;-25,48784;-49,28797;2025-03-27 13:10:00.0;0,20
CURITIBA;410690211A;PR;Novo Mundo;-25,48784;-49,28797;2025-03-27 13:50:00.0;0,00
CURITIBA;410690211A;PR;Novo Mundo;-25,48784;-49,28797;2025-03-27 14:50:00.0;0,00
CURITIBA;410690211A;PR;Novo Mundo;-25,48784;-49,28797;2025-03-27 15:50:00.0;0,00
CURITIBA;410690211A;PR;Novo Mundo;-25,48784;-49,28797;2025-03-27 16:50:00.0;0,00
CURITIBA;410690211A;PR;Novo Mundo;-25,48784;-49,28797;2025-03-27 17:50:00.0;0,00
CURITIBA;410690211A;PR;Novo Mundo;-25,48784;-49,28797;2025-03-27 18:50:00.0;0,00
CURITIBA;410690211A;PR;Novo Mundo;-25,48784;-49,28797;2025-03-27 19:50:00.0;0,00
CURITIBA;410690211A;PR;Novo Mundo;-25,48784;-49,28797;2025-03-27 20:50:00.0;0,00
CURITIBA;410690211A;PR;Novo Mundo;-25,48784;-49,28797;2025-03-27 21:50:00.0;0,00
CURITIBA;410690211A;PR;Novo Mundo;-25,48784;-49,28797;2025-03-27 22:50:00.0;0,00
CURITIBA;410690211A;PR;Novo Mundo;-25,48784;-49,28797;2025-03-27 23:50:00.0;0,00
CURITIBA;410690211A;PR;Novo Mundo;-25,48784;-49,28797;2025-03-28 00:50:00.0;0,00
CURITIBA;410690211A;PR;Novo Mundo;-25,48784;-49,28797;2025-03-28 01:50:00.0;0,00
CURITIBA;410690211A;PR;Novo Mundo;-25,48784;-49,28797;2025-03-28 02:50:00.0;0,00
CURITIBA;410690211A;PR;Novo Mundo;-25,48784;-49,28797;2025-03-28 03:50:00.0;0,00
CURITIBA;410690211A;PR;Novo Mundo;-25,48784;-49,28797;2025-03-28 04:50:00.0;0,00
CURITIBA;410690211A;PR;Novo Mundo;-25,48784;-49,28797;2025-03-28 05:50:00.0;0,00
CURITIBA;410690211A;PR;Novo Mundo;-25,48784;-49,28797;2025-03-28 06:50:00.0;0,00
CURITIBA;410690211A;PR;Novo Mundo;-25,48784;-49,28797;2025-03-28 07:50:00.0;0,00
CURITIBA;410690211A;PR;Novo Mundo;-25,48784;-49,28797;2025-03-28 08:50:00.0;0,00
CURITIBA;410690211A;PR;Novo Mundo;-25,48784;-49,28797;2025-03-28 09:50:00.0;0,00
CURITIBA;410690211A;PR;Novo Mundo;-25,48784;-49,28797;2025-03-28 10:50:00.0;0,00
CURITIBA;410690211A;PR;Novo Mundo;-25,48784;-49,28797;2025-03-28 11:50:00.0;0,00
CURITIBA;410690211A;PR;Novo Mundo;-25,48784;-49,28797;2025-03-28 13:40:00.0;0,00
CURITIBA;410690211A;PR;Novo Mundo;-25,48784;-49,28797;2025-03-28 13:50:00.0;0,00
CURITIBA;410690211A;PR;Novo Mundo;-25,48784;-49,28797;2025-03-28 14:50:00.0;0,00
CURITIBA;410690211A;PR;Novo Mundo;-25,48784;-49,28797;2025-03-28 15:50:00.0;0,00
CURITIBA;410690211A;PR;Novo Mundo;-25,48784;-49,28797;2025-03-28 16:50:00.0;0,00
CURITIBA;410690211A;PR;Novo Mundo;-25,48784;-49,28797;2025-03-28 17:50:00.0;0,00
CURITIBA;410690211A;PR;Novo Mundo;-25,48784;-49,28797;2025-03-28 18:50:00.0;0,00
CURITIBA;410690211A;PR;Novo Mundo;-25,48784;-49,28797;2025-03-28 19:50:00.0;0,00
CURITIBA;410690211A;PR;Novo Mundo;-25,48784;-49,28797;2025-03-28 20:50:00.0;0,00
CURITIBA;410690211A;PR;Novo Mundo;-25,48784;-49,28797;2025-03-28 21:50:00.0;0,00
CURITIBA;410690211A;PR;Novo Mundo;-25,48784;-49,28797;2025-03-28 22:50:00.0;0,00
CURITIBA;410690211A;PR;Novo Mundo;-25,48784;-49,28797;2025-03-28 23:50:00.0;0,00
CURITIBA;410690211A;PR;Novo Mundo;-25,48784;-49,28797;2025-03-29 00:50:00.0;0,00
CURITIBA;410690211A;PR;Novo Mundo;-25,48784;-49,28797;2025-03-29 01:50:00.0;0,00
CURITIBA;410690211A;PR;Novo Mundo;-25,48784;-49,28797;2025-03-29 02:50:00.0;0,00
CURITIBA;410690211A;PR;Novo Mundo;-25,48784;-49,28797;2025-03-29 03:50:00.0;0,00
CURITIBA;410690211A;PR;Novo Mundo;-25,48784;-49,28797;2025-03-29 04:50:00.0;0,00
CURITIBA;410690211A;PR;Novo Mundo;-25,48784;-49,28797;2025-03-29 05:50:00.0;0,00
CURITIBA;410690211A;PR;Novo Mundo;-25,48784;-49,28797;2025-03-29 06:50:00.0;0,00
CURITIBA;410690211A;PR;Novo Mundo;-25,48784;-49,28797;2025-03-29 07:50:00.0;0,00
CURITIBA;410690211A;PR;Novo Mundo;-25,48784;-49,28797;2025-03-29 08:50:00.0;0,00
CURITIBA;410690211A;PR;Novo Mundo;-25,48784;-49,28797;2025-03-29 09:50:00.0;0,00
CURITIBA;410690211A;PR;Novo Mundo;-25,48784;-49,28797;2025-03-29 10:50:00.0;0,00
CURITIBA;410690211A;PR;Novo Mundo;-25,48784;-49,28797;2025-03-29 11:50:00.0;0,00
CURITIBA;410690211A;PR;Novo Mundo;-25,48784;-49,28797;2025-03-29 12:50:00.0;0,00
CURITIBA;410690211A;PR;Novo Mundo;-25,48784;-49,28797;2025-03-29 13:50:00.0;0,00
CURITIBA;410690211A;PR;Novo Mundo;-25,48784;-49,28797;2025-03-29 14:50:00.0;0,00
CURITIBA;410690211A;PR;Novo Mundo;-25,48784;-49,28797;2025-03-29 15:50:00.0;0,00
CURITIBA;410690211A;PR;Novo Mundo;-25,48784;-49,28797;2025-03-29 16:50:00.0;0,00
CURITIBA;410690211A;PR;Novo Mundo;-25,48784;-49,28797;2025-03-29 17:50:00.0;0,00
CURITIBA;410690211A;PR;Novo Mundo;-25,48784;-49,28797;2025-03-29 18:50:00.0;0,00
CURITIBA;410690211A;PR;Novo Mundo;-25,48784;-49,28797;2025-03-29 19:50:00.0;0,00
CURITIBA;410690211A;PR;Novo Mundo;-25,48784;-49,28797;2025-03-29 20:50:00.0;0,00
CURITIBA;410690211A;PR;Novo Mundo;-25,48784;-49,28797;2025-03-29 21:50:00.0;0,00
CURITIBA;410690211A;PR;Novo Mundo;-25,48784;-49,28797;2025-03-29 22:50:00.0;0,00
CURITIBA;410690211A;PR;Novo Mundo;-25,48784;-49,28797;2025-03-29 23:50:00.0;0,00
CURITIBA;410690211A;PR;Novo Mundo;-25,48784;-49,28797;2025-03-30 00:50:00.0;0,00
CURITIBA;410690211A;PR;Novo Mundo;-25,48784;-49,28797;2025-03-30 01:50:00.0;0,00
CURITIBA;410690211A;PR;Novo Mundo;-25,48784;-49,28797;2025-03-30 02:50:00.0;0,00
CURITIBA;410690211A;PR;Novo Mundo;-25,48784;-49,28797;2025-03-30 03:50:00.0;0,00
CURITIBA;410690211A;PR;Novo Mundo;-25,48784;-49,28797;2025-03-30 04:50:00.0;0,00
CURITIBA;410690211A;PR;Novo Mundo;-25,48784;-49,28797;2025-03-30 05:50:00.0;0,00
CURITIBA;410690211A;PR;Novo Mundo;-25,48784;-49,28797;2025-03-30 06:50:00.0;0,00
CURITIBA;410690211A;PR;Novo Mundo;-25,48784;-49,28797;2025-03-30 07:50:00.0;0,00
CURITIBA;410690211A;PR;Novo Mundo;-25,48784;-49,28797;2025-03-30 08:50:00.0;0,00
CURITIBA;410690211A;PR;Novo Mundo;-25,48784;-49,28797;2025-03-30 09:50:00.0;0,00
CURITIBA;410690211A;PR;Novo Mundo;-25,48784;-49,28797;2025-03-30 10:50:00.0;0,00
CURITIBA;410690211A;PR;Novo Mundo;-25,48784;-49,28797;2025-03-30 11:50:00.0;0,00
CURITIBA;410690211A;PR;Novo Mundo;-25,48784;-49,28797;2025-03-30 12:50:00.0;0,00
CURITIBA;410690211A;PR;Novo Mundo;-25,48784;-49,28797;2025-03-30 13:50:00.0;0,00
CURITIBA;410690211A;PR;Novo Mundo;-25,48784;-49,28797;2025-03-30 14:50:00.0;0,00
CURITIBA;410690211A;PR;Novo Mundo;-25,48784;-49,28797;2025-03-30 15:50:00.0;0,00
CURITIBA;410690211A;PR;Novo Mundo;-25,48784;-49,28797;2025-03-30 16:50:00.0;0,00
CURITIBA;410690211A;PR;Novo Mundo;-25,48784;-49,28797;2025-03-30 17:50:00.0;0,00
CURITIBA;410690211A;PR;Novo Mundo;-25,48784;-49,28797;2025-03-30 18:50:00.0;0,00
CURITIBA;410690211A;PR;Novo Mundo;-25,48784;-49,28797;2025-03-30 19:50:00.0;0,00
CURITIBA;410690211A;PR;Novo Mundo;-25,48784;-49,28797;2025-03-30 20:50:00.0;0,00
CURITIBA;410690211A;PR;Novo Mundo;-25,48784;-49,28797;2025-03-30 21:50:00.0;0,00
CURITIBA;410690211A;PR;Novo Mundo;-25,48784;-49,28797;2025-03-30 22:50:00.0;0,00
CURITIBA;410690211A;PR;Novo Mundo;-25,48784;-49,28797;2025-03-30 23:50:00.0;0,00
CURITIBA;410690211A;PR;Novo Mundo;-25,48784;-49,28797;2025-03-31 00:50:00.0;0,00
CURITIBA;410690211A;PR;Novo Mundo;-25,48784;-49,28797;2025-03-31 01:50:00.0;0,00
CURITIBA;410690211A;PR;Novo Mundo;-25,48784;-49,28797;2025-03-31 02:50:00.0;0,00
CURITIBA;410690211A;PR;Novo Mundo;-25,48784;-49,28797;2025-03-31 03:50:00.0;0,00
CURITIBA;410690211A;PR;Novo Mundo;-25,48784;-49,28797;2025-03-31 04:50:00.0;0,00
CURITIBA;410690211A;PR;Novo Mundo;-25,48784;-49,28797;2025-03-31 06:50:00.0;0,00
CURITIBA;410690211A;PR;Novo Mundo;-25,48784;-49,28797;2025-03-31 07:50:00.0;0,00
CURITIBA;410690211A;PR;Novo Mundo;-25,48784;-49,28797;2025-03-31 08:50:00.0;0,00
CURITIBA;410690211A;PR;Novo Mundo;-25,48784;-49,28797;2025-03-31 09:50:00.0;0,00
CURITIBA;410690211A;PR;Novo Mundo;-25,48784;-49,28797;2025-03-31 10:50:00.0;0,00
CURITIBA;410690211A;PR;Novo Mundo;-25,48784;-49,28797;2025-03-31 12:10:00.0;0,00
CURITIBA;410690211A;PR;Novo Mundo;-25,48784;-49,28797;2025-03-31 12:50:00.0;0,00
CURITIBA;410690211A;PR;Novo Mundo;-25,48784;-49,28797;2025-03-31 13:50:00.0;0,00
CURITIBA;410690211A;PR;Novo Mundo;-25,48784;-49,28797;2025-03-31 15:40:00.0;0,00
CURITIBA;410690211A;PR;Novo Mundo;-25,48784;-49,28797;2025-03-31 15:50:00.0;0,00
CURITIBA;410690211A;PR;Novo Mundo;-25,48784;-49,28797;2025-03-31 16:50:00.0;0,00
CURITIBA;410690211A;PR;Novo Mundo;-25,48784;-49,28797;2025-03-31 17:50:00.0;0,00
CURITIBA;410690211A;PR;Novo Mundo;-25,48784;-49,28797;2025-03-31 18:50:00.0;0,00
CURITIBA;410690211A;PR;Novo Mundo;-25,48784;-49,28797;2025-03-31 19:50:00.0;0,00
CURITIBA;410690211A;PR;Novo Mundo;-25,48784;-49,28797;2025-03-31 20:50:00.0;0,00
CURITIBA;410690211A;PR;Novo Mundo;-25,48784;-49,28797;2025-03-31 21:50:00.0;0,00
CURITIBA;410690211A;PR;Novo Mundo;-25,48784;-49,28797;2025-03-31 22:50:00.0;0,00
CURITIBA;410690211A;PR;Novo Mundo;-25,48784;-49,28797;2025-03-31 23:50:00.0;0,00
DOIS VIZINHOS;410720701A;PR;Prefeitura Municipal;-25,74991;-53,05351;2025-03-01 00:10:00.0;0,00
DOIS VIZINHOS;410720701A;PR;Prefeitura Municipal;-25,74991;-53,05351;2025-03-01 01:10:00.0;0,00
DOIS VIZINHOS;410720701A;PR;Prefeitura Municipal;-25,74991;-53,05351;2025-03-01 02:10:00.0;0,00
DOIS VIZINHOS;410720701A;PR;Prefeitura Municipal;-25,74991;-53,05351;2025-03-01 03:10:00.0;0,00
DOIS VIZINHOS;410720701A;PR;Prefeitura Municipal;-25,74991;-53,05351;2025-03-01 04:10:00.0;0,00
DOIS VIZINHOS;410720701A;PR;Prefeitura Municipal;-25,74991;-53,05351;2025-03-01 05:10:00.0;0,00
DOIS VIZINHOS;410720701A;PR;Prefeitura Municipal;-25,74991;-53,05351;2025-03-01 06:10:00.0;0,00
DOIS VIZINHOS;410720701A;PR;Prefeitura Municipal;-25,74991;-53,05351;2025-03-01 07:10:00.0;0,00
DOIS VIZINHOS;410720701A;PR;Prefeitura Municipal;-25,74991;-53,05351;2025-03-01 08:10:00.0;0,00
DOIS VIZINHOS;410720701A;PR;Prefeitura Municipal;-25,74991;-53,05351;2025-03-01 09:10:00.0;0,00
DOIS VIZINHOS;410720701A;PR;Prefeitura Municipal;-25,74991;-53,05351;2025-03-01 10:10:00.0;0,00
DOIS VIZINHOS;410720701A;PR;Prefeitura Municipal;-25,74991;-53,05351;2025-03-01 11:10:00.0;0,00
DOIS VIZINHOS;410720701A;PR;Prefeitura Municipal;-25,74991;-53,05351;2025-03-01 12:10:00.0;0,00
DOIS VIZINHOS;410720701A;PR;Prefeitura Municipal;-25,74991;-53,05351;2025-03-01 13:10:00.0;0,00
DOIS VIZINHOS;410720701A;PR;Prefeitura Municipal;-25,74991;-53,05351;2025-03-01 14:10:00.0;0,00
DOIS VIZINHOS;410720701A;PR;Prefeitura Municipal;-25,74991;-53,05351;2025-03-01 15:10:00.0;0,00
DOIS VIZINHOS;410720701A;PR;Prefeitura Municipal;-25,74991;-53,05351;2025-03-01 16:10:00.0;0,00
DOIS VIZINHOS;410720701A;PR;Prefeitura Municipal;-25,74991;-53,05351;2025-03-01 17:10:00.0;0,00
DOIS VIZINHOS;410720701A;PR;Prefeitura Municipal;-25,74991;-53,05351;2025-03-01 18:10:00.0;0,00
DOIS VIZINHOS;410720701A;PR;Prefeitura Municipal;-25,74991;-53,05351;2025-03-01 19:10:00.0;0,00
DOIS VIZINHOS;410720701A;PR;Prefeitura Municipal;-25,74991;-53,05351;2025-03-01 20:10:00.0;0,00
DOIS VIZINHOS;410720701A;PR;Prefeitura Municipal;-25,74991;-53,05351;2025-03-01 21:10:00.0;0,00
DOIS VIZINHOS;410720701A;PR;Prefeitura Municipal;-25,74991;-53,05351;2025-03-01 22:10:00.0;0,00
DOIS VIZINHOS;410720701A;PR;Prefeitura Municipal;-25,74991;-53,05351;2025-03-01 23:10:00.0;0,00
DOIS VIZINHOS;410720701A;PR;Prefeitura Municipal;-25,74991;-53,05351;2025-03-02 00:10:00.0;0,00
DOIS VIZINHOS;410720701A;PR;Prefeitura Municipal;-25,74991;-53,05351;2025-03-02 01:10:00.0;0,00
DOIS VIZINHOS;410720701A;PR;Prefeitura Municipal;-25,74991;-53,05351;2025-03-02 02:10:00.0;0,00
DOIS VIZINHOS;410720701A;PR;Prefeitura Municipal;-25,74991;-53,05351;2025-03-02 03:10:00.0;0,00
DOIS VIZINHOS;410720701A;PR;Prefeitura Municipal;-25,74991;-53,05351;2025-03-02 04:10:00.0;0,00
DOIS VIZINHOS;410720701A;PR;Prefeitura Municipal;-25,74991;-53,05351;2025-03-02 05:10:00.0;0,00
DOIS VIZINHOS;410720701A;PR;Prefeitura Municipal;-25,74991;-53,05351;2025-03-02 06:10:00.0;0,00
DOIS VIZINHOS;410720701A;PR;Prefeitura Municipal;-25,74991;-53,05351;2025-03-02 07:10:00.0;0,00
DOIS VIZINHOS;410720701A;PR;Prefeitura Municipal;-25,74991;-53,05351;2025-03-02 08:10:00.0;0,00
DOIS VIZINHOS;410720701A;PR;Prefeitura Municipal;-25,74991;-53,05351;2025-03-02 09:10:00.0;0,00
DOIS VIZINHOS;410720701A;PR;Prefeitura Municipal;-25,74991;-53,05351;2025-03-02 10:10:00.0;0,00
DOIS VIZINHOS;410720701A;PR;Prefeitura Municipal;-25,74991;-53,05351;2025-03-02 11:10:00.0;0,00
DOIS VIZINHOS;410720701A;PR;Prefeitura Municipal;-25,74991;-53,05351;2025-03-02 12:10:00.0;0,00
DOIS VIZINHOS;410720701A;PR;Prefeitura Municipal;-25,74991;-53,05351;2025-03-02 13:10:00.0;0,00
DOIS VIZINHOS;410720701A;PR;Prefeitura Municipal;-25,74991;-53,05351;2025-03-02 14:10:00.0;0,00
DOIS VIZINHOS;410720701A;PR;Prefeitura Municipal;-25,74991;-53,05351;2025-03-02 15:10:00.0;0,00
DOIS VIZINHOS;410720701A;PR;Prefeitura Municipal;-25,74991;-53,05351;2025-03-02 16:10:00.0;0,00
DOIS VIZINHOS;410720701A;PR;Prefeitura Municipal;-25,74991;-53,05351;2025-03-02 17:10:00.0;0,00
DOIS VIZINHOS;410720701A;PR;Prefeitura Municipal;-25,74991;-53,05351;2025-03-02 18:10:00.0;0,00
DOIS VIZINHOS;410720701A;PR;Prefeitura Municipal;-25,74991;-53,05351;2025-03-02 19:10:00.0;0,00
DOIS VIZINHOS;410720701A;PR;Prefeitura Municipal;-25,74991;-53,05351;2025-03-02 20:10:00.0;0,00
DOIS VIZINHOS;410720701A;PR;Prefeitura Municipal;-25,74991;-53,05351;2025-03-02 21:10:00.0;0,00
DOIS VIZINHOS;410720701A;PR;Prefeitura Municipal;-25,74991;-53,05351;2025-03-02 22:10:00.0;0,00
DOIS VIZINHOS;410720701A;PR;Prefeitura Municipal;-25,74991;-53,05351;2025-03-02 23:10:00.0;0,00
DOIS VIZINHOS;410720701A;PR;Prefeitura Municipal;-25,74991;-53,05351;2025-03-03 00:10:00.0;0,00
DOIS VIZINHOS;410720701A;PR;Prefeitura Municipal;-25,74991;-53,05351;2025-03-03 01:10:00.0;0,00
DOIS VIZINHOS;410720701A;PR;Prefeitura Municipal;-25,74991;-53,05351;2025-03-03 02:10:00.0;0,00
DOIS VIZINHOS;410720701A;PR;Prefeitura Municipal;-25,74991;-53,05351;2025-03-03 03:10:00.0;0,00
DOIS VIZINHOS;410720701A;PR;Prefeitura Municipal;-25,74991;-53,05351;2025-03-03 04:10:00.0;0,00
DOIS VIZINHOS;410720701A;PR;Prefeitura Municipal;-25,74991;-53,05351;2025-03-03 05:10:00.0;0,00
DOIS VIZINHOS;410720701A;PR;Prefeitura Municipal;-25,74991;-53,05351;2025-03-03 06:10:00.0;0,00
DOIS VIZINHOS;410720701A;PR;Prefeitura Municipal;-25,74991;-53,05351;2025-03-03 07:10:00.0;0,00
DOIS VIZINHOS;410720701A;PR;Prefeitura Municipal;-25,74991;-53,05351;2025-03-03 08:10:00.0;0,00
DOIS VIZINHOS;410720701A;PR;Prefeitura Municipal;-25,74991;-53,05351;2025-03-03 09:10:00.0;0,00
DOIS VIZINHOS;410720701A;PR;Prefeitura Municipal;-25,74991;-53,05351;2025-03-03 10:10:00.0;0,00
DOIS VIZINHOS;410720701A;PR;Prefeitura Municipal;-25,74991;-53,05351;2025-03-03 11:10:00.0;0,00
DOIS VIZINHOS;410720701A;PR;Prefeitura Municipal;-25,74991;-53,05351;2025-03-03 12:10:00.0;0,00
DOIS VIZINHOS;410720701A;PR;Prefeitura Municipal;-25,74991;-53,05351;2025-03-03 13:10:00.0;0,00
DOIS VIZINHOS;410720701A;PR;Prefeitura Municipal;-25,74991;-53,05351;2025-03-03 14:10:00.0;0,00
DOIS VIZINHOS;410720701A;PR;Prefeitura Municipal;-25,74991;-53,05351;2025-03-03 15:10:00.0;0,00
DOIS VIZINHOS;410720701A;PR;Prefeitura Municipal;-25,74991;-53,05351;2025-03-03 16:10:00.0;0,00
DOIS VIZINHOS;410720701A;PR;Prefeitura Municipal;-25,74991;-53,05351;2025-03-03 17:10:00.0;0,00
DOIS VIZINHOS;410720701A;PR;Prefeitura Municipal;-25,74991;-53,05351;2025-03-03 18:10:00.0;0,00
DOIS VIZINHOS;410720701A;PR;Prefeitura Municipal;-25,74991;-53,05351;2025-03-03 19:10:00.0;0,00
DOIS VIZINHOS;410720701A;PR;Prefeitura Municipal;-25,74991;-53,05351;2025-03-03 20:10:00.0;0,00
DOIS VIZINHOS;410720701A;PR;Prefeitura Municipal;-25,74991;-53,05351;2025-03-03 21:10:00.0;0,00
DOIS VIZINHOS;410720701A;PR;Prefeitura Municipal;-25,74991;-53,05351;2025-03-03 22:10:00.0;0,00
DOIS VIZINHOS;410720701A;PR;Prefeitura Municipal;-25,74991;-53,05351;2025-03-03 23:10:00.0;0,00
DOIS VIZINHOS;410720701A;PR;Prefeitura Municipal;-25,74991;-53,05351;2025-03-04 00:10:00.0;0,00
DOIS VIZINHOS;410720701A;PR;Prefeitura Municipal;-25,74991;-53,05351;2025-03-04 01:10:00.0;0,00
DOIS VIZINHOS;410720701A;PR;Prefeitura Municipal;-25,74991;-53,05351;2025-03-04 02:10:00.0;0,00
DOIS VIZINHOS;410720701A;PR;Prefeitura Municipal;-25,74991;-53,05351;2025-03-04 03:10:00.0;0,00
DOIS VIZINHOS;410720701A;PR;Prefeitura Municipal;-25,74991;-53,05351;2025-03-04 04:10:00.0;0,00
DOIS VIZINHOS;410720701A;PR;Prefeitura Municipal;-25,74991;-53,05351;2025-03-04 05:10:00.0;0,00
DOIS VIZINHOS;410720701A;PR;Prefeitura Municipal;-25,74991;-53,05351;2025-03-04 06:10:00.0;0,00
DOIS VIZINHOS;410720701A;PR;Prefeitura Municipal;-25,74991;-53,05351;2025-03-04 07:10:00.0;0,00
DOIS VIZINHOS;410720701A;PR;Prefeitura Municipal;-25,74991;-53,05351;2025-03-04 08:10:00.0;0,00
DOIS VIZINHOS;410720701A;PR;Prefeitura Municipal;-25,74991;-53,05351;2025-03-04 09:10:00.0;0,00
DOIS VIZINHOS;410720701A;PR;Prefeitura Municipal;-25,74991;-53,05351;2025-03-04 10:10:00.0;0,00
DOIS VIZINHOS;410720701A;PR;Prefeitura Municipal;-25,74991;-53,05351;2025-03-04 11:10:00.0;0,00
DOIS VIZINHOS;410720701A;PR;Prefeitura Municipal;-25,74991;-53,05351;2025-03-04 12:10:00.0;0,00
DOIS VIZINHOS;410720701A;PR;Prefeitura Municipal;-25,74991;-53,05351;2025-03-04 13:10:00.0;0,00
DOIS VIZINHOS;410720701A;PR;Prefeitura Municipal;-25,74991;-53,05351;2025-03-04 14:10:00.0;0,00
DOIS VIZINHOS;410720701A;PR;Prefeitura Municipal;-25,74991;-53,05351;2025-03-04 15:10:00.0;0,00
DOIS VIZINHOS;410720701A;PR;Prefeitura Municipal;-25,74991;-53,05351;2025-03-04 16:10:00.0;0,00
DOIS VIZINHOS;410720701A;PR;Prefeitura Municipal;-25,74991;-53,05351;2025-03-04 17:10:00.0;0,00
DOIS VIZINHOS;410720701A;PR;Prefeitura Municipal;-25,74991;-53,05351;2025-03-04 18:10:00.0;0,00
DOIS VIZINHOS;410720701A;PR;Prefeitura Municipal;-25,74991;-53,05351;2025-03-04 19:10:00.0;0,00
DOIS VIZINHOS;410720701A;PR;Prefeitura Municipal;-25,74991;-53,05351;2025-03-04 20:10:00.0;0,00
DOIS VIZINHOS;410720701A;PR;Prefeitura Municipal;-25,74991;-53,05351;2025-03-04 21:10:00.0;0,00
DOIS VIZINHOS;410720701A;PR;Prefeitura Municipal;-25,74991;-53,05351;2025-03-04 22:10:00.0;0,00
DOIS VIZINHOS;410720701A;PR;Prefeitura Municipal;-25,74991;-53,05351;2025-03-04 23:10:00.0;0,00
DOIS VIZINHOS;410720701A;PR;Prefeitura Municipal;-25,74991;-53,05351;2025-03-05 00:10:00.0;0,00
DOIS VIZINHOS;410720701A;PR;Prefeitura Municipal;-25,74991;-53,05351;2025-03-05 01:10:00.0;0,00
DOIS VIZINHOS;410720701A;PR;Prefeitura Municipal;-25,74991;-53,05351;2025-03-05 02:10:00.0;0,00
DOIS VIZINHOS;410720701A;PR;Prefeitura Municipal;-25,74991;-53,05351;2025-03-05 03:10:00.0;0,00
DOIS VIZINHOS;410720701A;PR;Prefeitura Municipal;-25,74991;-53,05351;2025-03-05 04:10:00.0;0,00
DOIS VIZINHOS;410720701A;PR;Prefeitura Municipal;-25,74991;-53,05351;2025-03-05 05:10:00.0;0,00
DOIS VIZINHOS;410720701A;PR;Prefeitura Municipal;-25,74991;-53,05351;2025-03-05 06:10:00.0;0,00
DOIS VIZINHOS;410720701A;PR;Prefeitura Municipal;-25,74991;-53,05351;2025-03-05 07:10:00.0;0,00
DOIS VIZINHOS;410720701A;PR;Prefeitura Municipal;-25,74991;-53,05351;2025-03-05 08:10:00.0;0,00
DOIS VIZINHOS;410720701A;PR;Prefeitura Municipal;-25,74991;-53,05351;2025-03-05 09:10:00.0;0,00
DOIS VIZINHOS;410720701A;PR;Prefeitura Municipal;-25,74991;-53,05351;2025-03-05 10:10:00.0;0,00
DOIS VIZINHOS;410720701A;PR;Prefeitura Municipal;-25,74991;-53,05351;2025-03-05 11:10:00.0;0,00
DOIS VIZINHOS;410720701A;PR;Prefeitura Municipal;-25,74991;-53,05351;2025-03-05 12:10:00.0;0,00
DOIS VIZINHOS;410720701A;PR;Prefeitura Municipal;-25,74991;-53,05351;2025-03-05 13:10:00.0;0,00
DOIS VIZINHOS;410720701A;PR;Prefeitura Municipal;-25,74991;-53,05351;2025-03-05 14:10:00.0;0,00
DOIS VIZINHOS;410720701A;PR;Prefeitura Municipal;-25,74991;-53,05351;2025-03-05 15:10:00.0;0,00
DOIS VIZINHOS;410720701A;PR;Prefeitura Municipal;-25,74991;-53,05351;2025-03-05 16:10:00.0;0,00
DOIS VIZINHOS;410720701A;PR;Prefeitura Municipal;-25,74991;-53,05351;2025-03-05 17:10:00.0;0,00
DOIS VIZINHOS;410720701A;PR;Prefeitura Municipal;-25,74991;-53,05351;2025-03-05 18:10:00.0;0,80
DOIS VIZINHOS;410720701A;PR;Prefeitura Municipal;-25,74991;-53,05351;2025-03-05 18:20:00.0;1,20
DOIS VIZINHOS;410720701A;PR;Prefeitura Municipal;-25,74991;-53,05351;2025-03-05 18:30:00.0;1,80
DOIS VIZINHOS;410720701A;PR;Prefeitura Municipal;-25,74991;-53,05351;2025-03-05 19:10:00.0;0,00
DOIS VIZINHOS;410720701A;PR;Prefeitura Municipal;-25,74991;-53,05351;2025-03-05 20:10:00.0;0,00
DOIS VIZINHOS;410720701A;PR;Prefeitura Municipal;-25,74991;-53,05351;2025-03-05 21:10:00.0;0,00
DOIS VIZINHOS;410720701A;PR;Prefeitura Municipal;-25,74991;-53,05351;2025-03-05 22:10:00.0;0,00
DOIS VIZINHOS;410720701A;PR;Prefeitura Municipal;-25,74991;-53,05351;2025-03-05 23:10:00.0;0,00
DOIS VIZINHOS;410720701A;PR;Prefeitura Municipal;-25,74991;-53,05351;2025-03-06 00:10:00.0;0,00
DOIS VIZINHOS;410720701A;PR;Prefeitura Municipal;-25,74991;-53,05351;2025-03-06 01:10:00.0;0,00
DOIS VIZINHOS;410720701A;PR;Prefeitura Municipal;-25,74991;-53,05351;2025-03-06 02:10:00.0;0,00
DOIS VIZINHOS;410720701A;PR;Prefeitura Municipal;-25,74991;-53,05351;2025-03-06 03:10:00.0;0,00
DOIS VIZINHOS;410720701A;PR;Prefeitura Municipal;-25,74991;-53,05351;2025-03-06 04:10:00.0;0,00
DOIS VIZINHOS;410720701A;PR;Prefeitura Municipal;-25,74991;-53,05351;2025-03-06 05:10:00.0;0,00
DOIS VIZINHOS;410720701A;PR;Prefeitura Municipal;-25,74991;-53,05351;2025-03-06 06:10:00.0;0,00
DOIS VIZINHOS;410720701A;PR;Prefeitura Municipal;-25,74991;-53,05351;2025-03-06 07:10:00.0;0,00
DOIS VIZINHOS;410720701A;PR;Prefeitura Municipal;-25,74991;-53,05351;2025-03-06 08:10:00.0;0,00
DOIS VIZINHOS;410720701A;PR;Prefeitura Municipal;-25,74991;-53,05351;2025-03-06 09:10:00.0;0,00
DOIS VIZINHOS;410720701A;PR;Prefeitura Municipal;-25,74991;-53,05351;2025-03-06 10:10:00.0;0,00
DOIS VIZINHOS;410720701A;PR;Prefeitura Municipal;-25,74991;-53,05351;2025-03-06 11:10:00.0;0,00
DOIS VIZINHOS;410720701A;PR;Prefeitura Municipal;-25,74991;-53,05351;2025-03-06 12:10:00.0;0,00
DOIS VIZINHOS;410720701A;PR;Prefeitura Municipal;-25,74991;-53,05351;2025-03-06 13:10:00.0;0,00
DOIS VIZINHOS;410720701A;PR;Prefeitura Municipal;-25,74991;-53,05351;2025-03-06 14:10:00.0;0,00
DOIS VIZINHOS;410720701A;PR;Prefeitura Municipal;-25,74991;-53,05351;2025-03-06 15:10:00.0;0,00
DOIS VIZINHOS;410720701A;PR;Prefeitura Municipal;-25,74991;-53,05351;2025-03-06 16:10:00.0;0,00
DOIS VIZINHOS;410720701A;PR;Prefeitura Municipal;-25,74991;-53,05351;2025-03-06 17:10:00.0;0,00
DOIS VIZINHOS;410720701A;PR;Prefeitura Municipal;-25,74991;-53,05351;2025-03-06 18:10:00.0;0,00
DOIS VIZINHOS;410720701A;PR;Prefeitura Municipal;-25,74991;-53,05351;2025-03-06 19:10:00.0;0,00
DOIS VIZINHOS;410720701A;PR;Prefeitura Municipal;-25,74991;-53,05351;2025-03-06 20:10:00.0;0,00
DOIS VIZINHOS;410720701A;PR;Prefeitura Municipal;-25,74991;-53,05351;2025-03-06 21:10:00.0;0,00
DOIS VIZINHOS;410720701A;PR;Prefeitura Municipal;-25,74991;-53,05351;2025-03-06 22:10:00.0;0,00
DOIS VIZINHOS;410720701A;PR;Prefeitura Municipal;-25,74991;-53,05351;2025-03-06 23:10:00.0;0,00
DOIS VIZINHOS;410720701A;PR;Prefeitura Municipal;-25,74991;-53,05351;2025-03-07 00:10:00.0;0,00
DOIS VIZINHOS;410720701A;PR;Prefeitura Municipal;-25,74991;-53,05351;2025-03-07 01:10:00.0;0,00
DOIS VIZINHOS;410720701A;PR;Prefeitura Municipal;-25,74991;-53,05351;2025-03-07 02:10:00.0;0,00
DOIS VIZINHOS;410720701A;PR;Prefeitura Municipal;-25,74991;-53,05351;2025-03-07 03:10:00.0;0,00
DOIS VIZINHOS;410720701A;PR;Prefeitura Municipal;-25,74991;-53,05351;2025-03-07 04:10:00.0;0,00
DOIS VIZINHOS;410720701A;PR;Prefeitura Municipal;-25,74991;-53,05351;2025-03-07 05:10:00.0;0,00
DOIS VIZINHOS;410720701A;PR;Prefeitura Municipal;-25,74991;-53,05351;2025-03-07 06:10:00.0;0,00
DOIS VIZINHOS;410720701A;PR;Prefeitura Municipal;-25,74991;-53,05351;2025-03-07 07:10:00.0;0,00
DOIS VIZINHOS;410720701A;PR;Prefeitura Municipal;-25,74991;-53,05351;2025-03-07 08:10:00.0;0,00
DOIS VIZINHOS;410720701A;PR;Prefeitura Municipal;-25,74991;-53,05351;2025-03-07 09:10:00.0;0,00
DOIS VIZINHOS;410720701A;PR;Prefeitura Municipal;-25,74991;-53,05351;2025-03-07 10:10:00.0;0,00
DOIS VIZINHOS;410720701A;PR;Prefeitura Municipal;-25,74991;-53,05351;2025-03-07 11:10:00.0;0,00
DOIS VIZINHOS;410720701A;PR;Prefeitura Municipal;-25,74991;-53,05351;2025-03-07 12:10:00.0;0,00
DOIS VIZINHOS;410720701A;PR;Prefeitura Municipal;-25,74991;-53,05351;2025-03-07 13:10:00.0;0,00
DOIS VIZINHOS;410720701A;PR;Prefeitura Municipal;-25,74991;-53,05351;2025-03-07 14:10:00.0;0,00
DOIS VIZINHOS;410720701A;PR;Prefeitura Municipal;-25,74991;-53,05351;2025-03-07 15:10:00.0;0,00
DOIS VIZINHOS;410720701A;PR;Prefeitura Municipal;-25,74991;-53,05351;2025-03-07 16:10:00.0;0,00
DOIS VIZINHOS;410720701A;PR;Prefeitura Municipal;-25,74991;-53,05351;2025-03-07 17:10:00.0;0,00
DOIS VIZINHOS;410720701A;PR;Prefeitura Municipal;-25,74991;-53,05351;2025-03-07 18:10:00.0;0,00
DOIS VIZINHOS;410720701A;PR;Prefeitura Municipal;-25,74991;-53,05351;2025-03-07 19:10:00.0;0,00
DOIS VIZINHOS;410720701A;PR;Prefeitura Municipal;-25,74991;-53,05351;2025-03-07 20:10:00.0;0,00
DOIS VIZINHOS;410720701A;PR;Prefeitura Municipal;-25,74991;-53,05351;2025-03-07 21:10:00.0;0,00
DOIS VIZINHOS;410720701A;PR;Prefeitura Municipal;-25,74991;-53,05351;2025-03-07 22:10:00.0;0,00
DOIS VIZINHOS;410720701A;PR;Prefeitura Municipal;-25,74991;-53,05351;2025-03-07 23:10:00.0;0,00
DOIS VIZINHOS;410720701A;PR;Prefeitura Municipal;-25,74991;-53,05351;2025-03-08 00:10:00.0;0,00
DOIS VIZINHOS;410720701A;PR;Prefeitura Municipal;-25,74991;-53,05351;2025-03-08 01:10:00.0;0,00
DOIS VIZINHOS;410720701A;PR;Prefeitura Municipal;-25,74991;-53,05351;2025-03-08 02:10:00.0;0,00
DOIS VIZINHOS;410720701A;PR;Prefeitura Municipal;-25,74991;-53,05351;2025-03-08 03:10:00.0;0,00
DOIS VIZINHOS;410720701A;PR;Prefeitura Municipal;-25,74991;-53,05351;2025-03-08 04:10:00.0;0,00
DOIS VIZINHOS;410720701A;PR;Prefeitura Municipal;-25,74991;-53,05351;2025-03-08 05:10:00.0;0,00
DOIS VIZINHOS;410720701A;PR;Prefeitura Municipal;-25,74991;-53,05351;2025-03-08 06:10:00.0;0,00
DOIS VIZINHOS;410720701A;PR;Prefeitura Municipal;-25,74991;-53,05351;2025-03-08 07:10:00.0;0,00
DOIS VIZINHOS;410720701A;PR;Prefeitura Municipal;-25,74991;-53,05351;2025-03-08 08:10:00.0;0,00
DOIS VIZINHOS;410720701A;PR;Prefeitura Municipal;-25,74991;-53,05351;2025-03-08 09:10:00.0;0,00
DOIS VIZINHOS;410720701A;PR;Prefeitura Municipal;-25,74991;-53,05351;2025-03-08 10:10:00.0;0,00
DOIS VIZINHOS;410720701A;PR;Prefeitura Municipal;-25,74991;-53,05351;2025-03-08 11:10:00.0;0,00
DOIS VIZINHOS;410720701A;PR;Prefeitura Municipal;-25,74991;-53,05351;2025-03-08 12:10:00.0;0,00
DOIS VIZINHOS;410720701A;PR;Prefeitura Municipal;-25,74991;-53,05351;2025-03-08 13:10:00.0;0,00
DOIS VIZINHOS;410720701A;PR;Prefeitura Municipal;-25,74991;-53,05351;2025-03-08 14:10:00.0;0,00
DOIS VIZINHOS;410720701A;PR;Prefeitura Municipal;-25,74991;-53,05351;2025-03-08 15:10:00.0;0,00
DOIS VIZINHOS;410720701A;PR;Prefeitura Municipal;-25,74991;-53,05351;2025-03-08 16:10:00.0;0,00
DOIS VIZINHOS;410720701A;PR;Prefeitura Municipal;-25,74991;-53,05351;2025-03-08 17:10:00.0;0,00
DOIS VIZINHOS;410720701A;PR;Prefeitura Municipal;-25,74991;-53,05351;2025-03-08 18:10:00.0;0,00
DOIS VIZINHOS;410720701A;PR;Prefeitura Municipal;-25,74991;-53,05351;2025-03-08 19:10:00.0;0,00
DOIS VIZINHOS;410720701A;PR;Prefeitura Municipal;-25,74991;-53,05351;2025-03-08 20:10:00.0;0,00
DOIS VIZINHOS;410720701A;PR;Prefeitura Municipal;-25,74991;-53,05351;2025-03-08 21:10:00.0;0,00
DOIS VIZINHOS;410720701A;PR;Prefeitura Municipal;-25,74991;-53,05351;2025-03-08 22:10:00.0;0,00
DOIS VIZINHOS;410720701A;PR;Prefeitura Municipal;-25,74991;-53,05351;2025-03-08 23:10:00.0;0,00
DOIS VIZINHOS;410720701A;PR;Prefeitura Municipal;-25,74991;-53,05351;2025-03-09 00:10:00.0;0,00
DOIS VIZINHOS;410720701A;PR;Prefeitura Municipal;-25,74991;-53,05351;2025-03-09 01:10:00.0;0,00
DOIS VIZINHOS;410720701A;PR;Prefeitura Municipal;-25,74991;-53,05351;2025-03-09 02:10:00.0;0,00
DOIS VIZINHOS;410720701A;PR;Prefeitura Municipal;-25,74991;-53,05351;2025-03-09 03:10:00.0;0,00
DOIS VIZINHOS;410720701A;PR;Prefeitura Municipal;-25,74991;-53,05351;2025-03-09 04:10:00.0;0,00
DOIS VIZINHOS;410720701A;PR;Prefeitura Municipal;-25,74991;-53,05351;2025-03-09 05:10:00.0;0,00
DOIS VIZINHOS;410720701A;PR;Prefeitura Municipal;-25,74991;-53,05351;2025-03-09 06:10:00.0;0,00
DOIS VIZINHOS;410720701A;PR;Prefeitura Municipal;-25,74991;-53,05351;2025-03-09 07:10:00.0;0,00
DOIS VIZINHOS;410720701A;PR;Prefeitura Municipal;-25,74991;-53,05351;2025-03-09 08:10:00.0;0,00
DOIS VIZINHOS;410720701A;PR;Prefeitura Municipal;-25,74991;-53,05351;2025-03-09 09:10:00.0;0,00
DOIS VIZINHOS;410720701A;PR;Prefeitura Municipal;-25,74991;-53,05351;2025-03-09 10:10:00.0;0,00
DOIS VIZINHOS;410720701A;PR;Prefeitura Municipal;-25,74991;-53,05351;2025-03-09 11:10:00.0;0,00
DOIS VIZINHOS;410720701A;PR;Prefeitura Municipal;-25,74991;-53,05351;2025-03-09 12:10:00.0;0,00
DOIS VIZINHOS;410720701A;PR;Prefeitura Municipal;-25,74991;-53,05351;2025-03-09 13:10:00.0;0,00
DOIS VIZINHOS;410720701A;PR;Prefeitura Municipal;-25,74991;-53,05351;2025-03-09 14:10:00.0;0,00
DOIS VIZINHOS;410720701A;PR;Prefeitura Municipal;-25,74991;-53,05351;2025-03-09 15:10:00.0;0,00
DOIS VIZINHOS;410720701A;PR;Prefeitura Municipal;-25,74991;-53,05351;2025-03-09 16:10:00.0;0,00
DOIS VIZINHOS;410720701A;PR;Prefeitura Municipal;-25,74991;-53,05351;2025-03-09 17:10:00.0;0,00
DOIS VIZINHOS;410720701A;PR;Prefeitura Municipal;-25,74991;-53,05351;2025-03-09 18:10:00.0;0,00
DOIS VIZINHOS;410720701A;PR;Prefeitura Municipal;-25,74991;-53,05351;2025-03-09 19:10:00.0;0,00
DOIS VIZINHOS;410720701A;PR;Prefeitura Municipal;-25,74991;-53,05351;2025-03-09 20:10:00.0;0,00
DOIS VIZINHOS;410720701A;PR;Prefeitura Municipal;-25,74991;-53,05351;2025-03-09 21:10:00.0;0,00
DOIS VIZINHOS;410720701A;PR;Prefeitura Municipal;-25,74991;-53,05351;2025-03-09 22:10:00.0;0,00
DOIS VIZINHOS;410720701A;PR;Prefeitura Municipal;-25,74991;-53,05351;2025-03-09 23:10:00.0;0,00
DOIS VIZINHOS;410720701A;PR;Prefeitura Municipal;-25,74991;-53,05351;2025-03-10 00:10:00.0;0,00
DOIS VIZINHOS;410720701A;PR;Prefeitura Municipal;-25,74991;-53,05351;2025-03-10 01:10:00.0;0,00
DOIS VIZINHOS;410720701A;PR;Prefeitura Municipal;-25,74991;-53,05351;2025-03-10 02:10:00.0;0,00
DOIS VIZINHOS;410720701A;PR;Prefeitura Municipal;-25,74991;-53,05351;2025-03-10 03:10:00.0;0,00
DOIS VIZINHOS;410720701A;PR;Prefeitura Municipal;-25,74991;-53,05351;2025-03-10 04:10:00.0;0,00
DOIS VIZINHOS;410720701A;PR;Prefeitura Municipal;-25,74991;-53,05351;2025-03-10 05:10:00.0;0,00
DOIS VIZINHOS;410720701A;PR;Prefeitura Municipal;-25,74991;-53,05351;2025-03-10 06:10:00.0;0,00
DOIS VIZINHOS;410720701A;PR;Prefeitura Municipal;-25,74991;-53,05351;2025-03-10 07:10:00.0;0,00
DOIS VIZINHOS;410720701A;PR;Prefeitura Municipal;-25,74991;-53,05351;2025-03-10 08:10:00.0;0,00
DOIS VIZINHOS;410720701A;PR;Prefeitura Municipal;-25,74991;-53,05351;2025-03-10 09:10:00.0;0,00
DOIS VIZINHOS;410720701A;PR;Prefeitura Municipal;-25,74991;-53,05351;2025-03-10 10:10:00.0;0,00
DOIS VIZINHOS;410720701A;PR;Prefeitura Municipal;-25,74991;-53,05351;2025-03-10 11:10:00.0;0,00
DOIS VIZINHOS;410720701A;PR;Prefeitura Municipal;-25,74991;-53,05351;2025-03-10 12:10:00.0;0,00
DOIS VIZINHOS;410720701A;PR;Prefeitura Municipal;-25,74991;-53,05351;2025-03-10 13:10:00.0;0,00
DOIS VIZINHOS;410720701A;PR;Prefeitura Municipal;-25,74991;-53,05351;2025-03-10 14:10:00.0;0,00
DOIS VIZINHOS;410720701A;PR;Prefeitura Municipal;-25,74991;-53,05351;2025-03-10 15:10:00.0;0,00
DOIS VIZINHOS;410720701A;PR;Prefeitura Municipal;-25,74991;-53,05351;2025-03-10 16:10:00.0;0,00
DOIS VIZINHOS;410720701A;PR;Prefeitura Municipal;-25,74991;-53,05351;2025-03-10 17:10:00.0;0,00
DOIS VIZINHOS;410720701A;PR;Prefeitura Municipal;-25,74991;-53,05351;2025-03-10 18:10:00.0;0,00
DOIS VIZINHOS;410720701A;PR;Prefeitura Municipal;-25,74991;-53,05351;2025-03-10 19:10:00.0;0,00
DOIS VIZINHOS;410720701A;PR;Prefeitura Municipal;-25,74991;-53,05351;2025-03-10 20:10:00.0;0,00
DOIS VIZINHOS;410720701A;PR;Prefeitura Municipal;-25,74991;-53,05351;2025-03-10 21:10:00.0;0,00
DOIS VIZINHOS;410720701A;PR;Prefeitura Municipal;-25,74991;-53,05351;2025-03-10 22:10:00.0;0,00
DOIS VIZINHOS;410720701A;PR;Prefeitura Municipal;-25,74991;-53,05351;2025-03-10 23:10:00.0;0,00
DOIS VIZINHOS;410720701A;PR;Prefeitura Municipal;-25,74991;-53,05351;2025-03-11 00:10:00.0;0,00
DOIS VIZINHOS;410720701A;PR;Prefeitura Municipal;-25,74991;-53,05351;2025-03-11 01:10:00.0;0,00
DOIS VIZINHOS;410720701A;PR;Prefeitura Municipal;-25,74991;-53,05351;2025-03-11 02:10:00.0;0,00
DOIS VIZINHOS;410720701A;PR;Prefeitura Municipal;-25,74991;-53,05351;2025-03-11 03:10:00.0;0,00
DOIS VIZINHOS;410720701A;PR;Prefeitura Municipal;-25,74991;-53,05351;2025-03-11 04:10:00.0;0,00
DOIS VIZINHOS;410720701A;PR;Prefeitura Municipal;-25,74991;-53,05351;2025-03-11 05:10:00.0;0,00
DOIS VIZINHOS;410720701A;PR;Prefeitura Municipal;-25,74991;-53,05351;2025-03-11 06:10:00.0;0,00
DOIS VIZINHOS;410720701A;PR;Prefeitura Municipal;-25,74991;-53,05351;2025-03-11 07:10:00.0;0,00
DOIS VIZINHOS;410720701A;PR;Prefeitura Municipal;-25,74991;-53,05351;2025-03-11 08:10:00.0;0,00
DOIS VIZINHOS;410720701A;PR;Prefeitura Municipal;-25,74991;-53,05351;2025-03-11 09:10:00.0;0,00
DOIS VIZINHOS;410720701A;PR;Prefeitura Municipal;-25,74991;-53,05351;2025-03-11 10:10:00.0;0,00
DOIS VIZINHOS;410720701A;PR;Prefeitura Municipal;-25,74991;-53,05351;2025-03-11 11:10:00.0;0,00
DOIS VIZINHOS;410720701A;PR;Prefeitura Municipal;-25,74991;-53,05351;2025-03-11 12:10:00.0;0,00
DOIS VIZINHOS;410720701A;PR;Prefeitura Municipal;-25,74991;-53,05351;2025-03-11 13:10:00.0;0,00
DOIS VIZINHOS;410720701A;PR;Prefeitura Municipal;-25,74991;-53,05351;2025-03-11 14:10:00.0;0,00
DOIS VIZINHOS;410720701A;PR;Prefeitura Municipal;-25,74991;-53,05351;2025-03-11 15:10:00.0;2,20
DOIS VIZINHOS;410720701A;PR;Prefeitura Municipal;-25,74991;-53,05351;2025-03-11 15:20:00.0;3,20
DOIS VIZINHOS;410720701A;PR;Prefeitura Municipal;-25,74991;-53,05351;2025-03-11 15:30:00.0;0,60
DOIS VIZINHOS;410720701A;PR;Prefeitura Municipal;-25,74991;-53,05351;2025-03-11 15:40:00.0;1,20
DOIS VIZINHOS;410720701A;PR;Prefeitura Municipal;-25,74991;-53,05351;2025-03-11 15:50:00.0;1,80
DOIS VIZINHOS;410720701A;PR;Prefeitura Municipal;-25,74991;-53,05351;2025-03-11 16:00:00.0;0,20
DOIS VIZINHOS;410720701A;PR;Prefeitura Municipal;-25,74991;-53,05351;2025-03-11 16:10:00.0;0,20
DOIS VIZINHOS;410720701A;PR;Prefeitura Municipal;-25,74991;-53,05351;2025-03-11 16:50:00.0;0,40
DOIS VIZINHOS;410720701A;PR;Prefeitura Municipal;-25,74991;-53,05351;2025-03-11 17:00:00.0;0,20
DOIS VIZINHOS;410720701A;PR;Prefeitura Municipal;-25,74991;-53,05351;2025-03-11 17:10:00.0;0,60
DOIS VIZINHOS;410720701A;PR;Prefeitura Municipal;-25,74991;-53,05351;2025-03-11 17:20:00.0;0,20
DOIS VIZINHOS;410720701A;PR;Prefeitura Municipal;-25,74991;-53,05351;2025-03-11 17:30:00.0;0,20
DOIS VIZINHOS;410720701A;PR;Prefeitura Municipal;-25,74991;-53,05351;2025-03-11 17:40:00.0;0,20
DOIS VIZINHOS;410720701A;PR;Prefeitura Municipal;-25,74991;-53,05351;2025-03-11 18:00:00.0;0,20
DOIS VIZINHOS;410720701A;PR;Prefeitura Municipal;-25,74991;-53,05351;2025-03-11 18:10:00.0;0,40
DOIS VIZINHOS;410720701A;PR;Prefeitura Municipal;-25,74991;-53,05351;2025-03-11 18:20:00.0;0,20
DOIS VIZINHOS;410720701A;PR;Prefeitura Municipal;-25,74991;-53,05351;2025-03-11 19:00:00.0;0,20
DOIS VIZINHOS;410720701A;PR;Prefeitura Municipal;-25,74991;-53,05351;2025-03-11 19:10:00.0;0,20
DOIS VIZINHOS;410720701A;PR;Prefeitura Municipal;-25,74991;-53,05351;2025-03-11 19:20:00.0;0,60
DOIS VIZINHOS;410720701A;PR;Prefeitura Municipal;-25,74991;-53,05351;2025-03-11 19:30:00.0;0,60
DOIS VIZINHOS;410720701A;PR;Prefeitura Municipal;-25,74991;-53,05351;2025-03-11 19:40:00.0;0,40
DOIS VIZINHOS;410720701A;PR;Prefeitura Municipal;-25,74991;-53,05351;2025-03-11 19:50:00.0;0,60
DOIS VIZINHOS;410720701A;PR;Prefeitura Municipal;-25,74991;-53,05351;2025-03-11 20:00:00.0;0,60
DOIS VIZINHOS;410720701A;PR;Prefeitura Municipal;-25,74991;-53,05351;2025-03-11 20:10:00.0;0,20
DOIS VIZINHOS;410720701A;PR;Prefeitura Municipal;-25,74991;-53,05351;2025-03-11 20:50:00.0;0,20
DOIS VIZINHOS;410720701A;PR;Prefeitura Municipal;-25,74991;-53,05351;2025-03-11 21:10:00.0;0,00
DOIS VIZINHOS;410720701A;PR;Prefeitura Municipal;-25,74991;-53,05351;2025-03-11 21:20:00.0;0,20
DOIS VIZINHOS;410720701A;PR;Prefeitura Municipal;-25,74991;-53,05351;2025-03-11 21:30:00.0;0,20
DOIS VIZINHOS;410720701A;PR;Prefeitura Municipal;-25,74991;-53,05351;2025-03-11 21:40:00.0;0,20
DOIS VIZINHOS;410720701A;PR;Prefeitura Municipal;-25,74991;-53,05351;2025-03-11 22:10:00.0;0,00
DOIS VIZINHOS;410720701A;PR;Prefeitura Municipal;-25,74991;-53,05351;2025-03-11 23:10:00.0;0,00
DOIS VIZINHOS;410720701A;PR;Prefeitura Municipal;-25,74991;-53,05351;2025-03-12 00:10:00.0;0,00
DOIS VIZINHOS;410720701A;PR;Prefeitura Municipal;-25,74991;-53,05351;2025-03-12 01:10:00.0;0,00
DOIS VIZINHOS;410720701A;PR;Prefeitura Municipal;-25,74991;-53,05351;2025-03-12 02:40:00.0;0,00
DOIS VIZINHOS;410720701A;PR;Prefeitura Municipal;-25,74991;-53,05351;2025-03-12 06:00:00.0;0,00
DOIS VIZINHOS;410720701A;PR;Prefeitura Municipal;-25,74991;-53,05351;2025-03-12 07:00:00.0;0,00
DOIS VIZINHOS;410720701A;PR;Prefeitura Municipal;-25,74991;-53,05351;2025-03-12 07:20:00.0;0,00
DOIS VIZINHOS;410720701A;PR;Prefeitura Municipal;-25,74991;-53,05351;2025-03-12 08:10:00.0;0,00
DOIS VIZINHOS;410720701A;PR;Prefeitura Municipal;-25,74991;-53,05351;2025-03-12 09:10:00.0;0,00
DOIS VIZINHOS;410720701A;PR;Prefeitura Municipal;-25,74991;-53,05351;2025-03-12 10:10:00.0;0,00
DOIS VIZINHOS;410720701A;PR;Prefeitura Municipal;-25,74991;-53,05351;2025-03-12 11:10:00.0;0,00
DOIS VIZINHOS;410720701A;PR;Prefeitura Municipal;-25,74991;-53,05351;2025-03-12 12:10:00.0;0,00
DOIS VIZINHOS;410720701A;PR;Prefeitura Municipal;-25,74991;-53,05351;2025-03-12 13:10:00.0;0,00
DOIS VIZINHOS;410720701A;PR;Prefeitura Municipal;-25,74991;-53,05351;2025-03-12 14:10:00.0;0,00
DOIS VIZINHOS;410720701A;PR;Prefeitura Municipal;-25,74991;-53,05351;2025-03-12 15:10:00.0;0,00
DOIS VIZINHOS;410720701A;PR;Prefeitura Municipal;-25,74991;-53,05351;2025-03-12 16:20:00.0;0,00
DOIS VIZINHOS;410720701A;PR;Prefeitura Municipal;-25,74991;-53,05351;2025-03-12 16:50:00.0;0,20
DOIS VIZINHOS;410720701A;PR;Prefeitura Municipal;-25,74991;-53,05351;2025-03-12 17:10:00.0;0,00
DOIS VIZINHOS;410720701A;PR;Prefeitura Municipal;-25,74991;-53,05351;2025-03-12 18:10:00.0;0,00
DOIS VIZINHOS;410720701A;PR;Prefeitura Municipal;-25,74991;-53,05351;2025-03-12 19:10:00.0;0,00
DOIS VIZINHOS;410720701A;PR;Prefeitura Municipal;-25,74991;-53,05351;2025-03-12 20:10:00.0;0,00
DOIS VIZINHOS;410720701A;PR;Prefeitura Municipal;-25,74991;-53,05351;2025-03-12 21:10:00.0;0,00
DOIS VIZINHOS;410720701A;PR;Prefeitura Municipal;-25,74991;-53,05351;2025-03-12 22:10:00.0;0,00
DOIS VIZINHOS;410720701A;PR;Prefeitura Municipal;-25,74991;-53,05351;2025-03-12 23:10:00.0;0,00
DOIS VIZINHOS;410720701A;PR;Prefeitura Municipal;-25,74991;-53,05351;2025-03-13 00:10:00.0;0,00
DOIS VIZINHOS;410720701A;PR;Prefeitura Municipal;-25,74991;-53,05351;2025-03-13 01:10:00.0;0,00
DOIS VIZINHOS;410720701A;PR;Prefeitura Municipal;-25,74991;-53,05351;2025-03-13 02:10:00.0;0,00
DOIS VIZINHOS;410720701A;PR;Prefeitura Municipal;-25,74991;-53,05351;2025-03-13 03:10:00.0;0,00
DOIS VIZINHOS;410720701A;PR;Prefeitura Municipal;-25,74991;-53,05351;2025-03-13 04:10:00.0;0,00
DOIS VIZINHOS;410720701A;PR;Prefeitura Municipal;-25,74991;-53,05351;2025-03-13 05:10:00.0;0,00
DOIS VIZINHOS;410720701A;PR;Prefeitura Municipal;-25,74991;-53,05351;2025-03-13 06:50:00.0;0,00
DOIS VIZINHOS;410720701A;PR;Prefeitura Municipal;-25,74991;-53,05351;2025-03-13 07:10:00.0;0,00
DOIS VIZINHOS;410720701A;PR;Prefeitura Municipal;-25,74991;-53,05351;2025-03-13 08:10:00.0;0,00
DOIS VIZINHOS;410720701A;PR;Prefeitura Municipal;-25,74991;-53,05351;2025-03-13 09:50:00.0;0,00
DOIS VIZINHOS;410720701A;PR;Prefeitura Municipal;-25,74991;-53,05351;2025-03-13 10:20:00.0;0,00
DOIS VIZINHOS;410720701A;PR;Prefeitura Municipal;-25,74991;-53,05351;2025-03-13 11:10:00.0;0,00
DOIS VIZINHOS;410720701A;PR;Prefeitura Municipal;-25,74991;-53,05351;2025-03-13 12:10:00.0;0,00
DOIS VIZINHOS;410720701A;PR;Prefeitura Municipal;-25,74991;-53,05351;2025-03-13 13:10:00.0;0,00
DOIS VIZINHOS;410720701A;PR;Prefeitura Municipal;-25,74991;-53,05351;2025-03-13 14:10:00.0;0,00
DOIS VIZINHOS;410720701A;PR;Prefeitura Municipal;-25,74991;-53,05351;2025-03-13 15:10:00.0;0,00
DOIS VIZINHOS;410720701A;PR;Prefeitura Municipal;-25,74991;-53,05351;2025-03-13 16:10:00.0;0,00
DOIS VIZINHOS;410720701A;PR;Prefeitura Municipal;-25,74991;-53,05351;2025-03-13 17:10:00.0;0,00
DOIS VIZINHOS;410720701A;PR;Prefeitura Municipal;-25,74991;-53,05351;2025-03-13 18:10:00.0;0,00
DOIS VIZINHOS;410720701A;PR;Prefeitura Municipal;-25,74991;-53,05351;2025-03-13 19:10:00.0;0,00
DOIS VIZINHOS;410720701A;PR;Prefeitura Municipal;-25,74991;-53,05351;2025-03-13 20:30:00.0;0,00
DOIS VIZINHOS;410720701A;PR;Prefeitura Municipal;-25,74991;-53,05351;2025-03-13 21:10:00.0;0,00
DOIS VIZINHOS;410720701A;PR;Prefeitura Municipal;-25,74991;-53,05351;2025-03-13 22:10:00.0;0,00
DOIS VIZINHOS;410720701A;PR;Prefeitura Municipal;-25,74991;-53,05351;2025-03-13 23:10:00.0;0,00
DOIS VIZINHOS;410720701A;PR;Prefeitura Municipal;-25,74991;-53,05351;2025-03-14 00:30:00.0;0,00
DOIS VIZINHOS;410720701A;PR;Prefeitura Municipal;-25,74991;-53,05351;2025-03-14 01:10:00.0;0,00
DOIS VIZINHOS;410720701A;PR;Prefeitura Municipal;-25,74991;-53,05351;2025-03-14 02:10:00.0;0,00
DOIS VIZINHOS;410720701A;PR;Prefeitura Municipal;-25,74991;-53,05351;2025-03-14 03:10:00.0;0,00
DOIS VIZINHOS;410720701A;PR;Prefeitura Municipal;-25,74991;-53,05351;2025-03-14 04:10:00.0;0,00
DOIS VIZINHOS;410720701A;PR;Prefeitura Municipal;-25,74991;-53,05351;2025-03-14 05:20:00.0;0,00
DOIS VIZINHOS;410720701A;PR;Prefeitura Municipal;-25,74991;-53,05351;2025-03-14 06:10:00.0;0,00
DOIS VIZINHOS;410720701A;PR;Prefeitura Municipal;-25,74991;-53,05351;2025-03-14 07:10:00.0;0,00
DOIS VIZINHOS;410720701A;PR;Prefeitura Municipal;-25,74991;-53,05351;2025-03-14 08:10:00.0;0,00
DOIS VIZINHOS;410720701A;PR;Prefeitura Municipal;-25,74991;-53,05351;2025-03-14 09:10:00.0;0,00
DOIS VIZINHOS;410720701A;PR;Prefeitura Municipal;-25,74991;-53,05351;2025-03-14 10:10:00.0;0,00
DOIS VIZINHOS;410720701A;PR;Prefeitura Municipal;-25,74991;-53,05351;2025-03-14 11:10:00.0;0,00
DOIS VIZINHOS;410720701A;PR;Prefeitura Municipal;-25,74991;-53,05351;2025-03-14 12:10:00.0;0,00
DOIS VIZINHOS;410720701A;PR;Prefeitura Municipal;-25,74991;-53,05351;2025-03-14 13:10:00.0;0,00
DOIS VIZINHOS;410720701A;PR;Prefeitura Municipal;-25,74991;-53,05351;2025-03-14 14:10:00.0;0,00
DOIS VIZINHOS;410720701A;PR;Prefeitura Municipal;-25,74991;-53,05351;2025-03-14 15:10:00.0;0,00
DOIS VIZINHOS;410720701A;PR;Prefeitura Municipal;-25,74991;-53,05351;2025-03-14 16:10:00.0;0,00
DOIS VIZINHOS;410720701A;PR;Prefeitura Municipal;-25,74991;-53,05351;2025-03-14 17:10:00.0;0,00
DOIS VIZINHOS;410720701A;PR;Prefeitura Municipal;-25,74991;-53,05351;2025-03-14 18:10:00.0;0,00
DOIS VIZINHOS;410720701A;PR;Prefeitura Municipal;-25,74991;-53,05351;2025-03-14 19:10:00.0;0,00
DOIS VIZINHOS;410720701A;PR;Prefeitura Municipal;-25,74991;-53,05351;2025-03-14 20:10:00.0;0,00
DOIS VIZINHOS;410720701A;PR;Prefeitura Municipal;-25,74991;-53,05351;2025-03-14 21:10:00.0;0,00
DOIS VIZINHOS;410720701A;PR;Prefeitura Municipal;-25,74991;-53,05351;2025-03-14 22:10:00.0;0,00
DOIS VIZINHOS;410720701A;PR;Prefeitura Municipal;-25,74991;-53,05351;2025-03-14 23:10:00.0;0,00
DOIS VIZINHOS;410720701A;PR;Prefeitura Municipal;-25,74991;-53,05351;2025-03-15 00:10:00.0;0,00
DOIS VIZINHOS;410720701A;PR;Prefeitura Municipal;-25,74991;-53,05351;2025-03-15 01:10:00.0;0,00
DOIS VIZINHOS;410720701A;PR;Prefeitura Municipal;-25,74991;-53,05351;2025-03-15 02:10:00.0;0,00
DOIS VIZINHOS;410720701A;PR;Prefeitura Municipal;-25,74991;-53,05351;2025-03-15 03:10:00.0;0,00
DOIS VIZINHOS;410720701A;PR;Prefeitura Municipal;-25,74991;-53,05351;2025-03-15 04:10:00.0;0,00
DOIS VIZINHOS;410720701A;PR;Prefeitura Municipal;-25,74991;-53,05351;2025-03-15 05:10:00.0;0,00
DOIS VIZINHOS;410720701A;PR;Prefeitura Municipal;-25,74991;-53,05351;2025-03-15 06:10:00.0;0,00
DOIS VIZINHOS;410720701A;PR;Prefeitura Municipal;-25,74991;-53,05351;2025-03-15 08:10:00.0;0,00
DOIS VIZINHOS;410720701A;PR;Prefeitura Municipal;-25,74991;-53,05351;2025-03-15 09:10:00.0;0,00
DOIS VIZINHOS;410720701A;PR;Prefeitura Municipal;-25,74991;-53,05351;2025-03-15 10:10:00.0;0,00
DOIS VIZINHOS;410720701A;PR;Prefeitura Municipal;-25,74991;-53,05351;2025-03-15 11:10:00.0;0,00
DOIS VIZINHOS;410720701A;PR;Prefeitura Municipal;-25,74991;-53,05351;2025-03-15 12:10:00.0;0,00
DOIS VIZINHOS;410720701A;PR;Prefeitura Municipal;-25,74991;-53,05351;2025-03-15 13:10:00.0;0,00
DOIS VIZINHOS;410720701A;PR;Prefeitura Municipal;-25,74991;-53,05351;2025-03-15 13:50:00.0;0,20
DOIS VIZINHOS;410720701A;PR;Prefeitura Municipal;-25,74991;-53,05351;2025-03-15 14:10:00.0;0,00
DOIS VIZINHOS;410720701A;PR;Prefeitura Municipal;-25,74991;-53,05351;2025-03-15 14:50:00.0;0,20
DOIS VIZINHOS;410720701A;PR;Prefeitura Municipal;-25,74991;-53,05351;2025-03-15 15:10:00.0;0,00
DOIS VIZINHOS;410720701A;PR;Prefeitura Municipal;-25,74991;-53,05351;2025-03-15 16:10:00.0;0,60
DOIS VIZINHOS;410720701A;PR;Prefeitura Municipal;-25,74991;-53,05351;2025-03-15 16:30:00.0;0,20
DOIS VIZINHOS;410720701A;PR;Prefeitura Municipal;-25,74991;-53,05351;2025-03-15 17:10:00.0;0,40
DOIS VIZINHOS;410720701A;PR;Prefeitura Municipal;-25,74991;-53,05351;2025-03-15 18:10:00.0;0,00
DOIS VIZINHOS;410720701A;PR;Prefeitura Municipal;-25,74991;-53,05351;2025-03-15 19:10:00.0;0,20
DOIS VIZINHOS;410720701A;PR;Prefeitura Municipal;-25,74991;-53,05351;2025-03-15 20:10:00.0;0,00
DOIS VIZINHOS;410720701A;PR;Prefeitura Municipal;-25,74991;-53,05351;2025-03-15 21:10:00.0;0,00
DOIS VIZINHOS;410720701A;PR;Prefeitura Municipal;-25,74991;-53,05351;2025-03-15 22:10:00.0;0,00
DOIS VIZINHOS;410720701A;PR;Prefeitura Municipal;-25,74991;-53,05351;2025-03-15 23:10:00.0;0,00
DOIS VIZINHOS;410720701A;PR;Prefeitura Municipal;-25,74991;-53,05351;2025-03-16 00:10:00.0;0,00
DOIS VIZINHOS;410720701A;PR;Prefeitura Municipal;-25,74991;-53,05351;2025-03-16 01:10:00.0;0,00
DOIS VIZINHOS;410720701A;PR;Prefeitura Municipal;-25,74991;-53,05351;2025-03-16 02:10:00.0;0,00
DOIS VIZINHOS;410720701A;PR;Prefeitura Municipal;-25,74991;-53,05351;2025-03-16 03:10:00.0;0,00
DOIS VIZINHOS;410720701A;PR;Prefeitura Municipal;-25,74991;-53,05351;2025-03-16 04:10:00.0;0,00
DOIS VIZINHOS;410720701A;PR;Prefeitura Municipal;-25,74991;-53,05351;2025-03-16 05:10:00.0;0,00
DOIS VIZINHOS;410720701A;PR;Prefeitura Municipal;-25,74991;-53,05351;2025-03-16 06:10:00.0;0,00
DOIS VIZINHOS;410720701A;PR;Prefeitura Municipal;-25,74991;-53,05351;2025-03-16 07:10:00.0;0,00
DOIS VIZINHOS;410720701A;PR;Prefeitura Municipal;-25,74991;-53,05351;2025-03-16 08:10:00.0;0,00
DOIS VIZINHOS;410720701A;PR;Prefeitura Municipal;-25,74991;-53,05351;2025-03-16 09:10:00.0;0,00
DOIS VIZINHOS;410720701A;PR;Prefeitura Municipal;-25,74991;-53,05351;2025-03-16 10:10:00.0;0,00
DOIS VIZINHOS;410720701A;PR;Prefeitura Municipal;-25,74991;-53,05351;2025-03-16 11:10:00.0;0,00
DOIS VIZINHOS;410720701A;PR;Prefeitura Municipal;-25,74991;-53,05351;2025-03-16 12:10:00.0;0,00
DOIS VIZINHOS;410720701A;PR;Prefeitura Municipal;-25,74991;-53,05351;2025-03-16 13:10:00.0;0,00
DOIS VIZINHOS;410720701A;PR;Prefeitura Municipal;-25,74991;-53,05351;2025-03-16 14:10:00.0;0,00
DOIS VIZINHOS;410720701A;PR;Prefeitura Municipal;-25,74991;-53,05351;2025-03-16 15:10:00.0;0,00
DOIS VIZINHOS;410720701A;PR;Prefeitura Municipal;-25,74991;-53,05351;2025-03-16 16:10:00.0;0,00
DOIS VIZINHOS;410720701A;PR;Prefeitura Municipal;-25,74991;-53,05351;2025-03-16 17:10:00.0;0,00
DOIS VIZINHOS;410720701A;PR;Prefeitura Municipal;-25,74991;-53,05351;2025-03-16 18:10:00.0;0,00
DOIS VIZINHOS;410720701A;PR;Prefeitura Municipal;-25,74991;-53,05351;2025-03-16 20:10:00.0;0,00
DOIS VIZINHOS;410720701A;PR;Prefeitura Municipal;-25,74991;-53,05351;2025-03-16 21:10:00.0;0,00
DOIS VIZINHOS;410720701A;PR;Prefeitura Municipal;-25,74991;-53,05351;2025-03-16 22:10:00.0;0,00
DOIS VIZINHOS;410720701A;PR;Prefeitura Municipal;-25,74991;-53,05351;2025-03-16 23:10:00.0;0,00
DOIS VIZINHOS;410720701A;PR;Prefeitura Municipal;-25,74991;-53,05351;2025-03-17 00:10:00.0;0,00
DOIS VIZINHOS;410720701A;PR;Prefeitura Municipal;-25,74991;-53,05351;2025-03-17 01:10:00.0;0,00
DOIS VIZINHOS;410720701A;PR;Prefeitura Municipal;-25,74991;-53,05351;2025-03-17 02:10:00.0;0,00
DOIS VIZINHOS;410720701A;PR;Prefeitura Municipal;-25,74991;-53,05351;2025-03-17 03:10:00.0;0,00
DOIS VIZINHOS;410720701A;PR;Prefeitura Municipal;-25,74991;-53,05351;2025-03-17 04:10:00.0;0,00
DOIS VIZINHOS;410720701A;PR;Prefeitura Municipal;-25,74991;-53,05351;2025-03-17 05:10:00.0;0,00
DOIS VIZINHOS;410720701A;PR;Prefeitura Municipal;-25,74991;-53,05351;2025-03-17 06:10:00.0;0,00
DOIS VIZINHOS;410720701A;PR;Prefeitura Municipal;-25,74991;-53,05351;2025-03-17 07:10:00.0;0,00
DOIS VIZINHOS;410720701A;PR;Prefeitura Municipal;-25,74991;-53,05351;2025-03-17 08:10:00.0;0,00
DOIS VIZINHOS;410720701A;PR;Prefeitura Municipal;-25,74991;-53,05351;2025-03-17 09:10:00.0;0,00
DOIS VIZINHOS;410720701A;PR;Prefeitura Municipal;-25,74991;-53,05351;2025-03-17 10:10:00.0;0,00
DOIS VIZINHOS;410720701A;PR;Prefeitura Municipal;-25,74991;-53,05351;2025-03-17 11:10:00.0;0,00
DOIS VIZINHOS;410720701A;PR;Prefeitura Municipal;-25,74991;-53,05351;2025-03-17 12:10:00.0;0,00
DOIS VIZINHOS;410720701A;PR;Prefeitura Municipal;-25,74991;-53,05351;2025-03-17 13:10:00.0;0,00
DOIS VIZINHOS;410720701A;PR;Prefeitura Municipal;-25,74991;-53,05351;2025-03-17 14:10:00.0;0,00
DOIS VIZINHOS;410720701A;PR;Prefeitura Municipal;-25,74991;-53,05351;2025-03-17 15:10:00.0;0,00
DOIS VIZINHOS;410720701A;PR;Prefeitura Municipal;-25,74991;-53,05351;2025-03-17 16:10:00.0;0,00
DOIS VIZINHOS;410720701A;PR;Prefeitura Municipal;-25,74991;-53,05351;2025-03-17 17:10:00.0;0,00
DOIS VIZINHOS;410720701A;PR;Prefeitura Municipal;-25,74991;-53,05351;2025-03-17 18:20:00.0;0,00
DOIS VIZINHOS;410720701A;PR;Prefeitura Municipal;-25,74991;-53,05351;2025-03-17 19:30:00.0;0,00
DOIS VIZINHOS;410720701A;PR;Prefeitura Municipal;-25,74991;-53,05351;2025-03-17 20:10:00.0;0,00
DOIS VIZINHOS;410720701A;PR;Prefeitura Municipal;-25,74991;-53,05351;2025-03-17 21:10:00.0;0,00
DOIS VIZINHOS;410720701A;PR;Prefeitura Municipal;-25,74991;-53,05351;2025-03-17 22:10:00.0;0,00
DOIS VIZINHOS;410720701A;PR;Prefeitura Municipal;-25,74991;-53,05351;2025-03-18 00:10:00.0;0,00
DOIS VIZINHOS;410720701A;PR;Prefeitura Municipal;-25,74991;-53,05351;2025-03-18 01:10:00.0;0,00
DOIS VIZINHOS;410720701A;PR;Prefeitura Municipal;-25,74991;-53,05351;2025-03-18 02:10:00.0;0,00
DOIS VIZINHOS;410720701A;PR;Prefeitura Municipal;-25,74991;-53,05351;2025-03-18 03:10:00.0;0,00
DOIS VIZINHOS;410720701A;PR;Prefeitura Municipal;-25,74991;-53,05351;2025-03-18 04:10:00.0;0,00
DOIS VIZINHOS;410720701A;PR;Prefeitura Municipal;-25,74991;-53,05351;2025-03-18 05:10:00.0;0,00
DOIS VIZINHOS;410720701A;PR;Prefeitura Municipal;-25,74991;-53,05351;2025-03-18 06:10:00.0;0,00
DOIS VIZINHOS;410720701A;PR;Prefeitura Municipal;-25,74991;-53,05351;2025-03-18 07:10:00.0;0,00
DOIS VIZINHOS;410720701A;PR;Prefeitura Municipal;-25,74991;-53,05351;2025-03-18 08:10:00.0;0,00
DOIS VIZINHOS;410720701A;PR;Prefeitura Municipal;-25,74991;-53,05351;2025-03-18 09:10:00.0;0,00
DOIS VIZINHOS;410720701A;PR;Prefeitura Municipal;-25,74991;-53,05351;2025-03-18 10:10:00.0;0,00
DOIS VIZINHOS;410720701A;PR;Prefeitura Municipal;-25,74991;-53,05351;2025-03-18 11:10:00.0;0,00
DOIS VIZINHOS;410720701A;PR;Prefeitura Municipal;-25,74991;-53,05351;2025-03-18 12:10:00.0;0,00
DOIS VIZINHOS;410720701A;PR;Prefeitura Municipal;-25,74991;-53,05351;2025-03-18 13:10:00.0;0,00
DOIS VIZINHOS;410720701A;PR;Prefeitura Municipal;-25,74991;-53,05351;2025-03-18 14:10:00.0;0,00
DOIS VIZINHOS;410720701A;PR;Prefeitura Municipal;-25,74991;-53,05351;2025-03-18 15:10:00.0;0,00
DOIS VIZINHOS;410720701A;PR;Prefeitura Municipal;-25,74991;-53,05351;2025-03-18 16:10:00.0;0,00
DOIS VIZINHOS;410720701A;PR;Prefeitura Municipal;-25,74991;-53,05351;2025-03-18 17:10:00.0;0,00
DOIS VIZINHOS;410720701A;PR;Prefeitura Municipal;-25,74991;-53,05351;2025-03-18 18:00:00.0;3,20
DOIS VIZINHOS;410720701A;PR;Prefeitura Municipal;-25,74991;-53,05351;2025-03-18 18:10:00.0;7,20
DOIS VIZINHOS;410720701A;PR;Prefeitura Municipal;-25,74991;-53,05351;2025-03-18 18:20:00.0;2,80
DOIS VIZINHOS;410720701A;PR;Prefeitura Municipal;-25,74991;-53,05351;2025-03-18 18:30:00.0;0,60
DOIS VIZINHOS;410720701A;PR;Prefeitura Municipal;-25,74991;-53,05351;2025-03-18 18:40:00.0;0,40
DOIS VIZINHOS;410720701A;PR;Prefeitura Municipal;-25,74991;-53,05351;2025-03-18 18:50:00.0;0,60
DOIS VIZINHOS;410720701A;PR;Prefeitura Municipal;-25,74991;-53,05351;2025-03-18 19:00:00.0;0,20
DOIS VIZINHOS;410720701A;PR;Prefeitura Municipal;-25,74991;-53,05351;2025-03-18 19:10:00.0;1,00
DOIS VIZINHOS;410720701A;PR;Prefeitura Municipal;-25,74991;-53,05351;2025-03-18 19:20:00.0;1,40
DOIS VIZINHOS;410720701A;PR;Prefeitura Municipal;-25,74991;-53,05351;2025-03-18 19:30:00.0;0,40
DOIS VIZINHOS;410720701A;PR;Prefeitura Municipal;-25,74991;-53,05351;2025-03-18 19:40:00.0;0,20
DOIS VIZINHOS;410720701A;PR;Prefeitura Municipal;-25,74991;-53,05351;2025-03-18 19:50:00.0;0,20
DOIS VIZINHOS;410720701A;PR;Prefeitura Municipal;-25,74991;-53,05351;2025-03-18 20:10:00.0;0,00
DOIS VIZINHOS;410720701A;PR;Prefeitura Municipal;-25,74991;-53,05351;2025-03-18 21:10:00.0;0,00
DOIS VIZINHOS;410720701A;PR;Prefeitura Municipal;-25,74991;-53,05351;2025-03-18 22:10:00.0;0,00
DOIS VIZINHOS;410720701A;PR;Prefeitura Municipal;-25,74991;-53,05351;2025-03-18 23:10:00.0;0,00
DOIS VIZINHOS;410720701A;PR;Prefeitura Municipal;-25,74991;-53,05351;2025-03-19 00:10:00.0;0,00
DOIS VIZINHOS;410720701A;PR;Prefeitura Municipal;-25,74991;-53,05351;2025-03-19 01:10:00.0;0,00
DOIS VIZINHOS;410720701A;PR;Prefeitura Municipal;-25,74991;-53,05351;2025-03-19 02:10:00.0;0,00
DOIS VIZINHOS;410720701A;PR;Prefeitura Municipal;-25,74991;-53,05351;2025-03-19 03:10:00.0;0,00
DOIS VIZINHOS;410720701A;PR;Prefeitura Municipal;-25,74991;-53,05351;2025-03-19 04:10:00.0;0,00
DOIS VIZINHOS;410720701A;PR;Prefeitura Municipal;-25,74991;-53,05351;2025-03-19 05:10:00.0;0,00
DOIS VIZINHOS;410720701A;PR;Prefeitura Municipal;-25,74991;-53,05351;2025-03-19 06:10:00.0;0,00
DOIS VIZINHOS;410720701A;PR;Prefeitura Municipal;-25,74991;-53,05351;2025-03-19 07:10:00.0;0,00
DOIS VIZINHOS;410720701A;PR;Prefeitura Municipal;-25,74991;-53,05351;2025-03-19 07:30:00.0;0,20
DOIS VIZINHOS;410720701A;PR;Prefeitura Municipal;-25,74991;-53,05351;2025-03-19 08:10:00.0;0,00
DOIS VIZINHOS;410720701A;PR;Prefeitura Municipal;-25,74991;-53,05351;2025-03-19 09:10:00.0;0,00
DOIS VIZINHOS;410720701A;PR;Prefeitura Municipal;-25,74991;-53,05351;2025-03-19 10:10:00.0;0,00
DOIS VIZINHOS;410720701A;PR;Prefeitura Municipal;-25,74991;-53,05351;2025-03-19 11:10:00.0;0,00
DOIS VIZINHOS;410720701A;PR;Prefeitura Municipal;-25,74991;-53,05351;2025-03-19 12:10:00.0;0,00
DOIS VIZINHOS;410720701A;PR;Prefeitura Municipal;-25,74991;-53,05351;2025-03-19 13:10:00.0;0,00
DOIS VIZINHOS;410720701A;PR;Prefeitura Municipal;-25,74991;-53,05351;2025-03-19 14:10:00.0;0,00
DOIS VIZINHOS;410720701A;PR;Prefeitura Municipal;-25,74991;-53,05351;2025-03-19 15:10:00.0;0,20
DOIS VIZINHOS;410720701A;PR;Prefeitura Municipal;-25,74991;-53,05351;2025-03-19 16:10:00.0;0,00
DOIS VIZINHOS;410720701A;PR;Prefeitura Municipal;-25,74991;-53,05351;2025-03-19 17:10:00.0;0,00
DOIS VIZINHOS;410720701A;PR;Prefeitura Municipal;-25,74991;-53,05351;2025-03-19 18:10:00.0;0,00
DOIS VIZINHOS;410720701A;PR;Prefeitura Municipal;-25,74991;-53,05351;2025-03-19 19:10:00.0;0,00
DOIS VIZINHOS;410720701A;PR;Prefeitura Municipal;-25,74991;-53,05351;2025-03-19 20:10:00.0;0,00
DOIS VIZINHOS;410720701A;PR;Prefeitura Municipal;-25,74991;-53,05351;2025-03-19 21:10:00.0;0,00
DOIS VIZINHOS;410720701A;PR;Prefeitura Municipal;-25,74991;-53,05351;2025-03-19 22:10:00.0;0,00
DOIS VIZINHOS;410720701A;PR;Prefeitura Municipal;-25,74991;-53,05351;2025-03-19 23:10:00.0;0,00
DOIS VIZINHOS;410720701A;PR;Prefeitura Municipal;-25,74991;-53,05351;2025-03-20 00:10:00.0;0,00
DOIS VIZINHOS;410720701A;PR;Prefeitura Municipal;-25,74991;-53,05351;2025-03-20 01:10:00.0;0,00
DOIS VIZINHOS;410720701A;PR;Prefeitura Municipal;-25,74991;-53,05351;2025-03-20 02:10:00.0;0,00
DOIS VIZINHOS;410720701A;PR;Prefeitura Municipal;-25,74991;-53,05351;2025-03-20 03:10:00.0;0,00
DOIS VIZINHOS;410720701A;PR;Prefeitura Municipal;-25,74991;-53,05351;2025-03-20 04:10:00.0;0,00
DOIS VIZINHOS;410720701A;PR;Prefeitura Municipal;-25,74991;-53,05351;2025-03-20 05:10:00.0;0,00
DOIS VIZINHOS;410720701A;PR;Prefeitura Municipal;-25,74991;-53,05351;2025-03-20 06:10:00.0;0,00
DOIS VIZINHOS;410720701A;PR;Prefeitura Municipal;-25,74991;-53,05351;2025-03-20 07:10:00.0;0,00
DOIS VIZINHOS;410720701A;PR;Prefeitura Municipal;-25,74991;-53,05351;2025-03-20 08:10:00.0;0,00
DOIS VIZINHOS;410720701A;PR;Prefeitura Municipal;-25,74991;-53,05351;2025-03-20 09:10:00.0;0,00
DOIS VIZINHOS;410720701A;PR;Prefeitura Municipal;-25,74991;-53,05351;2025-03-20 10:10:00.0;0,00
DOIS VIZINHOS;410720701A;PR;Prefeitura Municipal;-25,74991;-53,05351;2025-03-20 11:10:00.0;0,00
DOIS VIZINHOS;410720701A;PR;Prefeitura Municipal;-25,74991;-53,05351;2025-03-20 12:10:00.0;0,00
DOIS VIZINHOS;410720701A;PR;Prefeitura Municipal;-25,74991;-53,05351;2025-03-20 13:10:00.0;0,00
DOIS VIZINHOS;410720701A;PR;Prefeitura Municipal;-25,74991;-53,05351;2025-03-20 14:10:00.0;0,00
DOIS VIZINHOS;410720701A;PR;Prefeitura Municipal;-25,74991;-53,05351;2025-03-20 15:10:00.0;0,00
DOIS VIZINHOS;410720701A;PR;Prefeitura Municipal;-25,74991;-53,05351;2025-03-20 16:10:00.0;0,00
DOIS VIZINHOS;410720701A;PR;Prefeitura Municipal;-25,74991;-53,05351;2025-03-20 17:10:00.0;0,00
DOIS VIZINHOS;410720701A;PR;Prefeitura Municipal;-25,74991;-53,05351;2025-03-20 18:10:00.0;0,00
DOIS VIZINHOS;410720701A;PR;Prefeitura Municipal;-25,74991;-53,05351;2025-03-20 19:10:00.0;0,00
DOIS VIZINHOS;410720701A;PR;Prefeitura Municipal;-25,74991;-53,05351;2025-03-20 20:10:00.0;0,00
DOIS VIZINHOS;410720701A;PR;Prefeitura Municipal;-25,74991;-53,05351;2025-03-20 21:10:00.0;0,00
DOIS VIZINHOS;410720701A;PR;Prefeitura Municipal;-25,74991;-53,05351;2025-03-20 22:10:00.0;0,00
DOIS VIZINHOS;410720701A;PR;Prefeitura Municipal;-25,74991;-53,05351;2025-03-20 23:10:00.0;0,00
DOIS VIZINHOS;410720701A;PR;Prefeitura Municipal;-25,74991;-53,05351;2025-03-21 00:10:00.0;0,00
DOIS VIZINHOS;410720701A;PR;Prefeitura Municipal;-25,74991;-53,05351;2025-03-21 01:10:00.0;0,00
DOIS VIZINHOS;410720701A;PR;Prefeitura Municipal;-25,74991;-53,05351;2025-03-21 02:20:00.0;0,00
DOIS VIZINHOS;410720701A;PR;Prefeitura Municipal;-25,74991;-53,05351;2025-03-21 03:10:00.0;0,00
DOIS VIZINHOS;410720701A;PR;Prefeitura Municipal;-25,74991;-53,05351;2025-03-21 04:10:00.0;0,00
DOIS VIZINHOS;410720701A;PR;Prefeitura Municipal;-25,74991;-53,05351;2025-03-21 05:10:00.0;0,00
DOIS VIZINHOS;410720701A;PR;Prefeitura Municipal;-25,74991;-53,05351;2025-03-21 06:10:00.0;0,00
DOIS VIZINHOS;410720701A;PR;Prefeitura Municipal;-25,74991;-53,05351;2025-03-21 07:10:00.0;0,00
DOIS VIZINHOS;410720701A;PR;Prefeitura Municipal;-25,74991;-53,05351;2025-03-21 08:10:00.0;0,00
DOIS VIZINHOS;410720701A;PR;Prefeitura Municipal;-25,74991;-53,05351;2025-03-21 09:10:00.0;0,00
DOIS VIZINHOS;410720701A;PR;Prefeitura Municipal;-25,74991;-53,05351;2025-03-21 10:10:00.0;0,00
DOIS VIZINHOS;410720701A;PR;Prefeitura Municipal;-25,74991;-53,05351;2025-03-21 11:10:00.0;0,00
DOIS VIZINHOS;410720701A;PR;Prefeitura Municipal;-25,74991;-53,05351;2025-03-21 12:10:00.0;0,00
DOIS VIZINHOS;410720701A;PR;Prefeitura Municipal;-25,74991;-53,05351;2025-03-21 13:10:00.0;0,00
DOIS VIZINHOS;410720701A;PR;Prefeitura Municipal;-25,74991;-53,05351;2025-03-21 14:10:00.0;0,00
DOIS VIZINHOS;410720701A;PR;Prefeitura Municipal;-25,74991;-53,05351;2025-03-21 15:10:00.0;0,00
DOIS VIZINHOS;410720701A;PR;Prefeitura Municipal;-25,74991;-53,05351;2025-03-21 16:10:00.0;0,00
DOIS VIZINHOS;410720701A;PR;Prefeitura Municipal;-25,74991;-53,05351;2025-03-21 17:10:00.0;0,00
DOIS VIZINHOS;410720701A;PR;Prefeitura Municipal;-25,74991;-53,05351;2025-03-21 18:10:00.0;0,00
DOIS VIZINHOS;410720701A;PR;Prefeitura Municipal;-25,74991;-53,05351;2025-03-21 19:10:00.0;0,00
DOIS VIZINHOS;410720701A;PR;Prefeitura Municipal;-25,74991;-53,05351;2025-03-21 20:10:00.0;0,00
DOIS VIZINHOS;410720701A;PR;Prefeitura Municipal;-25,74991;-53,05351;2025-03-21 21:10:00.0;0,00
DOIS VIZINHOS;410720701A;PR;Prefeitura Municipal;-25,74991;-53,05351;2025-03-21 22:10:00.0;0,00
DOIS VIZINHOS;410720701A;PR;Prefeitura Municipal;-25,74991;-53,05351;2025-03-21 23:10:00.0;0,00
DOIS VIZINHOS;410720701A;PR;Prefeitura Municipal;-25,74991;-53,05351;2025-03-22 00:10:00.0;0,00
DOIS VIZINHOS;410720701A;PR;Prefeitura Municipal;-25,74991;-53,05351;2025-03-22 01:10:00.0;0,00
DOIS VIZINHOS;410720701A;PR;Prefeitura Municipal;-25,74991;-53,05351;2025-03-22 02:10:00.0;0,00
DOIS VIZINHOS;410720701A;PR;Prefeitura Municipal;-25,74991;-53,05351;2025-03-22 03:10:00.0;0,00
DOIS VIZINHOS;410720701A;PR;Prefeitura Municipal;-25,74991;-53,05351;2025-03-22 04:10:00.0;0,00
DOIS VIZINHOS;410720701A;PR;Prefeitura Municipal;-25,74991;-53,05351;2025-03-22 05:10:00.0;0,00
DOIS VIZINHOS;410720701A;PR;Prefeitura Municipal;-25,74991;-53,05351;2025-03-22 06:10:00.0;0,00
DOIS VIZINHOS;410720701A;PR;Prefeitura Municipal;-25,74991;-53,05351;2025-03-22 07:10:00.0;0,00
DOIS VIZINHOS;410720701A;PR;Prefeitura Municipal;-25,74991;-53,05351;2025-03-22 08:10:00.0;0,00
DOIS VIZINHOS;410720701A;PR;Prefeitura Municipal;-25,74991;-53,05351;2025-03-22 09:10:00.0;0,00
DOIS VIZINHOS;410720701A;PR;Prefeitura Municipal;-25,74991;-53,05351;2025-03-22 10:10:00.0;0,00
DOIS VIZINHOS;410720701A;PR;Prefeitura Municipal;-25,74991;-53,05351;2025-03-22 11:10:00.0;0,00
DOIS VIZINHOS;410720701A;PR;Prefeitura Municipal;-25,74991;-53,05351;2025-03-22 12:10:00.0;0,00
DOIS VIZINHOS;410720701A;PR;Prefeitura Municipal;-25,74991;-53,05351;2025-03-22 13:10:00.0;0,00
DOIS VIZINHOS;410720701A;PR;Prefeitura Municipal;-25,74991;-53,05351;2025-03-22 14:10:00.0;0,00
DOIS VIZINHOS;410720701A;PR;Prefeitura Municipal;-25,74991;-53,05351;2025-03-22 15:10:00.0;0,00
DOIS VIZINHOS;410720701A;PR;Prefeitura Municipal;-25,74991;-53,05351;2025-03-22 16:10:00.0;0,00
DOIS VIZINHOS;410720701A;PR;Prefeitura Municipal;-25,74991;-53,05351;2025-03-22 17:10:00.0;0,00
DOIS VIZINHOS;410720701A;PR;Prefeitura Municipal;-25,74991;-53,05351;2025-03-22 18:10:00.0;0,00
DOIS VIZINHOS;410720701A;PR;Prefeitura Municipal;-25,74991;-53,05351;2025-03-22 19:10:00.0;0,00
DOIS VIZINHOS;410720701A;PR;Prefeitura Municipal;-25,74991;-53,05351;2025-03-22 20:10:00.0;0,00
DOIS VIZINHOS;410720701A;PR;Prefeitura Municipal;-25,74991;-53,05351;2025-03-22 21:10:00.0;0,00
DOIS VIZINHOS;410720701A;PR;Prefeitura Municipal;-25,74991;-53,05351;2025-03-22 22:10:00.0;0,00
DOIS VIZINHOS;410720701A;PR;Prefeitura Municipal;-25,74991;-53,05351;2025-03-22 23:10:00.0;0,00
DOIS VIZINHOS;410720701A;PR;Prefeitura Municipal;-25,74991;-53,05351;2025-03-23 00:10:00.0;0,00
DOIS VIZINHOS;410720701A;PR;Prefeitura Municipal;-25,74991;-53,05351;2025-03-23 01:10:00.0;0,00
DOIS VIZINHOS;410720701A;PR;Prefeitura Municipal;-25,74991;-53,05351;2025-03-23 02:10:00.0;0,00
DOIS VIZINHOS;410720701A;PR;Prefeitura Municipal;-25,74991;-53,05351;2025-03-23 03:10:00.0;0,00
DOIS VIZINHOS;410720701A;PR;Prefeitura Municipal;-25,74991;-53,05351;2025-03-23 04:10:00.0;0,00
DOIS VIZINHOS;410720701A;PR;Prefeitura Municipal;-25,74991;-53,05351;2025-03-23 05:10:00.0;0,00
DOIS VIZINHOS;410720701A;PR;Prefeitura Municipal;-25,74991;-53,05351;2025-03-23 06:10:00.0;0,00
DOIS VIZINHOS;410720701A;PR;Prefeitura Municipal;-25,74991;-53,05351;2025-03-23 07:10:00.0;0,00
DOIS VIZINHOS;410720701A;PR;Prefeitura Municipal;-25,74991;-53,05351;2025-03-23 08:10:00.0;0,00
DOIS VIZINHOS;410720701A;PR;Prefeitura Municipal;-25,74991;-53,05351;2025-03-23 09:10:00.0;0,00
DOIS VIZINHOS;410720701A;PR;Prefeitura Municipal;-25,74991;-53,05351;2025-03-23 10:10:00.0;0,00
DOIS VIZINHOS;410720701A;PR;Prefeitura Municipal;-25,74991;-53,05351;2025-03-23 11:00:00.0;3,00
DOIS VIZINHOS;410720701A;PR;Prefeitura Municipal;-25,74991;-53,05351;2025-03-23 11:10:00.0;4,80
DOIS VIZINHOS;410720701A;PR;Prefeitura Municipal;-25,74991;-53,05351;2025-03-23 11:20:00.0;2,40
DOIS VIZINHOS;410720701A;PR;Prefeitura Municipal;-25,74991;-53,05351;2025-03-23 11:30:00.0;1,20
DOIS VIZINHOS;410720701A;PR;Prefeitura Municipal;-25,74991;-53,05351;2025-03-23 12:10:00.0;0,20
DOIS VIZINHOS;410720701A;PR;Prefeitura Municipal;-25,74991;-53,05351;2025-03-23 13:10:00.0;0,00
DOIS VIZINHOS;410720701A;PR;Prefeitura Municipal;-25,74991;-53,05351;2025-03-23 14:10:00.0;0,00
DOIS VIZINHOS;410720701A;PR;Prefeitura Municipal;-25,74991;-53,05351;2025-03-23 15:10:00.0;0,00
DOIS VIZINHOS;410720701A;PR;Prefeitura Municipal;-25,74991;-53,05351;2025-03-23 16:10:00.0;0,00
DOIS VIZINHOS;410720701A;PR;Prefeitura Municipal;-25,74991;-53,05351;2025-03-23 17:10:00.0;0,00
DOIS VIZINHOS;410720701A;PR;Prefeitura Municipal;-25,74991;-53,05351;2025-03-23 18:10:00.0;0,00
DOIS VIZINHOS;410720701A;PR;Prefeitura Municipal;-25,74991;-53,05351;2025-03-23 19:10:00.0;0,00
DOIS VIZINHOS;410720701A;PR;Prefeitura Municipal;-25,74991;-53,05351;2025-03-23 20:10:00.0;0,00
DOIS VIZINHOS;410720701A;PR;Prefeitura Municipal;-25,74991;-53,05351;2025-03-23 21:10:00.0;0,00
DOIS VIZINHOS;410720701A;PR;Prefeitura Municipal;-25,74991;-53,05351;2025-03-23 22:10:00.0;0,00
DOIS VIZINHOS;410720701A;PR;Prefeitura Municipal;-25,74991;-53,05351;2025-03-23 23:10:00.0;0,00
DOIS VIZINHOS;410720701A;PR;Prefeitura Municipal;-25,74991;-53,05351;2025-03-24 00:10:00.0;0,00
DOIS VIZINHOS;410720701A;PR;Prefeitura Municipal;-25,74991;-53,05351;2025-03-24 01:10:00.0;0,00
DOIS VIZINHOS;410720701A;PR;Prefeitura Municipal;-25,74991;-53,05351;2025-03-24 02:10:00.0;0,00
DOIS VIZINHOS;410720701A;PR;Prefeitura Municipal;-25,74991;-53,05351;2025-03-24 03:10:00.0;0,00
DOIS VIZINHOS;410720701A;PR;Prefeitura Municipal;-25,74991;-53,05351;2025-03-24 04:10:00.0;0,00
DOIS VIZINHOS;410720701A;PR;Prefeitura Municipal;-25,74991;-53,05351;2025-03-24 05:10:00.0;0,00
DOIS VIZINHOS;410720701A;PR;Prefeitura Municipal;-25,74991;-53,05351;2025-03-24 06:10:00.0;0,00
DOIS VIZINHOS;410720701A;PR;Prefeitura Municipal;-25,74991;-53,05351;2025-03-24 07:10:00.0;0,00
DOIS VIZINHOS;410720701A;PR;Prefeitura Municipal;-25,74991;-53,05351;2025-03-24 08:10:00.0;0,00
DOIS VIZINHOS;410720701A;PR;Prefeitura Municipal;-25,74991;-53,05351;2025-03-24 09:10:00.0;0,00
DOIS VIZINHOS;410720701A;PR;Prefeitura Municipal;-25,74991;-53,05351;2025-03-24 10:10:00.0;0,00
DOIS VIZINHOS;410720701A;PR;Prefeitura Municipal;-25,74991;-53,05351;2025-03-24 11:10:00.0;0,00
DOIS VIZINHOS;410720701A;PR;Prefeitura Municipal;-25,74991;-53,05351;2025-03-24 12:10:00.0;0,00
DOIS VIZINHOS;410720701A;PR;Prefeitura Municipal;-25,74991;-53,05351;2025-03-24 13:10:00.0;0,00
DOIS VIZINHOS;410720701A;PR;Prefeitura Municipal;-25,74991;-53,05351;2025-03-24 14:10:00.0;0,00
DOIS VIZINHOS;410720701A;PR;Prefeitura Municipal;-25,74991;-53,05351;2025-03-24 15:10:00.0;0,00
DOIS VIZINHOS;410720701A;PR;Prefeitura Municipal;-25,74991;-53,05351;2025-03-24 16:10:00.0;0,00
DOIS VIZINHOS;410720701A;PR;Prefeitura Municipal;-25,74991;-53,05351;2025-03-24 17:10:00.0;0,00
DOIS VIZINHOS;410720701A;PR;Prefeitura Municipal;-25,74991;-53,05351;2025-03-24 18:10:00.0;0,00
DOIS VIZINHOS;410720701A;PR;Prefeitura Municipal;-25,74991;-53,05351;2025-03-24 19:10:00.0;0,00
DOIS VIZINHOS;410720701A;PR;Prefeitura Municipal;-25,74991;-53,05351;2025-03-24 20:10:00.0;0,00
DOIS VIZINHOS;410720701A;PR;Prefeitura Municipal;-25,74991;-53,05351;2025-03-24 21:10:00.0;0,00
DOIS VIZINHOS;410720701A;PR;Prefeitura Municipal;-25,74991;-53,05351;2025-03-24 22:10:00.0;0,00
DOIS VIZINHOS;410720701A;PR;Prefeitura Municipal;-25,74991;-53,05351;2025-03-24 23:10:00.0;0,00
DOIS VIZINHOS;410720701A;PR;Prefeitura Municipal;-25,74991;-53,05351;2025-03-25 00:10:00.0;0,00
DOIS VIZINHOS;410720701A;PR;Prefeitura Municipal;-25,74991;-53,05351;2025-03-25 01:10:00.0;0,00
DOIS VIZINHOS;410720701A;PR;Prefeitura Municipal;-25,74991;-53,05351;2025-03-25 02:10:00.0;0,00
DOIS VIZINHOS;410720701A;PR;Prefeitura Municipal;-25,74991;-53,05351;2025-03-25 03:10:00.0;0,00
DOIS VIZINHOS;410720701A;PR;Prefeitura Municipal;-25,74991;-53,05351;2025-03-25 04:10:00.0;0,00
DOIS VIZINHOS;410720701A;PR;Prefeitura Municipal;-25,74991;-53,05351;2025-03-25 05:10:00.0;0,00
DOIS VIZINHOS;410720701A;PR;Prefeitura Municipal;-25,74991;-53,05351;2025-03-25 06:10:00.0;0,00
DOIS VIZINHOS;410720701A;PR;Prefeitura Municipal;-25,74991;-53,05351;2025-03-25 07:10:00.0;0,00
DOIS VIZINHOS;410720701A;PR;Prefeitura Municipal;-25,74991;-53,05351;2025-03-25 08:10:00.0;0,00
DOIS VIZINHOS;410720701A;PR;Prefeitura Municipal;-25,74991;-53,05351;2025-03-25 11:30:00.0;0,00
DOIS VIZINHOS;410720701A;PR;Prefeitura Municipal;-25,74991;-53,05351;2025-03-25 12:10:00.0;0,00
DOIS VIZINHOS;410720701A;PR;Prefeitura Municipal;-25,74991;-53,05351;2025-03-25 13:10:00.0;0,00
DOIS VIZINHOS;410720701A;PR;Prefeitura Municipal;-25,74991;-53,05351;2025-03-25 14:10:00.0;0,00
DOIS VIZINHOS;410720701A;PR;Prefeitura Municipal;-25,74991;-53,05351;2025-03-25 16:10:00.0;0,00
DOIS VIZINHOS;410720701A;PR;Prefeitura Municipal;-25,74991;-53,05351;2025-03-25 18:00:00.0;0,00
DOIS VIZINHOS;410720701A;PR;Prefeitura Municipal;-25,74991;-53,05351;2025-03-25 18:10:00.0;0,00
DOIS VIZINHOS;410720701A;PR;Prefeitura Municipal;-25,74991;-53,05351;2025-03-25 20:10:00.0;0,00
DOIS VIZINHOS;410720701A;PR;Prefeitura Municipal;-25,74991;-53,05351;2025-03-25 21:10:00.0;0,20
DOIS VIZINHOS;410720701A;PR;Prefeitura Municipal;-25,74991;-53,05351;2025-03-25 21:20:00.0;0,20
DOIS VIZINHOS;410720701A;PR;Prefeitura Municipal;-25,74991;-53,05351;2025-03-25 21:30:00.0;0,20
DOIS VIZINHOS;410720701A;PR;Prefeitura Municipal;-25,74991;-53,05351;2025-03-25 22:00:00.0;0,20
DOIS VIZINHOS;410720701A;PR;Prefeitura Municipal;-25,74991;-53,05351;2025-03-25 22:10:00.0;0,00
DOIS VIZINHOS;410720701A;PR;Prefeitura Municipal;-25,74991;-53,05351;2025-03-26 00:40:00.0;0,00
DOIS VIZINHOS;410720701A;PR;Prefeitura Municipal;-25,74991;-53,05351;2025-03-26 01:20:00.0;0,00
DOIS VIZINHOS;410720701A;PR;Prefeitura Municipal;-25,74991;-53,05351;2025-03-26 02:10:00.0;0,00
DOIS VIZINHOS;410720701A;PR;Prefeitura Municipal;-25,74991;-53,05351;2025-03-26 03:10:00.0;0,00
DOIS VIZINHOS;410720701A;PR;Prefeitura Municipal;-25,74991;-53,05351;2025-03-26 04:10:00.0;0,00
DOIS VIZINHOS;410720701A;PR;Prefeitura Municipal;-25,74991;-53,05351;2025-03-26 05:10:00.0;0,00
DOIS VIZINHOS;410720701A;PR;Prefeitura Municipal;-25,74991;-53,05351;2025-03-26 06:10:00.0;0,00
DOIS VIZINHOS;410720701A;PR;Prefeitura Municipal;-25,74991;-53,05351;2025-03-26 07:10:00.0;0,00
DOIS VIZINHOS;410720701A;PR;Prefeitura Municipal;-25,74991;-53,05351;2025-03-26 08:10:00.0;0,00
DOIS VIZINHOS;410720701A;PR;Prefeitura Municipal;-25,74991;-53,05351;2025-03-26 09:10:00.0;0,00
DOIS VIZINHOS;410720701A;PR;Prefeitura Municipal;-25,74991;-53,05351;2025-03-26 10:10:00.0;0,00
DOIS VIZINHOS;410720701A;PR;Prefeitura Municipal;-25,74991;-53,05351;2025-03-26 11:10:00.0;0,00
DOIS VIZINHOS;410720701A;PR;Prefeitura Municipal;-25,74991;-53,05351;2025-03-26 12:20:00.0;0,00
DOIS VIZINHOS;410720701A;PR;Prefeitura Municipal;-25,74991;-53,05351;2025-03-26 13:10:00.0;0,00
DOIS VIZINHOS;410720701A;PR;Prefeitura Municipal;-25,74991;-53,05351;2025-03-26 14:20:00.0;0,00
DOIS VIZINHOS;410720701A;PR;Prefeitura Municipal;-25,74991;-53,05351;2025-03-26 16:00:00.0;0,00
DOIS VIZINHOS;410720701A;PR;Prefeitura Municipal;-25,74991;-53,05351;2025-03-26 16:10:00.0;0,00
DOIS VIZINHOS;410720701A;PR;Prefeitura Municipal;-25,74991;-53,05351;2025-03-26 17:10:00.0;0,00
DOIS VIZINHOS;410720701A;PR;Prefeitura Municipal;-25,74991;-53,05351;2025-03-26 18:10:00.0;0,00
DOIS VIZINHOS;410720701A;PR;Prefeitura Municipal;-25,74991;-53,05351;2025-03-26 19:50:00.0;0,00
DOIS VIZINHOS;410720701A;PR;Prefeitura Municipal;-25,74991;-53,05351;2025-03-26 20:10:00.0;0,00
DOIS VIZINHOS;410720701A;PR;Prefeitura Municipal;-25,74991;-53,05351;2025-03-26 21:10:00.0;0,00
DOIS VIZINHOS;410720701A;PR;Prefeitura Municipal;-25,74991;-53,05351;2025-03-26 22:40:00.0;0,00
DOIS VIZINHOS;410720701A;PR;Prefeitura Municipal;-25,74991;-53,05351;2025-03-26 23:10:00.0;0,00
DOIS VIZINHOS;410720701A;PR;Prefeitura Municipal;-25,74991;-53,05351;2025-03-27 00:10:00.0;0,00
DOIS VIZINHOS;410720701A;PR;Prefeitura Municipal;-25,74991;-53,05351;2025-03-27 01:10:00.0;0,00
DOIS VIZINHOS;410720701A;PR;Prefeitura Municipal;-25,74991;-53,05351;2025-03-27 02:10:00.0;0,00
DOIS VIZINHOS;410720701A;PR;Prefeitura Municipal;-25,74991;-53,05351;2025-03-27 03:10:00.0;0,00
DOIS VIZINHOS;410720701A;PR;Prefeitura Municipal;-25,74991;-53,05351;2025-03-27 04:10:00.0;0,00
DOIS VIZINHOS;410720701A;PR;Prefeitura Municipal;-25,74991;-53,05351;2025-03-27 05:10:00.0;0,00
DOIS VIZINHOS;410720701A;PR;Prefeitura Municipal;-25,74991;-53,05351;2025-03-27 06:10:00.0;0,00
DOIS VIZINHOS;410720701A;PR;Prefeitura Municipal;-25,74991;-53,05351;2025-03-27 07:10:00.0;0,00
DOIS VIZINHOS;410720701A;PR;Prefeitura Municipal;-25,74991;-53,05351;2025-03-27 08:10:00.0;0,00
DOIS VIZINHOS;410720701A;PR;Prefeitura Municipal;-25,74991;-53,05351;2025-03-27 09:10:00.0;0,00
DOIS VIZINHOS;410720701A;PR;Prefeitura Municipal;-25,74991;-53,05351;2025-03-27 10:10:00.0;0,00
DOIS VIZINHOS;410720701A;PR;Prefeitura Municipal;-25,74991;-53,05351;2025-03-27 11:10:00.0;0,00
DOIS VIZINHOS;410720701A;PR;Prefeitura Municipal;-25,74991;-53,05351;2025-03-27 12:10:00.0;0,00
DOIS VIZINHOS;410720701A;PR;Prefeitura Municipal;-25,74991;-53,05351;2025-03-27 13:10:00.0;0,00
DOIS VIZINHOS;410720701A;PR;Prefeitura Municipal;-25,74991;-53,05351;2025-03-27 14:10:00.0;0,00
DOIS VIZINHOS;410720701A;PR;Prefeitura Municipal;-25,74991;-53,05351;2025-03-27 15:10:00.0;0,00
DOIS VIZINHOS;410720701A;PR;Prefeitura Municipal;-25,74991;-53,05351;2025-03-27 16:10:00.0;0,00
DOIS VIZINHOS;410720701A;PR;Prefeitura Municipal;-25,74991;-53,05351;2025-03-27 17:10:00.0;0,00
DOIS VIZINHOS;410720701A;PR;Prefeitura Municipal;-25,74991;-53,05351;2025-03-27 18:10:00.0;0,00
DOIS VIZINHOS;410720701A;PR;Prefeitura Municipal;-25,74991;-53,05351;2025-03-27 19:10:00.0;0,00
DOIS VIZINHOS;410720701A;PR;Prefeitura Municipal;-25,74991;-53,05351;2025-03-27 20:10:00.0;0,00
DOIS VIZINHOS;410720701A;PR;Prefeitura Municipal;-25,74991;-53,05351;2025-03-27 21:10:00.0;0,00
DOIS VIZINHOS;410720701A;PR;Prefeitura Municipal;-25,74991;-53,05351;2025-03-27 22:10:00.0;0,00
DOIS VIZINHOS;410720701A;PR;Prefeitura Municipal;-25,74991;-53,05351;2025-03-27 23:10:00.0;0,00
DOIS VIZINHOS;410720701A;PR;Prefeitura Municipal;-25,74991;-53,05351;2025-03-28 00:10:00.0;0,00
DOIS VIZINHOS;410720701A;PR;Prefeitura Municipal;-25,74991;-53,05351;2025-03-28 01:10:00.0;0,00
DOIS VIZINHOS;410720701A;PR;Prefeitura Municipal;-25,74991;-53,05351;2025-03-28 02:00:00.0;0,80
DOIS VIZINHOS;410720701A;PR;Prefeitura Municipal;-25,74991;-53,05351;2025-03-28 02:10:00.0;3,80
DOIS VIZINHOS;410720701A;PR;Prefeitura Municipal;-25,74991;-53,05351;2025-03-28 02:20:00.0;1,40
DOIS VIZINHOS;410720701A;PR;Prefeitura Municipal;-25,74991;-53,05351;2025-03-28 02:30:00.0;0,80
DOIS VIZINHOS;410720701A;PR;Prefeitura Municipal;-25,74991;-53,05351;2025-03-28 02:40:00.0;0,80
DOIS VIZINHOS;410720701A;PR;Prefeitura Municipal;-25,74991;-53,05351;2025-03-28 02:50:00.0;2,60
DOIS VIZINHOS;410720701A;PR;Prefeitura Municipal;-25,74991;-53,05351;2025-03-28 03:00:00.0;8,60
DOIS VIZINHOS;410720701A;PR;Prefeitura Municipal;-25,74991;-53,05351;2025-03-28 03:10:00.0;7,80
DOIS VIZINHOS;410720701A;PR;Prefeitura Municipal;-25,74991;-53,05351;2025-03-28 03:20:00.0;4,40
DOIS VIZINHOS;410720701A;PR;Prefeitura Municipal;-25,74991;-53,05351;2025-03-28 03:30:00.0;1,80
DOIS VIZINHOS;410720701A;PR;Prefeitura Municipal;-25,74991;-53,05351;2025-03-28 03:40:00.0;0,80
DOIS VIZINHOS;410720701A;PR;Prefeitura Municipal;-25,74991;-53,05351;2025-03-28 03:50:00.0;1,00
DOIS VIZINHOS;410720701A;PR;Prefeitura Municipal;-25,74991;-53,05351;2025-03-28 04:00:00.0;1,60
DOIS VIZINHOS;410720701A;PR;Prefeitura Municipal;-25,74991;-53,05351;2025-03-28 04:10:00.0;0,80
DOIS VIZINHOS;410720701A;PR;Prefeitura Municipal;-25,74991;-53,05351;2025-03-28 04:20:00.0;0,60
DOIS VIZINHOS;410720701A;PR;Prefeitura Municipal;-25,74991;-53,05351;2025-03-28 04:30:00.0;0,60
DOIS VIZINHOS;410720701A;PR;Prefeitura Municipal;-25,74991;-53,05351;2025-03-28 04:40:00.0;0,40
DOIS VIZINHOS;410720701A;PR;Prefeitura Municipal;-25,74991;-53,05351;2025-03-28 05:10:00.0;0,00
DOIS VIZINHOS;410720701A;PR;Prefeitura Municipal;-25,74991;-53,05351;2025-03-28 06:10:00.0;0,00
DOIS VIZINHOS;410720701A;PR;Prefeitura Municipal;-25,74991;-53,05351;2025-03-28 06:40:00.0;0,20
DOIS VIZINHOS;410720701A;PR;Prefeitura Municipal;-25,74991;-53,05351;2025-03-28 07:10:00.0;0,00
DOIS VIZINHOS;410720701A;PR;Prefeitura Municipal;-25,74991;-53,05351;2025-03-28 08:10:00.0;0,00
DOIS VIZINHOS;410720701A;PR;Prefeitura Municipal;-25,74991;-53,05351;2025-03-28 09:10:00.0;0,00
DOIS VIZINHOS;410720701A;PR;Prefeitura Municipal;-25,74991;-53,05351;2025-03-28 10:10:00.0;0,00
DOIS VIZINHOS;410720701A;PR;Prefeitura Municipal;-25,74991;-53,05351;2025-03-28 11:10:00.0;0,00
DOIS VIZINHOS;410720701A;PR;Prefeitura Municipal;-25,74991;-53,05351;2025-03-28 12:10:00.0;0,00
DOIS VIZINHOS;410720701A;PR;Prefeitura Municipal;-25,74991;-53,05351;2025-03-28 13:10:00.0;0,00
DOIS VIZINHOS;410720701A;PR;Prefeitura Municipal;-25,74991;-53,05351;2025-03-28 14:10:00.0;0,00
DOIS VIZINHOS;410720701A;PR;Prefeitura Municipal;-25,74991;-53,05351;2025-03-28 15:10:00.0;0,00
DOIS VIZINHOS;410720701A;PR;Prefeitura Municipal;-25,74991;-53,05351;2025-03-28 16:10:00.0;0,00
DOIS VIZINHOS;410720701A;PR;Prefeitura Municipal;-25,74991;-53,05351;2025-03-28 17:10:00.0;0,00
DOIS VIZINHOS;410720701A;PR;Prefeitura Municipal;-25,74991;-53,05351;2025-03-28 18:10:00.0;0,00
DOIS VIZINHOS;410720701A;PR;Prefeitura Municipal;-25,74991;-53,05351;2025-03-28 19:10:00.0;0,00
DOIS VIZINHOS;410720701A;PR;Prefeitura Municipal;-25,74991;-53,05351;2025-03-28 20:10:00.0;0,00
DOIS VIZINHOS;410720701A;PR;Prefeitura Municipal;-25,74991;-53,05351;2025-03-28 21:10:00.0;0,00
DOIS VIZINHOS;410720701A;PR;Prefeitura Municipal;-25,74991;-53,05351;2025-03-28 22:10:00.0;0,00
DOIS VIZINHOS;410720701A;PR;Prefeitura Municipal;-25,74991;-53,05351;2025-03-28 23:10:00.0;0,00
DOIS VIZINHOS;410720701A;PR;Prefeitura Municipal;-25,74991;-53,05351;2025-03-29 00:10:00.0;0,00
DOIS VIZINHOS;410720701A;PR;Prefeitura Municipal;-25,74991;-53,05351;2025-03-29 01:10:00.0;0,00
DOIS VIZINHOS;410720701A;PR;Prefeitura Municipal;-25,74991;-53,05351;2025-03-29 02:10:00.0;0,00
DOIS VIZINHOS;410720701A;PR;Prefeitura Municipal;-25,74991;-53,05351;2025-03-29 03:10:00.0;0,00
DOIS VIZINHOS;410720701A;PR;Prefeitura Municipal;-25,74991;-53,05351;2025-03-29 04:10:00.0;0,00
DOIS VIZINHOS;410720701A;PR;Prefeitura Municipal;-25,74991;-53,05351;2025-03-29 05:10:00.0;0,00
DOIS VIZINHOS;410720701A;PR;Prefeitura Municipal;-25,74991;-53,05351;2025-03-29 06:10:00.0;0,00
DOIS VIZINHOS;410720701A;PR;Prefeitura Municipal;-25,74991;-53,05351;2025-03-29 07:10:00.0;0,00
DOIS VIZINHOS;410720701A;PR;Prefeitura Municipal;-25,74991;-53,05351;2025-03-29 08:10:00.0;0,00
DOIS VIZINHOS;410720701A;PR;Prefeitura Municipal;-25,74991;-53,05351;2025-03-29 09:10:00.0;0,00
DOIS VIZINHOS;410720701A;PR;Prefeitura Municipal;-25,74991;-53,05351;2025-03-29 10:10:00.0;0,00
DOIS VIZINHOS;410720701A;PR;Prefeitura Municipal;-25,74991;-53,05351;2025-03-29 11:10:00.0;0,00
DOIS VIZINHOS;410720701A;PR;Prefeitura Municipal;-25,74991;-53,05351;2025-03-29 11:40:00.0;7,80
DOIS VIZINHOS;410720701A;PR;Prefeitura Municipal;-25,74991;-53,05351;2025-03-29 11:50:00.0;5,60
DOIS VIZINHOS;410720701A;PR;Prefeitura Municipal;-25,74991;-53,05351;2025-03-29 12:00:00.0;1,20
DOIS VIZINHOS;410720701A;PR;Prefeitura Municipal;-25,74991;-53,05351;2025-03-29 12:10:00.0;0,40
DOIS VIZINHOS;410720701A;PR;Prefeitura Municipal;-25,74991;-53,05351;2025-03-29 13:10:00.0;0,00
DOIS VIZINHOS;410720701A;PR;Prefeitura Municipal;-25,74991;-53,05351;2025-03-29 14:10:00.0;0,00
DOIS VIZINHOS;410720701A;PR;Prefeitura Municipal;-25,74991;-53,05351;2025-03-29 14:20:00.0;0,20
DOIS VIZINHOS;410720701A;PR;Prefeitura Municipal;-25,74991;-53,05351;2025-03-29 14:30:00.0;0,20
DOIS VIZINHOS;410720701A;PR;Prefeitura Municipal;-25,74991;-53,05351;2025-03-29 15:00:00.0;0,20
DOIS VIZINHOS;410720701A;PR;Prefeitura Municipal;-25,74991;-53,05351;2025-03-29 15:10:00.0;0,00
DOIS VIZINHOS;410720701A;PR;Prefeitura Municipal;-25,74991;-53,05351;2025-03-29 15:20:00.0;0,20
DOIS VIZINHOS;410720701A;PR;Prefeitura Municipal;-25,74991;-53,05351;2025-03-29 16:10:00.0;0,00
DOIS VIZINHOS;410720701A;PR;Prefeitura Municipal;-25,74991;-53,05351;2025-03-29 17:10:00.0;0,00
DOIS VIZINHOS;410720701A;PR;Prefeitura Municipal;-25,74991;-53,05351;2025-03-29 18:10:00.0;0,00
DOIS VIZINHOS;410720701A;PR;Prefeitura Municipal;-25,74991;-53,05351;2025-03-29 19:10:00.0;0,00
DOIS VIZINHOS;410720701A;PR;Prefeitura Municipal;-25,74991;-53,05351;2025-03-29 20:10:00.0;0,00
DOIS VIZINHOS;410720701A;PR;Prefeitura Municipal;-25,74991;-53,05351;2025-03-29 21:10:00.0;0,00
DOIS VIZINHOS;410720701A;PR;Prefeitura Municipal;-25,74991;-53,05351;2025-03-29 22:10:00.0;0,00
DOIS VIZINHOS;410720701A;PR;Prefeitura Municipal;-25,74991;-53,05351;2025-03-29 23:10:00.0;0,00
DOIS VIZINHOS;410720701A;PR;Prefeitura Municipal;-25,74991;-53,05351;2025-03-30 00:10:00.0;0,00
DOIS VIZINHOS;410720701A;PR;Prefeitura Municipal;-25,74991;-53,05351;2025-03-30 01:10:00.0;0,00
DOIS VIZINHOS;410720701A;PR;Prefeitura Municipal;-25,74991;-53,05351;2025-03-30 02:10:00.0;0,00
DOIS VIZINHOS;410720701A;PR;Prefeitura Municipal;-25,74991;-53,05351;2025-03-30 03:10:00.0;0,00
DOIS VIZINHOS;410720701A;PR;Prefeitura Municipal;-25,74991;-53,05351;2025-03-30 04:10:00.0;0,00
DOIS VIZINHOS;410720701A;PR;Prefeitura Municipal;-25,74991;-53,05351;2025-03-30 05:10:00.0;0,00
DOIS VIZINHOS;410720701A;PR;Prefeitura Municipal;-25,74991;-53,05351;2025-03-30 06:10:00.0;0,00
DOIS VIZINHOS;410720701A;PR;Prefeitura Municipal;-25,74991;-53,05351;2025-03-30 07:10:00.0;0,00
DOIS VIZINHOS;410720701A;PR;Prefeitura Municipal;-25,74991;-53,05351;2025-03-30 08:10:00.0;0,00
DOIS VIZINHOS;410720701A;PR;Prefeitura Municipal;-25,74991;-53,05351;2025-03-30 09:10:00.0;0,00
DOIS VIZINHOS;410720701A;PR;Prefeitura Municipal;-25,74991;-53,05351;2025-03-30 10:10:00.0;0,00
DOIS VIZINHOS;410720701A;PR;Prefeitura Municipal;-25,74991;-53,05351;2025-03-30 11:10:00.0;0,00
DOIS VIZINHOS;410720701A;PR;Prefeitura Municipal;-25,74991;-53,05351;2025-03-30 12:10:00.0;0,00
DOIS VIZINHOS;410720701A;PR;Prefeitura Municipal;-25,74991;-53,05351;2025-03-30 13:10:00.0;0,00
DOIS VIZINHOS;410720701A;PR;Prefeitura Municipal;-25,74991;-53,05351;2025-03-30 14:10:00.0;0,00
DOIS VIZINHOS;410720701A;PR;Prefeitura Municipal;-25,74991;-53,05351;2025-03-30 15:10:00.0;0,00
DOIS VIZINHOS;410720701A;PR;Prefeitura Municipal;-25,74991;-53,05351;2025-03-30 16:10:00.0;0,00
DOIS VIZINHOS;410720701A;PR;Prefeitura Municipal;-25,74991;-53,05351;2025-03-30 17:10:00.0;0,00
DOIS VIZINHOS;410720701A;PR;Prefeitura Municipal;-25,74991;-53,05351;2025-03-30 18:10:00.0;0,00
DOIS VIZINHOS;410720701A;PR;Prefeitura Municipal;-25,74991;-53,05351;2025-03-30 19:10:00.0;0,00
DOIS VIZINHOS;410720701A;PR;Prefeitura Municipal;-25,74991;-53,05351;2025-03-30 20:10:00.0;0,00
DOIS VIZINHOS;410720701A;PR;Prefeitura Municipal;-25,74991;-53,05351;2025-03-30 21:10:00.0;0,00
DOIS VIZINHOS;410720701A;PR;Prefeitura Municipal;-25,74991;-53,05351;2025-03-30 22:10:00.0;0,00
DOIS VIZINHOS;410720701A;PR;Prefeitura Municipal;-25,74991;-53,05351;2025-03-30 23:10:00.0;0,00
DOIS VIZINHOS;410720701A;PR;Prefeitura Municipal;-25,74991;-53,05351;2025-03-31 00:10:00.0;0,00
DOIS VIZINHOS;410720701A;PR;Prefeitura Municipal;-25,74991;-53,05351;2025-03-31 01:10:00.0;0,00
DOIS VIZINHOS;410720701A;PR;Prefeitura Municipal;-25,74991;-53,05351;2025-03-31 02:10:00.0;0,00
DOIS VIZINHOS;410720701A;PR;Prefeitura Municipal;-25,74991;-53,05351;2025-03-31 03:10:00.0;0,00
DOIS VIZINHOS;410720701A;PR;Prefeitura Municipal;-25,74991;-53,05351;2025-03-31 04:10:00.0;0,00
DOIS VIZINHOS;410720701A;PR;Prefeitura Municipal;-25,74991;-53,05351;2025-03-31 05:10:00.0;0,00
DOIS VIZINHOS;410720701A;PR;Prefeitura Municipal;-25,74991;-53,05351;2025-03-31 06:10:00.0;0,00
DOIS VIZINHOS;410720701A;PR;Prefeitura Municipal;-25,74991;-53,05351;2025-03-31 07:10:00.0;0,00
DOIS VIZINHOS;410720701A;PR;Prefeitura Municipal;-25,74991;-53,05351;2025-03-31 08:10:00.0;0,00
DOIS VIZINHOS;410720701A;PR;Prefeitura Municipal;-25,74991;-53,05351;2025-03-31 09:10:00.0;0,00
DOIS VIZINHOS;410720701A;PR;Prefeitura Municipal;-25,74991;-53,05351;2025-03-31 10:10:00.0;0,00
DOIS VIZINHOS;410720701A;PR;Prefeitura Municipal;-25,74991;-53,05351;2025-03-31 11:10:00.0;0,00
DOIS VIZINHOS;410720701A;PR;Prefeitura Municipal;-25,74991;-53,05351;2025-03-31 12:10:00.0;0,00
DOIS VIZINHOS;410720701A;PR;Prefeitura Municipal;-25,74991;-53,05351;2025-03-31 13:10:00.0;0,00
DOIS VIZINHOS;410720701A;PR;Prefeitura Municipal;-25,74991;-53,05351;2025-03-31 14:10:00.0;0,00
DOIS VIZINHOS;410720701A;PR;Prefeitura Municipal;-25,74991;-53,05351;2025-03-31 15:10:00.0;0,00
DOIS VIZINHOS;410720701A;PR;Prefeitura Municipal;-25,74991;-53,05351;2025-03-31 16:10:00.0;0,00
DOIS VIZINHOS;410720701A;PR;Prefeitura Municipal;-25,74991;-53,05351;2025-03-31 17:10:00.0;0,00
DOIS VIZINHOS;410720701A;PR;Prefeitura Municipal;-25,74991;-53,05351;2025-03-31 18:10:00.0;0,00
DOIS VIZINHOS;410720701A;PR;Prefeitura Municipal;-25,74991;-53,05351;2025-03-31 19:10:00.0;0,00
DOIS VIZINHOS;410720701A;PR;Prefeitura Municipal;-25,74991;-53,05351;2025-03-31 20:10:00.0;0,00
DOIS VIZINHOS;410720701A;PR;Prefeitura Municipal;-25,74991;-53,05351;2025-03-31 21:10:00.0;0,00
DOIS VIZINHOS;410720701A;PR;Prefeitura Municipal;-25,74991;-53,05351;2025-03-31 22:10:00.0;0,00
DOIS VIZINHOS;410720701A;PR;Prefeitura Municipal;-25,74991;-53,05351;2025-03-31 22:30:00.0;1,80
DOIS VIZINHOS;410720701A;PR;Prefeitura Municipal;-25,74991;-53,05351;2025-03-31 22:40:00.0;0,60
DOIS VIZINHOS;410720701A;PR;Prefeitura Municipal;-25,74991;-53,05351;2025-03-31 23:00:00.0;0,20
DOIS VIZINHOS;410720701A;PR;Prefeitura Municipal;-25,74991;-53,05351;2025-03-31 23:10:00.0;0,00
FOZ DO IGUAÇU;410830401A;PR;Porto Belo;-25,47005;-54,58558;2025-03-01 00:00:00.0;0,00
FOZ DO IGUAÇU;410830401A;PR;Porto Belo;-25,47005;-54,58558;2025-03-01 00:10:00.0;0,00
FOZ DO IGUAÇU;410830401A;PR;Porto Belo;-25,47005;-54,58558;2025-03-01 01:00:00.0;0,00
FOZ DO IGUAÇU;410830401A;PR;Porto Belo;-25,47005;-54,58558;2025-03-01 02:00:00.0;0,00
FOZ DO IGUAÇU;410830401A;PR;Porto Belo;-25,47005;-54,58558;2025-03-01 03:00:00.0;0,00
FOZ DO IGUAÇU;410830401A;PR;Porto Belo;-25,47005;-54,58558;2025-03-01 04:00:00.0;0,00
FOZ DO IGUAÇU;410830401A;PR;Porto Belo;-25,47005;-54,58558;2025-03-01 05:00:00.0;0,00
FOZ DO IGUAÇU;410830401A;PR;Porto Belo;-25,47005;-54,58558;2025-03-01 06:00:00.0;0,00
FOZ DO IGUAÇU;410830401A;PR;Porto Belo;-25,47005;-54,58558;2025-03-01 07:00:00.0;0,00
FOZ DO IGUAÇU;410830401A;PR;Porto Belo;-25,47005;-54,58558;2025-03-01 08:00:00.0;0,00
FOZ DO IGUAÇU;410830401A;PR;Porto Belo;-25,47005;-54,58558;2025-03-01 09:00:00.0;0,00
FOZ DO IGUAÇU;410830401A;PR;Porto Belo;-25,47005;-54,58558;2025-03-01 10:00:00.0;0,00
FOZ DO IGUAÇU;410830401A;PR;Porto Belo;-25,47005;-54,58558;2025-03-01 11:00:00.0;0,00
FOZ DO IGUAÇU;410830401A;PR;Porto Belo;-25,47005;-54,58558;2025-03-01 12:00:00.0;0,00
FOZ DO IGUAÇU;410830401A;PR;Porto Belo;-25,47005;-54,58558;2025-03-01 13:00:00.0;0,00
FOZ DO IGUAÇU;410830401A;PR;Porto Belo;-25,47005;-54,58558;2025-03-01 14:00:00.0;0,00
FOZ DO IGUAÇU;410830401A;PR;Porto Belo;-25,47005;-54,58558;2025-03-01 15:00:00.0;0,00
FOZ DO IGUAÇU;410830401A;PR;Porto Belo;-25,47005;-54,58558;2025-03-01 16:00:00.0;0,00
FOZ DO IGUAÇU;410830401A;PR;Porto Belo;-25,47005;-54,58558;2025-03-01 17:00:00.0;0,00
FOZ DO IGUAÇU;410830401A;PR;Porto Belo;-25,47005;-54,58558;2025-03-01 18:00:00.0;0,00
FOZ DO IGUAÇU;410830401A;PR;Porto Belo;-25,47005;-54,58558;2025-03-01 19:00:00.0;0,00
FOZ DO IGUAÇU;410830401A;PR;Porto Belo;-25,47005;-54,58558;2025-03-01 20:00:00.0;0,00
FOZ DO IGUAÇU;410830401A;PR;Porto Belo;-25,47005;-54,58558;2025-03-01 21:00:00.0;0,00
FOZ DO IGUAÇU;410830401A;PR;Porto Belo;-25,47005;-54,58558;2025-03-01 22:00:00.0;0,00
FOZ DO IGUAÇU;410830401A;PR;Porto Belo;-25,47005;-54,58558;2025-03-01 23:00:00.0;0,00
FOZ DO IGUAÇU;410830401A;PR;Porto Belo;-25,47005;-54,58558;2025-03-02 00:00:00.0;0,00
FOZ DO IGUAÇU;410830401A;PR;Porto Belo;-25,47005;-54,58558;2025-03-02 01:00:00.0;0,00
FOZ DO IGUAÇU;410830401A;PR;Porto Belo;-25,47005;-54,58558;2025-03-02 02:00:00.0;0,00
FOZ DO IGUAÇU;410830401A;PR;Porto Belo;-25,47005;-54,58558;2025-03-02 03:00:00.0;0,00
FOZ DO IGUAÇU;410830401A;PR;Porto Belo;-25,47005;-54,58558;2025-03-02 04:00:00.0;0,00
FOZ DO IGUAÇU;410830401A;PR;Porto Belo;-25,47005;-54,58558;2025-03-02 05:00:00.0;0,00
FOZ DO IGUAÇU;410830401A;PR;Porto Belo;-25,47005;-54,58558;2025-03-02 06:00:00.0;0,00
FOZ DO IGUAÇU;410830401A;PR;Porto Belo;-25,47005;-54,58558;2025-03-02 07:00:00.0;0,00
FOZ DO IGUAÇU;410830401A;PR;Porto Belo;-25,47005;-54,58558;2025-03-02 08:00:00.0;0,00
FOZ DO IGUAÇU;410830401A;PR;Porto Belo;-25,47005;-54,58558;2025-03-02 09:00:00.0;0,00
FOZ DO IGUAÇU;410830401A;PR;Porto Belo;-25,47005;-54,58558;2025-03-02 10:00:00.0;0,00
FOZ DO IGUAÇU;410830401A;PR;Porto Belo;-25,47005;-54,58558;2025-03-02 11:00:00.0;0,00
FOZ DO IGUAÇU;410830401A;PR;Porto Belo;-25,47005;-54,58558;2025-03-02 12:00:00.0;0,00
FOZ DO IGUAÇU;410830401A;PR;Porto Belo;-25,47005;-54,58558;2025-03-02 13:00:00.0;0,00
FOZ DO IGUAÇU;410830401A;PR;Porto Belo;-25,47005;-54,58558;2025-03-02 14:00:00.0;0,00
FOZ DO IGUAÇU;410830401A;PR;Porto Belo;-25,47005;-54,58558;2025-03-02 15:00:00.0;0,00
FOZ DO IGUAÇU;410830401A;PR;Porto Belo;-25,47005;-54,58558;2025-03-02 16:00:00.0;0,00
FOZ DO IGUAÇU;410830401A;PR;Porto Belo;-25,47005;-54,58558;2025-03-02 17:00:00.0;0,00
FOZ DO IGUAÇU;410830401A;PR;Porto Belo;-25,47005;-54,58558;2025-03-02 18:00:00.0;0,00
FOZ DO IGUAÇU;410830401A;PR;Porto Belo;-25,47005;-54,58558;2025-03-02 19:00:00.0;0,00
FOZ DO IGUAÇU;410830401A;PR;Porto Belo;-25,47005;-54,58558;2025-03-02 20:00:00.0;0,00
FOZ DO IGUAÇU;410830401A;PR;Porto Belo;-25,47005;-54,58558;2025-03-02 21:00:00.0;0,00
FOZ DO IGUAÇU;410830401A;PR;Porto Belo;-25,47005;-54,58558;2025-03-02 22:00:00.0;0,00
FOZ DO IGUAÇU;410830401A;PR;Porto Belo;-25,47005;-54,58558;2025-03-02 23:00:00.0;0,00
FOZ DO IGUAÇU;410830401A;PR;Porto Belo;-25,47005;-54,58558;2025-03-03 00:00:00.0;0,00
FOZ DO IGUAÇU;410830401A;PR;Porto Belo;-25,47005;-54,58558;2025-03-03 01:00:00.0;0,00
FOZ DO IGUAÇU;410830401A;PR;Porto Belo;-25,47005;-54,58558;2025-03-03 02:00:00.0;0,00
FOZ DO IGUAÇU;410830401A;PR;Porto Belo;-25,47005;-54,58558;2025-03-03 03:00:00.0;0,00
FOZ DO IGUAÇU;410830401A;PR;Porto Belo;-25,47005;-54,58558;2025-03-03 04:00:00.0;0,00
FOZ DO IGUAÇU;410830401A;PR;Porto Belo;-25,47005;-54,58558;2025-03-03 05:00:00.0;0,00
FOZ DO IGUAÇU;410830401A;PR;Porto Belo;-25,47005;-54,58558;2025-03-03 06:00:00.0;0,00
FOZ DO IGUAÇU;410830401A;PR;Porto Belo;-25,47005;-54,58558;2025-03-03 07:00:00.0;0,00
FOZ DO IGUAÇU;410830401A;PR;Porto Belo;-25,47005;-54,58558;2025-03-03 08:00:00.0;0,00
FOZ DO IGUAÇU;410830401A;PR;Porto Belo;-25,47005;-54,58558;2025-03-03 09:00:00.0;0,00
FOZ DO IGUAÇU;410830401A;PR;Porto Belo;-25,47005;-54,58558;2025-03-03 10:00:00.0;0,00
FOZ DO IGUAÇU;410830401A;PR;Porto Belo;-25,47005;-54,58558;2025-03-03 11:00:00.0;0,00
FOZ DO IGUAÇU;410830401A;PR;Porto Belo;-25,47005;-54,58558;2025-03-03 12:00:00.0;0,00
FOZ DO IGUAÇU;410830401A;PR;Porto Belo;-25,47005;-54,58558;2025-03-03 13:00:00.0;0,00
FOZ DO IGUAÇU;410830401A;PR;Porto Belo;-25,47005;-54,58558;2025-03-03 14:00:00.0;0,00
FOZ DO IGUAÇU;410830401A;PR;Porto Belo;-25,47005;-54,58558;2025-03-03 15:00:00.0;0,00
FOZ DO IGUAÇU;410830401A;PR;Porto Belo;-25,47005;-54,58558;2025-03-03 16:00:00.0;0,00
FOZ DO IGUAÇU;410830401A;PR;Porto Belo;-25,47005;-54,58558;2025-03-03 17:00:00.0;0,00
FOZ DO IGUAÇU;410830401A;PR;Porto Belo;-25,47005;-54,58558;2025-03-03 18:00:00.0;0,00
FOZ DO IGUAÇU;410830401A;PR;Porto Belo;-25,47005;-54,58558;2025-03-03 19:00:00.0;0,00
FOZ DO IGUAÇU;410830401A;PR;Porto Belo;-25,47005;-54,58558;2025-03-03 20:00:00.0;0,00
FOZ DO IGUAÇU;410830401A;PR;Porto Belo;-25,47005;-54,58558;2025-03-03 21:00:00.0;0,00
FOZ DO IGUAÇU;410830401A;PR;Porto Belo;-25,47005;-54,58558;2025-03-03 22:00:00.0;0,00
FOZ DO IGUAÇU;410830401A;PR;Porto Belo;-25,47005;-54,58558;2025-03-03 23:00:00.0;0,00
FOZ DO IGUAÇU;410830401A;PR;Porto Belo;-25,47005;-54,58558;2025-03-04 00:00:00.0;0,00
FOZ DO IGUAÇU;410830401A;PR;Porto Belo;-25,47005;-54,58558;2025-03-04 01:00:00.0;0,00
FOZ DO IGUAÇU;410830401A;PR;Porto Belo;-25,47005;-54,58558;2025-03-04 02:00:00.0;0,00
FOZ DO IGUAÇU;410830401A;PR;Porto Belo;-25,47005;-54,58558;2025-03-04 03:00:00.0;0,00
FOZ DO IGUAÇU;410830401A;PR;Porto Belo;-25,47005;-54,58558;2025-03-04 04:00:00.0;0,00
FOZ DO IGUAÇU;410830401A;PR;Porto Belo;-25,47005;-54,58558;2025-03-04 05:00:00.0;0,00
FOZ DO IGUAÇU;410830401A;PR;Porto Belo;-25,47005;-54,58558;2025-03-04 06:00:00.0;0,00
FOZ DO IGUAÇU;410830401A;PR;Porto Belo;-25,47005;-54,58558;2025-03-04 07:00:00.0;0,00
FOZ DO IGUAÇU;410830401A;PR;Porto Belo;-25,47005;-54,58558;2025-03-04 08:00:00.0;0,00
FOZ DO IGUAÇU;410830401A;PR;Porto Belo;-25,47005;-54,58558;2025-03-04 09:00:00.0;0,00
FOZ DO IGUAÇU;410830401A;PR;Porto Belo;-25,47005;-54,58558;2025-03-04 10:00:00.0;0,00
FOZ DO IGUAÇU;410830401A;PR;Porto Belo;-25,47005;-54,58558;2025-03-04 11:00:00.0;0,00
FOZ DO IGUAÇU;410830401A;PR;Porto Belo;-25,47005;-54,58558;2025-03-04 12:00:00.0;0,00
FOZ DO IGUAÇU;410830401A;PR;Porto Belo;-25,47005;-54,58558;2025-03-04 13:00:00.0;0,00
FOZ DO IGUAÇU;410830401A;PR;Porto Belo;-25,47005;-54,58558;2025-03-04 14:00:00.0;0,00
FOZ DO IGUAÇU;410830401A;PR;Porto Belo;-25,47005;-54,58558;2025-03-04 15:00:00.0;0,00
FOZ DO IGUAÇU;410830401A;PR;Porto Belo;-25,47005;-54,58558;2025-03-04 16:00:00.0;0,00
FOZ DO IGUAÇU;410830401A;PR;Porto Belo;-25,47005;-54,58558;2025-03-04 17:00:00.0;0,00
FOZ DO IGUAÇU;410830401A;PR;Porto Belo;-25,47005;-54,58558;2025-03-04 18:00:00.0;0,00
FOZ DO IGUAÇU;410830401A;PR;Porto Belo;-25,47005;-54,58558;2025-03-04 19:00:00.0;0,00
FOZ DO IGUAÇU;410830401A;PR;Porto Belo;-25,47005;-54,58558;2025-03-04 20:00:00.0;0,00
FOZ DO IGUAÇU;410830401A;PR;Porto Belo;-25,47005;-54,58558;2025-03-04 21:00:00.0;0,00
FOZ DO IGUAÇU;410830401A;PR;Porto Belo;-25,47005;-54,58558;2025-03-04 22:00:00.0;0,00
FOZ DO IGUAÇU;410830401A;PR;Porto Belo;-25,47005;-54,58558;2025-03-04 23:00:00.0;0,00
FOZ DO IGUAÇU;410830401A;PR;Porto Belo;-25,47005;-54,58558;2025-03-05 00:00:00.0;0,00
FOZ DO IGUAÇU;410830401A;PR;Porto Belo;-25,47005;-54,58558;2025-03-05 01:00:00.0;0,00
FOZ DO IGUAÇU;410830401A;PR;Porto Belo;-25,47005;-54,58558;2025-03-05 02:00:00.0;0,00
FOZ DO IGUAÇU;410830401A;PR;Porto Belo;-25,47005;-54,58558;2025-03-05 03:00:00.0;0,00
FOZ DO IGUAÇU;410830401A;PR;Porto Belo;-25,47005;-54,58558;2025-03-05 04:00:00.0;0,00
FOZ DO IGUAÇU;410830401A;PR;Porto Belo;-25,47005;-54,58558;2025-03-05 05:00:00.0;0,00
FOZ DO IGUAÇU;410830401A;PR;Porto Belo;-25,47005;-54,58558;2025-03-05 06:00:00.0;0,00
FOZ DO IGUAÇU;410830401A;PR;Porto Belo;-25,47005;-54,58558;2025-03-05 07:00:00.0;0,00
FOZ DO IGUAÇU;410830401A;PR;Porto Belo;-25,47005;-54,58558;2025-03-05 08:00:00.0;0,00
FOZ DO IGUAÇU;410830401A;PR;Porto Belo;-25,47005;-54,58558;2025-03-05 09:00:00.0;0,00
FOZ DO IGUAÇU;410830401A;PR;Porto Belo;-25,47005;-54,58558;2025-03-05 10:00:00.0;0,00
FOZ DO IGUAÇU;410830401A;PR;Porto Belo;-25,47005;-54,58558;2025-03-05 11:00:00.0;0,00
FOZ DO IGUAÇU;410830401A;PR;Porto Belo;-25,47005;-54,58558;2025-03-05 12:00:00.0;0,00
FOZ DO IGUAÇU;410830401A;PR;Porto Belo;-25,47005;-54,58558;2025-03-05 13:00:00.0;0,00
FOZ DO IGUAÇU;410830401A;PR;Porto Belo;-25,47005;-54,58558;2025-03-05 14:00:00.0;0,00
FOZ DO IGUAÇU;410830401A;PR;Porto Belo;-25,47005;-54,58558;2025-03-05 15:00:00.0;0,00
FOZ DO IGUAÇU;410830401A;PR;Porto Belo;-25,47005;-54,58558;2025-03-05 16:00:00.0;0,00
FOZ DO IGUAÇU;410830401A;PR;Porto Belo;-25,47005;-54,58558;2025-03-05 17:00:00.0;0,00
FOZ DO IGUAÇU;410830401A;PR;Porto Belo;-25,47005;-54,58558;2025-03-05 18:00:00.0;0,00
FOZ DO IGUAÇU;410830401A;PR;Porto Belo;-25,47005;-54,58558;2025-03-05 19:00:00.0;0,00
FOZ DO IGUAÇU;410830401A;PR;Porto Belo;-25,47005;-54,58558;2025-03-05 20:00:00.0;0,00
FOZ DO IGUAÇU;410830401A;PR;Porto Belo;-25,47005;-54,58558;2025-03-05 20:20:00.0;0,40
FOZ DO IGUAÇU;410830401A;PR;Porto Belo;-25,47005;-54,58558;2025-03-05 20:30:00.0;6,20
FOZ DO IGUAÇU;410830401A;PR;Porto Belo;-25,47005;-54,58558;2025-03-05 20:40:00.0;2,60
FOZ DO IGUAÇU;410830401A;PR;Porto Belo;-25,47005;-54,58558;2025-03-05 20:50:00.0;3,00
FOZ DO IGUAÇU;410830401A;PR;Porto Belo;-25,47005;-54,58558;2025-03-05 21:00:00.0;0,20
FOZ DO IGUAÇU;410830401A;PR;Porto Belo;-25,47005;-54,58558;2025-03-05 21:10:00.0;0,40
FOZ DO IGUAÇU;410830401A;PR;Porto Belo;-25,47005;-54,58558;2025-03-05 22:00:00.0;0,00
FOZ DO IGUAÇU;410830401A;PR;Porto Belo;-25,47005;-54,58558;2025-03-05 23:00:00.0;0,00
FOZ DO IGUAÇU;410830401A;PR;Porto Belo;-25,47005;-54,58558;2025-03-06 00:00:00.0;0,00
FOZ DO IGUAÇU;410830401A;PR;Porto Belo;-25,47005;-54,58558;2025-03-06 01:00:00.0;0,00
FOZ DO IGUAÇU;410830401A;PR;Porto Belo;-25,47005;-54,58558;2025-03-06 02:00:00.0;0,00
FOZ DO IGUAÇU;410830401A;PR;Porto Belo;-25,47005;-54,58558;2025-03-06 03:00:00.0;0,00
FOZ DO IGUAÇU;410830401A;PR;Porto Belo;-25,47005;-54,58558;2025-03-06 04:00:00.0;0,00
FOZ DO IGUAÇU;410830401A;PR;Porto Belo;-25,47005;-54,58558;2025-03-06 05:00:00.0;0,00
FOZ DO IGUAÇU;410830401A;PR;Porto Belo;-25,47005;-54,58558;2025-03-06 06:00:00.0;0,00
FOZ DO IGUAÇU;410830401A;PR;Porto Belo;-25,47005;-54,58558;2025-03-06 07:00:00.0;0,00
FOZ DO IGUAÇU;410830401A;PR;Porto Belo;-25,47005;-54,58558;2025-03-06 08:00:00.0;0,00
FOZ DO IGUAÇU;410830401A;PR;Porto Belo;-25,47005;-54,58558;2025-03-06 09:00:00.0;0,00
FOZ DO IGUAÇU;410830401A;PR;Porto Belo;-25,47005;-54,58558;2025-03-06 10:00:00.0;0,00
FOZ DO IGUAÇU;410830401A;PR;Porto Belo;-25,47005;-54,58558;2025-03-06 11:00:00.0;0,00
FOZ DO IGUAÇU;410830401A;PR;Porto Belo;-25,47005;-54,58558;2025-03-06 12:00:00.0;0,00
FOZ DO IGUAÇU;410830401A;PR;Porto Belo;-25,47005;-54,58558;2025-03-06 13:00:00.0;0,00
FOZ DO IGUAÇU;410830401A;PR;Porto Belo;-25,47005;-54,58558;2025-03-06 14:00:00.0;0,00
FOZ DO IGUAÇU;410830401A;PR;Porto Belo;-25,47005;-54,58558;2025-03-06 15:00:00.0;0,00
FOZ DO IGUAÇU;410830401A;PR;Porto Belo;-25,47005;-54,58558;2025-03-06 16:00:00.0;0,00
FOZ DO IGUAÇU;410830401A;PR;Porto Belo;-25,47005;-54,58558;2025-03-06 17:00:00.0;0,00
FOZ DO IGUAÇU;410830401A;PR;Porto Belo;-25,47005;-54,58558;2025-03-06 18:00:00.0;0,00
FOZ DO IGUAÇU;410830401A;PR;Porto Belo;-25,47005;-54,58558;2025-03-06 19:00:00.0;0,00
FOZ DO IGUAÇU;410830401A;PR;Porto Belo;-25,47005;-54,58558;2025-03-06 20:00:00.0;0,00
FOZ DO IGUAÇU;410830401A;PR;Porto Belo;-25,47005;-54,58558;2025-03-06 21:00:00.0;0,00
FOZ DO IGUAÇU;410830401A;PR;Porto Belo;-25,47005;-54,58558;2025-03-06 22:00:00.0;0,00
FOZ DO IGUAÇU;410830401A;PR;Porto Belo;-25,47005;-54,58558;2025-03-06 23:00:00.0;0,00
FOZ DO IGUAÇU;410830401A;PR;Porto Belo;-25,47005;-54,58558;2025-03-07 00:00:00.0;0,00
FOZ DO IGUAÇU;410830401A;PR;Porto Belo;-25,47005;-54,58558;2025-03-07 01:00:00.0;0,00
FOZ DO IGUAÇU;410830401A;PR;Porto Belo;-25,47005;-54,58558;2025-03-07 02:00:00.0;0,00
FOZ DO IGUAÇU;410830401A;PR;Porto Belo;-25,47005;-54,58558;2025-03-07 03:00:00.0;0,00
FOZ DO IGUAÇU;410830401A;PR;Porto Belo;-25,47005;-54,58558;2025-03-07 04:00:00.0;0,00
FOZ DO IGUAÇU;410830401A;PR;Porto Belo;-25,47005;-54,58558;2025-03-07 05:00:00.0;0,00
FOZ DO IGUAÇU;410830401A;PR;Porto Belo;-25,47005;-54,58558;2025-03-07 06:00:00.0;0,00
FOZ DO IGUAÇU;410830401A;PR;Porto Belo;-25,47005;-54,58558;2025-03-07 07:00:00.0;0,00
FOZ DO IGUAÇU;410830401A;PR;Porto Belo;-25,47005;-54,58558;2025-03-07 08:00:00.0;0,00
FOZ DO IGUAÇU;410830401A;PR;Porto Belo;-25,47005;-54,58558;2025-03-07 09:00:00.0;0,00
FOZ DO IGUAÇU;410830401A;PR;Porto Belo;-25,47005;-54,58558;2025-03-07 10:00:00.0;0,00
FOZ DO IGUAÇU;410830401A;PR;Porto Belo;-25,47005;-54,58558;2025-03-07 11:00:00.0;0,00
FOZ DO IGUAÇU;410830401A;PR;Porto Belo;-25,47005;-54,58558;2025-03-07 12:00:00.0;0,00
FOZ DO IGUAÇU;410830401A;PR;Porto Belo;-25,47005;-54,58558;2025-03-07 13:00:00.0;0,00
FOZ DO IGUAÇU;410830401A;PR;Porto Belo;-25,47005;-54,58558;2025-03-07 14:00:00.0;0,00
FOZ DO IGUAÇU;410830401A;PR;Porto Belo;-25,47005;-54,58558;2025-03-07 15:00:00.0;0,00
FOZ DO IGUAÇU;410830401A;PR;Porto Belo;-25,47005;-54,58558;2025-03-07 16:00:00.0;0,00
FOZ DO IGUAÇU;410830401A;PR;Porto Belo;-25,47005;-54,58558;2025-03-07 17:00:00.0;0,00
FOZ DO IGUAÇU;410830401A;PR;Porto Belo;-25,47005;-54,58558;2025-03-07 18:00:00.0;0,00
FOZ DO IGUAÇU;410830401A;PR;Porto Belo;-25,47005;-54,58558;2025-03-07 19:00:00.0;0,00
FOZ DO IGUAÇU;410830401A;PR;Porto Belo;-25,47005;-54,58558;2025-03-07 20:00:00.0;0,00
FOZ DO IGUAÇU;410830401A;PR;Porto Belo;-25,47005;-54,58558;2025-03-07 21:00:00.0;0,00
FOZ DO IGUAÇU;410830401A;PR;Porto Belo;-25,47005;-54,58558;2025-03-07 22:00:00.0;0,00
FOZ DO IGUAÇU;410830401A;PR;Porto Belo;-25,47005;-54,58558;2025-03-07 23:00:00.0;0,00
FOZ DO IGUAÇU;410830401A;PR;Porto Belo;-25,47005;-54,58558;2025-03-08 00:00:00.0;0,00
FOZ DO IGUAÇU;410830401A;PR;Porto Belo;-25,47005;-54,58558;2025-03-08 01:00:00.0;0,00
FOZ DO IGUAÇU;410830401A;PR;Porto Belo;-25,47005;-54,58558;2025-03-08 02:00:00.0;0,00
FOZ DO IGUAÇU;410830401A;PR;Porto Belo;-25,47005;-54,58558;2025-03-08 03:00:00.0;0,00
FOZ DO IGUAÇU;410830401A;PR;Porto Belo;-25,47005;-54,58558;2025-03-08 04:00:00.0;0,00
FOZ DO IGUAÇU;410830401A;PR;Porto Belo;-25,47005;-54,58558;2025-03-08 05:00:00.0;0,00
FOZ DO IGUAÇU;410830401A;PR;Porto Belo;-25,47005;-54,58558;2025-03-08 06:00:00.0;0,00
FOZ DO IGUAÇU;410830401A;PR;Porto Belo;-25,47005;-54,58558;2025-03-08 07:00:00.0;0,00
FOZ DO IGUAÇU;410830401A;PR;Porto Belo;-25,47005;-54,58558;2025-03-08 08:00:00.0;0,00
FOZ DO IGUAÇU;410830401A;PR;Porto Belo;-25,47005;-54,58558;2025-03-08 09:00:00.0;0,00
FOZ DO IGUAÇU;410830401A;PR;Porto Belo;-25,47005;-54,58558;2025-03-08 10:00:00.0;0,00
FOZ DO IGUAÇU;410830401A;PR;Porto Belo;-25,47005;-54,58558;2025-03-08 11:00:00.0;0,00
FOZ DO IGUAÇU;410830401A;PR;Porto Belo;-25,47005;-54,58558;2025-03-08 12:00:00.0;0,00
FOZ DO IGUAÇU;410830401A;PR;Porto Belo;-25,47005;-54,58558;2025-03-08 13:00:00.0;0,00
FOZ DO IGUAÇU;410830401A;PR;Porto Belo;-25,47005;-54,58558;2025-03-08 14:00:00.0;0,00
FOZ DO IGUAÇU;410830401A;PR;Porto Belo;-25,47005;-54,58558;2025-03-08 15:00:00.0;0,00
FOZ DO IGUAÇU;410830401A;PR;Porto Belo;-25,47005;-54,58558;2025-03-08 16:00:00.0;0,00
FOZ DO IGUAÇU;410830401A;PR;Porto Belo;-25,47005;-54,58558;2025-03-08 17:00:00.0;0,00
FOZ DO IGUAÇU;410830401A;PR;Porto Belo;-25,47005;-54,58558;2025-03-08 18:00:00.0;0,00
FOZ DO IGUAÇU;410830401A;PR;Porto Belo;-25,47005;-54,58558;2025-03-08 19:00:00.0;0,00
FOZ DO IGUAÇU;410830401A;PR;Porto Belo;-25,47005;-54,58558;2025-03-08 20:00:00.0;0,00
FOZ DO IGUAÇU;410830401A;PR;Porto Belo;-25,47005;-54,58558;2025-03-08 21:00:00.0;0,00
FOZ DO IGUAÇU;410830401A;PR;Porto Belo;-25,47005;-54,58558;2025-03-08 22:00:00.0;0,00
FOZ DO IGUAÇU;410830401A;PR;Porto Belo;-25,47005;-54,58558;2025-03-08 23:00:00.0;0,00
FOZ DO IGUAÇU;410830401A;PR;Porto Belo;-25,47005;-54,58558;2025-03-09 00:00:00.0;0,00
FOZ DO IGUAÇU;410830401A;PR;Porto Belo;-25,47005;-54,58558;2025-03-09 01:00:00.0;0,00
FOZ DO IGUAÇU;410830401A;PR;Porto Belo;-25,47005;-54,58558;2025-03-09 02:00:00.0;0,00
FOZ DO IGUAÇU;410830401A;PR;Porto Belo;-25,47005;-54,58558;2025-03-09 03:00:00.0;0,00
FOZ DO IGUAÇU;410830401A;PR;Porto Belo;-25,47005;-54,58558;2025-03-09 04:00:00.0;0,00
FOZ DO IGUAÇU;410830401A;PR;Porto Belo;-25,47005;-54,58558;2025-03-09 05:00:00.0;0,00
FOZ DO IGUAÇU;410830401A;PR;Porto Belo;-25,47005;-54,58558;2025-03-09 06:00:00.0;0,00
FOZ DO IGUAÇU;410830401A;PR;Porto Belo;-25,47005;-54,58558;2025-03-09 07:00:00.0;0,00
FOZ DO IGUAÇU;410830401A;PR;Porto Belo;-25,47005;-54,58558;2025-03-09 08:00:00.0;0,00
FOZ DO IGUAÇU;410830401A;PR;Porto Belo;-25,47005;-54,58558;2025-03-09 09:00:00.0;0,00
FOZ DO IGUAÇU;410830401A;PR;Porto Belo;-25,47005;-54,58558;2025-03-09 10:00:00.0;0,00
FOZ DO IGUAÇU;410830401A;PR;Porto Belo;-25,47005;-54,58558;2025-03-09 11:00:00.0;0,00
FOZ DO IGUAÇU;410830401A;PR;Porto Belo;-25,47005;-54,58558;2025-03-09 12:00:00.0;0,00
FOZ DO IGUAÇU;410830401A;PR;Porto Belo;-25,47005;-54,58558;2025-03-09 13:00:00.0;0,00
FOZ DO IGUAÇU;410830401A;PR;Porto Belo;-25,47005;-54,58558;2025-03-09 14:00:00.0;0,00
FOZ DO IGUAÇU;410830401A;PR;Porto Belo;-25,47005;-54,58558;2025-03-09 15:00:00.0;0,00
FOZ DO IGUAÇU;410830401A;PR;Porto Belo;-25,47005;-54,58558;2025-03-09 16:00:00.0;0,00
FOZ DO IGUAÇU;410830401A;PR;Porto Belo;-25,47005;-54,58558;2025-03-09 17:00:00.0;0,00
FOZ DO IGUAÇU;410830401A;PR;Porto Belo;-25,47005;-54,58558;2025-03-09 18:00:00.0;0,00
FOZ DO IGUAÇU;410830401A;PR;Porto Belo;-25,47005;-54,58558;2025-03-09 19:00:00.0;0,00
FOZ DO IGUAÇU;410830401A;PR;Porto Belo;-25,47005;-54,58558;2025-03-09 20:00:00.0;0,00
FOZ DO IGUAÇU;410830401A;PR;Porto Belo;-25,47005;-54,58558;2025-03-09 21:00:00.0;0,00
FOZ DO IGUAÇU;410830401A;PR;Porto Belo;-25,47005;-54,58558;2025-03-09 22:00:00.0;0,00
FOZ DO IGUAÇU;410830401A;PR;Porto Belo;-25,47005;-54,58558;2025-03-09 23:00:00.0;0,00
FOZ DO IGUAÇU;410830401A;PR;Porto Belo;-25,47005;-54,58558;2025-03-10 00:00:00.0;0,00
FOZ DO IGUAÇU;410830401A;PR;Porto Belo;-25,47005;-54,58558;2025-03-10 01:00:00.0;0,00
FOZ DO IGUAÇU;410830401A;PR;Porto Belo;-25,47005;-54,58558;2025-03-10 02:00:00.0;0,00
FOZ DO IGUAÇU;410830401A;PR;Porto Belo;-25,47005;-54,58558;2025-03-10 03:00:00.0;0,00
FOZ DO IGUAÇU;410830401A;PR;Porto Belo;-25,47005;-54,58558;2025-03-10 04:00:00.0;0,00
FOZ DO IGUAÇU;410830401A;PR;Porto Belo;-25,47005;-54,58558;2025-03-10 05:00:00.0;0,00
FOZ DO IGUAÇU;410830401A;PR;Porto Belo;-25,47005;-54,58558;2025-03-10 06:00:00.0;0,00
FOZ DO IGUAÇU;410830401A;PR;Porto Belo;-25,47005;-54,58558;2025-03-10 07:00:00.0;0,00
FOZ DO IGUAÇU;410830401A;PR;Porto Belo;-25,47005;-54,58558;2025-03-10 08:00:00.0;0,00
FOZ DO IGUAÇU;410830401A;PR;Porto Belo;-25,47005;-54,58558;2025-03-10 09:00:00.0;0,00
FOZ DO IGUAÇU;410830401A;PR;Porto Belo;-25,47005;-54,58558;2025-03-10 10:00:00.0;0,00
FOZ DO IGUAÇU;410830401A;PR;Porto Belo;-25,47005;-54,58558;2025-03-10 11:00:00.0;0,00
FOZ DO IGUAÇU;410830401A;PR;Porto Belo;-25,47005;-54,58558;2025-03-10 12:00:00.0;0,00
FOZ DO IGUAÇU;410830401A;PR;Porto Belo;-25,47005;-54,58558;2025-03-10 13:00:00.0;0,00
FOZ DO IGUAÇU;410830401A;PR;Porto Belo;-25,47005;-54,58558;2025-03-10 14:00:00.0;0,00
FOZ DO IGUAÇU;410830401A;PR;Porto Belo;-25,47005;-54,58558;2025-03-10 15:00:00.0;0,00
FOZ DO IGUAÇU;410830401A;PR;Porto Belo;-25,47005;-54,58558;2025-03-10 16:00:00.0;0,00
FOZ DO IGUAÇU;410830401A;PR;Porto Belo;-25,47005;-54,58558;2025-03-10 17:00:00.0;0,00
FOZ DO IGUAÇU;410830401A;PR;Porto Belo;-25,47005;-54,58558;2025-03-10 18:00:00.0;0,00
FOZ DO IGUAÇU;410830401A;PR;Porto Belo;-25,47005;-54,58558;2025-03-10 19:00:00.0;0,00
FOZ DO IGUAÇU;410830401A;PR;Porto Belo;-25,47005;-54,58558;2025-03-10 20:00:00.0;0,00
FOZ DO IGUAÇU;410830401A;PR;Porto Belo;-25,47005;-54,58558;2025-03-10 21:00:00.0;0,00
FOZ DO IGUAÇU;410830401A;PR;Porto Belo;-25,47005;-54,58558;2025-03-10 22:00:00.0;0,00
FOZ DO IGUAÇU;410830401A;PR;Porto Belo;-25,47005;-54,58558;2025-03-10 23:00:00.0;0,00
FOZ DO IGUAÇU;410830401A;PR;Porto Belo;-25,47005;-54,58558;2025-03-11 00:00:00.0;0,00
FOZ DO IGUAÇU;410830401A;PR;Porto Belo;-25,47005;-54,58558;2025-03-11 01:00:00.0;0,00
FOZ DO IGUAÇU;410830401A;PR;Porto Belo;-25,47005;-54,58558;2025-03-11 02:00:00.0;0,00
FOZ DO IGUAÇU;410830401A;PR;Porto Belo;-25,47005;-54,58558;2025-03-11 03:00:00.0;0,00
FOZ DO IGUAÇU;410830401A;PR;Porto Belo;-25,47005;-54,58558;2025-03-11 04:00:00.0;0,00
FOZ DO IGUAÇU;410830401A;PR;Porto Belo;-25,47005;-54,58558;2025-03-11 05:00:00.0;0,00
FOZ DO IGUAÇU;410830401A;PR;Porto Belo;-25,47005;-54,58558;2025-03-11 06:00:00.0;0,00
FOZ DO IGUAÇU;410830401A;PR;Porto Belo;-25,47005;-54,58558;2025-03-11 07:00:00.0;0,00
FOZ DO IGUAÇU;410830401A;PR;Porto Belo;-25,47005;-54,58558;2025-03-11 08:00:00.0;0,00
FOZ DO IGUAÇU;410830401A;PR;Porto Belo;-25,47005;-54,58558;2025-03-11 09:00:00.0;0,00
FOZ DO IGUAÇU;410830401A;PR;Porto Belo;-25,47005;-54,58558;2025-03-11 10:00:00.0;0,00
FOZ DO IGUAÇU;410830401A;PR;Porto Belo;-25,47005;-54,58558;2025-03-11 11:00:00.0;0,00
FOZ DO IGUAÇU;410830401A;PR;Porto Belo;-25,47005;-54,58558;2025-03-11 11:30:00.0;0,20
FOZ DO IGUAÇU;410830401A;PR;Porto Belo;-25,47005;-54,58558;2025-03-11 11:40:00.0;0,20
FOZ DO IGUAÇU;410830401A;PR;Porto Belo;-25,47005;-54,58558;2025-03-11 12:00:00.0;0,00
FOZ DO IGUAÇU;410830401A;PR;Porto Belo;-25,47005;-54,58558;2025-03-11 13:00:00.0;0,00
FOZ DO IGUAÇU;410830401A;PR;Porto Belo;-25,47005;-54,58558;2025-03-11 14:00:00.0;0,00
FOZ DO IGUAÇU;410830401A;PR;Porto Belo;-25,47005;-54,58558;2025-03-11 15:00:00.0;0,00
FOZ DO IGUAÇU;410830401A;PR;Porto Belo;-25,47005;-54,58558;2025-03-11 15:10:00.0;0,20
FOZ DO IGUAÇU;410830401A;PR;Porto Belo;-25,47005;-54,58558;2025-03-11 16:00:00.0;0,00
FOZ DO IGUAÇU;410830401A;PR;Porto Belo;-25,47005;-54,58558;2025-03-11 16:10:00.0;0,80
FOZ DO IGUAÇU;410830401A;PR;Porto Belo;-25,47005;-54,58558;2025-03-11 16:20:00.0;0,20
FOZ DO IGUAÇU;410830401A;PR;Porto Belo;-25,47005;-54,58558;2025-03-11 17:00:00.0;0,00
FOZ DO IGUAÇU;410830401A;PR;Porto Belo;-25,47005;-54,58558;2025-03-11 17:10:00.0;0,20
FOZ DO IGUAÇU;410830401A;PR;Porto Belo;-25,47005;-54,58558;2025-03-11 17:20:00.0;0,20
FOZ DO IGUAÇU;410830401A;PR;Porto Belo;-25,47005;-54,58558;2025-03-11 17:30:00.0;0,80
FOZ DO IGUAÇU;410830401A;PR;Porto Belo;-25,47005;-54,58558;2025-03-11 17:40:00.0;0,60
FOZ DO IGUAÇU;410830401A;PR;Porto Belo;-25,47005;-54,58558;2025-03-11 17:50:00.0;0,40
FOZ DO IGUAÇU;410830401A;PR;Porto Belo;-25,47005;-54,58558;2025-03-11 18:00:00.0;0,60
FOZ DO IGUAÇU;410830401A;PR;Porto Belo;-25,47005;-54,58558;2025-03-11 18:10:00.0;0,20
FOZ DO IGUAÇU;410830401A;PR;Porto Belo;-25,47005;-54,58558;2025-03-11 18:20:00.0;0,60
FOZ DO IGUAÇU;410830401A;PR;Porto Belo;-25,47005;-54,58558;2025-03-11 18:30:00.0;0,40
FOZ DO IGUAÇU;410830401A;PR;Porto Belo;-25,47005;-54,58558;2025-03-11 18:40:00.0;0,40
FOZ DO IGUAÇU;410830401A;PR;Porto Belo;-25,47005;-54,58558;2025-03-11 18:50:00.0;0,20
FOZ DO IGUAÇU;410830401A;PR;Porto Belo;-25,47005;-54,58558;2025-03-11 19:00:00.0;0,20
FOZ DO IGUAÇU;410830401A;PR;Porto Belo;-25,47005;-54,58558;2025-03-11 19:10:00.0;0,20
FOZ DO IGUAÇU;410830401A;PR;Porto Belo;-25,47005;-54,58558;2025-03-11 19:20:00.0;0,40
FOZ DO IGUAÇU;410830401A;PR;Porto Belo;-25,47005;-54,58558;2025-03-11 19:30:00.0;0,20
FOZ DO IGUAÇU;410830401A;PR;Porto Belo;-25,47005;-54,58558;2025-03-11 19:50:00.0;0,20
FOZ DO IGUAÇU;410830401A;PR;Porto Belo;-25,47005;-54,58558;2025-03-11 20:00:00.0;0,20
FOZ DO IGUAÇU;410830401A;PR;Porto Belo;-25,47005;-54,58558;2025-03-11 20:20:00.0;0,40
FOZ DO IGUAÇU;410830401A;PR;Porto Belo;-25,47005;-54,58558;2025-03-11 20:40:00.0;0,20
FOZ DO IGUAÇU;410830401A;PR;Porto Belo;-25,47005;-54,58558;2025-03-11 20:50:00.0;0,40
FOZ DO IGUAÇU;410830401A;PR;Porto Belo;-25,47005;-54,58558;2025-03-11 21:00:00.0;0,20
FOZ DO IGUAÇU;410830401A;PR;Porto Belo;-25,47005;-54,58558;2025-03-11 21:10:00.0;0,60
FOZ DO IGUAÇU;410830401A;PR;Porto Belo;-25,47005;-54,58558;2025-03-11 22:00:00.0;0,00
FOZ DO IGUAÇU;410830401A;PR;Porto Belo;-25,47005;-54,58558;2025-03-11 23:00:00.0;0,00
FOZ DO IGUAÇU;410830401A;PR;Porto Belo;-25,47005;-54,58558;2025-03-12 00:00:00.0;0,00
FOZ DO IGUAÇU;410830401A;PR;Porto Belo;-25,47005;-54,58558;2025-03-12 01:00:00.0;0,00
FOZ DO IGUAÇU;410830401A;PR;Porto Belo;-25,47005;-54,58558;2025-03-12 02:00:00.0;0,00
FOZ DO IGUAÇU;410830401A;PR;Porto Belo;-25,47005;-54,58558;2025-03-12 03:00:00.0;0,00
FOZ DO IGUAÇU;410830401A;PR;Porto Belo;-25,47005;-54,58558;2025-03-12 04:00:00.0;0,00
FOZ DO IGUAÇU;410830401A;PR;Porto Belo;-25,47005;-54,58558;2025-03-12 05:00:00.0;0,00
FOZ DO IGUAÇU;410830401A;PR;Porto Belo;-25,47005;-54,58558;2025-03-12 06:00:00.0;0,00
FOZ DO IGUAÇU;410830401A;PR;Porto Belo;-25,47005;-54,58558;2025-03-12 07:00:00.0;0,00
FOZ DO IGUAÇU;410830401A;PR;Porto Belo;-25,47005;-54,58558;2025-03-12 08:00:00.0;0,00
FOZ DO IGUAÇU;410830401A;PR;Porto Belo;-25,47005;-54,58558;2025-03-12 08:10:00.0;0,20
FOZ DO IGUAÇU;410830401A;PR;Porto Belo;-25,47005;-54,58558;2025-03-12 09:00:00.0;0,00
FOZ DO IGUAÇU;410830401A;PR;Porto Belo;-25,47005;-54,58558;2025-03-12 10:00:00.0;0,00
FOZ DO IGUAÇU;410830401A;PR;Porto Belo;-25,47005;-54,58558;2025-03-12 11:00:00.0;0,00
FOZ DO IGUAÇU;410830401A;PR;Porto Belo;-25,47005;-54,58558;2025-03-12 12:00:00.0;0,00
FOZ DO IGUAÇU;410830401A;PR;Porto Belo;-25,47005;-54,58558;2025-03-12 13:00:00.0;0,00
FOZ DO IGUAÇU;410830401A;PR;Porto Belo;-25,47005;-54,58558;2025-03-12 14:00:00.0;0,00
FOZ DO IGUAÇU;410830401A;PR;Porto Belo;-25,47005;-54,58558;2025-03-12 15:00:00.0;0,00
FOZ DO IGUAÇU;410830401A;PR;Porto Belo;-25,47005;-54,58558;2025-03-12 16:00:00.0;0,00
FOZ DO IGUAÇU;410830401A;PR;Porto Belo;-25,47005;-54,58558;2025-03-12 17:00:00.0;0,00
FOZ DO IGUAÇU;410830401A;PR;Porto Belo;-25,47005;-54,58558;2025-03-12 18:00:00.0;0,00
FOZ DO IGUAÇU;410830401A;PR;Porto Belo;-25,47005;-54,58558;2025-03-12 19:00:00.0;0,00
FOZ DO IGUAÇU;410830401A;PR;Porto Belo;-25,47005;-54,58558;2025-03-12 20:00:00.0;0,00
FOZ DO IGUAÇU;410830401A;PR;Porto Belo;-25,47005;-54,58558;2025-03-12 21:00:00.0;0,00
FOZ DO IGUAÇU;410830401A;PR;Porto Belo;-25,47005;-54,58558;2025-03-12 22:00:00.0;0,00
FOZ DO IGUAÇU;410830401A;PR;Porto Belo;-25,47005;-54,58558;2025-03-12 23:00:00.0;0,00
FOZ DO IGUAÇU;410830401A;PR;Porto Belo;-25,47005;-54,58558;2025-03-13 00:00:00.0;0,00
FOZ DO IGUAÇU;410830401A;PR;Porto Belo;-25,47005;-54,58558;2025-03-13 01:00:00.0;0,00
FOZ DO IGUAÇU;410830401A;PR;Porto Belo;-25,47005;-54,58558;2025-03-13 02:00:00.0;0,00
FOZ DO IGUAÇU;410830401A;PR;Porto Belo;-25,47005;-54,58558;2025-03-13 03:00:00.0;0,00
FOZ DO IGUAÇU;410830401A;PR;Porto Belo;-25,47005;-54,58558;2025-03-13 04:00:00.0;0,00
FOZ DO IGUAÇU;410830401A;PR;Porto Belo;-25,47005;-54,58558;2025-03-13 05:00:00.0;0,00
FOZ DO IGUAÇU;410830401A;PR;Porto Belo;-25,47005;-54,58558;2025-03-13 06:00:00.0;0,00
FOZ DO IGUAÇU;410830401A;PR;Porto Belo;-25,47005;-54,58558;2025-03-13 07:00:00.0;0,00
FOZ DO IGUAÇU;410830401A;PR;Porto Belo;-25,47005;-54,58558;2025-03-13 08:00:00.0;0,00
FOZ DO IGUAÇU;410830401A;PR;Porto Belo;-25,47005;-54,58558;2025-03-13 09:00:00.0;0,00
FOZ DO IGUAÇU;410830401A;PR;Porto Belo;-25,47005;-54,58558;2025-03-13 10:00:00.0;0,00
FOZ DO IGUAÇU;410830401A;PR;Porto Belo;-25,47005;-54,58558;2025-03-13 11:00:00.0;0,00
FOZ DO IGUAÇU;410830401A;PR;Porto Belo;-25,47005;-54,58558;2025-03-13 12:00:00.0;0,00
FOZ DO IGUAÇU;410830401A;PR;Porto Belo;-25,47005;-54,58558;2025-03-13 13:00:00.0;0,00
FOZ DO IGUAÇU;410830401A;PR;Porto Belo;-25,47005;-54,58558;2025-03-13 14:00:00.0;0,00
FOZ DO IGUAÇU;410830401A;PR;Porto Belo;-25,47005;-54,58558;2025-03-13 15:00:00.0;0,00
FOZ DO IGUAÇU;410830401A;PR;Porto Belo;-25,47005;-54,58558;2025-03-13 16:00:00.0;0,00
FOZ DO IGUAÇU;410830401A;PR;Porto Belo;-25,47005;-54,58558;2025-03-13 17:00:00.0;0,00
FOZ DO IGUAÇU;410830401A;PR;Porto Belo;-25,47005;-54,58558;2025-03-13 18:00:00.0;0,00
FOZ DO IGUAÇU;410830401A;PR;Porto Belo;-25,47005;-54,58558;2025-03-13 19:00:00.0;0,00
FOZ DO IGUAÇU;410830401A;PR;Porto Belo;-25,47005;-54,58558;2025-03-13 20:00:00.0;0,00
FOZ DO IGUAÇU;410830401A;PR;Porto Belo;-25,47005;-54,58558;2025-03-13 21:00:00.0;0,00
FOZ DO IGUAÇU;410830401A;PR;Porto Belo;-25,47005;-54,58558;2025-03-13 22:00:00.0;0,00
FOZ DO IGUAÇU;410830401A;PR;Porto Belo;-25,47005;-54,58558;2025-03-13 23:00:00.0;0,00
FOZ DO IGUAÇU;410830401A;PR;Porto Belo;-25,47005;-54,58558;2025-03-14 00:00:00.0;0,00
FOZ DO IGUAÇU;410830401A;PR;Porto Belo;-25,47005;-54,58558;2025-03-14 01:00:00.0;0,00
FOZ DO IGUAÇU;410830401A;PR;Porto Belo;-25,47005;-54,58558;2025-03-14 02:00:00.0;0,00
FOZ DO IGUAÇU;410830401A;PR;Porto Belo;-25,47005;-54,58558;2025-03-14 03:00:00.0;0,00
FOZ DO IGUAÇU;410830401A;PR;Porto Belo;-25,47005;-54,58558;2025-03-14 04:00:00.0;0,00
FOZ DO IGUAÇU;410830401A;PR;Porto Belo;-25,47005;-54,58558;2025-03-14 05:00:00.0;0,00
FOZ DO IGUAÇU;410830401A;PR;Porto Belo;-25,47005;-54,58558;2025-03-14 06:00:00.0;0,00
FOZ DO IGUAÇU;410830401A;PR;Porto Belo;-25,47005;-54,58558;2025-03-14 07:00:00.0;0,00
FOZ DO IGUAÇU;410830401A;PR;Porto Belo;-25,47005;-54,58558;2025-03-14 08:00:00.0;0,00
FOZ DO IGUAÇU;410830401A;PR;Porto Belo;-25,47005;-54,58558;2025-03-14 09:00:00.0;0,00
FOZ DO IGUAÇU;410830401A;PR;Porto Belo;-25,47005;-54,58558;2025-03-14 10:00:00.0;0,00
FOZ DO IGUAÇU;410830401A;PR;Porto Belo;-25,47005;-54,58558;2025-03-14 11:00:00.0;0,00
FOZ DO IGUAÇU;410830401A;PR;Porto Belo;-25,47005;-54,58558;2025-03-14 12:00:00.0;0,00
FOZ DO IGUAÇU;410830401A;PR;Porto Belo;-25,47005;-54,58558;2025-03-14 13:00:00.0;0,00
FOZ DO IGUAÇU;410830401A;PR;Porto Belo;-25,47005;-54,58558;2025-03-14 14:00:00.0;0,00
FOZ DO IGUAÇU;410830401A;PR;Porto Belo;-25,47005;-54,58558;2025-03-14 15:00:00.0;0,00
FOZ DO IGUAÇU;410830401A;PR;Porto Belo;-25,47005;-54,58558;2025-03-14 16:00:00.0;0,00
FOZ DO IGUAÇU;410830401A;PR;Porto Belo;-25,47005;-54,58558;2025-03-14 17:00:00.0;0,00
FOZ DO IGUAÇU;410830401A;PR;Porto Belo;-25,47005;-54,58558;2025-03-14 18:00:00.0;0,00
FOZ DO IGUAÇU;410830401A;PR;Porto Belo;-25,47005;-54,58558;2025-03-14 19:00:00.0;0,00
FOZ DO IGUAÇU;410830401A;PR;Porto Belo;-25,47005;-54,58558;2025-03-14 20:00:00.0;0,00
FOZ DO IGUAÇU;410830401A;PR;Porto Belo;-25,47005;-54,58558;2025-03-14 21:00:00.0;0,00
FOZ DO IGUAÇU;410830401A;PR;Porto Belo;-25,47005;-54,58558;2025-03-14 22:00:00.0;0,00
FOZ DO IGUAÇU;410830401A;PR;Porto Belo;-25,47005;-54,58558;2025-03-14 23:00:00.0;0,00
FOZ DO IGUAÇU;410830401A;PR;Porto Belo;-25,47005;-54,58558;2025-03-15 00:00:00.0;0,00
FOZ DO IGUAÇU;410830401A;PR;Porto Belo;-25,47005;-54,58558;2025-03-15 01:00:00.0;0,00
FOZ DO IGUAÇU;410830401A;PR;Porto Belo;-25,47005;-54,58558;2025-03-15 02:00:00.0;0,00
FOZ DO IGUAÇU;410830401A;PR;Porto Belo;-25,47005;-54,58558;2025-03-15 03:00:00.0;0,00
FOZ DO IGUAÇU;410830401A;PR;Porto Belo;-25,47005;-54,58558;2025-03-15 04:00:00.0;0,00
FOZ DO IGUAÇU;410830401A;PR;Porto Belo;-25,47005;-54,58558;2025-03-15 05:00:00.0;0,00
FOZ DO IGUAÇU;410830401A;PR;Porto Belo;-25,47005;-54,58558;2025-03-15 06:00:00.0;0,00
FOZ DO IGUAÇU;410830401A;PR;Porto Belo;-25,47005;-54,58558;2025-03-15 07:00:00.0;0,00
FOZ DO IGUAÇU;410830401A;PR;Porto Belo;-25,47005;-54,58558;2025-03-15 08:00:00.0;0,00
FOZ DO IGUAÇU;410830401A;PR;Porto Belo;-25,47005;-54,58558;2025-03-15 09:00:00.0;0,00
FOZ DO IGUAÇU;410830401A;PR;Porto Belo;-25,47005;-54,58558;2025-03-15 10:00:00.0;0,00
FOZ DO IGUAÇU;410830401A;PR;Porto Belo;-25,47005;-54,58558;2025-03-15 11:00:00.0;0,40
FOZ DO IGUAÇU;410830401A;PR;Porto Belo;-25,47005;-54,58558;2025-03-15 12:00:00.0;0,00
FOZ DO IGUAÇU;410830401A;PR;Porto Belo;-25,47005;-54,58558;2025-03-15 12:30:00.0;0,20
FOZ DO IGUAÇU;410830401A;PR;Porto Belo;-25,47005;-54,58558;2025-03-15 12:50:00.0;0,20
FOZ DO IGUAÇU;410830401A;PR;Porto Belo;-25,47005;-54,58558;2025-03-15 13:00:00.0;0,00
FOZ DO IGUAÇU;410830401A;PR;Porto Belo;-25,47005;-54,58558;2025-03-15 13:10:00.0;0,20
FOZ DO IGUAÇU;410830401A;PR;Porto Belo;-25,47005;-54,58558;2025-03-15 13:20:00.0;0,60
FOZ DO IGUAÇU;410830401A;PR;Porto Belo;-25,47005;-54,58558;2025-03-15 13:30:00.0;0,20
FOZ DO IGUAÇU;410830401A;PR;Porto Belo;-25,47005;-54,58558;2025-03-15 13:40:00.0;0,60
FOZ DO IGUAÇU;410830401A;PR;Porto Belo;-25,47005;-54,58558;2025-03-15 13:50:00.0;0,20
FOZ DO IGUAÇU;410830401A;PR;Porto Belo;-25,47005;-54,58558;2025-03-15 14:00:00.0;0,00
FOZ DO IGUAÇU;410830401A;PR;Porto Belo;-25,47005;-54,58558;2025-03-15 14:20:00.0;0,60
FOZ DO IGUAÇU;410830401A;PR;Porto Belo;-25,47005;-54,58558;2025-03-15 14:30:00.0;0,60
FOZ DO IGUAÇU;410830401A;PR;Porto Belo;-25,47005;-54,58558;2025-03-15 14:40:00.0;0,40
FOZ DO IGUAÇU;410830401A;PR;Porto Belo;-25,47005;-54,58558;2025-03-15 14:50:00.0;0,40
FOZ DO IGUAÇU;410830401A;PR;Porto Belo;-25,47005;-54,58558;2025-03-15 15:00:00.0;0,40
FOZ DO IGUAÇU;410830401A;PR;Porto Belo;-25,47005;-54,58558;2025-03-15 16:00:00.0;0,00
FOZ DO IGUAÇU;410830401A;PR;Porto Belo;-25,47005;-54,58558;2025-03-15 17:00:00.0;0,00
FOZ DO IGUAÇU;410830401A;PR;Porto Belo;-25,47005;-54,58558;2025-03-15 18:00:00.0;0,00
FOZ DO IGUAÇU;410830401A;PR;Porto Belo;-25,47005;-54,58558;2025-03-15 18:50:00.0;0,20
FOZ DO IGUAÇU;410830401A;PR;Porto Belo;-25,47005;-54,58558;2025-03-15 19:00:00.0;0,00
FOZ DO IGUAÇU;410830401A;PR;Porto Belo;-25,47005;-54,58558;2025-03-15 20:00:00.0;0,00
FOZ DO IGUAÇU;410830401A;PR;Porto Belo;-25,47005;-54,58558;2025-03-15 21:00:00.0;0,00
FOZ DO IGUAÇU;410830401A;PR;Porto Belo;-25,47005;-54,58558;2025-03-15 22:00:00.0;0,00
FOZ DO IGUAÇU;410830401A;PR;Porto Belo;-25,47005;-54,58558;2025-03-15 23:00:00.0;0,00
FOZ DO IGUAÇU;410830401A;PR;Porto Belo;-25,47005;-54,58558;2025-03-16 00:00:00.0;0,00
FOZ DO IGUAÇU;410830401A;PR;Porto Belo;-25,47005;-54,58558;2025-03-16 01:00:00.0;0,00
FOZ DO IGUAÇU;410830401A;PR;Porto Belo;-25,47005;-54,58558;2025-03-16 02:00:00.0;0,00
FOZ DO IGUAÇU;410830401A;PR;Porto Belo;-25,47005;-54,58558;2025-03-16 03:00:00.0;0,00
FOZ DO IGUAÇU;410830401A;PR;Porto Belo;-25,47005;-54,58558;2025-03-16 04:00:00.0;0,00
FOZ DO IGUAÇU;410830401A;PR;Porto Belo;-25,47005;-54,58558;2025-03-16 05:00:00.0;0,00
FOZ DO IGUAÇU;410830401A;PR;Porto Belo;-25,47005;-54,58558;2025-03-16 06:00:00.0;0,00
FOZ DO IGUAÇU;410830401A;PR;Porto Belo;-25,47005;-54,58558;2025-03-16 07:00:00.0;0,00
FOZ DO IGUAÇU;410830401A;PR;Porto Belo;-25,47005;-54,58558;2025-03-16 08:00:00.0;0,00
FOZ DO IGUAÇU;410830401A;PR;Porto Belo;-25,47005;-54,58558;2025-03-16 09:00:00.0;0,00
FOZ DO IGUAÇU;410830401A;PR;Porto Belo;-25,47005;-54,58558;2025-03-16 10:00:00.0;0,00
FOZ DO IGUAÇU;410830401A;PR;Porto Belo;-25,47005;-54,58558;2025-03-16 11:00:00.0;0,00
FOZ DO IGUAÇU;410830401A;PR;Porto Belo;-25,47005;-54,58558;2025-03-16 12:00:00.0;0,00
FOZ DO IGUAÇU;410830401A;PR;Porto Belo;-25,47005;-54,58558;2025-03-16 13:00:00.0;0,00
FOZ DO IGUAÇU;410830401A;PR;Porto Belo;-25,47005;-54,58558;2025-03-16 14:10:00.0;0,00
FOZ DO IGUAÇU;410830401A;PR;Porto Belo;-25,47005;-54,58558;2025-03-16 15:00:00.0;0,00
FOZ DO IGUAÇU;410830401A;PR;Porto Belo;-25,47005;-54,58558;2025-03-16 16:00:00.0;0,00
FOZ DO IGUAÇU;410830401A;PR;Porto Belo;-25,47005;-54,58558;2025-03-16 17:00:00.0;0,00
FOZ DO IGUAÇU;410830401A;PR;Porto Belo;-25,47005;-54,58558;2025-03-16 18:00:00.0;0,00
FOZ DO IGUAÇU;410830401A;PR;Porto Belo;-25,47005;-54,58558;2025-03-16 19:00:00.0;0,00
FOZ DO IGUAÇU;410830401A;PR;Porto Belo;-25,47005;-54,58558;2025-03-16 20:00:00.0;0,00
FOZ DO IGUAÇU;410830401A;PR;Porto Belo;-25,47005;-54,58558;2025-03-16 21:00:00.0;0,00
FOZ DO IGUAÇU;410830401A;PR;Porto Belo;-25,47005;-54,58558;2025-03-16 22:00:00.0;0,00
FOZ DO IGUAÇU;410830401A;PR;Porto Belo;-25,47005;-54,58558;2025-03-16 23:00:00.0;0,00
FOZ DO IGUAÇU;410830401A;PR;Porto Belo;-25,47005;-54,58558;2025-03-17 00:00:00.0;0,00
FOZ DO IGUAÇU;410830401A;PR;Porto Belo;-25,47005;-54,58558;2025-03-17 01:00:00.0;0,00
FOZ DO IGUAÇU;410830401A;PR;Porto Belo;-25,47005;-54,58558;2025-03-17 02:00:00.0;0,00
FOZ DO IGUAÇU;410830401A;PR;Porto Belo;-25,47005;-54,58558;2025-03-17 03:00:00.0;0,00
FOZ DO IGUAÇU;410830401A;PR;Porto Belo;-25,47005;-54,58558;2025-03-17 04:00:00.0;0,00
FOZ DO IGUAÇU;410830401A;PR;Porto Belo;-25,47005;-54,58558;2025-03-17 05:00:00.0;0,00
FOZ DO IGUAÇU;410830401A;PR;Porto Belo;-25,47005;-54,58558;2025-03-17 06:00:00.0;0,00
FOZ DO IGUAÇU;410830401A;PR;Porto Belo;-25,47005;-54,58558;2025-03-17 07:00:00.0;0,00
FOZ DO IGUAÇU;410830401A;PR;Porto Belo;-25,47005;-54,58558;2025-03-17 08:00:00.0;0,00
FOZ DO IGUAÇU;410830401A;PR;Porto Belo;-25,47005;-54,58558;2025-03-17 09:00:00.0;0,00
FOZ DO IGUAÇU;410830401A;PR;Porto Belo;-25,47005;-54,58558;2025-03-17 10:00:00.0;0,00
FOZ DO IGUAÇU;410830401A;PR;Porto Belo;-25,47005;-54,58558;2025-03-17 11:00:00.0;0,00
FOZ DO IGUAÇU;410830401A;PR;Porto Belo;-25,47005;-54,58558;2025-03-17 12:00:00.0;0,00
FOZ DO IGUAÇU;410830401A;PR;Porto Belo;-25,47005;-54,58558;2025-03-17 13:00:00.0;0,00
FOZ DO IGUAÇU;410830401A;PR;Porto Belo;-25,47005;-54,58558;2025-03-17 14:00:00.0;0,00
FOZ DO IGUAÇU;410830401A;PR;Porto Belo;-25,47005;-54,58558;2025-03-17 15:00:00.0;0,00
FOZ DO IGUAÇU;410830401A;PR;Porto Belo;-25,47005;-54,58558;2025-03-17 16:00:00.0;0,00
FOZ DO IGUAÇU;410830401A;PR;Porto Belo;-25,47005;-54,58558;2025-03-17 17:00:00.0;0,00
FOZ DO IGUAÇU;410830401A;PR;Porto Belo;-25,47005;-54,58558;2025-03-17 18:00:00.0;0,00
FOZ DO IGUAÇU;410830401A;PR;Porto Belo;-25,47005;-54,58558;2025-03-17 19:00:00.0;0,00
FOZ DO IGUAÇU;410830401A;PR;Porto Belo;-25,47005;-54,58558;2025-03-17 20:00:00.0;0,00
FOZ DO IGUAÇU;410830401A;PR;Porto Belo;-25,47005;-54,58558;2025-03-17 21:00:00.0;0,00
FOZ DO IGUAÇU;410830401A;PR;Porto Belo;-25,47005;-54,58558;2025-03-17 22:10:00.0;0,00
FOZ DO IGUAÇU;410830401A;PR;Porto Belo;-25,47005;-54,58558;2025-03-17 23:00:00.0;0,00
FOZ DO IGUAÇU;410830401A;PR;Porto Belo;-25,47005;-54,58558;2025-03-18 00:00:00.0;0,00
FOZ DO IGUAÇU;410830401A;PR;Porto Belo;-25,47005;-54,58558;2025-03-18 01:00:00.0;0,00
FOZ DO IGUAÇU;410830401A;PR;Porto Belo;-25,47005;-54,58558;2025-03-18 02:00:00.0;0,00
FOZ DO IGUAÇU;410830401A;PR;Porto Belo;-25,47005;-54,58558;2025-03-18 03:00:00.0;0,00
FOZ DO IGUAÇU;410830401A;PR;Porto Belo;-25,47005;-54,58558;2025-03-18 04:00:00.0;0,00
FOZ DO IGUAÇU;410830401A;PR;Porto Belo;-25,47005;-54,58558;2025-03-18 05:00:00.0;0,00
FOZ DO IGUAÇU;410830401A;PR;Porto Belo;-25,47005;-54,58558;2025-03-18 06:00:00.0;0,00
FOZ DO IGUAÇU;410830401A;PR;Porto Belo;-25,47005;-54,58558;2025-03-18 07:00:00.0;0,00
FOZ DO IGUAÇU;410830401A;PR;Porto Belo;-25,47005;-54,58558;2025-03-18 08:00:00.0;0,00
FOZ DO IGUAÇU;410830401A;PR;Porto Belo;-25,47005;-54,58558;2025-03-18 09:00:00.0;0,00
FOZ DO IGUAÇU;410830401A;PR;Porto Belo;-25,47005;-54,58558;2025-03-18 10:00:00.0;0,00
FOZ DO IGUAÇU;410830401A;PR;Porto Belo;-25,47005;-54,58558;2025-03-18 11:00:00.0;0,00
FOZ DO IGUAÇU;410830401A;PR;Porto Belo;-25,47005;-54,58558;2025-03-18 12:00:00.0;0,00
FOZ DO IGUAÇU;410830401A;PR;Porto Belo;-25,47005;-54,58558;2025-03-18 13:00:00.0;0,00
FOZ DO IGUAÇU;410830401A;PR;Porto Belo;-25,47005;-54,58558;2025-03-18 14:00:00.0;0,00
FOZ DO IGUAÇU;410830401A;PR;Porto Belo;-25,47005;-54,58558;2025-03-18 15:00:00.0;0,00
FOZ DO IGUAÇU;410830401A;PR;Porto Belo;-25,47005;-54,58558;2025-03-18 16:00:00.0;0,00
FOZ DO IGUAÇU;410830401A;PR;Porto Belo;-25,47005;-54,58558;2025-03-18 17:00:00.0;0,00
FOZ DO IGUAÇU;410830401A;PR;Porto Belo;-25,47005;-54,58558;2025-03-18 18:00:00.0;0,00
FOZ DO IGUAÇU;410830401A;PR;Porto Belo;-25,47005;-54,58558;2025-03-18 19:00:00.0;0,00
FOZ DO IGUAÇU;410830401A;PR;Porto Belo;-25,47005;-54,58558;2025-03-18 20:00:00.0;0,00
FOZ DO IGUAÇU;410830401A;PR;Porto Belo;-25,47005;-54,58558;2025-03-18 21:00:00.0;0,00
FOZ DO IGUAÇU;410830401A;PR;Porto Belo;-25,47005;-54,58558;2025-03-18 22:00:00.0;0,00
FOZ DO IGUAÇU;410830401A;PR;Porto Belo;-25,47005;-54,58558;2025-03-18 23:00:00.0;0,00
FOZ DO IGUAÇU;410830401A;PR;Porto Belo;-25,47005;-54,58558;2025-03-19 00:00:00.0;0,00
FOZ DO IGUAÇU;410830401A;PR;Porto Belo;-25,47005;-54,58558;2025-03-19 01:00:00.0;0,00
FOZ DO IGUAÇU;410830401A;PR;Porto Belo;-25,47005;-54,58558;2025-03-19 02:00:00.0;0,00
FOZ DO IGUAÇU;410830401A;PR;Porto Belo;-25,47005;-54,58558;2025-03-19 03:00:00.0;0,00
FOZ DO IGUAÇU;410830401A;PR;Porto Belo;-25,47005;-54,58558;2025-03-19 04:00:00.0;0,00
FOZ DO IGUAÇU;410830401A;PR;Porto Belo;-25,47005;-54,58558;2025-03-19 05:00:00.0;0,00
FOZ DO IGUAÇU;410830401A;PR;Porto Belo;-25,47005;-54,58558;2025-03-19 06:00:00.0;0,00
FOZ DO IGUAÇU;410830401A;PR;Porto Belo;-25,47005;-54,58558;2025-03-19 07:00:00.0;0,00
FOZ DO IGUAÇU;410830401A;PR;Porto Belo;-25,47005;-54,58558;2025-03-19 08:00:00.0;0,00
FOZ DO IGUAÇU;410830401A;PR;Porto Belo;-25,47005;-54,58558;2025-03-19 09:00:00.0;0,00
FOZ DO IGUAÇU;410830401A;PR;Porto Belo;-25,47005;-54,58558;2025-03-19 10:00:00.0;0,00
FOZ DO IGUAÇU;410830401A;PR;Porto Belo;-25,47005;-54,58558;2025-03-19 11:00:00.0;0,00
FOZ DO IGUAÇU;410830401A;PR;Porto Belo;-25,47005;-54,58558;2025-03-19 12:00:00.0;0,00
FOZ DO IGUAÇU;410830401A;PR;Porto Belo;-25,47005;-54,58558;2025-03-19 13:00:00.0;0,00
FOZ DO IGUAÇU;410830401A;PR;Porto Belo;-25,47005;-54,58558;2025-03-19 14:00:00.0;0,00
FOZ DO IGUAÇU;410830401A;PR;Porto Belo;-25,47005;-54,58558;2025-03-19 15:00:00.0;0,00
FOZ DO IGUAÇU;410830401A;PR;Porto Belo;-25,47005;-54,58558;2025-03-19 16:00:00.0;0,00
FOZ DO IGUAÇU;410830401A;PR;Porto Belo;-25,47005;-54,58558;2025-03-19 17:00:00.0;0,00
FOZ DO IGUAÇU;410830401A;PR;Porto Belo;-25,47005;-54,58558;2025-03-19 18:00:00.0;0,00
FOZ DO IGUAÇU;410830401A;PR;Porto Belo;-25,47005;-54,58558;2025-03-19 19:00:00.0;0,00
FOZ DO IGUAÇU;410830401A;PR;Porto Belo;-25,47005;-54,58558;2025-03-19 20:00:00.0;0,00
FOZ DO IGUAÇU;410830401A;PR;Porto Belo;-25,47005;-54,58558;2025-03-19 21:00:00.0;0,00
FOZ DO IGUAÇU;410830401A;PR;Porto Belo;-25,47005;-54,58558;2025-03-19 22:00:00.0;0,00
FOZ DO IGUAÇU;410830401A;PR;Porto Belo;-25,47005;-54,58558;2025-03-19 23:00:00.0;0,00
FOZ DO IGUAÇU;410830401A;PR;Porto Belo;-25,47005;-54,58558;2025-03-20 00:00:00.0;0,00
FOZ DO IGUAÇU;410830401A;PR;Porto Belo;-25,47005;-54,58558;2025-03-20 01:00:00.0;0,00
FOZ DO IGUAÇU;410830401A;PR;Porto Belo;-25,47005;-54,58558;2025-03-20 02:00:00.0;0,00
FOZ DO IGUAÇU;410830401A;PR;Porto Belo;-25,47005;-54,58558;2025-03-20 03:00:00.0;0,00
FOZ DO IGUAÇU;410830401A;PR;Porto Belo;-25,47005;-54,58558;2025-03-20 04:00:00.0;0,00
FOZ DO IGUAÇU;410830401A;PR;Porto Belo;-25,47005;-54,58558;2025-03-20 05:00:00.0;0,00
FOZ DO IGUAÇU;410830401A;PR;Porto Belo;-25,47005;-54,58558;2025-03-20 06:00:00.0;0,00
FOZ DO IGUAÇU;410830401A;PR;Porto Belo;-25,47005;-54,58558;2025-03-20 07:00:00.0;0,00
FOZ DO IGUAÇU;410830401A;PR;Porto Belo;-25,47005;-54,58558;2025-03-20 08:00:00.0;0,00
FOZ DO IGUAÇU;410830401A;PR;Porto Belo;-25,47005;-54,58558;2025-03-20 09:00:00.0;0,00
FOZ DO IGUAÇU;410830401A;PR;Porto Belo;-25,47005;-54,58558;2025-03-20 10:00:00.0;0,00
FOZ DO IGUAÇU;410830401A;PR;Porto Belo;-25,47005;-54,58558;2025-03-20 11:00:00.0;0,00
FOZ DO IGUAÇU;410830401A;PR;Porto Belo;-25,47005;-54,58558;2025-03-20 12:00:00.0;0,00
FOZ DO IGUAÇU;410830401A;PR;Porto Belo;-25,47005;-54,58558;2025-03-20 13:00:00.0;0,00
FOZ DO IGUAÇU;410830401A;PR;Porto Belo;-25,47005;-54,58558;2025-03-20 14:00:00.0;0,00
FOZ DO IGUAÇU;410830401A;PR;Porto Belo;-25,47005;-54,58558;2025-03-20 15:00:00.0;0,00
FOZ DO IGUAÇU;410830401A;PR;Porto Belo;-25,47005;-54,58558;2025-03-20 16:00:00.0;0,00
FOZ DO IGUAÇU;410830401A;PR;Porto Belo;-25,47005;-54,58558;2025-03-20 17:00:00.0;0,00
FOZ DO IGUAÇU;410830401A;PR;Porto Belo;-25,47005;-54,58558;2025-03-20 18:00:00.0;0,00
FOZ DO IGUAÇU;410830401A;PR;Porto Belo;-25,47005;-54,58558;2025-03-20 19:00:00.0;0,00
FOZ DO IGUAÇU;410830401A;PR;Porto Belo;-25,47005;-54,58558;2025-03-20 20:00:00.0;0,00
FOZ DO IGUAÇU;410830401A;PR;Porto Belo;-25,47005;-54,58558;2025-03-20 21:00:00.0;0,00
FOZ DO IGUAÇU;410830401A;PR;Porto Belo;-25,47005;-54,58558;2025-03-20 22:00:00.0;0,00
FOZ DO IGUAÇU;410830401A;PR;Porto Belo;-25,47005;-54,58558;2025-03-20 23:00:00.0;0,00
FOZ DO IGUAÇU;410830401A;PR;Porto Belo;-25,47005;-54,58558;2025-03-21 00:00:00.0;0,00
FOZ DO IGUAÇU;410830401A;PR;Porto Belo;-25,47005;-54,58558;2025-03-21 01:00:00.0;0,00
FOZ DO IGUAÇU;410830401A;PR;Porto Belo;-25,47005;-54,58558;2025-03-21 02:00:00.0;0,00
FOZ DO IGUAÇU;410830401A;PR;Porto Belo;-25,47005;-54,58558;2025-03-21 03:00:00.0;0,00
FOZ DO IGUAÇU;410830401A;PR;Porto Belo;-25,47005;-54,58558;2025-03-21 04:00:00.0;0,00
FOZ DO IGUAÇU;410830401A;PR;Porto Belo;-25,47005;-54,58558;2025-03-21 05:00:00.0;0,00
FOZ DO IGUAÇU;410830401A;PR;Porto Belo;-25,47005;-54,58558;2025-03-21 06:00:00.0;0,00
FOZ DO IGUAÇU;410830401A;PR;Porto Belo;-25,47005;-54,58558;2025-03-21 07:00:00.0;0,00
FOZ DO IGUAÇU;410830401A;PR;Porto Belo;-25,47005;-54,58558;2025-03-21 08:00:00.0;0,00
FOZ DO IGUAÇU;410830401A;PR;Porto Belo;-25,47005;-54,58558;2025-03-21 09:00:00.0;0,00
FOZ DO IGUAÇU;410830401A;PR;Porto Belo;-25,47005;-54,58558;2025-03-21 10:00:00.0;0,00
FOZ DO IGUAÇU;410830401A;PR;Porto Belo;-25,47005;-54,58558;2025-03-21 11:00:00.0;0,00
FOZ DO IGUAÇU;410830401A;PR;Porto Belo;-25,47005;-54,58558;2025-03-21 12:00:00.0;0,00
FOZ DO IGUAÇU;410830401A;PR;Porto Belo;-25,47005;-54,58558;2025-03-21 13:00:00.0;0,00
FOZ DO IGUAÇU;410830401A;PR;Porto Belo;-25,47005;-54,58558;2025-03-21 14:00:00.0;0,00
FOZ DO IGUAÇU;410830401A;PR;Porto Belo;-25,47005;-54,58558;2025-03-21 15:00:00.0;0,00
FOZ DO IGUAÇU;410830401A;PR;Porto Belo;-25,47005;-54,58558;2025-03-21 16:00:00.0;0,00
FOZ DO IGUAÇU;410830401A;PR;Porto Belo;-25,47005;-54,58558;2025-03-21 17:00:00.0;0,00
FOZ DO IGUAÇU;410830401A;PR;Porto Belo;-25,47005;-54,58558;2025-03-21 18:00:00.0;0,00
FOZ DO IGUAÇU;410830401A;PR;Porto Belo;-25,47005;-54,58558;2025-03-21 19:00:00.0;0,00
FOZ DO IGUAÇU;410830401A;PR;Porto Belo;-25,47005;-54,58558;2025-03-21 20:00:00.0;0,00
FOZ DO IGUAÇU;410830401A;PR;Porto Belo;-25,47005;-54,58558;2025-03-21 21:00:00.0;0,00
FOZ DO IGUAÇU;410830401A;PR;Porto Belo;-25,47005;-54,58558;2025-03-21 22:00:00.0;0,00
FOZ DO IGUAÇU;410830401A;PR;Porto Belo;-25,47005;-54,58558;2025-03-21 23:00:00.0;0,00
FOZ DO IGUAÇU;410830401A;PR;Porto Belo;-25,47005;-54,58558;2025-03-22 00:00:00.0;0,00
FOZ DO IGUAÇU;410830401A;PR;Porto Belo;-25,47005;-54,58558;2025-03-22 01:00:00.0;0,00
FOZ DO IGUAÇU;410830401A;PR;Porto Belo;-25,47005;-54,58558;2025-03-22 02:00:00.0;0,00
FOZ DO IGUAÇU;410830401A;PR;Porto Belo;-25,47005;-54,58558;2025-03-22 03:00:00.0;0,00
FOZ DO IGUAÇU;410830401A;PR;Porto Belo;-25,47005;-54,58558;2025-03-22 04:00:00.0;0,00
FOZ DO IGUAÇU;410830401A;PR;Porto Belo;-25,47005;-54,58558;2025-03-22 05:00:00.0;0,00
FOZ DO IGUAÇU;410830401A;PR;Porto Belo;-25,47005;-54,58558;2025-03-22 06:00:00.0;0,00
FOZ DO IGUAÇU;410830401A;PR;Porto Belo;-25,47005;-54,58558;2025-03-22 07:00:00.0;0,00
FOZ DO IGUAÇU;410830401A;PR;Porto Belo;-25,47005;-54,58558;2025-03-22 08:00:00.0;0,00
FOZ DO IGUAÇU;410830401A;PR;Porto Belo;-25,47005;-54,58558;2025-03-22 09:00:00.0;0,00
FOZ DO IGUAÇU;410830401A;PR;Porto Belo;-25,47005;-54,58558;2025-03-22 10:00:00.0;0,00
FOZ DO IGUAÇU;410830401A;PR;Porto Belo;-25,47005;-54,58558;2025-03-22 11:00:00.0;0,00
FOZ DO IGUAÇU;410830401A;PR;Porto Belo;-25,47005;-54,58558;2025-03-22 12:00:00.0;0,00
FOZ DO IGUAÇU;410830401A;PR;Porto Belo;-25,47005;-54,58558;2025-03-22 13:00:00.0;0,00
FOZ DO IGUAÇU;410830401A;PR;Porto Belo;-25,47005;-54,58558;2025-03-22 14:00:00.0;0,00
FOZ DO IGUAÇU;410830401A;PR;Porto Belo;-25,47005;-54,58558;2025-03-22 15:00:00.0;0,00
FOZ DO IGUAÇU;410830401A;PR;Porto Belo;-25,47005;-54,58558;2025-03-22 16:00:00.0;0,00
FOZ DO IGUAÇU;410830401A;PR;Porto Belo;-25,47005;-54,58558;2025-03-22 16:20:00.0;0,40
FOZ DO IGUAÇU;410830401A;PR;Porto Belo;-25,47005;-54,58558;2025-03-22 17:00:00.0;0,00
FOZ DO IGUAÇU;410830401A;PR;Porto Belo;-25,47005;-54,58558;2025-03-22 18:00:00.0;0,00
FOZ DO IGUAÇU;410830401A;PR;Porto Belo;-25,47005;-54,58558;2025-03-22 19:00:00.0;0,00
FOZ DO IGUAÇU;410830401A;PR;Porto Belo;-25,47005;-54,58558;2025-03-22 20:00:00.0;0,00
FOZ DO IGUAÇU;410830401A;PR;Porto Belo;-25,47005;-54,58558;2025-03-22 21:00:00.0;0,00
FOZ DO IGUAÇU;410830401A;PR;Porto Belo;-25,47005;-54,58558;2025-03-22 22:00:00.0;0,00
FOZ DO IGUAÇU;410830401A;PR;Porto Belo;-25,47005;-54,58558;2025-03-22 23:00:00.0;0,00
FOZ DO IGUAÇU;410830401A;PR;Porto Belo;-25,47005;-54,58558;2025-03-23 00:00:00.0;0,00
FOZ DO IGUAÇU;410830401A;PR;Porto Belo;-25,47005;-54,58558;2025-03-23 01:00:00.0;0,00
FOZ DO IGUAÇU;410830401A;PR;Porto Belo;-25,47005;-54,58558;2025-03-23 02:00:00.0;0,00
FOZ DO IGUAÇU;410830401A;PR;Porto Belo;-25,47005;-54,58558;2025-03-23 03:00:00.0;0,00
FOZ DO IGUAÇU;410830401A;PR;Porto Belo;-25,47005;-54,58558;2025-03-23 04:00:00.0;0,00
FOZ DO IGUAÇU;410830401A;PR;Porto Belo;-25,47005;-54,58558;2025-03-23 05:00:00.0;0,00
FOZ DO IGUAÇU;410830401A;PR;Porto Belo;-25,47005;-54,58558;2025-03-23 06:00:00.0;0,00
FOZ DO IGUAÇU;410830401A;PR;Porto Belo;-25,47005;-54,58558;2025-03-23 07:00:00.0;0,00
FOZ DO IGUAÇU;410830401A;PR;Porto Belo;-25,47005;-54,58558;2025-03-23 08:00:00.0;0,00
FOZ DO IGUAÇU;410830401A;PR;Porto Belo;-25,47005;-54,58558;2025-03-23 09:00:00.0;0,00
FOZ DO IGUAÇU;410830401A;PR;Porto Belo;-25,47005;-54,58558;2025-03-23 10:00:00.0;0,00
FOZ DO IGUAÇU;410830401A;PR;Porto Belo;-25,47005;-54,58558;2025-03-23 11:00:00.0;0,00
FOZ DO IGUAÇU;410830401A;PR;Porto Belo;-25,47005;-54,58558;2025-03-23 12:00:00.0;0,00
FOZ DO IGUAÇU;410830401A;PR;Porto Belo;-25,47005;-54,58558;2025-03-23 13:00:00.0;0,00
FOZ DO IGUAÇU;410830401A;PR;Porto Belo;-25,47005;-54,58558;2025-03-23 14:00:00.0;0,00
FOZ DO IGUAÇU;410830401A;PR;Porto Belo;-25,47005;-54,58558;2025-03-23 15:00:00.0;0,00
FOZ DO IGUAÇU;410830401A;PR;Porto Belo;-25,47005;-54,58558;2025-03-23 16:00:00.0;0,00
FOZ DO IGUAÇU;410830401A;PR;Porto Belo;-25,47005;-54,58558;2025-03-23 17:00:00.0;0,00
FOZ DO IGUAÇU;410830401A;PR;Porto Belo;-25,47005;-54,58558;2025-03-23 18:00:00.0;0,00
FOZ DO IGUAÇU;410830401A;PR;Porto Belo;-25,47005;-54,58558;2025-03-23 19:00:00.0;0,00
FOZ DO IGUAÇU;410830401A;PR;Porto Belo;-25,47005;-54,58558;2025-03-23 20:00:00.0;0,00
FOZ DO IGUAÇU;410830401A;PR;Porto Belo;-25,47005;-54,58558;2025-03-23 21:00:00.0;0,00
FOZ DO IGUAÇU;410830401A;PR;Porto Belo;-25,47005;-54,58558;2025-03-23 22:00:00.0;0,00
FOZ DO IGUAÇU;410830401A;PR;Porto Belo;-25,47005;-54,58558;2025-03-23 23:00:00.0;0,00
FOZ DO IGUAÇU;410830401A;PR;Porto Belo;-25,47005;-54,58558;2025-03-24 00:00:00.0;0,00
FOZ DO IGUAÇU;410830401A;PR;Porto Belo;-25,47005;-54,58558;2025-03-24 01:00:00.0;0,00
FOZ DO IGUAÇU;410830401A;PR;Porto Belo;-25,47005;-54,58558;2025-03-24 02:00:00.0;0,00
FOZ DO IGUAÇU;410830401A;PR;Porto Belo;-25,47005;-54,58558;2025-03-24 03:00:00.0;0,00
FOZ DO IGUAÇU;410830401A;PR;Porto Belo;-25,47005;-54,58558;2025-03-24 04:00:00.0;0,00
FOZ DO IGUAÇU;410830401A;PR;Porto Belo;-25,47005;-54,58558;2025-03-24 05:00:00.0;0,00
FOZ DO IGUAÇU;410830401A;PR;Porto Belo;-25,47005;-54,58558;2025-03-24 06:00:00.0;0,00
FOZ DO IGUAÇU;410830401A;PR;Porto Belo;-25,47005;-54,58558;2025-03-24 07:00:00.0;0,00
FOZ DO IGUAÇU;410830401A;PR;Porto Belo;-25,47005;-54,58558;2025-03-24 08:00:00.0;0,00
FOZ DO IGUAÇU;410830401A;PR;Porto Belo;-25,47005;-54,58558;2025-03-24 09:00:00.0;0,00
FOZ DO IGUAÇU;410830401A;PR;Porto Belo;-25,47005;-54,58558;2025-03-24 10:00:00.0;0,00
FOZ DO IGUAÇU;410830401A;PR;Porto Belo;-25,47005;-54,58558;2025-03-24 11:00:00.0;0,00
FOZ DO IGUAÇU;410830401A;PR;Porto Belo;-25,47005;-54,58558;2025-03-24 12:00:00.0;0,00
FOZ DO IGUAÇU;410830401A;PR;Porto Belo;-25,47005;-54,58558;2025-03-24 13:00:00.0;0,00
FOZ DO IGUAÇU;410830401A;PR;Porto Belo;-25,47005;-54,58558;2025-03-24 14:00:00.0;0,00
FOZ DO IGUAÇU;410830401A;PR;Porto Belo;-25,47005;-54,58558;2025-03-24 15:00:00.0;0,00
FOZ DO IGUAÇU;410830401A;PR;Porto Belo;-25,47005;-54,58558;2025-03-24 16:00:00.0;0,00
FOZ DO IGUAÇU;410830401A;PR;Porto Belo;-25,47005;-54,58558;2025-03-24 17:00:00.0;0,00
FOZ DO IGUAÇU;410830401A;PR;Porto Belo;-25,47005;-54,58558;2025-03-24 18:00:00.0;0,00
FOZ DO IGUAÇU;410830401A;PR;Porto Belo;-25,47005;-54,58558;2025-03-24 19:00:00.0;0,00
FOZ DO IGUAÇU;410830401A;PR;Porto Belo;-25,47005;-54,58558;2025-03-24 20:00:00.0;0,00
FOZ DO IGUAÇU;410830401A;PR;Porto Belo;-25,47005;-54,58558;2025-03-24 21:00:00.0;0,00
FOZ DO IGUAÇU;410830401A;PR;Porto Belo;-25,47005;-54,58558;2025-03-24 22:00:00.0;0,00
FOZ DO IGUAÇU;410830401A;PR;Porto Belo;-25,47005;-54,58558;2025-03-24 23:00:00.0;0,00
FOZ DO IGUAÇU;410830401A;PR;Porto Belo;-25,47005;-54,58558;2025-03-25 00:00:00.0;0,00
FOZ DO IGUAÇU;410830401A;PR;Porto Belo;-25,47005;-54,58558;2025-03-25 01:00:00.0;0,00
FOZ DO IGUAÇU;410830401A;PR;Porto Belo;-25,47005;-54,58558;2025-03-25 02:00:00.0;0,00
FOZ DO IGUAÇU;410830401A;PR;Porto Belo;-25,47005;-54,58558;2025-03-25 03:00:00.0;0,00
FOZ DO IGUAÇU;410830401A;PR;Porto Belo;-25,47005;-54,58558;2025-03-25 04:00:00.0;0,00
FOZ DO IGUAÇU;410830401A;PR;Porto Belo;-25,47005;-54,58558;2025-03-25 05:00:00.0;0,00
FOZ DO IGUAÇU;410830401A;PR;Porto Belo;-25,47005;-54,58558;2025-03-25 06:00:00.0;0,00
FOZ DO IGUAÇU;410830401A;PR;Porto Belo;-25,47005;-54,58558;2025-03-25 07:00:00.0;0,00
FOZ DO IGUAÇU;410830401A;PR;Porto Belo;-25,47005;-54,58558;2025-03-25 08:00:00.0;0,00
FOZ DO IGUAÇU;410830401A;PR;Porto Belo;-25,47005;-54,58558;2025-03-25 09:00:00.0;0,00
FOZ DO IGUAÇU;410830401A;PR;Porto Belo;-25,47005;-54,58558;2025-03-25 10:00:00.0;0,00
FOZ DO IGUAÇU;410830401A;PR;Porto Belo;-25,47005;-54,58558;2025-03-25 11:00:00.0;0,00
FOZ DO IGUAÇU;410830401A;PR;Porto Belo;-25,47005;-54,58558;2025-03-25 12:00:00.0;0,00
FOZ DO IGUAÇU;410830401A;PR;Porto Belo;-25,47005;-54,58558;2025-03-25 13:00:00.0;0,00
FOZ DO IGUAÇU;410830401A;PR;Porto Belo;-25,47005;-54,58558;2025-03-25 14:00:00.0;0,00
FOZ DO IGUAÇU;410830401A;PR;Porto Belo;-25,47005;-54,58558;2025-03-25 15:00:00.0;0,00
FOZ DO IGUAÇU;410830401A;PR;Porto Belo;-25,47005;-54,58558;2025-03-25 16:00:00.0;0,00
FOZ DO IGUAÇU;410830401A;PR;Porto Belo;-25,47005;-54,58558;2025-03-25 17:00:00.0;0,00
FOZ DO IGUAÇU;410830401A;PR;Porto Belo;-25,47005;-54,58558;2025-03-25 18:00:00.0;2,00
FOZ DO IGUAÇU;410830401A;PR;Porto Belo;-25,47005;-54,58558;2025-03-25 18:10:00.0;2,00
FOZ DO IGUAÇU;410830401A;PR;Porto Belo;-25,47005;-54,58558;2025-03-25 18:20:00.0;2,40
FOZ DO IGUAÇU;410830401A;PR;Porto Belo;-25,47005;-54,58558;2025-03-25 18:30:00.0;0,40
FOZ DO IGUAÇU;410830401A;PR;Porto Belo;-25,47005;-54,58558;2025-03-25 19:00:00.0;0,20
FOZ DO IGUAÇU;410830401A;PR;Porto Belo;-25,47005;-54,58558;2025-03-25 19:30:00.0;0,20
FOZ DO IGUAÇU;410830401A;PR;Porto Belo;-25,47005;-54,58558;2025-03-25 19:50:00.0;0,40
FOZ DO IGUAÇU;410830401A;PR;Porto Belo;-25,47005;-54,58558;2025-03-25 20:00:00.0;0,20
FOZ DO IGUAÇU;410830401A;PR;Porto Belo;-25,47005;-54,58558;2025-03-25 20:20:00.0;0,40
FOZ DO IGUAÇU;410830401A;PR;Porto Belo;-25,47005;-54,58558;2025-03-25 20:30:00.0;0,40
FOZ DO IGUAÇU;410830401A;PR;Porto Belo;-25,47005;-54,58558;2025-03-25 20:40:00.0;0,20
FOZ DO IGUAÇU;410830401A;PR;Porto Belo;-25,47005;-54,58558;2025-03-25 20:50:00.0;0,20
FOZ DO IGUAÇU;410830401A;PR;Porto Belo;-25,47005;-54,58558;2025-03-25 21:00:00.0;0,00
FOZ DO IGUAÇU;410830401A;PR;Porto Belo;-25,47005;-54,58558;2025-03-25 22:00:00.0;0,00
FOZ DO IGUAÇU;410830401A;PR;Porto Belo;-25,47005;-54,58558;2025-03-25 23:00:00.0;0,00
FOZ DO IGUAÇU;410830401A;PR;Porto Belo;-25,47005;-54,58558;2025-03-26 00:00:00.0;0,00
FOZ DO IGUAÇU;410830401A;PR;Porto Belo;-25,47005;-54,58558;2025-03-26 01:00:00.0;0,00
FOZ DO IGUAÇU;410830401A;PR;Porto Belo;-25,47005;-54,58558;2025-03-26 02:00:00.0;0,00
FOZ DO IGUAÇU;410830401A;PR;Porto Belo;-25,47005;-54,58558;2025-03-26 03:00:00.0;0,00
FOZ DO IGUAÇU;410830401A;PR;Porto Belo;-25,47005;-54,58558;2025-03-26 04:00:00.0;0,00
FOZ DO IGUAÇU;410830401A;PR;Porto Belo;-25,47005;-54,58558;2025-03-26 05:00:00.0;0,00
FOZ DO IGUAÇU;410830401A;PR;Porto Belo;-25,47005;-54,58558;2025-03-26 06:00:00.0;0,00
FOZ DO IGUAÇU;410830401A;PR;Porto Belo;-25,47005;-54,58558;2025-03-26 07:00:00.0;0,00
FOZ DO IGUAÇU;410830401A;PR;Porto Belo;-25,47005;-54,58558;2025-03-26 08:00:00.0;0,00
FOZ DO IGUAÇU;410830401A;PR;Porto Belo;-25,47005;-54,58558;2025-03-26 09:00:00.0;0,00
FOZ DO IGUAÇU;410830401A;PR;Porto Belo;-25,47005;-54,58558;2025-03-26 10:00:00.0;0,00
FOZ DO IGUAÇU;410830401A;PR;Porto Belo;-25,47005;-54,58558;2025-03-26 11:00:00.0;0,00
FOZ DO IGUAÇU;410830401A;PR;Porto Belo;-25,47005;-54,58558;2025-03-26 12:00:00.0;0,00
FOZ DO IGUAÇU;410830401A;PR;Porto Belo;-25,47005;-54,58558;2025-03-26 13:00:00.0;0,00
FOZ DO IGUAÇU;410830401A;PR;Porto Belo;-25,47005;-54,58558;2025-03-26 14:00:00.0;0,00
FOZ DO IGUAÇU;410830401A;PR;Porto Belo;-25,47005;-54,58558;2025-03-26 15:00:00.0;0,00
FOZ DO IGUAÇU;410830401A;PR;Porto Belo;-25,47005;-54,58558;2025-03-26 15:20:00.0;0,20
FOZ DO IGUAÇU;410830401A;PR;Porto Belo;-25,47005;-54,58558;2025-03-26 16:00:00.0;0,00
FOZ DO IGUAÇU;410830401A;PR;Porto Belo;-25,47005;-54,58558;2025-03-26 17:00:00.0;0,00
FOZ DO IGUAÇU;410830401A;PR;Porto Belo;-25,47005;-54,58558;2025-03-26 18:00:00.0;0,00
FOZ DO IGUAÇU;410830401A;PR;Porto Belo;-25,47005;-54,58558;2025-03-26 19:00:00.0;0,00
FOZ DO IGUAÇU;410830401A;PR;Porto Belo;-25,47005;-54,58558;2025-03-26 20:00:00.0;0,00
FOZ DO IGUAÇU;410830401A;PR;Porto Belo;-25,47005;-54,58558;2025-03-26 21:00:00.0;0,00
FOZ DO IGUAÇU;410830401A;PR;Porto Belo;-25,47005;-54,58558;2025-03-26 22:00:00.0;0,00
FOZ DO IGUAÇU;410830401A;PR;Porto Belo;-25,47005;-54,58558;2025-03-26 23:00:00.0;0,00
FOZ DO IGUAÇU;410830401A;PR;Porto Belo;-25,47005;-54,58558;2025-03-27 00:00:00.0;0,00
FOZ DO IGUAÇU;410830401A;PR;Porto Belo;-25,47005;-54,58558;2025-03-27 01:00:00.0;0,00
FOZ DO IGUAÇU;410830401A;PR;Porto Belo;-25,47005;-54,58558;2025-03-27 02:00:00.0;0,00
FOZ DO IGUAÇU;410830401A;PR;Porto Belo;-25,47005;-54,58558;2025-03-27 03:00:00.0;0,00
FOZ DO IGUAÇU;410830401A;PR;Porto Belo;-25,47005;-54,58558;2025-03-27 04:00:00.0;0,00
FOZ DO IGUAÇU;410830401A;PR;Porto Belo;-25,47005;-54,58558;2025-03-27 05:00:00.0;0,00
FOZ DO IGUAÇU;410830401A;PR;Porto Belo;-25,47005;-54,58558;2025-03-27 06:00:00.0;0,00
FOZ DO IGUAÇU;410830401A;PR;Porto Belo;-25,47005;-54,58558;2025-03-27 07:00:00.0;0,00
FOZ DO IGUAÇU;410830401A;PR;Porto Belo;-25,47005;-54,58558;2025-03-27 08:00:00.0;0,00
FOZ DO IGUAÇU;410830401A;PR;Porto Belo;-25,47005;-54,58558;2025-03-27 09:00:00.0;0,00
FOZ DO IGUAÇU;410830401A;PR;Porto Belo;-25,47005;-54,58558;2025-03-27 10:00:00.0;0,00
FOZ DO IGUAÇU;410830401A;PR;Porto Belo;-25,47005;-54,58558;2025-03-27 11:00:00.0;0,00
FOZ DO IGUAÇU;410830401A;PR;Porto Belo;-25,47005;-54,58558;2025-03-27 12:00:00.0;0,00
FOZ DO IGUAÇU;410830401A;PR;Porto Belo;-25,47005;-54,58558;2025-03-27 13:00:00.0;0,00
FOZ DO IGUAÇU;410830401A;PR;Porto Belo;-25,47005;-54,58558;2025-03-27 14:00:00.0;0,00
FOZ DO IGUAÇU;410830401A;PR;Porto Belo;-25,47005;-54,58558;2025-03-27 15:00:00.0;0,00
FOZ DO IGUAÇU;410830401A;PR;Porto Belo;-25,47005;-54,58558;2025-03-27 16:00:00.0;0,00
FOZ DO IGUAÇU;410830401A;PR;Porto Belo;-25,47005;-54,58558;2025-03-27 17:00:00.0;0,00
FOZ DO IGUAÇU;410830401A;PR;Porto Belo;-25,47005;-54,58558;2025-03-27 18:00:00.0;0,00
FOZ DO IGUAÇU;410830401A;PR;Porto Belo;-25,47005;-54,58558;2025-03-27 19:00:00.0;0,00
FOZ DO IGUAÇU;410830401A;PR;Porto Belo;-25,47005;-54,58558;2025-03-27 20:00:00.0;0,00
FOZ DO IGUAÇU;410830401A;PR;Porto Belo;-25,47005;-54,58558;2025-03-27 21:00:00.0;0,00
FOZ DO IGUAÇU;410830401A;PR;Porto Belo;-25,47005;-54,58558;2025-03-27 22:00:00.0;0,00
FOZ DO IGUAÇU;410830401A;PR;Porto Belo;-25,47005;-54,58558;2025-03-27 23:00:00.0;0,00
FOZ DO IGUAÇU;410830401A;PR;Porto Belo;-25,47005;-54,58558;2025-03-27 23:50:00.0;0,20
FOZ DO IGUAÇU;410830401A;PR;Porto Belo;-25,47005;-54,58558;2025-03-28 00:00:00.0;3,60
FOZ DO IGUAÇU;410830401A;PR;Porto Belo;-25,47005;-54,58558;2025-03-28 00:10:00.0;31,00
FOZ DO IGUAÇU;410830401A;PR;Porto Belo;-25,47005;-54,58558;2025-03-28 00:20:00.0;8,60
FOZ DO IGUAÇU;410830401A;PR;Porto Belo;-25,47005;-54,58558;2025-03-28 00:30:00.0;2,40
FOZ DO IGUAÇU;410830401A;PR;Porto Belo;-25,47005;-54,58558;2025-03-28 00:40:00.0;1,00
FOZ DO IGUAÇU;410830401A;PR;Porto Belo;-25,47005;-54,58558;2025-03-28 00:50:00.0;0,20
FOZ DO IGUAÇU;410830401A;PR;Porto Belo;-25,47005;-54,58558;2025-03-28 01:00:00.0;0,60
FOZ DO IGUAÇU;410830401A;PR;Porto Belo;-25,47005;-54,58558;2025-03-28 01:50:00.0;0,20
FOZ DO IGUAÇU;410830401A;PR;Porto Belo;-25,47005;-54,58558;2025-03-28 02:00:00.0;0,00
FOZ DO IGUAÇU;410830401A;PR;Porto Belo;-25,47005;-54,58558;2025-03-28 02:40:00.0;0,40
FOZ DO IGUAÇU;410830401A;PR;Porto Belo;-25,47005;-54,58558;2025-03-28 03:00:00.0;0,00
FOZ DO IGUAÇU;410830401A;PR;Porto Belo;-25,47005;-54,58558;2025-03-28 04:00:00.0;0,00
FOZ DO IGUAÇU;410830401A;PR;Porto Belo;-25,47005;-54,58558;2025-03-28 05:00:00.0;0,00
FOZ DO IGUAÇU;410830401A;PR;Porto Belo;-25,47005;-54,58558;2025-03-28 06:00:00.0;0,00
FOZ DO IGUAÇU;410830401A;PR;Porto Belo;-25,47005;-54,58558;2025-03-28 07:00:00.0;0,00
FOZ DO IGUAÇU;410830401A;PR;Porto Belo;-25,47005;-54,58558;2025-03-28 08:00:00.0;0,00
FOZ DO IGUAÇU;410830401A;PR;Porto Belo;-25,47005;-54,58558;2025-03-28 09:00:00.0;0,00
FOZ DO IGUAÇU;410830401A;PR;Porto Belo;-25,47005;-54,58558;2025-03-28 10:00:00.0;0,00
FOZ DO IGUAÇU;410830401A;PR;Porto Belo;-25,47005;-54,58558;2025-03-28 11:00:00.0;0,00
FOZ DO IGUAÇU;410830401A;PR;Porto Belo;-25,47005;-54,58558;2025-03-28 12:00:00.0;0,00
FOZ DO IGUAÇU;410830401A;PR;Porto Belo;-25,47005;-54,58558;2025-03-28 13:00:00.0;0,00
FOZ DO IGUAÇU;410830401A;PR;Porto Belo;-25,47005;-54,58558;2025-03-28 14:00:00.0;0,00
FOZ DO IGUAÇU;410830401A;PR;Porto Belo;-25,47005;-54,58558;2025-03-28 15:00:00.0;0,00
FOZ DO IGUAÇU;410830401A;PR;Porto Belo;-25,47005;-54,58558;2025-03-28 16:00:00.0;0,00
FOZ DO IGUAÇU;410830401A;PR;Porto Belo;-25,47005;-54,58558;2025-03-28 17:00:00.0;0,00
FOZ DO IGUAÇU;410830401A;PR;Porto Belo;-25,47005;-54,58558;2025-03-28 18:00:00.0;0,00
FOZ DO IGUAÇU;410830401A;PR;Porto Belo;-25,47005;-54,58558;2025-03-28 19:00:00.0;0,00
FOZ DO IGUAÇU;410830401A;PR;Porto Belo;-25,47005;-54,58558;2025-03-28 20:00:00.0;0,00
FOZ DO IGUAÇU;410830401A;PR;Porto Belo;-25,47005;-54,58558;2025-03-28 21:00:00.0;0,00
FOZ DO IGUAÇU;410830401A;PR;Porto Belo;-25,47005;-54,58558;2025-03-28 22:00:00.0;0,00
FOZ DO IGUAÇU;410830401A;PR;Porto Belo;-25,47005;-54,58558;2025-03-28 23:00:00.0;0,00
FOZ DO IGUAÇU;410830401A;PR;Porto Belo;-25,47005;-54,58558;2025-03-29 00:00:00.0;0,00
FOZ DO IGUAÇU;410830401A;PR;Porto Belo;-25,47005;-54,58558;2025-03-29 01:00:00.0;0,00
FOZ DO IGUAÇU;410830401A;PR;Porto Belo;-25,47005;-54,58558;2025-03-29 02:00:00.0;0,00
FOZ DO IGUAÇU;410830401A;PR;Porto Belo;-25,47005;-54,58558;2025-03-29 03:00:00.0;0,20
FOZ DO IGUAÇU;410830401A;PR;Porto Belo;-25,47005;-54,58558;2025-03-29 03:10:00.0;0,20
FOZ DO IGUAÇU;410830401A;PR;Porto Belo;-25,47005;-54,58558;2025-03-29 03:20:00.0;0,20
FOZ DO IGUAÇU;410830401A;PR;Porto Belo;-25,47005;-54,58558;2025-03-29 03:30:00.0;0,40
FOZ DO IGUAÇU;410830401A;PR;Porto Belo;-25,47005;-54,58558;2025-03-29 03:40:00.0;0,40
FOZ DO IGUAÇU;410830401A;PR;Porto Belo;-25,47005;-54,58558;2025-03-29 03:50:00.0;0,40
FOZ DO IGUAÇU;410830401A;PR;Porto Belo;-25,47005;-54,58558;2025-03-29 04:00:00.0;0,60
FOZ DO IGUAÇU;410830401A;PR;Porto Belo;-25,47005;-54,58558;2025-03-29 04:10:00.0;1,00
FOZ DO IGUAÇU;410830401A;PR;Porto Belo;-25,47005;-54,58558;2025-03-29 04:20:00.0;9,00
FOZ DO IGUAÇU;410830401A;PR;Porto Belo;-25,47005;-54,58558;2025-03-29 04:30:00.0;4,60
FOZ DO IGUAÇU;410830401A;PR;Porto Belo;-25,47005;-54,58558;2025-03-29 04:40:00.0;1,00
FOZ DO IGUAÇU;410830401A;PR;Porto Belo;-25,47005;-54,58558;2025-03-29 04:50:00.0;0,40
FOZ DO IGUAÇU;410830401A;PR;Porto Belo;-25,47005;-54,58558;2025-03-29 05:00:00.0;0,20
FOZ DO IGUAÇU;410830401A;PR;Porto Belo;-25,47005;-54,58558;2025-03-29 05:20:00.0;0,20
FOZ DO IGUAÇU;410830401A;PR;Porto Belo;-25,47005;-54,58558;2025-03-29 05:30:00.0;0,20
FOZ DO IGUAÇU;410830401A;PR;Porto Belo;-25,47005;-54,58558;2025-03-29 05:40:00.0;0,20
FOZ DO IGUAÇU;410830401A;PR;Porto Belo;-25,47005;-54,58558;2025-03-29 06:00:00.0;0,20
FOZ DO IGUAÇU;410830401A;PR;Porto Belo;-25,47005;-54,58558;2025-03-29 06:10:00.0;0,20
FOZ DO IGUAÇU;410830401A;PR;Porto Belo;-25,47005;-54,58558;2025-03-29 07:00:00.0;0,00
FOZ DO IGUAÇU;410830401A;PR;Porto Belo;-25,47005;-54,58558;2025-03-29 08:00:00.0;0,00
FOZ DO IGUAÇU;410830401A;PR;Porto Belo;-25,47005;-54,58558;2025-03-29 09:00:00.0;0,00
FOZ DO IGUAÇU;410830401A;PR;Porto Belo;-25,47005;-54,58558;2025-03-29 10:00:00.0;0,00
FOZ DO IGUAÇU;410830401A;PR;Porto Belo;-25,47005;-54,58558;2025-03-29 11:00:00.0;0,00
FOZ DO IGUAÇU;410830401A;PR;Porto Belo;-25,47005;-54,58558;2025-03-29 12:00:00.0;0,00
FOZ DO IGUAÇU;410830401A;PR;Porto Belo;-25,47005;-54,58558;2025-03-29 13:00:00.0;0,00
FOZ DO IGUAÇU;410830401A;PR;Porto Belo;-25,47005;-54,58558;2025-03-29 14:00:00.0;0,00
FOZ DO IGUAÇU;410830401A;PR;Porto Belo;-25,47005;-54,58558;2025-03-29 15:00:00.0;0,00
FOZ DO IGUAÇU;410830401A;PR;Porto Belo;-25,47005;-54,58558;2025-03-29 16:00:00.0;0,00
FOZ DO IGUAÇU;410830401A;PR;Porto Belo;-25,47005;-54,58558;2025-03-29 17:00:00.0;0,00
FOZ DO IGUAÇU;410830401A;PR;Porto Belo;-25,47005;-54,58558;2025-03-29 18:00:00.0;0,00
FOZ DO IGUAÇU;410830401A;PR;Porto Belo;-25,47005;-54,58558;2025-03-29 19:00:00.0;0,00
FOZ DO IGUAÇU;410830401A;PR;Porto Belo;-25,47005;-54,58558;2025-03-29 20:00:00.0;0,00
FOZ DO IGUAÇU;410830401A;PR;Porto Belo;-25,47005;-54,58558;2025-03-29 21:00:00.0;0,00
FOZ DO IGUAÇU;410830401A;PR;Porto Belo;-25,47005;-54,58558;2025-03-29 22:00:00.0;0,00
FOZ DO IGUAÇU;410830401A;PR;Porto Belo;-25,47005;-54,58558;2025-03-29 23:00:00.0;0,00
FOZ DO IGUAÇU;410830401A;PR;Porto Belo;-25,47005;-54,58558;2025-03-30 00:00:00.0;0,00
FOZ DO IGUAÇU;410830401A;PR;Porto Belo;-25,47005;-54,58558;2025-03-30 01:00:00.0;0,00
FOZ DO IGUAÇU;410830401A;PR;Porto Belo;-25,47005;-54,58558;2025-03-30 02:00:00.0;0,00
FOZ DO IGUAÇU;410830401A;PR;Porto Belo;-25,47005;-54,58558;2025-03-30 03:00:00.0;0,00
FOZ DO IGUAÇU;410830401A;PR;Porto Belo;-25,47005;-54,58558;2025-03-30 04:00:00.0;0,00
FOZ DO IGUAÇU;410830401A;PR;Porto Belo;-25,47005;-54,58558;2025-03-30 05:00:00.0;0,00
FOZ DO IGUAÇU;410830401A;PR;Porto Belo;-25,47005;-54,58558;2025-03-30 06:00:00.0;0,00
FOZ DO IGUAÇU;410830401A;PR;Porto Belo;-25,47005;-54,58558;2025-03-30 07:00:00.0;0,00
FOZ DO IGUAÇU;410830401A;PR;Porto Belo;-25,47005;-54,58558;2025-03-30 08:00:00.0;0,00
FOZ DO IGUAÇU;410830401A;PR;Porto Belo;-25,47005;-54,58558;2025-03-30 09:00:00.0;0,00
FOZ DO IGUAÇU;410830401A;PR;Porto Belo;-25,47005;-54,58558;2025-03-30 10:00:00.0;0,00
FOZ DO IGUAÇU;410830401A;PR;Porto Belo;-25,47005;-54,58558;2025-03-30 11:00:00.0;0,00
FOZ DO IGUAÇU;410830401A;PR;Porto Belo;-25,47005;-54,58558;2025-03-30 12:00:00.0;0,00
FOZ DO IGUAÇU;410830401A;PR;Porto Belo;-25,47005;-54,58558;2025-03-30 13:00:00.0;0,00
FOZ DO IGUAÇU;410830401A;PR;Porto Belo;-25,47005;-54,58558;2025-03-30 14:00:00.0;0,00
FOZ DO IGUAÇU;410830401A;PR;Porto Belo;-25,47005;-54,58558;2025-03-30 15:00:00.0;0,00
FOZ DO IGUAÇU;410830401A;PR;Porto Belo;-25,47005;-54,58558;2025-03-30 16:00:00.0;0,00
FOZ DO IGUAÇU;410830401A;PR;Porto Belo;-25,47005;-54,58558;2025-03-30 17:00:00.0;0,00
FOZ DO IGUAÇU;410830401A;PR;Porto Belo;-25,47005;-54,58558;2025-03-30 18:00:00.0;0,00
FOZ DO IGUAÇU;410830401A;PR;Porto Belo;-25,47005;-54,58558;2025-03-30 19:00:00.0;0,00
FOZ DO IGUAÇU;410830401A;PR;Porto Belo;-25,47005;-54,58558;2025-03-30 20:00:00.0;0,00
FOZ DO IGUAÇU;410830401A;PR;Porto Belo;-25,47005;-54,58558;2025-03-30 21:00:00.0;0,00
FOZ DO IGUAÇU;410830401A;PR;Porto Belo;-25,47005;-54,58558;2025-03-30 22:00:00.0;0,00
FOZ DO IGUAÇU;410830401A;PR;Porto Belo;-25,47005;-54,58558;2025-03-30 23:00:00.0;0,00
FOZ DO IGUAÇU;410830401A;PR;Porto Belo;-25,47005;-54,58558;2025-03-31 00:00:00.0;0,00
FOZ DO IGUAÇU;410830401A;PR;Porto Belo;-25,47005;-54,58558;2025-03-31 01:00:00.0;0,00
FOZ DO IGUAÇU;410830401A;PR;Porto Belo;-25,47005;-54,58558;2025-03-31 02:00:00.0;0,00
FOZ DO IGUAÇU;410830401A;PR;Porto Belo;-25,47005;-54,58558;2025-03-31 03:00:00.0;0,00
FOZ DO IGUAÇU;410830401A;PR;Porto Belo;-25,47005;-54,58558;2025-03-31 04:00:00.0;0,00
FOZ DO IGUAÇU;410830401A;PR;Porto Belo;-25,47005;-54,58558;2025-03-31 05:00:00.0;0,00
FOZ DO IGUAÇU;410830401A;PR;Porto Belo;-25,47005;-54,58558;2025-03-31 06:00:00.0;0,00
FOZ DO IGUAÇU;410830401A;PR;Porto Belo;-25,47005;-54,58558;2025-03-31 07:00:00.0;0,00
FOZ DO IGUAÇU;410830401A;PR;Porto Belo;-25,47005;-54,58558;2025-03-31 08:00:00.0;0,00
FOZ DO IGUAÇU;410830401A;PR;Porto Belo;-25,47005;-54,58558;2025-03-31 09:00:00.0;0,00
FOZ DO IGUAÇU;410830401A;PR;Porto Belo;-25,47005;-54,58558;2025-03-31 10:00:00.0;0,00
FOZ DO IGUAÇU;410830401A;PR;Porto Belo;-25,47005;-54,58558;2025-03-31 11:00:00.0;0,00
FOZ DO IGUAÇU;410830401A;PR;Porto Belo;-25,47005;-54,58558;2025-03-31 12:00:00.0;0,00
FOZ DO IGUAÇU;410830401A;PR;Porto Belo;-25,47005;-54,58558;2025-03-31 13:00:00.0;0,00
FOZ DO IGUAÇU;410830401A;PR;Porto Belo;-25,47005;-54,58558;2025-03-31 14:00:00.0;0,00
FOZ DO IGUAÇU;410830401A;PR;Porto Belo;-25,47005;-54,58558;2025-03-31 15:00:00.0;0,00
FOZ DO IGUAÇU;410830401A;PR;Porto Belo;-25,47005;-54,58558;2025-03-31 16:00:00.0;0,00
FOZ DO IGUAÇU;410830401A;PR;Porto Belo;-25,47005;-54,58558;2025-03-31 17:00:00.0;0,00
FOZ DO IGUAÇU;410830401A;PR;Porto Belo;-25,47005;-54,58558;2025-03-31 18:00:00.0;0,00
FOZ DO IGUAÇU;410830401A;PR;Porto Belo;-25,47005;-54,58558;2025-03-31 19:00:00.0;0,00
FOZ DO IGUAÇU;410830401A;PR;Porto Belo;-25,47005;-54,58558;2025-03-31 20:30:00.0;3,40
FOZ DO IGUAÇU;410830401A;PR;Porto Belo;-25,47005;-54,58558;2025-03-31 20:40:00.0;2,20
FOZ DO IGUAÇU;410830401A;PR;Porto Belo;-25,47005;-54,58558;2025-03-31 20:50:00.0;4,20
FOZ DO IGUAÇU;410830401A;PR;Porto Belo;-25,47005;-54,58558;2025-03-31 21:00:00.0;1,80
FOZ DO IGUAÇU;410830401A;PR;Porto Belo;-25,47005;-54,58558;2025-03-31 21:20:00.0;0,40
FOZ DO IGUAÇU;410830401A;PR;Porto Belo;-25,47005;-54,58558;2025-03-31 22:00:00.0;0,00
FOZ DO IGUAÇU;410830401A;PR;Porto Belo;-25,47005;-54,58558;2025-03-31 22:40:00.0;0,20
FOZ DO IGUAÇU;410830401A;PR;Porto Belo;-25,47005;-54,58558;2025-03-31 23:00:00.0;0,00
FOZ DO IGUAÇU;410830402A;PR;São Miguel;-25,534019;-54,540623;2025-03-01 00:00:00.0;0,00
FOZ DO IGUAÇU;410830402A;PR;São Miguel;-25,534019;-54,540623;2025-03-01 00:10:00.0;0,00
FOZ DO IGUAÇU;410830402A;PR;São Miguel;-25,534019;-54,540623;2025-03-01 01:00:00.0;0,00
FOZ DO IGUAÇU;410830402A;PR;São Miguel;-25,534019;-54,540623;2025-03-01 02:00:00.0;0,00
FOZ DO IGUAÇU;410830402A;PR;São Miguel;-25,534019;-54,540623;2025-03-01 03:00:00.0;0,00
FOZ DO IGUAÇU;410830402A;PR;São Miguel;-25,534019;-54,540623;2025-03-01 04:00:00.0;0,00
FOZ DO IGUAÇU;410830402A;PR;São Miguel;-25,534019;-54,540623;2025-03-01 04:20:00.0;0,20
FOZ DO IGUAÇU;410830402A;PR;São Miguel;-25,534019;-54,540623;2025-03-01 05:00:00.0;0,00
FOZ DO IGUAÇU;410830402A;PR;São Miguel;-25,534019;-54,540623;2025-03-01 06:00:00.0;0,00
FOZ DO IGUAÇU;410830402A;PR;São Miguel;-25,534019;-54,540623;2025-03-01 07:00:00.0;0,00
FOZ DO IGUAÇU;410830402A;PR;São Miguel;-25,534019;-54,540623;2025-03-01 08:00:00.0;0,00
FOZ DO IGUAÇU;410830402A;PR;São Miguel;-25,534019;-54,540623;2025-03-01 09:00:00.0;0,00
FOZ DO IGUAÇU;410830402A;PR;São Miguel;-25,534019;-54,540623;2025-03-01 10:00:00.0;0,00
FOZ DO IGUAÇU;410830402A;PR;São Miguel;-25,534019;-54,540623;2025-03-01 11:00:00.0;0,00
FOZ DO IGUAÇU;410830402A;PR;São Miguel;-25,534019;-54,540623;2025-03-01 12:00:00.0;0,00
FOZ DO IGUAÇU;410830402A;PR;São Miguel;-25,534019;-54,540623;2025-03-01 13:00:00.0;0,00
FOZ DO IGUAÇU;410830402A;PR;São Miguel;-25,534019;-54,540623;2025-03-01 14:00:00.0;0,00
FOZ DO IGUAÇU;410830402A;PR;São Miguel;-25,534019;-54,540623;2025-03-01 15:00:00.0;0,00
FOZ DO IGUAÇU;410830402A;PR;São Miguel;-25,534019;-54,540623;2025-03-01 16:00:00.0;0,00
FOZ DO IGUAÇU;410830402A;PR;São Miguel;-25,534019;-54,540623;2025-03-01 17:00:00.0;0,00
FOZ DO IGUAÇU;410830402A;PR;São Miguel;-25,534019;-54,540623;2025-03-01 18:00:00.0;0,00
FOZ DO IGUAÇU;410830402A;PR;São Miguel;-25,534019;-54,540623;2025-03-01 19:00:00.0;0,00
FOZ DO IGUAÇU;410830402A;PR;São Miguel;-25,534019;-54,540623;2025-03-01 20:00:00.0;0,00
FOZ DO IGUAÇU;410830402A;PR;São Miguel;-25,534019;-54,540623;2025-03-01 21:00:00.0;0,00
FOZ DO IGUAÇU;410830402A;PR;São Miguel;-25,534019;-54,540623;2025-03-01 22:00:00.0;0,00
FOZ DO IGUAÇU;410830402A;PR;São Miguel;-25,534019;-54,540623;2025-03-01 23:00:00.0;0,00
FOZ DO IGUAÇU;410830402A;PR;São Miguel;-25,534019;-54,540623;2025-03-02 00:00:00.0;0,00
FOZ DO IGUAÇU;410830402A;PR;São Miguel;-25,534019;-54,540623;2025-03-02 01:00:00.0;0,00
FOZ DO IGUAÇU;410830402A;PR;São Miguel;-25,534019;-54,540623;2025-03-02 02:00:00.0;0,00
FOZ DO IGUAÇU;410830402A;PR;São Miguel;-25,534019;-54,540623;2025-03-02 03:00:00.0;0,00
FOZ DO IGUAÇU;410830402A;PR;São Miguel;-25,534019;-54,540623;2025-03-02 04:00:00.0;0,00
FOZ DO IGUAÇU;410830402A;PR;São Miguel;-25,534019;-54,540623;2025-03-02 05:00:00.0;0,00
FOZ DO IGUAÇU;410830402A;PR;São Miguel;-25,534019;-54,540623;2025-03-02 06:00:00.0;0,00
FOZ DO IGUAÇU;410830402A;PR;São Miguel;-25,534019;-54,540623;2025-03-02 07:00:00.0;0,00
FOZ DO IGUAÇU;410830402A;PR;São Miguel;-25,534019;-54,540623;2025-03-02 08:00:00.0;0,00
FOZ DO IGUAÇU;410830402A;PR;São Miguel;-25,534019;-54,540623;2025-03-02 09:00:00.0;0,00
FOZ DO IGUAÇU;410830402A;PR;São Miguel;-25,534019;-54,540623;2025-03-02 10:00:00.0;0,00
FOZ DO IGUAÇU;410830402A;PR;São Miguel;-25,534019;-54,540623;2025-03-02 11:00:00.0;0,00
FOZ DO IGUAÇU;410830402A;PR;São Miguel;-25,534019;-54,540623;2025-03-02 12:00:00.0;0,00
FOZ DO IGUAÇU;410830402A;PR;São Miguel;-25,534019;-54,540623;2025-03-02 13:00:00.0;0,00
FOZ DO IGUAÇU;410830402A;PR;São Miguel;-25,534019;-54,540623;2025-03-02 14:00:00.0;0,00
FOZ DO IGUAÇU;410830402A;PR;São Miguel;-25,534019;-54,540623;2025-03-02 15:00:00.0;0,00
FOZ DO IGUAÇU;410830402A;PR;São Miguel;-25,534019;-54,540623;2025-03-02 16:00:00.0;0,00
FOZ DO IGUAÇU;410830402A;PR;São Miguel;-25,534019;-54,540623;2025-03-02 17:00:00.0;0,00
FOZ DO IGUAÇU;410830402A;PR;São Miguel;-25,534019;-54,540623;2025-03-02 18:00:00.0;0,00
FOZ DO IGUAÇU;410830402A;PR;São Miguel;-25,534019;-54,540623;2025-03-02 19:00:00.0;0,00
FOZ DO IGUAÇU;410830402A;PR;São Miguel;-25,534019;-54,540623;2025-03-02 20:00:00.0;0,00
FOZ DO IGUAÇU;410830402A;PR;São Miguel;-25,534019;-54,540623;2025-03-02 21:00:00.0;0,00
FOZ DO IGUAÇU;410830402A;PR;São Miguel;-25,534019;-54,540623;2025-03-02 22:00:00.0;0,00
FOZ DO IGUAÇU;410830402A;PR;São Miguel;-25,534019;-54,540623;2025-03-02 23:00:00.0;0,00
FOZ DO IGUAÇU;410830402A;PR;São Miguel;-25,534019;-54,540623;2025-03-03 00:00:00.0;0,00
FOZ DO IGUAÇU;410830402A;PR;São Miguel;-25,534019;-54,540623;2025-03-03 01:00:00.0;0,00
FOZ DO IGUAÇU;410830402A;PR;São Miguel;-25,534019;-54,540623;2025-03-03 02:00:00.0;0,00
FOZ DO IGUAÇU;410830402A;PR;São Miguel;-25,534019;-54,540623;2025-03-03 03:00:00.0;0,00
FOZ DO IGUAÇU;410830402A;PR;São Miguel;-25,534019;-54,540623;2025-03-03 04:00:00.0;0,00
FOZ DO IGUAÇU;410830402A;PR;São Miguel;-25,534019;-54,540623;2025-03-03 05:00:00.0;0,00
FOZ DO IGUAÇU;410830402A;PR;São Miguel;-25,534019;-54,540623;2025-03-03 06:00:00.0;0,00
FOZ DO IGUAÇU;410830402A;PR;São Miguel;-25,534019;-54,540623;2025-03-03 07:00:00.0;0,00
FOZ DO IGUAÇU;410830402A;PR;São Miguel;-25,534019;-54,540623;2025-03-03 08:00:00.0;0,00
FOZ DO IGUAÇU;410830402A;PR;São Miguel;-25,534019;-54,540623;2025-03-03 09:00:00.0;0,00
FOZ DO IGUAÇU;410830402A;PR;São Miguel;-25,534019;-54,540623;2025-03-03 10:00:00.0;0,00
FOZ DO IGUAÇU;410830402A;PR;São Miguel;-25,534019;-54,540623;2025-03-03 11:00:00.0;0,00
FOZ DO IGUAÇU;410830402A;PR;São Miguel;-25,534019;-54,540623;2025-03-03 12:00:00.0;0,00
FOZ DO IGUAÇU;410830402A;PR;São Miguel;-25,534019;-54,540623;2025-03-03 13:00:00.0;0,00
FOZ DO IGUAÇU;410830402A;PR;São Miguel;-25,534019;-54,540623;2025-03-03 14:00:00.0;0,00
FOZ DO IGUAÇU;410830402A;PR;São Miguel;-25,534019;-54,540623;2025-03-03 15:00:00.0;0,00
FOZ DO IGUAÇU;410830402A;PR;São Miguel;-25,534019;-54,540623;2025-03-03 16:00:00.0;0,00
FOZ DO IGUAÇU;410830402A;PR;São Miguel;-25,534019;-54,540623;2025-03-03 17:00:00.0;0,00
FOZ DO IGUAÇU;410830402A;PR;São Miguel;-25,534019;-54,540623;2025-03-03 18:00:00.0;0,00
FOZ DO IGUAÇU;410830402A;PR;São Miguel;-25,534019;-54,540623;2025-03-03 19:00:00.0;0,00
FOZ DO IGUAÇU;410830402A;PR;São Miguel;-25,534019;-54,540623;2025-03-03 20:00:00.0;0,00
FOZ DO IGUAÇU;410830402A;PR;São Miguel;-25,534019;-54,540623;2025-03-03 21:00:00.0;0,00
FOZ DO IGUAÇU;410830402A;PR;São Miguel;-25,534019;-54,540623;2025-03-03 22:00:00.0;0,00
FOZ DO IGUAÇU;410830402A;PR;São Miguel;-25,534019;-54,540623;2025-03-03 23:00:00.0;0,00
FOZ DO IGUAÇU;410830402A;PR;São Miguel;-25,534019;-54,540623;2025-03-04 00:00:00.0;0,00
FOZ DO IGUAÇU;410830402A;PR;São Miguel;-25,534019;-54,540623;2025-03-04 01:00:00.0;0,00
FOZ DO IGUAÇU;410830402A;PR;São Miguel;-25,534019;-54,540623;2025-03-04 02:00:00.0;0,00
FOZ DO IGUAÇU;410830402A;PR;São Miguel;-25,534019;-54,540623;2025-03-04 03:00:00.0;0,00
FOZ DO IGUAÇU;410830402A;PR;São Miguel;-25,534019;-54,540623;2025-03-04 04:00:00.0;0,00
FOZ DO IGUAÇU;410830402A;PR;São Miguel;-25,534019;-54,540623;2025-03-04 05:00:00.0;0,00
FOZ DO IGUAÇU;410830402A;PR;São Miguel;-25,534019;-54,540623;2025-03-04 06:00:00.0;0,00
FOZ DO IGUAÇU;410830402A;PR;São Miguel;-25,534019;-54,540623;2025-03-04 07:00:00.0;0,00
FOZ DO IGUAÇU;410830402A;PR;São Miguel;-25,534019;-54,540623;2025-03-04 08:00:00.0;0,00
FOZ DO IGUAÇU;410830402A;PR;São Miguel;-25,534019;-54,540623;2025-03-04 09:00:00.0;0,00
FOZ DO IGUAÇU;410830402A;PR;São Miguel;-25,534019;-54,540623;2025-03-04 10:00:00.0;0,00
FOZ DO IGUAÇU;410830402A;PR;São Miguel;-25,534019;-54,540623;2025-03-04 11:00:00.0;0,00
FOZ DO IGUAÇU;410830402A;PR;São Miguel;-25,534019;-54,540623;2025-03-04 12:00:00.0;0,00
FOZ DO IGUAÇU;410830402A;PR;São Miguel;-25,534019;-54,540623;2025-03-04 13:00:00.0;0,00
FOZ DO IGUAÇU;410830402A;PR;São Miguel;-25,534019;-54,540623;2025-03-04 14:00:00.0;0,00
FOZ DO IGUAÇU;410830402A;PR;São Miguel;-25,534019;-54,540623;2025-03-04 15:00:00.0;0,00
FOZ DO IGUAÇU;410830402A;PR;São Miguel;-25,534019;-54,540623;2025-03-04 16:00:00.0;0,00
FOZ DO IGUAÇU;410830402A;PR;São Miguel;-25,534019;-54,540623;2025-03-04 17:00:00.0;0,00
FOZ DO IGUAÇU;410830402A;PR;São Miguel;-25,534019;-54,540623;2025-03-04 18:00:00.0;0,00
FOZ DO IGUAÇU;410830402A;PR;São Miguel;-25,534019;-54,540623;2025-03-04 19:00:00.0;0,00
FOZ DO IGUAÇU;410830402A;PR;São Miguel;-25,534019;-54,540623;2025-03-04 20:00:00.0;0,00
FOZ DO IGUAÇU;410830402A;PR;São Miguel;-25,534019;-54,540623;2025-03-04 21:00:00.0;0,00
FOZ DO IGUAÇU;410830402A;PR;São Miguel;-25,534019;-54,540623;2025-03-04 22:00:00.0;0,00
FOZ DO IGUAÇU;410830402A;PR;São Miguel;-25,534019;-54,540623;2025-03-04 23:00:00.0;0,00
FOZ DO IGUAÇU;410830402A;PR;São Miguel;-25,534019;-54,540623;2025-03-05 00:00:00.0;0,00
FOZ DO IGUAÇU;410830402A;PR;São Miguel;-25,534019;-54,540623;2025-03-05 01:00:00.0;0,00
FOZ DO IGUAÇU;410830402A;PR;São Miguel;-25,534019;-54,540623;2025-03-05 02:00:00.0;0,00
FOZ DO IGUAÇU;410830402A;PR;São Miguel;-25,534019;-54,540623;2025-03-05 03:00:00.0;0,00
FOZ DO IGUAÇU;410830402A;PR;São Miguel;-25,534019;-54,540623;2025-03-05 04:00:00.0;0,00
FOZ DO IGUAÇU;410830402A;PR;São Miguel;-25,534019;-54,540623;2025-03-05 05:00:00.0;0,00
FOZ DO IGUAÇU;410830402A;PR;São Miguel;-25,534019;-54,540623;2025-03-05 06:00:00.0;0,00
FOZ DO IGUAÇU;410830402A;PR;São Miguel;-25,534019;-54,540623;2025-03-05 07:00:00.0;0,00
FOZ DO IGUAÇU;410830402A;PR;São Miguel;-25,534019;-54,540623;2025-03-05 08:00:00.0;0,00
FOZ DO IGUAÇU;410830402A;PR;São Miguel;-25,534019;-54,540623;2025-03-05 09:00:00.0;0,00
FOZ DO IGUAÇU;410830402A;PR;São Miguel;-25,534019;-54,540623;2025-03-05 10:00:00.0;0,00
FOZ DO IGUAÇU;410830402A;PR;São Miguel;-25,534019;-54,540623;2025-03-05 11:00:00.0;0,00
FOZ DO IGUAÇU;410830402A;PR;São Miguel;-25,534019;-54,540623;2025-03-05 12:00:00.0;0,00
FOZ DO IGUAÇU;410830402A;PR;São Miguel;-25,534019;-54,540623;2025-03-05 13:00:00.0;0,00
FOZ DO IGUAÇU;410830402A;PR;São Miguel;-25,534019;-54,540623;2025-03-05 14:00:00.0;0,00
FOZ DO IGUAÇU;410830402A;PR;São Miguel;-25,534019;-54,540623;2025-03-05 15:00:00.0;0,00
FOZ DO IGUAÇU;410830402A;PR;São Miguel;-25,534019;-54,540623;2025-03-05 16:00:00.0;0,00
FOZ DO IGUAÇU;410830402A;PR;São Miguel;-25,534019;-54,540623;2025-03-05 17:00:00.0;0,00
FOZ DO IGUAÇU;410830402A;PR;São Miguel;-25,534019;-54,540623;2025-03-05 18:00:00.0;0,00
FOZ DO IGUAÇU;410830402A;PR;São Miguel;-25,534019;-54,540623;2025-03-05 19:00:00.0;0,00
FOZ DO IGUAÇU;410830402A;PR;São Miguel;-25,534019;-54,540623;2025-03-05 20:00:00.0;0,00
FOZ DO IGUAÇU;410830402A;PR;São Miguel;-25,534019;-54,540623;2025-03-05 20:40:00.0;0,20
FOZ DO IGUAÇU;410830402A;PR;São Miguel;-25,534019;-54,540623;2025-03-05 20:50:00.0;1,60
FOZ DO IGUAÇU;410830402A;PR;São Miguel;-25,534019;-54,540623;2025-03-05 21:00:00.0;0,20
FOZ DO IGUAÇU;410830402A;PR;São Miguel;-25,534019;-54,540623;2025-03-05 22:00:00.0;0,00
FOZ DO IGUAÇU;410830402A;PR;São Miguel;-25,534019;-54,540623;2025-03-05 23:00:00.0;0,00
FOZ DO IGUAÇU;410830402A;PR;São Miguel;-25,534019;-54,540623;2025-03-06 00:00:00.0;0,00
FOZ DO IGUAÇU;410830402A;PR;São Miguel;-25,534019;-54,540623;2025-03-06 01:00:00.0;0,00
FOZ DO IGUAÇU;410830402A;PR;São Miguel;-25,534019;-54,540623;2025-03-06 02:00:00.0;0,00
FOZ DO IGUAÇU;410830402A;PR;São Miguel;-25,534019;-54,540623;2025-03-06 03:00:00.0;0,00
FOZ DO IGUAÇU;410830402A;PR;São Miguel;-25,534019;-54,540623;2025-03-06 04:00:00.0;0,00
FOZ DO IGUAÇU;410830402A;PR;São Miguel;-25,534019;-54,540623;2025-03-06 05:00:00.0;0,00
FOZ DO IGUAÇU;410830402A;PR;São Miguel;-25,534019;-54,540623;2025-03-06 06:00:00.0;0,00
FOZ DO IGUAÇU;410830402A;PR;São Miguel;-25,534019;-54,540623;2025-03-06 07:00:00.0;0,00
FOZ DO IGUAÇU;410830402A;PR;São Miguel;-25,534019;-54,540623;2025-03-06 08:00:00.0;0,00
FOZ DO IGUAÇU;410830402A;PR;São Miguel;-25,534019;-54,540623;2025-03-06 09:00:00.0;0,00
FOZ DO IGUAÇU;410830402A;PR;São Miguel;-25,534019;-54,540623;2025-03-06 10:00:00.0;0,00
FOZ DO IGUAÇU;410830402A;PR;São Miguel;-25,534019;-54,540623;2025-03-06 11:00:00.0;0,00
FOZ DO IGUAÇU;410830402A;PR;São Miguel;-25,534019;-54,540623;2025-03-06 12:00:00.0;0,00
FOZ DO IGUAÇU;410830402A;PR;São Miguel;-25,534019;-54,540623;2025-03-06 13:00:00.0;0,00
FOZ DO IGUAÇU;410830402A;PR;São Miguel;-25,534019;-54,540623;2025-03-06 14:00:00.0;0,00
FOZ DO IGUAÇU;410830402A;PR;São Miguel;-25,534019;-54,540623;2025-03-06 15:00:00.0;0,00
FOZ DO IGUAÇU;410830402A;PR;São Miguel;-25,534019;-54,540623;2025-03-06 16:00:00.0;0,00
FOZ DO IGUAÇU;410830402A;PR;São Miguel;-25,534019;-54,540623;2025-03-06 17:00:00.0;0,00
FOZ DO IGUAÇU;410830402A;PR;São Miguel;-25,534019;-54,540623;2025-03-06 18:00:00.0;0,00
FOZ DO IGUAÇU;410830402A;PR;São Miguel;-25,534019;-54,540623;2025-03-06 19:00:00.0;0,00
FOZ DO IGUAÇU;410830402A;PR;São Miguel;-25,534019;-54,540623;2025-03-06 20:00:00.0;0,00
FOZ DO IGUAÇU;410830402A;PR;São Miguel;-25,534019;-54,540623;2025-03-06 21:00:00.0;0,00
FOZ DO IGUAÇU;410830402A;PR;São Miguel;-25,534019;-54,540623;2025-03-06 22:00:00.0;0,00
FOZ DO IGUAÇU;410830402A;PR;São Miguel;-25,534019;-54,540623;2025-03-06 23:00:00.0;0,00
FOZ DO IGUAÇU;410830402A;PR;São Miguel;-25,534019;-54,540623;2025-03-07 00:00:00.0;0,00
FOZ DO IGUAÇU;410830402A;PR;São Miguel;-25,534019;-54,540623;2025-03-07 01:00:00.0;0,00
FOZ DO IGUAÇU;410830402A;PR;São Miguel;-25,534019;-54,540623;2025-03-07 02:00:00.0;0,00
FOZ DO IGUAÇU;410830402A;PR;São Miguel;-25,534019;-54,540623;2025-03-07 03:00:00.0;0,00
FOZ DO IGUAÇU;410830402A;PR;São Miguel;-25,534019;-54,540623;2025-03-07 04:00:00.0;0,00
FOZ DO IGUAÇU;410830402A;PR;São Miguel;-25,534019;-54,540623;2025-03-07 05:00:00.0;0,00
FOZ DO IGUAÇU;410830402A;PR;São Miguel;-25,534019;-54,540623;2025-03-07 06:00:00.0;0,00
FOZ DO IGUAÇU;410830402A;PR;São Miguel;-25,534019;-54,540623;2025-03-07 07:00:00.0;0,00
FOZ DO IGUAÇU;410830402A;PR;São Miguel;-25,534019;-54,540623;2025-03-07 08:00:00.0;0,00
FOZ DO IGUAÇU;410830402A;PR;São Miguel;-25,534019;-54,540623;2025-03-07 09:00:00.0;0,00
FOZ DO IGUAÇU;410830402A;PR;São Miguel;-25,534019;-54,540623;2025-03-07 10:00:00.0;0,00
FOZ DO IGUAÇU;410830402A;PR;São Miguel;-25,534019;-54,540623;2025-03-07 11:00:00.0;0,00
FOZ DO IGUAÇU;410830402A;PR;São Miguel;-25,534019;-54,540623;2025-03-07 12:00:00.0;0,00
FOZ DO IGUAÇU;410830402A;PR;São Miguel;-25,534019;-54,540623;2025-03-07 13:00:00.0;0,00
FOZ DO IGUAÇU;410830402A;PR;São Miguel;-25,534019;-54,540623;2025-03-07 14:00:00.0;0,00
FOZ DO IGUAÇU;410830402A;PR;São Miguel;-25,534019;-54,540623;2025-03-07 15:00:00.0;0,00
FOZ DO IGUAÇU;410830402A;PR;São Miguel;-25,534019;-54,540623;2025-03-07 16:00:00.0;0,00
FOZ DO IGUAÇU;410830402A;PR;São Miguel;-25,534019;-54,540623;2025-03-07 17:00:00.0;0,00
FOZ DO IGUAÇU;410830402A;PR;São Miguel;-25,534019;-54,540623;2025-03-07 18:00:00.0;0,00
FOZ DO IGUAÇU;410830402A;PR;São Miguel;-25,534019;-54,540623;2025-03-07 19:00:00.0;0,00
FOZ DO IGUAÇU;410830402A;PR;São Miguel;-25,534019;-54,540623;2025-03-07 20:00:00.0;0,00
FOZ DO IGUAÇU;410830402A;PR;São Miguel;-25,534019;-54,540623;2025-03-07 21:00:00.0;0,00
FOZ DO IGUAÇU;410830402A;PR;São Miguel;-25,534019;-54,540623;2025-03-07 22:00:00.0;0,00
FOZ DO IGUAÇU;410830402A;PR;São Miguel;-25,534019;-54,540623;2025-03-07 23:00:00.0;0,00
FOZ DO IGUAÇU;410830402A;PR;São Miguel;-25,534019;-54,540623;2025-03-08 00:00:00.0;0,00
FOZ DO IGUAÇU;410830402A;PR;São Miguel;-25,534019;-54,540623;2025-03-08 01:00:00.0;0,00
FOZ DO IGUAÇU;410830402A;PR;São Miguel;-25,534019;-54,540623;2025-03-08 02:00:00.0;0,00
FOZ DO IGUAÇU;410830402A;PR;São Miguel;-25,534019;-54,540623;2025-03-08 03:00:00.0;0,00
FOZ DO IGUAÇU;410830402A;PR;São Miguel;-25,534019;-54,540623;2025-03-08 04:00:00.0;0,00
FOZ DO IGUAÇU;410830402A;PR;São Miguel;-25,534019;-54,540623;2025-03-08 05:00:00.0;0,00
FOZ DO IGUAÇU;410830402A;PR;São Miguel;-25,534019;-54,540623;2025-03-08 06:00:00.0;0,00
FOZ DO IGUAÇU;410830402A;PR;São Miguel;-25,534019;-54,540623;2025-03-08 07:00:00.0;0,00
FOZ DO IGUAÇU;410830402A;PR;São Miguel;-25,534019;-54,540623;2025-03-08 08:00:00.0;0,00
FOZ DO IGUAÇU;410830402A;PR;São Miguel;-25,534019;-54,540623;2025-03-08 09:00:00.0;0,00
FOZ DO IGUAÇU;410830402A;PR;São Miguel;-25,534019;-54,540623;2025-03-08 10:00:00.0;0,00
FOZ DO IGUAÇU;410830402A;PR;São Miguel;-25,534019;-54,540623;2025-03-08 11:00:00.0;0,00
FOZ DO IGUAÇU;410830402A;PR;São Miguel;-25,534019;-54,540623;2025-03-08 12:00:00.0;0,00
FOZ DO IGUAÇU;410830402A;PR;São Miguel;-25,534019;-54,540623;2025-03-08 13:00:00.0;0,00
FOZ DO IGUAÇU;410830402A;PR;São Miguel;-25,534019;-54,540623;2025-03-08 14:00:00.0;0,00
FOZ DO IGUAÇU;410830402A;PR;São Miguel;-25,534019;-54,540623;2025-03-08 15:00:00.0;0,00
FOZ DO IGUAÇU;410830402A;PR;São Miguel;-25,534019;-54,540623;2025-03-08 16:00:00.0;0,00
FOZ DO IGUAÇU;410830402A;PR;São Miguel;-25,534019;-54,540623;2025-03-08 17:00:00.0;0,00
FOZ DO IGUAÇU;410830402A;PR;São Miguel;-25,534019;-54,540623;2025-03-08 18:00:00.0;0,00
FOZ DO IGUAÇU;410830402A;PR;São Miguel;-25,534019;-54,540623;2025-03-08 19:00:00.0;0,00
FOZ DO IGUAÇU;410830402A;PR;São Miguel;-25,534019;-54,540623;2025-03-08 20:00:00.0;0,00
FOZ DO IGUAÇU;410830402A;PR;São Miguel;-25,534019;-54,540623;2025-03-08 21:00:00.0;0,00
FOZ DO IGUAÇU;410830402A;PR;São Miguel;-25,534019;-54,540623;2025-03-08 22:00:00.0;0,00
FOZ DO IGUAÇU;410830402A;PR;São Miguel;-25,534019;-54,540623;2025-03-08 23:00:00.0;0,00
FOZ DO IGUAÇU;410830402A;PR;São Miguel;-25,534019;-54,540623;2025-03-09 00:00:00.0;0,00
FOZ DO IGUAÇU;410830402A;PR;São Miguel;-25,534019;-54,540623;2025-03-09 01:00:00.0;0,00
FOZ DO IGUAÇU;410830402A;PR;São Miguel;-25,534019;-54,540623;2025-03-09 02:00:00.0;0,00
FOZ DO IGUAÇU;410830402A;PR;São Miguel;-25,534019;-54,540623;2025-03-09 03:00:00.0;0,00
FOZ DO IGUAÇU;410830402A;PR;São Miguel;-25,534019;-54,540623;2025-03-09 04:00:00.0;0,00
FOZ DO IGUAÇU;410830402A;PR;São Miguel;-25,534019;-54,540623;2025-03-09 05:00:00.0;0,00
FOZ DO IGUAÇU;410830402A;PR;São Miguel;-25,534019;-54,540623;2025-03-09 06:00:00.0;0,00
FOZ DO IGUAÇU;410830402A;PR;São Miguel;-25,534019;-54,540623;2025-03-09 07:00:00.0;0,00
FOZ DO IGUAÇU;410830402A;PR;São Miguel;-25,534019;-54,540623;2025-03-09 08:00:00.0;0,00
FOZ DO IGUAÇU;410830402A;PR;São Miguel;-25,534019;-54,540623;2025-03-09 09:00:00.0;0,00
FOZ DO IGUAÇU;410830402A;PR;São Miguel;-25,534019;-54,540623;2025-03-09 10:00:00.0;0,00
FOZ DO IGUAÇU;410830402A;PR;São Miguel;-25,534019;-54,540623;2025-03-09 11:00:00.0;0,00
FOZ DO IGUAÇU;410830402A;PR;São Miguel;-25,534019;-54,540623;2025-03-09 12:00:00.0;0,00
FOZ DO IGUAÇU;410830402A;PR;São Miguel;-25,534019;-54,540623;2025-03-09 13:00:00.0;0,00
FOZ DO IGUAÇU;410830402A;PR;São Miguel;-25,534019;-54,540623;2025-03-09 14:00:00.0;0,00
FOZ DO IGUAÇU;410830402A;PR;São Miguel;-25,534019;-54,540623;2025-03-09 15:00:00.0;0,00
FOZ DO IGUAÇU;410830402A;PR;São Miguel;-25,534019;-54,540623;2025-03-09 16:00:00.0;0,00
FOZ DO IGUAÇU;410830402A;PR;São Miguel;-25,534019;-54,540623;2025-03-09 17:00:00.0;0,00
FOZ DO IGUAÇU;410830402A;PR;São Miguel;-25,534019;-54,540623;2025-03-09 18:00:00.0;0,00
FOZ DO IGUAÇU;410830402A;PR;São Miguel;-25,534019;-54,540623;2025-03-09 18:20:00.0;2,40
FOZ DO IGUAÇU;410830402A;PR;São Miguel;-25,534019;-54,540623;2025-03-09 18:30:00.0;1,00
FOZ DO IGUAÇU;410830402A;PR;São Miguel;-25,534019;-54,540623;2025-03-09 19:00:00.0;0,00
FOZ DO IGUAÇU;410830402A;PR;São Miguel;-25,534019;-54,540623;2025-03-09 19:40:00.0;0,20
FOZ DO IGUAÇU;410830402A;PR;São Miguel;-25,534019;-54,540623;2025-03-09 20:00:00.0;0,00
FOZ DO IGUAÇU;410830402A;PR;São Miguel;-25,534019;-54,540623;2025-03-09 21:00:00.0;0,00
FOZ DO IGUAÇU;410830402A;PR;São Miguel;-25,534019;-54,540623;2025-03-09 22:00:00.0;0,00
FOZ DO IGUAÇU;410830402A;PR;São Miguel;-25,534019;-54,540623;2025-03-09 23:00:00.0;0,00
FOZ DO IGUAÇU;410830402A;PR;São Miguel;-25,534019;-54,540623;2025-03-10 00:00:00.0;0,00
FOZ DO IGUAÇU;410830402A;PR;São Miguel;-25,534019;-54,540623;2025-03-10 01:00:00.0;0,00
FOZ DO IGUAÇU;410830402A;PR;São Miguel;-25,534019;-54,540623;2025-03-10 02:00:00.0;0,00
FOZ DO IGUAÇU;410830402A;PR;São Miguel;-25,534019;-54,540623;2025-03-10 03:00:00.0;0,00
FOZ DO IGUAÇU;410830402A;PR;São Miguel;-25,534019;-54,540623;2025-03-10 04:00:00.0;0,00
FOZ DO IGUAÇU;410830402A;PR;São Miguel;-25,534019;-54,540623;2025-03-10 05:00:00.0;0,00
FOZ DO IGUAÇU;410830402A;PR;São Miguel;-25,534019;-54,540623;2025-03-10 11:30:00.0;0,00
FOZ DO IGUAÇU;410830402A;PR;São Miguel;-25,534019;-54,540623;2025-03-10 12:00:00.0;0,00
FOZ DO IGUAÇU;410830402A;PR;São Miguel;-25,534019;-54,540623;2025-03-10 13:00:00.0;0,00
FOZ DO IGUAÇU;410830402A;PR;São Miguel;-25,534019;-54,540623;2025-03-10 14:00:00.0;0,00
FOZ DO IGUAÇU;410830402A;PR;São Miguel;-25,534019;-54,540623;2025-03-10 15:00:00.0;0,00
FOZ DO IGUAÇU;410830402A;PR;São Miguel;-25,534019;-54,540623;2025-03-10 16:00:00.0;0,00
FOZ DO IGUAÇU;410830402A;PR;São Miguel;-25,534019;-54,540623;2025-03-10 17:00:00.0;0,00
FOZ DO IGUAÇU;410830402A;PR;São Miguel;-25,534019;-54,540623;2025-03-10 18:00:00.0;0,00
FOZ DO IGUAÇU;410830402A;PR;São Miguel;-25,534019;-54,540623;2025-03-10 19:00:00.0;0,00
FOZ DO IGUAÇU;410830402A;PR;São Miguel;-25,534019;-54,540623;2025-03-10 20:00:00.0;0,00
FOZ DO IGUAÇU;410830402A;PR;São Miguel;-25,534019;-54,540623;2025-03-10 21:00:00.0;0,00
FOZ DO IGUAÇU;410830402A;PR;São Miguel;-25,534019;-54,540623;2025-03-10 22:00:00.0;0,00
FOZ DO IGUAÇU;410830402A;PR;São Miguel;-25,534019;-54,540623;2025-03-10 23:00:00.0;0,00
FOZ DO IGUAÇU;410830402A;PR;São Miguel;-25,534019;-54,540623;2025-03-11 00:00:00.0;0,00
FOZ DO IGUAÇU;410830402A;PR;São Miguel;-25,534019;-54,540623;2025-03-11 01:00:00.0;0,00
FOZ DO IGUAÇU;410830402A;PR;São Miguel;-25,534019;-54,540623;2025-03-11 02:00:00.0;0,00
FOZ DO IGUAÇU;410830402A;PR;São Miguel;-25,534019;-54,540623;2025-03-11 03:00:00.0;0,00
FOZ DO IGUAÇU;410830402A;PR;São Miguel;-25,534019;-54,540623;2025-03-11 04:00:00.0;0,00
FOZ DO IGUAÇU;410830402A;PR;São Miguel;-25,534019;-54,540623;2025-03-11 05:00:00.0;0,00
FOZ DO IGUAÇU;410830402A;PR;São Miguel;-25,534019;-54,540623;2025-03-11 06:00:00.0;0,00
FOZ DO IGUAÇU;410830402A;PR;São Miguel;-25,534019;-54,540623;2025-03-11 07:00:00.0;0,00
FOZ DO IGUAÇU;410830402A;PR;São Miguel;-25,534019;-54,540623;2025-03-11 08:00:00.0;0,00
FOZ DO IGUAÇU;410830402A;PR;São Miguel;-25,534019;-54,540623;2025-03-11 09:00:00.0;0,00
FOZ DO IGUAÇU;410830402A;PR;São Miguel;-25,534019;-54,540623;2025-03-11 10:00:00.0;0,00
FOZ DO IGUAÇU;410830402A;PR;São Miguel;-25,534019;-54,540623;2025-03-11 11:00:00.0;0,00
FOZ DO IGUAÇU;410830402A;PR;São Miguel;-25,534019;-54,540623;2025-03-11 12:00:00.0;0,00
FOZ DO IGUAÇU;410830402A;PR;São Miguel;-25,534019;-54,540623;2025-03-11 13:00:00.0;0,00
FOZ DO IGUAÇU;410830402A;PR;São Miguel;-25,534019;-54,540623;2025-03-11 14:00:00.0;0,00
FOZ DO IGUAÇU;410830402A;PR;São Miguel;-25,534019;-54,540623;2025-03-11 15:00:00.0;0,00
FOZ DO IGUAÇU;410830402A;PR;São Miguel;-25,534019;-54,540623;2025-03-11 15:50:00.0;4,60
FOZ DO IGUAÇU;410830402A;PR;São Miguel;-25,534019;-54,540623;2025-03-11 16:00:00.0;1,60
FOZ DO IGUAÇU;410830402A;PR;São Miguel;-25,534019;-54,540623;2025-03-11 16:10:00.0;2,40
FOZ DO IGUAÇU;410830402A;PR;São Miguel;-25,534019;-54,540623;2025-03-11 16:20:00.0;1,00
FOZ DO IGUAÇU;410830402A;PR;São Miguel;-25,534019;-54,540623;2025-03-11 16:30:00.0;0,40
FOZ DO IGUAÇU;410830402A;PR;São Miguel;-25,534019;-54,540623;2025-03-11 17:00:00.0;0,00
FOZ DO IGUAÇU;410830402A;PR;São Miguel;-25,534019;-54,540623;2025-03-11 17:10:00.0;0,20
FOZ DO IGUAÇU;410830402A;PR;São Miguel;-25,534019;-54,540623;2025-03-11 17:20:00.0;0,20
FOZ DO IGUAÇU;410830402A;PR;São Miguel;-25,534019;-54,540623;2025-03-11 17:30:00.0;0,20
FOZ DO IGUAÇU;410830402A;PR;São Miguel;-25,534019;-54,540623;2025-03-11 17:40:00.0;0,60
FOZ DO IGUAÇU;410830402A;PR;São Miguel;-25,534019;-54,540623;2025-03-11 17:50:00.0;0,40
FOZ DO IGUAÇU;410830402A;PR;São Miguel;-25,534019;-54,540623;2025-03-11 18:00:00.0;0,40
FOZ DO IGUAÇU;410830402A;PR;São Miguel;-25,534019;-54,540623;2025-03-11 18:10:00.0;0,60
FOZ DO IGUAÇU;410830402A;PR;São Miguel;-25,534019;-54,540623;2025-03-11 18:20:00.0;0,20
FOZ DO IGUAÇU;410830402A;PR;São Miguel;-25,534019;-54,540623;2025-03-11 18:30:00.0;0,40
FOZ DO IGUAÇU;410830402A;PR;São Miguel;-25,534019;-54,540623;2025-03-11 18:40:00.0;0,40
FOZ DO IGUAÇU;410830402A;PR;São Miguel;-25,534019;-54,540623;2025-03-11 18:50:00.0;0,40
FOZ DO IGUAÇU;410830402A;PR;São Miguel;-25,534019;-54,540623;2025-03-11 19:00:00.0;0,20
FOZ DO IGUAÇU;410830402A;PR;São Miguel;-25,534019;-54,540623;2025-03-11 19:10:00.0;0,40
FOZ DO IGUAÇU;410830402A;PR;São Miguel;-25,534019;-54,540623;2025-03-11 19:20:00.0;0,20
FOZ DO IGUAÇU;410830402A;PR;São Miguel;-25,534019;-54,540623;2025-03-11 19:50:00.0;0,60
FOZ DO IGUAÇU;410830402A;PR;São Miguel;-25,534019;-54,540623;2025-03-11 20:00:00.0;0,20
FOZ DO IGUAÇU;410830402A;PR;São Miguel;-25,534019;-54,540623;2025-03-11 20:10:00.0;0,40
FOZ DO IGUAÇU;410830402A;PR;São Miguel;-25,534019;-54,540623;2025-03-11 20:30:00.0;0,20
FOZ DO IGUAÇU;410830402A;PR;São Miguel;-25,534019;-54,540623;2025-03-11 20:40:00.0;0,20
FOZ DO IGUAÇU;410830402A;PR;São Miguel;-25,534019;-54,540623;2025-03-11 20:50:00.0;0,40
FOZ DO IGUAÇU;410830402A;PR;São Miguel;-25,534019;-54,540623;2025-03-11 21:00:00.0;0,20
FOZ DO IGUAÇU;410830402A;PR;São Miguel;-25,534019;-54,540623;2025-03-11 21:10:00.0;0,20
FOZ DO IGUAÇU;410830402A;PR;São Miguel;-25,534019;-54,540623;2025-03-11 21:20:00.0;0,20
FOZ DO IGUAÇU;410830402A;PR;São Miguel;-25,534019;-54,540623;2025-03-11 22:00:00.0;0,00
FOZ DO IGUAÇU;410830402A;PR;São Miguel;-25,534019;-54,540623;2025-03-11 23:00:00.0;0,00
FOZ DO IGUAÇU;410830402A;PR;São Miguel;-25,534019;-54,540623;2025-03-12 00:00:00.0;0,00
FOZ DO IGUAÇU;410830402A;PR;São Miguel;-25,534019;-54,540623;2025-03-12 01:00:00.0;0,00
FOZ DO IGUAÇU;410830402A;PR;São Miguel;-25,534019;-54,540623;2025-03-12 02:00:00.0;0,00
FOZ DO IGUAÇU;410830402A;PR;São Miguel;-25,534019;-54,540623;2025-03-12 03:00:00.0;0,00
FOZ DO IGUAÇU;410830402A;PR;São Miguel;-25,534019;-54,540623;2025-03-12 04:00:00.0;0,00
FOZ DO IGUAÇU;410830402A;PR;São Miguel;-25,534019;-54,540623;2025-03-12 05:00:00.0;0,00
FOZ DO IGUAÇU;410830402A;PR;São Miguel;-25,534019;-54,540623;2025-03-12 06:00:00.0;0,00
FOZ DO IGUAÇU;410830402A;PR;São Miguel;-25,534019;-54,540623;2025-03-12 07:00:00.0;0,00
FOZ DO IGUAÇU;410830402A;PR;São Miguel;-25,534019;-54,540623;2025-03-12 08:00:00.0;0,00
FOZ DO IGUAÇU;410830402A;PR;São Miguel;-25,534019;-54,540623;2025-03-12 09:00:00.0;0,00
FOZ DO IGUAÇU;410830402A;PR;São Miguel;-25,534019;-54,540623;2025-03-12 10:00:00.0;0,00
FOZ DO IGUAÇU;410830402A;PR;São Miguel;-25,534019;-54,540623;2025-03-12 11:00:00.0;0,00
FOZ DO IGUAÇU;410830402A;PR;São Miguel;-25,534019;-54,540623;2025-03-12 12:00:00.0;0,00
FOZ DO IGUAÇU;410830402A;PR;São Miguel;-25,534019;-54,540623;2025-03-12 13:00:00.0;0,00
FOZ DO IGUAÇU;410830402A;PR;São Miguel;-25,534019;-54,540623;2025-03-12 14:00:00.0;0,00
FOZ DO IGUAÇU;410830402A;PR;São Miguel;-25,534019;-54,540623;2025-03-12 14:40:00.0;0,20
FOZ DO IGUAÇU;410830402A;PR;São Miguel;-25,534019;-54,540623;2025-03-12 15:00:00.0;0,00
FOZ DO IGUAÇU;410830402A;PR;São Miguel;-25,534019;-54,540623;2025-03-12 16:00:00.0;0,00
FOZ DO IGUAÇU;410830402A;PR;São Miguel;-25,534019;-54,540623;2025-03-12 17:00:00.0;0,00
FOZ DO IGUAÇU;410830402A;PR;São Miguel;-25,534019;-54,540623;2025-03-12 18:00:00.0;0,00
FOZ DO IGUAÇU;410830402A;PR;São Miguel;-25,534019;-54,540623;2025-03-12 19:00:00.0;0,00
FOZ DO IGUAÇU;410830402A;PR;São Miguel;-25,534019;-54,540623;2025-03-12 20:00:00.0;0,00
FOZ DO IGUAÇU;410830402A;PR;São Miguel;-25,534019;-54,540623;2025-03-12 21:00:00.0;0,00
FOZ DO IGUAÇU;410830402A;PR;São Miguel;-25,534019;-54,540623;2025-03-12 22:00:00.0;0,00
FOZ DO IGUAÇU;410830402A;PR;São Miguel;-25,534019;-54,540623;2025-03-12 23:00:00.0;0,00
FOZ DO IGUAÇU;410830402A;PR;São Miguel;-25,534019;-54,540623;2025-03-13 00:00:00.0;0,00
FOZ DO IGUAÇU;410830402A;PR;São Miguel;-25,534019;-54,540623;2025-03-13 01:00:00.0;0,00
FOZ DO IGUAÇU;410830402A;PR;São Miguel;-25,534019;-54,540623;2025-03-13 02:00:00.0;0,00
FOZ DO IGUAÇU;410830402A;PR;São Miguel;-25,534019;-54,540623;2025-03-13 03:00:00.0;0,00
FOZ DO IGUAÇU;410830402A;PR;São Miguel;-25,534019;-54,540623;2025-03-13 04:00:00.0;0,00
FOZ DO IGUAÇU;410830402A;PR;São Miguel;-25,534019;-54,540623;2025-03-13 05:00:00.0;0,00
FOZ DO IGUAÇU;410830402A;PR;São Miguel;-25,534019;-54,540623;2025-03-13 06:00:00.0;0,00
FOZ DO IGUAÇU;410830402A;PR;São Miguel;-25,534019;-54,540623;2025-03-13 07:00:00.0;0,00
FOZ DO IGUAÇU;410830402A;PR;São Miguel;-25,534019;-54,540623;2025-03-13 08:00:00.0;0,00
FOZ DO IGUAÇU;410830402A;PR;São Miguel;-25,534019;-54,540623;2025-03-13 09:00:00.0;0,00
FOZ DO IGUAÇU;410830402A;PR;São Miguel;-25,534019;-54,540623;2025-03-13 10:00:00.0;0,00
FOZ DO IGUAÇU;410830402A;PR;São Miguel;-25,534019;-54,540623;2025-03-13 11:00:00.0;0,00
FOZ DO IGUAÇU;410830402A;PR;São Miguel;-25,534019;-54,540623;2025-03-13 12:00:00.0;0,00
FOZ DO IGUAÇU;410830402A;PR;São Miguel;-25,534019;-54,540623;2025-03-13 13:00:00.0;0,00
FOZ DO IGUAÇU;410830402A;PR;São Miguel;-25,534019;-54,540623;2025-03-13 14:00:00.0;0,00
FOZ DO IGUAÇU;410830402A;PR;São Miguel;-25,534019;-54,540623;2025-03-13 15:00:00.0;0,00
FOZ DO IGUAÇU;410830402A;PR;São Miguel;-25,534019;-54,540623;2025-03-13 16:00:00.0;0,00
FOZ DO IGUAÇU;410830402A;PR;São Miguel;-25,534019;-54,540623;2025-03-13 17:00:00.0;0,00
FOZ DO IGUAÇU;410830402A;PR;São Miguel;-25,534019;-54,540623;2025-03-13 18:00:00.0;0,00
FOZ DO IGUAÇU;410830402A;PR;São Miguel;-25,534019;-54,540623;2025-03-13 19:00:00.0;0,00
FOZ DO IGUAÇU;410830402A;PR;São Miguel;-25,534019;-54,540623;2025-03-13 20:00:00.0;0,00
FOZ DO IGUAÇU;410830402A;PR;São Miguel;-25,534019;-54,540623;2025-03-13 21:00:00.0;0,00
FOZ DO IGUAÇU;410830402A;PR;São Miguel;-25,534019;-54,540623;2025-03-13 22:00:00.0;0,00
FOZ DO IGUAÇU;410830402A;PR;São Miguel;-25,534019;-54,540623;2025-03-13 23:00:00.0;0,00
FOZ DO IGUAÇU;410830402A;PR;São Miguel;-25,534019;-54,540623;2025-03-14 00:00:00.0;0,00
FOZ DO IGUAÇU;410830402A;PR;São Miguel;-25,534019;-54,540623;2025-03-14 01:00:00.0;0,00
FOZ DO IGUAÇU;410830402A;PR;São Miguel;-25,534019;-54,540623;2025-03-14 02:00:00.0;0,00
FOZ DO IGUAÇU;410830402A;PR;São Miguel;-25,534019;-54,540623;2025-03-14 03:00:00.0;0,00
FOZ DO IGUAÇU;410830402A;PR;São Miguel;-25,534019;-54,540623;2025-03-14 04:00:00.0;0,00
FOZ DO IGUAÇU;410830402A;PR;São Miguel;-25,534019;-54,540623;2025-03-14 05:00:00.0;0,00
FOZ DO IGUAÇU;410830402A;PR;São Miguel;-25,534019;-54,540623;2025-03-14 06:00:00.0;0,00
FOZ DO IGUAÇU;410830402A;PR;São Miguel;-25,534019;-54,540623;2025-03-14 07:00:00.0;0,00
FOZ DO IGUAÇU;410830402A;PR;São Miguel;-25,534019;-54,540623;2025-03-14 08:00:00.0;0,00
FOZ DO IGUAÇU;410830402A;PR;São Miguel;-25,534019;-54,540623;2025-03-14 09:00:00.0;0,00
FOZ DO IGUAÇU;410830402A;PR;São Miguel;-25,534019;-54,540623;2025-03-14 10:00:00.0;0,00
FOZ DO IGUAÇU;410830402A;PR;São Miguel;-25,534019;-54,540623;2025-03-14 11:00:00.0;0,00
FOZ DO IGUAÇU;410830402A;PR;São Miguel;-25,534019;-54,540623;2025-03-14 12:00:00.0;0,00
FOZ DO IGUAÇU;410830402A;PR;São Miguel;-25,534019;-54,540623;2025-03-14 13:00:00.0;0,00
FOZ DO IGUAÇU;410830402A;PR;São Miguel;-25,534019;-54,540623;2025-03-14 14:00:00.0;0,00
FOZ DO IGUAÇU;410830402A;PR;São Miguel;-25,534019;-54,540623;2025-03-14 15:00:00.0;0,00
FOZ DO IGUAÇU;410830402A;PR;São Miguel;-25,534019;-54,540623;2025-03-14 16:00:00.0;0,00
FOZ DO IGUAÇU;410830402A;PR;São Miguel;-25,534019;-54,540623;2025-03-14 17:00:00.0;0,00
FOZ DO IGUAÇU;410830402A;PR;São Miguel;-25,534019;-54,540623;2025-03-14 18:00:00.0;0,00
FOZ DO IGUAÇU;410830402A;PR;São Miguel;-25,534019;-54,540623;2025-03-14 19:00:00.0;0,00
FOZ DO IGUAÇU;410830402A;PR;São Miguel;-25,534019;-54,540623;2025-03-14 20:00:00.0;0,00
FOZ DO IGUAÇU;410830402A;PR;São Miguel;-25,534019;-54,540623;2025-03-14 21:00:00.0;0,00
FOZ DO IGUAÇU;410830402A;PR;São Miguel;-25,534019;-54,540623;2025-03-14 22:00:00.0;0,00
FOZ DO IGUAÇU;410830402A;PR;São Miguel;-25,534019;-54,540623;2025-03-14 23:00:00.0;0,00
FOZ DO IGUAÇU;410830402A;PR;São Miguel;-25,534019;-54,540623;2025-03-15 00:00:00.0;0,00
FOZ DO IGUAÇU;410830402A;PR;São Miguel;-25,534019;-54,540623;2025-03-15 01:00:00.0;0,00
FOZ DO IGUAÇU;410830402A;PR;São Miguel;-25,534019;-54,540623;2025-03-15 02:00:00.0;0,00
FOZ DO IGUAÇU;410830402A;PR;São Miguel;-25,534019;-54,540623;2025-03-15 03:00:00.0;0,00
FOZ DO IGUAÇU;410830402A;PR;São Miguel;-25,534019;-54,540623;2025-03-15 04:00:00.0;0,00
FOZ DO IGUAÇU;410830402A;PR;São Miguel;-25,534019;-54,540623;2025-03-15 05:00:00.0;0,00
FOZ DO IGUAÇU;410830402A;PR;São Miguel;-25,534019;-54,540623;2025-03-15 06:00:00.0;0,00
FOZ DO IGUAÇU;410830402A;PR;São Miguel;-25,534019;-54,540623;2025-03-15 07:00:00.0;0,00
FOZ DO IGUAÇU;410830402A;PR;São Miguel;-25,534019;-54,540623;2025-03-15 08:00:00.0;0,00
FOZ DO IGUAÇU;410830402A;PR;São Miguel;-25,534019;-54,540623;2025-03-15 09:00:00.0;0,00
FOZ DO IGUAÇU;410830402A;PR;São Miguel;-25,534019;-54,540623;2025-03-15 10:00:00.0;0,00
FOZ DO IGUAÇU;410830402A;PR;São Miguel;-25,534019;-54,540623;2025-03-15 11:00:00.0;0,00
FOZ DO IGUAÇU;410830402A;PR;São Miguel;-25,534019;-54,540623;2025-03-15 12:00:00.0;0,00
FOZ DO IGUAÇU;410830402A;PR;São Miguel;-25,534019;-54,540623;2025-03-15 13:00:00.0;0,20
FOZ DO IGUAÇU;410830402A;PR;São Miguel;-25,534019;-54,540623;2025-03-15 13:10:00.0;0,20
FOZ DO IGUAÇU;410830402A;PR;São Miguel;-25,534019;-54,540623;2025-03-15 13:20:00.0;0,40
FOZ DO IGUAÇU;410830402A;PR;São Miguel;-25,534019;-54,540623;2025-03-15 13:30:00.0;0,60
FOZ DO IGUAÇU;410830402A;PR;São Miguel;-25,534019;-54,540623;2025-03-15 13:40:00.0;0,20
FOZ DO IGUAÇU;410830402A;PR;São Miguel;-25,534019;-54,540623;2025-03-15 13:50:00.0;0,40
FOZ DO IGUAÇU;410830402A;PR;São Miguel;-25,534019;-54,540623;2025-03-15 14:00:00.0;0,20
FOZ DO IGUAÇU;410830402A;PR;São Miguel;-25,534019;-54,540623;2025-03-15 14:10:00.0;0,20
FOZ DO IGUAÇU;410830402A;PR;São Miguel;-25,534019;-54,540623;2025-03-15 14:20:00.0;0,40
FOZ DO IGUAÇU;410830402A;PR;São Miguel;-25,534019;-54,540623;2025-03-15 14:30:00.0;0,40
FOZ DO IGUAÇU;410830402A;PR;São Miguel;-25,534019;-54,540623;2025-03-15 14:40:00.0;0,40
FOZ DO IGUAÇU;410830402A;PR;São Miguel;-25,534019;-54,540623;2025-03-15 15:00:00.0;0,20
FOZ DO IGUAÇU;410830402A;PR;São Miguel;-25,534019;-54,540623;2025-03-15 15:20:00.0;0,20
FOZ DO IGUAÇU;410830402A;PR;São Miguel;-25,534019;-54,540623;2025-03-15 16:00:00.0;0,00
FOZ DO IGUAÇU;410830402A;PR;São Miguel;-25,534019;-54,540623;2025-03-15 17:00:00.0;0,00
FOZ DO IGUAÇU;410830402A;PR;São Miguel;-25,534019;-54,540623;2025-03-15 18:00:00.0;0,00
FOZ DO IGUAÇU;410830402A;PR;São Miguel;-25,534019;-54,540623;2025-03-15 19:00:00.0;0,00
FOZ DO IGUAÇU;410830402A;PR;São Miguel;-25,534019;-54,540623;2025-03-15 20:00:00.0;0,00
FOZ DO IGUAÇU;410830402A;PR;São Miguel;-25,534019;-54,540623;2025-03-15 21:00:00.0;0,00
FOZ DO IGUAÇU;410830402A;PR;São Miguel;-25,534019;-54,540623;2025-03-15 22:00:00.0;0,00
FOZ DO IGUAÇU;410830402A;PR;São Miguel;-25,534019;-54,540623;2025-03-15 23:00:00.0;0,00
FOZ DO IGUAÇU;410830402A;PR;São Miguel;-25,534019;-54,540623;2025-03-16 00:00:00.0;0,00
FOZ DO IGUAÇU;410830402A;PR;São Miguel;-25,534019;-54,540623;2025-03-16 01:00:00.0;0,00
FOZ DO IGUAÇU;410830402A;PR;São Miguel;-25,534019;-54,540623;2025-03-16 02:00:00.0;0,00
FOZ DO IGUAÇU;410830402A;PR;São Miguel;-25,534019;-54,540623;2025-03-16 03:00:00.0;0,00
FOZ DO IGUAÇU;410830402A;PR;São Miguel;-25,534019;-54,540623;2025-03-16 04:00:00.0;0,00
FOZ DO IGUAÇU;410830402A;PR;São Miguel;-25,534019;-54,540623;2025-03-16 05:00:00.0;0,00
FOZ DO IGUAÇU;410830402A;PR;São Miguel;-25,534019;-54,540623;2025-03-16 06:00:00.0;0,00
FOZ DO IGUAÇU;410830402A;PR;São Miguel;-25,534019;-54,540623;2025-03-16 07:00:00.0;0,00
FOZ DO IGUAÇU;410830402A;PR;São Miguel;-25,534019;-54,540623;2025-03-16 08:00:00.0;0,00
FOZ DO IGUAÇU;410830402A;PR;São Miguel;-25,534019;-54,540623;2025-03-16 09:00:00.0;0,00
FOZ DO IGUAÇU;410830402A;PR;São Miguel;-25,534019;-54,540623;2025-03-16 10:00:00.0;0,00
FOZ DO IGUAÇU;410830402A;PR;São Miguel;-25,534019;-54,540623;2025-03-16 11:00:00.0;0,00
FOZ DO IGUAÇU;410830402A;PR;São Miguel;-25,534019;-54,540623;2025-03-16 12:00:00.0;0,00
FOZ DO IGUAÇU;410830402A;PR;São Miguel;-25,534019;-54,540623;2025-03-16 13:00:00.0;0,00
FOZ DO IGUAÇU;410830402A;PR;São Miguel;-25,534019;-54,540623;2025-03-16 14:00:00.0;0,00
FOZ DO IGUAÇU;410830402A;PR;São Miguel;-25,534019;-54,540623;2025-03-16 15:00:00.0;0,00
FOZ DO IGUAÇU;410830402A;PR;São Miguel;-25,534019;-54,540623;2025-03-16 16:00:00.0;0,00
FOZ DO IGUAÇU;410830402A;PR;São Miguel;-25,534019;-54,540623;2025-03-16 17:00:00.0;0,00
FOZ DO IGUAÇU;410830402A;PR;São Miguel;-25,534019;-54,540623;2025-03-16 18:00:00.0;0,00
FOZ DO IGUAÇU;410830402A;PR;São Miguel;-25,534019;-54,540623;2025-03-16 19:00:00.0;0,00
FOZ DO IGUAÇU;410830402A;PR;São Miguel;-25,534019;-54,540623;2025-03-16 20:00:00.0;0,00
FOZ DO IGUAÇU;410830402A;PR;São Miguel;-25,534019;-54,540623;2025-03-16 21:00:00.0;0,00
FOZ DO IGUAÇU;410830402A;PR;São Miguel;-25,534019;-54,540623;2025-03-16 22:00:00.0;0,00
FOZ DO IGUAÇU;410830402A;PR;São Miguel;-25,534019;-54,540623;2025-03-16 23:00:00.0;0,00
FOZ DO IGUAÇU;410830402A;PR;São Miguel;-25,534019;-54,540623;2025-03-17 00:00:00.0;0,00
FOZ DO IGUAÇU;410830402A;PR;São Miguel;-25,534019;-54,540623;2025-03-17 01:00:00.0;0,00
FOZ DO IGUAÇU;410830402A;PR;São Miguel;-25,534019;-54,540623;2025-03-17 02:00:00.0;0,00
FOZ DO IGUAÇU;410830402A;PR;São Miguel;-25,534019;-54,540623;2025-03-17 03:00:00.0;0,00
FOZ DO IGUAÇU;410830402A;PR;São Miguel;-25,534019;-54,540623;2025-03-17 04:00:00.0;0,00
FOZ DO IGUAÇU;410830402A;PR;São Miguel;-25,534019;-54,540623;2025-03-17 05:00:00.0;0,00
FOZ DO IGUAÇU;410830402A;PR;São Miguel;-25,534019;-54,540623;2025-03-17 06:00:00.0;0,00
FOZ DO IGUAÇU;410830402A;PR;São Miguel;-25,534019;-54,540623;2025-03-17 07:00:00.0;0,00
FOZ DO IGUAÇU;410830402A;PR;São Miguel;-25,534019;-54,540623;2025-03-17 08:00:00.0;0,00
FOZ DO IGUAÇU;410830402A;PR;São Miguel;-25,534019;-54,540623;2025-03-17 09:00:00.0;0,00
FOZ DO IGUAÇU;410830402A;PR;São Miguel;-25,534019;-54,540623;2025-03-17 10:00:00.0;0,00
FOZ DO IGUAÇU;410830402A;PR;São Miguel;-25,534019;-54,540623;2025-03-17 11:00:00.0;0,00
FOZ DO IGUAÇU;410830402A;PR;São Miguel;-25,534019;-54,540623;2025-03-17 12:00:00.0;0,00
FOZ DO IGUAÇU;410830402A;PR;São Miguel;-25,534019;-54,540623;2025-03-17 13:00:00.0;0,00
FOZ DO IGUAÇU;410830402A;PR;São Miguel;-25,534019;-54,540623;2025-03-17 14:00:00.0;0,00
FOZ DO IGUAÇU;410830402A;PR;São Miguel;-25,534019;-54,540623;2025-03-17 15:00:00.0;0,00
FOZ DO IGUAÇU;410830402A;PR;São Miguel;-25,534019;-54,540623;2025-03-17 16:00:00.0;0,00
FOZ DO IGUAÇU;410830402A;PR;São Miguel;-25,534019;-54,540623;2025-03-17 17:00:00.0;0,00
FOZ DO IGUAÇU;410830402A;PR;São Miguel;-25,534019;-54,540623;2025-03-17 18:00:00.0;0,00
FOZ DO IGUAÇU;410830402A;PR;São Miguel;-25,534019;-54,540623;2025-03-17 19:00:00.0;0,00
FOZ DO IGUAÇU;410830402A;PR;São Miguel;-25,534019;-54,540623;2025-03-17 20:00:00.0;0,00
FOZ DO IGUAÇU;410830402A;PR;São Miguel;-25,534019;-54,540623;2025-03-17 21:00:00.0;0,00
FOZ DO IGUAÇU;410830402A;PR;São Miguel;-25,534019;-54,540623;2025-03-17 22:00:00.0;0,00
FOZ DO IGUAÇU;410830402A;PR;São Miguel;-25,534019;-54,540623;2025-03-17 23:00:00.0;0,00
FOZ DO IGUAÇU;410830402A;PR;São Miguel;-25,534019;-54,540623;2025-03-18 00:00:00.0;0,00
FOZ DO IGUAÇU;410830402A;PR;São Miguel;-25,534019;-54,540623;2025-03-18 01:00:00.0;0,00
FOZ DO IGUAÇU;410830402A;PR;São Miguel;-25,534019;-54,540623;2025-03-18 02:00:00.0;0,00
FOZ DO IGUAÇU;410830402A;PR;São Miguel;-25,534019;-54,540623;2025-03-18 03:00:00.0;0,00
FOZ DO IGUAÇU;410830402A;PR;São Miguel;-25,534019;-54,540623;2025-03-18 04:00:00.0;0,00
FOZ DO IGUAÇU;410830402A;PR;São Miguel;-25,534019;-54,540623;2025-03-18 05:00:00.0;0,00
FOZ DO IGUAÇU;410830402A;PR;São Miguel;-25,534019;-54,540623;2025-03-18 06:00:00.0;0,00
FOZ DO IGUAÇU;410830402A;PR;São Miguel;-25,534019;-54,540623;2025-03-18 07:00:00.0;0,00
FOZ DO IGUAÇU;410830402A;PR;São Miguel;-25,534019;-54,540623;2025-03-18 08:00:00.0;0,00
FOZ DO IGUAÇU;410830402A;PR;São Miguel;-25,534019;-54,540623;2025-03-18 09:00:00.0;0,00
FOZ DO IGUAÇU;410830402A;PR;São Miguel;-25,534019;-54,540623;2025-03-18 10:00:00.0;0,00
FOZ DO IGUAÇU;410830402A;PR;São Miguel;-25,534019;-54,540623;2025-03-18 11:00:00.0;0,00
FOZ DO IGUAÇU;410830402A;PR;São Miguel;-25,534019;-54,540623;2025-03-18 12:00:00.0;0,00
FOZ DO IGUAÇU;410830402A;PR;São Miguel;-25,534019;-54,540623;2025-03-18 13:00:00.0;0,00
FOZ DO IGUAÇU;410830402A;PR;São Miguel;-25,534019;-54,540623;2025-03-18 14:00:00.0;0,00
FOZ DO IGUAÇU;410830402A;PR;São Miguel;-25,534019;-54,540623;2025-03-18 15:00:00.0;0,00
FOZ DO IGUAÇU;410830402A;PR;São Miguel;-25,534019;-54,540623;2025-03-18 16:00:00.0;0,00
FOZ DO IGUAÇU;410830402A;PR;São Miguel;-25,534019;-54,540623;2025-03-18 17:00:00.0;0,00
FOZ DO IGUAÇU;410830402A;PR;São Miguel;-25,534019;-54,540623;2025-03-18 18:00:00.0;0,00
FOZ DO IGUAÇU;410830402A;PR;São Miguel;-25,534019;-54,540623;2025-03-18 19:00:00.0;0,00
FOZ DO IGUAÇU;410830402A;PR;São Miguel;-25,534019;-54,540623;2025-03-18 20:00:00.0;0,00
FOZ DO IGUAÇU;410830402A;PR;São Miguel;-25,534019;-54,540623;2025-03-18 21:00:00.0;0,00
FOZ DO IGUAÇU;410830402A;PR;São Miguel;-25,534019;-54,540623;2025-03-18 22:00:00.0;0,00
FOZ DO IGUAÇU;410830402A;PR;São Miguel;-25,534019;-54,540623;2025-03-18 23:00:00.0;0,00
FOZ DO IGUAÇU;410830402A;PR;São Miguel;-25,534019;-54,540623;2025-03-19 00:00:00.0;0,00
FOZ DO IGUAÇU;410830402A;PR;São Miguel;-25,534019;-54,540623;2025-03-19 01:00:00.0;0,00
FOZ DO IGUAÇU;410830402A;PR;São Miguel;-25,534019;-54,540623;2025-03-19 02:00:00.0;0,00
FOZ DO IGUAÇU;410830402A;PR;São Miguel;-25,534019;-54,540623;2025-03-19 03:00:00.0;0,00
FOZ DO IGUAÇU;410830402A;PR;São Miguel;-25,534019;-54,540623;2025-03-19 04:00:00.0;0,00
FOZ DO IGUAÇU;410830402A;PR;São Miguel;-25,534019;-54,540623;2025-03-19 05:00:00.0;0,00
FOZ DO IGUAÇU;410830402A;PR;São Miguel;-25,534019;-54,540623;2025-03-19 06:00:00.0;0,00
FOZ DO IGUAÇU;410830402A;PR;São Miguel;-25,534019;-54,540623;2025-03-19 07:00:00.0;0,00
FOZ DO IGUAÇU;410830402A;PR;São Miguel;-25,534019;-54,540623;2025-03-19 08:00:00.0;0,00
FOZ DO IGUAÇU;410830402A;PR;São Miguel;-25,534019;-54,540623;2025-03-19 09:00:00.0;0,00
FOZ DO IGUAÇU;410830402A;PR;São Miguel;-25,534019;-54,540623;2025-03-19 10:00:00.0;0,00
FOZ DO IGUAÇU;410830402A;PR;São Miguel;-25,534019;-54,540623;2025-03-19 11:00:00.0;0,00
FOZ DO IGUAÇU;410830402A;PR;São Miguel;-25,534019;-54,540623;2025-03-19 12:00:00.0;0,00
FOZ DO IGUAÇU;410830402A;PR;São Miguel;-25,534019;-54,540623;2025-03-19 13:00:00.0;0,00
FOZ DO IGUAÇU;410830402A;PR;São Miguel;-25,534019;-54,540623;2025-03-19 14:00:00.0;0,00
FOZ DO IGUAÇU;410830402A;PR;São Miguel;-25,534019;-54,540623;2025-03-19 15:00:00.0;0,00
FOZ DO IGUAÇU;410830402A;PR;São Miguel;-25,534019;-54,540623;2025-03-19 16:00:00.0;0,00
FOZ DO IGUAÇU;410830402A;PR;São Miguel;-25,534019;-54,540623;2025-03-19 17:00:00.0;0,00
FOZ DO IGUAÇU;410830402A;PR;São Miguel;-25,534019;-54,540623;2025-03-19 18:00:00.0;0,00
FOZ DO IGUAÇU;410830402A;PR;São Miguel;-25,534019;-54,540623;2025-03-19 19:00:00.0;0,00
FOZ DO IGUAÇU;410830402A;PR;São Miguel;-25,534019;-54,540623;2025-03-19 20:00:00.0;0,00
FOZ DO IGUAÇU;410830402A;PR;São Miguel;-25,534019;-54,540623;2025-03-19 21:00:00.0;0,00
FOZ DO IGUAÇU;410830402A;PR;São Miguel;-25,534019;-54,540623;2025-03-19 22:00:00.0;0,00
FOZ DO IGUAÇU;410830402A;PR;São Miguel;-25,534019;-54,540623;2025-03-19 23:00:00.0;0,00
FOZ DO IGUAÇU;410830402A;PR;São Miguel;-25,534019;-54,540623;2025-03-20 00:00:00.0;0,00
FOZ DO IGUAÇU;410830402A;PR;São Miguel;-25,534019;-54,540623;2025-03-20 01:00:00.0;0,00
FOZ DO IGUAÇU;410830402A;PR;São Miguel;-25,534019;-54,540623;2025-03-20 02:00:00.0;0,00
FOZ DO IGUAÇU;410830402A;PR;São Miguel;-25,534019;-54,540623;2025-03-20 03:00:00.0;0,00
FOZ DO IGUAÇU;410830402A;PR;São Miguel;-25,534019;-54,540623;2025-03-20 04:00:00.0;0,00
FOZ DO IGUAÇU;410830402A;PR;São Miguel;-25,534019;-54,540623;2025-03-20 05:00:00.0;0,00
FOZ DO IGUAÇU;410830402A;PR;São Miguel;-25,534019;-54,540623;2025-03-20 06:00:00.0;0,00
FOZ DO IGUAÇU;410830402A;PR;São Miguel;-25,534019;-54,540623;2025-03-20 07:00:00.0;0,00
FOZ DO IGUAÇU;410830402A;PR;São Miguel;-25,534019;-54,540623;2025-03-20 08:00:00.0;0,00
FOZ DO IGUAÇU;410830402A;PR;São Miguel;-25,534019;-54,540623;2025-03-20 09:00:00.0;0,00
FOZ DO IGUAÇU;410830402A;PR;São Miguel;-25,534019;-54,540623;2025-03-20 10:00:00.0;0,00
FOZ DO IGUAÇU;410830402A;PR;São Miguel;-25,534019;-54,540623;2025-03-20 11:00:00.0;0,00
FOZ DO IGUAÇU;410830402A;PR;São Miguel;-25,534019;-54,540623;2025-03-20 12:00:00.0;0,00
FOZ DO IGUAÇU;410830402A;PR;São Miguel;-25,534019;-54,540623;2025-03-20 13:00:00.0;0,00
FOZ DO IGUAÇU;410830402A;PR;São Miguel;-25,534019;-54,540623;2025-03-20 14:00:00.0;0,00
FOZ DO IGUAÇU;410830402A;PR;São Miguel;-25,534019;-54,540623;2025-03-20 15:00:00.0;0,00
FOZ DO IGUAÇU;410830402A;PR;São Miguel;-25,534019;-54,540623;2025-03-20 16:00:00.0;0,00
FOZ DO IGUAÇU;410830402A;PR;São Miguel;-25,534019;-54,540623;2025-03-20 17:00:00.0;0,00
FOZ DO IGUAÇU;410830402A;PR;São Miguel;-25,534019;-54,540623;2025-03-20 18:00:00.0;0,00
FOZ DO IGUAÇU;410830402A;PR;São Miguel;-25,534019;-54,540623;2025-03-20 19:00:00.0;0,00
FOZ DO IGUAÇU;410830402A;PR;São Miguel;-25,534019;-54,540623;2025-03-20 20:00:00.0;0,00
FOZ DO IGUAÇU;410830402A;PR;São Miguel;-25,534019;-54,540623;2025-03-20 21:00:00.0;0,00
FOZ DO IGUAÇU;410830402A;PR;São Miguel;-25,534019;-54,540623;2025-03-20 22:00:00.0;0,00
FOZ DO IGUAÇU;410830402A;PR;São Miguel;-25,534019;-54,540623;2025-03-20 23:00:00.0;0,00
FOZ DO IGUAÇU;410830402A;PR;São Miguel;-25,534019;-54,540623;2025-03-21 00:00:00.0;0,00
FOZ DO IGUAÇU;410830402A;PR;São Miguel;-25,534019;-54,540623;2025-03-21 01:00:00.0;0,00
FOZ DO IGUAÇU;410830402A;PR;São Miguel;-25,534019;-54,540623;2025-03-21 02:00:00.0;0,00
FOZ DO IGUAÇU;410830402A;PR;São Miguel;-25,534019;-54,540623;2025-03-21 03:00:00.0;0,00
FOZ DO IGUAÇU;410830402A;PR;São Miguel;-25,534019;-54,540623;2025-03-21 04:00:00.0;0,00
FOZ DO IGUAÇU;410830402A;PR;São Miguel;-25,534019;-54,540623;2025-03-21 05:00:00.0;0,00
FOZ DO IGUAÇU;410830402A;PR;São Miguel;-25,534019;-54,540623;2025-03-21 06:00:00.0;0,00
FOZ DO IGUAÇU;410830402A;PR;São Miguel;-25,534019;-54,540623;2025-03-21 07:00:00.0;0,00
FOZ DO IGUAÇU;410830402A;PR;São Miguel;-25,534019;-54,540623;2025-03-21 08:00:00.0;0,00
FOZ DO IGUAÇU;410830402A;PR;São Miguel;-25,534019;-54,540623;2025-03-21 09:00:00.0;0,00
FOZ DO IGUAÇU;410830402A;PR;São Miguel;-25,534019;-54,540623;2025-03-21 10:00:00.0;0,00
FOZ DO IGUAÇU;410830402A;PR;São Miguel;-25,534019;-54,540623;2025-03-21 11:00:00.0;0,00
FOZ DO IGUAÇU;410830402A;PR;São Miguel;-25,534019;-54,540623;2025-03-21 12:00:00.0;0,00
FOZ DO IGUAÇU;410830402A;PR;São Miguel;-25,534019;-54,540623;2025-03-21 13:00:00.0;0,00
FOZ DO IGUAÇU;410830402A;PR;São Miguel;-25,534019;-54,540623;2025-03-21 14:00:00.0;0,00
FOZ DO IGUAÇU;410830402A;PR;São Miguel;-25,534019;-54,540623;2025-03-21 15:00:00.0;0,00
FOZ DO IGUAÇU;410830402A;PR;São Miguel;-25,534019;-54,540623;2025-03-21 16:00:00.0;0,00
FOZ DO IGUAÇU;410830402A;PR;São Miguel;-25,534019;-54,540623;2025-03-21 17:00:00.0;0,00
FOZ DO IGUAÇU;410830402A;PR;São Miguel;-25,534019;-54,540623;2025-03-21 18:00:00.0;0,00
FOZ DO IGUAÇU;410830402A;PR;São Miguel;-25,534019;-54,540623;2025-03-21 19:00:00.0;0,00
FOZ DO IGUAÇU;410830402A;PR;São Miguel;-25,534019;-54,540623;2025-03-21 20:00:00.0;0,00
FOZ DO IGUAÇU;410830402A;PR;São Miguel;-25,534019;-54,540623;2025-03-21 21:00:00.0;0,00
FOZ DO IGUAÇU;410830402A;PR;São Miguel;-25,534019;-54,540623;2025-03-21 22:00:00.0;0,00
FOZ DO IGUAÇU;410830402A;PR;São Miguel;-25,534019;-54,540623;2025-03-21 23:00:00.0;0,00
FOZ DO IGUAÇU;410830402A;PR;São Miguel;-25,534019;-54,540623;2025-03-22 00:00:00.0;0,00
FOZ DO IGUAÇU;410830402A;PR;São Miguel;-25,534019;-54,540623;2025-03-22 01:00:00.0;0,00
FOZ DO IGUAÇU;410830402A;PR;São Miguel;-25,534019;-54,540623;2025-03-22 02:00:00.0;0,00
FOZ DO IGUAÇU;410830402A;PR;São Miguel;-25,534019;-54,540623;2025-03-22 03:00:00.0;0,00
FOZ DO IGUAÇU;410830402A;PR;São Miguel;-25,534019;-54,540623;2025-03-22 04:00:00.0;0,00
FOZ DO IGUAÇU;410830402A;PR;São Miguel;-25,534019;-54,540623;2025-03-22 05:00:00.0;0,00
FOZ DO IGUAÇU;410830402A;PR;São Miguel;-25,534019;-54,540623;2025-03-22 06:00:00.0;0,00
FOZ DO IGUAÇU;410830402A;PR;São Miguel;-25,534019;-54,540623;2025-03-22 07:00:00.0;0,00
FOZ DO IGUAÇU;410830402A;PR;São Miguel;-25,534019;-54,540623;2025-03-22 08:00:00.0;0,00
FOZ DO IGUAÇU;410830402A;PR;São Miguel;-25,534019;-54,540623;2025-03-22 09:00:00.0;0,00
FOZ DO IGUAÇU;410830402A;PR;São Miguel;-25,534019;-54,540623;2025-03-22 10:00:00.0;0,00
FOZ DO IGUAÇU;410830402A;PR;São Miguel;-25,534019;-54,540623;2025-03-22 11:00:00.0;0,00
FOZ DO IGUAÇU;410830402A;PR;São Miguel;-25,534019;-54,540623;2025-03-22 12:00:00.0;0,00
FOZ DO IGUAÇU;410830402A;PR;São Miguel;-25,534019;-54,540623;2025-03-22 13:00:00.0;0,00
FOZ DO IGUAÇU;410830402A;PR;São Miguel;-25,534019;-54,540623;2025-03-22 14:00:00.0;0,00
FOZ DO IGUAÇU;410830402A;PR;São Miguel;-25,534019;-54,540623;2025-03-22 15:00:00.0;0,00
FOZ DO IGUAÇU;410830402A;PR;São Miguel;-25,534019;-54,540623;2025-03-22 16:00:00.0;0,00
FOZ DO IGUAÇU;410830402A;PR;São Miguel;-25,534019;-54,540623;2025-03-22 17:00:00.0;0,00
FOZ DO IGUAÇU;410830402A;PR;São Miguel;-25,534019;-54,540623;2025-03-22 18:00:00.0;0,00
FOZ DO IGUAÇU;410830402A;PR;São Miguel;-25,534019;-54,540623;2025-03-22 19:00:00.0;0,00
FOZ DO IGUAÇU;410830402A;PR;São Miguel;-25,534019;-54,540623;2025-03-22 20:00:00.0;0,00
FOZ DO IGUAÇU;410830402A;PR;São Miguel;-25,534019;-54,540623;2025-03-22 21:00:00.0;0,00
FOZ DO IGUAÇU;410830402A;PR;São Miguel;-25,534019;-54,540623;2025-03-22 22:00:00.0;0,00
FOZ DO IGUAÇU;410830402A;PR;São Miguel;-25,534019;-54,540623;2025-03-22 23:00:00.0;0,00
FOZ DO IGUAÇU;410830402A;PR;São Miguel;-25,534019;-54,540623;2025-03-23 00:00:00.0;0,00
FOZ DO IGUAÇU;410830402A;PR;São Miguel;-25,534019;-54,540623;2025-03-23 01:00:00.0;0,00
FOZ DO IGUAÇU;410830402A;PR;São Miguel;-25,534019;-54,540623;2025-03-23 02:00:00.0;0,00
FOZ DO IGUAÇU;410830402A;PR;São Miguel;-25,534019;-54,540623;2025-03-23 03:00:00.0;0,00
FOZ DO IGUAÇU;410830402A;PR;São Miguel;-25,534019;-54,540623;2025-03-23 04:00:00.0;0,00
FOZ DO IGUAÇU;410830402A;PR;São Miguel;-25,534019;-54,540623;2025-03-23 05:00:00.0;0,00
FOZ DO IGUAÇU;410830402A;PR;São Miguel;-25,534019;-54,540623;2025-03-23 06:00:00.0;0,00
FOZ DO IGUAÇU;410830402A;PR;São Miguel;-25,534019;-54,540623;2025-03-23 07:00:00.0;0,00
FOZ DO IGUAÇU;410830402A;PR;São Miguel;-25,534019;-54,540623;2025-03-23 08:00:00.0;0,00
FOZ DO IGUAÇU;410830402A;PR;São Miguel;-25,534019;-54,540623;2025-03-23 09:00:00.0;0,00
FOZ DO IGUAÇU;410830402A;PR;São Miguel;-25,534019;-54,540623;2025-03-23 10:00:00.0;0,00
FOZ DO IGUAÇU;410830402A;PR;São Miguel;-25,534019;-54,540623;2025-03-23 11:00:00.0;0,00
FOZ DO IGUAÇU;410830402A;PR;São Miguel;-25,534019;-54,540623;2025-03-23 12:00:00.0;0,00
FOZ DO IGUAÇU;410830402A;PR;São Miguel;-25,534019;-54,540623;2025-03-23 13:00:00.0;0,00
FOZ DO IGUAÇU;410830402A;PR;São Miguel;-25,534019;-54,540623;2025-03-23 14:00:00.0;0,00
FOZ DO IGUAÇU;410830402A;PR;São Miguel;-25,534019;-54,540623;2025-03-23 15:00:00.0;0,00
FOZ DO IGUAÇU;410830402A;PR;São Miguel;-25,534019;-54,540623;2025-03-23 16:00:00.0;0,00
FOZ DO IGUAÇU;410830402A;PR;São Miguel;-25,534019;-54,540623;2025-03-23 17:00:00.0;0,00
FOZ DO IGUAÇU;410830402A;PR;São Miguel;-25,534019;-54,540623;2025-03-23 18:00:00.0;0,00
FOZ DO IGUAÇU;410830402A;PR;São Miguel;-25,534019;-54,540623;2025-03-23 19:00:00.0;0,00
FOZ DO IGUAÇU;410830402A;PR;São Miguel;-25,534019;-54,540623;2025-03-23 20:00:00.0;0,00
FOZ DO IGUAÇU;410830402A;PR;São Miguel;-25,534019;-54,540623;2025-03-23 21:00:00.0;0,00
FOZ DO IGUAÇU;410830402A;PR;São Miguel;-25,534019;-54,540623;2025-03-23 22:00:00.0;0,00
FOZ DO IGUAÇU;410830402A;PR;São Miguel;-25,534019;-54,540623;2025-03-23 23:00:00.0;0,00
FOZ DO IGUAÇU;410830402A;PR;São Miguel;-25,534019;-54,540623;2025-03-24 00:00:00.0;0,00
FOZ DO IGUAÇU;410830402A;PR;São Miguel;-25,534019;-54,540623;2025-03-24 01:00:00.0;0,00
FOZ DO IGUAÇU;410830402A;PR;São Miguel;-25,534019;-54,540623;2025-03-24 02:00:00.0;0,00
FOZ DO IGUAÇU;410830402A;PR;São Miguel;-25,534019;-54,540623;2025-03-24 03:00:00.0;0,00
FOZ DO IGUAÇU;410830402A;PR;São Miguel;-25,534019;-54,540623;2025-03-24 04:00:00.0;0,00
FOZ DO IGUAÇU;410830402A;PR;São Miguel;-25,534019;-54,540623;2025-03-24 05:00:00.0;0,00
FOZ DO IGUAÇU;410830402A;PR;São Miguel;-25,534019;-54,540623;2025-03-24 06:00:00.0;0,00
FOZ DO IGUAÇU;410830402A;PR;São Miguel;-25,534019;-54,540623;2025-03-24 07:00:00.0;0,00
FOZ DO IGUAÇU;410830402A;PR;São Miguel;-25,534019;-54,540623;2025-03-24 08:00:00.0;0,00
FOZ DO IGUAÇU;410830402A;PR;São Miguel;-25,534019;-54,540623;2025-03-24 09:00:00.0;0,00
FOZ DO IGUAÇU;410830402A;PR;São Miguel;-25,534019;-54,540623;2025-03-24 10:00:00.0;0,00
FOZ DO IGUAÇU;410830402A;PR;São Miguel;-25,534019;-54,540623;2025-03-24 11:00:00.0;0,00
FOZ DO IGUAÇU;410830402A;PR;São Miguel;-25,534019;-54,540623;2025-03-24 12:00:00.0;0,00
FOZ DO IGUAÇU;410830402A;PR;São Miguel;-25,534019;-54,540623;2025-03-24 13:00:00.0;0,00
FOZ DO IGUAÇU;410830402A;PR;São Miguel;-25,534019;-54,540623;2025-03-24 14:00:00.0;0,00
FOZ DO IGUAÇU;410830402A;PR;São Miguel;-25,534019;-54,540623;2025-03-24 15:00:00.0;0,00
FOZ DO IGUAÇU;410830402A;PR;São Miguel;-25,534019;-54,540623;2025-03-24 16:00:00.0;0,00
FOZ DO IGUAÇU;410830402A;PR;São Miguel;-25,534019;-54,540623;2025-03-24 17:00:00.0;0,00
FOZ DO IGUAÇU;410830402A;PR;São Miguel;-25,534019;-54,540623;2025-03-24 18:00:00.0;0,00
FOZ DO IGUAÇU;410830402A;PR;São Miguel;-25,534019;-54,540623;2025-03-24 19:00:00.0;0,00
FOZ DO IGUAÇU;410830402A;PR;São Miguel;-25,534019;-54,540623;2025-03-24 20:00:00.0;0,00
FOZ DO IGUAÇU;410830402A;PR;São Miguel;-25,534019;-54,540623;2025-03-24 21:00:00.0;0,00
FOZ DO IGUAÇU;410830402A;PR;São Miguel;-25,534019;-54,540623;2025-03-24 22:00:00.0;0,00
FOZ DO IGUAÇU;410830402A;PR;São Miguel;-25,534019;-54,540623;2025-03-24 23:00:00.0;0,00
FOZ DO IGUAÇU;410830402A;PR;São Miguel;-25,534019;-54,540623;2025-03-25 00:00:00.0;0,00
FOZ DO IGUAÇU;410830402A;PR;São Miguel;-25,534019;-54,540623;2025-03-25 01:00:00.0;0,00
FOZ DO IGUAÇU;410830402A;PR;São Miguel;-25,534019;-54,540623;2025-03-25 02:00:00.0;0,00
FOZ DO IGUAÇU;410830402A;PR;São Miguel;-25,534019;-54,540623;2025-03-25 03:00:00.0;0,00
FOZ DO IGUAÇU;410830402A;PR;São Miguel;-25,534019;-54,540623;2025-03-25 04:00:00.0;0,00
FOZ DO IGUAÇU;410830402A;PR;São Miguel;-25,534019;-54,540623;2025-03-25 05:00:00.0;0,00
FOZ DO IGUAÇU;410830402A;PR;São Miguel;-25,534019;-54,540623;2025-03-25 06:00:00.0;0,00
FOZ DO IGUAÇU;410830402A;PR;São Miguel;-25,534019;-54,540623;2025-03-25 07:00:00.0;0,00
FOZ DO IGUAÇU;410830402A;PR;São Miguel;-25,534019;-54,540623;2025-03-25 08:00:00.0;0,00
FOZ DO IGUAÇU;410830402A;PR;São Miguel;-25,534019;-54,540623;2025-03-25 09:00:00.0;0,00
FOZ DO IGUAÇU;410830402A;PR;São Miguel;-25,534019;-54,540623;2025-03-25 10:00:00.0;0,00
FOZ DO IGUAÇU;410830402A;PR;São Miguel;-25,534019;-54,540623;2025-03-25 11:00:00.0;0,00
FOZ DO IGUAÇU;410830402A;PR;São Miguel;-25,534019;-54,540623;2025-03-25 12:00:00.0;0,00
FOZ DO IGUAÇU;410830402A;PR;São Miguel;-25,534019;-54,540623;2025-03-25 13:00:00.0;0,00
FOZ DO IGUAÇU;410830402A;PR;São Miguel;-25,534019;-54,540623;2025-03-25 14:00:00.0;0,00
FOZ DO IGUAÇU;410830402A;PR;São Miguel;-25,534019;-54,540623;2025-03-25 15:00:00.0;0,00
FOZ DO IGUAÇU;410830402A;PR;São Miguel;-25,534019;-54,540623;2025-03-25 16:00:00.0;0,00
FOZ DO IGUAÇU;410830402A;PR;São Miguel;-25,534019;-54,540623;2025-03-25 17:00:00.0;0,00
FOZ DO IGUAÇU;410830402A;PR;São Miguel;-25,534019;-54,540623;2025-03-25 18:00:00.0;0,00
FOZ DO IGUAÇU;410830402A;PR;São Miguel;-25,534019;-54,540623;2025-03-25 18:10:00.0;7,00
FOZ DO IGUAÇU;410830402A;PR;São Miguel;-25,534019;-54,540623;2025-03-25 18:20:00.0;8,20
FOZ DO IGUAÇU;410830402A;PR;São Miguel;-25,534019;-54,540623;2025-03-25 18:30:00.0;2,00
FOZ DO IGUAÇU;410830402A;PR;São Miguel;-25,534019;-54,540623;2025-03-25 18:40:00.0;0,20
FOZ DO IGUAÇU;410830402A;PR;São Miguel;-25,534019;-54,540623;2025-03-25 18:50:00.0;0,20
FOZ DO IGUAÇU;410830402A;PR;São Miguel;-25,534019;-54,540623;2025-03-25 19:00:00.0;0,00
FOZ DO IGUAÇU;410830402A;PR;São Miguel;-25,534019;-54,540623;2025-03-25 19:30:00.0;0,20
FOZ DO IGUAÇU;410830402A;PR;São Miguel;-25,534019;-54,540623;2025-03-25 20:00:00.0;0,00
FOZ DO IGUAÇU;410830402A;PR;São Miguel;-25,534019;-54,540623;2025-03-25 20:10:00.0;0,40
FOZ DO IGUAÇU;410830402A;PR;São Miguel;-25,534019;-54,540623;2025-03-25 20:20:00.0;0,60
FOZ DO IGUAÇU;410830402A;PR;São Miguel;-25,534019;-54,540623;2025-03-25 20:30:00.0;0,20
FOZ DO IGUAÇU;410830402A;PR;São Miguel;-25,534019;-54,540623;2025-03-25 21:00:00.0;0,00
FOZ DO IGUAÇU;410830402A;PR;São Miguel;-25,534019;-54,540623;2025-03-25 22:00:00.0;0,00
FOZ DO IGUAÇU;410830402A;PR;São Miguel;-25,534019;-54,540623;2025-03-25 23:00:00.0;0,00
FOZ DO IGUAÇU;410830402A;PR;São Miguel;-25,534019;-54,540623;2025-03-26 00:00:00.0;0,00
FOZ DO IGUAÇU;410830402A;PR;São Miguel;-25,534019;-54,540623;2025-03-26 01:00:00.0;0,00
FOZ DO IGUAÇU;410830402A;PR;São Miguel;-25,534019;-54,540623;2025-03-26 02:00:00.0;0,00
FOZ DO IGUAÇU;410830402A;PR;São Miguel;-25,534019;-54,540623;2025-03-26 03:00:00.0;0,00
FOZ DO IGUAÇU;410830402A;PR;São Miguel;-25,534019;-54,540623;2025-03-26 04:00:00.0;0,00
FOZ DO IGUAÇU;410830402A;PR;São Miguel;-25,534019;-54,540623;2025-03-26 05:00:00.0;0,00
FOZ DO IGUAÇU;410830402A;PR;São Miguel;-25,534019;-54,540623;2025-03-26 06:00:00.0;0,00
FOZ DO IGUAÇU;410830402A;PR;São Miguel;-25,534019;-54,540623;2025-03-26 07:00:00.0;0,00
FOZ DO IGUAÇU;410830402A;PR;São Miguel;-25,534019;-54,540623;2025-03-26 08:00:00.0;0,00
FOZ DO IGUAÇU;410830402A;PR;São Miguel;-25,534019;-54,540623;2025-03-26 08:20:00.0;0,20
FOZ DO IGUAÇU;410830402A;PR;São Miguel;-25,534019;-54,540623;2025-03-26 09:00:00.0;0,00
FOZ DO IGUAÇU;410830402A;PR;São Miguel;-25,534019;-54,540623;2025-03-26 10:00:00.0;0,00
FOZ DO IGUAÇU;410830402A;PR;São Miguel;-25,534019;-54,540623;2025-03-26 11:00:00.0;0,00
FOZ DO IGUAÇU;410830402A;PR;São Miguel;-25,534019;-54,540623;2025-03-26 12:00:00.0;0,00
FOZ DO IGUAÇU;410830402A;PR;São Miguel;-25,534019;-54,540623;2025-03-26 13:00:00.0;0,00
FOZ DO IGUAÇU;410830402A;PR;São Miguel;-25,534019;-54,540623;2025-03-26 14:00:00.0;0,00
FOZ DO IGUAÇU;410830402A;PR;São Miguel;-25,534019;-54,540623;2025-03-26 15:00:00.0;0,00
FOZ DO IGUAÇU;410830402A;PR;São Miguel;-25,534019;-54,540623;2025-03-26 16:00:00.0;0,00
FOZ DO IGUAÇU;410830402A;PR;São Miguel;-25,534019;-54,540623;2025-03-26 17:00:00.0;0,00
FOZ DO IGUAÇU;410830402A;PR;São Miguel;-25,534019;-54,540623;2025-03-26 18:00:00.0;0,00
FOZ DO IGUAÇU;410830402A;PR;São Miguel;-25,534019;-54,540623;2025-03-26 19:00:00.0;0,00
FOZ DO IGUAÇU;410830402A;PR;São Miguel;-25,534019;-54,540623;2025-03-26 20:00:00.0;0,00
FOZ DO IGUAÇU;410830402A;PR;São Miguel;-25,534019;-54,540623;2025-03-26 21:00:00.0;0,00
FOZ DO IGUAÇU;410830402A;PR;São Miguel;-25,534019;-54,540623;2025-03-26 22:00:00.0;0,00
FOZ DO IGUAÇU;410830402A;PR;São Miguel;-25,534019;-54,540623;2025-03-26 23:00:00.0;0,00
FOZ DO IGUAÇU;410830402A;PR;São Miguel;-25,534019;-54,540623;2025-03-27 00:00:00.0;0,00
FOZ DO IGUAÇU;410830402A;PR;São Miguel;-25,534019;-54,540623;2025-03-27 01:00:00.0;0,00
FOZ DO IGUAÇU;410830402A;PR;São Miguel;-25,534019;-54,540623;2025-03-27 02:00:00.0;0,00
FOZ DO IGUAÇU;410830402A;PR;São Miguel;-25,534019;-54,540623;2025-03-27 03:00:00.0;0,00
FOZ DO IGUAÇU;410830402A;PR;São Miguel;-25,534019;-54,540623;2025-03-27 04:00:00.0;0,00
FOZ DO IGUAÇU;410830402A;PR;São Miguel;-25,534019;-54,540623;2025-03-27 05:00:00.0;0,00
FOZ DO IGUAÇU;410830402A;PR;São Miguel;-25,534019;-54,540623;2025-03-27 06:00:00.0;0,00
FOZ DO IGUAÇU;410830402A;PR;São Miguel;-25,534019;-54,540623;2025-03-27 07:00:00.0;0,00
FOZ DO IGUAÇU;410830402A;PR;São Miguel;-25,534019;-54,540623;2025-03-27 08:00:00.0;0,00
FOZ DO IGUAÇU;410830402A;PR;São Miguel;-25,534019;-54,540623;2025-03-27 09:00:00.0;0,00
FOZ DO IGUAÇU;410830402A;PR;São Miguel;-25,534019;-54,540623;2025-03-27 10:00:00.0;0,00
FOZ DO IGUAÇU;410830402A;PR;São Miguel;-25,534019;-54,540623;2025-03-27 11:00:00.0;0,00
FOZ DO IGUAÇU;410830402A;PR;São Miguel;-25,534019;-54,540623;2025-03-27 12:00:00.0;0,00
FOZ DO IGUAÇU;410830402A;PR;São Miguel;-25,534019;-54,540623;2025-03-27 13:00:00.0;0,00
FOZ DO IGUAÇU;410830402A;PR;São Miguel;-25,534019;-54,540623;2025-03-27 14:00:00.0;0,00
FOZ DO IGUAÇU;410830402A;PR;São Miguel;-25,534019;-54,540623;2025-03-27 15:00:00.0;0,00
FOZ DO IGUAÇU;410830402A;PR;São Miguel;-25,534019;-54,540623;2025-03-27 16:00:00.0;0,00
FOZ DO IGUAÇU;410830402A;PR;São Miguel;-25,534019;-54,540623;2025-03-27 17:00:00.0;0,00
FOZ DO IGUAÇU;410830402A;PR;São Miguel;-25,534019;-54,540623;2025-03-27 18:00:00.0;0,00
FOZ DO IGUAÇU;410830402A;PR;São Miguel;-25,534019;-54,540623;2025-03-27 19:00:00.0;0,00
FOZ DO IGUAÇU;410830402A;PR;São Miguel;-25,534019;-54,540623;2025-03-27 20:00:00.0;0,00
FOZ DO IGUAÇU;410830402A;PR;São Miguel;-25,534019;-54,540623;2025-03-27 21:00:00.0;0,00
FOZ DO IGUAÇU;410830402A;PR;São Miguel;-25,534019;-54,540623;2025-03-27 22:00:00.0;0,00
FOZ DO IGUAÇU;410830402A;PR;São Miguel;-25,534019;-54,540623;2025-03-27 23:00:00.0;0,40
FOZ DO IGUAÇU;410830402A;PR;São Miguel;-25,534019;-54,540623;2025-03-27 23:10:00.0;0,20
FOZ DO IGUAÇU;410830402A;PR;São Miguel;-25,534019;-54,540623;2025-03-27 23:20:00.0;0,20
FOZ DO IGUAÇU;410830402A;PR;São Miguel;-25,534019;-54,540623;2025-03-28 00:00:00.0;0,00
FOZ DO IGUAÇU;410830402A;PR;São Miguel;-25,534019;-54,540623;2025-03-28 00:10:00.0;0,20
FOZ DO IGUAÇU;410830402A;PR;São Miguel;-25,534019;-54,540623;2025-03-28 00:20:00.0;24,60
FOZ DO IGUAÇU;410830402A;PR;São Miguel;-25,534019;-54,540623;2025-03-28 00:30:00.0;8,60
FOZ DO IGUAÇU;410830402A;PR;São Miguel;-25,534019;-54,540623;2025-03-28 00:40:00.0;4,00
FOZ DO IGUAÇU;410830402A;PR;São Miguel;-25,534019;-54,540623;2025-03-28 00:50:00.0;0,20
FOZ DO IGUAÇU;410830402A;PR;São Miguel;-25,534019;-54,540623;2025-03-28 01:00:00.0;0,20
FOZ DO IGUAÇU;410830402A;PR;São Miguel;-25,534019;-54,540623;2025-03-28 01:10:00.0;0,20
FOZ DO IGUAÇU;410830402A;PR;São Miguel;-25,534019;-54,540623;2025-03-28 01:40:00.0;0,80
FOZ DO IGUAÇU;410830402A;PR;São Miguel;-25,534019;-54,540623;2025-03-28 01:50:00.0;2,00
FOZ DO IGUAÇU;410830402A;PR;São Miguel;-25,534019;-54,540623;2025-03-28 02:00:00.0;0,20
FOZ DO IGUAÇU;410830402A;PR;São Miguel;-25,534019;-54,540623;2025-03-28 02:10:00.0;0,40
FOZ DO IGUAÇU;410830402A;PR;São Miguel;-25,534019;-54,540623;2025-03-28 02:30:00.0;1,00
FOZ DO IGUAÇU;410830402A;PR;São Miguel;-25,534019;-54,540623;2025-03-28 03:00:00.0;0,00
FOZ DO IGUAÇU;410830402A;PR;São Miguel;-25,534019;-54,540623;2025-03-28 04:00:00.0;0,00
FOZ DO IGUAÇU;410830402A;PR;São Miguel;-25,534019;-54,540623;2025-03-28 05:00:00.0;0,00
FOZ DO IGUAÇU;410830402A;PR;São Miguel;-25,534019;-54,540623;2025-03-28 06:00:00.0;0,00
FOZ DO IGUAÇU;410830402A;PR;São Miguel;-25,534019;-54,540623;2025-03-28 07:00:00.0;0,00
FOZ DO IGUAÇU;410830402A;PR;São Miguel;-25,534019;-54,540623;2025-03-28 08:00:00.0;0,00
FOZ DO IGUAÇU;410830402A;PR;São Miguel;-25,534019;-54,540623;2025-03-28 09:00:00.0;0,00
FOZ DO IGUAÇU;410830402A;PR;São Miguel;-25,534019;-54,540623;2025-03-28 10:00:00.0;0,00
FOZ DO IGUAÇU;410830402A;PR;São Miguel;-25,534019;-54,540623;2025-03-28 11:00:00.0;0,00
FOZ DO IGUAÇU;410830402A;PR;São Miguel;-25,534019;-54,540623;2025-03-28 12:00:00.0;0,00
FOZ DO IGUAÇU;410830402A;PR;São Miguel;-25,534019;-54,540623;2025-03-28 13:00:00.0;0,00
FOZ DO IGUAÇU;410830402A;PR;São Miguel;-25,534019;-54,540623;2025-03-28 14:00:00.0;0,00
FOZ DO IGUAÇU;410830402A;PR;São Miguel;-25,534019;-54,540623;2025-03-28 15:00:00.0;0,00
FOZ DO IGUAÇU;410830402A;PR;São Miguel;-25,534019;-54,540623;2025-03-28 16:00:00.0;0,00
FOZ DO IGUAÇU;410830402A;PR;São Miguel;-25,534019;-54,540623;2025-03-28 17:00:00.0;0,00
FOZ DO IGUAÇU;410830402A;PR;São Miguel;-25,534019;-54,540623;2025-03-28 18:00:00.0;0,00
FOZ DO IGUAÇU;410830402A;PR;São Miguel;-25,534019;-54,540623;2025-03-28 19:00:00.0;0,00
FOZ DO IGUAÇU;410830402A;PR;São Miguel;-25,534019;-54,540623;2025-03-28 20:00:00.0;0,00
FOZ DO IGUAÇU;410830402A;PR;São Miguel;-25,534019;-54,540623;2025-03-28 21:00:00.0;0,00
FOZ DO IGUAÇU;410830402A;PR;São Miguel;-25,534019;-54,540623;2025-03-28 22:00:00.0;0,00
FOZ DO IGUAÇU;410830402A;PR;São Miguel;-25,534019;-54,540623;2025-03-28 23:00:00.0;0,00
FOZ DO IGUAÇU;410830402A;PR;São Miguel;-25,534019;-54,540623;2025-03-29 00:00:00.0;0,00
FOZ DO IGUAÇU;410830402A;PR;São Miguel;-25,534019;-54,540623;2025-03-29 01:00:00.0;0,00
FOZ DO IGUAÇU;410830402A;PR;São Miguel;-25,534019;-54,540623;2025-03-29 02:00:00.0;0,00
FOZ DO IGUAÇU;410830402A;PR;São Miguel;-25,534019;-54,540623;2025-03-29 03:00:00.0;0,20
FOZ DO IGUAÇU;410830402A;PR;São Miguel;-25,534019;-54,540623;2025-03-29 03:10:00.0;0,20
FOZ DO IGUAÇU;410830402A;PR;São Miguel;-25,534019;-54,540623;2025-03-29 03:20:00.0;0,60
FOZ DO IGUAÇU;410830402A;PR;São Miguel;-25,534019;-54,540623;2025-03-29 03:30:00.0;1,20
FOZ DO IGUAÇU;410830402A;PR;São Miguel;-25,534019;-54,540623;2025-03-29 03:40:00.0;8,40
FOZ DO IGUAÇU;410830402A;PR;São Miguel;-25,534019;-54,540623;2025-03-29 03:50:00.0;6,20
FOZ DO IGUAÇU;410830402A;PR;São Miguel;-25,534019;-54,540623;2025-03-29 04:00:00.0;4,40
FOZ DO IGUAÇU;410830402A;PR;São Miguel;-25,534019;-54,540623;2025-03-29 04:10:00.0;2,40
FOZ DO IGUAÇU;410830402A;PR;São Miguel;-25,534019;-54,540623;2025-03-29 04:20:00.0;1,00
FOZ DO IGUAÇU;410830402A;PR;São Miguel;-25,534019;-54,540623;2025-03-29 04:30:00.0;0,60
FOZ DO IGUAÇU;410830402A;PR;São Miguel;-25,534019;-54,540623;2025-03-29 04:40:00.0;0,40
FOZ DO IGUAÇU;410830402A;PR;São Miguel;-25,534019;-54,540623;2025-03-29 04:50:00.0;0,40
FOZ DO IGUAÇU;410830402A;PR;São Miguel;-25,534019;-54,540623;2025-03-29 05:00:00.0;0,20
FOZ DO IGUAÇU;410830402A;PR;São Miguel;-25,534019;-54,540623;2025-03-29 05:20:00.0;0,40
FOZ DO IGUAÇU;410830402A;PR;São Miguel;-25,534019;-54,540623;2025-03-29 05:30:00.0;0,20
FOZ DO IGUAÇU;410830402A;PR;São Miguel;-25,534019;-54,540623;2025-03-29 05:40:00.0;0,20
FOZ DO IGUAÇU;410830402A;PR;São Miguel;-25,534019;-54,540623;2025-03-29 05:50:00.0;0,20
FOZ DO IGUAÇU;410830402A;PR;São Miguel;-25,534019;-54,540623;2025-03-29 06:00:00.0;0,00
FOZ DO IGUAÇU;410830402A;PR;São Miguel;-25,534019;-54,540623;2025-03-29 07:00:00.0;0,00
FOZ DO IGUAÇU;410830402A;PR;São Miguel;-25,534019;-54,540623;2025-03-29 08:00:00.0;0,00
FOZ DO IGUAÇU;410830402A;PR;São Miguel;-25,534019;-54,540623;2025-03-29 09:00:00.0;0,00
FOZ DO IGUAÇU;410830402A;PR;São Miguel;-25,534019;-54,540623;2025-03-29 10:00:00.0;0,00
FOZ DO IGUAÇU;410830402A;PR;São Miguel;-25,534019;-54,540623;2025-03-29 11:00:00.0;0,00
FOZ DO IGUAÇU;410830402A;PR;São Miguel;-25,534019;-54,540623;2025-03-29 12:00:00.0;0,00
FOZ DO IGUAÇU;410830402A;PR;São Miguel;-25,534019;-54,540623;2025-03-29 13:00:00.0;0,00
FOZ DO IGUAÇU;410830402A;PR;São Miguel;-25,534019;-54,540623;2025-03-29 14:00:00.0;0,00
FOZ DO IGUAÇU;410830402A;PR;São Miguel;-25,534019;-54,540623;2025-03-29 15:00:00.0;0,00
FOZ DO IGUAÇU;410830402A;PR;São Miguel;-25,534019;-54,540623;2025-03-29 16:00:00.0;0,00
FOZ DO IGUAÇU;410830402A;PR;São Miguel;-25,534019;-54,540623;2025-03-29 17:00:00.0;0,00
FOZ DO IGUAÇU;410830402A;PR;São Miguel;-25,534019;-54,540623;2025-03-29 18:00:00.0;0,00
FOZ DO IGUAÇU;410830402A;PR;São Miguel;-25,534019;-54,540623;2025-03-29 19:00:00.0;0,00
FOZ DO IGUAÇU;410830402A;PR;São Miguel;-25,534019;-54,540623;2025-03-29 20:00:00.0;0,00
FOZ DO IGUAÇU;410830402A;PR;São Miguel;-25,534019;-54,540623;2025-03-29 21:00:00.0;0,00
FOZ DO IGUAÇU;410830402A;PR;São Miguel;-25,534019;-54,540623;2025-03-29 22:00:00.0;0,00
FOZ DO IGUAÇU;410830402A;PR;São Miguel;-25,534019;-54,540623;2025-03-29 23:00:00.0;0,00
FOZ DO IGUAÇU;410830402A;PR;São Miguel;-25,534019;-54,540623;2025-03-30 00:00:00.0;0,00
FOZ DO IGUAÇU;410830402A;PR;São Miguel;-25,534019;-54,540623;2025-03-30 01:00:00.0;0,00
FOZ DO IGUAÇU;410830402A;PR;São Miguel;-25,534019;-54,540623;2025-03-30 02:00:00.0;0,00
FOZ DO IGUAÇU;410830402A;PR;São Miguel;-25,534019;-54,540623;2025-03-30 03:00:00.0;0,00
FOZ DO IGUAÇU;410830402A;PR;São Miguel;-25,534019;-54,540623;2025-03-30 04:00:00.0;0,00
FOZ DO IGUAÇU;410830402A;PR;São Miguel;-25,534019;-54,540623;2025-03-30 05:00:00.0;0,00
FOZ DO IGUAÇU;410830402A;PR;São Miguel;-25,534019;-54,540623;2025-03-30 06:00:00.0;0,00
FOZ DO IGUAÇU;410830402A;PR;São Miguel;-25,534019;-54,540623;2025-03-30 07:00:00.0;0,00
FOZ DO IGUAÇU;410830402A;PR;São Miguel;-25,534019;-54,540623;2025-03-30 08:00:00.0;0,00
FOZ DO IGUAÇU;410830402A;PR;São Miguel;-25,534019;-54,540623;2025-03-30 09:00:00.0;0,00
FOZ DO IGUAÇU;410830402A;PR;São Miguel;-25,534019;-54,540623;2025-03-30 10:00:00.0;0,00
FOZ DO IGUAÇU;410830402A;PR;São Miguel;-25,534019;-54,540623;2025-03-30 11:00:00.0;0,00
FOZ DO IGUAÇU;410830402A;PR;São Miguel;-25,534019;-54,540623;2025-03-30 12:00:00.0;0,00
FOZ DO IGUAÇU;410830402A;PR;São Miguel;-25,534019;-54,540623;2025-03-30 13:00:00.0;0,00
FOZ DO IGUAÇU;410830402A;PR;São Miguel;-25,534019;-54,540623;2025-03-30 14:00:00.0;0,00
FOZ DO IGUAÇU;410830402A;PR;São Miguel;-25,534019;-54,540623;2025-03-30 15:00:00.0;0,00
FOZ DO IGUAÇU;410830402A;PR;São Miguel;-25,534019;-54,540623;2025-03-30 16:00:00.0;0,00
FOZ DO IGUAÇU;410830402A;PR;São Miguel;-25,534019;-54,540623;2025-03-30 17:00:00.0;0,00
FOZ DO IGUAÇU;410830402A;PR;São Miguel;-25,534019;-54,540623;2025-03-30 18:00:00.0;0,00
FOZ DO IGUAÇU;410830402A;PR;São Miguel;-25,534019;-54,540623;2025-03-30 19:00:00.0;0,00
FOZ DO IGUAÇU;410830402A;PR;São Miguel;-25,534019;-54,540623;2025-03-30 20:00:00.0;0,00
FOZ DO IGUAÇU;410830402A;PR;São Miguel;-25,534019;-54,540623;2025-03-30 21:00:00.0;0,00
FOZ DO IGUAÇU;410830402A;PR;São Miguel;-25,534019;-54,540623;2025-03-30 22:00:00.0;0,00
FOZ DO IGUAÇU;410830402A;PR;São Miguel;-25,534019;-54,540623;2025-03-30 23:00:00.0;0,00
FOZ DO IGUAÇU;410830402A;PR;São Miguel;-25,534019;-54,540623;2025-03-31 00:00:00.0;0,00
FOZ DO IGUAÇU;410830402A;PR;São Miguel;-25,534019;-54,540623;2025-03-31 01:00:00.0;0,00
FOZ DO IGUAÇU;410830402A;PR;São Miguel;-25,534019;-54,540623;2025-03-31 02:00:00.0;0,00
FOZ DO IGUAÇU;410830402A;PR;São Miguel;-25,534019;-54,540623;2025-03-31 03:00:00.0;0,00
FOZ DO IGUAÇU;410830402A;PR;São Miguel;-25,534019;-54,540623;2025-03-31 04:00:00.0;0,00
FOZ DO IGUAÇU;410830402A;PR;São Miguel;-25,534019;-54,540623;2025-03-31 05:00:00.0;0,00
FOZ DO IGUAÇU;410830402A;PR;São Miguel;-25,534019;-54,540623;2025-03-31 06:00:00.0;0,00
FOZ DO IGUAÇU;410830402A;PR;São Miguel;-25,534019;-54,540623;2025-03-31 07:00:00.0;0,00
FOZ DO IGUAÇU;410830402A;PR;São Miguel;-25,534019;-54,540623;2025-03-31 08:00:00.0;0,00
FOZ DO IGUAÇU;410830402A;PR;São Miguel;-25,534019;-54,540623;2025-03-31 09:00:00.0;0,00
FOZ DO IGUAÇU;410830402A;PR;São Miguel;-25,534019;-54,540623;2025-03-31 10:00:00.0;0,00
FOZ DO IGUAÇU;410830402A;PR;São Miguel;-25,534019;-54,540623;2025-03-31 11:00:00.0;0,00
FOZ DO IGUAÇU;410830402A;PR;São Miguel;-25,534019;-54,540623;2025-03-31 12:00:00.0;0,00
FOZ DO IGUAÇU;410830402A;PR;São Miguel;-25,534019;-54,540623;2025-03-31 13:00:00.0;0,00
FOZ DO IGUAÇU;410830402A;PR;São Miguel;-25,534019;-54,540623;2025-03-31 14:00:00.0;0,00
FOZ DO IGUAÇU;410830402A;PR;São Miguel;-25,534019;-54,540623;2025-03-31 15:00:00.0;0,00
FOZ DO IGUAÇU;410830402A;PR;São Miguel;-25,534019;-54,540623;2025-03-31 16:00:00.0;0,00
FOZ DO IGUAÇU;410830402A;PR;São Miguel;-25,534019;-54,540623;2025-03-31 17:00:00.0;0,00
FOZ DO IGUAÇU;410830402A;PR;São Miguel;-25,534019;-54,540623;2025-03-31 18:00:00.0;0,00
FOZ DO IGUAÇU;410830402A;PR;São Miguel;-25,534019;-54,540623;2025-03-31 19:00:00.0;0,00
FOZ DO IGUAÇU;410830402A;PR;São Miguel;-25,534019;-54,540623;2025-03-31 20:00:00.0;0,00
FOZ DO IGUAÇU;410830402A;PR;São Miguel;-25,534019;-54,540623;2025-03-31 20:30:00.0;19,40
FOZ DO IGUAÇU;410830402A;PR;São Miguel;-25,534019;-54,540623;2025-03-31 20:40:00.0;22,00
FOZ DO IGUAÇU;410830402A;PR;São Miguel;-25,534019;-54,540623;2025-03-31 20:50:00.0;17,80
FOZ DO IGUAÇU;410830402A;PR;São Miguel;-25,534019;-54,540623;2025-03-31 21:00:00.0;14,20
FOZ DO IGUAÇU;410830402A;PR;São Miguel;-25,534019;-54,540623;2025-03-31 21:10:00.0;1,80
FOZ DO IGUAÇU;410830402A;PR;São Miguel;-25,534019;-54,540623;2025-03-31 21:40:00.0;0,40
FOZ DO IGUAÇU;410830402A;PR;São Miguel;-25,534019;-54,540623;2025-03-31 22:00:00.0;0,20
FOZ DO IGUAÇU;410830402A;PR;São Miguel;-25,534019;-54,540623;2025-03-31 22:30:00.0;0,20
FOZ DO IGUAÇU;410830402A;PR;São Miguel;-25,534019;-54,540623;2025-03-31 22:50:00.0;0,20
FOZ DO IGUAÇU;410830402A;PR;São Miguel;-25,534019;-54,540623;2025-03-31 23:00:00.0;0,00
FOZ DO IGUAÇU;410830403A;PR;Vila Boa Esperança;-25,573882;-54,570109;2025-03-01 00:10:00.0;0,00
FOZ DO IGUAÇU;410830403A;PR;Vila Boa Esperança;-25,573882;-54,570109;2025-03-01 01:10:00.0;0,00
FOZ DO IGUAÇU;410830403A;PR;Vila Boa Esperança;-25,573882;-54,570109;2025-03-01 02:10:00.0;0,00
FOZ DO IGUAÇU;410830403A;PR;Vila Boa Esperança;-25,573882;-54,570109;2025-03-01 03:10:00.0;0,00
FOZ DO IGUAÇU;410830403A;PR;Vila Boa Esperança;-25,573882;-54,570109;2025-03-01 04:10:00.0;0,00
FOZ DO IGUAÇU;410830403A;PR;Vila Boa Esperança;-25,573882;-54,570109;2025-03-01 05:10:00.0;0,00
FOZ DO IGUAÇU;410830403A;PR;Vila Boa Esperança;-25,573882;-54,570109;2025-03-01 06:10:00.0;0,00
FOZ DO IGUAÇU;410830403A;PR;Vila Boa Esperança;-25,573882;-54,570109;2025-03-01 07:10:00.0;0,00
FOZ DO IGUAÇU;410830403A;PR;Vila Boa Esperança;-25,573882;-54,570109;2025-03-01 08:10:00.0;0,00
FOZ DO IGUAÇU;410830403A;PR;Vila Boa Esperança;-25,573882;-54,570109;2025-03-01 09:10:00.0;0,00
FOZ DO IGUAÇU;410830403A;PR;Vila Boa Esperança;-25,573882;-54,570109;2025-03-01 10:10:00.0;0,00
FOZ DO IGUAÇU;410830403A;PR;Vila Boa Esperança;-25,573882;-54,570109;2025-03-01 11:10:00.0;0,00
FOZ DO IGUAÇU;410830403A;PR;Vila Boa Esperança;-25,573882;-54,570109;2025-03-01 12:10:00.0;0,00
FOZ DO IGUAÇU;410830403A;PR;Vila Boa Esperança;-25,573882;-54,570109;2025-03-01 13:10:00.0;0,00
FOZ DO IGUAÇU;410830403A;PR;Vila Boa Esperança;-25,573882;-54,570109;2025-03-01 14:10:00.0;0,00
FOZ DO IGUAÇU;410830403A;PR;Vila Boa Esperança;-25,573882;-54,570109;2025-03-01 15:10:00.0;0,00
FOZ DO IGUAÇU;410830403A;PR;Vila Boa Esperança;-25,573882;-54,570109;2025-03-01 16:10:00.0;0,00
FOZ DO IGUAÇU;410830403A;PR;Vila Boa Esperança;-25,573882;-54,570109;2025-03-01 17:10:00.0;0,00
FOZ DO IGUAÇU;410830403A;PR;Vila Boa Esperança;-25,573882;-54,570109;2025-03-01 18:10:00.0;0,00
FOZ DO IGUAÇU;410830403A;PR;Vila Boa Esperança;-25,573882;-54,570109;2025-03-01 19:10:00.0;0,00
FOZ DO IGUAÇU;410830403A;PR;Vila Boa Esperança;-25,573882;-54,570109;2025-03-01 20:10:00.0;0,00
FOZ DO IGUAÇU;410830403A;PR;Vila Boa Esperança;-25,573882;-54,570109;2025-03-01 21:10:00.0;0,00
FOZ DO IGUAÇU;410830403A;PR;Vila Boa Esperança;-25,573882;-54,570109;2025-03-01 22:10:00.0;0,00
FOZ DO IGUAÇU;410830403A;PR;Vila Boa Esperança;-25,573882;-54,570109;2025-03-01 23:10:00.0;0,00
FOZ DO IGUAÇU;410830403A;PR;Vila Boa Esperança;-25,573882;-54,570109;2025-03-02 00:10:00.0;0,00
FOZ DO IGUAÇU;410830403A;PR;Vila Boa Esperança;-25,573882;-54,570109;2025-03-02 01:10:00.0;0,00
FOZ DO IGUAÇU;410830403A;PR;Vila Boa Esperança;-25,573882;-54,570109;2025-03-02 02:10:00.0;0,00
FOZ DO IGUAÇU;410830403A;PR;Vila Boa Esperança;-25,573882;-54,570109;2025-03-02 03:10:00.0;0,00
FOZ DO IGUAÇU;410830403A;PR;Vila Boa Esperança;-25,573882;-54,570109;2025-03-02 04:10:00.0;0,00
FOZ DO IGUAÇU;410830403A;PR;Vila Boa Esperança;-25,573882;-54,570109;2025-03-02 05:10:00.0;0,00
FOZ DO IGUAÇU;410830403A;PR;Vila Boa Esperança;-25,573882;-54,570109;2025-03-02 06:10:00.0;0,00
FOZ DO IGUAÇU;410830403A;PR;Vila Boa Esperança;-25,573882;-54,570109;2025-03-02 07:10:00.0;0,00
FOZ DO IGUAÇU;410830403A;PR;Vila Boa Esperança;-25,573882;-54,570109;2025-03-02 08:10:00.0;0,00
FOZ DO IGUAÇU;410830403A;PR;Vila Boa Esperança;-25,573882;-54,570109;2025-03-02 09:10:00.0;0,00
FOZ DO IGUAÇU;410830403A;PR;Vila Boa Esperança;-25,573882;-54,570109;2025-03-02 10:10:00.0;0,00
FOZ DO IGUAÇU;410830403A;PR;Vila Boa Esperança;-25,573882;-54,570109;2025-03-02 11:10:00.0;0,00
FOZ DO IGUAÇU;410830403A;PR;Vila Boa Esperança;-25,573882;-54,570109;2025-03-02 12:10:00.0;0,00
FOZ DO IGUAÇU;410830403A;PR;Vila Boa Esperança;-25,573882;-54,570109;2025-03-02 13:10:00.0;0,00
FOZ DO IGUAÇU;410830403A;PR;Vila Boa Esperança;-25,573882;-54,570109;2025-03-02 14:10:00.0;0,00
FOZ DO IGUAÇU;410830403A;PR;Vila Boa Esperança;-25,573882;-54,570109;2025-03-02 15:10:00.0;0,00
FOZ DO IGUAÇU;410830403A;PR;Vila Boa Esperança;-25,573882;-54,570109;2025-03-02 16:10:00.0;0,00
FOZ DO IGUAÇU;410830403A;PR;Vila Boa Esperança;-25,573882;-54,570109;2025-03-02 17:10:00.0;0,00
FOZ DO IGUAÇU;410830403A;PR;Vila Boa Esperança;-25,573882;-54,570109;2025-03-02 18:10:00.0;0,00
FOZ DO IGUAÇU;410830403A;PR;Vila Boa Esperança;-25,573882;-54,570109;2025-03-02 19:10:00.0;0,00
FOZ DO IGUAÇU;410830403A;PR;Vila Boa Esperança;-25,573882;-54,570109;2025-03-02 20:10:00.0;0,00
FOZ DO IGUAÇU;410830403A;PR;Vila Boa Esperança;-25,573882;-54,570109;2025-03-02 21:10:00.0;0,00
FOZ DO IGUAÇU;410830403A;PR;Vila Boa Esperança;-25,573882;-54,570109;2025-03-02 22:10:00.0;0,00
FOZ DO IGUAÇU;410830403A;PR;Vila Boa Esperança;-25,573882;-54,570109;2025-03-02 23:10:00.0;0,00
FOZ DO IGUAÇU;410830403A;PR;Vila Boa Esperança;-25,573882;-54,570109;2025-03-03 00:10:00.0;0,00
FOZ DO IGUAÇU;410830403A;PR;Vila Boa Esperança;-25,573882;-54,570109;2025-03-03 01:10:00.0;0,00
FOZ DO IGUAÇU;410830403A;PR;Vila Boa Esperança;-25,573882;-54,570109;2025-03-03 02:10:00.0;0,00
FOZ DO IGUAÇU;410830403A;PR;Vila Boa Esperança;-25,573882;-54,570109;2025-03-03 03:10:00.0;0,00
FOZ DO IGUAÇU;410830403A;PR;Vila Boa Esperança;-25,573882;-54,570109;2025-03-03 04:10:00.0;0,00
FOZ DO IGUAÇU;410830403A;PR;Vila Boa Esperança;-25,573882;-54,570109;2025-03-03 05:10:00.0;0,00
FOZ DO IGUAÇU;410830403A;PR;Vila Boa Esperança;-25,573882;-54,570109;2025-03-03 06:10:00.0;0,00
FOZ DO IGUAÇU;410830403A;PR;Vila Boa Esperança;-25,573882;-54,570109;2025-03-03 07:10:00.0;0,00
FOZ DO IGUAÇU;410830403A;PR;Vila Boa Esperança;-25,573882;-54,570109;2025-03-03 08:10:00.0;0,00
FOZ DO IGUAÇU;410830403A;PR;Vila Boa Esperança;-25,573882;-54,570109;2025-03-03 09:10:00.0;0,00
FOZ DO IGUAÇU;410830403A;PR;Vila Boa Esperança;-25,573882;-54,570109;2025-03-03 10:10:00.0;0,00
FOZ DO IGUAÇU;410830403A;PR;Vila Boa Esperança;-25,573882;-54,570109;2025-03-03 11:10:00.0;0,00
FOZ DO IGUAÇU;410830403A;PR;Vila Boa Esperança;-25,573882;-54,570109;2025-03-03 12:10:00.0;0,00
FOZ DO IGUAÇU;410830403A;PR;Vila Boa Esperança;-25,573882;-54,570109;2025-03-03 13:10:00.0;0,00
FOZ DO IGUAÇU;410830403A;PR;Vila Boa Esperança;-25,573882;-54,570109;2025-03-03 14:10:00.0;0,00
FOZ DO IGUAÇU;410830403A;PR;Vila Boa Esperança;-25,573882;-54,570109;2025-03-03 15:10:00.0;0,00
FOZ DO IGUAÇU;410830403A;PR;Vila Boa Esperança;-25,573882;-54,570109;2025-03-03 16:10:00.0;0,00
FOZ DO IGUAÇU;410830403A;PR;Vila Boa Esperança;-25,573882;-54,570109;2025-03-03 17:10:00.0;0,00
FOZ DO IGUAÇU;410830403A;PR;Vila Boa Esperança;-25,573882;-54,570109;2025-03-03 18:10:00.0;0,00
FOZ DO IGUAÇU;410830403A;PR;Vila Boa Esperança;-25,573882;-54,570109;2025-03-03 19:10:00.0;0,00
FOZ DO IGUAÇU;410830403A;PR;Vila Boa Esperança;-25,573882;-54,570109;2025-03-03 20:10:00.0;0,00
FOZ DO IGUAÇU;410830403A;PR;Vila Boa Esperança;-25,573882;-54,570109;2025-03-03 21:10:00.0;0,00
FOZ DO IGUAÇU;410830403A;PR;Vila Boa Esperança;-25,573882;-54,570109;2025-03-03 22:10:00.0;0,00
FOZ DO IGUAÇU;410830403A;PR;Vila Boa Esperança;-25,573882;-54,570109;2025-03-03 23:10:00.0;0,00
FOZ DO IGUAÇU;410830403A;PR;Vila Boa Esperança;-25,573882;-54,570109;2025-03-04 00:10:00.0;0,00
FOZ DO IGUAÇU;410830403A;PR;Vila Boa Esperança;-25,573882;-54,570109;2025-03-04 01:10:00.0;0,00
FOZ DO IGUAÇU;410830403A;PR;Vila Boa Esperança;-25,573882;-54,570109;2025-03-04 02:10:00.0;0,00
FOZ DO IGUAÇU;410830403A;PR;Vila Boa Esperança;-25,573882;-54,570109;2025-03-04 03:10:00.0;0,00
FOZ DO IGUAÇU;410830403A;PR;Vila Boa Esperança;-25,573882;-54,570109;2025-03-04 04:10:00.0;0,00
FOZ DO IGUAÇU;410830403A;PR;Vila Boa Esperança;-25,573882;-54,570109;2025-03-04 05:10:00.0;0,00
FOZ DO IGUAÇU;410830403A;PR;Vila Boa Esperança;-25,573882;-54,570109;2025-03-04 06:10:00.0;0,00
FOZ DO IGUAÇU;410830403A;PR;Vila Boa Esperança;-25,573882;-54,570109;2025-03-04 07:10:00.0;0,00
FOZ DO IGUAÇU;410830403A;PR;Vila Boa Esperança;-25,573882;-54,570109;2025-03-04 08:10:00.0;0,00
FOZ DO IGUAÇU;410830403A;PR;Vila Boa Esperança;-25,573882;-54,570109;2025-03-04 09:10:00.0;0,00
FOZ DO IGUAÇU;410830403A;PR;Vila Boa Esperança;-25,573882;-54,570109;2025-03-04 10:10:00.0;0,00
FOZ DO IGUAÇU;410830403A;PR;Vila Boa Esperança;-25,573882;-54,570109;2025-03-04 11:10:00.0;0,00
FOZ DO IGUAÇU;410830403A;PR;Vila Boa Esperança;-25,573882;-54,570109;2025-03-04 12:10:00.0;0,00
FOZ DO IGUAÇU;410830403A;PR;Vila Boa Esperança;-25,573882;-54,570109;2025-03-04 13:10:00.0;0,00
FOZ DO IGUAÇU;410830403A;PR;Vila Boa Esperança;-25,573882;-54,570109;2025-03-04 14:10:00.0;0,00
FOZ DO IGUAÇU;410830403A;PR;Vila Boa Esperança;-25,573882;-54,570109;2025-03-04 15:10:00.0;0,00
FOZ DO IGUAÇU;410830403A;PR;Vila Boa Esperança;-25,573882;-54,570109;2025-03-04 16:10:00.0;0,00
FOZ DO IGUAÇU;410830403A;PR;Vila Boa Esperança;-25,573882;-54,570109;2025-03-04 17:10:00.0;0,00
FOZ DO IGUAÇU;410830403A;PR;Vila Boa Esperança;-25,573882;-54,570109;2025-03-04 18:10:00.0;0,00
FOZ DO IGUAÇU;410830403A;PR;Vila Boa Esperança;-25,573882;-54,570109;2025-03-04 19:10:00.0;0,00
FOZ DO IGUAÇU;410830403A;PR;Vila Boa Esperança;-25,573882;-54,570109;2025-03-04 20:10:00.0;0,00
FOZ DO IGUAÇU;410830403A;PR;Vila Boa Esperança;-25,573882;-54,570109;2025-03-04 21:10:00.0;0,00
FOZ DO IGUAÇU;410830403A;PR;Vila Boa Esperança;-25,573882;-54,570109;2025-03-04 22:10:00.0;0,00
FOZ DO IGUAÇU;410830403A;PR;Vila Boa Esperança;-25,573882;-54,570109;2025-03-04 23:10:00.0;0,00
FOZ DO IGUAÇU;410830403A;PR;Vila Boa Esperança;-25,573882;-54,570109;2025-03-05 00:10:00.0;0,00
FOZ DO IGUAÇU;410830403A;PR;Vila Boa Esperança;-25,573882;-54,570109;2025-03-05 01:10:00.0;0,00
FOZ DO IGUAÇU;410830403A;PR;Vila Boa Esperança;-25,573882;-54,570109;2025-03-05 02:10:00.0;0,00
FOZ DO IGUAÇU;410830403A;PR;Vila Boa Esperança;-25,573882;-54,570109;2025-03-05 03:10:00.0;0,00
FOZ DO IGUAÇU;410830403A;PR;Vila Boa Esperança;-25,573882;-54,570109;2025-03-05 04:10:00.0;0,00
FOZ DO IGUAÇU;410830403A;PR;Vila Boa Esperança;-25,573882;-54,570109;2025-03-05 05:10:00.0;0,00
FOZ DO IGUAÇU;410830403A;PR;Vila Boa Esperança;-25,573882;-54,570109;2025-03-05 06:10:00.0;0,00
FOZ DO IGUAÇU;410830403A;PR;Vila Boa Esperança;-25,573882;-54,570109;2025-03-05 07:10:00.0;0,00
FOZ DO IGUAÇU;410830403A;PR;Vila Boa Esperança;-25,573882;-54,570109;2025-03-05 08:10:00.0;0,00
FOZ DO IGUAÇU;410830403A;PR;Vila Boa Esperança;-25,573882;-54,570109;2025-03-05 09:10:00.0;0,00
FOZ DO IGUAÇU;410830403A;PR;Vila Boa Esperança;-25,573882;-54,570109;2025-03-05 10:10:00.0;0,00
FOZ DO IGUAÇU;410830403A;PR;Vila Boa Esperança;-25,573882;-54,570109;2025-03-05 11:10:00.0;0,00
FOZ DO IGUAÇU;410830403A;PR;Vila Boa Esperança;-25,573882;-54,570109;2025-03-05 12:10:00.0;0,00
FOZ DO IGUAÇU;410830403A;PR;Vila Boa Esperança;-25,573882;-54,570109;2025-03-05 13:10:00.0;0,00
FOZ DO IGUAÇU;410830403A;PR;Vila Boa Esperança;-25,573882;-54,570109;2025-03-05 14:10:00.0;0,00
FOZ DO IGUAÇU;410830403A;PR;Vila Boa Esperança;-25,573882;-54,570109;2025-03-05 15:10:00.0;0,00
FOZ DO IGUAÇU;410830403A;PR;Vila Boa Esperança;-25,573882;-54,570109;2025-03-05 16:10:00.0;0,00
FOZ DO IGUAÇU;410830403A;PR;Vila Boa Esperança;-25,573882;-54,570109;2025-03-05 17:10:00.0;0,00
FOZ DO IGUAÇU;410830403A;PR;Vila Boa Esperança;-25,573882;-54,570109;2025-03-05 18:10:00.0;0,00
FOZ DO IGUAÇU;410830403A;PR;Vila Boa Esperança;-25,573882;-54,570109;2025-03-05 19:10:00.0;0,00
FOZ DO IGUAÇU;410830403A;PR;Vila Boa Esperança;-25,573882;-54,570109;2025-03-05 20:10:00.0;0,00
FOZ DO IGUAÇU;410830403A;PR;Vila Boa Esperança;-25,573882;-54,570109;2025-03-05 21:10:00.0;0,00
FOZ DO IGUAÇU;410830403A;PR;Vila Boa Esperança;-25,573882;-54,570109;2025-03-05 22:10:00.0;0,00
FOZ DO IGUAÇU;410830403A;PR;Vila Boa Esperança;-25,573882;-54,570109;2025-03-05 23:10:00.0;0,00
FOZ DO IGUAÇU;410830403A;PR;Vila Boa Esperança;-25,573882;-54,570109;2025-03-06 00:10:00.0;0,00
FOZ DO IGUAÇU;410830403A;PR;Vila Boa Esperança;-25,573882;-54,570109;2025-03-06 01:10:00.0;0,00
FOZ DO IGUAÇU;410830403A;PR;Vila Boa Esperança;-25,573882;-54,570109;2025-03-06 02:10:00.0;0,00
FOZ DO IGUAÇU;410830403A;PR;Vila Boa Esperança;-25,573882;-54,570109;2025-03-06 03:10:00.0;0,00
FOZ DO IGUAÇU;410830403A;PR;Vila Boa Esperança;-25,573882;-54,570109;2025-03-06 04:10:00.0;0,00
FOZ DO IGUAÇU;410830403A;PR;Vila Boa Esperança;-25,573882;-54,570109;2025-03-06 05:10:00.0;0,00
FOZ DO IGUAÇU;410830403A;PR;Vila Boa Esperança;-25,573882;-54,570109;2025-03-06 06:10:00.0;0,00
FOZ DO IGUAÇU;410830403A;PR;Vila Boa Esperança;-25,573882;-54,570109;2025-03-06 07:10:00.0;0,00
FOZ DO IGUAÇU;410830403A;PR;Vila Boa Esperança;-25,573882;-54,570109;2025-03-06 08:10:00.0;0,00
FOZ DO IGUAÇU;410830403A;PR;Vila Boa Esperança;-25,573882;-54,570109;2025-03-06 09:10:00.0;0,00
FOZ DO IGUAÇU;410830403A;PR;Vila Boa Esperança;-25,573882;-54,570109;2025-03-06 10:10:00.0;0,00
FOZ DO IGUAÇU;410830403A;PR;Vila Boa Esperança;-25,573882;-54,570109;2025-03-06 11:10:00.0;0,00
FOZ DO IGUAÇU;410830403A;PR;Vila Boa Esperança;-25,573882;-54,570109;2025-03-06 12:10:00.0;0,00
FOZ DO IGUAÇU;410830403A;PR;Vila Boa Esperança;-25,573882;-54,570109;2025-03-06 13:10:00.0;0,00
FOZ DO IGUAÇU;410830403A;PR;Vila Boa Esperança;-25,573882;-54,570109;2025-03-06 14:10:00.0;0,00
FOZ DO IGUAÇU;410830403A;PR;Vila Boa Esperança;-25,573882;-54,570109;2025-03-06 15:10:00.0;0,00
FOZ DO IGUAÇU;410830403A;PR;Vila Boa Esperança;-25,573882;-54,570109;2025-03-06 16:10:00.0;0,00
FOZ DO IGUAÇU;410830403A;PR;Vila Boa Esperança;-25,573882;-54,570109;2025-03-06 17:10:00.0;0,00
FOZ DO IGUAÇU;410830403A;PR;Vila Boa Esperança;-25,573882;-54,570109;2025-03-06 18:10:00.0;0,00
FOZ DO IGUAÇU;410830403A;PR;Vila Boa Esperança;-25,573882;-54,570109;2025-03-06 19:10:00.0;0,00
FOZ DO IGUAÇU;410830403A;PR;Vila Boa Esperança;-25,573882;-54,570109;2025-03-06 20:10:00.0;0,00
FOZ DO IGUAÇU;410830403A;PR;Vila Boa Esperança;-25,573882;-54,570109;2025-03-06 21:10:00.0;0,00
FOZ DO IGUAÇU;410830403A;PR;Vila Boa Esperança;-25,573882;-54,570109;2025-03-06 22:10:00.0;0,00
FOZ DO IGUAÇU;410830403A;PR;Vila Boa Esperança;-25,573882;-54,570109;2025-03-06 23:10:00.0;0,00
FOZ DO IGUAÇU;410830403A;PR;Vila Boa Esperança;-25,573882;-54,570109;2025-03-07 00:10:00.0;0,00
FOZ DO IGUAÇU;410830403A;PR;Vila Boa Esperança;-25,573882;-54,570109;2025-03-07 01:10:00.0;0,00
FOZ DO IGUAÇU;410830403A;PR;Vila Boa Esperança;-25,573882;-54,570109;2025-03-07 02:10:00.0;0,00
FOZ DO IGUAÇU;410830403A;PR;Vila Boa Esperança;-25,573882;-54,570109;2025-03-07 03:10:00.0;0,00
FOZ DO IGUAÇU;410830403A;PR;Vila Boa Esperança;-25,573882;-54,570109;2025-03-07 04:10:00.0;0,00
FOZ DO IGUAÇU;410830403A;PR;Vila Boa Esperança;-25,573882;-54,570109;2025-03-07 05:10:00.0;0,00
FOZ DO IGUAÇU;410830403A;PR;Vila Boa Esperança;-25,573882;-54,570109;2025-03-07 06:10:00.0;0,00
FOZ DO IGUAÇU;410830403A;PR;Vila Boa Esperança;-25,573882;-54,570109;2025-03-07 07:10:00.0;0,00
FOZ DO IGUAÇU;410830403A;PR;Vila Boa Esperança;-25,573882;-54,570109;2025-03-07 08:10:00.0;0,00
FOZ DO IGUAÇU;410830403A;PR;Vila Boa Esperança;-25,573882;-54,570109;2025-03-07 09:10:00.0;0,00
FOZ DO IGUAÇU;410830403A;PR;Vila Boa Esperança;-25,573882;-54,570109;2025-03-07 10:10:00.0;0,00
FOZ DO IGUAÇU;410830403A;PR;Vila Boa Esperança;-25,573882;-54,570109;2025-03-07 11:10:00.0;0,00
FOZ DO IGUAÇU;410830403A;PR;Vila Boa Esperança;-25,573882;-54,570109;2025-03-07 12:10:00.0;0,00
FOZ DO IGUAÇU;410830403A;PR;Vila Boa Esperança;-25,573882;-54,570109;2025-03-07 13:10:00.0;0,00
FOZ DO IGUAÇU;410830403A;PR;Vila Boa Esperança;-25,573882;-54,570109;2025-03-07 14:10:00.0;0,00
FOZ DO IGUAÇU;410830403A;PR;Vila Boa Esperança;-25,573882;-54,570109;2025-03-07 15:10:00.0;0,00
FOZ DO IGUAÇU;410830403A;PR;Vila Boa Esperança;-25,573882;-54,570109;2025-03-07 16:10:00.0;0,00
FOZ DO IGUAÇU;410830403A;PR;Vila Boa Esperança;-25,573882;-54,570109;2025-03-07 17:10:00.0;0,00
FOZ DO IGUAÇU;410830403A;PR;Vila Boa Esperança;-25,573882;-54,570109;2025-03-07 18:10:00.0;0,00
FOZ DO IGUAÇU;410830403A;PR;Vila Boa Esperança;-25,573882;-54,570109;2025-03-07 19:10:00.0;0,00
FOZ DO IGUAÇU;410830403A;PR;Vila Boa Esperança;-25,573882;-54,570109;2025-03-07 20:10:00.0;0,00
FOZ DO IGUAÇU;410830403A;PR;Vila Boa Esperança;-25,573882;-54,570109;2025-03-07 21:10:00.0;0,00
FOZ DO IGUAÇU;410830403A;PR;Vila Boa Esperança;-25,573882;-54,570109;2025-03-07 22:10:00.0;0,00
FOZ DO IGUAÇU;410830403A;PR;Vila Boa Esperança;-25,573882;-54,570109;2025-03-07 23:10:00.0;0,00
FOZ DO IGUAÇU;410830403A;PR;Vila Boa Esperança;-25,573882;-54,570109;2025-03-08 00:10:00.0;0,00
FOZ DO IGUAÇU;410830403A;PR;Vila Boa Esperança;-25,573882;-54,570109;2025-03-08 01:10:00.0;0,00
FOZ DO IGUAÇU;410830403A;PR;Vila Boa Esperança;-25,573882;-54,570109;2025-03-08 02:10:00.0;0,00
FOZ DO IGUAÇU;410830403A;PR;Vila Boa Esperança;-25,573882;-54,570109;2025-03-08 03:10:00.0;0,00
FOZ DO IGUAÇU;410830403A;PR;Vila Boa Esperança;-25,573882;-54,570109;2025-03-08 04:10:00.0;0,00
FOZ DO IGUAÇU;410830403A;PR;Vila Boa Esperança;-25,573882;-54,570109;2025-03-08 05:10:00.0;0,00
FOZ DO IGUAÇU;410830403A;PR;Vila Boa Esperança;-25,573882;-54,570109;2025-03-08 06:10:00.0;0,00
FOZ DO IGUAÇU;410830403A;PR;Vila Boa Esperança;-25,573882;-54,570109;2025-03-08 07:10:00.0;0,00
FOZ DO IGUAÇU;410830403A;PR;Vila Boa Esperança;-25,573882;-54,570109;2025-03-08 08:10:00.0;0,00
FOZ DO IGUAÇU;410830403A;PR;Vila Boa Esperança;-25,573882;-54,570109;2025-03-08 09:10:00.0;0,00
FOZ DO IGUAÇU;410830403A;PR;Vila Boa Esperança;-25,573882;-54,570109;2025-03-08 10:10:00.0;0,00
FOZ DO IGUAÇU;410830403A;PR;Vila Boa Esperança;-25,573882;-54,570109;2025-03-08 11:10:00.0;0,00
FOZ DO IGUAÇU;410830403A;PR;Vila Boa Esperança;-25,573882;-54,570109;2025-03-08 12:10:00.0;0,00
FOZ DO IGUAÇU;410830403A;PR;Vila Boa Esperança;-25,573882;-54,570109;2025-03-08 13:10:00.0;0,00
FOZ DO IGUAÇU;410830403A;PR;Vila Boa Esperança;-25,573882;-54,570109;2025-03-08 14:10:00.0;0,00
FOZ DO IGUAÇU;410830403A;PR;Vila Boa Esperança;-25,573882;-54,570109;2025-03-08 15:10:00.0;0,00
FOZ DO IGUAÇU;410830403A;PR;Vila Boa Esperança;-25,573882;-54,570109;2025-03-08 16:10:00.0;0,00
FOZ DO IGUAÇU;410830403A;PR;Vila Boa Esperança;-25,573882;-54,570109;2025-03-08 17:10:00.0;0,00
FOZ DO IGUAÇU;410830403A;PR;Vila Boa Esperança;-25,573882;-54,570109;2025-03-08 18:10:00.0;0,00
FOZ DO IGUAÇU;410830403A;PR;Vila Boa Esperança;-25,573882;-54,570109;2025-03-08 19:10:00.0;0,00
FOZ DO IGUAÇU;410830403A;PR;Vila Boa Esperança;-25,573882;-54,570109;2025-03-08 20:10:00.0;0,00
FOZ DO IGUAÇU;410830403A;PR;Vila Boa Esperança;-25,573882;-54,570109;2025-03-08 21:10:00.0;0,00
FOZ DO IGUAÇU;410830403A;PR;Vila Boa Esperança;-25,573882;-54,570109;2025-03-08 22:10:00.0;0,00
FOZ DO IGUAÇU;410830403A;PR;Vila Boa Esperança;-25,573882;-54,570109;2025-03-08 23:10:00.0;0,00
FOZ DO IGUAÇU;410830403A;PR;Vila Boa Esperança;-25,573882;-54,570109;2025-03-09 00:10:00.0;0,00
FOZ DO IGUAÇU;410830403A;PR;Vila Boa Esperança;-25,573882;-54,570109;2025-03-09 01:10:00.0;0,00
FOZ DO IGUAÇU;410830403A;PR;Vila Boa Esperança;-25,573882;-54,570109;2025-03-09 02:10:00.0;0,00
FOZ DO IGUAÇU;410830403A;PR;Vila Boa Esperança;-25,573882;-54,570109;2025-03-09 03:10:00.0;0,00
FOZ DO IGUAÇU;410830403A;PR;Vila Boa Esperança;-25,573882;-54,570109;2025-03-09 04:10:00.0;0,00
FOZ DO IGUAÇU;410830403A;PR;Vila Boa Esperança;-25,573882;-54,570109;2025-03-09 05:10:00.0;0,00
FOZ DO IGUAÇU;410830403A;PR;Vila Boa Esperança;-25,573882;-54,570109;2025-03-09 06:10:00.0;0,00
FOZ DO IGUAÇU;410830403A;PR;Vila Boa Esperança;-25,573882;-54,570109;2025-03-09 07:10:00.0;0,00
FOZ DO IGUAÇU;410830403A;PR;Vila Boa Esperança;-25,573882;-54,570109;2025-03-09 08:10:00.0;0,00
FOZ DO IGUAÇU;410830403A;PR;Vila Boa Esperança;-25,573882;-54,570109;2025-03-09 09:10:00.0;0,00
FOZ DO IGUAÇU;410830403A;PR;Vila Boa Esperança;-25,573882;-54,570109;2025-03-09 10:10:00.0;0,00
FOZ DO IGUAÇU;410830403A;PR;Vila Boa Esperança;-25,573882;-54,570109;2025-03-09 11:10:00.0;0,00
FOZ DO IGUAÇU;410830403A;PR;Vila Boa Esperança;-25,573882;-54,570109;2025-03-09 12:10:00.0;0,00
FOZ DO IGUAÇU;410830403A;PR;Vila Boa Esperança;-25,573882;-54,570109;2025-03-09 13:10:00.0;0,00
FOZ DO IGUAÇU;410830403A;PR;Vila Boa Esperança;-25,573882;-54,570109;2025-03-09 14:10:00.0;0,00
FOZ DO IGUAÇU;410830403A;PR;Vila Boa Esperança;-25,573882;-54,570109;2025-03-09 15:10:00.0;0,00
FOZ DO IGUAÇU;410830403A;PR;Vila Boa Esperança;-25,573882;-54,570109;2025-03-09 16:10:00.0;0,00
FOZ DO IGUAÇU;410830403A;PR;Vila Boa Esperança;-25,573882;-54,570109;2025-03-09 17:10:00.0;0,00
FOZ DO IGUAÇU;410830403A;PR;Vila Boa Esperança;-25,573882;-54,570109;2025-03-09 18:10:00.0;0,00
FOZ DO IGUAÇU;410830403A;PR;Vila Boa Esperança;-25,573882;-54,570109;2025-03-09 18:20:00.0;1,40
FOZ DO IGUAÇU;410830403A;PR;Vila Boa Esperança;-25,573882;-54,570109;2025-03-09 18:30:00.0;2,20
FOZ DO IGUAÇU;410830403A;PR;Vila Boa Esperança;-25,573882;-54,570109;2025-03-09 19:10:00.0;0,00
FOZ DO IGUAÇU;410830403A;PR;Vila Boa Esperança;-25,573882;-54,570109;2025-03-09 20:10:00.0;0,00
FOZ DO IGUAÇU;410830403A;PR;Vila Boa Esperança;-25,573882;-54,570109;2025-03-09 21:10:00.0;0,00
FOZ DO IGUAÇU;410830403A;PR;Vila Boa Esperança;-25,573882;-54,570109;2025-03-09 22:10:00.0;0,00
FOZ DO IGUAÇU;410830403A;PR;Vila Boa Esperança;-25,573882;-54,570109;2025-03-09 23:10:00.0;0,00
FOZ DO IGUAÇU;410830403A;PR;Vila Boa Esperança;-25,573882;-54,570109;2025-03-10 00:10:00.0;0,00
FOZ DO IGUAÇU;410830403A;PR;Vila Boa Esperança;-25,573882;-54,570109;2025-03-10 01:10:00.0;0,00
FOZ DO IGUAÇU;410830403A;PR;Vila Boa Esperança;-25,573882;-54,570109;2025-03-10 02:10:00.0;0,00
FOZ DO IGUAÇU;410830403A;PR;Vila Boa Esperança;-25,573882;-54,570109;2025-03-10 03:10:00.0;0,00
FOZ DO IGUAÇU;410830403A;PR;Vila Boa Esperança;-25,573882;-54,570109;2025-03-10 04:10:00.0;0,00
FOZ DO IGUAÇU;410830403A;PR;Vila Boa Esperança;-25,573882;-54,570109;2025-03-10 05:10:00.0;0,00
FOZ DO IGUAÇU;410830403A;PR;Vila Boa Esperança;-25,573882;-54,570109;2025-03-10 06:10:00.0;0,00
FOZ DO IGUAÇU;410830403A;PR;Vila Boa Esperança;-25,573882;-54,570109;2025-03-10 07:10:00.0;0,00
FOZ DO IGUAÇU;410830403A;PR;Vila Boa Esperança;-25,573882;-54,570109;2025-03-10 08:10:00.0;0,00
FOZ DO IGUAÇU;410830403A;PR;Vila Boa Esperança;-25,573882;-54,570109;2025-03-10 09:10:00.0;0,00
FOZ DO IGUAÇU;410830403A;PR;Vila Boa Esperança;-25,573882;-54,570109;2025-03-10 10:10:00.0;0,00
FOZ DO IGUAÇU;410830403A;PR;Vila Boa Esperança;-25,573882;-54,570109;2025-03-10 11:10:00.0;0,00
FOZ DO IGUAÇU;410830403A;PR;Vila Boa Esperança;-25,573882;-54,570109;2025-03-10 12:10:00.0;0,00
FOZ DO IGUAÇU;410830403A;PR;Vila Boa Esperança;-25,573882;-54,570109;2025-03-10 13:10:00.0;0,00
FOZ DO IGUAÇU;410830403A;PR;Vila Boa Esperança;-25,573882;-54,570109;2025-03-10 14:10:00.0;0,00
FOZ DO IGUAÇU;410830403A;PR;Vila Boa Esperança;-25,573882;-54,570109;2025-03-10 15:10:00.0;0,00
FOZ DO IGUAÇU;410830403A;PR;Vila Boa Esperança;-25,573882;-54,570109;2025-03-10 16:10:00.0;0,00
FOZ DO IGUAÇU;410830403A;PR;Vila Boa Esperança;-25,573882;-54,570109;2025-03-10 17:10:00.0;0,00
FOZ DO IGUAÇU;410830403A;PR;Vila Boa Esperança;-25,573882;-54,570109;2025-03-10 18:10:00.0;0,00
FOZ DO IGUAÇU;410830403A;PR;Vila Boa Esperança;-25,573882;-54,570109;2025-03-10 19:10:00.0;0,00
FOZ DO IGUAÇU;410830403A;PR;Vila Boa Esperança;-25,573882;-54,570109;2025-03-10 20:10:00.0;0,00
FOZ DO IGUAÇU;410830403A;PR;Vila Boa Esperança;-25,573882;-54,570109;2025-03-10 21:10:00.0;0,00
FOZ DO IGUAÇU;410830403A;PR;Vila Boa Esperança;-25,573882;-54,570109;2025-03-10 22:10:00.0;0,00
FOZ DO IGUAÇU;410830403A;PR;Vila Boa Esperança;-25,573882;-54,570109;2025-03-10 23:10:00.0;0,00
FOZ DO IGUAÇU;410830403A;PR;Vila Boa Esperança;-25,573882;-54,570109;2025-03-11 00:10:00.0;0,00
FOZ DO IGUAÇU;410830403A;PR;Vila Boa Esperança;-25,573882;-54,570109;2025-03-11 01:10:00.0;0,00
FOZ DO IGUAÇU;410830403A;PR;Vila Boa Esperança;-25,573882;-54,570109;2025-03-11 02:10:00.0;0,00
FOZ DO IGUAÇU;410830403A;PR;Vila Boa Esperança;-25,573882;-54,570109;2025-03-11 03:10:00.0;0,00
FOZ DO IGUAÇU;410830403A;PR;Vila Boa Esperança;-25,573882;-54,570109;2025-03-11 04:10:00.0;0,00
FOZ DO IGUAÇU;410830403A;PR;Vila Boa Esperança;-25,573882;-54,570109;2025-03-11 05:10:00.0;0,00
FOZ DO IGUAÇU;410830403A;PR;Vila Boa Esperança;-25,573882;-54,570109;2025-03-11 06:10:00.0;0,00
FOZ DO IGUAÇU;410830403A;PR;Vila Boa Esperança;-25,573882;-54,570109;2025-03-11 07:10:00.0;0,00
FOZ DO IGUAÇU;410830403A;PR;Vila Boa Esperança;-25,573882;-54,570109;2025-03-11 08:10:00.0;0,00
FOZ DO IGUAÇU;410830403A;PR;Vila Boa Esperança;-25,573882;-54,570109;2025-03-11 09:10:00.0;0,00
FOZ DO IGUAÇU;410830403A;PR;Vila Boa Esperança;-25,573882;-54,570109;2025-03-11 10:10:00.0;0,00
FOZ DO IGUAÇU;410830403A;PR;Vila Boa Esperança;-25,573882;-54,570109;2025-03-11 11:10:00.0;0,00
FOZ DO IGUAÇU;410830403A;PR;Vila Boa Esperança;-25,573882;-54,570109;2025-03-11 12:10:00.0;0,00
FOZ DO IGUAÇU;410830403A;PR;Vila Boa Esperança;-25,573882;-54,570109;2025-03-11 13:10:00.0;0,00
FOZ DO IGUAÇU;410830403A;PR;Vila Boa Esperança;-25,573882;-54,570109;2025-03-11 14:10:00.0;0,00
FOZ DO IGUAÇU;410830403A;PR;Vila Boa Esperança;-25,573882;-54,570109;2025-03-11 15:10:00.0;0,00
FOZ DO IGUAÇU;410830403A;PR;Vila Boa Esperança;-25,573882;-54,570109;2025-03-11 16:10:00.0;6,60
FOZ DO IGUAÇU;410830403A;PR;Vila Boa Esperança;-25,573882;-54,570109;2025-03-11 16:20:00.0;7,00
FOZ DO IGUAÇU;410830403A;PR;Vila Boa Esperança;-25,573882;-54,570109;2025-03-11 16:30:00.0;1,40
FOZ DO IGUAÇU;410830403A;PR;Vila Boa Esperança;-25,573882;-54,570109;2025-03-11 17:10:00.0;0,20
FOZ DO IGUAÇU;410830403A;PR;Vila Boa Esperança;-25,573882;-54,570109;2025-03-11 17:30:00.0;0,20
FOZ DO IGUAÇU;410830403A;PR;Vila Boa Esperança;-25,573882;-54,570109;2025-03-11 17:40:00.0;0,40
FOZ DO IGUAÇU;410830403A;PR;Vila Boa Esperança;-25,573882;-54,570109;2025-03-11 17:50:00.0;0,40
FOZ DO IGUAÇU;410830403A;PR;Vila Boa Esperança;-25,573882;-54,570109;2025-03-11 18:00:00.0;0,40
FOZ DO IGUAÇU;410830403A;PR;Vila Boa Esperança;-25,573882;-54,570109;2025-03-11 18:10:00.0;0,60
FOZ DO IGUAÇU;410830403A;PR;Vila Boa Esperança;-25,573882;-54,570109;2025-03-11 18:20:00.0;0,40
FOZ DO IGUAÇU;410830403A;PR;Vila Boa Esperança;-25,573882;-54,570109;2025-03-11 18:30:00.0;0,80
FOZ DO IGUAÇU;410830403A;PR;Vila Boa Esperança;-25,573882;-54,570109;2025-03-11 18:40:00.0;0,40
FOZ DO IGUAÇU;410830403A;PR;Vila Boa Esperança;-25,573882;-54,570109;2025-03-11 18:50:00.0;0,20
FOZ DO IGUAÇU;410830403A;PR;Vila Boa Esperança;-25,573882;-54,570109;2025-03-11 19:00:00.0;0,20
FOZ DO IGUAÇU;410830403A;PR;Vila Boa Esperança;-25,573882;-54,570109;2025-03-11 19:10:00.0;0,40
FOZ DO IGUAÇU;410830403A;PR;Vila Boa Esperança;-25,573882;-54,570109;2025-03-11 19:20:00.0;0,20
FOZ DO IGUAÇU;410830403A;PR;Vila Boa Esperança;-25,573882;-54,570109;2025-03-11 19:50:00.0;0,40
FOZ DO IGUAÇU;410830403A;PR;Vila Boa Esperança;-25,573882;-54,570109;2025-03-11 20:00:00.0;0,20
FOZ DO IGUAÇU;410830403A;PR;Vila Boa Esperança;-25,573882;-54,570109;2025-03-11 20:10:00.0;0,60
FOZ DO IGUAÇU;410830403A;PR;Vila Boa Esperança;-25,573882;-54,570109;2025-03-11 20:30:00.0;0,20
FOZ DO IGUAÇU;410830403A;PR;Vila Boa Esperança;-25,573882;-54,570109;2025-03-11 20:40:00.0;0,20
FOZ DO IGUAÇU;410830403A;PR;Vila Boa Esperança;-25,573882;-54,570109;2025-03-11 20:50:00.0;0,40
FOZ DO IGUAÇU;410830403A;PR;Vila Boa Esperança;-25,573882;-54,570109;2025-03-11 21:10:00.0;0,00
FOZ DO IGUAÇU;410830403A;PR;Vila Boa Esperança;-25,573882;-54,570109;2025-03-11 22:10:00.0;0,00
FOZ DO IGUAÇU;410830403A;PR;Vila Boa Esperança;-25,573882;-54,570109;2025-03-11 23:10:00.0;0,00
FOZ DO IGUAÇU;410830403A;PR;Vila Boa Esperança;-25,573882;-54,570109;2025-03-12 00:10:00.0;0,00
FOZ DO IGUAÇU;410830403A;PR;Vila Boa Esperança;-25,573882;-54,570109;2025-03-12 01:10:00.0;0,00
FOZ DO IGUAÇU;410830403A;PR;Vila Boa Esperança;-25,573882;-54,570109;2025-03-12 02:10:00.0;0,00
FOZ DO IGUAÇU;410830403A;PR;Vila Boa Esperança;-25,573882;-54,570109;2025-03-12 03:10:00.0;0,00
FOZ DO IGUAÇU;410830403A;PR;Vila Boa Esperança;-25,573882;-54,570109;2025-03-12 04:10:00.0;0,00
FOZ DO IGUAÇU;410830403A;PR;Vila Boa Esperança;-25,573882;-54,570109;2025-03-12 05:10:00.0;0,00
FOZ DO IGUAÇU;410830403A;PR;Vila Boa Esperança;-25,573882;-54,570109;2025-03-12 06:10:00.0;0,00
FOZ DO IGUAÇU;410830403A;PR;Vila Boa Esperança;-25,573882;-54,570109;2025-03-12 07:10:00.0;0,00
FOZ DO IGUAÇU;410830403A;PR;Vila Boa Esperança;-25,573882;-54,570109;2025-03-12 08:10:00.0;0,00
FOZ DO IGUAÇU;410830403A;PR;Vila Boa Esperança;-25,573882;-54,570109;2025-03-12 09:10:00.0;0,00
FOZ DO IGUAÇU;410830403A;PR;Vila Boa Esperança;-25,573882;-54,570109;2025-03-12 09:40:00.0;0,20
FOZ DO IGUAÇU;410830403A;PR;Vila Boa Esperança;-25,573882;-54,570109;2025-03-12 10:10:00.0;0,00
FOZ DO IGUAÇU;410830403A;PR;Vila Boa Esperança;-25,573882;-54,570109;2025-03-12 11:10:00.0;0,00
FOZ DO IGUAÇU;410830403A;PR;Vila Boa Esperança;-25,573882;-54,570109;2025-03-12 12:10:00.0;0,00
FOZ DO IGUAÇU;410830403A;PR;Vila Boa Esperança;-25,573882;-54,570109;2025-03-12 13:10:00.0;0,00
FOZ DO IGUAÇU;410830403A;PR;Vila Boa Esperança;-25,573882;-54,570109;2025-03-12 14:10:00.0;0,00
FOZ DO IGUAÇU;410830403A;PR;Vila Boa Esperança;-25,573882;-54,570109;2025-03-12 15:10:00.0;0,00
FOZ DO IGUAÇU;410830403A;PR;Vila Boa Esperança;-25,573882;-54,570109;2025-03-12 16:10:00.0;0,00
FOZ DO IGUAÇU;410830403A;PR;Vila Boa Esperança;-25,573882;-54,570109;2025-03-12 17:10:00.0;0,00
FOZ DO IGUAÇU;410830403A;PR;Vila Boa Esperança;-25,573882;-54,570109;2025-03-12 18:10:00.0;0,00
FOZ DO IGUAÇU;410830403A;PR;Vila Boa Esperança;-25,573882;-54,570109;2025-03-12 19:10:00.0;0,00
FOZ DO IGUAÇU;410830403A;PR;Vila Boa Esperança;-25,573882;-54,570109;2025-03-12 20:10:00.0;0,00
FOZ DO IGUAÇU;410830403A;PR;Vila Boa Esperança;-25,573882;-54,570109;2025-03-12 21:10:00.0;0,00
FOZ DO IGUAÇU;410830403A;PR;Vila Boa Esperança;-25,573882;-54,570109;2025-03-12 22:10:00.0;0,00
FOZ DO IGUAÇU;410830403A;PR;Vila Boa Esperança;-25,573882;-54,570109;2025-03-12 23:10:00.0;0,00
FOZ DO IGUAÇU;410830403A;PR;Vila Boa Esperança;-25,573882;-54,570109;2025-03-13 00:10:00.0;0,00
FOZ DO IGUAÇU;410830403A;PR;Vila Boa Esperança;-25,573882;-54,570109;2025-03-13 01:10:00.0;0,00
FOZ DO IGUAÇU;410830403A;PR;Vila Boa Esperança;-25,573882;-54,570109;2025-03-13 02:10:00.0;0,00
FOZ DO IGUAÇU;410830403A;PR;Vila Boa Esperança;-25,573882;-54,570109;2025-03-13 03:10:00.0;0,00
FOZ DO IGUAÇU;410830403A;PR;Vila Boa Esperança;-25,573882;-54,570109;2025-03-13 04:10:00.0;0,00
FOZ DO IGUAÇU;410830403A;PR;Vila Boa Esperança;-25,573882;-54,570109;2025-03-13 05:10:00.0;0,00
FOZ DO IGUAÇU;410830403A;PR;Vila Boa Esperança;-25,573882;-54,570109;2025-03-13 06:10:00.0;0,00
FOZ DO IGUAÇU;410830403A;PR;Vila Boa Esperança;-25,573882;-54,570109;2025-03-13 07:10:00.0;0,00
FOZ DO IGUAÇU;410830403A;PR;Vila Boa Esperança;-25,573882;-54,570109;2025-03-13 08:10:00.0;0,00
FOZ DO IGUAÇU;410830403A;PR;Vila Boa Esperança;-25,573882;-54,570109;2025-03-13 09:10:00.0;0,00
FOZ DO IGUAÇU;410830403A;PR;Vila Boa Esperança;-25,573882;-54,570109;2025-03-13 10:10:00.0;0,00
FOZ DO IGUAÇU;410830403A;PR;Vila Boa Esperança;-25,573882;-54,570109;2025-03-13 11:10:00.0;0,00
FOZ DO IGUAÇU;410830403A;PR;Vila Boa Esperança;-25,573882;-54,570109;2025-03-13 12:10:00.0;0,00
FOZ DO IGUAÇU;410830403A;PR;Vila Boa Esperança;-25,573882;-54,570109;2025-03-13 13:10:00.0;0,00
FOZ DO IGUAÇU;410830403A;PR;Vila Boa Esperança;-25,573882;-54,570109;2025-03-13 14:10:00.0;0,00
FOZ DO IGUAÇU;410830403A;PR;Vila Boa Esperança;-25,573882;-54,570109;2025-03-13 15:10:00.0;0,00
FOZ DO IGUAÇU;410830403A;PR;Vila Boa Esperança;-25,573882;-54,570109;2025-03-13 16:10:00.0;0,00
FOZ DO IGUAÇU;410830403A;PR;Vila Boa Esperança;-25,573882;-54,570109;2025-03-13 17:10:00.0;0,00
FOZ DO IGUAÇU;410830403A;PR;Vila Boa Esperança;-25,573882;-54,570109;2025-03-13 18:10:00.0;0,00
FOZ DO IGUAÇU;410830403A;PR;Vila Boa Esperança;-25,573882;-54,570109;2025-03-13 19:10:00.0;0,00
FOZ DO IGUAÇU;410830403A;PR;Vila Boa Esperança;-25,573882;-54,570109;2025-03-13 20:10:00.0;0,00
FOZ DO IGUAÇU;410830403A;PR;Vila Boa Esperança;-25,573882;-54,570109;2025-03-13 21:10:00.0;0,00
FOZ DO IGUAÇU;410830403A;PR;Vila Boa Esperança;-25,573882;-54,570109;2025-03-13 22:10:00.0;0,00
FOZ DO IGUAÇU;410830403A;PR;Vila Boa Esperança;-25,573882;-54,570109;2025-03-13 23:10:00.0;0,00
FOZ DO IGUAÇU;410830403A;PR;Vila Boa Esperança;-25,573882;-54,570109;2025-03-14 00:10:00.0;0,00
FOZ DO IGUAÇU;410830403A;PR;Vila Boa Esperança;-25,573882;-54,570109;2025-03-14 01:10:00.0;0,00
FOZ DO IGUAÇU;410830403A;PR;Vila Boa Esperança;-25,573882;-54,570109;2025-03-14 02:10:00.0;0,00
FOZ DO IGUAÇU;410830403A;PR;Vila Boa Esperança;-25,573882;-54,570109;2025-03-14 03:10:00.0;0,00
FOZ DO IGUAÇU;410830403A;PR;Vila Boa Esperança;-25,573882;-54,570109;2025-03-14 04:10:00.0;0,00
FOZ DO IGUAÇU;410830403A;PR;Vila Boa Esperança;-25,573882;-54,570109;2025-03-14 05:10:00.0;0,00
FOZ DO IGUAÇU;410830403A;PR;Vila Boa Esperança;-25,573882;-54,570109;2025-03-14 06:10:00.0;0,00
FOZ DO IGUAÇU;410830403A;PR;Vila Boa Esperança;-25,573882;-54,570109;2025-03-14 07:10:00.0;0,00
FOZ DO IGUAÇU;410830403A;PR;Vila Boa Esperança;-25,573882;-54,570109;2025-03-14 08:10:00.0;0,00
FOZ DO IGUAÇU;410830403A;PR;Vila Boa Esperança;-25,573882;-54,570109;2025-03-14 09:10:00.0;0,00
FOZ DO IGUAÇU;410830403A;PR;Vila Boa Esperança;-25,573882;-54,570109;2025-03-14 10:10:00.0;0,00
FOZ DO IGUAÇU;410830403A;PR;Vila Boa Esperança;-25,573882;-54,570109;2025-03-14 11:10:00.0;0,00
FOZ DO IGUAÇU;410830403A;PR;Vila Boa Esperança;-25,573882;-54,570109;2025-03-14 12:10:00.0;0,00
FOZ DO IGUAÇU;410830403A;PR;Vila Boa Esperança;-25,573882;-54,570109;2025-03-14 13:10:00.0;0,00
FOZ DO IGUAÇU;410830403A;PR;Vila Boa Esperança;-25,573882;-54,570109;2025-03-14 14:10:00.0;0,00
FOZ DO IGUAÇU;410830403A;PR;Vila Boa Esperança;-25,573882;-54,570109;2025-03-14 15:10:00.0;0,00
FOZ DO IGUAÇU;410830403A;PR;Vila Boa Esperança;-25,573882;-54,570109;2025-03-14 16:10:00.0;0,00
FOZ DO IGUAÇU;410830403A;PR;Vila Boa Esperança;-25,573882;-54,570109;2025-03-14 17:10:00.0;0,00
FOZ DO IGUAÇU;410830403A;PR;Vila Boa Esperança;-25,573882;-54,570109;2025-03-14 18:10:00.0;0,00
FOZ DO IGUAÇU;410830403A;PR;Vila Boa Esperança;-25,573882;-54,570109;2025-03-14 19:10:00.0;0,00
FOZ DO IGUAÇU;410830403A;PR;Vila Boa Esperança;-25,573882;-54,570109;2025-03-14 20:10:00.0;0,00
FOZ DO IGUAÇU;410830403A;PR;Vila Boa Esperança;-25,573882;-54,570109;2025-03-14 21:10:00.0;0,00
FOZ DO IGUAÇU;410830403A;PR;Vila Boa Esperança;-25,573882;-54,570109;2025-03-14 22:10:00.0;0,00
FOZ DO IGUAÇU;410830403A;PR;Vila Boa Esperança;-25,573882;-54,570109;2025-03-14 23:10:00.0;0,00
FOZ DO IGUAÇU;410830403A;PR;Vila Boa Esperança;-25,573882;-54,570109;2025-03-15 00:10:00.0;0,00
FOZ DO IGUAÇU;410830403A;PR;Vila Boa Esperança;-25,573882;-54,570109;2025-03-15 01:10:00.0;0,00
FOZ DO IGUAÇU;410830403A;PR;Vila Boa Esperança;-25,573882;-54,570109;2025-03-15 02:10:00.0;0,00
FOZ DO IGUAÇU;410830403A;PR;Vila Boa Esperança;-25,573882;-54,570109;2025-03-15 03:10:00.0;0,00
FOZ DO IGUAÇU;410830403A;PR;Vila Boa Esperança;-25,573882;-54,570109;2025-03-15 04:10:00.0;0,00
FOZ DO IGUAÇU;410830403A;PR;Vila Boa Esperança;-25,573882;-54,570109;2025-03-15 05:10:00.0;0,00
FOZ DO IGUAÇU;410830403A;PR;Vila Boa Esperança;-25,573882;-54,570109;2025-03-15 06:10:00.0;0,00
FOZ DO IGUAÇU;410830403A;PR;Vila Boa Esperança;-25,573882;-54,570109;2025-03-15 07:10:00.0;0,00
FOZ DO IGUAÇU;410830403A;PR;Vila Boa Esperança;-25,573882;-54,570109;2025-03-15 08:10:00.0;0,00
FOZ DO IGUAÇU;410830403A;PR;Vila Boa Esperança;-25,573882;-54,570109;2025-03-15 09:10:00.0;0,00
FOZ DO IGUAÇU;410830403A;PR;Vila Boa Esperança;-25,573882;-54,570109;2025-03-15 10:10:00.0;0,00
FOZ DO IGUAÇU;410830403A;PR;Vila Boa Esperança;-25,573882;-54,570109;2025-03-15 10:50:00.0;0,20
FOZ DO IGUAÇU;410830403A;PR;Vila Boa Esperança;-25,573882;-54,570109;2025-03-15 11:10:00.0;0,00
FOZ DO IGUAÇU;410830403A;PR;Vila Boa Esperança;-25,573882;-54,570109;2025-03-15 12:10:00.0;0,00
FOZ DO IGUAÇU;410830403A;PR;Vila Boa Esperança;-25,573882;-54,570109;2025-03-15 13:10:00.0;0,00
FOZ DO IGUAÇU;410830403A;PR;Vila Boa Esperança;-25,573882;-54,570109;2025-03-15 13:20:00.0;0,20
FOZ DO IGUAÇU;410830403A;PR;Vila Boa Esperança;-25,573882;-54,570109;2025-03-15 13:40:00.0;0,20
FOZ DO IGUAÇU;410830403A;PR;Vila Boa Esperança;-25,573882;-54,570109;2025-03-15 13:50:00.0;0,40
FOZ DO IGUAÇU;410830403A;PR;Vila Boa Esperança;-25,573882;-54,570109;2025-03-15 14:10:00.0;0,20
FOZ DO IGUAÇU;410830403A;PR;Vila Boa Esperança;-25,573882;-54,570109;2025-03-15 14:20:00.0;0,40
FOZ DO IGUAÇU;410830403A;PR;Vila Boa Esperança;-25,573882;-54,570109;2025-03-15 14:30:00.0;0,80
FOZ DO IGUAÇU;410830403A;PR;Vila Boa Esperança;-25,573882;-54,570109;2025-03-15 14:40:00.0;0,20
FOZ DO IGUAÇU;410830403A;PR;Vila Boa Esperança;-25,573882;-54,570109;2025-03-15 14:50:00.0;0,20
FOZ DO IGUAÇU;410830403A;PR;Vila Boa Esperança;-25,573882;-54,570109;2025-03-15 15:00:00.0;0,20
FOZ DO IGUAÇU;410830403A;PR;Vila Boa Esperança;-25,573882;-54,570109;2025-03-15 15:10:00.0;0,00
FOZ DO IGUAÇU;410830403A;PR;Vila Boa Esperança;-25,573882;-54,570109;2025-03-15 16:10:00.0;0,00
FOZ DO IGUAÇU;410830403A;PR;Vila Boa Esperança;-25,573882;-54,570109;2025-03-15 17:10:00.0;0,00
FOZ DO IGUAÇU;410830403A;PR;Vila Boa Esperança;-25,573882;-54,570109;2025-03-15 18:10:00.0;0,00
FOZ DO IGUAÇU;410830403A;PR;Vila Boa Esperança;-25,573882;-54,570109;2025-03-15 19:10:00.0;0,00
FOZ DO IGUAÇU;410830403A;PR;Vila Boa Esperança;-25,573882;-54,570109;2025-03-15 20:10:00.0;0,00
FOZ DO IGUAÇU;410830403A;PR;Vila Boa Esperança;-25,573882;-54,570109;2025-03-15 21:10:00.0;0,00
FOZ DO IGUAÇU;410830403A;PR;Vila Boa Esperança;-25,573882;-54,570109;2025-03-15 22:10:00.0;0,00
FOZ DO IGUAÇU;410830403A;PR;Vila Boa Esperança;-25,573882;-54,570109;2025-03-15 23:10:00.0;0,00
FOZ DO IGUAÇU;410830403A;PR;Vila Boa Esperança;-25,573882;-54,570109;2025-03-16 00:10:00.0;0,00
FOZ DO IGUAÇU;410830403A;PR;Vila Boa Esperança;-25,573882;-54,570109;2025-03-16 01:10:00.0;0,00
FOZ DO IGUAÇU;410830403A;PR;Vila Boa Esperança;-25,573882;-54,570109;2025-03-16 02:10:00.0;0,00
FOZ DO IGUAÇU;410830403A;PR;Vila Boa Esperança;-25,573882;-54,570109;2025-03-16 03:10:00.0;0,00
FOZ DO IGUAÇU;410830403A;PR;Vila Boa Esperança;-25,573882;-54,570109;2025-03-16 04:10:00.0;0,00
FOZ DO IGUAÇU;410830403A;PR;Vila Boa Esperança;-25,573882;-54,570109;2025-03-16 05:10:00.0;0,00
FOZ DO IGUAÇU;410830403A;PR;Vila Boa Esperança;-25,573882;-54,570109;2025-03-16 06:10:00.0;0,00
FOZ DO IGUAÇU;410830403A;PR;Vila Boa Esperança;-25,573882;-54,570109;2025-03-16 07:10:00.0;0,00
FOZ DO IGUAÇU;410830403A;PR;Vila Boa Esperança;-25,573882;-54,570109;2025-03-16 08:10:00.0;0,00
FOZ DO IGUAÇU;410830403A;PR;Vila Boa Esperança;-25,573882;-54,570109;2025-03-16 09:10:00.0;0,00
FOZ DO IGUAÇU;410830403A;PR;Vila Boa Esperança;-25,573882;-54,570109;2025-03-16 10:10:00.0;0,00
FOZ DO IGUAÇU;410830403A;PR;Vila Boa Esperança;-25,573882;-54,570109;2025-03-16 11:10:00.0;0,00
FOZ DO IGUAÇU;410830403A;PR;Vila Boa Esperança;-25,573882;-54,570109;2025-03-16 12:10:00.0;0,00
FOZ DO IGUAÇU;410830403A;PR;Vila Boa Esperança;-25,573882;-54,570109;2025-03-16 13:10:00.0;0,00
FOZ DO IGUAÇU;410830403A;PR;Vila Boa Esperança;-25,573882;-54,570109;2025-03-16 14:10:00.0;0,00
FOZ DO IGUAÇU;410830403A;PR;Vila Boa Esperança;-25,573882;-54,570109;2025-03-16 15:10:00.0;0,00
FOZ DO IGUAÇU;410830403A;PR;Vila Boa Esperança;-25,573882;-54,570109;2025-03-16 16:10:00.0;0,00
FOZ DO IGUAÇU;410830403A;PR;Vila Boa Esperança;-25,573882;-54,570109;2025-03-16 17:10:00.0;0,00
FOZ DO IGUAÇU;410830403A;PR;Vila Boa Esperança;-25,573882;-54,570109;2025-03-16 18:10:00.0;0,00
FOZ DO IGUAÇU;410830403A;PR;Vila Boa Esperança;-25,573882;-54,570109;2025-03-16 19:10:00.0;0,00
FOZ DO IGUAÇU;410830403A;PR;Vila Boa Esperança;-25,573882;-54,570109;2025-03-16 20:10:00.0;0,00
FOZ DO IGUAÇU;410830403A;PR;Vila Boa Esperança;-25,573882;-54,570109;2025-03-16 21:10:00.0;0,00
FOZ DO IGUAÇU;410830403A;PR;Vila Boa Esperança;-25,573882;-54,570109;2025-03-16 22:10:00.0;0,00
FOZ DO IGUAÇU;410830403A;PR;Vila Boa Esperança;-25,573882;-54,570109;2025-03-16 23:10:00.0;0,00
FOZ DO IGUAÇU;410830403A;PR;Vila Boa Esperança;-25,573882;-54,570109;2025-03-17 00:10:00.0;0,00
FOZ DO IGUAÇU;410830403A;PR;Vila Boa Esperança;-25,573882;-54,570109;2025-03-17 01:10:00.0;0,00
FOZ DO IGUAÇU;410830403A;PR;Vila Boa Esperança;-25,573882;-54,570109;2025-03-17 02:10:00.0;0,00
FOZ DO IGUAÇU;410830403A;PR;Vila Boa Esperança;-25,573882;-54,570109;2025-03-17 03:10:00.0;0,00
FOZ DO IGUAÇU;410830403A;PR;Vila Boa Esperança;-25,573882;-54,570109;2025-03-17 04:10:00.0;0,00
FOZ DO IGUAÇU;410830403A;PR;Vila Boa Esperança;-25,573882;-54,570109;2025-03-17 05:10:00.0;0,00
FOZ DO IGUAÇU;410830403A;PR;Vila Boa Esperança;-25,573882;-54,570109;2025-03-17 06:10:00.0;0,00
FOZ DO IGUAÇU;410830403A;PR;Vila Boa Esperança;-25,573882;-54,570109;2025-03-17 07:10:00.0;0,00
FOZ DO IGUAÇU;410830403A;PR;Vila Boa Esperança;-25,573882;-54,570109;2025-03-17 08:10:00.0;0,00
FOZ DO IGUAÇU;410830403A;PR;Vila Boa Esperança;-25,573882;-54,570109;2025-03-17 09:10:00.0;0,00
FOZ DO IGUAÇU;410830403A;PR;Vila Boa Esperança;-25,573882;-54,570109;2025-03-17 10:10:00.0;0,00
FOZ DO IGUAÇU;410830403A;PR;Vila Boa Esperança;-25,573882;-54,570109;2025-03-17 11:10:00.0;0,00
FOZ DO IGUAÇU;410830403A;PR;Vila Boa Esperança;-25,573882;-54,570109;2025-03-17 12:10:00.0;0,00
FOZ DO IGUAÇU;410830403A;PR;Vila Boa Esperança;-25,573882;-54,570109;2025-03-17 13:10:00.0;0,00
FOZ DO IGUAÇU;410830403A;PR;Vila Boa Esperança;-25,573882;-54,570109;2025-03-17 14:10:00.0;0,00
FOZ DO IGUAÇU;410830403A;PR;Vila Boa Esperança;-25,573882;-54,570109;2025-03-17 15:10:00.0;0,00
FOZ DO IGUAÇU;410830403A;PR;Vila Boa Esperança;-25,573882;-54,570109;2025-03-17 16:10:00.0;0,00
FOZ DO IGUAÇU;410830403A;PR;Vila Boa Esperança;-25,573882;-54,570109;2025-03-17 17:10:00.0;0,00
FOZ DO IGUAÇU;410830403A;PR;Vila Boa Esperança;-25,573882;-54,570109;2025-03-17 18:10:00.0;0,00
FOZ DO IGUAÇU;410830403A;PR;Vila Boa Esperança;-25,573882;-54,570109;2025-03-17 19:10:00.0;0,00
FOZ DO IGUAÇU;410830403A;PR;Vila Boa Esperança;-25,573882;-54,570109;2025-03-17 20:10:00.0;0,00
FOZ DO IGUAÇU;410830403A;PR;Vila Boa Esperança;-25,573882;-54,570109;2025-03-17 21:10:00.0;0,00
FOZ DO IGUAÇU;410830403A;PR;Vila Boa Esperança;-25,573882;-54,570109;2025-03-17 22:10:00.0;0,00
FOZ DO IGUAÇU;410830403A;PR;Vila Boa Esperança;-25,573882;-54,570109;2025-03-17 23:10:00.0;0,00
FOZ DO IGUAÇU;410830403A;PR;Vila Boa Esperança;-25,573882;-54,570109;2025-03-18 00:10:00.0;0,00
FOZ DO IGUAÇU;410830403A;PR;Vila Boa Esperança;-25,573882;-54,570109;2025-03-18 01:10:00.0;0,00
FOZ DO IGUAÇU;410830403A;PR;Vila Boa Esperança;-25,573882;-54,570109;2025-03-18 02:10:00.0;0,00
FOZ DO IGUAÇU;410830403A;PR;Vila Boa Esperança;-25,573882;-54,570109;2025-03-18 03:10:00.0;0,00
FOZ DO IGUAÇU;410830403A;PR;Vila Boa Esperança;-25,573882;-54,570109;2025-03-18 04:10:00.0;0,00
FOZ DO IGUAÇU;410830403A;PR;Vila Boa Esperança;-25,573882;-54,570109;2025-03-18 05:10:00.0;0,00
FOZ DO IGUAÇU;410830403A;PR;Vila Boa Esperança;-25,573882;-54,570109;2025-03-18 06:10:00.0;0,00
FOZ DO IGUAÇU;410830403A;PR;Vila Boa Esperança;-25,573882;-54,570109;2025-03-18 07:10:00.0;0,00
FOZ DO IGUAÇU;410830403A;PR;Vila Boa Esperança;-25,573882;-54,570109;2025-03-18 08:10:00.0;0,00
FOZ DO IGUAÇU;410830403A;PR;Vila Boa Esperança;-25,573882;-54,570109;2025-03-18 09:10:00.0;0,00
FOZ DO IGUAÇU;410830403A;PR;Vila Boa Esperança;-25,573882;-54,570109;2025-03-18 10:10:00.0;0,00
FOZ DO IGUAÇU;410830403A;PR;Vila Boa Esperança;-25,573882;-54,570109;2025-03-18 11:10:00.0;0,00
FOZ DO IGUAÇU;410830403A;PR;Vila Boa Esperança;-25,573882;-54,570109;2025-03-18 12:10:00.0;0,00
FOZ DO IGUAÇU;410830403A;PR;Vila Boa Esperança;-25,573882;-54,570109;2025-03-18 13:10:00.0;0,00
FOZ DO IGUAÇU;410830403A;PR;Vila Boa Esperança;-25,573882;-54,570109;2025-03-18 14:10:00.0;0,00
FOZ DO IGUAÇU;410830403A;PR;Vila Boa Esperança;-25,573882;-54,570109;2025-03-18 15:10:00.0;0,00
FOZ DO IGUAÇU;410830403A;PR;Vila Boa Esperança;-25,573882;-54,570109;2025-03-18 16:10:00.0;0,00
FOZ DO IGUAÇU;410830403A;PR;Vila Boa Esperança;-25,573882;-54,570109;2025-03-18 17:10:00.0;0,00
FOZ DO IGUAÇU;410830403A;PR;Vila Boa Esperança;-25,573882;-54,570109;2025-03-18 18:10:00.0;0,00
FOZ DO IGUAÇU;410830403A;PR;Vila Boa Esperança;-25,573882;-54,570109;2025-03-18 19:10:00.0;0,00
FOZ DO IGUAÇU;410830403A;PR;Vila Boa Esperança;-25,573882;-54,570109;2025-03-18 20:10:00.0;0,00
FOZ DO IGUAÇU;410830403A;PR;Vila Boa Esperança;-25,573882;-54,570109;2025-03-18 21:10:00.0;0,00
FOZ DO IGUAÇU;410830403A;PR;Vila Boa Esperança;-25,573882;-54,570109;2025-03-18 22:10:00.0;0,00
FOZ DO IGUAÇU;410830403A;PR;Vila Boa Esperança;-25,573882;-54,570109;2025-03-18 23:10:00.0;0,00
FOZ DO IGUAÇU;410830403A;PR;Vila Boa Esperança;-25,573882;-54,570109;2025-03-19 00:10:00.0;0,00
FOZ DO IGUAÇU;410830403A;PR;Vila Boa Esperança;-25,573882;-54,570109;2025-03-19 01:10:00.0;0,00
FOZ DO IGUAÇU;410830403A;PR;Vila Boa Esperança;-25,573882;-54,570109;2025-03-19 02:10:00.0;0,00
FOZ DO IGUAÇU;410830403A;PR;Vila Boa Esperança;-25,573882;-54,570109;2025-03-19 03:10:00.0;0,00
FOZ DO IGUAÇU;410830403A;PR;Vila Boa Esperança;-25,573882;-54,570109;2025-03-19 04:10:00.0;0,00
FOZ DO IGUAÇU;410830403A;PR;Vila Boa Esperança;-25,573882;-54,570109;2025-03-19 05:10:00.0;0,00
FOZ DO IGUAÇU;410830403A;PR;Vila Boa Esperança;-25,573882;-54,570109;2025-03-19 06:10:00.0;0,00
FOZ DO IGUAÇU;410830403A;PR;Vila Boa Esperança;-25,573882;-54,570109;2025-03-19 07:10:00.0;0,00
FOZ DO IGUAÇU;410830403A;PR;Vila Boa Esperança;-25,573882;-54,570109;2025-03-19 08:10:00.0;0,00
FOZ DO IGUAÇU;410830403A;PR;Vila Boa Esperança;-25,573882;-54,570109;2025-03-19 09:10:00.0;0,00
FOZ DO IGUAÇU;410830403A;PR;Vila Boa Esperança;-25,573882;-54,570109;2025-03-19 10:10:00.0;0,00
FOZ DO IGUAÇU;410830403A;PR;Vila Boa Esperança;-25,573882;-54,570109;2025-03-19 11:10:00.0;0,00
FOZ DO IGUAÇU;410830403A;PR;Vila Boa Esperança;-25,573882;-54,570109;2025-03-19 12:10:00.0;0,00
FOZ DO IGUAÇU;410830403A;PR;Vila Boa Esperança;-25,573882;-54,570109;2025-03-19 13:10:00.0;0,00
FOZ DO IGUAÇU;410830403A;PR;Vila Boa Esperança;-25,573882;-54,570109;2025-03-19 14:10:00.0;0,00
FOZ DO IGUAÇU;410830403A;PR;Vila Boa Esperança;-25,573882;-54,570109;2025-03-19 15:10:00.0;0,00
FOZ DO IGUAÇU;410830403A;PR;Vila Boa Esperança;-25,573882;-54,570109;2025-03-19 16:10:00.0;0,00
FOZ DO IGUAÇU;410830403A;PR;Vila Boa Esperança;-25,573882;-54,570109;2025-03-19 17:10:00.0;0,00
FOZ DO IGUAÇU;410830403A;PR;Vila Boa Esperança;-25,573882;-54,570109;2025-03-19 18:10:00.0;0,00
FOZ DO IGUAÇU;410830403A;PR;Vila Boa Esperança;-25,573882;-54,570109;2025-03-19 19:10:00.0;0,00
FOZ DO IGUAÇU;410830403A;PR;Vila Boa Esperança;-25,573882;-54,570109;2025-03-19 20:10:00.0;0,00
FOZ DO IGUAÇU;410830403A;PR;Vila Boa Esperança;-25,573882;-54,570109;2025-03-19 21:10:00.0;0,00
FOZ DO IGUAÇU;410830403A;PR;Vila Boa Esperança;-25,573882;-54,570109;2025-03-19 22:10:00.0;0,00
FOZ DO IGUAÇU;410830403A;PR;Vila Boa Esperança;-25,573882;-54,570109;2025-03-19 23:10:00.0;0,00
FOZ DO IGUAÇU;410830403A;PR;Vila Boa Esperança;-25,573882;-54,570109;2025-03-20 00:10:00.0;0,00
FOZ DO IGUAÇU;410830403A;PR;Vila Boa Esperança;-25,573882;-54,570109;2025-03-20 01:10:00.0;0,00
FOZ DO IGUAÇU;410830403A;PR;Vila Boa Esperança;-25,573882;-54,570109;2025-03-20 02:10:00.0;0,00
FOZ DO IGUAÇU;410830403A;PR;Vila Boa Esperança;-25,573882;-54,570109;2025-03-20 03:10:00.0;0,00
FOZ DO IGUAÇU;410830403A;PR;Vila Boa Esperança;-25,573882;-54,570109;2025-03-20 04:10:00.0;0,00
FOZ DO IGUAÇU;410830403A;PR;Vila Boa Esperança;-25,573882;-54,570109;2025-03-20 05:10:00.0;0,00
FOZ DO IGUAÇU;410830403A;PR;Vila Boa Esperança;-25,573882;-54,570109;2025-03-20 06:10:00.0;0,00
FOZ DO IGUAÇU;410830403A;PR;Vila Boa Esperança;-25,573882;-54,570109;2025-03-20 07:10:00.0;0,00
FOZ DO IGUAÇU;410830403A;PR;Vila Boa Esperança;-25,573882;-54,570109;2025-03-20 08:10:00.0;0,00
FOZ DO IGUAÇU;410830403A;PR;Vila Boa Esperança;-25,573882;-54,570109;2025-03-20 09:10:00.0;0,00
FOZ DO IGUAÇU;410830403A;PR;Vila Boa Esperança;-25,573882;-54,570109;2025-03-20 10:10:00.0;0,00
FOZ DO IGUAÇU;410830403A;PR;Vila Boa Esperança;-25,573882;-54,570109;2025-03-20 11:10:00.0;0,00
FOZ DO IGUAÇU;410830403A;PR;Vila Boa Esperança;-25,573882;-54,570109;2025-03-20 12:10:00.0;0,00
FOZ DO IGUAÇU;410830403A;PR;Vila Boa Esperança;-25,573882;-54,570109;2025-03-20 13:10:00.0;0,00
FOZ DO IGUAÇU;410830403A;PR;Vila Boa Esperança;-25,573882;-54,570109;2025-03-20 14:10:00.0;0,00
FOZ DO IGUAÇU;410830403A;PR;Vila Boa Esperança;-25,573882;-54,570109;2025-03-20 15:10:00.0;0,00
FOZ DO IGUAÇU;410830403A;PR;Vila Boa Esperança;-25,573882;-54,570109;2025-03-20 16:10:00.0;0,00
FOZ DO IGUAÇU;410830403A;PR;Vila Boa Esperança;-25,573882;-54,570109;2025-03-20 17:10:00.0;0,00
FOZ DO IGUAÇU;410830403A;PR;Vila Boa Esperança;-25,573882;-54,570109;2025-03-20 18:10:00.0;0,00
FOZ DO IGUAÇU;410830403A;PR;Vila Boa Esperança;-25,573882;-54,570109;2025-03-20 19:10:00.0;0,00
FOZ DO IGUAÇU;410830403A;PR;Vila Boa Esperança;-25,573882;-54,570109;2025-03-20 20:10:00.0;0,00
FOZ DO IGUAÇU;410830403A;PR;Vila Boa Esperança;-25,573882;-54,570109;2025-03-20 21:10:00.0;0,00
FOZ DO IGUAÇU;410830403A;PR;Vila Boa Esperança;-25,573882;-54,570109;2025-03-20 22:10:00.0;0,00
FOZ DO IGUAÇU;410830403A;PR;Vila Boa Esperança;-25,573882;-54,570109;2025-03-20 23:10:00.0;0,00
FOZ DO IGUAÇU;410830403A;PR;Vila Boa Esperança;-25,573882;-54,570109;2025-03-21 00:10:00.0;0,00
FOZ DO IGUAÇU;410830403A;PR;Vila Boa Esperança;-25,573882;-54,570109;2025-03-21 01:10:00.0;0,00
FOZ DO IGUAÇU;410830403A;PR;Vila Boa Esperança;-25,573882;-54,570109;2025-03-21 02:10:00.0;0,00
FOZ DO IGUAÇU;410830403A;PR;Vila Boa Esperança;-25,573882;-54,570109;2025-03-21 03:10:00.0;0,00
FOZ DO IGUAÇU;410830403A;PR;Vila Boa Esperança;-25,573882;-54,570109;2025-03-21 04:10:00.0;0,00
FOZ DO IGUAÇU;410830403A;PR;Vila Boa Esperança;-25,573882;-54,570109;2025-03-21 05:10:00.0;0,00
FOZ DO IGUAÇU;410830403A;PR;Vila Boa Esperança;-25,573882;-54,570109;2025-03-21 06:10:00.0;0,00
FOZ DO IGUAÇU;410830403A;PR;Vila Boa Esperança;-25,573882;-54,570109;2025-03-21 07:10:00.0;0,00
FOZ DO IGUAÇU;410830403A;PR;Vila Boa Esperança;-25,573882;-54,570109;2025-03-21 08:10:00.0;0,00
FOZ DO IGUAÇU;410830403A;PR;Vila Boa Esperança;-25,573882;-54,570109;2025-03-21 09:10:00.0;0,00
FOZ DO IGUAÇU;410830403A;PR;Vila Boa Esperança;-25,573882;-54,570109;2025-03-21 10:10:00.0;0,00
FOZ DO IGUAÇU;410830403A;PR;Vila Boa Esperança;-25,573882;-54,570109;2025-03-21 11:10:00.0;0,00
FOZ DO IGUAÇU;410830403A;PR;Vila Boa Esperança;-25,573882;-54,570109;2025-03-21 12:10:00.0;0,00
FOZ DO IGUAÇU;410830403A;PR;Vila Boa Esperança;-25,573882;-54,570109;2025-03-21 13:10:00.0;0,00
FOZ DO IGUAÇU;410830403A;PR;Vila Boa Esperança;-25,573882;-54,570109;2025-03-21 14:10:00.0;0,00
FOZ DO IGUAÇU;410830403A;PR;Vila Boa Esperança;-25,573882;-54,570109;2025-03-21 15:10:00.0;0,00
FOZ DO IGUAÇU;410830403A;PR;Vila Boa Esperança;-25,573882;-54,570109;2025-03-21 16:10:00.0;0,00
FOZ DO IGUAÇU;410830403A;PR;Vila Boa Esperança;-25,573882;-54,570109;2025-03-21 17:10:00.0;0,00
FOZ DO IGUAÇU;410830403A;PR;Vila Boa Esperança;-25,573882;-54,570109;2025-03-21 18:10:00.0;0,00
FOZ DO IGUAÇU;410830403A;PR;Vila Boa Esperança;-25,573882;-54,570109;2025-03-21 19:10:00.0;0,00
FOZ DO IGUAÇU;410830403A;PR;Vila Boa Esperança;-25,573882;-54,570109;2025-03-21 20:10:00.0;0,00
FOZ DO IGUAÇU;410830403A;PR;Vila Boa Esperança;-25,573882;-54,570109;2025-03-21 21:10:00.0;0,00
FOZ DO IGUAÇU;410830403A;PR;Vila Boa Esperança;-25,573882;-54,570109;2025-03-21 22:10:00.0;0,00
FOZ DO IGUAÇU;410830403A;PR;Vila Boa Esperança;-25,573882;-54,570109;2025-03-21 23:10:00.0;0,00
FOZ DO IGUAÇU;410830403A;PR;Vila Boa Esperança;-25,573882;-54,570109;2025-03-22 00:10:00.0;0,00
FOZ DO IGUAÇU;410830403A;PR;Vila Boa Esperança;-25,573882;-54,570109;2025-03-22 01:10:00.0;0,00
FOZ DO IGUAÇU;410830403A;PR;Vila Boa Esperança;-25,573882;-54,570109;2025-03-22 02:10:00.0;0,00
FOZ DO IGUAÇU;410830403A;PR;Vila Boa Esperança;-25,573882;-54,570109;2025-03-22 03:10:00.0;0,00
FOZ DO IGUAÇU;410830403A;PR;Vila Boa Esperança;-25,573882;-54,570109;2025-03-22 04:10:00.0;0,00
FOZ DO IGUAÇU;410830403A;PR;Vila Boa Esperança;-25,573882;-54,570109;2025-03-22 05:10:00.0;0,00
FOZ DO IGUAÇU;410830403A;PR;Vila Boa Esperança;-25,573882;-54,570109;2025-03-22 06:10:00.0;0,00
FOZ DO IGUAÇU;410830403A;PR;Vila Boa Esperança;-25,573882;-54,570109;2025-03-22 07:10:00.0;0,00
FOZ DO IGUAÇU;410830403A;PR;Vila Boa Esperança;-25,573882;-54,570109;2025-03-22 08:10:00.0;0,00
FOZ DO IGUAÇU;410830403A;PR;Vila Boa Esperança;-25,573882;-54,570109;2025-03-22 09:10:00.0;0,00
FOZ DO IGUAÇU;410830403A;PR;Vila Boa Esperança;-25,573882;-54,570109;2025-03-22 10:10:00.0;0,00
FOZ DO IGUAÇU;410830403A;PR;Vila Boa Esperança;-25,573882;-54,570109;2025-03-22 11:10:00.0;0,00
FOZ DO IGUAÇU;410830403A;PR;Vila Boa Esperança;-25,573882;-54,570109;2025-03-22 12:10:00.0;0,00
FOZ DO IGUAÇU;410830403A;PR;Vila Boa Esperança;-25,573882;-54,570109;2025-03-22 13:10:00.0;0,00
FOZ DO IGUAÇU;410830403A;PR;Vila Boa Esperança;-25,573882;-54,570109;2025-03-22 14:10:00.0;0,00
FOZ DO IGUAÇU;410830403A;PR;Vila Boa Esperança;-25,573882;-54,570109;2025-03-22 15:10:00.0;0,00
FOZ DO IGUAÇU;410830403A;PR;Vila Boa Esperança;-25,573882;-54,570109;2025-03-22 16:10:00.0;0,00
FOZ DO IGUAÇU;410830403A;PR;Vila Boa Esperança;-25,573882;-54,570109;2025-03-22 17:10:00.0;0,00
FOZ DO IGUAÇU;410830403A;PR;Vila Boa Esperança;-25,573882;-54,570109;2025-03-22 18:10:00.0;0,00
FOZ DO IGUAÇU;410830403A;PR;Vila Boa Esperança;-25,573882;-54,570109;2025-03-22 19:10:00.0;0,00
FOZ DO IGUAÇU;410830403A;PR;Vila Boa Esperança;-25,573882;-54,570109;2025-03-22 20:10:00.0;0,00
FOZ DO IGUAÇU;410830403A;PR;Vila Boa Esperança;-25,573882;-54,570109;2025-03-22 21:10:00.0;0,00
FOZ DO IGUAÇU;410830403A;PR;Vila Boa Esperança;-25,573882;-54,570109;2025-03-22 22:10:00.0;0,00
FOZ DO IGUAÇU;410830403A;PR;Vila Boa Esperança;-25,573882;-54,570109;2025-03-22 23:10:00.0;0,00
FOZ DO IGUAÇU;410830403A;PR;Vila Boa Esperança;-25,573882;-54,570109;2025-03-23 00:10:00.0;0,00
FOZ DO IGUAÇU;410830403A;PR;Vila Boa Esperança;-25,573882;-54,570109;2025-03-23 01:10:00.0;0,00
FOZ DO IGUAÇU;410830403A;PR;Vila Boa Esperança;-25,573882;-54,570109;2025-03-23 02:10:00.0;0,00
FOZ DO IGUAÇU;410830403A;PR;Vila Boa Esperança;-25,573882;-54,570109;2025-03-23 03:10:00.0;0,00
FOZ DO IGUAÇU;410830403A;PR;Vila Boa Esperança;-25,573882;-54,570109;2025-03-23 04:10:00.0;0,00
FOZ DO IGUAÇU;410830403A;PR;Vila Boa Esperança;-25,573882;-54,570109;2025-03-23 05:10:00.0;0,00
FOZ DO IGUAÇU;410830403A;PR;Vila Boa Esperança;-25,573882;-54,570109;2025-03-23 06:10:00.0;0,00
FOZ DO IGUAÇU;410830403A;PR;Vila Boa Esperança;-25,573882;-54,570109;2025-03-23 07:10:00.0;0,00
FOZ DO IGUAÇU;410830403A;PR;Vila Boa Esperança;-25,573882;-54,570109;2025-03-23 08:10:00.0;0,00
FOZ DO IGUAÇU;410830403A;PR;Vila Boa Esperança;-25,573882;-54,570109;2025-03-23 09:10:00.0;0,00
FOZ DO IGUAÇU;410830403A;PR;Vila Boa Esperança;-25,573882;-54,570109;2025-03-23 10:10:00.0;0,00
FOZ DO IGUAÇU;410830403A;PR;Vila Boa Esperança;-25,573882;-54,570109;2025-03-23 11:10:00.0;0,00
FOZ DO IGUAÇU;410830403A;PR;Vila Boa Esperança;-25,573882;-54,570109;2025-03-23 12:10:00.0;0,00
FOZ DO IGUAÇU;410830403A;PR;Vila Boa Esperança;-25,573882;-54,570109;2025-03-23 13:10:00.0;0,00
FOZ DO IGUAÇU;410830403A;PR;Vila Boa Esperança;-25,573882;-54,570109;2025-03-23 14:10:00.0;0,00
FOZ DO IGUAÇU;410830403A;PR;Vila Boa Esperança;-25,573882;-54,570109;2025-03-23 15:10:00.0;0,00
FOZ DO IGUAÇU;410830403A;PR;Vila Boa Esperança;-25,573882;-54,570109;2025-03-23 16:10:00.0;0,00
FOZ DO IGUAÇU;410830403A;PR;Vila Boa Esperança;-25,573882;-54,570109;2025-03-23 17:10:00.0;0,00
FOZ DO IGUAÇU;410830403A;PR;Vila Boa Esperança;-25,573882;-54,570109;2025-03-23 18:10:00.0;0,00
FOZ DO IGUAÇU;410830403A;PR;Vila Boa Esperança;-25,573882;-54,570109;2025-03-23 19:10:00.0;0,00
FOZ DO IGUAÇU;410830403A;PR;Vila Boa Esperança;-25,573882;-54,570109;2025-03-23 20:10:00.0;0,00
FOZ DO IGUAÇU;410830403A;PR;Vila Boa Esperança;-25,573882;-54,570109;2025-03-23 21:10:00.0;0,00
FOZ DO IGUAÇU;410830403A;PR;Vila Boa Esperança;-25,573882;-54,570109;2025-03-23 22:10:00.0;0,00
FOZ DO IGUAÇU;410830403A;PR;Vila Boa Esperança;-25,573882;-54,570109;2025-03-23 23:10:00.0;0,00
FOZ DO IGUAÇU;410830403A;PR;Vila Boa Esperança;-25,573882;-54,570109;2025-03-24 00:10:00.0;0,00
FOZ DO IGUAÇU;410830403A;PR;Vila Boa Esperança;-25,573882;-54,570109;2025-03-24 01:10:00.0;0,00
FOZ DO IGUAÇU;410830403A;PR;Vila Boa Esperança;-25,573882;-54,570109;2025-03-24 02:10:00.0;0,00
FOZ DO IGUAÇU;410830403A;PR;Vila Boa Esperança;-25,573882;-54,570109;2025-03-24 03:10:00.0;0,00
FOZ DO IGUAÇU;410830403A;PR;Vila Boa Esperança;-25,573882;-54,570109;2025-03-24 04:10:00.0;0,00
FOZ DO IGUAÇU;410830403A;PR;Vila Boa Esperança;-25,573882;-54,570109;2025-03-24 05:10:00.0;0,00
FOZ DO IGUAÇU;410830403A;PR;Vila Boa Esperança;-25,573882;-54,570109;2025-03-24 06:10:00.0;0,00
FOZ DO IGUAÇU;410830403A;PR;Vila Boa Esperança;-25,573882;-54,570109;2025-03-24 07:10:00.0;0,00
FOZ DO IGUAÇU;410830403A;PR;Vila Boa Esperança;-25,573882;-54,570109;2025-03-24 08:10:00.0;0,00
FOZ DO IGUAÇU;410830403A;PR;Vila Boa Esperança;-25,573882;-54,570109;2025-03-24 09:10:00.0;0,00
FOZ DO IGUAÇU;410830403A;PR;Vila Boa Esperança;-25,573882;-54,570109;2025-03-24 10:10:00.0;0,00
FOZ DO IGUAÇU;410830403A;PR;Vila Boa Esperança;-25,573882;-54,570109;2025-03-24 11:10:00.0;0,00
FOZ DO IGUAÇU;410830403A;PR;Vila Boa Esperança;-25,573882;-54,570109;2025-03-24 12:10:00.0;0,00
FOZ DO IGUAÇU;410830403A;PR;Vila Boa Esperança;-25,573882;-54,570109;2025-03-24 13:10:00.0;0,00
FOZ DO IGUAÇU;410830403A;PR;Vila Boa Esperança;-25,573882;-54,570109;2025-03-24 14:10:00.0;0,00
FOZ DO IGUAÇU;410830403A;PR;Vila Boa Esperança;-25,573882;-54,570109;2025-03-24 15:10:00.0;0,00
FOZ DO IGUAÇU;410830403A;PR;Vila Boa Esperança;-25,573882;-54,570109;2025-03-24 16:10:00.0;0,00
FOZ DO IGUAÇU;410830403A;PR;Vila Boa Esperança;-25,573882;-54,570109;2025-03-24 17:10:00.0;0,00
FOZ DO IGUAÇU;410830403A;PR;Vila Boa Esperança;-25,573882;-54,570109;2025-03-24 18:10:00.0;0,00
FOZ DO IGUAÇU;410830403A;PR;Vila Boa Esperança;-25,573882;-54,570109;2025-03-24 19:10:00.0;0,00
FOZ DO IGUAÇU;410830403A;PR;Vila Boa Esperança;-25,573882;-54,570109;2025-03-24 20:10:00.0;0,00
FOZ DO IGUAÇU;410830403A;PR;Vila Boa Esperança;-25,573882;-54,570109;2025-03-24 21:10:00.0;0,00
FOZ DO IGUAÇU;410830403A;PR;Vila Boa Esperança;-25,573882;-54,570109;2025-03-24 22:10:00.0;0,00
FOZ DO IGUAÇU;410830403A;PR;Vila Boa Esperança;-25,573882;-54,570109;2025-03-24 23:10:00.0;0,00
FOZ DO IGUAÇU;410830403A;PR;Vila Boa Esperança;-25,573882;-54,570109;2025-03-25 00:10:00.0;0,00
FOZ DO IGUAÇU;410830403A;PR;Vila Boa Esperança;-25,573882;-54,570109;2025-03-25 01:10:00.0;0,00
FOZ DO IGUAÇU;410830403A;PR;Vila Boa Esperança;-25,573882;-54,570109;2025-03-25 02:10:00.0;0,00
FOZ DO IGUAÇU;410830403A;PR;Vila Boa Esperança;-25,573882;-54,570109;2025-03-25 03:10:00.0;0,00
FOZ DO IGUAÇU;410830403A;PR;Vila Boa Esperança;-25,573882;-54,570109;2025-03-25 04:10:00.0;0,00
FOZ DO IGUAÇU;410830403A;PR;Vila Boa Esperança;-25,573882;-54,570109;2025-03-25 05:10:00.0;0,00
FOZ DO IGUAÇU;410830403A;PR;Vila Boa Esperança;-25,573882;-54,570109;2025-03-25 06:10:00.0;0,00
FOZ DO IGUAÇU;410830403A;PR;Vila Boa Esperança;-25,573882;-54,570109;2025-03-25 07:10:00.0;0,00
FOZ DO IGUAÇU;410830403A;PR;Vila Boa Esperança;-25,573882;-54,570109;2025-03-25 08:10:00.0;0,00
FOZ DO IGUAÇU;410830403A;PR;Vila Boa Esperança;-25,573882;-54,570109;2025-03-25 09:10:00.0;0,00
FOZ DO IGUAÇU;410830403A;PR;Vila Boa Esperança;-25,573882;-54,570109;2025-03-25 10:10:00.0;0,00
FOZ DO IGUAÇU;410830403A;PR;Vila Boa Esperança;-25,573882;-54,570109;2025-03-25 11:10:00.0;0,00
FOZ DO IGUAÇU;410830403A;PR;Vila Boa Esperança;-25,573882;-54,570109;2025-03-25 12:10:00.0;0,00
FOZ DO IGUAÇU;410830403A;PR;Vila Boa Esperança;-25,573882;-54,570109;2025-03-25 13:10:00.0;0,00
FOZ DO IGUAÇU;410830403A;PR;Vila Boa Esperança;-25,573882;-54,570109;2025-03-25 14:10:00.0;0,00
FOZ DO IGUAÇU;410830403A;PR;Vila Boa Esperança;-25,573882;-54,570109;2025-03-25 15:10:00.0;0,00
FOZ DO IGUAÇU;410830403A;PR;Vila Boa Esperança;-25,573882;-54,570109;2025-03-25 16:10:00.0;0,00
FOZ DO IGUAÇU;410830403A;PR;Vila Boa Esperança;-25,573882;-54,570109;2025-03-25 17:00:00.0;0,20
FOZ DO IGUAÇU;410830403A;PR;Vila Boa Esperança;-25,573882;-54,570109;2025-03-25 17:10:00.0;0,00
FOZ DO IGUAÇU;410830403A;PR;Vila Boa Esperança;-25,573882;-54,570109;2025-03-25 18:10:00.0;0,40
FOZ DO IGUAÇU;410830403A;PR;Vila Boa Esperança;-25,573882;-54,570109;2025-03-25 18:20:00.0;0,20
FOZ DO IGUAÇU;410830403A;PR;Vila Boa Esperança;-25,573882;-54,570109;2025-03-25 18:30:00.0;1,80
FOZ DO IGUAÇU;410830403A;PR;Vila Boa Esperança;-25,573882;-54,570109;2025-03-25 18:40:00.0;0,40
FOZ DO IGUAÇU;410830403A;PR;Vila Boa Esperança;-25,573882;-54,570109;2025-03-25 19:10:00.0;0,00
FOZ DO IGUAÇU;410830403A;PR;Vila Boa Esperança;-25,573882;-54,570109;2025-03-25 19:20:00.0;0,20
FOZ DO IGUAÇU;410830403A;PR;Vila Boa Esperança;-25,573882;-54,570109;2025-03-25 19:40:00.0;0,20
FOZ DO IGUAÇU;410830403A;PR;Vila Boa Esperança;-25,573882;-54,570109;2025-03-25 20:10:00.0;0,20
FOZ DO IGUAÇU;410830403A;PR;Vila Boa Esperança;-25,573882;-54,570109;2025-03-25 20:20:00.0;0,60
FOZ DO IGUAÇU;410830403A;PR;Vila Boa Esperança;-25,573882;-54,570109;2025-03-25 20:30:00.0;1,00
FOZ DO IGUAÇU;410830403A;PR;Vila Boa Esperança;-25,573882;-54,570109;2025-03-25 20:40:00.0;0,20
FOZ DO IGUAÇU;410830403A;PR;Vila Boa Esperança;-25,573882;-54,570109;2025-03-25 20:50:00.0;0,20
FOZ DO IGUAÇU;410830403A;PR;Vila Boa Esperança;-25,573882;-54,570109;2025-03-25 21:10:00.0;0,00
FOZ DO IGUAÇU;410830403A;PR;Vila Boa Esperança;-25,573882;-54,570109;2025-03-25 22:10:00.0;0,00
FOZ DO IGUAÇU;410830403A;PR;Vila Boa Esperança;-25,573882;-54,570109;2025-03-25 23:10:00.0;0,00
FOZ DO IGUAÇU;410830403A;PR;Vila Boa Esperança;-25,573882;-54,570109;2025-03-26 00:10:00.0;0,00
FOZ DO IGUAÇU;410830403A;PR;Vila Boa Esperança;-25,573882;-54,570109;2025-03-26 00:20:00.0;0,20
FOZ DO IGUAÇU;410830403A;PR;Vila Boa Esperança;-25,573882;-54,570109;2025-03-26 01:10:00.0;0,00
FOZ DO IGUAÇU;410830403A;PR;Vila Boa Esperança;-25,573882;-54,570109;2025-03-26 02:10:00.0;0,00
FOZ DO IGUAÇU;410830403A;PR;Vila Boa Esperança;-25,573882;-54,570109;2025-03-26 03:10:00.0;0,00
FOZ DO IGUAÇU;410830403A;PR;Vila Boa Esperança;-25,573882;-54,570109;2025-03-26 04:10:00.0;0,00
FOZ DO IGUAÇU;410830403A;PR;Vila Boa Esperança;-25,573882;-54,570109;2025-03-26 05:10:00.0;0,00
FOZ DO IGUAÇU;410830403A;PR;Vila Boa Esperança;-25,573882;-54,570109;2025-03-26 06:10:00.0;0,00
FOZ DO IGUAÇU;410830403A;PR;Vila Boa Esperança;-25,573882;-54,570109;2025-03-26 07:10:00.0;0,00
FOZ DO IGUAÇU;410830403A;PR;Vila Boa Esperança;-25,573882;-54,570109;2025-03-26 08:10:00.0;0,00
FOZ DO IGUAÇU;410830403A;PR;Vila Boa Esperança;-25,573882;-54,570109;2025-03-26 09:10:00.0;0,00
FOZ DO IGUAÇU;410830403A;PR;Vila Boa Esperança;-25,573882;-54,570109;2025-03-26 10:10:00.0;0,00
FOZ DO IGUAÇU;410830403A;PR;Vila Boa Esperança;-25,573882;-54,570109;2025-03-26 11:10:00.0;0,00
FOZ DO IGUAÇU;410830403A;PR;Vila Boa Esperança;-25,573882;-54,570109;2025-03-26 12:10:00.0;0,00
FOZ DO IGUAÇU;410830403A;PR;Vila Boa Esperança;-25,573882;-54,570109;2025-03-26 13:10:00.0;0,00
FOZ DO IGUAÇU;410830403A;PR;Vila Boa Esperança;-25,573882;-54,570109;2025-03-26 15:10:00.0;0,00
FOZ DO IGUAÇU;410830403A;PR;Vila Boa Esperança;-25,573882;-54,570109;2025-03-26 16:10:00.0;0,00
FOZ DO IGUAÇU;410830403A;PR;Vila Boa Esperança;-25,573882;-54,570109;2025-03-26 17:10:00.0;0,00
FOZ DO IGUAÇU;410830403A;PR;Vila Boa Esperança;-25,573882;-54,570109;2025-03-26 18:10:00.0;0,00
FOZ DO IGUAÇU;410830403A;PR;Vila Boa Esperança;-25,573882;-54,570109;2025-03-26 19:10:00.0;0,00
FOZ DO IGUAÇU;410830403A;PR;Vila Boa Esperança;-25,573882;-54,570109;2025-03-26 20:10:00.0;0,00
FOZ DO IGUAÇU;410830403A;PR;Vila Boa Esperança;-25,573882;-54,570109;2025-03-26 21:10:00.0;0,00
FOZ DO IGUAÇU;410830403A;PR;Vila Boa Esperança;-25,573882;-54,570109;2025-03-26 22:10:00.0;0,00
FOZ DO IGUAÇU;410830403A;PR;Vila Boa Esperança;-25,573882;-54,570109;2025-03-26 23:10:00.0;0,00
FOZ DO IGUAÇU;410830403A;PR;Vila Boa Esperança;-25,573882;-54,570109;2025-03-27 00:10:00.0;0,00
FOZ DO IGUAÇU;410830403A;PR;Vila Boa Esperança;-25,573882;-54,570109;2025-03-27 01:10:00.0;0,00
FOZ DO IGUAÇU;410830403A;PR;Vila Boa Esperança;-25,573882;-54,570109;2025-03-27 02:10:00.0;0,00
FOZ DO IGUAÇU;410830403A;PR;Vila Boa Esperança;-25,573882;-54,570109;2025-03-27 03:10:00.0;0,00
FOZ DO IGUAÇU;410830403A;PR;Vila Boa Esperança;-25,573882;-54,570109;2025-03-27 04:10:00.0;0,00
FOZ DO IGUAÇU;410830403A;PR;Vila Boa Esperança;-25,573882;-54,570109;2025-03-27 05:10:00.0;0,00
FOZ DO IGUAÇU;410830403A;PR;Vila Boa Esperança;-25,573882;-54,570109;2025-03-27 06:10:00.0;0,00
FOZ DO IGUAÇU;410830403A;PR;Vila Boa Esperança;-25,573882;-54,570109;2025-03-27 07:10:00.0;0,00
FOZ DO IGUAÇU;410830403A;PR;Vila Boa Esperança;-25,573882;-54,570109;2025-03-27 08:10:00.0;0,00
FOZ DO IGUAÇU;410830403A;PR;Vila Boa Esperança;-25,573882;-54,570109;2025-03-27 09:10:00.0;0,00
FOZ DO IGUAÇU;410830403A;PR;Vila Boa Esperança;-25,573882;-54,570109;2025-03-27 10:10:00.0;0,00
FOZ DO IGUAÇU;410830403A;PR;Vila Boa Esperança;-25,573882;-54,570109;2025-03-27 11:10:00.0;0,00
FOZ DO IGUAÇU;410830403A;PR;Vila Boa Esperança;-25,573882;-54,570109;2025-03-27 12:10:00.0;0,00
FOZ DO IGUAÇU;410830403A;PR;Vila Boa Esperança;-25,573882;-54,570109;2025-03-27 13:10:00.0;0,00
FOZ DO IGUAÇU;410830403A;PR;Vila Boa Esperança;-25,573882;-54,570109;2025-03-27 14:10:00.0;0,00
FOZ DO IGUAÇU;410830403A;PR;Vila Boa Esperança;-25,573882;-54,570109;2025-03-27 15:10:00.0;0,00
FOZ DO IGUAÇU;410830403A;PR;Vila Boa Esperança;-25,573882;-54,570109;2025-03-27 16:10:00.0;0,00
FOZ DO IGUAÇU;410830403A;PR;Vila Boa Esperança;-25,573882;-54,570109;2025-03-27 17:10:00.0;0,00
FOZ DO IGUAÇU;410830403A;PR;Vila Boa Esperança;-25,573882;-54,570109;2025-03-27 18:10:00.0;0,00
FOZ DO IGUAÇU;410830403A;PR;Vila Boa Esperança;-25,573882;-54,570109;2025-03-27 19:10:00.0;0,00
FOZ DO IGUAÇU;410830403A;PR;Vila Boa Esperança;-25,573882;-54,570109;2025-03-27 20:10:00.0;0,00
FOZ DO IGUAÇU;410830403A;PR;Vila Boa Esperança;-25,573882;-54,570109;2025-03-27 21:10:00.0;0,00
FOZ DO IGUAÇU;410830403A;PR;Vila Boa Esperança;-25,573882;-54,570109;2025-03-27 22:10:00.0;0,00
FOZ DO IGUAÇU;410830403A;PR;Vila Boa Esperança;-25,573882;-54,570109;2025-03-27 23:00:00.0;0,20
FOZ DO IGUAÇU;410830403A;PR;Vila Boa Esperança;-25,573882;-54,570109;2025-03-27 23:10:00.0;0,60
FOZ DO IGUAÇU;410830403A;PR;Vila Boa Esperança;-25,573882;-54,570109;2025-03-27 23:20:00.0;0,20
FOZ DO IGUAÇU;410830403A;PR;Vila Boa Esperança;-25,573882;-54,570109;2025-03-28 00:10:00.0;0,00
FOZ DO IGUAÇU;410830403A;PR;Vila Boa Esperança;-25,573882;-54,570109;2025-03-28 00:20:00.0;0,20
FOZ DO IGUAÇU;410830403A;PR;Vila Boa Esperança;-25,573882;-54,570109;2025-03-28 00:30:00.0;9,40
FOZ DO IGUAÇU;410830403A;PR;Vila Boa Esperança;-25,573882;-54,570109;2025-03-28 00:40:00.0;2,40
FOZ DO IGUAÇU;410830403A;PR;Vila Boa Esperança;-25,573882;-54,570109;2025-03-28 01:10:00.0;0,20
FOZ DO IGUAÇU;410830403A;PR;Vila Boa Esperança;-25,573882;-54,570109;2025-03-28 01:30:00.0;0,60
FOZ DO IGUAÇU;410830403A;PR;Vila Boa Esperança;-25,573882;-54,570109;2025-03-28 01:40:00.0;0,40
FOZ DO IGUAÇU;410830403A;PR;Vila Boa Esperança;-25,573882;-54,570109;2025-03-28 01:50:00.0;1,00
FOZ DO IGUAÇU;410830403A;PR;Vila Boa Esperança;-25,573882;-54,570109;2025-03-28 02:00:00.0;2,60
FOZ DO IGUAÇU;410830403A;PR;Vila Boa Esperança;-25,573882;-54,570109;2025-03-28 02:20:00.0;0,40
FOZ DO IGUAÇU;410830403A;PR;Vila Boa Esperança;-25,573882;-54,570109;2025-03-28 02:30:00.0;0,20
FOZ DO IGUAÇU;410830403A;PR;Vila Boa Esperança;-25,573882;-54,570109;2025-03-28 02:40:00.0;0,40
FOZ DO IGUAÇU;410830403A;PR;Vila Boa Esperança;-25,573882;-54,570109;2025-03-28 03:00:00.0;0,20
FOZ DO IGUAÇU;410830403A;PR;Vila Boa Esperança;-25,573882;-54,570109;2025-03-28 03:10:00.0;0,00
FOZ DO IGUAÇU;410830403A;PR;Vila Boa Esperança;-25,573882;-54,570109;2025-03-28 04:10:00.0;0,00
FOZ DO IGUAÇU;410830403A;PR;Vila Boa Esperança;-25,573882;-54,570109;2025-03-28 05:10:00.0;0,00
FOZ DO IGUAÇU;410830403A;PR;Vila Boa Esperança;-25,573882;-54,570109;2025-03-28 06:10:00.0;0,00
FOZ DO IGUAÇU;410830403A;PR;Vila Boa Esperança;-25,573882;-54,570109;2025-03-28 07:10:00.0;0,00
FOZ DO IGUAÇU;410830403A;PR;Vila Boa Esperança;-25,573882;-54,570109;2025-03-28 08:10:00.0;0,00
FOZ DO IGUAÇU;410830403A;PR;Vila Boa Esperança;-25,573882;-54,570109;2025-03-28 09:10:00.0;0,00
FOZ DO IGUAÇU;410830403A;PR;Vila Boa Esperança;-25,573882;-54,570109;2025-03-28 10:10:00.0;0,00
FOZ DO IGUAÇU;410830403A;PR;Vila Boa Esperança;-25,573882;-54,570109;2025-03-28 11:10:00.0;0,00
FOZ DO IGUAÇU;410830403A;PR;Vila Boa Esperança;-25,573882;-54,570109;2025-03-28 12:10:00.0;0,00
FOZ DO IGUAÇU;410830403A;PR;Vila Boa Esperança;-25,573882;-54,570109;2025-03-28 13:10:00.0;0,00
FOZ DO IGUAÇU;410830403A;PR;Vila Boa Esperança;-25,573882;-54,570109;2025-03-28 14:10:00.0;0,00
FOZ DO IGUAÇU;410830403A;PR;Vila Boa Esperança;-25,573882;-54,570109;2025-03-28 15:10:00.0;0,00
FOZ DO IGUAÇU;410830403A;PR;Vila Boa Esperança;-25,573882;-54,570109;2025-03-28 16:10:00.0;0,00
FOZ DO IGUAÇU;410830403A;PR;Vila Boa Esperança;-25,573882;-54,570109;2025-03-28 17:10:00.0;0,00
FOZ DO IGUAÇU;410830403A;PR;Vila Boa Esperança;-25,573882;-54,570109;2025-03-28 18:10:00.0;0,00
FOZ DO IGUAÇU;410830403A;PR;Vila Boa Esperança;-25,573882;-54,570109;2025-03-28 19:10:00.0;0,00
FOZ DO IGUAÇU;410830403A;PR;Vila Boa Esperança;-25,573882;-54,570109;2025-03-28 20:10:00.0;0,00
FOZ DO IGUAÇU;410830403A;PR;Vila Boa Esperança;-25,573882;-54,570109;2025-03-28 21:10:00.0;0,00
FOZ DO IGUAÇU;410830403A;PR;Vila Boa Esperança;-25,573882;-54,570109;2025-03-28 22:10:00.0;0,00
FOZ DO IGUAÇU;410830403A;PR;Vila Boa Esperança;-25,573882;-54,570109;2025-03-28 23:10:00.0;0,00
FOZ DO IGUAÇU;410830403A;PR;Vila Boa Esperança;-25,573882;-54,570109;2025-03-29 00:10:00.0;0,00
FOZ DO IGUAÇU;410830403A;PR;Vila Boa Esperança;-25,573882;-54,570109;2025-03-29 01:10:00.0;0,00
FOZ DO IGUAÇU;410830403A;PR;Vila Boa Esperança;-25,573882;-54,570109;2025-03-29 02:10:00.0;0,00
FOZ DO IGUAÇU;410830403A;PR;Vila Boa Esperança;-25,573882;-54,570109;2025-03-29 03:00:00.0;0,20
FOZ DO IGUAÇU;410830403A;PR;Vila Boa Esperança;-25,573882;-54,570109;2025-03-29 03:10:00.0;0,80
FOZ DO IGUAÇU;410830403A;PR;Vila Boa Esperança;-25,573882;-54,570109;2025-03-29 03:20:00.0;4,00
FOZ DO IGUAÇU;410830403A;PR;Vila Boa Esperança;-25,573882;-54,570109;2025-03-29 03:30:00.0;13,00
FOZ DO IGUAÇU;410830403A;PR;Vila Boa Esperança;-25,573882;-54,570109;2025-03-29 03:40:00.0;12,20
FOZ DO IGUAÇU;410830403A;PR;Vila Boa Esperança;-25,573882;-54,570109;2025-03-29 03:50:00.0;4,60
FOZ DO IGUAÇU;410830403A;PR;Vila Boa Esperança;-25,573882;-54,570109;2025-03-29 04:00:00.0;1,00
FOZ DO IGUAÇU;410830403A;PR;Vila Boa Esperança;-25,573882;-54,570109;2025-03-29 04:10:00.0;0,00
FOZ DO IGUAÇU;410830403A;PR;Vila Boa Esperança;-25,573882;-54,570109;2025-03-29 04:20:00.0;0,20
FOZ DO IGUAÇU;410830403A;PR;Vila Boa Esperança;-25,573882;-54,570109;2025-03-29 04:30:00.0;0,20
FOZ DO IGUAÇU;410830403A;PR;Vila Boa Esperança;-25,573882;-54,570109;2025-03-29 04:40:00.0;0,40
FOZ DO IGUAÇU;410830403A;PR;Vila Boa Esperança;-25,573882;-54,570109;2025-03-29 04:50:00.0;0,20
FOZ DO IGUAÇU;410830403A;PR;Vila Boa Esperança;-25,573882;-54,570109;2025-03-29 05:00:00.0;0,60
FOZ DO IGUAÇU;410830403A;PR;Vila Boa Esperança;-25,573882;-54,570109;2025-03-29 05:10:00.0;0,00
FOZ DO IGUAÇU;410830403A;PR;Vila Boa Esperança;-25,573882;-54,570109;2025-03-29 05:20:00.0;0,40
FOZ DO IGUAÇU;410830403A;PR;Vila Boa Esperança;-25,573882;-54,570109;2025-03-29 06:10:00.0;0,20
FOZ DO IGUAÇU;410830403A;PR;Vila Boa Esperança;-25,573882;-54,570109;2025-03-29 07:10:00.0;0,00
FOZ DO IGUAÇU;410830403A;PR;Vila Boa Esperança;-25,573882;-54,570109;2025-03-29 08:10:00.0;0,00
FOZ DO IGUAÇU;410830403A;PR;Vila Boa Esperança;-25,573882;-54,570109;2025-03-29 09:10:00.0;0,00
FOZ DO IGUAÇU;410830403A;PR;Vila Boa Esperança;-25,573882;-54,570109;2025-03-29 10:10:00.0;0,00
FOZ DO IGUAÇU;410830403A;PR;Vila Boa Esperança;-25,573882;-54,570109;2025-03-29 11:10:00.0;0,00
FOZ DO IGUAÇU;410830403A;PR;Vila Boa Esperança;-25,573882;-54,570109;2025-03-29 12:10:00.0;0,00
FOZ DO IGUAÇU;410830403A;PR;Vila Boa Esperança;-25,573882;-54,570109;2025-03-29 13:10:00.0;0,00
FOZ DO IGUAÇU;410830403A;PR;Vila Boa Esperança;-25,573882;-54,570109;2025-03-29 14:10:00.0;0,00
FOZ DO IGUAÇU;410830403A;PR;Vila Boa Esperança;-25,573882;-54,570109;2025-03-29 15:10:00.0;0,00
FOZ DO IGUAÇU;410830403A;PR;Vila Boa Esperança;-25,573882;-54,570109;2025-03-29 16:10:00.0;0,00
FOZ DO IGUAÇU;410830403A;PR;Vila Boa Esperança;-25,573882;-54,570109;2025-03-29 17:10:00.0;0,00
FOZ DO IGUAÇU;410830403A;PR;Vila Boa Esperança;-25,573882;-54,570109;2025-03-29 18:10:00.0;0,00
FOZ DO IGUAÇU;410830403A;PR;Vila Boa Esperança;-25,573882;-54,570109;2025-03-29 19:10:00.0;0,00
FOZ DO IGUAÇU;410830403A;PR;Vila Boa Esperança;-25,573882;-54,570109;2025-03-29 20:10:00.0;0,00
FOZ DO IGUAÇU;410830403A;PR;Vila Boa Esperança;-25,573882;-54,570109;2025-03-29 21:10:00.0;0,00
FOZ DO IGUAÇU;410830403A;PR;Vila Boa Esperança;-25,573882;-54,570109;2025-03-29 22:10:00.0;0,00
FOZ DO IGUAÇU;410830403A;PR;Vila Boa Esperança;-25,573882;-54,570109;2025-03-29 23:10:00.0;0,00
FOZ DO IGUAÇU;410830403A;PR;Vila Boa Esperança;-25,573882;-54,570109;2025-03-30 00:10:00.0;0,00
FOZ DO IGUAÇU;410830403A;PR;Vila Boa Esperança;-25,573882;-54,570109;2025-03-30 01:10:00.0;0,00
FOZ DO IGUAÇU;410830403A;PR;Vila Boa Esperança;-25,573882;-54,570109;2025-03-30 02:10:00.0;0,00
FOZ DO IGUAÇU;410830403A;PR;Vila Boa Esperança;-25,573882;-54,570109;2025-03-30 03:10:00.0;0,00
FOZ DO IGUAÇU;410830403A;PR;Vila Boa Esperança;-25,573882;-54,570109;2025-03-30 04:10:00.0;0,00
FOZ DO IGUAÇU;410830403A;PR;Vila Boa Esperança;-25,573882;-54,570109;2025-03-30 05:10:00.0;0,00
FOZ DO IGUAÇU;410830403A;PR;Vila Boa Esperança;-25,573882;-54,570109;2025-03-30 06:10:00.0;0,00
FOZ DO IGUAÇU;410830403A;PR;Vila Boa Esperança;-25,573882;-54,570109;2025-03-30 07:10:00.0;0,00
FOZ DO IGUAÇU;410830403A;PR;Vila Boa Esperança;-25,573882;-54,570109;2025-03-30 08:10:00.0;0,00
FOZ DO IGUAÇU;410830403A;PR;Vila Boa Esperança;-25,573882;-54,570109;2025-03-30 09:10:00.0;0,00
FOZ DO IGUAÇU;410830403A;PR;Vila Boa Esperança;-25,573882;-54,570109;2025-03-30 10:10:00.0;0,00
FOZ DO IGUAÇU;410830403A;PR;Vila Boa Esperança;-25,573882;-54,570109;2025-03-30 11:10:00.0;0,00
FOZ DO IGUAÇU;410830403A;PR;Vila Boa Esperança;-25,573882;-54,570109;2025-03-30 12:10:00.0;0,00
FOZ DO IGUAÇU;410830403A;PR;Vila Boa Esperança;-25,573882;-54,570109;2025-03-30 13:10:00.0;0,00
FOZ DO IGUAÇU;410830403A;PR;Vila Boa Esperança;-25,573882;-54,570109;2025-03-30 14:10:00.0;0,00
FOZ DO IGUAÇU;410830403A;PR;Vila Boa Esperança;-25,573882;-54,570109;2025-03-30 15:10:00.0;0,00
FOZ DO IGUAÇU;410830403A;PR;Vila Boa Esperança;-25,573882;-54,570109;2025-03-30 16:10:00.0;0,00
FOZ DO IGUAÇU;410830403A;PR;Vila Boa Esperança;-25,573882;-54,570109;2025-03-30 17:10:00.0;0,00
FOZ DO IGUAÇU;410830403A;PR;Vila Boa Esperança;-25,573882;-54,570109;2025-03-30 18:10:00.0;0,00
FOZ DO IGUAÇU;410830403A;PR;Vila Boa Esperança;-25,573882;-54,570109;2025-03-30 19:10:00.0;0,00
FOZ DO IGUAÇU;410830403A;PR;Vila Boa Esperança;-25,573882;-54,570109;2025-03-30 20:10:00.0;0,00
FOZ DO IGUAÇU;410830403A;PR;Vila Boa Esperança;-25,573882;-54,570109;2025-03-30 21:10:00.0;0,00
FOZ DO IGUAÇU;410830403A;PR;Vila Boa Esperança;-25,573882;-54,570109;2025-03-30 22:10:00.0;0,00
FOZ DO IGUAÇU;410830403A;PR;Vila Boa Esperança;-25,573882;-54,570109;2025-03-30 23:10:00.0;0,00
FOZ DO IGUAÇU;410830403A;PR;Vila Boa Esperança;-25,573882;-54,570109;2025-03-31 00:10:00.0;0,00
FOZ DO IGUAÇU;410830403A;PR;Vila Boa Esperança;-25,573882;-54,570109;2025-03-31 01:10:00.0;0,00
FOZ DO IGUAÇU;410830403A;PR;Vila Boa Esperança;-25,573882;-54,570109;2025-03-31 02:10:00.0;0,00
FOZ DO IGUAÇU;410830403A;PR;Vila Boa Esperança;-25,573882;-54,570109;2025-03-31 03:10:00.0;0,00
FOZ DO IGUAÇU;410830403A;PR;Vila Boa Esperança;-25,573882;-54,570109;2025-03-31 04:10:00.0;0,00
FOZ DO IGUAÇU;410830403A;PR;Vila Boa Esperança;-25,573882;-54,570109;2025-03-31 05:10:00.0;0,00
FOZ DO IGUAÇU;410830403A;PR;Vila Boa Esperança;-25,573882;-54,570109;2025-03-31 06:10:00.0;0,00
FOZ DO IGUAÇU;410830403A;PR;Vila Boa Esperança;-25,573882;-54,570109;2025-03-31 07:10:00.0;0,00
FOZ DO IGUAÇU;410830403A;PR;Vila Boa Esperança;-25,573882;-54,570109;2025-03-31 08:10:00.0;0,00
FOZ DO IGUAÇU;410830403A;PR;Vila Boa Esperança;-25,573882;-54,570109;2025-03-31 09:10:00.0;0,00
FOZ DO IGUAÇU;410830403A;PR;Vila Boa Esperança;-25,573882;-54,570109;2025-03-31 10:10:00.0;0,00
FOZ DO IGUAÇU;410830403A;PR;Vila Boa Esperança;-25,573882;-54,570109;2025-03-31 11:10:00.0;0,00
FOZ DO IGUAÇU;410830403A;PR;Vila Boa Esperança;-25,573882;-54,570109;2025-03-31 12:10:00.0;0,00
FOZ DO IGUAÇU;410830403A;PR;Vila Boa Esperança;-25,573882;-54,570109;2025-03-31 13:10:00.0;0,00
FOZ DO IGUAÇU;410830403A;PR;Vila Boa Esperança;-25,573882;-54,570109;2025-03-31 14:10:00.0;0,00
FOZ DO IGUAÇU;410830403A;PR;Vila Boa Esperança;-25,573882;-54,570109;2025-03-31 15:10:00.0;0,00
FOZ DO IGUAÇU;410830403A;PR;Vila Boa Esperança;-25,573882;-54,570109;2025-03-31 16:10:00.0;0,00
FOZ DO IGUAÇU;410830403A;PR;Vila Boa Esperança;-25,573882;-54,570109;2025-03-31 17:10:00.0;0,00
FOZ DO IGUAÇU;410830403A;PR;Vila Boa Esperança;-25,573882;-54,570109;2025-03-31 18:10:00.0;0,00
FOZ DO IGUAÇU;410830403A;PR;Vila Boa Esperança;-25,573882;-54,570109;2025-03-31 19:10:00.0;0,00
FOZ DO IGUAÇU;410830403A;PR;Vila Boa Esperança;-25,573882;-54,570109;2025-03-31 20:10:00.0;0,00
FOZ DO IGUAÇU;410830403A;PR;Vila Boa Esperança;-25,573882;-54,570109;2025-03-31 20:40:00.0;0,20
FOZ DO IGUAÇU;410830403A;PR;Vila Boa Esperança;-25,573882;-54,570109;2025-03-31 20:50:00.0;5,60
FOZ DO IGUAÇU;410830403A;PR;Vila Boa Esperança;-25,573882;-54,570109;2025-03-31 21:00:00.0;15,40
FOZ DO IGUAÇU;410830403A;PR;Vila Boa Esperança;-25,573882;-54,570109;2025-03-31 21:10:00.0;7,60
FOZ DO IGUAÇU;410830403A;PR;Vila Boa Esperança;-25,573882;-54,570109;2025-03-31 21:20:00.0;0,80
FOZ DO IGUAÇU;410830403A;PR;Vila Boa Esperança;-25,573882;-54,570109;2025-03-31 21:30:00.0;0,60
FOZ DO IGUAÇU;410830403A;PR;Vila Boa Esperança;-25,573882;-54,570109;2025-03-31 21:40:00.0;1,20
FOZ DO IGUAÇU;410830403A;PR;Vila Boa Esperança;-25,573882;-54,570109;2025-03-31 21:50:00.0;0,80
FOZ DO IGUAÇU;410830403A;PR;Vila Boa Esperança;-25,573882;-54,570109;2025-03-31 22:00:00.0;0,40
FOZ DO IGUAÇU;410830403A;PR;Vila Boa Esperança;-25,573882;-54,570109;2025-03-31 22:10:00.0;0,00
FOZ DO IGUAÇU;410830403A;PR;Vila Boa Esperança;-25,573882;-54,570109;2025-03-31 23:10:00.0;0,00
FOZ DO IGUAÇU;410830403A;PR;Vila Boa Esperança;-25,573882;-54,570109;2025-03-31 23:40:00.0;0,40
FRANCISCO BELTRÃO;410840301A;PR;Pinheirinho;-26,04632;-53,06013;2025-03-01 00:10:00.0;0,00
FRANCISCO BELTRÃO;410840301A;PR;Pinheirinho;-26,04632;-53,06013;2025-03-01 01:10:00.0;0,00
FRANCISCO BELTRÃO;410840301A;PR;Pinheirinho;-26,04632;-53,06013;2025-03-01 02:10:00.0;0,00
FRANCISCO BELTRÃO;410840301A;PR;Pinheirinho;-26,04632;-53,06013;2025-03-01 03:10:00.0;0,00
FRANCISCO BELTRÃO;410840301A;PR;Pinheirinho;-26,04632;-53,06013;2025-03-01 04:10:00.0;0,00
FRANCISCO BELTRÃO;410840301A;PR;Pinheirinho;-26,04632;-53,06013;2025-03-01 05:10:00.0;0,00
FRANCISCO BELTRÃO;410840301A;PR;Pinheirinho;-26,04632;-53,06013;2025-03-01 06:10:00.0;0,00
FRANCISCO BELTRÃO;410840301A;PR;Pinheirinho;-26,04632;-53,06013;2025-03-01 07:10:00.0;0,00
FRANCISCO BELTRÃO;410840301A;PR;Pinheirinho;-26,04632;-53,06013;2025-03-01 08:10:00.0;0,00
FRANCISCO BELTRÃO;410840301A;PR;Pinheirinho;-26,04632;-53,06013;2025-03-01 09:10:00.0;0,00
FRANCISCO BELTRÃO;410840301A;PR;Pinheirinho;-26,04632;-53,06013;2025-03-01 10:10:00.0;0,00
FRANCISCO BELTRÃO;410840301A;PR;Pinheirinho;-26,04632;-53,06013;2025-03-01 11:10:00.0;0,00
FRANCISCO BELTRÃO;410840301A;PR;Pinheirinho;-26,04632;-53,06013;2025-03-01 12:10:00.0;0,00
FRANCISCO BELTRÃO;410840301A;PR;Pinheirinho;-26,04632;-53,06013;2025-03-01 13:10:00.0;0,00
FRANCISCO BELTRÃO;410840301A;PR;Pinheirinho;-26,04632;-53,06013;2025-03-01 13:40:00.0;0,20
FRANCISCO BELTRÃO;410840301A;PR;Pinheirinho;-26,04632;-53,06013;2025-03-01 14:10:00.0;0,00
FRANCISCO BELTRÃO;410840301A;PR;Pinheirinho;-26,04632;-53,06013;2025-03-01 15:10:00.0;0,00
FRANCISCO BELTRÃO;410840301A;PR;Pinheirinho;-26,04632;-53,06013;2025-03-01 16:10:00.0;0,00
FRANCISCO BELTRÃO;410840301A;PR;Pinheirinho;-26,04632;-53,06013;2025-03-01 17:10:00.0;0,00
FRANCISCO BELTRÃO;410840301A;PR;Pinheirinho;-26,04632;-53,06013;2025-03-01 18:10:00.0;0,00
FRANCISCO BELTRÃO;410840301A;PR;Pinheirinho;-26,04632;-53,06013;2025-03-01 19:10:00.0;0,00
FRANCISCO BELTRÃO;410840301A;PR;Pinheirinho;-26,04632;-53,06013;2025-03-01 20:10:00.0;0,00
FRANCISCO BELTRÃO;410840301A;PR;Pinheirinho;-26,04632;-53,06013;2025-03-01 21:10:00.0;0,00
FRANCISCO BELTRÃO;410840301A;PR;Pinheirinho;-26,04632;-53,06013;2025-03-01 22:10:00.0;0,00
FRANCISCO BELTRÃO;410840301A;PR;Pinheirinho;-26,04632;-53,06013;2025-03-01 23:10:00.0;0,00
FRANCISCO BELTRÃO;410840301A;PR;Pinheirinho;-26,04632;-53,06013;2025-03-02 00:10:00.0;0,00
FRANCISCO BELTRÃO;410840301A;PR;Pinheirinho;-26,04632;-53,06013;2025-03-02 01:10:00.0;0,00
FRANCISCO BELTRÃO;410840301A;PR;Pinheirinho;-26,04632;-53,06013;2025-03-02 02:10:00.0;0,00
FRANCISCO BELTRÃO;410840301A;PR;Pinheirinho;-26,04632;-53,06013;2025-03-02 03:10:00.0;0,00
FRANCISCO BELTRÃO;410840301A;PR;Pinheirinho;-26,04632;-53,06013;2025-03-02 04:10:00.0;0,00
FRANCISCO BELTRÃO;410840301A;PR;Pinheirinho;-26,04632;-53,06013;2025-03-02 05:10:00.0;0,00
FRANCISCO BELTRÃO;410840301A;PR;Pinheirinho;-26,04632;-53,06013;2025-03-02 06:10:00.0;0,00
FRANCISCO BELTRÃO;410840301A;PR;Pinheirinho;-26,04632;-53,06013;2025-03-02 07:10:00.0;0,00
FRANCISCO BELTRÃO;410840301A;PR;Pinheirinho;-26,04632;-53,06013;2025-03-02 08:10:00.0;0,00
FRANCISCO BELTRÃO;410840301A;PR;Pinheirinho;-26,04632;-53,06013;2025-03-02 09:10:00.0;0,00
FRANCISCO BELTRÃO;410840301A;PR;Pinheirinho;-26,04632;-53,06013;2025-03-02 10:10:00.0;0,00
FRANCISCO BELTRÃO;410840301A;PR;Pinheirinho;-26,04632;-53,06013;2025-03-02 11:10:00.0;0,00
FRANCISCO BELTRÃO;410840301A;PR;Pinheirinho;-26,04632;-53,06013;2025-03-02 12:10:00.0;0,00
FRANCISCO BELTRÃO;410840301A;PR;Pinheirinho;-26,04632;-53,06013;2025-03-02 13:10:00.0;0,00
FRANCISCO BELTRÃO;410840301A;PR;Pinheirinho;-26,04632;-53,06013;2025-03-02 14:10:00.0;0,00
FRANCISCO BELTRÃO;410840301A;PR;Pinheirinho;-26,04632;-53,06013;2025-03-02 15:10:00.0;0,00
FRANCISCO BELTRÃO;410840301A;PR;Pinheirinho;-26,04632;-53,06013;2025-03-02 16:10:00.0;0,00
FRANCISCO BELTRÃO;410840301A;PR;Pinheirinho;-26,04632;-53,06013;2025-03-02 17:10:00.0;0,00
FRANCISCO BELTRÃO;410840301A;PR;Pinheirinho;-26,04632;-53,06013;2025-03-02 18:10:00.0;0,00
FRANCISCO BELTRÃO;410840301A;PR;Pinheirinho;-26,04632;-53,06013;2025-03-02 19:10:00.0;0,00
FRANCISCO BELTRÃO;410840301A;PR;Pinheirinho;-26,04632;-53,06013;2025-03-02 20:10:00.0;0,00
FRANCISCO BELTRÃO;410840301A;PR;Pinheirinho;-26,04632;-53,06013;2025-03-02 21:10:00.0;0,00
FRANCISCO BELTRÃO;410840301A;PR;Pinheirinho;-26,04632;-53,06013;2025-03-02 22:10:00.0;0,00
FRANCISCO BELTRÃO;410840301A;PR;Pinheirinho;-26,04632;-53,06013;2025-03-02 23:10:00.0;0,00
FRANCISCO BELTRÃO;410840301A;PR;Pinheirinho;-26,04632;-53,06013;2025-03-03 00:10:00.0;0,00
FRANCISCO BELTRÃO;410840301A;PR;Pinheirinho;-26,04632;-53,06013;2025-03-03 01:10:00.0;0,00
FRANCISCO BELTRÃO;410840301A;PR;Pinheirinho;-26,04632;-53,06013;2025-03-03 02:10:00.0;0,00
FRANCISCO BELTRÃO;410840301A;PR;Pinheirinho;-26,04632;-53,06013;2025-03-03 03:10:00.0;0,00
FRANCISCO BELTRÃO;410840301A;PR;Pinheirinho;-26,04632;-53,06013;2025-03-03 04:10:00.0;0,00
FRANCISCO BELTRÃO;410840301A;PR;Pinheirinho;-26,04632;-53,06013;2025-03-03 05:10:00.0;0,00
FRANCISCO BELTRÃO;410840301A;PR;Pinheirinho;-26,04632;-53,06013;2025-03-03 06:10:00.0;0,00
FRANCISCO BELTRÃO;410840301A;PR;Pinheirinho;-26,04632;-53,06013;2025-03-03 07:10:00.0;0,00
FRANCISCO BELTRÃO;410840301A;PR;Pinheirinho;-26,04632;-53,06013;2025-03-03 08:10:00.0;0,00
FRANCISCO BELTRÃO;410840301A;PR;Pinheirinho;-26,04632;-53,06013;2025-03-03 09:10:00.0;0,00
FRANCISCO BELTRÃO;410840301A;PR;Pinheirinho;-26,04632;-53,06013;2025-03-03 10:10:00.0;0,00
FRANCISCO BELTRÃO;410840301A;PR;Pinheirinho;-26,04632;-53,06013;2025-03-03 11:10:00.0;0,00
FRANCISCO BELTRÃO;410840301A;PR;Pinheirinho;-26,04632;-53,06013;2025-03-03 12:10:00.0;0,00
FRANCISCO BELTRÃO;410840301A;PR;Pinheirinho;-26,04632;-53,06013;2025-03-03 13:10:00.0;0,00
FRANCISCO BELTRÃO;410840301A;PR;Pinheirinho;-26,04632;-53,06013;2025-03-03 14:10:00.0;0,00
FRANCISCO BELTRÃO;410840301A;PR;Pinheirinho;-26,04632;-53,06013;2025-03-03 15:10:00.0;0,00
FRANCISCO BELTRÃO;410840301A;PR;Pinheirinho;-26,04632;-53,06013;2025-03-03 16:10:00.0;0,00
FRANCISCO BELTRÃO;410840301A;PR;Pinheirinho;-26,04632;-53,06013;2025-03-03 17:10:00.0;0,00
FRANCISCO BELTRÃO;410840301A;PR;Pinheirinho;-26,04632;-53,06013;2025-03-03 18:10:00.0;0,00
FRANCISCO BELTRÃO;410840301A;PR;Pinheirinho;-26,04632;-53,06013;2025-03-03 19:10:00.0;0,00
FRANCISCO BELTRÃO;410840301A;PR;Pinheirinho;-26,04632;-53,06013;2025-03-03 20:10:00.0;0,00
FRANCISCO BELTRÃO;410840301A;PR;Pinheirinho;-26,04632;-53,06013;2025-03-03 21:10:00.0;0,00
FRANCISCO BELTRÃO;410840301A;PR;Pinheirinho;-26,04632;-53,06013;2025-03-03 22:10:00.0;0,00
FRANCISCO BELTRÃO;410840301A;PR;Pinheirinho;-26,04632;-53,06013;2025-03-03 23:10:00.0;0,00
FRANCISCO BELTRÃO;410840301A;PR;Pinheirinho;-26,04632;-53,06013;2025-03-04 00:10:00.0;0,00
FRANCISCO BELTRÃO;410840301A;PR;Pinheirinho;-26,04632;-53,06013;2025-03-04 01:10:00.0;0,00
FRANCISCO BELTRÃO;410840301A;PR;Pinheirinho;-26,04632;-53,06013;2025-03-04 02:10:00.0;0,00
FRANCISCO BELTRÃO;410840301A;PR;Pinheirinho;-26,04632;-53,06013;2025-03-04 03:10:00.0;0,00
FRANCISCO BELTRÃO;410840301A;PR;Pinheirinho;-26,04632;-53,06013;2025-03-04 04:10:00.0;0,00
FRANCISCO BELTRÃO;410840301A;PR;Pinheirinho;-26,04632;-53,06013;2025-03-04 05:10:00.0;0,00
FRANCISCO BELTRÃO;410840301A;PR;Pinheirinho;-26,04632;-53,06013;2025-03-04 06:10:00.0;0,00
FRANCISCO BELTRÃO;410840301A;PR;Pinheirinho;-26,04632;-53,06013;2025-03-04 07:10:00.0;0,00
FRANCISCO BELTRÃO;410840301A;PR;Pinheirinho;-26,04632;-53,06013;2025-03-04 08:10:00.0;0,00
FRANCISCO BELTRÃO;410840301A;PR;Pinheirinho;-26,04632;-53,06013;2025-03-04 09:10:00.0;0,00
FRANCISCO BELTRÃO;410840301A;PR;Pinheirinho;-26,04632;-53,06013;2025-03-04 10:10:00.0;0,00
FRANCISCO BELTRÃO;410840301A;PR;Pinheirinho;-26,04632;-53,06013;2025-03-04 11:10:00.0;0,00
FRANCISCO BELTRÃO;410840301A;PR;Pinheirinho;-26,04632;-53,06013;2025-03-04 12:10:00.0;0,00
FRANCISCO BELTRÃO;410840301A;PR;Pinheirinho;-26,04632;-53,06013;2025-03-04 13:10:00.0;0,00
FRANCISCO BELTRÃO;410840301A;PR;Pinheirinho;-26,04632;-53,06013;2025-03-04 14:10:00.0;0,00
FRANCISCO BELTRÃO;410840301A;PR;Pinheirinho;-26,04632;-53,06013;2025-03-04 15:10:00.0;0,00
FRANCISCO BELTRÃO;410840301A;PR;Pinheirinho;-26,04632;-53,06013;2025-03-04 16:10:00.0;0,00
FRANCISCO BELTRÃO;410840301A;PR;Pinheirinho;-26,04632;-53,06013;2025-03-04 17:10:00.0;0,00
FRANCISCO BELTRÃO;410840301A;PR;Pinheirinho;-26,04632;-53,06013;2025-03-04 18:10:00.0;0,00
FRANCISCO BELTRÃO;410840301A;PR;Pinheirinho;-26,04632;-53,06013;2025-03-04 19:10:00.0;0,00
FRANCISCO BELTRÃO;410840301A;PR;Pinheirinho;-26,04632;-53,06013;2025-03-04 20:10:00.0;0,00
FRANCISCO BELTRÃO;410840301A;PR;Pinheirinho;-26,04632;-53,06013;2025-03-04 21:10:00.0;0,00
FRANCISCO BELTRÃO;410840301A;PR;Pinheirinho;-26,04632;-53,06013;2025-03-04 22:10:00.0;0,00
FRANCISCO BELTRÃO;410840301A;PR;Pinheirinho;-26,04632;-53,06013;2025-03-04 23:10:00.0;0,00
FRANCISCO BELTRÃO;410840301A;PR;Pinheirinho;-26,04632;-53,06013;2025-03-05 00:10:00.0;0,00
FRANCISCO BELTRÃO;410840301A;PR;Pinheirinho;-26,04632;-53,06013;2025-03-05 01:10:00.0;0,00
FRANCISCO BELTRÃO;410840301A;PR;Pinheirinho;-26,04632;-53,06013;2025-03-05 02:10:00.0;0,00
FRANCISCO BELTRÃO;410840301A;PR;Pinheirinho;-26,04632;-53,06013;2025-03-05 03:10:00.0;0,00
FRANCISCO BELTRÃO;410840301A;PR;Pinheirinho;-26,04632;-53,06013;2025-03-05 04:10:00.0;0,00
FRANCISCO BELTRÃO;410840301A;PR;Pinheirinho;-26,04632;-53,06013;2025-03-05 05:10:00.0;0,00
FRANCISCO BELTRÃO;410840301A;PR;Pinheirinho;-26,04632;-53,06013;2025-03-05 06:10:00.0;0,00
FRANCISCO BELTRÃO;410840301A;PR;Pinheirinho;-26,04632;-53,06013;2025-03-05 07:10:00.0;0,00
FRANCISCO BELTRÃO;410840301A;PR;Pinheirinho;-26,04632;-53,06013;2025-03-05 08:10:00.0;0,00
FRANCISCO BELTRÃO;410840301A;PR;Pinheirinho;-26,04632;-53,06013;2025-03-05 09:10:00.0;0,00
FRANCISCO BELTRÃO;410840301A;PR;Pinheirinho;-26,04632;-53,06013;2025-03-05 10:10:00.0;0,00
FRANCISCO BELTRÃO;410840301A;PR;Pinheirinho;-26,04632;-53,06013;2025-03-05 11:10:00.0;0,00
FRANCISCO BELTRÃO;410840301A;PR;Pinheirinho;-26,04632;-53,06013;2025-03-05 12:10:00.0;0,00
FRANCISCO BELTRÃO;410840301A;PR;Pinheirinho;-26,04632;-53,06013;2025-03-05 13:10:00.0;0,00
FRANCISCO BELTRÃO;410840301A;PR;Pinheirinho;-26,04632;-53,06013;2025-03-05 14:10:00.0;0,00
FRANCISCO BELTRÃO;410840301A;PR;Pinheirinho;-26,04632;-53,06013;2025-03-05 15:10:00.0;0,00
FRANCISCO BELTRÃO;410840301A;PR;Pinheirinho;-26,04632;-53,06013;2025-03-05 16:10:00.0;0,00
FRANCISCO BELTRÃO;410840301A;PR;Pinheirinho;-26,04632;-53,06013;2025-03-05 17:10:00.0;0,00
FRANCISCO BELTRÃO;410840301A;PR;Pinheirinho;-26,04632;-53,06013;2025-03-05 18:10:00.0;0,00
FRANCISCO BELTRÃO;410840301A;PR;Pinheirinho;-26,04632;-53,06013;2025-03-05 19:00:00.0;0,60
FRANCISCO BELTRÃO;410840301A;PR;Pinheirinho;-26,04632;-53,06013;2025-03-05 19:10:00.0;0,80
FRANCISCO BELTRÃO;410840301A;PR;Pinheirinho;-26,04632;-53,06013;2025-03-05 20:10:00.0;0,00
FRANCISCO BELTRÃO;410840301A;PR;Pinheirinho;-26,04632;-53,06013;2025-03-05 21:10:00.0;0,00
FRANCISCO BELTRÃO;410840301A;PR;Pinheirinho;-26,04632;-53,06013;2025-03-05 21:50:00.0;0,60
FRANCISCO BELTRÃO;410840301A;PR;Pinheirinho;-26,04632;-53,06013;2025-03-05 22:00:00.0;0,20
FRANCISCO BELTRÃO;410840301A;PR;Pinheirinho;-26,04632;-53,06013;2025-03-05 22:10:00.0;0,20
FRANCISCO BELTRÃO;410840301A;PR;Pinheirinho;-26,04632;-53,06013;2025-03-05 22:20:00.0;0,20
FRANCISCO BELTRÃO;410840301A;PR;Pinheirinho;-26,04632;-53,06013;2025-03-05 23:10:00.0;0,00
FRANCISCO BELTRÃO;410840301A;PR;Pinheirinho;-26,04632;-53,06013;2025-03-06 00:10:00.0;0,00
FRANCISCO BELTRÃO;410840301A;PR;Pinheirinho;-26,04632;-53,06013;2025-03-06 01:10:00.0;0,00
FRANCISCO BELTRÃO;410840301A;PR;Pinheirinho;-26,04632;-53,06013;2025-03-06 02:10:00.0;0,00
FRANCISCO BELTRÃO;410840301A;PR;Pinheirinho;-26,04632;-53,06013;2025-03-06 03:10:00.0;0,00
FRANCISCO BELTRÃO;410840301A;PR;Pinheirinho;-26,04632;-53,06013;2025-03-06 04:10:00.0;0,00
FRANCISCO BELTRÃO;410840301A;PR;Pinheirinho;-26,04632;-53,06013;2025-03-06 05:10:00.0;0,00
FRANCISCO BELTRÃO;410840301A;PR;Pinheirinho;-26,04632;-53,06013;2025-03-06 06:10:00.0;0,00
FRANCISCO BELTRÃO;410840301A;PR;Pinheirinho;-26,04632;-53,06013;2025-03-06 07:10:00.0;0,00
FRANCISCO BELTRÃO;410840301A;PR;Pinheirinho;-26,04632;-53,06013;2025-03-06 08:10:00.0;0,00
FRANCISCO BELTRÃO;410840301A;PR;Pinheirinho;-26,04632;-53,06013;2025-03-06 09:10:00.0;0,00
FRANCISCO BELTRÃO;410840301A;PR;Pinheirinho;-26,04632;-53,06013;2025-03-06 10:10:00.0;0,00
FRANCISCO BELTRÃO;410840301A;PR;Pinheirinho;-26,04632;-53,06013;2025-03-06 11:10:00.0;0,00
FRANCISCO BELTRÃO;410840301A;PR;Pinheirinho;-26,04632;-53,06013;2025-03-06 12:10:00.0;0,00
FRANCISCO BELTRÃO;410840301A;PR;Pinheirinho;-26,04632;-53,06013;2025-03-06 13:10:00.0;0,00
FRANCISCO BELTRÃO;410840301A;PR;Pinheirinho;-26,04632;-53,06013;2025-03-06 14:10:00.0;0,00
FRANCISCO BELTRÃO;410840301A;PR;Pinheirinho;-26,04632;-53,06013;2025-03-06 14:50:00.0;0,20
FRANCISCO BELTRÃO;410840301A;PR;Pinheirinho;-26,04632;-53,06013;2025-03-06 15:10:00.0;0,00
FRANCISCO BELTRÃO;410840301A;PR;Pinheirinho;-26,04632;-53,06013;2025-03-06 16:10:00.0;0,00
FRANCISCO BELTRÃO;410840301A;PR;Pinheirinho;-26,04632;-53,06013;2025-03-06 17:10:00.0;0,00
FRANCISCO BELTRÃO;410840301A;PR;Pinheirinho;-26,04632;-53,06013;2025-03-06 18:10:00.0;0,00
FRANCISCO BELTRÃO;410840301A;PR;Pinheirinho;-26,04632;-53,06013;2025-03-06 19:10:00.0;0,00
FRANCISCO BELTRÃO;410840301A;PR;Pinheirinho;-26,04632;-53,06013;2025-03-06 20:10:00.0;0,00
FRANCISCO BELTRÃO;410840301A;PR;Pinheirinho;-26,04632;-53,06013;2025-03-06 21:10:00.0;0,00
FRANCISCO BELTRÃO;410840301A;PR;Pinheirinho;-26,04632;-53,06013;2025-03-06 22:10:00.0;0,00
FRANCISCO BELTRÃO;410840301A;PR;Pinheirinho;-26,04632;-53,06013;2025-03-06 23:10:00.0;0,00
FRANCISCO BELTRÃO;410840301A;PR;Pinheirinho;-26,04632;-53,06013;2025-03-07 00:10:00.0;0,00
FRANCISCO BELTRÃO;410840301A;PR;Pinheirinho;-26,04632;-53,06013;2025-03-07 01:10:00.0;0,00
FRANCISCO BELTRÃO;410840301A;PR;Pinheirinho;-26,04632;-53,06013;2025-03-07 02:10:00.0;0,00
FRANCISCO BELTRÃO;410840301A;PR;Pinheirinho;-26,04632;-53,06013;2025-03-07 03:10:00.0;0,00
FRANCISCO BELTRÃO;410840301A;PR;Pinheirinho;-26,04632;-53,06013;2025-03-07 04:10:00.0;0,00
FRANCISCO BELTRÃO;410840301A;PR;Pinheirinho;-26,04632;-53,06013;2025-03-07 05:10:00.0;0,00
FRANCISCO BELTRÃO;410840301A;PR;Pinheirinho;-26,04632;-53,06013;2025-03-07 06:10:00.0;0,00
FRANCISCO BELTRÃO;410840301A;PR;Pinheirinho;-26,04632;-53,06013;2025-03-07 07:10:00.0;0,00
FRANCISCO BELTRÃO;410840301A;PR;Pinheirinho;-26,04632;-53,06013;2025-03-07 08:10:00.0;0,00
FRANCISCO BELTRÃO;410840301A;PR;Pinheirinho;-26,04632;-53,06013;2025-03-07 09:10:00.0;0,00
FRANCISCO BELTRÃO;410840301A;PR;Pinheirinho;-26,04632;-53,06013;2025-03-07 10:10:00.0;0,00
FRANCISCO BELTRÃO;410840301A;PR;Pinheirinho;-26,04632;-53,06013;2025-03-07 11:10:00.0;0,00
FRANCISCO BELTRÃO;410840301A;PR;Pinheirinho;-26,04632;-53,06013;2025-03-07 12:10:00.0;0,00
FRANCISCO BELTRÃO;410840301A;PR;Pinheirinho;-26,04632;-53,06013;2025-03-07 13:10:00.0;0,00
FRANCISCO BELTRÃO;410840301A;PR;Pinheirinho;-26,04632;-53,06013;2025-03-07 14:10:00.0;0,00
FRANCISCO BELTRÃO;410840301A;PR;Pinheirinho;-26,04632;-53,06013;2025-03-07 15:10:00.0;0,00
FRANCISCO BELTRÃO;410840301A;PR;Pinheirinho;-26,04632;-53,06013;2025-03-07 16:10:00.0;0,00
FRANCISCO BELTRÃO;410840301A;PR;Pinheirinho;-26,04632;-53,06013;2025-03-07 17:10:00.0;0,00
FRANCISCO BELTRÃO;410840301A;PR;Pinheirinho;-26,04632;-53,06013;2025-03-07 18:10:00.0;0,00
FRANCISCO BELTRÃO;410840301A;PR;Pinheirinho;-26,04632;-53,06013;2025-03-07 19:10:00.0;0,00
FRANCISCO BELTRÃO;410840301A;PR;Pinheirinho;-26,04632;-53,06013;2025-03-07 20:10:00.0;0,00
FRANCISCO BELTRÃO;410840301A;PR;Pinheirinho;-26,04632;-53,06013;2025-03-07 21:10:00.0;0,00
FRANCISCO BELTRÃO;410840301A;PR;Pinheirinho;-26,04632;-53,06013;2025-03-07 22:10:00.0;0,00
FRANCISCO BELTRÃO;410840301A;PR;Pinheirinho;-26,04632;-53,06013;2025-03-07 23:10:00.0;0,00
FRANCISCO BELTRÃO;410840301A;PR;Pinheirinho;-26,04632;-53,06013;2025-03-08 00:10:00.0;0,00
FRANCISCO BELTRÃO;410840301A;PR;Pinheirinho;-26,04632;-53,06013;2025-03-08 01:10:00.0;0,00
FRANCISCO BELTRÃO;410840301A;PR;Pinheirinho;-26,04632;-53,06013;2025-03-08 02:10:00.0;0,00
FRANCISCO BELTRÃO;410840301A;PR;Pinheirinho;-26,04632;-53,06013;2025-03-08 03:10:00.0;0,00
FRANCISCO BELTRÃO;410840301A;PR;Pinheirinho;-26,04632;-53,06013;2025-03-08 04:10:00.0;0,00
FRANCISCO BELTRÃO;410840301A;PR;Pinheirinho;-26,04632;-53,06013;2025-03-08 05:10:00.0;0,00
FRANCISCO BELTRÃO;410840301A;PR;Pinheirinho;-26,04632;-53,06013;2025-03-08 06:10:00.0;0,00
FRANCISCO BELTRÃO;410840301A;PR;Pinheirinho;-26,04632;-53,06013;2025-03-08 07:10:00.0;0,00
FRANCISCO BELTRÃO;410840301A;PR;Pinheirinho;-26,04632;-53,06013;2025-03-08 08:10:00.0;0,00
FRANCISCO BELTRÃO;410840301A;PR;Pinheirinho;-26,04632;-53,06013;2025-03-08 09:10:00.0;0,00
FRANCISCO BELTRÃO;410840301A;PR;Pinheirinho;-26,04632;-53,06013;2025-03-08 10:10:00.0;0,00
FRANCISCO BELTRÃO;410840301A;PR;Pinheirinho;-26,04632;-53,06013;2025-03-08 11:10:00.0;0,00
FRANCISCO BELTRÃO;410840301A;PR;Pinheirinho;-26,04632;-53,06013;2025-03-08 12:10:00.0;0,00
FRANCISCO BELTRÃO;410840301A;PR;Pinheirinho;-26,04632;-53,06013;2025-03-08 13:10:00.0;0,00
FRANCISCO BELTRÃO;410840301A;PR;Pinheirinho;-26,04632;-53,06013;2025-03-08 14:10:00.0;0,00
FRANCISCO BELTRÃO;410840301A;PR;Pinheirinho;-26,04632;-53,06013;2025-03-08 15:10:00.0;0,00
FRANCISCO BELTRÃO;410840301A;PR;Pinheirinho;-26,04632;-53,06013;2025-03-08 16:10:00.0;0,00
FRANCISCO BELTRÃO;410840301A;PR;Pinheirinho;-26,04632;-53,06013;2025-03-08 17:10:00.0;0,00
FRANCISCO BELTRÃO;410840301A;PR;Pinheirinho;-26,04632;-53,06013;2025-03-08 18:10:00.0;0,00
FRANCISCO BELTRÃO;410840301A;PR;Pinheirinho;-26,04632;-53,06013;2025-03-08 19:10:00.0;0,00
FRANCISCO BELTRÃO;410840301A;PR;Pinheirinho;-26,04632;-53,06013;2025-03-08 20:10:00.0;0,00
FRANCISCO BELTRÃO;410840301A;PR;Pinheirinho;-26,04632;-53,06013;2025-03-08 21:10:00.0;0,00
FRANCISCO BELTRÃO;410840301A;PR;Pinheirinho;-26,04632;-53,06013;2025-03-08 22:10:00.0;0,00
FRANCISCO BELTRÃO;410840301A;PR;Pinheirinho;-26,04632;-53,06013;2025-03-08 23:10:00.0;0,00
FRANCISCO BELTRÃO;410840301A;PR;Pinheirinho;-26,04632;-53,06013;2025-03-09 00:10:00.0;0,00
FRANCISCO BELTRÃO;410840301A;PR;Pinheirinho;-26,04632;-53,06013;2025-03-09 01:10:00.0;0,00
FRANCISCO BELTRÃO;410840301A;PR;Pinheirinho;-26,04632;-53,06013;2025-03-09 02:10:00.0;0,00
FRANCISCO BELTRÃO;410840301A;PR;Pinheirinho;-26,04632;-53,06013;2025-03-09 03:10:00.0;0,00
FRANCISCO BELTRÃO;410840301A;PR;Pinheirinho;-26,04632;-53,06013;2025-03-09 04:10:00.0;0,00
FRANCISCO BELTRÃO;410840301A;PR;Pinheirinho;-26,04632;-53,06013;2025-03-09 05:10:00.0;0,00
FRANCISCO BELTRÃO;410840301A;PR;Pinheirinho;-26,04632;-53,06013;2025-03-09 06:10:00.0;0,00
FRANCISCO BELTRÃO;410840301A;PR;Pinheirinho;-26,04632;-53,06013;2025-03-09 07:10:00.0;0,00
FRANCISCO BELTRÃO;410840301A;PR;Pinheirinho;-26,04632;-53,06013;2025-03-09 08:10:00.0;0,00
FRANCISCO BELTRÃO;410840301A;PR;Pinheirinho;-26,04632;-53,06013;2025-03-09 09:10:00.0;0,00
FRANCISCO BELTRÃO;410840301A;PR;Pinheirinho;-26,04632;-53,06013;2025-03-09 10:10:00.0;0,00
FRANCISCO BELTRÃO;410840301A;PR;Pinheirinho;-26,04632;-53,06013;2025-03-09 11:10:00.0;0,00
FRANCISCO BELTRÃO;410840301A;PR;Pinheirinho;-26,04632;-53,06013;2025-03-09 12:10:00.0;0,00
FRANCISCO BELTRÃO;410840301A;PR;Pinheirinho;-26,04632;-53,06013;2025-03-09 13:10:00.0;0,00
FRANCISCO BELTRÃO;410840301A;PR;Pinheirinho;-26,04632;-53,06013;2025-03-09 14:10:00.0;0,00
FRANCISCO BELTRÃO;410840301A;PR;Pinheirinho;-26,04632;-53,06013;2025-03-09 15:10:00.0;0,00
FRANCISCO BELTRÃO;410840301A;PR;Pinheirinho;-26,04632;-53,06013;2025-03-09 16:10:00.0;0,00
FRANCISCO BELTRÃO;410840301A;PR;Pinheirinho;-26,04632;-53,06013;2025-03-09 17:00:00.0;0,20
FRANCISCO BELTRÃO;410840301A;PR;Pinheirinho;-26,04632;-53,06013;2025-03-09 17:10:00.0;0,00
FRANCISCO BELTRÃO;410840301A;PR;Pinheirinho;-26,04632;-53,06013;2025-03-09 18:10:00.0;0,00
FRANCISCO BELTRÃO;410840301A;PR;Pinheirinho;-26,04632;-53,06013;2025-03-09 19:10:00.0;0,00
FRANCISCO BELTRÃO;410840301A;PR;Pinheirinho;-26,04632;-53,06013;2025-03-09 20:10:00.0;0,00
FRANCISCO BELTRÃO;410840301A;PR;Pinheirinho;-26,04632;-53,06013;2025-03-09 21:10:00.0;0,00
FRANCISCO BELTRÃO;410840301A;PR;Pinheirinho;-26,04632;-53,06013;2025-03-09 22:10:00.0;0,00
FRANCISCO BELTRÃO;410840301A;PR;Pinheirinho;-26,04632;-53,06013;2025-03-09 23:10:00.0;0,00
FRANCISCO BELTRÃO;410840301A;PR;Pinheirinho;-26,04632;-53,06013;2025-03-10 00:10:00.0;0,00
FRANCISCO BELTRÃO;410840301A;PR;Pinheirinho;-26,04632;-53,06013;2025-03-10 01:10:00.0;0,00
FRANCISCO BELTRÃO;410840301A;PR;Pinheirinho;-26,04632;-53,06013;2025-03-10 02:10:00.0;0,00
FRANCISCO BELTRÃO;410840301A;PR;Pinheirinho;-26,04632;-53,06013;2025-03-10 03:10:00.0;0,00
FRANCISCO BELTRÃO;410840301A;PR;Pinheirinho;-26,04632;-53,06013;2025-03-10 04:10:00.0;0,00
FRANCISCO BELTRÃO;410840301A;PR;Pinheirinho;-26,04632;-53,06013;2025-03-10 05:10:00.0;0,00
FRANCISCO BELTRÃO;410840301A;PR;Pinheirinho;-26,04632;-53,06013;2025-03-10 06:10:00.0;0,00
FRANCISCO BELTRÃO;410840301A;PR;Pinheirinho;-26,04632;-53,06013;2025-03-10 07:10:00.0;0,00
FRANCISCO BELTRÃO;410840301A;PR;Pinheirinho;-26,04632;-53,06013;2025-03-10 08:10:00.0;0,00
FRANCISCO BELTRÃO;410840301A;PR;Pinheirinho;-26,04632;-53,06013;2025-03-10 09:10:00.0;0,00
FRANCISCO BELTRÃO;410840301A;PR;Pinheirinho;-26,04632;-53,06013;2025-03-10 10:10:00.0;0,00
FRANCISCO BELTRÃO;410840301A;PR;Pinheirinho;-26,04632;-53,06013;2025-03-10 11:10:00.0;0,00
FRANCISCO BELTRÃO;410840301A;PR;Pinheirinho;-26,04632;-53,06013;2025-03-10 12:10:00.0;0,00
FRANCISCO BELTRÃO;410840301A;PR;Pinheirinho;-26,04632;-53,06013;2025-03-10 13:10:00.0;0,00
FRANCISCO BELTRÃO;410840301A;PR;Pinheirinho;-26,04632;-53,06013;2025-03-10 14:10:00.0;0,00
FRANCISCO BELTRÃO;410840301A;PR;Pinheirinho;-26,04632;-53,06013;2025-03-10 15:10:00.0;0,00
FRANCISCO BELTRÃO;410840301A;PR;Pinheirinho;-26,04632;-53,06013;2025-03-10 16:10:00.0;0,00
FRANCISCO BELTRÃO;410840301A;PR;Pinheirinho;-26,04632;-53,06013;2025-03-10 17:10:00.0;0,00
FRANCISCO BELTRÃO;410840301A;PR;Pinheirinho;-26,04632;-53,06013;2025-03-10 18:10:00.0;0,00
FRANCISCO BELTRÃO;410840301A;PR;Pinheirinho;-26,04632;-53,06013;2025-03-10 19:10:00.0;0,00
FRANCISCO BELTRÃO;410840301A;PR;Pinheirinho;-26,04632;-53,06013;2025-03-10 20:10:00.0;0,00
FRANCISCO BELTRÃO;410840301A;PR;Pinheirinho;-26,04632;-53,06013;2025-03-10 21:10:00.0;0,00
FRANCISCO BELTRÃO;410840301A;PR;Pinheirinho;-26,04632;-53,06013;2025-03-10 22:10:00.0;0,00
FRANCISCO BELTRÃO;410840301A;PR;Pinheirinho;-26,04632;-53,06013;2025-03-10 23:10:00.0;0,00
FRANCISCO BELTRÃO;410840301A;PR;Pinheirinho;-26,04632;-53,06013;2025-03-11 00:10:00.0;0,00
FRANCISCO BELTRÃO;410840301A;PR;Pinheirinho;-26,04632;-53,06013;2025-03-11 01:10:00.0;0,00
FRANCISCO BELTRÃO;410840301A;PR;Pinheirinho;-26,04632;-53,06013;2025-03-11 02:10:00.0;0,00
FRANCISCO BELTRÃO;410840301A;PR;Pinheirinho;-26,04632;-53,06013;2025-03-11 03:10:00.0;0,00
FRANCISCO BELTRÃO;410840301A;PR;Pinheirinho;-26,04632;-53,06013;2025-03-11 04:10:00.0;0,00
FRANCISCO BELTRÃO;410840301A;PR;Pinheirinho;-26,04632;-53,06013;2025-03-11 05:10:00.0;0,00
FRANCISCO BELTRÃO;410840301A;PR;Pinheirinho;-26,04632;-53,06013;2025-03-11 06:10:00.0;0,00
FRANCISCO BELTRÃO;410840301A;PR;Pinheirinho;-26,04632;-53,06013;2025-03-11 07:10:00.0;0,00
FRANCISCO BELTRÃO;410840301A;PR;Pinheirinho;-26,04632;-53,06013;2025-03-11 08:10:00.0;0,00
FRANCISCO BELTRÃO;410840301A;PR;Pinheirinho;-26,04632;-53,06013;2025-03-11 09:10:00.0;0,00
FRANCISCO BELTRÃO;410840301A;PR;Pinheirinho;-26,04632;-53,06013;2025-03-11 10:10:00.0;0,00
FRANCISCO BELTRÃO;410840301A;PR;Pinheirinho;-26,04632;-53,06013;2025-03-11 10:50:00.0;1,20
FRANCISCO BELTRÃO;410840301A;PR;Pinheirinho;-26,04632;-53,06013;2025-03-11 11:10:00.0;0,00
FRANCISCO BELTRÃO;410840301A;PR;Pinheirinho;-26,04632;-53,06013;2025-03-11 12:10:00.0;0,00
FRANCISCO BELTRÃO;410840301A;PR;Pinheirinho;-26,04632;-53,06013;2025-03-11 13:10:00.0;0,40
FRANCISCO BELTRÃO;410840301A;PR;Pinheirinho;-26,04632;-53,06013;2025-03-11 14:10:00.0;0,00
FRANCISCO BELTRÃO;410840301A;PR;Pinheirinho;-26,04632;-53,06013;2025-03-11 15:10:00.0;0,00
FRANCISCO BELTRÃO;410840301A;PR;Pinheirinho;-26,04632;-53,06013;2025-03-11 16:10:00.0;0,00
FRANCISCO BELTRÃO;410840301A;PR;Pinheirinho;-26,04632;-53,06013;2025-03-11 17:10:00.0;0,00
FRANCISCO BELTRÃO;410840301A;PR;Pinheirinho;-26,04632;-53,06013;2025-03-11 18:10:00.0;0,00
FRANCISCO BELTRÃO;410840301A;PR;Pinheirinho;-26,04632;-53,06013;2025-03-11 19:10:00.0;0,00
FRANCISCO BELTRÃO;410840301A;PR;Pinheirinho;-26,04632;-53,06013;2025-03-11 19:50:00.0;0,20
FRANCISCO BELTRÃO;410840301A;PR;Pinheirinho;-26,04632;-53,06013;2025-03-11 20:10:00.0;0,20
FRANCISCO BELTRÃO;410840301A;PR;Pinheirinho;-26,04632;-53,06013;2025-03-11 20:20:00.0;0,60
FRANCISCO BELTRÃO;410840301A;PR;Pinheirinho;-26,04632;-53,06013;2025-03-11 20:40:00.0;0,20
FRANCISCO BELTRÃO;410840301A;PR;Pinheirinho;-26,04632;-53,06013;2025-03-11 21:10:00.0;0,00
FRANCISCO BELTRÃO;410840301A;PR;Pinheirinho;-26,04632;-53,06013;2025-03-11 22:10:00.0;0,00
FRANCISCO BELTRÃO;410840301A;PR;Pinheirinho;-26,04632;-53,06013;2025-03-11 23:10:00.0;0,00
FRANCISCO BELTRÃO;410840301A;PR;Pinheirinho;-26,04632;-53,06013;2025-03-12 00:10:00.0;0,00
FRANCISCO BELTRÃO;410840301A;PR;Pinheirinho;-26,04632;-53,06013;2025-03-12 01:10:00.0;0,00
FRANCISCO BELTRÃO;410840301A;PR;Pinheirinho;-26,04632;-53,06013;2025-03-12 02:10:00.0;0,00
FRANCISCO BELTRÃO;410840301A;PR;Pinheirinho;-26,04632;-53,06013;2025-03-12 03:10:00.0;0,00
FRANCISCO BELTRÃO;410840301A;PR;Pinheirinho;-26,04632;-53,06013;2025-03-12 04:10:00.0;0,00
FRANCISCO BELTRÃO;410840301A;PR;Pinheirinho;-26,04632;-53,06013;2025-03-12 05:10:00.0;0,00
FRANCISCO BELTRÃO;410840301A;PR;Pinheirinho;-26,04632;-53,06013;2025-03-12 06:10:00.0;0,00
FRANCISCO BELTRÃO;410840301A;PR;Pinheirinho;-26,04632;-53,06013;2025-03-12 07:10:00.0;0,00
FRANCISCO BELTRÃO;410840301A;PR;Pinheirinho;-26,04632;-53,06013;2025-03-12 08:10:00.0;0,00
FRANCISCO BELTRÃO;410840301A;PR;Pinheirinho;-26,04632;-53,06013;2025-03-12 09:10:00.0;0,00
FRANCISCO BELTRÃO;410840301A;PR;Pinheirinho;-26,04632;-53,06013;2025-03-12 10:10:00.0;0,00
FRANCISCO BELTRÃO;410840301A;PR;Pinheirinho;-26,04632;-53,06013;2025-03-12 11:10:00.0;0,00
FRANCISCO BELTRÃO;410840301A;PR;Pinheirinho;-26,04632;-53,06013;2025-03-12 12:10:00.0;0,00
FRANCISCO BELTRÃO;410840301A;PR;Pinheirinho;-26,04632;-53,06013;2025-03-12 12:50:00.0;0,20
FRANCISCO BELTRÃO;410840301A;PR;Pinheirinho;-26,04632;-53,06013;2025-03-12 13:10:00.0;0,00
FRANCISCO BELTRÃO;410840301A;PR;Pinheirinho;-26,04632;-53,06013;2025-03-12 14:10:00.0;0,00
FRANCISCO BELTRÃO;410840301A;PR;Pinheirinho;-26,04632;-53,06013;2025-03-12 15:10:00.0;0,00
FRANCISCO BELTRÃO;410840301A;PR;Pinheirinho;-26,04632;-53,06013;2025-03-12 16:10:00.0;0,00
FRANCISCO BELTRÃO;410840301A;PR;Pinheirinho;-26,04632;-53,06013;2025-03-12 17:10:00.0;0,00
FRANCISCO BELTRÃO;410840301A;PR;Pinheirinho;-26,04632;-53,06013;2025-03-12 18:10:00.0;0,00
FRANCISCO BELTRÃO;410840301A;PR;Pinheirinho;-26,04632;-53,06013;2025-03-12 19:10:00.0;0,00
FRANCISCO BELTRÃO;410840301A;PR;Pinheirinho;-26,04632;-53,06013;2025-03-12 20:10:00.0;0,00
FRANCISCO BELTRÃO;410840301A;PR;Pinheirinho;-26,04632;-53,06013;2025-03-12 21:10:00.0;0,00
FRANCISCO BELTRÃO;410840301A;PR;Pinheirinho;-26,04632;-53,06013;2025-03-12 22:10:00.0;0,00
FRANCISCO BELTRÃO;410840301A;PR;Pinheirinho;-26,04632;-53,06013;2025-03-12 23:10:00.0;0,00
FRANCISCO BELTRÃO;410840301A;PR;Pinheirinho;-26,04632;-53,06013;2025-03-13 00:10:00.0;0,00
FRANCISCO BELTRÃO;410840301A;PR;Pinheirinho;-26,04632;-53,06013;2025-03-13 01:10:00.0;0,00
FRANCISCO BELTRÃO;410840301A;PR;Pinheirinho;-26,04632;-53,06013;2025-03-13 02:10:00.0;0,00
FRANCISCO BELTRÃO;410840301A;PR;Pinheirinho;-26,04632;-53,06013;2025-03-13 03:10:00.0;0,00
FRANCISCO BELTRÃO;410840301A;PR;Pinheirinho;-26,04632;-53,06013;2025-03-13 04:10:00.0;0,00
FRANCISCO BELTRÃO;410840301A;PR;Pinheirinho;-26,04632;-53,06013;2025-03-13 05:10:00.0;0,00
FRANCISCO BELTRÃO;410840301A;PR;Pinheirinho;-26,04632;-53,06013;2025-03-13 06:10:00.0;0,00
FRANCISCO BELTRÃO;410840301A;PR;Pinheirinho;-26,04632;-53,06013;2025-03-13 07:10:00.0;0,00
FRANCISCO BELTRÃO;410840301A;PR;Pinheirinho;-26,04632;-53,06013;2025-03-13 08:10:00.0;0,00
FRANCISCO BELTRÃO;410840301A;PR;Pinheirinho;-26,04632;-53,06013;2025-03-13 09:10:00.0;0,00
FRANCISCO BELTRÃO;410840301A;PR;Pinheirinho;-26,04632;-53,06013;2025-03-13 10:10:00.0;0,00
FRANCISCO BELTRÃO;410840301A;PR;Pinheirinho;-26,04632;-53,06013;2025-03-13 11:10:00.0;0,00
FRANCISCO BELTRÃO;410840301A;PR;Pinheirinho;-26,04632;-53,06013;2025-03-13 12:10:00.0;0,00
FRANCISCO BELTRÃO;410840301A;PR;Pinheirinho;-26,04632;-53,06013;2025-03-13 13:10:00.0;0,00
FRANCISCO BELTRÃO;410840301A;PR;Pinheirinho;-26,04632;-53,06013;2025-03-13 14:10:00.0;0,00
FRANCISCO BELTRÃO;410840301A;PR;Pinheirinho;-26,04632;-53,06013;2025-03-13 15:10:00.0;0,00
FRANCISCO BELTRÃO;410840301A;PR;Pinheirinho;-26,04632;-53,06013;2025-03-13 16:10:00.0;0,00
FRANCISCO BELTRÃO;410840301A;PR;Pinheirinho;-26,04632;-53,06013;2025-03-13 17:10:00.0;0,00
FRANCISCO BELTRÃO;410840301A;PR;Pinheirinho;-26,04632;-53,06013;2025-03-13 18:10:00.0;0,00
FRANCISCO BELTRÃO;410840301A;PR;Pinheirinho;-26,04632;-53,06013;2025-03-13 19:10:00.0;0,00
FRANCISCO BELTRÃO;410840301A;PR;Pinheirinho;-26,04632;-53,06013;2025-03-13 20:10:00.0;0,00
FRANCISCO BELTRÃO;410840301A;PR;Pinheirinho;-26,04632;-53,06013;2025-03-13 21:10:00.0;0,00
FRANCISCO BELTRÃO;410840301A;PR;Pinheirinho;-26,04632;-53,06013;2025-03-13 22:10:00.0;0,00
FRANCISCO BELTRÃO;410840301A;PR;Pinheirinho;-26,04632;-53,06013;2025-03-13 23:10:00.0;0,00
FRANCISCO BELTRÃO;410840301A;PR;Pinheirinho;-26,04632;-53,06013;2025-03-14 00:10:00.0;0,00
FRANCISCO BELTRÃO;410840301A;PR;Pinheirinho;-26,04632;-53,06013;2025-03-14 01:10:00.0;0,00
FRANCISCO BELTRÃO;410840301A;PR;Pinheirinho;-26,04632;-53,06013;2025-03-14 02:10:00.0;0,00
FRANCISCO BELTRÃO;410840301A;PR;Pinheirinho;-26,04632;-53,06013;2025-03-14 03:10:00.0;0,00
FRANCISCO BELTRÃO;410840301A;PR;Pinheirinho;-26,04632;-53,06013;2025-03-14 04:10:00.0;0,00
FRANCISCO BELTRÃO;410840301A;PR;Pinheirinho;-26,04632;-53,06013;2025-03-14 05:10:00.0;0,00
FRANCISCO BELTRÃO;410840301A;PR;Pinheirinho;-26,04632;-53,06013;2025-03-14 06:10:00.0;0,00
FRANCISCO BELTRÃO;410840301A;PR;Pinheirinho;-26,04632;-53,06013;2025-03-14 07:10:00.0;0,00
FRANCISCO BELTRÃO;410840301A;PR;Pinheirinho;-26,04632;-53,06013;2025-03-14 08:10:00.0;0,00
FRANCISCO BELTRÃO;410840301A;PR;Pinheirinho;-26,04632;-53,06013;2025-03-14 09:10:00.0;0,00
FRANCISCO BELTRÃO;410840301A;PR;Pinheirinho;-26,04632;-53,06013;2025-03-14 10:10:00.0;0,00
FRANCISCO BELTRÃO;410840301A;PR;Pinheirinho;-26,04632;-53,06013;2025-03-14 11:10:00.0;0,00
FRANCISCO BELTRÃO;410840301A;PR;Pinheirinho;-26,04632;-53,06013;2025-03-14 12:10:00.0;0,00
FRANCISCO BELTRÃO;410840301A;PR;Pinheirinho;-26,04632;-53,06013;2025-03-14 13:10:00.0;0,00
FRANCISCO BELTRÃO;410840301A;PR;Pinheirinho;-26,04632;-53,06013;2025-03-14 14:10:00.0;0,00
FRANCISCO BELTRÃO;410840301A;PR;Pinheirinho;-26,04632;-53,06013;2025-03-14 15:10:00.0;0,00
FRANCISCO BELTRÃO;410840301A;PR;Pinheirinho;-26,04632;-53,06013;2025-03-14 16:10:00.0;0,00
FRANCISCO BELTRÃO;410840301A;PR;Pinheirinho;-26,04632;-53,06013;2025-03-14 17:10:00.0;0,00
FRANCISCO BELTRÃO;410840301A;PR;Pinheirinho;-26,04632;-53,06013;2025-03-14 18:10:00.0;0,00
FRANCISCO BELTRÃO;410840301A;PR;Pinheirinho;-26,04632;-53,06013;2025-03-14 19:10:00.0;0,00
FRANCISCO BELTRÃO;410840301A;PR;Pinheirinho;-26,04632;-53,06013;2025-03-14 20:10:00.0;0,00
FRANCISCO BELTRÃO;410840301A;PR;Pinheirinho;-26,04632;-53,06013;2025-03-14 21:10:00.0;0,00
FRANCISCO BELTRÃO;410840301A;PR;Pinheirinho;-26,04632;-53,06013;2025-03-14 22:10:00.0;0,00
FRANCISCO BELTRÃO;410840301A;PR;Pinheirinho;-26,04632;-53,06013;2025-03-14 23:10:00.0;0,00
FRANCISCO BELTRÃO;410840301A;PR;Pinheirinho;-26,04632;-53,06013;2025-03-15 00:10:00.0;0,00
FRANCISCO BELTRÃO;410840301A;PR;Pinheirinho;-26,04632;-53,06013;2025-03-15 01:10:00.0;0,00
FRANCISCO BELTRÃO;410840301A;PR;Pinheirinho;-26,04632;-53,06013;2025-03-15 02:10:00.0;0,00
FRANCISCO BELTRÃO;410840301A;PR;Pinheirinho;-26,04632;-53,06013;2025-03-15 03:10:00.0;0,00
FRANCISCO BELTRÃO;410840301A;PR;Pinheirinho;-26,04632;-53,06013;2025-03-15 04:10:00.0;0,00
FRANCISCO BELTRÃO;410840301A;PR;Pinheirinho;-26,04632;-53,06013;2025-03-15 05:10:00.0;0,00
FRANCISCO BELTRÃO;410840301A;PR;Pinheirinho;-26,04632;-53,06013;2025-03-15 06:10:00.0;0,00
FRANCISCO BELTRÃO;410840301A;PR;Pinheirinho;-26,04632;-53,06013;2025-03-15 07:10:00.0;0,00
FRANCISCO BELTRÃO;410840301A;PR;Pinheirinho;-26,04632;-53,06013;2025-03-15 08:10:00.0;0,00
FRANCISCO BELTRÃO;410840301A;PR;Pinheirinho;-26,04632;-53,06013;2025-03-15 09:10:00.0;0,00
FRANCISCO BELTRÃO;410840301A;PR;Pinheirinho;-26,04632;-53,06013;2025-03-15 10:10:00.0;0,00
FRANCISCO BELTRÃO;410840301A;PR;Pinheirinho;-26,04632;-53,06013;2025-03-15 11:10:00.0;0,00
FRANCISCO BELTRÃO;410840301A;PR;Pinheirinho;-26,04632;-53,06013;2025-03-15 12:10:00.0;0,00
FRANCISCO BELTRÃO;410840301A;PR;Pinheirinho;-26,04632;-53,06013;2025-03-15 13:00:00.0;0,40
FRANCISCO BELTRÃO;410840301A;PR;Pinheirinho;-26,04632;-53,06013;2025-03-15 13:10:00.0;0,00
FRANCISCO BELTRÃO;410840301A;PR;Pinheirinho;-26,04632;-53,06013;2025-03-15 14:10:00.0;0,00
FRANCISCO BELTRÃO;410840301A;PR;Pinheirinho;-26,04632;-53,06013;2025-03-15 14:40:00.0;0,20
FRANCISCO BELTRÃO;410840301A;PR;Pinheirinho;-26,04632;-53,06013;2025-03-15 15:00:00.0;0,40
FRANCISCO BELTRÃO;410840301A;PR;Pinheirinho;-26,04632;-53,06013;2025-03-15 15:10:00.0;0,20
FRANCISCO BELTRÃO;410840301A;PR;Pinheirinho;-26,04632;-53,06013;2025-03-15 16:10:00.0;0,20
FRANCISCO BELTRÃO;410840301A;PR;Pinheirinho;-26,04632;-53,06013;2025-03-15 16:20:00.0;0,40
FRANCISCO BELTRÃO;410840301A;PR;Pinheirinho;-26,04632;-53,06013;2025-03-15 16:50:00.0;0,20
FRANCISCO BELTRÃO;410840301A;PR;Pinheirinho;-26,04632;-53,06013;2025-03-15 17:10:00.0;0,00
FRANCISCO BELTRÃO;410840301A;PR;Pinheirinho;-26,04632;-53,06013;2025-03-15 18:10:00.0;0,00
FRANCISCO BELTRÃO;410840301A;PR;Pinheirinho;-26,04632;-53,06013;2025-03-15 19:10:00.0;0,00
FRANCISCO BELTRÃO;410840301A;PR;Pinheirinho;-26,04632;-53,06013;2025-03-15 20:00:00.0;0,20
FRANCISCO BELTRÃO;410840301A;PR;Pinheirinho;-26,04632;-53,06013;2025-03-15 21:10:00.0;0,00
FRANCISCO BELTRÃO;410840301A;PR;Pinheirinho;-26,04632;-53,06013;2025-03-15 22:10:00.0;0,00
FRANCISCO BELTRÃO;410840301A;PR;Pinheirinho;-26,04632;-53,06013;2025-03-15 23:10:00.0;0,00
FRANCISCO BELTRÃO;410840301A;PR;Pinheirinho;-26,04632;-53,06013;2025-03-16 00:10:00.0;0,00
FRANCISCO BELTRÃO;410840301A;PR;Pinheirinho;-26,04632;-53,06013;2025-03-16 01:10:00.0;0,00
FRANCISCO BELTRÃO;410840301A;PR;Pinheirinho;-26,04632;-53,06013;2025-03-16 02:10:00.0;0,00
FRANCISCO BELTRÃO;410840301A;PR;Pinheirinho;-26,04632;-53,06013;2025-03-16 03:10:00.0;0,00
FRANCISCO BELTRÃO;410840301A;PR;Pinheirinho;-26,04632;-53,06013;2025-03-16 04:10:00.0;0,00
FRANCISCO BELTRÃO;410840301A;PR;Pinheirinho;-26,04632;-53,06013;2025-03-16 05:10:00.0;0,00
FRANCISCO BELTRÃO;410840301A;PR;Pinheirinho;-26,04632;-53,06013;2025-03-16 06:10:00.0;0,00
FRANCISCO BELTRÃO;410840301A;PR;Pinheirinho;-26,04632;-53,06013;2025-03-16 07:10:00.0;0,00
FRANCISCO BELTRÃO;410840301A;PR;Pinheirinho;-26,04632;-53,06013;2025-03-16 08:10:00.0;0,00
FRANCISCO BELTRÃO;410840301A;PR;Pinheirinho;-26,04632;-53,06013;2025-03-16 09:10:00.0;0,00
FRANCISCO BELTRÃO;410840301A;PR;Pinheirinho;-26,04632;-53,06013;2025-03-16 10:10:00.0;0,00
FRANCISCO BELTRÃO;410840301A;PR;Pinheirinho;-26,04632;-53,06013;2025-03-16 11:10:00.0;0,00
FRANCISCO BELTRÃO;410840301A;PR;Pinheirinho;-26,04632;-53,06013;2025-03-16 12:10:00.0;0,00
FRANCISCO BELTRÃO;410840301A;PR;Pinheirinho;-26,04632;-53,06013;2025-03-16 13:10:00.0;0,00
FRANCISCO BELTRÃO;410840301A;PR;Pinheirinho;-26,04632;-53,06013;2025-03-16 14:10:00.0;0,00
FRANCISCO BELTRÃO;410840301A;PR;Pinheirinho;-26,04632;-53,06013;2025-03-16 15:10:00.0;0,00
FRANCISCO BELTRÃO;410840301A;PR;Pinheirinho;-26,04632;-53,06013;2025-03-16 16:10:00.0;0,00
FRANCISCO BELTRÃO;410840301A;PR;Pinheirinho;-26,04632;-53,06013;2025-03-16 17:10:00.0;0,00
FRANCISCO BELTRÃO;410840301A;PR;Pinheirinho;-26,04632;-53,06013;2025-03-16 18:10:00.0;0,00
FRANCISCO BELTRÃO;410840301A;PR;Pinheirinho;-26,04632;-53,06013;2025-03-16 19:10:00.0;0,00
FRANCISCO BELTRÃO;410840301A;PR;Pinheirinho;-26,04632;-53,06013;2025-03-16 20:10:00.0;0,00
FRANCISCO BELTRÃO;410840301A;PR;Pinheirinho;-26,04632;-53,06013;2025-03-16 21:10:00.0;0,00
FRANCISCO BELTRÃO;410840301A;PR;Pinheirinho;-26,04632;-53,06013;2025-03-16 22:10:00.0;0,00
FRANCISCO BELTRÃO;410840301A;PR;Pinheirinho;-26,04632;-53,06013;2025-03-16 23:10:00.0;0,00
FRANCISCO BELTRÃO;410840301A;PR;Pinheirinho;-26,04632;-53,06013;2025-03-17 00:10:00.0;0,00
FRANCISCO BELTRÃO;410840301A;PR;Pinheirinho;-26,04632;-53,06013;2025-03-17 01:10:00.0;0,00
FRANCISCO BELTRÃO;410840301A;PR;Pinheirinho;-26,04632;-53,06013;2025-03-17 02:10:00.0;0,00
FRANCISCO BELTRÃO;410840301A;PR;Pinheirinho;-26,04632;-53,06013;2025-03-17 03:10:00.0;0,00
FRANCISCO BELTRÃO;410840301A;PR;Pinheirinho;-26,04632;-53,06013;2025-03-17 04:10:00.0;0,00
FRANCISCO BELTRÃO;410840301A;PR;Pinheirinho;-26,04632;-53,06013;2025-03-17 05:10:00.0;0,00
FRANCISCO BELTRÃO;410840301A;PR;Pinheirinho;-26,04632;-53,06013;2025-03-17 06:10:00.0;0,00
FRANCISCO BELTRÃO;410840301A;PR;Pinheirinho;-26,04632;-53,06013;2025-03-17 07:10:00.0;0,00
FRANCISCO BELTRÃO;410840301A;PR;Pinheirinho;-26,04632;-53,06013;2025-03-17 08:10:00.0;0,00
FRANCISCO BELTRÃO;410840301A;PR;Pinheirinho;-26,04632;-53,06013;2025-03-17 09:10:00.0;0,00
FRANCISCO BELTRÃO;410840301A;PR;Pinheirinho;-26,04632;-53,06013;2025-03-17 10:10:00.0;0,00
FRANCISCO BELTRÃO;410840301A;PR;Pinheirinho;-26,04632;-53,06013;2025-03-17 11:10:00.0;0,00
FRANCISCO BELTRÃO;410840301A;PR;Pinheirinho;-26,04632;-53,06013;2025-03-17 12:10:00.0;0,00
FRANCISCO BELTRÃO;410840301A;PR;Pinheirinho;-26,04632;-53,06013;2025-03-17 13:10:00.0;0,00
FRANCISCO BELTRÃO;410840301A;PR;Pinheirinho;-26,04632;-53,06013;2025-03-17 14:10:00.0;0,00
FRANCISCO BELTRÃO;410840301A;PR;Pinheirinho;-26,04632;-53,06013;2025-03-17 15:10:00.0;0,00
FRANCISCO BELTRÃO;410840301A;PR;Pinheirinho;-26,04632;-53,06013;2025-03-17 16:10:00.0;0,00
FRANCISCO BELTRÃO;410840301A;PR;Pinheirinho;-26,04632;-53,06013;2025-03-17 17:10:00.0;0,00
FRANCISCO BELTRÃO;410840301A;PR;Pinheirinho;-26,04632;-53,06013;2025-03-17 18:10:00.0;0,00
FRANCISCO BELTRÃO;410840301A;PR;Pinheirinho;-26,04632;-53,06013;2025-03-17 19:10:00.0;0,00
FRANCISCO BELTRÃO;410840301A;PR;Pinheirinho;-26,04632;-53,06013;2025-03-17 20:10:00.0;0,00
FRANCISCO BELTRÃO;410840301A;PR;Pinheirinho;-26,04632;-53,06013;2025-03-17 21:10:00.0;0,00
FRANCISCO BELTRÃO;410840301A;PR;Pinheirinho;-26,04632;-53,06013;2025-03-17 22:10:00.0;0,00
FRANCISCO BELTRÃO;410840301A;PR;Pinheirinho;-26,04632;-53,06013;2025-03-17 23:10:00.0;0,00
FRANCISCO BELTRÃO;410840301A;PR;Pinheirinho;-26,04632;-53,06013;2025-03-18 00:10:00.0;0,00
FRANCISCO BELTRÃO;410840301A;PR;Pinheirinho;-26,04632;-53,06013;2025-03-18 01:10:00.0;0,00
FRANCISCO BELTRÃO;410840301A;PR;Pinheirinho;-26,04632;-53,06013;2025-03-18 02:10:00.0;0,00
FRANCISCO BELTRÃO;410840301A;PR;Pinheirinho;-26,04632;-53,06013;2025-03-18 03:10:00.0;0,00
FRANCISCO BELTRÃO;410840301A;PR;Pinheirinho;-26,04632;-53,06013;2025-03-18 04:10:00.0;0,00
FRANCISCO BELTRÃO;410840301A;PR;Pinheirinho;-26,04632;-53,06013;2025-03-18 05:10:00.0;0,00
FRANCISCO BELTRÃO;410840301A;PR;Pinheirinho;-26,04632;-53,06013;2025-03-18 06:10:00.0;0,00
FRANCISCO BELTRÃO;410840301A;PR;Pinheirinho;-26,04632;-53,06013;2025-03-18 07:10:00.0;0,00
FRANCISCO BELTRÃO;410840301A;PR;Pinheirinho;-26,04632;-53,06013;2025-03-18 08:10:00.0;0,00
FRANCISCO BELTRÃO;410840301A;PR;Pinheirinho;-26,04632;-53,06013;2025-03-18 09:10:00.0;0,00
FRANCISCO BELTRÃO;410840301A;PR;Pinheirinho;-26,04632;-53,06013;2025-03-18 10:10:00.0;0,00
FRANCISCO BELTRÃO;410840301A;PR;Pinheirinho;-26,04632;-53,06013;2025-03-18 11:10:00.0;0,00
FRANCISCO BELTRÃO;410840301A;PR;Pinheirinho;-26,04632;-53,06013;2025-03-18 12:10:00.0;0,00
FRANCISCO BELTRÃO;410840301A;PR;Pinheirinho;-26,04632;-53,06013;2025-03-18 13:10:00.0;0,00
FRANCISCO BELTRÃO;410840301A;PR;Pinheirinho;-26,04632;-53,06013;2025-03-18 14:10:00.0;0,00
FRANCISCO BELTRÃO;410840301A;PR;Pinheirinho;-26,04632;-53,06013;2025-03-18 15:10:00.0;0,00
FRANCISCO BELTRÃO;410840301A;PR;Pinheirinho;-26,04632;-53,06013;2025-03-18 15:20:00.0;0,80
FRANCISCO BELTRÃO;410840301A;PR;Pinheirinho;-26,04632;-53,06013;2025-03-18 15:30:00.0;3,60
FRANCISCO BELTRÃO;410840301A;PR;Pinheirinho;-26,04632;-53,06013;2025-03-18 15:40:00.0;4,00
FRANCISCO BELTRÃO;410840301A;PR;Pinheirinho;-26,04632;-53,06013;2025-03-18 15:50:00.0;1,80
FRANCISCO BELTRÃO;410840301A;PR;Pinheirinho;-26,04632;-53,06013;2025-03-18 16:00:00.0;1,40
FRANCISCO BELTRÃO;410840301A;PR;Pinheirinho;-26,04632;-53,06013;2025-03-18 16:10:00.0;1,20
FRANCISCO BELTRÃO;410840301A;PR;Pinheirinho;-26,04632;-53,06013;2025-03-18 17:00:00.0;0,80
FRANCISCO BELTRÃO;410840301A;PR;Pinheirinho;-26,04632;-53,06013;2025-03-18 17:10:00.0;1,80
FRANCISCO BELTRÃO;410840301A;PR;Pinheirinho;-26,04632;-53,06013;2025-03-18 17:20:00.0;0,60
FRANCISCO BELTRÃO;410840301A;PR;Pinheirinho;-26,04632;-53,06013;2025-03-18 17:30:00.0;1,20
FRANCISCO BELTRÃO;410840301A;PR;Pinheirinho;-26,04632;-53,06013;2025-03-18 18:10:00.0;0,00
FRANCISCO BELTRÃO;410840301A;PR;Pinheirinho;-26,04632;-53,06013;2025-03-18 19:10:00.0;0,00
FRANCISCO BELTRÃO;410840301A;PR;Pinheirinho;-26,04632;-53,06013;2025-03-18 20:10:00.0;0,00
FRANCISCO BELTRÃO;410840301A;PR;Pinheirinho;-26,04632;-53,06013;2025-03-18 21:10:00.0;0,00
FRANCISCO BELTRÃO;410840301A;PR;Pinheirinho;-26,04632;-53,06013;2025-03-18 22:10:00.0;0,00
FRANCISCO BELTRÃO;410840301A;PR;Pinheirinho;-26,04632;-53,06013;2025-03-18 23:10:00.0;0,00
FRANCISCO BELTRÃO;410840301A;PR;Pinheirinho;-26,04632;-53,06013;2025-03-19 00:10:00.0;0,00
FRANCISCO BELTRÃO;410840301A;PR;Pinheirinho;-26,04632;-53,06013;2025-03-19 01:10:00.0;0,00
FRANCISCO BELTRÃO;410840301A;PR;Pinheirinho;-26,04632;-53,06013;2025-03-19 02:10:00.0;0,00
FRANCISCO BELTRÃO;410840301A;PR;Pinheirinho;-26,04632;-53,06013;2025-03-19 03:10:00.0;0,00
FRANCISCO BELTRÃO;410840301A;PR;Pinheirinho;-26,04632;-53,06013;2025-03-19 04:10:00.0;0,00
FRANCISCO BELTRÃO;410840301A;PR;Pinheirinho;-26,04632;-53,06013;2025-03-19 05:10:00.0;0,00
FRANCISCO BELTRÃO;410840301A;PR;Pinheirinho;-26,04632;-53,06013;2025-03-19 06:10:00.0;0,00
FRANCISCO BELTRÃO;410840301A;PR;Pinheirinho;-26,04632;-53,06013;2025-03-19 07:10:00.0;0,00
FRANCISCO BELTRÃO;410840301A;PR;Pinheirinho;-26,04632;-53,06013;2025-03-19 08:10:00.0;0,00
FRANCISCO BELTRÃO;410840301A;PR;Pinheirinho;-26,04632;-53,06013;2025-03-19 09:10:00.0;0,00
FRANCISCO BELTRÃO;410840301A;PR;Pinheirinho;-26,04632;-53,06013;2025-03-19 10:10:00.0;0,00
FRANCISCO BELTRÃO;410840301A;PR;Pinheirinho;-26,04632;-53,06013;2025-03-19 11:10:00.0;0,00
FRANCISCO BELTRÃO;410840301A;PR;Pinheirinho;-26,04632;-53,06013;2025-03-19 12:10:00.0;0,00
FRANCISCO BELTRÃO;410840301A;PR;Pinheirinho;-26,04632;-53,06013;2025-03-19 13:00:00.0;0,20
FRANCISCO BELTRÃO;410840301A;PR;Pinheirinho;-26,04632;-53,06013;2025-03-19 13:10:00.0;0,00
FRANCISCO BELTRÃO;410840301A;PR;Pinheirinho;-26,04632;-53,06013;2025-03-19 14:10:00.0;0,00
FRANCISCO BELTRÃO;410840301A;PR;Pinheirinho;-26,04632;-53,06013;2025-03-19 15:10:00.0;0,00
FRANCISCO BELTRÃO;410840301A;PR;Pinheirinho;-26,04632;-53,06013;2025-03-19 16:10:00.0;0,00
FRANCISCO BELTRÃO;410840301A;PR;Pinheirinho;-26,04632;-53,06013;2025-03-19 17:10:00.0;0,00
FRANCISCO BELTRÃO;410840301A;PR;Pinheirinho;-26,04632;-53,06013;2025-03-19 18:10:00.0;0,00
FRANCISCO BELTRÃO;410840301A;PR;Pinheirinho;-26,04632;-53,06013;2025-03-19 19:10:00.0;0,00
FRANCISCO BELTRÃO;410840301A;PR;Pinheirinho;-26,04632;-53,06013;2025-03-19 20:10:00.0;0,00
FRANCISCO BELTRÃO;410840301A;PR;Pinheirinho;-26,04632;-53,06013;2025-03-19 21:10:00.0;0,00
FRANCISCO BELTRÃO;410840301A;PR;Pinheirinho;-26,04632;-53,06013;2025-03-19 22:10:00.0;0,00
FRANCISCO BELTRÃO;410840301A;PR;Pinheirinho;-26,04632;-53,06013;2025-03-19 23:10:00.0;0,00
FRANCISCO BELTRÃO;410840301A;PR;Pinheirinho;-26,04632;-53,06013;2025-03-20 00:10:00.0;0,00
FRANCISCO BELTRÃO;410840301A;PR;Pinheirinho;-26,04632;-53,06013;2025-03-20 01:10:00.0;0,00
FRANCISCO BELTRÃO;410840301A;PR;Pinheirinho;-26,04632;-53,06013;2025-03-20 02:10:00.0;0,00
FRANCISCO BELTRÃO;410840301A;PR;Pinheirinho;-26,04632;-53,06013;2025-03-20 03:10:00.0;0,00
FRANCISCO BELTRÃO;410840301A;PR;Pinheirinho;-26,04632;-53,06013;2025-03-20 04:10:00.0;0,00
FRANCISCO BELTRÃO;410840301A;PR;Pinheirinho;-26,04632;-53,06013;2025-03-20 05:10:00.0;0,00
FRANCISCO BELTRÃO;410840301A;PR;Pinheirinho;-26,04632;-53,06013;2025-03-20 06:10:00.0;0,00
FRANCISCO BELTRÃO;410840301A;PR;Pinheirinho;-26,04632;-53,06013;2025-03-20 07:10:00.0;0,00
FRANCISCO BELTRÃO;410840301A;PR;Pinheirinho;-26,04632;-53,06013;2025-03-20 08:10:00.0;0,00
FRANCISCO BELTRÃO;410840301A;PR;Pinheirinho;-26,04632;-53,06013;2025-03-20 09:10:00.0;0,00
FRANCISCO BELTRÃO;410840301A;PR;Pinheirinho;-26,04632;-53,06013;2025-03-20 10:10:00.0;0,00
FRANCISCO BELTRÃO;410840301A;PR;Pinheirinho;-26,04632;-53,06013;2025-03-20 11:10:00.0;0,00
FRANCISCO BELTRÃO;410840301A;PR;Pinheirinho;-26,04632;-53,06013;2025-03-20 12:10:00.0;0,00
FRANCISCO BELTRÃO;410840301A;PR;Pinheirinho;-26,04632;-53,06013;2025-03-20 13:10:00.0;0,00
FRANCISCO BELTRÃO;410840301A;PR;Pinheirinho;-26,04632;-53,06013;2025-03-20 14:10:00.0;0,00
FRANCISCO BELTRÃO;410840301A;PR;Pinheirinho;-26,04632;-53,06013;2025-03-20 15:10:00.0;0,00
FRANCISCO BELTRÃO;410840301A;PR;Pinheirinho;-26,04632;-53,06013;2025-03-20 16:10:00.0;0,00
FRANCISCO BELTRÃO;410840301A;PR;Pinheirinho;-26,04632;-53,06013;2025-03-20 17:10:00.0;0,00
FRANCISCO BELTRÃO;410840301A;PR;Pinheirinho;-26,04632;-53,06013;2025-03-20 18:10:00.0;0,00
FRANCISCO BELTRÃO;410840301A;PR;Pinheirinho;-26,04632;-53,06013;2025-03-20 19:10:00.0;0,00
FRANCISCO BELTRÃO;410840301A;PR;Pinheirinho;-26,04632;-53,06013;2025-03-20 20:10:00.0;0,00
FRANCISCO BELTRÃO;410840301A;PR;Pinheirinho;-26,04632;-53,06013;2025-03-20 21:10:00.0;0,00
FRANCISCO BELTRÃO;410840301A;PR;Pinheirinho;-26,04632;-53,06013;2025-03-20 22:10:00.0;0,00
FRANCISCO BELTRÃO;410840301A;PR;Pinheirinho;-26,04632;-53,06013;2025-03-20 23:10:00.0;0,00
FRANCISCO BELTRÃO;410840301A;PR;Pinheirinho;-26,04632;-53,06013;2025-03-21 00:10:00.0;0,00
FRANCISCO BELTRÃO;410840301A;PR;Pinheirinho;-26,04632;-53,06013;2025-03-21 01:10:00.0;0,00
FRANCISCO BELTRÃO;410840301A;PR;Pinheirinho;-26,04632;-53,06013;2025-03-21 02:10:00.0;0,00
FRANCISCO BELTRÃO;410840301A;PR;Pinheirinho;-26,04632;-53,06013;2025-03-21 03:10:00.0;0,00
FRANCISCO BELTRÃO;410840301A;PR;Pinheirinho;-26,04632;-53,06013;2025-03-21 04:10:00.0;0,00
FRANCISCO BELTRÃO;410840301A;PR;Pinheirinho;-26,04632;-53,06013;2025-03-21 05:10:00.0;0,00
FRANCISCO BELTRÃO;410840301A;PR;Pinheirinho;-26,04632;-53,06013;2025-03-21 06:10:00.0;0,00
FRANCISCO BELTRÃO;410840301A;PR;Pinheirinho;-26,04632;-53,06013;2025-03-21 07:10:00.0;0,00
FRANCISCO BELTRÃO;410840301A;PR;Pinheirinho;-26,04632;-53,06013;2025-03-21 08:10:00.0;0,00
FRANCISCO BELTRÃO;410840301A;PR;Pinheirinho;-26,04632;-53,06013;2025-03-21 09:10:00.0;0,00
FRANCISCO BELTRÃO;410840301A;PR;Pinheirinho;-26,04632;-53,06013;2025-03-21 10:10:00.0;0,00
FRANCISCO BELTRÃO;410840301A;PR;Pinheirinho;-26,04632;-53,06013;2025-03-21 11:10:00.0;0,00
FRANCISCO BELTRÃO;410840301A;PR;Pinheirinho;-26,04632;-53,06013;2025-03-21 12:10:00.0;0,00
FRANCISCO BELTRÃO;410840301A;PR;Pinheirinho;-26,04632;-53,06013;2025-03-21 13:10:00.0;0,00
FRANCISCO BELTRÃO;410840301A;PR;Pinheirinho;-26,04632;-53,06013;2025-03-21 14:10:00.0;0,00
FRANCISCO BELTRÃO;410840301A;PR;Pinheirinho;-26,04632;-53,06013;2025-03-21 15:10:00.0;0,00
FRANCISCO BELTRÃO;410840301A;PR;Pinheirinho;-26,04632;-53,06013;2025-03-21 16:10:00.0;0,00
FRANCISCO BELTRÃO;410840301A;PR;Pinheirinho;-26,04632;-53,06013;2025-03-21 17:10:00.0;0,00
FRANCISCO BELTRÃO;410840301A;PR;Pinheirinho;-26,04632;-53,06013;2025-03-21 18:10:00.0;0,00
FRANCISCO BELTRÃO;410840301A;PR;Pinheirinho;-26,04632;-53,06013;2025-03-21 19:10:00.0;0,00
FRANCISCO BELTRÃO;410840301A;PR;Pinheirinho;-26,04632;-53,06013;2025-03-21 20:10:00.0;0,00
FRANCISCO BELTRÃO;410840301A;PR;Pinheirinho;-26,04632;-53,06013;2025-03-21 21:10:00.0;0,00
FRANCISCO BELTRÃO;410840301A;PR;Pinheirinho;-26,04632;-53,06013;2025-03-21 22:10:00.0;0,00
FRANCISCO BELTRÃO;410840301A;PR;Pinheirinho;-26,04632;-53,06013;2025-03-21 23:10:00.0;0,00
FRANCISCO BELTRÃO;410840301A;PR;Pinheirinho;-26,04632;-53,06013;2025-03-22 00:10:00.0;0,00
FRANCISCO BELTRÃO;410840301A;PR;Pinheirinho;-26,04632;-53,06013;2025-03-22 01:10:00.0;0,00
FRANCISCO BELTRÃO;410840301A;PR;Pinheirinho;-26,04632;-53,06013;2025-03-22 02:10:00.0;0,00
FRANCISCO BELTRÃO;410840301A;PR;Pinheirinho;-26,04632;-53,06013;2025-03-22 03:10:00.0;0,00
FRANCISCO BELTRÃO;410840301A;PR;Pinheirinho;-26,04632;-53,06013;2025-03-22 04:10:00.0;0,00
FRANCISCO BELTRÃO;410840301A;PR;Pinheirinho;-26,04632;-53,06013;2025-03-22 05:10:00.0;0,00
FRANCISCO BELTRÃO;410840301A;PR;Pinheirinho;-26,04632;-53,06013;2025-03-22 06:10:00.0;0,00
FRANCISCO BELTRÃO;410840301A;PR;Pinheirinho;-26,04632;-53,06013;2025-03-22 07:10:00.0;0,00
FRANCISCO BELTRÃO;410840301A;PR;Pinheirinho;-26,04632;-53,06013;2025-03-22 08:10:00.0;0,00
FRANCISCO BELTRÃO;410840301A;PR;Pinheirinho;-26,04632;-53,06013;2025-03-22 09:10:00.0;0,00
FRANCISCO BELTRÃO;410840301A;PR;Pinheirinho;-26,04632;-53,06013;2025-03-22 10:10:00.0;0,00
FRANCISCO BELTRÃO;410840301A;PR;Pinheirinho;-26,04632;-53,06013;2025-03-22 11:10:00.0;0,00
FRANCISCO BELTRÃO;410840301A;PR;Pinheirinho;-26,04632;-53,06013;2025-03-22 12:10:00.0;0,00
FRANCISCO BELTRÃO;410840301A;PR;Pinheirinho;-26,04632;-53,06013;2025-03-22 13:10:00.0;0,00
FRANCISCO BELTRÃO;410840301A;PR;Pinheirinho;-26,04632;-53,06013;2025-03-22 14:10:00.0;0,00
FRANCISCO BELTRÃO;410840301A;PR;Pinheirinho;-26,04632;-53,06013;2025-03-22 15:10:00.0;0,00
FRANCISCO BELTRÃO;410840301A;PR;Pinheirinho;-26,04632;-53,06013;2025-03-22 16:10:00.0;0,00
FRANCISCO BELTRÃO;410840301A;PR;Pinheirinho;-26,04632;-53,06013;2025-03-22 17:10:00.0;0,00
FRANCISCO BELTRÃO;410840301A;PR;Pinheirinho;-26,04632;-53,06013;2025-03-22 18:10:00.0;0,00
FRANCISCO BELTRÃO;410840301A;PR;Pinheirinho;-26,04632;-53,06013;2025-03-22 19:10:00.0;0,00
FRANCISCO BELTRÃO;410840301A;PR;Pinheirinho;-26,04632;-53,06013;2025-03-22 20:10:00.0;0,00
FRANCISCO BELTRÃO;410840301A;PR;Pinheirinho;-26,04632;-53,06013;2025-03-22 21:10:00.0;0,00
FRANCISCO BELTRÃO;410840301A;PR;Pinheirinho;-26,04632;-53,06013;2025-03-22 22:10:00.0;0,00
FRANCISCO BELTRÃO;410840301A;PR;Pinheirinho;-26,04632;-53,06013;2025-03-22 23:10:00.0;0,00
FRANCISCO BELTRÃO;410840301A;PR;Pinheirinho;-26,04632;-53,06013;2025-03-23 00:10:00.0;0,00
FRANCISCO BELTRÃO;410840301A;PR;Pinheirinho;-26,04632;-53,06013;2025-03-23 01:10:00.0;0,00
FRANCISCO BELTRÃO;410840301A;PR;Pinheirinho;-26,04632;-53,06013;2025-03-23 02:10:00.0;0,00
FRANCISCO BELTRÃO;410840301A;PR;Pinheirinho;-26,04632;-53,06013;2025-03-23 03:10:00.0;0,00
FRANCISCO BELTRÃO;410840301A;PR;Pinheirinho;-26,04632;-53,06013;2025-03-23 04:10:00.0;0,00
FRANCISCO BELTRÃO;410840301A;PR;Pinheirinho;-26,04632;-53,06013;2025-03-23 05:10:00.0;0,00
FRANCISCO BELTRÃO;410840301A;PR;Pinheirinho;-26,04632;-53,06013;2025-03-23 06:10:00.0;0,00
FRANCISCO BELTRÃO;410840301A;PR;Pinheirinho;-26,04632;-53,06013;2025-03-23 07:10:00.0;0,00
FRANCISCO BELTRÃO;410840301A;PR;Pinheirinho;-26,04632;-53,06013;2025-03-23 08:10:00.0;0,00
FRANCISCO BELTRÃO;410840301A;PR;Pinheirinho;-26,04632;-53,06013;2025-03-23 09:10:00.0;0,00
FRANCISCO BELTRÃO;410840301A;PR;Pinheirinho;-26,04632;-53,06013;2025-03-23 10:10:00.0;0,00
FRANCISCO BELTRÃO;410840301A;PR;Pinheirinho;-26,04632;-53,06013;2025-03-23 11:10:00.0;0,00
FRANCISCO BELTRÃO;410840301A;PR;Pinheirinho;-26,04632;-53,06013;2025-03-23 12:10:00.0;0,00
FRANCISCO BELTRÃO;410840301A;PR;Pinheirinho;-26,04632;-53,06013;2025-03-23 13:10:00.0;0,00
FRANCISCO BELTRÃO;410840301A;PR;Pinheirinho;-26,04632;-53,06013;2025-03-23 14:10:00.0;0,00
FRANCISCO BELTRÃO;410840301A;PR;Pinheirinho;-26,04632;-53,06013;2025-03-23 15:10:00.0;0,00
FRANCISCO BELTRÃO;410840301A;PR;Pinheirinho;-26,04632;-53,06013;2025-03-23 16:10:00.0;0,00
FRANCISCO BELTRÃO;410840301A;PR;Pinheirinho;-26,04632;-53,06013;2025-03-23 17:10:00.0;0,00
FRANCISCO BELTRÃO;410840301A;PR;Pinheirinho;-26,04632;-53,06013;2025-03-23 18:10:00.0;0,00
FRANCISCO BELTRÃO;410840301A;PR;Pinheirinho;-26,04632;-53,06013;2025-03-23 19:10:00.0;0,00
FRANCISCO BELTRÃO;410840301A;PR;Pinheirinho;-26,04632;-53,06013;2025-03-23 20:10:00.0;0,00
FRANCISCO BELTRÃO;410840301A;PR;Pinheirinho;-26,04632;-53,06013;2025-03-23 21:10:00.0;0,00
FRANCISCO BELTRÃO;410840301A;PR;Pinheirinho;-26,04632;-53,06013;2025-03-23 22:10:00.0;0,00
FRANCISCO BELTRÃO;410840301A;PR;Pinheirinho;-26,04632;-53,06013;2025-03-23 23:10:00.0;0,00
FRANCISCO BELTRÃO;410840301A;PR;Pinheirinho;-26,04632;-53,06013;2025-03-24 00:10:00.0;0,00
FRANCISCO BELTRÃO;410840301A;PR;Pinheirinho;-26,04632;-53,06013;2025-03-24 01:10:00.0;0,00
FRANCISCO BELTRÃO;410840301A;PR;Pinheirinho;-26,04632;-53,06013;2025-03-24 02:10:00.0;0,00
FRANCISCO BELTRÃO;410840301A;PR;Pinheirinho;-26,04632;-53,06013;2025-03-24 03:10:00.0;0,00
FRANCISCO BELTRÃO;410840301A;PR;Pinheirinho;-26,04632;-53,06013;2025-03-24 04:10:00.0;0,00
FRANCISCO BELTRÃO;410840301A;PR;Pinheirinho;-26,04632;-53,06013;2025-03-24 05:10:00.0;0,00
FRANCISCO BELTRÃO;410840301A;PR;Pinheirinho;-26,04632;-53,06013;2025-03-24 06:10:00.0;0,00
FRANCISCO BELTRÃO;410840301A;PR;Pinheirinho;-26,04632;-53,06013;2025-03-24 07:10:00.0;0,00
FRANCISCO BELTRÃO;410840301A;PR;Pinheirinho;-26,04632;-53,06013;2025-03-24 08:10:00.0;0,00
FRANCISCO BELTRÃO;410840301A;PR;Pinheirinho;-26,04632;-53,06013;2025-03-24 09:10:00.0;0,00
FRANCISCO BELTRÃO;410840301A;PR;Pinheirinho;-26,04632;-53,06013;2025-03-24 10:10:00.0;0,00
FRANCISCO BELTRÃO;410840301A;PR;Pinheirinho;-26,04632;-53,06013;2025-03-24 11:10:00.0;0,00
FRANCISCO BELTRÃO;410840301A;PR;Pinheirinho;-26,04632;-53,06013;2025-03-24 12:10:00.0;0,00
FRANCISCO BELTRÃO;410840301A;PR;Pinheirinho;-26,04632;-53,06013;2025-03-24 13:10:00.0;0,00
FRANCISCO BELTRÃO;410840301A;PR;Pinheirinho;-26,04632;-53,06013;2025-03-24 14:10:00.0;0,00
FRANCISCO BELTRÃO;410840301A;PR;Pinheirinho;-26,04632;-53,06013;2025-03-24 15:10:00.0;0,00
FRANCISCO BELTRÃO;410840301A;PR;Pinheirinho;-26,04632;-53,06013;2025-03-24 16:10:00.0;0,00
FRANCISCO BELTRÃO;410840301A;PR;Pinheirinho;-26,04632;-53,06013;2025-03-24 17:10:00.0;0,00
FRANCISCO BELTRÃO;410840301A;PR;Pinheirinho;-26,04632;-53,06013;2025-03-24 18:10:00.0;0,00
FRANCISCO BELTRÃO;410840301A;PR;Pinheirinho;-26,04632;-53,06013;2025-03-24 19:10:00.0;0,00
FRANCISCO BELTRÃO;410840301A;PR;Pinheirinho;-26,04632;-53,06013;2025-03-24 20:10:00.0;0,00
FRANCISCO BELTRÃO;410840301A;PR;Pinheirinho;-26,04632;-53,06013;2025-03-24 21:10:00.0;0,00
FRANCISCO BELTRÃO;410840301A;PR;Pinheirinho;-26,04632;-53,06013;2025-03-24 22:10:00.0;0,00
FRANCISCO BELTRÃO;410840301A;PR;Pinheirinho;-26,04632;-53,06013;2025-03-24 23:10:00.0;0,00
FRANCISCO BELTRÃO;410840301A;PR;Pinheirinho;-26,04632;-53,06013;2025-03-25 00:10:00.0;0,00
FRANCISCO BELTRÃO;410840301A;PR;Pinheirinho;-26,04632;-53,06013;2025-03-25 01:10:00.0;0,00
FRANCISCO BELTRÃO;410840301A;PR;Pinheirinho;-26,04632;-53,06013;2025-03-25 02:10:00.0;0,00
FRANCISCO BELTRÃO;410840301A;PR;Pinheirinho;-26,04632;-53,06013;2025-03-25 03:10:00.0;0,00
FRANCISCO BELTRÃO;410840301A;PR;Pinheirinho;-26,04632;-53,06013;2025-03-25 04:10:00.0;0,00
FRANCISCO BELTRÃO;410840301A;PR;Pinheirinho;-26,04632;-53,06013;2025-03-25 05:10:00.0;0,00
FRANCISCO BELTRÃO;410840301A;PR;Pinheirinho;-26,04632;-53,06013;2025-03-25 06:10:00.0;0,00
FRANCISCO BELTRÃO;410840301A;PR;Pinheirinho;-26,04632;-53,06013;2025-03-25 07:10:00.0;0,00
FRANCISCO BELTRÃO;410840301A;PR;Pinheirinho;-26,04632;-53,06013;2025-03-25 08:10:00.0;0,00
FRANCISCO BELTRÃO;410840301A;PR;Pinheirinho;-26,04632;-53,06013;2025-03-25 09:10:00.0;0,00
FRANCISCO BELTRÃO;410840301A;PR;Pinheirinho;-26,04632;-53,06013;2025-03-25 10:10:00.0;0,00
FRANCISCO BELTRÃO;410840301A;PR;Pinheirinho;-26,04632;-53,06013;2025-03-25 11:10:00.0;0,00
FRANCISCO BELTRÃO;410840301A;PR;Pinheirinho;-26,04632;-53,06013;2025-03-25 12:10:00.0;0,00
FRANCISCO BELTRÃO;410840301A;PR;Pinheirinho;-26,04632;-53,06013;2025-03-25 13:10:00.0;0,00
FRANCISCO BELTRÃO;410840301A;PR;Pinheirinho;-26,04632;-53,06013;2025-03-25 14:10:00.0;0,00
FRANCISCO BELTRÃO;410840301A;PR;Pinheirinho;-26,04632;-53,06013;2025-03-25 15:10:00.0;0,00
FRANCISCO BELTRÃO;410840301A;PR;Pinheirinho;-26,04632;-53,06013;2025-03-25 16:10:00.0;0,00
FRANCISCO BELTRÃO;410840301A;PR;Pinheirinho;-26,04632;-53,06013;2025-03-25 17:10:00.0;0,00
FRANCISCO BELTRÃO;410840301A;PR;Pinheirinho;-26,04632;-53,06013;2025-03-25 18:10:00.0;0,00
FRANCISCO BELTRÃO;410840301A;PR;Pinheirinho;-26,04632;-53,06013;2025-03-25 19:10:00.0;0,00
FRANCISCO BELTRÃO;410840301A;PR;Pinheirinho;-26,04632;-53,06013;2025-03-25 20:10:00.0;0,00
FRANCISCO BELTRÃO;410840301A;PR;Pinheirinho;-26,04632;-53,06013;2025-03-25 21:10:00.0;0,00
FRANCISCO BELTRÃO;410840301A;PR;Pinheirinho;-26,04632;-53,06013;2025-03-25 21:30:00.0;0,20
FRANCISCO BELTRÃO;410840301A;PR;Pinheirinho;-26,04632;-53,06013;2025-03-25 21:40:00.0;0,20
FRANCISCO BELTRÃO;410840301A;PR;Pinheirinho;-26,04632;-53,06013;2025-03-25 21:50:00.0;0,20
FRANCISCO BELTRÃO;410840301A;PR;Pinheirinho;-26,04632;-53,06013;2025-03-25 22:10:00.0;0,00
FRANCISCO BELTRÃO;410840301A;PR;Pinheirinho;-26,04632;-53,06013;2025-03-25 22:50:00.0;0,20
FRANCISCO BELTRÃO;410840301A;PR;Pinheirinho;-26,04632;-53,06013;2025-03-25 23:10:00.0;0,00
FRANCISCO BELTRÃO;410840301A;PR;Pinheirinho;-26,04632;-53,06013;2025-03-26 00:10:00.0;0,00
FRANCISCO BELTRÃO;410840301A;PR;Pinheirinho;-26,04632;-53,06013;2025-03-26 01:10:00.0;0,00
FRANCISCO BELTRÃO;410840301A;PR;Pinheirinho;-26,04632;-53,06013;2025-03-26 02:10:00.0;0,00
FRANCISCO BELTRÃO;410840301A;PR;Pinheirinho;-26,04632;-53,06013;2025-03-26 03:10:00.0;0,00
FRANCISCO BELTRÃO;410840301A;PR;Pinheirinho;-26,04632;-53,06013;2025-03-26 04:10:00.0;0,00
FRANCISCO BELTRÃO;410840301A;PR;Pinheirinho;-26,04632;-53,06013;2025-03-26 05:10:00.0;0,00
FRANCISCO BELTRÃO;410840301A;PR;Pinheirinho;-26,04632;-53,06013;2025-03-26 06:10:00.0;0,00
FRANCISCO BELTRÃO;410840301A;PR;Pinheirinho;-26,04632;-53,06013;2025-03-26 07:10:00.0;0,00
FRANCISCO BELTRÃO;410840301A;PR;Pinheirinho;-26,04632;-53,06013;2025-03-26 08:10:00.0;0,00
FRANCISCO BELTRÃO;410840301A;PR;Pinheirinho;-26,04632;-53,06013;2025-03-26 09:10:00.0;0,00
FRANCISCO BELTRÃO;410840301A;PR;Pinheirinho;-26,04632;-53,06013;2025-03-26 10:10:00.0;0,00
FRANCISCO BELTRÃO;410840301A;PR;Pinheirinho;-26,04632;-53,06013;2025-03-26 11:10:00.0;0,00
FRANCISCO BELTRÃO;410840301A;PR;Pinheirinho;-26,04632;-53,06013;2025-03-26 12:10:00.0;0,00
FRANCISCO BELTRÃO;410840301A;PR;Pinheirinho;-26,04632;-53,06013;2025-03-26 13:00:00.0;0,20
FRANCISCO BELTRÃO;410840301A;PR;Pinheirinho;-26,04632;-53,06013;2025-03-26 13:10:00.0;0,00
FRANCISCO BELTRÃO;410840301A;PR;Pinheirinho;-26,04632;-53,06013;2025-03-26 15:10:00.0;0,00
FRANCISCO BELTRÃO;410840301A;PR;Pinheirinho;-26,04632;-53,06013;2025-03-26 16:10:00.0;0,00
FRANCISCO BELTRÃO;410840301A;PR;Pinheirinho;-26,04632;-53,06013;2025-03-26 17:10:00.0;0,00
FRANCISCO BELTRÃO;410840301A;PR;Pinheirinho;-26,04632;-53,06013;2025-03-26 18:10:00.0;0,00
FRANCISCO BELTRÃO;410840301A;PR;Pinheirinho;-26,04632;-53,06013;2025-03-26 19:10:00.0;0,00
FRANCISCO BELTRÃO;410840301A;PR;Pinheirinho;-26,04632;-53,06013;2025-03-26 20:10:00.0;0,00
FRANCISCO BELTRÃO;410840301A;PR;Pinheirinho;-26,04632;-53,06013;2025-03-26 21:10:00.0;0,00
FRANCISCO BELTRÃO;410840301A;PR;Pinheirinho;-26,04632;-53,06013;2025-03-26 22:10:00.0;0,00
FRANCISCO BELTRÃO;410840301A;PR;Pinheirinho;-26,04632;-53,06013;2025-03-26 23:10:00.0;0,00
FRANCISCO BELTRÃO;410840301A;PR;Pinheirinho;-26,04632;-53,06013;2025-03-27 00:10:00.0;0,00
FRANCISCO BELTRÃO;410840301A;PR;Pinheirinho;-26,04632;-53,06013;2025-03-27 01:10:00.0;0,00
FRANCISCO BELTRÃO;410840301A;PR;Pinheirinho;-26,04632;-53,06013;2025-03-27 02:10:00.0;0,00
FRANCISCO BELTRÃO;410840301A;PR;Pinheirinho;-26,04632;-53,06013;2025-03-27 03:10:00.0;0,00
FRANCISCO BELTRÃO;410840301A;PR;Pinheirinho;-26,04632;-53,06013;2025-03-27 04:10:00.0;0,00
FRANCISCO BELTRÃO;410840301A;PR;Pinheirinho;-26,04632;-53,06013;2025-03-27 05:10:00.0;0,00
FRANCISCO BELTRÃO;410840301A;PR;Pinheirinho;-26,04632;-53,06013;2025-03-27 06:10:00.0;0,00
FRANCISCO BELTRÃO;410840301A;PR;Pinheirinho;-26,04632;-53,06013;2025-03-27 07:10:00.0;0,00
FRANCISCO BELTRÃO;410840301A;PR;Pinheirinho;-26,04632;-53,06013;2025-03-27 08:10:00.0;0,00
FRANCISCO BELTRÃO;410840301A;PR;Pinheirinho;-26,04632;-53,06013;2025-03-27 09:10:00.0;0,00
FRANCISCO BELTRÃO;410840301A;PR;Pinheirinho;-26,04632;-53,06013;2025-03-27 10:10:00.0;0,00
FRANCISCO BELTRÃO;410840301A;PR;Pinheirinho;-26,04632;-53,06013;2025-03-27 11:10:00.0;0,00
FRANCISCO BELTRÃO;410840301A;PR;Pinheirinho;-26,04632;-53,06013;2025-03-27 12:10:00.0;0,00
FRANCISCO BELTRÃO;410840301A;PR;Pinheirinho;-26,04632;-53,06013;2025-03-27 13:10:00.0;0,00
FRANCISCO BELTRÃO;410840301A;PR;Pinheirinho;-26,04632;-53,06013;2025-03-27 14:10:00.0;0,00
FRANCISCO BELTRÃO;410840301A;PR;Pinheirinho;-26,04632;-53,06013;2025-03-27 15:10:00.0;0,00
FRANCISCO BELTRÃO;410840301A;PR;Pinheirinho;-26,04632;-53,06013;2025-03-27 16:10:00.0;0,00
FRANCISCO BELTRÃO;410840301A;PR;Pinheirinho;-26,04632;-53,06013;2025-03-27 17:10:00.0;0,00
FRANCISCO BELTRÃO;410840301A;PR;Pinheirinho;-26,04632;-53,06013;2025-03-27 18:10:00.0;0,00
FRANCISCO BELTRÃO;410840301A;PR;Pinheirinho;-26,04632;-53,06013;2025-03-27 19:10:00.0;0,00
FRANCISCO BELTRÃO;410840301A;PR;Pinheirinho;-26,04632;-53,06013;2025-03-27 20:10:00.0;0,00
FRANCISCO BELTRÃO;410840301A;PR;Pinheirinho;-26,04632;-53,06013;2025-03-27 21:10:00.0;0,00
FRANCISCO BELTRÃO;410840301A;PR;Pinheirinho;-26,04632;-53,06013;2025-03-27 22:10:00.0;0,00
FRANCISCO BELTRÃO;410840301A;PR;Pinheirinho;-26,04632;-53,06013;2025-03-27 23:10:00.0;0,00
FRANCISCO BELTRÃO;410840301A;PR;Pinheirinho;-26,04632;-53,06013;2025-03-28 00:10:00.0;0,00
FRANCISCO BELTRÃO;410840301A;PR;Pinheirinho;-26,04632;-53,06013;2025-03-28 01:00:00.0;0,20
FRANCISCO BELTRÃO;410840301A;PR;Pinheirinho;-26,04632;-53,06013;2025-03-28 01:10:00.0;0,00
FRANCISCO BELTRÃO;410840301A;PR;Pinheirinho;-26,04632;-53,06013;2025-03-28 01:20:00.0;0,60
FRANCISCO BELTRÃO;410840301A;PR;Pinheirinho;-26,04632;-53,06013;2025-03-28 01:30:00.0;0,40
FRANCISCO BELTRÃO;410840301A;PR;Pinheirinho;-26,04632;-53,06013;2025-03-28 01:40:00.0;2,20
FRANCISCO BELTRÃO;410840301A;PR;Pinheirinho;-26,04632;-53,06013;2025-03-28 01:50:00.0;0,80
FRANCISCO BELTRÃO;410840301A;PR;Pinheirinho;-26,04632;-53,06013;2025-03-28 02:00:00.0;0,20
FRANCISCO BELTRÃO;410840301A;PR;Pinheirinho;-26,04632;-53,06013;2025-03-28 02:10:00.0;0,40
FRANCISCO BELTRÃO;410840301A;PR;Pinheirinho;-26,04632;-53,06013;2025-03-28 02:20:00.0;1,00
FRANCISCO BELTRÃO;410840301A;PR;Pinheirinho;-26,04632;-53,06013;2025-03-28 02:30:00.0;0,80
FRANCISCO BELTRÃO;410840301A;PR;Pinheirinho;-26,04632;-53,06013;2025-03-28 02:40:00.0;2,00
FRANCISCO BELTRÃO;410840301A;PR;Pinheirinho;-26,04632;-53,06013;2025-03-28 02:50:00.0;2,00
FRANCISCO BELTRÃO;410840301A;PR;Pinheirinho;-26,04632;-53,06013;2025-03-28 03:00:00.0;1,40
FRANCISCO BELTRÃO;410840301A;PR;Pinheirinho;-26,04632;-53,06013;2025-03-28 03:10:00.0;0,60
FRANCISCO BELTRÃO;410840301A;PR;Pinheirinho;-26,04632;-53,06013;2025-03-28 03:20:00.0;0,40
FRANCISCO BELTRÃO;410840301A;PR;Pinheirinho;-26,04632;-53,06013;2025-03-28 03:30:00.0;0,80
FRANCISCO BELTRÃO;410840301A;PR;Pinheirinho;-26,04632;-53,06013;2025-03-28 03:40:00.0;0,80
FRANCISCO BELTRÃO;410840301A;PR;Pinheirinho;-26,04632;-53,06013;2025-03-28 03:50:00.0;0,80
FRANCISCO BELTRÃO;410840301A;PR;Pinheirinho;-26,04632;-53,06013;2025-03-28 04:00:00.0;0,60
FRANCISCO BELTRÃO;410840301A;PR;Pinheirinho;-26,04632;-53,06013;2025-03-28 04:10:00.0;0,40
FRANCISCO BELTRÃO;410840301A;PR;Pinheirinho;-26,04632;-53,06013;2025-03-28 05:10:00.0;0,00
FRANCISCO BELTRÃO;410840301A;PR;Pinheirinho;-26,04632;-53,06013;2025-03-28 06:10:00.0;0,00
FRANCISCO BELTRÃO;410840301A;PR;Pinheirinho;-26,04632;-53,06013;2025-03-28 07:10:00.0;0,00
FRANCISCO BELTRÃO;410840301A;PR;Pinheirinho;-26,04632;-53,06013;2025-03-28 08:10:00.0;0,00
FRANCISCO BELTRÃO;410840301A;PR;Pinheirinho;-26,04632;-53,06013;2025-03-28 09:10:00.0;0,00
FRANCISCO BELTRÃO;410840301A;PR;Pinheirinho;-26,04632;-53,06013;2025-03-28 10:10:00.0;0,00
FRANCISCO BELTRÃO;410840301A;PR;Pinheirinho;-26,04632;-53,06013;2025-03-28 10:40:00.0;0,40
FRANCISCO BELTRÃO;410840301A;PR;Pinheirinho;-26,04632;-53,06013;2025-03-28 11:10:00.0;0,00
FRANCISCO BELTRÃO;410840301A;PR;Pinheirinho;-26,04632;-53,06013;2025-03-28 12:10:00.0;0,00
FRANCISCO BELTRÃO;410840301A;PR;Pinheirinho;-26,04632;-53,06013;2025-03-28 13:10:00.0;0,00
FRANCISCO BELTRÃO;410840301A;PR;Pinheirinho;-26,04632;-53,06013;2025-03-28 14:10:00.0;0,00
FRANCISCO BELTRÃO;410840301A;PR;Pinheirinho;-26,04632;-53,06013;2025-03-28 15:10:00.0;0,00
FRANCISCO BELTRÃO;410840301A;PR;Pinheirinho;-26,04632;-53,06013;2025-03-28 16:10:00.0;0,00
FRANCISCO BELTRÃO;410840301A;PR;Pinheirinho;-26,04632;-53,06013;2025-03-28 17:10:00.0;0,00
FRANCISCO BELTRÃO;410840301A;PR;Pinheirinho;-26,04632;-53,06013;2025-03-28 18:10:00.0;0,00
FRANCISCO BELTRÃO;410840301A;PR;Pinheirinho;-26,04632;-53,06013;2025-03-28 19:10:00.0;0,00
FRANCISCO BELTRÃO;410840301A;PR;Pinheirinho;-26,04632;-53,06013;2025-03-28 20:10:00.0;0,00
FRANCISCO BELTRÃO;410840301A;PR;Pinheirinho;-26,04632;-53,06013;2025-03-28 21:10:00.0;0,00
FRANCISCO BELTRÃO;410840301A;PR;Pinheirinho;-26,04632;-53,06013;2025-03-28 22:10:00.0;0,00
FRANCISCO BELTRÃO;410840301A;PR;Pinheirinho;-26,04632;-53,06013;2025-03-28 23:10:00.0;0,00
FRANCISCO BELTRÃO;410840301A;PR;Pinheirinho;-26,04632;-53,06013;2025-03-29 00:10:00.0;0,00
FRANCISCO BELTRÃO;410840301A;PR;Pinheirinho;-26,04632;-53,06013;2025-03-29 01:10:00.0;0,00
FRANCISCO BELTRÃO;410840301A;PR;Pinheirinho;-26,04632;-53,06013;2025-03-29 02:10:00.0;0,00
FRANCISCO BELTRÃO;410840301A;PR;Pinheirinho;-26,04632;-53,06013;2025-03-29 03:10:00.0;0,00
FRANCISCO BELTRÃO;410840301A;PR;Pinheirinho;-26,04632;-53,06013;2025-03-29 04:10:00.0;0,00
FRANCISCO BELTRÃO;410840301A;PR;Pinheirinho;-26,04632;-53,06013;2025-03-29 05:10:00.0;0,00
FRANCISCO BELTRÃO;410840301A;PR;Pinheirinho;-26,04632;-53,06013;2025-03-29 06:10:00.0;0,00
FRANCISCO BELTRÃO;410840301A;PR;Pinheirinho;-26,04632;-53,06013;2025-03-29 07:10:00.0;0,00
FRANCISCO BELTRÃO;410840301A;PR;Pinheirinho;-26,04632;-53,06013;2025-03-29 08:10:00.0;0,00
FRANCISCO BELTRÃO;410840301A;PR;Pinheirinho;-26,04632;-53,06013;2025-03-29 09:10:00.0;0,00
FRANCISCO BELTRÃO;410840301A;PR;Pinheirinho;-26,04632;-53,06013;2025-03-29 10:10:00.0;0,00
FRANCISCO BELTRÃO;410840301A;PR;Pinheirinho;-26,04632;-53,06013;2025-03-29 11:10:00.0;0,00
FRANCISCO BELTRÃO;410840301A;PR;Pinheirinho;-26,04632;-53,06013;2025-03-29 11:20:00.0;2,60
FRANCISCO BELTRÃO;410840301A;PR;Pinheirinho;-26,04632;-53,06013;2025-03-29 11:30:00.0;1,20
FRANCISCO BELTRÃO;410840301A;PR;Pinheirinho;-26,04632;-53,06013;2025-03-29 11:40:00.0;0,20
FRANCISCO BELTRÃO;410840301A;PR;Pinheirinho;-26,04632;-53,06013;2025-03-29 11:50:00.0;0,20
FRANCISCO BELTRÃO;410840301A;PR;Pinheirinho;-26,04632;-53,06013;2025-03-29 12:00:00.0;0,20
FRANCISCO BELTRÃO;410840301A;PR;Pinheirinho;-26,04632;-53,06013;2025-03-29 12:10:00.0;0,60
FRANCISCO BELTRÃO;410840301A;PR;Pinheirinho;-26,04632;-53,06013;2025-03-29 13:10:00.0;0,00
FRANCISCO BELTRÃO;410840301A;PR;Pinheirinho;-26,04632;-53,06013;2025-03-29 14:00:00.0;0,20
FRANCISCO BELTRÃO;410840301A;PR;Pinheirinho;-26,04632;-53,06013;2025-03-29 14:10:00.0;0,00
FRANCISCO BELTRÃO;410840301A;PR;Pinheirinho;-26,04632;-53,06013;2025-03-29 15:10:00.0;0,00
FRANCISCO BELTRÃO;410840301A;PR;Pinheirinho;-26,04632;-53,06013;2025-03-29 16:10:00.0;0,00
FRANCISCO BELTRÃO;410840301A;PR;Pinheirinho;-26,04632;-53,06013;2025-03-29 17:10:00.0;0,00
FRANCISCO BELTRÃO;410840301A;PR;Pinheirinho;-26,04632;-53,06013;2025-03-29 18:10:00.0;0,00
FRANCISCO BELTRÃO;410840301A;PR;Pinheirinho;-26,04632;-53,06013;2025-03-29 19:10:00.0;0,00
FRANCISCO BELTRÃO;410840301A;PR;Pinheirinho;-26,04632;-53,06013;2025-03-29 20:10:00.0;0,00
FRANCISCO BELTRÃO;410840301A;PR;Pinheirinho;-26,04632;-53,06013;2025-03-29 21:10:00.0;0,00
FRANCISCO BELTRÃO;410840301A;PR;Pinheirinho;-26,04632;-53,06013;2025-03-29 22:10:00.0;0,00
FRANCISCO BELTRÃO;410840301A;PR;Pinheirinho;-26,04632;-53,06013;2025-03-29 23:10:00.0;0,00
FRANCISCO BELTRÃO;410840301A;PR;Pinheirinho;-26,04632;-53,06013;2025-03-30 00:10:00.0;0,00
FRANCISCO BELTRÃO;410840301A;PR;Pinheirinho;-26,04632;-53,06013;2025-03-30 01:10:00.0;0,00
FRANCISCO BELTRÃO;410840301A;PR;Pinheirinho;-26,04632;-53,06013;2025-03-30 02:10:00.0;0,00
FRANCISCO BELTRÃO;410840301A;PR;Pinheirinho;-26,04632;-53,06013;2025-03-30 03:10:00.0;0,00
FRANCISCO BELTRÃO;410840301A;PR;Pinheirinho;-26,04632;-53,06013;2025-03-30 04:10:00.0;0,00
FRANCISCO BELTRÃO;410840301A;PR;Pinheirinho;-26,04632;-53,06013;2025-03-30 05:10:00.0;0,00
FRANCISCO BELTRÃO;410840301A;PR;Pinheirinho;-26,04632;-53,06013;2025-03-30 06:10:00.0;0,00
FRANCISCO BELTRÃO;410840301A;PR;Pinheirinho;-26,04632;-53,06013;2025-03-30 07:10:00.0;0,00
FRANCISCO BELTRÃO;410840301A;PR;Pinheirinho;-26,04632;-53,06013;2025-03-30 08:10:00.0;0,00
FRANCISCO BELTRÃO;410840301A;PR;Pinheirinho;-26,04632;-53,06013;2025-03-30 09:10:00.0;0,00
FRANCISCO BELTRÃO;410840301A;PR;Pinheirinho;-26,04632;-53,06013;2025-03-30 10:10:00.0;0,00
FRANCISCO BELTRÃO;410840301A;PR;Pinheirinho;-26,04632;-53,06013;2025-03-30 11:10:00.0;0,00
FRANCISCO BELTRÃO;410840301A;PR;Pinheirinho;-26,04632;-53,06013;2025-03-30 12:10:00.0;0,00
FRANCISCO BELTRÃO;410840301A;PR;Pinheirinho;-26,04632;-53,06013;2025-03-30 13:10:00.0;0,00
FRANCISCO BELTRÃO;410840301A;PR;Pinheirinho;-26,04632;-53,06013;2025-03-30 13:30:00.0;0,20
FRANCISCO BELTRÃO;410840301A;PR;Pinheirinho;-26,04632;-53,06013;2025-03-30 14:10:00.0;0,00
FRANCISCO BELTRÃO;410840301A;PR;Pinheirinho;-26,04632;-53,06013;2025-03-30 15:10:00.0;0,00
FRANCISCO BELTRÃO;410840301A;PR;Pinheirinho;-26,04632;-53,06013;2025-03-30 16:10:00.0;0,00
FRANCISCO BELTRÃO;410840301A;PR;Pinheirinho;-26,04632;-53,06013;2025-03-30 17:10:00.0;0,00
FRANCISCO BELTRÃO;410840301A;PR;Pinheirinho;-26,04632;-53,06013;2025-03-30 18:10:00.0;0,00
FRANCISCO BELTRÃO;410840301A;PR;Pinheirinho;-26,04632;-53,06013;2025-03-30 19:10:00.0;0,00
FRANCISCO BELTRÃO;410840301A;PR;Pinheirinho;-26,04632;-53,06013;2025-03-30 20:10:00.0;0,00
FRANCISCO BELTRÃO;410840301A;PR;Pinheirinho;-26,04632;-53,06013;2025-03-30 21:10:00.0;0,00
FRANCISCO BELTRÃO;410840301A;PR;Pinheirinho;-26,04632;-53,06013;2025-03-30 22:10:00.0;0,00
FRANCISCO BELTRÃO;410840301A;PR;Pinheirinho;-26,04632;-53,06013;2025-03-30 23:10:00.0;0,00
FRANCISCO BELTRÃO;410840301A;PR;Pinheirinho;-26,04632;-53,06013;2025-03-31 00:10:00.0;0,00
FRANCISCO BELTRÃO;410840301A;PR;Pinheirinho;-26,04632;-53,06013;2025-03-31 01:10:00.0;0,00
FRANCISCO BELTRÃO;410840301A;PR;Pinheirinho;-26,04632;-53,06013;2025-03-31 02:10:00.0;0,00
FRANCISCO BELTRÃO;410840301A;PR;Pinheirinho;-26,04632;-53,06013;2025-03-31 03:10:00.0;0,00
FRANCISCO BELTRÃO;410840301A;PR;Pinheirinho;-26,04632;-53,06013;2025-03-31 04:10:00.0;0,00
FRANCISCO BELTRÃO;410840301A;PR;Pinheirinho;-26,04632;-53,06013;2025-03-31 05:10:00.0;0,00
FRANCISCO BELTRÃO;410840301A;PR;Pinheirinho;-26,04632;-53,06013;2025-03-31 06:10:00.0;0,00
FRANCISCO BELTRÃO;410840301A;PR;Pinheirinho;-26,04632;-53,06013;2025-03-31 07:10:00.0;0,00
FRANCISCO BELTRÃO;410840301A;PR;Pinheirinho;-26,04632;-53,06013;2025-03-31 08:10:00.0;0,00
FRANCISCO BELTRÃO;410840301A;PR;Pinheirinho;-26,04632;-53,06013;2025-03-31 09:10:00.0;0,00
FRANCISCO BELTRÃO;410840301A;PR;Pinheirinho;-26,04632;-53,06013;2025-03-31 10:10:00.0;0,00
FRANCISCO BELTRÃO;410840301A;PR;Pinheirinho;-26,04632;-53,06013;2025-03-31 11:10:00.0;0,00
FRANCISCO BELTRÃO;410840301A;PR;Pinheirinho;-26,04632;-53,06013;2025-03-31 12:10:00.0;0,00
FRANCISCO BELTRÃO;410840301A;PR;Pinheirinho;-26,04632;-53,06013;2025-03-31 13:10:00.0;0,00
FRANCISCO BELTRÃO;410840301A;PR;Pinheirinho;-26,04632;-53,06013;2025-03-31 14:10:00.0;0,00
FRANCISCO BELTRÃO;410840301A;PR;Pinheirinho;-26,04632;-53,06013;2025-03-31 15:10:00.0;0,00
FRANCISCO BELTRÃO;410840301A;PR;Pinheirinho;-26,04632;-53,06013;2025-03-31 16:10:00.0;0,00
FRANCISCO BELTRÃO;410840301A;PR;Pinheirinho;-26,04632;-53,06013;2025-03-31 17:10:00.0;0,00
FRANCISCO BELTRÃO;410840301A;PR;Pinheirinho;-26,04632;-53,06013;2025-03-31 18:10:00.0;0,00
FRANCISCO BELTRÃO;410840301A;PR;Pinheirinho;-26,04632;-53,06013;2025-03-31 19:10:00.0;0,00
FRANCISCO BELTRÃO;410840301A;PR;Pinheirinho;-26,04632;-53,06013;2025-03-31 20:10:00.0;0,00
FRANCISCO BELTRÃO;410840301A;PR;Pinheirinho;-26,04632;-53,06013;2025-03-31 21:10:00.0;0,00
FRANCISCO BELTRÃO;410840301A;PR;Pinheirinho;-26,04632;-53,06013;2025-03-31 22:10:00.0;0,00
FRANCISCO BELTRÃO;410840301A;PR;Pinheirinho;-26,04632;-53,06013;2025-03-31 23:00:00.0;1,00
FRANCISCO BELTRÃO;410840301A;PR;Pinheirinho;-26,04632;-53,06013;2025-03-31 23:10:00.0;7,60
FRANCISCO BELTRÃO;410840301A;PR;Pinheirinho;-26,04632;-53,06013;2025-03-31 23:20:00.0;7,40
FRANCISCO BELTRÃO;410840301A;PR;Pinheirinho;-26,04632;-53,06013;2025-03-31 23:30:00.0;4,40
FRANCISCO BELTRÃO;410840301A;PR;Pinheirinho;-26,04632;-53,06013;2025-03-31 23:40:00.0;3,00
FRANCISCO BELTRÃO;410840301A;PR;Pinheirinho;-26,04632;-53,06013;2025-03-31 23:50:00.0;1,20
GUARANIAÇU;410930201A;PR;Centro;-25,1;-52,866;2025-03-01 00:40:00.0;0,00
GUARANIAÇU;410930201A;PR;Centro;-25,1;-52,866;2025-03-01 01:40:00.0;0,00
GUARANIAÇU;410930201A;PR;Centro;-25,1;-52,866;2025-03-01 02:40:00.0;0,00
GUARANIAÇU;410930201A;PR;Centro;-25,1;-52,866;2025-03-01 03:30:00.0;3,18
GUARANIAÇU;410930201A;PR;Centro;-25,1;-52,866;2025-03-01 03:40:00.0;0,20
GUARANIAÇU;410930201A;PR;Centro;-25,1;-52,866;2025-03-01 04:40:00.0;0,00
GUARANIAÇU;410930201A;PR;Centro;-25,1;-52,866;2025-03-01 05:40:00.0;0,00
GUARANIAÇU;410930201A;PR;Centro;-25,1;-52,866;2025-03-01 06:40:00.0;0,00
GUARANIAÇU;410930201A;PR;Centro;-25,1;-52,866;2025-03-01 07:40:00.0;0,00
GUARANIAÇU;410930201A;PR;Centro;-25,1;-52,866;2025-03-01 08:40:00.0;0,00
GUARANIAÇU;410930201A;PR;Centro;-25,1;-52,866;2025-03-01 09:40:00.0;0,00
GUARANIAÇU;410930201A;PR;Centro;-25,1;-52,866;2025-03-01 10:40:00.0;0,00
GUARANIAÇU;410930201A;PR;Centro;-25,1;-52,866;2025-03-01 11:40:00.0;0,00
GUARANIAÇU;410930201A;PR;Centro;-25,1;-52,866;2025-03-01 12:40:00.0;0,00
GUARANIAÇU;410930201A;PR;Centro;-25,1;-52,866;2025-03-01 13:40:00.0;0,00
GUARANIAÇU;410930201A;PR;Centro;-25,1;-52,866;2025-03-01 14:40:00.0;0,00
GUARANIAÇU;410930201A;PR;Centro;-25,1;-52,866;2025-03-01 15:40:00.0;0,00
GUARANIAÇU;410930201A;PR;Centro;-25,1;-52,866;2025-03-01 16:40:00.0;0,00
GUARANIAÇU;410930201A;PR;Centro;-25,1;-52,866;2025-03-01 17:40:00.0;0,00
GUARANIAÇU;410930201A;PR;Centro;-25,1;-52,866;2025-03-01 18:40:00.0;0,00
GUARANIAÇU;410930201A;PR;Centro;-25,1;-52,866;2025-03-01 19:40:00.0;0,00
GUARANIAÇU;410930201A;PR;Centro;-25,1;-52,866;2025-03-01 20:40:00.0;0,00
GUARANIAÇU;410930201A;PR;Centro;-25,1;-52,866;2025-03-01 21:40:00.0;0,00
GUARANIAÇU;410930201A;PR;Centro;-25,1;-52,866;2025-03-01 22:40:00.0;0,00
GUARANIAÇU;410930201A;PR;Centro;-25,1;-52,866;2025-03-01 23:40:00.0;0,00
GUARANIAÇU;410930201A;PR;Centro;-25,1;-52,866;2025-03-02 00:40:00.0;0,00
GUARANIAÇU;410930201A;PR;Centro;-25,1;-52,866;2025-03-02 01:40:00.0;0,00
GUARANIAÇU;410930201A;PR;Centro;-25,1;-52,866;2025-03-02 02:40:00.0;0,00
GUARANIAÇU;410930201A;PR;Centro;-25,1;-52,866;2025-03-02 03:40:00.0;0,00
GUARANIAÇU;410930201A;PR;Centro;-25,1;-52,866;2025-03-02 04:40:00.0;0,00
GUARANIAÇU;410930201A;PR;Centro;-25,1;-52,866;2025-03-02 05:40:00.0;0,00
GUARANIAÇU;410930201A;PR;Centro;-25,1;-52,866;2025-03-02 06:40:00.0;0,00
GUARANIAÇU;410930201A;PR;Centro;-25,1;-52,866;2025-03-02 07:40:00.0;0,00
GUARANIAÇU;410930201A;PR;Centro;-25,1;-52,866;2025-03-02 08:40:00.0;0,00
GUARANIAÇU;410930201A;PR;Centro;-25,1;-52,866;2025-03-02 09:40:00.0;0,00
GUARANIAÇU;410930201A;PR;Centro;-25,1;-52,866;2025-03-02 10:40:00.0;0,00
GUARANIAÇU;410930201A;PR;Centro;-25,1;-52,866;2025-03-02 11:40:00.0;0,00
GUARANIAÇU;410930201A;PR;Centro;-25,1;-52,866;2025-03-02 12:40:00.0;0,00
GUARANIAÇU;410930201A;PR;Centro;-25,1;-52,866;2025-03-02 13:40:00.0;0,00
GUARANIAÇU;410930201A;PR;Centro;-25,1;-52,866;2025-03-02 14:40:00.0;0,00
GUARANIAÇU;410930201A;PR;Centro;-25,1;-52,866;2025-03-02 15:40:00.0;0,00
GUARANIAÇU;410930201A;PR;Centro;-25,1;-52,866;2025-03-02 16:40:00.0;0,00
GUARANIAÇU;410930201A;PR;Centro;-25,1;-52,866;2025-03-02 17:40:00.0;0,00
GUARANIAÇU;410930201A;PR;Centro;-25,1;-52,866;2025-03-02 18:40:00.0;0,00
GUARANIAÇU;410930201A;PR;Centro;-25,1;-52,866;2025-03-02 19:40:00.0;0,00
GUARANIAÇU;410930201A;PR;Centro;-25,1;-52,866;2025-03-02 20:40:00.0;0,00
GUARANIAÇU;410930201A;PR;Centro;-25,1;-52,866;2025-03-02 21:40:00.0;0,00
GUARANIAÇU;410930201A;PR;Centro;-25,1;-52,866;2025-03-02 22:40:00.0;0,00
GUARANIAÇU;410930201A;PR;Centro;-25,1;-52,866;2025-03-02 23:40:00.0;0,00
GUARANIAÇU;410930201A;PR;Centro;-25,1;-52,866;2025-03-03 00:40:00.0;0,00
GUARANIAÇU;410930201A;PR;Centro;-25,1;-52,866;2025-03-03 01:40:00.0;0,00
GUARANIAÇU;410930201A;PR;Centro;-25,1;-52,866;2025-03-03 02:40:00.0;0,00
GUARANIAÇU;410930201A;PR;Centro;-25,1;-52,866;2025-03-03 03:40:00.0;0,00
GUARANIAÇU;410930201A;PR;Centro;-25,1;-52,866;2025-03-03 04:40:00.0;0,00
GUARANIAÇU;410930201A;PR;Centro;-25,1;-52,866;2025-03-03 05:40:00.0;0,00
GUARANIAÇU;410930201A;PR;Centro;-25,1;-52,866;2025-03-03 06:40:00.0;0,00
GUARANIAÇU;410930201A;PR;Centro;-25,1;-52,866;2025-03-03 07:40:00.0;0,00
GUARANIAÇU;410930201A;PR;Centro;-25,1;-52,866;2025-03-03 08:40:00.0;0,00
GUARANIAÇU;410930201A;PR;Centro;-25,1;-52,866;2025-03-03 09:40:00.0;0,00
GUARANIAÇU;410930201A;PR;Centro;-25,1;-52,866;2025-03-03 10:40:00.0;0,00
GUARANIAÇU;410930201A;PR;Centro;-25,1;-52,866;2025-03-03 11:40:00.0;0,00
GUARANIAÇU;410930201A;PR;Centro;-25,1;-52,866;2025-03-03 12:40:00.0;0,00
GUARANIAÇU;410930201A;PR;Centro;-25,1;-52,866;2025-03-03 13:40:00.0;0,00
GUARANIAÇU;410930201A;PR;Centro;-25,1;-52,866;2025-03-03 14:40:00.0;0,00
GUARANIAÇU;410930201A;PR;Centro;-25,1;-52,866;2025-03-03 15:40:00.0;0,00
GUARANIAÇU;410930201A;PR;Centro;-25,1;-52,866;2025-03-03 16:40:00.0;0,00
GUARANIAÇU;410930201A;PR;Centro;-25,1;-52,866;2025-03-03 17:40:00.0;0,00
GUARANIAÇU;410930201A;PR;Centro;-25,1;-52,866;2025-03-03 18:40:00.0;0,00
GUARANIAÇU;410930201A;PR;Centro;-25,1;-52,866;2025-03-03 19:40:00.0;0,00
GUARANIAÇU;410930201A;PR;Centro;-25,1;-52,866;2025-03-03 20:40:00.0;0,00
GUARANIAÇU;410930201A;PR;Centro;-25,1;-52,866;2025-03-03 21:40:00.0;0,00
GUARANIAÇU;410930201A;PR;Centro;-25,1;-52,866;2025-03-03 22:40:00.0;0,00
GUARANIAÇU;410930201A;PR;Centro;-25,1;-52,866;2025-03-03 23:40:00.0;0,00
GUARANIAÇU;410930201A;PR;Centro;-25,1;-52,866;2025-03-04 00:40:00.0;0,00
GUARANIAÇU;410930201A;PR;Centro;-25,1;-52,866;2025-03-04 01:40:00.0;0,00
GUARANIAÇU;410930201A;PR;Centro;-25,1;-52,866;2025-03-04 02:40:00.0;0,00
GUARANIAÇU;410930201A;PR;Centro;-25,1;-52,866;2025-03-04 03:40:00.0;0,00
GUARANIAÇU;410930201A;PR;Centro;-25,1;-52,866;2025-03-04 04:40:00.0;0,00
GUARANIAÇU;410930201A;PR;Centro;-25,1;-52,866;2025-03-04 05:40:00.0;0,00
GUARANIAÇU;410930201A;PR;Centro;-25,1;-52,866;2025-03-04 06:40:00.0;0,00
GUARANIAÇU;410930201A;PR;Centro;-25,1;-52,866;2025-03-04 07:40:00.0;0,00
GUARANIAÇU;410930201A;PR;Centro;-25,1;-52,866;2025-03-04 08:40:00.0;0,00
GUARANIAÇU;410930201A;PR;Centro;-25,1;-52,866;2025-03-04 09:40:00.0;0,00
GUARANIAÇU;410930201A;PR;Centro;-25,1;-52,866;2025-03-04 10:40:00.0;0,00
GUARANIAÇU;410930201A;PR;Centro;-25,1;-52,866;2025-03-04 11:40:00.0;0,00
GUARANIAÇU;410930201A;PR;Centro;-25,1;-52,866;2025-03-04 12:40:00.0;0,00
GUARANIAÇU;410930201A;PR;Centro;-25,1;-52,866;2025-03-04 13:40:00.0;0,00
GUARANIAÇU;410930201A;PR;Centro;-25,1;-52,866;2025-03-04 14:40:00.0;0,00
GUARANIAÇU;410930201A;PR;Centro;-25,1;-52,866;2025-03-04 15:40:00.0;0,00
GUARANIAÇU;410930201A;PR;Centro;-25,1;-52,866;2025-03-04 16:40:00.0;0,00
GUARANIAÇU;410930201A;PR;Centro;-25,1;-52,866;2025-03-04 17:40:00.0;0,00
GUARANIAÇU;410930201A;PR;Centro;-25,1;-52,866;2025-03-04 18:40:00.0;0,00
GUARANIAÇU;410930201A;PR;Centro;-25,1;-52,866;2025-03-04 19:40:00.0;0,00
GUARANIAÇU;410930201A;PR;Centro;-25,1;-52,866;2025-03-04 20:40:00.0;0,00
GUARANIAÇU;410930201A;PR;Centro;-25,1;-52,866;2025-03-04 21:40:00.0;0,00
GUARANIAÇU;410930201A;PR;Centro;-25,1;-52,866;2025-03-04 22:40:00.0;0,00
GUARANIAÇU;410930201A;PR;Centro;-25,1;-52,866;2025-03-04 23:40:00.0;0,00
GUARANIAÇU;410930201A;PR;Centro;-25,1;-52,866;2025-03-05 00:40:00.0;0,00
GUARANIAÇU;410930201A;PR;Centro;-25,1;-52,866;2025-03-05 01:40:00.0;0,00
GUARANIAÇU;410930201A;PR;Centro;-25,1;-52,866;2025-03-05 02:40:00.0;0,00
GUARANIAÇU;410930201A;PR;Centro;-25,1;-52,866;2025-03-05 03:40:00.0;0,00
GUARANIAÇU;410930201A;PR;Centro;-25,1;-52,866;2025-03-05 04:40:00.0;0,00
GUARANIAÇU;410930201A;PR;Centro;-25,1;-52,866;2025-03-05 05:40:00.0;0,00
GUARANIAÇU;410930201A;PR;Centro;-25,1;-52,866;2025-03-05 06:40:00.0;0,00
GUARANIAÇU;410930201A;PR;Centro;-25,1;-52,866;2025-03-05 07:40:00.0;0,00
GUARANIAÇU;410930201A;PR;Centro;-25,1;-52,866;2025-03-05 08:40:00.0;0,00
GUARANIAÇU;410930201A;PR;Centro;-25,1;-52,866;2025-03-05 09:40:00.0;0,00
GUARANIAÇU;410930201A;PR;Centro;-25,1;-52,866;2025-03-05 10:40:00.0;0,00
GUARANIAÇU;410930201A;PR;Centro;-25,1;-52,866;2025-03-05 11:40:00.0;0,00
GUARANIAÇU;410930201A;PR;Centro;-25,1;-52,866;2025-03-05 12:40:00.0;0,00
GUARANIAÇU;410930201A;PR;Centro;-25,1;-52,866;2025-03-05 13:40:00.0;0,00
GUARANIAÇU;410930201A;PR;Centro;-25,1;-52,866;2025-03-05 14:40:00.0;0,00
GUARANIAÇU;410930201A;PR;Centro;-25,1;-52,866;2025-03-05 15:40:00.0;0,00
GUARANIAÇU;410930201A;PR;Centro;-25,1;-52,866;2025-03-05 16:40:00.0;0,00
GUARANIAÇU;410930201A;PR;Centro;-25,1;-52,866;2025-03-05 17:40:00.0;0,00
GUARANIAÇU;410930201A;PR;Centro;-25,1;-52,866;2025-03-05 18:40:00.0;0,00
GUARANIAÇU;410930201A;PR;Centro;-25,1;-52,866;2025-03-05 19:10:00.0;0,39
GUARANIAÇU;410930201A;PR;Centro;-25,1;-52,866;2025-03-05 19:20:00.0;2,16
GUARANIAÇU;410930201A;PR;Centro;-25,1;-52,866;2025-03-05 19:30:00.0;0,79
GUARANIAÇU;410930201A;PR;Centro;-25,1;-52,866;2025-03-05 19:40:00.0;0,20
GUARANIAÇU;410930201A;PR;Centro;-25,1;-52,866;2025-03-05 19:50:00.0;0,20
GUARANIAÇU;410930201A;PR;Centro;-25,1;-52,866;2025-03-05 20:40:00.0;0,00
GUARANIAÇU;410930201A;PR;Centro;-25,1;-52,866;2025-03-05 20:50:00.0;0,20
GUARANIAÇU;410930201A;PR;Centro;-25,1;-52,866;2025-03-05 21:40:00.0;0,00
GUARANIAÇU;410930201A;PR;Centro;-25,1;-52,866;2025-03-05 22:40:00.0;0,00
GUARANIAÇU;410930201A;PR;Centro;-25,1;-52,866;2025-03-05 23:40:00.0;0,00
GUARANIAÇU;410930201A;PR;Centro;-25,1;-52,866;2025-03-06 00:40:00.0;0,00
GUARANIAÇU;410930201A;PR;Centro;-25,1;-52,866;2025-03-06 02:00:00.0;0,00
GUARANIAÇU;410930201A;PR;Centro;-25,1;-52,866;2025-03-06 02:40:00.0;0,00
GUARANIAÇU;410930201A;PR;Centro;-25,1;-52,866;2025-03-06 03:00:00.0;0,20
GUARANIAÇU;410930201A;PR;Centro;-25,1;-52,866;2025-03-06 03:40:00.0;0,00
GUARANIAÇU;410930201A;PR;Centro;-25,1;-52,866;2025-03-06 04:40:00.0;0,00
GUARANIAÇU;410930201A;PR;Centro;-25,1;-52,866;2025-03-06 05:40:00.0;0,00
GUARANIAÇU;410930201A;PR;Centro;-25,1;-52,866;2025-03-06 06:40:00.0;0,00
GUARANIAÇU;410930201A;PR;Centro;-25,1;-52,866;2025-03-06 07:40:00.0;0,00
GUARANIAÇU;410930201A;PR;Centro;-25,1;-52,866;2025-03-06 08:40:00.0;0,00
GUARANIAÇU;410930201A;PR;Centro;-25,1;-52,866;2025-03-06 09:40:00.0;0,00
GUARANIAÇU;410930201A;PR;Centro;-25,1;-52,866;2025-03-06 10:40:00.0;0,00
GUARANIAÇU;410930201A;PR;Centro;-25,1;-52,866;2025-03-06 11:40:00.0;0,00
GUARANIAÇU;410930201A;PR;Centro;-25,1;-52,866;2025-03-06 12:40:00.0;0,00
GUARANIAÇU;410930201A;PR;Centro;-25,1;-52,866;2025-03-06 13:40:00.0;0,00
GUARANIAÇU;410930201A;PR;Centro;-25,1;-52,866;2025-03-06 14:40:00.0;0,00
GUARANIAÇU;410930201A;PR;Centro;-25,1;-52,866;2025-03-06 15:40:00.0;0,00
GUARANIAÇU;410930201A;PR;Centro;-25,1;-52,866;2025-03-06 16:40:00.0;0,00
GUARANIAÇU;410930201A;PR;Centro;-25,1;-52,866;2025-03-06 17:40:00.0;0,00
GUARANIAÇU;410930201A;PR;Centro;-25,1;-52,866;2025-03-06 18:40:00.0;0,00
GUARANIAÇU;410930201A;PR;Centro;-25,1;-52,866;2025-03-06 19:40:00.0;0,00
GUARANIAÇU;410930201A;PR;Centro;-25,1;-52,866;2025-03-06 20:40:00.0;0,00
GUARANIAÇU;410930201A;PR;Centro;-25,1;-52,866;2025-03-06 21:40:00.0;0,00
GUARANIAÇU;410930201A;PR;Centro;-25,1;-52,866;2025-03-06 22:40:00.0;0,00
GUARANIAÇU;410930201A;PR;Centro;-25,1;-52,866;2025-03-06 23:40:00.0;0,00
GUARANIAÇU;410930201A;PR;Centro;-25,1;-52,866;2025-03-07 00:40:00.0;0,00
GUARANIAÇU;410930201A;PR;Centro;-25,1;-52,866;2025-03-07 01:40:00.0;0,00
GUARANIAÇU;410930201A;PR;Centro;-25,1;-52,866;2025-03-07 02:40:00.0;0,00
GUARANIAÇU;410930201A;PR;Centro;-25,1;-52,866;2025-03-07 03:40:00.0;0,00
GUARANIAÇU;410930201A;PR;Centro;-25,1;-52,866;2025-03-07 04:40:00.0;0,00
GUARANIAÇU;410930201A;PR;Centro;-25,1;-52,866;2025-03-07 05:40:00.0;0,00
GUARANIAÇU;410930201A;PR;Centro;-25,1;-52,866;2025-03-07 06:40:00.0;0,00
GUARANIAÇU;410930201A;PR;Centro;-25,1;-52,866;2025-03-07 07:40:00.0;0,00
GUARANIAÇU;410930201A;PR;Centro;-25,1;-52,866;2025-03-07 08:40:00.0;0,00
GUARANIAÇU;410930201A;PR;Centro;-25,1;-52,866;2025-03-07 09:40:00.0;0,00
GUARANIAÇU;410930201A;PR;Centro;-25,1;-52,866;2025-03-07 10:40:00.0;0,00
GUARANIAÇU;410930201A;PR;Centro;-25,1;-52,866;2025-03-07 11:40:00.0;0,00
GUARANIAÇU;410930201A;PR;Centro;-25,1;-52,866;2025-03-07 12:40:00.0;0,00
GUARANIAÇU;410930201A;PR;Centro;-25,1;-52,866;2025-03-07 13:40:00.0;0,00
GUARANIAÇU;410930201A;PR;Centro;-25,1;-52,866;2025-03-07 14:40:00.0;0,00
GUARANIAÇU;410930201A;PR;Centro;-25,1;-52,866;2025-03-07 15:40:00.0;0,00
GUARANIAÇU;410930201A;PR;Centro;-25,1;-52,866;2025-03-07 16:40:00.0;0,00
GUARANIAÇU;410930201A;PR;Centro;-25,1;-52,866;2025-03-07 17:40:00.0;0,00
GUARANIAÇU;410930201A;PR;Centro;-25,1;-52,866;2025-03-07 18:40:00.0;0,00
GUARANIAÇU;410930201A;PR;Centro;-25,1;-52,866;2025-03-07 19:40:00.0;0,00
GUARANIAÇU;410930201A;PR;Centro;-25,1;-52,866;2025-03-07 20:40:00.0;0,00
GUARANIAÇU;410930201A;PR;Centro;-25,1;-52,866;2025-03-07 21:40:00.0;0,00
GUARANIAÇU;410930201A;PR;Centro;-25,1;-52,866;2025-03-07 22:40:00.0;0,00
GUARANIAÇU;410930201A;PR;Centro;-25,1;-52,866;2025-03-07 23:40:00.0;0,00
GUARANIAÇU;410930201A;PR;Centro;-25,1;-52,866;2025-03-08 00:40:00.0;0,00
GUARANIAÇU;410930201A;PR;Centro;-25,1;-52,866;2025-03-08 01:40:00.0;0,00
GUARANIAÇU;410930201A;PR;Centro;-25,1;-52,866;2025-03-08 02:40:00.0;0,00
GUARANIAÇU;410930201A;PR;Centro;-25,1;-52,866;2025-03-08 03:40:00.0;0,00
GUARANIAÇU;410930201A;PR;Centro;-25,1;-52,866;2025-03-08 04:40:00.0;0,00
GUARANIAÇU;410930201A;PR;Centro;-25,1;-52,866;2025-03-08 05:40:00.0;0,00
GUARANIAÇU;410930201A;PR;Centro;-25,1;-52,866;2025-03-08 06:40:00.0;0,00
GUARANIAÇU;410930201A;PR;Centro;-25,1;-52,866;2025-03-08 07:40:00.0;0,00
GUARANIAÇU;410930201A;PR;Centro;-25,1;-52,866;2025-03-08 08:40:00.0;0,00
GUARANIAÇU;410930201A;PR;Centro;-25,1;-52,866;2025-03-08 09:40:00.0;0,00
GUARANIAÇU;410930201A;PR;Centro;-25,1;-52,866;2025-03-08 10:40:00.0;0,00
GUARANIAÇU;410930201A;PR;Centro;-25,1;-52,866;2025-03-08 11:40:00.0;0,00
GUARANIAÇU;410930201A;PR;Centro;-25,1;-52,866;2025-03-08 12:40:00.0;0,00
GUARANIAÇU;410930201A;PR;Centro;-25,1;-52,866;2025-03-08 13:40:00.0;0,00
GUARANIAÇU;410930201A;PR;Centro;-25,1;-52,866;2025-03-08 14:40:00.0;0,00
GUARANIAÇU;410930201A;PR;Centro;-25,1;-52,866;2025-03-08 15:40:00.0;0,00
GUARANIAÇU;410930201A;PR;Centro;-25,1;-52,866;2025-03-08 16:40:00.0;0,00
GUARANIAÇU;410930201A;PR;Centro;-25,1;-52,866;2025-03-08 17:40:00.0;0,00
GUARANIAÇU;410930201A;PR;Centro;-25,1;-52,866;2025-03-08 18:40:00.0;0,00
GUARANIAÇU;410930201A;PR;Centro;-25,1;-52,866;2025-03-08 19:40:00.0;0,00
GUARANIAÇU;410930201A;PR;Centro;-25,1;-52,866;2025-03-08 20:40:00.0;0,00
GUARANIAÇU;410930201A;PR;Centro;-25,1;-52,866;2025-03-08 21:40:00.0;0,00
GUARANIAÇU;410930201A;PR;Centro;-25,1;-52,866;2025-03-08 22:40:00.0;0,00
GUARANIAÇU;410930201A;PR;Centro;-25,1;-52,866;2025-03-08 23:40:00.0;0,00
GUARANIAÇU;410930201A;PR;Centro;-25,1;-52,866;2025-03-09 00:40:00.0;0,00
GUARANIAÇU;410930201A;PR;Centro;-25,1;-52,866;2025-03-09 01:40:00.0;0,00
GUARANIAÇU;410930201A;PR;Centro;-25,1;-52,866;2025-03-09 02:40:00.0;0,00
GUARANIAÇU;410930201A;PR;Centro;-25,1;-52,866;2025-03-09 03:40:00.0;0,00
GUARANIAÇU;410930201A;PR;Centro;-25,1;-52,866;2025-03-09 04:40:00.0;0,00
GUARANIAÇU;410930201A;PR;Centro;-25,1;-52,866;2025-03-09 05:40:00.0;0,00
GUARANIAÇU;410930201A;PR;Centro;-25,1;-52,866;2025-03-09 06:40:00.0;0,00
GUARANIAÇU;410930201A;PR;Centro;-25,1;-52,866;2025-03-09 07:40:00.0;0,00
GUARANIAÇU;410930201A;PR;Centro;-25,1;-52,866;2025-03-09 08:40:00.0;0,00
GUARANIAÇU;410930201A;PR;Centro;-25,1;-52,866;2025-03-09 09:40:00.0;0,00
GUARANIAÇU;410930201A;PR;Centro;-25,1;-52,866;2025-03-09 10:40:00.0;0,00
GUARANIAÇU;410930201A;PR;Centro;-25,1;-52,866;2025-03-09 11:40:00.0;0,00
GUARANIAÇU;410930201A;PR;Centro;-25,1;-52,866;2025-03-09 12:40:00.0;0,00
GUARANIAÇU;410930201A;PR;Centro;-25,1;-52,866;2025-03-09 13:40:00.0;0,00
GUARANIAÇU;410930201A;PR;Centro;-25,1;-52,866;2025-03-09 14:40:00.0;0,00
GUARANIAÇU;410930201A;PR;Centro;-25,1;-52,866;2025-03-09 15:40:00.0;0,00
GUARANIAÇU;410930201A;PR;Centro;-25,1;-52,866;2025-03-09 16:40:00.0;0,00
GUARANIAÇU;410930201A;PR;Centro;-25,1;-52,866;2025-03-09 17:40:00.0;0,00
GUARANIAÇU;410930201A;PR;Centro;-25,1;-52,866;2025-03-09 18:40:00.0;0,00
GUARANIAÇU;410930201A;PR;Centro;-25,1;-52,866;2025-03-09 19:40:00.0;4,54
GUARANIAÇU;410930201A;PR;Centro;-25,1;-52,866;2025-03-09 19:50:00.0;1,38
GUARANIAÇU;410930201A;PR;Centro;-25,1;-52,866;2025-03-09 20:00:00.0;0,20
GUARANIAÇU;410930201A;PR;Centro;-25,1;-52,866;2025-03-09 20:40:00.0;0,00
GUARANIAÇU;410930201A;PR;Centro;-25,1;-52,866;2025-03-09 20:50:00.0;0,79
GUARANIAÇU;410930201A;PR;Centro;-25,1;-52,866;2025-03-09 21:00:00.0;0,20
GUARANIAÇU;410930201A;PR;Centro;-25,1;-52,866;2025-03-09 21:40:00.0;0,00
GUARANIAÇU;410930201A;PR;Centro;-25,1;-52,866;2025-03-09 22:40:00.0;0,00
GUARANIAÇU;410930201A;PR;Centro;-25,1;-52,866;2025-03-09 23:40:00.0;0,00
GUARANIAÇU;410930201A;PR;Centro;-25,1;-52,866;2025-03-10 00:40:00.0;0,00
GUARANIAÇU;410930201A;PR;Centro;-25,1;-52,866;2025-03-10 01:40:00.0;0,00
GUARANIAÇU;410930201A;PR;Centro;-25,1;-52,866;2025-03-10 02:40:00.0;0,00
GUARANIAÇU;410930201A;PR;Centro;-25,1;-52,866;2025-03-10 03:40:00.0;0,00
GUARANIAÇU;410930201A;PR;Centro;-25,1;-52,866;2025-03-10 04:40:00.0;0,00
GUARANIAÇU;410930201A;PR;Centro;-25,1;-52,866;2025-03-10 05:40:00.0;0,00
GUARANIAÇU;410930201A;PR;Centro;-25,1;-52,866;2025-03-10 06:40:00.0;0,00
GUARANIAÇU;410930201A;PR;Centro;-25,1;-52,866;2025-03-10 07:40:00.0;0,00
GUARANIAÇU;410930201A;PR;Centro;-25,1;-52,866;2025-03-10 08:40:00.0;0,00
GUARANIAÇU;410930201A;PR;Centro;-25,1;-52,866;2025-03-10 09:40:00.0;0,00
GUARANIAÇU;410930201A;PR;Centro;-25,1;-52,866;2025-03-10 10:40:00.0;0,00
GUARANIAÇU;410930201A;PR;Centro;-25,1;-52,866;2025-03-10 11:40:00.0;0,00
GUARANIAÇU;410930201A;PR;Centro;-25,1;-52,866;2025-03-10 12:10:00.0;0,20
GUARANIAÇU;410930201A;PR;Centro;-25,1;-52,866;2025-03-10 12:40:00.0;0,00
GUARANIAÇU;410930201A;PR;Centro;-25,1;-52,866;2025-03-10 13:40:00.0;0,00
GUARANIAÇU;410930201A;PR;Centro;-25,1;-52,866;2025-03-10 14:40:00.0;0,00
GUARANIAÇU;410930201A;PR;Centro;-25,1;-52,866;2025-03-10 15:40:00.0;0,00
GUARANIAÇU;410930201A;PR;Centro;-25,1;-52,866;2025-03-10 16:40:00.0;0,00
GUARANIAÇU;410930201A;PR;Centro;-25,1;-52,866;2025-03-10 17:40:00.0;0,00
GUARANIAÇU;410930201A;PR;Centro;-25,1;-52,866;2025-03-10 18:40:00.0;0,00
GUARANIAÇU;410930201A;PR;Centro;-25,1;-52,866;2025-03-10 19:40:00.0;0,00
GUARANIAÇU;410930201A;PR;Centro;-25,1;-52,866;2025-03-10 20:40:00.0;0,00
GUARANIAÇU;410930201A;PR;Centro;-25,1;-52,866;2025-03-10 21:40:00.0;0,00
GUARANIAÇU;410930201A;PR;Centro;-25,1;-52,866;2025-03-10 22:40:00.0;0,00
GUARANIAÇU;410930201A;PR;Centro;-25,1;-52,866;2025-03-10 23:40:00.0;0,00
GUARANIAÇU;410930201A;PR;Centro;-25,1;-52,866;2025-03-11 00:40:00.0;0,00
GUARANIAÇU;410930201A;PR;Centro;-25,1;-52,866;2025-03-11 01:40:00.0;0,00
GUARANIAÇU;410930201A;PR;Centro;-25,1;-52,866;2025-03-11 02:40:00.0;0,00
GUARANIAÇU;410930201A;PR;Centro;-25,1;-52,866;2025-03-11 03:40:00.0;0,00
GUARANIAÇU;410930201A;PR;Centro;-25,1;-52,866;2025-03-11 04:40:00.0;0,00
GUARANIAÇU;410930201A;PR;Centro;-25,1;-52,866;2025-03-11 05:40:00.0;0,00
GUARANIAÇU;410930201A;PR;Centro;-25,1;-52,866;2025-03-11 06:40:00.0;0,00
GUARANIAÇU;410930201A;PR;Centro;-25,1;-52,866;2025-03-11 07:40:00.0;0,00
GUARANIAÇU;410930201A;PR;Centro;-25,1;-52,866;2025-03-11 08:40:00.0;0,00
GUARANIAÇU;410930201A;PR;Centro;-25,1;-52,866;2025-03-11 09:40:00.0;0,00
GUARANIAÇU;410930201A;PR;Centro;-25,1;-52,866;2025-03-11 10:00:00.0;0,20
GUARANIAÇU;410930201A;PR;Centro;-25,1;-52,866;2025-03-11 10:40:00.0;0,00
GUARANIAÇU;410930201A;PR;Centro;-25,1;-52,866;2025-03-11 11:20:00.0;0,39
GUARANIAÇU;410930201A;PR;Centro;-25,1;-52,866;2025-03-11 11:40:00.0;0,00
GUARANIAÇU;410930201A;PR;Centro;-25,1;-52,866;2025-03-11 12:40:00.0;0,00
GUARANIAÇU;410930201A;PR;Centro;-25,1;-52,866;2025-03-11 13:40:00.0;0,00
GUARANIAÇU;410930201A;PR;Centro;-25,1;-52,866;2025-03-11 14:40:00.0;0,00
GUARANIAÇU;410930201A;PR;Centro;-25,1;-52,866;2025-03-11 15:40:00.0;0,00
GUARANIAÇU;410930201A;PR;Centro;-25,1;-52,866;2025-03-11 16:20:00.0;0,20
GUARANIAÇU;410930201A;PR;Centro;-25,1;-52,866;2025-03-11 16:40:00.0;0,00
GUARANIAÇU;410930201A;PR;Centro;-25,1;-52,866;2025-03-11 17:40:00.0;1,99
GUARANIAÇU;410930201A;PR;Centro;-25,1;-52,866;2025-03-11 17:50:00.0;3,94
GUARANIAÇU;410930201A;PR;Centro;-25,1;-52,866;2025-03-11 18:00:00.0;8,78
GUARANIAÇU;410930201A;PR;Centro;-25,1;-52,866;2025-03-11 18:10:00.0;14,08
GUARANIAÇU;410930201A;PR;Centro;-25,1;-52,866;2025-03-11 18:20:00.0;6,10
GUARANIAÇU;410930201A;PR;Centro;-25,1;-52,866;2025-03-11 18:30:00.0;10,98
GUARANIAÇU;410930201A;PR;Centro;-25,1;-52,866;2025-03-11 18:40:00.0;12,61
GUARANIAÇU;410930201A;PR;Centro;-25,1;-52,866;2025-03-11 18:50:00.0;5,12
GUARANIAÇU;410930201A;PR;Centro;-25,1;-52,866;2025-03-11 19:00:00.0;1,18
GUARANIAÇU;410930201A;PR;Centro;-25,1;-52,866;2025-03-11 19:10:00.0;0,59
GUARANIAÇU;410930201A;PR;Centro;-25,1;-52,866;2025-03-11 19:20:00.0;0,39
GUARANIAÇU;410930201A;PR;Centro;-25,1;-52,866;2025-03-11 19:30:00.0;0,79
GUARANIAÇU;410930201A;PR;Centro;-25,1;-52,866;2025-03-11 19:40:00.0;0,20
GUARANIAÇU;410930201A;PR;Centro;-25,1;-52,866;2025-03-11 19:50:00.0;0,39
GUARANIAÇU;410930201A;PR;Centro;-25,1;-52,866;2025-03-11 20:00:00.0;0,20
GUARANIAÇU;410930201A;PR;Centro;-25,1;-52,866;2025-03-11 20:10:00.0;0,59
GUARANIAÇU;410930201A;PR;Centro;-25,1;-52,866;2025-03-11 20:20:00.0;0,39
GUARANIAÇU;410930201A;PR;Centro;-25,1;-52,866;2025-03-11 20:30:00.0;0,59
GUARANIAÇU;410930201A;PR;Centro;-25,1;-52,866;2025-03-11 20:40:00.0;1,37
GUARANIAÇU;410930201A;PR;Centro;-25,1;-52,866;2025-03-11 20:50:00.0;0,79
GUARANIAÇU;410930201A;PR;Centro;-25,1;-52,866;2025-03-11 21:00:00.0;0,39
GUARANIAÇU;410930201A;PR;Centro;-25,1;-52,866;2025-03-11 21:10:00.0;0,20
GUARANIAÇU;410930201A;PR;Centro;-25,1;-52,866;2025-03-11 21:20:00.0;0,20
GUARANIAÇU;410930201A;PR;Centro;-25,1;-52,866;2025-03-11 21:40:00.0;0,00
GUARANIAÇU;410930201A;PR;Centro;-25,1;-52,866;2025-03-11 22:20:00.0;0,20
GUARANIAÇU;410930201A;PR;Centro;-25,1;-52,866;2025-03-11 22:40:00.0;0,00
GUARANIAÇU;410930201A;PR;Centro;-25,1;-52,866;2025-03-11 23:40:00.0;0,00
GUARANIAÇU;410930201A;PR;Centro;-25,1;-52,866;2025-03-12 00:40:00.0;0,00
GUARANIAÇU;410930201A;PR;Centro;-25,1;-52,866;2025-03-12 01:40:00.0;0,00
GUARANIAÇU;410930201A;PR;Centro;-25,1;-52,866;2025-03-12 02:40:00.0;0,00
GUARANIAÇU;410930201A;PR;Centro;-25,1;-52,866;2025-03-12 03:40:00.0;0,00
GUARANIAÇU;410930201A;PR;Centro;-25,1;-52,866;2025-03-12 04:40:00.0;0,00
GUARANIAÇU;410930201A;PR;Centro;-25,1;-52,866;2025-03-12 05:40:00.0;0,00
GUARANIAÇU;410930201A;PR;Centro;-25,1;-52,866;2025-03-12 06:40:00.0;0,00
GUARANIAÇU;410930201A;PR;Centro;-25,1;-52,866;2025-03-12 07:40:00.0;0,00
GUARANIAÇU;410930201A;PR;Centro;-25,1;-52,866;2025-03-12 08:40:00.0;0,00
GUARANIAÇU;410930201A;PR;Centro;-25,1;-52,866;2025-03-12 09:40:00.0;0,00
GUARANIAÇU;410930201A;PR;Centro;-25,1;-52,866;2025-03-12 10:40:00.0;0,00
GUARANIAÇU;410930201A;PR;Centro;-25,1;-52,866;2025-03-12 11:40:00.0;0,00
GUARANIAÇU;410930201A;PR;Centro;-25,1;-52,866;2025-03-12 12:40:00.0;0,00
GUARANIAÇU;410930201A;PR;Centro;-25,1;-52,866;2025-03-12 13:40:00.0;0,00
GUARANIAÇU;410930201A;PR;Centro;-25,1;-52,866;2025-03-12 14:00:00.0;0,20
GUARANIAÇU;410930201A;PR;Centro;-25,1;-52,866;2025-03-12 14:40:00.0;0,00
GUARANIAÇU;410930201A;PR;Centro;-25,1;-52,866;2025-03-12 15:40:00.0;0,00
GUARANIAÇU;410930201A;PR;Centro;-25,1;-52,866;2025-03-12 16:40:00.0;0,00
GUARANIAÇU;410930201A;PR;Centro;-25,1;-52,866;2025-03-12 17:40:00.0;0,00
GUARANIAÇU;410930201A;PR;Centro;-25,1;-52,866;2025-03-12 18:40:00.0;0,00
GUARANIAÇU;410930201A;PR;Centro;-25,1;-52,866;2025-03-12 19:40:00.0;0,00
GUARANIAÇU;410930201A;PR;Centro;-25,1;-52,866;2025-03-12 20:10:00.0;0,20
GUARANIAÇU;410930201A;PR;Centro;-25,1;-52,866;2025-03-12 20:40:00.0;0,00
GUARANIAÇU;410930201A;PR;Centro;-25,1;-52,866;2025-03-12 21:40:00.0;0,00
GUARANIAÇU;410930201A;PR;Centro;-25,1;-52,866;2025-03-12 22:40:00.0;0,00
GUARANIAÇU;410930201A;PR;Centro;-25,1;-52,866;2025-03-12 23:40:00.0;0,00
GUARANIAÇU;410930201A;PR;Centro;-25,1;-52,866;2025-03-13 00:40:00.0;0,00
GUARANIAÇU;410930201A;PR;Centro;-25,1;-52,866;2025-03-13 01:40:00.0;0,00
GUARANIAÇU;410930201A;PR;Centro;-25,1;-52,866;2025-03-13 02:40:00.0;0,00
GUARANIAÇU;410930201A;PR;Centro;-25,1;-52,866;2025-03-13 03:40:00.0;0,00
GUARANIAÇU;410930201A;PR;Centro;-25,1;-52,866;2025-03-13 04:40:00.0;0,00
GUARANIAÇU;410930201A;PR;Centro;-25,1;-52,866;2025-03-13 05:40:00.0;0,00
GUARANIAÇU;410930201A;PR;Centro;-25,1;-52,866;2025-03-13 06:40:00.0;0,00
GUARANIAÇU;410930201A;PR;Centro;-25,1;-52,866;2025-03-13 07:40:00.0;0,00
GUARANIAÇU;410930201A;PR;Centro;-25,1;-52,866;2025-03-13 08:40:00.0;0,00
GUARANIAÇU;410930201A;PR;Centro;-25,1;-52,866;2025-03-13 09:40:00.0;0,00
GUARANIAÇU;410930201A;PR;Centro;-25,1;-52,866;2025-03-13 10:40:00.0;0,00
GUARANIAÇU;410930201A;PR;Centro;-25,1;-52,866;2025-03-13 11:40:00.0;0,00
GUARANIAÇU;410930201A;PR;Centro;-25,1;-52,866;2025-03-13 12:40:00.0;0,00
GUARANIAÇU;410930201A;PR;Centro;-25,1;-52,866;2025-03-13 13:40:00.0;0,00
GUARANIAÇU;410930201A;PR;Centro;-25,1;-52,866;2025-03-13 14:40:00.0;0,00
GUARANIAÇU;410930201A;PR;Centro;-25,1;-52,866;2025-03-13 15:40:00.0;0,00
GUARANIAÇU;410930201A;PR;Centro;-25,1;-52,866;2025-03-13 16:40:00.0;0,00
GUARANIAÇU;410930201A;PR;Centro;-25,1;-52,866;2025-03-13 17:40:00.0;0,00
GUARANIAÇU;410930201A;PR;Centro;-25,1;-52,866;2025-03-13 18:40:00.0;0,00
GUARANIAÇU;410930201A;PR;Centro;-25,1;-52,866;2025-03-13 19:40:00.0;0,00
GUARANIAÇU;410930201A;PR;Centro;-25,1;-52,866;2025-03-13 20:40:00.0;0,00
GUARANIAÇU;410930201A;PR;Centro;-25,1;-52,866;2025-03-13 21:40:00.0;0,00
GUARANIAÇU;410930201A;PR;Centro;-25,1;-52,866;2025-03-13 22:40:00.0;0,00
GUARANIAÇU;410930201A;PR;Centro;-25,1;-52,866;2025-03-13 23:40:00.0;0,00
GUARANIAÇU;410930201A;PR;Centro;-25,1;-52,866;2025-03-14 00:40:00.0;0,00
GUARANIAÇU;410930201A;PR;Centro;-25,1;-52,866;2025-03-14 01:40:00.0;0,00
GUARANIAÇU;410930201A;PR;Centro;-25,1;-52,866;2025-03-14 02:40:00.0;0,00
GUARANIAÇU;410930201A;PR;Centro;-25,1;-52,866;2025-03-14 03:40:00.0;0,00
GUARANIAÇU;410930201A;PR;Centro;-25,1;-52,866;2025-03-14 04:40:00.0;0,00
GUARANIAÇU;410930201A;PR;Centro;-25,1;-52,866;2025-03-14 05:40:00.0;0,00
GUARANIAÇU;410930201A;PR;Centro;-25,1;-52,866;2025-03-14 06:40:00.0;0,00
GUARANIAÇU;410930201A;PR;Centro;-25,1;-52,866;2025-03-14 07:40:00.0;0,00
GUARANIAÇU;410930201A;PR;Centro;-25,1;-52,866;2025-03-14 08:40:00.0;0,00
GUARANIAÇU;410930201A;PR;Centro;-25,1;-52,866;2025-03-14 09:40:00.0;0,00
GUARANIAÇU;410930201A;PR;Centro;-25,1;-52,866;2025-03-14 10:40:00.0;0,00
GUARANIAÇU;410930201A;PR;Centro;-25,1;-52,866;2025-03-14 11:40:00.0;0,00
GUARANIAÇU;410930201A;PR;Centro;-25,1;-52,866;2025-03-14 12:40:00.0;0,00
GUARANIAÇU;410930201A;PR;Centro;-25,1;-52,866;2025-03-14 13:40:00.0;0,00
GUARANIAÇU;410930201A;PR;Centro;-25,1;-52,866;2025-03-14 14:40:00.0;0,00
GUARANIAÇU;410930201A;PR;Centro;-25,1;-52,866;2025-03-14 15:40:00.0;0,00
GUARANIAÇU;410930201A;PR;Centro;-25,1;-52,866;2025-03-14 16:40:00.0;0,00
GUARANIAÇU;410930201A;PR;Centro;-25,1;-52,866;2025-03-14 17:40:00.0;0,00
GUARANIAÇU;410930201A;PR;Centro;-25,1;-52,866;2025-03-14 18:40:00.0;0,00
GUARANIAÇU;410930201A;PR;Centro;-25,1;-52,866;2025-03-14 19:40:00.0;0,00
GUARANIAÇU;410930201A;PR;Centro;-25,1;-52,866;2025-03-14 20:40:00.0;0,00
GUARANIAÇU;410930201A;PR;Centro;-25,1;-52,866;2025-03-14 21:40:00.0;0,00
GUARANIAÇU;410930201A;PR;Centro;-25,1;-52,866;2025-03-14 22:40:00.0;0,00
GUARANIAÇU;410930201A;PR;Centro;-25,1;-52,866;2025-03-14 23:40:00.0;0,00
GUARANIAÇU;410930201A;PR;Centro;-25,1;-52,866;2025-03-15 00:40:00.0;0,00
GUARANIAÇU;410930201A;PR;Centro;-25,1;-52,866;2025-03-15 01:40:00.0;0,00
GUARANIAÇU;410930201A;PR;Centro;-25,1;-52,866;2025-03-15 02:40:00.0;0,00
GUARANIAÇU;410930201A;PR;Centro;-25,1;-52,866;2025-03-15 03:40:00.0;0,00
GUARANIAÇU;410930201A;PR;Centro;-25,1;-52,866;2025-03-15 04:40:00.0;0,00
GUARANIAÇU;410930201A;PR;Centro;-25,1;-52,866;2025-03-15 05:40:00.0;0,00
GUARANIAÇU;410930201A;PR;Centro;-25,1;-52,866;2025-03-15 06:40:00.0;0,00
GUARANIAÇU;410930201A;PR;Centro;-25,1;-52,866;2025-03-15 07:40:00.0;0,00
GUARANIAÇU;410930201A;PR;Centro;-25,1;-52,866;2025-03-15 08:40:00.0;0,00
GUARANIAÇU;410930201A;PR;Centro;-25,1;-52,866;2025-03-15 09:40:00.0;0,00
GUARANIAÇU;410930201A;PR;Centro;-25,1;-52,866;2025-03-15 10:40:00.0;0,00
GUARANIAÇU;410930201A;PR;Centro;-25,1;-52,866;2025-03-15 11:40:00.0;0,00
GUARANIAÇU;410930201A;PR;Centro;-25,1;-52,866;2025-03-15 12:40:00.0;0,00
GUARANIAÇU;410930201A;PR;Centro;-25,1;-52,866;2025-03-15 13:40:00.0;0,00
GUARANIAÇU;410930201A;PR;Centro;-25,1;-52,866;2025-03-15 14:40:00.0;0,00
GUARANIAÇU;410930201A;PR;Centro;-25,1;-52,866;2025-03-15 15:40:00.0;0,00
GUARANIAÇU;410930201A;PR;Centro;-25,1;-52,866;2025-03-15 16:40:00.0;0,00
GUARANIAÇU;410930201A;PR;Centro;-25,1;-52,866;2025-03-15 17:40:00.0;0,20
GUARANIAÇU;410930201A;PR;Centro;-25,1;-52,866;2025-03-15 18:00:00.0;0,20
GUARANIAÇU;410930201A;PR;Centro;-25,1;-52,866;2025-03-15 18:10:00.0;0,59
GUARANIAÇU;410930201A;PR;Centro;-25,1;-52,866;2025-03-15 18:20:00.0;0,20
GUARANIAÇU;410930201A;PR;Centro;-25,1;-52,866;2025-03-15 18:40:00.0;0,00
GUARANIAÇU;410930201A;PR;Centro;-25,1;-52,866;2025-03-15 19:40:00.0;0,00
GUARANIAÇU;410930201A;PR;Centro;-25,1;-52,866;2025-03-15 20:00:00.0;0,20
GUARANIAÇU;410930201A;PR;Centro;-25,1;-52,866;2025-03-15 20:40:00.0;0,00
GUARANIAÇU;410930201A;PR;Centro;-25,1;-52,866;2025-03-15 21:40:00.0;0,00
GUARANIAÇU;410930201A;PR;Centro;-25,1;-52,866;2025-03-15 22:00:00.0;0,20
GUARANIAÇU;410930201A;PR;Centro;-25,1;-52,866;2025-03-15 22:40:00.0;0,00
GUARANIAÇU;410930201A;PR;Centro;-25,1;-52,866;2025-03-15 23:40:00.0;0,00
GUARANIAÇU;410930201A;PR;Centro;-25,1;-52,866;2025-03-16 00:40:00.0;0,00
GUARANIAÇU;410930201A;PR;Centro;-25,1;-52,866;2025-03-16 01:40:00.0;0,00
GUARANIAÇU;410930201A;PR;Centro;-25,1;-52,866;2025-03-16 02:40:00.0;0,00
GUARANIAÇU;410930201A;PR;Centro;-25,1;-52,866;2025-03-16 03:40:00.0;0,00
GUARANIAÇU;410930201A;PR;Centro;-25,1;-52,866;2025-03-16 04:40:00.0;0,00
GUARANIAÇU;410930201A;PR;Centro;-25,1;-52,866;2025-03-16 05:40:00.0;0,00
GUARANIAÇU;410930201A;PR;Centro;-25,1;-52,866;2025-03-16 06:40:00.0;0,00
GUARANIAÇU;410930201A;PR;Centro;-25,1;-52,866;2025-03-16 07:40:00.0;0,00
GUARANIAÇU;410930201A;PR;Centro;-25,1;-52,866;2025-03-16 08:40:00.0;0,00
GUARANIAÇU;410930201A;PR;Centro;-25,1;-52,866;2025-03-16 09:40:00.0;0,00
GUARANIAÇU;410930201A;PR;Centro;-25,1;-52,866;2025-03-16 10:40:00.0;0,00
GUARANIAÇU;410930201A;PR;Centro;-25,1;-52,866;2025-03-16 11:40:00.0;0,00
GUARANIAÇU;410930201A;PR;Centro;-25,1;-52,866;2025-03-16 12:40:00.0;0,00
GUARANIAÇU;410930201A;PR;Centro;-25,1;-52,866;2025-03-16 13:40:00.0;0,00
GUARANIAÇU;410930201A;PR;Centro;-25,1;-52,866;2025-03-16 14:40:00.0;0,00
GUARANIAÇU;410930201A;PR;Centro;-25,1;-52,866;2025-03-16 15:40:00.0;0,00
GUARANIAÇU;410930201A;PR;Centro;-25,1;-52,866;2025-03-16 16:40:00.0;0,00
GUARANIAÇU;410930201A;PR;Centro;-25,1;-52,866;2025-03-16 17:40:00.0;0,00
GUARANIAÇU;410930201A;PR;Centro;-25,1;-52,866;2025-03-16 18:40:00.0;0,00
GUARANIAÇU;410930201A;PR;Centro;-25,1;-52,866;2025-03-16 19:40:00.0;0,00
GUARANIAÇU;410930201A;PR;Centro;-25,1;-52,866;2025-03-16 20:40:00.0;0,00
GUARANIAÇU;410930201A;PR;Centro;-25,1;-52,866;2025-03-16 21:40:00.0;0,00
GUARANIAÇU;410930201A;PR;Centro;-25,1;-52,866;2025-03-16 22:40:00.0;0,00
GUARANIAÇU;410930201A;PR;Centro;-25,1;-52,866;2025-03-16 23:40:00.0;0,00
GUARANIAÇU;410930201A;PR;Centro;-25,1;-52,866;2025-03-17 00:40:00.0;0,00
GUARANIAÇU;410930201A;PR;Centro;-25,1;-52,866;2025-03-17 01:40:00.0;0,00
GUARANIAÇU;410930201A;PR;Centro;-25,1;-52,866;2025-03-17 02:40:00.0;0,00
GUARANIAÇU;410930201A;PR;Centro;-25,1;-52,866;2025-03-17 03:40:00.0;0,00
GUARANIAÇU;410930201A;PR;Centro;-25,1;-52,866;2025-03-17 04:40:00.0;0,00
GUARANIAÇU;410930201A;PR;Centro;-25,1;-52,866;2025-03-17 05:40:00.0;0,00
GUARANIAÇU;410930201A;PR;Centro;-25,1;-52,866;2025-03-17 06:40:00.0;0,00
GUARANIAÇU;410930201A;PR;Centro;-25,1;-52,866;2025-03-17 07:40:00.0;0,00
GUARANIAÇU;410930201A;PR;Centro;-25,1;-52,866;2025-03-17 08:40:00.0;0,00
GUARANIAÇU;410930201A;PR;Centro;-25,1;-52,866;2025-03-17 09:40:00.0;0,00
GUARANIAÇU;410930201A;PR;Centro;-25,1;-52,866;2025-03-17 10:40:00.0;0,00
GUARANIAÇU;410930201A;PR;Centro;-25,1;-52,866;2025-03-17 11:40:00.0;0,00
GUARANIAÇU;410930201A;PR;Centro;-25,1;-52,866;2025-03-17 12:40:00.0;0,00
GUARANIAÇU;410930201A;PR;Centro;-25,1;-52,866;2025-03-17 13:40:00.0;0,00
GUARANIAÇU;410930201A;PR;Centro;-25,1;-52,866;2025-03-17 14:40:00.0;0,00
GUARANIAÇU;410930201A;PR;Centro;-25,1;-52,866;2025-03-17 15:40:00.0;0,00
GUARANIAÇU;410930201A;PR;Centro;-25,1;-52,866;2025-03-17 16:40:00.0;0,00
GUARANIAÇU;410930201A;PR;Centro;-25,1;-52,866;2025-03-17 17:40:00.0;0,00
GUARANIAÇU;410930201A;PR;Centro;-25,1;-52,866;2025-03-17 18:40:00.0;0,00
GUARANIAÇU;410930201A;PR;Centro;-25,1;-52,866;2025-03-17 19:40:00.0;0,00
GUARANIAÇU;410930201A;PR;Centro;-25,1;-52,866;2025-03-17 20:40:00.0;0,00
GUARANIAÇU;410930201A;PR;Centro;-25,1;-52,866;2025-03-17 21:40:00.0;0,00
GUARANIAÇU;410930201A;PR;Centro;-25,1;-52,866;2025-03-17 22:40:00.0;0,00
GUARANIAÇU;410930201A;PR;Centro;-25,1;-52,866;2025-03-17 23:40:00.0;0,00
GUARANIAÇU;410930201A;PR;Centro;-25,1;-52,866;2025-03-18 00:40:00.0;0,00
GUARANIAÇU;410930201A;PR;Centro;-25,1;-52,866;2025-03-18 01:40:00.0;0,00
GUARANIAÇU;410930201A;PR;Centro;-25,1;-52,866;2025-03-18 02:40:00.0;0,00
GUARANIAÇU;410930201A;PR;Centro;-25,1;-52,866;2025-03-18 03:40:00.0;0,00
GUARANIAÇU;410930201A;PR;Centro;-25,1;-52,866;2025-03-18 04:40:00.0;0,00
GUARANIAÇU;410930201A;PR;Centro;-25,1;-52,866;2025-03-18 05:40:00.0;0,00
GUARANIAÇU;410930201A;PR;Centro;-25,1;-52,866;2025-03-18 06:40:00.0;0,00
GUARANIAÇU;410930201A;PR;Centro;-25,1;-52,866;2025-03-18 07:40:00.0;0,00
GUARANIAÇU;410930201A;PR;Centro;-25,1;-52,866;2025-03-18 08:40:00.0;0,00
GUARANIAÇU;410930201A;PR;Centro;-25,1;-52,866;2025-03-18 09:40:00.0;0,00
GUARANIAÇU;410930201A;PR;Centro;-25,1;-52,866;2025-03-18 10:40:00.0;0,00
GUARANIAÇU;410930201A;PR;Centro;-25,1;-52,866;2025-03-18 11:40:00.0;0,00
GUARANIAÇU;410930201A;PR;Centro;-25,1;-52,866;2025-03-18 12:40:00.0;0,00
GUARANIAÇU;410930201A;PR;Centro;-25,1;-52,866;2025-03-18 13:40:00.0;0,00
GUARANIAÇU;410930201A;PR;Centro;-25,1;-52,866;2025-03-18 14:40:00.0;0,00
GUARANIAÇU;410930201A;PR;Centro;-25,1;-52,866;2025-03-18 15:40:00.0;0,00
GUARANIAÇU;410930201A;PR;Centro;-25,1;-52,866;2025-03-18 16:40:00.0;0,00
GUARANIAÇU;410930201A;PR;Centro;-25,1;-52,866;2025-03-18 17:40:00.0;0,00
GUARANIAÇU;410930201A;PR;Centro;-25,1;-52,866;2025-03-18 18:40:00.0;0,00
GUARANIAÇU;410930201A;PR;Centro;-25,1;-52,866;2025-03-18 19:40:00.0;1,57
GUARANIAÇU;410930201A;PR;Centro;-25,1;-52,866;2025-03-18 19:50:00.0;0,42
GUARANIAÇU;410930201A;PR;Centro;-25,1;-52,866;2025-03-18 20:40:00.0;0,00
GUARANIAÇU;410930201A;PR;Centro;-25,1;-52,866;2025-03-18 21:40:00.0;0,00
GUARANIAÇU;410930201A;PR;Centro;-25,1;-52,866;2025-03-18 22:40:00.0;0,00
GUARANIAÇU;410930201A;PR;Centro;-25,1;-52,866;2025-03-18 23:40:00.0;0,00
GUARANIAÇU;410930201A;PR;Centro;-25,1;-52,866;2025-03-19 00:40:00.0;0,00
GUARANIAÇU;410930201A;PR;Centro;-25,1;-52,866;2025-03-19 01:40:00.0;0,00
GUARANIAÇU;410930201A;PR;Centro;-25,1;-52,866;2025-03-19 02:40:00.0;0,00
GUARANIAÇU;410930201A;PR;Centro;-25,1;-52,866;2025-03-19 03:40:00.0;0,00
GUARANIAÇU;410930201A;PR;Centro;-25,1;-52,866;2025-03-19 04:40:00.0;0,00
GUARANIAÇU;410930201A;PR;Centro;-25,1;-52,866;2025-03-19 05:40:00.0;0,00
GUARANIAÇU;410930201A;PR;Centro;-25,1;-52,866;2025-03-19 06:40:00.0;0,00
GUARANIAÇU;410930201A;PR;Centro;-25,1;-52,866;2025-03-19 07:40:00.0;0,00
GUARANIAÇU;410930201A;PR;Centro;-25,1;-52,866;2025-03-19 08:40:00.0;0,00
GUARANIAÇU;410930201A;PR;Centro;-25,1;-52,866;2025-03-19 09:40:00.0;0,00
GUARANIAÇU;410930201A;PR;Centro;-25,1;-52,866;2025-03-19 10:40:00.0;0,00
GUARANIAÇU;410930201A;PR;Centro;-25,1;-52,866;2025-03-19 11:40:00.0;0,00
GUARANIAÇU;410930201A;PR;Centro;-25,1;-52,866;2025-03-19 12:40:00.0;0,00
GUARANIAÇU;410930201A;PR;Centro;-25,1;-52,866;2025-03-19 13:40:00.0;0,00
GUARANIAÇU;410930201A;PR;Centro;-25,1;-52,866;2025-03-19 14:40:00.0;0,00
GUARANIAÇU;410930201A;PR;Centro;-25,1;-52,866;2025-03-19 15:40:00.0;0,00
GUARANIAÇU;410930201A;PR;Centro;-25,1;-52,866;2025-03-19 16:40:00.0;0,00
GUARANIAÇU;410930201A;PR;Centro;-25,1;-52,866;2025-03-19 17:40:00.0;0,00
GUARANIAÇU;410930201A;PR;Centro;-25,1;-52,866;2025-03-19 18:40:00.0;0,00
GUARANIAÇU;410930201A;PR;Centro;-25,1;-52,866;2025-03-19 19:40:00.0;0,00
GUARANIAÇU;410930201A;PR;Centro;-25,1;-52,866;2025-03-19 20:40:00.0;0,00
GUARANIAÇU;410930201A;PR;Centro;-25,1;-52,866;2025-03-19 21:40:00.0;0,00
GUARANIAÇU;410930201A;PR;Centro;-25,1;-52,866;2025-03-19 22:40:00.0;0,00
GUARANIAÇU;410930201A;PR;Centro;-25,1;-52,866;2025-03-19 23:40:00.0;0,00
GUARANIAÇU;410930201A;PR;Centro;-25,1;-52,866;2025-03-20 00:40:00.0;0,00
GUARANIAÇU;410930201A;PR;Centro;-25,1;-52,866;2025-03-20 01:40:00.0;0,00
GUARANIAÇU;410930201A;PR;Centro;-25,1;-52,866;2025-03-20 02:40:00.0;0,00
GUARANIAÇU;410930201A;PR;Centro;-25,1;-52,866;2025-03-20 03:40:00.0;0,00
GUARANIAÇU;410930201A;PR;Centro;-25,1;-52,866;2025-03-20 04:40:00.0;0,00
GUARANIAÇU;410930201A;PR;Centro;-25,1;-52,866;2025-03-20 05:40:00.0;0,00
GUARANIAÇU;410930201A;PR;Centro;-25,1;-52,866;2025-03-20 06:40:00.0;0,00
GUARANIAÇU;410930201A;PR;Centro;-25,1;-52,866;2025-03-20 07:40:00.0;0,00
GUARANIAÇU;410930201A;PR;Centro;-25,1;-52,866;2025-03-20 08:40:00.0;0,00
GUARANIAÇU;410930201A;PR;Centro;-25,1;-52,866;2025-03-20 09:40:00.0;0,00
GUARANIAÇU;410930201A;PR;Centro;-25,1;-52,866;2025-03-20 10:40:00.0;0,00
GUARANIAÇU;410930201A;PR;Centro;-25,1;-52,866;2025-03-20 11:40:00.0;0,00
GUARANIAÇU;410930201A;PR;Centro;-25,1;-52,866;2025-03-20 12:40:00.0;0,00
GUARANIAÇU;410930201A;PR;Centro;-25,1;-52,866;2025-03-20 13:40:00.0;0,00
GUARANIAÇU;410930201A;PR;Centro;-25,1;-52,866;2025-03-20 14:40:00.0;0,00
GUARANIAÇU;410930201A;PR;Centro;-25,1;-52,866;2025-03-20 15:40:00.0;0,00
GUARANIAÇU;410930201A;PR;Centro;-25,1;-52,866;2025-03-20 16:40:00.0;0,00
GUARANIAÇU;410930201A;PR;Centro;-25,1;-52,866;2025-03-20 17:40:00.0;0,00
GUARANIAÇU;410930201A;PR;Centro;-25,1;-52,866;2025-03-20 18:40:00.0;0,00
GUARANIAÇU;410930201A;PR;Centro;-25,1;-52,866;2025-03-20 19:40:00.0;0,00
GUARANIAÇU;410930201A;PR;Centro;-25,1;-52,866;2025-03-20 20:40:00.0;0,00
GUARANIAÇU;410930201A;PR;Centro;-25,1;-52,866;2025-03-20 21:40:00.0;0,00
GUARANIAÇU;410930201A;PR;Centro;-25,1;-52,866;2025-03-20 22:40:00.0;0,00
GUARANIAÇU;410930201A;PR;Centro;-25,1;-52,866;2025-03-20 23:40:00.0;0,00
GUARANIAÇU;410930201A;PR;Centro;-25,1;-52,866;2025-03-21 00:40:00.0;0,00
GUARANIAÇU;410930201A;PR;Centro;-25,1;-52,866;2025-03-21 01:40:00.0;0,00
GUARANIAÇU;410930201A;PR;Centro;-25,1;-52,866;2025-03-21 02:40:00.0;0,00
GUARANIAÇU;410930201A;PR;Centro;-25,1;-52,866;2025-03-21 03:40:00.0;0,00
GUARANIAÇU;410930201A;PR;Centro;-25,1;-52,866;2025-03-21 04:40:00.0;0,00
GUARANIAÇU;410930201A;PR;Centro;-25,1;-52,866;2025-03-21 05:40:00.0;0,00
GUARANIAÇU;410930201A;PR;Centro;-25,1;-52,866;2025-03-21 06:40:00.0;0,00
GUARANIAÇU;410930201A;PR;Centro;-25,1;-52,866;2025-03-21 07:40:00.0;0,00
GUARANIAÇU;410930201A;PR;Centro;-25,1;-52,866;2025-03-21 08:40:00.0;0,00
GUARANIAÇU;410930201A;PR;Centro;-25,1;-52,866;2025-03-21 09:40:00.0;0,00
GUARANIAÇU;410930201A;PR;Centro;-25,1;-52,866;2025-03-21 10:40:00.0;0,00
GUARANIAÇU;410930201A;PR;Centro;-25,1;-52,866;2025-03-21 11:40:00.0;0,00
GUARANIAÇU;410930201A;PR;Centro;-25,1;-52,866;2025-03-21 12:40:00.0;0,00
GUARANIAÇU;410930201A;PR;Centro;-25,1;-52,866;2025-03-21 13:40:00.0;0,00
GUARANIAÇU;410930201A;PR;Centro;-25,1;-52,866;2025-03-21 14:40:00.0;0,00
GUARANIAÇU;410930201A;PR;Centro;-25,1;-52,866;2025-03-21 15:40:00.0;0,00
GUARANIAÇU;410930201A;PR;Centro;-25,1;-52,866;2025-03-21 16:40:00.0;0,00
GUARANIAÇU;410930201A;PR;Centro;-25,1;-52,866;2025-03-21 17:40:00.0;0,00
GUARANIAÇU;410930201A;PR;Centro;-25,1;-52,866;2025-03-21 18:40:00.0;0,00
GUARANIAÇU;410930201A;PR;Centro;-25,1;-52,866;2025-03-21 19:40:00.0;0,00
GUARANIAÇU;410930201A;PR;Centro;-25,1;-52,866;2025-03-21 20:40:00.0;0,00
GUARANIAÇU;410930201A;PR;Centro;-25,1;-52,866;2025-03-21 21:40:00.0;0,00
GUARANIAÇU;410930201A;PR;Centro;-25,1;-52,866;2025-03-21 22:40:00.0;0,00
GUARANIAÇU;410930201A;PR;Centro;-25,1;-52,866;2025-03-21 23:40:00.0;0,00
GUARANIAÇU;410930201A;PR;Centro;-25,1;-52,866;2025-03-22 00:40:00.0;0,00
GUARANIAÇU;410930201A;PR;Centro;-25,1;-52,866;2025-03-22 01:40:00.0;0,00
GUARANIAÇU;410930201A;PR;Centro;-25,1;-52,866;2025-03-22 02:40:00.0;0,00
GUARANIAÇU;410930201A;PR;Centro;-25,1;-52,866;2025-03-22 03:40:00.0;0,00
GUARANIAÇU;410930201A;PR;Centro;-25,1;-52,866;2025-03-22 04:40:00.0;0,00
GUARANIAÇU;410930201A;PR;Centro;-25,1;-52,866;2025-03-22 05:40:00.0;0,00
GUARANIAÇU;410930201A;PR;Centro;-25,1;-52,866;2025-03-22 06:40:00.0;0,00
GUARANIAÇU;410930201A;PR;Centro;-25,1;-52,866;2025-03-22 07:40:00.0;0,00
GUARANIAÇU;410930201A;PR;Centro;-25,1;-52,866;2025-03-22 08:40:00.0;0,00
GUARANIAÇU;410930201A;PR;Centro;-25,1;-52,866;2025-03-22 09:40:00.0;0,00
GUARANIAÇU;410930201A;PR;Centro;-25,1;-52,866;2025-03-22 10:40:00.0;0,00
GUARANIAÇU;410930201A;PR;Centro;-25,1;-52,866;2025-03-22 11:40:00.0;0,00
GUARANIAÇU;410930201A;PR;Centro;-25,1;-52,866;2025-03-22 12:40:00.0;0,00
GUARANIAÇU;410930201A;PR;Centro;-25,1;-52,866;2025-03-22 13:40:00.0;0,00
GUARANIAÇU;410930201A;PR;Centro;-25,1;-52,866;2025-03-22 14:40:00.0;0,00
GUARANIAÇU;410930201A;PR;Centro;-25,1;-52,866;2025-03-22 15:40:00.0;0,00
GUARANIAÇU;410930201A;PR;Centro;-25,1;-52,866;2025-03-22 16:40:00.0;0,00
GUARANIAÇU;410930201A;PR;Centro;-25,1;-52,866;2025-03-22 17:40:00.0;0,00
GUARANIAÇU;410930201A;PR;Centro;-25,1;-52,866;2025-03-22 18:40:00.0;0,00
GUARANIAÇU;410930201A;PR;Centro;-25,1;-52,866;2025-03-22 19:40:00.0;0,00
GUARANIAÇU;410930201A;PR;Centro;-25,1;-52,866;2025-03-22 20:40:00.0;0,00
GUARANIAÇU;410930201A;PR;Centro;-25,1;-52,866;2025-03-22 21:40:00.0;0,00
GUARANIAÇU;410930201A;PR;Centro;-25,1;-52,866;2025-03-22 22:40:00.0;0,00
GUARANIAÇU;410930201A;PR;Centro;-25,1;-52,866;2025-03-22 23:40:00.0;0,00
GUARANIAÇU;410930201A;PR;Centro;-25,1;-52,866;2025-03-23 00:40:00.0;0,00
GUARANIAÇU;410930201A;PR;Centro;-25,1;-52,866;2025-03-23 01:40:00.0;0,00
GUARANIAÇU;410930201A;PR;Centro;-25,1;-52,866;2025-03-23 02:40:00.0;0,00
GUARANIAÇU;410930201A;PR;Centro;-25,1;-52,866;2025-03-23 03:40:00.0;0,00
GUARANIAÇU;410930201A;PR;Centro;-25,1;-52,866;2025-03-23 04:40:00.0;0,00
GUARANIAÇU;410930201A;PR;Centro;-25,1;-52,866;2025-03-23 05:40:00.0;0,00
GUARANIAÇU;410930201A;PR;Centro;-25,1;-52,866;2025-03-23 06:40:00.0;0,00
GUARANIAÇU;410930201A;PR;Centro;-25,1;-52,866;2025-03-23 07:40:00.0;0,00
GUARANIAÇU;410930201A;PR;Centro;-25,1;-52,866;2025-03-23 08:40:00.0;0,00
GUARANIAÇU;410930201A;PR;Centro;-25,1;-52,866;2025-03-23 09:40:00.0;0,00
GUARANIAÇU;410930201A;PR;Centro;-25,1;-52,866;2025-03-23 10:40:00.0;0,00
GUARANIAÇU;410930201A;PR;Centro;-25,1;-52,866;2025-03-23 11:00:00.0;0,79
GUARANIAÇU;410930201A;PR;Centro;-25,1;-52,866;2025-03-23 11:10:00.0;0,59
GUARANIAÇU;410930201A;PR;Centro;-25,1;-52,866;2025-03-23 11:20:00.0;1,37
GUARANIAÇU;410930201A;PR;Centro;-25,1;-52,866;2025-03-23 11:30:00.0;0,20
GUARANIAÇU;410930201A;PR;Centro;-25,1;-52,866;2025-03-23 11:40:00.0;0,59
GUARANIAÇU;410930201A;PR;Centro;-25,1;-52,866;2025-03-23 12:40:00.0;0,00
GUARANIAÇU;410930201A;PR;Centro;-25,1;-52,866;2025-03-23 13:40:00.0;0,00
GUARANIAÇU;410930201A;PR;Centro;-25,1;-52,866;2025-03-23 14:40:00.0;0,00
GUARANIAÇU;410930201A;PR;Centro;-25,1;-52,866;2025-03-23 14:50:00.0;0,20
GUARANIAÇU;410930201A;PR;Centro;-25,1;-52,866;2025-03-23 15:40:00.0;0,00
GUARANIAÇU;410930201A;PR;Centro;-25,1;-52,866;2025-03-23 16:40:00.0;0,00
GUARANIAÇU;410930201A;PR;Centro;-25,1;-52,866;2025-03-23 17:30:00.0;4,53
GUARANIAÇU;410930201A;PR;Centro;-25,1;-52,866;2025-03-23 17:40:00.0;0,79
GUARANIAÇU;410930201A;PR;Centro;-25,1;-52,866;2025-03-23 18:00:00.0;0,20
GUARANIAÇU;410930201A;PR;Centro;-25,1;-52,866;2025-03-23 18:40:00.0;0,00
GUARANIAÇU;410930201A;PR;Centro;-25,1;-52,866;2025-03-23 19:40:00.0;0,00
GUARANIAÇU;410930201A;PR;Centro;-25,1;-52,866;2025-03-23 20:40:00.0;0,00
GUARANIAÇU;410930201A;PR;Centro;-25,1;-52,866;2025-03-23 21:40:00.0;2,36
GUARANIAÇU;410930201A;PR;Centro;-25,1;-52,866;2025-03-23 21:50:00.0;2,16
GUARANIAÇU;410930201A;PR;Centro;-25,1;-52,866;2025-03-23 22:00:00.0;0,59
GUARANIAÇU;410930201A;PR;Centro;-25,1;-52,866;2025-03-23 22:10:00.0;0,42
GUARANIAÇU;410930201A;PR;Centro;-25,1;-52,866;2025-03-23 22:40:00.0;0,00
GUARANIAÇU;410930201A;PR;Centro;-25,1;-52,866;2025-03-23 23:40:00.0;0,00
GUARANIAÇU;410930201A;PR;Centro;-25,1;-52,866;2025-03-24 00:40:00.0;0,00
GUARANIAÇU;410930201A;PR;Centro;-25,1;-52,866;2025-03-24 01:40:00.0;0,00
GUARANIAÇU;410930201A;PR;Centro;-25,1;-52,866;2025-03-24 02:40:00.0;0,00
GUARANIAÇU;410930201A;PR;Centro;-25,1;-52,866;2025-03-24 03:40:00.0;0,00
GUARANIAÇU;410930201A;PR;Centro;-25,1;-52,866;2025-03-24 04:40:00.0;0,00
GUARANIAÇU;410930201A;PR;Centro;-25,1;-52,866;2025-03-24 05:40:00.0;0,00
GUARANIAÇU;410930201A;PR;Centro;-25,1;-52,866;2025-03-24 06:40:00.0;0,00
GUARANIAÇU;410930201A;PR;Centro;-25,1;-52,866;2025-03-24 07:40:00.0;0,00
GUARANIAÇU;410930201A;PR;Centro;-25,1;-52,866;2025-03-24 08:40:00.0;0,00
GUARANIAÇU;410930201A;PR;Centro;-25,1;-52,866;2025-03-24 09:40:00.0;0,00
GUARANIAÇU;410930201A;PR;Centro;-25,1;-52,866;2025-03-24 10:40:00.0;0,00
GUARANIAÇU;410930201A;PR;Centro;-25,1;-52,866;2025-03-24 11:40:00.0;0,00
GUARANIAÇU;410930201A;PR;Centro;-25,1;-52,866;2025-03-24 12:40:00.0;0,00
GUARANIAÇU;410930201A;PR;Centro;-25,1;-52,866;2025-03-24 13:40:00.0;0,00
GUARANIAÇU;410930201A;PR;Centro;-25,1;-52,866;2025-03-24 14:40:00.0;0,00
GUARANIAÇU;410930201A;PR;Centro;-25,1;-52,866;2025-03-24 15:40:00.0;0,00
GUARANIAÇU;410930201A;PR;Centro;-25,1;-52,866;2025-03-24 16:40:00.0;0,00
GUARANIAÇU;410930201A;PR;Centro;-25,1;-52,866;2025-03-24 17:40:00.0;0,00
GUARANIAÇU;410930201A;PR;Centro;-25,1;-52,866;2025-03-24 18:40:00.0;0,00
GUARANIAÇU;410930201A;PR;Centro;-25,1;-52,866;2025-03-24 19:40:00.0;0,00
GUARANIAÇU;410930201A;PR;Centro;-25,1;-52,866;2025-03-24 20:40:00.0;0,00
GUARANIAÇU;410930201A;PR;Centro;-25,1;-52,866;2025-03-24 21:40:00.0;0,00
GUARANIAÇU;410930201A;PR;Centro;-25,1;-52,866;2025-03-24 22:40:00.0;0,00
GUARANIAÇU;410930201A;PR;Centro;-25,1;-52,866;2025-03-24 23:40:00.0;0,00
GUARANIAÇU;410930201A;PR;Centro;-25,1;-52,866;2025-03-25 00:40:00.0;0,00
GUARANIAÇU;410930201A;PR;Centro;-25,1;-52,866;2025-03-25 01:40:00.0;0,00
GUARANIAÇU;410930201A;PR;Centro;-25,1;-52,866;2025-03-25 02:40:00.0;0,00
GUARANIAÇU;410930201A;PR;Centro;-25,1;-52,866;2025-03-25 03:40:00.0;0,00
GUARANIAÇU;410930201A;PR;Centro;-25,1;-52,866;2025-03-25 04:40:00.0;0,00
GUARANIAÇU;410930201A;PR;Centro;-25,1;-52,866;2025-03-25 05:40:00.0;0,00
GUARANIAÇU;410930201A;PR;Centro;-25,1;-52,866;2025-03-25 06:40:00.0;0,00
GUARANIAÇU;410930201A;PR;Centro;-25,1;-52,866;2025-03-25 07:40:00.0;0,00
GUARANIAÇU;410930201A;PR;Centro;-25,1;-52,866;2025-03-25 08:40:00.0;0,00
GUARANIAÇU;410930201A;PR;Centro;-25,1;-52,866;2025-03-25 09:40:00.0;0,00
GUARANIAÇU;410930201A;PR;Centro;-25,1;-52,866;2025-03-25 10:40:00.0;0,00
GUARANIAÇU;410930201A;PR;Centro;-25,1;-52,866;2025-03-25 11:40:00.0;0,00
GUARANIAÇU;410930201A;PR;Centro;-25,1;-52,866;2025-03-25 12:40:00.0;0,00
GUARANIAÇU;410930201A;PR;Centro;-25,1;-52,866;2025-03-25 13:40:00.0;0,00
GUARANIAÇU;410930201A;PR;Centro;-25,1;-52,866;2025-03-25 14:40:00.0;0,00
GUARANIAÇU;410930201A;PR;Centro;-25,1;-52,866;2025-03-25 15:40:00.0;0,00
GUARANIAÇU;410930201A;PR;Centro;-25,1;-52,866;2025-03-25 16:40:00.0;0,00
GUARANIAÇU;410930201A;PR;Centro;-25,1;-52,866;2025-03-25 17:40:00.0;0,00
GUARANIAÇU;410930201A;PR;Centro;-25,1;-52,866;2025-03-25 18:40:00.0;0,00
GUARANIAÇU;410930201A;PR;Centro;-25,1;-52,866;2025-03-25 19:40:00.0;0,00
GUARANIAÇU;410930201A;PR;Centro;-25,1;-52,866;2025-03-25 20:40:00.0;0,00
GUARANIAÇU;410930201A;PR;Centro;-25,1;-52,866;2025-03-25 21:40:00.0;0,00
GUARANIAÇU;410930201A;PR;Centro;-25,1;-52,866;2025-03-25 22:10:00.0;0,20
GUARANIAÇU;410930201A;PR;Centro;-25,1;-52,866;2025-03-25 22:20:00.0;0,20
GUARANIAÇU;410930201A;PR;Centro;-25,1;-52,866;2025-03-25 22:30:00.0;0,20
GUARANIAÇU;410930201A;PR;Centro;-25,1;-52,866;2025-03-25 22:40:00.0;0,39
GUARANIAÇU;410930201A;PR;Centro;-25,1;-52,866;2025-03-25 22:50:00.0;0,59
GUARANIAÇU;410930201A;PR;Centro;-25,1;-52,866;2025-03-25 23:40:00.0;0,00
GUARANIAÇU;410930201A;PR;Centro;-25,1;-52,866;2025-03-26 00:40:00.0;0,00
GUARANIAÇU;410930201A;PR;Centro;-25,1;-52,866;2025-03-26 01:40:00.0;0,00
GUARANIAÇU;410930201A;PR;Centro;-25,1;-52,866;2025-03-26 02:40:00.0;0,00
GUARANIAÇU;410930201A;PR;Centro;-25,1;-52,866;2025-03-26 03:40:00.0;0,00
GUARANIAÇU;410930201A;PR;Centro;-25,1;-52,866;2025-03-26 04:40:00.0;0,00
GUARANIAÇU;410930201A;PR;Centro;-25,1;-52,866;2025-03-26 05:40:00.0;0,00
GUARANIAÇU;410930201A;PR;Centro;-25,1;-52,866;2025-03-26 06:40:00.0;0,00
GUARANIAÇU;410930201A;PR;Centro;-25,1;-52,866;2025-03-26 07:40:00.0;0,00
GUARANIAÇU;410930201A;PR;Centro;-25,1;-52,866;2025-03-26 08:40:00.0;0,00
GUARANIAÇU;410930201A;PR;Centro;-25,1;-52,866;2025-03-26 09:40:00.0;0,00
GUARANIAÇU;410930201A;PR;Centro;-25,1;-52,866;2025-03-26 10:40:00.0;0,00
GUARANIAÇU;410930201A;PR;Centro;-25,1;-52,866;2025-03-26 11:40:00.0;0,00
GUARANIAÇU;410930201A;PR;Centro;-25,1;-52,866;2025-03-26 12:40:00.0;0,00
GUARANIAÇU;410930201A;PR;Centro;-25,1;-52,866;2025-03-26 13:40:00.0;0,00
GUARANIAÇU;410930201A;PR;Centro;-25,1;-52,866;2025-03-26 14:40:00.0;0,00
GUARANIAÇU;410930201A;PR;Centro;-25,1;-52,866;2025-03-26 15:40:00.0;0,00
GUARANIAÇU;410930201A;PR;Centro;-25,1;-52,866;2025-03-26 16:40:00.0;0,00
GUARANIAÇU;410930201A;PR;Centro;-25,1;-52,866;2025-03-26 17:40:00.0;0,00
GUARANIAÇU;410930201A;PR;Centro;-25,1;-52,866;2025-03-26 18:40:00.0;0,00
GUARANIAÇU;410930201A;PR;Centro;-25,1;-52,866;2025-03-26 19:40:00.0;0,00
GUARANIAÇU;410930201A;PR;Centro;-25,1;-52,866;2025-03-26 20:40:00.0;0,00
GUARANIAÇU;410930201A;PR;Centro;-25,1;-52,866;2025-03-26 21:40:00.0;0,00
GUARANIAÇU;410930201A;PR;Centro;-25,1;-52,866;2025-03-26 22:40:00.0;0,00
GUARANIAÇU;410930201A;PR;Centro;-25,1;-52,866;2025-03-26 23:40:00.0;0,00
GUARANIAÇU;410930201A;PR;Centro;-25,1;-52,866;2025-03-27 00:40:00.0;0,00
GUARANIAÇU;410930201A;PR;Centro;-25,1;-52,866;2025-03-27 01:40:00.0;0,00
GUARANIAÇU;410930201A;PR;Centro;-25,1;-52,866;2025-03-27 02:40:00.0;0,00
GUARANIAÇU;410930201A;PR;Centro;-25,1;-52,866;2025-03-27 03:40:00.0;0,00
GUARANIAÇU;410930201A;PR;Centro;-25,1;-52,866;2025-03-27 04:40:00.0;0,00
GUARANIAÇU;410930201A;PR;Centro;-25,1;-52,866;2025-03-27 05:40:00.0;0,00
GUARANIAÇU;410930201A;PR;Centro;-25,1;-52,866;2025-03-27 06:40:00.0;0,00
GUARANIAÇU;410930201A;PR;Centro;-25,1;-52,866;2025-03-27 07:40:00.0;0,00
GUARANIAÇU;410930201A;PR;Centro;-25,1;-52,866;2025-03-27 08:40:00.0;0,00
GUARANIAÇU;410930201A;PR;Centro;-25,1;-52,866;2025-03-27 09:40:00.0;0,00
GUARANIAÇU;410930201A;PR;Centro;-25,1;-52,866;2025-03-27 10:40:00.0;0,00
GUARANIAÇU;410930201A;PR;Centro;-25,1;-52,866;2025-03-27 11:40:00.0;0,00
GUARANIAÇU;410930201A;PR;Centro;-25,1;-52,866;2025-03-27 12:40:00.0;0,00
GUARANIAÇU;410930201A;PR;Centro;-25,1;-52,866;2025-03-27 13:40:00.0;0,00
GUARANIAÇU;410930201A;PR;Centro;-25,1;-52,866;2025-03-27 14:40:00.0;0,00
GUARANIAÇU;410930201A;PR;Centro;-25,1;-52,866;2025-03-27 15:40:00.0;0,00
GUARANIAÇU;410930201A;PR;Centro;-25,1;-52,866;2025-03-27 16:40:00.0;0,00
GUARANIAÇU;410930201A;PR;Centro;-25,1;-52,866;2025-03-27 17:40:00.0;0,00
GUARANIAÇU;410930201A;PR;Centro;-25,1;-52,866;2025-03-27 18:40:00.0;0,00
GUARANIAÇU;410930201A;PR;Centro;-25,1;-52,866;2025-03-27 19:40:00.0;0,00
GUARANIAÇU;410930201A;PR;Centro;-25,1;-52,866;2025-03-27 20:40:00.0;0,00
GUARANIAÇU;410930201A;PR;Centro;-25,1;-52,866;2025-03-27 21:40:00.0;0,00
GUARANIAÇU;410930201A;PR;Centro;-25,1;-52,866;2025-03-27 22:40:00.0;0,00
GUARANIAÇU;410930201A;PR;Centro;-25,1;-52,866;2025-03-27 23:40:00.0;0,00
GUARANIAÇU;410930201A;PR;Centro;-25,1;-52,866;2025-03-28 00:40:00.0;0,00
GUARANIAÇU;410930201A;PR;Centro;-25,1;-52,866;2025-03-28 01:40:00.0;0,00
GUARANIAÇU;410930201A;PR;Centro;-25,1;-52,866;2025-03-28 02:30:00.0;0,20
GUARANIAÇU;410930201A;PR;Centro;-25,1;-52,866;2025-03-28 02:40:00.0;0,20
GUARANIAÇU;410930201A;PR;Centro;-25,1;-52,866;2025-03-28 03:00:00.0;0,42
GUARANIAÇU;410930201A;PR;Centro;-25,1;-52,866;2025-03-28 03:30:00.0;0,20
GUARANIAÇU;410930201A;PR;Centro;-25,1;-52,866;2025-03-28 03:40:00.0;0,39
GUARANIAÇU;410930201A;PR;Centro;-25,1;-52,866;2025-03-28 03:50:00.0;0,20
GUARANIAÇU;410930201A;PR;Centro;-25,1;-52,866;2025-03-28 04:00:00.0;0,39
GUARANIAÇU;410930201A;PR;Centro;-25,1;-52,866;2025-03-28 04:10:00.0;0,20
GUARANIAÇU;410930201A;PR;Centro;-25,1;-52,866;2025-03-28 04:40:00.0;0,00
GUARANIAÇU;410930201A;PR;Centro;-25,1;-52,866;2025-03-28 05:10:00.0;0,20
GUARANIAÇU;410930201A;PR;Centro;-25,1;-52,866;2025-03-28 05:40:00.0;0,00
GUARANIAÇU;410930201A;PR;Centro;-25,1;-52,866;2025-03-28 06:40:00.0;0,00
GUARANIAÇU;410930201A;PR;Centro;-25,1;-52,866;2025-03-28 07:40:00.0;0,00
GUARANIAÇU;410930201A;PR;Centro;-25,1;-52,866;2025-03-28 08:40:00.0;0,00
GUARANIAÇU;410930201A;PR;Centro;-25,1;-52,866;2025-03-28 09:40:00.0;0,00
GUARANIAÇU;410930201A;PR;Centro;-25,1;-52,866;2025-03-28 10:40:00.0;0,00
GUARANIAÇU;410930201A;PR;Centro;-25,1;-52,866;2025-03-28 11:40:00.0;0,00
GUARANIAÇU;410930201A;PR;Centro;-25,1;-52,866;2025-03-28 12:40:00.0;0,00
GUARANIAÇU;410930201A;PR;Centro;-25,1;-52,866;2025-03-28 13:40:00.0;0,00
GUARANIAÇU;410930201A;PR;Centro;-25,1;-52,866;2025-03-28 14:40:00.0;0,00
GUARANIAÇU;410930201A;PR;Centro;-25,1;-52,866;2025-03-28 14:50:00.0;0,20
GUARANIAÇU;410930201A;PR;Centro;-25,1;-52,866;2025-03-28 15:40:00.0;0,00
GUARANIAÇU;410930201A;PR;Centro;-25,1;-52,866;2025-03-28 16:40:00.0;0,00
GUARANIAÇU;410930201A;PR;Centro;-25,1;-52,866;2025-03-28 17:40:00.0;0,00
GUARANIAÇU;410930201A;PR;Centro;-25,1;-52,866;2025-03-28 18:40:00.0;0,00
GUARANIAÇU;410930201A;PR;Centro;-25,1;-52,866;2025-03-28 19:40:00.0;0,00
GUARANIAÇU;410930201A;PR;Centro;-25,1;-52,866;2025-03-28 20:40:00.0;0,00
GUARANIAÇU;410930201A;PR;Centro;-25,1;-52,866;2025-03-28 21:40:00.0;0,00
GUARANIAÇU;410930201A;PR;Centro;-25,1;-52,866;2025-03-28 22:40:00.0;0,00
GUARANIAÇU;410930201A;PR;Centro;-25,1;-52,866;2025-03-28 23:40:00.0;0,00
GUARANIAÇU;410930201A;PR;Centro;-25,1;-52,866;2025-03-29 00:40:00.0;0,00
GUARANIAÇU;410930201A;PR;Centro;-25,1;-52,866;2025-03-29 01:40:00.0;0,00
GUARANIAÇU;410930201A;PR;Centro;-25,1;-52,866;2025-03-29 02:40:00.0;0,00
GUARANIAÇU;410930201A;PR;Centro;-25,1;-52,866;2025-03-29 03:40:00.0;0,00
GUARANIAÇU;410930201A;PR;Centro;-25,1;-52,866;2025-03-29 04:40:00.0;0,00
GUARANIAÇU;410930201A;PR;Centro;-25,1;-52,866;2025-03-29 05:40:00.0;0,00
GUARANIAÇU;410930201A;PR;Centro;-25,1;-52,866;2025-03-29 06:40:00.0;0,00
GUARANIAÇU;410930201A;PR;Centro;-25,1;-52,866;2025-03-29 07:40:00.0;0,00
GUARANIAÇU;410930201A;PR;Centro;-25,1;-52,866;2025-03-29 08:40:00.0;0,00
GUARANIAÇU;410930201A;PR;Centro;-25,1;-52,866;2025-03-29 09:40:00.0;0,00
GUARANIAÇU;410930201A;PR;Centro;-25,1;-52,866;2025-03-29 10:40:00.0;0,00
GUARANIAÇU;410930201A;PR;Centro;-25,1;-52,866;2025-03-29 11:40:00.0;0,00
GUARANIAÇU;410930201A;PR;Centro;-25,1;-52,866;2025-03-29 12:40:00.0;0,00
GUARANIAÇU;410930201A;PR;Centro;-25,1;-52,866;2025-03-29 13:40:00.0;0,00
GUARANIAÇU;410930201A;PR;Centro;-25,1;-52,866;2025-03-29 14:40:00.0;0,00
GUARANIAÇU;410930201A;PR;Centro;-25,1;-52,866;2025-03-29 15:40:00.0;0,00
GUARANIAÇU;410930201A;PR;Centro;-25,1;-52,866;2025-03-29 16:40:00.0;0,00
GUARANIAÇU;410930201A;PR;Centro;-25,1;-52,866;2025-03-29 17:40:00.0;0,00
GUARANIAÇU;410930201A;PR;Centro;-25,1;-52,866;2025-03-29 18:40:00.0;0,00
GUARANIAÇU;410930201A;PR;Centro;-25,1;-52,866;2025-03-29 19:40:00.0;0,00
GUARANIAÇU;410930201A;PR;Centro;-25,1;-52,866;2025-03-29 20:20:00.0;0,20
GUARANIAÇU;410930201A;PR;Centro;-25,1;-52,866;2025-03-29 20:40:00.0;0,00
GUARANIAÇU;410930201A;PR;Centro;-25,1;-52,866;2025-03-29 21:30:00.0;0,20
GUARANIAÇU;410930201A;PR;Centro;-25,1;-52,866;2025-03-29 21:40:00.0;0,00
GUARANIAÇU;410930201A;PR;Centro;-25,1;-52,866;2025-03-29 22:40:00.0;0,00
GUARANIAÇU;410930201A;PR;Centro;-25,1;-52,866;2025-03-29 23:40:00.0;0,00
GUARANIAÇU;410930201A;PR;Centro;-25,1;-52,866;2025-03-30 00:40:00.0;0,00
GUARANIAÇU;410930201A;PR;Centro;-25,1;-52,866;2025-03-30 01:40:00.0;0,00
GUARANIAÇU;410930201A;PR;Centro;-25,1;-52,866;2025-03-30 02:40:00.0;0,00
GUARANIAÇU;410930201A;PR;Centro;-25,1;-52,866;2025-03-30 03:40:00.0;0,00
GUARANIAÇU;410930201A;PR;Centro;-25,1;-52,866;2025-03-30 04:40:00.0;0,00
GUARANIAÇU;410930201A;PR;Centro;-25,1;-52,866;2025-03-30 05:40:00.0;0,00
GUARANIAÇU;410930201A;PR;Centro;-25,1;-52,866;2025-03-30 06:40:00.0;0,00
GUARANIAÇU;410930201A;PR;Centro;-25,1;-52,866;2025-03-30 07:40:00.0;0,00
GUARANIAÇU;410930201A;PR;Centro;-25,1;-52,866;2025-03-30 08:40:00.0;0,00
GUARANIAÇU;410930201A;PR;Centro;-25,1;-52,866;2025-03-30 09:40:00.0;0,00
GUARANIAÇU;410930201A;PR;Centro;-25,1;-52,866;2025-03-30 10:40:00.0;0,00
GUARANIAÇU;410930201A;PR;Centro;-25,1;-52,866;2025-03-30 11:40:00.0;0,00
GUARANIAÇU;410930201A;PR;Centro;-25,1;-52,866;2025-03-30 12:40:00.0;0,00
GUARANIAÇU;410930201A;PR;Centro;-25,1;-52,866;2025-03-30 13:40:00.0;0,00
GUARANIAÇU;410930201A;PR;Centro;-25,1;-52,866;2025-03-30 14:40:00.0;0,00
GUARANIAÇU;410930201A;PR;Centro;-25,1;-52,866;2025-03-30 15:40:00.0;0,00
GUARANIAÇU;410930201A;PR;Centro;-25,1;-52,866;2025-03-30 17:50:00.0;0,00
GUARANIAÇU;410930201A;PR;Centro;-25,1;-52,866;2025-03-30 18:50:00.0;0,00
GUARANIAÇU;410930201A;PR;Centro;-25,1;-52,866;2025-03-30 20:00:00.0;0,00
GUARANIAÇU;410930201A;PR;Centro;-25,1;-52,866;2025-03-30 20:50:00.0;0,00
GUARANIAÇU;410930201A;PR;Centro;-25,1;-52,866;2025-03-30 21:40:00.0;0,00
GUARANIAÇU;410930201A;PR;Centro;-25,1;-52,866;2025-03-30 22:40:00.0;0,00
GUARANIAÇU;410930201A;PR;Centro;-25,1;-52,866;2025-03-30 23:40:00.0;0,00
GUARANIAÇU;410930201A;PR;Centro;-25,1;-52,866;2025-03-31 01:10:00.0;0,00
GUARANIAÇU;410930201A;PR;Centro;-25,1;-52,866;2025-03-31 02:20:00.0;0,00
GUARANIAÇU;410930201A;PR;Centro;-25,1;-52,866;2025-03-31 03:10:00.0;0,00
GUARANIAÇU;410930201A;PR;Centro;-25,1;-52,866;2025-03-31 05:00:00.0;0,00
GUARANIAÇU;410930201A;PR;Centro;-25,1;-52,866;2025-03-31 06:20:00.0;0,00
GUARANIAÇU;410930201A;PR;Centro;-25,1;-52,866;2025-03-31 07:20:00.0;0,00
GUARANIAÇU;410930201A;PR;Centro;-25,1;-52,866;2025-03-31 07:40:00.0;0,00
GUARANIAÇU;410930201A;PR;Centro;-25,1;-52,866;2025-03-31 08:40:00.0;0,00
GUARANIAÇU;410930201A;PR;Centro;-25,1;-52,866;2025-03-31 09:40:00.0;0,00
GUARANIAÇU;410930201A;PR;Centro;-25,1;-52,866;2025-03-31 10:40:00.0;0,00
GUARANIAÇU;410930201A;PR;Centro;-25,1;-52,866;2025-03-31 11:40:00.0;0,00
GUARANIAÇU;410930201A;PR;Centro;-25,1;-52,866;2025-03-31 12:40:00.0;0,00
GUARANIAÇU;410930201A;PR;Centro;-25,1;-52,866;2025-03-31 13:40:00.0;0,00
GUARANIAÇU;410930201A;PR;Centro;-25,1;-52,866;2025-03-31 14:40:00.0;0,00
GUARANIAÇU;410930201A;PR;Centro;-25,1;-52,866;2025-03-31 15:40:00.0;0,00
GUARANIAÇU;410930201A;PR;Centro;-25,1;-52,866;2025-03-31 16:40:00.0;0,00
GUARANIAÇU;410930201A;PR;Centro;-25,1;-52,866;2025-03-31 17:40:00.0;0,00
GUARANIAÇU;410930201A;PR;Centro;-25,1;-52,866;2025-03-31 18:40:00.0;0,00
GUARANIAÇU;410930201A;PR;Centro;-25,1;-52,866;2025-03-31 19:40:00.0;0,00
GUARANIAÇU;410930201A;PR;Centro;-25,1;-52,866;2025-03-31 20:00:00.0;1,97
GUARANIAÇU;410930201A;PR;Centro;-25,1;-52,866;2025-03-31 20:10:00.0;1,96
GUARANIAÇU;410930201A;PR;Centro;-25,1;-52,866;2025-03-31 20:20:00.0;1,77
GUARANIAÇU;410930201A;PR;Centro;-25,1;-52,866;2025-03-31 20:40:00.0;0,00
GUARANIAÇU;410930201A;PR;Centro;-25,1;-52,866;2025-03-31 20:50:00.0;0,20
GUARANIAÇU;410930201A;PR;Centro;-25,1;-52,866;2025-03-31 21:40:00.0;0,00
GUARANIAÇU;410930201A;PR;Centro;-25,1;-52,866;2025-03-31 22:40:00.0;0,00
GUARANIAÇU;410930201A;PR;Centro;-25,1;-52,866;2025-03-31 23:40:00.0;0,00
GUARAPUAVA;410940104A;PR;Vila Bela;-25,40131;-51,49242;2025-03-10 19:40:00.0;0,20
GUARAPUAVA;410940104A;PR;Vila Bela;-25,40131;-51,49242;2025-03-10 19:50:00.0;12,80
GUARAPUAVA;410940104A;PR;Vila Bela;-25,40131;-51,49242;2025-03-10 20:00:00.0;6,80
GUARAPUAVA;410940104A;PR;Vila Bela;-25,40131;-51,49242;2025-03-10 20:10:00.0;8,00
GUARAPUAVA;410940104A;PR;Vila Bela;-25,40131;-51,49242;2025-03-10 20:20:00.0;13,40
GUARAPUAVA;410940104A;PR;Vila Bela;-25,40131;-51,49242;2025-03-10 20:30:00.0;5,00
GUARAPUAVA;410940104A;PR;Vila Bela;-25,40131;-51,49242;2025-03-10 20:40:00.0;4,20
GUARAPUAVA;410940104A;PR;Vila Bela;-25,40131;-51,49242;2025-03-10 20:50:00.0;0,20
GUARAPUAVA;410940104A;PR;Vila Bela;-25,40131;-51,49242;2025-03-10 21:00:00.0;0,20
GUARAPUAVA;410940104A;PR;Vila Bela;-25,40131;-51,49242;2025-03-10 21:20:00.0;0,60
GUARAPUAVA;410940104A;PR;Vila Bela;-25,40131;-51,49242;2025-03-11 16:20:00.0;4,20
GUARAPUAVA;410940104A;PR;Vila Bela;-25,40131;-51,49242;2025-03-11 16:30:00.0;4,20
GUARAPUAVA;410940104A;PR;Vila Bela;-25,40131;-51,49242;2025-03-11 16:40:00.0;1,00
GUARAPUAVA;410940104A;PR;Vila Bela;-25,40131;-51,49242;2025-03-11 16:50:00.0;0,80
GUARAPUAVA;410940104A;PR;Vila Bela;-25,40131;-51,49242;2025-03-11 17:00:00.0;1,20
GUARAPUAVA;410940104A;PR;Vila Bela;-25,40131;-51,49242;2025-03-11 17:10:00.0;0,80
GUARAPUAVA;410940104A;PR;Vila Bela;-25,40131;-51,49242;2025-03-11 17:20:00.0;0,80
GUARAPUAVA;410940104A;PR;Vila Bela;-25,40131;-51,49242;2025-03-11 17:30:00.0;0,80
GUARAPUAVA;410940104A;PR;Vila Bela;-25,40131;-51,49242;2025-03-11 17:40:00.0;0,80
GUARAPUAVA;410940104A;PR;Vila Bela;-25,40131;-51,49242;2025-03-11 17:50:00.0;0,40
GUARAPUAVA;410940104A;PR;Vila Bela;-25,40131;-51,49242;2025-03-11 18:00:00.0;0,00
GUARAPUAVA;410940104A;PR;Vila Bela;-25,40131;-51,49242;2025-03-11 18:30:00.0;0,20
GUARAPUAVA;410940104A;PR;Vila Bela;-25,40131;-51,49242;2025-03-11 18:40:00.0;0,20
GUARAPUAVA;410940104A;PR;Vila Bela;-25,40131;-51,49242;2025-03-11 18:50:00.0;0,60
GUARAPUAVA;410940104A;PR;Vila Bela;-25,40131;-51,49242;2025-03-11 19:00:00.0;0,20
GUARAPUAVA;410940104A;PR;Vila Bela;-25,40131;-51,49242;2025-03-11 19:10:00.0;0,40
GUARAPUAVA;410940104A;PR;Vila Bela;-25,40131;-51,49242;2025-03-11 19:20:00.0;0,80
GUARAPUAVA;410940104A;PR;Vila Bela;-25,40131;-51,49242;2025-03-11 19:30:00.0;1,00
GUARAPUAVA;410940104A;PR;Vila Bela;-25,40131;-51,49242;2025-03-11 19:40:00.0;1,00
GUARAPUAVA;410940104A;PR;Vila Bela;-25,40131;-51,49242;2025-03-11 19:50:00.0;1,20
GUARAPUAVA;410940104A;PR;Vila Bela;-25,40131;-51,49242;2025-03-11 20:00:00.0;1,00
GUARAPUAVA;410940104A;PR;Vila Bela;-25,40131;-51,49242;2025-03-11 20:10:00.0;1,00
GUARAPUAVA;410940104A;PR;Vila Bela;-25,40131;-51,49242;2025-03-11 20:20:00.0;1,00
GUARAPUAVA;410940104A;PR;Vila Bela;-25,40131;-51,49242;2025-03-11 20:30:00.0;1,00
GUARAPUAVA;410940104A;PR;Vila Bela;-25,40131;-51,49242;2025-03-11 20:40:00.0;0,80
GUARAPUAVA;410940104A;PR;Vila Bela;-25,40131;-51,49242;2025-03-11 20:50:00.0;1,00
GUARAPUAVA;410940104A;PR;Vila Bela;-25,40131;-51,49242;2025-03-11 21:00:00.0;0,80
GUARAPUAVA;410940104A;PR;Vila Bela;-25,40131;-51,49242;2025-03-11 21:10:00.0;0,60
GUARAPUAVA;410940104A;PR;Vila Bela;-25,40131;-51,49242;2025-03-11 21:20:00.0;0,60
GUARAPUAVA;410940104A;PR;Vila Bela;-25,40131;-51,49242;2025-03-11 21:30:00.0;0,40
GUARAPUAVA;410940104A;PR;Vila Bela;-25,40131;-51,49242;2025-03-11 21:40:00.0;0,60
GUARAPUAVA;410940104A;PR;Vila Bela;-25,40131;-51,49242;2025-03-11 21:50:00.0;0,20
GUARAPUAVA;410940104A;PR;Vila Bela;-25,40131;-51,49242;2025-03-11 22:00:00.0;0,60
GUARAPUAVA;410940104A;PR;Vila Bela;-25,40131;-51,49242;2025-03-11 22:10:00.0;0,20
GUARAPUAVA;410940104A;PR;Vila Bela;-25,40131;-51,49242;2025-03-11 22:20:00.0;0,40
GUARAPUAVA;410940104A;PR;Vila Bela;-25,40131;-51,49242;2025-03-11 22:30:00.0;0,60
GUARAPUAVA;410940104A;PR;Vila Bela;-25,40131;-51,49242;2025-03-11 22:40:00.0;0,40
GUARAPUAVA;410940104A;PR;Vila Bela;-25,40131;-51,49242;2025-03-11 22:50:00.0;0,20
GUARAPUAVA;410940104A;PR;Vila Bela;-25,40131;-51,49242;2025-03-11 23:00:00.0;0,60
GUARAPUAVA;410940104A;PR;Vila Bela;-25,40131;-51,49242;2025-03-11 23:10:00.0;0,20
GUARAPUAVA;410940104A;PR;Vila Bela;-25,40131;-51,49242;2025-03-11 23:20:00.0;0,20
GUARAPUAVA;410940104A;PR;Vila Bela;-25,40131;-51,49242;2025-03-11 23:30:00.0;0,20
GUARAPUAVA;410940104A;PR;Vila Bela;-25,40131;-51,49242;2025-03-11 23:40:00.0;0,20
GUARAPUAVA;410940104A;PR;Vila Bela;-25,40131;-51,49242;2025-03-12 00:00:00.0;0,20
GUARAPUAVA;410940104A;PR;Vila Bela;-25,40131;-51,49242;2025-03-12 00:10:00.0;0,40
GUARAPUAVA;410940104A;PR;Vila Bela;-25,40131;-51,49242;2025-03-12 01:00:00.0;0,00
GUARAPUAVA;410940104A;PR;Vila Bela;-25,40131;-51,49242;2025-03-12 02:00:00.0;0,00
GUARAPUAVA;410940104A;PR;Vila Bela;-25,40131;-51,49242;2025-03-12 02:20:00.0;0,20
GUARAPUAVA;410940104A;PR;Vila Bela;-25,40131;-51,49242;2025-03-12 03:00:00.0;0,00
GUARAPUAVA;410940104A;PR;Vila Bela;-25,40131;-51,49242;2025-03-12 04:00:00.0;0,00
GUARAPUAVA;410940104A;PR;Vila Bela;-25,40131;-51,49242;2025-03-12 05:00:00.0;0,00
GUARAPUAVA;410940104A;PR;Vila Bela;-25,40131;-51,49242;2025-03-12 06:00:00.0;0,00
GUARAPUAVA;410940104A;PR;Vila Bela;-25,40131;-51,49242;2025-03-12 07:00:00.0;0,00
GUARAPUAVA;410940104A;PR;Vila Bela;-25,40131;-51,49242;2025-03-12 08:00:00.0;0,00
GUARAPUAVA;410940104A;PR;Vila Bela;-25,40131;-51,49242;2025-03-12 09:00:00.0;0,00
GUARAPUAVA;410940104A;PR;Vila Bela;-25,40131;-51,49242;2025-03-12 10:00:00.0;0,00
GUARAPUAVA;410940104A;PR;Vila Bela;-25,40131;-51,49242;2025-03-12 11:00:00.0;0,00
GUARAPUAVA;410940104A;PR;Vila Bela;-25,40131;-51,49242;2025-03-12 12:00:00.0;0,00
GUARAPUAVA;410940104A;PR;Vila Bela;-25,40131;-51,49242;2025-03-12 13:00:00.0;0,00
GUARAPUAVA;410940104A;PR;Vila Bela;-25,40131;-51,49242;2025-03-12 14:00:00.0;0,00
GUARAPUAVA;410940104A;PR;Vila Bela;-25,40131;-51,49242;2025-03-12 15:00:00.0;0,00
GUARAPUAVA;410940104A;PR;Vila Bela;-25,40131;-51,49242;2025-03-12 16:00:00.0;0,00
GUARAPUAVA;410940104A;PR;Vila Bela;-25,40131;-51,49242;2025-03-12 17:00:00.0;0,00
GUARAPUAVA;410940104A;PR;Vila Bela;-25,40131;-51,49242;2025-03-12 18:00:00.0;0,00
GUARAPUAVA;410940104A;PR;Vila Bela;-25,40131;-51,49242;2025-03-12 19:00:00.0;0,00
GUARAPUAVA;410940104A;PR;Vila Bela;-25,40131;-51,49242;2025-03-12 20:00:00.0;0,00
GUARAPUAVA;410940104A;PR;Vila Bela;-25,40131;-51,49242;2025-03-12 21:00:00.0;0,00
GUARAPUAVA;410940104A;PR;Vila Bela;-25,40131;-51,49242;2025-03-12 22:00:00.0;0,00
GUARAPUAVA;410940104A;PR;Vila Bela;-25,40131;-51,49242;2025-03-12 22:40:00.0;0,40
GUARAPUAVA;410940104A;PR;Vila Bela;-25,40131;-51,49242;2025-03-12 22:50:00.0;0,20
GUARAPUAVA;410940104A;PR;Vila Bela;-25,40131;-51,49242;2025-03-12 23:00:00.0;0,00
GUARAPUAVA;410940104A;PR;Vila Bela;-25,40131;-51,49242;2025-03-13 00:00:00.0;0,00
GUARAPUAVA;410940104A;PR;Vila Bela;-25,40131;-51,49242;2025-03-13 01:00:00.0;0,00
GUARAPUAVA;410940104A;PR;Vila Bela;-25,40131;-51,49242;2025-03-13 02:00:00.0;0,00
GUARAPUAVA;410940104A;PR;Vila Bela;-25,40131;-51,49242;2025-03-13 03:00:00.0;0,00
GUARAPUAVA;410940104A;PR;Vila Bela;-25,40131;-51,49242;2025-03-13 04:00:00.0;0,00
GUARAPUAVA;410940104A;PR;Vila Bela;-25,40131;-51,49242;2025-03-13 05:00:00.0;0,00
GUARAPUAVA;410940104A;PR;Vila Bela;-25,40131;-51,49242;2025-03-13 06:00:00.0;0,00
GUARAPUAVA;410940104A;PR;Vila Bela;-25,40131;-51,49242;2025-03-13 07:00:00.0;0,00
GUARAPUAVA;410940104A;PR;Vila Bela;-25,40131;-51,49242;2025-03-13 08:00:00.0;0,00
GUARAPUAVA;410940104A;PR;Vila Bela;-25,40131;-51,49242;2025-03-13 09:00:00.0;0,00
GUARAPUAVA;410940104A;PR;Vila Bela;-25,40131;-51,49242;2025-03-13 10:00:00.0;0,00
GUARAPUAVA;410940104A;PR;Vila Bela;-25,40131;-51,49242;2025-03-13 11:00:00.0;0,00
GUARAPUAVA;410940104A;PR;Vila Bela;-25,40131;-51,49242;2025-03-13 12:00:00.0;0,00
GUARAPUAVA;410940104A;PR;Vila Bela;-25,40131;-51,49242;2025-03-13 13:00:00.0;0,00
GUARAPUAVA;410940104A;PR;Vila Bela;-25,40131;-51,49242;2025-03-13 14:00:00.0;0,00
GUARAPUAVA;410940104A;PR;Vila Bela;-25,40131;-51,49242;2025-03-13 15:00:00.0;0,00
GUARAPUAVA;410940104A;PR;Vila Bela;-25,40131;-51,49242;2025-03-13 16:00:00.0;0,00
GUARAPUAVA;410940104A;PR;Vila Bela;-25,40131;-51,49242;2025-03-13 17:00:00.0;0,00
GUARAPUAVA;410940104A;PR;Vila Bela;-25,40131;-51,49242;2025-03-13 18:00:00.0;0,00
GUARAPUAVA;410940104A;PR;Vila Bela;-25,40131;-51,49242;2025-03-13 19:00:00.0;0,00
GUARAPUAVA;410940104A;PR;Vila Bela;-25,40131;-51,49242;2025-03-13 20:00:00.0;0,00
GUARAPUAVA;410940104A;PR;Vila Bela;-25,40131;-51,49242;2025-03-13 21:00:00.0;0,00
GUARAPUAVA;410940104A;PR;Vila Bela;-25,40131;-51,49242;2025-03-13 22:00:00.0;0,00
GUARAPUAVA;410940104A;PR;Vila Bela;-25,40131;-51,49242;2025-03-13 23:00:00.0;0,00
GUARAPUAVA;410940104A;PR;Vila Bela;-25,40131;-51,49242;2025-03-14 00:00:00.0;0,00
GUARAPUAVA;410940104A;PR;Vila Bela;-25,40131;-51,49242;2025-03-14 01:00:00.0;0,00
GUARAPUAVA;410940104A;PR;Vila Bela;-25,40131;-51,49242;2025-03-14 02:00:00.0;0,00
GUARAPUAVA;410940104A;PR;Vila Bela;-25,40131;-51,49242;2025-03-14 03:00:00.0;0,00
GUARAPUAVA;410940104A;PR;Vila Bela;-25,40131;-51,49242;2025-03-14 04:00:00.0;0,00
GUARAPUAVA;410940104A;PR;Vila Bela;-25,40131;-51,49242;2025-03-14 05:00:00.0;0,00
GUARAPUAVA;410940104A;PR;Vila Bela;-25,40131;-51,49242;2025-03-14 06:00:00.0;0,00
GUARAPUAVA;410940104A;PR;Vila Bela;-25,40131;-51,49242;2025-03-14 07:00:00.0;0,00
GUARAPUAVA;410940104A;PR;Vila Bela;-25,40131;-51,49242;2025-03-14 08:00:00.0;0,00
GUARAPUAVA;410940104A;PR;Vila Bela;-25,40131;-51,49242;2025-03-14 09:00:00.0;0,00
GUARAPUAVA;410940104A;PR;Vila Bela;-25,40131;-51,49242;2025-03-14 10:00:00.0;0,00
GUARAPUAVA;410940104A;PR;Vila Bela;-25,40131;-51,49242;2025-03-14 11:00:00.0;0,00
GUARAPUAVA;410940104A;PR;Vila Bela;-25,40131;-51,49242;2025-03-14 12:00:00.0;0,00
GUARAPUAVA;410940104A;PR;Vila Bela;-25,40131;-51,49242;2025-03-14 13:00:00.0;0,00
GUARAPUAVA;410940104A;PR;Vila Bela;-25,40131;-51,49242;2025-03-14 14:00:00.0;0,00
GUARAPUAVA;410940104A;PR;Vila Bela;-25,40131;-51,49242;2025-03-14 15:00:00.0;0,00
GUARAPUAVA;410940104A;PR;Vila Bela;-25,40131;-51,49242;2025-03-14 16:00:00.0;0,00
GUARAPUAVA;410940104A;PR;Vila Bela;-25,40131;-51,49242;2025-03-14 17:00:00.0;0,00
GUARAPUAVA;410940104A;PR;Vila Bela;-25,40131;-51,49242;2025-03-14 18:00:00.0;0,00
GUARAPUAVA;410940104A;PR;Vila Bela;-25,40131;-51,49242;2025-03-14 19:00:00.0;0,00
GUARAPUAVA;410940104A;PR;Vila Bela;-25,40131;-51,49242;2025-03-14 20:00:00.0;0,00
GUARAPUAVA;410940104A;PR;Vila Bela;-25,40131;-51,49242;2025-03-14 21:00:00.0;0,00
GUARAPUAVA;410940104A;PR;Vila Bela;-25,40131;-51,49242;2025-03-14 22:00:00.0;0,00
GUARAPUAVA;410940104A;PR;Vila Bela;-25,40131;-51,49242;2025-03-14 23:00:00.0;0,00
GUARAPUAVA;410940104A;PR;Vila Bela;-25,40131;-51,49242;2025-03-15 00:00:00.0;0,00
GUARAPUAVA;410940104A;PR;Vila Bela;-25,40131;-51,49242;2025-03-15 01:00:00.0;0,00
GUARAPUAVA;410940104A;PR;Vila Bela;-25,40131;-51,49242;2025-03-15 02:00:00.0;0,00
GUARAPUAVA;410940104A;PR;Vila Bela;-25,40131;-51,49242;2025-03-15 03:00:00.0;0,00
GUARAPUAVA;410940104A;PR;Vila Bela;-25,40131;-51,49242;2025-03-15 04:00:00.0;0,00
GUARAPUAVA;410940104A;PR;Vila Bela;-25,40131;-51,49242;2025-03-15 05:00:00.0;0,00
GUARAPUAVA;410940104A;PR;Vila Bela;-25,40131;-51,49242;2025-03-15 06:00:00.0;0,00
GUARAPUAVA;410940104A;PR;Vila Bela;-25,40131;-51,49242;2025-03-15 07:00:00.0;0,00
GUARAPUAVA;410940104A;PR;Vila Bela;-25,40131;-51,49242;2025-03-15 08:00:00.0;0,00
GUARAPUAVA;410940104A;PR;Vila Bela;-25,40131;-51,49242;2025-03-15 09:00:00.0;0,00
GUARAPUAVA;410940104A;PR;Vila Bela;-25,40131;-51,49242;2025-03-15 10:00:00.0;0,00
GUARAPUAVA;410940104A;PR;Vila Bela;-25,40131;-51,49242;2025-03-15 11:00:00.0;0,00
GUARAPUAVA;410940104A;PR;Vila Bela;-25,40131;-51,49242;2025-03-15 12:00:00.0;0,00
GUARAPUAVA;410940104A;PR;Vila Bela;-25,40131;-51,49242;2025-03-15 13:00:00.0;0,00
GUARAPUAVA;410940104A;PR;Vila Bela;-25,40131;-51,49242;2025-03-15 14:00:00.0;0,00
GUARAPUAVA;410940104A;PR;Vila Bela;-25,40131;-51,49242;2025-03-15 15:00:00.0;0,00
GUARAPUAVA;410940104A;PR;Vila Bela;-25,40131;-51,49242;2025-03-15 16:00:00.0;0,00
GUARAPUAVA;410940104A;PR;Vila Bela;-25,40131;-51,49242;2025-03-15 17:00:00.0;0,00
GUARAPUAVA;410940104A;PR;Vila Bela;-25,40131;-51,49242;2025-03-15 18:00:00.0;0,00
GUARAPUAVA;410940104A;PR;Vila Bela;-25,40131;-51,49242;2025-03-15 19:00:00.0;0,00
GUARAPUAVA;410940104A;PR;Vila Bela;-25,40131;-51,49242;2025-03-15 19:50:00.0;0,40
GUARAPUAVA;410940104A;PR;Vila Bela;-25,40131;-51,49242;2025-03-15 20:00:00.0;0,20
GUARAPUAVA;410940104A;PR;Vila Bela;-25,40131;-51,49242;2025-03-15 20:10:00.0;0,20
GUARAPUAVA;410940104A;PR;Vila Bela;-25,40131;-51,49242;2025-03-15 20:20:00.0;0,20
GUARAPUAVA;410940104A;PR;Vila Bela;-25,40131;-51,49242;2025-03-15 20:50:00.0;0,80
GUARAPUAVA;410940104A;PR;Vila Bela;-25,40131;-51,49242;2025-03-15 21:00:00.0;0,40
GUARAPUAVA;410940104A;PR;Vila Bela;-25,40131;-51,49242;2025-03-15 22:00:00.0;0,00
GUARAPUAVA;410940104A;PR;Vila Bela;-25,40131;-51,49242;2025-03-15 23:00:00.0;0,00
GUARAPUAVA;410940104A;PR;Vila Bela;-25,40131;-51,49242;2025-03-16 00:00:00.0;0,00
GUARAPUAVA;410940104A;PR;Vila Bela;-25,40131;-51,49242;2025-03-16 01:00:00.0;0,00
GUARAPUAVA;410940104A;PR;Vila Bela;-25,40131;-51,49242;2025-03-16 02:00:00.0;0,00
GUARAPUAVA;410940104A;PR;Vila Bela;-25,40131;-51,49242;2025-03-16 03:00:00.0;0,00
GUARAPUAVA;410940104A;PR;Vila Bela;-25,40131;-51,49242;2025-03-16 04:00:00.0;0,00
GUARAPUAVA;410940104A;PR;Vila Bela;-25,40131;-51,49242;2025-03-16 05:00:00.0;0,00
GUARAPUAVA;410940104A;PR;Vila Bela;-25,40131;-51,49242;2025-03-16 06:00:00.0;0,00
GUARAPUAVA;410940104A;PR;Vila Bela;-25,40131;-51,49242;2025-03-16 07:00:00.0;0,00
GUARAPUAVA;410940104A;PR;Vila Bela;-25,40131;-51,49242;2025-03-16 08:00:00.0;0,00
GUARAPUAVA;410940104A;PR;Vila Bela;-25,40131;-51,49242;2025-03-16 09:00:00.0;0,00
GUARAPUAVA;410940104A;PR;Vila Bela;-25,40131;-51,49242;2025-03-16 10:00:00.0;0,00
GUARAPUAVA;410940104A;PR;Vila Bela;-25,40131;-51,49242;2025-03-16 11:00:00.0;0,00
GUARAPUAVA;410940104A;PR;Vila Bela;-25,40131;-51,49242;2025-03-16 12:00:00.0;0,00
GUARAPUAVA;410940104A;PR;Vila Bela;-25,40131;-51,49242;2025-03-16 13:00:00.0;0,00
GUARAPUAVA;410940104A;PR;Vila Bela;-25,40131;-51,49242;2025-03-16 14:00:00.0;0,00
GUARAPUAVA;410940104A;PR;Vila Bela;-25,40131;-51,49242;2025-03-16 15:00:00.0;0,00
GUARAPUAVA;410940104A;PR;Vila Bela;-25,40131;-51,49242;2025-03-16 16:00:00.0;0,00
GUARAPUAVA;410940104A;PR;Vila Bela;-25,40131;-51,49242;2025-03-16 17:00:00.0;0,00
GUARAPUAVA;410940104A;PR;Vila Bela;-25,40131;-51,49242;2025-03-16 18:00:00.0;0,00
GUARAPUAVA;410940104A;PR;Vila Bela;-25,40131;-51,49242;2025-03-16 19:00:00.0;0,00
GUARAPUAVA;410940104A;PR;Vila Bela;-25,40131;-51,49242;2025-03-16 20:00:00.0;0,00
GUARAPUAVA;410940104A;PR;Vila Bela;-25,40131;-51,49242;2025-03-16 21:00:00.0;0,00
GUARAPUAVA;410940104A;PR;Vila Bela;-25,40131;-51,49242;2025-03-16 22:00:00.0;0,00
GUARAPUAVA;410940104A;PR;Vila Bela;-25,40131;-51,49242;2025-03-16 23:00:00.0;0,00
GUARAPUAVA;410940104A;PR;Vila Bela;-25,40131;-51,49242;2025-03-17 00:00:00.0;0,00
GUARAPUAVA;410940104A;PR;Vila Bela;-25,40131;-51,49242;2025-03-17 01:00:00.0;0,00
GUARAPUAVA;410940104A;PR;Vila Bela;-25,40131;-51,49242;2025-03-17 02:00:00.0;0,00
GUARAPUAVA;410940104A;PR;Vila Bela;-25,40131;-51,49242;2025-03-17 03:00:00.0;0,00
GUARAPUAVA;410940104A;PR;Vila Bela;-25,40131;-51,49242;2025-03-17 04:00:00.0;0,00
GUARAPUAVA;410940104A;PR;Vila Bela;-25,40131;-51,49242;2025-03-17 05:00:00.0;0,00
GUARAPUAVA;410940104A;PR;Vila Bela;-25,40131;-51,49242;2025-03-17 06:00:00.0;0,00
GUARAPUAVA;410940104A;PR;Vila Bela;-25,40131;-51,49242;2025-03-17 07:00:00.0;0,00
GUARAPUAVA;410940104A;PR;Vila Bela;-25,40131;-51,49242;2025-03-17 08:00:00.0;0,00
GUARAPUAVA;410940104A;PR;Vila Bela;-25,40131;-51,49242;2025-03-17 09:00:00.0;0,00
GUARAPUAVA;410940104A;PR;Vila Bela;-25,40131;-51,49242;2025-03-17 10:00:00.0;0,00
GUARAPUAVA;410940104A;PR;Vila Bela;-25,40131;-51,49242;2025-03-17 11:00:00.0;0,00
GUARAPUAVA;410940104A;PR;Vila Bela;-25,40131;-51,49242;2025-03-17 12:00:00.0;0,00
GUARAPUAVA;410940104A;PR;Vila Bela;-25,40131;-51,49242;2025-03-17 13:00:00.0;0,00
GUARAPUAVA;410940104A;PR;Vila Bela;-25,40131;-51,49242;2025-03-17 14:00:00.0;0,00
GUARAPUAVA;410940104A;PR;Vila Bela;-25,40131;-51,49242;2025-03-17 15:00:00.0;0,00
GUARAPUAVA;410940104A;PR;Vila Bela;-25,40131;-51,49242;2025-03-17 16:00:00.0;0,00
GUARAPUAVA;410940104A;PR;Vila Bela;-25,40131;-51,49242;2025-03-17 17:00:00.0;0,00
GUARAPUAVA;410940104A;PR;Vila Bela;-25,40131;-51,49242;2025-03-17 18:00:00.0;0,00
GUARAPUAVA;410940104A;PR;Vila Bela;-25,40131;-51,49242;2025-03-17 19:00:00.0;0,00
GUARAPUAVA;410940104A;PR;Vila Bela;-25,40131;-51,49242;2025-03-17 20:00:00.0;0,00
GUARAPUAVA;410940104A;PR;Vila Bela;-25,40131;-51,49242;2025-03-17 21:00:00.0;0,00
GUARAPUAVA;410940104A;PR;Vila Bela;-25,40131;-51,49242;2025-03-17 22:00:00.0;0,00
GUARAPUAVA;410940104A;PR;Vila Bela;-25,40131;-51,49242;2025-03-17 23:00:00.0;0,00
GUARAPUAVA;410940104A;PR;Vila Bela;-25,40131;-51,49242;2025-03-18 00:00:00.0;0,00
GUARAPUAVA;410940104A;PR;Vila Bela;-25,40131;-51,49242;2025-03-18 01:00:00.0;0,00
GUARAPUAVA;410940104A;PR;Vila Bela;-25,40131;-51,49242;2025-03-18 02:00:00.0;0,00
GUARAPUAVA;410940104A;PR;Vila Bela;-25,40131;-51,49242;2025-03-18 03:00:00.0;0,00
GUARAPUAVA;410940104A;PR;Vila Bela;-25,40131;-51,49242;2025-03-18 04:00:00.0;0,00
GUARAPUAVA;410940104A;PR;Vila Bela;-25,40131;-51,49242;2025-03-18 05:00:00.0;0,00
GUARAPUAVA;410940104A;PR;Vila Bela;-25,40131;-51,49242;2025-03-18 06:00:00.0;0,00
GUARAPUAVA;410940104A;PR;Vila Bela;-25,40131;-51,49242;2025-03-18 07:00:00.0;0,00
GUARAPUAVA;410940104A;PR;Vila Bela;-25,40131;-51,49242;2025-03-18 08:00:00.0;0,00
GUARAPUAVA;410940104A;PR;Vila Bela;-25,40131;-51,49242;2025-03-18 09:00:00.0;0,00
GUARAPUAVA;410940104A;PR;Vila Bela;-25,40131;-51,49242;2025-03-18 10:00:00.0;0,00
GUARAPUAVA;410940104A;PR;Vila Bela;-25,40131;-51,49242;2025-03-18 11:00:00.0;0,00
GUARAPUAVA;410940104A;PR;Vila Bela;-25,40131;-51,49242;2025-03-18 12:00:00.0;0,00
GUARAPUAVA;410940104A;PR;Vila Bela;-25,40131;-51,49242;2025-03-18 13:00:00.0;0,00
GUARAPUAVA;410940104A;PR;Vila Bela;-25,40131;-51,49242;2025-03-18 14:00:00.0;0,00
GUARAPUAVA;410940104A;PR;Vila Bela;-25,40131;-51,49242;2025-03-18 15:00:00.0;0,00
GUARAPUAVA;410940104A;PR;Vila Bela;-25,40131;-51,49242;2025-03-18 16:00:00.0;0,00
GUARAPUAVA;410940104A;PR;Vila Bela;-25,40131;-51,49242;2025-03-18 17:00:00.0;0,00
GUARAPUAVA;410940104A;PR;Vila Bela;-25,40131;-51,49242;2025-03-18 18:00:00.0;0,00
GUARAPUAVA;410940104A;PR;Vila Bela;-25,40131;-51,49242;2025-03-18 19:00:00.0;0,00
GUARAPUAVA;410940104A;PR;Vila Bela;-25,40131;-51,49242;2025-03-18 19:40:00.0;0,20
GUARAPUAVA;410940104A;PR;Vila Bela;-25,40131;-51,49242;2025-03-18 19:50:00.0;0,60
GUARAPUAVA;410940104A;PR;Vila Bela;-25,40131;-51,49242;2025-03-18 20:00:00.0;0,00
GUARAPUAVA;410940104A;PR;Vila Bela;-25,40131;-51,49242;2025-03-18 20:40:00.0;0,40
GUARAPUAVA;410940104A;PR;Vila Bela;-25,40131;-51,49242;2025-03-18 20:50:00.0;1,80
GUARAPUAVA;410940104A;PR;Vila Bela;-25,40131;-51,49242;2025-03-18 21:00:00.0;0,80
GUARAPUAVA;410940104A;PR;Vila Bela;-25,40131;-51,49242;2025-03-18 21:10:00.0;1,00
GUARAPUAVA;410940104A;PR;Vila Bela;-25,40131;-51,49242;2025-03-18 21:20:00.0;0,40
GUARAPUAVA;410940104A;PR;Vila Bela;-25,40131;-51,49242;2025-03-18 22:00:00.0;0,00
GUARAPUAVA;410940104A;PR;Vila Bela;-25,40131;-51,49242;2025-03-18 23:00:00.0;0,00
GUARAPUAVA;410940104A;PR;Vila Bela;-25,40131;-51,49242;2025-03-19 00:00:00.0;0,00
GUARAPUAVA;410940104A;PR;Vila Bela;-25,40131;-51,49242;2025-03-19 01:00:00.0;0,00
GUARAPUAVA;410940104A;PR;Vila Bela;-25,40131;-51,49242;2025-03-19 02:00:00.0;0,00
GUARAPUAVA;410940104A;PR;Vila Bela;-25,40131;-51,49242;2025-03-19 03:00:00.0;0,00
GUARAPUAVA;410940104A;PR;Vila Bela;-25,40131;-51,49242;2025-03-19 04:00:00.0;0,00
GUARAPUAVA;410940104A;PR;Vila Bela;-25,40131;-51,49242;2025-03-19 05:00:00.0;0,00
GUARAPUAVA;410940104A;PR;Vila Bela;-25,40131;-51,49242;2025-03-19 06:00:00.0;0,00
GUARAPUAVA;410940104A;PR;Vila Bela;-25,40131;-51,49242;2025-03-19 07:00:00.0;0,00
GUARAPUAVA;410940104A;PR;Vila Bela;-25,40131;-51,49242;2025-03-19 08:00:00.0;0,00
GUARAPUAVA;410940104A;PR;Vila Bela;-25,40131;-51,49242;2025-03-19 08:50:00.0;0,20
GUARAPUAVA;410940104A;PR;Vila Bela;-25,40131;-51,49242;2025-03-19 09:00:00.0;0,00
GUARAPUAVA;410940104A;PR;Vila Bela;-25,40131;-51,49242;2025-03-19 10:00:00.0;0,00
GUARAPUAVA;410940104A;PR;Vila Bela;-25,40131;-51,49242;2025-03-19 11:00:00.0;0,00
GUARAPUAVA;410940104A;PR;Vila Bela;-25,40131;-51,49242;2025-03-19 12:00:00.0;0,00
GUARAPUAVA;410940104A;PR;Vila Bela;-25,40131;-51,49242;2025-03-19 13:00:00.0;0,00
GUARAPUAVA;410940104A;PR;Vila Bela;-25,40131;-51,49242;2025-03-19 14:00:00.0;0,00
GUARAPUAVA;410940104A;PR;Vila Bela;-25,40131;-51,49242;2025-03-19 15:00:00.0;0,00
GUARAPUAVA;410940104A;PR;Vila Bela;-25,40131;-51,49242;2025-03-19 16:00:00.0;0,00
GUARAPUAVA;410940104A;PR;Vila Bela;-25,40131;-51,49242;2025-03-19 17:00:00.0;0,00
GUARAPUAVA;410940104A;PR;Vila Bela;-25,40131;-51,49242;2025-03-19 18:00:00.0;0,00
GUARAPUAVA;410940104A;PR;Vila Bela;-25,40131;-51,49242;2025-03-19 19:00:00.0;0,00
GUARAPUAVA;410940104A;PR;Vila Bela;-25,40131;-51,49242;2025-03-19 20:00:00.0;0,00
GUARAPUAVA;410940104A;PR;Vila Bela;-25,40131;-51,49242;2025-03-19 21:00:00.0;0,00
GUARAPUAVA;410940104A;PR;Vila Bela;-25,40131;-51,49242;2025-03-19 22:00:00.0;0,00
GUARAPUAVA;410940104A;PR;Vila Bela;-25,40131;-51,49242;2025-03-19 23:00:00.0;0,00
GUARAPUAVA;410940104A;PR;Vila Bela;-25,40131;-51,49242;2025-03-20 00:00:00.0;0,00
GUARAPUAVA;410940104A;PR;Vila Bela;-25,40131;-51,49242;2025-03-20 01:00:00.0;0,00
GUARAPUAVA;410940104A;PR;Vila Bela;-25,40131;-51,49242;2025-03-20 02:00:00.0;0,00
GUARAPUAVA;410940104A;PR;Vila Bela;-25,40131;-51,49242;2025-03-20 03:00:00.0;0,00
GUARAPUAVA;410940104A;PR;Vila Bela;-25,40131;-51,49242;2025-03-20 04:00:00.0;0,00
GUARAPUAVA;410940104A;PR;Vila Bela;-25,40131;-51,49242;2025-03-20 05:00:00.0;0,00
GUARAPUAVA;410940104A;PR;Vila Bela;-25,40131;-51,49242;2025-03-20 06:00:00.0;0,00
GUARAPUAVA;410940104A;PR;Vila Bela;-25,40131;-51,49242;2025-03-20 07:00:00.0;0,00
GUARAPUAVA;410940104A;PR;Vila Bela;-25,40131;-51,49242;2025-03-20 08:00:00.0;0,00
GUARAPUAVA;410940104A;PR;Vila Bela;-25,40131;-51,49242;2025-03-20 09:00:00.0;0,00
GUARAPUAVA;410940104A;PR;Vila Bela;-25,40131;-51,49242;2025-03-20 10:00:00.0;0,00
GUARAPUAVA;410940104A;PR;Vila Bela;-25,40131;-51,49242;2025-03-20 11:00:00.0;0,00
GUARAPUAVA;410940104A;PR;Vila Bela;-25,40131;-51,49242;2025-03-20 12:00:00.0;0,00
GUARAPUAVA;410940104A;PR;Vila Bela;-25,40131;-51,49242;2025-03-20 13:00:00.0;0,00
GUARAPUAVA;410940104A;PR;Vila Bela;-25,40131;-51,49242;2025-03-20 14:00:00.0;0,00
GUARAPUAVA;410940104A;PR;Vila Bela;-25,40131;-51,49242;2025-03-20 15:00:00.0;0,00
GUARAPUAVA;410940104A;PR;Vila Bela;-25,40131;-51,49242;2025-03-20 16:00:00.0;0,00
GUARAPUAVA;410940104A;PR;Vila Bela;-25,40131;-51,49242;2025-03-20 17:00:00.0;0,00
GUARAPUAVA;410940104A;PR;Vila Bela;-25,40131;-51,49242;2025-03-20 18:00:00.0;0,00
GUARAPUAVA;410940104A;PR;Vila Bela;-25,40131;-51,49242;2025-03-20 19:00:00.0;0,00
GUARAPUAVA;410940104A;PR;Vila Bela;-25,40131;-51,49242;2025-03-20 20:00:00.0;0,00
GUARAPUAVA;410940104A;PR;Vila Bela;-25,40131;-51,49242;2025-03-20 21:00:00.0;0,00
GUARAPUAVA;410940104A;PR;Vila Bela;-25,40131;-51,49242;2025-03-20 22:00:00.0;0,00
GUARAPUAVA;410940104A;PR;Vila Bela;-25,40131;-51,49242;2025-03-20 23:00:00.0;0,00
GUARAPUAVA;410940104A;PR;Vila Bela;-25,40131;-51,49242;2025-03-21 00:00:00.0;0,00
GUARAPUAVA;410940104A;PR;Vila Bela;-25,40131;-51,49242;2025-03-21 01:00:00.0;0,00
GUARAPUAVA;410940104A;PR;Vila Bela;-25,40131;-51,49242;2025-03-21 02:00:00.0;0,00
GUARAPUAVA;410940104A;PR;Vila Bela;-25,40131;-51,49242;2025-03-21 03:00:00.0;0,00
GUARAPUAVA;410940104A;PR;Vila Bela;-25,40131;-51,49242;2025-03-21 04:00:00.0;0,00
GUARAPUAVA;410940104A;PR;Vila Bela;-25,40131;-51,49242;2025-03-21 05:00:00.0;0,00
GUARAPUAVA;410940104A;PR;Vila Bela;-25,40131;-51,49242;2025-03-21 06:00:00.0;0,00
GUARAPUAVA;410940104A;PR;Vila Bela;-25,40131;-51,49242;2025-03-21 07:00:00.0;0,00
GUARAPUAVA;410940104A;PR;Vila Bela;-25,40131;-51,49242;2025-03-21 08:00:00.0;0,00
GUARAPUAVA;410940104A;PR;Vila Bela;-25,40131;-51,49242;2025-03-21 09:00:00.0;0,00
GUARAPUAVA;410940104A;PR;Vila Bela;-25,40131;-51,49242;2025-03-21 10:00:00.0;0,00
GUARAPUAVA;410940104A;PR;Vila Bela;-25,40131;-51,49242;2025-03-21 11:00:00.0;0,00
GUARAPUAVA;410940104A;PR;Vila Bela;-25,40131;-51,49242;2025-03-21 12:00:00.0;0,00
GUARAPUAVA;410940104A;PR;Vila Bela;-25,40131;-51,49242;2025-03-21 13:00:00.0;0,00
GUARAPUAVA;410940104A;PR;Vila Bela;-25,40131;-51,49242;2025-03-21 14:00:00.0;0,00
GUARAPUAVA;410940104A;PR;Vila Bela;-25,40131;-51,49242;2025-03-21 15:00:00.0;0,00
GUARAPUAVA;410940104A;PR;Vila Bela;-25,40131;-51,49242;2025-03-21 16:00:00.0;0,00
GUARAPUAVA;410940104A;PR;Vila Bela;-25,40131;-51,49242;2025-03-21 17:00:00.0;0,00
GUARAPUAVA;410940104A;PR;Vila Bela;-25,40131;-51,49242;2025-03-21 18:00:00.0;0,00
GUARAPUAVA;410940104A;PR;Vila Bela;-25,40131;-51,49242;2025-03-21 19:00:00.0;0,00
GUARAPUAVA;410940104A;PR;Vila Bela;-25,40131;-51,49242;2025-03-21 20:00:00.0;0,00
GUARAPUAVA;410940104A;PR;Vila Bela;-25,40131;-51,49242;2025-03-21 21:00:00.0;0,00
GUARAPUAVA;410940104A;PR;Vila Bela;-25,40131;-51,49242;2025-03-21 22:00:00.0;0,00
GUARAPUAVA;410940104A;PR;Vila Bela;-25,40131;-51,49242;2025-03-21 23:00:00.0;0,00
GUARAPUAVA;410940104A;PR;Vila Bela;-25,40131;-51,49242;2025-03-22 00:00:00.0;0,00
GUARAPUAVA;410940104A;PR;Vila Bela;-25,40131;-51,49242;2025-03-22 01:00:00.0;0,00
GUARAPUAVA;410940104A;PR;Vila Bela;-25,40131;-51,49242;2025-03-22 02:00:00.0;0,00
GUARAPUAVA;410940104A;PR;Vila Bela;-25,40131;-51,49242;2025-03-22 03:00:00.0;0,00
GUARAPUAVA;410940104A;PR;Vila Bela;-25,40131;-51,49242;2025-03-22 04:00:00.0;0,00
GUARAPUAVA;410940104A;PR;Vila Bela;-25,40131;-51,49242;2025-03-22 05:00:00.0;0,00
GUARAPUAVA;410940104A;PR;Vila Bela;-25,40131;-51,49242;2025-03-22 06:00:00.0;0,00
GUARAPUAVA;410940104A;PR;Vila Bela;-25,40131;-51,49242;2025-03-22 07:00:00.0;0,00
GUARAPUAVA;410940104A;PR;Vila Bela;-25,40131;-51,49242;2025-03-22 08:00:00.0;0,00
GUARAPUAVA;410940104A;PR;Vila Bela;-25,40131;-51,49242;2025-03-22 09:00:00.0;0,00
GUARAPUAVA;410940104A;PR;Vila Bela;-25,40131;-51,49242;2025-03-22 10:00:00.0;0,00
GUARAPUAVA;410940104A;PR;Vila Bela;-25,40131;-51,49242;2025-03-22 11:00:00.0;0,00
GUARAPUAVA;410940104A;PR;Vila Bela;-25,40131;-51,49242;2025-03-22 12:00:00.0;0,00
GUARAPUAVA;410940104A;PR;Vila Bela;-25,40131;-51,49242;2025-03-22 13:00:00.0;0,00
GUARAPUAVA;410940104A;PR;Vila Bela;-25,40131;-51,49242;2025-03-22 14:00:00.0;0,00
GUARAPUAVA;410940104A;PR;Vila Bela;-25,40131;-51,49242;2025-03-22 15:00:00.0;0,00
GUARAPUAVA;410940104A;PR;Vila Bela;-25,40131;-51,49242;2025-03-22 16:00:00.0;0,00
GUARAPUAVA;410940104A;PR;Vila Bela;-25,40131;-51,49242;2025-03-22 17:00:00.0;0,00
GUARAPUAVA;410940104A;PR;Vila Bela;-25,40131;-51,49242;2025-03-22 18:00:00.0;0,00
GUARAPUAVA;410940104A;PR;Vila Bela;-25,40131;-51,49242;2025-03-22 19:00:00.0;0,00
GUARAPUAVA;410940104A;PR;Vila Bela;-25,40131;-51,49242;2025-03-22 20:00:00.0;0,00
GUARAPUAVA;410940104A;PR;Vila Bela;-25,40131;-51,49242;2025-03-22 21:00:00.0;0,00
GUARAPUAVA;410940104A;PR;Vila Bela;-25,40131;-51,49242;2025-03-22 22:00:00.0;0,00
GUARAPUAVA;410940104A;PR;Vila Bela;-25,40131;-51,49242;2025-03-22 23:00:00.0;0,00
GUARAPUAVA;410940104A;PR;Vila Bela;-25,40131;-51,49242;2025-03-23 00:00:00.0;0,00
GUARAPUAVA;410940104A;PR;Vila Bela;-25,40131;-51,49242;2025-03-23 01:00:00.0;0,00
GUARAPUAVA;410940104A;PR;Vila Bela;-25,40131;-51,49242;2025-03-23 02:00:00.0;0,00
GUARAPUAVA;410940104A;PR;Vila Bela;-25,40131;-51,49242;2025-03-23 03:00:00.0;0,00
GUARAPUAVA;410940104A;PR;Vila Bela;-25,40131;-51,49242;2025-03-23 04:00:00.0;0,00
GUARAPUAVA;410940104A;PR;Vila Bela;-25,40131;-51,49242;2025-03-23 05:00:00.0;0,00
GUARAPUAVA;410940104A;PR;Vila Bela;-25,40131;-51,49242;2025-03-23 06:00:00.0;0,00
GUARAPUAVA;410940104A;PR;Vila Bela;-25,40131;-51,49242;2025-03-23 07:00:00.0;0,00
GUARAPUAVA;410940104A;PR;Vila Bela;-25,40131;-51,49242;2025-03-23 08:00:00.0;0,00
GUARAPUAVA;410940104A;PR;Vila Bela;-25,40131;-51,49242;2025-03-23 09:00:00.0;0,00
GUARAPUAVA;410940104A;PR;Vila Bela;-25,40131;-51,49242;2025-03-23 10:00:00.0;0,00
GUARAPUAVA;410940104A;PR;Vila Bela;-25,40131;-51,49242;2025-03-23 11:00:00.0;0,00
GUARAPUAVA;410940104A;PR;Vila Bela;-25,40131;-51,49242;2025-03-23 12:00:00.0;0,00
GUARAPUAVA;410940104A;PR;Vila Bela;-25,40131;-51,49242;2025-03-23 13:00:00.0;0,00
GUARAPUAVA;410940104A;PR;Vila Bela;-25,40131;-51,49242;2025-03-23 14:00:00.0;0,00
GUARAPUAVA;410940104A;PR;Vila Bela;-25,40131;-51,49242;2025-03-23 15:00:00.0;0,00
GUARAPUAVA;410940104A;PR;Vila Bela;-25,40131;-51,49242;2025-03-23 15:50:00.0;4,00
GUARAPUAVA;410940104A;PR;Vila Bela;-25,40131;-51,49242;2025-03-23 16:00:00.0;3,80
GUARAPUAVA;410940104A;PR;Vila Bela;-25,40131;-51,49242;2025-03-23 16:10:00.0;3,20
GUARAPUAVA;410940104A;PR;Vila Bela;-25,40131;-51,49242;2025-03-23 16:20:00.0;0,60
GUARAPUAVA;410940104A;PR;Vila Bela;-25,40131;-51,49242;2025-03-23 16:30:00.0;0,20
GUARAPUAVA;410940104A;PR;Vila Bela;-25,40131;-51,49242;2025-03-23 16:40:00.0;3,00
GUARAPUAVA;410940104A;PR;Vila Bela;-25,40131;-51,49242;2025-03-23 16:50:00.0;1,40
GUARAPUAVA;410940104A;PR;Vila Bela;-25,40131;-51,49242;2025-03-23 17:00:00.0;0,20
GUARAPUAVA;410940104A;PR;Vila Bela;-25,40131;-51,49242;2025-03-23 17:50:00.0;0,20
GUARAPUAVA;410940104A;PR;Vila Bela;-25,40131;-51,49242;2025-03-23 18:00:00.0;0,00
GUARAPUAVA;410940104A;PR;Vila Bela;-25,40131;-51,49242;2025-03-23 19:00:00.0;0,00
GUARAPUAVA;410940104A;PR;Vila Bela;-25,40131;-51,49242;2025-03-23 20:00:00.0;0,00
GUARAPUAVA;410940104A;PR;Vila Bela;-25,40131;-51,49242;2025-03-23 21:00:00.0;0,00
GUARAPUAVA;410940104A;PR;Vila Bela;-25,40131;-51,49242;2025-03-23 22:00:00.0;0,00
GUARAPUAVA;410940104A;PR;Vila Bela;-25,40131;-51,49242;2025-03-23 23:00:00.0;0,00
GUARAPUAVA;410940104A;PR;Vila Bela;-25,40131;-51,49242;2025-03-24 00:00:00.0;0,00
GUARAPUAVA;410940104A;PR;Vila Bela;-25,40131;-51,49242;2025-03-24 01:00:00.0;0,00
GUARAPUAVA;410940104A;PR;Vila Bela;-25,40131;-51,49242;2025-03-24 02:00:00.0;0,00
GUARAPUAVA;410940104A;PR;Vila Bela;-25,40131;-51,49242;2025-03-24 03:00:00.0;0,00
GUARAPUAVA;410940104A;PR;Vila Bela;-25,40131;-51,49242;2025-03-24 04:00:00.0;0,00
GUARAPUAVA;410940104A;PR;Vila Bela;-25,40131;-51,49242;2025-03-24 05:00:00.0;0,00
GUARAPUAVA;410940104A;PR;Vila Bela;-25,40131;-51,49242;2025-03-24 06:00:00.0;0,00
GUARAPUAVA;410940104A;PR;Vila Bela;-25,40131;-51,49242;2025-03-24 07:00:00.0;0,00
GUARAPUAVA;410940104A;PR;Vila Bela;-25,40131;-51,49242;2025-03-24 08:00:00.0;0,00
GUARAPUAVA;410940104A;PR;Vila Bela;-25,40131;-51,49242;2025-03-24 09:00:00.0;0,00
GUARAPUAVA;410940104A;PR;Vila Bela;-25,40131;-51,49242;2025-03-24 10:00:00.0;0,00
GUARAPUAVA;410940104A;PR;Vila Bela;-25,40131;-51,49242;2025-03-24 11:00:00.0;0,00
GUARAPUAVA;410940104A;PR;Vila Bela;-25,40131;-51,49242;2025-03-24 12:00:00.0;0,00
GUARAPUAVA;410940104A;PR;Vila Bela;-25,40131;-51,49242;2025-03-24 13:00:00.0;0,00
GUARAPUAVA;410940104A;PR;Vila Bela;-25,40131;-51,49242;2025-03-24 14:00:00.0;0,00
GUARAPUAVA;410940104A;PR;Vila Bela;-25,40131;-51,49242;2025-03-24 15:00:00.0;0,00
GUARAPUAVA;410940104A;PR;Vila Bela;-25,40131;-51,49242;2025-03-24 16:00:00.0;0,00
GUARAPUAVA;410940104A;PR;Vila Bela;-25,40131;-51,49242;2025-03-24 17:00:00.0;0,00
GUARAPUAVA;410940104A;PR;Vila Bela;-25,40131;-51,49242;2025-03-24 17:50:00.0;0,60
GUARAPUAVA;410940104A;PR;Vila Bela;-25,40131;-51,49242;2025-03-24 18:00:00.0;2,60
GUARAPUAVA;410940104A;PR;Vila Bela;-25,40131;-51,49242;2025-03-24 18:10:00.0;2,60
GUARAPUAVA;410940104A;PR;Vila Bela;-25,40131;-51,49242;2025-03-24 18:20:00.0;1,40
GUARAPUAVA;410940104A;PR;Vila Bela;-25,40131;-51,49242;2025-03-24 18:30:00.0;1,00
GUARAPUAVA;410940104A;PR;Vila Bela;-25,40131;-51,49242;2025-03-24 19:00:00.0;0,00
GUARAPUAVA;410940104A;PR;Vila Bela;-25,40131;-51,49242;2025-03-24 20:00:00.0;0,00
GUARAPUAVA;410940104A;PR;Vila Bela;-25,40131;-51,49242;2025-03-24 21:00:00.0;0,00
GUARAPUAVA;410940104A;PR;Vila Bela;-25,40131;-51,49242;2025-03-24 22:00:00.0;0,00
GUARAPUAVA;410940104A;PR;Vila Bela;-25,40131;-51,49242;2025-03-24 23:00:00.0;0,00
GUARAPUAVA;410940104A;PR;Vila Bela;-25,40131;-51,49242;2025-03-25 00:00:00.0;0,00
GUARAPUAVA;410940104A;PR;Vila Bela;-25,40131;-51,49242;2025-03-25 01:00:00.0;0,00
GUARAPUAVA;410940104A;PR;Vila Bela;-25,40131;-51,49242;2025-03-25 02:00:00.0;0,00
GUARAPUAVA;410940104A;PR;Vila Bela;-25,40131;-51,49242;2025-03-25 03:00:00.0;0,00
GUARAPUAVA;410940104A;PR;Vila Bela;-25,40131;-51,49242;2025-03-25 04:00:00.0;0,00
GUARAPUAVA;410940104A;PR;Vila Bela;-25,40131;-51,49242;2025-03-25 05:00:00.0;0,00
GUARAPUAVA;410940104A;PR;Vila Bela;-25,40131;-51,49242;2025-03-25 06:00:00.0;0,00
GUARAPUAVA;410940104A;PR;Vila Bela;-25,40131;-51,49242;2025-03-25 07:00:00.0;0,00
GUARAPUAVA;410940104A;PR;Vila Bela;-25,40131;-51,49242;2025-03-25 08:00:00.0;0,00
GUARAPUAVA;410940104A;PR;Vila Bela;-25,40131;-51,49242;2025-03-25 09:00:00.0;0,00
GUARAPUAVA;410940104A;PR;Vila Bela;-25,40131;-51,49242;2025-03-25 10:00:00.0;0,00
GUARAPUAVA;410940104A;PR;Vila Bela;-25,40131;-51,49242;2025-03-25 11:00:00.0;0,00
GUARAPUAVA;410940104A;PR;Vila Bela;-25,40131;-51,49242;2025-03-25 12:00:00.0;0,00
GUARAPUAVA;410940104A;PR;Vila Bela;-25,40131;-51,49242;2025-03-25 13:00:00.0;0,00
GUARAPUAVA;410940104A;PR;Vila Bela;-25,40131;-51,49242;2025-03-25 14:00:00.0;0,00
GUARAPUAVA;410940104A;PR;Vila Bela;-25,40131;-51,49242;2025-03-25 15:00:00.0;0,00
GUARAPUAVA;410940104A;PR;Vila Bela;-25,40131;-51,49242;2025-03-25 16:00:00.0;0,00
GUARAPUAVA;410940104A;PR;Vila Bela;-25,40131;-51,49242;2025-03-25 17:00:00.0;0,00
GUARAPUAVA;410940104A;PR;Vila Bela;-25,40131;-51,49242;2025-03-25 18:00:00.0;0,00
GUARAPUAVA;410940104A;PR;Vila Bela;-25,40131;-51,49242;2025-03-25 19:00:00.0;0,00
GUARAPUAVA;410940104A;PR;Vila Bela;-25,40131;-51,49242;2025-03-25 20:00:00.0;0,00
GUARAPUAVA;410940104A;PR;Vila Bela;-25,40131;-51,49242;2025-03-25 20:20:00.0;0,60
GUARAPUAVA;410940104A;PR;Vila Bela;-25,40131;-51,49242;2025-03-25 20:40:00.0;0,20
GUARAPUAVA;410940104A;PR;Vila Bela;-25,40131;-51,49242;2025-03-25 21:00:00.0;0,00
GUARAPUAVA;410940104A;PR;Vila Bela;-25,40131;-51,49242;2025-03-25 21:20:00.0;0,20
GUARAPUAVA;410940104A;PR;Vila Bela;-25,40131;-51,49242;2025-03-25 22:00:00.0;0,00
GUARAPUAVA;410940104A;PR;Vila Bela;-25,40131;-51,49242;2025-03-25 22:40:00.0;0,40
GUARAPUAVA;410940104A;PR;Vila Bela;-25,40131;-51,49242;2025-03-25 22:50:00.0;0,20
GUARAPUAVA;410940104A;PR;Vila Bela;-25,40131;-51,49242;2025-03-25 23:00:00.0;0,80
GUARAPUAVA;410940104A;PR;Vila Bela;-25,40131;-51,49242;2025-03-25 23:10:00.0;2,00
GUARAPUAVA;410940104A;PR;Vila Bela;-25,40131;-51,49242;2025-03-25 23:20:00.0;2,40
GUARAPUAVA;410940104A;PR;Vila Bela;-25,40131;-51,49242;2025-03-25 23:30:00.0;3,20
GUARAPUAVA;410940104A;PR;Vila Bela;-25,40131;-51,49242;2025-03-25 23:50:00.0;0,20
GUARAPUAVA;410940104A;PR;Vila Bela;-25,40131;-51,49242;2025-03-26 00:00:00.0;1,20
GUARAPUAVA;410940104A;PR;Vila Bela;-25,40131;-51,49242;2025-03-26 00:10:00.0;4,00
GUARAPUAVA;410940104A;PR;Vila Bela;-25,40131;-51,49242;2025-03-26 00:20:00.0;0,40
GUARAPUAVA;410940104A;PR;Vila Bela;-25,40131;-51,49242;2025-03-26 01:00:00.0;0,00
GUARAPUAVA;410940104A;PR;Vila Bela;-25,40131;-51,49242;2025-03-26 01:10:00.0;0,20
GUARAPUAVA;410940104A;PR;Vila Bela;-25,40131;-51,49242;2025-03-26 01:40:00.0;0,20
GUARAPUAVA;410940104A;PR;Vila Bela;-25,40131;-51,49242;2025-03-26 02:00:00.0;0,00
GUARAPUAVA;410940104A;PR;Vila Bela;-25,40131;-51,49242;2025-03-26 03:00:00.0;0,00
GUARAPUAVA;410940104A;PR;Vila Bela;-25,40131;-51,49242;2025-03-26 04:00:00.0;0,00
GUARAPUAVA;410940104A;PR;Vila Bela;-25,40131;-51,49242;2025-03-26 05:00:00.0;0,00
GUARAPUAVA;410940104A;PR;Vila Bela;-25,40131;-51,49242;2025-03-26 06:00:00.0;0,00
GUARAPUAVA;410940104A;PR;Vila Bela;-25,40131;-51,49242;2025-03-26 07:00:00.0;0,00
GUARAPUAVA;410940104A;PR;Vila Bela;-25,40131;-51,49242;2025-03-26 08:00:00.0;0,00
GUARAPUAVA;410940104A;PR;Vila Bela;-25,40131;-51,49242;2025-03-26 09:00:00.0;0,00
GUARAPUAVA;410940104A;PR;Vila Bela;-25,40131;-51,49242;2025-03-26 10:00:00.0;0,00
GUARAPUAVA;410940104A;PR;Vila Bela;-25,40131;-51,49242;2025-03-26 11:00:00.0;0,00
GUARAPUAVA;410940104A;PR;Vila Bela;-25,40131;-51,49242;2025-03-26 12:00:00.0;0,00
GUARAPUAVA;410940104A;PR;Vila Bela;-25,40131;-51,49242;2025-03-26 13:00:00.0;0,00
GUARAPUAVA;410940104A;PR;Vila Bela;-25,40131;-51,49242;2025-03-26 14:00:00.0;0,00
GUARAPUAVA;410940104A;PR;Vila Bela;-25,40131;-51,49242;2025-03-26 15:00:00.0;0,00
GUARAPUAVA;410940104A;PR;Vila Bela;-25,40131;-51,49242;2025-03-26 16:00:00.0;0,00
GUARAPUAVA;410940104A;PR;Vila Bela;-25,40131;-51,49242;2025-03-26 17:00:00.0;0,00
GUARAPUAVA;410940104A;PR;Vila Bela;-25,40131;-51,49242;2025-03-26 18:00:00.0;0,00
GUARAPUAVA;410940104A;PR;Vila Bela;-25,40131;-51,49242;2025-03-26 19:00:00.0;0,00
GUARAPUAVA;410940104A;PR;Vila Bela;-25,40131;-51,49242;2025-03-26 20:00:00.0;0,00
GUARAPUAVA;410940104A;PR;Vila Bela;-25,40131;-51,49242;2025-03-26 21:00:00.0;0,00
GUARAPUAVA;410940104A;PR;Vila Bela;-25,40131;-51,49242;2025-03-26 22:00:00.0;0,00
GUARAPUAVA;410940104A;PR;Vila Bela;-25,40131;-51,49242;2025-03-26 23:00:00.0;0,00
GUARAPUAVA;410940104A;PR;Vila Bela;-25,40131;-51,49242;2025-03-27 00:00:00.0;0,00
GUARAPUAVA;410940104A;PR;Vila Bela;-25,40131;-51,49242;2025-03-27 01:00:00.0;0,00
GUARAPUAVA;410940104A;PR;Vila Bela;-25,40131;-51,49242;2025-03-27 02:00:00.0;0,00
GUARAPUAVA;410940104A;PR;Vila Bela;-25,40131;-51,49242;2025-03-27 03:00:00.0;0,00
GUARAPUAVA;410940104A;PR;Vila Bela;-25,40131;-51,49242;2025-03-27 04:00:00.0;0,00
GUARAPUAVA;410940104A;PR;Vila Bela;-25,40131;-51,49242;2025-03-27 05:00:00.0;0,00
GUARAPUAVA;410940104A;PR;Vila Bela;-25,40131;-51,49242;2025-03-27 06:00:00.0;0,00
GUARAPUAVA;410940104A;PR;Vila Bela;-25,40131;-51,49242;2025-03-27 07:00:00.0;0,00
GUARAPUAVA;410940104A;PR;Vila Bela;-25,40131;-51,49242;2025-03-27 08:00:00.0;0,00
GUARAPUAVA;410940104A;PR;Vila Bela;-25,40131;-51,49242;2025-03-27 09:00:00.0;0,00
GUARAPUAVA;410940104A;PR;Vila Bela;-25,40131;-51,49242;2025-03-27 10:00:00.0;0,00
GUARAPUAVA;410940104A;PR;Vila Bela;-25,40131;-51,49242;2025-03-27 11:00:00.0;0,00
GUARAPUAVA;410940104A;PR;Vila Bela;-25,40131;-51,49242;2025-03-27 12:00:00.0;0,00
GUARAPUAVA;410940104A;PR;Vila Bela;-25,40131;-51,49242;2025-03-27 13:00:00.0;0,00
GUARAPUAVA;410940104A;PR;Vila Bela;-25,40131;-51,49242;2025-03-27 14:00:00.0;0,00
GUARAPUAVA;410940104A;PR;Vila Bela;-25,40131;-51,49242;2025-03-27 15:00:00.0;0,00
GUARAPUAVA;410940104A;PR;Vila Bela;-25,40131;-51,49242;2025-03-27 16:00:00.0;0,00
GUARAPUAVA;410940104A;PR;Vila Bela;-25,40131;-51,49242;2025-03-27 17:00:00.0;0,00
GUARAPUAVA;410940104A;PR;Vila Bela;-25,40131;-51,49242;2025-03-27 18:00:00.0;0,00
GUARAPUAVA;410940104A;PR;Vila Bela;-25,40131;-51,49242;2025-03-27 19:00:00.0;0,00
GUARAPUAVA;410940104A;PR;Vila Bela;-25,40131;-51,49242;2025-03-27 20:00:00.0;0,00
GUARAPUAVA;410940104A;PR;Vila Bela;-25,40131;-51,49242;2025-03-27 21:00:00.0;0,00
GUARAPUAVA;410940104A;PR;Vila Bela;-25,40131;-51,49242;2025-03-27 22:00:00.0;0,00
GUARAPUAVA;410940104A;PR;Vila Bela;-25,40131;-51,49242;2025-03-27 23:00:00.0;0,00
GUARAPUAVA;410940104A;PR;Vila Bela;-25,40131;-51,49242;2025-03-28 00:00:00.0;0,00
GUARAPUAVA;410940104A;PR;Vila Bela;-25,40131;-51,49242;2025-03-28 01:00:00.0;0,00
GUARAPUAVA;410940104A;PR;Vila Bela;-25,40131;-51,49242;2025-03-28 02:00:00.0;0,00
GUARAPUAVA;410940104A;PR;Vila Bela;-25,40131;-51,49242;2025-03-28 03:00:00.0;0,00
GUARAPUAVA;410940104A;PR;Vila Bela;-25,40131;-51,49242;2025-03-28 04:00:00.0;0,00
GUARAPUAVA;410940104A;PR;Vila Bela;-25,40131;-51,49242;2025-03-28 05:00:00.0;0,20
GUARAPUAVA;410940104A;PR;Vila Bela;-25,40131;-51,49242;2025-03-28 05:10:00.0;0,20
GUARAPUAVA;410940104A;PR;Vila Bela;-25,40131;-51,49242;2025-03-28 05:20:00.0;0,20
GUARAPUAVA;410940104A;PR;Vila Bela;-25,40131;-51,49242;2025-03-28 05:30:00.0;1,00
GUARAPUAVA;410940104A;PR;Vila Bela;-25,40131;-51,49242;2025-03-28 05:40:00.0;1,00
GUARAPUAVA;410940104A;PR;Vila Bela;-25,40131;-51,49242;2025-03-28 05:50:00.0;6,40
GUARAPUAVA;410940104A;PR;Vila Bela;-25,40131;-51,49242;2025-03-28 06:00:00.0;11,00
GUARAPUAVA;410940104A;PR;Vila Bela;-25,40131;-51,49242;2025-03-28 06:10:00.0;3,40
GUARAPUAVA;410940104A;PR;Vila Bela;-25,40131;-51,49242;2025-03-28 06:20:00.0;1,00
GUARAPUAVA;410940104A;PR;Vila Bela;-25,40131;-51,49242;2025-03-28 06:30:00.0;1,20
GUARAPUAVA;410940104A;PR;Vila Bela;-25,40131;-51,49242;2025-03-28 06:40:00.0;1,40
GUARAPUAVA;410940104A;PR;Vila Bela;-25,40131;-51,49242;2025-03-28 06:50:00.0;1,00
GUARAPUAVA;410940104A;PR;Vila Bela;-25,40131;-51,49242;2025-03-28 07:00:00.0;0,80
GUARAPUAVA;410940104A;PR;Vila Bela;-25,40131;-51,49242;2025-03-28 07:10:00.0;1,00
GUARAPUAVA;410940104A;PR;Vila Bela;-25,40131;-51,49242;2025-03-28 07:40:00.0;0,20
GUARAPUAVA;410940104A;PR;Vila Bela;-25,40131;-51,49242;2025-03-28 08:00:00.0;0,00
GUARAPUAVA;410940104A;PR;Vila Bela;-25,40131;-51,49242;2025-03-28 09:00:00.0;0,00
GUARAPUAVA;410940104A;PR;Vila Bela;-25,40131;-51,49242;2025-03-28 10:00:00.0;0,00
GUARAPUAVA;410940104A;PR;Vila Bela;-25,40131;-51,49242;2025-03-28 11:00:00.0;0,00
GUARAPUAVA;410940104A;PR;Vila Bela;-25,40131;-51,49242;2025-03-28 12:00:00.0;0,00
GUARAPUAVA;410940104A;PR;Vila Bela;-25,40131;-51,49242;2025-03-28 13:00:00.0;0,00
GUARAPUAVA;410940104A;PR;Vila Bela;-25,40131;-51,49242;2025-03-28 14:00:00.0;0,00
GUARAPUAVA;410940104A;PR;Vila Bela;-25,40131;-51,49242;2025-03-28 15:00:00.0;0,00
GUARAPUAVA;410940104A;PR;Vila Bela;-25,40131;-51,49242;2025-03-28 16:00:00.0;0,00
GUARAPUAVA;410940104A;PR;Vila Bela;-25,40131;-51,49242;2025-03-28 17:00:00.0;0,00
GUARAPUAVA;410940104A;PR;Vila Bela;-25,40131;-51,49242;2025-03-28 18:00:00.0;0,00
GUARAPUAVA;410940104A;PR;Vila Bela;-25,40131;-51,49242;2025-03-28 19:00:00.0;0,00
GUARAPUAVA;410940104A;PR;Vila Bela;-25,40131;-51,49242;2025-03-28 19:20:00.0;1,00
GUARAPUAVA;410940104A;PR;Vila Bela;-25,40131;-51,49242;2025-03-28 19:30:00.0;0,80
GUARAPUAVA;410940104A;PR;Vila Bela;-25,40131;-51,49242;2025-03-28 19:40:00.0;0,20
GUARAPUAVA;410940104A;PR;Vila Bela;-25,40131;-51,49242;2025-03-28 20:00:00.0;0,00
GUARAPUAVA;410940104A;PR;Vila Bela;-25,40131;-51,49242;2025-03-28 20:30:00.0;3,00
GUARAPUAVA;410940104A;PR;Vila Bela;-25,40131;-51,49242;2025-03-28 20:40:00.0;9,60
GUARAPUAVA;410940104A;PR;Vila Bela;-25,40131;-51,49242;2025-03-28 20:50:00.0;9,00
GUARAPUAVA;410940104A;PR;Vila Bela;-25,40131;-51,49242;2025-03-28 21:00:00.0;3,60
GUARAPUAVA;410940104A;PR;Vila Bela;-25,40131;-51,49242;2025-03-28 21:10:00.0;1,60
GUARAPUAVA;410940104A;PR;Vila Bela;-25,40131;-51,49242;2025-03-28 21:20:00.0;0,20
GUARAPUAVA;410940104A;PR;Vila Bela;-25,40131;-51,49242;2025-03-28 21:30:00.0;0,80
GUARAPUAVA;410940104A;PR;Vila Bela;-25,40131;-51,49242;2025-03-28 21:40:00.0;0,20
GUARAPUAVA;410940104A;PR;Vila Bela;-25,40131;-51,49242;2025-03-28 21:50:00.0;0,20
GUARAPUAVA;410940104A;PR;Vila Bela;-25,40131;-51,49242;2025-03-28 22:00:00.0;0,20
GUARAPUAVA;410940104A;PR;Vila Bela;-25,40131;-51,49242;2025-03-28 23:00:00.0;0,00
GUARAPUAVA;410940104A;PR;Vila Bela;-25,40131;-51,49242;2025-03-29 00:00:00.0;0,00
GUARAPUAVA;410940104A;PR;Vila Bela;-25,40131;-51,49242;2025-03-29 01:00:00.0;0,00
GUARAPUAVA;410940104A;PR;Vila Bela;-25,40131;-51,49242;2025-03-29 02:00:00.0;0,00
GUARAPUAVA;410940104A;PR;Vila Bela;-25,40131;-51,49242;2025-03-29 03:00:00.0;0,00
GUARAPUAVA;410940104A;PR;Vila Bela;-25,40131;-51,49242;2025-03-29 04:00:00.0;0,00
GUARAPUAVA;410940104A;PR;Vila Bela;-25,40131;-51,49242;2025-03-29 05:00:00.0;0,00
GUARAPUAVA;410940104A;PR;Vila Bela;-25,40131;-51,49242;2025-03-29 06:00:00.0;0,00
GUARAPUAVA;410940104A;PR;Vila Bela;-25,40131;-51,49242;2025-03-29 07:00:00.0;0,00
GUARAPUAVA;410940104A;PR;Vila Bela;-25,40131;-51,49242;2025-03-29 08:00:00.0;0,00
GUARAPUAVA;410940104A;PR;Vila Bela;-25,40131;-51,49242;2025-03-29 09:00:00.0;0,00
GUARAPUAVA;410940104A;PR;Vila Bela;-25,40131;-51,49242;2025-03-29 10:00:00.0;0,00
GUARAPUAVA;410940104A;PR;Vila Bela;-25,40131;-51,49242;2025-03-29 11:00:00.0;0,00
GUARAPUAVA;410940104A;PR;Vila Bela;-25,40131;-51,49242;2025-03-29 12:00:00.0;0,00
GUARAPUAVA;410940104A;PR;Vila Bela;-25,40131;-51,49242;2025-03-29 13:00:00.0;0,00
GUARAPUAVA;410940104A;PR;Vila Bela;-25,40131;-51,49242;2025-03-29 14:00:00.0;0,00
GUARAPUAVA;410940104A;PR;Vila Bela;-25,40131;-51,49242;2025-03-29 15:00:00.0;0,00
GUARAPUAVA;410940104A;PR;Vila Bela;-25,40131;-51,49242;2025-03-29 16:00:00.0;0,00
GUARAPUAVA;410940104A;PR;Vila Bela;-25,40131;-51,49242;2025-03-29 17:00:00.0;0,00
GUARAPUAVA;410940104A;PR;Vila Bela;-25,40131;-51,49242;2025-03-29 17:20:00.0;0,20
GUARAPUAVA;410940104A;PR;Vila Bela;-25,40131;-51,49242;2025-03-29 18:00:00.0;0,00
GUARAPUAVA;410940104A;PR;Vila Bela;-25,40131;-51,49242;2025-03-29 19:00:00.0;0,00
GUARAPUAVA;410940104A;PR;Vila Bela;-25,40131;-51,49242;2025-03-29 20:00:00.0;0,00
GUARAPUAVA;410940104A;PR;Vila Bela;-25,40131;-51,49242;2025-03-29 21:00:00.0;0,00
GUARAPUAVA;410940104A;PR;Vila Bela;-25,40131;-51,49242;2025-03-29 22:00:00.0;0,00
GUARAPUAVA;410940104A;PR;Vila Bela;-25,40131;-51,49242;2025-03-29 23:00:00.0;0,00
GUARAPUAVA;410940104A;PR;Vila Bela;-25,40131;-51,49242;2025-03-30 00:00:00.0;0,00
GUARAPUAVA;410940104A;PR;Vila Bela;-25,40131;-51,49242;2025-03-30 01:00:00.0;0,00
GUARAPUAVA;410940104A;PR;Vila Bela;-25,40131;-51,49242;2025-03-30 02:00:00.0;0,00
GUARAPUAVA;410940104A;PR;Vila Bela;-25,40131;-51,49242;2025-03-30 03:00:00.0;0,00
GUARAPUAVA;410940104A;PR;Vila Bela;-25,40131;-51,49242;2025-03-30 04:00:00.0;0,00
GUARAPUAVA;410940104A;PR;Vila Bela;-25,40131;-51,49242;2025-03-30 05:00:00.0;0,00
GUARAPUAVA;410940104A;PR;Vila Bela;-25,40131;-51,49242;2025-03-30 06:00:00.0;0,00
GUARAPUAVA;410940104A;PR;Vila Bela;-25,40131;-51,49242;2025-03-30 07:00:00.0;0,00
GUARAPUAVA;410940104A;PR;Vila Bela;-25,40131;-51,49242;2025-03-30 08:00:00.0;0,00
GUARAPUAVA;410940104A;PR;Vila Bela;-25,40131;-51,49242;2025-03-30 09:00:00.0;0,00
GUARAPUAVA;410940104A;PR;Vila Bela;-25,40131;-51,49242;2025-03-30 10:00:00.0;0,00
GUARAPUAVA;410940104A;PR;Vila Bela;-25,40131;-51,49242;2025-03-30 11:00:00.0;0,00
GUARAPUAVA;410940104A;PR;Vila Bela;-25,40131;-51,49242;2025-03-30 12:00:00.0;0,00
GUARAPUAVA;410940104A;PR;Vila Bela;-25,40131;-51,49242;2025-03-30 13:00:00.0;0,00
GUARAPUAVA;410940104A;PR;Vila Bela;-25,40131;-51,49242;2025-03-30 14:00:00.0;0,00
GUARAPUAVA;410940104A;PR;Vila Bela;-25,40131;-51,49242;2025-03-30 15:00:00.0;0,00
GUARAPUAVA;410940104A;PR;Vila Bela;-25,40131;-51,49242;2025-03-30 16:00:00.0;0,00
GUARAPUAVA;410940104A;PR;Vila Bela;-25,40131;-51,49242;2025-03-30 17:00:00.0;0,00
GUARAPUAVA;410940104A;PR;Vila Bela;-25,40131;-51,49242;2025-03-30 18:00:00.0;0,00
GUARAPUAVA;410940104A;PR;Vila Bela;-25,40131;-51,49242;2025-03-30 19:00:00.0;0,00
GUARAPUAVA;410940104A;PR;Vila Bela;-25,40131;-51,49242;2025-03-30 20:00:00.0;0,00
GUARAPUAVA;410940104A;PR;Vila Bela;-25,40131;-51,49242;2025-03-30 21:00:00.0;0,00
GUARAPUAVA;410940104A;PR;Vila Bela;-25,40131;-51,49242;2025-03-30 22:00:00.0;0,00
GUARAPUAVA;410940104A;PR;Vila Bela;-25,40131;-51,49242;2025-03-30 23:00:00.0;0,00
GUARAPUAVA;410940104A;PR;Vila Bela;-25,40131;-51,49242;2025-03-31 00:00:00.0;0,00
GUARAPUAVA;410940104A;PR;Vila Bela;-25,40131;-51,49242;2025-03-31 01:00:00.0;0,00
GUARAPUAVA;410940104A;PR;Vila Bela;-25,40131;-51,49242;2025-03-31 02:00:00.0;0,00
GUARAPUAVA;410940104A;PR;Vila Bela;-25,40131;-51,49242;2025-03-31 03:00:00.0;0,00
GUARAPUAVA;410940104A;PR;Vila Bela;-25,40131;-51,49242;2025-03-31 04:00:00.0;0,00
GUARAPUAVA;410940104A;PR;Vila Bela;-25,40131;-51,49242;2025-03-31 05:00:00.0;0,00
GUARAPUAVA;410940104A;PR;Vila Bela;-25,40131;-51,49242;2025-03-31 06:00:00.0;0,00
GUARAPUAVA;410940104A;PR;Vila Bela;-25,40131;-51,49242;2025-03-31 07:00:00.0;0,00
GUARAPUAVA;410940104A;PR;Vila Bela;-25,40131;-51,49242;2025-03-31 08:00:00.0;0,00
GUARAPUAVA;410940104A;PR;Vila Bela;-25,40131;-51,49242;2025-03-31 09:00:00.0;0,00
GUARAPUAVA;410940104A;PR;Vila Bela;-25,40131;-51,49242;2025-03-31 10:00:00.0;0,00
GUARAPUAVA;410940104A;PR;Vila Bela;-25,40131;-51,49242;2025-03-31 11:00:00.0;0,00
GUARAPUAVA;410940104A;PR;Vila Bela;-25,40131;-51,49242;2025-03-31 12:00:00.0;0,00
GUARAPUAVA;410940104A;PR;Vila Bela;-25,40131;-51,49242;2025-03-31 13:00:00.0;0,00
GUARAPUAVA;410940104A;PR;Vila Bela;-25,40131;-51,49242;2025-03-31 14:00:00.0;0,00
GUARAPUAVA;410940104A;PR;Vila Bela;-25,40131;-51,49242;2025-03-31 15:00:00.0;0,00
GUARAPUAVA;410940104A;PR;Vila Bela;-25,40131;-51,49242;2025-03-31 16:00:00.0;0,00
GUARAPUAVA;410940104A;PR;Vila Bela;-25,40131;-51,49242;2025-03-31 17:00:00.0;0,00
GUARAPUAVA;410940104A;PR;Vila Bela;-25,40131;-51,49242;2025-03-31 18:00:00.0;0,60
GUARAPUAVA;410940104A;PR;Vila Bela;-25,40131;-51,49242;2025-03-31 18:10:00.0;1,60
GUARAPUAVA;410940104A;PR;Vila Bela;-25,40131;-51,49242;2025-03-31 18:20:00.0;1,00
GUARAPUAVA;410940104A;PR;Vila Bela;-25,40131;-51,49242;2025-03-31 18:30:00.0;0,60
GUARAPUAVA;410940104A;PR;Vila Bela;-25,40131;-51,49242;2025-03-31 18:50:00.0;0,20
GUARAPUAVA;410940104A;PR;Vila Bela;-25,40131;-51,49242;2025-03-31 19:00:00.0;0,00
GUARAPUAVA;410940104A;PR;Vila Bela;-25,40131;-51,49242;2025-03-31 20:00:00.0;0,00
GUARAPUAVA;410940104A;PR;Vila Bela;-25,40131;-51,49242;2025-03-31 21:00:00.0;0,00
GUARAPUAVA;410940104A;PR;Vila Bela;-25,40131;-51,49242;2025-03-31 22:00:00.0;0,00
GUARAPUAVA;410940104A;PR;Vila Bela;-25,40131;-51,49242;2025-03-31 23:00:00.0;0,00
GUARAPUAVA;410940105A;PR;Centro;-25,35533;-51,43377;2025-03-01 00:00:00.0;0,00
GUARAPUAVA;410940105A;PR;Centro;-25,35533;-51,43377;2025-03-10 17:20:00.0;2,20
GUARAPUAVA;410940105A;PR;Centro;-25,35533;-51,43377;2025-03-10 17:30:00.0;0,00
GUARAPUAVA;410940105A;PR;Centro;-25,35533;-51,43377;2025-03-10 18:00:00.0;1,60
GUARAPUAVA;410940105A;PR;Centro;-25,35533;-51,43377;2025-03-10 18:10:00.0;0,80
GUARAPUAVA;410940105A;PR;Centro;-25,35533;-51,43377;2025-03-10 18:20:00.0;2,20
GUARAPUAVA;410940105A;PR;Centro;-25,35533;-51,43377;2025-03-10 18:30:00.0;9,80
GUARAPUAVA;410940105A;PR;Centro;-25,35533;-51,43377;2025-03-10 18:40:00.0;3,40
GUARAPUAVA;410940105A;PR;Centro;-25,35533;-51,43377;2025-03-10 18:50:00.0;1,40
GUARAPUAVA;410940105A;PR;Centro;-25,35533;-51,43377;2025-03-10 19:00:00.0;0,20
GUARAPUAVA;410940105A;PR;Centro;-25,35533;-51,43377;2025-03-10 19:10:00.0;0,00
GUARAPUAVA;410940105A;PR;Centro;-25,35533;-51,43377;2025-03-10 19:40:00.0;0,20
GUARAPUAVA;410940105A;PR;Centro;-25,35533;-51,43377;2025-03-10 19:50:00.0;0,20
GUARAPUAVA;410940105A;PR;Centro;-25,35533;-51,43377;2025-03-10 20:00:00.0;0,00
GUARAPUAVA;410940105A;PR;Centro;-25,35533;-51,43377;2025-03-10 20:50:00.0;0,20
GUARAPUAVA;410940105A;PR;Centro;-25,35533;-51,43377;2025-03-10 21:00:00.0;0,40
GUARAPUAVA;410940105A;PR;Centro;-25,35533;-51,43377;2025-03-10 21:50:00.0;0,20
GUARAPUAVA;410940105A;PR;Centro;-25,35533;-51,43377;2025-03-10 22:00:00.0;0,00
GUARAPUAVA;410940105A;PR;Centro;-25,35533;-51,43377;2025-03-10 23:00:00.0;0,00
GUARAPUAVA;410940105A;PR;Centro;-25,35533;-51,43377;2025-03-11 00:00:00.0;0,00
GUARAPUAVA;410940105A;PR;Centro;-25,35533;-51,43377;2025-03-11 01:00:00.0;0,00
GUARAPUAVA;410940105A;PR;Centro;-25,35533;-51,43377;2025-03-11 02:00:00.0;0,00
GUARAPUAVA;410940105A;PR;Centro;-25,35533;-51,43377;2025-03-11 03:00:00.0;0,00
GUARAPUAVA;410940105A;PR;Centro;-25,35533;-51,43377;2025-03-11 04:00:00.0;0,00
GUARAPUAVA;410940105A;PR;Centro;-25,35533;-51,43377;2025-03-11 05:00:00.0;0,00
GUARAPUAVA;410940105A;PR;Centro;-25,35533;-51,43377;2025-03-11 06:00:00.0;0,00
GUARAPUAVA;410940105A;PR;Centro;-25,35533;-51,43377;2025-03-11 07:00:00.0;0,00
GUARAPUAVA;410940105A;PR;Centro;-25,35533;-51,43377;2025-03-11 08:00:00.0;0,00
GUARAPUAVA;410940105A;PR;Centro;-25,35533;-51,43377;2025-03-11 09:00:00.0;0,00
GUARAPUAVA;410940105A;PR;Centro;-25,35533;-51,43377;2025-03-11 10:00:00.0;0,00
GUARAPUAVA;410940105A;PR;Centro;-25,35533;-51,43377;2025-03-11 11:00:00.0;0,00
GUARAPUAVA;410940105A;PR;Centro;-25,35533;-51,43377;2025-03-11 11:50:00.0;0,20
GUARAPUAVA;410940105A;PR;Centro;-25,35533;-51,43377;2025-03-11 12:00:00.0;0,60
GUARAPUAVA;410940105A;PR;Centro;-25,35533;-51,43377;2025-03-11 12:10:00.0;0,40
GUARAPUAVA;410940105A;PR;Centro;-25,35533;-51,43377;2025-03-11 12:20:00.0;0,00
GUARAPUAVA;410940105A;PR;Centro;-25,35533;-51,43377;2025-03-11 13:00:00.0;0,00
GUARAPUAVA;410940105A;PR;Centro;-25,35533;-51,43377;2025-03-11 14:00:00.0;0,00
GUARAPUAVA;410940105A;PR;Centro;-25,35533;-51,43377;2025-03-11 15:00:00.0;0,00
GUARAPUAVA;410940105A;PR;Centro;-25,35533;-51,43377;2025-03-11 15:50:00.0;2,40
GUARAPUAVA;410940105A;PR;Centro;-25,35533;-51,43377;2025-03-11 16:00:00.0;2,80
GUARAPUAVA;410940105A;PR;Centro;-25,35533;-51,43377;2025-03-11 16:10:00.0;2,40
GUARAPUAVA;410940105A;PR;Centro;-25,35533;-51,43377;2025-03-11 16:20:00.0;2,40
GUARAPUAVA;410940105A;PR;Centro;-25,35533;-51,43377;2025-03-11 16:30:00.0;0,60
GUARAPUAVA;410940105A;PR;Centro;-25,35533;-51,43377;2025-03-11 16:40:00.0;0,60
GUARAPUAVA;410940105A;PR;Centro;-25,35533;-51,43377;2025-03-11 17:00:00.0;0,20
GUARAPUAVA;410940105A;PR;Centro;-25,35533;-51,43377;2025-03-11 17:10:00.0;0,20
GUARAPUAVA;410940105A;PR;Centro;-25,35533;-51,43377;2025-03-11 17:20:00.0;0,20
GUARAPUAVA;410940105A;PR;Centro;-25,35533;-51,43377;2025-03-11 17:40:00.0;0,20
GUARAPUAVA;410940105A;PR;Centro;-25,35533;-51,43377;2025-03-11 17:50:00.0;0,20
GUARAPUAVA;410940105A;PR;Centro;-25,35533;-51,43377;2025-03-11 18:00:00.0;0,40
GUARAPUAVA;410940105A;PR;Centro;-25,35533;-51,43377;2025-03-11 18:10:00.0;0,60
GUARAPUAVA;410940105A;PR;Centro;-25,35533;-51,43377;2025-03-11 18:20:00.0;0,60
GUARAPUAVA;410940105A;PR;Centro;-25,35533;-51,43377;2025-03-11 18:30:00.0;0,40
GUARAPUAVA;410940105A;PR;Centro;-25,35533;-51,43377;2025-03-11 18:40:00.0;0,80
GUARAPUAVA;410940105A;PR;Centro;-25,35533;-51,43377;2025-03-11 18:50:00.0;0,60
GUARAPUAVA;410940105A;PR;Centro;-25,35533;-51,43377;2025-03-11 19:00:00.0;0,40
GUARAPUAVA;410940105A;PR;Centro;-25,35533;-51,43377;2025-03-11 19:10:00.0;0,60
GUARAPUAVA;410940105A;PR;Centro;-25,35533;-51,43377;2025-03-11 19:20:00.0;0,60
GUARAPUAVA;410940105A;PR;Centro;-25,35533;-51,43377;2025-03-11 19:30:00.0;0,80
GUARAPUAVA;410940105A;PR;Centro;-25,35533;-51,43377;2025-03-11 19:40:00.0;0,80
GUARAPUAVA;410940105A;PR;Centro;-25,35533;-51,43377;2025-03-11 19:50:00.0;1,00
GUARAPUAVA;410940105A;PR;Centro;-25,35533;-51,43377;2025-03-11 20:00:00.0;0,80
GUARAPUAVA;410940105A;PR;Centro;-25,35533;-51,43377;2025-03-11 20:10:00.0;0,40
GUARAPUAVA;410940105A;PR;Centro;-25,35533;-51,43377;2025-03-11 20:20:00.0;0,40
GUARAPUAVA;410940105A;PR;Centro;-25,35533;-51,43377;2025-03-11 20:30:00.0;0,20
GUARAPUAVA;410940105A;PR;Centro;-25,35533;-51,43377;2025-03-11 20:40:00.0;0,20
GUARAPUAVA;410940105A;PR;Centro;-25,35533;-51,43377;2025-03-11 20:50:00.0;0,00
GUARAPUAVA;410940105A;PR;Centro;-25,35533;-51,43377;2025-03-11 21:00:00.0;0,40
GUARAPUAVA;410940105A;PR;Centro;-25,35533;-51,43377;2025-03-11 21:10:00.0;0,20
GUARAPUAVA;410940105A;PR;Centro;-25,35533;-51,43377;2025-03-11 21:20:00.0;0,40
GUARAPUAVA;410940105A;PR;Centro;-25,35533;-51,43377;2025-03-11 21:30:00.0;0,00
GUARAPUAVA;410940105A;PR;Centro;-25,35533;-51,43377;2025-03-11 21:40:00.0;0,20
GUARAPUAVA;410940105A;PR;Centro;-25,35533;-51,43377;2025-03-11 21:50:00.0;0,00
GUARAPUAVA;410940105A;PR;Centro;-25,35533;-51,43377;2025-03-11 22:00:00.0;0,00
GUARAPUAVA;410940105A;PR;Centro;-25,35533;-51,43377;2025-03-11 22:10:00.0;0,20
GUARAPUAVA;410940105A;PR;Centro;-25,35533;-51,43377;2025-03-11 22:20:00.0;0,00
GUARAPUAVA;410940105A;PR;Centro;-25,35533;-51,43377;2025-03-11 22:40:00.0;0,20
GUARAPUAVA;410940105A;PR;Centro;-25,35533;-51,43377;2025-03-11 22:50:00.0;0,00
GUARAPUAVA;410940105A;PR;Centro;-25,35533;-51,43377;2025-03-11 23:00:00.0;0,00
GUARAPUAVA;410940105A;PR;Centro;-25,35533;-51,43377;2025-03-11 23:20:00.0;0,20
GUARAPUAVA;410940105A;PR;Centro;-25,35533;-51,43377;2025-03-11 23:30:00.0;0,00
GUARAPUAVA;410940105A;PR;Centro;-25,35533;-51,43377;2025-03-12 00:00:00.0;0,00
GUARAPUAVA;410940105A;PR;Centro;-25,35533;-51,43377;2025-03-12 01:00:00.0;0,20
GUARAPUAVA;410940105A;PR;Centro;-25,35533;-51,43377;2025-03-12 02:00:00.0;0,00
GUARAPUAVA;410940105A;PR;Centro;-25,35533;-51,43377;2025-03-12 03:00:00.0;0,00
GUARAPUAVA;410940105A;PR;Centro;-25,35533;-51,43377;2025-03-12 04:00:00.0;0,00
GUARAPUAVA;410940105A;PR;Centro;-25,35533;-51,43377;2025-03-12 05:00:00.0;0,00
GUARAPUAVA;410940105A;PR;Centro;-25,35533;-51,43377;2025-03-12 06:00:00.0;0,00
GUARAPUAVA;410940105A;PR;Centro;-25,35533;-51,43377;2025-03-12 07:00:00.0;0,00
GUARAPUAVA;410940105A;PR;Centro;-25,35533;-51,43377;2025-03-12 08:00:00.0;0,00
GUARAPUAVA;410940105A;PR;Centro;-25,35533;-51,43377;2025-03-12 09:00:00.0;0,00
GUARAPUAVA;410940105A;PR;Centro;-25,35533;-51,43377;2025-03-12 10:00:00.0;0,00
GUARAPUAVA;410940105A;PR;Centro;-25,35533;-51,43377;2025-03-12 11:00:00.0;0,00
GUARAPUAVA;410940105A;PR;Centro;-25,35533;-51,43377;2025-03-12 12:00:00.0;0,00
GUARAPUAVA;410940105A;PR;Centro;-25,35533;-51,43377;2025-03-12 13:00:00.0;0,00
GUARAPUAVA;410940105A;PR;Centro;-25,35533;-51,43377;2025-03-12 14:00:00.0;0,00
GUARAPUAVA;410940105A;PR;Centro;-25,35533;-51,43377;2025-03-12 15:00:00.0;0,00
GUARAPUAVA;410940105A;PR;Centro;-25,35533;-51,43377;2025-03-12 16:00:00.0;0,00
GUARAPUAVA;410940105A;PR;Centro;-25,35533;-51,43377;2025-03-12 17:00:00.0;0,00
GUARAPUAVA;410940105A;PR;Centro;-25,35533;-51,43377;2025-03-12 18:00:00.0;0,00
GUARAPUAVA;410940105A;PR;Centro;-25,35533;-51,43377;2025-03-12 19:00:00.0;0,00
GUARAPUAVA;410940105A;PR;Centro;-25,35533;-51,43377;2025-03-12 20:00:00.0;0,00
GUARAPUAVA;410940105A;PR;Centro;-25,35533;-51,43377;2025-03-12 20:40:00.0;0,40
GUARAPUAVA;410940105A;PR;Centro;-25,35533;-51,43377;2025-03-12 20:50:00.0;4,00
GUARAPUAVA;410940105A;PR;Centro;-25,35533;-51,43377;2025-03-12 21:00:00.0;0,60
GUARAPUAVA;410940105A;PR;Centro;-25,35533;-51,43377;2025-03-12 21:10:00.0;0,20
GUARAPUAVA;410940105A;PR;Centro;-25,35533;-51,43377;2025-03-12 21:20:00.0;0,00
GUARAPUAVA;410940105A;PR;Centro;-25,35533;-51,43377;2025-03-12 22:00:00.0;0,00
GUARAPUAVA;410940105A;PR;Centro;-25,35533;-51,43377;2025-03-12 23:00:00.0;0,00
GUARAPUAVA;410940105A;PR;Centro;-25,35533;-51,43377;2025-03-13 00:00:00.0;0,00
GUARAPUAVA;410940105A;PR;Centro;-25,35533;-51,43377;2025-03-13 01:00:00.0;0,00
GUARAPUAVA;410940105A;PR;Centro;-25,35533;-51,43377;2025-03-13 01:20:00.0;0,20
GUARAPUAVA;410940105A;PR;Centro;-25,35533;-51,43377;2025-03-13 01:30:00.0;0,00
GUARAPUAVA;410940105A;PR;Centro;-25,35533;-51,43377;2025-03-13 02:00:00.0;0,00
GUARAPUAVA;410940105A;PR;Centro;-25,35533;-51,43377;2025-03-13 03:00:00.0;0,00
GUARAPUAVA;410940105A;PR;Centro;-25,35533;-51,43377;2025-03-13 04:00:00.0;0,00
GUARAPUAVA;410940105A;PR;Centro;-25,35533;-51,43377;2025-03-13 05:00:00.0;0,00
GUARAPUAVA;410940105A;PR;Centro;-25,35533;-51,43377;2025-03-13 06:00:00.0;0,00
GUARAPUAVA;410940105A;PR;Centro;-25,35533;-51,43377;2025-03-13 07:00:00.0;0,00
GUARAPUAVA;410940105A;PR;Centro;-25,35533;-51,43377;2025-03-13 08:00:00.0;0,00
GUARAPUAVA;410940105A;PR;Centro;-25,35533;-51,43377;2025-03-13 09:00:00.0;0,00
GUARAPUAVA;410940105A;PR;Centro;-25,35533;-51,43377;2025-03-13 10:00:00.0;0,00
GUARAPUAVA;410940105A;PR;Centro;-25,35533;-51,43377;2025-03-13 11:00:00.0;0,00
GUARAPUAVA;410940105A;PR;Centro;-25,35533;-51,43377;2025-03-13 12:00:00.0;0,00
GUARAPUAVA;410940105A;PR;Centro;-25,35533;-51,43377;2025-03-13 13:00:00.0;0,00
GUARAPUAVA;410940105A;PR;Centro;-25,35533;-51,43377;2025-03-13 14:00:00.0;0,00
GUARAPUAVA;410940105A;PR;Centro;-25,35533;-51,43377;2025-03-13 15:00:00.0;0,00
GUARAPUAVA;410940105A;PR;Centro;-25,35533;-51,43377;2025-03-15 19:10:00.0;0,40
GUARAPUAVA;410940105A;PR;Centro;-25,35533;-51,43377;2025-03-15 19:20:00.0;0,40
GUARAPUAVA;410940105A;PR;Centro;-25,35533;-51,43377;2025-03-15 19:30:00.0;0,20
GUARAPUAVA;410940105A;PR;Centro;-25,35533;-51,43377;2025-03-15 19:40:00.0;0,20
GUARAPUAVA;410940105A;PR;Centro;-25,35533;-51,43377;2025-03-15 20:00:00.0;0,00
GUARAPUAVA;410940105A;PR;Centro;-25,35533;-51,43377;2025-03-15 20:10:00.0;0,40
GUARAPUAVA;410940105A;PR;Centro;-25,35533;-51,43377;2025-03-15 20:20:00.0;0,00
GUARAPUAVA;410940105A;PR;Centro;-25,35533;-51,43377;2025-03-15 21:00:00.0;0,00
GUARAPUAVA;410940105A;PR;Centro;-25,35533;-51,43377;2025-03-15 22:00:00.0;0,00
GUARAPUAVA;410940105A;PR;Centro;-25,35533;-51,43377;2025-03-15 23:00:00.0;0,00
GUARAPUAVA;410940105A;PR;Centro;-25,35533;-51,43377;2025-03-16 00:00:00.0;0,00
GUARAPUAVA;410940105A;PR;Centro;-25,35533;-51,43377;2025-03-16 01:00:00.0;0,00
GUARAPUAVA;410940105A;PR;Centro;-25,35533;-51,43377;2025-03-16 02:00:00.0;0,00
GUARAPUAVA;410940105A;PR;Centro;-25,35533;-51,43377;2025-03-16 03:00:00.0;0,00
GUARAPUAVA;410940105A;PR;Centro;-25,35533;-51,43377;2025-03-16 04:00:00.0;0,00
GUARAPUAVA;410940105A;PR;Centro;-25,35533;-51,43377;2025-03-16 05:00:00.0;0,00
GUARAPUAVA;410940105A;PR;Centro;-25,35533;-51,43377;2025-03-16 06:00:00.0;0,00
GUARAPUAVA;410940105A;PR;Centro;-25,35533;-51,43377;2025-03-16 07:00:00.0;0,00
GUARAPUAVA;410940105A;PR;Centro;-25,35533;-51,43377;2025-03-16 08:00:00.0;0,00
GUARAPUAVA;410940105A;PR;Centro;-25,35533;-51,43377;2025-03-16 09:00:00.0;0,00
GUARAPUAVA;410940105A;PR;Centro;-25,35533;-51,43377;2025-03-16 10:00:00.0;0,00
GUARAPUAVA;410940105A;PR;Centro;-25,35533;-51,43377;2025-03-16 11:00:00.0;0,00
GUARAPUAVA;410940105A;PR;Centro;-25,35533;-51,43377;2025-03-16 12:00:00.0;0,00
GUARAPUAVA;410940105A;PR;Centro;-25,35533;-51,43377;2025-03-16 13:00:00.0;0,00
GUARAPUAVA;410940105A;PR;Centro;-25,35533;-51,43377;2025-03-16 14:00:00.0;0,00
GUARAPUAVA;410940105A;PR;Centro;-25,35533;-51,43377;2025-03-16 15:00:00.0;0,00
GUARAPUAVA;410940105A;PR;Centro;-25,35533;-51,43377;2025-03-16 16:00:00.0;0,00
GUARAPUAVA;410940105A;PR;Centro;-25,35533;-51,43377;2025-03-16 17:00:00.0;0,00
GUARAPUAVA;410940105A;PR;Centro;-25,35533;-51,43377;2025-03-16 18:00:00.0;0,00
GUARAPUAVA;410940105A;PR;Centro;-25,35533;-51,43377;2025-03-16 19:00:00.0;0,00
GUARAPUAVA;410940105A;PR;Centro;-25,35533;-51,43377;2025-03-16 20:00:00.0;0,00
GUARAPUAVA;410940105A;PR;Centro;-25,35533;-51,43377;2025-03-16 21:00:00.0;0,00
GUARAPUAVA;410940105A;PR;Centro;-25,35533;-51,43377;2025-03-16 22:00:00.0;0,00
GUARAPUAVA;410940105A;PR;Centro;-25,35533;-51,43377;2025-03-16 23:00:00.0;0,00
GUARAPUAVA;410940105A;PR;Centro;-25,35533;-51,43377;2025-03-17 00:00:00.0;0,00
GUARAPUAVA;410940105A;PR;Centro;-25,35533;-51,43377;2025-03-17 01:00:00.0;0,00
GUARAPUAVA;410940105A;PR;Centro;-25,35533;-51,43377;2025-03-17 02:00:00.0;0,00
GUARAPUAVA;410940105A;PR;Centro;-25,35533;-51,43377;2025-03-17 03:00:00.0;0,00
GUARAPUAVA;410940105A;PR;Centro;-25,35533;-51,43377;2025-03-17 04:00:00.0;0,00
GUARAPUAVA;410940105A;PR;Centro;-25,35533;-51,43377;2025-03-17 05:00:00.0;0,00
GUARAPUAVA;410940105A;PR;Centro;-25,35533;-51,43377;2025-03-17 06:00:00.0;0,00
GUARAPUAVA;410940105A;PR;Centro;-25,35533;-51,43377;2025-03-17 07:00:00.0;0,00
GUARAPUAVA;410940105A;PR;Centro;-25,35533;-51,43377;2025-03-17 08:00:00.0;0,00
GUARAPUAVA;410940105A;PR;Centro;-25,35533;-51,43377;2025-03-17 09:00:00.0;0,00
GUARAPUAVA;410940105A;PR;Centro;-25,35533;-51,43377;2025-03-17 10:00:00.0;0,00
GUARAPUAVA;410940105A;PR;Centro;-25,35533;-51,43377;2025-03-17 11:00:00.0;0,00
GUARAPUAVA;410940105A;PR;Centro;-25,35533;-51,43377;2025-03-17 12:00:00.0;0,00
GUARAPUAVA;410940105A;PR;Centro;-25,35533;-51,43377;2025-03-17 13:00:00.0;0,00
GUARAPUAVA;410940105A;PR;Centro;-25,35533;-51,43377;2025-03-17 14:00:00.0;0,00
GUARAPUAVA;410940105A;PR;Centro;-25,35533;-51,43377;2025-03-17 15:00:00.0;0,00
GUARAPUAVA;410940105A;PR;Centro;-25,35533;-51,43377;2025-03-17 16:00:00.0;0,00
GUARAPUAVA;410940105A;PR;Centro;-25,35533;-51,43377;2025-03-17 17:00:00.0;0,00
GUARAPUAVA;410940105A;PR;Centro;-25,35533;-51,43377;2025-03-17 18:00:00.0;0,00
GUARAPUAVA;410940105A;PR;Centro;-25,35533;-51,43377;2025-03-17 19:00:00.0;0,00
GUARAPUAVA;410940105A;PR;Centro;-25,35533;-51,43377;2025-03-17 20:00:00.0;0,00
GUARAPUAVA;410940105A;PR;Centro;-25,35533;-51,43377;2025-03-17 22:10:00.0;0,00
GUARAPUAVA;410940105A;PR;Centro;-25,35533;-51,43377;2025-03-17 23:00:00.0;0,00
GUARAPUAVA;410940105A;PR;Centro;-25,35533;-51,43377;2025-03-18 00:00:00.0;0,00
GUARAPUAVA;410940105A;PR;Centro;-25,35533;-51,43377;2025-03-18 01:00:00.0;0,00
GUARAPUAVA;410940105A;PR;Centro;-25,35533;-51,43377;2025-03-18 02:00:00.0;0,00
GUARAPUAVA;410940105A;PR;Centro;-25,35533;-51,43377;2025-03-18 03:00:00.0;0,00
GUARAPUAVA;410940105A;PR;Centro;-25,35533;-51,43377;2025-03-18 04:00:00.0;0,00
GUARAPUAVA;410940105A;PR;Centro;-25,35533;-51,43377;2025-03-18 05:00:00.0;0,00
GUARAPUAVA;410940105A;PR;Centro;-25,35533;-51,43377;2025-03-18 06:00:00.0;0,00
GUARAPUAVA;410940105A;PR;Centro;-25,35533;-51,43377;2025-03-18 07:00:00.0;0,00
GUARAPUAVA;410940105A;PR;Centro;-25,35533;-51,43377;2025-03-18 08:00:00.0;0,00
GUARAPUAVA;410940105A;PR;Centro;-25,35533;-51,43377;2025-03-18 09:00:00.0;0,00
GUARAPUAVA;410940105A;PR;Centro;-25,35533;-51,43377;2025-03-18 10:00:00.0;0,00
GUARAPUAVA;410940105A;PR;Centro;-25,35533;-51,43377;2025-03-18 11:00:00.0;0,00
GUARAPUAVA;410940105A;PR;Centro;-25,35533;-51,43377;2025-03-18 12:00:00.0;0,20
GUARAPUAVA;410940105A;PR;Centro;-25,35533;-51,43377;2025-03-18 12:10:00.0;0,00
GUARAPUAVA;410940105A;PR;Centro;-25,35533;-51,43377;2025-03-18 13:00:00.0;0,00
GUARAPUAVA;410940105A;PR;Centro;-25,35533;-51,43377;2025-03-18 13:30:00.0;0,20
GUARAPUAVA;410940105A;PR;Centro;-25,35533;-51,43377;2025-03-18 13:40:00.0;2,40
GUARAPUAVA;410940105A;PR;Centro;-25,35533;-51,43377;2025-03-18 13:50:00.0;0,20
GUARAPUAVA;410940105A;PR;Centro;-25,35533;-51,43377;2025-03-18 14:00:00.0;0,00
GUARAPUAVA;410940105A;PR;Centro;-25,35533;-51,43377;2025-03-18 15:00:00.0;0,00
GUARAPUAVA;410940105A;PR;Centro;-25,35533;-51,43377;2025-03-18 15:50:00.0;0,60
GUARAPUAVA;410940105A;PR;Centro;-25,35533;-51,43377;2025-03-18 16:00:00.0;0,00
GUARAPUAVA;410940105A;PR;Centro;-25,35533;-51,43377;2025-03-18 17:00:00.0;0,00
GUARAPUAVA;410940105A;PR;Centro;-25,35533;-51,43377;2025-03-18 18:00:00.0;0,00
GUARAPUAVA;410940105A;PR;Centro;-25,35533;-51,43377;2025-03-18 18:20:00.0;1,00
GUARAPUAVA;410940105A;PR;Centro;-25,35533;-51,43377;2025-03-18 18:30:00.0;0,00
GUARAPUAVA;410940105A;PR;Centro;-25,35533;-51,43377;2025-03-18 19:00:00.0;0,20
GUARAPUAVA;410940105A;PR;Centro;-25,35533;-51,43377;2025-03-18 19:10:00.0;0,00
GUARAPUAVA;410940105A;PR;Centro;-25,35533;-51,43377;2025-03-18 19:50:00.0;1,40
GUARAPUAVA;410940105A;PR;Centro;-25,35533;-51,43377;2025-03-18 20:00:00.0;0,40
GUARAPUAVA;410940105A;PR;Centro;-25,35533;-51,43377;2025-03-18 20:10:00.0;1,60
GUARAPUAVA;410940105A;PR;Centro;-25,35533;-51,43377;2025-03-18 20:20:00.0;0,00
GUARAPUAVA;410940105A;PR;Centro;-25,35533;-51,43377;2025-03-18 20:30:00.0;0,20
GUARAPUAVA;410940105A;PR;Centro;-25,35533;-51,43377;2025-03-18 20:40:00.0;0,00
GUARAPUAVA;410940105A;PR;Centro;-25,35533;-51,43377;2025-03-18 21:00:00.0;0,00
GUARAPUAVA;410940105A;PR;Centro;-25,35533;-51,43377;2025-03-18 22:00:00.0;0,00
GUARAPUAVA;410940105A;PR;Centro;-25,35533;-51,43377;2025-03-18 23:00:00.0;0,00
GUARAPUAVA;410940105A;PR;Centro;-25,35533;-51,43377;2025-03-19 00:00:00.0;0,00
GUARAPUAVA;410940105A;PR;Centro;-25,35533;-51,43377;2025-03-19 01:00:00.0;0,00
GUARAPUAVA;410940105A;PR;Centro;-25,35533;-51,43377;2025-03-19 02:00:00.0;0,00
GUARAPUAVA;410940105A;PR;Centro;-25,35533;-51,43377;2025-03-19 03:00:00.0;0,00
GUARAPUAVA;410940105A;PR;Centro;-25,35533;-51,43377;2025-03-19 03:50:00.0;0,20
GUARAPUAVA;410940105A;PR;Centro;-25,35533;-51,43377;2025-03-19 04:00:00.0;0,00
GUARAPUAVA;410940105A;PR;Centro;-25,35533;-51,43377;2025-03-19 05:00:00.0;0,00
GUARAPUAVA;410940105A;PR;Centro;-25,35533;-51,43377;2025-03-19 06:00:00.0;0,00
GUARAPUAVA;410940105A;PR;Centro;-25,35533;-51,43377;2025-03-19 07:00:00.0;0,00
GUARAPUAVA;410940105A;PR;Centro;-25,35533;-51,43377;2025-03-19 08:00:00.0;0,00
GUARAPUAVA;410940105A;PR;Centro;-25,35533;-51,43377;2025-03-19 09:00:00.0;0,00
GUARAPUAVA;410940105A;PR;Centro;-25,35533;-51,43377;2025-03-19 10:00:00.0;0,00
GUARAPUAVA;410940105A;PR;Centro;-25,35533;-51,43377;2025-03-19 11:00:00.0;0,00
GUARAPUAVA;410940105A;PR;Centro;-25,35533;-51,43377;2025-03-19 12:00:00.0;0,00
GUARAPUAVA;410940105A;PR;Centro;-25,35533;-51,43377;2025-03-19 13:00:00.0;0,00
GUARAPUAVA;410940105A;PR;Centro;-25,35533;-51,43377;2025-03-19 14:00:00.0;0,00
GUARAPUAVA;410940105A;PR;Centro;-25,35533;-51,43377;2025-03-19 15:00:00.0;0,00
GUARAPUAVA;410940105A;PR;Centro;-25,35533;-51,43377;2025-03-19 16:00:00.0;0,00
GUARAPUAVA;410940105A;PR;Centro;-25,35533;-51,43377;2025-03-19 17:00:00.0;0,00
GUARAPUAVA;410940105A;PR;Centro;-25,35533;-51,43377;2025-03-19 18:00:00.0;0,00
GUARAPUAVA;410940105A;PR;Centro;-25,35533;-51,43377;2025-03-19 19:00:00.0;0,00
GUARAPUAVA;410940105A;PR;Centro;-25,35533;-51,43377;2025-03-19 20:00:00.0;0,00
GUARAPUAVA;410940105A;PR;Centro;-25,35533;-51,43377;2025-03-19 22:00:00.0;0,00
GUARAPUAVA;410940105A;PR;Centro;-25,35533;-51,43377;2025-03-19 23:00:00.0;0,00
GUARAPUAVA;410940105A;PR;Centro;-25,35533;-51,43377;2025-03-20 00:00:00.0;0,00
GUARAPUAVA;410940105A;PR;Centro;-25,35533;-51,43377;2025-03-20 01:00:00.0;0,00
GUARAPUAVA;410940105A;PR;Centro;-25,35533;-51,43377;2025-03-20 02:00:00.0;0,00
GUARAPUAVA;410940105A;PR;Centro;-25,35533;-51,43377;2025-03-20 03:00:00.0;0,00
GUARAPUAVA;410940105A;PR;Centro;-25,35533;-51,43377;2025-03-20 04:00:00.0;0,00
GUARAPUAVA;410940105A;PR;Centro;-25,35533;-51,43377;2025-03-20 05:00:00.0;0,00
GUARAPUAVA;410940105A;PR;Centro;-25,35533;-51,43377;2025-03-20 06:00:00.0;0,00
GUARAPUAVA;410940105A;PR;Centro;-25,35533;-51,43377;2025-03-20 07:00:00.0;0,00
GUARAPUAVA;410940105A;PR;Centro;-25,35533;-51,43377;2025-03-20 08:00:00.0;0,00
GUARAPUAVA;410940105A;PR;Centro;-25,35533;-51,43377;2025-03-20 09:00:00.0;0,00
GUARAPUAVA;410940105A;PR;Centro;-25,35533;-51,43377;2025-03-20 10:00:00.0;0,00
GUARAPUAVA;410940105A;PR;Centro;-25,35533;-51,43377;2025-03-20 11:00:00.0;0,00
GUARAPUAVA;410940105A;PR;Centro;-25,35533;-51,43377;2025-03-20 12:00:00.0;0,00
GUARAPUAVA;410940105A;PR;Centro;-25,35533;-51,43377;2025-03-20 13:00:00.0;0,00
GUARAPUAVA;410940105A;PR;Centro;-25,35533;-51,43377;2025-03-20 14:00:00.0;0,00
GUARAPUAVA;410940105A;PR;Centro;-25,35533;-51,43377;2025-03-20 15:00:00.0;0,00
GUARAPUAVA;410940105A;PR;Centro;-25,35533;-51,43377;2025-03-20 16:00:00.0;0,00
GUARAPUAVA;410940105A;PR;Centro;-25,35533;-51,43377;2025-03-20 17:00:00.0;0,00
GUARAPUAVA;410940105A;PR;Centro;-25,35533;-51,43377;2025-03-20 18:00:00.0;0,00
GUARAPUAVA;410940105A;PR;Centro;-25,35533;-51,43377;2025-03-20 19:00:00.0;0,00
GUARAPUAVA;410940105A;PR;Centro;-25,35533;-51,43377;2025-03-20 20:00:00.0;0,00
GUARAPUAVA;410940105A;PR;Centro;-25,35533;-51,43377;2025-03-20 21:00:00.0;0,00
GUARAPUAVA;410940105A;PR;Centro;-25,35533;-51,43377;2025-03-20 22:00:00.0;0,00
GUARAPUAVA;410940105A;PR;Centro;-25,35533;-51,43377;2025-03-20 23:00:00.0;0,00
GUARAPUAVA;410940105A;PR;Centro;-25,35533;-51,43377;2025-03-21 00:00:00.0;0,00
GUARAPUAVA;410940105A;PR;Centro;-25,35533;-51,43377;2025-03-21 01:00:00.0;0,00
GUARAPUAVA;410940105A;PR;Centro;-25,35533;-51,43377;2025-03-21 02:00:00.0;0,00
GUARAPUAVA;410940105A;PR;Centro;-25,35533;-51,43377;2025-03-21 03:00:00.0;0,00
GUARAPUAVA;410940105A;PR;Centro;-25,35533;-51,43377;2025-03-21 04:00:00.0;0,00
GUARAPUAVA;410940105A;PR;Centro;-25,35533;-51,43377;2025-03-21 05:00:00.0;0,00
GUARAPUAVA;410940105A;PR;Centro;-25,35533;-51,43377;2025-03-21 06:00:00.0;0,00
GUARAPUAVA;410940105A;PR;Centro;-25,35533;-51,43377;2025-03-21 07:00:00.0;0,00
GUARAPUAVA;410940105A;PR;Centro;-25,35533;-51,43377;2025-03-21 08:00:00.0;0,00
GUARAPUAVA;410940105A;PR;Centro;-25,35533;-51,43377;2025-03-21 09:00:00.0;0,00
GUARAPUAVA;410940105A;PR;Centro;-25,35533;-51,43377;2025-03-21 10:00:00.0;0,00
GUARAPUAVA;410940105A;PR;Centro;-25,35533;-51,43377;2025-03-21 11:00:00.0;0,00
GUARAPUAVA;410940105A;PR;Centro;-25,35533;-51,43377;2025-03-21 12:00:00.0;0,00
GUARAPUAVA;410940105A;PR;Centro;-25,35533;-51,43377;2025-03-21 13:00:00.0;0,00
GUARAPUAVA;410940105A;PR;Centro;-25,35533;-51,43377;2025-03-21 14:00:00.0;0,00
GUARAPUAVA;410940105A;PR;Centro;-25,35533;-51,43377;2025-03-21 15:00:00.0;0,00
GUARAPUAVA;410940105A;PR;Centro;-25,35533;-51,43377;2025-03-21 16:00:00.0;0,00
GUARAPUAVA;410940105A;PR;Centro;-25,35533;-51,43377;2025-03-21 17:00:00.0;0,00
GUARAPUAVA;410940105A;PR;Centro;-25,35533;-51,43377;2025-03-21 18:00:00.0;0,00
GUARAPUAVA;410940105A;PR;Centro;-25,35533;-51,43377;2025-03-21 19:00:00.0;0,00
GUARAPUAVA;410940105A;PR;Centro;-25,35533;-51,43377;2025-03-21 20:00:00.0;0,00
GUARAPUAVA;410940105A;PR;Centro;-25,35533;-51,43377;2025-03-21 21:00:00.0;0,00
GUARAPUAVA;410940105A;PR;Centro;-25,35533;-51,43377;2025-03-21 22:00:00.0;0,00
GUARAPUAVA;410940105A;PR;Centro;-25,35533;-51,43377;2025-03-21 23:00:00.0;0,00
GUARAPUAVA;410940105A;PR;Centro;-25,35533;-51,43377;2025-03-22 00:00:00.0;0,00
GUARAPUAVA;410940105A;PR;Centro;-25,35533;-51,43377;2025-03-22 01:00:00.0;0,00
GUARAPUAVA;410940105A;PR;Centro;-25,35533;-51,43377;2025-03-22 02:00:00.0;0,00
GUARAPUAVA;410940105A;PR;Centro;-25,35533;-51,43377;2025-03-22 03:00:00.0;0,00
GUARAPUAVA;410940105A;PR;Centro;-25,35533;-51,43377;2025-03-22 04:00:00.0;0,00
GUARAPUAVA;410940105A;PR;Centro;-25,35533;-51,43377;2025-03-22 05:00:00.0;0,00
GUARAPUAVA;410940105A;PR;Centro;-25,35533;-51,43377;2025-03-22 06:00:00.0;0,00
GUARAPUAVA;410940105A;PR;Centro;-25,35533;-51,43377;2025-03-22 07:00:00.0;0,00
GUARAPUAVA;410940105A;PR;Centro;-25,35533;-51,43377;2025-03-22 08:00:00.0;0,00
GUARAPUAVA;410940105A;PR;Centro;-25,35533;-51,43377;2025-03-22 09:00:00.0;0,00
GUARAPUAVA;410940105A;PR;Centro;-25,35533;-51,43377;2025-03-22 10:00:00.0;0,00
GUARAPUAVA;410940105A;PR;Centro;-25,35533;-51,43377;2025-03-22 11:00:00.0;0,00
GUARAPUAVA;410940105A;PR;Centro;-25,35533;-51,43377;2025-03-22 12:00:00.0;0,00
GUARAPUAVA;410940105A;PR;Centro;-25,35533;-51,43377;2025-03-22 13:00:00.0;0,00
GUARAPUAVA;410940105A;PR;Centro;-25,35533;-51,43377;2025-03-22 14:00:00.0;0,00
GUARAPUAVA;410940105A;PR;Centro;-25,35533;-51,43377;2025-03-22 15:00:00.0;0,00
GUARAPUAVA;410940105A;PR;Centro;-25,35533;-51,43377;2025-03-23 15:20:00.0;0,80
GUARAPUAVA;410940105A;PR;Centro;-25,35533;-51,43377;2025-03-23 15:30:00.0;1,40
GUARAPUAVA;410940105A;PR;Centro;-25,35533;-51,43377;2025-03-23 15:40:00.0;0,60
GUARAPUAVA;410940105A;PR;Centro;-25,35533;-51,43377;2025-03-23 15:50:00.0;0,00
GUARAPUAVA;410940105A;PR;Centro;-25,35533;-51,43377;2025-03-23 16:00:00.0;0,00
GUARAPUAVA;410940105A;PR;Centro;-25,35533;-51,43377;2025-03-23 16:10:00.0;0,20
GUARAPUAVA;410940105A;PR;Centro;-25,35533;-51,43377;2025-03-23 16:20:00.0;0,20
GUARAPUAVA;410940105A;PR;Centro;-25,35533;-51,43377;2025-03-23 16:30:00.0;0,20
GUARAPUAVA;410940105A;PR;Centro;-25,35533;-51,43377;2025-03-23 16:40:00.0;0,20
GUARAPUAVA;410940105A;PR;Centro;-25,35533;-51,43377;2025-03-23 16:50:00.0;0,00
GUARAPUAVA;410940105A;PR;Centro;-25,35533;-51,43377;2025-03-23 17:00:00.0;0,00
GUARAPUAVA;410940105A;PR;Centro;-25,35533;-51,43377;2025-03-23 18:00:00.0;0,00
GUARAPUAVA;410940105A;PR;Centro;-25,35533;-51,43377;2025-03-23 18:20:00.0;0,20
GUARAPUAVA;410940105A;PR;Centro;-25,35533;-51,43377;2025-03-23 18:30:00.0;0,00
GUARAPUAVA;410940105A;PR;Centro;-25,35533;-51,43377;2025-03-23 19:00:00.0;0,00
GUARAPUAVA;410940105A;PR;Centro;-25,35533;-51,43377;2025-03-23 20:00:00.0;0,00
GUARAPUAVA;410940105A;PR;Centro;-25,35533;-51,43377;2025-03-23 21:00:00.0;0,00
GUARAPUAVA;410940105A;PR;Centro;-25,35533;-51,43377;2025-03-23 22:00:00.0;0,00
GUARAPUAVA;410940105A;PR;Centro;-25,35533;-51,43377;2025-03-23 23:00:00.0;0,00
GUARAPUAVA;410940105A;PR;Centro;-25,35533;-51,43377;2025-03-24 00:00:00.0;0,00
GUARAPUAVA;410940105A;PR;Centro;-25,35533;-51,43377;2025-03-24 01:00:00.0;0,00
GUARAPUAVA;410940105A;PR;Centro;-25,35533;-51,43377;2025-03-24 02:00:00.0;0,00
GUARAPUAVA;410940105A;PR;Centro;-25,35533;-51,43377;2025-03-24 03:00:00.0;0,00
GUARAPUAVA;410940105A;PR;Centro;-25,35533;-51,43377;2025-03-24 04:00:00.0;0,00
GUARAPUAVA;410940105A;PR;Centro;-25,35533;-51,43377;2025-03-24 05:00:00.0;0,00
GUARAPUAVA;410940105A;PR;Centro;-25,35533;-51,43377;2025-03-24 06:00:00.0;0,00
GUARAPUAVA;410940105A;PR;Centro;-25,35533;-51,43377;2025-03-24 07:00:00.0;0,00
GUARAPUAVA;410940105A;PR;Centro;-25,35533;-51,43377;2025-03-24 08:00:00.0;0,00
GUARAPUAVA;410940105A;PR;Centro;-25,35533;-51,43377;2025-03-24 09:00:00.0;0,00
GUARAPUAVA;410940105A;PR;Centro;-25,35533;-51,43377;2025-03-24 10:00:00.0;0,00
GUARAPUAVA;410940105A;PR;Centro;-25,35533;-51,43377;2025-03-24 11:00:00.0;0,00
GUARAPUAVA;410940105A;PR;Centro;-25,35533;-51,43377;2025-03-24 12:00:00.0;0,00
GUARAPUAVA;410940105A;PR;Centro;-25,35533;-51,43377;2025-03-24 13:00:00.0;0,00
GUARAPUAVA;410940105A;PR;Centro;-25,35533;-51,43377;2025-03-24 14:00:00.0;0,00
GUARAPUAVA;410940105A;PR;Centro;-25,35533;-51,43377;2025-03-24 16:00:00.0;0,00
GUARAPUAVA;410940105A;PR;Centro;-25,35533;-51,43377;2025-03-24 17:00:00.0;0,00
GUARAPUAVA;410940105A;PR;Centro;-25,35533;-51,43377;2025-03-24 17:10:00.0;0,40
GUARAPUAVA;410940105A;PR;Centro;-25,35533;-51,43377;2025-03-24 17:20:00.0;0,80
GUARAPUAVA;410940105A;PR;Centro;-25,35533;-51,43377;2025-03-24 17:30:00.0;0,20
GUARAPUAVA;410940105A;PR;Centro;-25,35533;-51,43377;2025-03-24 17:40:00.0;0,00
GUARAPUAVA;410940105A;PR;Centro;-25,35533;-51,43377;2025-03-24 18:00:00.0;0,00
GUARAPUAVA;410940105A;PR;Centro;-25,35533;-51,43377;2025-03-24 19:00:00.0;0,00
GUARAPUAVA;410940105A;PR;Centro;-25,35533;-51,43377;2025-03-24 20:00:00.0;0,00
GUARAPUAVA;410940105A;PR;Centro;-25,35533;-51,43377;2025-03-24 21:50:00.0;0,00
GUARAPUAVA;410940105A;PR;Centro;-25,35533;-51,43377;2025-03-24 22:00:00.0;0,00
GUARAPUAVA;410940105A;PR;Centro;-25,35533;-51,43377;2025-03-24 23:00:00.0;0,00
GUARAPUAVA;410940105A;PR;Centro;-25,35533;-51,43377;2025-03-25 00:00:00.0;0,00
GUARAPUAVA;410940105A;PR;Centro;-25,35533;-51,43377;2025-03-25 01:00:00.0;0,00
GUARAPUAVA;410940105A;PR;Centro;-25,35533;-51,43377;2025-03-25 02:00:00.0;0,00
GUARAPUAVA;410940105A;PR;Centro;-25,35533;-51,43377;2025-03-25 03:00:00.0;0,00
GUARAPUAVA;410940105A;PR;Centro;-25,35533;-51,43377;2025-03-25 04:00:00.0;0,00
GUARAPUAVA;410940105A;PR;Centro;-25,35533;-51,43377;2025-03-25 05:00:00.0;0,00
GUARAPUAVA;410940105A;PR;Centro;-25,35533;-51,43377;2025-03-25 06:00:00.0;0,00
GUARAPUAVA;410940105A;PR;Centro;-25,35533;-51,43377;2025-03-25 07:00:00.0;0,00
GUARAPUAVA;410940105A;PR;Centro;-25,35533;-51,43377;2025-03-25 08:00:00.0;0,00
GUARAPUAVA;410940105A;PR;Centro;-25,35533;-51,43377;2025-03-25 09:00:00.0;0,00
GUARAPUAVA;410940105A;PR;Centro;-25,35533;-51,43377;2025-03-25 10:00:00.0;0,00
GUARAPUAVA;410940105A;PR;Centro;-25,35533;-51,43377;2025-03-25 11:00:00.0;0,00
GUARAPUAVA;410940105A;PR;Centro;-25,35533;-51,43377;2025-03-25 12:00:00.0;0,00
GUARAPUAVA;410940105A;PR;Centro;-25,35533;-51,43377;2025-03-25 13:00:00.0;0,00
GUARAPUAVA;410940105A;PR;Centro;-25,35533;-51,43377;2025-03-25 14:00:00.0;0,00
GUARAPUAVA;410940105A;PR;Centro;-25,35533;-51,43377;2025-03-25 19:00:00.0;0,80
GUARAPUAVA;410940105A;PR;Centro;-25,35533;-51,43377;2025-03-25 19:10:00.0;1,60
GUARAPUAVA;410940105A;PR;Centro;-25,35533;-51,43377;2025-03-25 19:20:00.0;1,00
GUARAPUAVA;410940105A;PR;Centro;-25,35533;-51,43377;2025-03-25 19:30:00.0;0,80
GUARAPUAVA;410940105A;PR;Centro;-25,35533;-51,43377;2025-03-25 19:40:00.0;1,20
GUARAPUAVA;410940105A;PR;Centro;-25,35533;-51,43377;2025-03-25 19:50:00.0;0,60
GUARAPUAVA;410940105A;PR;Centro;-25,35533;-51,43377;2025-03-25 20:00:00.0;2,00
GUARAPUAVA;410940105A;PR;Centro;-25,35533;-51,43377;2025-03-25 20:10:00.0;2,60
GUARAPUAVA;410940105A;PR;Centro;-25,35533;-51,43377;2025-03-25 20:20:00.0;2,40
GUARAPUAVA;410940105A;PR;Centro;-25,35533;-51,43377;2025-03-25 20:30:00.0;0,00
GUARAPUAVA;410940105A;PR;Centro;-25,35533;-51,43377;2025-03-25 21:00:00.0;0,00
GUARAPUAVA;410940105A;PR;Centro;-25,35533;-51,43377;2025-03-25 22:00:00.0;0,00
GUARAPUAVA;410940105A;PR;Centro;-25,35533;-51,43377;2025-03-25 22:20:00.0;0,20
GUARAPUAVA;410940105A;PR;Centro;-25,35533;-51,43377;2025-03-25 22:50:00.0;0,80
GUARAPUAVA;410940105A;PR;Centro;-25,35533;-51,43377;2025-03-25 23:00:00.0;0,00
GUARAPUAVA;410940105A;PR;Centro;-25,35533;-51,43377;2025-03-25 23:10:00.0;0,40
GUARAPUAVA;410940105A;PR;Centro;-25,35533;-51,43377;2025-03-25 23:20:00.0;0,60
GUARAPUAVA;410940105A;PR;Centro;-25,35533;-51,43377;2025-03-25 23:30:00.0;0,00
GUARAPUAVA;410940105A;PR;Centro;-25,35533;-51,43377;2025-03-26 00:00:00.0;0,00
GUARAPUAVA;410940105A;PR;Centro;-25,35533;-51,43377;2025-03-26 00:20:00.0;0,20
GUARAPUAVA;410940105A;PR;Centro;-25,35533;-51,43377;2025-03-26 01:00:00.0;0,00
GUARAPUAVA;410940105A;PR;Centro;-25,35533;-51,43377;2025-03-26 02:00:00.0;0,00
GUARAPUAVA;410940105A;PR;Centro;-25,35533;-51,43377;2025-03-26 03:00:00.0;0,00
GUARAPUAVA;410940105A;PR;Centro;-25,35533;-51,43377;2025-03-26 04:00:00.0;0,00
GUARAPUAVA;410940105A;PR;Centro;-25,35533;-51,43377;2025-03-26 05:00:00.0;0,00
GUARAPUAVA;410940105A;PR;Centro;-25,35533;-51,43377;2025-03-26 06:00:00.0;0,00
GUARAPUAVA;410940105A;PR;Centro;-25,35533;-51,43377;2025-03-26 07:00:00.0;0,00
GUARAPUAVA;410940105A;PR;Centro;-25,35533;-51,43377;2025-03-26 08:00:00.0;0,00
GUARAPUAVA;410940105A;PR;Centro;-25,35533;-51,43377;2025-03-26 09:00:00.0;0,00
GUARAPUAVA;410940105A;PR;Centro;-25,35533;-51,43377;2025-03-26 10:00:00.0;0,00
GUARAPUAVA;410940105A;PR;Centro;-25,35533;-51,43377;2025-03-26 11:00:00.0;0,00
GUARAPUAVA;410940105A;PR;Centro;-25,35533;-51,43377;2025-03-26 12:00:00.0;0,00
GUARAPUAVA;410940105A;PR;Centro;-25,35533;-51,43377;2025-03-26 13:00:00.0;0,00
GUARAPUAVA;410940105A;PR;Centro;-25,35533;-51,43377;2025-03-26 14:00:00.0;0,00
GUARAPUAVA;410940105A;PR;Centro;-25,35533;-51,43377;2025-03-26 15:00:00.0;0,00
GUARAPUAVA;410940105A;PR;Centro;-25,35533;-51,43377;2025-03-26 16:00:00.0;0,00
GUARAPUAVA;410940105A;PR;Centro;-25,35533;-51,43377;2025-03-26 17:00:00.0;0,00
GUARAPUAVA;410940105A;PR;Centro;-25,35533;-51,43377;2025-03-26 18:00:00.0;0,00
GUARAPUAVA;410940105A;PR;Centro;-25,35533;-51,43377;2025-03-26 22:20:00.0;0,00
GUARAPUAVA;410940105A;PR;Centro;-25,35533;-51,43377;2025-03-26 23:00:00.0;0,00
GUARAPUAVA;410940105A;PR;Centro;-25,35533;-51,43377;2025-03-27 00:00:00.0;0,00
GUARAPUAVA;410940105A;PR;Centro;-25,35533;-51,43377;2025-03-27 01:00:00.0;0,00
GUARAPUAVA;410940105A;PR;Centro;-25,35533;-51,43377;2025-03-27 02:00:00.0;0,00
GUARAPUAVA;410940105A;PR;Centro;-25,35533;-51,43377;2025-03-27 03:00:00.0;0,00
GUARAPUAVA;410940105A;PR;Centro;-25,35533;-51,43377;2025-03-27 04:00:00.0;0,00
GUARAPUAVA;410940105A;PR;Centro;-25,35533;-51,43377;2025-03-27 05:00:00.0;0,00
GUARAPUAVA;410940105A;PR;Centro;-25,35533;-51,43377;2025-03-27 06:00:00.0;0,00
GUARAPUAVA;410940105A;PR;Centro;-25,35533;-51,43377;2025-03-27 07:00:00.0;0,00
GUARAPUAVA;410940105A;PR;Centro;-25,35533;-51,43377;2025-03-27 08:00:00.0;0,00
GUARAPUAVA;410940105A;PR;Centro;-25,35533;-51,43377;2025-03-27 09:00:00.0;0,00
GUARAPUAVA;410940105A;PR;Centro;-25,35533;-51,43377;2025-03-27 10:00:00.0;0,00
GUARAPUAVA;410940105A;PR;Centro;-25,35533;-51,43377;2025-03-27 11:00:00.0;0,00
GUARAPUAVA;410940105A;PR;Centro;-25,35533;-51,43377;2025-03-27 12:00:00.0;0,00
GUARAPUAVA;410940105A;PR;Centro;-25,35533;-51,43377;2025-03-27 13:00:00.0;0,00
GUARAPUAVA;410940105A;PR;Centro;-25,35533;-51,43377;2025-03-27 14:00:00.0;0,00
GUARAPUAVA;410940105A;PR;Centro;-25,35533;-51,43377;2025-03-27 15:00:00.0;0,00
GUARAPUAVA;410940105A;PR;Centro;-25,35533;-51,43377;2025-03-27 16:00:00.0;0,00
GUARAPUAVA;410940105A;PR;Centro;-25,35533;-51,43377;2025-03-27 17:00:00.0;0,00
GUARAPUAVA;410940105A;PR;Centro;-25,35533;-51,43377;2025-03-27 18:00:00.0;0,00
GUARAPUAVA;410940105A;PR;Centro;-25,35533;-51,43377;2025-03-27 19:50:00.0;0,00
GUARAPUAVA;410940105A;PR;Centro;-25,35533;-51,43377;2025-03-27 20:00:00.0;0,00
GUARAPUAVA;410940105A;PR;Centro;-25,35533;-51,43377;2025-03-27 23:40:00.0;0,00
GUARAPUAVA;410940105A;PR;Centro;-25,35533;-51,43377;2025-03-28 00:00:00.0;0,00
GUARAPUAVA;410940105A;PR;Centro;-25,35533;-51,43377;2025-03-28 01:00:00.0;0,00
GUARAPUAVA;410940105A;PR;Centro;-25,35533;-51,43377;2025-03-28 02:00:00.0;0,00
GUARAPUAVA;410940105A;PR;Centro;-25,35533;-51,43377;2025-03-28 03:00:00.0;0,00
GUARAPUAVA;410940105A;PR;Centro;-25,35533;-51,43377;2025-03-28 04:00:00.0;0,00
GUARAPUAVA;410940105A;PR;Centro;-25,35533;-51,43377;2025-03-28 04:30:00.0;0,20
GUARAPUAVA;410940105A;PR;Centro;-25,35533;-51,43377;2025-03-28 04:40:00.0;0,60
GUARAPUAVA;410940105A;PR;Centro;-25,35533;-51,43377;2025-03-28 04:50:00.0;0,60
GUARAPUAVA;410940105A;PR;Centro;-25,35533;-51,43377;2025-03-28 05:00:00.0;1,00
GUARAPUAVA;410940105A;PR;Centro;-25,35533;-51,43377;2025-03-28 05:10:00.0;7,00
GUARAPUAVA;410940105A;PR;Centro;-25,35533;-51,43377;2025-03-28 05:20:00.0;7,80
GUARAPUAVA;410940105A;PR;Centro;-25,35533;-51,43377;2025-03-28 05:30:00.0;1,40
GUARAPUAVA;410940105A;PR;Centro;-25,35533;-51,43377;2025-03-28 05:40:00.0;0,40
GUARAPUAVA;410940105A;PR;Centro;-25,35533;-51,43377;2025-03-28 05:50:00.0;0,80
GUARAPUAVA;410940105A;PR;Centro;-25,35533;-51,43377;2025-03-28 06:00:00.0;1,40
GUARAPUAVA;410940105A;PR;Centro;-25,35533;-51,43377;2025-03-28 06:10:00.0;0,80
GUARAPUAVA;410940105A;PR;Centro;-25,35533;-51,43377;2025-03-28 06:20:00.0;1,00
GUARAPUAVA;410940105A;PR;Centro;-25,35533;-51,43377;2025-03-28 06:30:00.0;0,60
GUARAPUAVA;410940105A;PR;Centro;-25,35533;-51,43377;2025-03-28 06:40:00.0;0,00
GUARAPUAVA;410940105A;PR;Centro;-25,35533;-51,43377;2025-03-28 07:00:00.0;0,00
GUARAPUAVA;410940105A;PR;Centro;-25,35533;-51,43377;2025-03-28 08:00:00.0;0,00
GUARAPUAVA;410940105A;PR;Centro;-25,35533;-51,43377;2025-03-28 09:00:00.0;0,00
GUARAPUAVA;410940105A;PR;Centro;-25,35533;-51,43377;2025-03-28 10:00:00.0;0,00
GUARAPUAVA;410940105A;PR;Centro;-25,35533;-51,43377;2025-03-28 11:00:00.0;0,00
GUARAPUAVA;410940105A;PR;Centro;-25,35533;-51,43377;2025-03-28 12:00:00.0;0,00
GUARAPUAVA;410940105A;PR;Centro;-25,35533;-51,43377;2025-03-28 13:00:00.0;0,00
GUARAPUAVA;410940105A;PR;Centro;-25,35533;-51,43377;2025-03-28 14:00:00.0;0,00
GUARAPUAVA;410940105A;PR;Centro;-25,35533;-51,43377;2025-03-28 15:00:00.0;0,00
GUARAPUAVA;410940105A;PR;Centro;-25,35533;-51,43377;2025-03-28 16:00:00.0;0,00
GUARAPUAVA;410940105A;PR;Centro;-25,35533;-51,43377;2025-03-28 19:40:00.0;0,40
GUARAPUAVA;410940105A;PR;Centro;-25,35533;-51,43377;2025-03-28 20:00:00.0;0,00
GUARAPUAVA;410940105A;PR;Centro;-25,35533;-51,43377;2025-03-28 21:00:00.0;0,00
GUARAPUAVA;410940105A;PR;Centro;-25,35533;-51,43377;2025-03-28 22:00:00.0;0,00
GUARAPUAVA;410940105A;PR;Centro;-25,35533;-51,43377;2025-03-28 23:00:00.0;0,00
GUARAPUAVA;410940105A;PR;Centro;-25,35533;-51,43377;2025-03-29 00:00:00.0;0,00
GUARAPUAVA;410940105A;PR;Centro;-25,35533;-51,43377;2025-03-29 01:00:00.0;0,00
GUARAPUAVA;410940105A;PR;Centro;-25,35533;-51,43377;2025-03-29 02:00:00.0;0,00
GUARAPUAVA;410940105A;PR;Centro;-25,35533;-51,43377;2025-03-29 03:00:00.0;0,00
GUARAPUAVA;410940105A;PR;Centro;-25,35533;-51,43377;2025-03-29 04:00:00.0;0,00
GUARAPUAVA;410940105A;PR;Centro;-25,35533;-51,43377;2025-03-29 05:00:00.0;0,00
GUARAPUAVA;410940105A;PR;Centro;-25,35533;-51,43377;2025-03-29 06:00:00.0;0,00
GUARAPUAVA;410940105A;PR;Centro;-25,35533;-51,43377;2025-03-29 07:00:00.0;0,00
GUARAPUAVA;410940105A;PR;Centro;-25,35533;-51,43377;2025-03-29 08:00:00.0;0,00
GUARAPUAVA;410940105A;PR;Centro;-25,35533;-51,43377;2025-03-29 09:00:00.0;0,00
GUARAPUAVA;410940105A;PR;Centro;-25,35533;-51,43377;2025-03-29 10:00:00.0;0,00
GUARAPUAVA;410940105A;PR;Centro;-25,35533;-51,43377;2025-03-29 11:00:00.0;0,00
GUARAPUAVA;410940105A;PR;Centro;-25,35533;-51,43377;2025-03-29 12:00:00.0;0,00
GUARAPUAVA;410940105A;PR;Centro;-25,35533;-51,43377;2025-03-29 16:00:00.0;0,60
GUARAPUAVA;410940105A;PR;Centro;-25,35533;-51,43377;2025-03-29 16:10:00.0;0,60
GUARAPUAVA;410940105A;PR;Centro;-25,35533;-51,43377;2025-03-29 16:20:00.0;0,60
GUARAPUAVA;410940105A;PR;Centro;-25,35533;-51,43377;2025-03-29 16:30:00.0;0,40
GUARAPUAVA;410940105A;PR;Centro;-25,35533;-51,43377;2025-03-29 16:40:00.0;0,00
GUARAPUAVA;410940105A;PR;Centro;-25,35533;-51,43377;2025-03-29 17:00:00.0;0,00
GUARAPUAVA;410940105A;PR;Centro;-25,35533;-51,43377;2025-03-29 18:00:00.0;0,00
GUARAPUAVA;410940105A;PR;Centro;-25,35533;-51,43377;2025-03-29 19:00:00.0;0,00
GUARAPUAVA;410940105A;PR;Centro;-25,35533;-51,43377;2025-03-29 20:00:00.0;0,00
GUARAPUAVA;410940105A;PR;Centro;-25,35533;-51,43377;2025-03-29 21:00:00.0;0,00
GUARAPUAVA;410940105A;PR;Centro;-25,35533;-51,43377;2025-03-29 22:00:00.0;0,00
GUARAPUAVA;410940105A;PR;Centro;-25,35533;-51,43377;2025-03-29 23:00:00.0;0,00
GUARAPUAVA;410940105A;PR;Centro;-25,35533;-51,43377;2025-03-30 00:00:00.0;0,00
GUARAPUAVA;410940105A;PR;Centro;-25,35533;-51,43377;2025-03-30 01:00:00.0;0,00
GUARAPUAVA;410940105A;PR;Centro;-25,35533;-51,43377;2025-03-30 02:00:00.0;0,00
GUARAPUAVA;410940105A;PR;Centro;-25,35533;-51,43377;2025-03-30 03:00:00.0;0,00
GUARAPUAVA;410940105A;PR;Centro;-25,35533;-51,43377;2025-03-30 04:00:00.0;0,00
GUARAPUAVA;410940105A;PR;Centro;-25,35533;-51,43377;2025-03-30 05:00:00.0;0,00
GUARAPUAVA;410940105A;PR;Centro;-25,35533;-51,43377;2025-03-30 06:00:00.0;0,00
GUARAPUAVA;410940105A;PR;Centro;-25,35533;-51,43377;2025-03-30 07:00:00.0;0,00
GUARAPUAVA;410940105A;PR;Centro;-25,35533;-51,43377;2025-03-30 08:00:00.0;0,00
GUARAPUAVA;410940105A;PR;Centro;-25,35533;-51,43377;2025-03-30 09:00:00.0;0,00
GUARAPUAVA;410940105A;PR;Centro;-25,35533;-51,43377;2025-03-30 10:00:00.0;0,00
GUARAPUAVA;410940105A;PR;Centro;-25,35533;-51,43377;2025-03-30 11:00:00.0;0,00
GUARAPUAVA;410940105A;PR;Centro;-25,35533;-51,43377;2025-03-30 12:00:00.0;0,00
GUARAPUAVA;410940105A;PR;Centro;-25,35533;-51,43377;2025-03-30 13:00:00.0;0,00
GUARAPUAVA;410940105A;PR;Centro;-25,35533;-51,43377;2025-03-30 14:00:00.0;0,00
GUARAPUAVA;410940105A;PR;Centro;-25,35533;-51,43377;2025-03-30 15:00:00.0;0,00
GUARAPUAVA;410940105A;PR;Centro;-25,35533;-51,43377;2025-03-31 18:50:00.0;0,40
GUARAPUAVA;410940105A;PR;Centro;-25,35533;-51,43377;2025-03-31 19:00:00.0;0,00
GUARAPUAVA;410940105A;PR;Centro;-25,35533;-51,43377;2025-03-31 20:00:00.0;0,00
GUARAPUAVA;410940105A;PR;Centro;-25,35533;-51,43377;2025-03-31 21:00:00.0;0,00
GUARAPUAVA;410940105A;PR;Centro;-25,35533;-51,43377;2025-03-31 22:00:00.0;0,00
GUARAPUAVA;410940105A;PR;Centro;-25,35533;-51,43377;2025-03-31 23:00:00.0;0,00
IRATI;411070601A;PR;Centro;-25,47186;-50,65887;2025-03-01 00:10:00.0;0,00
IRATI;411070601A;PR;Centro;-25,47186;-50,65887;2025-03-01 01:10:00.0;0,00
IRATI;411070601A;PR;Centro;-25,47186;-50,65887;2025-03-01 02:10:00.0;0,00
IRATI;411070601A;PR;Centro;-25,47186;-50,65887;2025-03-01 03:10:00.0;0,00
IRATI;411070601A;PR;Centro;-25,47186;-50,65887;2025-03-01 04:10:00.0;0,00
IRATI;411070601A;PR;Centro;-25,47186;-50,65887;2025-03-01 05:10:00.0;0,00
IRATI;411070601A;PR;Centro;-25,47186;-50,65887;2025-03-01 06:10:00.0;0,00
IRATI;411070601A;PR;Centro;-25,47186;-50,65887;2025-03-01 07:10:00.0;0,00
IRATI;411070601A;PR;Centro;-25,47186;-50,65887;2025-03-01 08:10:00.0;0,00
IRATI;411070601A;PR;Centro;-25,47186;-50,65887;2025-03-01 09:10:00.0;0,00
IRATI;411070601A;PR;Centro;-25,47186;-50,65887;2025-03-01 10:10:00.0;0,00
IRATI;411070601A;PR;Centro;-25,47186;-50,65887;2025-03-01 11:10:00.0;0,00
IRATI;411070601A;PR;Centro;-25,47186;-50,65887;2025-03-01 12:10:00.0;0,00
IRATI;411070601A;PR;Centro;-25,47186;-50,65887;2025-03-01 13:10:00.0;0,00
IRATI;411070601A;PR;Centro;-25,47186;-50,65887;2025-03-01 14:10:00.0;0,00
IRATI;411070601A;PR;Centro;-25,47186;-50,65887;2025-03-01 15:10:00.0;0,00
IRATI;411070601A;PR;Centro;-25,47186;-50,65887;2025-03-01 16:10:00.0;0,00
IRATI;411070601A;PR;Centro;-25,47186;-50,65887;2025-03-01 17:10:00.0;0,00
IRATI;411070601A;PR;Centro;-25,47186;-50,65887;2025-03-01 18:10:00.0;0,00
IRATI;411070601A;PR;Centro;-25,47186;-50,65887;2025-03-01 19:10:00.0;0,00
IRATI;411070601A;PR;Centro;-25,47186;-50,65887;2025-03-01 20:10:00.0;0,00
IRATI;411070601A;PR;Centro;-25,47186;-50,65887;2025-03-01 21:10:00.0;0,00
IRATI;411070601A;PR;Centro;-25,47186;-50,65887;2025-03-01 22:10:00.0;0,00
IRATI;411070601A;PR;Centro;-25,47186;-50,65887;2025-03-01 23:10:00.0;0,00
IRATI;411070601A;PR;Centro;-25,47186;-50,65887;2025-03-02 00:10:00.0;0,00
IRATI;411070601A;PR;Centro;-25,47186;-50,65887;2025-03-02 01:10:00.0;0,00
IRATI;411070601A;PR;Centro;-25,47186;-50,65887;2025-03-02 02:10:00.0;0,00
IRATI;411070601A;PR;Centro;-25,47186;-50,65887;2025-03-02 03:10:00.0;0,00
IRATI;411070601A;PR;Centro;-25,47186;-50,65887;2025-03-02 04:10:00.0;0,00
IRATI;411070601A;PR;Centro;-25,47186;-50,65887;2025-03-02 05:10:00.0;0,00
IRATI;411070601A;PR;Centro;-25,47186;-50,65887;2025-03-02 06:10:00.0;0,00
IRATI;411070601A;PR;Centro;-25,47186;-50,65887;2025-03-02 07:10:00.0;0,00
IRATI;411070601A;PR;Centro;-25,47186;-50,65887;2025-03-02 08:10:00.0;0,00
IRATI;411070601A;PR;Centro;-25,47186;-50,65887;2025-03-02 09:10:00.0;0,00
IRATI;411070601A;PR;Centro;-25,47186;-50,65887;2025-03-02 10:10:00.0;0,00
IRATI;411070601A;PR;Centro;-25,47186;-50,65887;2025-03-02 11:10:00.0;0,00
IRATI;411070601A;PR;Centro;-25,47186;-50,65887;2025-03-02 12:10:00.0;0,00
IRATI;411070601A;PR;Centro;-25,47186;-50,65887;2025-03-02 13:10:00.0;0,00
IRATI;411070601A;PR;Centro;-25,47186;-50,65887;2025-03-02 14:10:00.0;0,00
IRATI;411070601A;PR;Centro;-25,47186;-50,65887;2025-03-02 15:10:00.0;0,00
IRATI;411070601A;PR;Centro;-25,47186;-50,65887;2025-03-02 16:10:00.0;0,00
IRATI;411070601A;PR;Centro;-25,47186;-50,65887;2025-03-02 17:10:00.0;0,00
IRATI;411070601A;PR;Centro;-25,47186;-50,65887;2025-03-02 18:10:00.0;0,00
IRATI;411070601A;PR;Centro;-25,47186;-50,65887;2025-03-02 19:10:00.0;0,00
IRATI;411070601A;PR;Centro;-25,47186;-50,65887;2025-03-02 20:10:00.0;0,00
IRATI;411070601A;PR;Centro;-25,47186;-50,65887;2025-03-02 21:10:00.0;0,00
IRATI;411070601A;PR;Centro;-25,47186;-50,65887;2025-03-02 22:10:00.0;0,00
IRATI;411070601A;PR;Centro;-25,47186;-50,65887;2025-03-02 23:10:00.0;0,00
IRATI;411070601A;PR;Centro;-25,47186;-50,65887;2025-03-03 00:10:00.0;0,00
IRATI;411070601A;PR;Centro;-25,47186;-50,65887;2025-03-03 01:10:00.0;0,00
IRATI;411070601A;PR;Centro;-25,47186;-50,65887;2025-03-03 02:10:00.0;0,00
IRATI;411070601A;PR;Centro;-25,47186;-50,65887;2025-03-03 03:10:00.0;0,00
IRATI;411070601A;PR;Centro;-25,47186;-50,65887;2025-03-03 04:10:00.0;0,00
IRATI;411070601A;PR;Centro;-25,47186;-50,65887;2025-03-03 05:10:00.0;0,00
IRATI;411070601A;PR;Centro;-25,47186;-50,65887;2025-03-03 06:10:00.0;0,00
IRATI;411070601A;PR;Centro;-25,47186;-50,65887;2025-03-03 07:10:00.0;0,00
IRATI;411070601A;PR;Centro;-25,47186;-50,65887;2025-03-03 08:10:00.0;0,00
IRATI;411070601A;PR;Centro;-25,47186;-50,65887;2025-03-03 09:10:00.0;0,00
IRATI;411070601A;PR;Centro;-25,47186;-50,65887;2025-03-03 10:10:00.0;0,00
IRATI;411070601A;PR;Centro;-25,47186;-50,65887;2025-03-03 11:10:00.0;0,00
IRATI;411070601A;PR;Centro;-25,47186;-50,65887;2025-03-03 12:10:00.0;0,00
IRATI;411070601A;PR;Centro;-25,47186;-50,65887;2025-03-03 13:10:00.0;0,00
IRATI;411070601A;PR;Centro;-25,47186;-50,65887;2025-03-03 14:10:00.0;0,00
IRATI;411070601A;PR;Centro;-25,47186;-50,65887;2025-03-03 15:10:00.0;0,00
IRATI;411070601A;PR;Centro;-25,47186;-50,65887;2025-03-03 16:10:00.0;0,00
IRATI;411070601A;PR;Centro;-25,47186;-50,65887;2025-03-03 17:10:00.0;0,00
IRATI;411070601A;PR;Centro;-25,47186;-50,65887;2025-03-03 18:10:00.0;0,00
IRATI;411070601A;PR;Centro;-25,47186;-50,65887;2025-03-03 19:10:00.0;0,00
IRATI;411070601A;PR;Centro;-25,47186;-50,65887;2025-03-03 20:10:00.0;0,00
IRATI;411070601A;PR;Centro;-25,47186;-50,65887;2025-03-03 21:10:00.0;0,00
IRATI;411070601A;PR;Centro;-25,47186;-50,65887;2025-03-03 22:10:00.0;0,00
IRATI;411070601A;PR;Centro;-25,47186;-50,65887;2025-03-03 23:10:00.0;0,00
IRATI;411070601A;PR;Centro;-25,47186;-50,65887;2025-03-04 00:10:00.0;0,00
IRATI;411070601A;PR;Centro;-25,47186;-50,65887;2025-03-04 01:10:00.0;0,00
IRATI;411070601A;PR;Centro;-25,47186;-50,65887;2025-03-04 02:10:00.0;0,00
IRATI;411070601A;PR;Centro;-25,47186;-50,65887;2025-03-04 03:10:00.0;0,00
IRATI;411070601A;PR;Centro;-25,47186;-50,65887;2025-03-04 04:10:00.0;0,00
IRATI;411070601A;PR;Centro;-25,47186;-50,65887;2025-03-04 05:10:00.0;0,00
IRATI;411070601A;PR;Centro;-25,47186;-50,65887;2025-03-04 06:10:00.0;0,00
IRATI;411070601A;PR;Centro;-25,47186;-50,65887;2025-03-04 07:10:00.0;0,00
IRATI;411070601A;PR;Centro;-25,47186;-50,65887;2025-03-04 08:10:00.0;0,00
IRATI;411070601A;PR;Centro;-25,47186;-50,65887;2025-03-04 09:10:00.0;0,00
IRATI;411070601A;PR;Centro;-25,47186;-50,65887;2025-03-04 10:10:00.0;0,00
IRATI;411070601A;PR;Centro;-25,47186;-50,65887;2025-03-04 11:10:00.0;0,00
IRATI;411070601A;PR;Centro;-25,47186;-50,65887;2025-03-04 12:10:00.0;0,00
IRATI;411070601A;PR;Centro;-25,47186;-50,65887;2025-03-04 13:10:00.0;0,00
IRATI;411070601A;PR;Centro;-25,47186;-50,65887;2025-03-04 14:10:00.0;0,00
IRATI;411070601A;PR;Centro;-25,47186;-50,65887;2025-03-04 15:10:00.0;0,00
IRATI;411070601A;PR;Centro;-25,47186;-50,65887;2025-03-04 16:10:00.0;0,00
IRATI;411070601A;PR;Centro;-25,47186;-50,65887;2025-03-04 17:10:00.0;0,00
IRATI;411070601A;PR;Centro;-25,47186;-50,65887;2025-03-04 18:10:00.0;0,00
IRATI;411070601A;PR;Centro;-25,47186;-50,65887;2025-03-04 19:10:00.0;0,00
IRATI;411070601A;PR;Centro;-25,47186;-50,65887;2025-03-04 20:10:00.0;0,00
IRATI;411070601A;PR;Centro;-25,47186;-50,65887;2025-03-04 21:10:00.0;0,00
IRATI;411070601A;PR;Centro;-25,47186;-50,65887;2025-03-04 22:10:00.0;0,00
IRATI;411070601A;PR;Centro;-25,47186;-50,65887;2025-03-04 23:10:00.0;0,00
IRATI;411070601A;PR;Centro;-25,47186;-50,65887;2025-03-05 00:10:00.0;0,00
IRATI;411070601A;PR;Centro;-25,47186;-50,65887;2025-03-05 01:10:00.0;0,00
IRATI;411070601A;PR;Centro;-25,47186;-50,65887;2025-03-05 02:10:00.0;0,00
IRATI;411070601A;PR;Centro;-25,47186;-50,65887;2025-03-05 03:10:00.0;0,00
IRATI;411070601A;PR;Centro;-25,47186;-50,65887;2025-03-05 04:10:00.0;0,00
IRATI;411070601A;PR;Centro;-25,47186;-50,65887;2025-03-05 05:10:00.0;0,00
IRATI;411070601A;PR;Centro;-25,47186;-50,65887;2025-03-05 06:10:00.0;0,00
IRATI;411070601A;PR;Centro;-25,47186;-50,65887;2025-03-05 07:10:00.0;0,00
IRATI;411070601A;PR;Centro;-25,47186;-50,65887;2025-03-05 08:10:00.0;0,00
IRATI;411070601A;PR;Centro;-25,47186;-50,65887;2025-03-05 09:10:00.0;0,00
IRATI;411070601A;PR;Centro;-25,47186;-50,65887;2025-03-05 10:10:00.0;0,00
IRATI;411070601A;PR;Centro;-25,47186;-50,65887;2025-03-05 11:10:00.0;0,00
IRATI;411070601A;PR;Centro;-25,47186;-50,65887;2025-03-05 12:10:00.0;0,00
IRATI;411070601A;PR;Centro;-25,47186;-50,65887;2025-03-05 13:10:00.0;0,00
IRATI;411070601A;PR;Centro;-25,47186;-50,65887;2025-03-05 14:10:00.0;0,00
IRATI;411070601A;PR;Centro;-25,47186;-50,65887;2025-03-05 15:10:00.0;0,00
IRATI;411070601A;PR;Centro;-25,47186;-50,65887;2025-03-05 16:10:00.0;0,00
IRATI;411070601A;PR;Centro;-25,47186;-50,65887;2025-03-05 17:10:00.0;0,00
IRATI;411070601A;PR;Centro;-25,47186;-50,65887;2025-03-05 18:10:00.0;0,00
IRATI;411070601A;PR;Centro;-25,47186;-50,65887;2025-03-05 19:10:00.0;0,00
IRATI;411070601A;PR;Centro;-25,47186;-50,65887;2025-03-05 20:10:00.0;0,00
IRATI;411070601A;PR;Centro;-25,47186;-50,65887;2025-03-05 21:10:00.0;0,00
IRATI;411070601A;PR;Centro;-25,47186;-50,65887;2025-03-05 22:10:00.0;0,00
IRATI;411070601A;PR;Centro;-25,47186;-50,65887;2025-03-05 23:10:00.0;0,00
IRATI;411070601A;PR;Centro;-25,47186;-50,65887;2025-03-06 00:10:00.0;0,00
IRATI;411070601A;PR;Centro;-25,47186;-50,65887;2025-03-06 01:10:00.0;0,00
IRATI;411070601A;PR;Centro;-25,47186;-50,65887;2025-03-06 02:10:00.0;0,00
IRATI;411070601A;PR;Centro;-25,47186;-50,65887;2025-03-06 03:10:00.0;0,00
IRATI;411070601A;PR;Centro;-25,47186;-50,65887;2025-03-06 04:10:00.0;0,00
IRATI;411070601A;PR;Centro;-25,47186;-50,65887;2025-03-06 05:10:00.0;0,00
IRATI;411070601A;PR;Centro;-25,47186;-50,65887;2025-03-06 06:10:00.0;0,00
IRATI;411070601A;PR;Centro;-25,47186;-50,65887;2025-03-06 07:10:00.0;0,00
IRATI;411070601A;PR;Centro;-25,47186;-50,65887;2025-03-06 08:10:00.0;0,00
IRATI;411070601A;PR;Centro;-25,47186;-50,65887;2025-03-06 09:10:00.0;0,00
IRATI;411070601A;PR;Centro;-25,47186;-50,65887;2025-03-06 10:10:00.0;0,00
IRATI;411070601A;PR;Centro;-25,47186;-50,65887;2025-03-06 11:10:00.0;0,00
IRATI;411070601A;PR;Centro;-25,47186;-50,65887;2025-03-06 12:10:00.0;0,00
IRATI;411070601A;PR;Centro;-25,47186;-50,65887;2025-03-06 13:10:00.0;0,00
IRATI;411070601A;PR;Centro;-25,47186;-50,65887;2025-03-06 14:10:00.0;0,00
IRATI;411070601A;PR;Centro;-25,47186;-50,65887;2025-03-06 15:10:00.0;0,00
IRATI;411070601A;PR;Centro;-25,47186;-50,65887;2025-03-06 16:10:00.0;0,00
IRATI;411070601A;PR;Centro;-25,47186;-50,65887;2025-03-06 17:10:00.0;0,00
IRATI;411070601A;PR;Centro;-25,47186;-50,65887;2025-03-06 18:10:00.0;0,00
IRATI;411070601A;PR;Centro;-25,47186;-50,65887;2025-03-06 19:10:00.0;0,00
IRATI;411070601A;PR;Centro;-25,47186;-50,65887;2025-03-06 20:10:00.0;0,00
IRATI;411070601A;PR;Centro;-25,47186;-50,65887;2025-03-06 21:10:00.0;0,00
IRATI;411070601A;PR;Centro;-25,47186;-50,65887;2025-03-06 22:10:00.0;0,00
IRATI;411070601A;PR;Centro;-25,47186;-50,65887;2025-03-06 23:10:00.0;0,00
IRATI;411070601A;PR;Centro;-25,47186;-50,65887;2025-03-07 00:10:00.0;0,00
IRATI;411070601A;PR;Centro;-25,47186;-50,65887;2025-03-07 01:10:00.0;0,00
IRATI;411070601A;PR;Centro;-25,47186;-50,65887;2025-03-07 02:10:00.0;0,00
IRATI;411070601A;PR;Centro;-25,47186;-50,65887;2025-03-07 03:10:00.0;0,00
IRATI;411070601A;PR;Centro;-25,47186;-50,65887;2025-03-07 04:10:00.0;0,00
IRATI;411070601A;PR;Centro;-25,47186;-50,65887;2025-03-07 05:10:00.0;0,00
IRATI;411070601A;PR;Centro;-25,47186;-50,65887;2025-03-07 06:10:00.0;0,00
IRATI;411070601A;PR;Centro;-25,47186;-50,65887;2025-03-07 07:10:00.0;0,00
IRATI;411070601A;PR;Centro;-25,47186;-50,65887;2025-03-07 08:10:00.0;0,00
IRATI;411070601A;PR;Centro;-25,47186;-50,65887;2025-03-07 09:10:00.0;0,00
IRATI;411070601A;PR;Centro;-25,47186;-50,65887;2025-03-07 10:10:00.0;0,00
IRATI;411070601A;PR;Centro;-25,47186;-50,65887;2025-03-07 11:10:00.0;0,00
IRATI;411070601A;PR;Centro;-25,47186;-50,65887;2025-03-07 12:10:00.0;0,00
IRATI;411070601A;PR;Centro;-25,47186;-50,65887;2025-03-07 13:10:00.0;0,00
IRATI;411070601A;PR;Centro;-25,47186;-50,65887;2025-03-07 14:10:00.0;0,00
IRATI;411070601A;PR;Centro;-25,47186;-50,65887;2025-03-07 15:10:00.0;0,00
IRATI;411070601A;PR;Centro;-25,47186;-50,65887;2025-03-07 16:10:00.0;0,00
IRATI;411070601A;PR;Centro;-25,47186;-50,65887;2025-03-07 17:10:00.0;0,00
IRATI;411070601A;PR;Centro;-25,47186;-50,65887;2025-03-07 18:10:00.0;0,00
IRATI;411070601A;PR;Centro;-25,47186;-50,65887;2025-03-07 19:10:00.0;0,00
IRATI;411070601A;PR;Centro;-25,47186;-50,65887;2025-03-07 20:10:00.0;0,00
IRATI;411070601A;PR;Centro;-25,47186;-50,65887;2025-03-07 21:10:00.0;0,00
IRATI;411070601A;PR;Centro;-25,47186;-50,65887;2025-03-07 22:10:00.0;0,00
IRATI;411070601A;PR;Centro;-25,47186;-50,65887;2025-03-07 23:10:00.0;0,00
IRATI;411070601A;PR;Centro;-25,47186;-50,65887;2025-03-08 00:10:00.0;0,00
IRATI;411070601A;PR;Centro;-25,47186;-50,65887;2025-03-08 01:10:00.0;0,00
IRATI;411070601A;PR;Centro;-25,47186;-50,65887;2025-03-08 02:10:00.0;0,00
IRATI;411070601A;PR;Centro;-25,47186;-50,65887;2025-03-08 03:10:00.0;0,00
IRATI;411070601A;PR;Centro;-25,47186;-50,65887;2025-03-08 04:10:00.0;0,00
IRATI;411070601A;PR;Centro;-25,47186;-50,65887;2025-03-08 05:10:00.0;0,00
IRATI;411070601A;PR;Centro;-25,47186;-50,65887;2025-03-08 06:10:00.0;0,00
IRATI;411070601A;PR;Centro;-25,47186;-50,65887;2025-03-08 07:10:00.0;0,00
IRATI;411070601A;PR;Centro;-25,47186;-50,65887;2025-03-08 08:10:00.0;0,00
IRATI;411070601A;PR;Centro;-25,47186;-50,65887;2025-03-08 09:10:00.0;0,00
IRATI;411070601A;PR;Centro;-25,47186;-50,65887;2025-03-08 10:10:00.0;0,00
IRATI;411070601A;PR;Centro;-25,47186;-50,65887;2025-03-08 11:10:00.0;0,00
IRATI;411070601A;PR;Centro;-25,47186;-50,65887;2025-03-08 12:10:00.0;0,00
IRATI;411070601A;PR;Centro;-25,47186;-50,65887;2025-03-08 13:10:00.0;0,00
IRATI;411070601A;PR;Centro;-25,47186;-50,65887;2025-03-08 14:10:00.0;0,00
IRATI;411070601A;PR;Centro;-25,47186;-50,65887;2025-03-08 15:10:00.0;0,00
IRATI;411070601A;PR;Centro;-25,47186;-50,65887;2025-03-08 16:10:00.0;0,00
IRATI;411070601A;PR;Centro;-25,47186;-50,65887;2025-03-08 17:10:00.0;0,00
IRATI;411070601A;PR;Centro;-25,47186;-50,65887;2025-03-08 18:10:00.0;0,00
IRATI;411070601A;PR;Centro;-25,47186;-50,65887;2025-03-08 19:10:00.0;0,00
IRATI;411070601A;PR;Centro;-25,47186;-50,65887;2025-03-08 20:10:00.0;0,00
IRATI;411070601A;PR;Centro;-25,47186;-50,65887;2025-03-08 21:10:00.0;0,00
IRATI;411070601A;PR;Centro;-25,47186;-50,65887;2025-03-08 22:10:00.0;0,00
IRATI;411070601A;PR;Centro;-25,47186;-50,65887;2025-03-08 23:10:00.0;0,00
IRATI;411070601A;PR;Centro;-25,47186;-50,65887;2025-03-09 00:10:00.0;0,00
IRATI;411070601A;PR;Centro;-25,47186;-50,65887;2025-03-09 01:10:00.0;0,00
IRATI;411070601A;PR;Centro;-25,47186;-50,65887;2025-03-09 02:10:00.0;0,00
IRATI;411070601A;PR;Centro;-25,47186;-50,65887;2025-03-09 03:10:00.0;0,00
IRATI;411070601A;PR;Centro;-25,47186;-50,65887;2025-03-09 04:10:00.0;0,00
IRATI;411070601A;PR;Centro;-25,47186;-50,65887;2025-03-09 05:10:00.0;0,00
IRATI;411070601A;PR;Centro;-25,47186;-50,65887;2025-03-09 06:10:00.0;0,00
IRATI;411070601A;PR;Centro;-25,47186;-50,65887;2025-03-09 07:10:00.0;0,00
IRATI;411070601A;PR;Centro;-25,47186;-50,65887;2025-03-09 08:10:00.0;0,00
IRATI;411070601A;PR;Centro;-25,47186;-50,65887;2025-03-09 09:10:00.0;0,00
IRATI;411070601A;PR;Centro;-25,47186;-50,65887;2025-03-09 10:10:00.0;0,00
IRATI;411070601A;PR;Centro;-25,47186;-50,65887;2025-03-09 11:10:00.0;0,00
IRATI;411070601A;PR;Centro;-25,47186;-50,65887;2025-03-09 12:10:00.0;0,00
IRATI;411070601A;PR;Centro;-25,47186;-50,65887;2025-03-09 13:10:00.0;0,00
IRATI;411070601A;PR;Centro;-25,47186;-50,65887;2025-03-09 14:10:00.0;0,00
IRATI;411070601A;PR;Centro;-25,47186;-50,65887;2025-03-09 15:10:00.0;0,00
IRATI;411070601A;PR;Centro;-25,47186;-50,65887;2025-03-09 16:10:00.0;0,00
IRATI;411070601A;PR;Centro;-25,47186;-50,65887;2025-03-09 17:10:00.0;0,00
IRATI;411070601A;PR;Centro;-25,47186;-50,65887;2025-03-09 18:10:00.0;0,00
IRATI;411070601A;PR;Centro;-25,47186;-50,65887;2025-03-09 19:10:00.0;0,00
IRATI;411070601A;PR;Centro;-25,47186;-50,65887;2025-03-09 20:10:00.0;0,00
IRATI;411070601A;PR;Centro;-25,47186;-50,65887;2025-03-09 21:00:00.0;0,60
IRATI;411070601A;PR;Centro;-25,47186;-50,65887;2025-03-09 22:10:00.0;0,00
IRATI;411070601A;PR;Centro;-25,47186;-50,65887;2025-03-09 23:10:00.0;0,00
IRATI;411070601A;PR;Centro;-25,47186;-50,65887;2025-03-10 00:10:00.0;0,00
IRATI;411070601A;PR;Centro;-25,47186;-50,65887;2025-03-10 01:10:00.0;0,00
IRATI;411070601A;PR;Centro;-25,47186;-50,65887;2025-03-10 02:10:00.0;0,00
IRATI;411070601A;PR;Centro;-25,47186;-50,65887;2025-03-10 03:10:00.0;0,00
IRATI;411070601A;PR;Centro;-25,47186;-50,65887;2025-03-10 04:10:00.0;0,00
IRATI;411070601A;PR;Centro;-25,47186;-50,65887;2025-03-10 05:10:00.0;0,00
IRATI;411070601A;PR;Centro;-25,47186;-50,65887;2025-03-10 06:10:00.0;0,00
IRATI;411070601A;PR;Centro;-25,47186;-50,65887;2025-03-10 07:10:00.0;0,00
IRATI;411070601A;PR;Centro;-25,47186;-50,65887;2025-03-10 08:10:00.0;0,00
IRATI;411070601A;PR;Centro;-25,47186;-50,65887;2025-03-10 09:10:00.0;0,00
IRATI;411070601A;PR;Centro;-25,47186;-50,65887;2025-03-10 10:10:00.0;0,00
IRATI;411070601A;PR;Centro;-25,47186;-50,65887;2025-03-10 11:10:00.0;0,00
IRATI;411070601A;PR;Centro;-25,47186;-50,65887;2025-03-10 12:10:00.0;0,00
IRATI;411070601A;PR;Centro;-25,47186;-50,65887;2025-03-10 13:10:00.0;0,00
IRATI;411070601A;PR;Centro;-25,47186;-50,65887;2025-03-10 14:10:00.0;0,00
IRATI;411070601A;PR;Centro;-25,47186;-50,65887;2025-03-10 15:10:00.0;0,00
IRATI;411070601A;PR;Centro;-25,47186;-50,65887;2025-03-10 16:10:00.0;0,00
IRATI;411070601A;PR;Centro;-25,47186;-50,65887;2025-03-10 17:10:00.0;0,00
IRATI;411070601A;PR;Centro;-25,47186;-50,65887;2025-03-10 18:00:00.0;0,20
IRATI;411070601A;PR;Centro;-25,47186;-50,65887;2025-03-10 18:30:00.0;0,00
IRATI;411070601A;PR;Centro;-25,47186;-50,65887;2025-03-10 18:50:00.0;0,20
IRATI;411070601A;PR;Centro;-25,47186;-50,65887;2025-03-10 19:10:00.0;0,00
IRATI;411070601A;PR;Centro;-25,47186;-50,65887;2025-03-10 20:10:00.0;0,00
IRATI;411070601A;PR;Centro;-25,47186;-50,65887;2025-03-10 21:10:00.0;0,00
IRATI;411070601A;PR;Centro;-25,47186;-50,65887;2025-03-10 22:10:00.0;0,00
IRATI;411070601A;PR;Centro;-25,47186;-50,65887;2025-03-10 23:10:00.0;0,00
IRATI;411070601A;PR;Centro;-25,47186;-50,65887;2025-03-11 00:10:00.0;0,00
IRATI;411070601A;PR;Centro;-25,47186;-50,65887;2025-03-11 01:10:00.0;0,00
IRATI;411070601A;PR;Centro;-25,47186;-50,65887;2025-03-11 02:10:00.0;0,00
IRATI;411070601A;PR;Centro;-25,47186;-50,65887;2025-03-11 03:10:00.0;0,00
IRATI;411070601A;PR;Centro;-25,47186;-50,65887;2025-03-11 04:10:00.0;0,00
IRATI;411070601A;PR;Centro;-25,47186;-50,65887;2025-03-11 05:10:00.0;0,00
IRATI;411070601A;PR;Centro;-25,47186;-50,65887;2025-03-11 06:10:00.0;0,00
IRATI;411070601A;PR;Centro;-25,47186;-50,65887;2025-03-11 07:10:00.0;0,00
IRATI;411070601A;PR;Centro;-25,47186;-50,65887;2025-03-11 08:10:00.0;0,00
IRATI;411070601A;PR;Centro;-25,47186;-50,65887;2025-03-11 09:10:00.0;0,00
IRATI;411070601A;PR;Centro;-25,47186;-50,65887;2025-03-11 10:10:00.0;0,00
IRATI;411070601A;PR;Centro;-25,47186;-50,65887;2025-03-11 11:10:00.0;0,00
IRATI;411070601A;PR;Centro;-25,47186;-50,65887;2025-03-11 12:10:00.0;0,00
IRATI;411070601A;PR;Centro;-25,47186;-50,65887;2025-03-11 13:10:00.0;0,00
IRATI;411070601A;PR;Centro;-25,47186;-50,65887;2025-03-11 14:10:00.0;0,00
IRATI;411070601A;PR;Centro;-25,47186;-50,65887;2025-03-11 15:10:00.0;0,00
IRATI;411070601A;PR;Centro;-25,47186;-50,65887;2025-03-11 16:10:00.0;0,00
IRATI;411070601A;PR;Centro;-25,47186;-50,65887;2025-03-11 17:10:00.0;0,00
IRATI;411070601A;PR;Centro;-25,47186;-50,65887;2025-03-11 18:00:00.0;0,60
IRATI;411070601A;PR;Centro;-25,47186;-50,65887;2025-03-11 18:10:00.0;0,60
IRATI;411070601A;PR;Centro;-25,47186;-50,65887;2025-03-11 18:20:00.0;2,20
IRATI;411070601A;PR;Centro;-25,47186;-50,65887;2025-03-11 18:30:00.0;5,60
IRATI;411070601A;PR;Centro;-25,47186;-50,65887;2025-03-11 18:40:00.0;4,60
IRATI;411070601A;PR;Centro;-25,47186;-50,65887;2025-03-11 18:50:00.0;1,60
IRATI;411070601A;PR;Centro;-25,47186;-50,65887;2025-03-11 19:00:00.0;0,60
IRATI;411070601A;PR;Centro;-25,47186;-50,65887;2025-03-11 19:10:00.0;0,40
IRATI;411070601A;PR;Centro;-25,47186;-50,65887;2025-03-11 19:20:00.0;0,20
IRATI;411070601A;PR;Centro;-25,47186;-50,65887;2025-03-11 19:30:00.0;0,20
IRATI;411070601A;PR;Centro;-25,47186;-50,65887;2025-03-11 19:40:00.0;0,20
IRATI;411070601A;PR;Centro;-25,47186;-50,65887;2025-03-11 19:50:00.0;0,20
IRATI;411070601A;PR;Centro;-25,47186;-50,65887;2025-03-11 20:00:00.0;1,00
IRATI;411070601A;PR;Centro;-25,47186;-50,65887;2025-03-11 20:10:00.0;1,00
IRATI;411070601A;PR;Centro;-25,47186;-50,65887;2025-03-11 20:20:00.0;1,00
IRATI;411070601A;PR;Centro;-25,47186;-50,65887;2025-03-11 20:30:00.0;0,60
IRATI;411070601A;PR;Centro;-25,47186;-50,65887;2025-03-11 20:40:00.0;1,80
IRATI;411070601A;PR;Centro;-25,47186;-50,65887;2025-03-11 20:50:00.0;1,40
IRATI;411070601A;PR;Centro;-25,47186;-50,65887;2025-03-11 21:00:00.0;1,60
IRATI;411070601A;PR;Centro;-25,47186;-50,65887;2025-03-11 21:10:00.0;1,20
IRATI;411070601A;PR;Centro;-25,47186;-50,65887;2025-03-11 21:20:00.0;1,00
IRATI;411070601A;PR;Centro;-25,47186;-50,65887;2025-03-11 21:30:00.0;0,60
IRATI;411070601A;PR;Centro;-25,47186;-50,65887;2025-03-11 21:40:00.0;0,60
IRATI;411070601A;PR;Centro;-25,47186;-50,65887;2025-03-11 22:10:00.0;0,20
IRATI;411070601A;PR;Centro;-25,47186;-50,65887;2025-03-11 22:30:00.0;0,20
IRATI;411070601A;PR;Centro;-25,47186;-50,65887;2025-03-11 23:00:00.0;0,20
IRATI;411070601A;PR;Centro;-25,47186;-50,65887;2025-03-11 23:10:00.0;0,00
IRATI;411070601A;PR;Centro;-25,47186;-50,65887;2025-03-11 23:40:00.0;0,20
IRATI;411070601A;PR;Centro;-25,47186;-50,65887;2025-03-12 00:00:00.0;0,20
IRATI;411070601A;PR;Centro;-25,47186;-50,65887;2025-03-12 00:10:00.0;0,00
IRATI;411070601A;PR;Centro;-25,47186;-50,65887;2025-03-12 00:30:00.0;0,20
IRATI;411070601A;PR;Centro;-25,47186;-50,65887;2025-03-12 01:10:00.0;0,00
IRATI;411070601A;PR;Centro;-25,47186;-50,65887;2025-03-12 02:10:00.0;0,00
IRATI;411070601A;PR;Centro;-25,47186;-50,65887;2025-03-12 03:10:00.0;0,00
IRATI;411070601A;PR;Centro;-25,47186;-50,65887;2025-03-12 04:10:00.0;0,00
IRATI;411070601A;PR;Centro;-25,47186;-50,65887;2025-03-12 05:10:00.0;0,00
IRATI;411070601A;PR;Centro;-25,47186;-50,65887;2025-03-12 06:10:00.0;0,00
IRATI;411070601A;PR;Centro;-25,47186;-50,65887;2025-03-12 07:10:00.0;0,00
IRATI;411070601A;PR;Centro;-25,47186;-50,65887;2025-03-12 08:10:00.0;0,00
IRATI;411070601A;PR;Centro;-25,47186;-50,65887;2025-03-12 09:10:00.0;0,00
IRATI;411070601A;PR;Centro;-25,47186;-50,65887;2025-03-12 10:10:00.0;0,00
IRATI;411070601A;PR;Centro;-25,47186;-50,65887;2025-03-12 11:10:00.0;0,00
IRATI;411070601A;PR;Centro;-25,47186;-50,65887;2025-03-12 12:10:00.0;0,00
IRATI;411070601A;PR;Centro;-25,47186;-50,65887;2025-03-12 13:10:00.0;0,00
IRATI;411070601A;PR;Centro;-25,47186;-50,65887;2025-03-12 14:10:00.0;0,00
IRATI;411070601A;PR;Centro;-25,47186;-50,65887;2025-03-12 15:10:00.0;0,00
IRATI;411070601A;PR;Centro;-25,47186;-50,65887;2025-03-12 16:10:00.0;0,00
IRATI;411070601A;PR;Centro;-25,47186;-50,65887;2025-03-12 16:50:00.0;0,20
IRATI;411070601A;PR;Centro;-25,47186;-50,65887;2025-03-12 17:10:00.0;0,00
IRATI;411070601A;PR;Centro;-25,47186;-50,65887;2025-03-12 18:10:00.0;0,00
IRATI;411070601A;PR;Centro;-25,47186;-50,65887;2025-03-12 19:10:00.0;0,00
IRATI;411070601A;PR;Centro;-25,47186;-50,65887;2025-03-12 20:10:00.0;0,00
IRATI;411070601A;PR;Centro;-25,47186;-50,65887;2025-03-12 21:10:00.0;0,00
IRATI;411070601A;PR;Centro;-25,47186;-50,65887;2025-03-12 22:10:00.0;0,00
IRATI;411070601A;PR;Centro;-25,47186;-50,65887;2025-03-12 23:10:00.0;0,00
IRATI;411070601A;PR;Centro;-25,47186;-50,65887;2025-03-13 00:10:00.0;0,00
IRATI;411070601A;PR;Centro;-25,47186;-50,65887;2025-03-13 01:10:00.0;0,00
IRATI;411070601A;PR;Centro;-25,47186;-50,65887;2025-03-13 02:10:00.0;0,00
IRATI;411070601A;PR;Centro;-25,47186;-50,65887;2025-03-13 03:10:00.0;0,00
IRATI;411070601A;PR;Centro;-25,47186;-50,65887;2025-03-13 04:10:00.0;0,00
IRATI;411070601A;PR;Centro;-25,47186;-50,65887;2025-03-13 05:10:00.0;0,00
IRATI;411070601A;PR;Centro;-25,47186;-50,65887;2025-03-13 05:50:00.0;0,20
IRATI;411070601A;PR;Centro;-25,47186;-50,65887;2025-03-13 06:10:00.0;0,00
IRATI;411070601A;PR;Centro;-25,47186;-50,65887;2025-03-13 07:10:00.0;0,00
IRATI;411070601A;PR;Centro;-25,47186;-50,65887;2025-03-13 08:10:00.0;0,00
IRATI;411070601A;PR;Centro;-25,47186;-50,65887;2025-03-13 09:10:00.0;0,00
IRATI;411070601A;PR;Centro;-25,47186;-50,65887;2025-03-13 10:10:00.0;0,00
IRATI;411070601A;PR;Centro;-25,47186;-50,65887;2025-03-13 11:10:00.0;0,00
IRATI;411070601A;PR;Centro;-25,47186;-50,65887;2025-03-13 12:10:00.0;0,00
IRATI;411070601A;PR;Centro;-25,47186;-50,65887;2025-03-13 13:10:00.0;0,00
IRATI;411070601A;PR;Centro;-25,47186;-50,65887;2025-03-13 14:10:00.0;0,00
IRATI;411070601A;PR;Centro;-25,47186;-50,65887;2025-03-13 15:10:00.0;0,00
IRATI;411070601A;PR;Centro;-25,47186;-50,65887;2025-03-13 16:10:00.0;0,00
IRATI;411070601A;PR;Centro;-25,47186;-50,65887;2025-03-13 17:10:00.0;0,00
IRATI;411070601A;PR;Centro;-25,47186;-50,65887;2025-03-13 18:10:00.0;0,00
IRATI;411070601A;PR;Centro;-25,47186;-50,65887;2025-03-13 19:10:00.0;0,00
IRATI;411070601A;PR;Centro;-25,47186;-50,65887;2025-03-13 20:10:00.0;0,00
IRATI;411070601A;PR;Centro;-25,47186;-50,65887;2025-03-13 21:10:00.0;0,00
IRATI;411070601A;PR;Centro;-25,47186;-50,65887;2025-03-13 22:10:00.0;0,00
IRATI;411070601A;PR;Centro;-25,47186;-50,65887;2025-03-13 23:10:00.0;0,00
IRATI;411070601A;PR;Centro;-25,47186;-50,65887;2025-03-14 00:10:00.0;0,00
IRATI;411070601A;PR;Centro;-25,47186;-50,65887;2025-03-14 01:10:00.0;0,00
IRATI;411070601A;PR;Centro;-25,47186;-50,65887;2025-03-14 02:10:00.0;0,00
IRATI;411070601A;PR;Centro;-25,47186;-50,65887;2025-03-14 03:10:00.0;0,00
IRATI;411070601A;PR;Centro;-25,47186;-50,65887;2025-03-14 04:10:00.0;0,00
IRATI;411070601A;PR;Centro;-25,47186;-50,65887;2025-03-14 05:10:00.0;0,00
IRATI;411070601A;PR;Centro;-25,47186;-50,65887;2025-03-14 06:10:00.0;0,00
IRATI;411070601A;PR;Centro;-25,47186;-50,65887;2025-03-14 07:10:00.0;0,00
IRATI;411070601A;PR;Centro;-25,47186;-50,65887;2025-03-14 08:10:00.0;0,00
IRATI;411070601A;PR;Centro;-25,47186;-50,65887;2025-03-14 09:10:00.0;0,00
IRATI;411070601A;PR;Centro;-25,47186;-50,65887;2025-03-14 10:10:00.0;0,00
IRATI;411070601A;PR;Centro;-25,47186;-50,65887;2025-03-14 11:10:00.0;0,00
IRATI;411070601A;PR;Centro;-25,47186;-50,65887;2025-03-14 12:10:00.0;0,00
IRATI;411070601A;PR;Centro;-25,47186;-50,65887;2025-03-14 13:10:00.0;0,00
IRATI;411070601A;PR;Centro;-25,47186;-50,65887;2025-03-14 14:10:00.0;0,00
IRATI;411070601A;PR;Centro;-25,47186;-50,65887;2025-03-14 15:10:00.0;0,00
IRATI;411070601A;PR;Centro;-25,47186;-50,65887;2025-03-14 16:10:00.0;0,00
IRATI;411070601A;PR;Centro;-25,47186;-50,65887;2025-03-14 17:10:00.0;0,00
IRATI;411070601A;PR;Centro;-25,47186;-50,65887;2025-03-14 18:10:00.0;0,00
IRATI;411070601A;PR;Centro;-25,47186;-50,65887;2025-03-14 19:10:00.0;0,00
IRATI;411070601A;PR;Centro;-25,47186;-50,65887;2025-03-14 20:10:00.0;0,00
IRATI;411070601A;PR;Centro;-25,47186;-50,65887;2025-03-14 21:10:00.0;0,00
IRATI;411070601A;PR;Centro;-25,47186;-50,65887;2025-03-14 22:10:00.0;0,00
IRATI;411070601A;PR;Centro;-25,47186;-50,65887;2025-03-14 23:10:00.0;0,00
IRATI;411070601A;PR;Centro;-25,47186;-50,65887;2025-03-15 00:10:00.0;0,00
IRATI;411070601A;PR;Centro;-25,47186;-50,65887;2025-03-15 01:10:00.0;0,00
IRATI;411070601A;PR;Centro;-25,47186;-50,65887;2025-03-15 02:10:00.0;0,00
IRATI;411070601A;PR;Centro;-25,47186;-50,65887;2025-03-15 03:10:00.0;0,00
IRATI;411070601A;PR;Centro;-25,47186;-50,65887;2025-03-15 04:10:00.0;0,00
IRATI;411070601A;PR;Centro;-25,47186;-50,65887;2025-03-15 05:10:00.0;0,00
IRATI;411070601A;PR;Centro;-25,47186;-50,65887;2025-03-15 06:10:00.0;0,00
IRATI;411070601A;PR;Centro;-25,47186;-50,65887;2025-03-15 07:10:00.0;0,00
IRATI;411070601A;PR;Centro;-25,47186;-50,65887;2025-03-15 08:10:00.0;0,00
IRATI;411070601A;PR;Centro;-25,47186;-50,65887;2025-03-15 09:10:00.0;0,00
IRATI;411070601A;PR;Centro;-25,47186;-50,65887;2025-03-15 10:10:00.0;0,00
IRATI;411070601A;PR;Centro;-25,47186;-50,65887;2025-03-15 11:10:00.0;0,00
IRATI;411070601A;PR;Centro;-25,47186;-50,65887;2025-03-15 12:10:00.0;0,00
IRATI;411070601A;PR;Centro;-25,47186;-50,65887;2025-03-15 13:10:00.0;0,00
IRATI;411070601A;PR;Centro;-25,47186;-50,65887;2025-03-15 14:10:00.0;0,00
IRATI;411070601A;PR;Centro;-25,47186;-50,65887;2025-03-15 15:10:00.0;0,00
IRATI;411070601A;PR;Centro;-25,47186;-50,65887;2025-03-15 16:10:00.0;0,00
IRATI;411070601A;PR;Centro;-25,47186;-50,65887;2025-03-15 17:10:00.0;0,00
IRATI;411070601A;PR;Centro;-25,47186;-50,65887;2025-03-15 18:10:00.0;0,00
IRATI;411070601A;PR;Centro;-25,47186;-50,65887;2025-03-15 19:10:00.0;0,00
IRATI;411070601A;PR;Centro;-25,47186;-50,65887;2025-03-15 20:10:00.0;0,00
IRATI;411070601A;PR;Centro;-25,47186;-50,65887;2025-03-15 21:10:00.0;0,00
IRATI;411070601A;PR;Centro;-25,47186;-50,65887;2025-03-15 21:40:00.0;0,20
IRATI;411070601A;PR;Centro;-25,47186;-50,65887;2025-03-15 22:10:00.0;0,00
IRATI;411070601A;PR;Centro;-25,47186;-50,65887;2025-03-15 22:40:00.0;0,20
IRATI;411070601A;PR;Centro;-25,47186;-50,65887;2025-03-15 23:10:00.0;0,00
IRATI;411070601A;PR;Centro;-25,47186;-50,65887;2025-03-16 00:10:00.0;0,00
IRATI;411070601A;PR;Centro;-25,47186;-50,65887;2025-03-16 01:10:00.0;0,00
IRATI;411070601A;PR;Centro;-25,47186;-50,65887;2025-03-16 02:10:00.0;0,00
IRATI;411070601A;PR;Centro;-25,47186;-50,65887;2025-03-16 03:10:00.0;0,00
IRATI;411070601A;PR;Centro;-25,47186;-50,65887;2025-03-16 04:10:00.0;0,00
IRATI;411070601A;PR;Centro;-25,47186;-50,65887;2025-03-16 05:10:00.0;0,00
IRATI;411070601A;PR;Centro;-25,47186;-50,65887;2025-03-16 06:10:00.0;0,00
IRATI;411070601A;PR;Centro;-25,47186;-50,65887;2025-03-16 07:10:00.0;0,00
IRATI;411070601A;PR;Centro;-25,47186;-50,65887;2025-03-16 08:10:00.0;0,00
IRATI;411070601A;PR;Centro;-25,47186;-50,65887;2025-03-16 09:10:00.0;0,00
IRATI;411070601A;PR;Centro;-25,47186;-50,65887;2025-03-16 10:10:00.0;0,00
IRATI;411070601A;PR;Centro;-25,47186;-50,65887;2025-03-16 11:10:00.0;0,00
IRATI;411070601A;PR;Centro;-25,47186;-50,65887;2025-03-16 12:10:00.0;0,00
IRATI;411070601A;PR;Centro;-25,47186;-50,65887;2025-03-16 13:10:00.0;0,00
IRATI;411070601A;PR;Centro;-25,47186;-50,65887;2025-03-16 14:10:00.0;0,00
IRATI;411070601A;PR;Centro;-25,47186;-50,65887;2025-03-16 15:10:00.0;0,00
IRATI;411070601A;PR;Centro;-25,47186;-50,65887;2025-03-16 16:10:00.0;0,00
IRATI;411070601A;PR;Centro;-25,47186;-50,65887;2025-03-16 17:10:00.0;0,00
IRATI;411070601A;PR;Centro;-25,47186;-50,65887;2025-03-16 18:10:00.0;0,00
IRATI;411070601A;PR;Centro;-25,47186;-50,65887;2025-03-16 19:10:00.0;0,00
IRATI;411070601A;PR;Centro;-25,47186;-50,65887;2025-03-16 20:10:00.0;0,00
IRATI;411070601A;PR;Centro;-25,47186;-50,65887;2025-03-16 21:10:00.0;0,00
IRATI;411070601A;PR;Centro;-25,47186;-50,65887;2025-03-16 22:10:00.0;0,00
IRATI;411070601A;PR;Centro;-25,47186;-50,65887;2025-03-16 23:10:00.0;0,00
IRATI;411070601A;PR;Centro;-25,47186;-50,65887;2025-03-17 00:10:00.0;0,00
IRATI;411070601A;PR;Centro;-25,47186;-50,65887;2025-03-17 01:10:00.0;0,00
IRATI;411070601A;PR;Centro;-25,47186;-50,65887;2025-03-17 02:10:00.0;0,00
IRATI;411070601A;PR;Centro;-25,47186;-50,65887;2025-03-17 03:10:00.0;0,00
IRATI;411070601A;PR;Centro;-25,47186;-50,65887;2025-03-17 04:10:00.0;0,00
IRATI;411070601A;PR;Centro;-25,47186;-50,65887;2025-03-17 05:10:00.0;0,00
IRATI;411070601A;PR;Centro;-25,47186;-50,65887;2025-03-17 06:10:00.0;0,00
IRATI;411070601A;PR;Centro;-25,47186;-50,65887;2025-03-17 07:10:00.0;0,00
IRATI;411070601A;PR;Centro;-25,47186;-50,65887;2025-03-17 08:10:00.0;0,00
IRATI;411070601A;PR;Centro;-25,47186;-50,65887;2025-03-17 09:10:00.0;0,00
IRATI;411070601A;PR;Centro;-25,47186;-50,65887;2025-03-17 10:10:00.0;0,00
IRATI;411070601A;PR;Centro;-25,47186;-50,65887;2025-03-17 11:10:00.0;0,00
IRATI;411070601A;PR;Centro;-25,47186;-50,65887;2025-03-17 12:10:00.0;0,00
IRATI;411070601A;PR;Centro;-25,47186;-50,65887;2025-03-17 13:10:00.0;0,00
IRATI;411070601A;PR;Centro;-25,47186;-50,65887;2025-03-17 14:10:00.0;0,00
IRATI;411070601A;PR;Centro;-25,47186;-50,65887;2025-03-17 15:10:00.0;0,00
IRATI;411070601A;PR;Centro;-25,47186;-50,65887;2025-03-17 16:10:00.0;0,00
IRATI;411070601A;PR;Centro;-25,47186;-50,65887;2025-03-17 17:10:00.0;0,00
IRATI;411070601A;PR;Centro;-25,47186;-50,65887;2025-03-17 18:10:00.0;0,00
IRATI;411070601A;PR;Centro;-25,47186;-50,65887;2025-03-17 19:10:00.0;0,00
IRATI;411070601A;PR;Centro;-25,47186;-50,65887;2025-03-17 20:10:00.0;0,00
IRATI;411070601A;PR;Centro;-25,47186;-50,65887;2025-03-17 21:10:00.0;0,00
IRATI;411070601A;PR;Centro;-25,47186;-50,65887;2025-03-17 22:10:00.0;0,00
IRATI;411070601A;PR;Centro;-25,47186;-50,65887;2025-03-17 23:10:00.0;0,00
IRATI;411070601A;PR;Centro;-25,47186;-50,65887;2025-03-18 00:10:00.0;0,00
IRATI;411070601A;PR;Centro;-25,47186;-50,65887;2025-03-18 01:10:00.0;0,00
IRATI;411070601A;PR;Centro;-25,47186;-50,65887;2025-03-18 02:10:00.0;0,00
IRATI;411070601A;PR;Centro;-25,47186;-50,65887;2025-03-18 03:10:00.0;0,00
IRATI;411070601A;PR;Centro;-25,47186;-50,65887;2025-03-18 04:10:00.0;0,00
IRATI;411070601A;PR;Centro;-25,47186;-50,65887;2025-03-18 05:10:00.0;0,00
IRATI;411070601A;PR;Centro;-25,47186;-50,65887;2025-03-18 06:10:00.0;0,00
IRATI;411070601A;PR;Centro;-25,47186;-50,65887;2025-03-18 07:10:00.0;0,00
IRATI;411070601A;PR;Centro;-25,47186;-50,65887;2025-03-18 08:10:00.0;0,00
IRATI;411070601A;PR;Centro;-25,47186;-50,65887;2025-03-18 09:10:00.0;0,00
IRATI;411070601A;PR;Centro;-25,47186;-50,65887;2025-03-18 10:10:00.0;0,00
IRATI;411070601A;PR;Centro;-25,47186;-50,65887;2025-03-18 11:10:00.0;0,00
IRATI;411070601A;PR;Centro;-25,47186;-50,65887;2025-03-18 12:10:00.0;0,00
IRATI;411070601A;PR;Centro;-25,47186;-50,65887;2025-03-18 13:10:00.0;0,00
IRATI;411070601A;PR;Centro;-25,47186;-50,65887;2025-03-18 14:10:00.0;0,00
IRATI;411070601A;PR;Centro;-25,47186;-50,65887;2025-03-18 15:00:00.0;5,40
IRATI;411070601A;PR;Centro;-25,47186;-50,65887;2025-03-18 15:10:00.0;2,00
IRATI;411070601A;PR;Centro;-25,47186;-50,65887;2025-03-18 15:20:00.0;0,40
IRATI;411070601A;PR;Centro;-25,47186;-50,65887;2025-03-18 15:40:00.0;0,20
IRATI;411070601A;PR;Centro;-25,47186;-50,65887;2025-03-18 16:10:00.0;0,00
IRATI;411070601A;PR;Centro;-25,47186;-50,65887;2025-03-18 16:30:00.0;0,60
IRATI;411070601A;PR;Centro;-25,47186;-50,65887;2025-03-18 16:40:00.0;4,20
IRATI;411070601A;PR;Centro;-25,47186;-50,65887;2025-03-18 16:50:00.0;3,40
IRATI;411070601A;PR;Centro;-25,47186;-50,65887;2025-03-18 17:00:00.0;0,20
IRATI;411070601A;PR;Centro;-25,47186;-50,65887;2025-03-18 17:10:00.0;0,00
IRATI;411070601A;PR;Centro;-25,47186;-50,65887;2025-03-18 18:10:00.0;0,00
IRATI;411070601A;PR;Centro;-25,47186;-50,65887;2025-03-18 19:10:00.0;0,00
IRATI;411070601A;PR;Centro;-25,47186;-50,65887;2025-03-18 20:10:00.0;0,00
IRATI;411070601A;PR;Centro;-25,47186;-50,65887;2025-03-18 21:00:00.0;5,80
IRATI;411070601A;PR;Centro;-25,47186;-50,65887;2025-03-18 21:10:00.0;3,20
IRATI;411070601A;PR;Centro;-25,47186;-50,65887;2025-03-18 21:20:00.0;0,80
IRATI;411070601A;PR;Centro;-25,47186;-50,65887;2025-03-18 21:30:00.0;0,80
IRATI;411070601A;PR;Centro;-25,47186;-50,65887;2025-03-18 21:40:00.0;0,60
IRATI;411070601A;PR;Centro;-25,47186;-50,65887;2025-03-18 21:50:00.0;0,80
IRATI;411070601A;PR;Centro;-25,47186;-50,65887;2025-03-18 22:10:00.0;0,00
IRATI;411070601A;PR;Centro;-25,47186;-50,65887;2025-03-18 23:10:00.0;0,00
IRATI;411070601A;PR;Centro;-25,47186;-50,65887;2025-03-19 00:10:00.0;0,00
IRATI;411070601A;PR;Centro;-25,47186;-50,65887;2025-03-19 01:10:00.0;0,00
IRATI;411070601A;PR;Centro;-25,47186;-50,65887;2025-03-19 02:10:00.0;0,00
IRATI;411070601A;PR;Centro;-25,47186;-50,65887;2025-03-19 03:10:00.0;0,00
IRATI;411070601A;PR;Centro;-25,47186;-50,65887;2025-03-19 04:10:00.0;0,00
IRATI;411070601A;PR;Centro;-25,47186;-50,65887;2025-03-19 05:10:00.0;0,00
IRATI;411070601A;PR;Centro;-25,47186;-50,65887;2025-03-19 06:10:00.0;0,00
IRATI;411070601A;PR;Centro;-25,47186;-50,65887;2025-03-19 07:10:00.0;0,00
IRATI;411070601A;PR;Centro;-25,47186;-50,65887;2025-03-19 08:10:00.0;0,00
IRATI;411070601A;PR;Centro;-25,47186;-50,65887;2025-03-19 09:10:00.0;0,00
IRATI;411070601A;PR;Centro;-25,47186;-50,65887;2025-03-19 10:10:00.0;0,00
IRATI;411070601A;PR;Centro;-25,47186;-50,65887;2025-03-19 11:10:00.0;0,00
IRATI;411070601A;PR;Centro;-25,47186;-50,65887;2025-03-19 12:10:00.0;0,00
IRATI;411070601A;PR;Centro;-25,47186;-50,65887;2025-03-19 13:10:00.0;0,00
IRATI;411070601A;PR;Centro;-25,47186;-50,65887;2025-03-19 13:50:00.0;0,20
IRATI;411070601A;PR;Centro;-25,47186;-50,65887;2025-03-19 14:10:00.0;0,00
IRATI;411070601A;PR;Centro;-25,47186;-50,65887;2025-03-19 15:10:00.0;0,00
IRATI;411070601A;PR;Centro;-25,47186;-50,65887;2025-03-19 16:10:00.0;0,00
IRATI;411070601A;PR;Centro;-25,47186;-50,65887;2025-03-19 17:10:00.0;0,00
IRATI;411070601A;PR;Centro;-25,47186;-50,65887;2025-03-19 18:10:00.0;0,00
IRATI;411070601A;PR;Centro;-25,47186;-50,65887;2025-03-19 19:10:00.0;0,00
IRATI;411070601A;PR;Centro;-25,47186;-50,65887;2025-03-19 20:10:00.0;0,00
IRATI;411070601A;PR;Centro;-25,47186;-50,65887;2025-03-19 21:10:00.0;0,00
IRATI;411070601A;PR;Centro;-25,47186;-50,65887;2025-03-19 22:10:00.0;0,00
IRATI;411070601A;PR;Centro;-25,47186;-50,65887;2025-03-19 23:10:00.0;0,00
IRATI;411070601A;PR;Centro;-25,47186;-50,65887;2025-03-20 00:10:00.0;0,00
IRATI;411070601A;PR;Centro;-25,47186;-50,65887;2025-03-20 01:10:00.0;0,00
IRATI;411070601A;PR;Centro;-25,47186;-50,65887;2025-03-20 02:10:00.0;0,00
IRATI;411070601A;PR;Centro;-25,47186;-50,65887;2025-03-20 03:10:00.0;0,00
IRATI;411070601A;PR;Centro;-25,47186;-50,65887;2025-03-20 04:10:00.0;0,00
IRATI;411070601A;PR;Centro;-25,47186;-50,65887;2025-03-20 05:10:00.0;0,00
IRATI;411070601A;PR;Centro;-25,47186;-50,65887;2025-03-20 06:10:00.0;0,00
IRATI;411070601A;PR;Centro;-25,47186;-50,65887;2025-03-20 07:10:00.0;0,00
IRATI;411070601A;PR;Centro;-25,47186;-50,65887;2025-03-20 08:10:00.0;0,00
IRATI;411070601A;PR;Centro;-25,47186;-50,65887;2025-03-20 09:10:00.0;0,00
IRATI;411070601A;PR;Centro;-25,47186;-50,65887;2025-03-20 10:10:00.0;0,00
IRATI;411070601A;PR;Centro;-25,47186;-50,65887;2025-03-20 11:10:00.0;0,00
IRATI;411070601A;PR;Centro;-25,47186;-50,65887;2025-03-20 12:10:00.0;0,00
IRATI;411070601A;PR;Centro;-25,47186;-50,65887;2025-03-20 13:10:00.0;0,00
IRATI;411070601A;PR;Centro;-25,47186;-50,65887;2025-03-20 14:10:00.0;0,00
IRATI;411070601A;PR;Centro;-25,47186;-50,65887;2025-03-20 15:10:00.0;0,00
IRATI;411070601A;PR;Centro;-25,47186;-50,65887;2025-03-20 16:10:00.0;0,00
IRATI;411070601A;PR;Centro;-25,47186;-50,65887;2025-03-20 17:10:00.0;0,00
IRATI;411070601A;PR;Centro;-25,47186;-50,65887;2025-03-20 18:10:00.0;0,00
IRATI;411070601A;PR;Centro;-25,47186;-50,65887;2025-03-20 19:10:00.0;0,00
IRATI;411070601A;PR;Centro;-25,47186;-50,65887;2025-03-20 20:10:00.0;0,00
IRATI;411070601A;PR;Centro;-25,47186;-50,65887;2025-03-20 21:10:00.0;0,00
IRATI;411070601A;PR;Centro;-25,47186;-50,65887;2025-03-20 22:10:00.0;0,00
IRATI;411070601A;PR;Centro;-25,47186;-50,65887;2025-03-20 23:10:00.0;0,00
IRATI;411070601A;PR;Centro;-25,47186;-50,65887;2025-03-21 00:10:00.0;0,00
IRATI;411070601A;PR;Centro;-25,47186;-50,65887;2025-03-21 01:10:00.0;0,00
IRATI;411070601A;PR;Centro;-25,47186;-50,65887;2025-03-21 02:10:00.0;0,00
IRATI;411070601A;PR;Centro;-25,47186;-50,65887;2025-03-21 03:10:00.0;0,00
IRATI;411070601A;PR;Centro;-25,47186;-50,65887;2025-03-21 04:10:00.0;0,00
IRATI;411070601A;PR;Centro;-25,47186;-50,65887;2025-03-21 05:10:00.0;0,00
IRATI;411070601A;PR;Centro;-25,47186;-50,65887;2025-03-21 06:10:00.0;0,00
IRATI;411070601A;PR;Centro;-25,47186;-50,65887;2025-03-21 07:10:00.0;0,00
IRATI;411070601A;PR;Centro;-25,47186;-50,65887;2025-03-21 08:10:00.0;0,00
IRATI;411070601A;PR;Centro;-25,47186;-50,65887;2025-03-21 09:10:00.0;0,00
IRATI;411070601A;PR;Centro;-25,47186;-50,65887;2025-03-21 10:10:00.0;0,00
IRATI;411070601A;PR;Centro;-25,47186;-50,65887;2025-03-21 11:10:00.0;0,00
IRATI;411070601A;PR;Centro;-25,47186;-50,65887;2025-03-21 12:10:00.0;0,00
IRATI;411070601A;PR;Centro;-25,47186;-50,65887;2025-03-21 13:10:00.0;0,00
IRATI;411070601A;PR;Centro;-25,47186;-50,65887;2025-03-21 14:10:00.0;0,00
IRATI;411070601A;PR;Centro;-25,47186;-50,65887;2025-03-21 15:10:00.0;0,00
IRATI;411070601A;PR;Centro;-25,47186;-50,65887;2025-03-21 16:10:00.0;0,00
IRATI;411070601A;PR;Centro;-25,47186;-50,65887;2025-03-21 17:10:00.0;0,00
IRATI;411070601A;PR;Centro;-25,47186;-50,65887;2025-03-21 18:10:00.0;0,00
IRATI;411070601A;PR;Centro;-25,47186;-50,65887;2025-03-21 19:10:00.0;0,00
IRATI;411070601A;PR;Centro;-25,47186;-50,65887;2025-03-21 20:10:00.0;0,00
IRATI;411070601A;PR;Centro;-25,47186;-50,65887;2025-03-21 21:10:00.0;0,00
IRATI;411070601A;PR;Centro;-25,47186;-50,65887;2025-03-21 22:10:00.0;0,00
IRATI;411070601A;PR;Centro;-25,47186;-50,65887;2025-03-21 23:10:00.0;0,00
IRATI;411070601A;PR;Centro;-25,47186;-50,65887;2025-03-22 00:10:00.0;0,00
IRATI;411070601A;PR;Centro;-25,47186;-50,65887;2025-03-22 01:10:00.0;0,00
IRATI;411070601A;PR;Centro;-25,47186;-50,65887;2025-03-22 02:10:00.0;0,00
IRATI;411070601A;PR;Centro;-25,47186;-50,65887;2025-03-22 03:10:00.0;0,00
IRATI;411070601A;PR;Centro;-25,47186;-50,65887;2025-03-22 04:10:00.0;0,00
IRATI;411070601A;PR;Centro;-25,47186;-50,65887;2025-03-22 05:10:00.0;0,00
IRATI;411070601A;PR;Centro;-25,47186;-50,65887;2025-03-22 06:10:00.0;0,00
IRATI;411070601A;PR;Centro;-25,47186;-50,65887;2025-03-22 07:10:00.0;0,00
IRATI;411070601A;PR;Centro;-25,47186;-50,65887;2025-03-22 08:10:00.0;0,00
IRATI;411070601A;PR;Centro;-25,47186;-50,65887;2025-03-22 09:10:00.0;0,00
IRATI;411070601A;PR;Centro;-25,47186;-50,65887;2025-03-22 10:10:00.0;0,00
IRATI;411070601A;PR;Centro;-25,47186;-50,65887;2025-03-22 11:10:00.0;0,00
IRATI;411070601A;PR;Centro;-25,47186;-50,65887;2025-03-22 12:10:00.0;0,00
IRATI;411070601A;PR;Centro;-25,47186;-50,65887;2025-03-22 13:10:00.0;0,00
IRATI;411070601A;PR;Centro;-25,47186;-50,65887;2025-03-22 14:10:00.0;0,00
IRATI;411070601A;PR;Centro;-25,47186;-50,65887;2025-03-22 15:10:00.0;0,00
IRATI;411070601A;PR;Centro;-25,47186;-50,65887;2025-03-22 16:10:00.0;0,00
IRATI;411070601A;PR;Centro;-25,47186;-50,65887;2025-03-22 17:10:00.0;0,00
IRATI;411070601A;PR;Centro;-25,47186;-50,65887;2025-03-22 18:10:00.0;0,00
IRATI;411070601A;PR;Centro;-25,47186;-50,65887;2025-03-22 19:10:00.0;0,00
IRATI;411070601A;PR;Centro;-25,47186;-50,65887;2025-03-22 20:10:00.0;0,00
IRATI;411070601A;PR;Centro;-25,47186;-50,65887;2025-03-22 21:10:00.0;0,00
IRATI;411070601A;PR;Centro;-25,47186;-50,65887;2025-03-22 22:10:00.0;0,00
IRATI;411070601A;PR;Centro;-25,47186;-50,65887;2025-03-22 23:10:00.0;0,00
IRATI;411070601A;PR;Centro;-25,47186;-50,65887;2025-03-23 00:10:00.0;0,00
IRATI;411070601A;PR;Centro;-25,47186;-50,65887;2025-03-23 01:10:00.0;0,00
IRATI;411070601A;PR;Centro;-25,47186;-50,65887;2025-03-23 02:10:00.0;0,00
IRATI;411070601A;PR;Centro;-25,47186;-50,65887;2025-03-23 03:10:00.0;0,00
IRATI;411070601A;PR;Centro;-25,47186;-50,65887;2025-03-23 04:10:00.0;0,00
IRATI;411070601A;PR;Centro;-25,47186;-50,65887;2025-03-23 05:10:00.0;0,00
IRATI;411070601A;PR;Centro;-25,47186;-50,65887;2025-03-23 06:10:00.0;0,00
IRATI;411070601A;PR;Centro;-25,47186;-50,65887;2025-03-23 07:10:00.0;0,00
IRATI;411070601A;PR;Centro;-25,47186;-50,65887;2025-03-23 08:10:00.0;0,00
IRATI;411070601A;PR;Centro;-25,47186;-50,65887;2025-03-23 09:10:00.0;0,00
IRATI;411070601A;PR;Centro;-25,47186;-50,65887;2025-03-23 10:10:00.0;0,00
IRATI;411070601A;PR;Centro;-25,47186;-50,65887;2025-03-23 11:10:00.0;0,00
IRATI;411070601A;PR;Centro;-25,47186;-50,65887;2025-03-23 12:10:00.0;0,00
IRATI;411070601A;PR;Centro;-25,47186;-50,65887;2025-03-23 13:10:00.0;0,00
IRATI;411070601A;PR;Centro;-25,47186;-50,65887;2025-03-23 14:10:00.0;0,00
IRATI;411070601A;PR;Centro;-25,47186;-50,65887;2025-03-23 15:10:00.0;0,00
IRATI;411070601A;PR;Centro;-25,47186;-50,65887;2025-03-23 16:10:00.0;0,00
IRATI;411070601A;PR;Centro;-25,47186;-50,65887;2025-03-23 17:10:00.0;0,00
IRATI;411070601A;PR;Centro;-25,47186;-50,65887;2025-03-23 18:10:00.0;0,00
IRATI;411070601A;PR;Centro;-25,47186;-50,65887;2025-03-23 19:10:00.0;0,00
IRATI;411070601A;PR;Centro;-25,47186;-50,65887;2025-03-23 20:10:00.0;0,00
IRATI;411070601A;PR;Centro;-25,47186;-50,65887;2025-03-23 21:10:00.0;0,00
IRATI;411070601A;PR;Centro;-25,47186;-50,65887;2025-03-23 22:10:00.0;0,00
IRATI;411070601A;PR;Centro;-25,47186;-50,65887;2025-03-23 23:10:00.0;0,00
IRATI;411070601A;PR;Centro;-25,47186;-50,65887;2025-03-24 00:10:00.0;0,00
IRATI;411070601A;PR;Centro;-25,47186;-50,65887;2025-03-24 01:10:00.0;0,00
IRATI;411070601A;PR;Centro;-25,47186;-50,65887;2025-03-24 02:10:00.0;0,00
IRATI;411070601A;PR;Centro;-25,47186;-50,65887;2025-03-24 03:10:00.0;0,00
IRATI;411070601A;PR;Centro;-25,47186;-50,65887;2025-03-24 04:10:00.0;0,00
IRATI;411070601A;PR;Centro;-25,47186;-50,65887;2025-03-24 05:10:00.0;0,00
IRATI;411070601A;PR;Centro;-25,47186;-50,65887;2025-03-24 06:10:00.0;0,00
IRATI;411070601A;PR;Centro;-25,47186;-50,65887;2025-03-24 07:10:00.0;0,00
IRATI;411070601A;PR;Centro;-25,47186;-50,65887;2025-03-24 08:10:00.0;0,00
IRATI;411070601A;PR;Centro;-25,47186;-50,65887;2025-03-24 09:10:00.0;0,00
IRATI;411070601A;PR;Centro;-25,47186;-50,65887;2025-03-24 10:10:00.0;0,00
IRATI;411070601A;PR;Centro;-25,47186;-50,65887;2025-03-24 11:10:00.0;0,00
IRATI;411070601A;PR;Centro;-25,47186;-50,65887;2025-03-24 12:10:00.0;0,00
IRATI;411070601A;PR;Centro;-25,47186;-50,65887;2025-03-24 13:10:00.0;0,00
IRATI;411070601A;PR;Centro;-25,47186;-50,65887;2025-03-24 14:10:00.0;0,00
IRATI;411070601A;PR;Centro;-25,47186;-50,65887;2025-03-24 15:10:00.0;0,00
IRATI;411070601A;PR;Centro;-25,47186;-50,65887;2025-03-24 16:10:00.0;0,00
IRATI;411070601A;PR;Centro;-25,47186;-50,65887;2025-03-24 17:10:00.0;0,00
IRATI;411070601A;PR;Centro;-25,47186;-50,65887;2025-03-24 18:10:00.0;0,00
IRATI;411070601A;PR;Centro;-25,47186;-50,65887;2025-03-24 19:10:00.0;0,00
IRATI;411070601A;PR;Centro;-25,47186;-50,65887;2025-03-24 20:10:00.0;0,00
IRATI;411070601A;PR;Centro;-25,47186;-50,65887;2025-03-24 21:10:00.0;0,00
IRATI;411070601A;PR;Centro;-25,47186;-50,65887;2025-03-24 22:10:00.0;0,00
IRATI;411070601A;PR;Centro;-25,47186;-50,65887;2025-03-24 23:10:00.0;0,00
IRATI;411070601A;PR;Centro;-25,47186;-50,65887;2025-03-25 00:10:00.0;0,00
IRATI;411070601A;PR;Centro;-25,47186;-50,65887;2025-03-25 01:10:00.0;0,00
IRATI;411070601A;PR;Centro;-25,47186;-50,65887;2025-03-25 02:10:00.0;0,00
IRATI;411070601A;PR;Centro;-25,47186;-50,65887;2025-03-25 03:10:00.0;0,00
IRATI;411070601A;PR;Centro;-25,47186;-50,65887;2025-03-25 04:10:00.0;0,00
IRATI;411070601A;PR;Centro;-25,47186;-50,65887;2025-03-25 05:10:00.0;0,00
IRATI;411070601A;PR;Centro;-25,47186;-50,65887;2025-03-25 06:10:00.0;0,00
IRATI;411070601A;PR;Centro;-25,47186;-50,65887;2025-03-25 07:10:00.0;0,00
IRATI;411070601A;PR;Centro;-25,47186;-50,65887;2025-03-25 08:10:00.0;0,00
IRATI;411070601A;PR;Centro;-25,47186;-50,65887;2025-03-25 09:10:00.0;0,00
IRATI;411070601A;PR;Centro;-25,47186;-50,65887;2025-03-25 10:10:00.0;0,00
IRATI;411070601A;PR;Centro;-25,47186;-50,65887;2025-03-25 11:10:00.0;0,00
IRATI;411070601A;PR;Centro;-25,47186;-50,65887;2025-03-25 12:10:00.0;0,00
IRATI;411070601A;PR;Centro;-25,47186;-50,65887;2025-03-25 13:10:00.0;0,00
IRATI;411070601A;PR;Centro;-25,47186;-50,65887;2025-03-25 14:10:00.0;0,00
IRATI;411070601A;PR;Centro;-25,47186;-50,65887;2025-03-25 15:10:00.0;0,00
IRATI;411070601A;PR;Centro;-25,47186;-50,65887;2025-03-25 16:10:00.0;0,00
IRATI;411070601A;PR;Centro;-25,47186;-50,65887;2025-03-25 17:10:00.0;0,00
IRATI;411070601A;PR;Centro;-25,47186;-50,65887;2025-03-25 18:10:00.0;0,00
IRATI;411070601A;PR;Centro;-25,47186;-50,65887;2025-03-25 19:10:00.0;0,00
IRATI;411070601A;PR;Centro;-25,47186;-50,65887;2025-03-25 20:10:00.0;0,00
IRATI;411070601A;PR;Centro;-25,47186;-50,65887;2025-03-25 21:10:00.0;0,00
IRATI;411070601A;PR;Centro;-25,47186;-50,65887;2025-03-25 22:10:00.0;0,00
IRATI;411070601A;PR;Centro;-25,47186;-50,65887;2025-03-25 22:40:00.0;0,20
IRATI;411070601A;PR;Centro;-25,47186;-50,65887;2025-03-25 22:50:00.0;0,20
IRATI;411070601A;PR;Centro;-25,47186;-50,65887;2025-03-25 23:10:00.0;0,40
IRATI;411070601A;PR;Centro;-25,47186;-50,65887;2025-03-25 23:40:00.0;0,20
IRATI;411070601A;PR;Centro;-25,47186;-50,65887;2025-03-25 23:50:00.0;1,20
IRATI;411070601A;PR;Centro;-25,47186;-50,65887;2025-03-26 00:00:00.0;2,80
IRATI;411070601A;PR;Centro;-25,47186;-50,65887;2025-03-26 00:10:00.0;1,00
IRATI;411070601A;PR;Centro;-25,47186;-50,65887;2025-03-26 00:20:00.0;1,00
IRATI;411070601A;PR;Centro;-25,47186;-50,65887;2025-03-26 00:30:00.0;0,40
IRATI;411070601A;PR;Centro;-25,47186;-50,65887;2025-03-26 00:40:00.0;3,40
IRATI;411070601A;PR;Centro;-25,47186;-50,65887;2025-03-26 00:50:00.0;8,40
IRATI;411070601A;PR;Centro;-25,47186;-50,65887;2025-03-26 01:00:00.0;3,00
IRATI;411070601A;PR;Centro;-25,47186;-50,65887;2025-03-26 01:10:00.0;0,60
IRATI;411070601A;PR;Centro;-25,47186;-50,65887;2025-03-26 01:20:00.0;0,40
IRATI;411070601A;PR;Centro;-25,47186;-50,65887;2025-03-26 01:30:00.0;0,40
IRATI;411070601A;PR;Centro;-25,47186;-50,65887;2025-03-26 01:40:00.0;0,80
IRATI;411070601A;PR;Centro;-25,47186;-50,65887;2025-03-26 01:50:00.0;0,60
IRATI;411070601A;PR;Centro;-25,47186;-50,65887;2025-03-26 02:10:00.0;0,00
IRATI;411070601A;PR;Centro;-25,47186;-50,65887;2025-03-26 03:10:00.0;0,00
IRATI;411070601A;PR;Centro;-25,47186;-50,65887;2025-03-26 04:10:00.0;0,00
IRATI;411070601A;PR;Centro;-25,47186;-50,65887;2025-03-26 05:10:00.0;0,00
IRATI;411070601A;PR;Centro;-25,47186;-50,65887;2025-03-26 05:20:00.0;0,20
IRATI;411070601A;PR;Centro;-25,47186;-50,65887;2025-03-26 06:10:00.0;0,00
IRATI;411070601A;PR;Centro;-25,47186;-50,65887;2025-03-26 07:10:00.0;0,00
IRATI;411070601A;PR;Centro;-25,47186;-50,65887;2025-03-26 08:10:00.0;0,00
IRATI;411070601A;PR;Centro;-25,47186;-50,65887;2025-03-26 09:10:00.0;0,00
IRATI;411070601A;PR;Centro;-25,47186;-50,65887;2025-03-26 10:10:00.0;0,00
IRATI;411070601A;PR;Centro;-25,47186;-50,65887;2025-03-26 11:10:00.0;0,00
IRATI;411070601A;PR;Centro;-25,47186;-50,65887;2025-03-26 12:10:00.0;0,00
IRATI;411070601A;PR;Centro;-25,47186;-50,65887;2025-03-26 13:10:00.0;0,00
IRATI;411070601A;PR;Centro;-25,47186;-50,65887;2025-03-26 14:10:00.0;0,00
IRATI;411070601A;PR;Centro;-25,47186;-50,65887;2025-03-26 14:50:00.0;0,20
IRATI;411070601A;PR;Centro;-25,47186;-50,65887;2025-03-26 15:10:00.0;0,00
IRATI;411070601A;PR;Centro;-25,47186;-50,65887;2025-03-26 16:10:00.0;0,00
IRATI;411070601A;PR;Centro;-25,47186;-50,65887;2025-03-26 17:10:00.0;0,00
IRATI;411070601A;PR;Centro;-25,47186;-50,65887;2025-03-26 18:10:00.0;0,00
IRATI;411070601A;PR;Centro;-25,47186;-50,65887;2025-03-26 19:10:00.0;0,00
IRATI;411070601A;PR;Centro;-25,47186;-50,65887;2025-03-26 20:10:00.0;0,00
IRATI;411070601A;PR;Centro;-25,47186;-50,65887;2025-03-26 21:10:00.0;0,00
IRATI;411070601A;PR;Centro;-25,47186;-50,65887;2025-03-26 22:10:00.0;0,00
IRATI;411070601A;PR;Centro;-25,47186;-50,65887;2025-03-26 23:10:00.0;0,00
IRATI;411070601A;PR;Centro;-25,47186;-50,65887;2025-03-27 00:10:00.0;0,00
IRATI;411070601A;PR;Centro;-25,47186;-50,65887;2025-03-27 01:10:00.0;0,00
IRATI;411070601A;PR;Centro;-25,47186;-50,65887;2025-03-27 02:10:00.0;0,00
IRATI;411070601A;PR;Centro;-25,47186;-50,65887;2025-03-27 03:10:00.0;0,00
IRATI;411070601A;PR;Centro;-25,47186;-50,65887;2025-03-27 04:10:00.0;0,00
IRATI;411070601A;PR;Centro;-25,47186;-50,65887;2025-03-27 05:10:00.0;0,00
IRATI;411070601A;PR;Centro;-25,47186;-50,65887;2025-03-27 06:10:00.0;0,00
IRATI;411070601A;PR;Centro;-25,47186;-50,65887;2025-03-27 07:10:00.0;0,00
IRATI;411070601A;PR;Centro;-25,47186;-50,65887;2025-03-27 08:10:00.0;0,00
IRATI;411070601A;PR;Centro;-25,47186;-50,65887;2025-03-27 09:10:00.0;0,00
IRATI;411070601A;PR;Centro;-25,47186;-50,65887;2025-03-27 10:10:00.0;0,00
IRATI;411070601A;PR;Centro;-25,47186;-50,65887;2025-03-27 11:10:00.0;0,00
IRATI;411070601A;PR;Centro;-25,47186;-50,65887;2025-03-27 12:10:00.0;0,00
IRATI;411070601A;PR;Centro;-25,47186;-50,65887;2025-03-27 13:10:00.0;0,00
IRATI;411070601A;PR;Centro;-25,47186;-50,65887;2025-03-27 14:10:00.0;0,00
IRATI;411070601A;PR;Centro;-25,47186;-50,65887;2025-03-27 15:10:00.0;0,00
IRATI;411070601A;PR;Centro;-25,47186;-50,65887;2025-03-27 16:10:00.0;0,00
IRATI;411070601A;PR;Centro;-25,47186;-50,65887;2025-03-27 17:10:00.0;0,00
IRATI;411070601A;PR;Centro;-25,47186;-50,65887;2025-03-27 18:10:00.0;0,00
IRATI;411070601A;PR;Centro;-25,47186;-50,65887;2025-03-27 19:10:00.0;0,00
IRATI;411070601A;PR;Centro;-25,47186;-50,65887;2025-03-27 20:10:00.0;0,00
IRATI;411070601A;PR;Centro;-25,47186;-50,65887;2025-03-27 21:10:00.0;0,00
IRATI;411070601A;PR;Centro;-25,47186;-50,65887;2025-03-27 22:10:00.0;0,00
IRATI;411070601A;PR;Centro;-25,47186;-50,65887;2025-03-27 23:10:00.0;0,00
IRATI;411070601A;PR;Centro;-25,47186;-50,65887;2025-03-28 00:10:00.0;0,00
IRATI;411070601A;PR;Centro;-25,47186;-50,65887;2025-03-28 01:10:00.0;0,00
IRATI;411070601A;PR;Centro;-25,47186;-50,65887;2025-03-28 02:10:00.0;0,00
IRATI;411070601A;PR;Centro;-25,47186;-50,65887;2025-03-28 03:10:00.0;0,00
IRATI;411070601A;PR;Centro;-25,47186;-50,65887;2025-03-28 04:10:00.0;0,00
IRATI;411070601A;PR;Centro;-25,47186;-50,65887;2025-03-28 05:10:00.0;0,00
IRATI;411070601A;PR;Centro;-25,47186;-50,65887;2025-03-28 06:10:00.0;0,00
IRATI;411070601A;PR;Centro;-25,47186;-50,65887;2025-03-28 06:40:00.0;0,20
IRATI;411070601A;PR;Centro;-25,47186;-50,65887;2025-03-28 06:50:00.0;0,20
IRATI;411070601A;PR;Centro;-25,47186;-50,65887;2025-03-28 07:00:00.0;0,20
IRATI;411070601A;PR;Centro;-25,47186;-50,65887;2025-03-28 07:10:00.0;0,40
IRATI;411070601A;PR;Centro;-25,47186;-50,65887;2025-03-28 07:20:00.0;0,40
IRATI;411070601A;PR;Centro;-25,47186;-50,65887;2025-03-28 07:30:00.0;1,20
IRATI;411070601A;PR;Centro;-25,47186;-50,65887;2025-03-28 07:40:00.0;4,60
IRATI;411070601A;PR;Centro;-25,47186;-50,65887;2025-03-28 07:50:00.0;1,40
IRATI;411070601A;PR;Centro;-25,47186;-50,65887;2025-03-28 08:00:00.0;4,00
IRATI;411070601A;PR;Centro;-25,47186;-50,65887;2025-03-28 08:10:00.0;9,20
IRATI;411070601A;PR;Centro;-25,47186;-50,65887;2025-03-28 08:20:00.0;2,60
IRATI;411070601A;PR;Centro;-25,47186;-50,65887;2025-03-28 08:30:00.0;0,80
IRATI;411070601A;PR;Centro;-25,47186;-50,65887;2025-03-28 08:40:00.0;0,40
IRATI;411070601A;PR;Centro;-25,47186;-50,65887;2025-03-28 08:50:00.0;0,80
IRATI;411070601A;PR;Centro;-25,47186;-50,65887;2025-03-28 09:00:00.0;0,60
IRATI;411070601A;PR;Centro;-25,47186;-50,65887;2025-03-28 09:10:00.0;0,40
IRATI;411070601A;PR;Centro;-25,47186;-50,65887;2025-03-28 10:10:00.0;0,00
IRATI;411070601A;PR;Centro;-25,47186;-50,65887;2025-03-28 11:10:00.0;0,00
IRATI;411070601A;PR;Centro;-25,47186;-50,65887;2025-03-28 12:10:00.0;0,00
IRATI;411070601A;PR;Centro;-25,47186;-50,65887;2025-03-28 13:10:00.0;0,00
IRATI;411070601A;PR;Centro;-25,47186;-50,65887;2025-03-28 13:40:00.0;0,20
IRATI;411070601A;PR;Centro;-25,47186;-50,65887;2025-03-28 14:10:00.0;0,00
IRATI;411070601A;PR;Centro;-25,47186;-50,65887;2025-03-28 15:10:00.0;0,00
IRATI;411070601A;PR;Centro;-25,47186;-50,65887;2025-03-28 16:10:00.0;0,00
IRATI;411070601A;PR;Centro;-25,47186;-50,65887;2025-03-28 17:10:00.0;0,00
IRATI;411070601A;PR;Centro;-25,47186;-50,65887;2025-03-28 18:10:00.0;0,00
IRATI;411070601A;PR;Centro;-25,47186;-50,65887;2025-03-28 19:10:00.0;0,00
IRATI;411070601A;PR;Centro;-25,47186;-50,65887;2025-03-28 20:10:00.0;0,00
IRATI;411070601A;PR;Centro;-25,47186;-50,65887;2025-03-28 21:10:00.0;0,00
IRATI;411070601A;PR;Centro;-25,47186;-50,65887;2025-03-28 22:10:00.0;0,00
IRATI;411070601A;PR;Centro;-25,47186;-50,65887;2025-03-28 23:10:00.0;0,00
IRATI;411070601A;PR;Centro;-25,47186;-50,65887;2025-03-29 00:10:00.0;0,00
IRATI;411070601A;PR;Centro;-25,47186;-50,65887;2025-03-29 01:10:00.0;0,00
IRATI;411070601A;PR;Centro;-25,47186;-50,65887;2025-03-29 02:10:00.0;0,00
IRATI;411070601A;PR;Centro;-25,47186;-50,65887;2025-03-29 03:10:00.0;0,00
IRATI;411070601A;PR;Centro;-25,47186;-50,65887;2025-03-29 04:10:00.0;0,00
IRATI;411070601A;PR;Centro;-25,47186;-50,65887;2025-03-29 05:10:00.0;0,00
IRATI;411070601A;PR;Centro;-25,47186;-50,65887;2025-03-29 06:10:00.0;0,00
IRATI;411070601A;PR;Centro;-25,47186;-50,65887;2025-03-29 07:10:00.0;0,00
IRATI;411070601A;PR;Centro;-25,47186;-50,65887;2025-03-29 08:10:00.0;0,00
IRATI;411070601A;PR;Centro;-25,47186;-50,65887;2025-03-29 09:10:00.0;0,00
IRATI;411070601A;PR;Centro;-25,47186;-50,65887;2025-03-29 10:10:00.0;0,00
IRATI;411070601A;PR;Centro;-25,47186;-50,65887;2025-03-29 11:10:00.0;0,00
IRATI;411070601A;PR;Centro;-25,47186;-50,65887;2025-03-29 12:10:00.0;0,00
IRATI;411070601A;PR;Centro;-25,47186;-50,65887;2025-03-29 13:10:00.0;0,00
IRATI;411070601A;PR;Centro;-25,47186;-50,65887;2025-03-29 14:10:00.0;0,00
IRATI;411070601A;PR;Centro;-25,47186;-50,65887;2025-03-29 15:10:00.0;0,00
IRATI;411070601A;PR;Centro;-25,47186;-50,65887;2025-03-29 16:10:00.0;0,00
IRATI;411070601A;PR;Centro;-25,47186;-50,65887;2025-03-29 17:10:00.0;0,00
IRATI;411070601A;PR;Centro;-25,47186;-50,65887;2025-03-29 18:10:00.0;0,00
IRATI;411070601A;PR;Centro;-25,47186;-50,65887;2025-03-29 19:10:00.0;0,00
IRATI;411070601A;PR;Centro;-25,47186;-50,65887;2025-03-29 20:10:00.0;0,00
IRATI;411070601A;PR;Centro;-25,47186;-50,65887;2025-03-29 21:10:00.0;0,00
IRATI;411070601A;PR;Centro;-25,47186;-50,65887;2025-03-29 22:10:00.0;0,00
IRATI;411070601A;PR;Centro;-25,47186;-50,65887;2025-03-29 23:10:00.0;0,00
IRATI;411070601A;PR;Centro;-25,47186;-50,65887;2025-03-30 00:10:00.0;0,00
IRATI;411070601A;PR;Centro;-25,47186;-50,65887;2025-03-30 00:20:00.0;1,00
IRATI;411070601A;PR;Centro;-25,47186;-50,65887;2025-03-30 00:30:00.0;0,20
IRATI;411070601A;PR;Centro;-25,47186;-50,65887;2025-03-30 00:40:00.0;0,40
IRATI;411070601A;PR;Centro;-25,47186;-50,65887;2025-03-30 00:50:00.0;0,40
IRATI;411070601A;PR;Centro;-25,47186;-50,65887;2025-03-30 01:00:00.0;0,20
IRATI;411070601A;PR;Centro;-25,47186;-50,65887;2025-03-30 01:10:00.0;2,80
IRATI;411070601A;PR;Centro;-25,47186;-50,65887;2025-03-30 01:20:00.0;0,60
IRATI;411070601A;PR;Centro;-25,47186;-50,65887;2025-03-30 01:30:00.0;0,20
IRATI;411070601A;PR;Centro;-25,47186;-50,65887;2025-03-30 02:10:00.0;0,00
IRATI;411070601A;PR;Centro;-25,47186;-50,65887;2025-03-30 02:20:00.0;0,20
IRATI;411070601A;PR;Centro;-25,47186;-50,65887;2025-03-30 02:50:00.0;0,20
IRATI;411070601A;PR;Centro;-25,47186;-50,65887;2025-03-30 03:10:00.0;0,00
IRATI;411070601A;PR;Centro;-25,47186;-50,65887;2025-03-30 04:10:00.0;0,00
IRATI;411070601A;PR;Centro;-25,47186;-50,65887;2025-03-30 05:10:00.0;0,00
IRATI;411070601A;PR;Centro;-25,47186;-50,65887;2025-03-30 05:30:00.0;0,40
IRATI;411070601A;PR;Centro;-25,47186;-50,65887;2025-03-30 06:10:00.0;0,00
IRATI;411070601A;PR;Centro;-25,47186;-50,65887;2025-03-30 07:10:00.0;0,00
IRATI;411070601A;PR;Centro;-25,47186;-50,65887;2025-03-30 08:10:00.0;0,00
IRATI;411070601A;PR;Centro;-25,47186;-50,65887;2025-03-30 09:10:00.0;0,00
IRATI;411070601A;PR;Centro;-25,47186;-50,65887;2025-03-30 10:10:00.0;0,00
IRATI;411070601A;PR;Centro;-25,47186;-50,65887;2025-03-30 11:10:00.0;0,00
IRATI;411070601A;PR;Centro;-25,47186;-50,65887;2025-03-30 12:10:00.0;0,00
IRATI;411070601A;PR;Centro;-25,47186;-50,65887;2025-03-30 13:10:00.0;0,00
IRATI;411070601A;PR;Centro;-25,47186;-50,65887;2025-03-30 14:10:00.0;0,00
IRATI;411070601A;PR;Centro;-25,47186;-50,65887;2025-03-30 15:10:00.0;0,00
IRATI;411070601A;PR;Centro;-25,47186;-50,65887;2025-03-30 16:10:00.0;0,00
IRATI;411070601A;PR;Centro;-25,47186;-50,65887;2025-03-30 17:10:00.0;0,00
IRATI;411070601A;PR;Centro;-25,47186;-50,65887;2025-03-30 18:10:00.0;0,00
IRATI;411070601A;PR;Centro;-25,47186;-50,65887;2025-03-30 19:10:00.0;0,00
IRATI;411070601A;PR;Centro;-25,47186;-50,65887;2025-03-30 20:10:00.0;0,00
IRATI;411070601A;PR;Centro;-25,47186;-50,65887;2025-03-30 21:10:00.0;0,00
IRATI;411070601A;PR;Centro;-25,47186;-50,65887;2025-03-30 22:10:00.0;0,00
IRATI;411070601A;PR;Centro;-25,47186;-50,65887;2025-03-30 23:10:00.0;0,00
IRATI;411070601A;PR;Centro;-25,47186;-50,65887;2025-03-31 00:10:00.0;0,00
IRATI;411070601A;PR;Centro;-25,47186;-50,65887;2025-03-31 01:10:00.0;0,00
IRATI;411070601A;PR;Centro;-25,47186;-50,65887;2025-03-31 02:10:00.0;0,00
IRATI;411070601A;PR;Centro;-25,47186;-50,65887;2025-03-31 03:10:00.0;0,00
IRATI;411070601A;PR;Centro;-25,47186;-50,65887;2025-03-31 04:10:00.0;0,00
IRATI;411070601A;PR;Centro;-25,47186;-50,65887;2025-03-31 05:10:00.0;0,00
IRATI;411070601A;PR;Centro;-25,47186;-50,65887;2025-03-31 06:10:00.0;0,00
IRATI;411070601A;PR;Centro;-25,47186;-50,65887;2025-03-31 07:10:00.0;0,00
IRATI;411070601A;PR;Centro;-25,47186;-50,65887;2025-03-31 08:10:00.0;0,00
IRATI;411070601A;PR;Centro;-25,47186;-50,65887;2025-03-31 09:10:00.0;0,00
IRATI;411070601A;PR;Centro;-25,47186;-50,65887;2025-03-31 10:10:00.0;0,00
IRATI;411070601A;PR;Centro;-25,47186;-50,65887;2025-03-31 11:10:00.0;0,00
IRATI;411070601A;PR;Centro;-25,47186;-50,65887;2025-03-31 12:10:00.0;0,00
IRATI;411070601A;PR;Centro;-25,47186;-50,65887;2025-03-31 13:30:00.0;0,00
IRATI;411070601A;PR;Centro;-25,47186;-50,65887;2025-03-31 14:10:00.0;0,00
IRATI;411070601A;PR;Centro;-25,47186;-50,65887;2025-03-31 15:10:00.0;0,00
IRATI;411070601A;PR;Centro;-25,47186;-50,65887;2025-03-31 16:10:00.0;0,00
IRATI;411070601A;PR;Centro;-25,47186;-50,65887;2025-03-31 17:10:00.0;0,00
IRATI;411070601A;PR;Centro;-25,47186;-50,65887;2025-03-31 18:10:00.0;0,00
IRATI;411070601A;PR;Centro;-25,47186;-50,65887;2025-03-31 19:10:00.0;0,00
IRATI;411070601A;PR;Centro;-25,47186;-50,65887;2025-03-31 20:10:00.0;0,00
IRATI;411070601A;PR;Centro;-25,47186;-50,65887;2025-03-31 21:10:00.0;0,00
IRATI;411070601A;PR;Centro;-25,47186;-50,65887;2025-03-31 22:10:00.0;0,00
IRATI;411070601A;PR;Centro;-25,47186;-50,65887;2025-03-31 23:10:00.0;0,00
ITAPERUÇU;411125801A;PR;Centro;-25,219;-49,351;2025-03-01 00:10:00.0;0,00
ITAPERUÇU;411125801A;PR;Centro;-25,219;-49,351;2025-03-01 00:20:00.0;0,00
ITAPERUÇU;411125801A;PR;Centro;-25,219;-49,351;2025-03-01 01:20:00.0;0,00
ITAPERUÇU;411125801A;PR;Centro;-25,219;-49,351;2025-03-01 02:20:00.0;0,00
ITAPERUÇU;411125801A;PR;Centro;-25,219;-49,351;2025-03-01 03:20:00.0;0,00
ITAPERUÇU;411125801A;PR;Centro;-25,219;-49,351;2025-03-01 04:20:00.0;0,00
ITAPERUÇU;411125801A;PR;Centro;-25,219;-49,351;2025-03-01 05:20:00.0;0,00
ITAPERUÇU;411125801A;PR;Centro;-25,219;-49,351;2025-03-01 06:20:00.0;0,00
ITAPERUÇU;411125801A;PR;Centro;-25,219;-49,351;2025-03-01 07:20:00.0;0,00
ITAPERUÇU;411125801A;PR;Centro;-25,219;-49,351;2025-03-01 08:20:00.0;0,00
ITAPERUÇU;411125801A;PR;Centro;-25,219;-49,351;2025-03-01 09:20:00.0;0,00
ITAPERUÇU;411125801A;PR;Centro;-25,219;-49,351;2025-03-01 10:20:00.0;0,00
ITAPERUÇU;411125801A;PR;Centro;-25,219;-49,351;2025-03-01 11:20:00.0;0,00
ITAPERUÇU;411125801A;PR;Centro;-25,219;-49,351;2025-03-01 12:20:00.0;0,00
ITAPERUÇU;411125801A;PR;Centro;-25,219;-49,351;2025-03-01 13:20:00.0;0,00
ITAPERUÇU;411125801A;PR;Centro;-25,219;-49,351;2025-03-01 14:20:00.0;0,00
ITAPERUÇU;411125801A;PR;Centro;-25,219;-49,351;2025-03-01 15:20:00.0;0,00
ITAPERUÇU;411125801A;PR;Centro;-25,219;-49,351;2025-03-01 16:20:00.0;0,00
ITAPERUÇU;411125801A;PR;Centro;-25,219;-49,351;2025-03-01 17:20:00.0;0,00
ITAPERUÇU;411125801A;PR;Centro;-25,219;-49,351;2025-03-01 18:20:00.0;0,00
ITAPERUÇU;411125801A;PR;Centro;-25,219;-49,351;2025-03-01 19:20:00.0;0,00
ITAPERUÇU;411125801A;PR;Centro;-25,219;-49,351;2025-03-01 20:20:00.0;0,00
ITAPERUÇU;411125801A;PR;Centro;-25,219;-49,351;2025-03-01 21:20:00.0;0,00
ITAPERUÇU;411125801A;PR;Centro;-25,219;-49,351;2025-03-01 22:20:00.0;0,00
ITAPERUÇU;411125801A;PR;Centro;-25,219;-49,351;2025-03-01 23:20:00.0;0,00
ITAPERUÇU;411125801A;PR;Centro;-25,219;-49,351;2025-03-02 00:20:00.0;0,00
ITAPERUÇU;411125801A;PR;Centro;-25,219;-49,351;2025-03-02 01:20:00.0;0,00
ITAPERUÇU;411125801A;PR;Centro;-25,219;-49,351;2025-03-02 02:20:00.0;0,00
ITAPERUÇU;411125801A;PR;Centro;-25,219;-49,351;2025-03-02 03:20:00.0;0,00
ITAPERUÇU;411125801A;PR;Centro;-25,219;-49,351;2025-03-02 04:20:00.0;0,00
ITAPERUÇU;411125801A;PR;Centro;-25,219;-49,351;2025-03-02 05:20:00.0;0,00
ITAPERUÇU;411125801A;PR;Centro;-25,219;-49,351;2025-03-02 06:20:00.0;0,00
ITAPERUÇU;411125801A;PR;Centro;-25,219;-49,351;2025-03-02 07:20:00.0;0,00
ITAPERUÇU;411125801A;PR;Centro;-25,219;-49,351;2025-03-02 08:20:00.0;0,00
ITAPERUÇU;411125801A;PR;Centro;-25,219;-49,351;2025-03-02 09:20:00.0;0,00
ITAPERUÇU;411125801A;PR;Centro;-25,219;-49,351;2025-03-02 10:20:00.0;0,00
ITAPERUÇU;411125801A;PR;Centro;-25,219;-49,351;2025-03-02 11:20:00.0;0,00
ITAPERUÇU;411125801A;PR;Centro;-25,219;-49,351;2025-03-02 12:20:00.0;0,00
ITAPERUÇU;411125801A;PR;Centro;-25,219;-49,351;2025-03-02 13:20:00.0;0,00
ITAPERUÇU;411125801A;PR;Centro;-25,219;-49,351;2025-03-02 14:20:00.0;0,00
ITAPERUÇU;411125801A;PR;Centro;-25,219;-49,351;2025-03-02 15:20:00.0;0,00
ITAPERUÇU;411125801A;PR;Centro;-25,219;-49,351;2025-03-02 16:20:00.0;0,00
ITAPERUÇU;411125801A;PR;Centro;-25,219;-49,351;2025-03-02 17:20:00.0;0,00
ITAPERUÇU;411125801A;PR;Centro;-25,219;-49,351;2025-03-02 18:20:00.0;0,00
ITAPERUÇU;411125801A;PR;Centro;-25,219;-49,351;2025-03-02 19:20:00.0;0,00
ITAPERUÇU;411125801A;PR;Centro;-25,219;-49,351;2025-03-02 20:20:00.0;0,00
ITAPERUÇU;411125801A;PR;Centro;-25,219;-49,351;2025-03-02 21:20:00.0;0,00
ITAPERUÇU;411125801A;PR;Centro;-25,219;-49,351;2025-03-02 22:20:00.0;0,00
ITAPERUÇU;411125801A;PR;Centro;-25,219;-49,351;2025-03-02 23:20:00.0;0,00
ITAPERUÇU;411125801A;PR;Centro;-25,219;-49,351;2025-03-03 00:20:00.0;0,00
ITAPERUÇU;411125801A;PR;Centro;-25,219;-49,351;2025-03-03 01:20:00.0;0,00
ITAPERUÇU;411125801A;PR;Centro;-25,219;-49,351;2025-03-03 02:20:00.0;0,00
ITAPERUÇU;411125801A;PR;Centro;-25,219;-49,351;2025-03-03 03:20:00.0;0,00
ITAPERUÇU;411125801A;PR;Centro;-25,219;-49,351;2025-03-03 04:20:00.0;0,00
ITAPERUÇU;411125801A;PR;Centro;-25,219;-49,351;2025-03-03 05:20:00.0;0,00
ITAPERUÇU;411125801A;PR;Centro;-25,219;-49,351;2025-03-03 06:20:00.0;0,00
ITAPERUÇU;411125801A;PR;Centro;-25,219;-49,351;2025-03-03 07:20:00.0;0,00
ITAPERUÇU;411125801A;PR;Centro;-25,219;-49,351;2025-03-03 08:20:00.0;0,00
ITAPERUÇU;411125801A;PR;Centro;-25,219;-49,351;2025-03-03 09:20:00.0;0,00
ITAPERUÇU;411125801A;PR;Centro;-25,219;-49,351;2025-03-03 10:20:00.0;0,00
ITAPERUÇU;411125801A;PR;Centro;-25,219;-49,351;2025-03-03 11:20:00.0;0,00
ITAPERUÇU;411125801A;PR;Centro;-25,219;-49,351;2025-03-03 12:20:00.0;0,00
ITAPERUÇU;411125801A;PR;Centro;-25,219;-49,351;2025-03-03 13:20:00.0;0,00
ITAPERUÇU;411125801A;PR;Centro;-25,219;-49,351;2025-03-03 14:20:00.0;0,00
ITAPERUÇU;411125801A;PR;Centro;-25,219;-49,351;2025-03-03 15:20:00.0;0,00
ITAPERUÇU;411125801A;PR;Centro;-25,219;-49,351;2025-03-03 16:20:00.0;0,00
ITAPERUÇU;411125801A;PR;Centro;-25,219;-49,351;2025-03-03 17:20:00.0;0,00
ITAPERUÇU;411125801A;PR;Centro;-25,219;-49,351;2025-03-03 18:20:00.0;0,00
ITAPERUÇU;411125801A;PR;Centro;-25,219;-49,351;2025-03-03 19:20:00.0;0,00
ITAPERUÇU;411125801A;PR;Centro;-25,219;-49,351;2025-03-03 20:20:00.0;0,00
ITAPERUÇU;411125801A;PR;Centro;-25,219;-49,351;2025-03-03 21:20:00.0;0,00
ITAPERUÇU;411125801A;PR;Centro;-25,219;-49,351;2025-03-03 22:20:00.0;0,00
ITAPERUÇU;411125801A;PR;Centro;-25,219;-49,351;2025-03-03 23:20:00.0;0,00
ITAPERUÇU;411125801A;PR;Centro;-25,219;-49,351;2025-03-04 00:20:00.0;0,00
ITAPERUÇU;411125801A;PR;Centro;-25,219;-49,351;2025-03-04 01:20:00.0;0,00
ITAPERUÇU;411125801A;PR;Centro;-25,219;-49,351;2025-03-04 02:20:00.0;0,00
ITAPERUÇU;411125801A;PR;Centro;-25,219;-49,351;2025-03-04 03:20:00.0;0,00
ITAPERUÇU;411125801A;PR;Centro;-25,219;-49,351;2025-03-04 04:20:00.0;0,00
ITAPERUÇU;411125801A;PR;Centro;-25,219;-49,351;2025-03-04 05:20:00.0;0,00
ITAPERUÇU;411125801A;PR;Centro;-25,219;-49,351;2025-03-04 06:20:00.0;0,00
ITAPERUÇU;411125801A;PR;Centro;-25,219;-49,351;2025-03-04 07:20:00.0;0,00
ITAPERUÇU;411125801A;PR;Centro;-25,219;-49,351;2025-03-04 08:20:00.0;0,00
ITAPERUÇU;411125801A;PR;Centro;-25,219;-49,351;2025-03-04 09:20:00.0;0,00
ITAPERUÇU;411125801A;PR;Centro;-25,219;-49,351;2025-03-04 10:20:00.0;0,00
ITAPERUÇU;411125801A;PR;Centro;-25,219;-49,351;2025-03-04 11:20:00.0;0,00
ITAPERUÇU;411125801A;PR;Centro;-25,219;-49,351;2025-03-04 12:20:00.0;0,00
ITAPERUÇU;411125801A;PR;Centro;-25,219;-49,351;2025-03-04 13:20:00.0;0,00
ITAPERUÇU;411125801A;PR;Centro;-25,219;-49,351;2025-03-04 14:20:00.0;0,00
ITAPERUÇU;411125801A;PR;Centro;-25,219;-49,351;2025-03-04 15:20:00.0;0,00
ITAPERUÇU;411125801A;PR;Centro;-25,219;-49,351;2025-03-04 16:20:00.0;0,00
ITAPERUÇU;411125801A;PR;Centro;-25,219;-49,351;2025-03-04 17:20:00.0;0,00
ITAPERUÇU;411125801A;PR;Centro;-25,219;-49,351;2025-03-04 18:20:00.0;0,00
ITAPERUÇU;411125801A;PR;Centro;-25,219;-49,351;2025-03-04 19:20:00.0;0,00
ITAPERUÇU;411125801A;PR;Centro;-25,219;-49,351;2025-03-04 20:20:00.0;0,00
ITAPERUÇU;411125801A;PR;Centro;-25,219;-49,351;2025-03-04 21:20:00.0;0,00
ITAPERUÇU;411125801A;PR;Centro;-25,219;-49,351;2025-03-04 22:20:00.0;0,00
ITAPERUÇU;411125801A;PR;Centro;-25,219;-49,351;2025-03-04 23:20:00.0;0,00
ITAPERUÇU;411125801A;PR;Centro;-25,219;-49,351;2025-03-05 00:20:00.0;0,00
ITAPERUÇU;411125801A;PR;Centro;-25,219;-49,351;2025-03-05 01:20:00.0;0,00
ITAPERUÇU;411125801A;PR;Centro;-25,219;-49,351;2025-03-05 02:20:00.0;0,00
ITAPERUÇU;411125801A;PR;Centro;-25,219;-49,351;2025-03-05 03:20:00.0;0,00
ITAPERUÇU;411125801A;PR;Centro;-25,219;-49,351;2025-03-05 04:20:00.0;0,00
ITAPERUÇU;411125801A;PR;Centro;-25,219;-49,351;2025-03-05 05:20:00.0;0,00
ITAPERUÇU;411125801A;PR;Centro;-25,219;-49,351;2025-03-05 06:20:00.0;0,00
ITAPERUÇU;411125801A;PR;Centro;-25,219;-49,351;2025-03-05 07:20:00.0;0,00
ITAPERUÇU;411125801A;PR;Centro;-25,219;-49,351;2025-03-05 08:20:00.0;0,00
ITAPERUÇU;411125801A;PR;Centro;-25,219;-49,351;2025-03-05 09:20:00.0;0,00
ITAPERUÇU;411125801A;PR;Centro;-25,219;-49,351;2025-03-05 10:20:00.0;0,00
ITAPERUÇU;411125801A;PR;Centro;-25,219;-49,351;2025-03-05 11:20:00.0;0,00
ITAPERUÇU;411125801A;PR;Centro;-25,219;-49,351;2025-03-05 12:20:00.0;0,00
ITAPERUÇU;411125801A;PR;Centro;-25,219;-49,351;2025-03-05 13:20:00.0;0,00
ITAPERUÇU;411125801A;PR;Centro;-25,219;-49,351;2025-03-05 14:20:00.0;0,00
ITAPERUÇU;411125801A;PR;Centro;-25,219;-49,351;2025-03-05 15:20:00.0;0,00
ITAPERUÇU;411125801A;PR;Centro;-25,219;-49,351;2025-03-05 16:20:00.0;0,00
ITAPERUÇU;411125801A;PR;Centro;-25,219;-49,351;2025-03-05 17:20:00.0;0,00
ITAPERUÇU;411125801A;PR;Centro;-25,219;-49,351;2025-03-05 18:20:00.0;0,00
ITAPERUÇU;411125801A;PR;Centro;-25,219;-49,351;2025-03-05 19:20:00.0;0,00
ITAPERUÇU;411125801A;PR;Centro;-25,219;-49,351;2025-03-05 20:20:00.0;0,00
ITAPERUÇU;411125801A;PR;Centro;-25,219;-49,351;2025-03-05 21:20:00.0;0,00
ITAPERUÇU;411125801A;PR;Centro;-25,219;-49,351;2025-03-05 22:20:00.0;0,00
ITAPERUÇU;411125801A;PR;Centro;-25,219;-49,351;2025-03-05 23:20:00.0;0,00
ITAPERUÇU;411125801A;PR;Centro;-25,219;-49,351;2025-03-06 00:20:00.0;0,00
ITAPERUÇU;411125801A;PR;Centro;-25,219;-49,351;2025-03-06 01:20:00.0;0,00
ITAPERUÇU;411125801A;PR;Centro;-25,219;-49,351;2025-03-06 02:20:00.0;0,00
ITAPERUÇU;411125801A;PR;Centro;-25,219;-49,351;2025-03-06 03:20:00.0;0,00
ITAPERUÇU;411125801A;PR;Centro;-25,219;-49,351;2025-03-06 04:20:00.0;0,00
ITAPERUÇU;411125801A;PR;Centro;-25,219;-49,351;2025-03-06 05:20:00.0;0,00
ITAPERUÇU;411125801A;PR;Centro;-25,219;-49,351;2025-03-06 06:20:00.0;0,00
ITAPERUÇU;411125801A;PR;Centro;-25,219;-49,351;2025-03-06 07:20:00.0;0,00
ITAPERUÇU;411125801A;PR;Centro;-25,219;-49,351;2025-03-06 08:20:00.0;0,00
ITAPERUÇU;411125801A;PR;Centro;-25,219;-49,351;2025-03-06 09:20:00.0;0,00
ITAPERUÇU;411125801A;PR;Centro;-25,219;-49,351;2025-03-06 10:20:00.0;0,00
ITAPERUÇU;411125801A;PR;Centro;-25,219;-49,351;2025-03-06 11:20:00.0;0,00
ITAPERUÇU;411125801A;PR;Centro;-25,219;-49,351;2025-03-06 12:20:00.0;0,00
ITAPERUÇU;411125801A;PR;Centro;-25,219;-49,351;2025-03-06 13:20:00.0;0,00
ITAPERUÇU;411125801A;PR;Centro;-25,219;-49,351;2025-03-06 14:20:00.0;0,00
ITAPERUÇU;411125801A;PR;Centro;-25,219;-49,351;2025-03-06 15:20:00.0;0,00
ITAPERUÇU;411125801A;PR;Centro;-25,219;-49,351;2025-03-06 16:20:00.0;0,00
ITAPERUÇU;411125801A;PR;Centro;-25,219;-49,351;2025-03-06 17:20:00.0;0,00
ITAPERUÇU;411125801A;PR;Centro;-25,219;-49,351;2025-03-06 18:20:00.0;0,00
ITAPERUÇU;411125801A;PR;Centro;-25,219;-49,351;2025-03-06 19:20:00.0;0,00
ITAPERUÇU;411125801A;PR;Centro;-25,219;-49,351;2025-03-06 20:20:00.0;0,00
ITAPERUÇU;411125801A;PR;Centro;-25,219;-49,351;2025-03-06 21:20:00.0;0,00
ITAPERUÇU;411125801A;PR;Centro;-25,219;-49,351;2025-03-06 22:20:00.0;0,00
ITAPERUÇU;411125801A;PR;Centro;-25,219;-49,351;2025-03-06 23:20:00.0;0,00
ITAPERUÇU;411125801A;PR;Centro;-25,219;-49,351;2025-03-07 00:20:00.0;0,00
ITAPERUÇU;411125801A;PR;Centro;-25,219;-49,351;2025-03-07 01:20:00.0;0,00
ITAPERUÇU;411125801A;PR;Centro;-25,219;-49,351;2025-03-07 02:20:00.0;0,00
ITAPERUÇU;411125801A;PR;Centro;-25,219;-49,351;2025-03-07 03:20:00.0;0,00
ITAPERUÇU;411125801A;PR;Centro;-25,219;-49,351;2025-03-07 04:20:00.0;0,00
ITAPERUÇU;411125801A;PR;Centro;-25,219;-49,351;2025-03-07 05:20:00.0;0,00
ITAPERUÇU;411125801A;PR;Centro;-25,219;-49,351;2025-03-07 06:20:00.0;0,00
ITAPERUÇU;411125801A;PR;Centro;-25,219;-49,351;2025-03-07 07:20:00.0;0,00
ITAPERUÇU;411125801A;PR;Centro;-25,219;-49,351;2025-03-07 08:20:00.0;0,00
ITAPERUÇU;411125801A;PR;Centro;-25,219;-49,351;2025-03-07 09:20:00.0;0,00
ITAPERUÇU;411125801A;PR;Centro;-25,219;-49,351;2025-03-07 10:20:00.0;0,00
ITAPERUÇU;411125801A;PR;Centro;-25,219;-49,351;2025-03-07 11:20:00.0;0,00
ITAPERUÇU;411125801A;PR;Centro;-25,219;-49,351;2025-03-07 12:20:00.0;0,00
ITAPERUÇU;411125801A;PR;Centro;-25,219;-49,351;2025-03-07 13:20:00.0;0,00
ITAPERUÇU;411125801A;PR;Centro;-25,219;-49,351;2025-03-07 14:20:00.0;0,00
ITAPERUÇU;411125801A;PR;Centro;-25,219;-49,351;2025-03-07 15:20:00.0;0,00
ITAPERUÇU;411125801A;PR;Centro;-25,219;-49,351;2025-03-07 16:20:00.0;0,00
ITAPERUÇU;411125801A;PR;Centro;-25,219;-49,351;2025-03-07 17:20:00.0;0,00
ITAPERUÇU;411125801A;PR;Centro;-25,219;-49,351;2025-03-07 18:20:00.0;0,00
ITAPERUÇU;411125801A;PR;Centro;-25,219;-49,351;2025-03-07 19:20:00.0;0,00
ITAPERUÇU;411125801A;PR;Centro;-25,219;-49,351;2025-03-07 20:20:00.0;0,00
ITAPERUÇU;411125801A;PR;Centro;-25,219;-49,351;2025-03-07 21:20:00.0;0,00
ITAPERUÇU;411125801A;PR;Centro;-25,219;-49,351;2025-03-07 22:20:00.0;0,00
ITAPERUÇU;411125801A;PR;Centro;-25,219;-49,351;2025-03-07 23:20:00.0;0,00
ITAPERUÇU;411125801A;PR;Centro;-25,219;-49,351;2025-03-08 00:20:00.0;0,00
ITAPERUÇU;411125801A;PR;Centro;-25,219;-49,351;2025-03-08 01:20:00.0;0,00
ITAPERUÇU;411125801A;PR;Centro;-25,219;-49,351;2025-03-08 02:20:00.0;0,00
ITAPERUÇU;411125801A;PR;Centro;-25,219;-49,351;2025-03-08 03:20:00.0;0,00
ITAPERUÇU;411125801A;PR;Centro;-25,219;-49,351;2025-03-08 04:20:00.0;0,00
ITAPERUÇU;411125801A;PR;Centro;-25,219;-49,351;2025-03-08 05:20:00.0;0,00
ITAPERUÇU;411125801A;PR;Centro;-25,219;-49,351;2025-03-08 06:20:00.0;0,00
ITAPERUÇU;411125801A;PR;Centro;-25,219;-49,351;2025-03-08 07:20:00.0;0,00
ITAPERUÇU;411125801A;PR;Centro;-25,219;-49,351;2025-03-08 08:20:00.0;0,00
ITAPERUÇU;411125801A;PR;Centro;-25,219;-49,351;2025-03-08 09:20:00.0;0,00
ITAPERUÇU;411125801A;PR;Centro;-25,219;-49,351;2025-03-08 10:20:00.0;0,00
ITAPERUÇU;411125801A;PR;Centro;-25,219;-49,351;2025-03-08 11:20:00.0;0,00
ITAPERUÇU;411125801A;PR;Centro;-25,219;-49,351;2025-03-08 12:20:00.0;0,00
ITAPERUÇU;411125801A;PR;Centro;-25,219;-49,351;2025-03-08 13:20:00.0;0,00
ITAPERUÇU;411125801A;PR;Centro;-25,219;-49,351;2025-03-08 14:20:00.0;0,00
ITAPERUÇU;411125801A;PR;Centro;-25,219;-49,351;2025-03-08 15:20:00.0;0,00
ITAPERUÇU;411125801A;PR;Centro;-25,219;-49,351;2025-03-08 16:20:00.0;0,00
ITAPERUÇU;411125801A;PR;Centro;-25,219;-49,351;2025-03-08 17:20:00.0;0,00
ITAPERUÇU;411125801A;PR;Centro;-25,219;-49,351;2025-03-08 18:20:00.0;0,00
ITAPERUÇU;411125801A;PR;Centro;-25,219;-49,351;2025-03-08 19:20:00.0;0,00
ITAPERUÇU;411125801A;PR;Centro;-25,219;-49,351;2025-03-08 20:20:00.0;0,00
ITAPERUÇU;411125801A;PR;Centro;-25,219;-49,351;2025-03-08 21:20:00.0;0,00
ITAPERUÇU;411125801A;PR;Centro;-25,219;-49,351;2025-03-08 22:20:00.0;0,00
ITAPERUÇU;411125801A;PR;Centro;-25,219;-49,351;2025-03-08 23:20:00.0;0,00
ITAPERUÇU;411125801A;PR;Centro;-25,219;-49,351;2025-03-09 00:20:00.0;0,00
ITAPERUÇU;411125801A;PR;Centro;-25,219;-49,351;2025-03-09 01:20:00.0;0,00
ITAPERUÇU;411125801A;PR;Centro;-25,219;-49,351;2025-03-09 02:20:00.0;0,00
ITAPERUÇU;411125801A;PR;Centro;-25,219;-49,351;2025-03-09 03:20:00.0;0,00
ITAPERUÇU;411125801A;PR;Centro;-25,219;-49,351;2025-03-09 04:20:00.0;0,00
ITAPERUÇU;411125801A;PR;Centro;-25,219;-49,351;2025-03-09 05:20:00.0;0,00
ITAPERUÇU;411125801A;PR;Centro;-25,219;-49,351;2025-03-09 06:20:00.0;0,00
ITAPERUÇU;411125801A;PR;Centro;-25,219;-49,351;2025-03-09 07:20:00.0;0,00
ITAPERUÇU;411125801A;PR;Centro;-25,219;-49,351;2025-03-09 08:20:00.0;0,00
ITAPERUÇU;411125801A;PR;Centro;-25,219;-49,351;2025-03-09 09:20:00.0;0,00
ITAPERUÇU;411125801A;PR;Centro;-25,219;-49,351;2025-03-09 10:20:00.0;0,00
ITAPERUÇU;411125801A;PR;Centro;-25,219;-49,351;2025-03-09 11:20:00.0;0,00
ITAPERUÇU;411125801A;PR;Centro;-25,219;-49,351;2025-03-09 12:20:00.0;0,00
ITAPERUÇU;411125801A;PR;Centro;-25,219;-49,351;2025-03-09 13:20:00.0;0,00
ITAPERUÇU;411125801A;PR;Centro;-25,219;-49,351;2025-03-09 14:20:00.0;0,00
ITAPERUÇU;411125801A;PR;Centro;-25,219;-49,351;2025-03-09 15:20:00.0;0,00
ITAPERUÇU;411125801A;PR;Centro;-25,219;-49,351;2025-03-09 16:20:00.0;0,00
ITAPERUÇU;411125801A;PR;Centro;-25,219;-49,351;2025-03-09 17:10:00.0;0,79
ITAPERUÇU;411125801A;PR;Centro;-25,219;-49,351;2025-03-09 17:20:00.0;0,39
ITAPERUÇU;411125801A;PR;Centro;-25,219;-49,351;2025-03-09 18:20:00.0;0,00
ITAPERUÇU;411125801A;PR;Centro;-25,219;-49,351;2025-03-09 19:20:00.0;0,00
ITAPERUÇU;411125801A;PR;Centro;-25,219;-49,351;2025-03-09 20:20:00.0;0,00
ITAPERUÇU;411125801A;PR;Centro;-25,219;-49,351;2025-03-09 21:20:00.0;0,00
ITAPERUÇU;411125801A;PR;Centro;-25,219;-49,351;2025-03-09 22:20:00.0;0,00
ITAPERUÇU;411125801A;PR;Centro;-25,219;-49,351;2025-03-09 23:20:00.0;0,00
ITAPERUÇU;411125801A;PR;Centro;-25,219;-49,351;2025-03-10 00:20:00.0;0,00
ITAPERUÇU;411125801A;PR;Centro;-25,219;-49,351;2025-03-10 01:20:00.0;0,00
ITAPERUÇU;411125801A;PR;Centro;-25,219;-49,351;2025-03-10 02:20:00.0;0,00
ITAPERUÇU;411125801A;PR;Centro;-25,219;-49,351;2025-03-10 03:20:00.0;0,00
ITAPERUÇU;411125801A;PR;Centro;-25,219;-49,351;2025-03-10 04:20:00.0;0,00
ITAPERUÇU;411125801A;PR;Centro;-25,219;-49,351;2025-03-10 05:20:00.0;0,00
ITAPERUÇU;411125801A;PR;Centro;-25,219;-49,351;2025-03-10 06:20:00.0;0,00
ITAPERUÇU;411125801A;PR;Centro;-25,219;-49,351;2025-03-10 07:20:00.0;0,00
ITAPERUÇU;411125801A;PR;Centro;-25,219;-49,351;2025-03-10 08:20:00.0;0,00
ITAPERUÇU;411125801A;PR;Centro;-25,219;-49,351;2025-03-10 09:20:00.0;0,00
ITAPERUÇU;411125801A;PR;Centro;-25,219;-49,351;2025-03-10 10:20:00.0;0,00
ITAPERUÇU;411125801A;PR;Centro;-25,219;-49,351;2025-03-10 11:20:00.0;0,00
ITAPERUÇU;411125801A;PR;Centro;-25,219;-49,351;2025-03-10 12:20:00.0;0,00
ITAPERUÇU;411125801A;PR;Centro;-25,219;-49,351;2025-03-10 13:20:00.0;0,00
ITAPERUÇU;411125801A;PR;Centro;-25,219;-49,351;2025-03-10 14:20:00.0;0,00
ITAPERUÇU;411125801A;PR;Centro;-25,219;-49,351;2025-03-10 15:20:00.0;0,00
ITAPERUÇU;411125801A;PR;Centro;-25,219;-49,351;2025-03-10 16:20:00.0;0,00
ITAPERUÇU;411125801A;PR;Centro;-25,219;-49,351;2025-03-10 17:20:00.0;0,00
ITAPERUÇU;411125801A;PR;Centro;-25,219;-49,351;2025-03-10 18:20:00.0;0,00
ITAPERUÇU;411125801A;PR;Centro;-25,219;-49,351;2025-03-10 19:20:00.0;0,00
ITAPERUÇU;411125801A;PR;Centro;-25,219;-49,351;2025-03-10 20:20:00.0;0,39
ITAPERUÇU;411125801A;PR;Centro;-25,219;-49,351;2025-03-10 20:30:00.0;0,79
ITAPERUÇU;411125801A;PR;Centro;-25,219;-49,351;2025-03-10 20:40:00.0;0,39
ITAPERUÇU;411125801A;PR;Centro;-25,219;-49,351;2025-03-10 21:00:00.0;1,18
ITAPERUÇU;411125801A;PR;Centro;-25,219;-49,351;2025-03-10 21:20:00.0;0,00
ITAPERUÇU;411125801A;PR;Centro;-25,219;-49,351;2025-03-10 22:20:00.0;0,00
ITAPERUÇU;411125801A;PR;Centro;-25,219;-49,351;2025-03-10 23:20:00.0;0,00
ITAPERUÇU;411125801A;PR;Centro;-25,219;-49,351;2025-03-11 00:20:00.0;0,00
ITAPERUÇU;411125801A;PR;Centro;-25,219;-49,351;2025-03-11 01:20:00.0;0,00
ITAPERUÇU;411125801A;PR;Centro;-25,219;-49,351;2025-03-11 02:20:00.0;0,00
ITAPERUÇU;411125801A;PR;Centro;-25,219;-49,351;2025-03-11 03:20:00.0;0,00
ITAPERUÇU;411125801A;PR;Centro;-25,219;-49,351;2025-03-11 04:20:00.0;0,00
ITAPERUÇU;411125801A;PR;Centro;-25,219;-49,351;2025-03-11 05:20:00.0;0,00
ITAPERUÇU;411125801A;PR;Centro;-25,219;-49,351;2025-03-11 06:20:00.0;0,00
ITAPERUÇU;411125801A;PR;Centro;-25,219;-49,351;2025-03-11 07:20:00.0;0,00
ITAPERUÇU;411125801A;PR;Centro;-25,219;-49,351;2025-03-11 07:40:00.0;0,20
ITAPERUÇU;411125801A;PR;Centro;-25,219;-49,351;2025-03-11 08:20:00.0;0,00
ITAPERUÇU;411125801A;PR;Centro;-25,219;-49,351;2025-03-11 09:20:00.0;0,00
ITAPERUÇU;411125801A;PR;Centro;-25,219;-49,351;2025-03-11 10:20:00.0;0,00
ITAPERUÇU;411125801A;PR;Centro;-25,219;-49,351;2025-03-11 11:20:00.0;0,00
ITAPERUÇU;411125801A;PR;Centro;-25,219;-49,351;2025-03-11 12:20:00.0;0,00
ITAPERUÇU;411125801A;PR;Centro;-25,219;-49,351;2025-03-11 13:20:00.0;0,00
ITAPERUÇU;411125801A;PR;Centro;-25,219;-49,351;2025-03-11 14:20:00.0;0,00
ITAPERUÇU;411125801A;PR;Centro;-25,219;-49,351;2025-03-11 15:20:00.0;0,00
ITAPERUÇU;411125801A;PR;Centro;-25,219;-49,351;2025-03-11 16:20:00.0;0,00
ITAPERUÇU;411125801A;PR;Centro;-25,219;-49,351;2025-03-11 17:20:00.0;0,00
ITAPERUÇU;411125801A;PR;Centro;-25,219;-49,351;2025-03-11 19:20:00.0;0,00
ITAPERUÇU;411125801A;PR;Centro;-25,219;-49,351;2025-03-11 20:20:00.0;0,00
ITAPERUÇU;411125801A;PR;Centro;-25,219;-49,351;2025-03-11 21:20:00.0;0,20
ITAPERUÇU;411125801A;PR;Centro;-25,219;-49,351;2025-03-11 21:40:00.0;0,59
ITAPERUÇU;411125801A;PR;Centro;-25,219;-49,351;2025-03-11 21:50:00.0;0,98
ITAPERUÇU;411125801A;PR;Centro;-25,219;-49,351;2025-03-11 22:00:00.0;11,59
ITAPERUÇU;411125801A;PR;Centro;-25,219;-49,351;2025-03-11 22:10:00.0;9,57
ITAPERUÇU;411125801A;PR;Centro;-25,219;-49,351;2025-03-11 22:20:00.0;7,30
ITAPERUÇU;411125801A;PR;Centro;-25,219;-49,351;2025-03-11 22:30:00.0;9,75
ITAPERUÇU;411125801A;PR;Centro;-25,219;-49,351;2025-03-11 22:40:00.0;1,18
ITAPERUÇU;411125801A;PR;Centro;-25,219;-49,351;2025-03-11 22:50:00.0;1,37
ITAPERUÇU;411125801A;PR;Centro;-25,219;-49,351;2025-03-11 23:00:00.0;1,18
ITAPERUÇU;411125801A;PR;Centro;-25,219;-49,351;2025-03-11 23:10:00.0;0,20
ITAPERUÇU;411125801A;PR;Centro;-25,219;-49,351;2025-03-11 23:20:00.0;0,59
ITAPERUÇU;411125801A;PR;Centro;-25,219;-49,351;2025-03-11 23:30:00.0;0,39
ITAPERUÇU;411125801A;PR;Centro;-25,219;-49,351;2025-03-11 23:40:00.0;0,20
ITAPERUÇU;411125801A;PR;Centro;-25,219;-49,351;2025-03-11 23:50:00.0;0,39
ITAPERUÇU;411125801A;PR;Centro;-25,219;-49,351;2025-03-12 00:00:00.0;0,79
ITAPERUÇU;411125801A;PR;Centro;-25,219;-49,351;2025-03-12 00:10:00.0;0,39
ITAPERUÇU;411125801A;PR;Centro;-25,219;-49,351;2025-03-12 00:20:00.0;0,00
ITAPERUÇU;411125801A;PR;Centro;-25,219;-49,351;2025-03-12 00:30:00.0;0,20
ITAPERUÇU;411125801A;PR;Centro;-25,219;-49,351;2025-03-12 00:40:00.0;0,20
ITAPERUÇU;411125801A;PR;Centro;-25,219;-49,351;2025-03-12 01:20:00.0;0,00
ITAPERUÇU;411125801A;PR;Centro;-25,219;-49,351;2025-03-12 02:20:00.0;0,00
ITAPERUÇU;411125801A;PR;Centro;-25,219;-49,351;2025-03-12 03:20:00.0;0,00
ITAPERUÇU;411125801A;PR;Centro;-25,219;-49,351;2025-03-12 04:20:00.0;0,00
ITAPERUÇU;411125801A;PR;Centro;-25,219;-49,351;2025-03-12 05:20:00.0;0,00
ITAPERUÇU;411125801A;PR;Centro;-25,219;-49,351;2025-03-12 06:20:00.0;0,00
ITAPERUÇU;411125801A;PR;Centro;-25,219;-49,351;2025-03-12 07:20:00.0;0,00
ITAPERUÇU;411125801A;PR;Centro;-25,219;-49,351;2025-03-12 08:00:00.0;0,20
ITAPERUÇU;411125801A;PR;Centro;-25,219;-49,351;2025-03-12 08:20:00.0;0,00
ITAPERUÇU;411125801A;PR;Centro;-25,219;-49,351;2025-03-12 09:20:00.0;0,00
ITAPERUÇU;411125801A;PR;Centro;-25,219;-49,351;2025-03-12 10:00:00.0;0,20
ITAPERUÇU;411125801A;PR;Centro;-25,219;-49,351;2025-03-12 10:20:00.0;0,00
ITAPERUÇU;411125801A;PR;Centro;-25,219;-49,351;2025-03-12 11:20:00.0;0,00
ITAPERUÇU;411125801A;PR;Centro;-25,219;-49,351;2025-03-12 12:20:00.0;0,00
ITAPERUÇU;411125801A;PR;Centro;-25,219;-49,351;2025-03-12 13:20:00.0;0,00
ITAPERUÇU;411125801A;PR;Centro;-25,219;-49,351;2025-03-12 14:20:00.0;0,00
ITAPERUÇU;411125801A;PR;Centro;-25,219;-49,351;2025-03-12 15:20:00.0;0,00
ITAPERUÇU;411125801A;PR;Centro;-25,219;-49,351;2025-03-12 16:20:00.0;0,00
ITAPERUÇU;411125801A;PR;Centro;-25,219;-49,351;2025-03-12 17:20:00.0;0,00
ITAPERUÇU;411125801A;PR;Centro;-25,219;-49,351;2025-03-12 18:20:00.0;0,00
ITAPERUÇU;411125801A;PR;Centro;-25,219;-49,351;2025-03-12 19:20:00.0;0,00
ITAPERUÇU;411125801A;PR;Centro;-25,219;-49,351;2025-03-12 20:20:00.0;0,00
ITAPERUÇU;411125801A;PR;Centro;-25,219;-49,351;2025-03-12 21:20:00.0;0,00
ITAPERUÇU;411125801A;PR;Centro;-25,219;-49,351;2025-03-12 22:00:00.0;0,20
ITAPERUÇU;411125801A;PR;Centro;-25,219;-49,351;2025-03-12 22:20:00.0;0,20
ITAPERUÇU;411125801A;PR;Centro;-25,219;-49,351;2025-03-12 22:30:00.0;0,98
ITAPERUÇU;411125801A;PR;Centro;-25,219;-49,351;2025-03-12 22:40:00.0;2,16
ITAPERUÇU;411125801A;PR;Centro;-25,219;-49,351;2025-03-12 22:50:00.0;2,36
ITAPERUÇU;411125801A;PR;Centro;-25,219;-49,351;2025-03-12 23:00:00.0;1,77
ITAPERUÇU;411125801A;PR;Centro;-25,219;-49,351;2025-03-12 23:10:00.0;0,79
ITAPERUÇU;411125801A;PR;Centro;-25,219;-49,351;2025-03-12 23:20:00.0;2,36
ITAPERUÇU;411125801A;PR;Centro;-25,219;-49,351;2025-03-12 23:50:00.0;0,20
ITAPERUÇU;411125801A;PR;Centro;-25,219;-49,351;2025-03-13 00:00:00.0;0,20
ITAPERUÇU;411125801A;PR;Centro;-25,219;-49,351;2025-03-13 00:20:00.0;0,00
ITAPERUÇU;411125801A;PR;Centro;-25,219;-49,351;2025-03-13 00:30:00.0;0,20
ITAPERUÇU;411125801A;PR;Centro;-25,219;-49,351;2025-03-13 01:20:00.0;0,00
ITAPERUÇU;411125801A;PR;Centro;-25,219;-49,351;2025-03-13 02:10:00.0;0,20
ITAPERUÇU;411125801A;PR;Centro;-25,219;-49,351;2025-03-13 02:20:00.0;0,00
ITAPERUÇU;411125801A;PR;Centro;-25,219;-49,351;2025-03-13 03:20:00.0;0,00
ITAPERUÇU;411125801A;PR;Centro;-25,219;-49,351;2025-03-13 04:20:00.0;0,00
ITAPERUÇU;411125801A;PR;Centro;-25,219;-49,351;2025-03-13 04:40:00.0;0,20
ITAPERUÇU;411125801A;PR;Centro;-25,219;-49,351;2025-03-13 05:20:00.0;0,20
ITAPERUÇU;411125801A;PR;Centro;-25,219;-49,351;2025-03-13 05:40:00.0;0,20
ITAPERUÇU;411125801A;PR;Centro;-25,219;-49,351;2025-03-13 06:10:00.0;0,20
ITAPERUÇU;411125801A;PR;Centro;-25,219;-49,351;2025-03-13 06:20:00.0;0,20
ITAPERUÇU;411125801A;PR;Centro;-25,219;-49,351;2025-03-13 06:30:00.0;0,42
ITAPERUÇU;411125801A;PR;Centro;-25,219;-49,351;2025-03-13 07:00:00.0;0,20
ITAPERUÇU;411125801A;PR;Centro;-25,219;-49,351;2025-03-13 07:10:00.0;0,20
ITAPERUÇU;411125801A;PR;Centro;-25,219;-49,351;2025-03-13 07:20:00.0;0,39
ITAPERUÇU;411125801A;PR;Centro;-25,219;-49,351;2025-03-13 07:30:00.0;0,39
ITAPERUÇU;411125801A;PR;Centro;-25,219;-49,351;2025-03-13 07:40:00.0;0,79
ITAPERUÇU;411125801A;PR;Centro;-25,219;-49,351;2025-03-13 07:50:00.0;0,59
ITAPERUÇU;411125801A;PR;Centro;-25,219;-49,351;2025-03-13 08:00:00.0;0,59
ITAPERUÇU;411125801A;PR;Centro;-25,219;-49,351;2025-03-13 08:10:00.0;1,18
ITAPERUÇU;411125801A;PR;Centro;-25,219;-49,351;2025-03-13 08:20:00.0;0,39
ITAPERUÇU;411125801A;PR;Centro;-25,219;-49,351;2025-03-13 08:30:00.0;0,42
ITAPERUÇU;411125801A;PR;Centro;-25,219;-49,351;2025-03-13 08:40:00.0;0,20
ITAPERUÇU;411125801A;PR;Centro;-25,219;-49,351;2025-03-13 08:50:00.0;0,20
ITAPERUÇU;411125801A;PR;Centro;-25,219;-49,351;2025-03-13 09:10:00.0;0,20
ITAPERUÇU;411125801A;PR;Centro;-25,219;-49,351;2025-03-13 09:20:00.0;0,00
ITAPERUÇU;411125801A;PR;Centro;-25,219;-49,351;2025-03-13 10:20:00.0;0,00
ITAPERUÇU;411125801A;PR;Centro;-25,219;-49,351;2025-03-13 11:20:00.0;0,00
ITAPERUÇU;411125801A;PR;Centro;-25,219;-49,351;2025-03-13 12:20:00.0;0,00
ITAPERUÇU;411125801A;PR;Centro;-25,219;-49,351;2025-03-13 13:20:00.0;0,00
ITAPERUÇU;411125801A;PR;Centro;-25,219;-49,351;2025-03-13 14:20:00.0;0,00
ITAPERUÇU;411125801A;PR;Centro;-25,219;-49,351;2025-03-13 15:20:00.0;0,00
ITAPERUÇU;411125801A;PR;Centro;-25,219;-49,351;2025-03-13 16:20:00.0;0,00
ITAPERUÇU;411125801A;PR;Centro;-25,219;-49,351;2025-03-13 17:20:00.0;0,00
ITAPERUÇU;411125801A;PR;Centro;-25,219;-49,351;2025-03-13 18:20:00.0;0,00
ITAPERUÇU;411125801A;PR;Centro;-25,219;-49,351;2025-03-13 19:20:00.0;0,00
ITAPERUÇU;411125801A;PR;Centro;-25,219;-49,351;2025-03-13 20:20:00.0;0,00
ITAPERUÇU;411125801A;PR;Centro;-25,219;-49,351;2025-03-13 21:20:00.0;0,00
ITAPERUÇU;411125801A;PR;Centro;-25,219;-49,351;2025-03-13 22:20:00.0;0,00
ITAPERUÇU;411125801A;PR;Centro;-25,219;-49,351;2025-03-13 23:20:00.0;0,00
ITAPERUÇU;411125801A;PR;Centro;-25,219;-49,351;2025-03-14 00:10:00.0;0,39
ITAPERUÇU;411125801A;PR;Centro;-25,219;-49,351;2025-03-14 00:20:00.0;0,98
ITAPERUÇU;411125801A;PR;Centro;-25,219;-49,351;2025-03-14 00:40:00.0;0,39
ITAPERUÇU;411125801A;PR;Centro;-25,219;-49,351;2025-03-14 00:50:00.0;0,59
ITAPERUÇU;411125801A;PR;Centro;-25,219;-49,351;2025-03-14 01:00:00.0;0,39
ITAPERUÇU;411125801A;PR;Centro;-25,219;-49,351;2025-03-14 01:10:00.0;0,59
ITAPERUÇU;411125801A;PR;Centro;-25,219;-49,351;2025-03-14 01:20:00.0;0,20
ITAPERUÇU;411125801A;PR;Centro;-25,219;-49,351;2025-03-14 01:30:00.0;0,59
ITAPERUÇU;411125801A;PR;Centro;-25,219;-49,351;2025-03-14 01:40:00.0;0,39
ITAPERUÇU;411125801A;PR;Centro;-25,219;-49,351;2025-03-14 01:50:00.0;0,39
ITAPERUÇU;411125801A;PR;Centro;-25,219;-49,351;2025-03-14 02:00:00.0;0,20
ITAPERUÇU;411125801A;PR;Centro;-25,219;-49,351;2025-03-14 02:10:00.0;0,20
ITAPERUÇU;411125801A;PR;Centro;-25,219;-49,351;2025-03-14 02:20:00.0;0,00
ITAPERUÇU;411125801A;PR;Centro;-25,219;-49,351;2025-03-14 03:20:00.0;0,00
ITAPERUÇU;411125801A;PR;Centro;-25,219;-49,351;2025-03-14 04:20:00.0;0,00
ITAPERUÇU;411125801A;PR;Centro;-25,219;-49,351;2025-03-14 05:20:00.0;0,00
ITAPERUÇU;411125801A;PR;Centro;-25,219;-49,351;2025-03-14 06:20:00.0;0,00
ITAPERUÇU;411125801A;PR;Centro;-25,219;-49,351;2025-03-14 07:20:00.0;0,00
ITAPERUÇU;411125801A;PR;Centro;-25,219;-49,351;2025-03-14 08:20:00.0;0,00
ITAPERUÇU;411125801A;PR;Centro;-25,219;-49,351;2025-03-14 09:20:00.0;0,00
ITAPERUÇU;411125801A;PR;Centro;-25,219;-49,351;2025-03-14 10:20:00.0;0,00
ITAPERUÇU;411125801A;PR;Centro;-25,219;-49,351;2025-03-14 12:20:00.0;0,00
ITAPERUÇU;411125801A;PR;Centro;-25,219;-49,351;2025-03-14 13:20:00.0;0,00
ITAPERUÇU;411125801A;PR;Centro;-25,219;-49,351;2025-03-14 14:20:00.0;0,00
ITAPERUÇU;411125801A;PR;Centro;-25,219;-49,351;2025-03-14 15:20:00.0;0,00
ITAPERUÇU;411125801A;PR;Centro;-25,219;-49,351;2025-03-14 16:20:00.0;0,00
ITAPERUÇU;411125801A;PR;Centro;-25,219;-49,351;2025-03-14 17:20:00.0;0,00
ITAPERUÇU;411125801A;PR;Centro;-25,219;-49,351;2025-03-14 18:20:00.0;0,00
ITAPERUÇU;411125801A;PR;Centro;-25,219;-49,351;2025-03-14 19:20:00.0;0,00
ITAPERUÇU;411125801A;PR;Centro;-25,219;-49,351;2025-03-14 20:20:00.0;0,00
ITAPERUÇU;411125801A;PR;Centro;-25,219;-49,351;2025-03-14 21:20:00.0;0,00
ITAPERUÇU;411125801A;PR;Centro;-25,219;-49,351;2025-03-14 22:20:00.0;0,00
ITAPERUÇU;411125801A;PR;Centro;-25,219;-49,351;2025-03-14 23:20:00.0;0,00
ITAPERUÇU;411125801A;PR;Centro;-25,219;-49,351;2025-03-15 00:20:00.0;0,00
ITAPERUÇU;411125801A;PR;Centro;-25,219;-49,351;2025-03-15 01:20:00.0;0,00
ITAPERUÇU;411125801A;PR;Centro;-25,219;-49,351;2025-03-15 02:20:00.0;0,00
ITAPERUÇU;411125801A;PR;Centro;-25,219;-49,351;2025-03-15 03:20:00.0;0,00
ITAPERUÇU;411125801A;PR;Centro;-25,219;-49,351;2025-03-15 04:20:00.0;0,00
ITAPERUÇU;411125801A;PR;Centro;-25,219;-49,351;2025-03-15 05:20:00.0;0,00
ITAPERUÇU;411125801A;PR;Centro;-25,219;-49,351;2025-03-15 06:20:00.0;0,00
ITAPERUÇU;411125801A;PR;Centro;-25,219;-49,351;2025-03-15 07:20:00.0;0,00
ITAPERUÇU;411125801A;PR;Centro;-25,219;-49,351;2025-03-15 08:20:00.0;0,00
ITAPERUÇU;411125801A;PR;Centro;-25,219;-49,351;2025-03-15 09:20:00.0;0,00
ITAPERUÇU;411125801A;PR;Centro;-25,219;-49,351;2025-03-15 10:20:00.0;0,00
ITAPERUÇU;411125801A;PR;Centro;-25,219;-49,351;2025-03-15 11:20:00.0;0,00
ITAPERUÇU;411125801A;PR;Centro;-25,219;-49,351;2025-03-15 12:20:00.0;0,00
ITAPERUÇU;411125801A;PR;Centro;-25,219;-49,351;2025-03-15 13:20:00.0;0,00
ITAPERUÇU;411125801A;PR;Centro;-25,219;-49,351;2025-03-15 14:20:00.0;0,00
ITAPERUÇU;411125801A;PR;Centro;-25,219;-49,351;2025-03-15 15:20:00.0;0,00
ITAPERUÇU;411125801A;PR;Centro;-25,219;-49,351;2025-03-15 16:20:00.0;0,00
ITAPERUÇU;411125801A;PR;Centro;-25,219;-49,351;2025-03-15 17:20:00.0;0,00
ITAPERUÇU;411125801A;PR;Centro;-25,219;-49,351;2025-03-15 18:20:00.0;0,00
ITAPERUÇU;411125801A;PR;Centro;-25,219;-49,351;2025-03-15 19:20:00.0;0,00
ITAPERUÇU;411125801A;PR;Centro;-25,219;-49,351;2025-03-15 20:20:00.0;0,00
ITAPERUÇU;411125801A;PR;Centro;-25,219;-49,351;2025-03-15 21:20:00.0;0,00
ITAPERUÇU;411125801A;PR;Centro;-25,219;-49,351;2025-03-15 22:20:00.0;0,00
ITAPERUÇU;411125801A;PR;Centro;-25,219;-49,351;2025-03-15 23:20:00.0;0,00
ITAPERUÇU;411125801A;PR;Centro;-25,219;-49,351;2025-03-16 00:20:00.0;0,00
ITAPERUÇU;411125801A;PR;Centro;-25,219;-49,351;2025-03-16 01:20:00.0;0,00
ITAPERUÇU;411125801A;PR;Centro;-25,219;-49,351;2025-03-16 02:20:00.0;0,00
ITAPERUÇU;411125801A;PR;Centro;-25,219;-49,351;2025-03-16 03:20:00.0;0,00
ITAPERUÇU;411125801A;PR;Centro;-25,219;-49,351;2025-03-16 05:20:00.0;0,00
ITAPERUÇU;411125801A;PR;Centro;-25,219;-49,351;2025-03-16 06:20:00.0;0,00
ITAPERUÇU;411125801A;PR;Centro;-25,219;-49,351;2025-03-16 07:20:00.0;0,00
ITAPERUÇU;411125801A;PR;Centro;-25,219;-49,351;2025-03-16 08:20:00.0;0,00
ITAPERUÇU;411125801A;PR;Centro;-25,219;-49,351;2025-03-16 09:20:00.0;0,00
ITAPERUÇU;411125801A;PR;Centro;-25,219;-49,351;2025-03-16 11:20:00.0;0,00
ITAPERUÇU;411125801A;PR;Centro;-25,219;-49,351;2025-03-16 12:20:00.0;0,00
ITAPERUÇU;411125801A;PR;Centro;-25,219;-49,351;2025-03-16 13:20:00.0;0,00
ITAPERUÇU;411125801A;PR;Centro;-25,219;-49,351;2025-03-16 14:20:00.0;0,00
ITAPERUÇU;411125801A;PR;Centro;-25,219;-49,351;2025-03-16 15:20:00.0;0,00
ITAPERUÇU;411125801A;PR;Centro;-25,219;-49,351;2025-03-16 16:20:00.0;0,00
ITAPERUÇU;411125801A;PR;Centro;-25,219;-49,351;2025-03-16 17:20:00.0;0,00
ITAPERUÇU;411125801A;PR;Centro;-25,219;-49,351;2025-03-16 18:20:00.0;0,00
ITAPERUÇU;411125801A;PR;Centro;-25,219;-49,351;2025-03-16 19:20:00.0;0,00
ITAPERUÇU;411125801A;PR;Centro;-25,219;-49,351;2025-03-16 21:20:00.0;0,00
ITAPERUÇU;411125801A;PR;Centro;-25,219;-49,351;2025-03-16 22:20:00.0;0,00
ITAPERUÇU;411125801A;PR;Centro;-25,219;-49,351;2025-03-16 23:20:00.0;0,00
ITAPERUÇU;411125801A;PR;Centro;-25,219;-49,351;2025-03-17 00:20:00.0;0,00
ITAPERUÇU;411125801A;PR;Centro;-25,219;-49,351;2025-03-17 01:20:00.0;0,00
ITAPERUÇU;411125801A;PR;Centro;-25,219;-49,351;2025-03-17 02:20:00.0;0,00
ITAPERUÇU;411125801A;PR;Centro;-25,219;-49,351;2025-03-17 03:20:00.0;0,00
ITAPERUÇU;411125801A;PR;Centro;-25,219;-49,351;2025-03-17 04:20:00.0;0,00
ITAPERUÇU;411125801A;PR;Centro;-25,219;-49,351;2025-03-17 05:20:00.0;0,00
ITAPERUÇU;411125801A;PR;Centro;-25,219;-49,351;2025-03-17 06:20:00.0;0,00
ITAPERUÇU;411125801A;PR;Centro;-25,219;-49,351;2025-03-17 07:20:00.0;0,00
ITAPERUÇU;411125801A;PR;Centro;-25,219;-49,351;2025-03-17 08:20:00.0;0,00
ITAPERUÇU;411125801A;PR;Centro;-25,219;-49,351;2025-03-17 09:20:00.0;0,00
ITAPERUÇU;411125801A;PR;Centro;-25,219;-49,351;2025-03-17 10:20:00.0;0,00
ITAPERUÇU;411125801A;PR;Centro;-25,219;-49,351;2025-03-17 11:20:00.0;0,00
ITAPERUÇU;411125801A;PR;Centro;-25,219;-49,351;2025-03-17 12:20:00.0;0,00
ITAPERUÇU;411125801A;PR;Centro;-25,219;-49,351;2025-03-17 13:20:00.0;0,00
ITAPERUÇU;411125801A;PR;Centro;-25,219;-49,351;2025-03-17 14:20:00.0;0,00
ITAPERUÇU;411125801A;PR;Centro;-25,219;-49,351;2025-03-17 15:20:00.0;0,00
ITAPERUÇU;411125801A;PR;Centro;-25,219;-49,351;2025-03-17 16:20:00.0;0,00
ITAPERUÇU;411125801A;PR;Centro;-25,219;-49,351;2025-03-17 17:20:00.0;0,00
ITAPERUÇU;411125801A;PR;Centro;-25,219;-49,351;2025-03-17 18:20:00.0;0,00
ITAPERUÇU;411125801A;PR;Centro;-25,219;-49,351;2025-03-17 19:20:00.0;0,00
ITAPERUÇU;411125801A;PR;Centro;-25,219;-49,351;2025-03-17 20:20:00.0;0,00
ITAPERUÇU;411125801A;PR;Centro;-25,219;-49,351;2025-03-17 21:20:00.0;0,00
ITAPERUÇU;411125801A;PR;Centro;-25,219;-49,351;2025-03-17 22:20:00.0;0,00
ITAPERUÇU;411125801A;PR;Centro;-25,219;-49,351;2025-03-17 23:20:00.0;0,00
ITAPERUÇU;411125801A;PR;Centro;-25,219;-49,351;2025-03-18 00:20:00.0;0,00
ITAPERUÇU;411125801A;PR;Centro;-25,219;-49,351;2025-03-18 01:20:00.0;0,00
ITAPERUÇU;411125801A;PR;Centro;-25,219;-49,351;2025-03-18 02:20:00.0;0,00
ITAPERUÇU;411125801A;PR;Centro;-25,219;-49,351;2025-03-18 03:20:00.0;0,00
ITAPERUÇU;411125801A;PR;Centro;-25,219;-49,351;2025-03-18 04:20:00.0;0,00
ITAPERUÇU;411125801A;PR;Centro;-25,219;-49,351;2025-03-18 05:20:00.0;0,00
ITAPERUÇU;411125801A;PR;Centro;-25,219;-49,351;2025-03-18 06:20:00.0;0,00
ITAPERUÇU;411125801A;PR;Centro;-25,219;-49,351;2025-03-18 07:20:00.0;0,00
ITAPERUÇU;411125801A;PR;Centro;-25,219;-49,351;2025-03-18 08:20:00.0;0,00
ITAPERUÇU;411125801A;PR;Centro;-25,219;-49,351;2025-03-18 09:20:00.0;0,00
ITAPERUÇU;411125801A;PR;Centro;-25,219;-49,351;2025-03-18 10:20:00.0;0,00
ITAPERUÇU;411125801A;PR;Centro;-25,219;-49,351;2025-03-18 11:20:00.0;0,00
ITAPERUÇU;411125801A;PR;Centro;-25,219;-49,351;2025-03-18 12:20:00.0;0,00
ITAPERUÇU;411125801A;PR;Centro;-25,219;-49,351;2025-03-18 13:20:00.0;0,00
ITAPERUÇU;411125801A;PR;Centro;-25,219;-49,351;2025-03-18 14:20:00.0;0,00
ITAPERUÇU;411125801A;PR;Centro;-25,219;-49,351;2025-03-18 15:20:00.0;0,00
ITAPERUÇU;411125801A;PR;Centro;-25,219;-49,351;2025-03-18 16:20:00.0;0,00
ITAPERUÇU;411125801A;PR;Centro;-25,219;-49,351;2025-03-18 17:20:00.0;0,00
ITAPERUÇU;411125801A;PR;Centro;-25,219;-49,351;2025-03-18 18:20:00.0;0,00
ITAPERUÇU;411125801A;PR;Centro;-25,219;-49,351;2025-03-18 19:20:00.0;0,00
ITAPERUÇU;411125801A;PR;Centro;-25,219;-49,351;2025-03-18 20:20:00.0;0,00
ITAPERUÇU;411125801A;PR;Centro;-25,219;-49,351;2025-03-18 21:20:00.0;0,00
ITAPERUÇU;411125801A;PR;Centro;-25,219;-49,351;2025-03-18 22:20:00.0;0,00
ITAPERUÇU;411125801A;PR;Centro;-25,219;-49,351;2025-03-18 23:20:00.0;0,00
ITAPERUÇU;411125801A;PR;Centro;-25,219;-49,351;2025-03-19 00:20:00.0;0,00
ITAPERUÇU;411125801A;PR;Centro;-25,219;-49,351;2025-03-19 01:20:00.0;0,00
ITAPERUÇU;411125801A;PR;Centro;-25,219;-49,351;2025-03-19 02:20:00.0;0,00
ITAPERUÇU;411125801A;PR;Centro;-25,219;-49,351;2025-03-19 03:20:00.0;0,00
ITAPERUÇU;411125801A;PR;Centro;-25,219;-49,351;2025-03-19 04:20:00.0;0,00
ITAPERUÇU;411125801A;PR;Centro;-25,219;-49,351;2025-03-19 05:20:00.0;0,00
ITAPERUÇU;411125801A;PR;Centro;-25,219;-49,351;2025-03-19 06:20:00.0;0,00
ITAPERUÇU;411125801A;PR;Centro;-25,219;-49,351;2025-03-19 07:20:00.0;0,00
ITAPERUÇU;411125801A;PR;Centro;-25,219;-49,351;2025-03-19 08:20:00.0;0,00
ITAPERUÇU;411125801A;PR;Centro;-25,219;-49,351;2025-03-19 09:20:00.0;0,00
ITAPERUÇU;411125801A;PR;Centro;-25,219;-49,351;2025-03-19 10:20:00.0;0,00
ITAPERUÇU;411125801A;PR;Centro;-25,219;-49,351;2025-03-19 11:20:00.0;0,00
ITAPERUÇU;411125801A;PR;Centro;-25,219;-49,351;2025-03-19 12:20:00.0;0,00
ITAPERUÇU;411125801A;PR;Centro;-25,219;-49,351;2025-03-19 13:20:00.0;0,00
ITAPERUÇU;411125801A;PR;Centro;-25,219;-49,351;2025-03-19 13:30:00.0;0,20
ITAPERUÇU;411125801A;PR;Centro;-25,219;-49,351;2025-03-19 14:20:00.0;0,00
ITAPERUÇU;411125801A;PR;Centro;-25,219;-49,351;2025-03-19 15:20:00.0;0,00
ITAPERUÇU;411125801A;PR;Centro;-25,219;-49,351;2025-03-19 16:20:00.0;0,00
ITAPERUÇU;411125801A;PR;Centro;-25,219;-49,351;2025-03-19 17:20:00.0;0,00
ITAPERUÇU;411125801A;PR;Centro;-25,219;-49,351;2025-03-19 18:20:00.0;0,00
ITAPERUÇU;411125801A;PR;Centro;-25,219;-49,351;2025-03-19 19:20:00.0;0,00
ITAPERUÇU;411125801A;PR;Centro;-25,219;-49,351;2025-03-19 20:20:00.0;0,00
ITAPERUÇU;411125801A;PR;Centro;-25,219;-49,351;2025-03-19 21:20:00.0;0,00
ITAPERUÇU;411125801A;PR;Centro;-25,219;-49,351;2025-03-19 22:20:00.0;0,00
ITAPERUÇU;411125801A;PR;Centro;-25,219;-49,351;2025-03-19 23:20:00.0;0,00
ITAPERUÇU;411125801A;PR;Centro;-25,219;-49,351;2025-03-20 00:20:00.0;0,00
ITAPERUÇU;411125801A;PR;Centro;-25,219;-49,351;2025-03-20 01:20:00.0;0,00
ITAPERUÇU;411125801A;PR;Centro;-25,219;-49,351;2025-03-20 02:20:00.0;0,00
ITAPERUÇU;411125801A;PR;Centro;-25,219;-49,351;2025-03-20 03:20:00.0;0,00
ITAPERUÇU;411125801A;PR;Centro;-25,219;-49,351;2025-03-20 04:20:00.0;0,00
ITAPERUÇU;411125801A;PR;Centro;-25,219;-49,351;2025-03-20 05:20:00.0;0,00
ITAPERUÇU;411125801A;PR;Centro;-25,219;-49,351;2025-03-20 06:20:00.0;0,00
ITAPERUÇU;411125801A;PR;Centro;-25,219;-49,351;2025-03-20 07:20:00.0;0,00
ITAPERUÇU;411125801A;PR;Centro;-25,219;-49,351;2025-03-20 08:20:00.0;0,00
ITAPERUÇU;411125801A;PR;Centro;-25,219;-49,351;2025-03-20 09:20:00.0;0,00
ITAPERUÇU;411125801A;PR;Centro;-25,219;-49,351;2025-03-20 10:20:00.0;0,00
ITAPERUÇU;411125801A;PR;Centro;-25,219;-49,351;2025-03-20 11:20:00.0;0,00
ITAPERUÇU;411125801A;PR;Centro;-25,219;-49,351;2025-03-20 12:20:00.0;0,00
ITAPERUÇU;411125801A;PR;Centro;-25,219;-49,351;2025-03-20 13:20:00.0;0,00
ITAPERUÇU;411125801A;PR;Centro;-25,219;-49,351;2025-03-20 14:20:00.0;0,00
ITAPERUÇU;411125801A;PR;Centro;-25,219;-49,351;2025-03-20 15:20:00.0;0,00
ITAPERUÇU;411125801A;PR;Centro;-25,219;-49,351;2025-03-20 16:20:00.0;0,00
ITAPERUÇU;411125801A;PR;Centro;-25,219;-49,351;2025-03-20 17:20:00.0;0,00
ITAPERUÇU;411125801A;PR;Centro;-25,219;-49,351;2025-03-20 18:20:00.0;0,00
ITAPERUÇU;411125801A;PR;Centro;-25,219;-49,351;2025-03-20 19:20:00.0;0,00
ITAPERUÇU;411125801A;PR;Centro;-25,219;-49,351;2025-03-20 20:20:00.0;0,00
ITAPERUÇU;411125801A;PR;Centro;-25,219;-49,351;2025-03-20 21:20:00.0;0,00
ITAPERUÇU;411125801A;PR;Centro;-25,219;-49,351;2025-03-20 22:20:00.0;0,00
ITAPERUÇU;411125801A;PR;Centro;-25,219;-49,351;2025-03-20 23:20:00.0;0,00
ITAPERUÇU;411125801A;PR;Centro;-25,219;-49,351;2025-03-21 00:20:00.0;0,00
ITAPERUÇU;411125801A;PR;Centro;-25,219;-49,351;2025-03-21 01:20:00.0;0,00
ITAPERUÇU;411125801A;PR;Centro;-25,219;-49,351;2025-03-21 02:20:00.0;0,00
ITAPERUÇU;411125801A;PR;Centro;-25,219;-49,351;2025-03-21 03:20:00.0;0,00
ITAPERUÇU;411125801A;PR;Centro;-25,219;-49,351;2025-03-21 04:20:00.0;0,00
ITAPERUÇU;411125801A;PR;Centro;-25,219;-49,351;2025-03-21 05:20:00.0;0,00
ITAPERUÇU;411125801A;PR;Centro;-25,219;-49,351;2025-03-21 06:20:00.0;0,00
ITAPERUÇU;411125801A;PR;Centro;-25,219;-49,351;2025-03-21 07:20:00.0;0,00
ITAPERUÇU;411125801A;PR;Centro;-25,219;-49,351;2025-03-21 08:20:00.0;0,00
ITAPERUÇU;411125801A;PR;Centro;-25,219;-49,351;2025-03-21 09:20:00.0;0,00
ITAPERUÇU;411125801A;PR;Centro;-25,219;-49,351;2025-03-21 10:20:00.0;0,00
ITAPERUÇU;411125801A;PR;Centro;-25,219;-49,351;2025-03-21 11:20:00.0;0,00
ITAPERUÇU;411125801A;PR;Centro;-25,219;-49,351;2025-03-21 12:20:00.0;0,00
ITAPERUÇU;411125801A;PR;Centro;-25,219;-49,351;2025-03-21 13:20:00.0;0,00
ITAPERUÇU;411125801A;PR;Centro;-25,219;-49,351;2025-03-21 14:20:00.0;0,00
ITAPERUÇU;411125801A;PR;Centro;-25,219;-49,351;2025-03-21 15:20:00.0;0,00
ITAPERUÇU;411125801A;PR;Centro;-25,219;-49,351;2025-03-21 16:20:00.0;0,00
ITAPERUÇU;411125801A;PR;Centro;-25,219;-49,351;2025-03-21 17:20:00.0;0,00
ITAPERUÇU;411125801A;PR;Centro;-25,219;-49,351;2025-03-21 18:20:00.0;0,00
ITAPERUÇU;411125801A;PR;Centro;-25,219;-49,351;2025-03-21 19:20:00.0;0,00
ITAPERUÇU;411125801A;PR;Centro;-25,219;-49,351;2025-03-21 20:20:00.0;0,00
ITAPERUÇU;411125801A;PR;Centro;-25,219;-49,351;2025-03-21 21:20:00.0;0,00
ITAPERUÇU;411125801A;PR;Centro;-25,219;-49,351;2025-03-21 22:20:00.0;0,00
ITAPERUÇU;411125801A;PR;Centro;-25,219;-49,351;2025-03-21 23:20:00.0;0,00
ITAPERUÇU;411125801A;PR;Centro;-25,219;-49,351;2025-03-22 00:20:00.0;0,00
ITAPERUÇU;411125801A;PR;Centro;-25,219;-49,351;2025-03-22 01:20:00.0;0,00
ITAPERUÇU;411125801A;PR;Centro;-25,219;-49,351;2025-03-22 02:20:00.0;0,00
ITAPERUÇU;411125801A;PR;Centro;-25,219;-49,351;2025-03-22 03:20:00.0;0,00
ITAPERUÇU;411125801A;PR;Centro;-25,219;-49,351;2025-03-22 04:20:00.0;0,00
ITAPERUÇU;411125801A;PR;Centro;-25,219;-49,351;2025-03-22 05:20:00.0;0,00
ITAPERUÇU;411125801A;PR;Centro;-25,219;-49,351;2025-03-22 06:20:00.0;0,00
ITAPERUÇU;411125801A;PR;Centro;-25,219;-49,351;2025-03-22 07:20:00.0;0,00
ITAPERUÇU;411125801A;PR;Centro;-25,219;-49,351;2025-03-22 08:20:00.0;0,00
ITAPERUÇU;411125801A;PR;Centro;-25,219;-49,351;2025-03-22 09:20:00.0;0,00
ITAPERUÇU;411125801A;PR;Centro;-25,219;-49,351;2025-03-22 10:20:00.0;0,00
ITAPERUÇU;411125801A;PR;Centro;-25,219;-49,351;2025-03-22 11:20:00.0;0,00
ITAPERUÇU;411125801A;PR;Centro;-25,219;-49,351;2025-03-22 12:20:00.0;0,00
ITAPERUÇU;411125801A;PR;Centro;-25,219;-49,351;2025-03-22 13:20:00.0;0,00
ITAPERUÇU;411125801A;PR;Centro;-25,219;-49,351;2025-03-22 14:20:00.0;0,00
ITAPERUÇU;411125801A;PR;Centro;-25,219;-49,351;2025-03-22 15:20:00.0;0,00
ITAPERUÇU;411125801A;PR;Centro;-25,219;-49,351;2025-03-22 16:20:00.0;0,00
ITAPERUÇU;411125801A;PR;Centro;-25,219;-49,351;2025-03-22 17:20:00.0;0,00
ITAPERUÇU;411125801A;PR;Centro;-25,219;-49,351;2025-03-22 18:20:00.0;0,00
ITAPERUÇU;411125801A;PR;Centro;-25,219;-49,351;2025-03-22 19:20:00.0;0,00
ITAPERUÇU;411125801A;PR;Centro;-25,219;-49,351;2025-03-22 20:20:00.0;0,00
ITAPERUÇU;411125801A;PR;Centro;-25,219;-49,351;2025-03-22 21:20:00.0;0,00
ITAPERUÇU;411125801A;PR;Centro;-25,219;-49,351;2025-03-22 22:20:00.0;0,00
ITAPERUÇU;411125801A;PR;Centro;-25,219;-49,351;2025-03-22 23:20:00.0;0,00
ITAPERUÇU;411125801A;PR;Centro;-25,219;-49,351;2025-03-23 00:20:00.0;0,00
ITAPERUÇU;411125801A;PR;Centro;-25,219;-49,351;2025-03-23 01:20:00.0;0,00
ITAPERUÇU;411125801A;PR;Centro;-25,219;-49,351;2025-03-23 02:20:00.0;0,00
ITAPERUÇU;411125801A;PR;Centro;-25,219;-49,351;2025-03-23 03:20:00.0;0,00
ITAPERUÇU;411125801A;PR;Centro;-25,219;-49,351;2025-03-23 04:20:00.0;0,00
ITAPERUÇU;411125801A;PR;Centro;-25,219;-49,351;2025-03-23 05:20:00.0;0,00
ITAPERUÇU;411125801A;PR;Centro;-25,219;-49,351;2025-03-23 06:20:00.0;0,00
ITAPERUÇU;411125801A;PR;Centro;-25,219;-49,351;2025-03-23 07:20:00.0;0,00
ITAPERUÇU;411125801A;PR;Centro;-25,219;-49,351;2025-03-23 08:20:00.0;0,00
ITAPERUÇU;411125801A;PR;Centro;-25,219;-49,351;2025-03-23 09:20:00.0;0,00
ITAPERUÇU;411125801A;PR;Centro;-25,219;-49,351;2025-03-23 10:20:00.0;0,00
ITAPERUÇU;411125801A;PR;Centro;-25,219;-49,351;2025-03-23 11:20:00.0;0,00
ITAPERUÇU;411125801A;PR;Centro;-25,219;-49,351;2025-03-23 12:20:00.0;0,00
ITAPERUÇU;411125801A;PR;Centro;-25,219;-49,351;2025-03-23 13:20:00.0;0,00
ITAPERUÇU;411125801A;PR;Centro;-25,219;-49,351;2025-03-23 14:20:00.0;0,00
ITAPERUÇU;411125801A;PR;Centro;-25,219;-49,351;2025-03-23 15:20:00.0;0,00
ITAPERUÇU;411125801A;PR;Centro;-25,219;-49,351;2025-03-23 16:20:00.0;0,00
ITAPERUÇU;411125801A;PR;Centro;-25,219;-49,351;2025-03-23 17:20:00.0;0,00
ITAPERUÇU;411125801A;PR;Centro;-25,219;-49,351;2025-03-23 18:20:00.0;0,00
ITAPERUÇU;411125801A;PR;Centro;-25,219;-49,351;2025-03-23 19:20:00.0;0,00
ITAPERUÇU;411125801A;PR;Centro;-25,219;-49,351;2025-03-23 20:20:00.0;0,00
ITAPERUÇU;411125801A;PR;Centro;-25,219;-49,351;2025-03-23 21:20:00.0;0,00
ITAPERUÇU;411125801A;PR;Centro;-25,219;-49,351;2025-03-23 22:20:00.0;0,00
ITAPERUÇU;411125801A;PR;Centro;-25,219;-49,351;2025-03-23 23:20:00.0;0,00
ITAPERUÇU;411125801A;PR;Centro;-25,219;-49,351;2025-03-24 00:20:00.0;0,00
ITAPERUÇU;411125801A;PR;Centro;-25,219;-49,351;2025-03-24 01:20:00.0;0,00
ITAPERUÇU;411125801A;PR;Centro;-25,219;-49,351;2025-03-24 02:20:00.0;0,00
ITAPERUÇU;411125801A;PR;Centro;-25,219;-49,351;2025-03-24 03:20:00.0;0,00
ITAPERUÇU;411125801A;PR;Centro;-25,219;-49,351;2025-03-24 04:20:00.0;0,00
ITAPERUÇU;411125801A;PR;Centro;-25,219;-49,351;2025-03-24 05:20:00.0;0,00
ITAPERUÇU;411125801A;PR;Centro;-25,219;-49,351;2025-03-24 06:20:00.0;0,00
ITAPERUÇU;411125801A;PR;Centro;-25,219;-49,351;2025-03-24 07:20:00.0;0,00
ITAPERUÇU;411125801A;PR;Centro;-25,219;-49,351;2025-03-24 08:20:00.0;0,00
ITAPERUÇU;411125801A;PR;Centro;-25,219;-49,351;2025-03-24 09:20:00.0;0,00
ITAPERUÇU;411125801A;PR;Centro;-25,219;-49,351;2025-03-24 10:20:00.0;0,00
ITAPERUÇU;411125801A;PR;Centro;-25,219;-49,351;2025-03-24 11:20:00.0;0,00
ITAPERUÇU;411125801A;PR;Centro;-25,219;-49,351;2025-03-24 12:20:00.0;0,00
ITAPERUÇU;411125801A;PR;Centro;-25,219;-49,351;2025-03-24 13:20:00.0;0,00
ITAPERUÇU;411125801A;PR;Centro;-25,219;-49,351;2025-03-24 15:20:00.0;0,00
ITAPERUÇU;411125801A;PR;Centro;-25,219;-49,351;2025-03-24 16:20:00.0;0,00
ITAPERUÇU;411125801A;PR;Centro;-25,219;-49,351;2025-03-24 17:20:00.0;0,00
ITAPERUÇU;411125801A;PR;Centro;-25,219;-49,351;2025-03-24 18:20:00.0;0,00
ITAPERUÇU;411125801A;PR;Centro;-25,219;-49,351;2025-03-24 19:20:00.0;0,00
ITAPERUÇU;411125801A;PR;Centro;-25,219;-49,351;2025-03-24 20:20:00.0;0,00
ITAPERUÇU;411125801A;PR;Centro;-25,219;-49,351;2025-03-24 21:20:00.0;0,00
ITAPERUÇU;411125801A;PR;Centro;-25,219;-49,351;2025-03-24 22:20:00.0;0,00
ITAPERUÇU;411125801A;PR;Centro;-25,219;-49,351;2025-03-24 23:20:00.0;0,00
ITAPERUÇU;411125801A;PR;Centro;-25,219;-49,351;2025-03-25 00:20:00.0;0,00
ITAPERUÇU;411125801A;PR;Centro;-25,219;-49,351;2025-03-25 01:20:00.0;0,00
ITAPERUÇU;411125801A;PR;Centro;-25,219;-49,351;2025-03-25 02:20:00.0;0,00
ITAPERUÇU;411125801A;PR;Centro;-25,219;-49,351;2025-03-25 03:20:00.0;0,00
ITAPERUÇU;411125801A;PR;Centro;-25,219;-49,351;2025-03-25 04:20:00.0;0,00
ITAPERUÇU;411125801A;PR;Centro;-25,219;-49,351;2025-03-25 05:20:00.0;0,00
ITAPERUÇU;411125801A;PR;Centro;-25,219;-49,351;2025-03-25 06:20:00.0;0,00
ITAPERUÇU;411125801A;PR;Centro;-25,219;-49,351;2025-03-25 07:20:00.0;0,00
ITAPERUÇU;411125801A;PR;Centro;-25,219;-49,351;2025-03-25 08:20:00.0;0,00
ITAPERUÇU;411125801A;PR;Centro;-25,219;-49,351;2025-03-25 09:10:00.0;0,20
ITAPERUÇU;411125801A;PR;Centro;-25,219;-49,351;2025-03-25 09:20:00.0;0,00
ITAPERUÇU;411125801A;PR;Centro;-25,219;-49,351;2025-03-25 10:20:00.0;0,00
ITAPERUÇU;411125801A;PR;Centro;-25,219;-49,351;2025-03-25 11:20:00.0;0,00
ITAPERUÇU;411125801A;PR;Centro;-25,219;-49,351;2025-03-25 12:20:00.0;0,00
ITAPERUÇU;411125801A;PR;Centro;-25,219;-49,351;2025-03-25 13:20:00.0;0,00
ITAPERUÇU;411125801A;PR;Centro;-25,219;-49,351;2025-03-25 14:20:00.0;0,00
ITAPERUÇU;411125801A;PR;Centro;-25,219;-49,351;2025-03-25 16:20:00.0;0,00
ITAPERUÇU;411125801A;PR;Centro;-25,219;-49,351;2025-03-25 17:20:00.0;0,00
ITAPERUÇU;411125801A;PR;Centro;-25,219;-49,351;2025-03-25 18:20:00.0;0,00
ITAPERUÇU;411125801A;PR;Centro;-25,219;-49,351;2025-03-25 19:20:00.0;0,00
ITAPERUÇU;411125801A;PR;Centro;-25,219;-49,351;2025-03-25 20:20:00.0;0,00
ITAPERUÇU;411125801A;PR;Centro;-25,219;-49,351;2025-03-25 21:20:00.0;0,00
ITAPERUÇU;411125801A;PR;Centro;-25,219;-49,351;2025-03-25 22:20:00.0;0,00
ITAPERUÇU;411125801A;PR;Centro;-25,219;-49,351;2025-03-25 23:20:00.0;0,00
ITAPERUÇU;411125801A;PR;Centro;-25,219;-49,351;2025-03-26 00:20:00.0;0,00
ITAPERUÇU;411125801A;PR;Centro;-25,219;-49,351;2025-03-26 01:20:00.0;0,00
ITAPERUÇU;411125801A;PR;Centro;-25,219;-49,351;2025-03-26 02:20:00.0;0,00
ITAPERUÇU;411125801A;PR;Centro;-25,219;-49,351;2025-03-26 03:00:00.0;0,20
ITAPERUÇU;411125801A;PR;Centro;-25,219;-49,351;2025-03-26 03:10:00.0;0,39
ITAPERUÇU;411125801A;PR;Centro;-25,219;-49,351;2025-03-26 03:20:00.0;0,39
ITAPERUÇU;411125801A;PR;Centro;-25,219;-49,351;2025-03-26 03:30:00.0;0,79
ITAPERUÇU;411125801A;PR;Centro;-25,219;-49,351;2025-03-26 03:40:00.0;0,59
ITAPERUÇU;411125801A;PR;Centro;-25,219;-49,351;2025-03-26 03:50:00.0;0,59
ITAPERUÇU;411125801A;PR;Centro;-25,219;-49,351;2025-03-26 04:00:00.0;0,59
ITAPERUÇU;411125801A;PR;Centro;-25,219;-49,351;2025-03-26 04:10:00.0;0,20
ITAPERUÇU;411125801A;PR;Centro;-25,219;-49,351;2025-03-26 04:20:00.0;0,59
ITAPERUÇU;411125801A;PR;Centro;-25,219;-49,351;2025-03-26 04:30:00.0;0,20
ITAPERUÇU;411125801A;PR;Centro;-25,219;-49,351;2025-03-26 04:40:00.0;0,20
ITAPERUÇU;411125801A;PR;Centro;-25,219;-49,351;2025-03-26 05:00:00.0;0,20
ITAPERUÇU;411125801A;PR;Centro;-25,219;-49,351;2025-03-26 05:10:00.0;0,20
ITAPERUÇU;411125801A;PR;Centro;-25,219;-49,351;2025-03-26 05:20:00.0;0,39
ITAPERUÇU;411125801A;PR;Centro;-25,219;-49,351;2025-03-26 05:30:00.0;0,98
ITAPERUÇU;411125801A;PR;Centro;-25,219;-49,351;2025-03-26 05:40:00.0;1,18
ITAPERUÇU;411125801A;PR;Centro;-25,219;-49,351;2025-03-26 05:50:00.0;0,39
ITAPERUÇU;411125801A;PR;Centro;-25,219;-49,351;2025-03-26 06:00:00.0;0,39
ITAPERUÇU;411125801A;PR;Centro;-25,219;-49,351;2025-03-26 06:10:00.0;0,20
ITAPERUÇU;411125801A;PR;Centro;-25,219;-49,351;2025-03-26 06:20:00.0;0,39
ITAPERUÇU;411125801A;PR;Centro;-25,219;-49,351;2025-03-26 06:30:00.0;0,20
ITAPERUÇU;411125801A;PR;Centro;-25,219;-49,351;2025-03-26 06:40:00.0;0,39
ITAPERUÇU;411125801A;PR;Centro;-25,219;-49,351;2025-03-26 07:20:00.0;0,00
ITAPERUÇU;411125801A;PR;Centro;-25,219;-49,351;2025-03-26 07:50:00.0;0,20
ITAPERUÇU;411125801A;PR;Centro;-25,219;-49,351;2025-03-26 08:20:00.0;0,00
ITAPERUÇU;411125801A;PR;Centro;-25,219;-49,351;2025-03-26 09:20:00.0;0,00
ITAPERUÇU;411125801A;PR;Centro;-25,219;-49,351;2025-03-26 10:20:00.0;0,00
ITAPERUÇU;411125801A;PR;Centro;-25,219;-49,351;2025-03-26 11:20:00.0;0,00
ITAPERUÇU;411125801A;PR;Centro;-25,219;-49,351;2025-03-26 12:20:00.0;0,00
ITAPERUÇU;411125801A;PR;Centro;-25,219;-49,351;2025-03-26 13:20:00.0;0,00
ITAPERUÇU;411125801A;PR;Centro;-25,219;-49,351;2025-03-26 14:20:00.0;0,00
ITAPERUÇU;411125801A;PR;Centro;-25,219;-49,351;2025-03-26 15:20:00.0;0,00
ITAPERUÇU;411125801A;PR;Centro;-25,219;-49,351;2025-03-26 16:20:00.0;0,00
ITAPERUÇU;411125801A;PR;Centro;-25,219;-49,351;2025-03-26 17:20:00.0;0,00
ITAPERUÇU;411125801A;PR;Centro;-25,219;-49,351;2025-03-26 18:20:00.0;0,00
ITAPERUÇU;411125801A;PR;Centro;-25,219;-49,351;2025-03-26 19:20:00.0;0,00
ITAPERUÇU;411125801A;PR;Centro;-25,219;-49,351;2025-03-26 20:20:00.0;0,00
ITAPERUÇU;411125801A;PR;Centro;-25,219;-49,351;2025-03-26 21:20:00.0;0,00
ITAPERUÇU;411125801A;PR;Centro;-25,219;-49,351;2025-03-26 22:20:00.0;0,00
ITAPERUÇU;411125801A;PR;Centro;-25,219;-49,351;2025-03-26 23:20:00.0;0,00
ITAPERUÇU;411125801A;PR;Centro;-25,219;-49,351;2025-03-27 00:20:00.0;0,00
ITAPERUÇU;411125801A;PR;Centro;-25,219;-49,351;2025-03-27 01:20:00.0;0,00
ITAPERUÇU;411125801A;PR;Centro;-25,219;-49,351;2025-03-27 02:20:00.0;0,00
ITAPERUÇU;411125801A;PR;Centro;-25,219;-49,351;2025-03-27 03:20:00.0;0,00
ITAPERUÇU;411125801A;PR;Centro;-25,219;-49,351;2025-03-27 04:20:00.0;0,00
ITAPERUÇU;411125801A;PR;Centro;-25,219;-49,351;2025-03-27 05:20:00.0;0,00
ITAPERUÇU;411125801A;PR;Centro;-25,219;-49,351;2025-03-27 06:20:00.0;0,00
ITAPERUÇU;411125801A;PR;Centro;-25,219;-49,351;2025-03-27 07:20:00.0;0,00
ITAPERUÇU;411125801A;PR;Centro;-25,219;-49,351;2025-03-27 08:20:00.0;0,00
ITAPERUÇU;411125801A;PR;Centro;-25,219;-49,351;2025-03-27 09:20:00.0;0,00
ITAPERUÇU;411125801A;PR;Centro;-25,219;-49,351;2025-03-27 10:20:00.0;0,00
ITAPERUÇU;411125801A;PR;Centro;-25,219;-49,351;2025-03-27 11:20:00.0;0,00
ITAPERUÇU;411125801A;PR;Centro;-25,219;-49,351;2025-03-27 12:20:00.0;0,00
ITAPERUÇU;411125801A;PR;Centro;-25,219;-49,351;2025-03-27 13:20:00.0;0,00
ITAPERUÇU;411125801A;PR;Centro;-25,219;-49,351;2025-03-27 14:20:00.0;0,00
ITAPERUÇU;411125801A;PR;Centro;-25,219;-49,351;2025-03-27 15:20:00.0;0,00
ITAPERUÇU;411125801A;PR;Centro;-25,219;-49,351;2025-03-27 16:20:00.0;0,00
ITAPERUÇU;411125801A;PR;Centro;-25,219;-49,351;2025-03-27 17:20:00.0;0,00
ITAPERUÇU;411125801A;PR;Centro;-25,219;-49,351;2025-03-27 18:20:00.0;0,00
ITAPERUÇU;411125801A;PR;Centro;-25,219;-49,351;2025-03-27 19:20:00.0;0,00
ITAPERUÇU;411125801A;PR;Centro;-25,219;-49,351;2025-03-27 20:20:00.0;0,00
ITAPERUÇU;411125801A;PR;Centro;-25,219;-49,351;2025-03-27 21:20:00.0;0,00
ITAPERUÇU;411125801A;PR;Centro;-25,219;-49,351;2025-03-27 22:20:00.0;0,00
ITAPERUÇU;411125801A;PR;Centro;-25,219;-49,351;2025-03-27 23:20:00.0;0,00
ITAPERUÇU;411125801A;PR;Centro;-25,219;-49,351;2025-03-28 00:20:00.0;0,00
ITAPERUÇU;411125801A;PR;Centro;-25,219;-49,351;2025-03-28 01:20:00.0;0,00
ITAPERUÇU;411125801A;PR;Centro;-25,219;-49,351;2025-03-28 02:20:00.0;0,00
ITAPERUÇU;411125801A;PR;Centro;-25,219;-49,351;2025-03-28 03:20:00.0;0,00
ITAPERUÇU;411125801A;PR;Centro;-25,219;-49,351;2025-03-28 04:20:00.0;0,00
ITAPERUÇU;411125801A;PR;Centro;-25,219;-49,351;2025-03-28 05:20:00.0;0,00
ITAPERUÇU;411125801A;PR;Centro;-25,219;-49,351;2025-03-28 06:20:00.0;0,00
ITAPERUÇU;411125801A;PR;Centro;-25,219;-49,351;2025-03-28 07:20:00.0;0,00
ITAPERUÇU;411125801A;PR;Centro;-25,219;-49,351;2025-03-28 08:20:00.0;0,00
ITAPERUÇU;411125801A;PR;Centro;-25,219;-49,351;2025-03-28 09:20:00.0;0,00
ITAPERUÇU;411125801A;PR;Centro;-25,219;-49,351;2025-03-28 10:20:00.0;0,00
ITAPERUÇU;411125801A;PR;Centro;-25,219;-49,351;2025-03-28 11:20:00.0;0,00
ITAPERUÇU;411125801A;PR;Centro;-25,219;-49,351;2025-03-28 12:20:00.0;0,00
ITAPERUÇU;411125801A;PR;Centro;-25,219;-49,351;2025-03-28 13:20:00.0;0,00
ITAPERUÇU;411125801A;PR;Centro;-25,219;-49,351;2025-03-28 14:20:00.0;0,00
ITAPERUÇU;411125801A;PR;Centro;-25,219;-49,351;2025-03-28 15:20:00.0;0,00
ITAPERUÇU;411125801A;PR;Centro;-25,219;-49,351;2025-03-28 16:20:00.0;0,00
ITAPERUÇU;411125801A;PR;Centro;-25,219;-49,351;2025-03-28 17:20:00.0;0,00
ITAPERUÇU;411125801A;PR;Centro;-25,219;-49,351;2025-03-28 18:20:00.0;0,00
ITAPERUÇU;411125801A;PR;Centro;-25,219;-49,351;2025-03-28 19:20:00.0;0,00
ITAPERUÇU;411125801A;PR;Centro;-25,219;-49,351;2025-03-28 20:20:00.0;0,00
ITAPERUÇU;411125801A;PR;Centro;-25,219;-49,351;2025-03-28 21:20:00.0;0,00
ITAPERUÇU;411125801A;PR;Centro;-25,219;-49,351;2025-03-28 22:20:00.0;0,00
ITAPERUÇU;411125801A;PR;Centro;-25,219;-49,351;2025-03-28 23:20:00.0;0,00
ITAPERUÇU;411125801A;PR;Centro;-25,219;-49,351;2025-03-29 00:20:00.0;0,00
ITAPERUÇU;411125801A;PR;Centro;-25,219;-49,351;2025-03-29 01:20:00.0;0,00
ITAPERUÇU;411125801A;PR;Centro;-25,219;-49,351;2025-03-29 02:20:00.0;0,00
ITAPERUÇU;411125801A;PR;Centro;-25,219;-49,351;2025-03-29 03:20:00.0;0,00
ITAPERUÇU;411125801A;PR;Centro;-25,219;-49,351;2025-03-29 04:20:00.0;0,00
ITAPERUÇU;411125801A;PR;Centro;-25,219;-49,351;2025-03-29 05:20:00.0;0,00
ITAPERUÇU;411125801A;PR;Centro;-25,219;-49,351;2025-03-29 06:20:00.0;0,00
ITAPERUÇU;411125801A;PR;Centro;-25,219;-49,351;2025-03-29 07:20:00.0;0,00
ITAPERUÇU;411125801A;PR;Centro;-25,219;-49,351;2025-03-29 08:20:00.0;0,00
ITAPERUÇU;411125801A;PR;Centro;-25,219;-49,351;2025-03-29 09:20:00.0;0,00
ITAPERUÇU;411125801A;PR;Centro;-25,219;-49,351;2025-03-29 10:20:00.0;0,00
ITAPERUÇU;411125801A;PR;Centro;-25,219;-49,351;2025-03-29 11:20:00.0;0,00
ITAPERUÇU;411125801A;PR;Centro;-25,219;-49,351;2025-03-29 12:20:00.0;0,00
ITAPERUÇU;411125801A;PR;Centro;-25,219;-49,351;2025-03-29 13:20:00.0;0,00
ITAPERUÇU;411125801A;PR;Centro;-25,219;-49,351;2025-03-29 14:20:00.0;0,00
ITAPERUÇU;411125801A;PR;Centro;-25,219;-49,351;2025-03-29 15:20:00.0;0,00
ITAPERUÇU;411125801A;PR;Centro;-25,219;-49,351;2025-03-29 16:20:00.0;0,00
ITAPERUÇU;411125801A;PR;Centro;-25,219;-49,351;2025-03-29 17:20:00.0;0,00
ITAPERUÇU;411125801A;PR;Centro;-25,219;-49,351;2025-03-29 17:40:00.0;0,59
ITAPERUÇU;411125801A;PR;Centro;-25,219;-49,351;2025-03-29 17:50:00.0;0,39
ITAPERUÇU;411125801A;PR;Centro;-25,219;-49,351;2025-03-29 18:20:00.0;0,00
ITAPERUÇU;411125801A;PR;Centro;-25,219;-49,351;2025-03-29 19:20:00.0;0,00
ITAPERUÇU;411125801A;PR;Centro;-25,219;-49,351;2025-03-29 20:20:00.0;0,00
ITAPERUÇU;411125801A;PR;Centro;-25,219;-49,351;2025-03-29 21:10:00.0;0,20
ITAPERUÇU;411125801A;PR;Centro;-25,219;-49,351;2025-03-29 21:20:00.0;2,95
ITAPERUÇU;411125801A;PR;Centro;-25,219;-49,351;2025-03-29 21:30:00.0;1,57
ITAPERUÇU;411125801A;PR;Centro;-25,219;-49,351;2025-03-29 21:40:00.0;0,20
ITAPERUÇU;411125801A;PR;Centro;-25,219;-49,351;2025-03-29 22:20:00.0;0,00
ITAPERUÇU;411125801A;PR;Centro;-25,219;-49,351;2025-03-29 23:20:00.0;0,00
ITAPERUÇU;411125801A;PR;Centro;-25,219;-49,351;2025-03-30 00:20:00.0;0,00
ITAPERUÇU;411125801A;PR;Centro;-25,219;-49,351;2025-03-30 01:20:00.0;0,00
ITAPERUÇU;411125801A;PR;Centro;-25,219;-49,351;2025-03-30 02:20:00.0;0,00
ITAPERUÇU;411125801A;PR;Centro;-25,219;-49,351;2025-03-30 03:20:00.0;0,00
ITAPERUÇU;411125801A;PR;Centro;-25,219;-49,351;2025-03-30 04:20:00.0;0,00
ITAPERUÇU;411125801A;PR;Centro;-25,219;-49,351;2025-03-30 05:20:00.0;0,00
ITAPERUÇU;411125801A;PR;Centro;-25,219;-49,351;2025-03-30 06:20:00.0;0,00
ITAPERUÇU;411125801A;PR;Centro;-25,219;-49,351;2025-03-30 07:20:00.0;0,00
ITAPERUÇU;411125801A;PR;Centro;-25,219;-49,351;2025-03-30 08:20:00.0;0,00
ITAPERUÇU;411125801A;PR;Centro;-25,219;-49,351;2025-03-30 09:20:00.0;0,00
ITAPERUÇU;411125801A;PR;Centro;-25,219;-49,351;2025-03-30 10:20:00.0;0,00
ITAPERUÇU;411125801A;PR;Centro;-25,219;-49,351;2025-03-30 11:20:00.0;0,00
ITAPERUÇU;411125801A;PR;Centro;-25,219;-49,351;2025-03-30 12:20:00.0;0,00
ITAPERUÇU;411125801A;PR;Centro;-25,219;-49,351;2025-03-30 13:20:00.0;0,00
ITAPERUÇU;411125801A;PR;Centro;-25,219;-49,351;2025-03-30 13:40:00.0;0,20
ITAPERUÇU;411125801A;PR;Centro;-25,219;-49,351;2025-03-30 14:20:00.0;0,00
ITAPERUÇU;411125801A;PR;Centro;-25,219;-49,351;2025-03-30 15:20:00.0;0,00
ITAPERUÇU;411125801A;PR;Centro;-25,219;-49,351;2025-03-30 16:20:00.0;0,00
ITAPERUÇU;411125801A;PR;Centro;-25,219;-49,351;2025-03-30 17:20:00.0;0,00
ITAPERUÇU;411125801A;PR;Centro;-25,219;-49,351;2025-03-30 18:20:00.0;0,00
ITAPERUÇU;411125801A;PR;Centro;-25,219;-49,351;2025-03-30 19:20:00.0;0,00
ITAPERUÇU;411125801A;PR;Centro;-25,219;-49,351;2025-03-30 20:20:00.0;0,00
ITAPERUÇU;411125801A;PR;Centro;-25,219;-49,351;2025-03-30 21:20:00.0;0,00
ITAPERUÇU;411125801A;PR;Centro;-25,219;-49,351;2025-03-30 22:20:00.0;0,00
ITAPERUÇU;411125801A;PR;Centro;-25,219;-49,351;2025-03-30 23:20:00.0;0,00
ITAPERUÇU;411125801A;PR;Centro;-25,219;-49,351;2025-03-31 00:20:00.0;0,00
ITAPERUÇU;411125801A;PR;Centro;-25,219;-49,351;2025-03-31 01:20:00.0;0,00
ITAPERUÇU;411125801A;PR;Centro;-25,219;-49,351;2025-03-31 02:20:00.0;0,00
ITAPERUÇU;411125801A;PR;Centro;-25,219;-49,351;2025-03-31 03:20:00.0;0,00
ITAPERUÇU;411125801A;PR;Centro;-25,219;-49,351;2025-03-31 04:20:00.0;0,00
ITAPERUÇU;411125801A;PR;Centro;-25,219;-49,351;2025-03-31 05:20:00.0;0,00
ITAPERUÇU;411125801A;PR;Centro;-25,219;-49,351;2025-03-31 06:20:00.0;0,00
ITAPERUÇU;411125801A;PR;Centro;-25,219;-49,351;2025-03-31 07:20:00.0;0,00
ITAPERUÇU;411125801A;PR;Centro;-25,219;-49,351;2025-03-31 08:20:00.0;0,00
ITAPERUÇU;411125801A;PR;Centro;-25,219;-49,351;2025-03-31 09:20:00.0;0,00
ITAPERUÇU;411125801A;PR;Centro;-25,219;-49,351;2025-03-31 10:20:00.0;0,00
ITAPERUÇU;411125801A;PR;Centro;-25,219;-49,351;2025-03-31 11:20:00.0;0,00
ITAPERUÇU;411125801A;PR;Centro;-25,219;-49,351;2025-03-31 12:20:00.0;0,00
ITAPERUÇU;411125801A;PR;Centro;-25,219;-49,351;2025-03-31 13:20:00.0;0,00
ITAPERUÇU;411125801A;PR;Centro;-25,219;-49,351;2025-03-31 14:20:00.0;0,00
ITAPERUÇU;411125801A;PR;Centro;-25,219;-49,351;2025-03-31 15:20:00.0;0,00
ITAPERUÇU;411125801A;PR;Centro;-25,219;-49,351;2025-03-31 16:20:00.0;0,00
ITAPERUÇU;411125801A;PR;Centro;-25,219;-49,351;2025-03-31 17:20:00.0;0,00
ITAPERUÇU;411125801A;PR;Centro;-25,219;-49,351;2025-03-31 18:20:00.0;0,00
ITAPERUÇU;411125801A;PR;Centro;-25,219;-49,351;2025-03-31 19:20:00.0;0,00
ITAPERUÇU;411125801A;PR;Centro;-25,219;-49,351;2025-03-31 20:20:00.0;0,00
ITAPERUÇU;411125801A;PR;Centro;-25,219;-49,351;2025-03-31 21:20:00.0;0,00
ITAPERUÇU;411125801A;PR;Centro;-25,219;-49,351;2025-03-31 22:20:00.0;0,00
ITAPERUÇU;411125801A;PR;Centro;-25,219;-49,351;2025-03-31 23:20:00.0;0,00
JAGUAPITÃ;411190201A;PR;Centro;-23,112311;-51,539173;2025-03-01 00:10:00.0;0,00
JAGUAPITÃ;411190201A;PR;Centro;-23,112311;-51,539173;2025-03-01 00:40:00.0;0,00
JAGUAPITÃ;411190201A;PR;Centro;-23,112311;-51,539173;2025-03-01 01:40:00.0;0,00
JAGUAPITÃ;411190201A;PR;Centro;-23,112311;-51,539173;2025-03-01 02:40:00.0;0,00
JAGUAPITÃ;411190201A;PR;Centro;-23,112311;-51,539173;2025-03-01 03:40:00.0;0,00
JAGUAPITÃ;411190201A;PR;Centro;-23,112311;-51,539173;2025-03-01 04:00:00.0;0,80
JAGUAPITÃ;411190201A;PR;Centro;-23,112311;-51,539173;2025-03-01 04:40:00.0;0,00
JAGUAPITÃ;411190201A;PR;Centro;-23,112311;-51,539173;2025-03-01 05:40:00.0;0,00
JAGUAPITÃ;411190201A;PR;Centro;-23,112311;-51,539173;2025-03-01 06:40:00.0;0,00
JAGUAPITÃ;411190201A;PR;Centro;-23,112311;-51,539173;2025-03-01 07:40:00.0;0,00
JAGUAPITÃ;411190201A;PR;Centro;-23,112311;-51,539173;2025-03-01 08:40:00.0;0,00
JAGUAPITÃ;411190201A;PR;Centro;-23,112311;-51,539173;2025-03-01 09:40:00.0;0,00
JAGUAPITÃ;411190201A;PR;Centro;-23,112311;-51,539173;2025-03-01 10:40:00.0;0,00
JAGUAPITÃ;411190201A;PR;Centro;-23,112311;-51,539173;2025-03-01 11:40:00.0;0,00
JAGUAPITÃ;411190201A;PR;Centro;-23,112311;-51,539173;2025-03-01 12:40:00.0;0,00
JAGUAPITÃ;411190201A;PR;Centro;-23,112311;-51,539173;2025-03-01 13:40:00.0;0,00
JAGUAPITÃ;411190201A;PR;Centro;-23,112311;-51,539173;2025-03-01 14:40:00.0;0,00
JAGUAPITÃ;411190201A;PR;Centro;-23,112311;-51,539173;2025-03-01 15:40:00.0;0,00
JAGUAPITÃ;411190201A;PR;Centro;-23,112311;-51,539173;2025-03-01 16:40:00.0;0,00
JAGUAPITÃ;411190201A;PR;Centro;-23,112311;-51,539173;2025-03-01 17:40:00.0;0,00
JAGUAPITÃ;411190201A;PR;Centro;-23,112311;-51,539173;2025-03-01 18:40:00.0;0,00
JAGUAPITÃ;411190201A;PR;Centro;-23,112311;-51,539173;2025-03-01 19:40:00.0;0,00
JAGUAPITÃ;411190201A;PR;Centro;-23,112311;-51,539173;2025-03-01 20:40:00.0;0,00
JAGUAPITÃ;411190201A;PR;Centro;-23,112311;-51,539173;2025-03-01 21:40:00.0;0,00
JAGUAPITÃ;411190201A;PR;Centro;-23,112311;-51,539173;2025-03-01 22:40:00.0;0,00
JAGUAPITÃ;411190201A;PR;Centro;-23,112311;-51,539173;2025-03-01 23:40:00.0;0,00
JAGUAPITÃ;411190201A;PR;Centro;-23,112311;-51,539173;2025-03-02 00:40:00.0;0,00
JAGUAPITÃ;411190201A;PR;Centro;-23,112311;-51,539173;2025-03-02 01:40:00.0;0,00
JAGUAPITÃ;411190201A;PR;Centro;-23,112311;-51,539173;2025-03-02 02:40:00.0;0,00
JAGUAPITÃ;411190201A;PR;Centro;-23,112311;-51,539173;2025-03-02 03:40:00.0;0,00
JAGUAPITÃ;411190201A;PR;Centro;-23,112311;-51,539173;2025-03-02 04:40:00.0;0,00
JAGUAPITÃ;411190201A;PR;Centro;-23,112311;-51,539173;2025-03-02 05:40:00.0;0,00
JAGUAPITÃ;411190201A;PR;Centro;-23,112311;-51,539173;2025-03-02 06:40:00.0;0,00
JAGUAPITÃ;411190201A;PR;Centro;-23,112311;-51,539173;2025-03-02 07:40:00.0;0,00
JAGUAPITÃ;411190201A;PR;Centro;-23,112311;-51,539173;2025-03-02 08:40:00.0;0,00
JAGUAPITÃ;411190201A;PR;Centro;-23,112311;-51,539173;2025-03-02 09:40:00.0;0,00
JAGUAPITÃ;411190201A;PR;Centro;-23,112311;-51,539173;2025-03-02 10:40:00.0;0,00
JAGUAPITÃ;411190201A;PR;Centro;-23,112311;-51,539173;2025-03-02 11:40:00.0;0,00
JAGUAPITÃ;411190201A;PR;Centro;-23,112311;-51,539173;2025-03-02 12:40:00.0;0,00
JAGUAPITÃ;411190201A;PR;Centro;-23,112311;-51,539173;2025-03-02 13:40:00.0;0,00
JAGUAPITÃ;411190201A;PR;Centro;-23,112311;-51,539173;2025-03-02 14:40:00.0;0,00
JAGUAPITÃ;411190201A;PR;Centro;-23,112311;-51,539173;2025-03-02 15:40:00.0;0,00
JAGUAPITÃ;411190201A;PR;Centro;-23,112311;-51,539173;2025-03-02 16:40:00.0;0,00
JAGUAPITÃ;411190201A;PR;Centro;-23,112311;-51,539173;2025-03-02 17:40:00.0;0,00
JAGUAPITÃ;411190201A;PR;Centro;-23,112311;-51,539173;2025-03-02 18:40:00.0;0,00
JAGUAPITÃ;411190201A;PR;Centro;-23,112311;-51,539173;2025-03-02 19:40:00.0;0,00
JAGUAPITÃ;411190201A;PR;Centro;-23,112311;-51,539173;2025-03-02 20:40:00.0;0,00
JAGUAPITÃ;411190201A;PR;Centro;-23,112311;-51,539173;2025-03-02 21:40:00.0;0,00
JAGUAPITÃ;411190201A;PR;Centro;-23,112311;-51,539173;2025-03-02 22:40:00.0;0,00
JAGUAPITÃ;411190201A;PR;Centro;-23,112311;-51,539173;2025-03-02 23:40:00.0;0,00
JAGUAPITÃ;411190201A;PR;Centro;-23,112311;-51,539173;2025-03-03 00:40:00.0;0,00
JAGUAPITÃ;411190201A;PR;Centro;-23,112311;-51,539173;2025-03-03 01:40:00.0;0,00
JAGUAPITÃ;411190201A;PR;Centro;-23,112311;-51,539173;2025-03-03 02:40:00.0;0,00
JAGUAPITÃ;411190201A;PR;Centro;-23,112311;-51,539173;2025-03-03 03:40:00.0;0,00
JAGUAPITÃ;411190201A;PR;Centro;-23,112311;-51,539173;2025-03-03 04:40:00.0;0,00
JAGUAPITÃ;411190201A;PR;Centro;-23,112311;-51,539173;2025-03-03 05:40:00.0;0,00
JAGUAPITÃ;411190201A;PR;Centro;-23,112311;-51,539173;2025-03-03 06:40:00.0;0,00
JAGUAPITÃ;411190201A;PR;Centro;-23,112311;-51,539173;2025-03-03 07:40:00.0;0,00
JAGUAPITÃ;411190201A;PR;Centro;-23,112311;-51,539173;2025-03-03 08:40:00.0;0,00
JAGUAPITÃ;411190201A;PR;Centro;-23,112311;-51,539173;2025-03-03 09:40:00.0;0,00
JAGUAPITÃ;411190201A;PR;Centro;-23,112311;-51,539173;2025-03-03 10:40:00.0;0,00
JAGUAPITÃ;411190201A;PR;Centro;-23,112311;-51,539173;2025-03-03 11:40:00.0;0,00
JAGUAPITÃ;411190201A;PR;Centro;-23,112311;-51,539173;2025-03-03 12:40:00.0;0,00
JAGUAPITÃ;411190201A;PR;Centro;-23,112311;-51,539173;2025-03-03 13:40:00.0;0,00
JAGUAPITÃ;411190201A;PR;Centro;-23,112311;-51,539173;2025-03-03 14:40:00.0;0,00
JAGUAPITÃ;411190201A;PR;Centro;-23,112311;-51,539173;2025-03-03 15:40:00.0;0,00
JAGUAPITÃ;411190201A;PR;Centro;-23,112311;-51,539173;2025-03-03 16:40:00.0;0,00
JAGUAPITÃ;411190201A;PR;Centro;-23,112311;-51,539173;2025-03-03 17:40:00.0;0,00
JAGUAPITÃ;411190201A;PR;Centro;-23,112311;-51,539173;2025-03-03 18:40:00.0;0,00
JAGUAPITÃ;411190201A;PR;Centro;-23,112311;-51,539173;2025-03-03 19:40:00.0;0,00
JAGUAPITÃ;411190201A;PR;Centro;-23,112311;-51,539173;2025-03-03 20:40:00.0;0,00
JAGUAPITÃ;411190201A;PR;Centro;-23,112311;-51,539173;2025-03-03 21:40:00.0;0,00
JAGUAPITÃ;411190201A;PR;Centro;-23,112311;-51,539173;2025-03-03 22:40:00.0;0,00
JAGUAPITÃ;411190201A;PR;Centro;-23,112311;-51,539173;2025-03-03 23:40:00.0;0,00
JAGUAPITÃ;411190201A;PR;Centro;-23,112311;-51,539173;2025-03-04 00:40:00.0;0,00
JAGUAPITÃ;411190201A;PR;Centro;-23,112311;-51,539173;2025-03-04 01:40:00.0;0,00
JAGUAPITÃ;411190201A;PR;Centro;-23,112311;-51,539173;2025-03-04 02:40:00.0;0,00
JAGUAPITÃ;411190201A;PR;Centro;-23,112311;-51,539173;2025-03-04 03:40:00.0;0,00
JAGUAPITÃ;411190201A;PR;Centro;-23,112311;-51,539173;2025-03-04 04:40:00.0;0,00
JAGUAPITÃ;411190201A;PR;Centro;-23,112311;-51,539173;2025-03-04 05:40:00.0;0,00
JAGUAPITÃ;411190201A;PR;Centro;-23,112311;-51,539173;2025-03-04 06:40:00.0;0,00
JAGUAPITÃ;411190201A;PR;Centro;-23,112311;-51,539173;2025-03-04 07:40:00.0;0,00
JAGUAPITÃ;411190201A;PR;Centro;-23,112311;-51,539173;2025-03-04 08:40:00.0;0,00
JAGUAPITÃ;411190201A;PR;Centro;-23,112311;-51,539173;2025-03-04 09:40:00.0;0,00
JAGUAPITÃ;411190201A;PR;Centro;-23,112311;-51,539173;2025-03-04 10:40:00.0;0,00
JAGUAPITÃ;411190201A;PR;Centro;-23,112311;-51,539173;2025-03-04 11:40:00.0;0,00
JAGUAPITÃ;411190201A;PR;Centro;-23,112311;-51,539173;2025-03-04 12:40:00.0;0,00
JAGUAPITÃ;411190201A;PR;Centro;-23,112311;-51,539173;2025-03-04 13:40:00.0;0,00
JAGUAPITÃ;411190201A;PR;Centro;-23,112311;-51,539173;2025-03-04 14:40:00.0;0,00
JAGUAPITÃ;411190201A;PR;Centro;-23,112311;-51,539173;2025-03-04 15:40:00.0;0,00
JAGUAPITÃ;411190201A;PR;Centro;-23,112311;-51,539173;2025-03-04 16:40:00.0;0,00
JAGUAPITÃ;411190201A;PR;Centro;-23,112311;-51,539173;2025-03-04 17:40:00.0;0,00
JAGUAPITÃ;411190201A;PR;Centro;-23,112311;-51,539173;2025-03-04 18:40:00.0;0,00
JAGUAPITÃ;411190201A;PR;Centro;-23,112311;-51,539173;2025-03-04 19:40:00.0;0,00
JAGUAPITÃ;411190201A;PR;Centro;-23,112311;-51,539173;2025-03-04 20:40:00.0;0,00
JAGUAPITÃ;411190201A;PR;Centro;-23,112311;-51,539173;2025-03-04 21:40:00.0;0,00
JAGUAPITÃ;411190201A;PR;Centro;-23,112311;-51,539173;2025-03-04 22:40:00.0;0,00
JAGUAPITÃ;411190201A;PR;Centro;-23,112311;-51,539173;2025-03-04 23:40:00.0;0,00
JAGUAPITÃ;411190201A;PR;Centro;-23,112311;-51,539173;2025-03-05 00:40:00.0;0,00
JAGUAPITÃ;411190201A;PR;Centro;-23,112311;-51,539173;2025-03-05 01:40:00.0;0,00
JAGUAPITÃ;411190201A;PR;Centro;-23,112311;-51,539173;2025-03-05 02:40:00.0;0,00
JAGUAPITÃ;411190201A;PR;Centro;-23,112311;-51,539173;2025-03-05 03:40:00.0;0,00
JAGUAPITÃ;411190201A;PR;Centro;-23,112311;-51,539173;2025-03-05 04:40:00.0;0,00
JAGUAPITÃ;411190201A;PR;Centro;-23,112311;-51,539173;2025-03-05 05:40:00.0;0,00
JAGUAPITÃ;411190201A;PR;Centro;-23,112311;-51,539173;2025-03-05 06:40:00.0;0,00
JAGUAPITÃ;411190201A;PR;Centro;-23,112311;-51,539173;2025-03-05 07:40:00.0;0,00
JAGUAPITÃ;411190201A;PR;Centro;-23,112311;-51,539173;2025-03-05 08:40:00.0;0,00
JAGUAPITÃ;411190201A;PR;Centro;-23,112311;-51,539173;2025-03-05 09:40:00.0;0,00
JAGUAPITÃ;411190201A;PR;Centro;-23,112311;-51,539173;2025-03-05 10:40:00.0;0,00
JAGUAPITÃ;411190201A;PR;Centro;-23,112311;-51,539173;2025-03-05 11:40:00.0;0,00
JAGUAPITÃ;411190201A;PR;Centro;-23,112311;-51,539173;2025-03-05 12:40:00.0;0,00
JAGUAPITÃ;411190201A;PR;Centro;-23,112311;-51,539173;2025-03-05 13:40:00.0;0,00
JAGUAPITÃ;411190201A;PR;Centro;-23,112311;-51,539173;2025-03-05 14:40:00.0;0,00
JAGUAPITÃ;411190201A;PR;Centro;-23,112311;-51,539173;2025-03-05 15:40:00.0;0,00
JAGUAPITÃ;411190201A;PR;Centro;-23,112311;-51,539173;2025-03-05 16:40:00.0;0,00
JAGUAPITÃ;411190201A;PR;Centro;-23,112311;-51,539173;2025-03-05 17:40:00.0;0,00
JAGUAPITÃ;411190201A;PR;Centro;-23,112311;-51,539173;2025-03-05 18:40:00.0;0,00
JAGUAPITÃ;411190201A;PR;Centro;-23,112311;-51,539173;2025-03-05 19:40:00.0;0,00
JAGUAPITÃ;411190201A;PR;Centro;-23,112311;-51,539173;2025-03-05 20:40:00.0;0,00
JAGUAPITÃ;411190201A;PR;Centro;-23,112311;-51,539173;2025-03-05 21:40:00.0;0,00
JAGUAPITÃ;411190201A;PR;Centro;-23,112311;-51,539173;2025-03-05 22:40:00.0;0,00
JAGUAPITÃ;411190201A;PR;Centro;-23,112311;-51,539173;2025-03-05 23:40:00.0;0,00
JAGUAPITÃ;411190201A;PR;Centro;-23,112311;-51,539173;2025-03-06 00:40:00.0;0,00
JAGUAPITÃ;411190201A;PR;Centro;-23,112311;-51,539173;2025-03-06 01:40:00.0;0,00
JAGUAPITÃ;411190201A;PR;Centro;-23,112311;-51,539173;2025-03-06 02:40:00.0;0,00
JAGUAPITÃ;411190201A;PR;Centro;-23,112311;-51,539173;2025-03-06 03:40:00.0;0,00
JAGUAPITÃ;411190201A;PR;Centro;-23,112311;-51,539173;2025-03-06 04:40:00.0;0,00
JAGUAPITÃ;411190201A;PR;Centro;-23,112311;-51,539173;2025-03-06 05:40:00.0;0,00
JAGUAPITÃ;411190201A;PR;Centro;-23,112311;-51,539173;2025-03-06 06:40:00.0;0,00
JAGUAPITÃ;411190201A;PR;Centro;-23,112311;-51,539173;2025-03-06 07:40:00.0;0,00
JAGUAPITÃ;411190201A;PR;Centro;-23,112311;-51,539173;2025-03-06 08:40:00.0;0,00
JAGUAPITÃ;411190201A;PR;Centro;-23,112311;-51,539173;2025-03-06 09:40:00.0;0,00
JAGUAPITÃ;411190201A;PR;Centro;-23,112311;-51,539173;2025-03-06 10:40:00.0;0,00
JAGUAPITÃ;411190201A;PR;Centro;-23,112311;-51,539173;2025-03-06 11:40:00.0;0,00
JAGUAPITÃ;411190201A;PR;Centro;-23,112311;-51,539173;2025-03-06 12:40:00.0;0,00
JAGUAPITÃ;411190201A;PR;Centro;-23,112311;-51,539173;2025-03-06 13:40:00.0;0,00
JAGUAPITÃ;411190201A;PR;Centro;-23,112311;-51,539173;2025-03-06 14:40:00.0;0,00
JAGUAPITÃ;411190201A;PR;Centro;-23,112311;-51,539173;2025-03-06 15:40:00.0;0,00
JAGUAPITÃ;411190201A;PR;Centro;-23,112311;-51,539173;2025-03-06 16:40:00.0;0,00
JAGUAPITÃ;411190201A;PR;Centro;-23,112311;-51,539173;2025-03-06 17:40:00.0;0,00
JAGUAPITÃ;411190201A;PR;Centro;-23,112311;-51,539173;2025-03-06 18:40:00.0;0,00
JAGUAPITÃ;411190201A;PR;Centro;-23,112311;-51,539173;2025-03-06 19:40:00.0;0,00
JAGUAPITÃ;411190201A;PR;Centro;-23,112311;-51,539173;2025-03-06 20:40:00.0;0,00
JAGUAPITÃ;411190201A;PR;Centro;-23,112311;-51,539173;2025-03-06 21:40:00.0;0,00
JAGUAPITÃ;411190201A;PR;Centro;-23,112311;-51,539173;2025-03-06 22:40:00.0;0,00
JAGUAPITÃ;411190201A;PR;Centro;-23,112311;-51,539173;2025-03-06 23:40:00.0;0,00
JAGUAPITÃ;411190201A;PR;Centro;-23,112311;-51,539173;2025-03-07 00:40:00.0;0,00
JAGUAPITÃ;411190201A;PR;Centro;-23,112311;-51,539173;2025-03-07 01:40:00.0;0,00
JAGUAPITÃ;411190201A;PR;Centro;-23,112311;-51,539173;2025-03-07 02:40:00.0;0,00
JAGUAPITÃ;411190201A;PR;Centro;-23,112311;-51,539173;2025-03-07 03:40:00.0;0,00
JAGUAPITÃ;411190201A;PR;Centro;-23,112311;-51,539173;2025-03-07 04:40:00.0;0,00
JAGUAPITÃ;411190201A;PR;Centro;-23,112311;-51,539173;2025-03-07 05:40:00.0;0,00
JAGUAPITÃ;411190201A;PR;Centro;-23,112311;-51,539173;2025-03-07 06:40:00.0;0,00
JAGUAPITÃ;411190201A;PR;Centro;-23,112311;-51,539173;2025-03-07 07:40:00.0;0,00
JAGUAPITÃ;411190201A;PR;Centro;-23,112311;-51,539173;2025-03-07 08:40:00.0;0,00
JAGUAPITÃ;411190201A;PR;Centro;-23,112311;-51,539173;2025-03-07 09:40:00.0;0,00
JAGUAPITÃ;411190201A;PR;Centro;-23,112311;-51,539173;2025-03-07 10:40:00.0;0,00
JAGUAPITÃ;411190201A;PR;Centro;-23,112311;-51,539173;2025-03-07 11:40:00.0;0,00
JAGUAPITÃ;411190201A;PR;Centro;-23,112311;-51,539173;2025-03-07 12:40:00.0;0,00
JAGUAPITÃ;411190201A;PR;Centro;-23,112311;-51,539173;2025-03-07 13:40:00.0;0,00
JAGUAPITÃ;411190201A;PR;Centro;-23,112311;-51,539173;2025-03-07 14:40:00.0;0,00
JAGUAPITÃ;411190201A;PR;Centro;-23,112311;-51,539173;2025-03-07 15:40:00.0;0,00
JAGUAPITÃ;411190201A;PR;Centro;-23,112311;-51,539173;2025-03-07 16:40:00.0;0,00
JAGUAPITÃ;411190201A;PR;Centro;-23,112311;-51,539173;2025-03-07 17:40:00.0;0,00
JAGUAPITÃ;411190201A;PR;Centro;-23,112311;-51,539173;2025-03-07 18:40:00.0;0,00
JAGUAPITÃ;411190201A;PR;Centro;-23,112311;-51,539173;2025-03-07 19:40:00.0;0,00
JAGUAPITÃ;411190201A;PR;Centro;-23,112311;-51,539173;2025-03-07 20:40:00.0;0,00
JAGUAPITÃ;411190201A;PR;Centro;-23,112311;-51,539173;2025-03-07 21:40:00.0;0,00
JAGUAPITÃ;411190201A;PR;Centro;-23,112311;-51,539173;2025-03-07 22:40:00.0;0,00
JAGUAPITÃ;411190201A;PR;Centro;-23,112311;-51,539173;2025-03-07 23:40:00.0;0,00
JAGUAPITÃ;411190201A;PR;Centro;-23,112311;-51,539173;2025-03-08 00:40:00.0;0,00
JAGUAPITÃ;411190201A;PR;Centro;-23,112311;-51,539173;2025-03-08 01:40:00.0;0,00
JAGUAPITÃ;411190201A;PR;Centro;-23,112311;-51,539173;2025-03-08 02:40:00.0;0,00
JAGUAPITÃ;411190201A;PR;Centro;-23,112311;-51,539173;2025-03-08 03:40:00.0;0,00
JAGUAPITÃ;411190201A;PR;Centro;-23,112311;-51,539173;2025-03-08 04:40:00.0;0,00
JAGUAPITÃ;411190201A;PR;Centro;-23,112311;-51,539173;2025-03-08 05:40:00.0;0,00
JAGUAPITÃ;411190201A;PR;Centro;-23,112311;-51,539173;2025-03-08 06:40:00.0;0,00
JAGUAPITÃ;411190201A;PR;Centro;-23,112311;-51,539173;2025-03-08 07:40:00.0;0,00
JAGUAPITÃ;411190201A;PR;Centro;-23,112311;-51,539173;2025-03-08 08:40:00.0;0,00
JAGUAPITÃ;411190201A;PR;Centro;-23,112311;-51,539173;2025-03-08 09:40:00.0;0,00
JAGUAPITÃ;411190201A;PR;Centro;-23,112311;-51,539173;2025-03-08 10:40:00.0;0,00
JAGUAPITÃ;411190201A;PR;Centro;-23,112311;-51,539173;2025-03-08 11:40:00.0;0,00
JAGUAPITÃ;411190201A;PR;Centro;-23,112311;-51,539173;2025-03-08 12:40:00.0;0,00
JAGUAPITÃ;411190201A;PR;Centro;-23,112311;-51,539173;2025-03-08 13:40:00.0;0,00
JAGUAPITÃ;411190201A;PR;Centro;-23,112311;-51,539173;2025-03-08 14:40:00.0;0,00
JAGUAPITÃ;411190201A;PR;Centro;-23,112311;-51,539173;2025-03-08 15:40:00.0;0,00
JAGUAPITÃ;411190201A;PR;Centro;-23,112311;-51,539173;2025-03-08 16:40:00.0;0,00
JAGUAPITÃ;411190201A;PR;Centro;-23,112311;-51,539173;2025-03-08 17:40:00.0;0,00
JAGUAPITÃ;411190201A;PR;Centro;-23,112311;-51,539173;2025-03-08 18:40:00.0;0,00
JAGUAPITÃ;411190201A;PR;Centro;-23,112311;-51,539173;2025-03-08 19:40:00.0;0,00
JAGUAPITÃ;411190201A;PR;Centro;-23,112311;-51,539173;2025-03-08 20:40:00.0;0,00
JAGUAPITÃ;411190201A;PR;Centro;-23,112311;-51,539173;2025-03-08 21:40:00.0;0,00
JAGUAPITÃ;411190201A;PR;Centro;-23,112311;-51,539173;2025-03-08 22:40:00.0;0,00
JAGUAPITÃ;411190201A;PR;Centro;-23,112311;-51,539173;2025-03-08 23:40:00.0;0,00
JAGUAPITÃ;411190201A;PR;Centro;-23,112311;-51,539173;2025-03-09 00:40:00.0;0,00
JAGUAPITÃ;411190201A;PR;Centro;-23,112311;-51,539173;2025-03-09 01:40:00.0;0,00
JAGUAPITÃ;411190201A;PR;Centro;-23,112311;-51,539173;2025-03-09 02:40:00.0;0,00
JAGUAPITÃ;411190201A;PR;Centro;-23,112311;-51,539173;2025-03-09 03:40:00.0;0,00
JAGUAPITÃ;411190201A;PR;Centro;-23,112311;-51,539173;2025-03-09 04:40:00.0;0,00
JAGUAPITÃ;411190201A;PR;Centro;-23,112311;-51,539173;2025-03-09 05:40:00.0;0,00
JAGUAPITÃ;411190201A;PR;Centro;-23,112311;-51,539173;2025-03-09 06:40:00.0;0,00
JAGUAPITÃ;411190201A;PR;Centro;-23,112311;-51,539173;2025-03-09 07:40:00.0;0,00
JAGUAPITÃ;411190201A;PR;Centro;-23,112311;-51,539173;2025-03-09 08:40:00.0;0,00
JAGUAPITÃ;411190201A;PR;Centro;-23,112311;-51,539173;2025-03-09 09:40:00.0;0,00
JAGUAPITÃ;411190201A;PR;Centro;-23,112311;-51,539173;2025-03-09 10:40:00.0;0,00
JAGUAPITÃ;411190201A;PR;Centro;-23,112311;-51,539173;2025-03-09 11:40:00.0;0,00
JAGUAPITÃ;411190201A;PR;Centro;-23,112311;-51,539173;2025-03-09 12:40:00.0;0,00
JAGUAPITÃ;411190201A;PR;Centro;-23,112311;-51,539173;2025-03-09 13:40:00.0;0,00
JAGUAPITÃ;411190201A;PR;Centro;-23,112311;-51,539173;2025-03-09 14:40:00.0;0,00
JAGUAPITÃ;411190201A;PR;Centro;-23,112311;-51,539173;2025-03-09 15:40:00.0;0,00
JAGUAPITÃ;411190201A;PR;Centro;-23,112311;-51,539173;2025-03-09 16:40:00.0;0,00
JAGUAPITÃ;411190201A;PR;Centro;-23,112311;-51,539173;2025-03-09 17:40:00.0;0,00
JAGUAPITÃ;411190201A;PR;Centro;-23,112311;-51,539173;2025-03-09 18:40:00.0;0,00
JAGUAPITÃ;411190201A;PR;Centro;-23,112311;-51,539173;2025-03-09 19:40:00.0;0,00
JAGUAPITÃ;411190201A;PR;Centro;-23,112311;-51,539173;2025-03-09 20:40:00.0;0,00
JAGUAPITÃ;411190201A;PR;Centro;-23,112311;-51,539173;2025-03-09 21:40:00.0;0,00
JAGUAPITÃ;411190201A;PR;Centro;-23,112311;-51,539173;2025-03-09 22:40:00.0;0,00
JAGUAPITÃ;411190201A;PR;Centro;-23,112311;-51,539173;2025-03-09 23:40:00.0;0,00
JAGUAPITÃ;411190201A;PR;Centro;-23,112311;-51,539173;2025-03-10 00:40:00.0;0,00
JAGUAPITÃ;411190201A;PR;Centro;-23,112311;-51,539173;2025-03-10 01:40:00.0;0,00
JAGUAPITÃ;411190201A;PR;Centro;-23,112311;-51,539173;2025-03-10 02:40:00.0;0,00
JAGUAPITÃ;411190201A;PR;Centro;-23,112311;-51,539173;2025-03-10 03:40:00.0;0,00
JAGUAPITÃ;411190201A;PR;Centro;-23,112311;-51,539173;2025-03-10 04:40:00.0;0,00
JAGUAPITÃ;411190201A;PR;Centro;-23,112311;-51,539173;2025-03-10 05:40:00.0;0,00
JAGUAPITÃ;411190201A;PR;Centro;-23,112311;-51,539173;2025-03-10 06:40:00.0;0,00
JAGUAPITÃ;411190201A;PR;Centro;-23,112311;-51,539173;2025-03-10 07:40:00.0;0,00
JAGUAPITÃ;411190201A;PR;Centro;-23,112311;-51,539173;2025-03-10 08:40:00.0;0,00
JAGUAPITÃ;411190201A;PR;Centro;-23,112311;-51,539173;2025-03-10 09:40:00.0;0,00
JAGUAPITÃ;411190201A;PR;Centro;-23,112311;-51,539173;2025-03-10 10:40:00.0;0,00
JAGUAPITÃ;411190201A;PR;Centro;-23,112311;-51,539173;2025-03-10 11:40:00.0;0,00
JAGUAPITÃ;411190201A;PR;Centro;-23,112311;-51,539173;2025-03-10 12:40:00.0;0,00
JAGUAPITÃ;411190201A;PR;Centro;-23,112311;-51,539173;2025-03-10 13:40:00.0;0,00
JAGUAPITÃ;411190201A;PR;Centro;-23,112311;-51,539173;2025-03-10 14:40:00.0;0,00
JAGUAPITÃ;411190201A;PR;Centro;-23,112311;-51,539173;2025-03-10 15:40:00.0;0,00
JAGUAPITÃ;411190201A;PR;Centro;-23,112311;-51,539173;2025-03-10 16:40:00.0;0,00
JAGUAPITÃ;411190201A;PR;Centro;-23,112311;-51,539173;2025-03-10 17:40:00.0;0,00
JAGUAPITÃ;411190201A;PR;Centro;-23,112311;-51,539173;2025-03-10 18:40:00.0;0,00
JAGUAPITÃ;411190201A;PR;Centro;-23,112311;-51,539173;2025-03-10 19:40:00.0;0,00
JAGUAPITÃ;411190201A;PR;Centro;-23,112311;-51,539173;2025-03-10 20:40:00.0;0,00
JAGUAPITÃ;411190201A;PR;Centro;-23,112311;-51,539173;2025-03-10 21:40:00.0;0,00
JAGUAPITÃ;411190201A;PR;Centro;-23,112311;-51,539173;2025-03-10 22:40:00.0;0,00
JAGUAPITÃ;411190201A;PR;Centro;-23,112311;-51,539173;2025-03-10 23:40:00.0;0,00
JAGUAPITÃ;411190201A;PR;Centro;-23,112311;-51,539173;2025-03-11 00:40:00.0;0,00
JAGUAPITÃ;411190201A;PR;Centro;-23,112311;-51,539173;2025-03-11 01:40:00.0;0,00
JAGUAPITÃ;411190201A;PR;Centro;-23,112311;-51,539173;2025-03-11 02:40:00.0;0,00
JAGUAPITÃ;411190201A;PR;Centro;-23,112311;-51,539173;2025-03-11 03:30:00.0;2,20
JAGUAPITÃ;411190201A;PR;Centro;-23,112311;-51,539173;2025-03-11 03:40:00.0;3,20
JAGUAPITÃ;411190201A;PR;Centro;-23,112311;-51,539173;2025-03-11 03:50:00.0;1,20
JAGUAPITÃ;411190201A;PR;Centro;-23,112311;-51,539173;2025-03-11 04:00:00.0;2,40
JAGUAPITÃ;411190201A;PR;Centro;-23,112311;-51,539173;2025-03-11 04:10:00.0;4,80
JAGUAPITÃ;411190201A;PR;Centro;-23,112311;-51,539173;2025-03-11 04:20:00.0;1,80
JAGUAPITÃ;411190201A;PR;Centro;-23,112311;-51,539173;2025-03-11 04:30:00.0;2,60
JAGUAPITÃ;411190201A;PR;Centro;-23,112311;-51,539173;2025-03-11 04:40:00.0;2,80
JAGUAPITÃ;411190201A;PR;Centro;-23,112311;-51,539173;2025-03-11 04:50:00.0;2,20
JAGUAPITÃ;411190201A;PR;Centro;-23,112311;-51,539173;2025-03-11 05:00:00.0;0,80
JAGUAPITÃ;411190201A;PR;Centro;-23,112311;-51,539173;2025-03-11 05:10:00.0;0,40
JAGUAPITÃ;411190201A;PR;Centro;-23,112311;-51,539173;2025-03-11 05:20:00.0;1,40
JAGUAPITÃ;411190201A;PR;Centro;-23,112311;-51,539173;2025-03-11 05:30:00.0;0,80
JAGUAPITÃ;411190201A;PR;Centro;-23,112311;-51,539173;2025-03-11 05:40:00.0;1,20
JAGUAPITÃ;411190201A;PR;Centro;-23,112311;-51,539173;2025-03-11 05:50:00.0;0,60
JAGUAPITÃ;411190201A;PR;Centro;-23,112311;-51,539173;2025-03-11 06:10:00.0;0,20
JAGUAPITÃ;411190201A;PR;Centro;-23,112311;-51,539173;2025-03-11 06:40:00.0;0,20
JAGUAPITÃ;411190201A;PR;Centro;-23,112311;-51,539173;2025-03-11 06:50:00.0;0,20
JAGUAPITÃ;411190201A;PR;Centro;-23,112311;-51,539173;2025-03-11 07:00:00.0;2,40
JAGUAPITÃ;411190201A;PR;Centro;-23,112311;-51,539173;2025-03-11 07:10:00.0;1,00
JAGUAPITÃ;411190201A;PR;Centro;-23,112311;-51,539173;2025-03-11 07:30:00.0;0,20
JAGUAPITÃ;411190201A;PR;Centro;-23,112311;-51,539173;2025-03-11 07:40:00.0;0,00
JAGUAPITÃ;411190201A;PR;Centro;-23,112311;-51,539173;2025-03-11 08:40:00.0;0,00
JAGUAPITÃ;411190201A;PR;Centro;-23,112311;-51,539173;2025-03-11 09:40:00.0;0,00
JAGUAPITÃ;411190201A;PR;Centro;-23,112311;-51,539173;2025-03-11 10:40:00.0;0,00
JAGUAPITÃ;411190201A;PR;Centro;-23,112311;-51,539173;2025-03-11 11:40:00.0;0,00
JAGUAPITÃ;411190201A;PR;Centro;-23,112311;-51,539173;2025-03-11 12:40:00.0;0,00
JAGUAPITÃ;411190201A;PR;Centro;-23,112311;-51,539173;2025-03-11 13:40:00.0;0,00
JAGUAPITÃ;411190201A;PR;Centro;-23,112311;-51,539173;2025-03-11 14:40:00.0;0,00
JAGUAPITÃ;411190201A;PR;Centro;-23,112311;-51,539173;2025-03-11 15:40:00.0;0,00
JAGUAPITÃ;411190201A;PR;Centro;-23,112311;-51,539173;2025-03-11 16:40:00.0;0,00
JAGUAPITÃ;411190201A;PR;Centro;-23,112311;-51,539173;2025-03-11 19:50:00.0;0,00
JAGUAPITÃ;411190201A;PR;Centro;-23,112311;-51,539173;2025-03-11 20:00:00.0;0,00
JAGUAPITÃ;411190201A;PR;Centro;-23,112311;-51,539173;2025-03-11 20:40:00.0;0,00
JAGUAPITÃ;411190201A;PR;Centro;-23,112311;-51,539173;2025-03-11 21:40:00.0;0,00
JAGUAPITÃ;411190201A;PR;Centro;-23,112311;-51,539173;2025-03-11 22:40:00.0;0,00
JAGUAPITÃ;411190201A;PR;Centro;-23,112311;-51,539173;2025-03-11 23:40:00.0;0,00
JAGUAPITÃ;411190201A;PR;Centro;-23,112311;-51,539173;2025-03-12 00:40:00.0;0,00
JAGUAPITÃ;411190201A;PR;Centro;-23,112311;-51,539173;2025-03-12 01:40:00.0;0,00
JAGUAPITÃ;411190201A;PR;Centro;-23,112311;-51,539173;2025-03-12 02:00:00.0;0,20
JAGUAPITÃ;411190201A;PR;Centro;-23,112311;-51,539173;2025-03-12 02:40:00.0;0,00
JAGUAPITÃ;411190201A;PR;Centro;-23,112311;-51,539173;2025-03-12 03:40:00.0;0,00
JAGUAPITÃ;411190201A;PR;Centro;-23,112311;-51,539173;2025-03-12 04:40:00.0;0,00
JAGUAPITÃ;411190201A;PR;Centro;-23,112311;-51,539173;2025-03-12 05:40:00.0;0,00
JAGUAPITÃ;411190201A;PR;Centro;-23,112311;-51,539173;2025-03-12 06:40:00.0;0,00
JAGUAPITÃ;411190201A;PR;Centro;-23,112311;-51,539173;2025-03-12 07:40:00.0;0,00
JAGUAPITÃ;411190201A;PR;Centro;-23,112311;-51,539173;2025-03-12 08:40:00.0;0,00
JAGUAPITÃ;411190201A;PR;Centro;-23,112311;-51,539173;2025-03-12 09:40:00.0;0,00
JAGUAPITÃ;411190201A;PR;Centro;-23,112311;-51,539173;2025-03-12 10:40:00.0;0,00
JAGUAPITÃ;411190201A;PR;Centro;-23,112311;-51,539173;2025-03-12 11:40:00.0;0,00
JAGUAPITÃ;411190201A;PR;Centro;-23,112311;-51,539173;2025-03-12 12:40:00.0;0,00
JAGUAPITÃ;411190201A;PR;Centro;-23,112311;-51,539173;2025-03-12 13:40:00.0;0,00
JAGUAPITÃ;411190201A;PR;Centro;-23,112311;-51,539173;2025-03-12 14:10:00.0;0,20
JAGUAPITÃ;411190201A;PR;Centro;-23,112311;-51,539173;2025-03-12 14:40:00.0;0,00
JAGUAPITÃ;411190201A;PR;Centro;-23,112311;-51,539173;2025-03-12 15:40:00.0;0,00
JAGUAPITÃ;411190201A;PR;Centro;-23,112311;-51,539173;2025-03-12 16:40:00.0;0,00
JAGUAPITÃ;411190201A;PR;Centro;-23,112311;-51,539173;2025-03-12 17:40:00.0;0,00
JAGUAPITÃ;411190201A;PR;Centro;-23,112311;-51,539173;2025-03-12 18:40:00.0;0,00
JAGUAPITÃ;411190201A;PR;Centro;-23,112311;-51,539173;2025-03-12 19:40:00.0;0,00
JAGUAPITÃ;411190201A;PR;Centro;-23,112311;-51,539173;2025-03-12 20:40:00.0;0,00
JAGUAPITÃ;411190201A;PR;Centro;-23,112311;-51,539173;2025-03-12 21:00:00.0;2,60
JAGUAPITÃ;411190201A;PR;Centro;-23,112311;-51,539173;2025-03-12 21:10:00.0;0,20
JAGUAPITÃ;411190201A;PR;Centro;-23,112311;-51,539173;2025-03-12 21:20:00.0;0,60
JAGUAPITÃ;411190201A;PR;Centro;-23,112311;-51,539173;2025-03-12 21:30:00.0;0,20
JAGUAPITÃ;411190201A;PR;Centro;-23,112311;-51,539173;2025-03-12 21:40:00.0;0,40
JAGUAPITÃ;411190201A;PR;Centro;-23,112311;-51,539173;2025-03-12 21:50:00.0;0,20
JAGUAPITÃ;411190201A;PR;Centro;-23,112311;-51,539173;2025-03-12 22:20:00.0;0,40
JAGUAPITÃ;411190201A;PR;Centro;-23,112311;-51,539173;2025-03-12 22:40:00.0;0,00
JAGUAPITÃ;411190201A;PR;Centro;-23,112311;-51,539173;2025-03-12 22:50:00.0;0,20
JAGUAPITÃ;411190201A;PR;Centro;-23,112311;-51,539173;2025-03-12 23:40:00.0;0,00
JAGUAPITÃ;411190201A;PR;Centro;-23,112311;-51,539173;2025-03-13 00:40:00.0;0,00
JAGUAPITÃ;411190201A;PR;Centro;-23,112311;-51,539173;2025-03-13 01:40:00.0;0,00
JAGUAPITÃ;411190201A;PR;Centro;-23,112311;-51,539173;2025-03-13 02:10:00.0;0,20
JAGUAPITÃ;411190201A;PR;Centro;-23,112311;-51,539173;2025-03-13 02:40:00.0;0,00
JAGUAPITÃ;411190201A;PR;Centro;-23,112311;-51,539173;2025-03-13 03:40:00.0;0,00
JAGUAPITÃ;411190201A;PR;Centro;-23,112311;-51,539173;2025-03-13 04:40:00.0;0,00
JAGUAPITÃ;411190201A;PR;Centro;-23,112311;-51,539173;2025-03-13 05:40:00.0;0,00
JAGUAPITÃ;411190201A;PR;Centro;-23,112311;-51,539173;2025-03-13 06:40:00.0;0,00
JAGUAPITÃ;411190201A;PR;Centro;-23,112311;-51,539173;2025-03-13 07:40:00.0;0,00
JAGUAPITÃ;411190201A;PR;Centro;-23,112311;-51,539173;2025-03-13 08:40:00.0;0,00
JAGUAPITÃ;411190201A;PR;Centro;-23,112311;-51,539173;2025-03-13 09:40:00.0;0,00
JAGUAPITÃ;411190201A;PR;Centro;-23,112311;-51,539173;2025-03-13 10:40:00.0;0,00
JAGUAPITÃ;411190201A;PR;Centro;-23,112311;-51,539173;2025-03-13 11:40:00.0;0,00
JAGUAPITÃ;411190201A;PR;Centro;-23,112311;-51,539173;2025-03-13 12:40:00.0;0,00
JAGUAPITÃ;411190201A;PR;Centro;-23,112311;-51,539173;2025-03-13 13:40:00.0;0,00
JAGUAPITÃ;411190201A;PR;Centro;-23,112311;-51,539173;2025-03-13 14:40:00.0;0,00
JAGUAPITÃ;411190201A;PR;Centro;-23,112311;-51,539173;2025-03-13 15:40:00.0;0,00
JAGUAPITÃ;411190201A;PR;Centro;-23,112311;-51,539173;2025-03-13 16:40:00.0;0,00
JAGUAPITÃ;411190201A;PR;Centro;-23,112311;-51,539173;2025-03-13 17:40:00.0;0,00
JAGUAPITÃ;411190201A;PR;Centro;-23,112311;-51,539173;2025-03-13 18:40:00.0;0,00
JAGUAPITÃ;411190201A;PR;Centro;-23,112311;-51,539173;2025-03-13 19:40:00.0;0,00
JAGUAPITÃ;411190201A;PR;Centro;-23,112311;-51,539173;2025-03-13 20:40:00.0;0,00
JAGUAPITÃ;411190201A;PR;Centro;-23,112311;-51,539173;2025-03-13 21:40:00.0;0,00
JAGUAPITÃ;411190201A;PR;Centro;-23,112311;-51,539173;2025-03-13 22:40:00.0;0,00
JAGUAPITÃ;411190201A;PR;Centro;-23,112311;-51,539173;2025-03-13 23:40:00.0;0,00
JAGUAPITÃ;411190201A;PR;Centro;-23,112311;-51,539173;2025-03-14 00:40:00.0;0,00
JAGUAPITÃ;411190201A;PR;Centro;-23,112311;-51,539173;2025-03-14 01:40:00.0;0,00
JAGUAPITÃ;411190201A;PR;Centro;-23,112311;-51,539173;2025-03-14 02:40:00.0;0,00
JAGUAPITÃ;411190201A;PR;Centro;-23,112311;-51,539173;2025-03-14 03:40:00.0;0,00
JAGUAPITÃ;411190201A;PR;Centro;-23,112311;-51,539173;2025-03-14 04:40:00.0;0,00
JAGUAPITÃ;411190201A;PR;Centro;-23,112311;-51,539173;2025-03-14 05:40:00.0;0,00
JAGUAPITÃ;411190201A;PR;Centro;-23,112311;-51,539173;2025-03-14 06:40:00.0;0,00
JAGUAPITÃ;411190201A;PR;Centro;-23,112311;-51,539173;2025-03-14 07:40:00.0;0,00
JAGUAPITÃ;411190201A;PR;Centro;-23,112311;-51,539173;2025-03-14 08:40:00.0;0,00
JAGUAPITÃ;411190201A;PR;Centro;-23,112311;-51,539173;2025-03-14 09:40:00.0;0,00
JAGUAPITÃ;411190201A;PR;Centro;-23,112311;-51,539173;2025-03-14 10:40:00.0;0,00
JAGUAPITÃ;411190201A;PR;Centro;-23,112311;-51,539173;2025-03-14 11:40:00.0;0,00
JAGUAPITÃ;411190201A;PR;Centro;-23,112311;-51,539173;2025-03-14 12:40:00.0;0,00
JAGUAPITÃ;411190201A;PR;Centro;-23,112311;-51,539173;2025-03-14 13:40:00.0;0,00
JAGUAPITÃ;411190201A;PR;Centro;-23,112311;-51,539173;2025-03-14 14:40:00.0;0,00
JAGUAPITÃ;411190201A;PR;Centro;-23,112311;-51,539173;2025-03-14 15:40:00.0;0,00
JAGUAPITÃ;411190201A;PR;Centro;-23,112311;-51,539173;2025-03-14 16:40:00.0;0,00
JAGUAPITÃ;411190201A;PR;Centro;-23,112311;-51,539173;2025-03-14 17:40:00.0;0,00
JAGUAPITÃ;411190201A;PR;Centro;-23,112311;-51,539173;2025-03-14 18:40:00.0;0,00
JAGUAPITÃ;411190201A;PR;Centro;-23,112311;-51,539173;2025-03-14 19:40:00.0;0,00
JAGUAPITÃ;411190201A;PR;Centro;-23,112311;-51,539173;2025-03-14 20:40:00.0;0,00
JAGUAPITÃ;411190201A;PR;Centro;-23,112311;-51,539173;2025-03-14 21:40:00.0;0,00
JAGUAPITÃ;411190201A;PR;Centro;-23,112311;-51,539173;2025-03-14 22:40:00.0;0,00
JAGUAPITÃ;411190201A;PR;Centro;-23,112311;-51,539173;2025-03-14 23:40:00.0;0,00
JAGUAPITÃ;411190201A;PR;Centro;-23,112311;-51,539173;2025-03-15 00:40:00.0;0,00
JAGUAPITÃ;411190201A;PR;Centro;-23,112311;-51,539173;2025-03-15 01:40:00.0;0,00
JAGUAPITÃ;411190201A;PR;Centro;-23,112311;-51,539173;2025-03-15 02:40:00.0;0,00
JAGUAPITÃ;411190201A;PR;Centro;-23,112311;-51,539173;2025-03-15 03:40:00.0;0,00
JAGUAPITÃ;411190201A;PR;Centro;-23,112311;-51,539173;2025-03-15 04:40:00.0;0,00
JAGUAPITÃ;411190201A;PR;Centro;-23,112311;-51,539173;2025-03-15 05:40:00.0;0,00
JAGUAPITÃ;411190201A;PR;Centro;-23,112311;-51,539173;2025-03-15 06:40:00.0;0,00
JAGUAPITÃ;411190201A;PR;Centro;-23,112311;-51,539173;2025-03-15 07:40:00.0;0,00
JAGUAPITÃ;411190201A;PR;Centro;-23,112311;-51,539173;2025-03-15 08:40:00.0;0,00
JAGUAPITÃ;411190201A;PR;Centro;-23,112311;-51,539173;2025-03-15 09:40:00.0;0,00
JAGUAPITÃ;411190201A;PR;Centro;-23,112311;-51,539173;2025-03-15 10:40:00.0;0,00
JAGUAPITÃ;411190201A;PR;Centro;-23,112311;-51,539173;2025-03-15 11:40:00.0;0,00
JAGUAPITÃ;411190201A;PR;Centro;-23,112311;-51,539173;2025-03-15 12:40:00.0;0,00
JAGUAPITÃ;411190201A;PR;Centro;-23,112311;-51,539173;2025-03-15 13:40:00.0;0,00
JAGUAPITÃ;411190201A;PR;Centro;-23,112311;-51,539173;2025-03-15 14:40:00.0;0,00
JAGUAPITÃ;411190201A;PR;Centro;-23,112311;-51,539173;2025-03-15 15:40:00.0;0,00
JAGUAPITÃ;411190201A;PR;Centro;-23,112311;-51,539173;2025-03-15 16:40:00.0;0,00
JAGUAPITÃ;411190201A;PR;Centro;-23,112311;-51,539173;2025-03-15 17:40:00.0;0,00
JAGUAPITÃ;411190201A;PR;Centro;-23,112311;-51,539173;2025-03-15 18:40:00.0;0,00
JAGUAPITÃ;411190201A;PR;Centro;-23,112311;-51,539173;2025-03-15 19:40:00.0;0,00
JAGUAPITÃ;411190201A;PR;Centro;-23,112311;-51,539173;2025-03-15 20:40:00.0;0,00
JAGUAPITÃ;411190201A;PR;Centro;-23,112311;-51,539173;2025-03-15 21:40:00.0;0,00
JAGUAPITÃ;411190201A;PR;Centro;-23,112311;-51,539173;2025-03-15 22:40:00.0;0,00
JAGUAPITÃ;411190201A;PR;Centro;-23,112311;-51,539173;2025-03-15 23:40:00.0;0,00
JAGUAPITÃ;411190201A;PR;Centro;-23,112311;-51,539173;2025-03-16 00:40:00.0;0,00
JAGUAPITÃ;411190201A;PR;Centro;-23,112311;-51,539173;2025-03-16 01:40:00.0;0,00
JAGUAPITÃ;411190201A;PR;Centro;-23,112311;-51,539173;2025-03-16 02:40:00.0;0,00
JAGUAPITÃ;411190201A;PR;Centro;-23,112311;-51,539173;2025-03-16 03:40:00.0;0,00
JAGUAPITÃ;411190201A;PR;Centro;-23,112311;-51,539173;2025-03-16 04:40:00.0;0,00
JAGUAPITÃ;411190201A;PR;Centro;-23,112311;-51,539173;2025-03-16 05:40:00.0;0,00
JAGUAPITÃ;411190201A;PR;Centro;-23,112311;-51,539173;2025-03-16 06:40:00.0;0,00
JAGUAPITÃ;411190201A;PR;Centro;-23,112311;-51,539173;2025-03-16 07:40:00.0;0,00
JAGUAPITÃ;411190201A;PR;Centro;-23,112311;-51,539173;2025-03-16 08:40:00.0;0,00
JAGUAPITÃ;411190201A;PR;Centro;-23,112311;-51,539173;2025-03-16 09:40:00.0;0,00
JAGUAPITÃ;411190201A;PR;Centro;-23,112311;-51,539173;2025-03-16 10:40:00.0;0,00
JAGUAPITÃ;411190201A;PR;Centro;-23,112311;-51,539173;2025-03-16 11:40:00.0;0,00
JAGUAPITÃ;411190201A;PR;Centro;-23,112311;-51,539173;2025-03-16 12:40:00.0;0,00
JAGUAPITÃ;411190201A;PR;Centro;-23,112311;-51,539173;2025-03-16 13:40:00.0;0,00
JAGUAPITÃ;411190201A;PR;Centro;-23,112311;-51,539173;2025-03-16 14:40:00.0;0,00
JAGUAPITÃ;411190201A;PR;Centro;-23,112311;-51,539173;2025-03-16 15:40:00.0;0,00
JAGUAPITÃ;411190201A;PR;Centro;-23,112311;-51,539173;2025-03-16 16:40:00.0;0,00
JAGUAPITÃ;411190201A;PR;Centro;-23,112311;-51,539173;2025-03-16 17:40:00.0;0,00
JAGUAPITÃ;411190201A;PR;Centro;-23,112311;-51,539173;2025-03-16 18:40:00.0;0,00
JAGUAPITÃ;411190201A;PR;Centro;-23,112311;-51,539173;2025-03-16 19:40:00.0;0,00
JAGUAPITÃ;411190201A;PR;Centro;-23,112311;-51,539173;2025-03-16 20:40:00.0;0,00
JAGUAPITÃ;411190201A;PR;Centro;-23,112311;-51,539173;2025-03-16 21:40:00.0;0,00
JAGUAPITÃ;411190201A;PR;Centro;-23,112311;-51,539173;2025-03-16 22:40:00.0;0,00
JAGUAPITÃ;411190201A;PR;Centro;-23,112311;-51,539173;2025-03-16 23:40:00.0;0,00
JAGUAPITÃ;411190201A;PR;Centro;-23,112311;-51,539173;2025-03-17 00:40:00.0;0,00
JAGUAPITÃ;411190201A;PR;Centro;-23,112311;-51,539173;2025-03-17 01:40:00.0;0,00
JAGUAPITÃ;411190201A;PR;Centro;-23,112311;-51,539173;2025-03-17 02:40:00.0;0,00
JAGUAPITÃ;411190201A;PR;Centro;-23,112311;-51,539173;2025-03-17 03:40:00.0;0,00
JAGUAPITÃ;411190201A;PR;Centro;-23,112311;-51,539173;2025-03-17 04:40:00.0;0,00
JAGUAPITÃ;411190201A;PR;Centro;-23,112311;-51,539173;2025-03-17 05:40:00.0;0,00
JAGUAPITÃ;411190201A;PR;Centro;-23,112311;-51,539173;2025-03-17 06:40:00.0;0,00
JAGUAPITÃ;411190201A;PR;Centro;-23,112311;-51,539173;2025-03-17 07:40:00.0;0,00
JAGUAPITÃ;411190201A;PR;Centro;-23,112311;-51,539173;2025-03-17 08:40:00.0;0,00
JAGUAPITÃ;411190201A;PR;Centro;-23,112311;-51,539173;2025-03-17 09:40:00.0;0,00
JAGUAPITÃ;411190201A;PR;Centro;-23,112311;-51,539173;2025-03-17 10:40:00.0;0,00
JAGUAPITÃ;411190201A;PR;Centro;-23,112311;-51,539173;2025-03-17 11:40:00.0;0,00
JAGUAPITÃ;411190201A;PR;Centro;-23,112311;-51,539173;2025-03-17 12:40:00.0;0,00
JAGUAPITÃ;411190201A;PR;Centro;-23,112311;-51,539173;2025-03-17 13:40:00.0;0,00
JAGUAPITÃ;411190201A;PR;Centro;-23,112311;-51,539173;2025-03-17 14:40:00.0;0,00
JAGUAPITÃ;411190201A;PR;Centro;-23,112311;-51,539173;2025-03-17 15:40:00.0;0,00
JAGUAPITÃ;411190201A;PR;Centro;-23,112311;-51,539173;2025-03-17 16:40:00.0;0,00
JAGUAPITÃ;411190201A;PR;Centro;-23,112311;-51,539173;2025-03-17 17:40:00.0;0,00
JAGUAPITÃ;411190201A;PR;Centro;-23,112311;-51,539173;2025-03-17 18:40:00.0;0,00
JAGUAPITÃ;411190201A;PR;Centro;-23,112311;-51,539173;2025-03-17 19:40:00.0;0,00
JAGUAPITÃ;411190201A;PR;Centro;-23,112311;-51,539173;2025-03-17 20:40:00.0;0,00
JAGUAPITÃ;411190201A;PR;Centro;-23,112311;-51,539173;2025-03-17 21:40:00.0;0,00
JAGUAPITÃ;411190201A;PR;Centro;-23,112311;-51,539173;2025-03-17 22:40:00.0;0,00
JAGUAPITÃ;411190201A;PR;Centro;-23,112311;-51,539173;2025-03-17 23:40:00.0;0,00
JAGUAPITÃ;411190201A;PR;Centro;-23,112311;-51,539173;2025-03-18 00:40:00.0;0,00
JAGUAPITÃ;411190201A;PR;Centro;-23,112311;-51,539173;2025-03-18 01:40:00.0;0,00
JAGUAPITÃ;411190201A;PR;Centro;-23,112311;-51,539173;2025-03-18 02:40:00.0;0,00
JAGUAPITÃ;411190201A;PR;Centro;-23,112311;-51,539173;2025-03-18 03:40:00.0;0,00
JAGUAPITÃ;411190201A;PR;Centro;-23,112311;-51,539173;2025-03-18 04:40:00.0;0,00
JAGUAPITÃ;411190201A;PR;Centro;-23,112311;-51,539173;2025-03-18 05:40:00.0;0,00
JAGUAPITÃ;411190201A;PR;Centro;-23,112311;-51,539173;2025-03-18 06:40:00.0;0,00
JAGUAPITÃ;411190201A;PR;Centro;-23,112311;-51,539173;2025-03-18 07:40:00.0;0,00
JAGUAPITÃ;411190201A;PR;Centro;-23,112311;-51,539173;2025-03-18 08:40:00.0;0,00
JAGUAPITÃ;411190201A;PR;Centro;-23,112311;-51,539173;2025-03-18 09:40:00.0;0,00
JAGUAPITÃ;411190201A;PR;Centro;-23,112311;-51,539173;2025-03-18 10:40:00.0;0,00
JAGUAPITÃ;411190201A;PR;Centro;-23,112311;-51,539173;2025-03-18 11:20:00.0;0,40
JAGUAPITÃ;411190201A;PR;Centro;-23,112311;-51,539173;2025-03-18 11:30:00.0;1,40
JAGUAPITÃ;411190201A;PR;Centro;-23,112311;-51,539173;2025-03-18 11:40:00.0;0,80
JAGUAPITÃ;411190201A;PR;Centro;-23,112311;-51,539173;2025-03-18 11:50:00.0;0,80
JAGUAPITÃ;411190201A;PR;Centro;-23,112311;-51,539173;2025-03-18 12:00:00.0;0,40
JAGUAPITÃ;411190201A;PR;Centro;-23,112311;-51,539173;2025-03-18 12:10:00.0;0,80
JAGUAPITÃ;411190201A;PR;Centro;-23,112311;-51,539173;2025-03-18 12:20:00.0;0,40
JAGUAPITÃ;411190201A;PR;Centro;-23,112311;-51,539173;2025-03-18 12:30:00.0;0,20
JAGUAPITÃ;411190201A;PR;Centro;-23,112311;-51,539173;2025-03-18 12:40:00.0;0,00
JAGUAPITÃ;411190201A;PR;Centro;-23,112311;-51,539173;2025-03-18 13:40:00.0;0,00
JAGUAPITÃ;411190201A;PR;Centro;-23,112311;-51,539173;2025-03-18 14:40:00.0;0,00
JAGUAPITÃ;411190201A;PR;Centro;-23,112311;-51,539173;2025-03-18 15:40:00.0;0,00
JAGUAPITÃ;411190201A;PR;Centro;-23,112311;-51,539173;2025-03-18 16:40:00.0;0,00
JAGUAPITÃ;411190201A;PR;Centro;-23,112311;-51,539173;2025-03-18 17:40:00.0;0,00
JAGUAPITÃ;411190201A;PR;Centro;-23,112311;-51,539173;2025-03-18 18:40:00.0;0,00
JAGUAPITÃ;411190201A;PR;Centro;-23,112311;-51,539173;2025-03-18 19:40:00.0;0,00
JAGUAPITÃ;411190201A;PR;Centro;-23,112311;-51,539173;2025-03-18 20:40:00.0;0,00
JAGUAPITÃ;411190201A;PR;Centro;-23,112311;-51,539173;2025-03-18 21:40:00.0;0,00
JAGUAPITÃ;411190201A;PR;Centro;-23,112311;-51,539173;2025-03-18 22:40:00.0;0,00
JAGUAPITÃ;411190201A;PR;Centro;-23,112311;-51,539173;2025-03-18 23:40:00.0;0,00
JAGUAPITÃ;411190201A;PR;Centro;-23,112311;-51,539173;2025-03-19 00:40:00.0;0,00
JAGUAPITÃ;411190201A;PR;Centro;-23,112311;-51,539173;2025-03-19 01:40:00.0;0,00
JAGUAPITÃ;411190201A;PR;Centro;-23,112311;-51,539173;2025-03-19 02:40:00.0;0,00
JAGUAPITÃ;411190201A;PR;Centro;-23,112311;-51,539173;2025-03-19 03:40:00.0;0,00
JAGUAPITÃ;411190201A;PR;Centro;-23,112311;-51,539173;2025-03-19 04:40:00.0;0,00
JAGUAPITÃ;411190201A;PR;Centro;-23,112311;-51,539173;2025-03-19 05:40:00.0;0,00
JAGUAPITÃ;411190201A;PR;Centro;-23,112311;-51,539173;2025-03-19 06:40:00.0;0,00
JAGUAPITÃ;411190201A;PR;Centro;-23,112311;-51,539173;2025-03-19 07:40:00.0;0,00
JAGUAPITÃ;411190201A;PR;Centro;-23,112311;-51,539173;2025-03-19 08:40:00.0;0,00
JAGUAPITÃ;411190201A;PR;Centro;-23,112311;-51,539173;2025-03-19 09:40:00.0;0,00
JAGUAPITÃ;411190201A;PR;Centro;-23,112311;-51,539173;2025-03-19 10:40:00.0;0,00
JAGUAPITÃ;411190201A;PR;Centro;-23,112311;-51,539173;2025-03-19 11:40:00.0;0,00
JAGUAPITÃ;411190201A;PR;Centro;-23,112311;-51,539173;2025-03-19 12:40:00.0;0,00
JAGUAPITÃ;411190201A;PR;Centro;-23,112311;-51,539173;2025-03-19 13:40:00.0;0,00
JAGUAPITÃ;411190201A;PR;Centro;-23,112311;-51,539173;2025-03-19 14:40:00.0;0,00
JAGUAPITÃ;411190201A;PR;Centro;-23,112311;-51,539173;2025-03-19 15:40:00.0;0,00
JAGUAPITÃ;411190201A;PR;Centro;-23,112311;-51,539173;2025-03-19 16:40:00.0;0,00
JAGUAPITÃ;411190201A;PR;Centro;-23,112311;-51,539173;2025-03-19 17:40:00.0;0,00
JAGUAPITÃ;411190201A;PR;Centro;-23,112311;-51,539173;2025-03-19 18:40:00.0;0,00
JAGUAPITÃ;411190201A;PR;Centro;-23,112311;-51,539173;2025-03-19 19:40:00.0;0,00
JAGUAPITÃ;411190201A;PR;Centro;-23,112311;-51,539173;2025-03-19 20:20:00.0;1,00
JAGUAPITÃ;411190201A;PR;Centro;-23,112311;-51,539173;2025-03-19 20:30:00.0;7,20
JAGUAPITÃ;411190201A;PR;Centro;-23,112311;-51,539173;2025-03-19 20:40:00.0;14,60
JAGUAPITÃ;411190201A;PR;Centro;-23,112311;-51,539173;2025-03-19 20:50:00.0;12,80
JAGUAPITÃ;411190201A;PR;Centro;-23,112311;-51,539173;2025-03-19 21:00:00.0;1,40
JAGUAPITÃ;411190201A;PR;Centro;-23,112311;-51,539173;2025-03-19 21:20:00.0;0,20
JAGUAPITÃ;411190201A;PR;Centro;-23,112311;-51,539173;2025-03-19 21:30:00.0;0,20
JAGUAPITÃ;411190201A;PR;Centro;-23,112311;-51,539173;2025-03-19 21:40:00.0;0,00
JAGUAPITÃ;411190201A;PR;Centro;-23,112311;-51,539173;2025-03-19 22:40:00.0;0,00
JAGUAPITÃ;411190201A;PR;Centro;-23,112311;-51,539173;2025-03-19 23:40:00.0;0,00
JAGUAPITÃ;411190201A;PR;Centro;-23,112311;-51,539173;2025-03-20 00:40:00.0;0,00
JAGUAPITÃ;411190201A;PR;Centro;-23,112311;-51,539173;2025-03-20 01:40:00.0;0,00
JAGUAPITÃ;411190201A;PR;Centro;-23,112311;-51,539173;2025-03-20 02:40:00.0;0,00
JAGUAPITÃ;411190201A;PR;Centro;-23,112311;-51,539173;2025-03-20 03:40:00.0;0,00
JAGUAPITÃ;411190201A;PR;Centro;-23,112311;-51,539173;2025-03-20 04:40:00.0;0,00
JAGUAPITÃ;411190201A;PR;Centro;-23,112311;-51,539173;2025-03-20 05:40:00.0;0,00
JAGUAPITÃ;411190201A;PR;Centro;-23,112311;-51,539173;2025-03-20 06:40:00.0;0,00
JAGUAPITÃ;411190201A;PR;Centro;-23,112311;-51,539173;2025-03-20 07:40:00.0;0,00
JAGUAPITÃ;411190201A;PR;Centro;-23,112311;-51,539173;2025-03-20 08:40:00.0;0,00
JAGUAPITÃ;411190201A;PR;Centro;-23,112311;-51,539173;2025-03-20 09:40:00.0;0,00
JAGUAPITÃ;411190201A;PR;Centro;-23,112311;-51,539173;2025-03-20 10:40:00.0;0,00
JAGUAPITÃ;411190201A;PR;Centro;-23,112311;-51,539173;2025-03-20 11:40:00.0;0,00
JAGUAPITÃ;411190201A;PR;Centro;-23,112311;-51,539173;2025-03-20 12:40:00.0;0,00
JAGUAPITÃ;411190201A;PR;Centro;-23,112311;-51,539173;2025-03-20 13:40:00.0;0,00
JAGUAPITÃ;411190201A;PR;Centro;-23,112311;-51,539173;2025-03-20 14:40:00.0;0,00
JAGUAPITÃ;411190201A;PR;Centro;-23,112311;-51,539173;2025-03-20 15:40:00.0;0,00
JAGUAPITÃ;411190201A;PR;Centro;-23,112311;-51,539173;2025-03-20 16:40:00.0;0,00
JAGUAPITÃ;411190201A;PR;Centro;-23,112311;-51,539173;2025-03-20 17:40:00.0;0,00
JAGUAPITÃ;411190201A;PR;Centro;-23,112311;-51,539173;2025-03-20 18:40:00.0;0,00
JAGUAPITÃ;411190201A;PR;Centro;-23,112311;-51,539173;2025-03-20 19:40:00.0;0,00
JAGUAPITÃ;411190201A;PR;Centro;-23,112311;-51,539173;2025-03-20 20:40:00.0;0,00
JAGUAPITÃ;411190201A;PR;Centro;-23,112311;-51,539173;2025-03-20 21:40:00.0;0,00
JAGUAPITÃ;411190201A;PR;Centro;-23,112311;-51,539173;2025-03-20 22:40:00.0;0,00
JAGUAPITÃ;411190201A;PR;Centro;-23,112311;-51,539173;2025-03-20 23:40:00.0;0,00
JAGUAPITÃ;411190201A;PR;Centro;-23,112311;-51,539173;2025-03-21 00:40:00.0;0,00
JAGUAPITÃ;411190201A;PR;Centro;-23,112311;-51,539173;2025-03-21 01:40:00.0;0,00
JAGUAPITÃ;411190201A;PR;Centro;-23,112311;-51,539173;2025-03-21 02:40:00.0;0,00
JAGUAPITÃ;411190201A;PR;Centro;-23,112311;-51,539173;2025-03-21 03:40:00.0;0,00
JAGUAPITÃ;411190201A;PR;Centro;-23,112311;-51,539173;2025-03-21 04:40:00.0;0,00
JAGUAPITÃ;411190201A;PR;Centro;-23,112311;-51,539173;2025-03-21 05:40:00.0;0,00
JAGUAPITÃ;411190201A;PR;Centro;-23,112311;-51,539173;2025-03-21 06:40:00.0;0,00
JAGUAPITÃ;411190201A;PR;Centro;-23,112311;-51,539173;2025-03-21 07:40:00.0;0,00
JAGUAPITÃ;411190201A;PR;Centro;-23,112311;-51,539173;2025-03-21 08:40:00.0;0,00
JAGUAPITÃ;411190201A;PR;Centro;-23,112311;-51,539173;2025-03-21 09:40:00.0;0,00
JAGUAPITÃ;411190201A;PR;Centro;-23,112311;-51,539173;2025-03-21 10:40:00.0;0,00
JAGUAPITÃ;411190201A;PR;Centro;-23,112311;-51,539173;2025-03-21 11:40:00.0;0,00
JAGUAPITÃ;411190201A;PR;Centro;-23,112311;-51,539173;2025-03-21 12:40:00.0;0,00
JAGUAPITÃ;411190201A;PR;Centro;-23,112311;-51,539173;2025-03-21 13:40:00.0;0,00
JAGUAPITÃ;411190201A;PR;Centro;-23,112311;-51,539173;2025-03-21 14:40:00.0;0,00
JAGUAPITÃ;411190201A;PR;Centro;-23,112311;-51,539173;2025-03-21 15:40:00.0;0,00
JAGUAPITÃ;411190201A;PR;Centro;-23,112311;-51,539173;2025-03-21 16:40:00.0;0,00
JAGUAPITÃ;411190201A;PR;Centro;-23,112311;-51,539173;2025-03-21 17:40:00.0;0,00
JAGUAPITÃ;411190201A;PR;Centro;-23,112311;-51,539173;2025-03-21 18:40:00.0;0,00
JAGUAPITÃ;411190201A;PR;Centro;-23,112311;-51,539173;2025-03-21 19:40:00.0;0,00
JAGUAPITÃ;411190201A;PR;Centro;-23,112311;-51,539173;2025-03-21 20:40:00.0;0,00
JAGUAPITÃ;411190201A;PR;Centro;-23,112311;-51,539173;2025-03-21 21:40:00.0;0,00
JAGUAPITÃ;411190201A;PR;Centro;-23,112311;-51,539173;2025-03-21 22:40:00.0;0,00
JAGUAPITÃ;411190201A;PR;Centro;-23,112311;-51,539173;2025-03-21 23:40:00.0;0,00
JAGUAPITÃ;411190201A;PR;Centro;-23,112311;-51,539173;2025-03-22 00:40:00.0;0,00
JAGUAPITÃ;411190201A;PR;Centro;-23,112311;-51,539173;2025-03-22 01:40:00.0;0,00
JAGUAPITÃ;411190201A;PR;Centro;-23,112311;-51,539173;2025-03-22 02:40:00.0;0,00
JAGUAPITÃ;411190201A;PR;Centro;-23,112311;-51,539173;2025-03-22 03:40:00.0;0,00
JAGUAPITÃ;411190201A;PR;Centro;-23,112311;-51,539173;2025-03-22 04:40:00.0;0,00
JAGUAPITÃ;411190201A;PR;Centro;-23,112311;-51,539173;2025-03-22 05:40:00.0;0,00
JAGUAPITÃ;411190201A;PR;Centro;-23,112311;-51,539173;2025-03-22 06:40:00.0;0,00
JAGUAPITÃ;411190201A;PR;Centro;-23,112311;-51,539173;2025-03-22 07:40:00.0;0,00
JAGUAPITÃ;411190201A;PR;Centro;-23,112311;-51,539173;2025-03-22 08:40:00.0;0,00
JAGUAPITÃ;411190201A;PR;Centro;-23,112311;-51,539173;2025-03-22 09:40:00.0;0,00
JAGUAPITÃ;411190201A;PR;Centro;-23,112311;-51,539173;2025-03-22 10:40:00.0;0,00
JAGUAPITÃ;411190201A;PR;Centro;-23,112311;-51,539173;2025-03-22 11:40:00.0;0,00
JAGUAPITÃ;411190201A;PR;Centro;-23,112311;-51,539173;2025-03-22 12:40:00.0;0,00
JAGUAPITÃ;411190201A;PR;Centro;-23,112311;-51,539173;2025-03-22 13:40:00.0;0,00
JAGUAPITÃ;411190201A;PR;Centro;-23,112311;-51,539173;2025-03-22 14:40:00.0;0,00
JAGUAPITÃ;411190201A;PR;Centro;-23,112311;-51,539173;2025-03-22 15:40:00.0;0,00
JAGUAPITÃ;411190201A;PR;Centro;-23,112311;-51,539173;2025-03-22 16:40:00.0;0,00
JAGUAPITÃ;411190201A;PR;Centro;-23,112311;-51,539173;2025-03-22 17:40:00.0;0,00
JAGUAPITÃ;411190201A;PR;Centro;-23,112311;-51,539173;2025-03-22 18:40:00.0;0,00
JAGUAPITÃ;411190201A;PR;Centro;-23,112311;-51,539173;2025-03-22 19:40:00.0;0,00
JAGUAPITÃ;411190201A;PR;Centro;-23,112311;-51,539173;2025-03-22 20:40:00.0;0,00
JAGUAPITÃ;411190201A;PR;Centro;-23,112311;-51,539173;2025-03-22 21:40:00.0;0,00
JAGUAPITÃ;411190201A;PR;Centro;-23,112311;-51,539173;2025-03-22 22:40:00.0;0,00
JAGUAPITÃ;411190201A;PR;Centro;-23,112311;-51,539173;2025-03-22 23:40:00.0;0,00
JAGUAPITÃ;411190201A;PR;Centro;-23,112311;-51,539173;2025-03-23 00:40:00.0;0,00
JAGUAPITÃ;411190201A;PR;Centro;-23,112311;-51,539173;2025-03-23 01:40:00.0;0,00
JAGUAPITÃ;411190201A;PR;Centro;-23,112311;-51,539173;2025-03-23 02:40:00.0;0,00
JAGUAPITÃ;411190201A;PR;Centro;-23,112311;-51,539173;2025-03-23 03:40:00.0;0,00
JAGUAPITÃ;411190201A;PR;Centro;-23,112311;-51,539173;2025-03-23 04:40:00.0;0,00
JAGUAPITÃ;411190201A;PR;Centro;-23,112311;-51,539173;2025-03-23 05:40:00.0;0,00
JAGUAPITÃ;411190201A;PR;Centro;-23,112311;-51,539173;2025-03-23 06:40:00.0;0,00
JAGUAPITÃ;411190201A;PR;Centro;-23,112311;-51,539173;2025-03-23 07:40:00.0;0,00
JAGUAPITÃ;411190201A;PR;Centro;-23,112311;-51,539173;2025-03-23 08:40:00.0;0,00
JAGUAPITÃ;411190201A;PR;Centro;-23,112311;-51,539173;2025-03-23 09:40:00.0;0,00
JAGUAPITÃ;411190201A;PR;Centro;-23,112311;-51,539173;2025-03-23 10:40:00.0;0,00
JAGUAPITÃ;411190201A;PR;Centro;-23,112311;-51,539173;2025-03-23 11:40:00.0;0,00
JAGUAPITÃ;411190201A;PR;Centro;-23,112311;-51,539173;2025-03-23 12:40:00.0;0,00
JAGUAPITÃ;411190201A;PR;Centro;-23,112311;-51,539173;2025-03-23 13:40:00.0;0,00
JAGUAPITÃ;411190201A;PR;Centro;-23,112311;-51,539173;2025-03-23 14:40:00.0;0,00
JAGUAPITÃ;411190201A;PR;Centro;-23,112311;-51,539173;2025-03-23 14:50:00.0;0,20
JAGUAPITÃ;411190201A;PR;Centro;-23,112311;-51,539173;2025-03-23 15:40:00.0;0,00
JAGUAPITÃ;411190201A;PR;Centro;-23,112311;-51,539173;2025-03-23 16:40:00.0;0,00
JAGUAPITÃ;411190201A;PR;Centro;-23,112311;-51,539173;2025-03-23 17:40:00.0;0,00
JAGUAPITÃ;411190201A;PR;Centro;-23,112311;-51,539173;2025-03-23 18:00:00.0;2,20
JAGUAPITÃ;411190201A;PR;Centro;-23,112311;-51,539173;2025-03-23 18:10:00.0;12,20
JAGUAPITÃ;411190201A;PR;Centro;-23,112311;-51,539173;2025-03-23 18:20:00.0;11,00
JAGUAPITÃ;411190201A;PR;Centro;-23,112311;-51,539173;2025-03-23 18:30:00.0;0,40
JAGUAPITÃ;411190201A;PR;Centro;-23,112311;-51,539173;2025-03-23 18:40:00.0;3,60
JAGUAPITÃ;411190201A;PR;Centro;-23,112311;-51,539173;2025-03-23 18:50:00.0;2,60
JAGUAPITÃ;411190201A;PR;Centro;-23,112311;-51,539173;2025-03-23 19:00:00.0;0,20
JAGUAPITÃ;411190201A;PR;Centro;-23,112311;-51,539173;2025-03-23 19:40:00.0;0,00
JAGUAPITÃ;411190201A;PR;Centro;-23,112311;-51,539173;2025-03-23 20:40:00.0;0,00
JAGUAPITÃ;411190201A;PR;Centro;-23,112311;-51,539173;2025-03-23 21:40:00.0;0,00
JAGUAPITÃ;411190201A;PR;Centro;-23,112311;-51,539173;2025-03-23 22:40:00.0;0,00
JAGUAPITÃ;411190201A;PR;Centro;-23,112311;-51,539173;2025-03-23 23:30:00.0;0,40
JAGUAPITÃ;411190201A;PR;Centro;-23,112311;-51,539173;2025-03-23 23:40:00.0;4,60
JAGUAPITÃ;411190201A;PR;Centro;-23,112311;-51,539173;2025-03-23 23:50:00.0;2,60
JAGUAPITÃ;411190201A;PR;Centro;-23,112311;-51,539173;2025-03-24 00:00:00.0;0,40
JAGUAPITÃ;411190201A;PR;Centro;-23,112311;-51,539173;2025-03-24 00:30:00.0;0,40
JAGUAPITÃ;411190201A;PR;Centro;-23,112311;-51,539173;2025-03-24 00:40:00.0;0,00
JAGUAPITÃ;411190201A;PR;Centro;-23,112311;-51,539173;2025-03-24 01:40:00.0;0,00
JAGUAPITÃ;411190201A;PR;Centro;-23,112311;-51,539173;2025-03-24 02:40:00.0;0,00
JAGUAPITÃ;411190201A;PR;Centro;-23,112311;-51,539173;2025-03-24 03:40:00.0;0,00
JAGUAPITÃ;411190201A;PR;Centro;-23,112311;-51,539173;2025-03-24 04:40:00.0;0,00
JAGUAPITÃ;411190201A;PR;Centro;-23,112311;-51,539173;2025-03-24 05:40:00.0;0,00
JAGUAPITÃ;411190201A;PR;Centro;-23,112311;-51,539173;2025-03-24 06:40:00.0;0,00
JAGUAPITÃ;411190201A;PR;Centro;-23,112311;-51,539173;2025-03-24 07:40:00.0;0,00
JAGUAPITÃ;411190201A;PR;Centro;-23,112311;-51,539173;2025-03-24 08:40:00.0;0,00
JAGUAPITÃ;411190201A;PR;Centro;-23,112311;-51,539173;2025-03-24 09:40:00.0;0,00
JAGUAPITÃ;411190201A;PR;Centro;-23,112311;-51,539173;2025-03-24 10:40:00.0;0,00
JAGUAPITÃ;411190201A;PR;Centro;-23,112311;-51,539173;2025-03-24 11:40:00.0;0,00
JAGUAPITÃ;411190201A;PR;Centro;-23,112311;-51,539173;2025-03-24 12:40:00.0;0,00
JAGUAPITÃ;411190201A;PR;Centro;-23,112311;-51,539173;2025-03-24 13:40:00.0;0,00
JAGUAPITÃ;411190201A;PR;Centro;-23,112311;-51,539173;2025-03-24 14:40:00.0;0,00
JAGUAPITÃ;411190201A;PR;Centro;-23,112311;-51,539173;2025-03-24 15:40:00.0;0,00
JAGUAPITÃ;411190201A;PR;Centro;-23,112311;-51,539173;2025-03-24 16:40:00.0;0,00
JAGUAPITÃ;411190201A;PR;Centro;-23,112311;-51,539173;2025-03-24 17:40:00.0;0,00
JAGUAPITÃ;411190201A;PR;Centro;-23,112311;-51,539173;2025-03-24 18:40:00.0;0,00
JAGUAPITÃ;411190201A;PR;Centro;-23,112311;-51,539173;2025-03-24 19:40:00.0;0,00
JAGUAPITÃ;411190201A;PR;Centro;-23,112311;-51,539173;2025-03-24 20:40:00.0;0,00
JAGUAPITÃ;411190201A;PR;Centro;-23,112311;-51,539173;2025-03-24 21:40:00.0;0,00
JAGUAPITÃ;411190201A;PR;Centro;-23,112311;-51,539173;2025-03-24 22:40:00.0;0,00
JAGUAPITÃ;411190201A;PR;Centro;-23,112311;-51,539173;2025-03-24 23:40:00.0;0,00
JAGUAPITÃ;411190201A;PR;Centro;-23,112311;-51,539173;2025-03-25 00:40:00.0;0,00
JAGUAPITÃ;411190201A;PR;Centro;-23,112311;-51,539173;2025-03-25 01:40:00.0;0,00
JAGUAPITÃ;411190201A;PR;Centro;-23,112311;-51,539173;2025-03-25 02:40:00.0;0,00
JAGUAPITÃ;411190201A;PR;Centro;-23,112311;-51,539173;2025-03-25 03:40:00.0;0,00
JAGUAPITÃ;411190201A;PR;Centro;-23,112311;-51,539173;2025-03-25 04:40:00.0;0,00
JAGUAPITÃ;411190201A;PR;Centro;-23,112311;-51,539173;2025-03-25 05:40:00.0;0,00
JAGUAPITÃ;411190201A;PR;Centro;-23,112311;-51,539173;2025-03-25 06:40:00.0;0,00
JAGUAPITÃ;411190201A;PR;Centro;-23,112311;-51,539173;2025-03-25 07:40:00.0;0,00
JAGUAPITÃ;411190201A;PR;Centro;-23,112311;-51,539173;2025-03-25 08:40:00.0;0,00
JAGUAPITÃ;411190201A;PR;Centro;-23,112311;-51,539173;2025-03-25 09:40:00.0;0,00
JAGUAPITÃ;411190201A;PR;Centro;-23,112311;-51,539173;2025-03-25 10:40:00.0;0,00
JAGUAPITÃ;411190201A;PR;Centro;-23,112311;-51,539173;2025-03-25 11:40:00.0;0,00
JAGUAPITÃ;411190201A;PR;Centro;-23,112311;-51,539173;2025-03-25 12:40:00.0;0,00
JAGUAPITÃ;411190201A;PR;Centro;-23,112311;-51,539173;2025-03-25 13:40:00.0;0,00
JAGUAPITÃ;411190201A;PR;Centro;-23,112311;-51,539173;2025-03-25 14:40:00.0;0,00
JAGUAPITÃ;411190201A;PR;Centro;-23,112311;-51,539173;2025-03-25 15:40:00.0;0,00
JAGUAPITÃ;411190201A;PR;Centro;-23,112311;-51,539173;2025-03-25 16:40:00.0;0,00
JAGUAPITÃ;411190201A;PR;Centro;-23,112311;-51,539173;2025-03-25 17:40:00.0;0,00
JAGUAPITÃ;411190201A;PR;Centro;-23,112311;-51,539173;2025-03-25 18:40:00.0;0,00
JAGUAPITÃ;411190201A;PR;Centro;-23,112311;-51,539173;2025-03-25 19:40:00.0;0,00
JAGUAPITÃ;411190201A;PR;Centro;-23,112311;-51,539173;2025-03-25 20:40:00.0;0,00
JAGUAPITÃ;411190201A;PR;Centro;-23,112311;-51,539173;2025-03-25 21:40:00.0;0,00
JAGUAPITÃ;411190201A;PR;Centro;-23,112311;-51,539173;2025-03-25 22:40:00.0;0,00
JAGUAPITÃ;411190201A;PR;Centro;-23,112311;-51,539173;2025-03-25 23:40:00.0;0,00
JAGUAPITÃ;411190201A;PR;Centro;-23,112311;-51,539173;2025-03-26 00:40:00.0;0,00
JAGUAPITÃ;411190201A;PR;Centro;-23,112311;-51,539173;2025-03-26 01:40:00.0;0,00
JAGUAPITÃ;411190201A;PR;Centro;-23,112311;-51,539173;2025-03-26 02:30:00.0;0,20
JAGUAPITÃ;411190201A;PR;Centro;-23,112311;-51,539173;2025-03-26 02:40:00.0;0,00
JAGUAPITÃ;411190201A;PR;Centro;-23,112311;-51,539173;2025-03-26 03:00:00.0;0,40
JAGUAPITÃ;411190201A;PR;Centro;-23,112311;-51,539173;2025-03-26 03:10:00.0;0,20
JAGUAPITÃ;411190201A;PR;Centro;-23,112311;-51,539173;2025-03-26 03:20:00.0;0,80
JAGUAPITÃ;411190201A;PR;Centro;-23,112311;-51,539173;2025-03-26 03:30:00.0;0,40
JAGUAPITÃ;411190201A;PR;Centro;-23,112311;-51,539173;2025-03-26 03:40:00.0;0,60
JAGUAPITÃ;411190201A;PR;Centro;-23,112311;-51,539173;2025-03-26 03:50:00.0;0,80
JAGUAPITÃ;411190201A;PR;Centro;-23,112311;-51,539173;2025-03-26 04:00:00.0;0,60
JAGUAPITÃ;411190201A;PR;Centro;-23,112311;-51,539173;2025-03-26 04:10:00.0;0,20
JAGUAPITÃ;411190201A;PR;Centro;-23,112311;-51,539173;2025-03-26 04:20:00.0;0,60
JAGUAPITÃ;411190201A;PR;Centro;-23,112311;-51,539173;2025-03-26 04:30:00.0;0,60
JAGUAPITÃ;411190201A;PR;Centro;-23,112311;-51,539173;2025-03-26 04:40:00.0;1,00
JAGUAPITÃ;411190201A;PR;Centro;-23,112311;-51,539173;2025-03-26 04:50:00.0;0,60
JAGUAPITÃ;411190201A;PR;Centro;-23,112311;-51,539173;2025-03-26 05:40:00.0;0,00
JAGUAPITÃ;411190201A;PR;Centro;-23,112311;-51,539173;2025-03-26 06:40:00.0;0,00
JAGUAPITÃ;411190201A;PR;Centro;-23,112311;-51,539173;2025-03-26 07:40:00.0;0,00
JAGUAPITÃ;411190201A;PR;Centro;-23,112311;-51,539173;2025-03-26 08:40:00.0;0,00
JAGUAPITÃ;411190201A;PR;Centro;-23,112311;-51,539173;2025-03-26 09:40:00.0;0,00
JAGUAPITÃ;411190201A;PR;Centro;-23,112311;-51,539173;2025-03-26 10:40:00.0;0,00
JAGUAPITÃ;411190201A;PR;Centro;-23,112311;-51,539173;2025-03-26 11:40:00.0;0,00
JAGUAPITÃ;411190201A;PR;Centro;-23,112311;-51,539173;2025-03-26 12:40:00.0;0,00
JAGUAPITÃ;411190201A;PR;Centro;-23,112311;-51,539173;2025-03-26 13:40:00.0;0,20
JAGUAPITÃ;411190201A;PR;Centro;-23,112311;-51,539173;2025-03-26 14:40:00.0;0,00
JAGUAPITÃ;411190201A;PR;Centro;-23,112311;-51,539173;2025-03-26 15:40:00.0;0,00
JAGUAPITÃ;411190201A;PR;Centro;-23,112311;-51,539173;2025-03-26 16:40:00.0;0,00
JAGUAPITÃ;411190201A;PR;Centro;-23,112311;-51,539173;2025-03-26 17:40:00.0;0,00
JAGUAPITÃ;411190201A;PR;Centro;-23,112311;-51,539173;2025-03-26 18:40:00.0;0,00
JAGUAPITÃ;411190201A;PR;Centro;-23,112311;-51,539173;2025-03-26 19:40:00.0;0,00
JAGUAPITÃ;411190201A;PR;Centro;-23,112311;-51,539173;2025-03-26 20:40:00.0;0,00
JAGUAPITÃ;411190201A;PR;Centro;-23,112311;-51,539173;2025-03-26 21:40:00.0;0,00
JAGUAPITÃ;411190201A;PR;Centro;-23,112311;-51,539173;2025-03-26 22:40:00.0;0,00
JAGUAPITÃ;411190201A;PR;Centro;-23,112311;-51,539173;2025-03-26 23:40:00.0;0,00
JAGUAPITÃ;411190201A;PR;Centro;-23,112311;-51,539173;2025-03-27 00:40:00.0;0,00
JAGUAPITÃ;411190201A;PR;Centro;-23,112311;-51,539173;2025-03-27 01:40:00.0;0,00
JAGUAPITÃ;411190201A;PR;Centro;-23,112311;-51,539173;2025-03-27 02:40:00.0;0,00
JAGUAPITÃ;411190201A;PR;Centro;-23,112311;-51,539173;2025-03-27 03:40:00.0;0,00
JAGUAPITÃ;411190201A;PR;Centro;-23,112311;-51,539173;2025-03-27 04:40:00.0;0,00
JAGUAPITÃ;411190201A;PR;Centro;-23,112311;-51,539173;2025-03-27 05:40:00.0;0,00
JAGUAPITÃ;411190201A;PR;Centro;-23,112311;-51,539173;2025-03-27 06:40:00.0;0,00
JAGUAPITÃ;411190201A;PR;Centro;-23,112311;-51,539173;2025-03-27 07:40:00.0;0,00
JAGUAPITÃ;411190201A;PR;Centro;-23,112311;-51,539173;2025-03-27 08:40:00.0;0,00
JAGUAPITÃ;411190201A;PR;Centro;-23,112311;-51,539173;2025-03-27 09:40:00.0;0,00
JAGUAPITÃ;411190201A;PR;Centro;-23,112311;-51,539173;2025-03-27 10:40:00.0;0,00
JAGUAPITÃ;411190201A;PR;Centro;-23,112311;-51,539173;2025-03-27 11:40:00.0;0,00
JAGUAPITÃ;411190201A;PR;Centro;-23,112311;-51,539173;2025-03-27 12:40:00.0;0,00
JAGUAPITÃ;411190201A;PR;Centro;-23,112311;-51,539173;2025-03-27 13:40:00.0;0,00
JAGUAPITÃ;411190201A;PR;Centro;-23,112311;-51,539173;2025-03-27 14:40:00.0;0,00
JAGUAPITÃ;411190201A;PR;Centro;-23,112311;-51,539173;2025-03-27 15:40:00.0;0,00
JAGUAPITÃ;411190201A;PR;Centro;-23,112311;-51,539173;2025-03-27 16:40:00.0;0,00
JAGUAPITÃ;411190201A;PR;Centro;-23,112311;-51,539173;2025-03-27 17:40:00.0;0,00
JAGUAPITÃ;411190201A;PR;Centro;-23,112311;-51,539173;2025-03-27 18:40:00.0;0,00
JAGUAPITÃ;411190201A;PR;Centro;-23,112311;-51,539173;2025-03-27 19:40:00.0;0,00
JAGUAPITÃ;411190201A;PR;Centro;-23,112311;-51,539173;2025-03-27 20:40:00.0;0,00
JAGUAPITÃ;411190201A;PR;Centro;-23,112311;-51,539173;2025-03-27 21:40:00.0;0,00
JAGUAPITÃ;411190201A;PR;Centro;-23,112311;-51,539173;2025-03-27 22:40:00.0;0,00
JAGUAPITÃ;411190201A;PR;Centro;-23,112311;-51,539173;2025-03-27 23:40:00.0;0,00
JAGUAPITÃ;411190201A;PR;Centro;-23,112311;-51,539173;2025-03-28 00:40:00.0;0,00
JAGUAPITÃ;411190201A;PR;Centro;-23,112311;-51,539173;2025-03-28 01:40:00.0;0,00
JAGUAPITÃ;411190201A;PR;Centro;-23,112311;-51,539173;2025-03-28 02:40:00.0;0,00
JAGUAPITÃ;411190201A;PR;Centro;-23,112311;-51,539173;2025-03-28 03:40:00.0;0,00
JAGUAPITÃ;411190201A;PR;Centro;-23,112311;-51,539173;2025-03-28 04:40:00.0;0,00
JAGUAPITÃ;411190201A;PR;Centro;-23,112311;-51,539173;2025-03-28 05:40:00.0;0,00
JAGUAPITÃ;411190201A;PR;Centro;-23,112311;-51,539173;2025-03-28 06:40:00.0;0,00
JAGUAPITÃ;411190201A;PR;Centro;-23,112311;-51,539173;2025-03-28 07:40:00.0;0,00
JAGUAPITÃ;411190201A;PR;Centro;-23,112311;-51,539173;2025-03-28 08:40:00.0;0,00
JAGUAPITÃ;411190201A;PR;Centro;-23,112311;-51,539173;2025-03-28 09:40:00.0;0,00
JAGUAPITÃ;411190201A;PR;Centro;-23,112311;-51,539173;2025-03-28 10:40:00.0;0,00
JAGUAPITÃ;411190201A;PR;Centro;-23,112311;-51,539173;2025-03-28 11:40:00.0;0,00
JAGUAPITÃ;411190201A;PR;Centro;-23,112311;-51,539173;2025-03-28 12:40:00.0;0,00
JAGUAPITÃ;411190201A;PR;Centro;-23,112311;-51,539173;2025-03-28 13:40:00.0;0,00
JAGUAPITÃ;411190201A;PR;Centro;-23,112311;-51,539173;2025-03-28 14:40:00.0;0,00
JAGUAPITÃ;411190201A;PR;Centro;-23,112311;-51,539173;2025-03-28 15:40:00.0;0,00
JAGUAPITÃ;411190201A;PR;Centro;-23,112311;-51,539173;2025-03-28 16:40:00.0;0,00
JAGUAPITÃ;411190201A;PR;Centro;-23,112311;-51,539173;2025-03-28 17:40:00.0;0,00
JAGUAPITÃ;411190201A;PR;Centro;-23,112311;-51,539173;2025-03-28 18:40:00.0;0,00
JAGUAPITÃ;411190201A;PR;Centro;-23,112311;-51,539173;2025-03-28 19:40:00.0;0,00
JAGUAPITÃ;411190201A;PR;Centro;-23,112311;-51,539173;2025-03-28 20:40:00.0;0,00
JAGUAPITÃ;411190201A;PR;Centro;-23,112311;-51,539173;2025-03-28 21:40:00.0;0,00
JAGUAPITÃ;411190201A;PR;Centro;-23,112311;-51,539173;2025-03-28 22:40:00.0;0,00
JAGUAPITÃ;411190201A;PR;Centro;-23,112311;-51,539173;2025-03-28 23:40:00.0;0,00
JAGUAPITÃ;411190201A;PR;Centro;-23,112311;-51,539173;2025-03-29 00:40:00.0;0,00
JAGUAPITÃ;411190201A;PR;Centro;-23,112311;-51,539173;2025-03-29 01:40:00.0;0,00
JAGUAPITÃ;411190201A;PR;Centro;-23,112311;-51,539173;2025-03-29 02:40:00.0;0,00
JAGUAPITÃ;411190201A;PR;Centro;-23,112311;-51,539173;2025-03-29 03:40:00.0;0,00
JAGUAPITÃ;411190201A;PR;Centro;-23,112311;-51,539173;2025-03-29 04:40:00.0;0,00
JAGUAPITÃ;411190201A;PR;Centro;-23,112311;-51,539173;2025-03-29 05:40:00.0;0,00
JAGUAPITÃ;411190201A;PR;Centro;-23,112311;-51,539173;2025-03-29 06:40:00.0;0,00
JAGUAPITÃ;411190201A;PR;Centro;-23,112311;-51,539173;2025-03-29 07:40:00.0;0,00
JAGUAPITÃ;411190201A;PR;Centro;-23,112311;-51,539173;2025-03-29 08:40:00.0;0,00
JAGUAPITÃ;411190201A;PR;Centro;-23,112311;-51,539173;2025-03-29 09:40:00.0;0,00
JAGUAPITÃ;411190201A;PR;Centro;-23,112311;-51,539173;2025-03-29 10:40:00.0;0,00
JAGUAPITÃ;411190201A;PR;Centro;-23,112311;-51,539173;2025-03-29 11:40:00.0;0,00
JAGUAPITÃ;411190201A;PR;Centro;-23,112311;-51,539173;2025-03-29 12:40:00.0;0,00
JAGUAPITÃ;411190201A;PR;Centro;-23,112311;-51,539173;2025-03-29 13:40:00.0;0,00
JAGUAPITÃ;411190201A;PR;Centro;-23,112311;-51,539173;2025-03-29 14:40:00.0;0,00
JAGUAPITÃ;411190201A;PR;Centro;-23,112311;-51,539173;2025-03-29 15:40:00.0;0,00
JAGUAPITÃ;411190201A;PR;Centro;-23,112311;-51,539173;2025-03-29 16:40:00.0;0,00
JAGUAPITÃ;411190201A;PR;Centro;-23,112311;-51,539173;2025-03-29 17:40:00.0;0,00
JAGUAPITÃ;411190201A;PR;Centro;-23,112311;-51,539173;2025-03-29 18:40:00.0;0,00
JAGUAPITÃ;411190201A;PR;Centro;-23,112311;-51,539173;2025-03-29 18:50:00.0;0,20
JAGUAPITÃ;411190201A;PR;Centro;-23,112311;-51,539173;2025-03-29 19:40:00.0;0,00
JAGUAPITÃ;411190201A;PR;Centro;-23,112311;-51,539173;2025-03-29 20:40:00.0;0,00
JAGUAPITÃ;411190201A;PR;Centro;-23,112311;-51,539173;2025-03-29 21:40:00.0;0,00
JAGUAPITÃ;411190201A;PR;Centro;-23,112311;-51,539173;2025-03-29 22:40:00.0;0,00
JAGUAPITÃ;411190201A;PR;Centro;-23,112311;-51,539173;2025-03-29 23:40:00.0;0,00
JAGUAPITÃ;411190201A;PR;Centro;-23,112311;-51,539173;2025-03-30 00:40:00.0;0,00
JAGUAPITÃ;411190201A;PR;Centro;-23,112311;-51,539173;2025-03-30 01:40:00.0;0,00
JAGUAPITÃ;411190201A;PR;Centro;-23,112311;-51,539173;2025-03-30 02:40:00.0;0,00
JAGUAPITÃ;411190201A;PR;Centro;-23,112311;-51,539173;2025-03-30 03:40:00.0;0,00
JAGUAPITÃ;411190201A;PR;Centro;-23,112311;-51,539173;2025-03-30 04:40:00.0;0,00
JAGUAPITÃ;411190201A;PR;Centro;-23,112311;-51,539173;2025-03-30 05:40:00.0;0,00
JAGUAPITÃ;411190201A;PR;Centro;-23,112311;-51,539173;2025-03-30 06:40:00.0;0,00
JAGUAPITÃ;411190201A;PR;Centro;-23,112311;-51,539173;2025-03-30 07:40:00.0;0,00
JAGUAPITÃ;411190201A;PR;Centro;-23,112311;-51,539173;2025-03-30 08:40:00.0;0,00
JAGUAPITÃ;411190201A;PR;Centro;-23,112311;-51,539173;2025-03-30 09:40:00.0;0,00
JAGUAPITÃ;411190201A;PR;Centro;-23,112311;-51,539173;2025-03-30 10:40:00.0;0,00
JAGUAPITÃ;411190201A;PR;Centro;-23,112311;-51,539173;2025-03-30 11:40:00.0;0,00
JAGUAPITÃ;411190201A;PR;Centro;-23,112311;-51,539173;2025-03-30 12:40:00.0;0,00
JAGUAPITÃ;411190201A;PR;Centro;-23,112311;-51,539173;2025-03-30 13:40:00.0;0,00
JAGUAPITÃ;411190201A;PR;Centro;-23,112311;-51,539173;2025-03-30 14:40:00.0;0,00
JAGUAPITÃ;411190201A;PR;Centro;-23,112311;-51,539173;2025-03-30 15:40:00.0;0,00
JAGUAPITÃ;411190201A;PR;Centro;-23,112311;-51,539173;2025-03-30 16:40:00.0;0,00
JAGUAPITÃ;411190201A;PR;Centro;-23,112311;-51,539173;2025-03-30 17:40:00.0;0,00
JAGUAPITÃ;411190201A;PR;Centro;-23,112311;-51,539173;2025-03-30 18:40:00.0;0,00
JAGUAPITÃ;411190201A;PR;Centro;-23,112311;-51,539173;2025-03-30 19:40:00.0;0,00
JAGUAPITÃ;411190201A;PR;Centro;-23,112311;-51,539173;2025-03-30 20:40:00.0;0,00
JAGUAPITÃ;411190201A;PR;Centro;-23,112311;-51,539173;2025-03-30 21:40:00.0;0,00
JAGUAPITÃ;411190201A;PR;Centro;-23,112311;-51,539173;2025-03-30 22:40:00.0;0,00
JAGUAPITÃ;411190201A;PR;Centro;-23,112311;-51,539173;2025-03-30 23:40:00.0;0,00
JAGUAPITÃ;411190201A;PR;Centro;-23,112311;-51,539173;2025-03-31 00:40:00.0;0,00
JAGUAPITÃ;411190201A;PR;Centro;-23,112311;-51,539173;2025-03-31 01:40:00.0;0,00
JAGUAPITÃ;411190201A;PR;Centro;-23,112311;-51,539173;2025-03-31 02:40:00.0;0,00
JAGUAPITÃ;411190201A;PR;Centro;-23,112311;-51,539173;2025-03-31 03:40:00.0;0,00
JAGUAPITÃ;411190201A;PR;Centro;-23,112311;-51,539173;2025-03-31 04:40:00.0;0,00
JAGUAPITÃ;411190201A;PR;Centro;-23,112311;-51,539173;2025-03-31 05:40:00.0;0,00
JAGUAPITÃ;411190201A;PR;Centro;-23,112311;-51,539173;2025-03-31 06:40:00.0;0,00
JAGUAPITÃ;411190201A;PR;Centro;-23,112311;-51,539173;2025-03-31 07:40:00.0;0,00
JAGUAPITÃ;411190201A;PR;Centro;-23,112311;-51,539173;2025-03-31 08:40:00.0;0,00
JAGUAPITÃ;411190201A;PR;Centro;-23,112311;-51,539173;2025-03-31 09:40:00.0;0,00
JAGUAPITÃ;411190201A;PR;Centro;-23,112311;-51,539173;2025-03-31 10:40:00.0;0,00
JAGUAPITÃ;411190201A;PR;Centro;-23,112311;-51,539173;2025-03-31 11:40:00.0;0,00
JAGUAPITÃ;411190201A;PR;Centro;-23,112311;-51,539173;2025-03-31 12:40:00.0;0,00
JAGUAPITÃ;411190201A;PR;Centro;-23,112311;-51,539173;2025-03-31 13:40:00.0;0,00
JAGUAPITÃ;411190201A;PR;Centro;-23,112311;-51,539173;2025-03-31 14:40:00.0;0,00
JAGUAPITÃ;411190201A;PR;Centro;-23,112311;-51,539173;2025-03-31 15:40:00.0;0,00
JAGUAPITÃ;411190201A;PR;Centro;-23,112311;-51,539173;2025-03-31 16:40:00.0;0,00
JAGUAPITÃ;411190201A;PR;Centro;-23,112311;-51,539173;2025-03-31 17:40:00.0;0,00
JAGUAPITÃ;411190201A;PR;Centro;-23,112311;-51,539173;2025-03-31 18:40:00.0;0,00
JAGUAPITÃ;411190201A;PR;Centro;-23,112311;-51,539173;2025-03-31 19:40:00.0;0,00
JAGUAPITÃ;411190201A;PR;Centro;-23,112311;-51,539173;2025-03-31 20:40:00.0;0,00
JAGUAPITÃ;411190201A;PR;Centro;-23,112311;-51,539173;2025-03-31 21:40:00.0;0,00
JAGUAPITÃ;411190201A;PR;Centro;-23,112311;-51,539173;2025-03-31 22:40:00.0;0,00
JAGUAPITÃ;411190201A;PR;Centro;-23,112311;-51,539173;2025-03-31 23:40:00.0;0,00
JAGUARIAÍVA;411200901A;PR;Primavera I;-24,278;-49,731;2025-03-01 00:30:00.0;0,00
JAGUARIAÍVA;411200901A;PR;Primavera I;-24,278;-49,731;2025-03-01 01:30:00.0;0,00
JAGUARIAÍVA;411200901A;PR;Primavera I;-24,278;-49,731;2025-03-01 02:30:00.0;0,00
JAGUARIAÍVA;411200901A;PR;Primavera I;-24,278;-49,731;2025-03-01 03:30:00.0;0,00
JAGUARIAÍVA;411200901A;PR;Primavera I;-24,278;-49,731;2025-03-01 04:30:00.0;0,00
JAGUARIAÍVA;411200901A;PR;Primavera I;-24,278;-49,731;2025-03-01 05:30:00.0;0,00
JAGUARIAÍVA;411200901A;PR;Primavera I;-24,278;-49,731;2025-03-01 06:30:00.0;0,00
JAGUARIAÍVA;411200901A;PR;Primavera I;-24,278;-49,731;2025-03-01 07:30:00.0;0,00
JAGUARIAÍVA;411200901A;PR;Primavera I;-24,278;-49,731;2025-03-01 08:30:00.0;0,00
JAGUARIAÍVA;411200901A;PR;Primavera I;-24,278;-49,731;2025-03-01 09:30:00.0;0,00
JAGUARIAÍVA;411200901A;PR;Primavera I;-24,278;-49,731;2025-03-01 10:30:00.0;0,00
JAGUARIAÍVA;411200901A;PR;Primavera I;-24,278;-49,731;2025-03-01 11:30:00.0;0,00
JAGUARIAÍVA;411200901A;PR;Primavera I;-24,278;-49,731;2025-03-01 12:30:00.0;0,00
JAGUARIAÍVA;411200901A;PR;Primavera I;-24,278;-49,731;2025-03-01 13:30:00.0;0,00
JAGUARIAÍVA;411200901A;PR;Primavera I;-24,278;-49,731;2025-03-01 14:30:00.0;0,00
JAGUARIAÍVA;411200901A;PR;Primavera I;-24,278;-49,731;2025-03-01 15:30:00.0;0,00
JAGUARIAÍVA;411200901A;PR;Primavera I;-24,278;-49,731;2025-03-01 16:30:00.0;0,00
JAGUARIAÍVA;411200901A;PR;Primavera I;-24,278;-49,731;2025-03-01 17:30:00.0;0,00
JAGUARIAÍVA;411200901A;PR;Primavera I;-24,278;-49,731;2025-03-01 18:30:00.0;0,00
JAGUARIAÍVA;411200901A;PR;Primavera I;-24,278;-49,731;2025-03-01 19:30:00.0;0,00
JAGUARIAÍVA;411200901A;PR;Primavera I;-24,278;-49,731;2025-03-01 20:30:00.0;0,00
JAGUARIAÍVA;411200901A;PR;Primavera I;-24,278;-49,731;2025-03-01 21:30:00.0;0,00
JAGUARIAÍVA;411200901A;PR;Primavera I;-24,278;-49,731;2025-03-01 22:30:00.0;0,00
JAGUARIAÍVA;411200901A;PR;Primavera I;-24,278;-49,731;2025-03-01 23:30:00.0;0,00
JAGUARIAÍVA;411200901A;PR;Primavera I;-24,278;-49,731;2025-03-02 00:30:00.0;0,00
JAGUARIAÍVA;411200901A;PR;Primavera I;-24,278;-49,731;2025-03-02 01:30:00.0;0,00
JAGUARIAÍVA;411200901A;PR;Primavera I;-24,278;-49,731;2025-03-02 02:30:00.0;0,00
JAGUARIAÍVA;411200901A;PR;Primavera I;-24,278;-49,731;2025-03-02 03:30:00.0;0,00
JAGUARIAÍVA;411200901A;PR;Primavera I;-24,278;-49,731;2025-03-02 04:30:00.0;0,00
JAGUARIAÍVA;411200901A;PR;Primavera I;-24,278;-49,731;2025-03-02 05:30:00.0;0,00
JAGUARIAÍVA;411200901A;PR;Primavera I;-24,278;-49,731;2025-03-02 06:30:00.0;0,00
JAGUARIAÍVA;411200901A;PR;Primavera I;-24,278;-49,731;2025-03-02 07:30:00.0;0,00
JAGUARIAÍVA;411200901A;PR;Primavera I;-24,278;-49,731;2025-03-02 08:30:00.0;0,00
JAGUARIAÍVA;411200901A;PR;Primavera I;-24,278;-49,731;2025-03-02 09:30:00.0;0,00
JAGUARIAÍVA;411200901A;PR;Primavera I;-24,278;-49,731;2025-03-02 10:30:00.0;0,00
JAGUARIAÍVA;411200901A;PR;Primavera I;-24,278;-49,731;2025-03-02 11:30:00.0;0,00
JAGUARIAÍVA;411200901A;PR;Primavera I;-24,278;-49,731;2025-03-02 12:30:00.0;0,00
JAGUARIAÍVA;411200901A;PR;Primavera I;-24,278;-49,731;2025-03-02 13:30:00.0;0,00
JAGUARIAÍVA;411200901A;PR;Primavera I;-24,278;-49,731;2025-03-02 14:30:00.0;0,00
JAGUARIAÍVA;411200901A;PR;Primavera I;-24,278;-49,731;2025-03-02 15:30:00.0;0,00
JAGUARIAÍVA;411200901A;PR;Primavera I;-24,278;-49,731;2025-03-02 16:30:00.0;0,00
JAGUARIAÍVA;411200901A;PR;Primavera I;-24,278;-49,731;2025-03-02 17:30:00.0;0,00
JAGUARIAÍVA;411200901A;PR;Primavera I;-24,278;-49,731;2025-03-02 18:30:00.0;0,00
JAGUARIAÍVA;411200901A;PR;Primavera I;-24,278;-49,731;2025-03-02 19:30:00.0;0,00
JAGUARIAÍVA;411200901A;PR;Primavera I;-24,278;-49,731;2025-03-02 20:30:00.0;0,00
JAGUARIAÍVA;411200901A;PR;Primavera I;-24,278;-49,731;2025-03-02 21:30:00.0;0,00
JAGUARIAÍVA;411200901A;PR;Primavera I;-24,278;-49,731;2025-03-02 22:30:00.0;0,00
JAGUARIAÍVA;411200901A;PR;Primavera I;-24,278;-49,731;2025-03-02 23:30:00.0;0,00
JAGUARIAÍVA;411200901A;PR;Primavera I;-24,278;-49,731;2025-03-03 00:30:00.0;0,00
JAGUARIAÍVA;411200901A;PR;Primavera I;-24,278;-49,731;2025-03-03 01:30:00.0;0,00
JAGUARIAÍVA;411200901A;PR;Primavera I;-24,278;-49,731;2025-03-03 02:30:00.0;0,00
JAGUARIAÍVA;411200901A;PR;Primavera I;-24,278;-49,731;2025-03-03 03:30:00.0;0,00
JAGUARIAÍVA;411200901A;PR;Primavera I;-24,278;-49,731;2025-03-03 04:30:00.0;0,00
JAGUARIAÍVA;411200901A;PR;Primavera I;-24,278;-49,731;2025-03-03 05:30:00.0;0,00
JAGUARIAÍVA;411200901A;PR;Primavera I;-24,278;-49,731;2025-03-03 06:30:00.0;0,00
JAGUARIAÍVA;411200901A;PR;Primavera I;-24,278;-49,731;2025-03-03 07:30:00.0;0,00
JAGUARIAÍVA;411200901A;PR;Primavera I;-24,278;-49,731;2025-03-03 08:30:00.0;0,00
JAGUARIAÍVA;411200901A;PR;Primavera I;-24,278;-49,731;2025-03-03 09:30:00.0;0,00
JAGUARIAÍVA;411200901A;PR;Primavera I;-24,278;-49,731;2025-03-03 10:30:00.0;0,00
JAGUARIAÍVA;411200901A;PR;Primavera I;-24,278;-49,731;2025-03-03 11:30:00.0;0,00
JAGUARIAÍVA;411200901A;PR;Primavera I;-24,278;-49,731;2025-03-03 12:30:00.0;0,00
JAGUARIAÍVA;411200901A;PR;Primavera I;-24,278;-49,731;2025-03-03 13:30:00.0;0,00
JAGUARIAÍVA;411200901A;PR;Primavera I;-24,278;-49,731;2025-03-03 14:30:00.0;0,00
JAGUARIAÍVA;411200901A;PR;Primavera I;-24,278;-49,731;2025-03-03 15:30:00.0;0,00
JAGUARIAÍVA;411200901A;PR;Primavera I;-24,278;-49,731;2025-03-03 16:30:00.0;0,00
JAGUARIAÍVA;411200901A;PR;Primavera I;-24,278;-49,731;2025-03-03 17:30:00.0;0,00
JAGUARIAÍVA;411200901A;PR;Primavera I;-24,278;-49,731;2025-03-03 18:30:00.0;0,00
JAGUARIAÍVA;411200901A;PR;Primavera I;-24,278;-49,731;2025-03-03 19:30:00.0;0,00
JAGUARIAÍVA;411200901A;PR;Primavera I;-24,278;-49,731;2025-03-03 20:30:00.0;0,00
JAGUARIAÍVA;411200901A;PR;Primavera I;-24,278;-49,731;2025-03-03 21:30:00.0;0,00
JAGUARIAÍVA;411200901A;PR;Primavera I;-24,278;-49,731;2025-03-03 22:30:00.0;0,00
JAGUARIAÍVA;411200901A;PR;Primavera I;-24,278;-49,731;2025-03-03 23:30:00.0;0,00
JAGUARIAÍVA;411200901A;PR;Primavera I;-24,278;-49,731;2025-03-04 00:30:00.0;0,00
JAGUARIAÍVA;411200901A;PR;Primavera I;-24,278;-49,731;2025-03-04 01:30:00.0;0,00
JAGUARIAÍVA;411200901A;PR;Primavera I;-24,278;-49,731;2025-03-04 02:30:00.0;0,00
JAGUARIAÍVA;411200901A;PR;Primavera I;-24,278;-49,731;2025-03-04 03:30:00.0;0,00
JAGUARIAÍVA;411200901A;PR;Primavera I;-24,278;-49,731;2025-03-04 04:30:00.0;0,00
JAGUARIAÍVA;411200901A;PR;Primavera I;-24,278;-49,731;2025-03-04 05:30:00.0;0,00
JAGUARIAÍVA;411200901A;PR;Primavera I;-24,278;-49,731;2025-03-04 06:30:00.0;0,00
JAGUARIAÍVA;411200901A;PR;Primavera I;-24,278;-49,731;2025-03-04 07:30:00.0;0,00
JAGUARIAÍVA;411200901A;PR;Primavera I;-24,278;-49,731;2025-03-04 08:30:00.0;0,00
JAGUARIAÍVA;411200901A;PR;Primavera I;-24,278;-49,731;2025-03-04 09:30:00.0;0,00
JAGUARIAÍVA;411200901A;PR;Primavera I;-24,278;-49,731;2025-03-04 10:30:00.0;0,00
JAGUARIAÍVA;411200901A;PR;Primavera I;-24,278;-49,731;2025-03-04 11:30:00.0;0,00
JAGUARIAÍVA;411200901A;PR;Primavera I;-24,278;-49,731;2025-03-04 12:30:00.0;0,00
JAGUARIAÍVA;411200901A;PR;Primavera I;-24,278;-49,731;2025-03-04 13:30:00.0;0,00
JAGUARIAÍVA;411200901A;PR;Primavera I;-24,278;-49,731;2025-03-04 14:30:00.0;0,00
JAGUARIAÍVA;411200901A;PR;Primavera I;-24,278;-49,731;2025-03-04 15:30:00.0;0,00
JAGUARIAÍVA;411200901A;PR;Primavera I;-24,278;-49,731;2025-03-04 16:30:00.0;0,00
JAGUARIAÍVA;411200901A;PR;Primavera I;-24,278;-49,731;2025-03-04 17:30:00.0;0,00
JAGUARIAÍVA;411200901A;PR;Primavera I;-24,278;-49,731;2025-03-04 18:30:00.0;0,00
JAGUARIAÍVA;411200901A;PR;Primavera I;-24,278;-49,731;2025-03-04 19:30:00.0;0,00
JAGUARIAÍVA;411200901A;PR;Primavera I;-24,278;-49,731;2025-03-04 20:30:00.0;0,00
JAGUARIAÍVA;411200901A;PR;Primavera I;-24,278;-49,731;2025-03-04 21:30:00.0;0,00
JAGUARIAÍVA;411200901A;PR;Primavera I;-24,278;-49,731;2025-03-04 22:30:00.0;0,00
JAGUARIAÍVA;411200901A;PR;Primavera I;-24,278;-49,731;2025-03-04 23:30:00.0;0,00
JAGUARIAÍVA;411200901A;PR;Primavera I;-24,278;-49,731;2025-03-05 00:30:00.0;0,00
JAGUARIAÍVA;411200901A;PR;Primavera I;-24,278;-49,731;2025-03-05 01:30:00.0;0,00
JAGUARIAÍVA;411200901A;PR;Primavera I;-24,278;-49,731;2025-03-05 02:30:00.0;0,00
JAGUARIAÍVA;411200901A;PR;Primavera I;-24,278;-49,731;2025-03-05 03:30:00.0;0,00
JAGUARIAÍVA;411200901A;PR;Primavera I;-24,278;-49,731;2025-03-05 04:30:00.0;0,00
JAGUARIAÍVA;411200901A;PR;Primavera I;-24,278;-49,731;2025-03-05 05:30:00.0;0,00
JAGUARIAÍVA;411200901A;PR;Primavera I;-24,278;-49,731;2025-03-05 06:30:00.0;0,00
JAGUARIAÍVA;411200901A;PR;Primavera I;-24,278;-49,731;2025-03-05 07:30:00.0;0,00
JAGUARIAÍVA;411200901A;PR;Primavera I;-24,278;-49,731;2025-03-05 08:30:00.0;0,00
JAGUARIAÍVA;411200901A;PR;Primavera I;-24,278;-49,731;2025-03-05 09:30:00.0;0,00
JAGUARIAÍVA;411200901A;PR;Primavera I;-24,278;-49,731;2025-03-05 10:30:00.0;0,00
JAGUARIAÍVA;411200901A;PR;Primavera I;-24,278;-49,731;2025-03-05 11:30:00.0;0,00
JAGUARIAÍVA;411200901A;PR;Primavera I;-24,278;-49,731;2025-03-05 12:30:00.0;0,00
JAGUARIAÍVA;411200901A;PR;Primavera I;-24,278;-49,731;2025-03-05 13:30:00.0;0,00
JAGUARIAÍVA;411200901A;PR;Primavera I;-24,278;-49,731;2025-03-05 14:30:00.0;0,00
JAGUARIAÍVA;411200901A;PR;Primavera I;-24,278;-49,731;2025-03-05 15:30:00.0;0,00
JAGUARIAÍVA;411200901A;PR;Primavera I;-24,278;-49,731;2025-03-05 16:30:00.0;0,00
JAGUARIAÍVA;411200901A;PR;Primavera I;-24,278;-49,731;2025-03-05 17:30:00.0;0,00
JAGUARIAÍVA;411200901A;PR;Primavera I;-24,278;-49,731;2025-03-05 18:30:00.0;0,00
JAGUARIAÍVA;411200901A;PR;Primavera I;-24,278;-49,731;2025-03-05 19:30:00.0;0,00
JAGUARIAÍVA;411200901A;PR;Primavera I;-24,278;-49,731;2025-03-05 20:30:00.0;0,00
JAGUARIAÍVA;411200901A;PR;Primavera I;-24,278;-49,731;2025-03-05 21:30:00.0;0,00
JAGUARIAÍVA;411200901A;PR;Primavera I;-24,278;-49,731;2025-03-05 22:30:00.0;0,00
JAGUARIAÍVA;411200901A;PR;Primavera I;-24,278;-49,731;2025-03-05 23:30:00.0;0,00
JAGUARIAÍVA;411200901A;PR;Primavera I;-24,278;-49,731;2025-03-06 00:30:00.0;0,00
JAGUARIAÍVA;411200901A;PR;Primavera I;-24,278;-49,731;2025-03-06 01:30:00.0;0,00
JAGUARIAÍVA;411200901A;PR;Primavera I;-24,278;-49,731;2025-03-06 02:30:00.0;0,00
JAGUARIAÍVA;411200901A;PR;Primavera I;-24,278;-49,731;2025-03-06 03:30:00.0;0,00
JAGUARIAÍVA;411200901A;PR;Primavera I;-24,278;-49,731;2025-03-06 04:30:00.0;0,00
JAGUARIAÍVA;411200901A;PR;Primavera I;-24,278;-49,731;2025-03-06 05:30:00.0;0,00
JAGUARIAÍVA;411200901A;PR;Primavera I;-24,278;-49,731;2025-03-06 06:30:00.0;0,00
JAGUARIAÍVA;411200901A;PR;Primavera I;-24,278;-49,731;2025-03-06 07:30:00.0;0,00
JAGUARIAÍVA;411200901A;PR;Primavera I;-24,278;-49,731;2025-03-06 08:30:00.0;0,00
JAGUARIAÍVA;411200901A;PR;Primavera I;-24,278;-49,731;2025-03-06 09:30:00.0;0,00
JAGUARIAÍVA;411200901A;PR;Primavera I;-24,278;-49,731;2025-03-06 10:30:00.0;0,00
JAGUARIAÍVA;411200901A;PR;Primavera I;-24,278;-49,731;2025-03-06 11:30:00.0;0,00
JAGUARIAÍVA;411200901A;PR;Primavera I;-24,278;-49,731;2025-03-06 12:30:00.0;0,00
JAGUARIAÍVA;411200901A;PR;Primavera I;-24,278;-49,731;2025-03-06 13:30:00.0;0,00
JAGUARIAÍVA;411200901A;PR;Primavera I;-24,278;-49,731;2025-03-06 14:30:00.0;0,00
JAGUARIAÍVA;411200901A;PR;Primavera I;-24,278;-49,731;2025-03-06 15:30:00.0;0,00
JAGUARIAÍVA;411200901A;PR;Primavera I;-24,278;-49,731;2025-03-06 16:30:00.0;0,00
JAGUARIAÍVA;411200901A;PR;Primavera I;-24,278;-49,731;2025-03-06 17:30:00.0;0,00
JAGUARIAÍVA;411200901A;PR;Primavera I;-24,278;-49,731;2025-03-06 18:30:00.0;0,00
JAGUARIAÍVA;411200901A;PR;Primavera I;-24,278;-49,731;2025-03-06 19:30:00.0;0,00
JAGUARIAÍVA;411200901A;PR;Primavera I;-24,278;-49,731;2025-03-06 20:30:00.0;0,00
JAGUARIAÍVA;411200901A;PR;Primavera I;-24,278;-49,731;2025-03-06 21:30:00.0;0,00
JAGUARIAÍVA;411200901A;PR;Primavera I;-24,278;-49,731;2025-03-06 22:30:00.0;0,00
JAGUARIAÍVA;411200901A;PR;Primavera I;-24,278;-49,731;2025-03-06 23:30:00.0;0,00
JAGUARIAÍVA;411200901A;PR;Primavera I;-24,278;-49,731;2025-03-07 00:30:00.0;0,00
JAGUARIAÍVA;411200901A;PR;Primavera I;-24,278;-49,731;2025-03-07 01:30:00.0;0,00
JAGUARIAÍVA;411200901A;PR;Primavera I;-24,278;-49,731;2025-03-07 02:30:00.0;0,00
JAGUARIAÍVA;411200901A;PR;Primavera I;-24,278;-49,731;2025-03-07 03:30:00.0;0,00
JAGUARIAÍVA;411200901A;PR;Primavera I;-24,278;-49,731;2025-03-07 04:30:00.0;0,00
JAGUARIAÍVA;411200901A;PR;Primavera I;-24,278;-49,731;2025-03-07 05:30:00.0;0,00
JAGUARIAÍVA;411200901A;PR;Primavera I;-24,278;-49,731;2025-03-07 06:30:00.0;0,00
JAGUARIAÍVA;411200901A;PR;Primavera I;-24,278;-49,731;2025-03-07 07:30:00.0;0,00
JAGUARIAÍVA;411200901A;PR;Primavera I;-24,278;-49,731;2025-03-07 08:30:00.0;0,00
JAGUARIAÍVA;411200901A;PR;Primavera I;-24,278;-49,731;2025-03-07 09:30:00.0;0,00
JAGUARIAÍVA;411200901A;PR;Primavera I;-24,278;-49,731;2025-03-07 10:30:00.0;0,00
JAGUARIAÍVA;411200901A;PR;Primavera I;-24,278;-49,731;2025-03-07 11:30:00.0;0,00
JAGUARIAÍVA;411200901A;PR;Primavera I;-24,278;-49,731;2025-03-07 12:30:00.0;0,00
JAGUARIAÍVA;411200901A;PR;Primavera I;-24,278;-49,731;2025-03-07 13:30:00.0;0,00
JAGUARIAÍVA;411200901A;PR;Primavera I;-24,278;-49,731;2025-03-07 14:30:00.0;0,00
JAGUARIAÍVA;411200901A;PR;Primavera I;-24,278;-49,731;2025-03-07 15:30:00.0;0,00
JAGUARIAÍVA;411200901A;PR;Primavera I;-24,278;-49,731;2025-03-07 16:30:00.0;0,00
JAGUARIAÍVA;411200901A;PR;Primavera I;-24,278;-49,731;2025-03-07 17:30:00.0;0,00
JAGUARIAÍVA;411200901A;PR;Primavera I;-24,278;-49,731;2025-03-07 18:30:00.0;0,00
JAGUARIAÍVA;411200901A;PR;Primavera I;-24,278;-49,731;2025-03-07 19:30:00.0;0,00
JAGUARIAÍVA;411200901A;PR;Primavera I;-24,278;-49,731;2025-03-07 20:30:00.0;0,00
JAGUARIAÍVA;411200901A;PR;Primavera I;-24,278;-49,731;2025-03-07 21:30:00.0;0,00
JAGUARIAÍVA;411200901A;PR;Primavera I;-24,278;-49,731;2025-03-07 22:30:00.0;0,00
JAGUARIAÍVA;411200901A;PR;Primavera I;-24,278;-49,731;2025-03-07 23:30:00.0;0,00
JAGUARIAÍVA;411200901A;PR;Primavera I;-24,278;-49,731;2025-03-08 00:30:00.0;0,00
JAGUARIAÍVA;411200901A;PR;Primavera I;-24,278;-49,731;2025-03-08 01:30:00.0;0,00
JAGUARIAÍVA;411200901A;PR;Primavera I;-24,278;-49,731;2025-03-08 02:30:00.0;0,00
JAGUARIAÍVA;411200901A;PR;Primavera I;-24,278;-49,731;2025-03-08 03:30:00.0;0,00
JAGUARIAÍVA;411200901A;PR;Primavera I;-24,278;-49,731;2025-03-08 04:30:00.0;0,00
JAGUARIAÍVA;411200901A;PR;Primavera I;-24,278;-49,731;2025-03-08 05:30:00.0;0,00
JAGUARIAÍVA;411200901A;PR;Primavera I;-24,278;-49,731;2025-03-08 06:30:00.0;0,00
JAGUARIAÍVA;411200901A;PR;Primavera I;-24,278;-49,731;2025-03-08 07:30:00.0;0,00
JAGUARIAÍVA;411200901A;PR;Primavera I;-24,278;-49,731;2025-03-08 08:30:00.0;0,00
JAGUARIAÍVA;411200901A;PR;Primavera I;-24,278;-49,731;2025-03-08 09:30:00.0;0,00
JAGUARIAÍVA;411200901A;PR;Primavera I;-24,278;-49,731;2025-03-08 10:30:00.0;0,00
JAGUARIAÍVA;411200901A;PR;Primavera I;-24,278;-49,731;2025-03-08 11:30:00.0;0,00
JAGUARIAÍVA;411200901A;PR;Primavera I;-24,278;-49,731;2025-03-08 12:30:00.0;0,00
JAGUARIAÍVA;411200901A;PR;Primavera I;-24,278;-49,731;2025-03-08 13:30:00.0;0,00
JAGUARIAÍVA;411200901A;PR;Primavera I;-24,278;-49,731;2025-03-08 14:30:00.0;0,00
JAGUARIAÍVA;411200901A;PR;Primavera I;-24,278;-49,731;2025-03-08 15:30:00.0;0,00
JAGUARIAÍVA;411200901A;PR;Primavera I;-24,278;-49,731;2025-03-08 16:30:00.0;0,00
JAGUARIAÍVA;411200901A;PR;Primavera I;-24,278;-49,731;2025-03-08 17:30:00.0;0,00
JAGUARIAÍVA;411200901A;PR;Primavera I;-24,278;-49,731;2025-03-08 18:30:00.0;0,00
JAGUARIAÍVA;411200901A;PR;Primavera I;-24,278;-49,731;2025-03-08 19:30:00.0;0,00
JAGUARIAÍVA;411200901A;PR;Primavera I;-24,278;-49,731;2025-03-08 20:30:00.0;0,00
JAGUARIAÍVA;411200901A;PR;Primavera I;-24,278;-49,731;2025-03-08 21:30:00.0;0,00
JAGUARIAÍVA;411200901A;PR;Primavera I;-24,278;-49,731;2025-03-08 22:30:00.0;0,00
JAGUARIAÍVA;411200901A;PR;Primavera I;-24,278;-49,731;2025-03-08 23:30:00.0;0,00
JAGUARIAÍVA;411200901A;PR;Primavera I;-24,278;-49,731;2025-03-09 00:30:00.0;0,00
JAGUARIAÍVA;411200901A;PR;Primavera I;-24,278;-49,731;2025-03-09 01:30:00.0;0,00
JAGUARIAÍVA;411200901A;PR;Primavera I;-24,278;-49,731;2025-03-09 02:30:00.0;0,00
JAGUARIAÍVA;411200901A;PR;Primavera I;-24,278;-49,731;2025-03-09 03:30:00.0;0,00
JAGUARIAÍVA;411200901A;PR;Primavera I;-24,278;-49,731;2025-03-09 04:30:00.0;0,00
JAGUARIAÍVA;411200901A;PR;Primavera I;-24,278;-49,731;2025-03-09 05:30:00.0;0,00
JAGUARIAÍVA;411200901A;PR;Primavera I;-24,278;-49,731;2025-03-09 06:30:00.0;0,00
JAGUARIAÍVA;411200901A;PR;Primavera I;-24,278;-49,731;2025-03-09 07:30:00.0;0,00
JAGUARIAÍVA;411200901A;PR;Primavera I;-24,278;-49,731;2025-03-09 08:30:00.0;0,00
JAGUARIAÍVA;411200901A;PR;Primavera I;-24,278;-49,731;2025-03-09 09:30:00.0;0,00
JAGUARIAÍVA;411200901A;PR;Primavera I;-24,278;-49,731;2025-03-09 10:30:00.0;0,00
JAGUARIAÍVA;411200901A;PR;Primavera I;-24,278;-49,731;2025-03-09 11:30:00.0;0,00
JAGUARIAÍVA;411200901A;PR;Primavera I;-24,278;-49,731;2025-03-09 12:30:00.0;0,00
JAGUARIAÍVA;411200901A;PR;Primavera I;-24,278;-49,731;2025-03-09 13:30:00.0;0,00
JAGUARIAÍVA;411200901A;PR;Primavera I;-24,278;-49,731;2025-03-09 14:30:00.0;0,00
JAGUARIAÍVA;411200901A;PR;Primavera I;-24,278;-49,731;2025-03-09 15:30:00.0;0,00
JAGUARIAÍVA;411200901A;PR;Primavera I;-24,278;-49,731;2025-03-09 16:30:00.0;0,00
JAGUARIAÍVA;411200901A;PR;Primavera I;-24,278;-49,731;2025-03-09 17:30:00.0;0,00
JAGUARIAÍVA;411200901A;PR;Primavera I;-24,278;-49,731;2025-03-09 18:30:00.0;0,00
JAGUARIAÍVA;411200901A;PR;Primavera I;-24,278;-49,731;2025-03-09 19:30:00.0;0,00
JAGUARIAÍVA;411200901A;PR;Primavera I;-24,278;-49,731;2025-03-09 20:30:00.0;0,00
JAGUARIAÍVA;411200901A;PR;Primavera I;-24,278;-49,731;2025-03-09 21:30:00.0;0,00
JAGUARIAÍVA;411200901A;PR;Primavera I;-24,278;-49,731;2025-03-09 22:30:00.0;0,00
JAGUARIAÍVA;411200901A;PR;Primavera I;-24,278;-49,731;2025-03-09 23:30:00.0;0,00
JAGUARIAÍVA;411200901A;PR;Primavera I;-24,278;-49,731;2025-03-10 00:30:00.0;0,00
JAGUARIAÍVA;411200901A;PR;Primavera I;-24,278;-49,731;2025-03-10 01:30:00.0;0,00
JAGUARIAÍVA;411200901A;PR;Primavera I;-24,278;-49,731;2025-03-10 02:30:00.0;0,00
JAGUARIAÍVA;411200901A;PR;Primavera I;-24,278;-49,731;2025-03-10 03:30:00.0;0,00
JAGUARIAÍVA;411200901A;PR;Primavera I;-24,278;-49,731;2025-03-10 04:30:00.0;0,00
JAGUARIAÍVA;411200901A;PR;Primavera I;-24,278;-49,731;2025-03-10 05:30:00.0;0,00
JAGUARIAÍVA;411200901A;PR;Primavera I;-24,278;-49,731;2025-03-10 06:30:00.0;0,00
JAGUARIAÍVA;411200901A;PR;Primavera I;-24,278;-49,731;2025-03-10 07:30:00.0;0,00
JAGUARIAÍVA;411200901A;PR;Primavera I;-24,278;-49,731;2025-03-10 08:30:00.0;0,00
JAGUARIAÍVA;411200901A;PR;Primavera I;-24,278;-49,731;2025-03-10 09:30:00.0;0,00
JAGUARIAÍVA;411200901A;PR;Primavera I;-24,278;-49,731;2025-03-10 10:30:00.0;0,00
JAGUARIAÍVA;411200901A;PR;Primavera I;-24,278;-49,731;2025-03-10 11:30:00.0;0,00
JAGUARIAÍVA;411200901A;PR;Primavera I;-24,278;-49,731;2025-03-10 12:30:00.0;0,00
JAGUARIAÍVA;411200901A;PR;Primavera I;-24,278;-49,731;2025-03-10 13:30:00.0;0,00
JAGUARIAÍVA;411200901A;PR;Primavera I;-24,278;-49,731;2025-03-10 14:30:00.0;0,00
JAGUARIAÍVA;411200901A;PR;Primavera I;-24,278;-49,731;2025-03-10 15:30:00.0;0,00
JAGUARIAÍVA;411200901A;PR;Primavera I;-24,278;-49,731;2025-03-10 16:30:00.0;0,00
JAGUARIAÍVA;411200901A;PR;Primavera I;-24,278;-49,731;2025-03-10 17:30:00.0;0,00
JAGUARIAÍVA;411200901A;PR;Primavera I;-24,278;-49,731;2025-03-10 18:30:00.0;0,00
JAGUARIAÍVA;411200901A;PR;Primavera I;-24,278;-49,731;2025-03-10 19:30:00.0;0,00
JAGUARIAÍVA;411200901A;PR;Primavera I;-24,278;-49,731;2025-03-10 20:10:00.0;6,12
JAGUARIAÍVA;411200901A;PR;Primavera I;-24,278;-49,731;2025-03-10 20:20:00.0;6,90
JAGUARIAÍVA;411200901A;PR;Primavera I;-24,278;-49,731;2025-03-10 20:30:00.0;2,95
JAGUARIAÍVA;411200901A;PR;Primavera I;-24,278;-49,731;2025-03-10 20:40:00.0;2,36
JAGUARIAÍVA;411200901A;PR;Primavera I;-24,278;-49,731;2025-03-10 20:50:00.0;1,37
JAGUARIAÍVA;411200901A;PR;Primavera I;-24,278;-49,731;2025-03-10 21:00:00.0;0,20
JAGUARIAÍVA;411200901A;PR;Primavera I;-24,278;-49,731;2025-03-10 21:10:00.0;0,20
JAGUARIAÍVA;411200901A;PR;Primavera I;-24,278;-49,731;2025-03-10 21:30:00.0;0,00
JAGUARIAÍVA;411200901A;PR;Primavera I;-24,278;-49,731;2025-03-10 21:40:00.0;0,20
JAGUARIAÍVA;411200901A;PR;Primavera I;-24,278;-49,731;2025-03-10 22:30:00.0;0,20
JAGUARIAÍVA;411200901A;PR;Primavera I;-24,278;-49,731;2025-03-10 23:30:00.0;0,00
JAGUARIAÍVA;411200901A;PR;Primavera I;-24,278;-49,731;2025-03-11 00:30:00.0;0,00
JAGUARIAÍVA;411200901A;PR;Primavera I;-24,278;-49,731;2025-03-11 01:30:00.0;0,00
JAGUARIAÍVA;411200901A;PR;Primavera I;-24,278;-49,731;2025-03-11 02:30:00.0;0,00
JAGUARIAÍVA;411200901A;PR;Primavera I;-24,278;-49,731;2025-03-11 03:30:00.0;0,00
JAGUARIAÍVA;411200901A;PR;Primavera I;-24,278;-49,731;2025-03-11 04:30:00.0;0,00
JAGUARIAÍVA;411200901A;PR;Primavera I;-24,278;-49,731;2025-03-11 05:30:00.0;0,00
JAGUARIAÍVA;411200901A;PR;Primavera I;-24,278;-49,731;2025-03-11 06:30:00.0;0,00
JAGUARIAÍVA;411200901A;PR;Primavera I;-24,278;-49,731;2025-03-11 07:30:00.0;0,00
JAGUARIAÍVA;411200901A;PR;Primavera I;-24,278;-49,731;2025-03-11 08:30:00.0;0,00
JAGUARIAÍVA;411200901A;PR;Primavera I;-24,278;-49,731;2025-03-11 09:30:00.0;0,00
JAGUARIAÍVA;411200901A;PR;Primavera I;-24,278;-49,731;2025-03-11 10:30:00.0;0,00
JAGUARIAÍVA;411200901A;PR;Primavera I;-24,278;-49,731;2025-03-11 11:30:00.0;0,00
JAGUARIAÍVA;411200901A;PR;Primavera I;-24,278;-49,731;2025-03-11 12:30:00.0;0,00
JAGUARIAÍVA;411200901A;PR;Primavera I;-24,278;-49,731;2025-03-11 13:30:00.0;0,00
JAGUARIAÍVA;411200901A;PR;Primavera I;-24,278;-49,731;2025-03-11 14:10:00.0;0,20
JAGUARIAÍVA;411200901A;PR;Primavera I;-24,278;-49,731;2025-03-11 14:30:00.0;0,00
JAGUARIAÍVA;411200901A;PR;Primavera I;-24,278;-49,731;2025-03-11 15:30:00.0;0,00
JAGUARIAÍVA;411200901A;PR;Primavera I;-24,278;-49,731;2025-03-11 16:30:00.0;0,00
JAGUARIAÍVA;411200901A;PR;Primavera I;-24,278;-49,731;2025-03-11 17:30:00.0;0,00
JAGUARIAÍVA;411200901A;PR;Primavera I;-24,278;-49,731;2025-03-11 18:30:00.0;0,00
JAGUARIAÍVA;411200901A;PR;Primavera I;-24,278;-49,731;2025-03-11 19:30:00.0;0,00
JAGUARIAÍVA;411200901A;PR;Primavera I;-24,278;-49,731;2025-03-11 20:00:00.0;2,17
JAGUARIAÍVA;411200901A;PR;Primavera I;-24,278;-49,731;2025-03-11 20:30:00.0;0,00
JAGUARIAÍVA;411200901A;PR;Primavera I;-24,278;-49,731;2025-03-11 21:00:00.0;0,59
JAGUARIAÍVA;411200901A;PR;Primavera I;-24,278;-49,731;2025-03-11 21:10:00.0;1,18
JAGUARIAÍVA;411200901A;PR;Primavera I;-24,278;-49,731;2025-03-11 21:20:00.0;0,20
JAGUARIAÍVA;411200901A;PR;Primavera I;-24,278;-49,731;2025-03-11 21:30:00.0;0,20
JAGUARIAÍVA;411200901A;PR;Primavera I;-24,278;-49,731;2025-03-11 22:30:00.0;0,00
JAGUARIAÍVA;411200901A;PR;Primavera I;-24,278;-49,731;2025-03-11 23:30:00.0;0,00
JAGUARIAÍVA;411200901A;PR;Primavera I;-24,278;-49,731;2025-03-12 00:30:00.0;0,00
JAGUARIAÍVA;411200901A;PR;Primavera I;-24,278;-49,731;2025-03-12 01:30:00.0;0,00
JAGUARIAÍVA;411200901A;PR;Primavera I;-24,278;-49,731;2025-03-12 02:30:00.0;0,00
JAGUARIAÍVA;411200901A;PR;Primavera I;-24,278;-49,731;2025-03-12 03:30:00.0;0,00
JAGUARIAÍVA;411200901A;PR;Primavera I;-24,278;-49,731;2025-03-12 04:30:00.0;0,00
JAGUARIAÍVA;411200901A;PR;Primavera I;-24,278;-49,731;2025-03-12 05:30:00.0;0,00
JAGUARIAÍVA;411200901A;PR;Primavera I;-24,278;-49,731;2025-03-12 06:30:00.0;0,00
JAGUARIAÍVA;411200901A;PR;Primavera I;-24,278;-49,731;2025-03-12 07:30:00.0;0,00
JAGUARIAÍVA;411200901A;PR;Primavera I;-24,278;-49,731;2025-03-12 08:30:00.0;0,00
JAGUARIAÍVA;411200901A;PR;Primavera I;-24,278;-49,731;2025-03-12 09:30:00.0;0,00
JAGUARIAÍVA;411200901A;PR;Primavera I;-24,278;-49,731;2025-03-12 10:30:00.0;0,00
JAGUARIAÍVA;411200901A;PR;Primavera I;-24,278;-49,731;2025-03-12 11:30:00.0;0,00
JAGUARIAÍVA;411200901A;PR;Primavera I;-24,278;-49,731;2025-03-12 12:30:00.0;0,00
JAGUARIAÍVA;411200901A;PR;Primavera I;-24,278;-49,731;2025-03-12 13:10:00.0;0,20
JAGUARIAÍVA;411200901A;PR;Primavera I;-24,278;-49,731;2025-03-12 13:30:00.0;0,00
JAGUARIAÍVA;411200901A;PR;Primavera I;-24,278;-49,731;2025-03-12 14:30:00.0;0,00
JAGUARIAÍVA;411200901A;PR;Primavera I;-24,278;-49,731;2025-03-12 15:30:00.0;0,00
JAGUARIAÍVA;411200901A;PR;Primavera I;-24,278;-49,731;2025-03-12 16:30:00.0;0,00
JAGUARIAÍVA;411200901A;PR;Primavera I;-24,278;-49,731;2025-03-12 17:30:00.0;0,00
JAGUARIAÍVA;411200901A;PR;Primavera I;-24,278;-49,731;2025-03-12 18:30:00.0;0,00
JAGUARIAÍVA;411200901A;PR;Primavera I;-24,278;-49,731;2025-03-12 19:30:00.0;0,00
JAGUARIAÍVA;411200901A;PR;Primavera I;-24,278;-49,731;2025-03-12 19:40:00.0;0,20
JAGUARIAÍVA;411200901A;PR;Primavera I;-24,278;-49,731;2025-03-12 20:00:00.0;0,20
JAGUARIAÍVA;411200901A;PR;Primavera I;-24,278;-49,731;2025-03-12 20:20:00.0;0,20
JAGUARIAÍVA;411200901A;PR;Primavera I;-24,278;-49,731;2025-03-12 20:30:00.0;0,00
JAGUARIAÍVA;411200901A;PR;Primavera I;-24,278;-49,731;2025-03-12 21:30:00.0;0,00
JAGUARIAÍVA;411200901A;PR;Primavera I;-24,278;-49,731;2025-03-12 22:30:00.0;0,00
JAGUARIAÍVA;411200901A;PR;Primavera I;-24,278;-49,731;2025-03-12 23:30:00.0;0,00
JAGUARIAÍVA;411200901A;PR;Primavera I;-24,278;-49,731;2025-03-13 00:30:00.0;0,00
JAGUARIAÍVA;411200901A;PR;Primavera I;-24,278;-49,731;2025-03-13 01:30:00.0;0,00
JAGUARIAÍVA;411200901A;PR;Primavera I;-24,278;-49,731;2025-03-13 02:30:00.0;0,00
JAGUARIAÍVA;411200901A;PR;Primavera I;-24,278;-49,731;2025-03-13 03:00:00.0;0,20
JAGUARIAÍVA;411200901A;PR;Primavera I;-24,278;-49,731;2025-03-13 03:30:00.0;0,00
JAGUARIAÍVA;411200901A;PR;Primavera I;-24,278;-49,731;2025-03-13 03:40:00.0;0,20
JAGUARIAÍVA;411200901A;PR;Primavera I;-24,278;-49,731;2025-03-13 04:30:00.0;0,00
JAGUARIAÍVA;411200901A;PR;Primavera I;-24,278;-49,731;2025-03-13 04:50:00.0;0,20
JAGUARIAÍVA;411200901A;PR;Primavera I;-24,278;-49,731;2025-03-13 05:30:00.0;0,00
JAGUARIAÍVA;411200901A;PR;Primavera I;-24,278;-49,731;2025-03-13 06:30:00.0;0,00
JAGUARIAÍVA;411200901A;PR;Primavera I;-24,278;-49,731;2025-03-13 06:50:00.0;0,39
JAGUARIAÍVA;411200901A;PR;Primavera I;-24,278;-49,731;2025-03-13 07:00:00.0;0,20
JAGUARIAÍVA;411200901A;PR;Primavera I;-24,278;-49,731;2025-03-13 07:30:00.0;0,00
JAGUARIAÍVA;411200901A;PR;Primavera I;-24,278;-49,731;2025-03-13 07:40:00.0;0,20
JAGUARIAÍVA;411200901A;PR;Primavera I;-24,278;-49,731;2025-03-13 08:10:00.0;0,20
JAGUARIAÍVA;411200901A;PR;Primavera I;-24,278;-49,731;2025-03-13 08:30:00.0;0,00
JAGUARIAÍVA;411200901A;PR;Primavera I;-24,278;-49,731;2025-03-13 09:30:00.0;0,00
JAGUARIAÍVA;411200901A;PR;Primavera I;-24,278;-49,731;2025-03-13 10:30:00.0;0,00
JAGUARIAÍVA;411200901A;PR;Primavera I;-24,278;-49,731;2025-03-13 11:30:00.0;0,00
JAGUARIAÍVA;411200901A;PR;Primavera I;-24,278;-49,731;2025-03-13 12:30:00.0;0,00
JAGUARIAÍVA;411200901A;PR;Primavera I;-24,278;-49,731;2025-03-13 13:30:00.0;0,00
JAGUARIAÍVA;411200901A;PR;Primavera I;-24,278;-49,731;2025-03-13 14:30:00.0;0,00
JAGUARIAÍVA;411200901A;PR;Primavera I;-24,278;-49,731;2025-03-13 15:30:00.0;0,00
JAGUARIAÍVA;411200901A;PR;Primavera I;-24,278;-49,731;2025-03-13 16:30:00.0;0,00
JAGUARIAÍVA;411200901A;PR;Primavera I;-24,278;-49,731;2025-03-13 17:30:00.0;0,00
JAGUARIAÍVA;411200901A;PR;Primavera I;-24,278;-49,731;2025-03-13 18:30:00.0;0,00
JAGUARIAÍVA;411200901A;PR;Primavera I;-24,278;-49,731;2025-03-13 19:30:00.0;0,00
JAGUARIAÍVA;411200901A;PR;Primavera I;-24,278;-49,731;2025-03-13 20:30:00.0;0,00
JAGUARIAÍVA;411200901A;PR;Primavera I;-24,278;-49,731;2025-03-13 21:30:00.0;0,00
JAGUARIAÍVA;411200901A;PR;Primavera I;-24,278;-49,731;2025-03-13 22:30:00.0;0,00
JAGUARIAÍVA;411200901A;PR;Primavera I;-24,278;-49,731;2025-03-13 23:30:00.0;0,00
JAGUARIAÍVA;411200901A;PR;Primavera I;-24,278;-49,731;2025-03-14 00:30:00.0;0,00
JAGUARIAÍVA;411200901A;PR;Primavera I;-24,278;-49,731;2025-03-14 01:30:00.0;0,00
JAGUARIAÍVA;411200901A;PR;Primavera I;-24,278;-49,731;2025-03-14 02:30:00.0;0,00
JAGUARIAÍVA;411200901A;PR;Primavera I;-24,278;-49,731;2025-03-14 03:30:00.0;0,00
JAGUARIAÍVA;411200901A;PR;Primavera I;-24,278;-49,731;2025-03-14 04:30:00.0;0,00
JAGUARIAÍVA;411200901A;PR;Primavera I;-24,278;-49,731;2025-03-14 05:30:00.0;0,00
JAGUARIAÍVA;411200901A;PR;Primavera I;-24,278;-49,731;2025-03-14 06:30:00.0;0,00
JAGUARIAÍVA;411200901A;PR;Primavera I;-24,278;-49,731;2025-03-14 07:30:00.0;0,00
JAGUARIAÍVA;411200901A;PR;Primavera I;-24,278;-49,731;2025-03-14 08:30:00.0;0,00
JAGUARIAÍVA;411200901A;PR;Primavera I;-24,278;-49,731;2025-03-14 09:30:00.0;0,00
JAGUARIAÍVA;411200901A;PR;Primavera I;-24,278;-49,731;2025-03-14 10:30:00.0;0,00
JAGUARIAÍVA;411200901A;PR;Primavera I;-24,278;-49,731;2025-03-14 11:30:00.0;0,00
JAGUARIAÍVA;411200901A;PR;Primavera I;-24,278;-49,731;2025-03-14 12:30:00.0;0,00
JAGUARIAÍVA;411200901A;PR;Primavera I;-24,278;-49,731;2025-03-14 13:30:00.0;0,00
JAGUARIAÍVA;411200901A;PR;Primavera I;-24,278;-49,731;2025-03-14 14:30:00.0;0,00
JAGUARIAÍVA;411200901A;PR;Primavera I;-24,278;-49,731;2025-03-14 15:30:00.0;0,00
JAGUARIAÍVA;411200901A;PR;Primavera I;-24,278;-49,731;2025-03-14 16:30:00.0;0,00
JAGUARIAÍVA;411200901A;PR;Primavera I;-24,278;-49,731;2025-03-14 17:30:00.0;0,00
JAGUARIAÍVA;411200901A;PR;Primavera I;-24,278;-49,731;2025-03-14 18:30:00.0;2,36
JAGUARIAÍVA;411200901A;PR;Primavera I;-24,278;-49,731;2025-03-14 18:40:00.0;0,79
JAGUARIAÍVA;411200901A;PR;Primavera I;-24,278;-49,731;2025-03-14 19:30:00.0;0,00
JAGUARIAÍVA;411200901A;PR;Primavera I;-24,278;-49,731;2025-03-14 20:20:00.0;0,20
JAGUARIAÍVA;411200901A;PR;Primavera I;-24,278;-49,731;2025-03-14 20:30:00.0;0,00
JAGUARIAÍVA;411200901A;PR;Primavera I;-24,278;-49,731;2025-03-14 21:30:00.0;0,00
JAGUARIAÍVA;411200901A;PR;Primavera I;-24,278;-49,731;2025-03-14 22:30:00.0;0,00
JAGUARIAÍVA;411200901A;PR;Primavera I;-24,278;-49,731;2025-03-14 23:30:00.0;0,00
JAGUARIAÍVA;411200901A;PR;Primavera I;-24,278;-49,731;2025-03-15 00:30:00.0;0,00
JAGUARIAÍVA;411200901A;PR;Primavera I;-24,278;-49,731;2025-03-15 01:30:00.0;0,00
JAGUARIAÍVA;411200901A;PR;Primavera I;-24,278;-49,731;2025-03-15 02:30:00.0;0,00
JAGUARIAÍVA;411200901A;PR;Primavera I;-24,278;-49,731;2025-03-15 03:30:00.0;0,00
JAGUARIAÍVA;411200901A;PR;Primavera I;-24,278;-49,731;2025-03-15 04:30:00.0;0,00
JAGUARIAÍVA;411200901A;PR;Primavera I;-24,278;-49,731;2025-03-15 05:30:00.0;0,00
JAGUARIAÍVA;411200901A;PR;Primavera I;-24,278;-49,731;2025-03-15 06:30:00.0;0,00
JAGUARIAÍVA;411200901A;PR;Primavera I;-24,278;-49,731;2025-03-15 07:30:00.0;0,00
JAGUARIAÍVA;411200901A;PR;Primavera I;-24,278;-49,731;2025-03-15 08:30:00.0;0,00
JAGUARIAÍVA;411200901A;PR;Primavera I;-24,278;-49,731;2025-03-15 09:30:00.0;0,00
JAGUARIAÍVA;411200901A;PR;Primavera I;-24,278;-49,731;2025-03-15 10:30:00.0;0,00
JAGUARIAÍVA;411200901A;PR;Primavera I;-24,278;-49,731;2025-03-15 11:30:00.0;0,00
JAGUARIAÍVA;411200901A;PR;Primavera I;-24,278;-49,731;2025-03-15 12:30:00.0;0,00
JAGUARIAÍVA;411200901A;PR;Primavera I;-24,278;-49,731;2025-03-15 13:30:00.0;0,00
JAGUARIAÍVA;411200901A;PR;Primavera I;-24,278;-49,731;2025-03-15 14:30:00.0;0,00
JAGUARIAÍVA;411200901A;PR;Primavera I;-24,278;-49,731;2025-03-15 15:30:00.0;0,00
JAGUARIAÍVA;411200901A;PR;Primavera I;-24,278;-49,731;2025-03-15 16:30:00.0;0,00
JAGUARIAÍVA;411200901A;PR;Primavera I;-24,278;-49,731;2025-03-15 17:30:00.0;0,00
JAGUARIAÍVA;411200901A;PR;Primavera I;-24,278;-49,731;2025-03-15 17:40:00.0;1,37
JAGUARIAÍVA;411200901A;PR;Primavera I;-24,278;-49,731;2025-03-15 17:50:00.0;1,58
JAGUARIAÍVA;411200901A;PR;Primavera I;-24,278;-49,731;2025-03-15 18:00:00.0;1,57
JAGUARIAÍVA;411200901A;PR;Primavera I;-24,278;-49,731;2025-03-15 18:10:00.0;2,36
JAGUARIAÍVA;411200901A;PR;Primavera I;-24,278;-49,731;2025-03-15 18:20:00.0;0,79
JAGUARIAÍVA;411200901A;PR;Primavera I;-24,278;-49,731;2025-03-15 18:30:00.0;0,00
JAGUARIAÍVA;411200901A;PR;Primavera I;-24,278;-49,731;2025-03-15 18:40:00.0;2,16
JAGUARIAÍVA;411200901A;PR;Primavera I;-24,278;-49,731;2025-03-15 18:50:00.0;1,18
JAGUARIAÍVA;411200901A;PR;Primavera I;-24,278;-49,731;2025-03-15 19:00:00.0;1,18
JAGUARIAÍVA;411200901A;PR;Primavera I;-24,278;-49,731;2025-03-15 19:10:00.0;0,98
JAGUARIAÍVA;411200901A;PR;Primavera I;-24,278;-49,731;2025-03-15 19:20:00.0;3,15
JAGUARIAÍVA;411200901A;PR;Primavera I;-24,278;-49,731;2025-03-15 19:30:00.0;0,42
JAGUARIAÍVA;411200901A;PR;Primavera I;-24,278;-49,731;2025-03-15 20:20:00.0;0,59
JAGUARIAÍVA;411200901A;PR;Primavera I;-24,278;-49,731;2025-03-15 20:30:00.0;0,79
JAGUARIAÍVA;411200901A;PR;Primavera I;-24,278;-49,731;2025-03-15 20:40:00.0;1,18
JAGUARIAÍVA;411200901A;PR;Primavera I;-24,278;-49,731;2025-03-15 20:50:00.0;0,39
JAGUARIAÍVA;411200901A;PR;Primavera I;-24,278;-49,731;2025-03-15 21:30:00.0;0,00
JAGUARIAÍVA;411200901A;PR;Primavera I;-24,278;-49,731;2025-03-15 22:30:00.0;0,00
JAGUARIAÍVA;411200901A;PR;Primavera I;-24,278;-49,731;2025-03-15 23:30:00.0;0,00
JAGUARIAÍVA;411200901A;PR;Primavera I;-24,278;-49,731;2025-03-15 23:50:00.0;0,20
JAGUARIAÍVA;411200901A;PR;Primavera I;-24,278;-49,731;2025-03-16 00:30:00.0;0,00
JAGUARIAÍVA;411200901A;PR;Primavera I;-24,278;-49,731;2025-03-16 01:30:00.0;0,00
JAGUARIAÍVA;411200901A;PR;Primavera I;-24,278;-49,731;2025-03-16 02:30:00.0;0,00
JAGUARIAÍVA;411200901A;PR;Primavera I;-24,278;-49,731;2025-03-16 03:30:00.0;0,00
JAGUARIAÍVA;411200901A;PR;Primavera I;-24,278;-49,731;2025-03-16 04:30:00.0;0,00
JAGUARIAÍVA;411200901A;PR;Primavera I;-24,278;-49,731;2025-03-16 05:30:00.0;0,00
JAGUARIAÍVA;411200901A;PR;Primavera I;-24,278;-49,731;2025-03-16 06:30:00.0;0,00
JAGUARIAÍVA;411200901A;PR;Primavera I;-24,278;-49,731;2025-03-16 07:30:00.0;0,00
JAGUARIAÍVA;411200901A;PR;Primavera I;-24,278;-49,731;2025-03-16 08:30:00.0;0,00
JAGUARIAÍVA;411200901A;PR;Primavera I;-24,278;-49,731;2025-03-16 09:30:00.0;0,00
JAGUARIAÍVA;411200901A;PR;Primavera I;-24,278;-49,731;2025-03-16 10:30:00.0;0,00
JAGUARIAÍVA;411200901A;PR;Primavera I;-24,278;-49,731;2025-03-16 11:30:00.0;0,00
JAGUARIAÍVA;411200901A;PR;Primavera I;-24,278;-49,731;2025-03-16 12:30:00.0;0,00
JAGUARIAÍVA;411200901A;PR;Primavera I;-24,278;-49,731;2025-03-16 13:30:00.0;0,00
JAGUARIAÍVA;411200901A;PR;Primavera I;-24,278;-49,731;2025-03-16 14:30:00.0;0,00
JAGUARIAÍVA;411200901A;PR;Primavera I;-24,278;-49,731;2025-03-16 15:30:00.0;0,00
JAGUARIAÍVA;411200901A;PR;Primavera I;-24,278;-49,731;2025-03-16 16:30:00.0;0,00
JAGUARIAÍVA;411200901A;PR;Primavera I;-24,278;-49,731;2025-03-16 17:30:00.0;0,00
JAGUARIAÍVA;411200901A;PR;Primavera I;-24,278;-49,731;2025-03-16 18:30:00.0;0,00
JAGUARIAÍVA;411200901A;PR;Primavera I;-24,278;-49,731;2025-03-16 19:30:00.0;0,00
JAGUARIAÍVA;411200901A;PR;Primavera I;-24,278;-49,731;2025-03-16 20:30:00.0;0,00
JAGUARIAÍVA;411200901A;PR;Primavera I;-24,278;-49,731;2025-03-16 21:30:00.0;0,00
JAGUARIAÍVA;411200901A;PR;Primavera I;-24,278;-49,731;2025-03-16 22:30:00.0;0,00
JAGUARIAÍVA;411200901A;PR;Primavera I;-24,278;-49,731;2025-03-16 23:30:00.0;0,00
JAGUARIAÍVA;411200901A;PR;Primavera I;-24,278;-49,731;2025-03-17 00:30:00.0;0,00
JAGUARIAÍVA;411200901A;PR;Primavera I;-24,278;-49,731;2025-03-17 01:30:00.0;0,00
JAGUARIAÍVA;411200901A;PR;Primavera I;-24,278;-49,731;2025-03-17 02:30:00.0;0,00
JAGUARIAÍVA;411200901A;PR;Primavera I;-24,278;-49,731;2025-03-17 03:30:00.0;0,00
JAGUARIAÍVA;411200901A;PR;Primavera I;-24,278;-49,731;2025-03-17 04:30:00.0;0,00
JAGUARIAÍVA;411200901A;PR;Primavera I;-24,278;-49,731;2025-03-17 05:30:00.0;0,00
JAGUARIAÍVA;411200901A;PR;Primavera I;-24,278;-49,731;2025-03-17 06:30:00.0;0,00
JAGUARIAÍVA;411200901A;PR;Primavera I;-24,278;-49,731;2025-03-17 07:30:00.0;0,00
JAGUARIAÍVA;411200901A;PR;Primavera I;-24,278;-49,731;2025-03-17 08:30:00.0;0,00
JAGUARIAÍVA;411200901A;PR;Primavera I;-24,278;-49,731;2025-03-17 09:30:00.0;0,00
JAGUARIAÍVA;411200901A;PR;Primavera I;-24,278;-49,731;2025-03-17 10:30:00.0;0,00
JAGUARIAÍVA;411200901A;PR;Primavera I;-24,278;-49,731;2025-03-17 11:30:00.0;0,00
JAGUARIAÍVA;411200901A;PR;Primavera I;-24,278;-49,731;2025-03-17 12:30:00.0;0,00
JAGUARIAÍVA;411200901A;PR;Primavera I;-24,278;-49,731;2025-03-17 13:30:00.0;0,00
JAGUARIAÍVA;411200901A;PR;Primavera I;-24,278;-49,731;2025-03-17 14:30:00.0;0,00
JAGUARIAÍVA;411200901A;PR;Primavera I;-24,278;-49,731;2025-03-17 15:30:00.0;0,00
JAGUARIAÍVA;411200901A;PR;Primavera I;-24,278;-49,731;2025-03-17 16:30:00.0;0,00
JAGUARIAÍVA;411200901A;PR;Primavera I;-24,278;-49,731;2025-03-17 17:30:00.0;0,00
JAGUARIAÍVA;411200901A;PR;Primavera I;-24,278;-49,731;2025-03-17 17:40:00.0;1,97
JAGUARIAÍVA;411200901A;PR;Primavera I;-24,278;-49,731;2025-03-17 17:50:00.0;0,59
JAGUARIAÍVA;411200901A;PR;Primavera I;-24,278;-49,731;2025-03-17 18:00:00.0;0,79
JAGUARIAÍVA;411200901A;PR;Primavera I;-24,278;-49,731;2025-03-17 18:30:00.0;0,00
JAGUARIAÍVA;411200901A;PR;Primavera I;-24,278;-49,731;2025-03-17 19:30:00.0;0,00
JAGUARIAÍVA;411200901A;PR;Primavera I;-24,278;-49,731;2025-03-17 20:30:00.0;0,00
JAGUARIAÍVA;411200901A;PR;Primavera I;-24,278;-49,731;2025-03-17 21:30:00.0;0,00
JAGUARIAÍVA;411200901A;PR;Primavera I;-24,278;-49,731;2025-03-17 22:30:00.0;0,00
JAGUARIAÍVA;411200901A;PR;Primavera I;-24,278;-49,731;2025-03-17 23:30:00.0;0,00
JAGUARIAÍVA;411200901A;PR;Primavera I;-24,278;-49,731;2025-03-18 00:30:00.0;0,00
JAGUARIAÍVA;411200901A;PR;Primavera I;-24,278;-49,731;2025-03-18 01:30:00.0;0,00
JAGUARIAÍVA;411200901A;PR;Primavera I;-24,278;-49,731;2025-03-18 02:30:00.0;0,00
JAGUARIAÍVA;411200901A;PR;Primavera I;-24,278;-49,731;2025-03-18 03:30:00.0;0,00
JAGUARIAÍVA;411200901A;PR;Primavera I;-24,278;-49,731;2025-03-18 04:30:00.0;0,00
JAGUARIAÍVA;411200901A;PR;Primavera I;-24,278;-49,731;2025-03-18 05:30:00.0;0,00
JAGUARIAÍVA;411200901A;PR;Primavera I;-24,278;-49,731;2025-03-18 06:30:00.0;0,00
JAGUARIAÍVA;411200901A;PR;Primavera I;-24,278;-49,731;2025-03-18 07:30:00.0;0,00
JAGUARIAÍVA;411200901A;PR;Primavera I;-24,278;-49,731;2025-03-18 08:30:00.0;0,00
JAGUARIAÍVA;411200901A;PR;Primavera I;-24,278;-49,731;2025-03-18 09:30:00.0;0,00
JAGUARIAÍVA;411200901A;PR;Primavera I;-24,278;-49,731;2025-03-18 10:30:00.0;0,00
JAGUARIAÍVA;411200901A;PR;Primavera I;-24,278;-49,731;2025-03-18 11:30:00.0;0,00
JAGUARIAÍVA;411200901A;PR;Primavera I;-24,278;-49,731;2025-03-18 12:30:00.0;0,00
JAGUARIAÍVA;411200901A;PR;Primavera I;-24,278;-49,731;2025-03-18 13:30:00.0;0,00
JAGUARIAÍVA;411200901A;PR;Primavera I;-24,278;-49,731;2025-03-18 14:30:00.0;0,00
JAGUARIAÍVA;411200901A;PR;Primavera I;-24,278;-49,731;2025-03-18 15:30:00.0;0,00
JAGUARIAÍVA;411200901A;PR;Primavera I;-24,278;-49,731;2025-03-18 16:30:00.0;0,00
JAGUARIAÍVA;411200901A;PR;Primavera I;-24,278;-49,731;2025-03-18 17:30:00.0;0,00
JAGUARIAÍVA;411200901A;PR;Primavera I;-24,278;-49,731;2025-03-18 18:30:00.0;0,00
JAGUARIAÍVA;411200901A;PR;Primavera I;-24,278;-49,731;2025-03-18 19:30:00.0;0,00
JAGUARIAÍVA;411200901A;PR;Primavera I;-24,278;-49,731;2025-03-18 20:30:00.0;0,00
JAGUARIAÍVA;411200901A;PR;Primavera I;-24,278;-49,731;2025-03-18 21:30:00.0;0,00
JAGUARIAÍVA;411200901A;PR;Primavera I;-24,278;-49,731;2025-03-18 22:30:00.0;0,00
JAGUARIAÍVA;411200901A;PR;Primavera I;-24,278;-49,731;2025-03-18 23:30:00.0;0,00
JAGUARIAÍVA;411200901A;PR;Primavera I;-24,278;-49,731;2025-03-19 00:30:00.0;0,00
JAGUARIAÍVA;411200901A;PR;Primavera I;-24,278;-49,731;2025-03-19 01:30:00.0;0,00
JAGUARIAÍVA;411200901A;PR;Primavera I;-24,278;-49,731;2025-03-19 02:30:00.0;0,00
JAGUARIAÍVA;411200901A;PR;Primavera I;-24,278;-49,731;2025-03-19 03:30:00.0;0,00
JAGUARIAÍVA;411200901A;PR;Primavera I;-24,278;-49,731;2025-03-19 04:30:00.0;0,00
JAGUARIAÍVA;411200901A;PR;Primavera I;-24,278;-49,731;2025-03-19 05:30:00.0;0,00
JAGUARIAÍVA;411200901A;PR;Primavera I;-24,278;-49,731;2025-03-19 06:30:00.0;0,00
JAGUARIAÍVA;411200901A;PR;Primavera I;-24,278;-49,731;2025-03-19 07:30:00.0;0,00
JAGUARIAÍVA;411200901A;PR;Primavera I;-24,278;-49,731;2025-03-19 08:30:00.0;0,00
JAGUARIAÍVA;411200901A;PR;Primavera I;-24,278;-49,731;2025-03-19 09:30:00.0;0,00
JAGUARIAÍVA;411200901A;PR;Primavera I;-24,278;-49,731;2025-03-19 10:30:00.0;0,00
JAGUARIAÍVA;411200901A;PR;Primavera I;-24,278;-49,731;2025-03-19 11:30:00.0;0,00
JAGUARIAÍVA;411200901A;PR;Primavera I;-24,278;-49,731;2025-03-19 12:30:00.0;0,00
JAGUARIAÍVA;411200901A;PR;Primavera I;-24,278;-49,731;2025-03-19 13:30:00.0;0,00
JAGUARIAÍVA;411200901A;PR;Primavera I;-24,278;-49,731;2025-03-19 14:30:00.0;0,00
JAGUARIAÍVA;411200901A;PR;Primavera I;-24,278;-49,731;2025-03-19 15:30:00.0;0,00
JAGUARIAÍVA;411200901A;PR;Primavera I;-24,278;-49,731;2025-03-19 16:30:00.0;0,00
JAGUARIAÍVA;411200901A;PR;Primavera I;-24,278;-49,731;2025-03-19 17:30:00.0;0,00
JAGUARIAÍVA;411200901A;PR;Primavera I;-24,278;-49,731;2025-03-19 18:30:00.0;0,00
JAGUARIAÍVA;411200901A;PR;Primavera I;-24,278;-49,731;2025-03-19 19:30:00.0;0,00
JAGUARIAÍVA;411200901A;PR;Primavera I;-24,278;-49,731;2025-03-19 20:30:00.0;0,00
JAGUARIAÍVA;411200901A;PR;Primavera I;-24,278;-49,731;2025-03-19 21:30:00.0;0,00
JAGUARIAÍVA;411200901A;PR;Primavera I;-24,278;-49,731;2025-03-19 22:30:00.0;0,00
JAGUARIAÍVA;411200901A;PR;Primavera I;-24,278;-49,731;2025-03-19 23:30:00.0;0,00
JAGUARIAÍVA;411200901A;PR;Primavera I;-24,278;-49,731;2025-03-20 00:30:00.0;0,00
JAGUARIAÍVA;411200901A;PR;Primavera I;-24,278;-49,731;2025-03-20 01:30:00.0;0,00
JAGUARIAÍVA;411200901A;PR;Primavera I;-24,278;-49,731;2025-03-20 02:30:00.0;0,00
JAGUARIAÍVA;411200901A;PR;Primavera I;-24,278;-49,731;2025-03-20 03:30:00.0;0,00
JAGUARIAÍVA;411200901A;PR;Primavera I;-24,278;-49,731;2025-03-20 04:30:00.0;0,00
JAGUARIAÍVA;411200901A;PR;Primavera I;-24,278;-49,731;2025-03-20 05:30:00.0;0,00
JAGUARIAÍVA;411200901A;PR;Primavera I;-24,278;-49,731;2025-03-20 06:30:00.0;0,00
JAGUARIAÍVA;411200901A;PR;Primavera I;-24,278;-49,731;2025-03-20 07:30:00.0;0,00
JAGUARIAÍVA;411200901A;PR;Primavera I;-24,278;-49,731;2025-03-20 08:30:00.0;0,00
JAGUARIAÍVA;411200901A;PR;Primavera I;-24,278;-49,731;2025-03-20 09:30:00.0;0,00
JAGUARIAÍVA;411200901A;PR;Primavera I;-24,278;-49,731;2025-03-20 10:30:00.0;0,00
JAGUARIAÍVA;411200901A;PR;Primavera I;-24,278;-49,731;2025-03-20 11:30:00.0;0,00
JAGUARIAÍVA;411200901A;PR;Primavera I;-24,278;-49,731;2025-03-20 12:30:00.0;0,00
JAGUARIAÍVA;411200901A;PR;Primavera I;-24,278;-49,731;2025-03-20 13:30:00.0;0,00
JAGUARIAÍVA;411200901A;PR;Primavera I;-24,278;-49,731;2025-03-20 14:30:00.0;0,00
JAGUARIAÍVA;411200901A;PR;Primavera I;-24,278;-49,731;2025-03-20 15:30:00.0;0,00
JAGUARIAÍVA;411200901A;PR;Primavera I;-24,278;-49,731;2025-03-20 16:30:00.0;0,00
JAGUARIAÍVA;411200901A;PR;Primavera I;-24,278;-49,731;2025-03-20 17:30:00.0;0,00
JAGUARIAÍVA;411200901A;PR;Primavera I;-24,278;-49,731;2025-03-20 18:30:00.0;0,00
JAGUARIAÍVA;411200901A;PR;Primavera I;-24,278;-49,731;2025-03-20 19:30:00.0;0,00
JAGUARIAÍVA;411200901A;PR;Primavera I;-24,278;-49,731;2025-03-20 20:30:00.0;0,00
JAGUARIAÍVA;411200901A;PR;Primavera I;-24,278;-49,731;2025-03-20 21:30:00.0;0,00
JAGUARIAÍVA;411200901A;PR;Primavera I;-24,278;-49,731;2025-03-20 22:30:00.0;0,00
JAGUARIAÍVA;411200901A;PR;Primavera I;-24,278;-49,731;2025-03-20 23:30:00.0;0,00
JAGUARIAÍVA;411200901A;PR;Primavera I;-24,278;-49,731;2025-03-21 00:30:00.0;0,00
JAGUARIAÍVA;411200901A;PR;Primavera I;-24,278;-49,731;2025-03-21 01:30:00.0;0,00
JAGUARIAÍVA;411200901A;PR;Primavera I;-24,278;-49,731;2025-03-21 02:30:00.0;0,00
JAGUARIAÍVA;411200901A;PR;Primavera I;-24,278;-49,731;2025-03-21 03:30:00.0;0,00
JAGUARIAÍVA;411200901A;PR;Primavera I;-24,278;-49,731;2025-03-21 04:30:00.0;0,00
JAGUARIAÍVA;411200901A;PR;Primavera I;-24,278;-49,731;2025-03-21 05:30:00.0;0,00
JAGUARIAÍVA;411200901A;PR;Primavera I;-24,278;-49,731;2025-03-21 06:30:00.0;0,00
JAGUARIAÍVA;411200901A;PR;Primavera I;-24,278;-49,731;2025-03-21 07:30:00.0;0,00
JAGUARIAÍVA;411200901A;PR;Primavera I;-24,278;-49,731;2025-03-21 08:30:00.0;0,00
JAGUARIAÍVA;411200901A;PR;Primavera I;-24,278;-49,731;2025-03-21 09:30:00.0;0,00
JAGUARIAÍVA;411200901A;PR;Primavera I;-24,278;-49,731;2025-03-21 10:30:00.0;0,00
JAGUARIAÍVA;411200901A;PR;Primavera I;-24,278;-49,731;2025-03-21 11:30:00.0;0,00
JAGUARIAÍVA;411200901A;PR;Primavera I;-24,278;-49,731;2025-03-21 12:30:00.0;0,00
JAGUARIAÍVA;411200901A;PR;Primavera I;-24,278;-49,731;2025-03-21 13:30:00.0;0,00
JAGUARIAÍVA;411200901A;PR;Primavera I;-24,278;-49,731;2025-03-21 14:30:00.0;0,00
JAGUARIAÍVA;411200901A;PR;Primavera I;-24,278;-49,731;2025-03-21 15:30:00.0;0,00
JAGUARIAÍVA;411200901A;PR;Primavera I;-24,278;-49,731;2025-03-21 16:30:00.0;0,00
JAGUARIAÍVA;411200901A;PR;Primavera I;-24,278;-49,731;2025-03-21 17:30:00.0;0,00
JAGUARIAÍVA;411200901A;PR;Primavera I;-24,278;-49,731;2025-03-21 18:30:00.0;0,00
JAGUARIAÍVA;411200901A;PR;Primavera I;-24,278;-49,731;2025-03-21 19:30:00.0;0,00
JAGUARIAÍVA;411200901A;PR;Primavera I;-24,278;-49,731;2025-03-21 20:30:00.0;0,00
JAGUARIAÍVA;411200901A;PR;Primavera I;-24,278;-49,731;2025-03-21 21:30:00.0;0,00
JAGUARIAÍVA;411200901A;PR;Primavera I;-24,278;-49,731;2025-03-21 22:30:00.0;0,00
JAGUARIAÍVA;411200901A;PR;Primavera I;-24,278;-49,731;2025-03-21 23:30:00.0;0,00
JAGUARIAÍVA;411200901A;PR;Primavera I;-24,278;-49,731;2025-03-22 00:30:00.0;0,00
JAGUARIAÍVA;411200901A;PR;Primavera I;-24,278;-49,731;2025-03-22 01:30:00.0;0,00
JAGUARIAÍVA;411200901A;PR;Primavera I;-24,278;-49,731;2025-03-22 02:30:00.0;0,00
JAGUARIAÍVA;411200901A;PR;Primavera I;-24,278;-49,731;2025-03-22 03:30:00.0;0,00
JAGUARIAÍVA;411200901A;PR;Primavera I;-24,278;-49,731;2025-03-22 04:30:00.0;0,00
JAGUARIAÍVA;411200901A;PR;Primavera I;-24,278;-49,731;2025-03-22 05:30:00.0;0,00
JAGUARIAÍVA;411200901A;PR;Primavera I;-24,278;-49,731;2025-03-22 06:30:00.0;0,00
JAGUARIAÍVA;411200901A;PR;Primavera I;-24,278;-49,731;2025-03-22 07:30:00.0;0,00
JAGUARIAÍVA;411200901A;PR;Primavera I;-24,278;-49,731;2025-03-22 08:30:00.0;0,00
JAGUARIAÍVA;411200901A;PR;Primavera I;-24,278;-49,731;2025-03-22 09:30:00.0;0,00
JAGUARIAÍVA;411200901A;PR;Primavera I;-24,278;-49,731;2025-03-22 10:30:00.0;0,00
JAGUARIAÍVA;411200901A;PR;Primavera I;-24,278;-49,731;2025-03-22 11:30:00.0;0,00
JAGUARIAÍVA;411200901A;PR;Primavera I;-24,278;-49,731;2025-03-22 12:30:00.0;0,00
JAGUARIAÍVA;411200901A;PR;Primavera I;-24,278;-49,731;2025-03-22 13:30:00.0;0,00
JAGUARIAÍVA;411200901A;PR;Primavera I;-24,278;-49,731;2025-03-22 14:30:00.0;0,00
JAGUARIAÍVA;411200901A;PR;Primavera I;-24,278;-49,731;2025-03-22 15:30:00.0;0,00
JAGUARIAÍVA;411200901A;PR;Primavera I;-24,278;-49,731;2025-03-22 16:30:00.0;0,00
JAGUARIAÍVA;411200901A;PR;Primavera I;-24,278;-49,731;2025-03-22 17:30:00.0;0,00
JAGUARIAÍVA;411200901A;PR;Primavera I;-24,278;-49,731;2025-03-22 18:30:00.0;0,00
JAGUARIAÍVA;411200901A;PR;Primavera I;-24,278;-49,731;2025-03-22 19:30:00.0;0,00
JAGUARIAÍVA;411200901A;PR;Primavera I;-24,278;-49,731;2025-03-22 20:30:00.0;0,00
JAGUARIAÍVA;411200901A;PR;Primavera I;-24,278;-49,731;2025-03-22 21:30:00.0;0,00
JAGUARIAÍVA;411200901A;PR;Primavera I;-24,278;-49,731;2025-03-22 22:30:00.0;0,00
JAGUARIAÍVA;411200901A;PR;Primavera I;-24,278;-49,731;2025-03-22 23:30:00.0;0,00
JAGUARIAÍVA;411200901A;PR;Primavera I;-24,278;-49,731;2025-03-23 00:30:00.0;0,00
JAGUARIAÍVA;411200901A;PR;Primavera I;-24,278;-49,731;2025-03-23 01:30:00.0;0,00
JAGUARIAÍVA;411200901A;PR;Primavera I;-24,278;-49,731;2025-03-23 02:30:00.0;0,00
JAGUARIAÍVA;411200901A;PR;Primavera I;-24,278;-49,731;2025-03-23 03:30:00.0;0,00
JAGUARIAÍVA;411200901A;PR;Primavera I;-24,278;-49,731;2025-03-23 04:30:00.0;0,00
JAGUARIAÍVA;411200901A;PR;Primavera I;-24,278;-49,731;2025-03-23 05:30:00.0;0,00
JAGUARIAÍVA;411200901A;PR;Primavera I;-24,278;-49,731;2025-03-23 06:30:00.0;0,00
JAGUARIAÍVA;411200901A;PR;Primavera I;-24,278;-49,731;2025-03-23 07:30:00.0;0,00
JAGUARIAÍVA;411200901A;PR;Primavera I;-24,278;-49,731;2025-03-23 08:30:00.0;0,00
JAGUARIAÍVA;411200901A;PR;Primavera I;-24,278;-49,731;2025-03-23 09:30:00.0;0,00
JAGUARIAÍVA;411200901A;PR;Primavera I;-24,278;-49,731;2025-03-23 10:30:00.0;0,00
JAGUARIAÍVA;411200901A;PR;Primavera I;-24,278;-49,731;2025-03-23 11:30:00.0;0,00
JAGUARIAÍVA;411200901A;PR;Primavera I;-24,278;-49,731;2025-03-23 12:30:00.0;0,42
JAGUARIAÍVA;411200901A;PR;Primavera I;-24,278;-49,731;2025-03-23 13:30:00.0;0,00
JAGUARIAÍVA;411200901A;PR;Primavera I;-24,278;-49,731;2025-03-23 14:30:00.0;0,00
JAGUARIAÍVA;411200901A;PR;Primavera I;-24,278;-49,731;2025-03-23 15:30:00.0;0,00
JAGUARIAÍVA;411200901A;PR;Primavera I;-24,278;-49,731;2025-03-23 16:30:00.0;0,20
JAGUARIAÍVA;411200901A;PR;Primavera I;-24,278;-49,731;2025-03-23 17:30:00.0;0,00
JAGUARIAÍVA;411200901A;PR;Primavera I;-24,278;-49,731;2025-03-23 18:30:00.0;0,00
JAGUARIAÍVA;411200901A;PR;Primavera I;-24,278;-49,731;2025-03-23 19:30:00.0;0,00
JAGUARIAÍVA;411200901A;PR;Primavera I;-24,278;-49,731;2025-03-23 20:30:00.0;0,00
JAGUARIAÍVA;411200901A;PR;Primavera I;-24,278;-49,731;2025-03-23 21:30:00.0;0,00
JAGUARIAÍVA;411200901A;PR;Primavera I;-24,278;-49,731;2025-03-23 22:30:00.0;0,00
JAGUARIAÍVA;411200901A;PR;Primavera I;-24,278;-49,731;2025-03-23 23:30:00.0;0,00
JAGUARIAÍVA;411200901A;PR;Primavera I;-24,278;-49,731;2025-03-24 00:30:00.0;0,00
JAGUARIAÍVA;411200901A;PR;Primavera I;-24,278;-49,731;2025-03-24 01:30:00.0;0,00
JAGUARIAÍVA;411200901A;PR;Primavera I;-24,278;-49,731;2025-03-24 02:30:00.0;0,00
JAGUARIAÍVA;411200901A;PR;Primavera I;-24,278;-49,731;2025-03-24 03:30:00.0;0,00
JAGUARIAÍVA;411200901A;PR;Primavera I;-24,278;-49,731;2025-03-24 04:30:00.0;0,00
JAGUARIAÍVA;411200901A;PR;Primavera I;-24,278;-49,731;2025-03-24 05:30:00.0;0,00
JAGUARIAÍVA;411200901A;PR;Primavera I;-24,278;-49,731;2025-03-24 06:30:00.0;0,00
JAGUARIAÍVA;411200901A;PR;Primavera I;-24,278;-49,731;2025-03-24 07:30:00.0;0,00
JAGUARIAÍVA;411200901A;PR;Primavera I;-24,278;-49,731;2025-03-24 08:30:00.0;0,00
JAGUARIAÍVA;411200901A;PR;Primavera I;-24,278;-49,731;2025-03-24 09:30:00.0;0,00
JAGUARIAÍVA;411200901A;PR;Primavera I;-24,278;-49,731;2025-03-24 10:30:00.0;0,00
JAGUARIAÍVA;411200901A;PR;Primavera I;-24,278;-49,731;2025-03-24 11:30:00.0;0,00
JAGUARIAÍVA;411200901A;PR;Primavera I;-24,278;-49,731;2025-03-24 12:30:00.0;0,00
JAGUARIAÍVA;411200901A;PR;Primavera I;-24,278;-49,731;2025-03-24 13:30:00.0;0,00
JAGUARIAÍVA;411200901A;PR;Primavera I;-24,278;-49,731;2025-03-24 14:30:00.0;0,00
JAGUARIAÍVA;411200901A;PR;Primavera I;-24,278;-49,731;2025-03-24 15:30:00.0;0,00
JAGUARIAÍVA;411200901A;PR;Primavera I;-24,278;-49,731;2025-03-24 16:30:00.0;0,00
JAGUARIAÍVA;411200901A;PR;Primavera I;-24,278;-49,731;2025-03-24 17:30:00.0;0,00
JAGUARIAÍVA;411200901A;PR;Primavera I;-24,278;-49,731;2025-03-24 18:30:00.0;0,00
JAGUARIAÍVA;411200901A;PR;Primavera I;-24,278;-49,731;2025-03-24 19:30:00.0;0,00
JAGUARIAÍVA;411200901A;PR;Primavera I;-24,278;-49,731;2025-03-24 20:30:00.0;0,00
JAGUARIAÍVA;411200901A;PR;Primavera I;-24,278;-49,731;2025-03-24 21:30:00.0;0,00
JAGUARIAÍVA;411200901A;PR;Primavera I;-24,278;-49,731;2025-03-24 22:30:00.0;0,00
JAGUARIAÍVA;411200901A;PR;Primavera I;-24,278;-49,731;2025-03-24 23:30:00.0;0,00
JAGUARIAÍVA;411200901A;PR;Primavera I;-24,278;-49,731;2025-03-25 00:30:00.0;0,00
JAGUARIAÍVA;411200901A;PR;Primavera I;-24,278;-49,731;2025-03-25 01:30:00.0;0,00
JAGUARIAÍVA;411200901A;PR;Primavera I;-24,278;-49,731;2025-03-25 02:30:00.0;0,00
JAGUARIAÍVA;411200901A;PR;Primavera I;-24,278;-49,731;2025-03-25 03:30:00.0;0,00
JAGUARIAÍVA;411200901A;PR;Primavera I;-24,278;-49,731;2025-03-25 04:30:00.0;0,00
JAGUARIAÍVA;411200901A;PR;Primavera I;-24,278;-49,731;2025-03-25 05:30:00.0;0,00
JAGUARIAÍVA;411200901A;PR;Primavera I;-24,278;-49,731;2025-03-25 06:30:00.0;0,00
JAGUARIAÍVA;411200901A;PR;Primavera I;-24,278;-49,731;2025-03-25 07:30:00.0;0,00
JAGUARIAÍVA;411200901A;PR;Primavera I;-24,278;-49,731;2025-03-25 08:30:00.0;0,00
JAGUARIAÍVA;411200901A;PR;Primavera I;-24,278;-49,731;2025-03-25 09:30:00.0;0,00
JAGUARIAÍVA;411200901A;PR;Primavera I;-24,278;-49,731;2025-03-25 10:30:00.0;0,00
JAGUARIAÍVA;411200901A;PR;Primavera I;-24,278;-49,731;2025-03-25 11:30:00.0;0,00
JAGUARIAÍVA;411200901A;PR;Primavera I;-24,278;-49,731;2025-03-25 12:30:00.0;0,00
JAGUARIAÍVA;411200901A;PR;Primavera I;-24,278;-49,731;2025-03-25 13:30:00.0;0,00
JAGUARIAÍVA;411200901A;PR;Primavera I;-24,278;-49,731;2025-03-25 14:30:00.0;0,00
JAGUARIAÍVA;411200901A;PR;Primavera I;-24,278;-49,731;2025-03-25 15:30:00.0;0,00
JAGUARIAÍVA;411200901A;PR;Primavera I;-24,278;-49,731;2025-03-25 16:30:00.0;0,00
JAGUARIAÍVA;411200901A;PR;Primavera I;-24,278;-49,731;2025-03-25 17:30:00.0;0,00
JAGUARIAÍVA;411200901A;PR;Primavera I;-24,278;-49,731;2025-03-25 18:30:00.0;0,00
JAGUARIAÍVA;411200901A;PR;Primavera I;-24,278;-49,731;2025-03-25 19:00:00.0;2,56
JAGUARIAÍVA;411200901A;PR;Primavera I;-24,278;-49,731;2025-03-25 19:10:00.0;1,97
JAGUARIAÍVA;411200901A;PR;Primavera I;-24,278;-49,731;2025-03-25 19:30:00.0;0,00
JAGUARIAÍVA;411200901A;PR;Primavera I;-24,278;-49,731;2025-03-25 20:30:00.0;0,00
JAGUARIAÍVA;411200901A;PR;Primavera I;-24,278;-49,731;2025-03-25 21:30:00.0;0,00
JAGUARIAÍVA;411200901A;PR;Primavera I;-24,278;-49,731;2025-03-25 22:30:00.0;0,00
JAGUARIAÍVA;411200901A;PR;Primavera I;-24,278;-49,731;2025-03-25 23:30:00.0;0,00
JAGUARIAÍVA;411200901A;PR;Primavera I;-24,278;-49,731;2025-03-26 00:30:00.0;0,00
JAGUARIAÍVA;411200901A;PR;Primavera I;-24,278;-49,731;2025-03-26 01:30:00.0;0,00
JAGUARIAÍVA;411200901A;PR;Primavera I;-24,278;-49,731;2025-03-26 02:30:00.0;0,00
JAGUARIAÍVA;411200901A;PR;Primavera I;-24,278;-49,731;2025-03-26 03:30:00.0;0,00
JAGUARIAÍVA;411200901A;PR;Primavera I;-24,278;-49,731;2025-03-26 03:50:00.0;0,20
JAGUARIAÍVA;411200901A;PR;Primavera I;-24,278;-49,731;2025-03-26 04:00:00.0;0,59
JAGUARIAÍVA;411200901A;PR;Primavera I;-24,278;-49,731;2025-03-26 04:10:00.0;0,39
JAGUARIAÍVA;411200901A;PR;Primavera I;-24,278;-49,731;2025-03-26 04:20:00.0;0,59
JAGUARIAÍVA;411200901A;PR;Primavera I;-24,278;-49,731;2025-03-26 04:30:00.0;0,59
JAGUARIAÍVA;411200901A;PR;Primavera I;-24,278;-49,731;2025-03-26 04:40:00.0;0,79
JAGUARIAÍVA;411200901A;PR;Primavera I;-24,278;-49,731;2025-03-26 04:50:00.0;0,59
JAGUARIAÍVA;411200901A;PR;Primavera I;-24,278;-49,731;2025-03-26 05:00:00.0;0,79
JAGUARIAÍVA;411200901A;PR;Primavera I;-24,278;-49,731;2025-03-26 05:10:00.0;0,59
JAGUARIAÍVA;411200901A;PR;Primavera I;-24,278;-49,731;2025-03-26 05:20:00.0;0,39
JAGUARIAÍVA;411200901A;PR;Primavera I;-24,278;-49,731;2025-03-26 05:30:00.0;0,00
JAGUARIAÍVA;411200901A;PR;Primavera I;-24,278;-49,731;2025-03-26 06:00:00.0;0,20
JAGUARIAÍVA;411200901A;PR;Primavera I;-24,278;-49,731;2025-03-26 06:20:00.0;0,20
JAGUARIAÍVA;411200901A;PR;Primavera I;-24,278;-49,731;2025-03-26 06:30:00.0;0,20
JAGUARIAÍVA;411200901A;PR;Primavera I;-24,278;-49,731;2025-03-26 06:40:00.0;0,20
JAGUARIAÍVA;411200901A;PR;Primavera I;-24,278;-49,731;2025-03-26 06:50:00.0;0,20
JAGUARIAÍVA;411200901A;PR;Primavera I;-24,278;-49,731;2025-03-26 07:00:00.0;0,20
JAGUARIAÍVA;411200901A;PR;Primavera I;-24,278;-49,731;2025-03-26 07:30:00.0;0,00
JAGUARIAÍVA;411200901A;PR;Primavera I;-24,278;-49,731;2025-03-26 08:30:00.0;0,00
JAGUARIAÍVA;411200901A;PR;Primavera I;-24,278;-49,731;2025-03-26 09:30:00.0;0,00
JAGUARIAÍVA;411200901A;PR;Primavera I;-24,278;-49,731;2025-03-26 10:30:00.0;0,00
JAGUARIAÍVA;411200901A;PR;Primavera I;-24,278;-49,731;2025-03-26 11:30:00.0;0,00
JAGUARIAÍVA;411200901A;PR;Primavera I;-24,278;-49,731;2025-03-26 12:30:00.0;0,00
JAGUARIAÍVA;411200901A;PR;Primavera I;-24,278;-49,731;2025-03-26 13:30:00.0;0,00
JAGUARIAÍVA;411200901A;PR;Primavera I;-24,278;-49,731;2025-03-26 14:10:00.0;0,20
JAGUARIAÍVA;411200901A;PR;Primavera I;-24,278;-49,731;2025-03-26 14:30:00.0;0,00
JAGUARIAÍVA;411200901A;PR;Primavera I;-24,278;-49,731;2025-03-26 15:30:00.0;0,00
JAGUARIAÍVA;411200901A;PR;Primavera I;-24,278;-49,731;2025-03-26 16:30:00.0;0,00
JAGUARIAÍVA;411200901A;PR;Primavera I;-24,278;-49,731;2025-03-26 17:30:00.0;0,00
JAGUARIAÍVA;411200901A;PR;Primavera I;-24,278;-49,731;2025-03-26 18:30:00.0;0,00
JAGUARIAÍVA;411200901A;PR;Primavera I;-24,278;-49,731;2025-03-26 19:30:00.0;0,00
JAGUARIAÍVA;411200901A;PR;Primavera I;-24,278;-49,731;2025-03-26 20:30:00.0;0,00
JAGUARIAÍVA;411200901A;PR;Primavera I;-24,278;-49,731;2025-03-26 21:30:00.0;0,00
JAGUARIAÍVA;411200901A;PR;Primavera I;-24,278;-49,731;2025-03-26 22:30:00.0;0,00
JAGUARIAÍVA;411200901A;PR;Primavera I;-24,278;-49,731;2025-03-26 23:30:00.0;0,00
JAGUARIAÍVA;411200901A;PR;Primavera I;-24,278;-49,731;2025-03-27 00:30:00.0;0,00
JAGUARIAÍVA;411200901A;PR;Primavera I;-24,278;-49,731;2025-03-27 01:30:00.0;0,00
JAGUARIAÍVA;411200901A;PR;Primavera I;-24,278;-49,731;2025-03-27 02:30:00.0;0,00
JAGUARIAÍVA;411200901A;PR;Primavera I;-24,278;-49,731;2025-03-27 03:30:00.0;0,00
JAGUARIAÍVA;411200901A;PR;Primavera I;-24,278;-49,731;2025-03-27 04:30:00.0;0,00
JAGUARIAÍVA;411200901A;PR;Primavera I;-24,278;-49,731;2025-03-27 05:30:00.0;0,00
JAGUARIAÍVA;411200901A;PR;Primavera I;-24,278;-49,731;2025-03-27 06:30:00.0;0,00
JAGUARIAÍVA;411200901A;PR;Primavera I;-24,278;-49,731;2025-03-27 07:30:00.0;0,00
JAGUARIAÍVA;411200901A;PR;Primavera I;-24,278;-49,731;2025-03-27 08:30:00.0;0,00
JAGUARIAÍVA;411200901A;PR;Primavera I;-24,278;-49,731;2025-03-27 09:30:00.0;0,00
JAGUARIAÍVA;411200901A;PR;Primavera I;-24,278;-49,731;2025-03-27 10:30:00.0;0,00
JAGUARIAÍVA;411200901A;PR;Primavera I;-24,278;-49,731;2025-03-27 11:30:00.0;0,00
JAGUARIAÍVA;411200901A;PR;Primavera I;-24,278;-49,731;2025-03-27 12:30:00.0;0,00
JAGUARIAÍVA;411200901A;PR;Primavera I;-24,278;-49,731;2025-03-27 13:30:00.0;0,00
JAGUARIAÍVA;411200901A;PR;Primavera I;-24,278;-49,731;2025-03-27 14:30:00.0;0,00
JAGUARIAÍVA;411200901A;PR;Primavera I;-24,278;-49,731;2025-03-27 15:30:00.0;0,00
JAGUARIAÍVA;411200901A;PR;Primavera I;-24,278;-49,731;2025-03-27 16:30:00.0;0,00
JAGUARIAÍVA;411200901A;PR;Primavera I;-24,278;-49,731;2025-03-27 17:30:00.0;0,00
JAGUARIAÍVA;411200901A;PR;Primavera I;-24,278;-49,731;2025-03-27 18:30:00.0;0,00
JAGUARIAÍVA;411200901A;PR;Primavera I;-24,278;-49,731;2025-03-27 19:30:00.0;0,00
JAGUARIAÍVA;411200901A;PR;Primavera I;-24,278;-49,731;2025-03-27 20:30:00.0;0,00
JAGUARIAÍVA;411200901A;PR;Primavera I;-24,278;-49,731;2025-03-27 21:30:00.0;0,00
JAGUARIAÍVA;411200901A;PR;Primavera I;-24,278;-49,731;2025-03-27 22:30:00.0;0,00
JAGUARIAÍVA;411200901A;PR;Primavera I;-24,278;-49,731;2025-03-27 23:30:00.0;0,00
JAGUARIAÍVA;411200901A;PR;Primavera I;-24,278;-49,731;2025-03-28 00:30:00.0;0,00
JAGUARIAÍVA;411200901A;PR;Primavera I;-24,278;-49,731;2025-03-28 01:30:00.0;0,00
JAGUARIAÍVA;411200901A;PR;Primavera I;-24,278;-49,731;2025-03-28 02:30:00.0;0,00
JAGUARIAÍVA;411200901A;PR;Primavera I;-24,278;-49,731;2025-03-28 03:30:00.0;0,00
JAGUARIAÍVA;411200901A;PR;Primavera I;-24,278;-49,731;2025-03-28 04:50:00.0;0,00
JAGUARIAÍVA;411200901A;PR;Primavera I;-24,278;-49,731;2025-03-28 05:30:00.0;0,00
JAGUARIAÍVA;411200901A;PR;Primavera I;-24,278;-49,731;2025-03-28 06:30:00.0;0,00
JAGUARIAÍVA;411200901A;PR;Primavera I;-24,278;-49,731;2025-03-28 07:30:00.0;0,00
JAGUARIAÍVA;411200901A;PR;Primavera I;-24,278;-49,731;2025-03-28 08:30:00.0;0,00
JAGUARIAÍVA;411200901A;PR;Primavera I;-24,278;-49,731;2025-03-28 09:30:00.0;0,00
JAGUARIAÍVA;411200901A;PR;Primavera I;-24,278;-49,731;2025-03-28 10:30:00.0;0,00
JAGUARIAÍVA;411200901A;PR;Primavera I;-24,278;-49,731;2025-03-28 11:30:00.0;0,00
JAGUARIAÍVA;411200901A;PR;Primavera I;-24,278;-49,731;2025-03-28 12:30:00.0;0,00
JAGUARIAÍVA;411200901A;PR;Primavera I;-24,278;-49,731;2025-03-28 13:30:00.0;0,00
JAGUARIAÍVA;411200901A;PR;Primavera I;-24,278;-49,731;2025-03-28 14:30:00.0;0,00
JAGUARIAÍVA;411200901A;PR;Primavera I;-24,278;-49,731;2025-03-28 15:30:00.0;0,00
JAGUARIAÍVA;411200901A;PR;Primavera I;-24,278;-49,731;2025-03-28 16:30:00.0;0,00
JAGUARIAÍVA;411200901A;PR;Primavera I;-24,278;-49,731;2025-03-28 17:30:00.0;0,00
JAGUARIAÍVA;411200901A;PR;Primavera I;-24,278;-49,731;2025-03-28 18:30:00.0;0,00
JAGUARIAÍVA;411200901A;PR;Primavera I;-24,278;-49,731;2025-03-28 19:30:00.0;0,00
JAGUARIAÍVA;411200901A;PR;Primavera I;-24,278;-49,731;2025-03-28 20:30:00.0;0,00
JAGUARIAÍVA;411200901A;PR;Primavera I;-24,278;-49,731;2025-03-28 21:30:00.0;0,00
JAGUARIAÍVA;411200901A;PR;Primavera I;-24,278;-49,731;2025-03-28 22:30:00.0;0,00
JAGUARIAÍVA;411200901A;PR;Primavera I;-24,278;-49,731;2025-03-28 23:30:00.0;0,00
JAGUARIAÍVA;411200901A;PR;Primavera I;-24,278;-49,731;2025-03-29 00:30:00.0;0,00
JAGUARIAÍVA;411200901A;PR;Primavera I;-24,278;-49,731;2025-03-29 01:30:00.0;0,00
JAGUARIAÍVA;411200901A;PR;Primavera I;-24,278;-49,731;2025-03-29 02:30:00.0;0,00
JAGUARIAÍVA;411200901A;PR;Primavera I;-24,278;-49,731;2025-03-29 03:30:00.0;0,00
JAGUARIAÍVA;411200901A;PR;Primavera I;-24,278;-49,731;2025-03-29 04:30:00.0;0,00
JAGUARIAÍVA;411200901A;PR;Primavera I;-24,278;-49,731;2025-03-29 05:30:00.0;0,00
JAGUARIAÍVA;411200901A;PR;Primavera I;-24,278;-49,731;2025-03-29 06:30:00.0;0,00
JAGUARIAÍVA;411200901A;PR;Primavera I;-24,278;-49,731;2025-03-29 07:30:00.0;0,00
JAGUARIAÍVA;411200901A;PR;Primavera I;-24,278;-49,731;2025-03-29 08:30:00.0;0,00
JAGUARIAÍVA;411200901A;PR;Primavera I;-24,278;-49,731;2025-03-29 09:30:00.0;0,00
JAGUARIAÍVA;411200901A;PR;Primavera I;-24,278;-49,731;2025-03-29 10:30:00.0;0,00
JAGUARIAÍVA;411200901A;PR;Primavera I;-24,278;-49,731;2025-03-29 11:30:00.0;0,00
JAGUARIAÍVA;411200901A;PR;Primavera I;-24,278;-49,731;2025-03-29 12:30:00.0;0,00
JAGUARIAÍVA;411200901A;PR;Primavera I;-24,278;-49,731;2025-03-29 13:30:00.0;0,00
JAGUARIAÍVA;411200901A;PR;Primavera I;-24,278;-49,731;2025-03-29 14:30:00.0;0,00
JAGUARIAÍVA;411200901A;PR;Primavera I;-24,278;-49,731;2025-03-29 15:30:00.0;0,00
JAGUARIAÍVA;411200901A;PR;Primavera I;-24,278;-49,731;2025-03-29 16:30:00.0;0,00
JAGUARIAÍVA;411200901A;PR;Primavera I;-24,278;-49,731;2025-03-29 17:30:00.0;0,00
JAGUARIAÍVA;411200901A;PR;Primavera I;-24,278;-49,731;2025-03-29 18:30:00.0;0,00
JAGUARIAÍVA;411200901A;PR;Primavera I;-24,278;-49,731;2025-03-29 19:30:00.0;0,00
JAGUARIAÍVA;411200901A;PR;Primavera I;-24,278;-49,731;2025-03-29 20:30:00.0;0,00
JAGUARIAÍVA;411200901A;PR;Primavera I;-24,278;-49,731;2025-03-29 21:30:00.0;0,00
JAGUARIAÍVA;411200901A;PR;Primavera I;-24,278;-49,731;2025-03-29 22:30:00.0;0,00
JAGUARIAÍVA;411200901A;PR;Primavera I;-24,278;-49,731;2025-03-29 23:30:00.0;0,00
JAGUARIAÍVA;411200901A;PR;Primavera I;-24,278;-49,731;2025-03-30 00:30:00.0;0,00
JAGUARIAÍVA;411200901A;PR;Primavera I;-24,278;-49,731;2025-03-30 01:30:00.0;0,00
JAGUARIAÍVA;411200901A;PR;Primavera I;-24,278;-49,731;2025-03-30 02:30:00.0;0,00
JAGUARIAÍVA;411200901A;PR;Primavera I;-24,278;-49,731;2025-03-30 03:30:00.0;0,00
JAGUARIAÍVA;411200901A;PR;Primavera I;-24,278;-49,731;2025-03-30 04:30:00.0;0,00
JAGUARIAÍVA;411200901A;PR;Primavera I;-24,278;-49,731;2025-03-30 05:30:00.0;0,00
JAGUARIAÍVA;411200901A;PR;Primavera I;-24,278;-49,731;2025-03-30 06:30:00.0;0,00
JAGUARIAÍVA;411200901A;PR;Primavera I;-24,278;-49,731;2025-03-30 07:30:00.0;0,00
JAGUARIAÍVA;411200901A;PR;Primavera I;-24,278;-49,731;2025-03-30 08:30:00.0;0,00
JAGUARIAÍVA;411200901A;PR;Primavera I;-24,278;-49,731;2025-03-30 09:30:00.0;0,00
JAGUARIAÍVA;411200901A;PR;Primavera I;-24,278;-49,731;2025-03-30 10:30:00.0;0,00
JAGUARIAÍVA;411200901A;PR;Primavera I;-24,278;-49,731;2025-03-30 11:30:00.0;0,00
JAGUARIAÍVA;411200901A;PR;Primavera I;-24,278;-49,731;2025-03-30 12:30:00.0;0,00
JAGUARIAÍVA;411200901A;PR;Primavera I;-24,278;-49,731;2025-03-30 13:30:00.0;0,00
JAGUARIAÍVA;411200901A;PR;Primavera I;-24,278;-49,731;2025-03-30 14:30:00.0;0,00
JAGUARIAÍVA;411200901A;PR;Primavera I;-24,278;-49,731;2025-03-30 15:30:00.0;0,00
JAGUARIAÍVA;411200901A;PR;Primavera I;-24,278;-49,731;2025-03-30 16:30:00.0;0,00
JAGUARIAÍVA;411200901A;PR;Primavera I;-24,278;-49,731;2025-03-30 17:30:00.0;0,00
JAGUARIAÍVA;411200901A;PR;Primavera I;-24,278;-49,731;2025-03-30 18:30:00.0;0,00
JAGUARIAÍVA;411200901A;PR;Primavera I;-24,278;-49,731;2025-03-30 19:30:00.0;0,00
JAGUARIAÍVA;411200901A;PR;Primavera I;-24,278;-49,731;2025-03-30 20:30:00.0;0,00
JAGUARIAÍVA;411200901A;PR;Primavera I;-24,278;-49,731;2025-03-30 21:30:00.0;0,00
JAGUARIAÍVA;411200901A;PR;Primavera I;-24,278;-49,731;2025-03-30 22:30:00.0;0,00
JAGUARIAÍVA;411200901A;PR;Primavera I;-24,278;-49,731;2025-03-30 23:30:00.0;0,00
JAGUARIAÍVA;411200901A;PR;Primavera I;-24,278;-49,731;2025-03-31 00:30:00.0;0,00
JAGUARIAÍVA;411200901A;PR;Primavera I;-24,278;-49,731;2025-03-31 01:30:00.0;0,00
JAGUARIAÍVA;411200901A;PR;Primavera I;-24,278;-49,731;2025-03-31 02:30:00.0;0,00
JAGUARIAÍVA;411200901A;PR;Primavera I;-24,278;-49,731;2025-03-31 03:30:00.0;0,00
JAGUARIAÍVA;411200901A;PR;Primavera I;-24,278;-49,731;2025-03-31 04:30:00.0;0,00
JAGUARIAÍVA;411200901A;PR;Primavera I;-24,278;-49,731;2025-03-31 05:30:00.0;0,00
JAGUARIAÍVA;411200901A;PR;Primavera I;-24,278;-49,731;2025-03-31 06:30:00.0;0,00
JAGUARIAÍVA;411200901A;PR;Primavera I;-24,278;-49,731;2025-03-31 07:30:00.0;0,00
JAGUARIAÍVA;411200901A;PR;Primavera I;-24,278;-49,731;2025-03-31 08:30:00.0;0,00
JAGUARIAÍVA;411200901A;PR;Primavera I;-24,278;-49,731;2025-03-31 09:30:00.0;0,00
JAGUARIAÍVA;411200901A;PR;Primavera I;-24,278;-49,731;2025-03-31 10:30:00.0;0,00
JAGUARIAÍVA;411200901A;PR;Primavera I;-24,278;-49,731;2025-03-31 11:30:00.0;0,00
JAGUARIAÍVA;411200901A;PR;Primavera I;-24,278;-49,731;2025-03-31 12:30:00.0;0,00
JAGUARIAÍVA;411200901A;PR;Primavera I;-24,278;-49,731;2025-03-31 18:20:00.0;0,00
JAGUARIAÍVA;411200901A;PR;Primavera I;-24,278;-49,731;2025-03-31 21:30:00.0;0,00
JAGUARIAÍVA;411200901A;PR;Primavera I;-24,278;-49,731;2025-03-31 22:30:00.0;0,00
JAGUARIAÍVA;411200901A;PR;Primavera I;-24,278;-49,731;2025-03-31 23:30:00.0;0,00
JAGUARIAÍVA;411200902A;PR;Cidade Alta;-24,248;-49,706;2025-03-01 00:20:00.0;0,00
JAGUARIAÍVA;411200902A;PR;Cidade Alta;-24,248;-49,706;2025-03-01 01:20:00.0;0,00
JAGUARIAÍVA;411200902A;PR;Cidade Alta;-24,248;-49,706;2025-03-01 02:20:00.0;0,00
JAGUARIAÍVA;411200902A;PR;Cidade Alta;-24,248;-49,706;2025-03-01 03:20:00.0;0,00
JAGUARIAÍVA;411200902A;PR;Cidade Alta;-24,248;-49,706;2025-03-01 04:20:00.0;0,00
JAGUARIAÍVA;411200902A;PR;Cidade Alta;-24,248;-49,706;2025-03-01 05:20:00.0;0,00
JAGUARIAÍVA;411200902A;PR;Cidade Alta;-24,248;-49,706;2025-03-01 06:20:00.0;0,00
JAGUARIAÍVA;411200902A;PR;Cidade Alta;-24,248;-49,706;2025-03-01 07:20:00.0;0,00
JAGUARIAÍVA;411200902A;PR;Cidade Alta;-24,248;-49,706;2025-03-01 08:20:00.0;0,00
JAGUARIAÍVA;411200902A;PR;Cidade Alta;-24,248;-49,706;2025-03-01 09:20:00.0;0,00
JAGUARIAÍVA;411200902A;PR;Cidade Alta;-24,248;-49,706;2025-03-01 10:20:00.0;0,00
JAGUARIAÍVA;411200902A;PR;Cidade Alta;-24,248;-49,706;2025-03-01 11:20:00.0;0,00
JAGUARIAÍVA;411200902A;PR;Cidade Alta;-24,248;-49,706;2025-03-01 12:20:00.0;0,00
JAGUARIAÍVA;411200902A;PR;Cidade Alta;-24,248;-49,706;2025-03-01 13:20:00.0;0,00
JAGUARIAÍVA;411200902A;PR;Cidade Alta;-24,248;-49,706;2025-03-01 14:20:00.0;0,00
JAGUARIAÍVA;411200902A;PR;Cidade Alta;-24,248;-49,706;2025-03-01 15:20:00.0;0,00
JAGUARIAÍVA;411200902A;PR;Cidade Alta;-24,248;-49,706;2025-03-01 16:20:00.0;0,00
JAGUARIAÍVA;411200902A;PR;Cidade Alta;-24,248;-49,706;2025-03-01 17:20:00.0;0,00
JAGUARIAÍVA;411200902A;PR;Cidade Alta;-24,248;-49,706;2025-03-01 18:20:00.0;0,00
JAGUARIAÍVA;411200902A;PR;Cidade Alta;-24,248;-49,706;2025-03-01 19:20:00.0;0,00
JAGUARIAÍVA;411200902A;PR;Cidade Alta;-24,248;-49,706;2025-03-01 20:20:00.0;0,00
JAGUARIAÍVA;411200902A;PR;Cidade Alta;-24,248;-49,706;2025-03-01 21:20:00.0;0,00
JAGUARIAÍVA;411200902A;PR;Cidade Alta;-24,248;-49,706;2025-03-01 22:20:00.0;0,00
JAGUARIAÍVA;411200902A;PR;Cidade Alta;-24,248;-49,706;2025-03-01 23:20:00.0;0,00
JAGUARIAÍVA;411200902A;PR;Cidade Alta;-24,248;-49,706;2025-03-02 00:20:00.0;0,00
JAGUARIAÍVA;411200902A;PR;Cidade Alta;-24,248;-49,706;2025-03-02 01:20:00.0;0,00
JAGUARIAÍVA;411200902A;PR;Cidade Alta;-24,248;-49,706;2025-03-02 02:20:00.0;0,00
JAGUARIAÍVA;411200902A;PR;Cidade Alta;-24,248;-49,706;2025-03-02 03:20:00.0;0,00
JAGUARIAÍVA;411200902A;PR;Cidade Alta;-24,248;-49,706;2025-03-02 04:20:00.0;0,00
JAGUARIAÍVA;411200902A;PR;Cidade Alta;-24,248;-49,706;2025-03-02 05:20:00.0;0,00
JAGUARIAÍVA;411200902A;PR;Cidade Alta;-24,248;-49,706;2025-03-02 06:20:00.0;0,00
JAGUARIAÍVA;411200902A;PR;Cidade Alta;-24,248;-49,706;2025-03-02 07:20:00.0;0,00
JAGUARIAÍVA;411200902A;PR;Cidade Alta;-24,248;-49,706;2025-03-02 08:20:00.0;0,00
JAGUARIAÍVA;411200902A;PR;Cidade Alta;-24,248;-49,706;2025-03-02 09:20:00.0;0,00
JAGUARIAÍVA;411200902A;PR;Cidade Alta;-24,248;-49,706;2025-03-02 10:20:00.0;0,00
JAGUARIAÍVA;411200902A;PR;Cidade Alta;-24,248;-49,706;2025-03-02 11:20:00.0;0,00
JAGUARIAÍVA;411200902A;PR;Cidade Alta;-24,248;-49,706;2025-03-02 12:20:00.0;0,00
JAGUARIAÍVA;411200902A;PR;Cidade Alta;-24,248;-49,706;2025-03-02 13:20:00.0;0,00
JAGUARIAÍVA;411200902A;PR;Cidade Alta;-24,248;-49,706;2025-03-02 14:20:00.0;0,00
JAGUARIAÍVA;411200902A;PR;Cidade Alta;-24,248;-49,706;2025-03-02 15:20:00.0;0,00
JAGUARIAÍVA;411200902A;PR;Cidade Alta;-24,248;-49,706;2025-03-02 16:20:00.0;0,00
JAGUARIAÍVA;411200902A;PR;Cidade Alta;-24,248;-49,706;2025-03-02 17:20:00.0;0,00
JAGUARIAÍVA;411200902A;PR;Cidade Alta;-24,248;-49,706;2025-03-02 18:20:00.0;0,00
JAGUARIAÍVA;411200902A;PR;Cidade Alta;-24,248;-49,706;2025-03-02 19:20:00.0;0,00
JAGUARIAÍVA;411200902A;PR;Cidade Alta;-24,248;-49,706;2025-03-02 20:20:00.0;0,00
JAGUARIAÍVA;411200902A;PR;Cidade Alta;-24,248;-49,706;2025-03-02 21:20:00.0;0,00
JAGUARIAÍVA;411200902A;PR;Cidade Alta;-24,248;-49,706;2025-03-02 22:20:00.0;0,00
JAGUARIAÍVA;411200902A;PR;Cidade Alta;-24,248;-49,706;2025-03-02 23:20:00.0;0,00
JAGUARIAÍVA;411200902A;PR;Cidade Alta;-24,248;-49,706;2025-03-03 00:20:00.0;0,00
JAGUARIAÍVA;411200902A;PR;Cidade Alta;-24,248;-49,706;2025-03-03 01:20:00.0;0,00
JAGUARIAÍVA;411200902A;PR;Cidade Alta;-24,248;-49,706;2025-03-03 02:20:00.0;0,00
JAGUARIAÍVA;411200902A;PR;Cidade Alta;-24,248;-49,706;2025-03-03 03:20:00.0;0,00
JAGUARIAÍVA;411200902A;PR;Cidade Alta;-24,248;-49,706;2025-03-03 04:20:00.0;0,00
JAGUARIAÍVA;411200902A;PR;Cidade Alta;-24,248;-49,706;2025-03-03 05:20:00.0;0,00
JAGUARIAÍVA;411200902A;PR;Cidade Alta;-24,248;-49,706;2025-03-03 06:20:00.0;0,00
JAGUARIAÍVA;411200902A;PR;Cidade Alta;-24,248;-49,706;2025-03-03 07:20:00.0;0,00
JAGUARIAÍVA;411200902A;PR;Cidade Alta;-24,248;-49,706;2025-03-03 08:20:00.0;0,00
JAGUARIAÍVA;411200902A;PR;Cidade Alta;-24,248;-49,706;2025-03-03 09:20:00.0;0,00
JAGUARIAÍVA;411200902A;PR;Cidade Alta;-24,248;-49,706;2025-03-03 10:20:00.0;0,00
JAGUARIAÍVA;411200902A;PR;Cidade Alta;-24,248;-49,706;2025-03-03 11:20:00.0;0,00
JAGUARIAÍVA;411200902A;PR;Cidade Alta;-24,248;-49,706;2025-03-03 12:20:00.0;0,00
JAGUARIAÍVA;411200902A;PR;Cidade Alta;-24,248;-49,706;2025-03-03 13:20:00.0;0,00
JAGUARIAÍVA;411200902A;PR;Cidade Alta;-24,248;-49,706;2025-03-03 14:20:00.0;0,00
JAGUARIAÍVA;411200902A;PR;Cidade Alta;-24,248;-49,706;2025-03-03 15:20:00.0;0,00
JAGUARIAÍVA;411200902A;PR;Cidade Alta;-24,248;-49,706;2025-03-03 16:20:00.0;0,00
JAGUARIAÍVA;411200902A;PR;Cidade Alta;-24,248;-49,706;2025-03-03 17:20:00.0;0,00
JAGUARIAÍVA;411200902A;PR;Cidade Alta;-24,248;-49,706;2025-03-03 18:20:00.0;0,00
JAGUARIAÍVA;411200902A;PR;Cidade Alta;-24,248;-49,706;2025-03-03 19:20:00.0;0,00
JAGUARIAÍVA;411200902A;PR;Cidade Alta;-24,248;-49,706;2025-03-03 20:20:00.0;0,00
JAGUARIAÍVA;411200902A;PR;Cidade Alta;-24,248;-49,706;2025-03-03 21:20:00.0;0,00
JAGUARIAÍVA;411200902A;PR;Cidade Alta;-24,248;-49,706;2025-03-03 22:20:00.0;0,00
JAGUARIAÍVA;411200902A;PR;Cidade Alta;-24,248;-49,706;2025-03-03 23:20:00.0;0,00
JAGUARIAÍVA;411200902A;PR;Cidade Alta;-24,248;-49,706;2025-03-04 00:20:00.0;0,00
JAGUARIAÍVA;411200902A;PR;Cidade Alta;-24,248;-49,706;2025-03-04 01:20:00.0;0,00
JAGUARIAÍVA;411200902A;PR;Cidade Alta;-24,248;-49,706;2025-03-04 02:20:00.0;0,00
JAGUARIAÍVA;411200902A;PR;Cidade Alta;-24,248;-49,706;2025-03-04 03:20:00.0;0,00
JAGUARIAÍVA;411200902A;PR;Cidade Alta;-24,248;-49,706;2025-03-04 04:20:00.0;0,00
JAGUARIAÍVA;411200902A;PR;Cidade Alta;-24,248;-49,706;2025-03-04 05:20:00.0;0,00
JAGUARIAÍVA;411200902A;PR;Cidade Alta;-24,248;-49,706;2025-03-04 06:20:00.0;0,00
JAGUARIAÍVA;411200902A;PR;Cidade Alta;-24,248;-49,706;2025-03-04 07:20:00.0;0,00
JAGUARIAÍVA;411200902A;PR;Cidade Alta;-24,248;-49,706;2025-03-04 08:20:00.0;0,00
JAGUARIAÍVA;411200902A;PR;Cidade Alta;-24,248;-49,706;2025-03-04 09:20:00.0;0,00
JAGUARIAÍVA;411200902A;PR;Cidade Alta;-24,248;-49,706;2025-03-04 10:20:00.0;0,00
JAGUARIAÍVA;411200902A;PR;Cidade Alta;-24,248;-49,706;2025-03-04 11:20:00.0;0,00
JAGUARIAÍVA;411200902A;PR;Cidade Alta;-24,248;-49,706;2025-03-04 12:20:00.0;0,00
JAGUARIAÍVA;411200902A;PR;Cidade Alta;-24,248;-49,706;2025-03-04 13:20:00.0;0,00
JAGUARIAÍVA;411200902A;PR;Cidade Alta;-24,248;-49,706;2025-03-04 14:20:00.0;0,00
JAGUARIAÍVA;411200902A;PR;Cidade Alta;-24,248;-49,706;2025-03-04 15:20:00.0;0,00
JAGUARIAÍVA;411200902A;PR;Cidade Alta;-24,248;-49,706;2025-03-04 16:20:00.0;0,00
JAGUARIAÍVA;411200902A;PR;Cidade Alta;-24,248;-49,706;2025-03-04 17:20:00.0;0,00
JAGUARIAÍVA;411200902A;PR;Cidade Alta;-24,248;-49,706;2025-03-04 18:20:00.0;0,00
JAGUARIAÍVA;411200902A;PR;Cidade Alta;-24,248;-49,706;2025-03-04 19:20:00.0;0,00
JAGUARIAÍVA;411200902A;PR;Cidade Alta;-24,248;-49,706;2025-03-04 20:20:00.0;0,00
JAGUARIAÍVA;411200902A;PR;Cidade Alta;-24,248;-49,706;2025-03-04 21:20:00.0;0,00
JAGUARIAÍVA;411200902A;PR;Cidade Alta;-24,248;-49,706;2025-03-04 22:20:00.0;0,00
JAGUARIAÍVA;411200902A;PR;Cidade Alta;-24,248;-49,706;2025-03-04 23:20:00.0;0,00
JAGUARIAÍVA;411200902A;PR;Cidade Alta;-24,248;-49,706;2025-03-05 00:20:00.0;0,00
JAGUARIAÍVA;411200902A;PR;Cidade Alta;-24,248;-49,706;2025-03-05 01:20:00.0;0,00
JAGUARIAÍVA;411200902A;PR;Cidade Alta;-24,248;-49,706;2025-03-05 02:20:00.0;0,00
JAGUARIAÍVA;411200902A;PR;Cidade Alta;-24,248;-49,706;2025-03-05 03:20:00.0;0,00
JAGUARIAÍVA;411200902A;PR;Cidade Alta;-24,248;-49,706;2025-03-05 04:20:00.0;0,00
JAGUARIAÍVA;411200902A;PR;Cidade Alta;-24,248;-49,706;2025-03-05 05:20:00.0;0,00
JAGUARIAÍVA;411200902A;PR;Cidade Alta;-24,248;-49,706;2025-03-05 06:20:00.0;0,00
JAGUARIAÍVA;411200902A;PR;Cidade Alta;-24,248;-49,706;2025-03-05 07:20:00.0;0,00
JAGUARIAÍVA;411200902A;PR;Cidade Alta;-24,248;-49,706;2025-03-05 08:20:00.0;0,00
JAGUARIAÍVA;411200902A;PR;Cidade Alta;-24,248;-49,706;2025-03-05 09:20:00.0;0,00
JAGUARIAÍVA;411200902A;PR;Cidade Alta;-24,248;-49,706;2025-03-05 10:20:00.0;0,00
JAGUARIAÍVA;411200902A;PR;Cidade Alta;-24,248;-49,706;2025-03-05 11:20:00.0;0,00
JAGUARIAÍVA;411200902A;PR;Cidade Alta;-24,248;-49,706;2025-03-05 12:20:00.0;0,00
JAGUARIAÍVA;411200902A;PR;Cidade Alta;-24,248;-49,706;2025-03-05 13:20:00.0;0,00
JAGUARIAÍVA;411200902A;PR;Cidade Alta;-24,248;-49,706;2025-03-05 14:20:00.0;0,00
JAGUARIAÍVA;411200902A;PR;Cidade Alta;-24,248;-49,706;2025-03-05 15:20:00.0;0,00
JAGUARIAÍVA;411200902A;PR;Cidade Alta;-24,248;-49,706;2025-03-05 16:20:00.0;0,00
JAGUARIAÍVA;411200902A;PR;Cidade Alta;-24,248;-49,706;2025-03-05 17:20:00.0;0,00
JAGUARIAÍVA;411200902A;PR;Cidade Alta;-24,248;-49,706;2025-03-05 18:20:00.0;0,00
JAGUARIAÍVA;411200902A;PR;Cidade Alta;-24,248;-49,706;2025-03-05 19:20:00.0;0,00
JAGUARIAÍVA;411200902A;PR;Cidade Alta;-24,248;-49,706;2025-03-05 20:20:00.0;0,00
JAGUARIAÍVA;411200902A;PR;Cidade Alta;-24,248;-49,706;2025-03-05 21:20:00.0;0,00
JAGUARIAÍVA;411200902A;PR;Cidade Alta;-24,248;-49,706;2025-03-05 22:20:00.0;0,00
JAGUARIAÍVA;411200902A;PR;Cidade Alta;-24,248;-49,706;2025-03-05 23:20:00.0;0,00
JAGUARIAÍVA;411200902A;PR;Cidade Alta;-24,248;-49,706;2025-03-06 00:20:00.0;0,00
JAGUARIAÍVA;411200902A;PR;Cidade Alta;-24,248;-49,706;2025-03-06 01:20:00.0;0,00
JAGUARIAÍVA;411200902A;PR;Cidade Alta;-24,248;-49,706;2025-03-06 02:20:00.0;0,00
JAGUARIAÍVA;411200902A;PR;Cidade Alta;-24,248;-49,706;2025-03-06 03:20:00.0;0,00
JAGUARIAÍVA;411200902A;PR;Cidade Alta;-24,248;-49,706;2025-03-06 04:20:00.0;0,00
JAGUARIAÍVA;411200902A;PR;Cidade Alta;-24,248;-49,706;2025-03-06 05:20:00.0;0,00
JAGUARIAÍVA;411200902A;PR;Cidade Alta;-24,248;-49,706;2025-03-06 06:20:00.0;0,00
JAGUARIAÍVA;411200902A;PR;Cidade Alta;-24,248;-49,706;2025-03-06 07:20:00.0;0,00
JAGUARIAÍVA;411200902A;PR;Cidade Alta;-24,248;-49,706;2025-03-06 08:20:00.0;0,00
JAGUARIAÍVA;411200902A;PR;Cidade Alta;-24,248;-49,706;2025-03-06 09:20:00.0;0,00
JAGUARIAÍVA;411200902A;PR;Cidade Alta;-24,248;-49,706;2025-03-06 10:20:00.0;0,00
JAGUARIAÍVA;411200902A;PR;Cidade Alta;-24,248;-49,706;2025-03-06 11:20:00.0;0,00
JAGUARIAÍVA;411200902A;PR;Cidade Alta;-24,248;-49,706;2025-03-06 12:20:00.0;0,00
JAGUARIAÍVA;411200902A;PR;Cidade Alta;-24,248;-49,706;2025-03-06 13:20:00.0;0,00
JAGUARIAÍVA;411200902A;PR;Cidade Alta;-24,248;-49,706;2025-03-06 14:20:00.0;0,00
JAGUARIAÍVA;411200902A;PR;Cidade Alta;-24,248;-49,706;2025-03-06 15:20:00.0;0,00
JAGUARIAÍVA;411200902A;PR;Cidade Alta;-24,248;-49,706;2025-03-06 16:20:00.0;0,00
JAGUARIAÍVA;411200902A;PR;Cidade Alta;-24,248;-49,706;2025-03-06 17:20:00.0;0,00
JAGUARIAÍVA;411200902A;PR;Cidade Alta;-24,248;-49,706;2025-03-06 18:20:00.0;0,00
JAGUARIAÍVA;411200902A;PR;Cidade Alta;-24,248;-49,706;2025-03-06 19:20:00.0;0,00
JAGUARIAÍVA;411200902A;PR;Cidade Alta;-24,248;-49,706;2025-03-06 20:20:00.0;0,00
JAGUARIAÍVA;411200902A;PR;Cidade Alta;-24,248;-49,706;2025-03-06 21:20:00.0;0,00
JAGUARIAÍVA;411200902A;PR;Cidade Alta;-24,248;-49,706;2025-03-06 22:20:00.0;0,00
JAGUARIAÍVA;411200902A;PR;Cidade Alta;-24,248;-49,706;2025-03-06 23:20:00.0;0,00
JAGUARIAÍVA;411200902A;PR;Cidade Alta;-24,248;-49,706;2025-03-07 00:20:00.0;0,00
JAGUARIAÍVA;411200902A;PR;Cidade Alta;-24,248;-49,706;2025-03-07 01:20:00.0;0,00
JAGUARIAÍVA;411200902A;PR;Cidade Alta;-24,248;-49,706;2025-03-07 02:20:00.0;0,00
JAGUARIAÍVA;411200902A;PR;Cidade Alta;-24,248;-49,706;2025-03-07 03:20:00.0;0,00
JAGUARIAÍVA;411200902A;PR;Cidade Alta;-24,248;-49,706;2025-03-07 04:20:00.0;0,00
JAGUARIAÍVA;411200902A;PR;Cidade Alta;-24,248;-49,706;2025-03-07 05:20:00.0;0,00
JAGUARIAÍVA;411200902A;PR;Cidade Alta;-24,248;-49,706;2025-03-07 06:20:00.0;0,00
JAGUARIAÍVA;411200902A;PR;Cidade Alta;-24,248;-49,706;2025-03-07 07:20:00.0;0,00
JAGUARIAÍVA;411200902A;PR;Cidade Alta;-24,248;-49,706;2025-03-07 08:20:00.0;0,00
JAGUARIAÍVA;411200902A;PR;Cidade Alta;-24,248;-49,706;2025-03-07 09:20:00.0;0,00
JAGUARIAÍVA;411200902A;PR;Cidade Alta;-24,248;-49,706;2025-03-07 10:20:00.0;0,00
JAGUARIAÍVA;411200902A;PR;Cidade Alta;-24,248;-49,706;2025-03-07 11:20:00.0;0,00
JAGUARIAÍVA;411200902A;PR;Cidade Alta;-24,248;-49,706;2025-03-07 12:20:00.0;0,00
JAGUARIAÍVA;411200902A;PR;Cidade Alta;-24,248;-49,706;2025-03-07 13:20:00.0;0,00
JAGUARIAÍVA;411200902A;PR;Cidade Alta;-24,248;-49,706;2025-03-07 14:20:00.0;0,00
JAGUARIAÍVA;411200902A;PR;Cidade Alta;-24,248;-49,706;2025-03-07 15:20:00.0;0,00
JAGUARIAÍVA;411200902A;PR;Cidade Alta;-24,248;-49,706;2025-03-07 16:20:00.0;0,00
JAGUARIAÍVA;411200902A;PR;Cidade Alta;-24,248;-49,706;2025-03-07 17:20:00.0;0,00
JAGUARIAÍVA;411200902A;PR;Cidade Alta;-24,248;-49,706;2025-03-07 18:20:00.0;0,00
JAGUARIAÍVA;411200902A;PR;Cidade Alta;-24,248;-49,706;2025-03-07 19:20:00.0;0,00
JAGUARIAÍVA;411200902A;PR;Cidade Alta;-24,248;-49,706;2025-03-07 20:20:00.0;0,00
JAGUARIAÍVA;411200902A;PR;Cidade Alta;-24,248;-49,706;2025-03-07 21:20:00.0;0,00
JAGUARIAÍVA;411200902A;PR;Cidade Alta;-24,248;-49,706;2025-03-07 22:20:00.0;0,00
JAGUARIAÍVA;411200902A;PR;Cidade Alta;-24,248;-49,706;2025-03-07 23:20:00.0;0,00
JAGUARIAÍVA;411200902A;PR;Cidade Alta;-24,248;-49,706;2025-03-08 00:20:00.0;0,00
JAGUARIAÍVA;411200902A;PR;Cidade Alta;-24,248;-49,706;2025-03-08 01:20:00.0;0,00
JAGUARIAÍVA;411200902A;PR;Cidade Alta;-24,248;-49,706;2025-03-08 02:20:00.0;0,00
JAGUARIAÍVA;411200902A;PR;Cidade Alta;-24,248;-49,706;2025-03-08 03:20:00.0;0,00
JAGUARIAÍVA;411200902A;PR;Cidade Alta;-24,248;-49,706;2025-03-08 04:20:00.0;0,00
JAGUARIAÍVA;411200902A;PR;Cidade Alta;-24,248;-49,706;2025-03-08 05:20:00.0;0,00
JAGUARIAÍVA;411200902A;PR;Cidade Alta;-24,248;-49,706;2025-03-08 06:20:00.0;0,00
JAGUARIAÍVA;411200902A;PR;Cidade Alta;-24,248;-49,706;2025-03-08 07:20:00.0;0,00
JAGUARIAÍVA;411200902A;PR;Cidade Alta;-24,248;-49,706;2025-03-08 08:20:00.0;0,00
JAGUARIAÍVA;411200902A;PR;Cidade Alta;-24,248;-49,706;2025-03-08 09:20:00.0;0,00
JAGUARIAÍVA;411200902A;PR;Cidade Alta;-24,248;-49,706;2025-03-08 10:20:00.0;0,00
JAGUARIAÍVA;411200902A;PR;Cidade Alta;-24,248;-49,706;2025-03-08 11:20:00.0;0,00
JAGUARIAÍVA;411200902A;PR;Cidade Alta;-24,248;-49,706;2025-03-08 12:20:00.0;0,00
JAGUARIAÍVA;411200902A;PR;Cidade Alta;-24,248;-49,706;2025-03-08 13:20:00.0;0,00
JAGUARIAÍVA;411200902A;PR;Cidade Alta;-24,248;-49,706;2025-03-08 14:20:00.0;0,00
JAGUARIAÍVA;411200902A;PR;Cidade Alta;-24,248;-49,706;2025-03-08 15:20:00.0;0,00
JAGUARIAÍVA;411200902A;PR;Cidade Alta;-24,248;-49,706;2025-03-08 16:20:00.0;0,00
JAGUARIAÍVA;411200902A;PR;Cidade Alta;-24,248;-49,706;2025-03-08 17:20:00.0;0,00
JAGUARIAÍVA;411200902A;PR;Cidade Alta;-24,248;-49,706;2025-03-08 18:20:00.0;0,00
JAGUARIAÍVA;411200902A;PR;Cidade Alta;-24,248;-49,706;2025-03-08 19:20:00.0;0,00
JAGUARIAÍVA;411200902A;PR;Cidade Alta;-24,248;-49,706;2025-03-08 20:20:00.0;0,00
JAGUARIAÍVA;411200902A;PR;Cidade Alta;-24,248;-49,706;2025-03-08 21:20:00.0;0,00
JAGUARIAÍVA;411200902A;PR;Cidade Alta;-24,248;-49,706;2025-03-08 22:20:00.0;0,00
JAGUARIAÍVA;411200902A;PR;Cidade Alta;-24,248;-49,706;2025-03-08 23:20:00.0;0,00
JAGUARIAÍVA;411200902A;PR;Cidade Alta;-24,248;-49,706;2025-03-09 00:20:00.0;0,00
JAGUARIAÍVA;411200902A;PR;Cidade Alta;-24,248;-49,706;2025-03-09 01:20:00.0;0,00
JAGUARIAÍVA;411200902A;PR;Cidade Alta;-24,248;-49,706;2025-03-09 02:20:00.0;0,00
JAGUARIAÍVA;411200902A;PR;Cidade Alta;-24,248;-49,706;2025-03-09 03:20:00.0;0,00
JAGUARIAÍVA;411200902A;PR;Cidade Alta;-24,248;-49,706;2025-03-09 04:20:00.0;0,00
JAGUARIAÍVA;411200902A;PR;Cidade Alta;-24,248;-49,706;2025-03-09 05:20:00.0;0,00
JAGUARIAÍVA;411200902A;PR;Cidade Alta;-24,248;-49,706;2025-03-09 06:20:00.0;0,00
JAGUARIAÍVA;411200902A;PR;Cidade Alta;-24,248;-49,706;2025-03-09 07:20:00.0;0,00
JAGUARIAÍVA;411200902A;PR;Cidade Alta;-24,248;-49,706;2025-03-09 08:20:00.0;0,00
JAGUARIAÍVA;411200902A;PR;Cidade Alta;-24,248;-49,706;2025-03-09 09:20:00.0;0,00
JAGUARIAÍVA;411200902A;PR;Cidade Alta;-24,248;-49,706;2025-03-09 10:20:00.0;0,00
JAGUARIAÍVA;411200902A;PR;Cidade Alta;-24,248;-49,706;2025-03-09 11:20:00.0;0,00
JAGUARIAÍVA;411200902A;PR;Cidade Alta;-24,248;-49,706;2025-03-09 12:20:00.0;0,00
JAGUARIAÍVA;411200902A;PR;Cidade Alta;-24,248;-49,706;2025-03-09 13:20:00.0;0,00
JAGUARIAÍVA;411200902A;PR;Cidade Alta;-24,248;-49,706;2025-03-09 14:20:00.0;0,00
JAGUARIAÍVA;411200902A;PR;Cidade Alta;-24,248;-49,706;2025-03-09 15:20:00.0;0,00
JAGUARIAÍVA;411200902A;PR;Cidade Alta;-24,248;-49,706;2025-03-09 16:20:00.0;0,00
JAGUARIAÍVA;411200902A;PR;Cidade Alta;-24,248;-49,706;2025-03-09 17:20:00.0;0,00
JAGUARIAÍVA;411200902A;PR;Cidade Alta;-24,248;-49,706;2025-03-09 18:20:00.0;0,00
JAGUARIAÍVA;411200902A;PR;Cidade Alta;-24,248;-49,706;2025-03-09 19:20:00.0;0,00
JAGUARIAÍVA;411200902A;PR;Cidade Alta;-24,248;-49,706;2025-03-09 20:20:00.0;0,00
JAGUARIAÍVA;411200902A;PR;Cidade Alta;-24,248;-49,706;2025-03-09 21:20:00.0;0,00
JAGUARIAÍVA;411200902A;PR;Cidade Alta;-24,248;-49,706;2025-03-09 22:20:00.0;0,00
JAGUARIAÍVA;411200902A;PR;Cidade Alta;-24,248;-49,706;2025-03-09 23:20:00.0;0,00
JAGUARIAÍVA;411200902A;PR;Cidade Alta;-24,248;-49,706;2025-03-10 00:20:00.0;0,00
JAGUARIAÍVA;411200902A;PR;Cidade Alta;-24,248;-49,706;2025-03-10 01:20:00.0;0,00
JAGUARIAÍVA;411200902A;PR;Cidade Alta;-24,248;-49,706;2025-03-10 02:20:00.0;0,00
JAGUARIAÍVA;411200902A;PR;Cidade Alta;-24,248;-49,706;2025-03-10 03:20:00.0;0,00
JAGUARIAÍVA;411200902A;PR;Cidade Alta;-24,248;-49,706;2025-03-10 04:20:00.0;0,00
JAGUARIAÍVA;411200902A;PR;Cidade Alta;-24,248;-49,706;2025-03-10 05:20:00.0;0,00
JAGUARIAÍVA;411200902A;PR;Cidade Alta;-24,248;-49,706;2025-03-10 06:20:00.0;0,00
JAGUARIAÍVA;411200902A;PR;Cidade Alta;-24,248;-49,706;2025-03-10 07:20:00.0;0,00
JAGUARIAÍVA;411200902A;PR;Cidade Alta;-24,248;-49,706;2025-03-10 08:20:00.0;0,00
JAGUARIAÍVA;411200902A;PR;Cidade Alta;-24,248;-49,706;2025-03-10 09:20:00.0;0,00
JAGUARIAÍVA;411200902A;PR;Cidade Alta;-24,248;-49,706;2025-03-10 10:20:00.0;0,00
JAGUARIAÍVA;411200902A;PR;Cidade Alta;-24,248;-49,706;2025-03-10 11:20:00.0;0,00
JAGUARIAÍVA;411200902A;PR;Cidade Alta;-24,248;-49,706;2025-03-10 12:20:00.0;0,00
JAGUARIAÍVA;411200902A;PR;Cidade Alta;-24,248;-49,706;2025-03-10 13:20:00.0;0,00
JAGUARIAÍVA;411200902A;PR;Cidade Alta;-24,248;-49,706;2025-03-10 14:20:00.0;0,00
JAGUARIAÍVA;411200902A;PR;Cidade Alta;-24,248;-49,706;2025-03-10 15:20:00.0;0,00
JAGUARIAÍVA;411200902A;PR;Cidade Alta;-24,248;-49,706;2025-03-10 16:20:00.0;0,00
JAGUARIAÍVA;411200902A;PR;Cidade Alta;-24,248;-49,706;2025-03-10 17:20:00.0;0,00
JAGUARIAÍVA;411200902A;PR;Cidade Alta;-24,248;-49,706;2025-03-10 18:20:00.0;0,00
JAGUARIAÍVA;411200902A;PR;Cidade Alta;-24,248;-49,706;2025-03-10 19:20:00.0;0,00
JAGUARIAÍVA;411200902A;PR;Cidade Alta;-24,248;-49,706;2025-03-10 20:10:00.0;0,39
JAGUARIAÍVA;411200902A;PR;Cidade Alta;-24,248;-49,706;2025-03-10 20:20:00.0;4,53
JAGUARIAÍVA;411200902A;PR;Cidade Alta;-24,248;-49,706;2025-03-10 20:30:00.0;0,39
JAGUARIAÍVA;411200902A;PR;Cidade Alta;-24,248;-49,706;2025-03-10 20:40:00.0;0,39
JAGUARIAÍVA;411200902A;PR;Cidade Alta;-24,248;-49,706;2025-03-10 20:50:00.0;2,16
JAGUARIAÍVA;411200902A;PR;Cidade Alta;-24,248;-49,706;2025-03-10 21:00:00.0;0,79
JAGUARIAÍVA;411200902A;PR;Cidade Alta;-24,248;-49,706;2025-03-10 21:10:00.0;0,39
JAGUARIAÍVA;411200902A;PR;Cidade Alta;-24,248;-49,706;2025-03-10 21:20:00.0;0,00
JAGUARIAÍVA;411200902A;PR;Cidade Alta;-24,248;-49,706;2025-03-10 22:20:00.0;0,00
JAGUARIAÍVA;411200902A;PR;Cidade Alta;-24,248;-49,706;2025-03-10 22:30:00.0;0,20
JAGUARIAÍVA;411200902A;PR;Cidade Alta;-24,248;-49,706;2025-03-10 23:20:00.0;0,00
JAGUARIAÍVA;411200902A;PR;Cidade Alta;-24,248;-49,706;2025-03-11 00:20:00.0;0,00
JAGUARIAÍVA;411200902A;PR;Cidade Alta;-24,248;-49,706;2025-03-11 01:20:00.0;0,00
JAGUARIAÍVA;411200902A;PR;Cidade Alta;-24,248;-49,706;2025-03-11 02:20:00.0;0,00
JAGUARIAÍVA;411200902A;PR;Cidade Alta;-24,248;-49,706;2025-03-11 03:20:00.0;0,00
JAGUARIAÍVA;411200902A;PR;Cidade Alta;-24,248;-49,706;2025-03-11 04:20:00.0;0,00
JAGUARIAÍVA;411200902A;PR;Cidade Alta;-24,248;-49,706;2025-03-11 05:20:00.0;0,00
JAGUARIAÍVA;411200902A;PR;Cidade Alta;-24,248;-49,706;2025-03-11 06:20:00.0;0,00
JAGUARIAÍVA;411200902A;PR;Cidade Alta;-24,248;-49,706;2025-03-11 07:20:00.0;0,00
JAGUARIAÍVA;411200902A;PR;Cidade Alta;-24,248;-49,706;2025-03-11 08:20:00.0;0,00
JAGUARIAÍVA;411200902A;PR;Cidade Alta;-24,248;-49,706;2025-03-11 09:20:00.0;0,00
JAGUARIAÍVA;411200902A;PR;Cidade Alta;-24,248;-49,706;2025-03-11 10:20:00.0;0,00
JAGUARIAÍVA;411200902A;PR;Cidade Alta;-24,248;-49,706;2025-03-11 11:20:00.0;0,00
JAGUARIAÍVA;411200902A;PR;Cidade Alta;-24,248;-49,706;2025-03-11 12:20:00.0;0,00
JAGUARIAÍVA;411200902A;PR;Cidade Alta;-24,248;-49,706;2025-03-11 13:20:00.0;0,00
JAGUARIAÍVA;411200902A;PR;Cidade Alta;-24,248;-49,706;2025-03-11 14:20:00.0;0,00
JAGUARIAÍVA;411200902A;PR;Cidade Alta;-24,248;-49,706;2025-03-11 15:20:00.0;0,00
JAGUARIAÍVA;411200902A;PR;Cidade Alta;-24,248;-49,706;2025-03-11 16:20:00.0;0,00
JAGUARIAÍVA;411200902A;PR;Cidade Alta;-24,248;-49,706;2025-03-11 17:20:00.0;0,00
JAGUARIAÍVA;411200902A;PR;Cidade Alta;-24,248;-49,706;2025-03-11 18:20:00.0;0,00
JAGUARIAÍVA;411200902A;PR;Cidade Alta;-24,248;-49,706;2025-03-11 19:20:00.0;0,00
JAGUARIAÍVA;411200902A;PR;Cidade Alta;-24,248;-49,706;2025-03-11 20:20:00.0;1,37
JAGUARIAÍVA;411200902A;PR;Cidade Alta;-24,248;-49,706;2025-03-11 20:30:00.0;0,59
JAGUARIAÍVA;411200902A;PR;Cidade Alta;-24,248;-49,706;2025-03-11 20:50:00.0;0,20
JAGUARIAÍVA;411200902A;PR;Cidade Alta;-24,248;-49,706;2025-03-11 21:00:00.0;0,20
JAGUARIAÍVA;411200902A;PR;Cidade Alta;-24,248;-49,706;2025-03-11 21:10:00.0;1,38
JAGUARIAÍVA;411200902A;PR;Cidade Alta;-24,248;-49,706;2025-03-11 21:20:00.0;0,00
JAGUARIAÍVA;411200902A;PR;Cidade Alta;-24,248;-49,706;2025-03-11 22:20:00.0;0,00
JAGUARIAÍVA;411200902A;PR;Cidade Alta;-24,248;-49,706;2025-03-11 23:20:00.0;0,00
JAGUARIAÍVA;411200902A;PR;Cidade Alta;-24,248;-49,706;2025-03-12 00:20:00.0;0,00
JAGUARIAÍVA;411200902A;PR;Cidade Alta;-24,248;-49,706;2025-03-12 01:20:00.0;0,00
JAGUARIAÍVA;411200902A;PR;Cidade Alta;-24,248;-49,706;2025-03-12 02:20:00.0;0,00
JAGUARIAÍVA;411200902A;PR;Cidade Alta;-24,248;-49,706;2025-03-12 03:20:00.0;0,00
JAGUARIAÍVA;411200902A;PR;Cidade Alta;-24,248;-49,706;2025-03-12 04:20:00.0;0,00
JAGUARIAÍVA;411200902A;PR;Cidade Alta;-24,248;-49,706;2025-03-12 05:20:00.0;0,00
JAGUARIAÍVA;411200902A;PR;Cidade Alta;-24,248;-49,706;2025-03-12 06:20:00.0;0,00
JAGUARIAÍVA;411200902A;PR;Cidade Alta;-24,248;-49,706;2025-03-12 07:20:00.0;0,00
JAGUARIAÍVA;411200902A;PR;Cidade Alta;-24,248;-49,706;2025-03-12 08:20:00.0;0,00
JAGUARIAÍVA;411200902A;PR;Cidade Alta;-24,248;-49,706;2025-03-12 09:20:00.0;0,00
JAGUARIAÍVA;411200902A;PR;Cidade Alta;-24,248;-49,706;2025-03-12 10:20:00.0;0,00
JAGUARIAÍVA;411200902A;PR;Cidade Alta;-24,248;-49,706;2025-03-12 11:20:00.0;0,00
JAGUARIAÍVA;411200902A;PR;Cidade Alta;-24,248;-49,706;2025-03-12 12:20:00.0;0,00
JAGUARIAÍVA;411200902A;PR;Cidade Alta;-24,248;-49,706;2025-03-12 13:20:00.0;0,00
JAGUARIAÍVA;411200902A;PR;Cidade Alta;-24,248;-49,706;2025-03-12 14:20:00.0;0,00
JAGUARIAÍVA;411200902A;PR;Cidade Alta;-24,248;-49,706;2025-03-12 15:20:00.0;0,00
JAGUARIAÍVA;411200902A;PR;Cidade Alta;-24,248;-49,706;2025-03-12 16:20:00.0;0,00
JAGUARIAÍVA;411200902A;PR;Cidade Alta;-24,248;-49,706;2025-03-12 17:20:00.0;0,00
JAGUARIAÍVA;411200902A;PR;Cidade Alta;-24,248;-49,706;2025-03-12 18:20:00.0;0,00
JAGUARIAÍVA;411200902A;PR;Cidade Alta;-24,248;-49,706;2025-03-12 19:20:00.0;0,00
JAGUARIAÍVA;411200902A;PR;Cidade Alta;-24,248;-49,706;2025-03-12 19:50:00.0;0,20
JAGUARIAÍVA;411200902A;PR;Cidade Alta;-24,248;-49,706;2025-03-12 20:10:00.0;0,20
JAGUARIAÍVA;411200902A;PR;Cidade Alta;-24,248;-49,706;2025-03-12 20:20:00.0;0,00
JAGUARIAÍVA;411200902A;PR;Cidade Alta;-24,248;-49,706;2025-03-12 21:20:00.0;0,00
JAGUARIAÍVA;411200902A;PR;Cidade Alta;-24,248;-49,706;2025-03-12 22:20:00.0;0,00
JAGUARIAÍVA;411200902A;PR;Cidade Alta;-24,248;-49,706;2025-03-12 23:20:00.0;0,00
JAGUARIAÍVA;411200902A;PR;Cidade Alta;-24,248;-49,706;2025-03-13 00:20:00.0;0,00
JAGUARIAÍVA;411200902A;PR;Cidade Alta;-24,248;-49,706;2025-03-13 01:20:00.0;0,00
JAGUARIAÍVA;411200902A;PR;Cidade Alta;-24,248;-49,706;2025-03-13 02:20:00.0;0,00
JAGUARIAÍVA;411200902A;PR;Cidade Alta;-24,248;-49,706;2025-03-13 03:00:00.0;0,20
JAGUARIAÍVA;411200902A;PR;Cidade Alta;-24,248;-49,706;2025-03-13 03:20:00.0;0,00
JAGUARIAÍVA;411200902A;PR;Cidade Alta;-24,248;-49,706;2025-03-13 03:30:00.0;0,20
JAGUARIAÍVA;411200902A;PR;Cidade Alta;-24,248;-49,706;2025-03-13 04:00:00.0;0,20
JAGUARIAÍVA;411200902A;PR;Cidade Alta;-24,248;-49,706;2025-03-13 04:20:00.0;0,00
JAGUARIAÍVA;411200902A;PR;Cidade Alta;-24,248;-49,706;2025-03-13 05:20:00.0;0,00
JAGUARIAÍVA;411200902A;PR;Cidade Alta;-24,248;-49,706;2025-03-13 06:20:00.0;0,00
JAGUARIAÍVA;411200902A;PR;Cidade Alta;-24,248;-49,706;2025-03-13 06:50:00.0;0,20
JAGUARIAÍVA;411200902A;PR;Cidade Alta;-24,248;-49,706;2025-03-13 07:00:00.0;0,20
JAGUARIAÍVA;411200902A;PR;Cidade Alta;-24,248;-49,706;2025-03-13 07:20:00.0;0,20
JAGUARIAÍVA;411200902A;PR;Cidade Alta;-24,248;-49,706;2025-03-13 08:20:00.0;0,00
JAGUARIAÍVA;411200902A;PR;Cidade Alta;-24,248;-49,706;2025-03-13 09:20:00.0;0,00
JAGUARIAÍVA;411200902A;PR;Cidade Alta;-24,248;-49,706;2025-03-13 10:20:00.0;0,00
JAGUARIAÍVA;411200902A;PR;Cidade Alta;-24,248;-49,706;2025-03-13 11:20:00.0;0,00
JAGUARIAÍVA;411200902A;PR;Cidade Alta;-24,248;-49,706;2025-03-13 12:20:00.0;0,00
JAGUARIAÍVA;411200902A;PR;Cidade Alta;-24,248;-49,706;2025-03-13 13:20:00.0;0,00
JAGUARIAÍVA;411200902A;PR;Cidade Alta;-24,248;-49,706;2025-03-13 14:20:00.0;0,00
JAGUARIAÍVA;411200902A;PR;Cidade Alta;-24,248;-49,706;2025-03-13 15:20:00.0;0,00
JAGUARIAÍVA;411200902A;PR;Cidade Alta;-24,248;-49,706;2025-03-13 16:20:00.0;0,00
JAGUARIAÍVA;411200902A;PR;Cidade Alta;-24,248;-49,706;2025-03-13 17:20:00.0;0,00
JAGUARIAÍVA;411200902A;PR;Cidade Alta;-24,248;-49,706;2025-03-13 18:20:00.0;0,00
JAGUARIAÍVA;411200902A;PR;Cidade Alta;-24,248;-49,706;2025-03-13 19:20:00.0;0,00
JAGUARIAÍVA;411200902A;PR;Cidade Alta;-24,248;-49,706;2025-03-13 20:20:00.0;0,00
JAGUARIAÍVA;411200902A;PR;Cidade Alta;-24,248;-49,706;2025-03-13 21:20:00.0;0,00
JAGUARIAÍVA;411200902A;PR;Cidade Alta;-24,248;-49,706;2025-03-13 22:20:00.0;0,00
JAGUARIAÍVA;411200902A;PR;Cidade Alta;-24,248;-49,706;2025-03-13 23:20:00.0;0,00
JAGUARIAÍVA;411200902A;PR;Cidade Alta;-24,248;-49,706;2025-03-14 00:20:00.0;0,00
JAGUARIAÍVA;411200902A;PR;Cidade Alta;-24,248;-49,706;2025-03-14 01:20:00.0;0,00
JAGUARIAÍVA;411200902A;PR;Cidade Alta;-24,248;-49,706;2025-03-14 02:20:00.0;0,00
JAGUARIAÍVA;411200902A;PR;Cidade Alta;-24,248;-49,706;2025-03-14 03:20:00.0;0,00
JAGUARIAÍVA;411200902A;PR;Cidade Alta;-24,248;-49,706;2025-03-14 04:20:00.0;0,00
JAGUARIAÍVA;411200902A;PR;Cidade Alta;-24,248;-49,706;2025-03-14 05:20:00.0;0,00
JAGUARIAÍVA;411200902A;PR;Cidade Alta;-24,248;-49,706;2025-03-14 06:20:00.0;0,00
JAGUARIAÍVA;411200902A;PR;Cidade Alta;-24,248;-49,706;2025-03-14 07:20:00.0;0,00
JAGUARIAÍVA;411200902A;PR;Cidade Alta;-24,248;-49,706;2025-03-14 08:20:00.0;0,00
JAGUARIAÍVA;411200902A;PR;Cidade Alta;-24,248;-49,706;2025-03-14 09:20:00.0;0,00
JAGUARIAÍVA;411200902A;PR;Cidade Alta;-24,248;-49,706;2025-03-14 10:20:00.0;0,00
JAGUARIAÍVA;411200902A;PR;Cidade Alta;-24,248;-49,706;2025-03-14 11:20:00.0;0,00
JAGUARIAÍVA;411200902A;PR;Cidade Alta;-24,248;-49,706;2025-03-14 12:20:00.0;0,00
JAGUARIAÍVA;411200902A;PR;Cidade Alta;-24,248;-49,706;2025-03-14 13:20:00.0;0,00
JAGUARIAÍVA;411200902A;PR;Cidade Alta;-24,248;-49,706;2025-03-14 14:20:00.0;0,00
JAGUARIAÍVA;411200902A;PR;Cidade Alta;-24,248;-49,706;2025-03-14 15:20:00.0;0,00
JAGUARIAÍVA;411200902A;PR;Cidade Alta;-24,248;-49,706;2025-03-14 16:20:00.0;0,00
JAGUARIAÍVA;411200902A;PR;Cidade Alta;-24,248;-49,706;2025-03-14 17:20:00.0;0,00
JAGUARIAÍVA;411200902A;PR;Cidade Alta;-24,248;-49,706;2025-03-14 18:20:00.0;0,00
JAGUARIAÍVA;411200902A;PR;Cidade Alta;-24,248;-49,706;2025-03-14 18:50:00.0;2,36
JAGUARIAÍVA;411200902A;PR;Cidade Alta;-24,248;-49,706;2025-03-14 19:20:00.0;0,00
JAGUARIAÍVA;411200902A;PR;Cidade Alta;-24,248;-49,706;2025-03-14 20:20:00.0;0,00
JAGUARIAÍVA;411200902A;PR;Cidade Alta;-24,248;-49,706;2025-03-14 21:20:00.0;0,00
JAGUARIAÍVA;411200902A;PR;Cidade Alta;-24,248;-49,706;2025-03-14 22:20:00.0;0,00
JAGUARIAÍVA;411200902A;PR;Cidade Alta;-24,248;-49,706;2025-03-14 23:20:00.0;0,00
JAGUARIAÍVA;411200902A;PR;Cidade Alta;-24,248;-49,706;2025-03-15 00:20:00.0;0,00
JAGUARIAÍVA;411200902A;PR;Cidade Alta;-24,248;-49,706;2025-03-15 01:20:00.0;0,00
JAGUARIAÍVA;411200902A;PR;Cidade Alta;-24,248;-49,706;2025-03-15 02:20:00.0;0,00
JAGUARIAÍVA;411200902A;PR;Cidade Alta;-24,248;-49,706;2025-03-15 03:20:00.0;0,00
JAGUARIAÍVA;411200902A;PR;Cidade Alta;-24,248;-49,706;2025-03-15 04:20:00.0;0,00
JAGUARIAÍVA;411200902A;PR;Cidade Alta;-24,248;-49,706;2025-03-15 05:20:00.0;0,00
JAGUARIAÍVA;411200902A;PR;Cidade Alta;-24,248;-49,706;2025-03-15 06:20:00.0;0,00
JAGUARIAÍVA;411200902A;PR;Cidade Alta;-24,248;-49,706;2025-03-15 07:20:00.0;0,00
JAGUARIAÍVA;411200902A;PR;Cidade Alta;-24,248;-49,706;2025-03-15 08:20:00.0;0,00
JAGUARIAÍVA;411200902A;PR;Cidade Alta;-24,248;-49,706;2025-03-15 09:20:00.0;0,00
JAGUARIAÍVA;411200902A;PR;Cidade Alta;-24,248;-49,706;2025-03-15 10:20:00.0;0,00
JAGUARIAÍVA;411200902A;PR;Cidade Alta;-24,248;-49,706;2025-03-15 11:20:00.0;0,00
JAGUARIAÍVA;411200902A;PR;Cidade Alta;-24,248;-49,706;2025-03-15 12:20:00.0;0,00
JAGUARIAÍVA;411200902A;PR;Cidade Alta;-24,248;-49,706;2025-03-15 13:20:00.0;0,00
JAGUARIAÍVA;411200902A;PR;Cidade Alta;-24,248;-49,706;2025-03-15 14:20:00.0;0,00
JAGUARIAÍVA;411200902A;PR;Cidade Alta;-24,248;-49,706;2025-03-15 15:20:00.0;0,00
JAGUARIAÍVA;411200902A;PR;Cidade Alta;-24,248;-49,706;2025-03-15 16:20:00.0;0,00
JAGUARIAÍVA;411200902A;PR;Cidade Alta;-24,248;-49,706;2025-03-15 17:20:00.0;0,00
JAGUARIAÍVA;411200902A;PR;Cidade Alta;-24,248;-49,706;2025-03-15 18:20:00.0;1,77
JAGUARIAÍVA;411200902A;PR;Cidade Alta;-24,248;-49,706;2025-03-15 18:30:00.0;6,10
JAGUARIAÍVA;411200902A;PR;Cidade Alta;-24,248;-49,706;2025-03-15 18:40:00.0;7,50
JAGUARIAÍVA;411200902A;PR;Cidade Alta;-24,248;-49,706;2025-03-15 18:50:00.0;1,57
JAGUARIAÍVA;411200902A;PR;Cidade Alta;-24,248;-49,706;2025-03-15 19:00:00.0;0,20
JAGUARIAÍVA;411200902A;PR;Cidade Alta;-24,248;-49,706;2025-03-15 19:10:00.0;0,59
JAGUARIAÍVA;411200902A;PR;Cidade Alta;-24,248;-49,706;2025-03-15 19:20:00.0;2,36
JAGUARIAÍVA;411200902A;PR;Cidade Alta;-24,248;-49,706;2025-03-15 19:30:00.0;1,96
JAGUARIAÍVA;411200902A;PR;Cidade Alta;-24,248;-49,706;2025-03-15 19:40:00.0;2,36
JAGUARIAÍVA;411200902A;PR;Cidade Alta;-24,248;-49,706;2025-03-15 19:50:00.0;1,96
JAGUARIAÍVA;411200902A;PR;Cidade Alta;-24,248;-49,706;2025-03-15 20:00:00.0;0,20
JAGUARIAÍVA;411200902A;PR;Cidade Alta;-24,248;-49,706;2025-03-15 20:20:00.0;0,39
JAGUARIAÍVA;411200902A;PR;Cidade Alta;-24,248;-49,706;2025-03-15 20:30:00.0;2,76
JAGUARIAÍVA;411200902A;PR;Cidade Alta;-24,248;-49,706;2025-03-15 20:40:00.0;3,35
JAGUARIAÍVA;411200902A;PR;Cidade Alta;-24,248;-49,706;2025-03-15 20:50:00.0;0,20
JAGUARIAÍVA;411200902A;PR;Cidade Alta;-24,248;-49,706;2025-03-15 21:00:00.0;0,20
JAGUARIAÍVA;411200902A;PR;Cidade Alta;-24,248;-49,706;2025-03-15 21:20:00.0;0,00
JAGUARIAÍVA;411200902A;PR;Cidade Alta;-24,248;-49,706;2025-03-15 22:20:00.0;0,00
JAGUARIAÍVA;411200902A;PR;Cidade Alta;-24,248;-49,706;2025-03-15 23:20:00.0;0,00
JAGUARIAÍVA;411200902A;PR;Cidade Alta;-24,248;-49,706;2025-03-16 00:20:00.0;0,00
JAGUARIAÍVA;411200902A;PR;Cidade Alta;-24,248;-49,706;2025-03-16 01:20:00.0;0,00
JAGUARIAÍVA;411200902A;PR;Cidade Alta;-24,248;-49,706;2025-03-16 02:20:00.0;0,00
JAGUARIAÍVA;411200902A;PR;Cidade Alta;-24,248;-49,706;2025-03-16 03:20:00.0;0,00
JAGUARIAÍVA;411200902A;PR;Cidade Alta;-24,248;-49,706;2025-03-16 04:20:00.0;0,00
JAGUARIAÍVA;411200902A;PR;Cidade Alta;-24,248;-49,706;2025-03-16 05:20:00.0;0,00
JAGUARIAÍVA;411200902A;PR;Cidade Alta;-24,248;-49,706;2025-03-16 06:20:00.0;0,00
JAGUARIAÍVA;411200902A;PR;Cidade Alta;-24,248;-49,706;2025-03-16 07:20:00.0;0,00
JAGUARIAÍVA;411200902A;PR;Cidade Alta;-24,248;-49,706;2025-03-16 08:20:00.0;0,00
JAGUARIAÍVA;411200902A;PR;Cidade Alta;-24,248;-49,706;2025-03-16 09:20:00.0;0,00
JAGUARIAÍVA;411200902A;PR;Cidade Alta;-24,248;-49,706;2025-03-16 10:20:00.0;0,00
JAGUARIAÍVA;411200902A;PR;Cidade Alta;-24,248;-49,706;2025-03-16 11:20:00.0;0,00
JAGUARIAÍVA;411200902A;PR;Cidade Alta;-24,248;-49,706;2025-03-16 12:20:00.0;0,00
JAGUARIAÍVA;411200902A;PR;Cidade Alta;-24,248;-49,706;2025-03-16 13:20:00.0;0,20
JAGUARIAÍVA;411200902A;PR;Cidade Alta;-24,248;-49,706;2025-03-16 14:20:00.0;0,00
JAGUARIAÍVA;411200902A;PR;Cidade Alta;-24,248;-49,706;2025-03-16 15:20:00.0;0,00
JAGUARIAÍVA;411200902A;PR;Cidade Alta;-24,248;-49,706;2025-03-16 16:20:00.0;0,00
JAGUARIAÍVA;411200902A;PR;Cidade Alta;-24,248;-49,706;2025-03-16 17:20:00.0;0,00
JAGUARIAÍVA;411200902A;PR;Cidade Alta;-24,248;-49,706;2025-03-16 18:20:00.0;0,00
JAGUARIAÍVA;411200902A;PR;Cidade Alta;-24,248;-49,706;2025-03-16 19:20:00.0;0,00
JAGUARIAÍVA;411200902A;PR;Cidade Alta;-24,248;-49,706;2025-03-16 20:20:00.0;0,00
JAGUARIAÍVA;411200902A;PR;Cidade Alta;-24,248;-49,706;2025-03-16 21:20:00.0;0,00
JAGUARIAÍVA;411200902A;PR;Cidade Alta;-24,248;-49,706;2025-03-16 22:20:00.0;0,00
JAGUARIAÍVA;411200902A;PR;Cidade Alta;-24,248;-49,706;2025-03-16 23:20:00.0;0,00
JAGUARIAÍVA;411200902A;PR;Cidade Alta;-24,248;-49,706;2025-03-17 00:20:00.0;0,00
JAGUARIAÍVA;411200902A;PR;Cidade Alta;-24,248;-49,706;2025-03-17 01:20:00.0;0,00
JAGUARIAÍVA;411200902A;PR;Cidade Alta;-24,248;-49,706;2025-03-17 02:20:00.0;0,00
JAGUARIAÍVA;411200902A;PR;Cidade Alta;-24,248;-49,706;2025-03-17 03:20:00.0;0,00
JAGUARIAÍVA;411200902A;PR;Cidade Alta;-24,248;-49,706;2025-03-17 04:20:00.0;0,00
JAGUARIAÍVA;411200902A;PR;Cidade Alta;-24,248;-49,706;2025-03-17 05:20:00.0;0,00
JAGUARIAÍVA;411200902A;PR;Cidade Alta;-24,248;-49,706;2025-03-17 06:20:00.0;0,00
JAGUARIAÍVA;411200902A;PR;Cidade Alta;-24,248;-49,706;2025-03-17 07:20:00.0;0,00
JAGUARIAÍVA;411200902A;PR;Cidade Alta;-24,248;-49,706;2025-03-17 08:20:00.0;0,00
JAGUARIAÍVA;411200902A;PR;Cidade Alta;-24,248;-49,706;2025-03-17 09:20:00.0;0,00
JAGUARIAÍVA;411200902A;PR;Cidade Alta;-24,248;-49,706;2025-03-17 10:20:00.0;0,00
JAGUARIAÍVA;411200902A;PR;Cidade Alta;-24,248;-49,706;2025-03-17 11:20:00.0;0,00
JAGUARIAÍVA;411200902A;PR;Cidade Alta;-24,248;-49,706;2025-03-17 12:20:00.0;0,00
JAGUARIAÍVA;411200902A;PR;Cidade Alta;-24,248;-49,706;2025-03-17 13:20:00.0;0,00
JAGUARIAÍVA;411200902A;PR;Cidade Alta;-24,248;-49,706;2025-03-17 14:20:00.0;0,00
JAGUARIAÍVA;411200902A;PR;Cidade Alta;-24,248;-49,706;2025-03-17 15:20:00.0;0,00
JAGUARIAÍVA;411200902A;PR;Cidade Alta;-24,248;-49,706;2025-03-17 16:20:00.0;0,00
JAGUARIAÍVA;411200902A;PR;Cidade Alta;-24,248;-49,706;2025-03-17 17:20:00.0;0,00
JAGUARIAÍVA;411200902A;PR;Cidade Alta;-24,248;-49,706;2025-03-17 18:20:00.0;0,00
JAGUARIAÍVA;411200902A;PR;Cidade Alta;-24,248;-49,706;2025-03-17 19:20:00.0;0,00
JAGUARIAÍVA;411200902A;PR;Cidade Alta;-24,248;-49,706;2025-03-17 20:20:00.0;0,00
JAGUARIAÍVA;411200902A;PR;Cidade Alta;-24,248;-49,706;2025-03-17 21:20:00.0;0,00
JAGUARIAÍVA;411200902A;PR;Cidade Alta;-24,248;-49,706;2025-03-17 22:20:00.0;0,00
JAGUARIAÍVA;411200902A;PR;Cidade Alta;-24,248;-49,706;2025-03-17 23:20:00.0;0,00
JAGUARIAÍVA;411200902A;PR;Cidade Alta;-24,248;-49,706;2025-03-18 00:20:00.0;0,00
JAGUARIAÍVA;411200902A;PR;Cidade Alta;-24,248;-49,706;2025-03-18 01:20:00.0;0,00
JAGUARIAÍVA;411200902A;PR;Cidade Alta;-24,248;-49,706;2025-03-18 02:20:00.0;0,00
JAGUARIAÍVA;411200902A;PR;Cidade Alta;-24,248;-49,706;2025-03-18 03:20:00.0;0,00
JAGUARIAÍVA;411200902A;PR;Cidade Alta;-24,248;-49,706;2025-03-18 04:20:00.0;0,00
JAGUARIAÍVA;411200902A;PR;Cidade Alta;-24,248;-49,706;2025-03-18 05:20:00.0;0,00
JAGUARIAÍVA;411200902A;PR;Cidade Alta;-24,248;-49,706;2025-03-18 06:20:00.0;0,00
JAGUARIAÍVA;411200902A;PR;Cidade Alta;-24,248;-49,706;2025-03-18 07:20:00.0;0,00
JAGUARIAÍVA;411200902A;PR;Cidade Alta;-24,248;-49,706;2025-03-18 08:20:00.0;0,00
JAGUARIAÍVA;411200902A;PR;Cidade Alta;-24,248;-49,706;2025-03-18 09:20:00.0;0,00
JAGUARIAÍVA;411200902A;PR;Cidade Alta;-24,248;-49,706;2025-03-18 10:20:00.0;0,00
JAGUARIAÍVA;411200902A;PR;Cidade Alta;-24,248;-49,706;2025-03-18 11:20:00.0;0,00
JAGUARIAÍVA;411200902A;PR;Cidade Alta;-24,248;-49,706;2025-03-18 12:20:00.0;0,00
JAGUARIAÍVA;411200902A;PR;Cidade Alta;-24,248;-49,706;2025-03-18 13:20:00.0;0,00
JAGUARIAÍVA;411200902A;PR;Cidade Alta;-24,248;-49,706;2025-03-18 14:20:00.0;0,00
JAGUARIAÍVA;411200902A;PR;Cidade Alta;-24,248;-49,706;2025-03-18 15:20:00.0;0,00
JAGUARIAÍVA;411200902A;PR;Cidade Alta;-24,248;-49,706;2025-03-18 16:20:00.0;0,00
JAGUARIAÍVA;411200902A;PR;Cidade Alta;-24,248;-49,706;2025-03-18 17:20:00.0;0,00
JAGUARIAÍVA;411200902A;PR;Cidade Alta;-24,248;-49,706;2025-03-18 18:20:00.0;0,00
JAGUARIAÍVA;411200902A;PR;Cidade Alta;-24,248;-49,706;2025-03-18 19:20:00.0;0,00
JAGUARIAÍVA;411200902A;PR;Cidade Alta;-24,248;-49,706;2025-03-18 20:20:00.0;0,00
JAGUARIAÍVA;411200902A;PR;Cidade Alta;-24,248;-49,706;2025-03-18 21:20:00.0;0,00
JAGUARIAÍVA;411200902A;PR;Cidade Alta;-24,248;-49,706;2025-03-18 22:20:00.0;0,00
JAGUARIAÍVA;411200902A;PR;Cidade Alta;-24,248;-49,706;2025-03-18 23:20:00.0;0,00
JAGUARIAÍVA;411200902A;PR;Cidade Alta;-24,248;-49,706;2025-03-19 00:20:00.0;0,00
JAGUARIAÍVA;411200902A;PR;Cidade Alta;-24,248;-49,706;2025-03-19 01:20:00.0;0,00
JAGUARIAÍVA;411200902A;PR;Cidade Alta;-24,248;-49,706;2025-03-19 02:20:00.0;0,00
JAGUARIAÍVA;411200902A;PR;Cidade Alta;-24,248;-49,706;2025-03-19 03:20:00.0;0,00
JAGUARIAÍVA;411200902A;PR;Cidade Alta;-24,248;-49,706;2025-03-19 04:20:00.0;0,00
JAGUARIAÍVA;411200902A;PR;Cidade Alta;-24,248;-49,706;2025-03-19 05:20:00.0;0,00
JAGUARIAÍVA;411200902A;PR;Cidade Alta;-24,248;-49,706;2025-03-19 06:20:00.0;0,00
JAGUARIAÍVA;411200902A;PR;Cidade Alta;-24,248;-49,706;2025-03-19 07:20:00.0;0,00
JAGUARIAÍVA;411200902A;PR;Cidade Alta;-24,248;-49,706;2025-03-19 08:20:00.0;0,00
JAGUARIAÍVA;411200902A;PR;Cidade Alta;-24,248;-49,706;2025-03-19 09:20:00.0;0,00
JAGUARIAÍVA;411200902A;PR;Cidade Alta;-24,248;-49,706;2025-03-19 10:20:00.0;0,00
JAGUARIAÍVA;411200902A;PR;Cidade Alta;-24,248;-49,706;2025-03-19 11:20:00.0;0,00
JAGUARIAÍVA;411200902A;PR;Cidade Alta;-24,248;-49,706;2025-03-19 12:20:00.0;0,00
JAGUARIAÍVA;411200902A;PR;Cidade Alta;-24,248;-49,706;2025-03-19 13:20:00.0;0,00
JAGUARIAÍVA;411200902A;PR;Cidade Alta;-24,248;-49,706;2025-03-19 14:20:00.0;0,00
JAGUARIAÍVA;411200902A;PR;Cidade Alta;-24,248;-49,706;2025-03-19 15:20:00.0;0,00
JAGUARIAÍVA;411200902A;PR;Cidade Alta;-24,248;-49,706;2025-03-19 16:20:00.0;0,00
JAGUARIAÍVA;411200902A;PR;Cidade Alta;-24,248;-49,706;2025-03-19 17:20:00.0;0,00
JAGUARIAÍVA;411200902A;PR;Cidade Alta;-24,248;-49,706;2025-03-19 18:20:00.0;0,00
JAGUARIAÍVA;411200902A;PR;Cidade Alta;-24,248;-49,706;2025-03-19 19:20:00.0;0,00
JAGUARIAÍVA;411200902A;PR;Cidade Alta;-24,248;-49,706;2025-03-19 20:20:00.0;0,00
JAGUARIAÍVA;411200902A;PR;Cidade Alta;-24,248;-49,706;2025-03-19 21:20:00.0;0,00
JAGUARIAÍVA;411200902A;PR;Cidade Alta;-24,248;-49,706;2025-03-19 22:20:00.0;0,00
JAGUARIAÍVA;411200902A;PR;Cidade Alta;-24,248;-49,706;2025-03-19 23:20:00.0;0,00
JAGUARIAÍVA;411200902A;PR;Cidade Alta;-24,248;-49,706;2025-03-20 00:20:00.0;0,00
JAGUARIAÍVA;411200902A;PR;Cidade Alta;-24,248;-49,706;2025-03-20 01:20:00.0;0,00
JAGUARIAÍVA;411200902A;PR;Cidade Alta;-24,248;-49,706;2025-03-20 02:20:00.0;0,00
JAGUARIAÍVA;411200902A;PR;Cidade Alta;-24,248;-49,706;2025-03-20 03:20:00.0;0,00
JAGUARIAÍVA;411200902A;PR;Cidade Alta;-24,248;-49,706;2025-03-20 04:20:00.0;0,00
JAGUARIAÍVA;411200902A;PR;Cidade Alta;-24,248;-49,706;2025-03-20 05:20:00.0;0,00
JAGUARIAÍVA;411200902A;PR;Cidade Alta;-24,248;-49,706;2025-03-20 06:20:00.0;0,00
JAGUARIAÍVA;411200902A;PR;Cidade Alta;-24,248;-49,706;2025-03-20 07:20:00.0;0,00
JAGUARIAÍVA;411200902A;PR;Cidade Alta;-24,248;-49,706;2025-03-20 08:20:00.0;0,00
JAGUARIAÍVA;411200902A;PR;Cidade Alta;-24,248;-49,706;2025-03-20 09:20:00.0;0,00
JAGUARIAÍVA;411200902A;PR;Cidade Alta;-24,248;-49,706;2025-03-20 10:20:00.0;0,00
JAGUARIAÍVA;411200902A;PR;Cidade Alta;-24,248;-49,706;2025-03-20 11:20:00.0;0,00
JAGUARIAÍVA;411200902A;PR;Cidade Alta;-24,248;-49,706;2025-03-20 12:20:00.0;0,00
JAGUARIAÍVA;411200902A;PR;Cidade Alta;-24,248;-49,706;2025-03-20 13:20:00.0;0,00
JAGUARIAÍVA;411200902A;PR;Cidade Alta;-24,248;-49,706;2025-03-20 14:20:00.0;0,00
JAGUARIAÍVA;411200902A;PR;Cidade Alta;-24,248;-49,706;2025-03-20 15:20:00.0;0,00
JAGUARIAÍVA;411200902A;PR;Cidade Alta;-24,248;-49,706;2025-03-20 16:20:00.0;0,00
JAGUARIAÍVA;411200902A;PR;Cidade Alta;-24,248;-49,706;2025-03-20 17:20:00.0;0,00
JAGUARIAÍVA;411200902A;PR;Cidade Alta;-24,248;-49,706;2025-03-20 18:20:00.0;0,00
JAGUARIAÍVA;411200902A;PR;Cidade Alta;-24,248;-49,706;2025-03-20 19:20:00.0;0,00
JAGUARIAÍVA;411200902A;PR;Cidade Alta;-24,248;-49,706;2025-03-20 20:20:00.0;0,00
JAGUARIAÍVA;411200902A;PR;Cidade Alta;-24,248;-49,706;2025-03-20 21:20:00.0;0,00
JAGUARIAÍVA;411200902A;PR;Cidade Alta;-24,248;-49,706;2025-03-20 22:20:00.0;0,00
JAGUARIAÍVA;411200902A;PR;Cidade Alta;-24,248;-49,706;2025-03-20 23:20:00.0;0,00
JAGUARIAÍVA;411200902A;PR;Cidade Alta;-24,248;-49,706;2025-03-21 00:20:00.0;0,00
JAGUARIAÍVA;411200902A;PR;Cidade Alta;-24,248;-49,706;2025-03-21 01:20:00.0;0,00
JAGUARIAÍVA;411200902A;PR;Cidade Alta;-24,248;-49,706;2025-03-21 02:20:00.0;0,00
JAGUARIAÍVA;411200902A;PR;Cidade Alta;-24,248;-49,706;2025-03-21 03:20:00.0;0,00
JAGUARIAÍVA;411200902A;PR;Cidade Alta;-24,248;-49,706;2025-03-21 04:20:00.0;0,00
JAGUARIAÍVA;411200902A;PR;Cidade Alta;-24,248;-49,706;2025-03-21 05:20:00.0;0,00
JAGUARIAÍVA;411200902A;PR;Cidade Alta;-24,248;-49,706;2025-03-21 06:20:00.0;0,00
JAGUARIAÍVA;411200902A;PR;Cidade Alta;-24,248;-49,706;2025-03-21 07:20:00.0;0,00
JAGUARIAÍVA;411200902A;PR;Cidade Alta;-24,248;-49,706;2025-03-21 08:20:00.0;0,00
JAGUARIAÍVA;411200902A;PR;Cidade Alta;-24,248;-49,706;2025-03-21 09:20:00.0;0,00
JAGUARIAÍVA;411200902A;PR;Cidade Alta;-24,248;-49,706;2025-03-21 10:20:00.0;0,00
JAGUARIAÍVA;411200902A;PR;Cidade Alta;-24,248;-49,706;2025-03-21 11:20:00.0;0,00
JAGUARIAÍVA;411200902A;PR;Cidade Alta;-24,248;-49,706;2025-03-21 12:20:00.0;0,00
JAGUARIAÍVA;411200902A;PR;Cidade Alta;-24,248;-49,706;2025-03-21 13:20:00.0;0,00
JAGUARIAÍVA;411200902A;PR;Cidade Alta;-24,248;-49,706;2025-03-21 14:20:00.0;0,00
JAGUARIAÍVA;411200902A;PR;Cidade Alta;-24,248;-49,706;2025-03-21 15:20:00.0;0,00
JAGUARIAÍVA;411200902A;PR;Cidade Alta;-24,248;-49,706;2025-03-21 16:20:00.0;0,00
JAGUARIAÍVA;411200902A;PR;Cidade Alta;-24,248;-49,706;2025-03-21 17:20:00.0;0,00
JAGUARIAÍVA;411200902A;PR;Cidade Alta;-24,248;-49,706;2025-03-21 18:20:00.0;0,00
JAGUARIAÍVA;411200902A;PR;Cidade Alta;-24,248;-49,706;2025-03-21 19:20:00.0;0,00
JAGUARIAÍVA;411200902A;PR;Cidade Alta;-24,248;-49,706;2025-03-21 20:20:00.0;0,00
JAGUARIAÍVA;411200902A;PR;Cidade Alta;-24,248;-49,706;2025-03-21 21:20:00.0;0,00
JAGUARIAÍVA;411200902A;PR;Cidade Alta;-24,248;-49,706;2025-03-21 22:20:00.0;0,00
JAGUARIAÍVA;411200902A;PR;Cidade Alta;-24,248;-49,706;2025-03-21 23:20:00.0;0,00
JAGUARIAÍVA;411200902A;PR;Cidade Alta;-24,248;-49,706;2025-03-22 00:20:00.0;0,00
JAGUARIAÍVA;411200902A;PR;Cidade Alta;-24,248;-49,706;2025-03-22 01:20:00.0;0,00
JAGUARIAÍVA;411200902A;PR;Cidade Alta;-24,248;-49,706;2025-03-22 02:20:00.0;0,00
JAGUARIAÍVA;411200902A;PR;Cidade Alta;-24,248;-49,706;2025-03-22 03:20:00.0;0,00
JAGUARIAÍVA;411200902A;PR;Cidade Alta;-24,248;-49,706;2025-03-22 04:20:00.0;0,00
JAGUARIAÍVA;411200902A;PR;Cidade Alta;-24,248;-49,706;2025-03-22 05:20:00.0;0,00
JAGUARIAÍVA;411200902A;PR;Cidade Alta;-24,248;-49,706;2025-03-22 06:20:00.0;0,00
JAGUARIAÍVA;411200902A;PR;Cidade Alta;-24,248;-49,706;2025-03-22 07:20:00.0;0,00
JAGUARIAÍVA;411200902A;PR;Cidade Alta;-24,248;-49,706;2025-03-22 08:20:00.0;0,00
JAGUARIAÍVA;411200902A;PR;Cidade Alta;-24,248;-49,706;2025-03-22 09:20:00.0;0,00
JAGUARIAÍVA;411200902A;PR;Cidade Alta;-24,248;-49,706;2025-03-22 10:20:00.0;0,00
JAGUARIAÍVA;411200902A;PR;Cidade Alta;-24,248;-49,706;2025-03-22 11:20:00.0;0,00
JAGUARIAÍVA;411200902A;PR;Cidade Alta;-24,248;-49,706;2025-03-22 12:20:00.0;0,00
JAGUARIAÍVA;411200902A;PR;Cidade Alta;-24,248;-49,706;2025-03-22 13:20:00.0;0,00
JAGUARIAÍVA;411200902A;PR;Cidade Alta;-24,248;-49,706;2025-03-22 14:20:00.0;0,00
JAGUARIAÍVA;411200902A;PR;Cidade Alta;-24,248;-49,706;2025-03-22 15:20:00.0;0,00
JAGUARIAÍVA;411200902A;PR;Cidade Alta;-24,248;-49,706;2025-03-22 16:20:00.0;0,00
JAGUARIAÍVA;411200902A;PR;Cidade Alta;-24,248;-49,706;2025-03-22 17:20:00.0;0,00
JAGUARIAÍVA;411200902A;PR;Cidade Alta;-24,248;-49,706;2025-03-22 18:20:00.0;0,00
JAGUARIAÍVA;411200902A;PR;Cidade Alta;-24,248;-49,706;2025-03-22 19:20:00.0;0,00
JAGUARIAÍVA;411200902A;PR;Cidade Alta;-24,248;-49,706;2025-03-22 20:20:00.0;0,00
JAGUARIAÍVA;411200902A;PR;Cidade Alta;-24,248;-49,706;2025-03-22 21:20:00.0;0,00
JAGUARIAÍVA;411200902A;PR;Cidade Alta;-24,248;-49,706;2025-03-22 22:20:00.0;0,00
JAGUARIAÍVA;411200902A;PR;Cidade Alta;-24,248;-49,706;2025-03-22 23:20:00.0;0,00
JAGUARIAÍVA;411200902A;PR;Cidade Alta;-24,248;-49,706;2025-03-23 00:20:00.0;0,00
JAGUARIAÍVA;411200902A;PR;Cidade Alta;-24,248;-49,706;2025-03-23 01:20:00.0;0,00
JAGUARIAÍVA;411200902A;PR;Cidade Alta;-24,248;-49,706;2025-03-23 02:20:00.0;0,00
JAGUARIAÍVA;411200902A;PR;Cidade Alta;-24,248;-49,706;2025-03-23 03:20:00.0;0,00
JAGUARIAÍVA;411200902A;PR;Cidade Alta;-24,248;-49,706;2025-03-23 04:20:00.0;0,00
JAGUARIAÍVA;411200902A;PR;Cidade Alta;-24,248;-49,706;2025-03-23 05:20:00.0;0,00
JAGUARIAÍVA;411200902A;PR;Cidade Alta;-24,248;-49,706;2025-03-23 06:20:00.0;0,00
JAGUARIAÍVA;411200902A;PR;Cidade Alta;-24,248;-49,706;2025-03-23 07:20:00.0;0,00
JAGUARIAÍVA;411200902A;PR;Cidade Alta;-24,248;-49,706;2025-03-23 08:20:00.0;0,00
JAGUARIAÍVA;411200902A;PR;Cidade Alta;-24,248;-49,706;2025-03-23 09:20:00.0;0,00
JAGUARIAÍVA;411200902A;PR;Cidade Alta;-24,248;-49,706;2025-03-23 10:20:00.0;0,00
JAGUARIAÍVA;411200902A;PR;Cidade Alta;-24,248;-49,706;2025-03-23 11:20:00.0;0,00
JAGUARIAÍVA;411200902A;PR;Cidade Alta;-24,248;-49,706;2025-03-23 12:10:00.0;0,20
JAGUARIAÍVA;411200902A;PR;Cidade Alta;-24,248;-49,706;2025-03-23 12:20:00.0;0,20
JAGUARIAÍVA;411200902A;PR;Cidade Alta;-24,248;-49,706;2025-03-23 12:30:00.0;0,20
JAGUARIAÍVA;411200902A;PR;Cidade Alta;-24,248;-49,706;2025-03-23 12:40:00.0;0,20
JAGUARIAÍVA;411200902A;PR;Cidade Alta;-24,248;-49,706;2025-03-23 13:20:00.0;0,00
JAGUARIAÍVA;411200902A;PR;Cidade Alta;-24,248;-49,706;2025-03-23 14:20:00.0;0,20
JAGUARIAÍVA;411200902A;PR;Cidade Alta;-24,248;-49,706;2025-03-23 14:30:00.0;0,20
JAGUARIAÍVA;411200902A;PR;Cidade Alta;-24,248;-49,706;2025-03-23 15:20:00.0;0,00
JAGUARIAÍVA;411200902A;PR;Cidade Alta;-24,248;-49,706;2025-03-23 16:20:00.0;0,00
JAGUARIAÍVA;411200902A;PR;Cidade Alta;-24,248;-49,706;2025-03-23 17:20:00.0;0,00
JAGUARIAÍVA;411200902A;PR;Cidade Alta;-24,248;-49,706;2025-03-23 18:20:00.0;0,00
JAGUARIAÍVA;411200902A;PR;Cidade Alta;-24,248;-49,706;2025-03-23 19:20:00.0;0,00
JAGUARIAÍVA;411200902A;PR;Cidade Alta;-24,248;-49,706;2025-03-23 20:20:00.0;0,00
JAGUARIAÍVA;411200902A;PR;Cidade Alta;-24,248;-49,706;2025-03-23 21:20:00.0;0,00
JAGUARIAÍVA;411200902A;PR;Cidade Alta;-24,248;-49,706;2025-03-23 22:20:00.0;0,00
JAGUARIAÍVA;411200902A;PR;Cidade Alta;-24,248;-49,706;2025-03-23 23:20:00.0;0,00
JAGUARIAÍVA;411200902A;PR;Cidade Alta;-24,248;-49,706;2025-03-24 00:20:00.0;0,00
JAGUARIAÍVA;411200902A;PR;Cidade Alta;-24,248;-49,706;2025-03-24 01:20:00.0;0,00
JAGUARIAÍVA;411200902A;PR;Cidade Alta;-24,248;-49,706;2025-03-24 02:20:00.0;0,00
JAGUARIAÍVA;411200902A;PR;Cidade Alta;-24,248;-49,706;2025-03-24 03:20:00.0;0,00
JAGUARIAÍVA;411200902A;PR;Cidade Alta;-24,248;-49,706;2025-03-24 04:20:00.0;0,00
JAGUARIAÍVA;411200902A;PR;Cidade Alta;-24,248;-49,706;2025-03-24 05:20:00.0;0,00
JAGUARIAÍVA;411200902A;PR;Cidade Alta;-24,248;-49,706;2025-03-24 06:20:00.0;0,00
JAGUARIAÍVA;411200902A;PR;Cidade Alta;-24,248;-49,706;2025-03-24 07:20:00.0;0,00
JAGUARIAÍVA;411200902A;PR;Cidade Alta;-24,248;-49,706;2025-03-24 08:20:00.0;0,00
JAGUARIAÍVA;411200902A;PR;Cidade Alta;-24,248;-49,706;2025-03-24 09:20:00.0;0,00
JAGUARIAÍVA;411200902A;PR;Cidade Alta;-24,248;-49,706;2025-03-24 10:20:00.0;0,00
JAGUARIAÍVA;411200902A;PR;Cidade Alta;-24,248;-49,706;2025-03-24 11:20:00.0;0,00
JAGUARIAÍVA;411200902A;PR;Cidade Alta;-24,248;-49,706;2025-03-24 12:20:00.0;0,00
JAGUARIAÍVA;411200902A;PR;Cidade Alta;-24,248;-49,706;2025-03-24 13:20:00.0;0,00
JAGUARIAÍVA;411200902A;PR;Cidade Alta;-24,248;-49,706;2025-03-24 14:20:00.0;0,00
JAGUARIAÍVA;411200902A;PR;Cidade Alta;-24,248;-49,706;2025-03-24 15:20:00.0;0,00
JAGUARIAÍVA;411200902A;PR;Cidade Alta;-24,248;-49,706;2025-03-24 16:20:00.0;0,00
JAGUARIAÍVA;411200902A;PR;Cidade Alta;-24,248;-49,706;2025-03-24 17:20:00.0;0,00
JAGUARIAÍVA;411200902A;PR;Cidade Alta;-24,248;-49,706;2025-03-24 18:20:00.0;0,00
JAGUARIAÍVA;411200902A;PR;Cidade Alta;-24,248;-49,706;2025-03-24 19:20:00.0;0,00
JAGUARIAÍVA;411200902A;PR;Cidade Alta;-24,248;-49,706;2025-03-24 20:20:00.0;0,00
JAGUARIAÍVA;411200902A;PR;Cidade Alta;-24,248;-49,706;2025-03-24 21:20:00.0;0,00
JAGUARIAÍVA;411200902A;PR;Cidade Alta;-24,248;-49,706;2025-03-24 22:20:00.0;0,00
JAGUARIAÍVA;411200902A;PR;Cidade Alta;-24,248;-49,706;2025-03-24 23:20:00.0;0,00
JAGUARIAÍVA;411200902A;PR;Cidade Alta;-24,248;-49,706;2025-03-25 00:20:00.0;0,00
JAGUARIAÍVA;411200902A;PR;Cidade Alta;-24,248;-49,706;2025-03-25 01:20:00.0;0,00
JAGUARIAÍVA;411200902A;PR;Cidade Alta;-24,248;-49,706;2025-03-25 02:20:00.0;0,00
JAGUARIAÍVA;411200902A;PR;Cidade Alta;-24,248;-49,706;2025-03-25 03:20:00.0;0,00
JAGUARIAÍVA;411200902A;PR;Cidade Alta;-24,248;-49,706;2025-03-25 04:20:00.0;0,00
JAGUARIAÍVA;411200902A;PR;Cidade Alta;-24,248;-49,706;2025-03-25 05:20:00.0;0,00
JAGUARIAÍVA;411200902A;PR;Cidade Alta;-24,248;-49,706;2025-03-25 06:20:00.0;0,00
JAGUARIAÍVA;411200902A;PR;Cidade Alta;-24,248;-49,706;2025-03-25 07:20:00.0;0,00
JAGUARIAÍVA;411200902A;PR;Cidade Alta;-24,248;-49,706;2025-03-25 08:20:00.0;0,00
JAGUARIAÍVA;411200902A;PR;Cidade Alta;-24,248;-49,706;2025-03-25 09:20:00.0;0,00
JAGUARIAÍVA;411200902A;PR;Cidade Alta;-24,248;-49,706;2025-03-25 10:20:00.0;0,00
JAGUARIAÍVA;411200902A;PR;Cidade Alta;-24,248;-49,706;2025-03-25 11:20:00.0;0,00
JAGUARIAÍVA;411200902A;PR;Cidade Alta;-24,248;-49,706;2025-03-25 12:20:00.0;0,00
JAGUARIAÍVA;411200902A;PR;Cidade Alta;-24,248;-49,706;2025-03-25 13:20:00.0;0,00
JAGUARIAÍVA;411200902A;PR;Cidade Alta;-24,248;-49,706;2025-03-25 14:20:00.0;0,00
JAGUARIAÍVA;411200902A;PR;Cidade Alta;-24,248;-49,706;2025-03-25 15:30:00.0;0,00
JAGUARIAÍVA;411200902A;PR;Cidade Alta;-24,248;-49,706;2025-03-25 16:20:00.0;0,00
JAGUARIAÍVA;411200902A;PR;Cidade Alta;-24,248;-49,706;2025-03-25 17:20:00.0;0,00
JAGUARIAÍVA;411200902A;PR;Cidade Alta;-24,248;-49,706;2025-03-25 18:20:00.0;0,00
JAGUARIAÍVA;411200902A;PR;Cidade Alta;-24,248;-49,706;2025-03-25 19:10:00.0;0,39
JAGUARIAÍVA;411200902A;PR;Cidade Alta;-24,248;-49,706;2025-03-25 19:20:00.0;1,37
JAGUARIAÍVA;411200902A;PR;Cidade Alta;-24,248;-49,706;2025-03-25 19:30:00.0;0,39
JAGUARIAÍVA;411200902A;PR;Cidade Alta;-24,248;-49,706;2025-03-25 20:10:00.0;0,20
JAGUARIAÍVA;411200902A;PR;Cidade Alta;-24,248;-49,706;2025-03-25 20:20:00.0;0,00
JAGUARIAÍVA;411200902A;PR;Cidade Alta;-24,248;-49,706;2025-03-25 21:20:00.0;0,00
JAGUARIAÍVA;411200902A;PR;Cidade Alta;-24,248;-49,706;2025-03-25 22:20:00.0;0,00
JAGUARIAÍVA;411200902A;PR;Cidade Alta;-24,248;-49,706;2025-03-25 23:20:00.0;0,00
JAGUARIAÍVA;411200902A;PR;Cidade Alta;-24,248;-49,706;2025-03-26 00:20:00.0;0,00
JAGUARIAÍVA;411200902A;PR;Cidade Alta;-24,248;-49,706;2025-03-26 01:20:00.0;0,00
JAGUARIAÍVA;411200902A;PR;Cidade Alta;-24,248;-49,706;2025-03-26 02:20:00.0;0,00
JAGUARIAÍVA;411200902A;PR;Cidade Alta;-24,248;-49,706;2025-03-26 03:20:00.0;0,00
JAGUARIAÍVA;411200902A;PR;Cidade Alta;-24,248;-49,706;2025-03-26 03:50:00.0;0,59
JAGUARIAÍVA;411200902A;PR;Cidade Alta;-24,248;-49,706;2025-03-26 04:00:00.0;0,79
JAGUARIAÍVA;411200902A;PR;Cidade Alta;-24,248;-49,706;2025-03-26 04:10:00.0;0,39
JAGUARIAÍVA;411200902A;PR;Cidade Alta;-24,248;-49,706;2025-03-26 04:20:00.0;0,59
JAGUARIAÍVA;411200902A;PR;Cidade Alta;-24,248;-49,706;2025-03-26 04:30:00.0;0,79
JAGUARIAÍVA;411200902A;PR;Cidade Alta;-24,248;-49,706;2025-03-26 04:40:00.0;0,79
JAGUARIAÍVA;411200902A;PR;Cidade Alta;-24,248;-49,706;2025-03-26 04:50:00.0;0,59
JAGUARIAÍVA;411200902A;PR;Cidade Alta;-24,248;-49,706;2025-03-26 05:00:00.0;0,59
JAGUARIAÍVA;411200902A;PR;Cidade Alta;-24,248;-49,706;2025-03-26 05:10:00.0;0,59
JAGUARIAÍVA;411200902A;PR;Cidade Alta;-24,248;-49,706;2025-03-26 05:20:00.0;0,20
JAGUARIAÍVA;411200902A;PR;Cidade Alta;-24,248;-49,706;2025-03-26 05:30:00.0;0,20
JAGUARIAÍVA;411200902A;PR;Cidade Alta;-24,248;-49,706;2025-03-26 05:50:00.0;0,39
JAGUARIAÍVA;411200902A;PR;Cidade Alta;-24,248;-49,706;2025-03-26 06:00:00.0;0,20
JAGUARIAÍVA;411200902A;PR;Cidade Alta;-24,248;-49,706;2025-03-26 06:20:00.0;0,20
JAGUARIAÍVA;411200902A;PR;Cidade Alta;-24,248;-49,706;2025-03-26 06:30:00.0;0,39
JAGUARIAÍVA;411200902A;PR;Cidade Alta;-24,248;-49,706;2025-03-26 06:50:00.0;0,20
JAGUARIAÍVA;411200902A;PR;Cidade Alta;-24,248;-49,706;2025-03-26 07:20:00.0;0,00
JAGUARIAÍVA;411200902A;PR;Cidade Alta;-24,248;-49,706;2025-03-26 08:20:00.0;0,00
JAGUARIAÍVA;411200902A;PR;Cidade Alta;-24,248;-49,706;2025-03-26 09:20:00.0;0,00
JAGUARIAÍVA;411200902A;PR;Cidade Alta;-24,248;-49,706;2025-03-26 09:40:00.0;0,20
JAGUARIAÍVA;411200902A;PR;Cidade Alta;-24,248;-49,706;2025-03-26 10:20:00.0;0,00
JAGUARIAÍVA;411200902A;PR;Cidade Alta;-24,248;-49,706;2025-03-26 11:20:00.0;0,00
JAGUARIAÍVA;411200902A;PR;Cidade Alta;-24,248;-49,706;2025-03-26 12:20:00.0;0,00
JAGUARIAÍVA;411200902A;PR;Cidade Alta;-24,248;-49,706;2025-03-26 13:20:00.0;0,00
JAGUARIAÍVA;411200902A;PR;Cidade Alta;-24,248;-49,706;2025-03-26 14:20:00.0;0,00
JAGUARIAÍVA;411200902A;PR;Cidade Alta;-24,248;-49,706;2025-03-26 15:20:00.0;0,00
JAGUARIAÍVA;411200902A;PR;Cidade Alta;-24,248;-49,706;2025-03-26 16:20:00.0;0,00
JAGUARIAÍVA;411200902A;PR;Cidade Alta;-24,248;-49,706;2025-03-26 17:20:00.0;0,00
JAGUARIAÍVA;411200902A;PR;Cidade Alta;-24,248;-49,706;2025-03-26 18:20:00.0;0,00
JAGUARIAÍVA;411200902A;PR;Cidade Alta;-24,248;-49,706;2025-03-26 19:20:00.0;0,00
JAGUARIAÍVA;411200902A;PR;Cidade Alta;-24,248;-49,706;2025-03-26 20:20:00.0;0,00
JAGUARIAÍVA;411200902A;PR;Cidade Alta;-24,248;-49,706;2025-03-26 21:20:00.0;0,00
JAGUARIAÍVA;411200902A;PR;Cidade Alta;-24,248;-49,706;2025-03-26 22:20:00.0;0,00
JAGUARIAÍVA;411200902A;PR;Cidade Alta;-24,248;-49,706;2025-03-26 23:20:00.0;0,00
JAGUARIAÍVA;411200902A;PR;Cidade Alta;-24,248;-49,706;2025-03-27 00:20:00.0;0,00
JAGUARIAÍVA;411200902A;PR;Cidade Alta;-24,248;-49,706;2025-03-27 01:20:00.0;0,00
JAGUARIAÍVA;411200902A;PR;Cidade Alta;-24,248;-49,706;2025-03-27 02:20:00.0;0,00
JAGUARIAÍVA;411200902A;PR;Cidade Alta;-24,248;-49,706;2025-03-27 03:20:00.0;0,00
JAGUARIAÍVA;411200902A;PR;Cidade Alta;-24,248;-49,706;2025-03-27 04:20:00.0;0,00
JAGUARIAÍVA;411200902A;PR;Cidade Alta;-24,248;-49,706;2025-03-27 05:20:00.0;0,00
JAGUARIAÍVA;411200902A;PR;Cidade Alta;-24,248;-49,706;2025-03-27 06:20:00.0;0,00
JAGUARIAÍVA;411200902A;PR;Cidade Alta;-24,248;-49,706;2025-03-27 07:20:00.0;0,00
JAGUARIAÍVA;411200902A;PR;Cidade Alta;-24,248;-49,706;2025-03-27 08:20:00.0;0,00
JAGUARIAÍVA;411200902A;PR;Cidade Alta;-24,248;-49,706;2025-03-27 09:20:00.0;0,00
JAGUARIAÍVA;411200902A;PR;Cidade Alta;-24,248;-49,706;2025-03-27 10:20:00.0;0,00
JAGUARIAÍVA;411200902A;PR;Cidade Alta;-24,248;-49,706;2025-03-27 11:20:00.0;0,00
JAGUARIAÍVA;411200902A;PR;Cidade Alta;-24,248;-49,706;2025-03-27 12:20:00.0;0,00
JAGUARIAÍVA;411200902A;PR;Cidade Alta;-24,248;-49,706;2025-03-27 13:20:00.0;0,00
JAGUARIAÍVA;411200902A;PR;Cidade Alta;-24,248;-49,706;2025-03-27 14:20:00.0;0,00
JAGUARIAÍVA;411200902A;PR;Cidade Alta;-24,248;-49,706;2025-03-27 15:20:00.0;0,00
JAGUARIAÍVA;411200902A;PR;Cidade Alta;-24,248;-49,706;2025-03-27 16:20:00.0;0,00
JAGUARIAÍVA;411200902A;PR;Cidade Alta;-24,248;-49,706;2025-03-27 17:20:00.0;0,00
JAGUARIAÍVA;411200902A;PR;Cidade Alta;-24,248;-49,706;2025-03-27 18:20:00.0;0,00
JAGUARIAÍVA;411200902A;PR;Cidade Alta;-24,248;-49,706;2025-03-27 19:20:00.0;0,00
JAGUARIAÍVA;411200902A;PR;Cidade Alta;-24,248;-49,706;2025-03-27 20:20:00.0;0,00
JAGUARIAÍVA;411200902A;PR;Cidade Alta;-24,248;-49,706;2025-03-27 21:20:00.0;0,00
JAGUARIAÍVA;411200902A;PR;Cidade Alta;-24,248;-49,706;2025-03-27 22:20:00.0;0,00
JAGUARIAÍVA;411200902A;PR;Cidade Alta;-24,248;-49,706;2025-03-27 23:20:00.0;0,00
JAGUARIAÍVA;411200902A;PR;Cidade Alta;-24,248;-49,706;2025-03-28 00:20:00.0;0,00
JAGUARIAÍVA;411200902A;PR;Cidade Alta;-24,248;-49,706;2025-03-28 01:20:00.0;0,00
JAGUARIAÍVA;411200902A;PR;Cidade Alta;-24,248;-49,706;2025-03-28 02:20:00.0;0,00
JAGUARIAÍVA;411200902A;PR;Cidade Alta;-24,248;-49,706;2025-03-28 03:20:00.0;0,00
JAGUARIAÍVA;411200902A;PR;Cidade Alta;-24,248;-49,706;2025-03-28 04:20:00.0;0,00
JAGUARIAÍVA;411200902A;PR;Cidade Alta;-24,248;-49,706;2025-03-28 05:20:00.0;0,00
JAGUARIAÍVA;411200902A;PR;Cidade Alta;-24,248;-49,706;2025-03-28 06:20:00.0;0,00
JAGUARIAÍVA;411200902A;PR;Cidade Alta;-24,248;-49,706;2025-03-28 07:20:00.0;0,00
JAGUARIAÍVA;411200902A;PR;Cidade Alta;-24,248;-49,706;2025-03-28 08:20:00.0;0,00
JAGUARIAÍVA;411200902A;PR;Cidade Alta;-24,248;-49,706;2025-03-28 09:20:00.0;0,00
JAGUARIAÍVA;411200902A;PR;Cidade Alta;-24,248;-49,706;2025-03-28 10:20:00.0;0,00
JAGUARIAÍVA;411200902A;PR;Cidade Alta;-24,248;-49,706;2025-03-28 11:20:00.0;0,00
JAGUARIAÍVA;411200902A;PR;Cidade Alta;-24,248;-49,706;2025-03-28 12:20:00.0;0,00
JAGUARIAÍVA;411200902A;PR;Cidade Alta;-24,248;-49,706;2025-03-28 13:20:00.0;0,00
JAGUARIAÍVA;411200902A;PR;Cidade Alta;-24,248;-49,706;2025-03-28 14:20:00.0;0,00
JAGUARIAÍVA;411200902A;PR;Cidade Alta;-24,248;-49,706;2025-03-28 15:20:00.0;0,00
JAGUARIAÍVA;411200902A;PR;Cidade Alta;-24,248;-49,706;2025-03-28 16:20:00.0;0,00
JAGUARIAÍVA;411200902A;PR;Cidade Alta;-24,248;-49,706;2025-03-28 17:20:00.0;0,00
JAGUARIAÍVA;411200902A;PR;Cidade Alta;-24,248;-49,706;2025-03-28 18:20:00.0;0,00
JAGUARIAÍVA;411200902A;PR;Cidade Alta;-24,248;-49,706;2025-03-28 19:20:00.0;0,00
JAGUARIAÍVA;411200902A;PR;Cidade Alta;-24,248;-49,706;2025-03-28 20:20:00.0;0,00
JAGUARIAÍVA;411200902A;PR;Cidade Alta;-24,248;-49,706;2025-03-28 21:20:00.0;0,00
JAGUARIAÍVA;411200902A;PR;Cidade Alta;-24,248;-49,706;2025-03-28 22:20:00.0;0,00
JAGUARIAÍVA;411200902A;PR;Cidade Alta;-24,248;-49,706;2025-03-28 23:20:00.0;0,00
JAGUARIAÍVA;411200902A;PR;Cidade Alta;-24,248;-49,706;2025-03-29 00:20:00.0;0,00
JAGUARIAÍVA;411200902A;PR;Cidade Alta;-24,248;-49,706;2025-03-29 01:20:00.0;0,00
JAGUARIAÍVA;411200902A;PR;Cidade Alta;-24,248;-49,706;2025-03-29 02:20:00.0;0,00
JAGUARIAÍVA;411200902A;PR;Cidade Alta;-24,248;-49,706;2025-03-29 03:20:00.0;0,00
JAGUARIAÍVA;411200902A;PR;Cidade Alta;-24,248;-49,706;2025-03-29 04:20:00.0;0,00
JAGUARIAÍVA;411200902A;PR;Cidade Alta;-24,248;-49,706;2025-03-29 05:20:00.0;0,00
JAGUARIAÍVA;411200902A;PR;Cidade Alta;-24,248;-49,706;2025-03-29 06:20:00.0;0,00
JAGUARIAÍVA;411200902A;PR;Cidade Alta;-24,248;-49,706;2025-03-29 07:20:00.0;0,00
JAGUARIAÍVA;411200902A;PR;Cidade Alta;-24,248;-49,706;2025-03-29 08:20:00.0;0,00
JAGUARIAÍVA;411200902A;PR;Cidade Alta;-24,248;-49,706;2025-03-29 09:20:00.0;0,00
JAGUARIAÍVA;411200902A;PR;Cidade Alta;-24,248;-49,706;2025-03-29 10:20:00.0;0,00
JAGUARIAÍVA;411200902A;PR;Cidade Alta;-24,248;-49,706;2025-03-29 11:20:00.0;0,00
JAGUARIAÍVA;411200902A;PR;Cidade Alta;-24,248;-49,706;2025-03-29 12:20:00.0;0,00
JAGUARIAÍVA;411200902A;PR;Cidade Alta;-24,248;-49,706;2025-03-29 13:20:00.0;0,00
JAGUARIAÍVA;411200902A;PR;Cidade Alta;-24,248;-49,706;2025-03-29 14:20:00.0;0,00
JAGUARIAÍVA;411200902A;PR;Cidade Alta;-24,248;-49,706;2025-03-29 15:20:00.0;0,00
JAGUARIAÍVA;411200902A;PR;Cidade Alta;-24,248;-49,706;2025-03-29 16:20:00.0;0,00
JAGUARIAÍVA;411200902A;PR;Cidade Alta;-24,248;-49,706;2025-03-29 17:20:00.0;0,00
JAGUARIAÍVA;411200902A;PR;Cidade Alta;-24,248;-49,706;2025-03-29 18:20:00.0;0,00
JAGUARIAÍVA;411200902A;PR;Cidade Alta;-24,248;-49,706;2025-03-29 19:20:00.0;0,00
JAGUARIAÍVA;411200902A;PR;Cidade Alta;-24,248;-49,706;2025-03-29 20:20:00.0;0,00
JAGUARIAÍVA;411200902A;PR;Cidade Alta;-24,248;-49,706;2025-03-29 21:20:00.0;0,00
JAGUARIAÍVA;411200902A;PR;Cidade Alta;-24,248;-49,706;2025-03-29 22:20:00.0;0,00
JAGUARIAÍVA;411200902A;PR;Cidade Alta;-24,248;-49,706;2025-03-29 23:20:00.0;0,00
JAGUARIAÍVA;411200902A;PR;Cidade Alta;-24,248;-49,706;2025-03-30 00:20:00.0;0,00
JAGUARIAÍVA;411200902A;PR;Cidade Alta;-24,248;-49,706;2025-03-30 01:20:00.0;0,00
JAGUARIAÍVA;411200902A;PR;Cidade Alta;-24,248;-49,706;2025-03-30 02:20:00.0;0,00
JAGUARIAÍVA;411200902A;PR;Cidade Alta;-24,248;-49,706;2025-03-30 03:20:00.0;0,00
JAGUARIAÍVA;411200902A;PR;Cidade Alta;-24,248;-49,706;2025-03-30 04:20:00.0;0,00
JAGUARIAÍVA;411200902A;PR;Cidade Alta;-24,248;-49,706;2025-03-30 05:20:00.0;0,00
JAGUARIAÍVA;411200902A;PR;Cidade Alta;-24,248;-49,706;2025-03-30 06:20:00.0;0,00
JAGUARIAÍVA;411200902A;PR;Cidade Alta;-24,248;-49,706;2025-03-30 07:20:00.0;0,00
JAGUARIAÍVA;411200902A;PR;Cidade Alta;-24,248;-49,706;2025-03-30 08:20:00.0;0,00
JAGUARIAÍVA;411200902A;PR;Cidade Alta;-24,248;-49,706;2025-03-30 09:20:00.0;0,00
JAGUARIAÍVA;411200902A;PR;Cidade Alta;-24,248;-49,706;2025-03-30 10:20:00.0;0,00
JAGUARIAÍVA;411200902A;PR;Cidade Alta;-24,248;-49,706;2025-03-30 11:20:00.0;0,00
JAGUARIAÍVA;411200902A;PR;Cidade Alta;-24,248;-49,706;2025-03-30 12:20:00.0;0,00
JAGUARIAÍVA;411200902A;PR;Cidade Alta;-24,248;-49,706;2025-03-30 13:20:00.0;0,00
JAGUARIAÍVA;411200902A;PR;Cidade Alta;-24,248;-49,706;2025-03-30 14:20:00.0;0,00
JAGUARIAÍVA;411200902A;PR;Cidade Alta;-24,248;-49,706;2025-03-30 15:20:00.0;0,00
JAGUARIAÍVA;411200902A;PR;Cidade Alta;-24,248;-49,706;2025-03-30 16:20:00.0;0,00
JAGUARIAÍVA;411200902A;PR;Cidade Alta;-24,248;-49,706;2025-03-30 17:20:00.0;0,00
JAGUARIAÍVA;411200902A;PR;Cidade Alta;-24,248;-49,706;2025-03-30 18:20:00.0;0,00
JAGUARIAÍVA;411200902A;PR;Cidade Alta;-24,248;-49,706;2025-03-30 19:20:00.0;0,00
JAGUARIAÍVA;411200902A;PR;Cidade Alta;-24,248;-49,706;2025-03-30 20:20:00.0;0,00
JAGUARIAÍVA;411200902A;PR;Cidade Alta;-24,248;-49,706;2025-03-30 21:20:00.0;0,00
JAGUARIAÍVA;411200902A;PR;Cidade Alta;-24,248;-49,706;2025-03-30 22:20:00.0;0,00
JAGUARIAÍVA;411200902A;PR;Cidade Alta;-24,248;-49,706;2025-03-30 23:20:00.0;0,00
JAGUARIAÍVA;411200902A;PR;Cidade Alta;-24,248;-49,706;2025-03-31 00:20:00.0;0,00
JAGUARIAÍVA;411200902A;PR;Cidade Alta;-24,248;-49,706;2025-03-31 01:20:00.0;0,00
JAGUARIAÍVA;411200902A;PR;Cidade Alta;-24,248;-49,706;2025-03-31 02:20:00.0;0,00
JAGUARIAÍVA;411200902A;PR;Cidade Alta;-24,248;-49,706;2025-03-31 03:20:00.0;0,00
JAGUARIAÍVA;411200902A;PR;Cidade Alta;-24,248;-49,706;2025-03-31 04:20:00.0;0,00
JAGUARIAÍVA;411200902A;PR;Cidade Alta;-24,248;-49,706;2025-03-31 05:20:00.0;0,00
JAGUARIAÍVA;411200902A;PR;Cidade Alta;-24,248;-49,706;2025-03-31 06:20:00.0;0,00
JAGUARIAÍVA;411200902A;PR;Cidade Alta;-24,248;-49,706;2025-03-31 07:20:00.0;0,00
JAGUARIAÍVA;411200902A;PR;Cidade Alta;-24,248;-49,706;2025-03-31 08:20:00.0;0,00
JAGUARIAÍVA;411200902A;PR;Cidade Alta;-24,248;-49,706;2025-03-31 09:20:00.0;0,00
JAGUARIAÍVA;411200902A;PR;Cidade Alta;-24,248;-49,706;2025-03-31 10:20:00.0;0,00
JAGUARIAÍVA;411200902A;PR;Cidade Alta;-24,248;-49,706;2025-03-31 11:20:00.0;0,00
JAGUARIAÍVA;411200902A;PR;Cidade Alta;-24,248;-49,706;2025-03-31 12:20:00.0;0,00
JAGUARIAÍVA;411200902A;PR;Cidade Alta;-24,248;-49,706;2025-03-31 13:30:00.0;0,00
JAGUARIAÍVA;411200902A;PR;Cidade Alta;-24,248;-49,706;2025-03-31 14:20:00.0;0,00
JAGUARIAÍVA;411200902A;PR;Cidade Alta;-24,248;-49,706;2025-03-31 15:20:00.0;0,00
JAGUARIAÍVA;411200902A;PR;Cidade Alta;-24,248;-49,706;2025-03-31 16:20:00.0;0,00
JAGUARIAÍVA;411200902A;PR;Cidade Alta;-24,248;-49,706;2025-03-31 17:20:00.0;0,00
JAGUARIAÍVA;411200902A;PR;Cidade Alta;-24,248;-49,706;2025-03-31 18:20:00.0;0,00
JAGUARIAÍVA;411200902A;PR;Cidade Alta;-24,248;-49,706;2025-03-31 19:20:00.0;0,00
JAGUARIAÍVA;411200902A;PR;Cidade Alta;-24,248;-49,706;2025-03-31 20:20:00.0;0,00
JAGUARIAÍVA;411200902A;PR;Cidade Alta;-24,248;-49,706;2025-03-31 21:20:00.0;0,00
JAGUARIAÍVA;411200902A;PR;Cidade Alta;-24,248;-49,706;2025-03-31 22:20:00.0;0,00
JAGUARIAÍVA;411200902A;PR;Cidade Alta;-24,248;-49,706;2025-03-31 23:20:00.0;0,00
LINDOESTE;411345201A;PR;Paço Municipal;-25,2686;-53,5725;2025-03-01 19:40:00.0;0,20
LINDOESTE;411345201A;PR;Paço Municipal;-25,2686;-53,5725;2025-03-01 20:20:00.0;0,20
LINDOESTE;411345201A;PR;Paço Municipal;-25,2686;-53,5725;2025-03-04 19:50:00.0;0,00
LINDOESTE;411345201A;PR;Paço Municipal;-25,2686;-53,5725;2025-03-04 20:40:00.0;0,00
LINDOESTE;411345201A;PR;Paço Municipal;-25,2686;-53,5725;2025-03-04 21:40:00.0;0,00
LINDOESTE;411345201A;PR;Paço Municipal;-25,2686;-53,5725;2025-03-04 22:40:00.0;0,00
MORRETES;411620802A;PR;Vila dos Ferroviários;-25,478;-48,834;2025-03-03 14:20:00.0;0,00
MORRETES;411620802A;PR;Vila dos Ferroviários;-25,478;-48,834;2025-03-04 16:10:00.0;0,00
MORRETES;411620802A;PR;Vila dos Ferroviários;-25,478;-48,834;2025-03-04 19:20:00.0;0,00
MORRETES;411620802A;PR;Vila dos Ferroviários;-25,478;-48,834;2025-03-05 17:00:00.0;0,00
MORRETES;411620802A;PR;Vila dos Ferroviários;-25,478;-48,834;2025-03-05 17:30:00.0;0,00
MORRETES;411620802A;PR;Vila dos Ferroviários;-25,478;-48,834;2025-03-05 18:10:00.0;0,00
MORRETES;411620802A;PR;Vila dos Ferroviários;-25,478;-48,834;2025-03-05 19:10:00.0;0,00
MORRETES;411620802A;PR;Vila dos Ferroviários;-25,478;-48,834;2025-03-06 14:10:00.0;0,00
MORRETES;411620802A;PR;Vila dos Ferroviários;-25,478;-48,834;2025-03-06 15:10:00.0;0,00
MORRETES;411620802A;PR;Vila dos Ferroviários;-25,478;-48,834;2025-03-06 16:30:00.0;0,00
MORRETES;411620802A;PR;Vila dos Ferroviários;-25,478;-48,834;2025-03-06 18:10:00.0;0,00
MORRETES;411620802A;PR;Vila dos Ferroviários;-25,478;-48,834;2025-03-07 15:10:00.0;0,20
MORRETES;411620802A;PR;Vila dos Ferroviários;-25,478;-48,834;2025-03-07 15:20:00.0;0,00
MORRETES;411620802A;PR;Vila dos Ferroviários;-25,478;-48,834;2025-03-07 17:50:00.0;0,00
MORRETES;411620802A;PR;Vila dos Ferroviários;-25,478;-48,834;2025-03-07 18:40:00.0;0,00
MORRETES;411620802A;PR;Vila dos Ferroviários;-25,478;-48,834;2025-03-08 15:20:00.0;0,00
MORRETES;411620802A;PR;Vila dos Ferroviários;-25,478;-48,834;2025-03-08 17:10:00.0;0,00
MORRETES;411620802A;PR;Vila dos Ferroviários;-25,478;-48,834;2025-03-08 19:50:00.0;0,00
MORRETES;411620802A;PR;Vila dos Ferroviários;-25,478;-48,834;2025-03-10 17:20:00.0;0,20
MORRETES;411620802A;PR;Vila dos Ferroviários;-25,478;-48,834;2025-03-11 16:10:00.0;0,00
MORRETES;411620802A;PR;Vila dos Ferroviários;-25,478;-48,834;2025-03-13 11:30:00.0;0,00
MORRETES;411620802A;PR;Vila dos Ferroviários;-25,478;-48,834;2025-03-13 13:40:00.0;0,00
MORRETES;411620802A;PR;Vila dos Ferroviários;-25,478;-48,834;2025-03-13 14:10:00.0;0,00
MORRETES;411620802A;PR;Vila dos Ferroviários;-25,478;-48,834;2025-03-14 11:50:00.0;0,00
MORRETES;411620802A;PR;Vila dos Ferroviários;-25,478;-48,834;2025-03-15 11:40:00.0;0,00
MORRETES;411620802A;PR;Vila dos Ferroviários;-25,478;-48,834;2025-03-15 12:10:00.0;0,00
MORRETES;411620802A;PR;Vila dos Ferroviários;-25,478;-48,834;2025-03-15 13:10:00.0;0,00
MORRETES;411620802A;PR;Vila dos Ferroviários;-25,478;-48,834;2025-03-15 14:10:00.0;0,00
MORRETES;411620802A;PR;Vila dos Ferroviários;-25,478;-48,834;2025-03-15 15:10:00.0;0,00
MORRETES;411620802A;PR;Vila dos Ferroviários;-25,478;-48,834;2025-03-15 16:10:00.0;0,00
MORRETES;411620802A;PR;Vila dos Ferroviários;-25,478;-48,834;2025-03-15 17:10:00.0;0,00
MORRETES;411620802A;PR;Vila dos Ferroviários;-25,478;-48,834;2025-03-15 18:10:00.0;0,00
MORRETES;411620802A;PR;Vila dos Ferroviários;-25,478;-48,834;2025-03-15 19:10:00.0;0,00
MORRETES;411620802A;PR;Vila dos Ferroviários;-25,478;-48,834;2025-03-16 12:10:00.0;0,00
MORRETES;411620802A;PR;Vila dos Ferroviários;-25,478;-48,834;2025-03-16 13:10:00.0;0,00
MORRETES;411620802A;PR;Vila dos Ferroviários;-25,478;-48,834;2025-03-16 15:00:00.0;0,00
MORRETES;411620802A;PR;Vila dos Ferroviários;-25,478;-48,834;2025-03-16 15:10:00.0;0,00
MORRETES;411620802A;PR;Vila dos Ferroviários;-25,478;-48,834;2025-03-16 16:50:00.0;0,00
MORRETES;411620802A;PR;Vila dos Ferroviários;-25,478;-48,834;2025-03-16 17:10:00.0;0,00
MORRETES;411620802A;PR;Vila dos Ferroviários;-25,478;-48,834;2025-03-17 14:10:00.0;0,00
MORRETES;411620802A;PR;Vila dos Ferroviários;-25,478;-48,834;2025-03-17 15:10:00.0;0,00
MORRETES;411620802A;PR;Vila dos Ferroviários;-25,478;-48,834;2025-03-17 16:10:00.0;0,00
MORRETES;411620802A;PR;Vila dos Ferroviários;-25,478;-48,834;2025-03-17 17:10:00.0;0,00
MORRETES;411620802A;PR;Vila dos Ferroviários;-25,478;-48,834;2025-03-17 18:10:00.0;0,00
MORRETES;411620802A;PR;Vila dos Ferroviários;-25,478;-48,834;2025-03-17 19:10:00.0;0,00
MORRETES;411620802A;PR;Vila dos Ferroviários;-25,478;-48,834;2025-03-18 14:10:00.0;0,00
MORRETES;411620802A;PR;Vila dos Ferroviários;-25,478;-48,834;2025-03-18 15:10:00.0;0,00
MORRETES;411620802A;PR;Vila dos Ferroviários;-25,478;-48,834;2025-03-18 16:10:00.0;0,00
MORRETES;411620802A;PR;Vila dos Ferroviários;-25,478;-48,834;2025-03-18 17:10:00.0;0,00
MORRETES;411620802A;PR;Vila dos Ferroviários;-25,478;-48,834;2025-03-18 18:10:00.0;0,00
MORRETES;411620802A;PR;Vila dos Ferroviários;-25,478;-48,834;2025-03-19 16:20:00.0;0,00
MORRETES;411620802A;PR;Vila dos Ferroviários;-25,478;-48,834;2025-03-19 17:10:00.0;0,00
MORRETES;411620802A;PR;Vila dos Ferroviários;-25,478;-48,834;2025-03-20 16:30:00.0;0,00
MORRETES;411620802A;PR;Vila dos Ferroviários;-25,478;-48,834;2025-03-20 19:10:00.0;0,00
MORRETES;411620802A;PR;Vila dos Ferroviários;-25,478;-48,834;2025-03-20 20:10:00.0;0,00
MORRETES;411620802A;PR;Vila dos Ferroviários;-25,478;-48,834;2025-03-21 16:10:00.0;0,00
MORRETES;411620802A;PR;Vila dos Ferroviários;-25,478;-48,834;2025-03-21 20:10:00.0;0,00
MORRETES;411620802A;PR;Vila dos Ferroviários;-25,478;-48,834;2025-03-22 11:50:00.0;0,00
MORRETES;411620802A;PR;Vila dos Ferroviários;-25,478;-48,834;2025-03-22 12:10:00.0;0,00
MORRETES;411620802A;PR;Vila dos Ferroviários;-25,478;-48,834;2025-03-22 17:10:00.0;0,00
MORRETES;411620802A;PR;Vila dos Ferroviários;-25,478;-48,834;2025-03-23 12:30:00.0;0,00
MORRETES;411620802A;PR;Vila dos Ferroviários;-25,478;-48,834;2025-03-23 13:10:00.0;0,00
MORRETES;411620802A;PR;Vila dos Ferroviários;-25,478;-48,834;2025-03-23 14:10:00.0;0,00
MORRETES;411620802A;PR;Vila dos Ferroviários;-25,478;-48,834;2025-03-23 15:10:00.0;0,00
MORRETES;411620802A;PR;Vila dos Ferroviários;-25,478;-48,834;2025-03-25 17:40:00.0;0,00
MORRETES;411620802A;PR;Vila dos Ferroviários;-25,478;-48,834;2025-03-25 18:20:00.0;0,00
MORRETES;411620802A;PR;Vila dos Ferroviários;-25,478;-48,834;2025-03-26 13:20:00.0;0,00
MORRETES;411620802A;PR;Vila dos Ferroviários;-25,478;-48,834;2025-03-26 18:10:00.0;0,00
MORRETES;411620802A;PR;Vila dos Ferroviários;-25,478;-48,834;2025-03-26 19:10:00.0;0,20
MORRETES;411620802A;PR;Vila dos Ferroviários;-25,478;-48,834;2025-03-27 15:20:00.0;0,00
MORRETES;411620802A;PR;Vila dos Ferroviários;-25,478;-48,834;2025-03-27 16:10:00.0;0,00
MORRETES;411620802A;PR;Vila dos Ferroviários;-25,478;-48,834;2025-03-27 17:10:00.0;0,00
MORRETES;411620802A;PR;Vila dos Ferroviários;-25,478;-48,834;2025-03-27 18:20:00.0;0,00
MORRETES;411620802A;PR;Vila dos Ferroviários;-25,478;-48,834;2025-03-29 13:40:00.0;0,00
MORRETES;411620802A;PR;Vila dos Ferroviários;-25,478;-48,834;2025-03-30 12:10:00.0;0,00
MORRETES;411620802A;PR;Vila dos Ferroviários;-25,478;-48,834;2025-03-30 16:10:00.0;0,00
MORRETES;411620802A;PR;Vila dos Ferroviários;-25,478;-48,834;2025-03-30 18:20:00.0;0,00
MORRETES;411620802A;PR;Vila dos Ferroviários;-25,478;-48,834;2025-03-31 20:30:00.0;0,00
MORRETES;411620803A;PR;América de Baixo;-25,49;-48,855;2025-03-01 12:20:00.0;0,00
MORRETES;411620803A;PR;América de Baixo;-25,49;-48,855;2025-03-01 13:40:00.0;0,00
MORRETES;411620803A;PR;América de Baixo;-25,49;-48,855;2025-03-01 14:20:00.0;0,00
MORRETES;411620803A;PR;América de Baixo;-25,49;-48,855;2025-03-01 15:20:00.0;0,00
MORRETES;411620803A;PR;América de Baixo;-25,49;-48,855;2025-03-01 16:20:00.0;0,00
MORRETES;411620803A;PR;América de Baixo;-25,49;-48,855;2025-03-01 17:20:00.0;0,00
MORRETES;411620803A;PR;América de Baixo;-25,49;-48,855;2025-03-01 18:20:00.0;0,00
MORRETES;411620803A;PR;América de Baixo;-25,49;-48,855;2025-03-01 19:20:00.0;0,00
MORRETES;411620803A;PR;América de Baixo;-25,49;-48,855;2025-03-01 20:20:00.0;0,00
MORRETES;411620803A;PR;América de Baixo;-25,49;-48,855;2025-03-01 21:20:00.0;0,00
MORRETES;411620803A;PR;América de Baixo;-25,49;-48,855;2025-03-02 12:20:00.0;0,00
MORRETES;411620803A;PR;América de Baixo;-25,49;-48,855;2025-03-02 13:20:00.0;0,00
MORRETES;411620803A;PR;América de Baixo;-25,49;-48,855;2025-03-02 14:20:00.0;0,00
MORRETES;411620803A;PR;América de Baixo;-25,49;-48,855;2025-03-02 15:20:00.0;0,00
MORRETES;411620803A;PR;América de Baixo;-25,49;-48,855;2025-03-02 16:20:00.0;0,00
MORRETES;411620803A;PR;América de Baixo;-25,49;-48,855;2025-03-02 17:20:00.0;0,00
MORRETES;411620803A;PR;América de Baixo;-25,49;-48,855;2025-03-02 18:20:00.0;0,00
MORRETES;411620803A;PR;América de Baixo;-25,49;-48,855;2025-03-02 19:20:00.0;0,00
MORRETES;411620803A;PR;América de Baixo;-25,49;-48,855;2025-03-02 20:20:00.0;0,00
MORRETES;411620803A;PR;América de Baixo;-25,49;-48,855;2025-03-03 12:30:00.0;0,00
MORRETES;411620803A;PR;América de Baixo;-25,49;-48,855;2025-03-03 13:20:00.0;0,00
MORRETES;411620803A;PR;América de Baixo;-25,49;-48,855;2025-03-03 14:20:00.0;0,00
MORRETES;411620803A;PR;América de Baixo;-25,49;-48,855;2025-03-03 15:20:00.0;0,00
MORRETES;411620803A;PR;América de Baixo;-25,49;-48,855;2025-03-03 16:20:00.0;0,00
MORRETES;411620803A;PR;América de Baixo;-25,49;-48,855;2025-03-03 17:20:00.0;0,00
MORRETES;411620803A;PR;América de Baixo;-25,49;-48,855;2025-03-03 18:20:00.0;0,00
MORRETES;411620803A;PR;América de Baixo;-25,49;-48,855;2025-03-03 19:20:00.0;0,00
MORRETES;411620803A;PR;América de Baixo;-25,49;-48,855;2025-03-03 20:20:00.0;0,00
MORRETES;411620803A;PR;América de Baixo;-25,49;-48,855;2025-03-04 12:30:00.0;0,00
MORRETES;411620803A;PR;América de Baixo;-25,49;-48,855;2025-03-04 13:20:00.0;0,00
MORRETES;411620803A;PR;América de Baixo;-25,49;-48,855;2025-03-04 14:20:00.0;0,00
MORRETES;411620803A;PR;América de Baixo;-25,49;-48,855;2025-03-04 15:20:00.0;0,00
MORRETES;411620803A;PR;América de Baixo;-25,49;-48,855;2025-03-04 16:20:00.0;0,00
MORRETES;411620803A;PR;América de Baixo;-25,49;-48,855;2025-03-04 17:20:00.0;0,00
MORRETES;411620803A;PR;América de Baixo;-25,49;-48,855;2025-03-04 18:20:00.0;0,00
MORRETES;411620803A;PR;América de Baixo;-25,49;-48,855;2025-03-04 19:20:00.0;0,00
MORRETES;411620803A;PR;América de Baixo;-25,49;-48,855;2025-03-04 20:20:00.0;0,00
MORRETES;411620803A;PR;América de Baixo;-25,49;-48,855;2025-03-05 12:40:00.0;0,00
MORRETES;411620803A;PR;América de Baixo;-25,49;-48,855;2025-03-05 13:20:00.0;0,00
MORRETES;411620803A;PR;América de Baixo;-25,49;-48,855;2025-03-05 14:20:00.0;0,00
MORRETES;411620803A;PR;América de Baixo;-25,49;-48,855;2025-03-05 15:20:00.0;0,00
MORRETES;411620803A;PR;América de Baixo;-25,49;-48,855;2025-03-05 16:20:00.0;0,00
MORRETES;411620803A;PR;América de Baixo;-25,49;-48,855;2025-03-05 17:20:00.0;0,00
MORRETES;411620803A;PR;América de Baixo;-25,49;-48,855;2025-03-05 18:20:00.0;0,00
MORRETES;411620803A;PR;América de Baixo;-25,49;-48,855;2025-03-07 15:20:00.0;0,00
MORRETES;411620803A;PR;América de Baixo;-25,49;-48,855;2025-03-07 16:20:00.0;0,00
MORRETES;411620803A;PR;América de Baixo;-25,49;-48,855;2025-03-07 17:20:00.0;0,00
MORRETES;411620803A;PR;América de Baixo;-25,49;-48,855;2025-03-07 18:20:00.0;0,00
NOVA LARANJEIRAS;411705701A;PR;Centro;-25,30928;-52,53703;2025-03-01 00:10:00.0;0,00
NOVA LARANJEIRAS;411705701A;PR;Centro;-25,30928;-52,53703;2025-03-01 00:50:00.0;0,00
NOVA LARANJEIRAS;411705701A;PR;Centro;-25,30928;-52,53703;2025-03-01 01:50:00.0;0,00
NOVA LARANJEIRAS;411705701A;PR;Centro;-25,30928;-52,53703;2025-03-01 02:50:00.0;0,00
NOVA LARANJEIRAS;411705701A;PR;Centro;-25,30928;-52,53703;2025-03-01 03:50:00.0;0,00
NOVA LARANJEIRAS;411705701A;PR;Centro;-25,30928;-52,53703;2025-03-01 04:50:00.0;0,00
NOVA LARANJEIRAS;411705701A;PR;Centro;-25,30928;-52,53703;2025-03-01 05:50:00.0;0,00
NOVA LARANJEIRAS;411705701A;PR;Centro;-25,30928;-52,53703;2025-03-01 06:50:00.0;0,00
NOVA LARANJEIRAS;411705701A;PR;Centro;-25,30928;-52,53703;2025-03-01 07:50:00.0;0,00
NOVA LARANJEIRAS;411705701A;PR;Centro;-25,30928;-52,53703;2025-03-01 08:50:00.0;0,00
NOVA LARANJEIRAS;411705701A;PR;Centro;-25,30928;-52,53703;2025-03-01 09:50:00.0;0,00
NOVA LARANJEIRAS;411705701A;PR;Centro;-25,30928;-52,53703;2025-03-01 10:50:00.0;0,00
NOVA LARANJEIRAS;411705701A;PR;Centro;-25,30928;-52,53703;2025-03-01 11:50:00.0;0,00
NOVA LARANJEIRAS;411705701A;PR;Centro;-25,30928;-52,53703;2025-03-01 12:50:00.0;0,00
NOVA LARANJEIRAS;411705701A;PR;Centro;-25,30928;-52,53703;2025-03-01 13:50:00.0;0,00
NOVA LARANJEIRAS;411705701A;PR;Centro;-25,30928;-52,53703;2025-03-01 14:50:00.0;0,00
NOVA LARANJEIRAS;411705701A;PR;Centro;-25,30928;-52,53703;2025-03-01 15:50:00.0;0,00
NOVA LARANJEIRAS;411705701A;PR;Centro;-25,30928;-52,53703;2025-03-01 16:50:00.0;0,00
NOVA LARANJEIRAS;411705701A;PR;Centro;-25,30928;-52,53703;2025-03-01 17:50:00.0;0,00
NOVA LARANJEIRAS;411705701A;PR;Centro;-25,30928;-52,53703;2025-03-01 18:50:00.0;0,00
NOVA LARANJEIRAS;411705701A;PR;Centro;-25,30928;-52,53703;2025-03-01 19:50:00.0;0,00
NOVA LARANJEIRAS;411705701A;PR;Centro;-25,30928;-52,53703;2025-03-01 20:50:00.0;0,00
NOVA LARANJEIRAS;411705701A;PR;Centro;-25,30928;-52,53703;2025-03-01 21:50:00.0;0,00
NOVA LARANJEIRAS;411705701A;PR;Centro;-25,30928;-52,53703;2025-03-01 22:50:00.0;0,00
NOVA LARANJEIRAS;411705701A;PR;Centro;-25,30928;-52,53703;2025-03-01 23:50:00.0;0,00
NOVA LARANJEIRAS;411705701A;PR;Centro;-25,30928;-52,53703;2025-03-02 00:50:00.0;0,00
NOVA LARANJEIRAS;411705701A;PR;Centro;-25,30928;-52,53703;2025-03-02 01:50:00.0;0,00
NOVA LARANJEIRAS;411705701A;PR;Centro;-25,30928;-52,53703;2025-03-02 02:50:00.0;0,00
NOVA LARANJEIRAS;411705701A;PR;Centro;-25,30928;-52,53703;2025-03-02 03:50:00.0;0,00
NOVA LARANJEIRAS;411705701A;PR;Centro;-25,30928;-52,53703;2025-03-02 04:50:00.0;0,00
NOVA LARANJEIRAS;411705701A;PR;Centro;-25,30928;-52,53703;2025-03-02 05:50:00.0;0,00
NOVA LARANJEIRAS;411705701A;PR;Centro;-25,30928;-52,53703;2025-03-02 06:50:00.0;0,00
NOVA LARANJEIRAS;411705701A;PR;Centro;-25,30928;-52,53703;2025-03-02 07:50:00.0;0,00
NOVA LARANJEIRAS;411705701A;PR;Centro;-25,30928;-52,53703;2025-03-02 08:50:00.0;0,00
NOVA LARANJEIRAS;411705701A;PR;Centro;-25,30928;-52,53703;2025-03-02 09:50:00.0;0,00
NOVA LARANJEIRAS;411705701A;PR;Centro;-25,30928;-52,53703;2025-03-02 10:50:00.0;0,00
NOVA LARANJEIRAS;411705701A;PR;Centro;-25,30928;-52,53703;2025-03-02 11:50:00.0;0,00
NOVA LARANJEIRAS;411705701A;PR;Centro;-25,30928;-52,53703;2025-03-02 12:50:00.0;0,00
NOVA LARANJEIRAS;411705701A;PR;Centro;-25,30928;-52,53703;2025-03-02 13:50:00.0;0,00
NOVA LARANJEIRAS;411705701A;PR;Centro;-25,30928;-52,53703;2025-03-02 14:50:00.0;0,00
NOVA LARANJEIRAS;411705701A;PR;Centro;-25,30928;-52,53703;2025-03-02 15:50:00.0;0,00
NOVA LARANJEIRAS;411705701A;PR;Centro;-25,30928;-52,53703;2025-03-02 16:50:00.0;0,00
NOVA LARANJEIRAS;411705701A;PR;Centro;-25,30928;-52,53703;2025-03-02 17:50:00.0;0,00
NOVA LARANJEIRAS;411705701A;PR;Centro;-25,30928;-52,53703;2025-03-02 18:50:00.0;0,00
NOVA LARANJEIRAS;411705701A;PR;Centro;-25,30928;-52,53703;2025-03-02 19:50:00.0;0,00
NOVA LARANJEIRAS;411705701A;PR;Centro;-25,30928;-52,53703;2025-03-02 20:50:00.0;0,00
NOVA LARANJEIRAS;411705701A;PR;Centro;-25,30928;-52,53703;2025-03-02 21:50:00.0;0,00
NOVA LARANJEIRAS;411705701A;PR;Centro;-25,30928;-52,53703;2025-03-02 22:50:00.0;0,00
NOVA LARANJEIRAS;411705701A;PR;Centro;-25,30928;-52,53703;2025-03-02 23:50:00.0;0,00
NOVA LARANJEIRAS;411705701A;PR;Centro;-25,30928;-52,53703;2025-03-03 00:50:00.0;0,00
NOVA LARANJEIRAS;411705701A;PR;Centro;-25,30928;-52,53703;2025-03-03 01:50:00.0;0,00
NOVA LARANJEIRAS;411705701A;PR;Centro;-25,30928;-52,53703;2025-03-03 02:50:00.0;0,00
NOVA LARANJEIRAS;411705701A;PR;Centro;-25,30928;-52,53703;2025-03-03 03:50:00.0;0,00
NOVA LARANJEIRAS;411705701A;PR;Centro;-25,30928;-52,53703;2025-03-03 04:50:00.0;0,00
NOVA LARANJEIRAS;411705701A;PR;Centro;-25,30928;-52,53703;2025-03-03 05:50:00.0;0,00
NOVA LARANJEIRAS;411705701A;PR;Centro;-25,30928;-52,53703;2025-03-03 06:50:00.0;0,00
NOVA LARANJEIRAS;411705701A;PR;Centro;-25,30928;-52,53703;2025-03-03 07:50:00.0;0,00
NOVA LARANJEIRAS;411705701A;PR;Centro;-25,30928;-52,53703;2025-03-03 08:50:00.0;0,00
NOVA LARANJEIRAS;411705701A;PR;Centro;-25,30928;-52,53703;2025-03-03 09:50:00.0;0,00
NOVA LARANJEIRAS;411705701A;PR;Centro;-25,30928;-52,53703;2025-03-03 10:50:00.0;0,00
NOVA LARANJEIRAS;411705701A;PR;Centro;-25,30928;-52,53703;2025-03-03 11:50:00.0;0,00
NOVA LARANJEIRAS;411705701A;PR;Centro;-25,30928;-52,53703;2025-03-03 12:50:00.0;0,00
NOVA LARANJEIRAS;411705701A;PR;Centro;-25,30928;-52,53703;2025-03-03 13:50:00.0;0,00
NOVA LARANJEIRAS;411705701A;PR;Centro;-25,30928;-52,53703;2025-03-03 14:50:00.0;0,00
NOVA LARANJEIRAS;411705701A;PR;Centro;-25,30928;-52,53703;2025-03-03 15:50:00.0;0,00
NOVA LARANJEIRAS;411705701A;PR;Centro;-25,30928;-52,53703;2025-03-03 16:50:00.0;0,00
NOVA LARANJEIRAS;411705701A;PR;Centro;-25,30928;-52,53703;2025-03-03 17:50:00.0;0,00
NOVA LARANJEIRAS;411705701A;PR;Centro;-25,30928;-52,53703;2025-03-03 18:50:00.0;0,00
NOVA LARANJEIRAS;411705701A;PR;Centro;-25,30928;-52,53703;2025-03-03 19:50:00.0;0,00
NOVA LARANJEIRAS;411705701A;PR;Centro;-25,30928;-52,53703;2025-03-03 20:50:00.0;0,00
NOVA LARANJEIRAS;411705701A;PR;Centro;-25,30928;-52,53703;2025-03-03 21:50:00.0;0,00
NOVA LARANJEIRAS;411705701A;PR;Centro;-25,30928;-52,53703;2025-03-03 22:50:00.0;0,00
NOVA LARANJEIRAS;411705701A;PR;Centro;-25,30928;-52,53703;2025-03-03 23:50:00.0;0,00
NOVA LARANJEIRAS;411705701A;PR;Centro;-25,30928;-52,53703;2025-03-04 00:50:00.0;0,00
NOVA LARANJEIRAS;411705701A;PR;Centro;-25,30928;-52,53703;2025-03-04 01:50:00.0;0,00
NOVA LARANJEIRAS;411705701A;PR;Centro;-25,30928;-52,53703;2025-03-04 02:50:00.0;0,00
NOVA LARANJEIRAS;411705701A;PR;Centro;-25,30928;-52,53703;2025-03-04 03:50:00.0;0,00
NOVA LARANJEIRAS;411705701A;PR;Centro;-25,30928;-52,53703;2025-03-04 04:50:00.0;0,00
NOVA LARANJEIRAS;411705701A;PR;Centro;-25,30928;-52,53703;2025-03-04 05:50:00.0;0,00
NOVA LARANJEIRAS;411705701A;PR;Centro;-25,30928;-52,53703;2025-03-04 06:50:00.0;0,00
NOVA LARANJEIRAS;411705701A;PR;Centro;-25,30928;-52,53703;2025-03-04 07:50:00.0;0,00
NOVA LARANJEIRAS;411705701A;PR;Centro;-25,30928;-52,53703;2025-03-04 08:50:00.0;0,00
NOVA LARANJEIRAS;411705701A;PR;Centro;-25,30928;-52,53703;2025-03-04 09:50:00.0;0,00
NOVA LARANJEIRAS;411705701A;PR;Centro;-25,30928;-52,53703;2025-03-04 10:50:00.0;0,00
NOVA LARANJEIRAS;411705701A;PR;Centro;-25,30928;-52,53703;2025-03-04 11:50:00.0;0,00
NOVA LARANJEIRAS;411705701A;PR;Centro;-25,30928;-52,53703;2025-03-04 12:50:00.0;0,00
NOVA LARANJEIRAS;411705701A;PR;Centro;-25,30928;-52,53703;2025-03-04 13:50:00.0;0,00
NOVA LARANJEIRAS;411705701A;PR;Centro;-25,30928;-52,53703;2025-03-04 14:50:00.0;0,00
NOVA LARANJEIRAS;411705701A;PR;Centro;-25,30928;-52,53703;2025-03-04 15:50:00.0;0,00
NOVA LARANJEIRAS;411705701A;PR;Centro;-25,30928;-52,53703;2025-03-04 16:50:00.0;0,00
NOVA LARANJEIRAS;411705701A;PR;Centro;-25,30928;-52,53703;2025-03-04 17:50:00.0;0,00
NOVA LARANJEIRAS;411705701A;PR;Centro;-25,30928;-52,53703;2025-03-04 18:50:00.0;0,00
NOVA LARANJEIRAS;411705701A;PR;Centro;-25,30928;-52,53703;2025-03-04 19:50:00.0;0,00
NOVA LARANJEIRAS;411705701A;PR;Centro;-25,30928;-52,53703;2025-03-04 20:50:00.0;0,00
NOVA LARANJEIRAS;411705701A;PR;Centro;-25,30928;-52,53703;2025-03-04 21:50:00.0;0,00
NOVA LARANJEIRAS;411705701A;PR;Centro;-25,30928;-52,53703;2025-03-04 22:50:00.0;0,00
NOVA LARANJEIRAS;411705701A;PR;Centro;-25,30928;-52,53703;2025-03-04 23:50:00.0;0,00
NOVA LARANJEIRAS;411705701A;PR;Centro;-25,30928;-52,53703;2025-03-05 00:50:00.0;0,00
NOVA LARANJEIRAS;411705701A;PR;Centro;-25,30928;-52,53703;2025-03-05 01:50:00.0;0,00
NOVA LARANJEIRAS;411705701A;PR;Centro;-25,30928;-52,53703;2025-03-05 02:50:00.0;0,00
NOVA LARANJEIRAS;411705701A;PR;Centro;-25,30928;-52,53703;2025-03-05 03:50:00.0;0,00
NOVA LARANJEIRAS;411705701A;PR;Centro;-25,30928;-52,53703;2025-03-05 04:50:00.0;0,00
NOVA LARANJEIRAS;411705701A;PR;Centro;-25,30928;-52,53703;2025-03-05 05:50:00.0;0,00
NOVA LARANJEIRAS;411705701A;PR;Centro;-25,30928;-52,53703;2025-03-05 06:50:00.0;0,00
NOVA LARANJEIRAS;411705701A;PR;Centro;-25,30928;-52,53703;2025-03-05 07:50:00.0;0,00
NOVA LARANJEIRAS;411705701A;PR;Centro;-25,30928;-52,53703;2025-03-05 08:50:00.0;0,00
NOVA LARANJEIRAS;411705701A;PR;Centro;-25,30928;-52,53703;2025-03-05 09:50:00.0;0,00
NOVA LARANJEIRAS;411705701A;PR;Centro;-25,30928;-52,53703;2025-03-05 10:50:00.0;0,00
NOVA LARANJEIRAS;411705701A;PR;Centro;-25,30928;-52,53703;2025-03-05 11:50:00.0;0,00
NOVA LARANJEIRAS;411705701A;PR;Centro;-25,30928;-52,53703;2025-03-05 12:50:00.0;0,00
NOVA LARANJEIRAS;411705701A;PR;Centro;-25,30928;-52,53703;2025-03-05 13:50:00.0;0,00
NOVA LARANJEIRAS;411705701A;PR;Centro;-25,30928;-52,53703;2025-03-05 14:50:00.0;0,00
NOVA LARANJEIRAS;411705701A;PR;Centro;-25,30928;-52,53703;2025-03-05 15:50:00.0;0,00
NOVA LARANJEIRAS;411705701A;PR;Centro;-25,30928;-52,53703;2025-03-05 16:50:00.0;0,00
NOVA LARANJEIRAS;411705701A;PR;Centro;-25,30928;-52,53703;2025-03-05 17:50:00.0;2,00
NOVA LARANJEIRAS;411705701A;PR;Centro;-25,30928;-52,53703;2025-03-05 18:10:00.0;0,20
NOVA LARANJEIRAS;411705701A;PR;Centro;-25,30928;-52,53703;2025-03-05 18:50:00.0;0,00
NOVA LARANJEIRAS;411705701A;PR;Centro;-25,30928;-52,53703;2025-03-05 19:50:00.0;0,00
NOVA LARANJEIRAS;411705701A;PR;Centro;-25,30928;-52,53703;2025-03-05 20:50:00.0;0,00
NOVA LARANJEIRAS;411705701A;PR;Centro;-25,30928;-52,53703;2025-03-05 21:50:00.0;0,00
NOVA LARANJEIRAS;411705701A;PR;Centro;-25,30928;-52,53703;2025-03-05 22:50:00.0;0,00
NOVA LARANJEIRAS;411705701A;PR;Centro;-25,30928;-52,53703;2025-03-05 23:50:00.0;0,00
NOVA LARANJEIRAS;411705701A;PR;Centro;-25,30928;-52,53703;2025-03-06 00:50:00.0;0,00
NOVA LARANJEIRAS;411705701A;PR;Centro;-25,30928;-52,53703;2025-03-06 01:50:00.0;0,00
NOVA LARANJEIRAS;411705701A;PR;Centro;-25,30928;-52,53703;2025-03-06 02:50:00.0;0,00
NOVA LARANJEIRAS;411705701A;PR;Centro;-25,30928;-52,53703;2025-03-06 03:50:00.0;0,00
NOVA LARANJEIRAS;411705701A;PR;Centro;-25,30928;-52,53703;2025-03-06 04:50:00.0;0,00
NOVA LARANJEIRAS;411705701A;PR;Centro;-25,30928;-52,53703;2025-03-06 05:50:00.0;0,00
NOVA LARANJEIRAS;411705701A;PR;Centro;-25,30928;-52,53703;2025-03-06 06:50:00.0;0,00
NOVA LARANJEIRAS;411705701A;PR;Centro;-25,30928;-52,53703;2025-03-06 07:50:00.0;0,00
NOVA LARANJEIRAS;411705701A;PR;Centro;-25,30928;-52,53703;2025-03-06 08:50:00.0;0,00
NOVA LARANJEIRAS;411705701A;PR;Centro;-25,30928;-52,53703;2025-03-06 09:50:00.0;0,00
NOVA LARANJEIRAS;411705701A;PR;Centro;-25,30928;-52,53703;2025-03-06 10:50:00.0;0,00
NOVA LARANJEIRAS;411705701A;PR;Centro;-25,30928;-52,53703;2025-03-06 11:50:00.0;0,00
NOVA LARANJEIRAS;411705701A;PR;Centro;-25,30928;-52,53703;2025-03-06 12:50:00.0;0,00
NOVA LARANJEIRAS;411705701A;PR;Centro;-25,30928;-52,53703;2025-03-06 13:50:00.0;0,00
NOVA LARANJEIRAS;411705701A;PR;Centro;-25,30928;-52,53703;2025-03-06 14:50:00.0;0,00
NOVA LARANJEIRAS;411705701A;PR;Centro;-25,30928;-52,53703;2025-03-06 15:50:00.0;0,00
NOVA LARANJEIRAS;411705701A;PR;Centro;-25,30928;-52,53703;2025-03-06 16:50:00.0;0,00
NOVA LARANJEIRAS;411705701A;PR;Centro;-25,30928;-52,53703;2025-03-06 17:50:00.0;0,00
NOVA LARANJEIRAS;411705701A;PR;Centro;-25,30928;-52,53703;2025-03-06 18:50:00.0;0,00
NOVA LARANJEIRAS;411705701A;PR;Centro;-25,30928;-52,53703;2025-03-06 19:50:00.0;0,00
NOVA LARANJEIRAS;411705701A;PR;Centro;-25,30928;-52,53703;2025-03-06 20:50:00.0;0,00
NOVA LARANJEIRAS;411705701A;PR;Centro;-25,30928;-52,53703;2025-03-06 21:50:00.0;0,00
NOVA LARANJEIRAS;411705701A;PR;Centro;-25,30928;-52,53703;2025-03-06 22:50:00.0;0,00
NOVA LARANJEIRAS;411705701A;PR;Centro;-25,30928;-52,53703;2025-03-06 23:50:00.0;0,00
NOVA LARANJEIRAS;411705701A;PR;Centro;-25,30928;-52,53703;2025-03-07 00:50:00.0;0,00
NOVA LARANJEIRAS;411705701A;PR;Centro;-25,30928;-52,53703;2025-03-07 01:50:00.0;0,00
NOVA LARANJEIRAS;411705701A;PR;Centro;-25,30928;-52,53703;2025-03-07 02:50:00.0;0,00
NOVA LARANJEIRAS;411705701A;PR;Centro;-25,30928;-52,53703;2025-03-07 03:50:00.0;0,00
NOVA LARANJEIRAS;411705701A;PR;Centro;-25,30928;-52,53703;2025-03-07 04:50:00.0;0,00
NOVA LARANJEIRAS;411705701A;PR;Centro;-25,30928;-52,53703;2025-03-07 05:50:00.0;0,00
NOVA LARANJEIRAS;411705701A;PR;Centro;-25,30928;-52,53703;2025-03-07 06:50:00.0;0,00
NOVA LARANJEIRAS;411705701A;PR;Centro;-25,30928;-52,53703;2025-03-07 07:50:00.0;0,00
NOVA LARANJEIRAS;411705701A;PR;Centro;-25,30928;-52,53703;2025-03-07 08:50:00.0;0,00
NOVA LARANJEIRAS;411705701A;PR;Centro;-25,30928;-52,53703;2025-03-07 09:50:00.0;0,00
NOVA LARANJEIRAS;411705701A;PR;Centro;-25,30928;-52,53703;2025-03-07 10:50:00.0;0,00
NOVA LARANJEIRAS;411705701A;PR;Centro;-25,30928;-52,53703;2025-03-07 11:50:00.0;0,00
NOVA LARANJEIRAS;411705701A;PR;Centro;-25,30928;-52,53703;2025-03-07 12:50:00.0;0,00
NOVA LARANJEIRAS;411705701A;PR;Centro;-25,30928;-52,53703;2025-03-07 13:50:00.0;0,00
NOVA LARANJEIRAS;411705701A;PR;Centro;-25,30928;-52,53703;2025-03-07 14:50:00.0;0,00
NOVA LARANJEIRAS;411705701A;PR;Centro;-25,30928;-52,53703;2025-03-07 15:50:00.0;0,00
NOVA LARANJEIRAS;411705701A;PR;Centro;-25,30928;-52,53703;2025-03-07 16:50:00.0;0,00
NOVA LARANJEIRAS;411705701A;PR;Centro;-25,30928;-52,53703;2025-03-07 17:50:00.0;0,00
NOVA LARANJEIRAS;411705701A;PR;Centro;-25,30928;-52,53703;2025-03-07 18:50:00.0;0,00
NOVA LARANJEIRAS;411705701A;PR;Centro;-25,30928;-52,53703;2025-03-07 19:50:00.0;0,00
NOVA LARANJEIRAS;411705701A;PR;Centro;-25,30928;-52,53703;2025-03-07 20:50:00.0;0,00
NOVA LARANJEIRAS;411705701A;PR;Centro;-25,30928;-52,53703;2025-03-07 21:50:00.0;0,00
NOVA LARANJEIRAS;411705701A;PR;Centro;-25,30928;-52,53703;2025-03-07 22:50:00.0;0,00
NOVA LARANJEIRAS;411705701A;PR;Centro;-25,30928;-52,53703;2025-03-07 23:50:00.0;0,00
NOVA LARANJEIRAS;411705701A;PR;Centro;-25,30928;-52,53703;2025-03-08 00:50:00.0;0,00
NOVA LARANJEIRAS;411705701A;PR;Centro;-25,30928;-52,53703;2025-03-08 01:50:00.0;0,00
NOVA LARANJEIRAS;411705701A;PR;Centro;-25,30928;-52,53703;2025-03-08 02:50:00.0;0,00
NOVA LARANJEIRAS;411705701A;PR;Centro;-25,30928;-52,53703;2025-03-08 03:50:00.0;0,00
NOVA LARANJEIRAS;411705701A;PR;Centro;-25,30928;-52,53703;2025-03-08 04:50:00.0;0,00
NOVA LARANJEIRAS;411705701A;PR;Centro;-25,30928;-52,53703;2025-03-08 05:50:00.0;0,00
NOVA LARANJEIRAS;411705701A;PR;Centro;-25,30928;-52,53703;2025-03-08 06:50:00.0;0,00
NOVA LARANJEIRAS;411705701A;PR;Centro;-25,30928;-52,53703;2025-03-08 07:50:00.0;0,00
NOVA LARANJEIRAS;411705701A;PR;Centro;-25,30928;-52,53703;2025-03-08 08:50:00.0;0,00
NOVA LARANJEIRAS;411705701A;PR;Centro;-25,30928;-52,53703;2025-03-08 09:50:00.0;0,00
NOVA LARANJEIRAS;411705701A;PR;Centro;-25,30928;-52,53703;2025-03-08 10:50:00.0;0,00
NOVA LARANJEIRAS;411705701A;PR;Centro;-25,30928;-52,53703;2025-03-08 11:50:00.0;0,00
NOVA LARANJEIRAS;411705701A;PR;Centro;-25,30928;-52,53703;2025-03-08 12:50:00.0;0,00
NOVA LARANJEIRAS;411705701A;PR;Centro;-25,30928;-52,53703;2025-03-08 13:50:00.0;0,00
NOVA LARANJEIRAS;411705701A;PR;Centro;-25,30928;-52,53703;2025-03-08 14:50:00.0;0,00
NOVA LARANJEIRAS;411705701A;PR;Centro;-25,30928;-52,53703;2025-03-08 15:50:00.0;0,00
NOVA LARANJEIRAS;411705701A;PR;Centro;-25,30928;-52,53703;2025-03-08 16:50:00.0;0,00
NOVA LARANJEIRAS;411705701A;PR;Centro;-25,30928;-52,53703;2025-03-08 17:50:00.0;0,00
NOVA LARANJEIRAS;411705701A;PR;Centro;-25,30928;-52,53703;2025-03-08 18:50:00.0;0,00
NOVA LARANJEIRAS;411705701A;PR;Centro;-25,30928;-52,53703;2025-03-08 19:50:00.0;0,00
NOVA LARANJEIRAS;411705701A;PR;Centro;-25,30928;-52,53703;2025-03-08 20:50:00.0;0,00
NOVA LARANJEIRAS;411705701A;PR;Centro;-25,30928;-52,53703;2025-03-08 21:50:00.0;0,00
NOVA LARANJEIRAS;411705701A;PR;Centro;-25,30928;-52,53703;2025-03-08 22:50:00.0;0,00
NOVA LARANJEIRAS;411705701A;PR;Centro;-25,30928;-52,53703;2025-03-08 23:50:00.0;0,00
NOVA LARANJEIRAS;411705701A;PR;Centro;-25,30928;-52,53703;2025-03-09 00:50:00.0;0,00
NOVA LARANJEIRAS;411705701A;PR;Centro;-25,30928;-52,53703;2025-03-09 01:50:00.0;0,00
NOVA LARANJEIRAS;411705701A;PR;Centro;-25,30928;-52,53703;2025-03-09 02:50:00.0;0,00
NOVA LARANJEIRAS;411705701A;PR;Centro;-25,30928;-52,53703;2025-03-09 03:50:00.0;0,00
NOVA LARANJEIRAS;411705701A;PR;Centro;-25,30928;-52,53703;2025-03-09 04:50:00.0;0,00
NOVA LARANJEIRAS;411705701A;PR;Centro;-25,30928;-52,53703;2025-03-09 05:50:00.0;0,00
NOVA LARANJEIRAS;411705701A;PR;Centro;-25,30928;-52,53703;2025-03-09 06:50:00.0;0,00
NOVA LARANJEIRAS;411705701A;PR;Centro;-25,30928;-52,53703;2025-03-09 07:50:00.0;0,00
NOVA LARANJEIRAS;411705701A;PR;Centro;-25,30928;-52,53703;2025-03-09 08:50:00.0;0,00
NOVA LARANJEIRAS;411705701A;PR;Centro;-25,30928;-52,53703;2025-03-09 09:50:00.0;0,00
NOVA LARANJEIRAS;411705701A;PR;Centro;-25,30928;-52,53703;2025-03-09 10:50:00.0;0,00
NOVA LARANJEIRAS;411705701A;PR;Centro;-25,30928;-52,53703;2025-03-09 11:50:00.0;0,00
NOVA LARANJEIRAS;411705701A;PR;Centro;-25,30928;-52,53703;2025-03-09 12:50:00.0;0,00
NOVA LARANJEIRAS;411705701A;PR;Centro;-25,30928;-52,53703;2025-03-09 13:50:00.0;0,00
NOVA LARANJEIRAS;411705701A;PR;Centro;-25,30928;-52,53703;2025-03-09 14:50:00.0;0,00
NOVA LARANJEIRAS;411705701A;PR;Centro;-25,30928;-52,53703;2025-03-09 15:50:00.0;0,00
NOVA LARANJEIRAS;411705701A;PR;Centro;-25,30928;-52,53703;2025-03-09 16:50:00.0;0,00
NOVA LARANJEIRAS;411705701A;PR;Centro;-25,30928;-52,53703;2025-03-09 17:50:00.0;0,00
NOVA LARANJEIRAS;411705701A;PR;Centro;-25,30928;-52,53703;2025-03-09 18:50:00.0;0,00
NOVA LARANJEIRAS;411705701A;PR;Centro;-25,30928;-52,53703;2025-03-09 19:30:00.0;0,60
NOVA LARANJEIRAS;411705701A;PR;Centro;-25,30928;-52,53703;2025-03-09 19:40:00.0;0,60
NOVA LARANJEIRAS;411705701A;PR;Centro;-25,30928;-52,53703;2025-03-09 19:50:00.0;0,00
NOVA LARANJEIRAS;411705701A;PR;Centro;-25,30928;-52,53703;2025-03-09 20:50:00.0;0,00
NOVA LARANJEIRAS;411705701A;PR;Centro;-25,30928;-52,53703;2025-03-09 21:50:00.0;0,00
NOVA LARANJEIRAS;411705701A;PR;Centro;-25,30928;-52,53703;2025-03-09 22:30:00.0;0,60
NOVA LARANJEIRAS;411705701A;PR;Centro;-25,30928;-52,53703;2025-03-09 22:50:00.0;0,00
NOVA LARANJEIRAS;411705701A;PR;Centro;-25,30928;-52,53703;2025-03-09 23:50:00.0;0,00
NOVA LARANJEIRAS;411705701A;PR;Centro;-25,30928;-52,53703;2025-03-10 00:50:00.0;0,00
NOVA LARANJEIRAS;411705701A;PR;Centro;-25,30928;-52,53703;2025-03-10 01:50:00.0;0,00
NOVA LARANJEIRAS;411705701A;PR;Centro;-25,30928;-52,53703;2025-03-10 02:50:00.0;0,00
NOVA LARANJEIRAS;411705701A;PR;Centro;-25,30928;-52,53703;2025-03-10 03:50:00.0;0,00
NOVA LARANJEIRAS;411705701A;PR;Centro;-25,30928;-52,53703;2025-03-10 04:50:00.0;0,00
NOVA LARANJEIRAS;411705701A;PR;Centro;-25,30928;-52,53703;2025-03-10 05:50:00.0;0,00
NOVA LARANJEIRAS;411705701A;PR;Centro;-25,30928;-52,53703;2025-03-10 06:50:00.0;0,00
NOVA LARANJEIRAS;411705701A;PR;Centro;-25,30928;-52,53703;2025-03-10 07:50:00.0;0,00
NOVA LARANJEIRAS;411705701A;PR;Centro;-25,30928;-52,53703;2025-03-10 08:50:00.0;0,00
NOVA LARANJEIRAS;411705701A;PR;Centro;-25,30928;-52,53703;2025-03-10 09:50:00.0;0,00
NOVA LARANJEIRAS;411705701A;PR;Centro;-25,30928;-52,53703;2025-03-10 10:50:00.0;0,00
NOVA LARANJEIRAS;411705701A;PR;Centro;-25,30928;-52,53703;2025-03-10 11:50:00.0;0,00
NOVA LARANJEIRAS;411705701A;PR;Centro;-25,30928;-52,53703;2025-03-10 12:50:00.0;0,00
NOVA LARANJEIRAS;411705701A;PR;Centro;-25,30928;-52,53703;2025-03-10 13:50:00.0;0,00
NOVA LARANJEIRAS;411705701A;PR;Centro;-25,30928;-52,53703;2025-03-10 14:50:00.0;0,00
NOVA LARANJEIRAS;411705701A;PR;Centro;-25,30928;-52,53703;2025-03-10 15:50:00.0;0,00
NOVA LARANJEIRAS;411705701A;PR;Centro;-25,30928;-52,53703;2025-03-10 16:50:00.0;0,00
NOVA LARANJEIRAS;411705701A;PR;Centro;-25,30928;-52,53703;2025-03-10 17:50:00.0;0,00
NOVA LARANJEIRAS;411705701A;PR;Centro;-25,30928;-52,53703;2025-03-10 18:50:00.0;0,00
NOVA LARANJEIRAS;411705701A;PR;Centro;-25,30928;-52,53703;2025-03-10 19:50:00.0;0,00
NOVA LARANJEIRAS;411705701A;PR;Centro;-25,30928;-52,53703;2025-03-10 20:50:00.0;0,00
NOVA LARANJEIRAS;411705701A;PR;Centro;-25,30928;-52,53703;2025-03-10 21:50:00.0;0,00
NOVA LARANJEIRAS;411705701A;PR;Centro;-25,30928;-52,53703;2025-03-10 22:50:00.0;0,00
NOVA LARANJEIRAS;411705701A;PR;Centro;-25,30928;-52,53703;2025-03-10 23:50:00.0;0,00
NOVA LARANJEIRAS;411705701A;PR;Centro;-25,30928;-52,53703;2025-03-11 00:50:00.0;0,00
NOVA LARANJEIRAS;411705701A;PR;Centro;-25,30928;-52,53703;2025-03-11 01:50:00.0;0,00
NOVA LARANJEIRAS;411705701A;PR;Centro;-25,30928;-52,53703;2025-03-11 02:50:00.0;0,00
NOVA LARANJEIRAS;411705701A;PR;Centro;-25,30928;-52,53703;2025-03-11 03:50:00.0;0,00
NOVA LARANJEIRAS;411705701A;PR;Centro;-25,30928;-52,53703;2025-03-11 04:50:00.0;0,00
NOVA LARANJEIRAS;411705701A;PR;Centro;-25,30928;-52,53703;2025-03-11 05:50:00.0;0,00
NOVA LARANJEIRAS;411705701A;PR;Centro;-25,30928;-52,53703;2025-03-11 06:50:00.0;0,00
NOVA LARANJEIRAS;411705701A;PR;Centro;-25,30928;-52,53703;2025-03-11 07:50:00.0;0,00
NOVA LARANJEIRAS;411705701A;PR;Centro;-25,30928;-52,53703;2025-03-11 08:50:00.0;0,00
NOVA LARANJEIRAS;411705701A;PR;Centro;-25,30928;-52,53703;2025-03-11 09:50:00.0;0,00
NOVA LARANJEIRAS;411705701A;PR;Centro;-25,30928;-52,53703;2025-03-11 10:50:00.0;0,00
NOVA LARANJEIRAS;411705701A;PR;Centro;-25,30928;-52,53703;2025-03-11 11:50:00.0;0,00
NOVA LARANJEIRAS;411705701A;PR;Centro;-25,30928;-52,53703;2025-03-11 12:50:00.0;0,00
NOVA LARANJEIRAS;411705701A;PR;Centro;-25,30928;-52,53703;2025-03-11 13:50:00.0;0,00
NOVA LARANJEIRAS;411705701A;PR;Centro;-25,30928;-52,53703;2025-03-11 14:40:00.0;0,20
NOVA LARANJEIRAS;411705701A;PR;Centro;-25,30928;-52,53703;2025-03-11 14:50:00.0;0,00
NOVA LARANJEIRAS;411705701A;PR;Centro;-25,30928;-52,53703;2025-03-11 15:50:00.0;0,00
NOVA LARANJEIRAS;411705701A;PR;Centro;-25,30928;-52,53703;2025-03-11 16:50:00.0;0,00
NOVA LARANJEIRAS;411705701A;PR;Centro;-25,30928;-52,53703;2025-03-11 17:30:00.0;0,60
NOVA LARANJEIRAS;411705701A;PR;Centro;-25,30928;-52,53703;2025-03-11 17:40:00.0;4,40
NOVA LARANJEIRAS;411705701A;PR;Centro;-25,30928;-52,53703;2025-03-11 17:50:00.0;0,00
NOVA LARANJEIRAS;411705701A;PR;Centro;-25,30928;-52,53703;2025-03-11 18:10:00.0;0,40
NOVA LARANJEIRAS;411705701A;PR;Centro;-25,30928;-52,53703;2025-03-11 18:20:00.0;0,40
NOVA LARANJEIRAS;411705701A;PR;Centro;-25,30928;-52,53703;2025-03-11 18:30:00.0;0,60
NOVA LARANJEIRAS;411705701A;PR;Centro;-25,30928;-52,53703;2025-03-11 18:40:00.0;5,40
NOVA LARANJEIRAS;411705701A;PR;Centro;-25,30928;-52,53703;2025-03-11 18:50:00.0;5,40
NOVA LARANJEIRAS;411705701A;PR;Centro;-25,30928;-52,53703;2025-03-11 19:00:00.0;1,40
NOVA LARANJEIRAS;411705701A;PR;Centro;-25,30928;-52,53703;2025-03-11 19:10:00.0;1,20
NOVA LARANJEIRAS;411705701A;PR;Centro;-25,30928;-52,53703;2025-03-11 19:20:00.0;3,20
NOVA LARANJEIRAS;411705701A;PR;Centro;-25,30928;-52,53703;2025-03-11 19:30:00.0;0,40
NOVA LARANJEIRAS;411705701A;PR;Centro;-25,30928;-52,53703;2025-03-11 19:40:00.0;1,00
NOVA LARANJEIRAS;411705701A;PR;Centro;-25,30928;-52,53703;2025-03-11 19:50:00.0;0,40
NOVA LARANJEIRAS;411705701A;PR;Centro;-25,30928;-52,53703;2025-03-11 20:00:00.0;1,00
NOVA LARANJEIRAS;411705701A;PR;Centro;-25,30928;-52,53703;2025-03-11 20:10:00.0;0,80
NOVA LARANJEIRAS;411705701A;PR;Centro;-25,30928;-52,53703;2025-03-11 20:20:00.0;0,40
NOVA LARANJEIRAS;411705701A;PR;Centro;-25,30928;-52,53703;2025-03-11 20:30:00.0;0,60
NOVA LARANJEIRAS;411705701A;PR;Centro;-25,30928;-52,53703;2025-03-11 20:40:00.0;1,20
NOVA LARANJEIRAS;411705701A;PR;Centro;-25,30928;-52,53703;2025-03-11 20:50:00.0;1,80
NOVA LARANJEIRAS;411705701A;PR;Centro;-25,30928;-52,53703;2025-03-11 21:00:00.0;1,80
NOVA LARANJEIRAS;411705701A;PR;Centro;-25,30928;-52,53703;2025-03-11 21:10:00.0;1,40
NOVA LARANJEIRAS;411705701A;PR;Centro;-25,30928;-52,53703;2025-03-11 21:20:00.0;1,00
NOVA LARANJEIRAS;411705701A;PR;Centro;-25,30928;-52,53703;2025-03-11 21:30:00.0;0,60
NOVA LARANJEIRAS;411705701A;PR;Centro;-25,30928;-52,53703;2025-03-11 21:40:00.0;1,00
NOVA LARANJEIRAS;411705701A;PR;Centro;-25,30928;-52,53703;2025-03-11 21:50:00.0;0,20
NOVA LARANJEIRAS;411705701A;PR;Centro;-25,30928;-52,53703;2025-03-11 22:00:00.0;0,40
NOVA LARANJEIRAS;411705701A;PR;Centro;-25,30928;-52,53703;2025-03-11 22:10:00.0;0,60
NOVA LARANJEIRAS;411705701A;PR;Centro;-25,30928;-52,53703;2025-03-11 22:20:00.0;0,40
NOVA LARANJEIRAS;411705701A;PR;Centro;-25,30928;-52,53703;2025-03-11 22:30:00.0;0,40
NOVA LARANJEIRAS;411705701A;PR;Centro;-25,30928;-52,53703;2025-03-11 22:40:00.0;0,40
NOVA LARANJEIRAS;411705701A;PR;Centro;-25,30928;-52,53703;2025-03-11 22:50:00.0;0,20
NOVA LARANJEIRAS;411705701A;PR;Centro;-25,30928;-52,53703;2025-03-11 23:30:00.0;0,40
NOVA LARANJEIRAS;411705701A;PR;Centro;-25,30928;-52,53703;2025-03-11 23:50:00.0;0,00
NOVA LARANJEIRAS;411705701A;PR;Centro;-25,30928;-52,53703;2025-03-12 00:50:00.0;0,00
NOVA LARANJEIRAS;411705701A;PR;Centro;-25,30928;-52,53703;2025-03-12 01:50:00.0;0,00
NOVA LARANJEIRAS;411705701A;PR;Centro;-25,30928;-52,53703;2025-03-12 02:50:00.0;0,00
NOVA LARANJEIRAS;411705701A;PR;Centro;-25,30928;-52,53703;2025-03-12 03:50:00.0;0,00
NOVA LARANJEIRAS;411705701A;PR;Centro;-25,30928;-52,53703;2025-03-12 04:50:00.0;0,00
NOVA LARANJEIRAS;411705701A;PR;Centro;-25,30928;-52,53703;2025-03-12 05:50:00.0;0,00
NOVA LARANJEIRAS;411705701A;PR;Centro;-25,30928;-52,53703;2025-03-12 06:50:00.0;0,00
NOVA LARANJEIRAS;411705701A;PR;Centro;-25,30928;-52,53703;2025-03-12 07:50:00.0;0,00
NOVA LARANJEIRAS;411705701A;PR;Centro;-25,30928;-52,53703;2025-03-12 08:50:00.0;0,00
NOVA LARANJEIRAS;411705701A;PR;Centro;-25,30928;-52,53703;2025-03-12 09:50:00.0;0,00
NOVA LARANJEIRAS;411705701A;PR;Centro;-25,30928;-52,53703;2025-03-12 10:50:00.0;0,00
NOVA LARANJEIRAS;411705701A;PR;Centro;-25,30928;-52,53703;2025-03-12 11:50:00.0;0,00
NOVA LARANJEIRAS;411705701A;PR;Centro;-25,30928;-52,53703;2025-03-12 12:50:00.0;0,00
NOVA LARANJEIRAS;411705701A;PR;Centro;-25,30928;-52,53703;2025-03-12 13:50:00.0;0,00
NOVA LARANJEIRAS;411705701A;PR;Centro;-25,30928;-52,53703;2025-03-12 14:50:00.0;0,00
NOVA LARANJEIRAS;411705701A;PR;Centro;-25,30928;-52,53703;2025-03-12 15:50:00.0;0,00
NOVA LARANJEIRAS;411705701A;PR;Centro;-25,30928;-52,53703;2025-03-12 16:50:00.0;0,00
NOVA LARANJEIRAS;411705701A;PR;Centro;-25,30928;-52,53703;2025-03-12 17:50:00.0;0,00
NOVA LARANJEIRAS;411705701A;PR;Centro;-25,30928;-52,53703;2025-03-12 19:50:00.0;0,00
NOVA LARANJEIRAS;411705701A;PR;Centro;-25,30928;-52,53703;2025-03-12 20:50:00.0;0,00
NOVA LARANJEIRAS;411705701A;PR;Centro;-25,30928;-52,53703;2025-03-12 21:50:00.0;0,00
NOVA LARANJEIRAS;411705701A;PR;Centro;-25,30928;-52,53703;2025-03-12 22:50:00.0;0,00
NOVA LARANJEIRAS;411705701A;PR;Centro;-25,30928;-52,53703;2025-03-12 23:50:00.0;0,00
NOVA LARANJEIRAS;411705701A;PR;Centro;-25,30928;-52,53703;2025-03-13 01:50:00.0;0,00
NOVA LARANJEIRAS;411705701A;PR;Centro;-25,30928;-52,53703;2025-03-13 02:50:00.0;0,00
NOVA LARANJEIRAS;411705701A;PR;Centro;-25,30928;-52,53703;2025-03-13 03:50:00.0;0,00
NOVA LARANJEIRAS;411705701A;PR;Centro;-25,30928;-52,53703;2025-03-13 04:50:00.0;0,00
NOVA LARANJEIRAS;411705701A;PR;Centro;-25,30928;-52,53703;2025-03-13 05:50:00.0;0,00
NOVA LARANJEIRAS;411705701A;PR;Centro;-25,30928;-52,53703;2025-03-13 06:50:00.0;0,00
NOVA LARANJEIRAS;411705701A;PR;Centro;-25,30928;-52,53703;2025-03-13 07:50:00.0;0,00
NOVA LARANJEIRAS;411705701A;PR;Centro;-25,30928;-52,53703;2025-03-13 08:50:00.0;0,00
NOVA LARANJEIRAS;411705701A;PR;Centro;-25,30928;-52,53703;2025-03-13 09:50:00.0;0,00
NOVA LARANJEIRAS;411705701A;PR;Centro;-25,30928;-52,53703;2025-03-13 10:50:00.0;0,00
NOVA LARANJEIRAS;411705701A;PR;Centro;-25,30928;-52,53703;2025-03-13 11:50:00.0;0,00
NOVA LARANJEIRAS;411705701A;PR;Centro;-25,30928;-52,53703;2025-03-13 12:50:00.0;0,00
NOVA LARANJEIRAS;411705701A;PR;Centro;-25,30928;-52,53703;2025-03-13 13:50:00.0;0,00
NOVA LARANJEIRAS;411705701A;PR;Centro;-25,30928;-52,53703;2025-03-13 14:50:00.0;0,00
NOVA LARANJEIRAS;411705701A;PR;Centro;-25,30928;-52,53703;2025-03-13 15:50:00.0;0,00
NOVA LARANJEIRAS;411705701A;PR;Centro;-25,30928;-52,53703;2025-03-13 16:50:00.0;0,00
NOVA LARANJEIRAS;411705701A;PR;Centro;-25,30928;-52,53703;2025-03-13 17:50:00.0;0,00
NOVA LARANJEIRAS;411705701A;PR;Centro;-25,30928;-52,53703;2025-03-13 18:50:00.0;0,00
NOVA LARANJEIRAS;411705701A;PR;Centro;-25,30928;-52,53703;2025-03-13 19:50:00.0;0,00
NOVA LARANJEIRAS;411705701A;PR;Centro;-25,30928;-52,53703;2025-03-13 20:50:00.0;0,00
NOVA LARANJEIRAS;411705701A;PR;Centro;-25,30928;-52,53703;2025-03-13 21:50:00.0;0,00
NOVA LARANJEIRAS;411705701A;PR;Centro;-25,30928;-52,53703;2025-03-13 22:50:00.0;0,00
NOVA LARANJEIRAS;411705701A;PR;Centro;-25,30928;-52,53703;2025-03-13 23:50:00.0;0,00
NOVA LARANJEIRAS;411705701A;PR;Centro;-25,30928;-52,53703;2025-03-14 00:50:00.0;0,00
NOVA LARANJEIRAS;411705701A;PR;Centro;-25,30928;-52,53703;2025-03-14 01:50:00.0;0,00
NOVA LARANJEIRAS;411705701A;PR;Centro;-25,30928;-52,53703;2025-03-14 02:50:00.0;0,00
NOVA LARANJEIRAS;411705701A;PR;Centro;-25,30928;-52,53703;2025-03-14 03:50:00.0;0,00
NOVA LARANJEIRAS;411705701A;PR;Centro;-25,30928;-52,53703;2025-03-14 04:50:00.0;0,00
NOVA LARANJEIRAS;411705701A;PR;Centro;-25,30928;-52,53703;2025-03-14 05:50:00.0;0,00
NOVA LARANJEIRAS;411705701A;PR;Centro;-25,30928;-52,53703;2025-03-14 06:50:00.0;0,00
NOVA LARANJEIRAS;411705701A;PR;Centro;-25,30928;-52,53703;2025-03-14 07:50:00.0;0,00
NOVA LARANJEIRAS;411705701A;PR;Centro;-25,30928;-52,53703;2025-03-14 08:50:00.0;0,00
NOVA LARANJEIRAS;411705701A;PR;Centro;-25,30928;-52,53703;2025-03-14 09:50:00.0;0,00
NOVA LARANJEIRAS;411705701A;PR;Centro;-25,30928;-52,53703;2025-03-14 10:50:00.0;0,00
NOVA LARANJEIRAS;411705701A;PR;Centro;-25,30928;-52,53703;2025-03-14 11:50:00.0;0,00
NOVA LARANJEIRAS;411705701A;PR;Centro;-25,30928;-52,53703;2025-03-14 12:50:00.0;0,00
NOVA LARANJEIRAS;411705701A;PR;Centro;-25,30928;-52,53703;2025-03-14 13:50:00.0;0,00
NOVA LARANJEIRAS;411705701A;PR;Centro;-25,30928;-52,53703;2025-03-14 14:50:00.0;0,00
NOVA LARANJEIRAS;411705701A;PR;Centro;-25,30928;-52,53703;2025-03-14 15:50:00.0;0,00
NOVA LARANJEIRAS;411705701A;PR;Centro;-25,30928;-52,53703;2025-03-14 16:50:00.0;0,00
NOVA LARANJEIRAS;411705701A;PR;Centro;-25,30928;-52,53703;2025-03-14 17:50:00.0;0,00
NOVA LARANJEIRAS;411705701A;PR;Centro;-25,30928;-52,53703;2025-03-14 18:50:00.0;0,00
NOVA LARANJEIRAS;411705701A;PR;Centro;-25,30928;-52,53703;2025-03-14 19:50:00.0;0,00
NOVA LARANJEIRAS;411705701A;PR;Centro;-25,30928;-52,53703;2025-03-14 20:50:00.0;0,00
NOVA LARANJEIRAS;411705701A;PR;Centro;-25,30928;-52,53703;2025-03-14 21:50:00.0;0,00
NOVA LARANJEIRAS;411705701A;PR;Centro;-25,30928;-52,53703;2025-03-14 22:50:00.0;0,00
NOVA LARANJEIRAS;411705701A;PR;Centro;-25,30928;-52,53703;2025-03-14 23:50:00.0;0,00
NOVA LARANJEIRAS;411705701A;PR;Centro;-25,30928;-52,53703;2025-03-15 00:50:00.0;0,00
NOVA LARANJEIRAS;411705701A;PR;Centro;-25,30928;-52,53703;2025-03-15 01:50:00.0;0,00
NOVA LARANJEIRAS;411705701A;PR;Centro;-25,30928;-52,53703;2025-03-15 02:50:00.0;0,00
NOVA LARANJEIRAS;411705701A;PR;Centro;-25,30928;-52,53703;2025-03-15 03:50:00.0;0,00
NOVA LARANJEIRAS;411705701A;PR;Centro;-25,30928;-52,53703;2025-03-15 04:50:00.0;0,00
NOVA LARANJEIRAS;411705701A;PR;Centro;-25,30928;-52,53703;2025-03-15 05:50:00.0;0,00
NOVA LARANJEIRAS;411705701A;PR;Centro;-25,30928;-52,53703;2025-03-15 06:50:00.0;0,00
NOVA LARANJEIRAS;411705701A;PR;Centro;-25,30928;-52,53703;2025-03-15 07:50:00.0;0,00
NOVA LARANJEIRAS;411705701A;PR;Centro;-25,30928;-52,53703;2025-03-15 08:50:00.0;0,00
NOVA LARANJEIRAS;411705701A;PR;Centro;-25,30928;-52,53703;2025-03-15 09:50:00.0;0,00
NOVA LARANJEIRAS;411705701A;PR;Centro;-25,30928;-52,53703;2025-03-15 10:50:00.0;0,00
NOVA LARANJEIRAS;411705701A;PR;Centro;-25,30928;-52,53703;2025-03-15 11:50:00.0;0,00
NOVA LARANJEIRAS;411705701A;PR;Centro;-25,30928;-52,53703;2025-03-15 12:50:00.0;0,00
NOVA LARANJEIRAS;411705701A;PR;Centro;-25,30928;-52,53703;2025-03-15 13:50:00.0;0,00
NOVA LARANJEIRAS;411705701A;PR;Centro;-25,30928;-52,53703;2025-03-15 14:50:00.0;0,00
NOVA LARANJEIRAS;411705701A;PR;Centro;-25,30928;-52,53703;2025-03-15 15:50:00.0;0,00
NOVA LARANJEIRAS;411705701A;PR;Centro;-25,30928;-52,53703;2025-03-15 16:50:00.0;0,00
NOVA LARANJEIRAS;411705701A;PR;Centro;-25,30928;-52,53703;2025-03-15 17:40:00.0;0,40
NOVA LARANJEIRAS;411705701A;PR;Centro;-25,30928;-52,53703;2025-03-15 17:50:00.0;0,40
NOVA LARANJEIRAS;411705701A;PR;Centro;-25,30928;-52,53703;2025-03-15 18:00:00.0;0,40
NOVA LARANJEIRAS;411705701A;PR;Centro;-25,30928;-52,53703;2025-03-15 18:30:00.0;0,40
NOVA LARANJEIRAS;411705701A;PR;Centro;-25,30928;-52,53703;2025-03-15 18:50:00.0;0,00
NOVA LARANJEIRAS;411705701A;PR;Centro;-25,30928;-52,53703;2025-03-15 19:00:00.0;0,20
NOVA LARANJEIRAS;411705701A;PR;Centro;-25,30928;-52,53703;2025-03-15 19:50:00.0;0,00
NOVA LARANJEIRAS;411705701A;PR;Centro;-25,30928;-52,53703;2025-03-15 20:50:00.0;0,00
NOVA LARANJEIRAS;411705701A;PR;Centro;-25,30928;-52,53703;2025-03-15 21:50:00.0;0,00
NOVA LARANJEIRAS;411705701A;PR;Centro;-25,30928;-52,53703;2025-03-15 22:50:00.0;0,00
NOVA LARANJEIRAS;411705701A;PR;Centro;-25,30928;-52,53703;2025-03-15 23:50:00.0;0,00
NOVA LARANJEIRAS;411705701A;PR;Centro;-25,30928;-52,53703;2025-03-16 00:50:00.0;0,00
NOVA LARANJEIRAS;411705701A;PR;Centro;-25,30928;-52,53703;2025-03-16 01:50:00.0;0,00
NOVA LARANJEIRAS;411705701A;PR;Centro;-25,30928;-52,53703;2025-03-16 02:50:00.0;0,00
NOVA LARANJEIRAS;411705701A;PR;Centro;-25,30928;-52,53703;2025-03-16 03:50:00.0;0,00
NOVA LARANJEIRAS;411705701A;PR;Centro;-25,30928;-52,53703;2025-03-16 05:50:00.0;0,00
NOVA LARANJEIRAS;411705701A;PR;Centro;-25,30928;-52,53703;2025-03-16 06:50:00.0;0,00
NOVA LARANJEIRAS;411705701A;PR;Centro;-25,30928;-52,53703;2025-03-16 07:50:00.0;0,00
NOVA LARANJEIRAS;411705701A;PR;Centro;-25,30928;-52,53703;2025-03-16 08:50:00.0;0,00
NOVA LARANJEIRAS;411705701A;PR;Centro;-25,30928;-52,53703;2025-03-16 09:00:00.0;0,20
NOVA LARANJEIRAS;411705701A;PR;Centro;-25,30928;-52,53703;2025-03-16 09:50:00.0;0,00
NOVA LARANJEIRAS;411705701A;PR;Centro;-25,30928;-52,53703;2025-03-16 10:50:00.0;0,00
NOVA LARANJEIRAS;411705701A;PR;Centro;-25,30928;-52,53703;2025-03-16 11:50:00.0;0,00
NOVA LARANJEIRAS;411705701A;PR;Centro;-25,30928;-52,53703;2025-03-16 12:50:00.0;0,00
NOVA LARANJEIRAS;411705701A;PR;Centro;-25,30928;-52,53703;2025-03-16 13:50:00.0;0,00
NOVA LARANJEIRAS;411705701A;PR;Centro;-25,30928;-52,53703;2025-03-16 14:50:00.0;0,00
NOVA LARANJEIRAS;411705701A;PR;Centro;-25,30928;-52,53703;2025-03-16 15:50:00.0;0,00
NOVA LARANJEIRAS;411705701A;PR;Centro;-25,30928;-52,53703;2025-03-16 16:50:00.0;0,00
NOVA LARANJEIRAS;411705701A;PR;Centro;-25,30928;-52,53703;2025-03-16 17:50:00.0;0,00
NOVA LARANJEIRAS;411705701A;PR;Centro;-25,30928;-52,53703;2025-03-16 18:50:00.0;0,00
NOVA LARANJEIRAS;411705701A;PR;Centro;-25,30928;-52,53703;2025-03-16 19:50:00.0;0,00
NOVA LARANJEIRAS;411705701A;PR;Centro;-25,30928;-52,53703;2025-03-16 20:50:00.0;0,00
NOVA LARANJEIRAS;411705701A;PR;Centro;-25,30928;-52,53703;2025-03-16 21:50:00.0;0,00
NOVA LARANJEIRAS;411705701A;PR;Centro;-25,30928;-52,53703;2025-03-16 22:50:00.0;0,00
NOVA LARANJEIRAS;411705701A;PR;Centro;-25,30928;-52,53703;2025-03-16 23:50:00.0;0,00
NOVA LARANJEIRAS;411705701A;PR;Centro;-25,30928;-52,53703;2025-03-17 00:50:00.0;0,00
NOVA LARANJEIRAS;411705701A;PR;Centro;-25,30928;-52,53703;2025-03-17 01:50:00.0;0,00
NOVA LARANJEIRAS;411705701A;PR;Centro;-25,30928;-52,53703;2025-03-17 02:50:00.0;0,00
NOVA LARANJEIRAS;411705701A;PR;Centro;-25,30928;-52,53703;2025-03-17 03:50:00.0;0,00
NOVA LARANJEIRAS;411705701A;PR;Centro;-25,30928;-52,53703;2025-03-17 04:50:00.0;0,00
NOVA LARANJEIRAS;411705701A;PR;Centro;-25,30928;-52,53703;2025-03-17 05:50:00.0;0,00
NOVA LARANJEIRAS;411705701A;PR;Centro;-25,30928;-52,53703;2025-03-17 06:50:00.0;0,00
NOVA LARANJEIRAS;411705701A;PR;Centro;-25,30928;-52,53703;2025-03-17 07:50:00.0;0,00
NOVA LARANJEIRAS;411705701A;PR;Centro;-25,30928;-52,53703;2025-03-17 08:50:00.0;0,00
NOVA LARANJEIRAS;411705701A;PR;Centro;-25,30928;-52,53703;2025-03-17 09:50:00.0;0,00
NOVA LARANJEIRAS;411705701A;PR;Centro;-25,30928;-52,53703;2025-03-17 10:50:00.0;0,00
NOVA LARANJEIRAS;411705701A;PR;Centro;-25,30928;-52,53703;2025-03-17 11:50:00.0;0,00
NOVA LARANJEIRAS;411705701A;PR;Centro;-25,30928;-52,53703;2025-03-17 12:50:00.0;0,00
NOVA LARANJEIRAS;411705701A;PR;Centro;-25,30928;-52,53703;2025-03-17 13:50:00.0;0,00
NOVA LARANJEIRAS;411705701A;PR;Centro;-25,30928;-52,53703;2025-03-17 14:50:00.0;0,00
NOVA LARANJEIRAS;411705701A;PR;Centro;-25,30928;-52,53703;2025-03-17 15:50:00.0;0,00
NOVA LARANJEIRAS;411705701A;PR;Centro;-25,30928;-52,53703;2025-03-17 16:50:00.0;0,00
NOVA LARANJEIRAS;411705701A;PR;Centro;-25,30928;-52,53703;2025-03-17 17:50:00.0;0,00
NOVA LARANJEIRAS;411705701A;PR;Centro;-25,30928;-52,53703;2025-03-17 18:50:00.0;0,00
NOVA LARANJEIRAS;411705701A;PR;Centro;-25,30928;-52,53703;2025-03-17 19:50:00.0;0,00
NOVA LARANJEIRAS;411705701A;PR;Centro;-25,30928;-52,53703;2025-03-17 20:50:00.0;0,00
NOVA LARANJEIRAS;411705701A;PR;Centro;-25,30928;-52,53703;2025-03-17 21:50:00.0;0,00
NOVA LARANJEIRAS;411705701A;PR;Centro;-25,30928;-52,53703;2025-03-17 22:50:00.0;0,00
NOVA LARANJEIRAS;411705701A;PR;Centro;-25,30928;-52,53703;2025-03-17 23:50:00.0;0,00
NOVA LARANJEIRAS;411705701A;PR;Centro;-25,30928;-52,53703;2025-03-18 00:50:00.0;0,00
NOVA LARANJEIRAS;411705701A;PR;Centro;-25,30928;-52,53703;2025-03-18 01:50:00.0;0,00
NOVA LARANJEIRAS;411705701A;PR;Centro;-25,30928;-52,53703;2025-03-18 02:50:00.0;0,00
NOVA LARANJEIRAS;411705701A;PR;Centro;-25,30928;-52,53703;2025-03-18 03:50:00.0;0,00
NOVA LARANJEIRAS;411705701A;PR;Centro;-25,30928;-52,53703;2025-03-18 04:50:00.0;0,00
NOVA LARANJEIRAS;411705701A;PR;Centro;-25,30928;-52,53703;2025-03-18 05:50:00.0;0,00
NOVA LARANJEIRAS;411705701A;PR;Centro;-25,30928;-52,53703;2025-03-18 06:50:00.0;0,00
NOVA LARANJEIRAS;411705701A;PR;Centro;-25,30928;-52,53703;2025-03-18 07:50:00.0;0,00
NOVA LARANJEIRAS;411705701A;PR;Centro;-25,30928;-52,53703;2025-03-18 08:50:00.0;0,00
NOVA LARANJEIRAS;411705701A;PR;Centro;-25,30928;-52,53703;2025-03-18 09:50:00.0;0,00
NOVA LARANJEIRAS;411705701A;PR;Centro;-25,30928;-52,53703;2025-03-18 10:50:00.0;0,00
NOVA LARANJEIRAS;411705701A;PR;Centro;-25,30928;-52,53703;2025-03-18 11:50:00.0;0,00
NOVA LARANJEIRAS;411705701A;PR;Centro;-25,30928;-52,53703;2025-03-18 12:50:00.0;0,00
NOVA LARANJEIRAS;411705701A;PR;Centro;-25,30928;-52,53703;2025-03-18 13:50:00.0;0,00
NOVA LARANJEIRAS;411705701A;PR;Centro;-25,30928;-52,53703;2025-03-18 14:50:00.0;0,00
NOVA LARANJEIRAS;411705701A;PR;Centro;-25,30928;-52,53703;2025-03-18 15:50:00.0;0,00
NOVA LARANJEIRAS;411705701A;PR;Centro;-25,30928;-52,53703;2025-03-18 16:50:00.0;0,00
NOVA LARANJEIRAS;411705701A;PR;Centro;-25,30928;-52,53703;2025-03-18 17:50:00.0;0,00
NOVA LARANJEIRAS;411705701A;PR;Centro;-25,30928;-52,53703;2025-03-18 18:50:00.0;0,00
NOVA LARANJEIRAS;411705701A;PR;Centro;-25,30928;-52,53703;2025-03-18 19:50:00.0;0,00
NOVA LARANJEIRAS;411705701A;PR;Centro;-25,30928;-52,53703;2025-03-18 20:50:00.0;0,00
NOVA LARANJEIRAS;411705701A;PR;Centro;-25,30928;-52,53703;2025-03-18 21:50:00.0;0,00
NOVA LARANJEIRAS;411705701A;PR;Centro;-25,30928;-52,53703;2025-03-18 22:50:00.0;0,00
NOVA LARANJEIRAS;411705701A;PR;Centro;-25,30928;-52,53703;2025-03-18 23:50:00.0;0,00
NOVA LARANJEIRAS;411705701A;PR;Centro;-25,30928;-52,53703;2025-03-19 00:50:00.0;0,00
NOVA LARANJEIRAS;411705701A;PR;Centro;-25,30928;-52,53703;2025-03-19 01:50:00.0;0,00
NOVA LARANJEIRAS;411705701A;PR;Centro;-25,30928;-52,53703;2025-03-19 02:50:00.0;0,00
NOVA LARANJEIRAS;411705701A;PR;Centro;-25,30928;-52,53703;2025-03-19 03:50:00.0;0,00
NOVA LARANJEIRAS;411705701A;PR;Centro;-25,30928;-52,53703;2025-03-19 04:50:00.0;0,00
NOVA LARANJEIRAS;411705701A;PR;Centro;-25,30928;-52,53703;2025-03-19 05:50:00.0;0,00
NOVA LARANJEIRAS;411705701A;PR;Centro;-25,30928;-52,53703;2025-03-19 06:50:00.0;0,00
NOVA LARANJEIRAS;411705701A;PR;Centro;-25,30928;-52,53703;2025-03-19 07:50:00.0;0,00
NOVA LARANJEIRAS;411705701A;PR;Centro;-25,30928;-52,53703;2025-03-19 08:50:00.0;0,00
NOVA LARANJEIRAS;411705701A;PR;Centro;-25,30928;-52,53703;2025-03-19 09:50:00.0;0,00
NOVA LARANJEIRAS;411705701A;PR;Centro;-25,30928;-52,53703;2025-03-19 10:50:00.0;0,00
NOVA LARANJEIRAS;411705701A;PR;Centro;-25,30928;-52,53703;2025-03-19 11:50:00.0;0,00
NOVA LARANJEIRAS;411705701A;PR;Centro;-25,30928;-52,53703;2025-03-19 12:50:00.0;0,00
NOVA LARANJEIRAS;411705701A;PR;Centro;-25,30928;-52,53703;2025-03-19 13:50:00.0;0,00
NOVA LARANJEIRAS;411705701A;PR;Centro;-25,30928;-52,53703;2025-03-19 14:50:00.0;0,00
NOVA LARANJEIRAS;411705701A;PR;Centro;-25,30928;-52,53703;2025-03-19 15:50:00.0;0,00
NOVA LARANJEIRAS;411705701A;PR;Centro;-25,30928;-52,53703;2025-03-19 16:50:00.0;0,00
NOVA LARANJEIRAS;411705701A;PR;Centro;-25,30928;-52,53703;2025-03-19 17:50:00.0;0,00
NOVA LARANJEIRAS;411705701A;PR;Centro;-25,30928;-52,53703;2025-03-19 18:50:00.0;0,00
NOVA LARANJEIRAS;411705701A;PR;Centro;-25,30928;-52,53703;2025-03-19 19:50:00.0;0,00
NOVA LARANJEIRAS;411705701A;PR;Centro;-25,30928;-52,53703;2025-03-19 20:50:00.0;0,00
NOVA LARANJEIRAS;411705701A;PR;Centro;-25,30928;-52,53703;2025-03-19 21:50:00.0;0,00
NOVA LARANJEIRAS;411705701A;PR;Centro;-25,30928;-52,53703;2025-03-19 22:50:00.0;0,00
NOVA LARANJEIRAS;411705701A;PR;Centro;-25,30928;-52,53703;2025-03-19 23:50:00.0;0,00
NOVA LARANJEIRAS;411705701A;PR;Centro;-25,30928;-52,53703;2025-03-20 00:50:00.0;0,00
NOVA LARANJEIRAS;411705701A;PR;Centro;-25,30928;-52,53703;2025-03-20 01:50:00.0;0,00
NOVA LARANJEIRAS;411705701A;PR;Centro;-25,30928;-52,53703;2025-03-20 02:50:00.0;0,00
NOVA LARANJEIRAS;411705701A;PR;Centro;-25,30928;-52,53703;2025-03-20 03:50:00.0;0,00
NOVA LARANJEIRAS;411705701A;PR;Centro;-25,30928;-52,53703;2025-03-20 04:50:00.0;0,00
NOVA LARANJEIRAS;411705701A;PR;Centro;-25,30928;-52,53703;2025-03-20 05:50:00.0;0,00
NOVA LARANJEIRAS;411705701A;PR;Centro;-25,30928;-52,53703;2025-03-20 06:50:00.0;0,00
NOVA LARANJEIRAS;411705701A;PR;Centro;-25,30928;-52,53703;2025-03-20 07:50:00.0;0,00
NOVA LARANJEIRAS;411705701A;PR;Centro;-25,30928;-52,53703;2025-03-20 08:50:00.0;0,00
NOVA LARANJEIRAS;411705701A;PR;Centro;-25,30928;-52,53703;2025-03-20 09:50:00.0;0,00
NOVA LARANJEIRAS;411705701A;PR;Centro;-25,30928;-52,53703;2025-03-20 10:50:00.0;0,00
NOVA LARANJEIRAS;411705701A;PR;Centro;-25,30928;-52,53703;2025-03-20 11:50:00.0;0,00
NOVA LARANJEIRAS;411705701A;PR;Centro;-25,30928;-52,53703;2025-03-20 12:50:00.0;0,00
NOVA LARANJEIRAS;411705701A;PR;Centro;-25,30928;-52,53703;2025-03-20 13:50:00.0;0,00
NOVA LARANJEIRAS;411705701A;PR;Centro;-25,30928;-52,53703;2025-03-20 14:50:00.0;0,00
NOVA LARANJEIRAS;411705701A;PR;Centro;-25,30928;-52,53703;2025-03-20 15:50:00.0;0,00
NOVA LARANJEIRAS;411705701A;PR;Centro;-25,30928;-52,53703;2025-03-20 16:50:00.0;0,00
NOVA LARANJEIRAS;411705701A;PR;Centro;-25,30928;-52,53703;2025-03-20 17:50:00.0;0,00
NOVA LARANJEIRAS;411705701A;PR;Centro;-25,30928;-52,53703;2025-03-20 18:50:00.0;0,00
NOVA LARANJEIRAS;411705701A;PR;Centro;-25,30928;-52,53703;2025-03-20 19:50:00.0;0,00
NOVA LARANJEIRAS;411705701A;PR;Centro;-25,30928;-52,53703;2025-03-20 20:50:00.0;0,00
NOVA LARANJEIRAS;411705701A;PR;Centro;-25,30928;-52,53703;2025-03-20 21:50:00.0;0,00
NOVA LARANJEIRAS;411705701A;PR;Centro;-25,30928;-52,53703;2025-03-20 22:50:00.0;0,00
NOVA LARANJEIRAS;411705701A;PR;Centro;-25,30928;-52,53703;2025-03-20 23:50:00.0;0,00
NOVA LARANJEIRAS;411705701A;PR;Centro;-25,30928;-52,53703;2025-03-21 00:50:00.0;0,00
NOVA LARANJEIRAS;411705701A;PR;Centro;-25,30928;-52,53703;2025-03-21 01:50:00.0;0,00
NOVA LARANJEIRAS;411705701A;PR;Centro;-25,30928;-52,53703;2025-03-21 02:50:00.0;0,00
NOVA LARANJEIRAS;411705701A;PR;Centro;-25,30928;-52,53703;2025-03-21 03:50:00.0;0,00
NOVA LARANJEIRAS;411705701A;PR;Centro;-25,30928;-52,53703;2025-03-21 04:50:00.0;0,00
NOVA LARANJEIRAS;411705701A;PR;Centro;-25,30928;-52,53703;2025-03-21 05:50:00.0;0,00
NOVA LARANJEIRAS;411705701A;PR;Centro;-25,30928;-52,53703;2025-03-21 06:50:00.0;0,00
NOVA LARANJEIRAS;411705701A;PR;Centro;-25,30928;-52,53703;2025-03-21 07:50:00.0;0,00
NOVA LARANJEIRAS;411705701A;PR;Centro;-25,30928;-52,53703;2025-03-21 08:50:00.0;0,00
NOVA LARANJEIRAS;411705701A;PR;Centro;-25,30928;-52,53703;2025-03-21 09:50:00.0;0,00
NOVA LARANJEIRAS;411705701A;PR;Centro;-25,30928;-52,53703;2025-03-21 10:50:00.0;0,00
NOVA LARANJEIRAS;411705701A;PR;Centro;-25,30928;-52,53703;2025-03-21 11:50:00.0;0,00
NOVA LARANJEIRAS;411705701A;PR;Centro;-25,30928;-52,53703;2025-03-21 12:50:00.0;0,00
NOVA LARANJEIRAS;411705701A;PR;Centro;-25,30928;-52,53703;2025-03-21 13:50:00.0;0,00
NOVA LARANJEIRAS;411705701A;PR;Centro;-25,30928;-52,53703;2025-03-21 14:50:00.0;0,00
NOVA LARANJEIRAS;411705701A;PR;Centro;-25,30928;-52,53703;2025-03-21 15:50:00.0;0,00
NOVA LARANJEIRAS;411705701A;PR;Centro;-25,30928;-52,53703;2025-03-21 16:50:00.0;0,00
NOVA LARANJEIRAS;411705701A;PR;Centro;-25,30928;-52,53703;2025-03-21 17:50:00.0;0,00
NOVA LARANJEIRAS;411705701A;PR;Centro;-25,30928;-52,53703;2025-03-21 18:50:00.0;0,00
NOVA LARANJEIRAS;411705701A;PR;Centro;-25,30928;-52,53703;2025-03-21 19:50:00.0;0,00
NOVA LARANJEIRAS;411705701A;PR;Centro;-25,30928;-52,53703;2025-03-21 20:50:00.0;0,00
NOVA LARANJEIRAS;411705701A;PR;Centro;-25,30928;-52,53703;2025-03-21 21:50:00.0;0,00
NOVA LARANJEIRAS;411705701A;PR;Centro;-25,30928;-52,53703;2025-03-21 22:50:00.0;0,00
NOVA LARANJEIRAS;411705701A;PR;Centro;-25,30928;-52,53703;2025-03-21 23:50:00.0;0,00
NOVA LARANJEIRAS;411705701A;PR;Centro;-25,30928;-52,53703;2025-03-22 00:50:00.0;0,00
NOVA LARANJEIRAS;411705701A;PR;Centro;-25,30928;-52,53703;2025-03-22 01:50:00.0;0,00
NOVA LARANJEIRAS;411705701A;PR;Centro;-25,30928;-52,53703;2025-03-22 02:50:00.0;0,00
NOVA LARANJEIRAS;411705701A;PR;Centro;-25,30928;-52,53703;2025-03-22 03:50:00.0;0,00
NOVA LARANJEIRAS;411705701A;PR;Centro;-25,30928;-52,53703;2025-03-22 04:50:00.0;0,00
NOVA LARANJEIRAS;411705701A;PR;Centro;-25,30928;-52,53703;2025-03-22 05:50:00.0;0,00
NOVA LARANJEIRAS;411705701A;PR;Centro;-25,30928;-52,53703;2025-03-22 06:50:00.0;0,00
NOVA LARANJEIRAS;411705701A;PR;Centro;-25,30928;-52,53703;2025-03-22 07:50:00.0;0,00
NOVA LARANJEIRAS;411705701A;PR;Centro;-25,30928;-52,53703;2025-03-22 08:50:00.0;0,00
NOVA LARANJEIRAS;411705701A;PR;Centro;-25,30928;-52,53703;2025-03-22 09:50:00.0;0,00
NOVA LARANJEIRAS;411705701A;PR;Centro;-25,30928;-52,53703;2025-03-22 10:50:00.0;0,00
NOVA LARANJEIRAS;411705701A;PR;Centro;-25,30928;-52,53703;2025-03-22 11:50:00.0;0,00
NOVA LARANJEIRAS;411705701A;PR;Centro;-25,30928;-52,53703;2025-03-22 12:50:00.0;0,00
NOVA LARANJEIRAS;411705701A;PR;Centro;-25,30928;-52,53703;2025-03-22 13:50:00.0;0,00
NOVA LARANJEIRAS;411705701A;PR;Centro;-25,30928;-52,53703;2025-03-22 14:50:00.0;0,00
NOVA LARANJEIRAS;411705701A;PR;Centro;-25,30928;-52,53703;2025-03-22 15:50:00.0;0,00
NOVA LARANJEIRAS;411705701A;PR;Centro;-25,30928;-52,53703;2025-03-22 16:50:00.0;0,00
NOVA LARANJEIRAS;411705701A;PR;Centro;-25,30928;-52,53703;2025-03-22 17:50:00.0;0,00
NOVA LARANJEIRAS;411705701A;PR;Centro;-25,30928;-52,53703;2025-03-22 18:50:00.0;0,00
NOVA LARANJEIRAS;411705701A;PR;Centro;-25,30928;-52,53703;2025-03-22 19:50:00.0;0,00
NOVA LARANJEIRAS;411705701A;PR;Centro;-25,30928;-52,53703;2025-03-22 20:50:00.0;0,00
NOVA LARANJEIRAS;411705701A;PR;Centro;-25,30928;-52,53703;2025-03-22 21:50:00.0;0,00
NOVA LARANJEIRAS;411705701A;PR;Centro;-25,30928;-52,53703;2025-03-22 22:50:00.0;0,00
NOVA LARANJEIRAS;411705701A;PR;Centro;-25,30928;-52,53703;2025-03-22 23:50:00.0;0,00
NOVA LARANJEIRAS;411705701A;PR;Centro;-25,30928;-52,53703;2025-03-23 00:50:00.0;0,00
NOVA LARANJEIRAS;411705701A;PR;Centro;-25,30928;-52,53703;2025-03-23 01:50:00.0;0,00
NOVA LARANJEIRAS;411705701A;PR;Centro;-25,30928;-52,53703;2025-03-23 02:50:00.0;0,00
NOVA LARANJEIRAS;411705701A;PR;Centro;-25,30928;-52,53703;2025-03-23 03:50:00.0;0,00
NOVA LARANJEIRAS;411705701A;PR;Centro;-25,30928;-52,53703;2025-03-23 04:50:00.0;0,00
NOVA LARANJEIRAS;411705701A;PR;Centro;-25,30928;-52,53703;2025-03-23 05:50:00.0;0,00
NOVA LARANJEIRAS;411705701A;PR;Centro;-25,30928;-52,53703;2025-03-23 06:50:00.0;0,00
NOVA LARANJEIRAS;411705701A;PR;Centro;-25,30928;-52,53703;2025-03-23 07:50:00.0;0,00
NOVA LARANJEIRAS;411705701A;PR;Centro;-25,30928;-52,53703;2025-03-23 08:50:00.0;0,00
NOVA LARANJEIRAS;411705701A;PR;Centro;-25,30928;-52,53703;2025-03-23 09:50:00.0;0,00
NOVA LARANJEIRAS;411705701A;PR;Centro;-25,30928;-52,53703;2025-03-23 10:50:00.0;0,00
NOVA LARANJEIRAS;411705701A;PR;Centro;-25,30928;-52,53703;2025-03-23 11:50:00.0;0,00
NOVA LARANJEIRAS;411705701A;PR;Centro;-25,30928;-52,53703;2025-03-23 12:50:00.0;0,00
NOVA LARANJEIRAS;411705701A;PR;Centro;-25,30928;-52,53703;2025-03-23 13:50:00.0;0,00
NOVA LARANJEIRAS;411705701A;PR;Centro;-25,30928;-52,53703;2025-03-23 14:50:00.0;0,00
NOVA LARANJEIRAS;411705701A;PR;Centro;-25,30928;-52,53703;2025-03-23 15:50:00.0;0,00
NOVA LARANJEIRAS;411705701A;PR;Centro;-25,30928;-52,53703;2025-03-23 16:50:00.0;0,00
NOVA LARANJEIRAS;411705701A;PR;Centro;-25,30928;-52,53703;2025-03-23 17:50:00.0;0,00
NOVA LARANJEIRAS;411705701A;PR;Centro;-25,30928;-52,53703;2025-03-23 18:50:00.0;0,00
NOVA LARANJEIRAS;411705701A;PR;Centro;-25,30928;-52,53703;2025-03-23 19:50:00.0;0,00
NOVA LARANJEIRAS;411705701A;PR;Centro;-25,30928;-52,53703;2025-03-23 20:50:00.0;0,00
NOVA LARANJEIRAS;411705701A;PR;Centro;-25,30928;-52,53703;2025-03-23 21:50:00.0;0,00
NOVA LARANJEIRAS;411705701A;PR;Centro;-25,30928;-52,53703;2025-03-23 22:50:00.0;0,00
NOVA LARANJEIRAS;411705701A;PR;Centro;-25,30928;-52,53703;2025-03-23 23:50:00.0;0,00
NOVA LARANJEIRAS;411705701A;PR;Centro;-25,30928;-52,53703;2025-03-24 00:50:00.0;0,00
NOVA LARANJEIRAS;411705701A;PR;Centro;-25,30928;-52,53703;2025-03-24 01:50:00.0;0,00
NOVA LARANJEIRAS;411705701A;PR;Centro;-25,30928;-52,53703;2025-03-24 02:50:00.0;0,00
NOVA LARANJEIRAS;411705701A;PR;Centro;-25,30928;-52,53703;2025-03-24 03:50:00.0;0,00
NOVA LARANJEIRAS;411705701A;PR;Centro;-25,30928;-52,53703;2025-03-24 04:50:00.0;0,00
NOVA LARANJEIRAS;411705701A;PR;Centro;-25,30928;-52,53703;2025-03-24 05:50:00.0;0,00
NOVA LARANJEIRAS;411705701A;PR;Centro;-25,30928;-52,53703;2025-03-24 06:50:00.0;0,00
NOVA LARANJEIRAS;411705701A;PR;Centro;-25,30928;-52,53703;2025-03-24 07:50:00.0;0,00
NOVA LARANJEIRAS;411705701A;PR;Centro;-25,30928;-52,53703;2025-03-24 08:50:00.0;0,00
NOVA LARANJEIRAS;411705701A;PR;Centro;-25,30928;-52,53703;2025-03-24 09:50:00.0;0,00
NOVA LARANJEIRAS;411705701A;PR;Centro;-25,30928;-52,53703;2025-03-24 10:50:00.0;0,00
NOVA LARANJEIRAS;411705701A;PR;Centro;-25,30928;-52,53703;2025-03-24 11:50:00.0;0,00
NOVA LARANJEIRAS;411705701A;PR;Centro;-25,30928;-52,53703;2025-03-24 12:50:00.0;0,00
NOVA LARANJEIRAS;411705701A;PR;Centro;-25,30928;-52,53703;2025-03-24 13:50:00.0;0,00
NOVA LARANJEIRAS;411705701A;PR;Centro;-25,30928;-52,53703;2025-03-24 14:50:00.0;0,00
NOVA LARANJEIRAS;411705701A;PR;Centro;-25,30928;-52,53703;2025-03-24 15:50:00.0;0,00
NOVA LARANJEIRAS;411705701A;PR;Centro;-25,30928;-52,53703;2025-03-24 16:50:00.0;0,00
NOVA LARANJEIRAS;411705701A;PR;Centro;-25,30928;-52,53703;2025-03-24 17:50:00.0;0,00
NOVA LARANJEIRAS;411705701A;PR;Centro;-25,30928;-52,53703;2025-03-24 18:50:00.0;0,00
NOVA LARANJEIRAS;411705701A;PR;Centro;-25,30928;-52,53703;2025-03-24 19:50:00.0;0,00
NOVA LARANJEIRAS;411705701A;PR;Centro;-25,30928;-52,53703;2025-03-24 20:50:00.0;0,00
NOVA LARANJEIRAS;411705701A;PR;Centro;-25,30928;-52,53703;2025-03-24 21:50:00.0;0,00
NOVA LARANJEIRAS;411705701A;PR;Centro;-25,30928;-52,53703;2025-03-24 22:50:00.0;0,00
NOVA LARANJEIRAS;411705701A;PR;Centro;-25,30928;-52,53703;2025-03-24 23:50:00.0;0,00
NOVA LARANJEIRAS;411705701A;PR;Centro;-25,30928;-52,53703;2025-03-25 00:50:00.0;0,00
NOVA LARANJEIRAS;411705701A;PR;Centro;-25,30928;-52,53703;2025-03-25 01:50:00.0;0,00
NOVA LARANJEIRAS;411705701A;PR;Centro;-25,30928;-52,53703;2025-03-25 02:50:00.0;0,00
NOVA LARANJEIRAS;411705701A;PR;Centro;-25,30928;-52,53703;2025-03-25 03:50:00.0;0,00
NOVA LARANJEIRAS;411705701A;PR;Centro;-25,30928;-52,53703;2025-03-25 04:50:00.0;0,00
NOVA LARANJEIRAS;411705701A;PR;Centro;-25,30928;-52,53703;2025-03-25 05:50:00.0;0,00
NOVA LARANJEIRAS;411705701A;PR;Centro;-25,30928;-52,53703;2025-03-25 06:50:00.0;0,00
NOVA LARANJEIRAS;411705701A;PR;Centro;-25,30928;-52,53703;2025-03-25 07:50:00.0;0,00
NOVA LARANJEIRAS;411705701A;PR;Centro;-25,30928;-52,53703;2025-03-25 08:50:00.0;0,00
NOVA LARANJEIRAS;411705701A;PR;Centro;-25,30928;-52,53703;2025-03-25 09:50:00.0;0,00
NOVA LARANJEIRAS;411705701A;PR;Centro;-25,30928;-52,53703;2025-03-25 10:50:00.0;0,00
NOVA LARANJEIRAS;411705701A;PR;Centro;-25,30928;-52,53703;2025-03-25 11:50:00.0;0,00
NOVA LARANJEIRAS;411705701A;PR;Centro;-25,30928;-52,53703;2025-03-25 12:50:00.0;0,00
NOVA LARANJEIRAS;411705701A;PR;Centro;-25,30928;-52,53703;2025-03-25 13:50:00.0;0,00
NOVA LARANJEIRAS;411705701A;PR;Centro;-25,30928;-52,53703;2025-03-25 16:00:00.0;0,00
NOVA LARANJEIRAS;411705701A;PR;Centro;-25,30928;-52,53703;2025-03-25 16:50:00.0;0,00
NOVA LARANJEIRAS;411705701A;PR;Centro;-25,30928;-52,53703;2025-03-25 17:50:00.0;0,00
NOVA LARANJEIRAS;411705701A;PR;Centro;-25,30928;-52,53703;2025-03-25 18:50:00.0;0,00
NOVA LARANJEIRAS;411705701A;PR;Centro;-25,30928;-52,53703;2025-03-25 19:50:00.0;0,00
NOVA LARANJEIRAS;411705701A;PR;Centro;-25,30928;-52,53703;2025-03-25 20:50:00.0;0,00
NOVA LARANJEIRAS;411705701A;PR;Centro;-25,30928;-52,53703;2025-03-25 21:50:00.0;0,00
NOVA LARANJEIRAS;411705701A;PR;Centro;-25,30928;-52,53703;2025-03-25 22:50:00.0;0,00
NOVA LARANJEIRAS;411705701A;PR;Centro;-25,30928;-52,53703;2025-03-25 23:40:00.0;0,20
NOVA LARANJEIRAS;411705701A;PR;Centro;-25,30928;-52,53703;2025-03-26 00:50:00.0;0,00
NOVA LARANJEIRAS;411705701A;PR;Centro;-25,30928;-52,53703;2025-03-26 01:00:00.0;0,20
NOVA LARANJEIRAS;411705701A;PR;Centro;-25,30928;-52,53703;2025-03-26 01:50:00.0;0,00
NOVA LARANJEIRAS;411705701A;PR;Centro;-25,30928;-52,53703;2025-03-26 02:50:00.0;0,00
NOVA LARANJEIRAS;411705701A;PR;Centro;-25,30928;-52,53703;2025-03-26 03:50:00.0;0,00
NOVA LARANJEIRAS;411705701A;PR;Centro;-25,30928;-52,53703;2025-03-26 04:50:00.0;0,00
NOVA LARANJEIRAS;411705701A;PR;Centro;-25,30928;-52,53703;2025-03-26 05:50:00.0;0,00
NOVA LARANJEIRAS;411705701A;PR;Centro;-25,30928;-52,53703;2025-03-26 06:50:00.0;0,00
NOVA LARANJEIRAS;411705701A;PR;Centro;-25,30928;-52,53703;2025-03-26 07:50:00.0;0,00
NOVA LARANJEIRAS;411705701A;PR;Centro;-25,30928;-52,53703;2025-03-26 08:50:00.0;0,00
NOVA LARANJEIRAS;411705701A;PR;Centro;-25,30928;-52,53703;2025-03-26 09:50:00.0;0,00
NOVA LARANJEIRAS;411705701A;PR;Centro;-25,30928;-52,53703;2025-03-26 10:50:00.0;0,00
NOVA LARANJEIRAS;411705701A;PR;Centro;-25,30928;-52,53703;2025-03-26 11:50:00.0;0,00
NOVA LARANJEIRAS;411705701A;PR;Centro;-25,30928;-52,53703;2025-03-26 12:50:00.0;0,00
NOVA LARANJEIRAS;411705701A;PR;Centro;-25,30928;-52,53703;2025-03-26 13:50:00.0;0,00
NOVA LARANJEIRAS;411705701A;PR;Centro;-25,30928;-52,53703;2025-03-26 14:50:00.0;0,00
NOVA LARANJEIRAS;411705701A;PR;Centro;-25,30928;-52,53703;2025-03-26 15:50:00.0;0,00
NOVA LARANJEIRAS;411705701A;PR;Centro;-25,30928;-52,53703;2025-03-26 16:50:00.0;0,00
NOVA LARANJEIRAS;411705701A;PR;Centro;-25,30928;-52,53703;2025-03-26 17:50:00.0;0,00
NOVA LARANJEIRAS;411705701A;PR;Centro;-25,30928;-52,53703;2025-03-26 18:50:00.0;0,00
NOVA LARANJEIRAS;411705701A;PR;Centro;-25,30928;-52,53703;2025-03-26 19:50:00.0;0,00
NOVA LARANJEIRAS;411705701A;PR;Centro;-25,30928;-52,53703;2025-03-26 20:50:00.0;0,00
NOVA LARANJEIRAS;411705701A;PR;Centro;-25,30928;-52,53703;2025-03-26 21:50:00.0;0,00
NOVA LARANJEIRAS;411705701A;PR;Centro;-25,30928;-52,53703;2025-03-26 22:50:00.0;0,00
NOVA LARANJEIRAS;411705701A;PR;Centro;-25,30928;-52,53703;2025-03-26 23:50:00.0;0,00
NOVA LARANJEIRAS;411705701A;PR;Centro;-25,30928;-52,53703;2025-03-27 00:50:00.0;0,00
NOVA LARANJEIRAS;411705701A;PR;Centro;-25,30928;-52,53703;2025-03-27 01:50:00.0;0,00
NOVA LARANJEIRAS;411705701A;PR;Centro;-25,30928;-52,53703;2025-03-27 02:50:00.0;0,00
NOVA LARANJEIRAS;411705701A;PR;Centro;-25,30928;-52,53703;2025-03-27 03:50:00.0;0,00
NOVA LARANJEIRAS;411705701A;PR;Centro;-25,30928;-52,53703;2025-03-27 04:50:00.0;0,00
NOVA LARANJEIRAS;411705701A;PR;Centro;-25,30928;-52,53703;2025-03-27 05:50:00.0;0,00
NOVA LARANJEIRAS;411705701A;PR;Centro;-25,30928;-52,53703;2025-03-27 06:50:00.0;0,00
NOVA LARANJEIRAS;411705701A;PR;Centro;-25,30928;-52,53703;2025-03-27 07:50:00.0;0,00
NOVA LARANJEIRAS;411705701A;PR;Centro;-25,30928;-52,53703;2025-03-27 08:50:00.0;0,00
NOVA LARANJEIRAS;411705701A;PR;Centro;-25,30928;-52,53703;2025-03-27 09:50:00.0;0,00
NOVA LARANJEIRAS;411705701A;PR;Centro;-25,30928;-52,53703;2025-03-27 10:50:00.0;0,00
NOVA LARANJEIRAS;411705701A;PR;Centro;-25,30928;-52,53703;2025-03-27 11:50:00.0;0,00
NOVA LARANJEIRAS;411705701A;PR;Centro;-25,30928;-52,53703;2025-03-27 12:50:00.0;0,00
NOVA LARANJEIRAS;411705701A;PR;Centro;-25,30928;-52,53703;2025-03-27 13:50:00.0;0,00
NOVA LARANJEIRAS;411705701A;PR;Centro;-25,30928;-52,53703;2025-03-27 14:50:00.0;0,00
NOVA LARANJEIRAS;411705701A;PR;Centro;-25,30928;-52,53703;2025-03-27 15:50:00.0;0,00
NOVA LARANJEIRAS;411705701A;PR;Centro;-25,30928;-52,53703;2025-03-27 16:50:00.0;0,00
NOVA LARANJEIRAS;411705701A;PR;Centro;-25,30928;-52,53703;2025-03-27 17:50:00.0;0,00
NOVA LARANJEIRAS;411705701A;PR;Centro;-25,30928;-52,53703;2025-03-27 18:50:00.0;0,00
NOVA LARANJEIRAS;411705701A;PR;Centro;-25,30928;-52,53703;2025-03-27 19:50:00.0;0,00
NOVA LARANJEIRAS;411705701A;PR;Centro;-25,30928;-52,53703;2025-03-27 20:50:00.0;0,00
NOVA LARANJEIRAS;411705701A;PR;Centro;-25,30928;-52,53703;2025-03-27 21:50:00.0;0,00
NOVA LARANJEIRAS;411705701A;PR;Centro;-25,30928;-52,53703;2025-03-27 22:50:00.0;0,00
NOVA LARANJEIRAS;411705701A;PR;Centro;-25,30928;-52,53703;2025-03-27 23:50:00.0;0,00
NOVA LARANJEIRAS;411705701A;PR;Centro;-25,30928;-52,53703;2025-03-28 00:50:00.0;0,00
NOVA LARANJEIRAS;411705701A;PR;Centro;-25,30928;-52,53703;2025-03-28 01:50:00.0;0,00
NOVA LARANJEIRAS;411705701A;PR;Centro;-25,30928;-52,53703;2025-03-28 02:50:00.0;0,00
NOVA LARANJEIRAS;411705701A;PR;Centro;-25,30928;-52,53703;2025-03-28 03:10:00.0;0,40
NOVA LARANJEIRAS;411705701A;PR;Centro;-25,30928;-52,53703;2025-03-28 03:20:00.0;0,80
NOVA LARANJEIRAS;411705701A;PR;Centro;-25,30928;-52,53703;2025-03-28 03:30:00.0;4,80
NOVA LARANJEIRAS;411705701A;PR;Centro;-25,30928;-52,53703;2025-03-28 03:40:00.0;3,40
NOVA LARANJEIRAS;411705701A;PR;Centro;-25,30928;-52,53703;2025-03-28 03:50:00.0;1,80
NOVA LARANJEIRAS;411705701A;PR;Centro;-25,30928;-52,53703;2025-03-28 04:00:00.0;1,60
NOVA LARANJEIRAS;411705701A;PR;Centro;-25,30928;-52,53703;2025-03-28 04:10:00.0;1,80
NOVA LARANJEIRAS;411705701A;PR;Centro;-25,30928;-52,53703;2025-03-28 04:20:00.0;1,60
NOVA LARANJEIRAS;411705701A;PR;Centro;-25,30928;-52,53703;2025-03-28 04:30:00.0;0,80
NOVA LARANJEIRAS;411705701A;PR;Centro;-25,30928;-52,53703;2025-03-28 04:40:00.0;0,80
NOVA LARANJEIRAS;411705701A;PR;Centro;-25,30928;-52,53703;2025-03-28 04:50:00.0;0,40
NOVA LARANJEIRAS;411705701A;PR;Centro;-25,30928;-52,53703;2025-03-28 05:00:00.0;0,80
NOVA LARANJEIRAS;411705701A;PR;Centro;-25,30928;-52,53703;2025-03-28 05:10:00.0;0,40
NOVA LARANJEIRAS;411705701A;PR;Centro;-25,30928;-52,53703;2025-03-28 05:20:00.0;0,40
NOVA LARANJEIRAS;411705701A;PR;Centro;-25,30928;-52,53703;2025-03-28 05:50:00.0;0,00
NOVA LARANJEIRAS;411705701A;PR;Centro;-25,30928;-52,53703;2025-03-28 06:50:00.0;0,00
NOVA LARANJEIRAS;411705701A;PR;Centro;-25,30928;-52,53703;2025-03-28 07:50:00.0;0,20
NOVA LARANJEIRAS;411705701A;PR;Centro;-25,30928;-52,53703;2025-03-28 08:10:00.0;0,20
NOVA LARANJEIRAS;411705701A;PR;Centro;-25,30928;-52,53703;2025-03-28 08:50:00.0;0,00
NOVA LARANJEIRAS;411705701A;PR;Centro;-25,30928;-52,53703;2025-03-28 09:50:00.0;0,00
NOVA LARANJEIRAS;411705701A;PR;Centro;-25,30928;-52,53703;2025-03-28 10:50:00.0;0,00
NOVA LARANJEIRAS;411705701A;PR;Centro;-25,30928;-52,53703;2025-03-28 11:20:00.0;0,20
NOVA LARANJEIRAS;411705701A;PR;Centro;-25,30928;-52,53703;2025-03-28 11:50:00.0;0,00
NOVA LARANJEIRAS;411705701A;PR;Centro;-25,30928;-52,53703;2025-03-28 12:50:00.0;0,00
NOVA LARANJEIRAS;411705701A;PR;Centro;-25,30928;-52,53703;2025-03-28 13:50:00.0;0,00
NOVA LARANJEIRAS;411705701A;PR;Centro;-25,30928;-52,53703;2025-03-28 14:50:00.0;0,00
NOVA LARANJEIRAS;411705701A;PR;Centro;-25,30928;-52,53703;2025-03-28 15:50:00.0;0,00
NOVA LARANJEIRAS;411705701A;PR;Centro;-25,30928;-52,53703;2025-03-28 16:50:00.0;0,00
NOVA LARANJEIRAS;411705701A;PR;Centro;-25,30928;-52,53703;2025-03-28 17:50:00.0;0,00
NOVA LARANJEIRAS;411705701A;PR;Centro;-25,30928;-52,53703;2025-03-28 18:50:00.0;0,00
NOVA LARANJEIRAS;411705701A;PR;Centro;-25,30928;-52,53703;2025-03-28 19:50:00.0;0,00
NOVA LARANJEIRAS;411705701A;PR;Centro;-25,30928;-52,53703;2025-03-28 20:50:00.0;0,00
NOVA LARANJEIRAS;411705701A;PR;Centro;-25,30928;-52,53703;2025-03-28 21:50:00.0;0,00
NOVA LARANJEIRAS;411705701A;PR;Centro;-25,30928;-52,53703;2025-03-28 22:50:00.0;0,00
NOVA LARANJEIRAS;411705701A;PR;Centro;-25,30928;-52,53703;2025-03-28 23:50:00.0;0,00
NOVA LARANJEIRAS;411705701A;PR;Centro;-25,30928;-52,53703;2025-03-29 00:50:00.0;0,00
NOVA LARANJEIRAS;411705701A;PR;Centro;-25,30928;-52,53703;2025-03-29 01:50:00.0;0,00
NOVA LARANJEIRAS;411705701A;PR;Centro;-25,30928;-52,53703;2025-03-29 02:50:00.0;0,00
NOVA LARANJEIRAS;411705701A;PR;Centro;-25,30928;-52,53703;2025-03-29 03:50:00.0;0,00
NOVA LARANJEIRAS;411705701A;PR;Centro;-25,30928;-52,53703;2025-03-29 04:50:00.0;0,00
NOVA LARANJEIRAS;411705701A;PR;Centro;-25,30928;-52,53703;2025-03-29 05:50:00.0;0,00
NOVA LARANJEIRAS;411705701A;PR;Centro;-25,30928;-52,53703;2025-03-29 06:50:00.0;0,00
NOVA LARANJEIRAS;411705701A;PR;Centro;-25,30928;-52,53703;2025-03-29 07:50:00.0;0,00
NOVA LARANJEIRAS;411705701A;PR;Centro;-25,30928;-52,53703;2025-03-29 08:50:00.0;0,00
NOVA LARANJEIRAS;411705701A;PR;Centro;-25,30928;-52,53703;2025-03-29 09:50:00.0;0,00
NOVA LARANJEIRAS;411705701A;PR;Centro;-25,30928;-52,53703;2025-03-29 10:50:00.0;0,00
NOVA LARANJEIRAS;411705701A;PR;Centro;-25,30928;-52,53703;2025-03-29 11:50:00.0;0,00
NOVA LARANJEIRAS;411705701A;PR;Centro;-25,30928;-52,53703;2025-03-29 12:50:00.0;0,00
NOVA LARANJEIRAS;411705701A;PR;Centro;-25,30928;-52,53703;2025-03-29 13:40:00.0;0,40
NOVA LARANJEIRAS;411705701A;PR;Centro;-25,30928;-52,53703;2025-03-29 13:50:00.0;0,20
NOVA LARANJEIRAS;411705701A;PR;Centro;-25,30928;-52,53703;2025-03-29 14:00:00.0;0,20
NOVA LARANJEIRAS;411705701A;PR;Centro;-25,30928;-52,53703;2025-03-29 14:10:00.0;0,20
NOVA LARANJEIRAS;411705701A;PR;Centro;-25,30928;-52,53703;2025-03-29 14:20:00.0;0,60
NOVA LARANJEIRAS;411705701A;PR;Centro;-25,30928;-52,53703;2025-03-29 14:30:00.0;0,20
NOVA LARANJEIRAS;411705701A;PR;Centro;-25,30928;-52,53703;2025-03-29 14:50:00.0;0,20
NOVA LARANJEIRAS;411705701A;PR;Centro;-25,30928;-52,53703;2025-03-29 15:10:00.0;0,20
NOVA LARANJEIRAS;411705701A;PR;Centro;-25,30928;-52,53703;2025-03-29 15:20:00.0;0,20
NOVA LARANJEIRAS;411705701A;PR;Centro;-25,30928;-52,53703;2025-03-29 15:30:00.0;0,20
NOVA LARANJEIRAS;411705701A;PR;Centro;-25,30928;-52,53703;2025-03-29 15:50:00.0;0,00
NOVA LARANJEIRAS;411705701A;PR;Centro;-25,30928;-52,53703;2025-03-29 16:50:00.0;0,00
NOVA LARANJEIRAS;411705701A;PR;Centro;-25,30928;-52,53703;2025-03-29 17:50:00.0;0,00
NOVA LARANJEIRAS;411705701A;PR;Centro;-25,30928;-52,53703;2025-03-29 18:50:00.0;0,00
NOVA LARANJEIRAS;411705701A;PR;Centro;-25,30928;-52,53703;2025-03-29 19:50:00.0;0,00
NOVA LARANJEIRAS;411705701A;PR;Centro;-25,30928;-52,53703;2025-03-29 20:50:00.0;0,00
NOVA LARANJEIRAS;411705701A;PR;Centro;-25,30928;-52,53703;2025-03-29 21:50:00.0;0,00
NOVA LARANJEIRAS;411705701A;PR;Centro;-25,30928;-52,53703;2025-03-29 22:50:00.0;0,00
NOVA LARANJEIRAS;411705701A;PR;Centro;-25,30928;-52,53703;2025-03-29 23:50:00.0;0,00
NOVA LARANJEIRAS;411705701A;PR;Centro;-25,30928;-52,53703;2025-03-30 00:50:00.0;0,00
NOVA LARANJEIRAS;411705701A;PR;Centro;-25,30928;-52,53703;2025-03-30 01:50:00.0;0,00
NOVA LARANJEIRAS;411705701A;PR;Centro;-25,30928;-52,53703;2025-03-30 02:50:00.0;0,00
NOVA LARANJEIRAS;411705701A;PR;Centro;-25,30928;-52,53703;2025-03-30 03:50:00.0;0,00
NOVA LARANJEIRAS;411705701A;PR;Centro;-25,30928;-52,53703;2025-03-30 04:50:00.0;0,00
NOVA LARANJEIRAS;411705701A;PR;Centro;-25,30928;-52,53703;2025-03-30 05:50:00.0;0,00
NOVA LARANJEIRAS;411705701A;PR;Centro;-25,30928;-52,53703;2025-03-30 06:50:00.0;0,00
NOVA LARANJEIRAS;411705701A;PR;Centro;-25,30928;-52,53703;2025-03-30 07:50:00.0;0,00
NOVA LARANJEIRAS;411705701A;PR;Centro;-25,30928;-52,53703;2025-03-30 08:50:00.0;0,00
NOVA LARANJEIRAS;411705701A;PR;Centro;-25,30928;-52,53703;2025-03-30 09:50:00.0;0,00
NOVA LARANJEIRAS;411705701A;PR;Centro;-25,30928;-52,53703;2025-03-30 10:50:00.0;0,00
NOVA LARANJEIRAS;411705701A;PR;Centro;-25,30928;-52,53703;2025-03-30 11:50:00.0;0,00
NOVA LARANJEIRAS;411705701A;PR;Centro;-25,30928;-52,53703;2025-03-30 12:50:00.0;0,00
NOVA LARANJEIRAS;411705701A;PR;Centro;-25,30928;-52,53703;2025-03-30 13:50:00.0;0,00
NOVA LARANJEIRAS;411705701A;PR;Centro;-25,30928;-52,53703;2025-03-30 14:50:00.0;0,00
NOVA LARANJEIRAS;411705701A;PR;Centro;-25,30928;-52,53703;2025-03-30 15:50:00.0;0,00
NOVA LARANJEIRAS;411705701A;PR;Centro;-25,30928;-52,53703;2025-03-30 16:50:00.0;0,00
NOVA LARANJEIRAS;411705701A;PR;Centro;-25,30928;-52,53703;2025-03-30 17:50:00.0;0,00
NOVA LARANJEIRAS;411705701A;PR;Centro;-25,30928;-52,53703;2025-03-30 18:50:00.0;0,00
NOVA LARANJEIRAS;411705701A;PR;Centro;-25,30928;-52,53703;2025-03-30 19:50:00.0;0,00
NOVA LARANJEIRAS;411705701A;PR;Centro;-25,30928;-52,53703;2025-03-30 20:50:00.0;0,00
NOVA LARANJEIRAS;411705701A;PR;Centro;-25,30928;-52,53703;2025-03-30 21:50:00.0;0,00
NOVA LARANJEIRAS;411705701A;PR;Centro;-25,30928;-52,53703;2025-03-30 22:50:00.0;0,00
NOVA LARANJEIRAS;411705701A;PR;Centro;-25,30928;-52,53703;2025-03-30 23:50:00.0;0,00
NOVA LARANJEIRAS;411705701A;PR;Centro;-25,30928;-52,53703;2025-03-31 00:50:00.0;0,00
NOVA LARANJEIRAS;411705701A;PR;Centro;-25,30928;-52,53703;2025-03-31 01:50:00.0;0,00
NOVA LARANJEIRAS;411705701A;PR;Centro;-25,30928;-52,53703;2025-03-31 02:50:00.0;0,00
NOVA LARANJEIRAS;411705701A;PR;Centro;-25,30928;-52,53703;2025-03-31 03:50:00.0;0,00
NOVA LARANJEIRAS;411705701A;PR;Centro;-25,30928;-52,53703;2025-03-31 04:50:00.0;0,00
NOVA LARANJEIRAS;411705701A;PR;Centro;-25,30928;-52,53703;2025-03-31 05:50:00.0;0,00
NOVA LARANJEIRAS;411705701A;PR;Centro;-25,30928;-52,53703;2025-03-31 06:50:00.0;0,00
NOVA LARANJEIRAS;411705701A;PR;Centro;-25,30928;-52,53703;2025-03-31 07:50:00.0;0,00
NOVA LARANJEIRAS;411705701A;PR;Centro;-25,30928;-52,53703;2025-03-31 08:50:00.0;0,00
NOVA LARANJEIRAS;411705701A;PR;Centro;-25,30928;-52,53703;2025-03-31 09:50:00.0;0,00
NOVA LARANJEIRAS;411705701A;PR;Centro;-25,30928;-52,53703;2025-03-31 10:50:00.0;0,00
NOVA LARANJEIRAS;411705701A;PR;Centro;-25,30928;-52,53703;2025-03-31 11:50:00.0;0,00
NOVA LARANJEIRAS;411705701A;PR;Centro;-25,30928;-52,53703;2025-03-31 12:50:00.0;0,00
NOVA LARANJEIRAS;411705701A;PR;Centro;-25,30928;-52,53703;2025-03-31 13:50:00.0;0,00
NOVA LARANJEIRAS;411705701A;PR;Centro;-25,30928;-52,53703;2025-03-31 14:50:00.0;0,00
NOVA LARANJEIRAS;411705701A;PR;Centro;-25,30928;-52,53703;2025-03-31 15:50:00.0;0,00
NOVA LARANJEIRAS;411705701A;PR;Centro;-25,30928;-52,53703;2025-03-31 16:50:00.0;0,00
NOVA LARANJEIRAS;411705701A;PR;Centro;-25,30928;-52,53703;2025-03-31 17:50:00.0;0,00
NOVA LARANJEIRAS;411705701A;PR;Centro;-25,30928;-52,53703;2025-03-31 18:50:00.0;0,00
NOVA LARANJEIRAS;411705701A;PR;Centro;-25,30928;-52,53703;2025-03-31 19:50:00.0;0,00
NOVA LARANJEIRAS;411705701A;PR;Centro;-25,30928;-52,53703;2025-03-31 20:50:00.0;0,00
NOVA LARANJEIRAS;411705701A;PR;Centro;-25,30928;-52,53703;2025-03-31 21:50:00.0;0,00
NOVA LARANJEIRAS;411705701A;PR;Centro;-25,30928;-52,53703;2025-03-31 22:50:00.0;0,00
NOVA LARANJEIRAS;411705701A;PR;Centro;-25,30928;-52,53703;2025-03-31 23:50:00.0;0,00
PARANAGUÁ;411820402A;PR;Ponta do Caju;-25,523;-48,509;2025-03-01 00:00:00.0;0,00
PARANAGUÁ;411820402A;PR;Ponta do Caju;-25,523;-48,509;2025-03-01 00:10:00.0;0,00
PARANAGUÁ;411820402A;PR;Ponta do Caju;-25,523;-48,509;2025-03-01 01:00:00.0;0,00
PARANAGUÁ;411820402A;PR;Ponta do Caju;-25,523;-48,509;2025-03-01 02:00:00.0;0,00
PARANAGUÁ;411820402A;PR;Ponta do Caju;-25,523;-48,509;2025-03-01 03:00:00.0;0,00
PARANAGUÁ;411820402A;PR;Ponta do Caju;-25,523;-48,509;2025-03-01 04:00:00.0;0,00
PARANAGUÁ;411820402A;PR;Ponta do Caju;-25,523;-48,509;2025-03-01 05:00:00.0;0,00
PARANAGUÁ;411820402A;PR;Ponta do Caju;-25,523;-48,509;2025-03-01 06:00:00.0;0,00
PARANAGUÁ;411820402A;PR;Ponta do Caju;-25,523;-48,509;2025-03-01 07:00:00.0;0,00
PARANAGUÁ;411820402A;PR;Ponta do Caju;-25,523;-48,509;2025-03-01 08:00:00.0;0,00
PARANAGUÁ;411820402A;PR;Ponta do Caju;-25,523;-48,509;2025-03-01 09:00:00.0;0,00
PARANAGUÁ;411820402A;PR;Ponta do Caju;-25,523;-48,509;2025-03-01 10:00:00.0;0,00
PARANAGUÁ;411820402A;PR;Ponta do Caju;-25,523;-48,509;2025-03-01 11:00:00.0;0,00
PARANAGUÁ;411820402A;PR;Ponta do Caju;-25,523;-48,509;2025-03-01 12:00:00.0;0,00
PARANAGUÁ;411820402A;PR;Ponta do Caju;-25,523;-48,509;2025-03-01 13:00:00.0;0,00
PARANAGUÁ;411820402A;PR;Ponta do Caju;-25,523;-48,509;2025-03-01 14:00:00.0;0,00
PARANAGUÁ;411820402A;PR;Ponta do Caju;-25,523;-48,509;2025-03-01 15:00:00.0;0,00
PARANAGUÁ;411820402A;PR;Ponta do Caju;-25,523;-48,509;2025-03-01 16:00:00.0;0,00
PARANAGUÁ;411820402A;PR;Ponta do Caju;-25,523;-48,509;2025-03-01 17:00:00.0;0,00
PARANAGUÁ;411820402A;PR;Ponta do Caju;-25,523;-48,509;2025-03-01 18:00:00.0;0,00
PARANAGUÁ;411820402A;PR;Ponta do Caju;-25,523;-48,509;2025-03-01 19:00:00.0;0,00
PARANAGUÁ;411820402A;PR;Ponta do Caju;-25,523;-48,509;2025-03-01 20:00:00.0;0,00
PARANAGUÁ;411820402A;PR;Ponta do Caju;-25,523;-48,509;2025-03-01 21:00:00.0;0,00
PARANAGUÁ;411820402A;PR;Ponta do Caju;-25,523;-48,509;2025-03-01 22:00:00.0;0,00
PARANAGUÁ;411820402A;PR;Ponta do Caju;-25,523;-48,509;2025-03-01 23:00:00.0;0,00
PARANAGUÁ;411820402A;PR;Ponta do Caju;-25,523;-48,509;2025-03-02 00:00:00.0;0,00
PARANAGUÁ;411820402A;PR;Ponta do Caju;-25,523;-48,509;2025-03-02 01:00:00.0;0,00
PARANAGUÁ;411820402A;PR;Ponta do Caju;-25,523;-48,509;2025-03-02 02:00:00.0;0,00
PARANAGUÁ;411820402A;PR;Ponta do Caju;-25,523;-48,509;2025-03-02 03:00:00.0;0,00
PARANAGUÁ;411820402A;PR;Ponta do Caju;-25,523;-48,509;2025-03-02 04:00:00.0;0,00
PARANAGUÁ;411820402A;PR;Ponta do Caju;-25,523;-48,509;2025-03-02 05:00:00.0;0,00
PARANAGUÁ;411820402A;PR;Ponta do Caju;-25,523;-48,509;2025-03-02 06:00:00.0;0,00
PARANAGUÁ;411820402A;PR;Ponta do Caju;-25,523;-48,509;2025-03-02 07:00:00.0;0,00
PARANAGUÁ;411820402A;PR;Ponta do Caju;-25,523;-48,509;2025-03-02 08:00:00.0;0,00
PARANAGUÁ;411820402A;PR;Ponta do Caju;-25,523;-48,509;2025-03-02 09:00:00.0;0,00
PARANAGUÁ;411820402A;PR;Ponta do Caju;-25,523;-48,509;2025-03-02 10:00:00.0;0,00
PARANAGUÁ;411820402A;PR;Ponta do Caju;-25,523;-48,509;2025-03-02 11:00:00.0;0,00
PARANAGUÁ;411820402A;PR;Ponta do Caju;-25,523;-48,509;2025-03-02 12:00:00.0;0,00
PARANAGUÁ;411820402A;PR;Ponta do Caju;-25,523;-48,509;2025-03-02 13:00:00.0;0,00
PARANAGUÁ;411820402A;PR;Ponta do Caju;-25,523;-48,509;2025-03-02 14:00:00.0;0,00
PARANAGUÁ;411820402A;PR;Ponta do Caju;-25,523;-48,509;2025-03-02 15:00:00.0;0,00
PARANAGUÁ;411820402A;PR;Ponta do Caju;-25,523;-48,509;2025-03-02 16:00:00.0;0,00
PARANAGUÁ;411820402A;PR;Ponta do Caju;-25,523;-48,509;2025-03-02 17:00:00.0;0,00
PARANAGUÁ;411820402A;PR;Ponta do Caju;-25,523;-48,509;2025-03-02 18:00:00.0;0,00
PARANAGUÁ;411820402A;PR;Ponta do Caju;-25,523;-48,509;2025-03-02 19:00:00.0;0,00
PARANAGUÁ;411820402A;PR;Ponta do Caju;-25,523;-48,509;2025-03-02 20:00:00.0;0,00
PARANAGUÁ;411820402A;PR;Ponta do Caju;-25,523;-48,509;2025-03-02 21:00:00.0;0,00
PARANAGUÁ;411820402A;PR;Ponta do Caju;-25,523;-48,509;2025-03-02 22:00:00.0;0,00
PARANAGUÁ;411820402A;PR;Ponta do Caju;-25,523;-48,509;2025-03-02 23:00:00.0;0,00
PARANAGUÁ;411820402A;PR;Ponta do Caju;-25,523;-48,509;2025-03-03 00:00:00.0;0,00
PARANAGUÁ;411820402A;PR;Ponta do Caju;-25,523;-48,509;2025-03-03 01:00:00.0;0,00
PARANAGUÁ;411820402A;PR;Ponta do Caju;-25,523;-48,509;2025-03-03 02:00:00.0;0,00
PARANAGUÁ;411820402A;PR;Ponta do Caju;-25,523;-48,509;2025-03-03 03:00:00.0;0,00
PARANAGUÁ;411820402A;PR;Ponta do Caju;-25,523;-48,509;2025-03-03 04:00:00.0;0,00
PARANAGUÁ;411820402A;PR;Ponta do Caju;-25,523;-48,509;2025-03-03 05:00:00.0;0,00
PARANAGUÁ;411820402A;PR;Ponta do Caju;-25,523;-48,509;2025-03-03 06:00:00.0;0,00
PARANAGUÁ;411820402A;PR;Ponta do Caju;-25,523;-48,509;2025-03-03 07:00:00.0;0,00
PARANAGUÁ;411820402A;PR;Ponta do Caju;-25,523;-48,509;2025-03-03 08:00:00.0;0,00
PARANAGUÁ;411820402A;PR;Ponta do Caju;-25,523;-48,509;2025-03-03 09:00:00.0;0,00
PARANAGUÁ;411820402A;PR;Ponta do Caju;-25,523;-48,509;2025-03-03 10:00:00.0;0,00
PARANAGUÁ;411820402A;PR;Ponta do Caju;-25,523;-48,509;2025-03-03 11:00:00.0;0,00
PARANAGUÁ;411820402A;PR;Ponta do Caju;-25,523;-48,509;2025-03-03 12:00:00.0;0,00
PARANAGUÁ;411820402A;PR;Ponta do Caju;-25,523;-48,509;2025-03-03 13:00:00.0;0,00
PARANAGUÁ;411820402A;PR;Ponta do Caju;-25,523;-48,509;2025-03-03 14:00:00.0;0,00
PARANAGUÁ;411820402A;PR;Ponta do Caju;-25,523;-48,509;2025-03-03 15:00:00.0;0,00
PARANAGUÁ;411820402A;PR;Ponta do Caju;-25,523;-48,509;2025-03-03 16:00:00.0;0,00
PARANAGUÁ;411820402A;PR;Ponta do Caju;-25,523;-48,509;2025-03-03 17:00:00.0;0,00
PARANAGUÁ;411820402A;PR;Ponta do Caju;-25,523;-48,509;2025-03-03 18:00:00.0;0,00
PARANAGUÁ;411820402A;PR;Ponta do Caju;-25,523;-48,509;2025-03-03 19:00:00.0;0,00
PARANAGUÁ;411820402A;PR;Ponta do Caju;-25,523;-48,509;2025-03-03 20:00:00.0;0,00
PARANAGUÁ;411820402A;PR;Ponta do Caju;-25,523;-48,509;2025-03-03 21:00:00.0;0,00
PARANAGUÁ;411820402A;PR;Ponta do Caju;-25,523;-48,509;2025-03-03 22:00:00.0;0,00
PARANAGUÁ;411820402A;PR;Ponta do Caju;-25,523;-48,509;2025-03-03 23:00:00.0;0,00
PARANAGUÁ;411820402A;PR;Ponta do Caju;-25,523;-48,509;2025-03-04 00:00:00.0;0,00
PARANAGUÁ;411820402A;PR;Ponta do Caju;-25,523;-48,509;2025-03-04 01:00:00.0;0,00
PARANAGUÁ;411820402A;PR;Ponta do Caju;-25,523;-48,509;2025-03-04 02:00:00.0;0,00
PARANAGUÁ;411820402A;PR;Ponta do Caju;-25,523;-48,509;2025-03-04 03:00:00.0;0,00
PARANAGUÁ;411820402A;PR;Ponta do Caju;-25,523;-48,509;2025-03-04 04:00:00.0;0,00
PARANAGUÁ;411820402A;PR;Ponta do Caju;-25,523;-48,509;2025-03-04 05:00:00.0;0,00
PARANAGUÁ;411820402A;PR;Ponta do Caju;-25,523;-48,509;2025-03-04 06:00:00.0;0,00
PARANAGUÁ;411820402A;PR;Ponta do Caju;-25,523;-48,509;2025-03-04 07:00:00.0;0,00
PARANAGUÁ;411820402A;PR;Ponta do Caju;-25,523;-48,509;2025-03-04 08:00:00.0;0,00
PARANAGUÁ;411820402A;PR;Ponta do Caju;-25,523;-48,509;2025-03-04 09:00:00.0;0,00
PARANAGUÁ;411820402A;PR;Ponta do Caju;-25,523;-48,509;2025-03-04 10:00:00.0;0,00
PARANAGUÁ;411820402A;PR;Ponta do Caju;-25,523;-48,509;2025-03-04 11:00:00.0;0,00
PARANAGUÁ;411820402A;PR;Ponta do Caju;-25,523;-48,509;2025-03-04 12:00:00.0;0,00
PARANAGUÁ;411820402A;PR;Ponta do Caju;-25,523;-48,509;2025-03-04 13:00:00.0;0,00
PARANAGUÁ;411820402A;PR;Ponta do Caju;-25,523;-48,509;2025-03-04 14:00:00.0;0,00
PARANAGUÁ;411820402A;PR;Ponta do Caju;-25,523;-48,509;2025-03-04 15:00:00.0;0,00
PARANAGUÁ;411820402A;PR;Ponta do Caju;-25,523;-48,509;2025-03-04 16:00:00.0;0,00
PARANAGUÁ;411820402A;PR;Ponta do Caju;-25,523;-48,509;2025-03-04 17:00:00.0;0,00
PARANAGUÁ;411820402A;PR;Ponta do Caju;-25,523;-48,509;2025-03-04 18:00:00.0;0,00
PARANAGUÁ;411820402A;PR;Ponta do Caju;-25,523;-48,509;2025-03-04 19:00:00.0;0,00
PARANAGUÁ;411820402A;PR;Ponta do Caju;-25,523;-48,509;2025-03-04 20:00:00.0;0,00
PARANAGUÁ;411820402A;PR;Ponta do Caju;-25,523;-48,509;2025-03-04 21:00:00.0;0,00
PARANAGUÁ;411820402A;PR;Ponta do Caju;-25,523;-48,509;2025-03-04 22:00:00.0;0,00
PARANAGUÁ;411820402A;PR;Ponta do Caju;-25,523;-48,509;2025-03-04 23:00:00.0;0,00
PARANAGUÁ;411820402A;PR;Ponta do Caju;-25,523;-48,509;2025-03-05 00:00:00.0;0,00
PARANAGUÁ;411820402A;PR;Ponta do Caju;-25,523;-48,509;2025-03-05 01:00:00.0;0,00
PARANAGUÁ;411820402A;PR;Ponta do Caju;-25,523;-48,509;2025-03-05 02:00:00.0;0,00
PARANAGUÁ;411820402A;PR;Ponta do Caju;-25,523;-48,509;2025-03-05 03:00:00.0;0,00
PARANAGUÁ;411820402A;PR;Ponta do Caju;-25,523;-48,509;2025-03-05 04:00:00.0;0,00
PARANAGUÁ;411820402A;PR;Ponta do Caju;-25,523;-48,509;2025-03-05 05:00:00.0;0,00
PARANAGUÁ;411820402A;PR;Ponta do Caju;-25,523;-48,509;2025-03-05 06:00:00.0;0,00
PARANAGUÁ;411820402A;PR;Ponta do Caju;-25,523;-48,509;2025-03-05 07:00:00.0;0,00
PARANAGUÁ;411820402A;PR;Ponta do Caju;-25,523;-48,509;2025-03-05 08:00:00.0;0,00
PARANAGUÁ;411820402A;PR;Ponta do Caju;-25,523;-48,509;2025-03-05 09:00:00.0;0,00
PARANAGUÁ;411820402A;PR;Ponta do Caju;-25,523;-48,509;2025-03-05 10:00:00.0;0,00
PARANAGUÁ;411820402A;PR;Ponta do Caju;-25,523;-48,509;2025-03-05 11:00:00.0;0,00
PARANAGUÁ;411820402A;PR;Ponta do Caju;-25,523;-48,509;2025-03-05 12:00:00.0;0,00
PARANAGUÁ;411820402A;PR;Ponta do Caju;-25,523;-48,509;2025-03-05 13:00:00.0;0,00
PARANAGUÁ;411820402A;PR;Ponta do Caju;-25,523;-48,509;2025-03-05 14:00:00.0;0,00
PARANAGUÁ;411820402A;PR;Ponta do Caju;-25,523;-48,509;2025-03-05 15:00:00.0;0,00
PARANAGUÁ;411820402A;PR;Ponta do Caju;-25,523;-48,509;2025-03-05 16:00:00.0;0,00
PARANAGUÁ;411820402A;PR;Ponta do Caju;-25,523;-48,509;2025-03-05 17:00:00.0;0,00
PARANAGUÁ;411820402A;PR;Ponta do Caju;-25,523;-48,509;2025-03-05 18:00:00.0;0,00
PARANAGUÁ;411820402A;PR;Ponta do Caju;-25,523;-48,509;2025-03-05 19:00:00.0;0,00
PARANAGUÁ;411820402A;PR;Ponta do Caju;-25,523;-48,509;2025-03-05 20:00:00.0;0,00
PARANAGUÁ;411820402A;PR;Ponta do Caju;-25,523;-48,509;2025-03-05 21:00:00.0;0,00
PARANAGUÁ;411820402A;PR;Ponta do Caju;-25,523;-48,509;2025-03-05 22:00:00.0;0,00
PARANAGUÁ;411820402A;PR;Ponta do Caju;-25,523;-48,509;2025-03-05 23:00:00.0;0,00
PARANAGUÁ;411820402A;PR;Ponta do Caju;-25,523;-48,509;2025-03-06 00:00:00.0;0,00
PARANAGUÁ;411820402A;PR;Ponta do Caju;-25,523;-48,509;2025-03-06 01:00:00.0;0,00
PARANAGUÁ;411820402A;PR;Ponta do Caju;-25,523;-48,509;2025-03-06 02:00:00.0;0,00
PARANAGUÁ;411820402A;PR;Ponta do Caju;-25,523;-48,509;2025-03-06 03:00:00.0;0,00
PARANAGUÁ;411820402A;PR;Ponta do Caju;-25,523;-48,509;2025-03-06 04:00:00.0;0,00
PARANAGUÁ;411820402A;PR;Ponta do Caju;-25,523;-48,509;2025-03-06 05:00:00.0;0,00
PARANAGUÁ;411820402A;PR;Ponta do Caju;-25,523;-48,509;2025-03-06 06:00:00.0;0,00
PARANAGUÁ;411820402A;PR;Ponta do Caju;-25,523;-48,509;2025-03-06 07:00:00.0;0,00
PARANAGUÁ;411820402A;PR;Ponta do Caju;-25,523;-48,509;2025-03-06 08:00:00.0;0,00
PARANAGUÁ;411820402A;PR;Ponta do Caju;-25,523;-48,509;2025-03-06 09:00:00.0;0,00
PARANAGUÁ;411820402A;PR;Ponta do Caju;-25,523;-48,509;2025-03-06 10:00:00.0;0,00
PARANAGUÁ;411820402A;PR;Ponta do Caju;-25,523;-48,509;2025-03-06 11:00:00.0;0,00
PARANAGUÁ;411820402A;PR;Ponta do Caju;-25,523;-48,509;2025-03-06 12:00:00.0;0,00
PARANAGUÁ;411820402A;PR;Ponta do Caju;-25,523;-48,509;2025-03-06 13:00:00.0;0,00
PARANAGUÁ;411820402A;PR;Ponta do Caju;-25,523;-48,509;2025-03-06 14:00:00.0;0,00
PARANAGUÁ;411820402A;PR;Ponta do Caju;-25,523;-48,509;2025-03-06 16:00:00.0;0,00
PARANAGUÁ;411820402A;PR;Ponta do Caju;-25,523;-48,509;2025-03-06 17:00:00.0;0,00
PARANAGUÁ;411820402A;PR;Ponta do Caju;-25,523;-48,509;2025-03-06 18:00:00.0;0,00
PARANAGUÁ;411820402A;PR;Ponta do Caju;-25,523;-48,509;2025-03-06 19:00:00.0;0,00
PARANAGUÁ;411820402A;PR;Ponta do Caju;-25,523;-48,509;2025-03-06 20:00:00.0;0,00
PARANAGUÁ;411820402A;PR;Ponta do Caju;-25,523;-48,509;2025-03-06 21:00:00.0;0,00
PARANAGUÁ;411820402A;PR;Ponta do Caju;-25,523;-48,509;2025-03-06 22:00:00.0;0,00
PARANAGUÁ;411820402A;PR;Ponta do Caju;-25,523;-48,509;2025-03-06 23:00:00.0;0,00
PARANAGUÁ;411820402A;PR;Ponta do Caju;-25,523;-48,509;2025-03-07 00:00:00.0;0,00
PARANAGUÁ;411820402A;PR;Ponta do Caju;-25,523;-48,509;2025-03-07 01:00:00.0;0,00
PARANAGUÁ;411820402A;PR;Ponta do Caju;-25,523;-48,509;2025-03-07 02:00:00.0;0,00
PARANAGUÁ;411820402A;PR;Ponta do Caju;-25,523;-48,509;2025-03-07 03:00:00.0;0,00
PARANAGUÁ;411820402A;PR;Ponta do Caju;-25,523;-48,509;2025-03-07 04:00:00.0;0,00
PARANAGUÁ;411820402A;PR;Ponta do Caju;-25,523;-48,509;2025-03-07 05:00:00.0;0,00
PARANAGUÁ;411820402A;PR;Ponta do Caju;-25,523;-48,509;2025-03-07 06:00:00.0;0,00
PARANAGUÁ;411820402A;PR;Ponta do Caju;-25,523;-48,509;2025-03-07 06:10:00.0;0,20
PARANAGUÁ;411820402A;PR;Ponta do Caju;-25,523;-48,509;2025-03-07 06:20:00.0;0,98
PARANAGUÁ;411820402A;PR;Ponta do Caju;-25,523;-48,509;2025-03-07 06:30:00.0;0,98
PARANAGUÁ;411820402A;PR;Ponta do Caju;-25,523;-48,509;2025-03-07 06:40:00.0;0,20
PARANAGUÁ;411820402A;PR;Ponta do Caju;-25,523;-48,509;2025-03-07 07:00:00.0;0,00
PARANAGUÁ;411820402A;PR;Ponta do Caju;-25,523;-48,509;2025-03-07 08:00:00.0;0,00
PARANAGUÁ;411820402A;PR;Ponta do Caju;-25,523;-48,509;2025-03-07 08:40:00.0;0,59
PARANAGUÁ;411820402A;PR;Ponta do Caju;-25,523;-48,509;2025-03-07 08:50:00.0;0,79
PARANAGUÁ;411820402A;PR;Ponta do Caju;-25,523;-48,509;2025-03-07 09:00:00.0;1,77
PARANAGUÁ;411820402A;PR;Ponta do Caju;-25,523;-48,509;2025-03-07 09:30:00.0;0,20
PARANAGUÁ;411820402A;PR;Ponta do Caju;-25,523;-48,509;2025-03-07 10:00:00.0;0,00
PARANAGUÁ;411820402A;PR;Ponta do Caju;-25,523;-48,509;2025-03-07 11:00:00.0;0,00
PARANAGUÁ;411820402A;PR;Ponta do Caju;-25,523;-48,509;2025-03-07 11:10:00.0;0,20
PARANAGUÁ;411820402A;PR;Ponta do Caju;-25,523;-48,509;2025-03-07 11:20:00.0;0,39
PARANAGUÁ;411820402A;PR;Ponta do Caju;-25,523;-48,509;2025-03-07 11:40:00.0;0,39
PARANAGUÁ;411820402A;PR;Ponta do Caju;-25,523;-48,509;2025-03-07 11:50:00.0;1,57
PARANAGUÁ;411820402A;PR;Ponta do Caju;-25,523;-48,509;2025-03-07 12:00:00.0;0,20
PARANAGUÁ;411820402A;PR;Ponta do Caju;-25,523;-48,509;2025-03-07 12:10:00.0;0,20
PARANAGUÁ;411820402A;PR;Ponta do Caju;-25,523;-48,509;2025-03-07 13:00:00.0;0,20
PARANAGUÁ;411820402A;PR;Ponta do Caju;-25,523;-48,509;2025-03-07 13:30:00.0;0,20
PARANAGUÁ;411820402A;PR;Ponta do Caju;-25,523;-48,509;2025-03-07 13:40:00.0;0,39
PARANAGUÁ;411820402A;PR;Ponta do Caju;-25,523;-48,509;2025-03-07 14:00:00.0;0,00
PARANAGUÁ;411820402A;PR;Ponta do Caju;-25,523;-48,509;2025-03-07 14:30:00.0;0,79
PARANAGUÁ;411820402A;PR;Ponta do Caju;-25,523;-48,509;2025-03-07 14:50:00.0;0,20
PARANAGUÁ;411820402A;PR;Ponta do Caju;-25,523;-48,509;2025-03-07 15:00:00.0;0,00
PARANAGUÁ;411820402A;PR;Ponta do Caju;-25,523;-48,509;2025-03-07 15:10:00.0;0,20
PARANAGUÁ;411820402A;PR;Ponta do Caju;-25,523;-48,509;2025-03-07 16:00:00.0;0,00
PARANAGUÁ;411820402A;PR;Ponta do Caju;-25,523;-48,509;2025-03-07 17:00:00.0;0,20
PARANAGUÁ;411820402A;PR;Ponta do Caju;-25,523;-48,509;2025-03-07 18:00:00.0;0,00
PARANAGUÁ;411820402A;PR;Ponta do Caju;-25,523;-48,509;2025-03-07 19:00:00.0;0,00
PARANAGUÁ;411820402A;PR;Ponta do Caju;-25,523;-48,509;2025-03-07 20:00:00.0;0,00
PARANAGUÁ;411820402A;PR;Ponta do Caju;-25,523;-48,509;2025-03-07 21:00:00.0;0,00
PARANAGUÁ;411820402A;PR;Ponta do Caju;-25,523;-48,509;2025-03-07 22:00:00.0;0,00
PARANAGUÁ;411820402A;PR;Ponta do Caju;-25,523;-48,509;2025-03-07 23:00:00.0;0,00
PARANAGUÁ;411820402A;PR;Ponta do Caju;-25,523;-48,509;2025-03-08 00:00:00.0;0,00
PARANAGUÁ;411820402A;PR;Ponta do Caju;-25,523;-48,509;2025-03-08 01:00:00.0;0,00
PARANAGUÁ;411820402A;PR;Ponta do Caju;-25,523;-48,509;2025-03-08 02:00:00.0;0,00
PARANAGUÁ;411820402A;PR;Ponta do Caju;-25,523;-48,509;2025-03-08 03:00:00.0;0,00
PARANAGUÁ;411820402A;PR;Ponta do Caju;-25,523;-48,509;2025-03-08 04:00:00.0;0,00
PARANAGUÁ;411820402A;PR;Ponta do Caju;-25,523;-48,509;2025-03-08 05:00:00.0;0,00
PARANAGUÁ;411820402A;PR;Ponta do Caju;-25,523;-48,509;2025-03-08 06:00:00.0;0,00
PARANAGUÁ;411820402A;PR;Ponta do Caju;-25,523;-48,509;2025-03-08 07:00:00.0;0,00
PARANAGUÁ;411820402A;PR;Ponta do Caju;-25,523;-48,509;2025-03-08 08:00:00.0;0,00
PARANAGUÁ;411820402A;PR;Ponta do Caju;-25,523;-48,509;2025-03-08 09:00:00.0;0,00
PARANAGUÁ;411820402A;PR;Ponta do Caju;-25,523;-48,509;2025-03-08 09:20:00.0;0,59
PARANAGUÁ;411820402A;PR;Ponta do Caju;-25,523;-48,509;2025-03-08 09:30:00.0;0,59
PARANAGUÁ;411820402A;PR;Ponta do Caju;-25,523;-48,509;2025-03-08 09:40:00.0;0,20
PARANAGUÁ;411820402A;PR;Ponta do Caju;-25,523;-48,509;2025-03-08 10:00:00.0;0,00
PARANAGUÁ;411820402A;PR;Ponta do Caju;-25,523;-48,509;2025-03-08 11:00:00.0;0,00
PARANAGUÁ;411820402A;PR;Ponta do Caju;-25,523;-48,509;2025-03-08 12:00:00.0;0,00
PARANAGUÁ;411820402A;PR;Ponta do Caju;-25,523;-48,509;2025-03-08 13:00:00.0;0,00
PARANAGUÁ;411820402A;PR;Ponta do Caju;-25,523;-48,509;2025-03-08 14:00:00.0;0,00
PARANAGUÁ;411820402A;PR;Ponta do Caju;-25,523;-48,509;2025-03-08 15:00:00.0;0,00
PARANAGUÁ;411820402A;PR;Ponta do Caju;-25,523;-48,509;2025-03-08 16:00:00.0;0,00
PARANAGUÁ;411820402A;PR;Ponta do Caju;-25,523;-48,509;2025-03-08 17:00:00.0;0,00
PARANAGUÁ;411820402A;PR;Ponta do Caju;-25,523;-48,509;2025-03-08 18:00:00.0;0,00
PARANAGUÁ;411820402A;PR;Ponta do Caju;-25,523;-48,509;2025-03-08 19:00:00.0;0,00
PARANAGUÁ;411820402A;PR;Ponta do Caju;-25,523;-48,509;2025-03-08 20:00:00.0;0,00
PARANAGUÁ;411820402A;PR;Ponta do Caju;-25,523;-48,509;2025-03-08 21:00:00.0;0,00
PARANAGUÁ;411820402A;PR;Ponta do Caju;-25,523;-48,509;2025-03-08 22:00:00.0;0,00
PARANAGUÁ;411820402A;PR;Ponta do Caju;-25,523;-48,509;2025-03-08 23:00:00.0;0,00
PARANAGUÁ;411820402A;PR;Ponta do Caju;-25,523;-48,509;2025-03-09 00:00:00.0;0,00
PARANAGUÁ;411820402A;PR;Ponta do Caju;-25,523;-48,509;2025-03-09 01:00:00.0;0,00
PARANAGUÁ;411820402A;PR;Ponta do Caju;-25,523;-48,509;2025-03-09 02:00:00.0;0,00
PARANAGUÁ;411820402A;PR;Ponta do Caju;-25,523;-48,509;2025-03-09 03:00:00.0;0,00
PARANAGUÁ;411820402A;PR;Ponta do Caju;-25,523;-48,509;2025-03-09 04:00:00.0;0,00
PARANAGUÁ;411820402A;PR;Ponta do Caju;-25,523;-48,509;2025-03-09 05:00:00.0;0,00
PARANAGUÁ;411820402A;PR;Ponta do Caju;-25,523;-48,509;2025-03-09 06:00:00.0;0,00
PARANAGUÁ;411820402A;PR;Ponta do Caju;-25,523;-48,509;2025-03-09 07:00:00.0;0,00
PARANAGUÁ;411820402A;PR;Ponta do Caju;-25,523;-48,509;2025-03-09 08:00:00.0;0,00
PARANAGUÁ;411820402A;PR;Ponta do Caju;-25,523;-48,509;2025-03-09 09:00:00.0;0,00
PARANAGUÁ;411820402A;PR;Ponta do Caju;-25,523;-48,509;2025-03-09 10:00:00.0;0,00
PARANAGUÁ;411820402A;PR;Ponta do Caju;-25,523;-48,509;2025-03-09 11:00:00.0;0,00
PARANAGUÁ;411820402A;PR;Ponta do Caju;-25,523;-48,509;2025-03-09 12:00:00.0;0,00
PARANAGUÁ;411820402A;PR;Ponta do Caju;-25,523;-48,509;2025-03-09 13:00:00.0;0,00
PARANAGUÁ;411820402A;PR;Ponta do Caju;-25,523;-48,509;2025-03-09 14:00:00.0;0,00
PARANAGUÁ;411820402A;PR;Ponta do Caju;-25,523;-48,509;2025-03-09 15:00:00.0;0,00
PARANAGUÁ;411820402A;PR;Ponta do Caju;-25,523;-48,509;2025-03-09 16:00:00.0;0,00
PARANAGUÁ;411820402A;PR;Ponta do Caju;-25,523;-48,509;2025-03-09 17:00:00.0;0,00
PARANAGUÁ;411820402A;PR;Ponta do Caju;-25,523;-48,509;2025-03-09 18:00:00.0;0,00
PARANAGUÁ;411820402A;PR;Ponta do Caju;-25,523;-48,509;2025-03-09 19:00:00.0;0,00
PARANAGUÁ;411820402A;PR;Ponta do Caju;-25,523;-48,509;2025-03-09 20:00:00.0;0,00
PARANAGUÁ;411820402A;PR;Ponta do Caju;-25,523;-48,509;2025-03-09 21:00:00.0;0,00
PARANAGUÁ;411820402A;PR;Ponta do Caju;-25,523;-48,509;2025-03-09 22:00:00.0;0,00
PARANAGUÁ;411820402A;PR;Ponta do Caju;-25,523;-48,509;2025-03-09 22:40:00.0;0,20
PARANAGUÁ;411820402A;PR;Ponta do Caju;-25,523;-48,509;2025-03-09 23:00:00.0;0,20
PARANAGUÁ;411820402A;PR;Ponta do Caju;-25,523;-48,509;2025-03-09 23:10:00.0;0,39
PARANAGUÁ;411820402A;PR;Ponta do Caju;-25,523;-48,509;2025-03-09 23:30:00.0;0,39
PARANAGUÁ;411820402A;PR;Ponta do Caju;-25,523;-48,509;2025-03-09 23:40:00.0;0,20
PARANAGUÁ;411820402A;PR;Ponta do Caju;-25,523;-48,509;2025-03-09 23:50:00.0;0,20
PARANAGUÁ;411820402A;PR;Ponta do Caju;-25,523;-48,509;2025-03-10 00:00:00.0;0,20
PARANAGUÁ;411820402A;PR;Ponta do Caju;-25,523;-48,509;2025-03-10 00:30:00.0;0,20
PARANAGUÁ;411820402A;PR;Ponta do Caju;-25,523;-48,509;2025-03-10 01:00:00.0;0,00
PARANAGUÁ;411820402A;PR;Ponta do Caju;-25,523;-48,509;2025-03-10 01:30:00.0;0,39
PARANAGUÁ;411820402A;PR;Ponta do Caju;-25,523;-48,509;2025-03-10 01:40:00.0;0,20
PARANAGUÁ;411820402A;PR;Ponta do Caju;-25,523;-48,509;2025-03-10 01:50:00.0;0,79
PARANAGUÁ;411820402A;PR;Ponta do Caju;-25,523;-48,509;2025-03-10 02:00:00.0;0,98
PARANAGUÁ;411820402A;PR;Ponta do Caju;-25,523;-48,509;2025-03-10 02:10:00.0;0,39
PARANAGUÁ;411820402A;PR;Ponta do Caju;-25,523;-48,509;2025-03-10 02:30:00.0;0,42
PARANAGUÁ;411820402A;PR;Ponta do Caju;-25,523;-48,509;2025-03-10 03:00:00.0;0,00
PARANAGUÁ;411820402A;PR;Ponta do Caju;-25,523;-48,509;2025-03-10 04:00:00.0;0,00
PARANAGUÁ;411820402A;PR;Ponta do Caju;-25,523;-48,509;2025-03-10 05:00:00.0;0,00
PARANAGUÁ;411820402A;PR;Ponta do Caju;-25,523;-48,509;2025-03-10 05:20:00.0;0,20
PARANAGUÁ;411820402A;PR;Ponta do Caju;-25,523;-48,509;2025-03-10 06:00:00.0;0,00
PARANAGUÁ;411820402A;PR;Ponta do Caju;-25,523;-48,509;2025-03-10 07:00:00.0;0,00
PARANAGUÁ;411820402A;PR;Ponta do Caju;-25,523;-48,509;2025-03-10 08:00:00.0;0,00
PARANAGUÁ;411820402A;PR;Ponta do Caju;-25,523;-48,509;2025-03-10 09:00:00.0;0,00
PARANAGUÁ;411820402A;PR;Ponta do Caju;-25,523;-48,509;2025-03-10 10:00:00.0;0,00
PARANAGUÁ;411820402A;PR;Ponta do Caju;-25,523;-48,509;2025-03-10 11:00:00.0;0,00
PARANAGUÁ;411820402A;PR;Ponta do Caju;-25,523;-48,509;2025-03-10 12:00:00.0;0,00
PARANAGUÁ;411820402A;PR;Ponta do Caju;-25,523;-48,509;2025-03-10 13:00:00.0;0,00
PARANAGUÁ;411820402A;PR;Ponta do Caju;-25,523;-48,509;2025-03-10 14:00:00.0;0,00
PARANAGUÁ;411820402A;PR;Ponta do Caju;-25,523;-48,509;2025-03-10 15:00:00.0;0,00
PARANAGUÁ;411820402A;PR;Ponta do Caju;-25,523;-48,509;2025-03-10 16:00:00.0;0,00
PARANAGUÁ;411820402A;PR;Ponta do Caju;-25,523;-48,509;2025-03-10 17:00:00.0;0,00
PARANAGUÁ;411820402A;PR;Ponta do Caju;-25,523;-48,509;2025-03-10 18:00:00.0;0,00
PARANAGUÁ;411820402A;PR;Ponta do Caju;-25,523;-48,509;2025-03-10 19:00:00.0;0,00
PARANAGUÁ;411820402A;PR;Ponta do Caju;-25,523;-48,509;2025-03-10 20:00:00.0;0,00
PARANAGUÁ;411820402A;PR;Ponta do Caju;-25,523;-48,509;2025-03-10 21:00:00.0;0,00
PARANAGUÁ;411820402A;PR;Ponta do Caju;-25,523;-48,509;2025-03-10 22:00:00.0;0,00
PARANAGUÁ;411820402A;PR;Ponta do Caju;-25,523;-48,509;2025-03-10 23:00:00.0;0,00
PARANAGUÁ;411820402A;PR;Ponta do Caju;-25,523;-48,509;2025-03-11 00:00:00.0;0,00
PARANAGUÁ;411820402A;PR;Ponta do Caju;-25,523;-48,509;2025-03-11 01:00:00.0;0,00
PARANAGUÁ;411820402A;PR;Ponta do Caju;-25,523;-48,509;2025-03-11 01:50:00.0;0,20
PARANAGUÁ;411820402A;PR;Ponta do Caju;-25,523;-48,509;2025-03-11 02:00:00.0;0,79
PARANAGUÁ;411820402A;PR;Ponta do Caju;-25,523;-48,509;2025-03-11 02:10:00.0;0,79
PARANAGUÁ;411820402A;PR;Ponta do Caju;-25,523;-48,509;2025-03-11 02:20:00.0;0,79
PARANAGUÁ;411820402A;PR;Ponta do Caju;-25,523;-48,509;2025-03-11 02:30:00.0;0,98
PARANAGUÁ;411820402A;PR;Ponta do Caju;-25,523;-48,509;2025-03-11 02:40:00.0;0,59
PARANAGUÁ;411820402A;PR;Ponta do Caju;-25,523;-48,509;2025-03-11 02:50:00.0;0,59
PARANAGUÁ;411820402A;PR;Ponta do Caju;-25,523;-48,509;2025-03-11 03:00:00.0;0,59
PARANAGUÁ;411820402A;PR;Ponta do Caju;-25,523;-48,509;2025-03-11 03:10:00.0;1,77
PARANAGUÁ;411820402A;PR;Ponta do Caju;-25,523;-48,509;2025-03-11 03:20:00.0;0,59
PARANAGUÁ;411820402A;PR;Ponta do Caju;-25,523;-48,509;2025-03-11 03:30:00.0;0,39
PARANAGUÁ;411820402A;PR;Ponta do Caju;-25,523;-48,509;2025-03-11 03:40:00.0;0,20
PARANAGUÁ;411820402A;PR;Ponta do Caju;-25,523;-48,509;2025-03-11 04:00:00.0;0,20
PARANAGUÁ;411820402A;PR;Ponta do Caju;-25,523;-48,509;2025-03-11 04:20:00.0;0,39
PARANAGUÁ;411820402A;PR;Ponta do Caju;-25,523;-48,509;2025-03-11 04:30:00.0;0,20
PARANAGUÁ;411820402A;PR;Ponta do Caju;-25,523;-48,509;2025-03-11 05:00:00.0;0,00
PARANAGUÁ;411820402A;PR;Ponta do Caju;-25,523;-48,509;2025-03-11 05:10:00.0;0,20
PARANAGUÁ;411820402A;PR;Ponta do Caju;-25,523;-48,509;2025-03-11 05:20:00.0;0,39
PARANAGUÁ;411820402A;PR;Ponta do Caju;-25,523;-48,509;2025-03-11 05:30:00.0;0,98
PARANAGUÁ;411820402A;PR;Ponta do Caju;-25,523;-48,509;2025-03-11 05:40:00.0;0,98
PARANAGUÁ;411820402A;PR;Ponta do Caju;-25,523;-48,509;2025-03-11 05:50:00.0;1,18
PARANAGUÁ;411820402A;PR;Ponta do Caju;-25,523;-48,509;2025-03-11 06:00:00.0;1,18
PARANAGUÁ;411820402A;PR;Ponta do Caju;-25,523;-48,509;2025-03-11 06:10:00.0;0,79
PARANAGUÁ;411820402A;PR;Ponta do Caju;-25,523;-48,509;2025-03-11 06:20:00.0;0,98
PARANAGUÁ;411820402A;PR;Ponta do Caju;-25,523;-48,509;2025-03-11 06:30:00.0;0,39
PARANAGUÁ;411820402A;PR;Ponta do Caju;-25,523;-48,509;2025-03-11 06:40:00.0;0,39
PARANAGUÁ;411820402A;PR;Ponta do Caju;-25,523;-48,509;2025-03-11 06:50:00.0;0,20
PARANAGUÁ;411820402A;PR;Ponta do Caju;-25,523;-48,509;2025-03-11 07:00:00.0;0,00
PARANAGUÁ;411820402A;PR;Ponta do Caju;-25,523;-48,509;2025-03-11 07:10:00.0;0,59
PARANAGUÁ;411820402A;PR;Ponta do Caju;-25,523;-48,509;2025-03-11 07:20:00.0;0,20
PARANAGUÁ;411820402A;PR;Ponta do Caju;-25,523;-48,509;2025-03-11 07:30:00.0;0,20
PARANAGUÁ;411820402A;PR;Ponta do Caju;-25,523;-48,509;2025-03-11 07:40:00.0;0,59
PARANAGUÁ;411820402A;PR;Ponta do Caju;-25,523;-48,509;2025-03-11 07:50:00.0;0,59
PARANAGUÁ;411820402A;PR;Ponta do Caju;-25,523;-48,509;2025-03-11 08:00:00.0;0,20
PARANAGUÁ;411820402A;PR;Ponta do Caju;-25,523;-48,509;2025-03-11 08:10:00.0;0,20
PARANAGUÁ;411820402A;PR;Ponta do Caju;-25,523;-48,509;2025-03-11 08:30:00.0;0,20
PARANAGUÁ;411820402A;PR;Ponta do Caju;-25,523;-48,509;2025-03-11 08:40:00.0;0,20
PARANAGUÁ;411820402A;PR;Ponta do Caju;-25,523;-48,509;2025-03-11 08:50:00.0;0,20
PARANAGUÁ;411820402A;PR;Ponta do Caju;-25,523;-48,509;2025-03-11 09:00:00.0;0,39
PARANAGUÁ;411820402A;PR;Ponta do Caju;-25,523;-48,509;2025-03-11 09:10:00.0;0,20
PARANAGUÁ;411820402A;PR;Ponta do Caju;-25,523;-48,509;2025-03-11 10:00:00.0;0,00
PARANAGUÁ;411820402A;PR;Ponta do Caju;-25,523;-48,509;2025-03-11 11:00:00.0;0,00
PARANAGUÁ;411820402A;PR;Ponta do Caju;-25,523;-48,509;2025-03-11 12:00:00.0;0,00
PARANAGUÁ;411820402A;PR;Ponta do Caju;-25,523;-48,509;2025-03-11 13:00:00.0;0,20
PARANAGUÁ;411820402A;PR;Ponta do Caju;-25,523;-48,509;2025-03-11 14:00:00.0;0,00
PARANAGUÁ;411820402A;PR;Ponta do Caju;-25,523;-48,509;2025-03-11 15:00:00.0;0,00
PARANAGUÁ;411820402A;PR;Ponta do Caju;-25,523;-48,509;2025-03-11 16:00:00.0;0,00
PARANAGUÁ;411820402A;PR;Ponta do Caju;-25,523;-48,509;2025-03-11 17:00:00.0;0,00
PARANAGUÁ;411820402A;PR;Ponta do Caju;-25,523;-48,509;2025-03-11 18:00:00.0;0,00
PARANAGUÁ;411820402A;PR;Ponta do Caju;-25,523;-48,509;2025-03-11 19:00:00.0;0,00
PARANAGUÁ;411820402A;PR;Ponta do Caju;-25,523;-48,509;2025-03-11 20:00:00.0;0,00
PARANAGUÁ;411820402A;PR;Ponta do Caju;-25,523;-48,509;2025-03-11 21:00:00.0;0,00
PARANAGUÁ;411820402A;PR;Ponta do Caju;-25,523;-48,509;2025-03-11 22:00:00.0;0,00
PARANAGUÁ;411820402A;PR;Ponta do Caju;-25,523;-48,509;2025-03-11 22:20:00.0;0,20
PARANAGUÁ;411820402A;PR;Ponta do Caju;-25,523;-48,509;2025-03-11 22:50:00.0;0,39
PARANAGUÁ;411820402A;PR;Ponta do Caju;-25,523;-48,509;2025-03-11 23:00:00.0;0,00
PARANAGUÁ;411820402A;PR;Ponta do Caju;-25,523;-48,509;2025-03-11 23:10:00.0;0,39
PARANAGUÁ;411820402A;PR;Ponta do Caju;-25,523;-48,509;2025-03-11 23:20:00.0;0,20
PARANAGUÁ;411820402A;PR;Ponta do Caju;-25,523;-48,509;2025-03-11 23:30:00.0;0,20
PARANAGUÁ;411820402A;PR;Ponta do Caju;-25,523;-48,509;2025-03-11 23:40:00.0;0,39
PARANAGUÁ;411820402A;PR;Ponta do Caju;-25,523;-48,509;2025-03-11 23:50:00.0;0,20
PARANAGUÁ;411820402A;PR;Ponta do Caju;-25,523;-48,509;2025-03-12 00:00:00.0;0,39
PARANAGUÁ;411820402A;PR;Ponta do Caju;-25,523;-48,509;2025-03-12 00:10:00.0;0,59
PARANAGUÁ;411820402A;PR;Ponta do Caju;-25,523;-48,509;2025-03-12 00:20:00.0;0,39
PARANAGUÁ;411820402A;PR;Ponta do Caju;-25,523;-48,509;2025-03-12 00:40:00.0;0,20
PARANAGUÁ;411820402A;PR;Ponta do Caju;-25,523;-48,509;2025-03-12 01:00:00.0;0,00
PARANAGUÁ;411820402A;PR;Ponta do Caju;-25,523;-48,509;2025-03-12 01:40:00.0;0,20
PARANAGUÁ;411820402A;PR;Ponta do Caju;-25,523;-48,509;2025-03-12 02:00:00.0;0,00
PARANAGUÁ;411820402A;PR;Ponta do Caju;-25,523;-48,509;2025-03-12 03:00:00.0;0,00
PARANAGUÁ;411820402A;PR;Ponta do Caju;-25,523;-48,509;2025-03-12 04:00:00.0;0,00
PARANAGUÁ;411820402A;PR;Ponta do Caju;-25,523;-48,509;2025-03-12 05:00:00.0;0,00
PARANAGUÁ;411820402A;PR;Ponta do Caju;-25,523;-48,509;2025-03-12 06:00:00.0;0,00
PARANAGUÁ;411820402A;PR;Ponta do Caju;-25,523;-48,509;2025-03-12 07:00:00.0;0,00
PARANAGUÁ;411820402A;PR;Ponta do Caju;-25,523;-48,509;2025-03-12 08:00:00.0;0,00
PARANAGUÁ;411820402A;PR;Ponta do Caju;-25,523;-48,509;2025-03-12 09:00:00.0;0,00
PARANAGUÁ;411820402A;PR;Ponta do Caju;-25,523;-48,509;2025-03-12 09:30:00.0;0,20
PARANAGUÁ;411820402A;PR;Ponta do Caju;-25,523;-48,509;2025-03-12 10:00:00.0;0,00
PARANAGUÁ;411820402A;PR;Ponta do Caju;-25,523;-48,509;2025-03-12 11:00:00.0;0,00
PARANAGUÁ;411820402A;PR;Ponta do Caju;-25,523;-48,509;2025-03-12 12:00:00.0;0,00
PARANAGUÁ;411820402A;PR;Ponta do Caju;-25,523;-48,509;2025-03-12 13:00:00.0;0,00
PARANAGUÁ;411820402A;PR;Ponta do Caju;-25,523;-48,509;2025-03-12 14:00:00.0;0,00
PARANAGUÁ;411820402A;PR;Ponta do Caju;-25,523;-48,509;2025-03-12 15:00:00.0;0,00
PARANAGUÁ;411820402A;PR;Ponta do Caju;-25,523;-48,509;2025-03-12 16:00:00.0;0,00
PARANAGUÁ;411820402A;PR;Ponta do Caju;-25,523;-48,509;2025-03-12 17:00:00.0;0,00
PARANAGUÁ;411820402A;PR;Ponta do Caju;-25,523;-48,509;2025-03-12 18:00:00.0;0,00
PARANAGUÁ;411820402A;PR;Ponta do Caju;-25,523;-48,509;2025-03-12 19:00:00.0;0,00
PARANAGUÁ;411820402A;PR;Ponta do Caju;-25,523;-48,509;2025-03-12 20:00:00.0;0,00
PARANAGUÁ;411820402A;PR;Ponta do Caju;-25,523;-48,509;2025-03-12 21:00:00.0;0,20
PARANAGUÁ;411820402A;PR;Ponta do Caju;-25,523;-48,509;2025-03-12 22:00:00.0;0,00
PARANAGUÁ;411820402A;PR;Ponta do Caju;-25,523;-48,509;2025-03-12 23:00:00.0;0,00
PARANAGUÁ;411820402A;PR;Ponta do Caju;-25,523;-48,509;2025-03-13 00:00:00.0;0,20
PARANAGUÁ;411820402A;PR;Ponta do Caju;-25,523;-48,509;2025-03-13 00:10:00.0;0,20
PARANAGUÁ;411820402A;PR;Ponta do Caju;-25,523;-48,509;2025-03-13 00:20:00.0;0,20
PARANAGUÁ;411820402A;PR;Ponta do Caju;-25,523;-48,509;2025-03-13 00:30:00.0;1,37
PARANAGUÁ;411820402A;PR;Ponta do Caju;-25,523;-48,509;2025-03-13 00:50:00.0;3,54
PARANAGUÁ;411820402A;PR;Ponta do Caju;-25,523;-48,509;2025-03-13 01:00:00.0;3,55
PARANAGUÁ;411820402A;PR;Ponta do Caju;-25,523;-48,509;2025-03-13 01:10:00.0;1,97
PARANAGUÁ;411820402A;PR;Ponta do Caju;-25,523;-48,509;2025-03-13 01:20:00.0;1,37
PARANAGUÁ;411820402A;PR;Ponta do Caju;-25,523;-48,509;2025-03-13 01:40:00.0;0,39
PARANAGUÁ;411820402A;PR;Ponta do Caju;-25,523;-48,509;2025-03-13 01:50:00.0;0,39
PARANAGUÁ;411820402A;PR;Ponta do Caju;-25,523;-48,509;2025-03-13 02:00:00.0;0,00
PARANAGUÁ;411820402A;PR;Ponta do Caju;-25,523;-48,509;2025-03-13 02:10:00.0;0,20
PARANAGUÁ;411820402A;PR;Ponta do Caju;-25,523;-48,509;2025-03-13 02:50:00.0;0,39
PARANAGUÁ;411820402A;PR;Ponta do Caju;-25,523;-48,509;2025-03-13 03:00:00.0;0,00
PARANAGUÁ;411820402A;PR;Ponta do Caju;-25,523;-48,509;2025-03-13 04:00:00.0;0,00
PARANAGUÁ;411820402A;PR;Ponta do Caju;-25,523;-48,509;2025-03-13 05:00:00.0;0,00
PARANAGUÁ;411820402A;PR;Ponta do Caju;-25,523;-48,509;2025-03-13 05:40:00.0;0,20
PARANAGUÁ;411820402A;PR;Ponta do Caju;-25,523;-48,509;2025-03-13 06:00:00.0;0,00
PARANAGUÁ;411820402A;PR;Ponta do Caju;-25,523;-48,509;2025-03-13 07:00:00.0;0,00
PARANAGUÁ;411820402A;PR;Ponta do Caju;-25,523;-48,509;2025-03-13 08:00:00.0;0,00
PARANAGUÁ;411820402A;PR;Ponta do Caju;-25,523;-48,509;2025-03-13 08:50:00.0;0,39
PARANAGUÁ;411820402A;PR;Ponta do Caju;-25,523;-48,509;2025-03-13 09:10:00.0;0,20
PARANAGUÁ;411820402A;PR;Ponta do Caju;-25,523;-48,509;2025-03-13 09:20:00.0;0,20
PARANAGUÁ;411820402A;PR;Ponta do Caju;-25,523;-48,509;2025-03-13 09:30:00.0;0,20
PARANAGUÁ;411820402A;PR;Ponta do Caju;-25,523;-48,509;2025-03-13 09:40:00.0;0,20
PARANAGUÁ;411820402A;PR;Ponta do Caju;-25,523;-48,509;2025-03-13 10:00:00.0;0,00
PARANAGUÁ;411820402A;PR;Ponta do Caju;-25,523;-48,509;2025-03-13 10:10:00.0;0,20
PARANAGUÁ;411820402A;PR;Ponta do Caju;-25,523;-48,509;2025-03-13 10:20:00.0;0,20
PARANAGUÁ;411820402A;PR;Ponta do Caju;-25,523;-48,509;2025-03-13 10:30:00.0;0,20
PARANAGUÁ;411820402A;PR;Ponta do Caju;-25,523;-48,509;2025-03-13 11:00:00.0;0,00
PARANAGUÁ;411820402A;PR;Ponta do Caju;-25,523;-48,509;2025-03-13 12:00:00.0;0,00
PARANAGUÁ;411820402A;PR;Ponta do Caju;-25,523;-48,509;2025-03-13 13:00:00.0;0,00
PARANAGUÁ;411820402A;PR;Ponta do Caju;-25,523;-48,509;2025-03-13 14:00:00.0;0,00
PARANAGUÁ;411820402A;PR;Ponta do Caju;-25,523;-48,509;2025-03-13 15:00:00.0;0,00
PARANAGUÁ;411820402A;PR;Ponta do Caju;-25,523;-48,509;2025-03-13 16:00:00.0;0,00
PARANAGUÁ;411820402A;PR;Ponta do Caju;-25,523;-48,509;2025-03-13 17:00:00.0;0,00
PARANAGUÁ;411820402A;PR;Ponta do Caju;-25,523;-48,509;2025-03-13 18:00:00.0;0,00
PARANAGUÁ;411820402A;PR;Ponta do Caju;-25,523;-48,509;2025-03-13 19:00:00.0;0,00
PARANAGUÁ;411820402A;PR;Ponta do Caju;-25,523;-48,509;2025-03-13 20:00:00.0;0,00
PARANAGUÁ;411820402A;PR;Ponta do Caju;-25,523;-48,509;2025-03-13 21:00:00.0;0,00
PARANAGUÁ;411820402A;PR;Ponta do Caju;-25,523;-48,509;2025-03-13 22:00:00.0;0,00
PARANAGUÁ;411820402A;PR;Ponta do Caju;-25,523;-48,509;2025-03-13 23:00:00.0;0,00
PARANAGUÁ;411820402A;PR;Ponta do Caju;-25,523;-48,509;2025-03-14 00:00:00.0;0,20
PARANAGUÁ;411820402A;PR;Ponta do Caju;-25,523;-48,509;2025-03-14 00:10:00.0;9,35
PARANAGUÁ;411820402A;PR;Ponta do Caju;-25,523;-48,509;2025-03-14 00:20:00.0;7,51
PARANAGUÁ;411820402A;PR;Ponta do Caju;-25,523;-48,509;2025-03-14 00:30:00.0;0,39
PARANAGUÁ;411820402A;PR;Ponta do Caju;-25,523;-48,509;2025-03-14 01:00:00.0;0,00
PARANAGUÁ;411820402A;PR;Ponta do Caju;-25,523;-48,509;2025-03-14 01:20:00.0;0,20
PARANAGUÁ;411820402A;PR;Ponta do Caju;-25,523;-48,509;2025-03-14 01:30:00.0;0,20
PARANAGUÁ;411820402A;PR;Ponta do Caju;-25,523;-48,509;2025-03-14 01:40:00.0;0,20
PARANAGUÁ;411820402A;PR;Ponta do Caju;-25,523;-48,509;2025-03-14 01:50:00.0;0,20
PARANAGUÁ;411820402A;PR;Ponta do Caju;-25,523;-48,509;2025-03-14 02:00:00.0;0,00
PARANAGUÁ;411820402A;PR;Ponta do Caju;-25,523;-48,509;2025-03-14 02:10:00.0;0,20
PARANAGUÁ;411820402A;PR;Ponta do Caju;-25,523;-48,509;2025-03-14 03:00:00.0;0,00
PARANAGUÁ;411820402A;PR;Ponta do Caju;-25,523;-48,509;2025-03-14 03:30:00.0;0,20
PARANAGUÁ;411820402A;PR;Ponta do Caju;-25,523;-48,509;2025-03-14 04:00:00.0;0,00
PARANAGUÁ;411820402A;PR;Ponta do Caju;-25,523;-48,509;2025-03-14 05:00:00.0;0,00
PARANAGUÁ;411820402A;PR;Ponta do Caju;-25,523;-48,509;2025-03-14 06:00:00.0;0,00
PARANAGUÁ;411820402A;PR;Ponta do Caju;-25,523;-48,509;2025-03-14 06:40:00.0;0,20
PARANAGUÁ;411820402A;PR;Ponta do Caju;-25,523;-48,509;2025-03-14 07:00:00.0;0,39
PARANAGUÁ;411820402A;PR;Ponta do Caju;-25,523;-48,509;2025-03-14 07:10:00.0;0,20
PARANAGUÁ;411820402A;PR;Ponta do Caju;-25,523;-48,509;2025-03-14 07:40:00.0;0,20
PARANAGUÁ;411820402A;PR;Ponta do Caju;-25,523;-48,509;2025-03-14 08:00:00.0;0,20
PARANAGUÁ;411820402A;PR;Ponta do Caju;-25,523;-48,509;2025-03-14 08:10:00.0;0,20
PARANAGUÁ;411820402A;PR;Ponta do Caju;-25,523;-48,509;2025-03-14 09:00:00.0;0,00
PARANAGUÁ;411820402A;PR;Ponta do Caju;-25,523;-48,509;2025-03-14 10:00:00.0;0,00
PARANAGUÁ;411820402A;PR;Ponta do Caju;-25,523;-48,509;2025-03-14 11:00:00.0;0,00
PARANAGUÁ;411820402A;PR;Ponta do Caju;-25,523;-48,509;2025-03-14 12:00:00.0;0,00
PARANAGUÁ;411820402A;PR;Ponta do Caju;-25,523;-48,509;2025-03-14 13:00:00.0;0,00
PARANAGUÁ;411820402A;PR;Ponta do Caju;-25,523;-48,509;2025-03-14 14:00:00.0;0,00
PARANAGUÁ;411820402A;PR;Ponta do Caju;-25,523;-48,509;2025-03-14 15:00:00.0;0,00
PARANAGUÁ;411820402A;PR;Ponta do Caju;-25,523;-48,509;2025-03-14 16:00:00.0;0,00
PARANAGUÁ;411820402A;PR;Ponta do Caju;-25,523;-48,509;2025-03-14 17:00:00.0;0,00
PARANAGUÁ;411820402A;PR;Ponta do Caju;-25,523;-48,509;2025-03-14 18:00:00.0;0,00
PARANAGUÁ;411820402A;PR;Ponta do Caju;-25,523;-48,509;2025-03-14 19:00:00.0;0,00
PARANAGUÁ;411820402A;PR;Ponta do Caju;-25,523;-48,509;2025-03-14 20:00:00.0;0,00
PARANAGUÁ;411820402A;PR;Ponta do Caju;-25,523;-48,509;2025-03-14 21:00:00.0;0,00
PARANAGUÁ;411820402A;PR;Ponta do Caju;-25,523;-48,509;2025-03-14 22:00:00.0;0,00
PARANAGUÁ;411820402A;PR;Ponta do Caju;-25,523;-48,509;2025-03-14 23:00:00.0;0,00
PARANAGUÁ;411820402A;PR;Ponta do Caju;-25,523;-48,509;2025-03-15 00:00:00.0;0,00
PARANAGUÁ;411820402A;PR;Ponta do Caju;-25,523;-48,509;2025-03-15 01:00:00.0;0,00
PARANAGUÁ;411820402A;PR;Ponta do Caju;-25,523;-48,509;2025-03-15 02:00:00.0;0,00
PARANAGUÁ;411820402A;PR;Ponta do Caju;-25,523;-48,509;2025-03-15 03:00:00.0;0,00
PARANAGUÁ;411820402A;PR;Ponta do Caju;-25,523;-48,509;2025-03-15 03:30:00.0;0,39
PARANAGUÁ;411820402A;PR;Ponta do Caju;-25,523;-48,509;2025-03-15 03:40:00.0;0,59
PARANAGUÁ;411820402A;PR;Ponta do Caju;-25,523;-48,509;2025-03-15 03:50:00.0;0,98
PARANAGUÁ;411820402A;PR;Ponta do Caju;-25,523;-48,509;2025-03-15 04:00:00.0;0,20
PARANAGUÁ;411820402A;PR;Ponta do Caju;-25,523;-48,509;2025-03-15 04:10:00.0;0,20
PARANAGUÁ;411820402A;PR;Ponta do Caju;-25,523;-48,509;2025-03-15 04:20:00.0;0,20
PARANAGUÁ;411820402A;PR;Ponta do Caju;-25,523;-48,509;2025-03-15 04:30:00.0;0,39
PARANAGUÁ;411820402A;PR;Ponta do Caju;-25,523;-48,509;2025-03-15 04:40:00.0;1,77
PARANAGUÁ;411820402A;PR;Ponta do Caju;-25,523;-48,509;2025-03-15 04:50:00.0;1,37
PARANAGUÁ;411820402A;PR;Ponta do Caju;-25,523;-48,509;2025-03-15 05:00:00.0;0,98
PARANAGUÁ;411820402A;PR;Ponta do Caju;-25,523;-48,509;2025-03-15 05:10:00.0;1,57
PARANAGUÁ;411820402A;PR;Ponta do Caju;-25,523;-48,509;2025-03-15 05:20:00.0;0,79
PARANAGUÁ;411820402A;PR;Ponta do Caju;-25,523;-48,509;2025-03-15 05:30:00.0;0,20
PARANAGUÁ;411820402A;PR;Ponta do Caju;-25,523;-48,509;2025-03-15 05:50:00.0;0,20
PARANAGUÁ;411820402A;PR;Ponta do Caju;-25,523;-48,509;2025-03-15 06:00:00.0;0,00
PARANAGUÁ;411820402A;PR;Ponta do Caju;-25,523;-48,509;2025-03-15 07:00:00.0;0,00
PARANAGUÁ;411820402A;PR;Ponta do Caju;-25,523;-48,509;2025-03-15 07:20:00.0;0,20
PARANAGUÁ;411820402A;PR;Ponta do Caju;-25,523;-48,509;2025-03-15 08:00:00.0;0,00
PARANAGUÁ;411820402A;PR;Ponta do Caju;-25,523;-48,509;2025-03-15 09:00:00.0;0,00
PARANAGUÁ;411820402A;PR;Ponta do Caju;-25,523;-48,509;2025-03-15 10:00:00.0;0,00
PARANAGUÁ;411820402A;PR;Ponta do Caju;-25,523;-48,509;2025-03-15 11:00:00.0;0,00
PARANAGUÁ;411820402A;PR;Ponta do Caju;-25,523;-48,509;2025-03-15 12:00:00.0;0,00
PARANAGUÁ;411820402A;PR;Ponta do Caju;-25,523;-48,509;2025-03-15 13:00:00.0;0,00
PARANAGUÁ;411820402A;PR;Ponta do Caju;-25,523;-48,509;2025-03-15 14:00:00.0;0,00
PARANAGUÁ;411820402A;PR;Ponta do Caju;-25,523;-48,509;2025-03-15 15:00:00.0;0,00
PARANAGUÁ;411820402A;PR;Ponta do Caju;-25,523;-48,509;2025-03-15 16:00:00.0;0,00
PARANAGUÁ;411820402A;PR;Ponta do Caju;-25,523;-48,509;2025-03-15 17:00:00.0;0,00
PARANAGUÁ;411820402A;PR;Ponta do Caju;-25,523;-48,509;2025-03-15 18:00:00.0;0,00
PARANAGUÁ;411820402A;PR;Ponta do Caju;-25,523;-48,509;2025-03-15 19:00:00.0;0,00
PARANAGUÁ;411820402A;PR;Ponta do Caju;-25,523;-48,509;2025-03-15 20:00:00.0;0,00
PARANAGUÁ;411820402A;PR;Ponta do Caju;-25,523;-48,509;2025-03-15 21:00:00.0;0,00
PARANAGUÁ;411820402A;PR;Ponta do Caju;-25,523;-48,509;2025-03-15 22:00:00.0;0,00
PARANAGUÁ;411820402A;PR;Ponta do Caju;-25,523;-48,509;2025-03-15 23:00:00.0;0,00
PARANAGUÁ;411820402A;PR;Ponta do Caju;-25,523;-48,509;2025-03-16 00:00:00.0;0,00
PARANAGUÁ;411820402A;PR;Ponta do Caju;-25,523;-48,509;2025-03-16 01:00:00.0;0,00
PARANAGUÁ;411820402A;PR;Ponta do Caju;-25,523;-48,509;2025-03-16 02:00:00.0;0,00
PARANAGUÁ;411820402A;PR;Ponta do Caju;-25,523;-48,509;2025-03-16 03:00:00.0;0,00
PARANAGUÁ;411820402A;PR;Ponta do Caju;-25,523;-48,509;2025-03-16 04:00:00.0;0,00
PARANAGUÁ;411820402A;PR;Ponta do Caju;-25,523;-48,509;2025-03-16 05:00:00.0;0,00
PARANAGUÁ;411820402A;PR;Ponta do Caju;-25,523;-48,509;2025-03-16 06:00:00.0;0,00
PARANAGUÁ;411820402A;PR;Ponta do Caju;-25,523;-48,509;2025-03-16 07:00:00.0;0,00
PARANAGUÁ;411820402A;PR;Ponta do Caju;-25,523;-48,509;2025-03-16 08:00:00.0;0,00
PARANAGUÁ;411820402A;PR;Ponta do Caju;-25,523;-48,509;2025-03-16 09:00:00.0;0,00
PARANAGUÁ;411820402A;PR;Ponta do Caju;-25,523;-48,509;2025-03-16 10:00:00.0;0,00
PARANAGUÁ;411820402A;PR;Ponta do Caju;-25,523;-48,509;2025-03-16 12:00:00.0;0,00
PARANAGUÁ;411820402A;PR;Ponta do Caju;-25,523;-48,509;2025-03-16 13:00:00.0;0,00
PARANAGUÁ;411820402A;PR;Ponta do Caju;-25,523;-48,509;2025-03-16 14:00:00.0;0,00
PARANAGUÁ;411820402A;PR;Ponta do Caju;-25,523;-48,509;2025-03-16 15:00:00.0;0,00
PARANAGUÁ;411820402A;PR;Ponta do Caju;-25,523;-48,509;2025-03-16 16:00:00.0;0,00
PARANAGUÁ;411820402A;PR;Ponta do Caju;-25,523;-48,509;2025-03-16 17:00:00.0;0,00
PARANAGUÁ;411820402A;PR;Ponta do Caju;-25,523;-48,509;2025-03-16 18:00:00.0;0,00
PARANAGUÁ;411820402A;PR;Ponta do Caju;-25,523;-48,509;2025-03-16 19:00:00.0;0,00
PARANAGUÁ;411820402A;PR;Ponta do Caju;-25,523;-48,509;2025-03-16 20:00:00.0;0,00
PARANAGUÁ;411820402A;PR;Ponta do Caju;-25,523;-48,509;2025-03-16 21:00:00.0;0,00
PARANAGUÁ;411820402A;PR;Ponta do Caju;-25,523;-48,509;2025-03-16 22:00:00.0;0,00
PARANAGUÁ;411820402A;PR;Ponta do Caju;-25,523;-48,509;2025-03-16 23:00:00.0;0,00
PARANAGUÁ;411820402A;PR;Ponta do Caju;-25,523;-48,509;2025-03-17 00:00:00.0;0,98
PARANAGUÁ;411820402A;PR;Ponta do Caju;-25,523;-48,509;2025-03-17 00:10:00.0;1,38
PARANAGUÁ;411820402A;PR;Ponta do Caju;-25,523;-48,509;2025-03-17 00:50:00.0;0,20
PARANAGUÁ;411820402A;PR;Ponta do Caju;-25,523;-48,509;2025-03-17 01:00:00.0;0,00
PARANAGUÁ;411820402A;PR;Ponta do Caju;-25,523;-48,509;2025-03-17 01:20:00.0;0,39
PARANAGUÁ;411820402A;PR;Ponta do Caju;-25,523;-48,509;2025-03-17 01:30:00.0;0,20
PARANAGUÁ;411820402A;PR;Ponta do Caju;-25,523;-48,509;2025-03-17 01:40:00.0;0,39
PARANAGUÁ;411820402A;PR;Ponta do Caju;-25,523;-48,509;2025-03-17 01:50:00.0;0,39
PARANAGUÁ;411820402A;PR;Ponta do Caju;-25,523;-48,509;2025-03-17 02:00:00.0;0,39
PARANAGUÁ;411820402A;PR;Ponta do Caju;-25,523;-48,509;2025-03-17 02:30:00.0;0,39
PARANAGUÁ;411820402A;PR;Ponta do Caju;-25,523;-48,509;2025-03-17 03:00:00.0;0,00
PARANAGUÁ;411820402A;PR;Ponta do Caju;-25,523;-48,509;2025-03-17 04:00:00.0;0,00
PARANAGUÁ;411820402A;PR;Ponta do Caju;-25,523;-48,509;2025-03-17 05:00:00.0;0,00
PARANAGUÁ;411820402A;PR;Ponta do Caju;-25,523;-48,509;2025-03-17 05:10:00.0;0,39
PARANAGUÁ;411820402A;PR;Ponta do Caju;-25,523;-48,509;2025-03-17 05:20:00.0;0,79
PARANAGUÁ;411820402A;PR;Ponta do Caju;-25,523;-48,509;2025-03-17 06:00:00.0;0,00
PARANAGUÁ;411820402A;PR;Ponta do Caju;-25,523;-48,509;2025-03-17 07:00:00.0;0,00
PARANAGUÁ;411820402A;PR;Ponta do Caju;-25,523;-48,509;2025-03-17 08:00:00.0;0,00
PARANAGUÁ;411820402A;PR;Ponta do Caju;-25,523;-48,509;2025-03-17 09:00:00.0;0,00
PARANAGUÁ;411820402A;PR;Ponta do Caju;-25,523;-48,509;2025-03-17 10:00:00.0;0,00
PARANAGUÁ;411820402A;PR;Ponta do Caju;-25,523;-48,509;2025-03-17 11:00:00.0;0,39
PARANAGUÁ;411820402A;PR;Ponta do Caju;-25,523;-48,509;2025-03-17 11:10:00.0;0,20
PARANAGUÁ;411820402A;PR;Ponta do Caju;-25,523;-48,509;2025-03-17 11:20:00.0;0,20
PARANAGUÁ;411820402A;PR;Ponta do Caju;-25,523;-48,509;2025-03-17 11:40:00.0;0,20
PARANAGUÁ;411820402A;PR;Ponta do Caju;-25,523;-48,509;2025-03-17 12:00:00.0;0,00
PARANAGUÁ;411820402A;PR;Ponta do Caju;-25,523;-48,509;2025-03-17 13:00:00.0;0,00
PARANAGUÁ;411820402A;PR;Ponta do Caju;-25,523;-48,509;2025-03-17 14:00:00.0;0,00
PARANAGUÁ;411820402A;PR;Ponta do Caju;-25,523;-48,509;2025-03-17 15:00:00.0;0,00
PARANAGUÁ;411820402A;PR;Ponta do Caju;-25,523;-48,509;2025-03-17 16:00:00.0;0,00
PARANAGUÁ;411820402A;PR;Ponta do Caju;-25,523;-48,509;2025-03-17 17:00:00.0;0,00
PARANAGUÁ;411820402A;PR;Ponta do Caju;-25,523;-48,509;2025-03-17 18:00:00.0;0,00
PARANAGUÁ;411820402A;PR;Ponta do Caju;-25,523;-48,509;2025-03-17 19:00:00.0;0,00
PARANAGUÁ;411820402A;PR;Ponta do Caju;-25,523;-48,509;2025-03-17 20:00:00.0;0,00
PARANAGUÁ;411820402A;PR;Ponta do Caju;-25,523;-48,509;2025-03-17 21:00:00.0;0,00
PARANAGUÁ;411820402A;PR;Ponta do Caju;-25,523;-48,509;2025-03-17 22:00:00.0;0,00
PARANAGUÁ;411820402A;PR;Ponta do Caju;-25,523;-48,509;2025-03-17 23:00:00.0;0,00
PARANAGUÁ;411820402A;PR;Ponta do Caju;-25,523;-48,509;2025-03-18 00:00:00.0;0,00
PARANAGUÁ;411820402A;PR;Ponta do Caju;-25,523;-48,509;2025-03-18 01:00:00.0;0,00
PARANAGUÁ;411820402A;PR;Ponta do Caju;-25,523;-48,509;2025-03-18 02:00:00.0;0,00
PARANAGUÁ;411820402A;PR;Ponta do Caju;-25,523;-48,509;2025-03-18 03:00:00.0;0,00
PARANAGUÁ;411820402A;PR;Ponta do Caju;-25,523;-48,509;2025-03-18 04:00:00.0;0,00
PARANAGUÁ;411820402A;PR;Ponta do Caju;-25,523;-48,509;2025-03-18 05:00:00.0;0,00
PARANAGUÁ;411820402A;PR;Ponta do Caju;-25,523;-48,509;2025-03-18 06:00:00.0;0,00
PARANAGUÁ;411820402A;PR;Ponta do Caju;-25,523;-48,509;2025-03-18 07:00:00.0;0,00
PARANAGUÁ;411820402A;PR;Ponta do Caju;-25,523;-48,509;2025-03-18 08:00:00.0;0,00
PARANAGUÁ;411820402A;PR;Ponta do Caju;-25,523;-48,509;2025-03-18 09:00:00.0;0,00
PARANAGUÁ;411820402A;PR;Ponta do Caju;-25,523;-48,509;2025-03-18 10:00:00.0;0,00
PARANAGUÁ;411820402A;PR;Ponta do Caju;-25,523;-48,509;2025-03-18 11:00:00.0;0,00
PARANAGUÁ;411820402A;PR;Ponta do Caju;-25,523;-48,509;2025-03-18 12:00:00.0;0,00
PARANAGUÁ;411820402A;PR;Ponta do Caju;-25,523;-48,509;2025-03-18 13:00:00.0;0,00
PARANAGUÁ;411820402A;PR;Ponta do Caju;-25,523;-48,509;2025-03-18 14:00:00.0;0,00
PARANAGUÁ;411820402A;PR;Ponta do Caju;-25,523;-48,509;2025-03-18 15:00:00.0;0,00
PARANAGUÁ;411820402A;PR;Ponta do Caju;-25,523;-48,509;2025-03-18 16:00:00.0;0,00
PARANAGUÁ;411820402A;PR;Ponta do Caju;-25,523;-48,509;2025-03-18 17:00:00.0;0,00
PARANAGUÁ;411820402A;PR;Ponta do Caju;-25,523;-48,509;2025-03-18 18:00:00.0;0,00
PARANAGUÁ;411820402A;PR;Ponta do Caju;-25,523;-48,509;2025-03-18 19:00:00.0;0,00
PARANAGUÁ;411820402A;PR;Ponta do Caju;-25,523;-48,509;2025-03-18 20:00:00.0;0,20
PARANAGUÁ;411820402A;PR;Ponta do Caju;-25,523;-48,509;2025-03-18 20:10:00.0;2,17
PARANAGUÁ;411820402A;PR;Ponta do Caju;-25,523;-48,509;2025-03-18 20:20:00.0;12,00
PARANAGUÁ;411820402A;PR;Ponta do Caju;-25,523;-48,509;2025-03-18 20:30:00.0;7,09
PARANAGUÁ;411820402A;PR;Ponta do Caju;-25,523;-48,509;2025-03-18 20:40:00.0;1,37
PARANAGUÁ;411820402A;PR;Ponta do Caju;-25,523;-48,509;2025-03-18 21:00:00.0;0,00
PARANAGUÁ;411820402A;PR;Ponta do Caju;-25,523;-48,509;2025-03-18 22:00:00.0;0,00
PARANAGUÁ;411820402A;PR;Ponta do Caju;-25,523;-48,509;2025-03-18 23:00:00.0;0,00
PARANAGUÁ;411820402A;PR;Ponta do Caju;-25,523;-48,509;2025-03-18 23:20:00.0;0,20
PARANAGUÁ;411820402A;PR;Ponta do Caju;-25,523;-48,509;2025-03-19 00:00:00.0;0,00
PARANAGUÁ;411820402A;PR;Ponta do Caju;-25,523;-48,509;2025-03-19 00:50:00.0;0,20
PARANAGUÁ;411820402A;PR;Ponta do Caju;-25,523;-48,509;2025-03-19 01:00:00.0;0,39
PARANAGUÁ;411820402A;PR;Ponta do Caju;-25,523;-48,509;2025-03-19 01:20:00.0;0,20
PARANAGUÁ;411820402A;PR;Ponta do Caju;-25,523;-48,509;2025-03-19 02:00:00.0;0,00
PARANAGUÁ;411820402A;PR;Ponta do Caju;-25,523;-48,509;2025-03-19 03:00:00.0;0,00
PARANAGUÁ;411820402A;PR;Ponta do Caju;-25,523;-48,509;2025-03-19 04:00:00.0;0,00
PARANAGUÁ;411820402A;PR;Ponta do Caju;-25,523;-48,509;2025-03-19 05:00:00.0;0,00
PARANAGUÁ;411820402A;PR;Ponta do Caju;-25,523;-48,509;2025-03-19 06:00:00.0;0,00
PARANAGUÁ;411820402A;PR;Ponta do Caju;-25,523;-48,509;2025-03-19 07:00:00.0;0,00
PARANAGUÁ;411820402A;PR;Ponta do Caju;-25,523;-48,509;2025-03-19 08:00:00.0;0,00
PARANAGUÁ;411820402A;PR;Ponta do Caju;-25,523;-48,509;2025-03-19 09:00:00.0;0,00
PARANAGUÁ;411820402A;PR;Ponta do Caju;-25,523;-48,509;2025-03-19 10:00:00.0;0,00
PARANAGUÁ;411820402A;PR;Ponta do Caju;-25,523;-48,509;2025-03-19 11:00:00.0;0,00
PARANAGUÁ;411820402A;PR;Ponta do Caju;-25,523;-48,509;2025-03-19 12:00:00.0;0,00
PARANAGUÁ;411820402A;PR;Ponta do Caju;-25,523;-48,509;2025-03-19 13:00:00.0;0,00
PARANAGUÁ;411820402A;PR;Ponta do Caju;-25,523;-48,509;2025-03-19 14:00:00.0;0,00
PARANAGUÁ;411820402A;PR;Ponta do Caju;-25,523;-48,509;2025-03-19 15:00:00.0;0,00
PARANAGUÁ;411820402A;PR;Ponta do Caju;-25,523;-48,509;2025-03-19 16:00:00.0;0,00
PARANAGUÁ;411820402A;PR;Ponta do Caju;-25,523;-48,509;2025-03-19 17:00:00.0;0,00
PARANAGUÁ;411820402A;PR;Ponta do Caju;-25,523;-48,509;2025-03-19 18:00:00.0;0,00
PARANAGUÁ;411820402A;PR;Ponta do Caju;-25,523;-48,509;2025-03-19 19:00:00.0;0,00
PARANAGUÁ;411820402A;PR;Ponta do Caju;-25,523;-48,509;2025-03-19 20:00:00.0;0,00
PARANAGUÁ;411820402A;PR;Ponta do Caju;-25,523;-48,509;2025-03-19 21:00:00.0;0,00
PARANAGUÁ;411820402A;PR;Ponta do Caju;-25,523;-48,509;2025-03-19 22:00:00.0;0,00
PARANAGUÁ;411820402A;PR;Ponta do Caju;-25,523;-48,509;2025-03-19 23:00:00.0;0,00
PARANAGUÁ;411820402A;PR;Ponta do Caju;-25,523;-48,509;2025-03-20 00:00:00.0;0,00
PARANAGUÁ;411820402A;PR;Ponta do Caju;-25,523;-48,509;2025-03-20 01:00:00.0;0,00
PARANAGUÁ;411820402A;PR;Ponta do Caju;-25,523;-48,509;2025-03-20 02:00:00.0;0,00
PARANAGUÁ;411820402A;PR;Ponta do Caju;-25,523;-48,509;2025-03-20 03:00:00.0;0,00
PARANAGUÁ;411820402A;PR;Ponta do Caju;-25,523;-48,509;2025-03-20 04:00:00.0;0,00
PARANAGUÁ;411820402A;PR;Ponta do Caju;-25,523;-48,509;2025-03-20 05:00:00.0;0,00
PARANAGUÁ;411820402A;PR;Ponta do Caju;-25,523;-48,509;2025-03-20 06:00:00.0;0,00
PARANAGUÁ;411820402A;PR;Ponta do Caju;-25,523;-48,509;2025-03-20 07:00:00.0;0,00
PARANAGUÁ;411820402A;PR;Ponta do Caju;-25,523;-48,509;2025-03-20 08:00:00.0;0,00
PARANAGUÁ;411820402A;PR;Ponta do Caju;-25,523;-48,509;2025-03-20 09:00:00.0;0,00
PARANAGUÁ;411820402A;PR;Ponta do Caju;-25,523;-48,509;2025-03-20 09:20:00.0;0,20
PARANAGUÁ;411820402A;PR;Ponta do Caju;-25,523;-48,509;2025-03-20 09:30:00.0;0,59
PARANAGUÁ;411820402A;PR;Ponta do Caju;-25,523;-48,509;2025-03-20 09:40:00.0;0,20
PARANAGUÁ;411820402A;PR;Ponta do Caju;-25,523;-48,509;2025-03-20 10:00:00.0;0,39
PARANAGUÁ;411820402A;PR;Ponta do Caju;-25,523;-48,509;2025-03-20 11:00:00.0;0,00
PARANAGUÁ;411820402A;PR;Ponta do Caju;-25,523;-48,509;2025-03-20 12:00:00.0;0,00
PARANAGUÁ;411820402A;PR;Ponta do Caju;-25,523;-48,509;2025-03-20 13:00:00.0;0,00
PARANAGUÁ;411820402A;PR;Ponta do Caju;-25,523;-48,509;2025-03-20 14:00:00.0;0,00
PARANAGUÁ;411820402A;PR;Ponta do Caju;-25,523;-48,509;2025-03-20 15:00:00.0;0,00
PARANAGUÁ;411820402A;PR;Ponta do Caju;-25,523;-48,509;2025-03-20 16:00:00.0;0,00
PARANAGUÁ;411820402A;PR;Ponta do Caju;-25,523;-48,509;2025-03-20 17:00:00.0;0,00
PARANAGUÁ;411820402A;PR;Ponta do Caju;-25,523;-48,509;2025-03-20 18:00:00.0;0,00
PARANAGUÁ;411820402A;PR;Ponta do Caju;-25,523;-48,509;2025-03-20 19:00:00.0;0,00
PARANAGUÁ;411820402A;PR;Ponta do Caju;-25,523;-48,509;2025-03-20 20:00:00.0;0,00
PARANAGUÁ;411820402A;PR;Ponta do Caju;-25,523;-48,509;2025-03-20 21:00:00.0;0,00
PARANAGUÁ;411820402A;PR;Ponta do Caju;-25,523;-48,509;2025-03-20 22:00:00.0;0,00
PARANAGUÁ;411820402A;PR;Ponta do Caju;-25,523;-48,509;2025-03-20 23:00:00.0;0,00
PARANAGUÁ;411820402A;PR;Ponta do Caju;-25,523;-48,509;2025-03-21 00:00:00.0;0,00
PARANAGUÁ;411820402A;PR;Ponta do Caju;-25,523;-48,509;2025-03-21 01:00:00.0;0,00
PARANAGUÁ;411820402A;PR;Ponta do Caju;-25,523;-48,509;2025-03-21 02:00:00.0;0,00
PARANAGUÁ;411820402A;PR;Ponta do Caju;-25,523;-48,509;2025-03-21 03:00:00.0;0,00
PARANAGUÁ;411820402A;PR;Ponta do Caju;-25,523;-48,509;2025-03-21 04:00:00.0;0,00
PARANAGUÁ;411820402A;PR;Ponta do Caju;-25,523;-48,509;2025-03-21 05:00:00.0;0,00
PARANAGUÁ;411820402A;PR;Ponta do Caju;-25,523;-48,509;2025-03-21 06:00:00.0;0,00
PARANAGUÁ;411820402A;PR;Ponta do Caju;-25,523;-48,509;2025-03-21 07:00:00.0;0,00
PARANAGUÁ;411820402A;PR;Ponta do Caju;-25,523;-48,509;2025-03-21 08:00:00.0;0,00
PARANAGUÁ;411820402A;PR;Ponta do Caju;-25,523;-48,509;2025-03-21 09:00:00.0;0,00
PARANAGUÁ;411820402A;PR;Ponta do Caju;-25,523;-48,509;2025-03-21 10:00:00.0;0,00
PARANAGUÁ;411820402A;PR;Ponta do Caju;-25,523;-48,509;2025-03-21 11:00:00.0;0,00
PARANAGUÁ;411820402A;PR;Ponta do Caju;-25,523;-48,509;2025-03-21 12:00:00.0;0,00
PARANAGUÁ;411820402A;PR;Ponta do Caju;-25,523;-48,509;2025-03-21 13:00:00.0;0,00
PARANAGUÁ;411820402A;PR;Ponta do Caju;-25,523;-48,509;2025-03-21 14:00:00.0;0,00
PARANAGUÁ;411820402A;PR;Ponta do Caju;-25,523;-48,509;2025-03-21 15:00:00.0;0,00
PARANAGUÁ;411820402A;PR;Ponta do Caju;-25,523;-48,509;2025-03-21 16:00:00.0;0,00
PARANAGUÁ;411820402A;PR;Ponta do Caju;-25,523;-48,509;2025-03-21 17:00:00.0;0,00
PARANAGUÁ;411820402A;PR;Ponta do Caju;-25,523;-48,509;2025-03-21 18:00:00.0;0,00
PARANAGUÁ;411820402A;PR;Ponta do Caju;-25,523;-48,509;2025-03-21 19:00:00.0;0,00
PARANAGUÁ;411820402A;PR;Ponta do Caju;-25,523;-48,509;2025-03-21 20:00:00.0;0,00
PARANAGUÁ;411820402A;PR;Ponta do Caju;-25,523;-48,509;2025-03-21 21:00:00.0;0,00
PARANAGUÁ;411820402A;PR;Ponta do Caju;-25,523;-48,509;2025-03-21 22:00:00.0;0,00
PARANAGUÁ;411820402A;PR;Ponta do Caju;-25,523;-48,509;2025-03-21 23:00:00.0;0,00
PARANAGUÁ;411820402A;PR;Ponta do Caju;-25,523;-48,509;2025-03-22 00:00:00.0;0,00
PARANAGUÁ;411820402A;PR;Ponta do Caju;-25,523;-48,509;2025-03-22 01:00:00.0;0,00
PARANAGUÁ;411820402A;PR;Ponta do Caju;-25,523;-48,509;2025-03-22 02:00:00.0;0,00
PARANAGUÁ;411820402A;PR;Ponta do Caju;-25,523;-48,509;2025-03-22 03:00:00.0;0,00
PARANAGUÁ;411820402A;PR;Ponta do Caju;-25,523;-48,509;2025-03-22 04:00:00.0;0,00
PARANAGUÁ;411820402A;PR;Ponta do Caju;-25,523;-48,509;2025-03-22 05:00:00.0;0,00
PARANAGUÁ;411820402A;PR;Ponta do Caju;-25,523;-48,509;2025-03-22 06:00:00.0;0,00
PARANAGUÁ;411820402A;PR;Ponta do Caju;-25,523;-48,509;2025-03-22 07:00:00.0;0,00
PARANAGUÁ;411820402A;PR;Ponta do Caju;-25,523;-48,509;2025-03-22 08:00:00.0;0,00
PARANAGUÁ;411820402A;PR;Ponta do Caju;-25,523;-48,509;2025-03-22 09:00:00.0;0,00
PARANAGUÁ;411820402A;PR;Ponta do Caju;-25,523;-48,509;2025-03-22 10:00:00.0;0,00
PARANAGUÁ;411820402A;PR;Ponta do Caju;-25,523;-48,509;2025-03-22 11:00:00.0;0,00
PARANAGUÁ;411820402A;PR;Ponta do Caju;-25,523;-48,509;2025-03-22 12:00:00.0;0,00
PARANAGUÁ;411820402A;PR;Ponta do Caju;-25,523;-48,509;2025-03-22 13:00:00.0;0,00
PARANAGUÁ;411820402A;PR;Ponta do Caju;-25,523;-48,509;2025-03-22 14:00:00.0;0,00
PARANAGUÁ;411820402A;PR;Ponta do Caju;-25,523;-48,509;2025-03-22 15:00:00.0;0,00
PARANAGUÁ;411820402A;PR;Ponta do Caju;-25,523;-48,509;2025-03-22 16:00:00.0;0,00
PARANAGUÁ;411820402A;PR;Ponta do Caju;-25,523;-48,509;2025-03-22 17:00:00.0;0,00
PARANAGUÁ;411820402A;PR;Ponta do Caju;-25,523;-48,509;2025-03-22 18:00:00.0;0,00
PARANAGUÁ;411820402A;PR;Ponta do Caju;-25,523;-48,509;2025-03-22 19:00:00.0;0,00
PARANAGUÁ;411820402A;PR;Ponta do Caju;-25,523;-48,509;2025-03-22 20:00:00.0;0,00
PARANAGUÁ;411820402A;PR;Ponta do Caju;-25,523;-48,509;2025-03-22 21:00:00.0;0,00
PARANAGUÁ;411820402A;PR;Ponta do Caju;-25,523;-48,509;2025-03-22 22:00:00.0;0,00
PARANAGUÁ;411820402A;PR;Ponta do Caju;-25,523;-48,509;2025-03-22 23:00:00.0;0,00
PARANAGUÁ;411820402A;PR;Ponta do Caju;-25,523;-48,509;2025-03-23 00:00:00.0;0,00
PARANAGUÁ;411820402A;PR;Ponta do Caju;-25,523;-48,509;2025-03-23 01:00:00.0;0,00
PARANAGUÁ;411820402A;PR;Ponta do Caju;-25,523;-48,509;2025-03-23 02:00:00.0;0,00
PARANAGUÁ;411820402A;PR;Ponta do Caju;-25,523;-48,509;2025-03-23 03:00:00.0;0,00
PARANAGUÁ;411820402A;PR;Ponta do Caju;-25,523;-48,509;2025-03-23 04:00:00.0;0,00
PARANAGUÁ;411820402A;PR;Ponta do Caju;-25,523;-48,509;2025-03-23 05:00:00.0;0,00
PARANAGUÁ;411820402A;PR;Ponta do Caju;-25,523;-48,509;2025-03-23 06:00:00.0;0,00
PARANAGUÁ;411820402A;PR;Ponta do Caju;-25,523;-48,509;2025-03-23 07:00:00.0;0,00
PARANAGUÁ;411820402A;PR;Ponta do Caju;-25,523;-48,509;2025-03-23 08:00:00.0;0,00
PARANAGUÁ;411820402A;PR;Ponta do Caju;-25,523;-48,509;2025-03-23 09:00:00.0;0,00
PARANAGUÁ;411820402A;PR;Ponta do Caju;-25,523;-48,509;2025-03-23 10:00:00.0;0,00
PARANAGUÁ;411820402A;PR;Ponta do Caju;-25,523;-48,509;2025-03-23 11:00:00.0;0,00
PARANAGUÁ;411820402A;PR;Ponta do Caju;-25,523;-48,509;2025-03-23 12:00:00.0;0,00
PARANAGUÁ;411820402A;PR;Ponta do Caju;-25,523;-48,509;2025-03-23 13:00:00.0;0,00
PARANAGUÁ;411820402A;PR;Ponta do Caju;-25,523;-48,509;2025-03-23 14:00:00.0;0,00
PARANAGUÁ;411820402A;PR;Ponta do Caju;-25,523;-48,509;2025-03-23 15:00:00.0;0,00
PARANAGUÁ;411820402A;PR;Ponta do Caju;-25,523;-48,509;2025-03-23 16:00:00.0;0,00
PARANAGUÁ;411820402A;PR;Ponta do Caju;-25,523;-48,509;2025-03-23 17:00:00.0;0,00
PARANAGUÁ;411820402A;PR;Ponta do Caju;-25,523;-48,509;2025-03-23 18:00:00.0;0,00
PARANAGUÁ;411820402A;PR;Ponta do Caju;-25,523;-48,509;2025-03-23 19:00:00.0;0,00
PARANAGUÁ;411820402A;PR;Ponta do Caju;-25,523;-48,509;2025-03-23 20:00:00.0;0,00
PARANAGUÁ;411820402A;PR;Ponta do Caju;-25,523;-48,509;2025-03-23 21:00:00.0;0,00
PARANAGUÁ;411820402A;PR;Ponta do Caju;-25,523;-48,509;2025-03-23 22:00:00.0;0,00
PARANAGUÁ;411820402A;PR;Ponta do Caju;-25,523;-48,509;2025-03-23 23:00:00.0;0,00
PARANAGUÁ;411820402A;PR;Ponta do Caju;-25,523;-48,509;2025-03-24 00:00:00.0;0,00
PARANAGUÁ;411820402A;PR;Ponta do Caju;-25,523;-48,509;2025-03-24 01:00:00.0;0,00
PARANAGUÁ;411820402A;PR;Ponta do Caju;-25,523;-48,509;2025-03-24 02:00:00.0;0,00
PARANAGUÁ;411820402A;PR;Ponta do Caju;-25,523;-48,509;2025-03-24 03:00:00.0;0,00
PARANAGUÁ;411820402A;PR;Ponta do Caju;-25,523;-48,509;2025-03-24 04:00:00.0;0,00
PARANAGUÁ;411820402A;PR;Ponta do Caju;-25,523;-48,509;2025-03-24 05:00:00.0;0,00
PARANAGUÁ;411820402A;PR;Ponta do Caju;-25,523;-48,509;2025-03-24 06:00:00.0;0,00
PARANAGUÁ;411820402A;PR;Ponta do Caju;-25,523;-48,509;2025-03-24 07:00:00.0;0,00
PARANAGUÁ;411820402A;PR;Ponta do Caju;-25,523;-48,509;2025-03-24 08:00:00.0;0,00
PARANAGUÁ;411820402A;PR;Ponta do Caju;-25,523;-48,509;2025-03-24 09:00:00.0;0,00
PARANAGUÁ;411820402A;PR;Ponta do Caju;-25,523;-48,509;2025-03-24 10:00:00.0;0,00
PARANAGUÁ;411820402A;PR;Ponta do Caju;-25,523;-48,509;2025-03-24 11:00:00.0;0,00
PARANAGUÁ;411820402A;PR;Ponta do Caju;-25,523;-48,509;2025-03-24 12:00:00.0;0,00
PARANAGUÁ;411820402A;PR;Ponta do Caju;-25,523;-48,509;2025-03-24 13:00:00.0;0,00
PARANAGUÁ;411820402A;PR;Ponta do Caju;-25,523;-48,509;2025-03-24 14:00:00.0;0,00
PARANAGUÁ;411820402A;PR;Ponta do Caju;-25,523;-48,509;2025-03-24 15:00:00.0;0,00
PARANAGUÁ;411820402A;PR;Ponta do Caju;-25,523;-48,509;2025-03-24 16:00:00.0;0,00
PARANAGUÁ;411820402A;PR;Ponta do Caju;-25,523;-48,509;2025-03-24 17:00:00.0;0,00
PARANAGUÁ;411820402A;PR;Ponta do Caju;-25,523;-48,509;2025-03-24 18:00:00.0;0,00
PARANAGUÁ;411820402A;PR;Ponta do Caju;-25,523;-48,509;2025-03-24 19:00:00.0;0,00
PARANAGUÁ;411820402A;PR;Ponta do Caju;-25,523;-48,509;2025-03-24 20:00:00.0;0,00
PARANAGUÁ;411820402A;PR;Ponta do Caju;-25,523;-48,509;2025-03-24 21:00:00.0;0,00
PARANAGUÁ;411820402A;PR;Ponta do Caju;-25,523;-48,509;2025-03-24 22:00:00.0;0,00
PARANAGUÁ;411820402A;PR;Ponta do Caju;-25,523;-48,509;2025-03-24 23:00:00.0;0,00
PARANAGUÁ;411820402A;PR;Ponta do Caju;-25,523;-48,509;2025-03-25 00:00:00.0;0,00
PARANAGUÁ;411820402A;PR;Ponta do Caju;-25,523;-48,509;2025-03-25 01:00:00.0;0,00
PARANAGUÁ;411820402A;PR;Ponta do Caju;-25,523;-48,509;2025-03-25 02:00:00.0;0,00
PARANAGUÁ;411820402A;PR;Ponta do Caju;-25,523;-48,509;2025-03-25 03:00:00.0;0,00
PARANAGUÁ;411820402A;PR;Ponta do Caju;-25,523;-48,509;2025-03-25 04:00:00.0;0,00
PARANAGUÁ;411820402A;PR;Ponta do Caju;-25,523;-48,509;2025-03-25 05:00:00.0;0,00
PARANAGUÁ;411820402A;PR;Ponta do Caju;-25,523;-48,509;2025-03-25 06:00:00.0;0,00
PARANAGUÁ;411820402A;PR;Ponta do Caju;-25,523;-48,509;2025-03-25 07:00:00.0;0,00
PARANAGUÁ;411820402A;PR;Ponta do Caju;-25,523;-48,509;2025-03-25 08:00:00.0;0,00
PARANAGUÁ;411820402A;PR;Ponta do Caju;-25,523;-48,509;2025-03-25 09:00:00.0;0,00
PARANAGUÁ;411820402A;PR;Ponta do Caju;-25,523;-48,509;2025-03-25 10:00:00.0;0,00
PARANAGUÁ;411820402A;PR;Ponta do Caju;-25,523;-48,509;2025-03-25 11:00:00.0;0,00
PARANAGUÁ;411820402A;PR;Ponta do Caju;-25,523;-48,509;2025-03-25 12:00:00.0;0,00
PARANAGUÁ;411820402A;PR;Ponta do Caju;-25,523;-48,509;2025-03-25 13:00:00.0;0,00
PARANAGUÁ;411820402A;PR;Ponta do Caju;-25,523;-48,509;2025-03-25 14:00:00.0;0,00
PARANAGUÁ;411820402A;PR;Ponta do Caju;-25,523;-48,509;2025-03-25 15:00:00.0;0,00
PARANAGUÁ;411820402A;PR;Ponta do Caju;-25,523;-48,509;2025-03-25 16:20:00.0;0,00
PARANAGUÁ;411820402A;PR;Ponta do Caju;-25,523;-48,509;2025-03-25 17:00:00.0;0,00
PARANAGUÁ;411820402A;PR;Ponta do Caju;-25,523;-48,509;2025-03-25 18:00:00.0;0,00
PARANAGUÁ;411820402A;PR;Ponta do Caju;-25,523;-48,509;2025-03-25 19:00:00.0;0,00
PARANAGUÁ;411820402A;PR;Ponta do Caju;-25,523;-48,509;2025-03-25 20:00:00.0;0,00
PARANAGUÁ;411820402A;PR;Ponta do Caju;-25,523;-48,509;2025-03-25 21:00:00.0;0,00
PARANAGUÁ;411820402A;PR;Ponta do Caju;-25,523;-48,509;2025-03-25 22:00:00.0;0,00
PARANAGUÁ;411820402A;PR;Ponta do Caju;-25,523;-48,509;2025-03-25 23:00:00.0;0,00
PARANAGUÁ;411820402A;PR;Ponta do Caju;-25,523;-48,509;2025-03-26 00:00:00.0;0,00
PARANAGUÁ;411820402A;PR;Ponta do Caju;-25,523;-48,509;2025-03-26 01:00:00.0;0,00
PARANAGUÁ;411820402A;PR;Ponta do Caju;-25,523;-48,509;2025-03-26 02:00:00.0;0,00
PARANAGUÁ;411820402A;PR;Ponta do Caju;-25,523;-48,509;2025-03-26 03:00:00.0;0,00
PARANAGUÁ;411820402A;PR;Ponta do Caju;-25,523;-48,509;2025-03-26 04:00:00.0;0,00
PARANAGUÁ;411820402A;PR;Ponta do Caju;-25,523;-48,509;2025-03-26 05:00:00.0;0,00
PARANAGUÁ;411820402A;PR;Ponta do Caju;-25,523;-48,509;2025-03-26 05:30:00.0;0,20
PARANAGUÁ;411820402A;PR;Ponta do Caju;-25,523;-48,509;2025-03-26 06:00:00.0;0,00
PARANAGUÁ;411820402A;PR;Ponta do Caju;-25,523;-48,509;2025-03-26 06:20:00.0;0,98
PARANAGUÁ;411820402A;PR;Ponta do Caju;-25,523;-48,509;2025-03-26 06:30:00.0;2,17
PARANAGUÁ;411820402A;PR;Ponta do Caju;-25,523;-48,509;2025-03-26 06:40:00.0;0,79
PARANAGUÁ;411820402A;PR;Ponta do Caju;-25,523;-48,509;2025-03-26 06:50:00.0;0,20
PARANAGUÁ;411820402A;PR;Ponta do Caju;-25,523;-48,509;2025-03-26 07:00:00.0;0,98
PARANAGUÁ;411820402A;PR;Ponta do Caju;-25,523;-48,509;2025-03-26 07:10:00.0;3,54
PARANAGUÁ;411820402A;PR;Ponta do Caju;-25,523;-48,509;2025-03-26 07:20:00.0;0,20
PARANAGUÁ;411820402A;PR;Ponta do Caju;-25,523;-48,509;2025-03-26 08:00:00.0;0,00
PARANAGUÁ;411820402A;PR;Ponta do Caju;-25,523;-48,509;2025-03-26 09:00:00.0;0,00
PARANAGUÁ;411820402A;PR;Ponta do Caju;-25,523;-48,509;2025-03-26 10:00:00.0;0,00
PARANAGUÁ;411820402A;PR;Ponta do Caju;-25,523;-48,509;2025-03-26 10:40:00.0;0,20
PARANAGUÁ;411820402A;PR;Ponta do Caju;-25,523;-48,509;2025-03-26 11:00:00.0;0,00
PARANAGUÁ;411820402A;PR;Ponta do Caju;-25,523;-48,509;2025-03-26 12:00:00.0;0,00
PARANAGUÁ;411820402A;PR;Ponta do Caju;-25,523;-48,509;2025-03-26 12:30:00.0;0,39
PARANAGUÁ;411820402A;PR;Ponta do Caju;-25,523;-48,509;2025-03-26 12:40:00.0;0,20
PARANAGUÁ;411820402A;PR;Ponta do Caju;-25,523;-48,509;2025-03-26 12:50:00.0;0,39
PARANAGUÁ;411820402A;PR;Ponta do Caju;-25,523;-48,509;2025-03-26 13:00:00.0;0,98
PARANAGUÁ;411820402A;PR;Ponta do Caju;-25,523;-48,509;2025-03-26 13:10:00.0;1,18
PARANAGUÁ;411820402A;PR;Ponta do Caju;-25,523;-48,509;2025-03-26 13:20:00.0;0,98
PARANAGUÁ;411820402A;PR;Ponta do Caju;-25,523;-48,509;2025-03-26 13:30:00.0;0,79
PARANAGUÁ;411820402A;PR;Ponta do Caju;-25,523;-48,509;2025-03-26 13:40:00.0;0,20
PARANAGUÁ;411820402A;PR;Ponta do Caju;-25,523;-48,509;2025-03-26 14:00:00.0;0,00
PARANAGUÁ;411820402A;PR;Ponta do Caju;-25,523;-48,509;2025-03-26 15:00:00.0;0,00
PARANAGUÁ;411820402A;PR;Ponta do Caju;-25,523;-48,509;2025-03-26 16:00:00.0;0,00
PARANAGUÁ;411820402A;PR;Ponta do Caju;-25,523;-48,509;2025-03-26 17:00:00.0;0,00
PARANAGUÁ;411820402A;PR;Ponta do Caju;-25,523;-48,509;2025-03-26 18:00:00.0;0,00
PARANAGUÁ;411820402A;PR;Ponta do Caju;-25,523;-48,509;2025-03-26 19:00:00.0;0,00
PARANAGUÁ;411820402A;PR;Ponta do Caju;-25,523;-48,509;2025-03-26 19:20:00.0;0,20
PARANAGUÁ;411820402A;PR;Ponta do Caju;-25,523;-48,509;2025-03-26 19:40:00.0;0,20
PARANAGUÁ;411820402A;PR;Ponta do Caju;-25,523;-48,509;2025-03-26 20:00:00.0;0,59
PARANAGUÁ;411820402A;PR;Ponta do Caju;-25,523;-48,509;2025-03-26 20:10:00.0;0,20
PARANAGUÁ;411820402A;PR;Ponta do Caju;-25,523;-48,509;2025-03-26 21:00:00.0;0,20
PARANAGUÁ;411820402A;PR;Ponta do Caju;-25,523;-48,509;2025-03-26 22:00:00.0;0,00
PARANAGUÁ;411820402A;PR;Ponta do Caju;-25,523;-48,509;2025-03-26 23:00:00.0;0,20
PARANAGUÁ;411820402A;PR;Ponta do Caju;-25,523;-48,509;2025-03-27 00:00:00.0;0,00
PARANAGUÁ;411820402A;PR;Ponta do Caju;-25,523;-48,509;2025-03-27 00:30:00.0;0,39
PARANAGUÁ;411820402A;PR;Ponta do Caju;-25,523;-48,509;2025-03-27 01:00:00.0;0,00
PARANAGUÁ;411820402A;PR;Ponta do Caju;-25,523;-48,509;2025-03-27 02:00:00.0;0,00
PARANAGUÁ;411820402A;PR;Ponta do Caju;-25,523;-48,509;2025-03-27 03:00:00.0;0,00
PARANAGUÁ;411820402A;PR;Ponta do Caju;-25,523;-48,509;2025-03-27 04:00:00.0;0,59
PARANAGUÁ;411820402A;PR;Ponta do Caju;-25,523;-48,509;2025-03-27 04:10:00.0;0,20
PARANAGUÁ;411820402A;PR;Ponta do Caju;-25,523;-48,509;2025-03-27 04:20:00.0;0,59
PARANAGUÁ;411820402A;PR;Ponta do Caju;-25,523;-48,509;2025-03-27 04:30:00.0;0,39
PARANAGUÁ;411820402A;PR;Ponta do Caju;-25,523;-48,509;2025-03-27 04:40:00.0;0,20
PARANAGUÁ;411820402A;PR;Ponta do Caju;-25,523;-48,509;2025-03-27 04:50:00.0;0,79
PARANAGUÁ;411820402A;PR;Ponta do Caju;-25,523;-48,509;2025-03-27 05:00:00.0;0,39
PARANAGUÁ;411820402A;PR;Ponta do Caju;-25,523;-48,509;2025-03-27 05:20:00.0;0,20
PARANAGUÁ;411820402A;PR;Ponta do Caju;-25,523;-48,509;2025-03-27 06:00:00.0;0,00
PARANAGUÁ;411820402A;PR;Ponta do Caju;-25,523;-48,509;2025-03-27 07:00:00.0;0,00
PARANAGUÁ;411820402A;PR;Ponta do Caju;-25,523;-48,509;2025-03-27 08:00:00.0;0,00
PARANAGUÁ;411820402A;PR;Ponta do Caju;-25,523;-48,509;2025-03-27 09:00:00.0;0,00
PARANAGUÁ;411820402A;PR;Ponta do Caju;-25,523;-48,509;2025-03-27 10:00:00.0;0,00
PARANAGUÁ;411820402A;PR;Ponta do Caju;-25,523;-48,509;2025-03-27 11:00:00.0;0,00
PARANAGUÁ;411820402A;PR;Ponta do Caju;-25,523;-48,509;2025-03-27 12:00:00.0;0,00
PARANAGUÁ;411820402A;PR;Ponta do Caju;-25,523;-48,509;2025-03-27 12:20:00.0;0,20
PARANAGUÁ;411820402A;PR;Ponta do Caju;-25,523;-48,509;2025-03-27 13:00:00.0;0,00
PARANAGUÁ;411820402A;PR;Ponta do Caju;-25,523;-48,509;2025-03-27 14:00:00.0;0,00
PARANAGUÁ;411820402A;PR;Ponta do Caju;-25,523;-48,509;2025-03-27 15:00:00.0;0,00
PARANAGUÁ;411820402A;PR;Ponta do Caju;-25,523;-48,509;2025-03-27 16:00:00.0;0,00
PARANAGUÁ;411820402A;PR;Ponta do Caju;-25,523;-48,509;2025-03-27 17:00:00.0;0,00
PARANAGUÁ;411820402A;PR;Ponta do Caju;-25,523;-48,509;2025-03-27 18:00:00.0;0,00
PARANAGUÁ;411820402A;PR;Ponta do Caju;-25,523;-48,509;2025-03-27 19:00:00.0;0,00
PARANAGUÁ;411820402A;PR;Ponta do Caju;-25,523;-48,509;2025-03-27 20:00:00.0;0,00
PARANAGUÁ;411820402A;PR;Ponta do Caju;-25,523;-48,509;2025-03-27 21:00:00.0;0,00
PARANAGUÁ;411820402A;PR;Ponta do Caju;-25,523;-48,509;2025-03-27 22:00:00.0;0,00
PARANAGUÁ;411820402A;PR;Ponta do Caju;-25,523;-48,509;2025-03-27 23:00:00.0;0,00
PARANAGUÁ;411820402A;PR;Ponta do Caju;-25,523;-48,509;2025-03-28 00:00:00.0;0,00
PARANAGUÁ;411820402A;PR;Ponta do Caju;-25,523;-48,509;2025-03-28 01:00:00.0;0,00
PARANAGUÁ;411820402A;PR;Ponta do Caju;-25,523;-48,509;2025-03-28 02:00:00.0;0,00
PARANAGUÁ;411820402A;PR;Ponta do Caju;-25,523;-48,509;2025-03-28 03:00:00.0;0,00
PARANAGUÁ;411820402A;PR;Ponta do Caju;-25,523;-48,509;2025-03-28 03:50:00.0;0,39
PARANAGUÁ;411820402A;PR;Ponta do Caju;-25,523;-48,509;2025-03-28 04:00:00.0;0,79
PARANAGUÁ;411820402A;PR;Ponta do Caju;-25,523;-48,509;2025-03-28 04:20:00.0;0,20
PARANAGUÁ;411820402A;PR;Ponta do Caju;-25,523;-48,509;2025-03-28 05:00:00.0;0,20
PARANAGUÁ;411820402A;PR;Ponta do Caju;-25,523;-48,509;2025-03-28 06:00:00.0;0,00
PARANAGUÁ;411820402A;PR;Ponta do Caju;-25,523;-48,509;2025-03-28 07:00:00.0;0,00
PARANAGUÁ;411820402A;PR;Ponta do Caju;-25,523;-48,509;2025-03-28 08:00:00.0;0,00
PARANAGUÁ;411820402A;PR;Ponta do Caju;-25,523;-48,509;2025-03-28 09:00:00.0;0,00
PARANAGUÁ;411820402A;PR;Ponta do Caju;-25,523;-48,509;2025-03-28 10:00:00.0;0,00
PARANAGUÁ;411820402A;PR;Ponta do Caju;-25,523;-48,509;2025-03-28 11:00:00.0;0,00
PARANAGUÁ;411820402A;PR;Ponta do Caju;-25,523;-48,509;2025-03-28 12:00:00.0;0,00
PARANAGUÁ;411820402A;PR;Ponta do Caju;-25,523;-48,509;2025-03-28 13:00:00.0;0,00
PARANAGUÁ;411820402A;PR;Ponta do Caju;-25,523;-48,509;2025-03-28 14:00:00.0;0,00
PARANAGUÁ;411820402A;PR;Ponta do Caju;-25,523;-48,509;2025-03-28 15:00:00.0;0,00
PARANAGUÁ;411820402A;PR;Ponta do Caju;-25,523;-48,509;2025-03-28 16:00:00.0;0,00
PARANAGUÁ;411820402A;PR;Ponta do Caju;-25,523;-48,509;2025-03-28 17:00:00.0;0,00
PARANAGUÁ;411820402A;PR;Ponta do Caju;-25,523;-48,509;2025-03-28 18:00:00.0;0,00
PARANAGUÁ;411820402A;PR;Ponta do Caju;-25,523;-48,509;2025-03-28 19:00:00.0;0,00
PARANAGUÁ;411820402A;PR;Ponta do Caju;-25,523;-48,509;2025-03-28 20:00:00.0;0,00
PARANAGUÁ;411820402A;PR;Ponta do Caju;-25,523;-48,509;2025-03-28 21:00:00.0;0,00
PARANAGUÁ;411820402A;PR;Ponta do Caju;-25,523;-48,509;2025-03-28 22:00:00.0;0,00
PARANAGUÁ;411820402A;PR;Ponta do Caju;-25,523;-48,509;2025-03-28 23:00:00.0;0,00
PARANAGUÁ;411820402A;PR;Ponta do Caju;-25,523;-48,509;2025-03-29 00:00:00.0;0,00
PARANAGUÁ;411820402A;PR;Ponta do Caju;-25,523;-48,509;2025-03-29 01:00:00.0;0,00
PARANAGUÁ;411820402A;PR;Ponta do Caju;-25,523;-48,509;2025-03-29 02:00:00.0;0,00
PARANAGUÁ;411820402A;PR;Ponta do Caju;-25,523;-48,509;2025-03-29 03:00:00.0;0,00
PARANAGUÁ;411820402A;PR;Ponta do Caju;-25,523;-48,509;2025-03-29 04:00:00.0;0,00
PARANAGUÁ;411820402A;PR;Ponta do Caju;-25,523;-48,509;2025-03-29 05:00:00.0;0,00
PARANAGUÁ;411820402A;PR;Ponta do Caju;-25,523;-48,509;2025-03-29 06:00:00.0;0,00
PARANAGUÁ;411820402A;PR;Ponta do Caju;-25,523;-48,509;2025-03-29 07:00:00.0;0,00
PARANAGUÁ;411820402A;PR;Ponta do Caju;-25,523;-48,509;2025-03-29 08:00:00.0;0,00
PARANAGUÁ;411820402A;PR;Ponta do Caju;-25,523;-48,509;2025-03-29 09:00:00.0;0,00
PARANAGUÁ;411820402A;PR;Ponta do Caju;-25,523;-48,509;2025-03-29 10:00:00.0;0,00
PARANAGUÁ;411820402A;PR;Ponta do Caju;-25,523;-48,509;2025-03-29 11:00:00.0;0,00
PARANAGUÁ;411820402A;PR;Ponta do Caju;-25,523;-48,509;2025-03-29 12:00:00.0;0,00
PARANAGUÁ;411820402A;PR;Ponta do Caju;-25,523;-48,509;2025-03-29 13:00:00.0;0,00
PARANAGUÁ;411820402A;PR;Ponta do Caju;-25,523;-48,509;2025-03-29 14:00:00.0;0,00
PARANAGUÁ;411820402A;PR;Ponta do Caju;-25,523;-48,509;2025-03-29 15:00:00.0;0,00
PARANAGUÁ;411820402A;PR;Ponta do Caju;-25,523;-48,509;2025-03-29 16:00:00.0;0,00
PARANAGUÁ;411820402A;PR;Ponta do Caju;-25,523;-48,509;2025-03-29 17:00:00.0;0,00
PARANAGUÁ;411820402A;PR;Ponta do Caju;-25,523;-48,509;2025-03-29 18:00:00.0;0,00
PARANAGUÁ;411820402A;PR;Ponta do Caju;-25,523;-48,509;2025-03-29 19:00:00.0;0,00
PARANAGUÁ;411820402A;PR;Ponta do Caju;-25,523;-48,509;2025-03-29 20:00:00.0;0,00
PARANAGUÁ;411820402A;PR;Ponta do Caju;-25,523;-48,509;2025-03-29 21:00:00.0;0,00
PARANAGUÁ;411820402A;PR;Ponta do Caju;-25,523;-48,509;2025-03-29 22:00:00.0;0,00
PARANAGUÁ;411820402A;PR;Ponta do Caju;-25,523;-48,509;2025-03-29 23:00:00.0;0,00
PARANAGUÁ;411820402A;PR;Ponta do Caju;-25,523;-48,509;2025-03-30 00:00:00.0;0,00
PARANAGUÁ;411820402A;PR;Ponta do Caju;-25,523;-48,509;2025-03-30 01:00:00.0;0,00
PARANAGUÁ;411820402A;PR;Ponta do Caju;-25,523;-48,509;2025-03-30 02:00:00.0;0,00
PARANAGUÁ;411820402A;PR;Ponta do Caju;-25,523;-48,509;2025-03-30 03:00:00.0;0,00
PARANAGUÁ;411820402A;PR;Ponta do Caju;-25,523;-48,509;2025-03-30 04:00:00.0;0,00
PARANAGUÁ;411820402A;PR;Ponta do Caju;-25,523;-48,509;2025-03-30 05:00:00.0;0,00
PARANAGUÁ;411820402A;PR;Ponta do Caju;-25,523;-48,509;2025-03-30 06:00:00.0;0,00
PARANAGUÁ;411820402A;PR;Ponta do Caju;-25,523;-48,509;2025-03-30 07:00:00.0;0,00
PARANAGUÁ;411820402A;PR;Ponta do Caju;-25,523;-48,509;2025-03-30 08:00:00.0;0,00
PARANAGUÁ;411820402A;PR;Ponta do Caju;-25,523;-48,509;2025-03-30 09:00:00.0;0,00
PARANAGUÁ;411820402A;PR;Ponta do Caju;-25,523;-48,509;2025-03-30 10:00:00.0;0,00
PARANAGUÁ;411820402A;PR;Ponta do Caju;-25,523;-48,509;2025-03-30 11:00:00.0;0,00
PARANAGUÁ;411820402A;PR;Ponta do Caju;-25,523;-48,509;2025-03-30 12:00:00.0;0,00
PARANAGUÁ;411820402A;PR;Ponta do Caju;-25,523;-48,509;2025-03-30 13:00:00.0;0,00
PARANAGUÁ;411820402A;PR;Ponta do Caju;-25,523;-48,509;2025-03-30 14:00:00.0;0,00
PARANAGUÁ;411820402A;PR;Ponta do Caju;-25,523;-48,509;2025-03-30 15:00:00.0;0,00
PARANAGUÁ;411820402A;PR;Ponta do Caju;-25,523;-48,509;2025-03-30 16:00:00.0;0,00
PARANAGUÁ;411820402A;PR;Ponta do Caju;-25,523;-48,509;2025-03-30 17:00:00.0;0,00
PARANAGUÁ;411820402A;PR;Ponta do Caju;-25,523;-48,509;2025-03-30 18:00:00.0;0,00
PARANAGUÁ;411820402A;PR;Ponta do Caju;-25,523;-48,509;2025-03-30 19:00:00.0;0,00
PARANAGUÁ;411820402A;PR;Ponta do Caju;-25,523;-48,509;2025-03-30 20:00:00.0;0,00
PARANAGUÁ;411820402A;PR;Ponta do Caju;-25,523;-48,509;2025-03-30 21:00:00.0;0,00
PARANAGUÁ;411820402A;PR;Ponta do Caju;-25,523;-48,509;2025-03-30 22:00:00.0;0,00
PARANAGUÁ;411820402A;PR;Ponta do Caju;-25,523;-48,509;2025-03-30 23:00:00.0;0,00
PARANAGUÁ;411820402A;PR;Ponta do Caju;-25,523;-48,509;2025-03-31 00:00:00.0;0,00
PARANAGUÁ;411820402A;PR;Ponta do Caju;-25,523;-48,509;2025-03-31 01:00:00.0;0,00
PARANAGUÁ;411820402A;PR;Ponta do Caju;-25,523;-48,509;2025-03-31 02:00:00.0;0,00
PARANAGUÁ;411820402A;PR;Ponta do Caju;-25,523;-48,509;2025-03-31 03:00:00.0;0,00
PARANAGUÁ;411820402A;PR;Ponta do Caju;-25,523;-48,509;2025-03-31 04:00:00.0;0,00
PARANAGUÁ;411820402A;PR;Ponta do Caju;-25,523;-48,509;2025-03-31 05:00:00.0;0,00
PARANAGUÁ;411820402A;PR;Ponta do Caju;-25,523;-48,509;2025-03-31 06:00:00.0;0,00
PARANAGUÁ;411820402A;PR;Ponta do Caju;-25,523;-48,509;2025-03-31 07:00:00.0;0,00
PARANAGUÁ;411820402A;PR;Ponta do Caju;-25,523;-48,509;2025-03-31 08:00:00.0;0,00
PARANAGUÁ;411820402A;PR;Ponta do Caju;-25,523;-48,509;2025-03-31 09:00:00.0;0,00
PARANAGUÁ;411820402A;PR;Ponta do Caju;-25,523;-48,509;2025-03-31 10:00:00.0;0,00
PARANAGUÁ;411820402A;PR;Ponta do Caju;-25,523;-48,509;2025-03-31 11:00:00.0;0,00
PARANAGUÁ;411820402A;PR;Ponta do Caju;-25,523;-48,509;2025-03-31 12:00:00.0;0,00
PARANAGUÁ;411820402A;PR;Ponta do Caju;-25,523;-48,509;2025-03-31 13:00:00.0;0,00
PARANAGUÁ;411820402A;PR;Ponta do Caju;-25,523;-48,509;2025-03-31 14:00:00.0;0,00
PARANAGUÁ;411820402A;PR;Ponta do Caju;-25,523;-48,509;2025-03-31 15:00:00.0;0,00
PARANAGUÁ;411820402A;PR;Ponta do Caju;-25,523;-48,509;2025-03-31 16:00:00.0;0,00
PARANAGUÁ;411820402A;PR;Ponta do Caju;-25,523;-48,509;2025-03-31 17:00:00.0;0,00
PARANAGUÁ;411820402A;PR;Ponta do Caju;-25,523;-48,509;2025-03-31 18:00:00.0;0,00
PARANAGUÁ;411820402A;PR;Ponta do Caju;-25,523;-48,509;2025-03-31 19:00:00.0;0,00
PARANAGUÁ;411820402A;PR;Ponta do Caju;-25,523;-48,509;2025-03-31 20:00:00.0;0,00
PARANAGUÁ;411820402A;PR;Ponta do Caju;-25,523;-48,509;2025-03-31 21:00:00.0;0,00
PARANAGUÁ;411820402A;PR;Ponta do Caju;-25,523;-48,509;2025-03-31 22:00:00.0;0,00
PARANAGUÁ;411820402A;PR;Ponta do Caju;-25,523;-48,509;2025-03-31 23:00:00.0;0,00
PARANAGUÁ;411820403A;PR;Padre Jackson;-25,517;-48,543;2025-03-01 00:10:00.0;0,00
PARANAGUÁ;411820403A;PR;Padre Jackson;-25,517;-48,543;2025-03-01 01:10:00.0;0,00
PARANAGUÁ;411820403A;PR;Padre Jackson;-25,517;-48,543;2025-03-01 02:10:00.0;0,00
PARANAGUÁ;411820403A;PR;Padre Jackson;-25,517;-48,543;2025-03-01 03:10:00.0;0,00
PARANAGUÁ;411820403A;PR;Padre Jackson;-25,517;-48,543;2025-03-01 04:10:00.0;0,00
PARANAGUÁ;411820403A;PR;Padre Jackson;-25,517;-48,543;2025-03-01 05:10:00.0;0,00
PARANAGUÁ;411820403A;PR;Padre Jackson;-25,517;-48,543;2025-03-01 06:10:00.0;0,00
PARANAGUÁ;411820403A;PR;Padre Jackson;-25,517;-48,543;2025-03-01 07:10:00.0;0,00
PARANAGUÁ;411820403A;PR;Padre Jackson;-25,517;-48,543;2025-03-01 08:10:00.0;0,00
PARANAGUÁ;411820403A;PR;Padre Jackson;-25,517;-48,543;2025-03-01 09:10:00.0;0,00
PARANAGUÁ;411820403A;PR;Padre Jackson;-25,517;-48,543;2025-03-01 10:10:00.0;0,00
PARANAGUÁ;411820403A;PR;Padre Jackson;-25,517;-48,543;2025-03-01 11:10:00.0;0,00
PARANAGUÁ;411820403A;PR;Padre Jackson;-25,517;-48,543;2025-03-01 12:10:00.0;0,00
PARANAGUÁ;411820403A;PR;Padre Jackson;-25,517;-48,543;2025-03-01 13:10:00.0;0,00
PARANAGUÁ;411820403A;PR;Padre Jackson;-25,517;-48,543;2025-03-01 14:10:00.0;0,00
PARANAGUÁ;411820403A;PR;Padre Jackson;-25,517;-48,543;2025-03-01 15:10:00.0;0,00
PARANAGUÁ;411820403A;PR;Padre Jackson;-25,517;-48,543;2025-03-01 16:10:00.0;0,00
PARANAGUÁ;411820403A;PR;Padre Jackson;-25,517;-48,543;2025-03-01 17:10:00.0;0,00
PARANAGUÁ;411820403A;PR;Padre Jackson;-25,517;-48,543;2025-03-01 18:10:00.0;0,00
PARANAGUÁ;411820403A;PR;Padre Jackson;-25,517;-48,543;2025-03-01 19:10:00.0;0,00
PARANAGUÁ;411820403A;PR;Padre Jackson;-25,517;-48,543;2025-03-01 20:10:00.0;0,00
PARANAGUÁ;411820403A;PR;Padre Jackson;-25,517;-48,543;2025-03-01 21:10:00.0;0,00
PARANAGUÁ;411820403A;PR;Padre Jackson;-25,517;-48,543;2025-03-01 22:10:00.0;0,00
PARANAGUÁ;411820403A;PR;Padre Jackson;-25,517;-48,543;2025-03-01 23:10:00.0;0,00
PARANAGUÁ;411820403A;PR;Padre Jackson;-25,517;-48,543;2025-03-02 00:10:00.0;0,00
PARANAGUÁ;411820403A;PR;Padre Jackson;-25,517;-48,543;2025-03-02 01:10:00.0;0,00
PARANAGUÁ;411820403A;PR;Padre Jackson;-25,517;-48,543;2025-03-02 02:10:00.0;0,00
PARANAGUÁ;411820403A;PR;Padre Jackson;-25,517;-48,543;2025-03-02 03:10:00.0;0,00
PARANAGUÁ;411820403A;PR;Padre Jackson;-25,517;-48,543;2025-03-02 04:10:00.0;0,00
PARANAGUÁ;411820403A;PR;Padre Jackson;-25,517;-48,543;2025-03-02 05:10:00.0;0,00
PARANAGUÁ;411820403A;PR;Padre Jackson;-25,517;-48,543;2025-03-02 06:10:00.0;0,00
PARANAGUÁ;411820403A;PR;Padre Jackson;-25,517;-48,543;2025-03-02 07:10:00.0;0,00
PARANAGUÁ;411820403A;PR;Padre Jackson;-25,517;-48,543;2025-03-02 08:10:00.0;0,00
PARANAGUÁ;411820403A;PR;Padre Jackson;-25,517;-48,543;2025-03-02 09:10:00.0;0,00
PARANAGUÁ;411820403A;PR;Padre Jackson;-25,517;-48,543;2025-03-02 10:10:00.0;0,00
PARANAGUÁ;411820403A;PR;Padre Jackson;-25,517;-48,543;2025-03-02 11:10:00.0;0,00
PARANAGUÁ;411820403A;PR;Padre Jackson;-25,517;-48,543;2025-03-02 12:10:00.0;0,00
PARANAGUÁ;411820403A;PR;Padre Jackson;-25,517;-48,543;2025-03-02 13:10:00.0;0,00
PARANAGUÁ;411820403A;PR;Padre Jackson;-25,517;-48,543;2025-03-02 14:10:00.0;0,00
PARANAGUÁ;411820403A;PR;Padre Jackson;-25,517;-48,543;2025-03-02 15:10:00.0;0,00
PARANAGUÁ;411820403A;PR;Padre Jackson;-25,517;-48,543;2025-03-02 16:10:00.0;0,00
PARANAGUÁ;411820403A;PR;Padre Jackson;-25,517;-48,543;2025-03-02 17:10:00.0;0,00
PARANAGUÁ;411820403A;PR;Padre Jackson;-25,517;-48,543;2025-03-02 18:10:00.0;0,00
PARANAGUÁ;411820403A;PR;Padre Jackson;-25,517;-48,543;2025-03-02 19:10:00.0;0,00
PARANAGUÁ;411820403A;PR;Padre Jackson;-25,517;-48,543;2025-03-02 20:10:00.0;0,00
PARANAGUÁ;411820403A;PR;Padre Jackson;-25,517;-48,543;2025-03-02 21:10:00.0;0,00
PARANAGUÁ;411820403A;PR;Padre Jackson;-25,517;-48,543;2025-03-02 22:10:00.0;0,00
PARANAGUÁ;411820403A;PR;Padre Jackson;-25,517;-48,543;2025-03-02 23:10:00.0;0,00
PARANAGUÁ;411820403A;PR;Padre Jackson;-25,517;-48,543;2025-03-03 00:10:00.0;0,00
PARANAGUÁ;411820403A;PR;Padre Jackson;-25,517;-48,543;2025-03-03 01:10:00.0;0,00
PARANAGUÁ;411820403A;PR;Padre Jackson;-25,517;-48,543;2025-03-03 02:10:00.0;0,00
PARANAGUÁ;411820403A;PR;Padre Jackson;-25,517;-48,543;2025-03-03 03:10:00.0;0,00
PARANAGUÁ;411820403A;PR;Padre Jackson;-25,517;-48,543;2025-03-03 04:10:00.0;0,00
PARANAGUÁ;411820403A;PR;Padre Jackson;-25,517;-48,543;2025-03-03 05:10:00.0;0,00
PARANAGUÁ;411820403A;PR;Padre Jackson;-25,517;-48,543;2025-03-03 06:10:00.0;0,00
PARANAGUÁ;411820403A;PR;Padre Jackson;-25,517;-48,543;2025-03-03 07:10:00.0;0,00
PARANAGUÁ;411820403A;PR;Padre Jackson;-25,517;-48,543;2025-03-03 08:10:00.0;0,00
PARANAGUÁ;411820403A;PR;Padre Jackson;-25,517;-48,543;2025-03-03 09:10:00.0;0,00
PARANAGUÁ;411820403A;PR;Padre Jackson;-25,517;-48,543;2025-03-03 10:10:00.0;0,00
PARANAGUÁ;411820403A;PR;Padre Jackson;-25,517;-48,543;2025-03-03 11:10:00.0;0,00
PARANAGUÁ;411820403A;PR;Padre Jackson;-25,517;-48,543;2025-03-03 12:10:00.0;0,00
PARANAGUÁ;411820403A;PR;Padre Jackson;-25,517;-48,543;2025-03-03 13:10:00.0;0,00
PARANAGUÁ;411820403A;PR;Padre Jackson;-25,517;-48,543;2025-03-03 14:10:00.0;0,00
PARANAGUÁ;411820403A;PR;Padre Jackson;-25,517;-48,543;2025-03-03 15:10:00.0;0,00
PARANAGUÁ;411820403A;PR;Padre Jackson;-25,517;-48,543;2025-03-03 16:10:00.0;0,00
PARANAGUÁ;411820403A;PR;Padre Jackson;-25,517;-48,543;2025-03-03 17:10:00.0;0,00
PARANAGUÁ;411820403A;PR;Padre Jackson;-25,517;-48,543;2025-03-03 18:10:00.0;0,00
PARANAGUÁ;411820403A;PR;Padre Jackson;-25,517;-48,543;2025-03-03 19:10:00.0;0,00
PARANAGUÁ;411820403A;PR;Padre Jackson;-25,517;-48,543;2025-03-03 20:10:00.0;0,00
PARANAGUÁ;411820403A;PR;Padre Jackson;-25,517;-48,543;2025-03-03 21:10:00.0;0,00
PARANAGUÁ;411820403A;PR;Padre Jackson;-25,517;-48,543;2025-03-03 22:10:00.0;0,00
PARANAGUÁ;411820403A;PR;Padre Jackson;-25,517;-48,543;2025-03-03 23:10:00.0;0,00
PARANAGUÁ;411820403A;PR;Padre Jackson;-25,517;-48,543;2025-03-04 00:10:00.0;0,00
PARANAGUÁ;411820403A;PR;Padre Jackson;-25,517;-48,543;2025-03-04 01:10:00.0;0,00
PARANAGUÁ;411820403A;PR;Padre Jackson;-25,517;-48,543;2025-03-04 02:10:00.0;0,00
PARANAGUÁ;411820403A;PR;Padre Jackson;-25,517;-48,543;2025-03-04 03:10:00.0;0,00
PARANAGUÁ;411820403A;PR;Padre Jackson;-25,517;-48,543;2025-03-04 04:10:00.0;0,00
PARANAGUÁ;411820403A;PR;Padre Jackson;-25,517;-48,543;2025-03-04 05:10:00.0;0,00
PARANAGUÁ;411820403A;PR;Padre Jackson;-25,517;-48,543;2025-03-04 06:10:00.0;0,00
PARANAGUÁ;411820403A;PR;Padre Jackson;-25,517;-48,543;2025-03-04 07:10:00.0;0,00
PARANAGUÁ;411820403A;PR;Padre Jackson;-25,517;-48,543;2025-03-04 08:10:00.0;0,00
PARANAGUÁ;411820403A;PR;Padre Jackson;-25,517;-48,543;2025-03-04 09:10:00.0;0,00
PARANAGUÁ;411820403A;PR;Padre Jackson;-25,517;-48,543;2025-03-04 10:10:00.0;0,00
PARANAGUÁ;411820403A;PR;Padre Jackson;-25,517;-48,543;2025-03-04 11:10:00.0;0,00
PARANAGUÁ;411820403A;PR;Padre Jackson;-25,517;-48,543;2025-03-04 12:10:00.0;0,00
PARANAGUÁ;411820403A;PR;Padre Jackson;-25,517;-48,543;2025-03-04 13:10:00.0;0,00
PARANAGUÁ;411820403A;PR;Padre Jackson;-25,517;-48,543;2025-03-04 14:10:00.0;0,00
PARANAGUÁ;411820403A;PR;Padre Jackson;-25,517;-48,543;2025-03-04 15:10:00.0;0,00
PARANAGUÁ;411820403A;PR;Padre Jackson;-25,517;-48,543;2025-03-04 16:10:00.0;0,00
PARANAGUÁ;411820403A;PR;Padre Jackson;-25,517;-48,543;2025-03-04 17:10:00.0;0,00
PARANAGUÁ;411820403A;PR;Padre Jackson;-25,517;-48,543;2025-03-04 18:10:00.0;0,00
PARANAGUÁ;411820403A;PR;Padre Jackson;-25,517;-48,543;2025-03-04 19:10:00.0;0,00
PARANAGUÁ;411820403A;PR;Padre Jackson;-25,517;-48,543;2025-03-04 20:10:00.0;0,00
PARANAGUÁ;411820403A;PR;Padre Jackson;-25,517;-48,543;2025-03-04 21:10:00.0;0,00
PARANAGUÁ;411820403A;PR;Padre Jackson;-25,517;-48,543;2025-03-04 22:10:00.0;0,00
PARANAGUÁ;411820403A;PR;Padre Jackson;-25,517;-48,543;2025-03-04 23:10:00.0;0,00
PARANAGUÁ;411820403A;PR;Padre Jackson;-25,517;-48,543;2025-03-05 00:10:00.0;0,00
PARANAGUÁ;411820403A;PR;Padre Jackson;-25,517;-48,543;2025-03-05 01:10:00.0;0,00
PARANAGUÁ;411820403A;PR;Padre Jackson;-25,517;-48,543;2025-03-05 02:10:00.0;0,00
PARANAGUÁ;411820403A;PR;Padre Jackson;-25,517;-48,543;2025-03-05 03:10:00.0;0,00
PARANAGUÁ;411820403A;PR;Padre Jackson;-25,517;-48,543;2025-03-05 04:10:00.0;0,00
PARANAGUÁ;411820403A;PR;Padre Jackson;-25,517;-48,543;2025-03-05 05:10:00.0;0,00
PARANAGUÁ;411820403A;PR;Padre Jackson;-25,517;-48,543;2025-03-05 06:10:00.0;0,00
PARANAGUÁ;411820403A;PR;Padre Jackson;-25,517;-48,543;2025-03-05 07:10:00.0;0,00
PARANAGUÁ;411820403A;PR;Padre Jackson;-25,517;-48,543;2025-03-05 08:10:00.0;0,00
PARANAGUÁ;411820403A;PR;Padre Jackson;-25,517;-48,543;2025-03-05 09:10:00.0;0,00
PARANAGUÁ;411820403A;PR;Padre Jackson;-25,517;-48,543;2025-03-05 10:10:00.0;0,00
PARANAGUÁ;411820403A;PR;Padre Jackson;-25,517;-48,543;2025-03-05 11:10:00.0;0,00
PARANAGUÁ;411820403A;PR;Padre Jackson;-25,517;-48,543;2025-03-05 12:10:00.0;0,00
PARANAGUÁ;411820403A;PR;Padre Jackson;-25,517;-48,543;2025-03-05 13:10:00.0;0,00
PARANAGUÁ;411820403A;PR;Padre Jackson;-25,517;-48,543;2025-03-05 14:10:00.0;0,00
PARANAGUÁ;411820403A;PR;Padre Jackson;-25,517;-48,543;2025-03-05 15:10:00.0;0,00
PARANAGUÁ;411820403A;PR;Padre Jackson;-25,517;-48,543;2025-03-05 16:10:00.0;0,00
PARANAGUÁ;411820403A;PR;Padre Jackson;-25,517;-48,543;2025-03-05 17:10:00.0;0,00
PARANAGUÁ;411820403A;PR;Padre Jackson;-25,517;-48,543;2025-03-05 18:10:00.0;0,00
PARANAGUÁ;411820403A;PR;Padre Jackson;-25,517;-48,543;2025-03-05 19:10:00.0;0,00
PARANAGUÁ;411820403A;PR;Padre Jackson;-25,517;-48,543;2025-03-05 20:10:00.0;0,00
PARANAGUÁ;411820403A;PR;Padre Jackson;-25,517;-48,543;2025-03-05 21:10:00.0;0,00
PARANAGUÁ;411820403A;PR;Padre Jackson;-25,517;-48,543;2025-03-05 22:10:00.0;0,00
PARANAGUÁ;411820403A;PR;Padre Jackson;-25,517;-48,543;2025-03-05 23:10:00.0;0,00
PARANAGUÁ;411820403A;PR;Padre Jackson;-25,517;-48,543;2025-03-06 00:10:00.0;0,00
PARANAGUÁ;411820403A;PR;Padre Jackson;-25,517;-48,543;2025-03-06 01:10:00.0;0,00
PARANAGUÁ;411820403A;PR;Padre Jackson;-25,517;-48,543;2025-03-06 02:10:00.0;0,00
PARANAGUÁ;411820403A;PR;Padre Jackson;-25,517;-48,543;2025-03-06 03:10:00.0;0,00
PARANAGUÁ;411820403A;PR;Padre Jackson;-25,517;-48,543;2025-03-06 04:10:00.0;0,00
PARANAGUÁ;411820403A;PR;Padre Jackson;-25,517;-48,543;2025-03-06 05:10:00.0;0,00
PARANAGUÁ;411820403A;PR;Padre Jackson;-25,517;-48,543;2025-03-06 06:10:00.0;0,00
PARANAGUÁ;411820403A;PR;Padre Jackson;-25,517;-48,543;2025-03-06 07:10:00.0;0,00
PARANAGUÁ;411820403A;PR;Padre Jackson;-25,517;-48,543;2025-03-06 08:10:00.0;0,00
PARANAGUÁ;411820403A;PR;Padre Jackson;-25,517;-48,543;2025-03-06 09:10:00.0;0,00
PARANAGUÁ;411820403A;PR;Padre Jackson;-25,517;-48,543;2025-03-06 10:10:00.0;0,00
PARANAGUÁ;411820403A;PR;Padre Jackson;-25,517;-48,543;2025-03-06 11:10:00.0;0,00
PARANAGUÁ;411820403A;PR;Padre Jackson;-25,517;-48,543;2025-03-06 12:10:00.0;0,00
PARANAGUÁ;411820403A;PR;Padre Jackson;-25,517;-48,543;2025-03-06 13:10:00.0;0,00
PARANAGUÁ;411820403A;PR;Padre Jackson;-25,517;-48,543;2025-03-06 14:10:00.0;0,00
PARANAGUÁ;411820403A;PR;Padre Jackson;-25,517;-48,543;2025-03-06 15:10:00.0;0,00
PARANAGUÁ;411820403A;PR;Padre Jackson;-25,517;-48,543;2025-03-06 16:10:00.0;0,00
PARANAGUÁ;411820403A;PR;Padre Jackson;-25,517;-48,543;2025-03-06 17:10:00.0;0,00
PARANAGUÁ;411820403A;PR;Padre Jackson;-25,517;-48,543;2025-03-06 18:10:00.0;0,00
PARANAGUÁ;411820403A;PR;Padre Jackson;-25,517;-48,543;2025-03-06 19:10:00.0;0,00
PARANAGUÁ;411820403A;PR;Padre Jackson;-25,517;-48,543;2025-03-06 20:10:00.0;0,00
PARANAGUÁ;411820403A;PR;Padre Jackson;-25,517;-48,543;2025-03-06 21:10:00.0;0,00
PARANAGUÁ;411820403A;PR;Padre Jackson;-25,517;-48,543;2025-03-06 22:10:00.0;0,00
PARANAGUÁ;411820403A;PR;Padre Jackson;-25,517;-48,543;2025-03-06 23:10:00.0;0,00
PARANAGUÁ;411820403A;PR;Padre Jackson;-25,517;-48,543;2025-03-07 00:10:00.0;0,00
PARANAGUÁ;411820403A;PR;Padre Jackson;-25,517;-48,543;2025-03-07 01:10:00.0;0,00
PARANAGUÁ;411820403A;PR;Padre Jackson;-25,517;-48,543;2025-03-07 02:10:00.0;0,00
PARANAGUÁ;411820403A;PR;Padre Jackson;-25,517;-48,543;2025-03-07 03:10:00.0;0,00
PARANAGUÁ;411820403A;PR;Padre Jackson;-25,517;-48,543;2025-03-07 04:10:00.0;1,18
PARANAGUÁ;411820403A;PR;Padre Jackson;-25,517;-48,543;2025-03-07 04:20:00.0;0,39
PARANAGUÁ;411820403A;PR;Padre Jackson;-25,517;-48,543;2025-03-07 05:10:00.0;0,00
PARANAGUÁ;411820403A;PR;Padre Jackson;-25,517;-48,543;2025-03-07 05:50:00.0;0,59
PARANAGUÁ;411820403A;PR;Padre Jackson;-25,517;-48,543;2025-03-07 06:00:00.0;0,98
PARANAGUÁ;411820403A;PR;Padre Jackson;-25,517;-48,543;2025-03-07 06:10:00.0;1,97
PARANAGUÁ;411820403A;PR;Padre Jackson;-25,517;-48,543;2025-03-07 07:10:00.0;0,00
PARANAGUÁ;411820403A;PR;Padre Jackson;-25,517;-48,543;2025-03-07 08:10:00.0;0,00
PARANAGUÁ;411820403A;PR;Padre Jackson;-25,517;-48,543;2025-03-07 08:20:00.0;0,20
PARANAGUÁ;411820403A;PR;Padre Jackson;-25,517;-48,543;2025-03-07 08:30:00.0;3,94
PARANAGUÁ;411820403A;PR;Padre Jackson;-25,517;-48,543;2025-03-07 08:40:00.0;2,36
PARANAGUÁ;411820403A;PR;Padre Jackson;-25,517;-48,543;2025-03-07 08:50:00.0;0,20
PARANAGUÁ;411820403A;PR;Padre Jackson;-25,517;-48,543;2025-03-07 09:10:00.0;0,00
PARANAGUÁ;411820403A;PR;Padre Jackson;-25,517;-48,543;2025-03-07 10:10:00.0;0,00
PARANAGUÁ;411820403A;PR;Padre Jackson;-25,517;-48,543;2025-03-07 10:50:00.0;0,20
PARANAGUÁ;411820403A;PR;Padre Jackson;-25,517;-48,543;2025-03-07 11:00:00.0;1,37
PARANAGUÁ;411820403A;PR;Padre Jackson;-25,517;-48,543;2025-03-07 11:10:00.0;0,79
PARANAGUÁ;411820403A;PR;Padre Jackson;-25,517;-48,543;2025-03-07 11:20:00.0;0,20
PARANAGUÁ;411820403A;PR;Padre Jackson;-25,517;-48,543;2025-03-07 11:30:00.0;0,20
PARANAGUÁ;411820403A;PR;Padre Jackson;-25,517;-48,543;2025-03-07 11:40:00.0;0,20
PARANAGUÁ;411820403A;PR;Padre Jackson;-25,517;-48,543;2025-03-07 11:50:00.0;0,20
PARANAGUÁ;411820403A;PR;Padre Jackson;-25,517;-48,543;2025-03-07 12:10:00.0;0,00
PARANAGUÁ;411820403A;PR;Padre Jackson;-25,517;-48,543;2025-03-07 13:10:00.0;0,00
PARANAGUÁ;411820403A;PR;Padre Jackson;-25,517;-48,543;2025-03-07 13:20:00.0;0,39
PARANAGUÁ;411820403A;PR;Padre Jackson;-25,517;-48,543;2025-03-07 14:10:00.0;0,20
PARANAGUÁ;411820403A;PR;Padre Jackson;-25,517;-48,543;2025-03-07 14:20:00.0;6,89
PARANAGUÁ;411820403A;PR;Padre Jackson;-25,517;-48,543;2025-03-07 14:30:00.0;2,56
PARANAGUÁ;411820403A;PR;Padre Jackson;-25,517;-48,543;2025-03-07 14:40:00.0;1,97
PARANAGUÁ;411820403A;PR;Padre Jackson;-25,517;-48,543;2025-03-07 15:10:00.0;0,00
PARANAGUÁ;411820403A;PR;Padre Jackson;-25,517;-48,543;2025-03-07 16:10:00.0;0,00
PARANAGUÁ;411820403A;PR;Padre Jackson;-25,517;-48,543;2025-03-07 17:10:00.0;0,00
PARANAGUÁ;411820403A;PR;Padre Jackson;-25,517;-48,543;2025-03-07 17:50:00.0;0,20
PARANAGUÁ;411820403A;PR;Padre Jackson;-25,517;-48,543;2025-03-07 18:10:00.0;0,00
PARANAGUÁ;411820403A;PR;Padre Jackson;-25,517;-48,543;2025-03-07 19:10:00.0;0,00
PARANAGUÁ;411820403A;PR;Padre Jackson;-25,517;-48,543;2025-03-07 20:10:00.0;0,00
PARANAGUÁ;411820403A;PR;Padre Jackson;-25,517;-48,543;2025-03-07 21:10:00.0;0,00
PARANAGUÁ;411820403A;PR;Padre Jackson;-25,517;-48,543;2025-03-07 22:10:00.0;0,00
PARANAGUÁ;411820403A;PR;Padre Jackson;-25,517;-48,543;2025-03-07 23:10:00.0;0,00
PARANAGUÁ;411820403A;PR;Padre Jackson;-25,517;-48,543;2025-03-08 00:10:00.0;0,00
PARANAGUÁ;411820403A;PR;Padre Jackson;-25,517;-48,543;2025-03-08 01:10:00.0;0,00
PARANAGUÁ;411820403A;PR;Padre Jackson;-25,517;-48,543;2025-03-08 02:10:00.0;0,00
PARANAGUÁ;411820403A;PR;Padre Jackson;-25,517;-48,543;2025-03-08 03:10:00.0;0,00
PARANAGUÁ;411820403A;PR;Padre Jackson;-25,517;-48,543;2025-03-08 04:10:00.0;0,00
PARANAGUÁ;411820403A;PR;Padre Jackson;-25,517;-48,543;2025-03-08 05:10:00.0;0,00
PARANAGUÁ;411820403A;PR;Padre Jackson;-25,517;-48,543;2025-03-08 06:10:00.0;0,00
PARANAGUÁ;411820403A;PR;Padre Jackson;-25,517;-48,543;2025-03-08 07:10:00.0;0,00
PARANAGUÁ;411820403A;PR;Padre Jackson;-25,517;-48,543;2025-03-08 08:10:00.0;0,00
PARANAGUÁ;411820403A;PR;Padre Jackson;-25,517;-48,543;2025-03-08 09:10:00.0;0,00
PARANAGUÁ;411820403A;PR;Padre Jackson;-25,517;-48,543;2025-03-08 09:20:00.0;0,20
PARANAGUÁ;411820403A;PR;Padre Jackson;-25,517;-48,543;2025-03-08 09:30:00.0;0,20
PARANAGUÁ;411820403A;PR;Padre Jackson;-25,517;-48,543;2025-03-08 09:40:00.0;0,20
PARANAGUÁ;411820403A;PR;Padre Jackson;-25,517;-48,543;2025-03-08 10:10:00.0;0,00
PARANAGUÁ;411820403A;PR;Padre Jackson;-25,517;-48,543;2025-03-08 11:10:00.0;0,00
PARANAGUÁ;411820403A;PR;Padre Jackson;-25,517;-48,543;2025-03-08 12:10:00.0;0,00
PARANAGUÁ;411820403A;PR;Padre Jackson;-25,517;-48,543;2025-03-08 13:10:00.0;0,00
PARANAGUÁ;411820403A;PR;Padre Jackson;-25,517;-48,543;2025-03-08 14:10:00.0;0,00
PARANAGUÁ;411820403A;PR;Padre Jackson;-25,517;-48,543;2025-03-08 15:10:00.0;0,00
PARANAGUÁ;411820403A;PR;Padre Jackson;-25,517;-48,543;2025-03-08 16:10:00.0;0,00
PARANAGUÁ;411820403A;PR;Padre Jackson;-25,517;-48,543;2025-03-08 17:10:00.0;0,00
PARANAGUÁ;411820403A;PR;Padre Jackson;-25,517;-48,543;2025-03-08 18:10:00.0;0,00
PARANAGUÁ;411820403A;PR;Padre Jackson;-25,517;-48,543;2025-03-08 19:10:00.0;0,00
PARANAGUÁ;411820403A;PR;Padre Jackson;-25,517;-48,543;2025-03-08 20:10:00.0;0,00
PARANAGUÁ;411820403A;PR;Padre Jackson;-25,517;-48,543;2025-03-08 21:10:00.0;0,00
PARANAGUÁ;411820403A;PR;Padre Jackson;-25,517;-48,543;2025-03-08 22:10:00.0;0,00
PARANAGUÁ;411820403A;PR;Padre Jackson;-25,517;-48,543;2025-03-08 23:10:00.0;0,00
PARANAGUÁ;411820403A;PR;Padre Jackson;-25,517;-48,543;2025-03-09 00:10:00.0;0,00
PARANAGUÁ;411820403A;PR;Padre Jackson;-25,517;-48,543;2025-03-09 01:10:00.0;0,00
PARANAGUÁ;411820403A;PR;Padre Jackson;-25,517;-48,543;2025-03-09 02:10:00.0;0,00
PARANAGUÁ;411820403A;PR;Padre Jackson;-25,517;-48,543;2025-03-09 03:10:00.0;0,00
PARANAGUÁ;411820403A;PR;Padre Jackson;-25,517;-48,543;2025-03-09 04:10:00.0;0,00
PARANAGUÁ;411820403A;PR;Padre Jackson;-25,517;-48,543;2025-03-09 05:10:00.0;0,00
PARANAGUÁ;411820403A;PR;Padre Jackson;-25,517;-48,543;2025-03-09 06:10:00.0;0,00
PARANAGUÁ;411820403A;PR;Padre Jackson;-25,517;-48,543;2025-03-09 07:10:00.0;0,00
PARANAGUÁ;411820403A;PR;Padre Jackson;-25,517;-48,543;2025-03-09 08:10:00.0;0,00
PARANAGUÁ;411820403A;PR;Padre Jackson;-25,517;-48,543;2025-03-09 09:10:00.0;0,00
PARANAGUÁ;411820403A;PR;Padre Jackson;-25,517;-48,543;2025-03-09 10:10:00.0;0,00
PARANAGUÁ;411820403A;PR;Padre Jackson;-25,517;-48,543;2025-03-09 11:10:00.0;0,00
PARANAGUÁ;411820403A;PR;Padre Jackson;-25,517;-48,543;2025-03-09 12:10:00.0;0,00
PARANAGUÁ;411820403A;PR;Padre Jackson;-25,517;-48,543;2025-03-09 13:10:00.0;0,00
PARANAGUÁ;411820403A;PR;Padre Jackson;-25,517;-48,543;2025-03-09 14:10:00.0;0,00
PARANAGUÁ;411820403A;PR;Padre Jackson;-25,517;-48,543;2025-03-09 15:10:00.0;0,00
PARANAGUÁ;411820403A;PR;Padre Jackson;-25,517;-48,543;2025-03-09 16:10:00.0;0,00
PARANAGUÁ;411820403A;PR;Padre Jackson;-25,517;-48,543;2025-03-09 17:10:00.0;0,00
PARANAGUÁ;411820403A;PR;Padre Jackson;-25,517;-48,543;2025-03-09 18:10:00.0;0,00
PARANAGUÁ;411820403A;PR;Padre Jackson;-25,517;-48,543;2025-03-09 19:10:00.0;0,00
PARANAGUÁ;411820403A;PR;Padre Jackson;-25,517;-48,543;2025-03-09 20:10:00.0;0,00
PARANAGUÁ;411820403A;PR;Padre Jackson;-25,517;-48,543;2025-03-09 21:10:00.0;0,00
PARANAGUÁ;411820403A;PR;Padre Jackson;-25,517;-48,543;2025-03-09 21:50:00.0;0,20
PARANAGUÁ;411820403A;PR;Padre Jackson;-25,517;-48,543;2025-03-09 22:10:00.0;0,00
PARANAGUÁ;411820403A;PR;Padre Jackson;-25,517;-48,543;2025-03-09 22:40:00.0;0,20
PARANAGUÁ;411820403A;PR;Padre Jackson;-25,517;-48,543;2025-03-09 22:50:00.0;0,39
PARANAGUÁ;411820403A;PR;Padre Jackson;-25,517;-48,543;2025-03-09 23:10:00.0;0,39
PARANAGUÁ;411820403A;PR;Padre Jackson;-25,517;-48,543;2025-03-10 00:00:00.0;0,20
PARANAGUÁ;411820403A;PR;Padre Jackson;-25,517;-48,543;2025-03-10 00:10:00.0;0,00
PARANAGUÁ;411820403A;PR;Padre Jackson;-25,517;-48,543;2025-03-10 01:10:00.0;0,20
PARANAGUÁ;411820403A;PR;Padre Jackson;-25,517;-48,543;2025-03-10 01:20:00.0;0,39
PARANAGUÁ;411820403A;PR;Padre Jackson;-25,517;-48,543;2025-03-10 01:30:00.0;0,59
PARANAGUÁ;411820403A;PR;Padre Jackson;-25,517;-48,543;2025-03-10 01:40:00.0;0,79
PARANAGUÁ;411820403A;PR;Padre Jackson;-25,517;-48,543;2025-03-10 01:50:00.0;0,39
PARANAGUÁ;411820403A;PR;Padre Jackson;-25,517;-48,543;2025-03-10 02:00:00.0;0,20
PARANAGUÁ;411820403A;PR;Padre Jackson;-25,517;-48,543;2025-03-10 02:10:00.0;0,00
PARANAGUÁ;411820403A;PR;Padre Jackson;-25,517;-48,543;2025-03-10 03:10:00.0;0,00
PARANAGUÁ;411820403A;PR;Padre Jackson;-25,517;-48,543;2025-03-10 04:10:00.0;0,00
PARANAGUÁ;411820403A;PR;Padre Jackson;-25,517;-48,543;2025-03-10 05:10:00.0;0,00
PARANAGUÁ;411820403A;PR;Padre Jackson;-25,517;-48,543;2025-03-10 06:10:00.0;0,00
PARANAGUÁ;411820403A;PR;Padre Jackson;-25,517;-48,543;2025-03-10 07:10:00.0;0,00
PARANAGUÁ;411820403A;PR;Padre Jackson;-25,517;-48,543;2025-03-10 08:10:00.0;0,00
PARANAGUÁ;411820403A;PR;Padre Jackson;-25,517;-48,543;2025-03-10 09:10:00.0;0,00
PARANAGUÁ;411820403A;PR;Padre Jackson;-25,517;-48,543;2025-03-10 10:10:00.0;0,00
PARANAGUÁ;411820403A;PR;Padre Jackson;-25,517;-48,543;2025-03-10 11:10:00.0;0,00
PARANAGUÁ;411820403A;PR;Padre Jackson;-25,517;-48,543;2025-03-10 12:10:00.0;0,00
PARANAGUÁ;411820403A;PR;Padre Jackson;-25,517;-48,543;2025-03-10 13:10:00.0;0,00
PARANAGUÁ;411820403A;PR;Padre Jackson;-25,517;-48,543;2025-03-10 14:10:00.0;0,00
PARANAGUÁ;411820403A;PR;Padre Jackson;-25,517;-48,543;2025-03-10 15:10:00.0;0,00
PARANAGUÁ;411820403A;PR;Padre Jackson;-25,517;-48,543;2025-03-10 16:10:00.0;0,00
PARANAGUÁ;411820403A;PR;Padre Jackson;-25,517;-48,543;2025-03-10 17:10:00.0;0,00
PARANAGUÁ;411820403A;PR;Padre Jackson;-25,517;-48,543;2025-03-10 18:10:00.0;0,00
PARANAGUÁ;411820403A;PR;Padre Jackson;-25,517;-48,543;2025-03-10 19:10:00.0;0,00
PARANAGUÁ;411820403A;PR;Padre Jackson;-25,517;-48,543;2025-03-10 20:10:00.0;0,00
PARANAGUÁ;411820403A;PR;Padre Jackson;-25,517;-48,543;2025-03-10 21:10:00.0;0,00
PARANAGUÁ;411820403A;PR;Padre Jackson;-25,517;-48,543;2025-03-10 22:10:00.0;0,00
PARANAGUÁ;411820403A;PR;Padre Jackson;-25,517;-48,543;2025-03-10 23:10:00.0;0,00
PARANAGUÁ;411820403A;PR;Padre Jackson;-25,517;-48,543;2025-03-11 00:10:00.0;0,00
PARANAGUÁ;411820403A;PR;Padre Jackson;-25,517;-48,543;2025-03-11 01:10:00.0;0,00
PARANAGUÁ;411820403A;PR;Padre Jackson;-25,517;-48,543;2025-03-11 01:40:00.0;0,79
PARANAGUÁ;411820403A;PR;Padre Jackson;-25,517;-48,543;2025-03-11 01:50:00.0;1,57
PARANAGUÁ;411820403A;PR;Padre Jackson;-25,517;-48,543;2025-03-11 02:00:00.0;0,79
PARANAGUÁ;411820403A;PR;Padre Jackson;-25,517;-48,543;2025-03-11 02:10:00.0;0,59
PARANAGUÁ;411820403A;PR;Padre Jackson;-25,517;-48,543;2025-03-11 02:20:00.0;0,39
PARANAGUÁ;411820403A;PR;Padre Jackson;-25,517;-48,543;2025-03-11 02:30:00.0;0,39
PARANAGUÁ;411820403A;PR;Padre Jackson;-25,517;-48,543;2025-03-11 02:40:00.0;0,79
PARANAGUÁ;411820403A;PR;Padre Jackson;-25,517;-48,543;2025-03-11 02:50:00.0;0,98
PARANAGUÁ;411820403A;PR;Padre Jackson;-25,517;-48,543;2025-03-11 03:00:00.0;0,20
PARANAGUÁ;411820403A;PR;Padre Jackson;-25,517;-48,543;2025-03-11 03:10:00.0;0,79
PARANAGUÁ;411820403A;PR;Padre Jackson;-25,517;-48,543;2025-03-11 03:20:00.0;1,18
PARANAGUÁ;411820403A;PR;Padre Jackson;-25,517;-48,543;2025-03-11 03:30:00.0;0,20
PARANAGUÁ;411820403A;PR;Padre Jackson;-25,517;-48,543;2025-03-11 03:50:00.0;0,20
PARANAGUÁ;411820403A;PR;Padre Jackson;-25,517;-48,543;2025-03-11 04:10:00.0;0,20
PARANAGUÁ;411820403A;PR;Padre Jackson;-25,517;-48,543;2025-03-11 05:10:00.0;0,79
PARANAGUÁ;411820403A;PR;Padre Jackson;-25,517;-48,543;2025-03-11 05:20:00.0;0,59
PARANAGUÁ;411820403A;PR;Padre Jackson;-25,517;-48,543;2025-03-11 05:30:00.0;0,39
PARANAGUÁ;411820403A;PR;Padre Jackson;-25,517;-48,543;2025-03-11 05:40:00.0;0,39
PARANAGUÁ;411820403A;PR;Padre Jackson;-25,517;-48,543;2025-03-11 05:50:00.0;0,39
PARANAGUÁ;411820403A;PR;Padre Jackson;-25,517;-48,543;2025-03-11 06:00:00.0;0,39
PARANAGUÁ;411820403A;PR;Padre Jackson;-25,517;-48,543;2025-03-11 06:10:00.0;0,39
PARANAGUÁ;411820403A;PR;Padre Jackson;-25,517;-48,543;2025-03-11 06:20:00.0;0,39
PARANAGUÁ;411820403A;PR;Padre Jackson;-25,517;-48,543;2025-03-11 06:30:00.0;0,20
PARANAGUÁ;411820403A;PR;Padre Jackson;-25,517;-48,543;2025-03-11 06:40:00.0;0,59
PARANAGUÁ;411820403A;PR;Padre Jackson;-25,517;-48,543;2025-03-11 06:50:00.0;0,59
PARANAGUÁ;411820403A;PR;Padre Jackson;-25,517;-48,543;2025-03-11 07:00:00.0;0,39
PARANAGUÁ;411820403A;PR;Padre Jackson;-25,517;-48,543;2025-03-11 07:10:00.0;0,00
PARANAGUÁ;411820403A;PR;Padre Jackson;-25,517;-48,543;2025-03-11 07:20:00.0;0,20
PARANAGUÁ;411820403A;PR;Padre Jackson;-25,517;-48,543;2025-03-11 07:30:00.0;0,20
PARANAGUÁ;411820403A;PR;Padre Jackson;-25,517;-48,543;2025-03-11 07:40:00.0;0,20
PARANAGUÁ;411820403A;PR;Padre Jackson;-25,517;-48,543;2025-03-11 08:10:00.0;0,00
PARANAGUÁ;411820403A;PR;Padre Jackson;-25,517;-48,543;2025-03-11 08:50:00.0;0,20
PARANAGUÁ;411820403A;PR;Padre Jackson;-25,517;-48,543;2025-03-11 09:10:00.0;0,20
PARANAGUÁ;411820403A;PR;Padre Jackson;-25,517;-48,543;2025-03-11 09:20:00.0;0,20
PARANAGUÁ;411820403A;PR;Padre Jackson;-25,517;-48,543;2025-03-11 10:10:00.0;0,00
PARANAGUÁ;411820403A;PR;Padre Jackson;-25,517;-48,543;2025-03-11 11:10:00.0;0,00
PARANAGUÁ;411820403A;PR;Padre Jackson;-25,517;-48,543;2025-03-11 12:10:00.0;0,00
PARANAGUÁ;411820403A;PR;Padre Jackson;-25,517;-48,543;2025-03-11 13:10:00.0;0,00
PARANAGUÁ;411820403A;PR;Padre Jackson;-25,517;-48,543;2025-03-11 14:10:00.0;0,00
PARANAGUÁ;411820403A;PR;Padre Jackson;-25,517;-48,543;2025-03-11 15:10:00.0;0,20
PARANAGUÁ;411820403A;PR;Padre Jackson;-25,517;-48,543;2025-03-11 16:10:00.0;0,00
PARANAGUÁ;411820403A;PR;Padre Jackson;-25,517;-48,543;2025-03-11 17:10:00.0;0,00
PARANAGUÁ;411820403A;PR;Padre Jackson;-25,517;-48,543;2025-03-11 18:10:00.0;0,00
PARANAGUÁ;411820403A;PR;Padre Jackson;-25,517;-48,543;2025-03-11 19:10:00.0;0,00
PARANAGUÁ;411820403A;PR;Padre Jackson;-25,517;-48,543;2025-03-11 20:10:00.0;0,00
PARANAGUÁ;411820403A;PR;Padre Jackson;-25,517;-48,543;2025-03-11 21:10:00.0;0,00
PARANAGUÁ;411820403A;PR;Padre Jackson;-25,517;-48,543;2025-03-11 21:50:00.0;0,20
PARANAGUÁ;411820403A;PR;Padre Jackson;-25,517;-48,543;2025-03-11 22:10:00.0;0,00
PARANAGUÁ;411820403A;PR;Padre Jackson;-25,517;-48,543;2025-03-11 22:20:00.0;0,20
PARANAGUÁ;411820403A;PR;Padre Jackson;-25,517;-48,543;2025-03-11 22:30:00.0;0,20
PARANAGUÁ;411820403A;PR;Padre Jackson;-25,517;-48,543;2025-03-11 22:40:00.0;0,20
PARANAGUÁ;411820403A;PR;Padre Jackson;-25,517;-48,543;2025-03-11 22:50:00.0;0,20
PARANAGUÁ;411820403A;PR;Padre Jackson;-25,517;-48,543;2025-03-11 23:00:00.0;0,20
PARANAGUÁ;411820403A;PR;Padre Jackson;-25,517;-48,543;2025-03-11 23:10:00.0;0,20
PARANAGUÁ;411820403A;PR;Padre Jackson;-25,517;-48,543;2025-03-11 23:20:00.0;0,39
PARANAGUÁ;411820403A;PR;Padre Jackson;-25,517;-48,543;2025-03-11 23:30:00.0;0,20
PARANAGUÁ;411820403A;PR;Padre Jackson;-25,517;-48,543;2025-03-11 23:40:00.0;0,39
PARANAGUÁ;411820403A;PR;Padre Jackson;-25,517;-48,543;2025-03-11 23:50:00.0;0,39
PARANAGUÁ;411820403A;PR;Padre Jackson;-25,517;-48,543;2025-03-12 00:00:00.0;0,39
PARANAGUÁ;411820403A;PR;Padre Jackson;-25,517;-48,543;2025-03-12 00:10:00.0;0,00
PARANAGUÁ;411820403A;PR;Padre Jackson;-25,517;-48,543;2025-03-12 00:20:00.0;0,20
PARANAGUÁ;411820403A;PR;Padre Jackson;-25,517;-48,543;2025-03-12 01:10:00.0;0,00
PARANAGUÁ;411820403A;PR;Padre Jackson;-25,517;-48,543;2025-03-12 01:50:00.0;0,20
PARANAGUÁ;411820403A;PR;Padre Jackson;-25,517;-48,543;2025-03-12 02:10:00.0;0,00
PARANAGUÁ;411820403A;PR;Padre Jackson;-25,517;-48,543;2025-03-12 03:10:00.0;0,00
PARANAGUÁ;411820403A;PR;Padre Jackson;-25,517;-48,543;2025-03-12 04:10:00.0;0,00
PARANAGUÁ;411820403A;PR;Padre Jackson;-25,517;-48,543;2025-03-12 05:10:00.0;0,00
PARANAGUÁ;411820403A;PR;Padre Jackson;-25,517;-48,543;2025-03-12 06:10:00.0;0,00
PARANAGUÁ;411820403A;PR;Padre Jackson;-25,517;-48,543;2025-03-12 07:10:00.0;0,00
PARANAGUÁ;411820403A;PR;Padre Jackson;-25,517;-48,543;2025-03-12 08:10:00.0;0,00
PARANAGUÁ;411820403A;PR;Padre Jackson;-25,517;-48,543;2025-03-12 09:10:00.0;0,00
PARANAGUÁ;411820403A;PR;Padre Jackson;-25,517;-48,543;2025-03-12 10:10:00.0;0,00
PARANAGUÁ;411820403A;PR;Padre Jackson;-25,517;-48,543;2025-03-12 11:10:00.0;0,00
PARANAGUÁ;411820403A;PR;Padre Jackson;-25,517;-48,543;2025-03-12 12:10:00.0;0,00
PARANAGUÁ;411820403A;PR;Padre Jackson;-25,517;-48,543;2025-03-12 13:10:00.0;0,00
PARANAGUÁ;411820403A;PR;Padre Jackson;-25,517;-48,543;2025-03-12 14:10:00.0;0,00
PARANAGUÁ;411820403A;PR;Padre Jackson;-25,517;-48,543;2025-03-12 15:10:00.0;0,00
PARANAGUÁ;411820403A;PR;Padre Jackson;-25,517;-48,543;2025-03-12 16:10:00.0;0,00
PARANAGUÁ;411820403A;PR;Padre Jackson;-25,517;-48,543;2025-03-12 17:10:00.0;0,00
PARANAGUÁ;411820403A;PR;Padre Jackson;-25,517;-48,543;2025-03-12 18:10:00.0;0,00
PARANAGUÁ;411820403A;PR;Padre Jackson;-25,517;-48,543;2025-03-12 19:10:00.0;0,00
PARANAGUÁ;411820403A;PR;Padre Jackson;-25,517;-48,543;2025-03-12 20:10:00.0;0,00
PARANAGUÁ;411820403A;PR;Padre Jackson;-25,517;-48,543;2025-03-12 21:10:00.0;0,00
PARANAGUÁ;411820403A;PR;Padre Jackson;-25,517;-48,543;2025-03-12 22:10:00.0;0,00
PARANAGUÁ;411820403A;PR;Padre Jackson;-25,517;-48,543;2025-03-12 23:10:00.0;0,00
PARANAGUÁ;411820403A;PR;Padre Jackson;-25,517;-48,543;2025-03-13 00:10:00.0;0,39
PARANAGUÁ;411820403A;PR;Padre Jackson;-25,517;-48,543;2025-03-13 00:20:00.0;1,18
PARANAGUÁ;411820403A;PR;Padre Jackson;-25,517;-48,543;2025-03-13 00:30:00.0;3,15
PARANAGUÁ;411820403A;PR;Padre Jackson;-25,517;-48,543;2025-03-13 00:40:00.0;1,37
PARANAGUÁ;411820403A;PR;Padre Jackson;-25,517;-48,543;2025-03-13 00:50:00.0;0,20
PARANAGUÁ;411820403A;PR;Padre Jackson;-25,517;-48,543;2025-03-13 01:00:00.0;0,20
PARANAGUÁ;411820403A;PR;Padre Jackson;-25,517;-48,543;2025-03-13 01:10:00.0;0,20
PARANAGUÁ;411820403A;PR;Padre Jackson;-25,517;-48,543;2025-03-13 01:20:00.0;0,20
PARANAGUÁ;411820403A;PR;Padre Jackson;-25,517;-48,543;2025-03-13 02:10:00.0;0,20
PARANAGUÁ;411820403A;PR;Padre Jackson;-25,517;-48,543;2025-03-13 03:10:00.0;0,00
PARANAGUÁ;411820403A;PR;Padre Jackson;-25,517;-48,543;2025-03-13 03:30:00.0;0,20
PARANAGUÁ;411820403A;PR;Padre Jackson;-25,517;-48,543;2025-03-13 03:40:00.0;0,39
PARANAGUÁ;411820403A;PR;Padre Jackson;-25,517;-48,543;2025-03-13 04:10:00.0;0,00
PARANAGUÁ;411820403A;PR;Padre Jackson;-25,517;-48,543;2025-03-13 06:10:00.0;0,00
PARANAGUÁ;411820403A;PR;Padre Jackson;-25,517;-48,543;2025-03-13 07:10:00.0;0,00
PARANAGUÁ;411820403A;PR;Padre Jackson;-25,517;-48,543;2025-03-13 08:10:00.0;0,00
PARANAGUÁ;411820403A;PR;Padre Jackson;-25,517;-48,543;2025-03-13 08:20:00.0;0,20
PARANAGUÁ;411820403A;PR;Padre Jackson;-25,517;-48,543;2025-03-13 08:40:00.0;0,20
PARANAGUÁ;411820403A;PR;Padre Jackson;-25,517;-48,543;2025-03-13 08:50:00.0;0,20
PARANAGUÁ;411820403A;PR;Padre Jackson;-25,517;-48,543;2025-03-13 09:00:00.0;0,39
PARANAGUÁ;411820403A;PR;Padre Jackson;-25,517;-48,543;2025-03-13 09:10:00.0;0,20
PARANAGUÁ;411820403A;PR;Padre Jackson;-25,517;-48,543;2025-03-13 09:30:00.0;0,20
PARANAGUÁ;411820403A;PR;Padre Jackson;-25,517;-48,543;2025-03-13 09:50:00.0;0,20
PARANAGUÁ;411820403A;PR;Padre Jackson;-25,517;-48,543;2025-03-13 10:10:00.0;0,20
PARANAGUÁ;411820403A;PR;Padre Jackson;-25,517;-48,543;2025-03-13 11:10:00.0;0,00
PARANAGUÁ;411820403A;PR;Padre Jackson;-25,517;-48,543;2025-03-13 12:10:00.0;0,00
PARANAGUÁ;411820403A;PR;Padre Jackson;-25,517;-48,543;2025-03-13 13:10:00.0;0,00
PARANAGUÁ;411820403A;PR;Padre Jackson;-25,517;-48,543;2025-03-13 14:00:00.0;0,20
PARANAGUÁ;411820403A;PR;Padre Jackson;-25,517;-48,543;2025-03-13 14:10:00.0;0,00
PARANAGUÁ;411820403A;PR;Padre Jackson;-25,517;-48,543;2025-03-13 15:10:00.0;0,00
PARANAGUÁ;411820403A;PR;Padre Jackson;-25,517;-48,543;2025-03-13 16:10:00.0;0,00
PARANAGUÁ;411820403A;PR;Padre Jackson;-25,517;-48,543;2025-03-13 17:10:00.0;0,00
PARANAGUÁ;411820403A;PR;Padre Jackson;-25,517;-48,543;2025-03-13 18:10:00.0;0,00
PARANAGUÁ;411820403A;PR;Padre Jackson;-25,517;-48,543;2025-03-13 19:10:00.0;0,00
PARANAGUÁ;411820403A;PR;Padre Jackson;-25,517;-48,543;2025-03-13 20:10:00.0;0,00
PARANAGUÁ;411820403A;PR;Padre Jackson;-25,517;-48,543;2025-03-13 21:10:00.0;0,00
PARANAGUÁ;411820403A;PR;Padre Jackson;-25,517;-48,543;2025-03-13 22:10:00.0;0,00
PARANAGUÁ;411820403A;PR;Padre Jackson;-25,517;-48,543;2025-03-13 23:10:00.0;0,00
PARANAGUÁ;411820403A;PR;Padre Jackson;-25,517;-48,543;2025-03-13 23:50:00.0;0,59
PARANAGUÁ;411820403A;PR;Padre Jackson;-25,517;-48,543;2025-03-14 00:00:00.0;0,20
PARANAGUÁ;411820403A;PR;Padre Jackson;-25,517;-48,543;2025-03-14 00:10:00.0;0,00
PARANAGUÁ;411820403A;PR;Padre Jackson;-25,517;-48,543;2025-03-14 01:10:00.0;0,00
PARANAGUÁ;411820403A;PR;Padre Jackson;-25,517;-48,543;2025-03-14 01:20:00.0;0,59
PARANAGUÁ;411820403A;PR;Padre Jackson;-25,517;-48,543;2025-03-14 01:30:00.0;0,20
PARANAGUÁ;411820403A;PR;Padre Jackson;-25,517;-48,543;2025-03-14 02:10:00.0;0,00
PARANAGUÁ;411820403A;PR;Padre Jackson;-25,517;-48,543;2025-03-14 03:10:00.0;0,00
PARANAGUÁ;411820403A;PR;Padre Jackson;-25,517;-48,543;2025-03-14 04:10:00.0;0,00
PARANAGUÁ;411820403A;PR;Padre Jackson;-25,517;-48,543;2025-03-14 05:10:00.0;0,00
PARANAGUÁ;411820403A;PR;Padre Jackson;-25,517;-48,543;2025-03-14 06:10:00.0;0,00
PARANAGUÁ;411820403A;PR;Padre Jackson;-25,517;-48,543;2025-03-14 06:30:00.0;0,20
PARANAGUÁ;411820403A;PR;Padre Jackson;-25,517;-48,543;2025-03-14 06:50:00.0;0,20
PARANAGUÁ;411820403A;PR;Padre Jackson;-25,517;-48,543;2025-03-14 07:00:00.0;0,39
PARANAGUÁ;411820403A;PR;Padre Jackson;-25,517;-48,543;2025-03-14 07:20:00.0;0,20
PARANAGUÁ;411820403A;PR;Padre Jackson;-25,517;-48,543;2025-03-14 07:30:00.0;0,20
PARANAGUÁ;411820403A;PR;Padre Jackson;-25,517;-48,543;2025-03-14 08:10:00.0;0,00
PARANAGUÁ;411820403A;PR;Padre Jackson;-25,517;-48,543;2025-03-14 09:10:00.0;0,00
PARANAGUÁ;411820403A;PR;Padre Jackson;-25,517;-48,543;2025-03-14 10:10:00.0;0,00
PARANAGUÁ;411820403A;PR;Padre Jackson;-25,517;-48,543;2025-03-14 12:10:00.0;0,00
PARANAGUÁ;411820403A;PR;Padre Jackson;-25,517;-48,543;2025-03-14 13:10:00.0;0,00
PARANAGUÁ;411820403A;PR;Padre Jackson;-25,517;-48,543;2025-03-14 14:10:00.0;0,00
PARANAGUÁ;411820403A;PR;Padre Jackson;-25,517;-48,543;2025-03-14 15:10:00.0;0,00
PARANAGUÁ;411820403A;PR;Padre Jackson;-25,517;-48,543;2025-03-14 16:10:00.0;0,00
PARANAGUÁ;411820403A;PR;Padre Jackson;-25,517;-48,543;2025-03-14 17:10:00.0;0,00
PARANAGUÁ;411820403A;PR;Padre Jackson;-25,517;-48,543;2025-03-14 18:10:00.0;0,00
PARANAGUÁ;411820403A;PR;Padre Jackson;-25,517;-48,543;2025-03-14 19:10:00.0;0,00
PARANAGUÁ;411820403A;PR;Padre Jackson;-25,517;-48,543;2025-03-14 20:10:00.0;0,00
PARANAGUÁ;411820403A;PR;Padre Jackson;-25,517;-48,543;2025-03-14 21:10:00.0;0,00
PARANAGUÁ;411820403A;PR;Padre Jackson;-25,517;-48,543;2025-03-14 22:10:00.0;0,00
PARANAGUÁ;411820403A;PR;Padre Jackson;-25,517;-48,543;2025-03-14 23:10:00.0;0,00
PARANAGUÁ;411820403A;PR;Padre Jackson;-25,517;-48,543;2025-03-15 00:10:00.0;0,00
PARANAGUÁ;411820403A;PR;Padre Jackson;-25,517;-48,543;2025-03-15 01:10:00.0;0,00
PARANAGUÁ;411820403A;PR;Padre Jackson;-25,517;-48,543;2025-03-15 02:10:00.0;0,00
PARANAGUÁ;411820403A;PR;Padre Jackson;-25,517;-48,543;2025-03-15 03:10:00.0;0,00
PARANAGUÁ;411820403A;PR;Padre Jackson;-25,517;-48,543;2025-03-15 04:00:00.0;0,20
PARANAGUÁ;411820403A;PR;Padre Jackson;-25,517;-48,543;2025-03-15 04:10:00.0;0,59
PARANAGUÁ;411820403A;PR;Padre Jackson;-25,517;-48,543;2025-03-15 04:20:00.0;0,59
PARANAGUÁ;411820403A;PR;Padre Jackson;-25,517;-48,543;2025-03-15 04:30:00.0;0,98
PARANAGUÁ;411820403A;PR;Padre Jackson;-25,517;-48,543;2025-03-15 04:40:00.0;1,18
PARANAGUÁ;411820403A;PR;Padre Jackson;-25,517;-48,543;2025-03-15 04:50:00.0;1,18
PARANAGUÁ;411820403A;PR;Padre Jackson;-25,517;-48,543;2025-03-15 05:00:00.0;0,59
PARANAGUÁ;411820403A;PR;Padre Jackson;-25,517;-48,543;2025-03-15 05:10:00.0;0,20
PARANAGUÁ;411820403A;PR;Padre Jackson;-25,517;-48,543;2025-03-15 05:20:00.0;0,20
PARANAGUÁ;411820403A;PR;Padre Jackson;-25,517;-48,543;2025-03-15 06:10:00.0;0,00
PARANAGUÁ;411820403A;PR;Padre Jackson;-25,517;-48,543;2025-03-15 07:10:00.0;0,20
PARANAGUÁ;411820403A;PR;Padre Jackson;-25,517;-48,543;2025-03-15 07:20:00.0;0,20
PARANAGUÁ;411820403A;PR;Padre Jackson;-25,517;-48,543;2025-03-15 08:10:00.0;0,00
PARANAGUÁ;411820403A;PR;Padre Jackson;-25,517;-48,543;2025-03-15 09:10:00.0;0,00
PARANAGUÁ;411820403A;PR;Padre Jackson;-25,517;-48,543;2025-03-15 10:10:00.0;0,00
PARANAGUÁ;411820403A;PR;Padre Jackson;-25,517;-48,543;2025-03-15 11:10:00.0;0,00
PARANAGUÁ;411820403A;PR;Padre Jackson;-25,517;-48,543;2025-03-15 12:10:00.0;0,00
PARANAGUÁ;411820403A;PR;Padre Jackson;-25,517;-48,543;2025-03-15 13:10:00.0;0,00
PARANAGUÁ;411820403A;PR;Padre Jackson;-25,517;-48,543;2025-03-15 14:10:00.0;0,00
PARANAGUÁ;411820403A;PR;Padre Jackson;-25,517;-48,543;2025-03-15 15:10:00.0;0,00
PARANAGUÁ;411820403A;PR;Padre Jackson;-25,517;-48,543;2025-03-15 16:10:00.0;0,00
PARANAGUÁ;411820403A;PR;Padre Jackson;-25,517;-48,543;2025-03-15 17:10:00.0;0,00
PARANAGUÁ;411820403A;PR;Padre Jackson;-25,517;-48,543;2025-03-15 18:10:00.0;0,00
PARANAGUÁ;411820403A;PR;Padre Jackson;-25,517;-48,543;2025-03-15 19:10:00.0;0,00
PARANAGUÁ;411820403A;PR;Padre Jackson;-25,517;-48,543;2025-03-15 20:10:00.0;0,00
PARANAGUÁ;411820403A;PR;Padre Jackson;-25,517;-48,543;2025-03-15 21:10:00.0;0,00
PARANAGUÁ;411820403A;PR;Padre Jackson;-25,517;-48,543;2025-03-15 22:10:00.0;0,00
PARANAGUÁ;411820403A;PR;Padre Jackson;-25,517;-48,543;2025-03-15 23:10:00.0;0,00
PARANAGUÁ;411820403A;PR;Padre Jackson;-25,517;-48,543;2025-03-16 00:10:00.0;0,00
PARANAGUÁ;411820403A;PR;Padre Jackson;-25,517;-48,543;2025-03-16 01:10:00.0;0,00
PARANAGUÁ;411820403A;PR;Padre Jackson;-25,517;-48,543;2025-03-16 02:10:00.0;0,00
PARANAGUÁ;411820403A;PR;Padre Jackson;-25,517;-48,543;2025-03-16 03:10:00.0;0,00
PARANAGUÁ;411820403A;PR;Padre Jackson;-25,517;-48,543;2025-03-16 04:10:00.0;0,00
PARANAGUÁ;411820403A;PR;Padre Jackson;-25,517;-48,543;2025-03-16 05:10:00.0;0,00
PARANAGUÁ;411820403A;PR;Padre Jackson;-25,517;-48,543;2025-03-16 06:10:00.0;0,00
PARANAGUÁ;411820403A;PR;Padre Jackson;-25,517;-48,543;2025-03-16 07:10:00.0;0,00
PARANAGUÁ;411820403A;PR;Padre Jackson;-25,517;-48,543;2025-03-16 08:10:00.0;0,00
PARANAGUÁ;411820403A;PR;Padre Jackson;-25,517;-48,543;2025-03-16 09:10:00.0;0,00
PARANAGUÁ;411820403A;PR;Padre Jackson;-25,517;-48,543;2025-03-16 11:10:00.0;0,00
PARANAGUÁ;411820403A;PR;Padre Jackson;-25,517;-48,543;2025-03-16 12:10:00.0;0,00
PARANAGUÁ;411820403A;PR;Padre Jackson;-25,517;-48,543;2025-03-16 13:10:00.0;0,00
PARANAGUÁ;411820403A;PR;Padre Jackson;-25,517;-48,543;2025-03-16 14:10:00.0;0,00
PARANAGUÁ;411820403A;PR;Padre Jackson;-25,517;-48,543;2025-03-16 15:10:00.0;0,00
PARANAGUÁ;411820403A;PR;Padre Jackson;-25,517;-48,543;2025-03-16 16:10:00.0;0,00
PARANAGUÁ;411820403A;PR;Padre Jackson;-25,517;-48,543;2025-03-16 17:10:00.0;0,00
PARANAGUÁ;411820403A;PR;Padre Jackson;-25,517;-48,543;2025-03-16 18:10:00.0;0,00
PARANAGUÁ;411820403A;PR;Padre Jackson;-25,517;-48,543;2025-03-16 19:10:00.0;0,00
PARANAGUÁ;411820403A;PR;Padre Jackson;-25,517;-48,543;2025-03-16 20:10:00.0;0,00
PARANAGUÁ;411820403A;PR;Padre Jackson;-25,517;-48,543;2025-03-16 21:10:00.0;0,00
PARANAGUÁ;411820403A;PR;Padre Jackson;-25,517;-48,543;2025-03-16 22:10:00.0;0,00
PARANAGUÁ;411820403A;PR;Padre Jackson;-25,517;-48,543;2025-03-16 23:10:00.0;0,00
PARANAGUÁ;411820403A;PR;Padre Jackson;-25,517;-48,543;2025-03-16 23:50:00.0;0,59
PARANAGUÁ;411820403A;PR;Padre Jackson;-25,517;-48,543;2025-03-17 00:10:00.0;0,00
PARANAGUÁ;411820403A;PR;Padre Jackson;-25,517;-48,543;2025-03-17 00:20:00.0;0,20
PARANAGUÁ;411820403A;PR;Padre Jackson;-25,517;-48,543;2025-03-17 01:10:00.0;0,00
PARANAGUÁ;411820403A;PR;Padre Jackson;-25,517;-48,543;2025-03-17 01:20:00.0;0,20
PARANAGUÁ;411820403A;PR;Padre Jackson;-25,517;-48,543;2025-03-17 01:30:00.0;0,20
PARANAGUÁ;411820403A;PR;Padre Jackson;-25,517;-48,543;2025-03-17 01:40:00.0;0,20
PARANAGUÁ;411820403A;PR;Padre Jackson;-25,517;-48,543;2025-03-17 02:10:00.0;0,00
PARANAGUÁ;411820403A;PR;Padre Jackson;-25,517;-48,543;2025-03-17 02:20:00.0;0,20
PARANAGUÁ;411820403A;PR;Padre Jackson;-25,517;-48,543;2025-03-17 03:10:00.0;0,00
PARANAGUÁ;411820403A;PR;Padre Jackson;-25,517;-48,543;2025-03-17 04:10:00.0;0,00
PARANAGUÁ;411820403A;PR;Padre Jackson;-25,517;-48,543;2025-03-17 05:10:00.0;0,00
PARANAGUÁ;411820403A;PR;Padre Jackson;-25,517;-48,543;2025-03-17 06:10:00.0;0,00
PARANAGUÁ;411820403A;PR;Padre Jackson;-25,517;-48,543;2025-03-17 07:10:00.0;0,00
PARANAGUÁ;411820403A;PR;Padre Jackson;-25,517;-48,543;2025-03-17 08:10:00.0;0,00
PARANAGUÁ;411820403A;PR;Padre Jackson;-25,517;-48,543;2025-03-17 09:10:00.0;0,00
PARANAGUÁ;411820403A;PR;Padre Jackson;-25,517;-48,543;2025-03-17 10:10:00.0;0,00
PARANAGUÁ;411820403A;PR;Padre Jackson;-25,517;-48,543;2025-03-17 11:00:00.0;0,39
PARANAGUÁ;411820403A;PR;Padre Jackson;-25,517;-48,543;2025-03-17 11:10:00.0;0,20
PARANAGUÁ;411820403A;PR;Padre Jackson;-25,517;-48,543;2025-03-17 11:30:00.0;0,20
PARANAGUÁ;411820403A;PR;Padre Jackson;-25,517;-48,543;2025-03-17 12:10:00.0;0,00
PARANAGUÁ;411820403A;PR;Padre Jackson;-25,517;-48,543;2025-03-17 13:10:00.0;0,00
PARANAGUÁ;411820403A;PR;Padre Jackson;-25,517;-48,543;2025-03-17 14:10:00.0;0,00
PARANAGUÁ;411820403A;PR;Padre Jackson;-25,517;-48,543;2025-03-17 15:10:00.0;0,00
PARANAGUÁ;411820403A;PR;Padre Jackson;-25,517;-48,543;2025-03-17 16:10:00.0;0,00
PARANAGUÁ;411820403A;PR;Padre Jackson;-25,517;-48,543;2025-03-17 17:10:00.0;0,00
PARANAGUÁ;411820403A;PR;Padre Jackson;-25,517;-48,543;2025-03-17 18:10:00.0;0,00
PARANAGUÁ;411820403A;PR;Padre Jackson;-25,517;-48,543;2025-03-17 19:10:00.0;0,00
PARANAGUÁ;411820403A;PR;Padre Jackson;-25,517;-48,543;2025-03-17 20:10:00.0;0,00
PARANAGUÁ;411820403A;PR;Padre Jackson;-25,517;-48,543;2025-03-17 21:10:00.0;0,00
PARANAGUÁ;411820403A;PR;Padre Jackson;-25,517;-48,543;2025-03-17 22:10:00.0;0,00
PARANAGUÁ;411820403A;PR;Padre Jackson;-25,517;-48,543;2025-03-17 23:10:00.0;0,00
PARANAGUÁ;411820403A;PR;Padre Jackson;-25,517;-48,543;2025-03-18 00:10:00.0;0,00
PARANAGUÁ;411820403A;PR;Padre Jackson;-25,517;-48,543;2025-03-18 01:10:00.0;0,00
PARANAGUÁ;411820403A;PR;Padre Jackson;-25,517;-48,543;2025-03-18 02:10:00.0;0,00
PARANAGUÁ;411820403A;PR;Padre Jackson;-25,517;-48,543;2025-03-18 03:10:00.0;0,00
PARANAGUÁ;411820403A;PR;Padre Jackson;-25,517;-48,543;2025-03-18 04:10:00.0;0,00
PARANAGUÁ;411820403A;PR;Padre Jackson;-25,517;-48,543;2025-03-18 05:10:00.0;0,00
PARANAGUÁ;411820403A;PR;Padre Jackson;-25,517;-48,543;2025-03-18 06:10:00.0;0,00
PARANAGUÁ;411820403A;PR;Padre Jackson;-25,517;-48,543;2025-03-18 07:10:00.0;0,00
PARANAGUÁ;411820403A;PR;Padre Jackson;-25,517;-48,543;2025-03-18 08:10:00.0;0,00
PARANAGUÁ;411820403A;PR;Padre Jackson;-25,517;-48,543;2025-03-18 09:10:00.0;0,00
PARANAGUÁ;411820403A;PR;Padre Jackson;-25,517;-48,543;2025-03-18 10:10:00.0;0,00
PARANAGUÁ;411820403A;PR;Padre Jackson;-25,517;-48,543;2025-03-18 11:10:00.0;0,00
PARANAGUÁ;411820403A;PR;Padre Jackson;-25,517;-48,543;2025-03-18 12:10:00.0;0,00
PARANAGUÁ;411820403A;PR;Padre Jackson;-25,517;-48,543;2025-03-18 13:10:00.0;0,00
PARANAGUÁ;411820403A;PR;Padre Jackson;-25,517;-48,543;2025-03-18 14:10:00.0;0,00
PARANAGUÁ;411820403A;PR;Padre Jackson;-25,517;-48,543;2025-03-18 15:10:00.0;0,00
PARANAGUÁ;411820403A;PR;Padre Jackson;-25,517;-48,543;2025-03-18 16:10:00.0;0,00
PARANAGUÁ;411820403A;PR;Padre Jackson;-25,517;-48,543;2025-03-18 17:10:00.0;0,00
PARANAGUÁ;411820403A;PR;Padre Jackson;-25,517;-48,543;2025-03-18 18:10:00.0;0,00
PARANAGUÁ;411820403A;PR;Padre Jackson;-25,517;-48,543;2025-03-18 19:10:00.0;0,00
PARANAGUÁ;411820403A;PR;Padre Jackson;-25,517;-48,543;2025-03-18 19:30:00.0;0,20
PARANAGUÁ;411820403A;PR;Padre Jackson;-25,517;-48,543;2025-03-18 19:40:00.0;0,59
PARANAGUÁ;411820403A;PR;Padre Jackson;-25,517;-48,543;2025-03-18 19:50:00.0;6,30
PARANAGUÁ;411820403A;PR;Padre Jackson;-25,517;-48,543;2025-03-18 20:00:00.0;13,85
PARANAGUÁ;411820403A;PR;Padre Jackson;-25,517;-48,543;2025-03-18 20:10:00.0;3,15
PARANAGUÁ;411820403A;PR;Padre Jackson;-25,517;-48,543;2025-03-18 20:20:00.0;0,39
PARANAGUÁ;411820403A;PR;Padre Jackson;-25,517;-48,543;2025-03-18 21:10:00.0;0,00
PARANAGUÁ;411820403A;PR;Padre Jackson;-25,517;-48,543;2025-03-18 22:10:00.0;0,00
PARANAGUÁ;411820403A;PR;Padre Jackson;-25,517;-48,543;2025-03-18 23:10:00.0;0,00
PARANAGUÁ;411820403A;PR;Padre Jackson;-25,517;-48,543;2025-03-19 00:10:00.0;0,00
PARANAGUÁ;411820403A;PR;Padre Jackson;-25,517;-48,543;2025-03-19 01:10:00.0;0,00
PARANAGUÁ;411820403A;PR;Padre Jackson;-25,517;-48,543;2025-03-19 02:10:00.0;0,00
PARANAGUÁ;411820403A;PR;Padre Jackson;-25,517;-48,543;2025-03-19 03:10:00.0;0,00
PARANAGUÁ;411820403A;PR;Padre Jackson;-25,517;-48,543;2025-03-19 04:10:00.0;0,00
PARANAGUÁ;411820403A;PR;Padre Jackson;-25,517;-48,543;2025-03-19 05:10:00.0;0,00
PARANAGUÁ;411820403A;PR;Padre Jackson;-25,517;-48,543;2025-03-19 06:10:00.0;0,00
PARANAGUÁ;411820403A;PR;Padre Jackson;-25,517;-48,543;2025-03-19 07:10:00.0;0,00
PARANAGUÁ;411820403A;PR;Padre Jackson;-25,517;-48,543;2025-03-19 08:10:00.0;0,00
PARANAGUÁ;411820403A;PR;Padre Jackson;-25,517;-48,543;2025-03-19 09:10:00.0;0,00
PARANAGUÁ;411820403A;PR;Padre Jackson;-25,517;-48,543;2025-03-19 10:10:00.0;0,00
PARANAGUÁ;411820403A;PR;Padre Jackson;-25,517;-48,543;2025-03-19 11:10:00.0;0,00
PARANAGUÁ;411820403A;PR;Padre Jackson;-25,517;-48,543;2025-03-19 12:10:00.0;0,00
PARANAGUÁ;411820403A;PR;Padre Jackson;-25,517;-48,543;2025-03-19 13:10:00.0;0,00
PARANAGUÁ;411820403A;PR;Padre Jackson;-25,517;-48,543;2025-03-19 14:10:00.0;0,00
PARANAGUÁ;411820403A;PR;Padre Jackson;-25,517;-48,543;2025-03-19 15:10:00.0;0,00
PARANAGUÁ;411820403A;PR;Padre Jackson;-25,517;-48,543;2025-03-19 16:10:00.0;0,00
PARANAGUÁ;411820403A;PR;Padre Jackson;-25,517;-48,543;2025-03-19 17:10:00.0;0,00
PARANAGUÁ;411820403A;PR;Padre Jackson;-25,517;-48,543;2025-03-19 18:10:00.0;0,00
PARANAGUÁ;411820403A;PR;Padre Jackson;-25,517;-48,543;2025-03-19 19:10:00.0;0,00
PARANAGUÁ;411820403A;PR;Padre Jackson;-25,517;-48,543;2025-03-19 20:10:00.0;0,00
PARANAGUÁ;411820403A;PR;Padre Jackson;-25,517;-48,543;2025-03-19 21:10:00.0;0,00
PARANAGUÁ;411820403A;PR;Padre Jackson;-25,517;-48,543;2025-03-19 22:10:00.0;0,00
PARANAGUÁ;411820403A;PR;Padre Jackson;-25,517;-48,543;2025-03-19 23:10:00.0;0,00
PARANAGUÁ;411820403A;PR;Padre Jackson;-25,517;-48,543;2025-03-20 00:10:00.0;0,00
PARANAGUÁ;411820403A;PR;Padre Jackson;-25,517;-48,543;2025-03-20 01:10:00.0;0,00
PARANAGUÁ;411820403A;PR;Padre Jackson;-25,517;-48,543;2025-03-20 02:10:00.0;0,00
PARANAGUÁ;411820403A;PR;Padre Jackson;-25,517;-48,543;2025-03-20 03:10:00.0;0,00
PARANAGUÁ;411820403A;PR;Padre Jackson;-25,517;-48,543;2025-03-20 04:10:00.0;0,00
PARANAGUÁ;411820403A;PR;Padre Jackson;-25,517;-48,543;2025-03-20 05:10:00.0;0,00
PARANAGUÁ;411820403A;PR;Padre Jackson;-25,517;-48,543;2025-03-20 06:10:00.0;0,00
PARANAGUÁ;411820403A;PR;Padre Jackson;-25,517;-48,543;2025-03-20 07:10:00.0;0,00
PARANAGUÁ;411820403A;PR;Padre Jackson;-25,517;-48,543;2025-03-20 08:10:00.0;0,00
PARANAGUÁ;411820403A;PR;Padre Jackson;-25,517;-48,543;2025-03-20 09:10:00.0;0,00
PARANAGUÁ;411820403A;PR;Padre Jackson;-25,517;-48,543;2025-03-20 09:40:00.0;0,20
PARANAGUÁ;411820403A;PR;Padre Jackson;-25,517;-48,543;2025-03-20 10:10:00.0;0,00
PARANAGUÁ;411820403A;PR;Padre Jackson;-25,517;-48,543;2025-03-20 11:10:00.0;0,00
PARANAGUÁ;411820403A;PR;Padre Jackson;-25,517;-48,543;2025-03-20 12:10:00.0;0,00
PARANAGUÁ;411820403A;PR;Padre Jackson;-25,517;-48,543;2025-03-20 13:10:00.0;0,00
PARANAGUÁ;411820403A;PR;Padre Jackson;-25,517;-48,543;2025-03-20 14:10:00.0;0,00
PARANAGUÁ;411820403A;PR;Padre Jackson;-25,517;-48,543;2025-03-20 15:10:00.0;0,00
PARANAGUÁ;411820403A;PR;Padre Jackson;-25,517;-48,543;2025-03-20 16:10:00.0;0,00
PARANAGUÁ;411820403A;PR;Padre Jackson;-25,517;-48,543;2025-03-20 17:10:00.0;0,00
PARANAGUÁ;411820403A;PR;Padre Jackson;-25,517;-48,543;2025-03-20 18:10:00.0;0,00
PARANAGUÁ;411820403A;PR;Padre Jackson;-25,517;-48,543;2025-03-20 19:10:00.0;0,00
PARANAGUÁ;411820403A;PR;Padre Jackson;-25,517;-48,543;2025-03-20 20:10:00.0;0,00
PARANAGUÁ;411820403A;PR;Padre Jackson;-25,517;-48,543;2025-03-20 21:10:00.0;0,00
PARANAGUÁ;411820403A;PR;Padre Jackson;-25,517;-48,543;2025-03-20 22:10:00.0;0,00
PARANAGUÁ;411820403A;PR;Padre Jackson;-25,517;-48,543;2025-03-20 23:10:00.0;0,00
PARANAGUÁ;411820403A;PR;Padre Jackson;-25,517;-48,543;2025-03-21 00:10:00.0;0,00
PARANAGUÁ;411820403A;PR;Padre Jackson;-25,517;-48,543;2025-03-21 01:10:00.0;0,00
PARANAGUÁ;411820403A;PR;Padre Jackson;-25,517;-48,543;2025-03-21 02:10:00.0;0,00
PARANAGUÁ;411820403A;PR;Padre Jackson;-25,517;-48,543;2025-03-21 03:10:00.0;0,00
PARANAGUÁ;411820403A;PR;Padre Jackson;-25,517;-48,543;2025-03-21 04:10:00.0;0,00
PARANAGUÁ;411820403A;PR;Padre Jackson;-25,517;-48,543;2025-03-21 05:10:00.0;0,00
PARANAGUÁ;411820403A;PR;Padre Jackson;-25,517;-48,543;2025-03-21 06:10:00.0;0,00
PARANAGUÁ;411820403A;PR;Padre Jackson;-25,517;-48,543;2025-03-21 07:10:00.0;0,00
PARANAGUÁ;411820403A;PR;Padre Jackson;-25,517;-48,543;2025-03-21 08:10:00.0;0,00
PARANAGUÁ;411820403A;PR;Padre Jackson;-25,517;-48,543;2025-03-21 09:10:00.0;0,00
PARANAGUÁ;411820403A;PR;Padre Jackson;-25,517;-48,543;2025-03-21 10:10:00.0;0,00
PARANAGUÁ;411820403A;PR;Padre Jackson;-25,517;-48,543;2025-03-21 11:10:00.0;0,00
PARANAGUÁ;411820403A;PR;Padre Jackson;-25,517;-48,543;2025-03-21 12:10:00.0;0,00
PARANAGUÁ;411820403A;PR;Padre Jackson;-25,517;-48,543;2025-03-21 13:10:00.0;0,00
PARANAGUÁ;411820403A;PR;Padre Jackson;-25,517;-48,543;2025-03-21 14:10:00.0;0,00
PARANAGUÁ;411820403A;PR;Padre Jackson;-25,517;-48,543;2025-03-21 15:10:00.0;0,00
PARANAGUÁ;411820403A;PR;Padre Jackson;-25,517;-48,543;2025-03-21 16:10:00.0;0,00
PARANAGUÁ;411820403A;PR;Padre Jackson;-25,517;-48,543;2025-03-21 17:10:00.0;0,00
PARANAGUÁ;411820403A;PR;Padre Jackson;-25,517;-48,543;2025-03-21 18:10:00.0;0,00
PARANAGUÁ;411820403A;PR;Padre Jackson;-25,517;-48,543;2025-03-21 19:10:00.0;0,00
PARANAGUÁ;411820403A;PR;Padre Jackson;-25,517;-48,543;2025-03-21 20:10:00.0;0,00
PARANAGUÁ;411820403A;PR;Padre Jackson;-25,517;-48,543;2025-03-21 21:10:00.0;0,00
PARANAGUÁ;411820403A;PR;Padre Jackson;-25,517;-48,543;2025-03-21 22:10:00.0;0,00
PARANAGUÁ;411820403A;PR;Padre Jackson;-25,517;-48,543;2025-03-21 23:10:00.0;0,00
PARANAGUÁ;411820403A;PR;Padre Jackson;-25,517;-48,543;2025-03-22 00:10:00.0;0,00
PARANAGUÁ;411820403A;PR;Padre Jackson;-25,517;-48,543;2025-03-22 01:10:00.0;0,00
PARANAGUÁ;411820403A;PR;Padre Jackson;-25,517;-48,543;2025-03-22 02:10:00.0;0,00
PARANAGUÁ;411820403A;PR;Padre Jackson;-25,517;-48,543;2025-03-22 03:10:00.0;0,00
PARANAGUÁ;411820403A;PR;Padre Jackson;-25,517;-48,543;2025-03-22 04:10:00.0;0,00
PARANAGUÁ;411820403A;PR;Padre Jackson;-25,517;-48,543;2025-03-22 05:10:00.0;0,00
PARANAGUÁ;411820403A;PR;Padre Jackson;-25,517;-48,543;2025-03-22 06:10:00.0;0,00
PARANAGUÁ;411820403A;PR;Padre Jackson;-25,517;-48,543;2025-03-22 07:10:00.0;0,00
PARANAGUÁ;411820403A;PR;Padre Jackson;-25,517;-48,543;2025-03-22 08:10:00.0;0,00
PARANAGUÁ;411820403A;PR;Padre Jackson;-25,517;-48,543;2025-03-22 09:10:00.0;0,00
PARANAGUÁ;411820403A;PR;Padre Jackson;-25,517;-48,543;2025-03-22 10:10:00.0;0,00
PARANAGUÁ;411820403A;PR;Padre Jackson;-25,517;-48,543;2025-03-22 11:10:00.0;0,00
PARANAGUÁ;411820403A;PR;Padre Jackson;-25,517;-48,543;2025-03-22 12:10:00.0;0,00
PARANAGUÁ;411820403A;PR;Padre Jackson;-25,517;-48,543;2025-03-22 13:10:00.0;0,00
PARANAGUÁ;411820403A;PR;Padre Jackson;-25,517;-48,543;2025-03-22 14:10:00.0;0,00
PARANAGUÁ;411820403A;PR;Padre Jackson;-25,517;-48,543;2025-03-22 15:10:00.0;0,00
PARANAGUÁ;411820403A;PR;Padre Jackson;-25,517;-48,543;2025-03-22 16:10:00.0;0,00
PARANAGUÁ;411820403A;PR;Padre Jackson;-25,517;-48,543;2025-03-22 17:10:00.0;0,00
PARANAGUÁ;411820403A;PR;Padre Jackson;-25,517;-48,543;2025-03-22 18:10:00.0;0,00
PARANAGUÁ;411820403A;PR;Padre Jackson;-25,517;-48,543;2025-03-22 19:10:00.0;0,00
PARANAGUÁ;411820403A;PR;Padre Jackson;-25,517;-48,543;2025-03-22 20:10:00.0;0,00
PARANAGUÁ;411820403A;PR;Padre Jackson;-25,517;-48,543;2025-03-22 21:10:00.0;0,00
PARANAGUÁ;411820403A;PR;Padre Jackson;-25,517;-48,543;2025-03-22 22:10:00.0;0,00
PARANAGUÁ;411820403A;PR;Padre Jackson;-25,517;-48,543;2025-03-22 23:10:00.0;0,00
PARANAGUÁ;411820403A;PR;Padre Jackson;-25,517;-48,543;2025-03-23 00:10:00.0;0,00
PARANAGUÁ;411820403A;PR;Padre Jackson;-25,517;-48,543;2025-03-23 01:10:00.0;0,00
PARANAGUÁ;411820403A;PR;Padre Jackson;-25,517;-48,543;2025-03-23 02:10:00.0;0,00
PARANAGUÁ;411820403A;PR;Padre Jackson;-25,517;-48,543;2025-03-23 03:10:00.0;0,00
PARANAGUÁ;411820403A;PR;Padre Jackson;-25,517;-48,543;2025-03-23 04:10:00.0;0,00
PARANAGUÁ;411820403A;PR;Padre Jackson;-25,517;-48,543;2025-03-23 05:10:00.0;0,00
PARANAGUÁ;411820403A;PR;Padre Jackson;-25,517;-48,543;2025-03-23 06:10:00.0;0,00
PARANAGUÁ;411820403A;PR;Padre Jackson;-25,517;-48,543;2025-03-23 07:10:00.0;0,00
PARANAGUÁ;411820403A;PR;Padre Jackson;-25,517;-48,543;2025-03-23 08:10:00.0;0,00
PARANAGUÁ;411820403A;PR;Padre Jackson;-25,517;-48,543;2025-03-23 09:10:00.0;0,00
PARANAGUÁ;411820403A;PR;Padre Jackson;-25,517;-48,543;2025-03-23 10:10:00.0;0,00
PARANAGUÁ;411820403A;PR;Padre Jackson;-25,517;-48,543;2025-03-23 11:10:00.0;0,00
PARANAGUÁ;411820403A;PR;Padre Jackson;-25,517;-48,543;2025-03-23 12:10:00.0;0,00
PARANAGUÁ;411820403A;PR;Padre Jackson;-25,517;-48,543;2025-03-23 13:10:00.0;0,00
PARANAGUÁ;411820403A;PR;Padre Jackson;-25,517;-48,543;2025-03-23 14:10:00.0;0,00
PARANAGUÁ;411820403A;PR;Padre Jackson;-25,517;-48,543;2025-03-23 15:10:00.0;0,00
PARANAGUÁ;411820403A;PR;Padre Jackson;-25,517;-48,543;2025-03-23 16:10:00.0;0,00
PARANAGUÁ;411820403A;PR;Padre Jackson;-25,517;-48,543;2025-03-23 17:10:00.0;0,00
PARANAGUÁ;411820403A;PR;Padre Jackson;-25,517;-48,543;2025-03-23 18:10:00.0;0,00
PARANAGUÁ;411820403A;PR;Padre Jackson;-25,517;-48,543;2025-03-23 19:10:00.0;0,00
PARANAGUÁ;411820403A;PR;Padre Jackson;-25,517;-48,543;2025-03-23 20:10:00.0;0,00
PARANAGUÁ;411820403A;PR;Padre Jackson;-25,517;-48,543;2025-03-23 21:10:00.0;0,00
PARANAGUÁ;411820403A;PR;Padre Jackson;-25,517;-48,543;2025-03-23 22:10:00.0;0,00
PARANAGUÁ;411820403A;PR;Padre Jackson;-25,517;-48,543;2025-03-23 23:10:00.0;0,00
PARANAGUÁ;411820403A;PR;Padre Jackson;-25,517;-48,543;2025-03-24 00:10:00.0;0,00
PARANAGUÁ;411820403A;PR;Padre Jackson;-25,517;-48,543;2025-03-24 01:10:00.0;0,00
PARANAGUÁ;411820403A;PR;Padre Jackson;-25,517;-48,543;2025-03-24 02:10:00.0;0,00
PARANAGUÁ;411820403A;PR;Padre Jackson;-25,517;-48,543;2025-03-24 03:10:00.0;0,00
PARANAGUÁ;411820403A;PR;Padre Jackson;-25,517;-48,543;2025-03-24 04:10:00.0;0,00
PARANAGUÁ;411820403A;PR;Padre Jackson;-25,517;-48,543;2025-03-24 05:10:00.0;0,00
PARANAGUÁ;411820403A;PR;Padre Jackson;-25,517;-48,543;2025-03-24 06:10:00.0;0,00
PARANAGUÁ;411820403A;PR;Padre Jackson;-25,517;-48,543;2025-03-24 07:10:00.0;0,00
PARANAGUÁ;411820403A;PR;Padre Jackson;-25,517;-48,543;2025-03-24 08:10:00.0;0,00
PARANAGUÁ;411820403A;PR;Padre Jackson;-25,517;-48,543;2025-03-24 09:10:00.0;0,00
PARANAGUÁ;411820403A;PR;Padre Jackson;-25,517;-48,543;2025-03-24 10:10:00.0;0,00
PARANAGUÁ;411820403A;PR;Padre Jackson;-25,517;-48,543;2025-03-24 11:10:00.0;0,00
PARANAGUÁ;411820403A;PR;Padre Jackson;-25,517;-48,543;2025-03-24 12:10:00.0;0,00
PARANAGUÁ;411820403A;PR;Padre Jackson;-25,517;-48,543;2025-03-24 13:10:00.0;0,00
PARANAGUÁ;411820403A;PR;Padre Jackson;-25,517;-48,543;2025-03-24 14:10:00.0;0,00
PARANAGUÁ;411820403A;PR;Padre Jackson;-25,517;-48,543;2025-03-24 15:10:00.0;0,00
PARANAGUÁ;411820403A;PR;Padre Jackson;-25,517;-48,543;2025-03-24 16:10:00.0;0,00
PARANAGUÁ;411820403A;PR;Padre Jackson;-25,517;-48,543;2025-03-24 17:10:00.0;0,00
PARANAGUÁ;411820403A;PR;Padre Jackson;-25,517;-48,543;2025-03-24 18:10:00.0;0,00
PARANAGUÁ;411820403A;PR;Padre Jackson;-25,517;-48,543;2025-03-24 19:10:00.0;0,00
PARANAGUÁ;411820403A;PR;Padre Jackson;-25,517;-48,543;2025-03-24 20:10:00.0;0,00
PARANAGUÁ;411820403A;PR;Padre Jackson;-25,517;-48,543;2025-03-24 21:10:00.0;0,00
PARANAGUÁ;411820403A;PR;Padre Jackson;-25,517;-48,543;2025-03-24 22:10:00.0;0,00
PARANAGUÁ;411820403A;PR;Padre Jackson;-25,517;-48,543;2025-03-24 23:10:00.0;0,00
PARANAGUÁ;411820403A;PR;Padre Jackson;-25,517;-48,543;2025-03-25 00:10:00.0;0,00
PARANAGUÁ;411820403A;PR;Padre Jackson;-25,517;-48,543;2025-03-25 01:10:00.0;0,00
PARANAGUÁ;411820403A;PR;Padre Jackson;-25,517;-48,543;2025-03-25 02:10:00.0;0,00
PARANAGUÁ;411820403A;PR;Padre Jackson;-25,517;-48,543;2025-03-25 03:10:00.0;0,00
PARANAGUÁ;411820403A;PR;Padre Jackson;-25,517;-48,543;2025-03-25 04:10:00.0;0,00
PARANAGUÁ;411820403A;PR;Padre Jackson;-25,517;-48,543;2025-03-25 05:10:00.0;0,00
PARANAGUÁ;411820403A;PR;Padre Jackson;-25,517;-48,543;2025-03-25 06:10:00.0;0,00
PARANAGUÁ;411820403A;PR;Padre Jackson;-25,517;-48,543;2025-03-25 07:10:00.0;0,00
PARANAGUÁ;411820403A;PR;Padre Jackson;-25,517;-48,543;2025-03-25 08:10:00.0;0,00
PARANAGUÁ;411820403A;PR;Padre Jackson;-25,517;-48,543;2025-03-25 09:10:00.0;0,00
PARANAGUÁ;411820403A;PR;Padre Jackson;-25,517;-48,543;2025-03-25 10:10:00.0;0,00
PARANAGUÁ;411820403A;PR;Padre Jackson;-25,517;-48,543;2025-03-25 11:10:00.0;0,00
PARANAGUÁ;411820403A;PR;Padre Jackson;-25,517;-48,543;2025-03-25 12:10:00.0;0,00
PARANAGUÁ;411820403A;PR;Padre Jackson;-25,517;-48,543;2025-03-25 13:10:00.0;0,00
PARANAGUÁ;411820403A;PR;Padre Jackson;-25,517;-48,543;2025-03-25 14:10:00.0;0,00
PARANAGUÁ;411820403A;PR;Padre Jackson;-25,517;-48,543;2025-03-25 16:00:00.0;0,00
PARANAGUÁ;411820403A;PR;Padre Jackson;-25,517;-48,543;2025-03-25 16:10:00.0;0,00
PARANAGUÁ;411820403A;PR;Padre Jackson;-25,517;-48,543;2025-03-25 17:10:00.0;0,00
PARANAGUÁ;411820403A;PR;Padre Jackson;-25,517;-48,543;2025-03-25 18:10:00.0;0,00
PARANAGUÁ;411820403A;PR;Padre Jackson;-25,517;-48,543;2025-03-25 19:10:00.0;0,00
PARANAGUÁ;411820403A;PR;Padre Jackson;-25,517;-48,543;2025-03-25 20:10:00.0;0,00
PARANAGUÁ;411820403A;PR;Padre Jackson;-25,517;-48,543;2025-03-25 21:10:00.0;0,00
PARANAGUÁ;411820403A;PR;Padre Jackson;-25,517;-48,543;2025-03-25 22:10:00.0;0,00
PARANAGUÁ;411820403A;PR;Padre Jackson;-25,517;-48,543;2025-03-25 23:10:00.0;0,00
PARANAGUÁ;411820403A;PR;Padre Jackson;-25,517;-48,543;2025-03-26 00:10:00.0;0,00
PARANAGUÁ;411820403A;PR;Padre Jackson;-25,517;-48,543;2025-03-26 01:10:00.0;0,00
PARANAGUÁ;411820403A;PR;Padre Jackson;-25,517;-48,543;2025-03-26 02:10:00.0;0,00
PARANAGUÁ;411820403A;PR;Padre Jackson;-25,517;-48,543;2025-03-26 03:10:00.0;0,00
PARANAGUÁ;411820403A;PR;Padre Jackson;-25,517;-48,543;2025-03-26 04:10:00.0;0,00
PARANAGUÁ;411820403A;PR;Padre Jackson;-25,517;-48,543;2025-03-26 05:00:00.0;0,20
PARANAGUÁ;411820403A;PR;Padre Jackson;-25,517;-48,543;2025-03-26 05:10:00.0;0,20
PARANAGUÁ;411820403A;PR;Padre Jackson;-25,517;-48,543;2025-03-26 05:20:00.0;0,20
PARANAGUÁ;411820403A;PR;Padre Jackson;-25,517;-48,543;2025-03-26 06:10:00.0;0,00
PARANAGUÁ;411820403A;PR;Padre Jackson;-25,517;-48,543;2025-03-26 06:20:00.0;0,20
PARANAGUÁ;411820403A;PR;Padre Jackson;-25,517;-48,543;2025-03-26 06:30:00.0;0,79
PARANAGUÁ;411820403A;PR;Padre Jackson;-25,517;-48,543;2025-03-26 06:40:00.0;0,20
PARANAGUÁ;411820403A;PR;Padre Jackson;-25,517;-48,543;2025-03-26 06:50:00.0;0,39
PARANAGUÁ;411820403A;PR;Padre Jackson;-25,517;-48,543;2025-03-26 07:10:00.0;0,20
PARANAGUÁ;411820403A;PR;Padre Jackson;-25,517;-48,543;2025-03-26 07:20:00.0;0,20
PARANAGUÁ;411820403A;PR;Padre Jackson;-25,517;-48,543;2025-03-26 08:10:00.0;0,00
PARANAGUÁ;411820403A;PR;Padre Jackson;-25,517;-48,543;2025-03-26 09:10:00.0;0,00
PARANAGUÁ;411820403A;PR;Padre Jackson;-25,517;-48,543;2025-03-26 10:10:00.0;0,00
PARANAGUÁ;411820403A;PR;Padre Jackson;-25,517;-48,543;2025-03-26 11:10:00.0;0,00
PARANAGUÁ;411820403A;PR;Padre Jackson;-25,517;-48,543;2025-03-26 12:10:00.0;0,00
PARANAGUÁ;411820403A;PR;Padre Jackson;-25,517;-48,543;2025-03-26 13:10:00.0;0,00
PARANAGUÁ;411820403A;PR;Padre Jackson;-25,517;-48,543;2025-03-26 14:10:00.0;0,00
PARANAGUÁ;411820403A;PR;Padre Jackson;-25,517;-48,543;2025-03-26 15:10:00.0;0,00
PARANAGUÁ;411820403A;PR;Padre Jackson;-25,517;-48,543;2025-03-26 16:10:00.0;0,00
PARANAGUÁ;411820403A;PR;Padre Jackson;-25,517;-48,543;2025-03-26 17:10:00.0;0,00
PARANAGUÁ;411820403A;PR;Padre Jackson;-25,517;-48,543;2025-03-26 18:10:00.0;0,00
PARANAGUÁ;411820403A;PR;Padre Jackson;-25,517;-48,543;2025-03-26 19:00:00.0;0,39
PARANAGUÁ;411820403A;PR;Padre Jackson;-25,517;-48,543;2025-03-26 19:10:00.0;2,16
PARANAGUÁ;411820403A;PR;Padre Jackson;-25,517;-48,543;2025-03-26 19:20:00.0;0,39
PARANAGUÁ;411820403A;PR;Padre Jackson;-25,517;-48,543;2025-03-26 19:30:00.0;0,39
PARANAGUÁ;411820403A;PR;Padre Jackson;-25,517;-48,543;2025-03-26 19:40:00.0;0,39
PARANAGUÁ;411820403A;PR;Padre Jackson;-25,517;-48,543;2025-03-26 19:50:00.0;0,39
PARANAGUÁ;411820403A;PR;Padre Jackson;-25,517;-48,543;2025-03-26 20:10:00.0;0,00
PARANAGUÁ;411820403A;PR;Padre Jackson;-25,517;-48,543;2025-03-26 21:10:00.0;0,00
PARANAGUÁ;411820403A;PR;Padre Jackson;-25,517;-48,543;2025-03-26 22:10:00.0;0,00
PARANAGUÁ;411820403A;PR;Padre Jackson;-25,517;-48,543;2025-03-26 22:50:00.0;0,20
PARANAGUÁ;411820403A;PR;Padre Jackson;-25,517;-48,543;2025-03-26 23:10:00.0;0,00
PARANAGUÁ;411820403A;PR;Padre Jackson;-25,517;-48,543;2025-03-27 00:10:00.0;0,00
PARANAGUÁ;411820403A;PR;Padre Jackson;-25,517;-48,543;2025-03-27 00:20:00.0;1,37
PARANAGUÁ;411820403A;PR;Padre Jackson;-25,517;-48,543;2025-03-27 01:10:00.0;0,00
PARANAGUÁ;411820403A;PR;Padre Jackson;-25,517;-48,543;2025-03-27 02:10:00.0;0,00
PARANAGUÁ;411820403A;PR;Padre Jackson;-25,517;-48,543;2025-03-27 03:10:00.0;0,00
PARANAGUÁ;411820403A;PR;Padre Jackson;-25,517;-48,543;2025-03-27 04:00:00.0;0,20
PARANAGUÁ;411820403A;PR;Padre Jackson;-25,517;-48,543;2025-03-27 04:10:00.0;0,00
PARANAGUÁ;411820403A;PR;Padre Jackson;-25,517;-48,543;2025-03-27 04:20:00.0;0,20
PARANAGUÁ;411820403A;PR;Padre Jackson;-25,517;-48,543;2025-03-27 04:50:00.0;0,20
PARANAGUÁ;411820403A;PR;Padre Jackson;-25,517;-48,543;2025-03-27 05:00:00.0;0,20
PARANAGUÁ;411820403A;PR;Padre Jackson;-25,517;-48,543;2025-03-27 05:10:00.0;0,20
PARANAGUÁ;411820403A;PR;Padre Jackson;-25,517;-48,543;2025-03-27 06:10:00.0;0,00
PARANAGUÁ;411820403A;PR;Padre Jackson;-25,517;-48,543;2025-03-27 07:10:00.0;0,00
PARANAGUÁ;411820403A;PR;Padre Jackson;-25,517;-48,543;2025-03-27 08:10:00.0;0,00
PARANAGUÁ;411820403A;PR;Padre Jackson;-25,517;-48,543;2025-03-27 09:10:00.0;0,00
PARANAGUÁ;411820403A;PR;Padre Jackson;-25,517;-48,543;2025-03-27 10:10:00.0;0,00
PARANAGUÁ;411820403A;PR;Padre Jackson;-25,517;-48,543;2025-03-27 11:10:00.0;0,00
PARANAGUÁ;411820403A;PR;Padre Jackson;-25,517;-48,543;2025-03-27 12:10:00.0;0,00
PARANAGUÁ;411820403A;PR;Padre Jackson;-25,517;-48,543;2025-03-27 13:10:00.0;0,00
PARANAGUÁ;411820403A;PR;Padre Jackson;-25,517;-48,543;2025-03-27 14:10:00.0;0,00
PARANAGUÁ;411820403A;PR;Padre Jackson;-25,517;-48,543;2025-03-27 15:10:00.0;0,00
PARANAGUÁ;411820403A;PR;Padre Jackson;-25,517;-48,543;2025-03-27 16:10:00.0;0,00
PARANAGUÁ;411820403A;PR;Padre Jackson;-25,517;-48,543;2025-03-27 17:10:00.0;0,00
PARANAGUÁ;411820403A;PR;Padre Jackson;-25,517;-48,543;2025-03-27 18:10:00.0;0,00
PARANAGUÁ;411820403A;PR;Padre Jackson;-25,517;-48,543;2025-03-27 19:10:00.0;0,00
PARANAGUÁ;411820403A;PR;Padre Jackson;-25,517;-48,543;2025-03-27 20:10:00.0;0,00
PARANAGUÁ;411820403A;PR;Padre Jackson;-25,517;-48,543;2025-03-27 21:10:00.0;0,00
PARANAGUÁ;411820403A;PR;Padre Jackson;-25,517;-48,543;2025-03-27 22:10:00.0;0,00
PARANAGUÁ;411820403A;PR;Padre Jackson;-25,517;-48,543;2025-03-27 23:10:00.0;0,00
PARANAGUÁ;411820403A;PR;Padre Jackson;-25,517;-48,543;2025-03-28 00:10:00.0;0,00
PARANAGUÁ;411820403A;PR;Padre Jackson;-25,517;-48,543;2025-03-28 01:10:00.0;0,00
PARANAGUÁ;411820403A;PR;Padre Jackson;-25,517;-48,543;2025-03-28 02:10:00.0;0,00
PARANAGUÁ;411820403A;PR;Padre Jackson;-25,517;-48,543;2025-03-28 03:10:00.0;0,00
PARANAGUÁ;411820403A;PR;Padre Jackson;-25,517;-48,543;2025-03-28 03:20:00.0;0,20
PARANAGUÁ;411820403A;PR;Padre Jackson;-25,517;-48,543;2025-03-28 03:30:00.0;0,20
PARANAGUÁ;411820403A;PR;Padre Jackson;-25,517;-48,543;2025-03-28 03:40:00.0;0,20
PARANAGUÁ;411820403A;PR;Padre Jackson;-25,517;-48,543;2025-03-28 03:50:00.0;0,20
PARANAGUÁ;411820403A;PR;Padre Jackson;-25,517;-48,543;2025-03-28 04:00:00.0;1,57
PARANAGUÁ;411820403A;PR;Padre Jackson;-25,517;-48,543;2025-03-28 04:10:00.0;2,56
PARANAGUÁ;411820403A;PR;Padre Jackson;-25,517;-48,543;2025-03-28 05:10:00.0;0,00
PARANAGUÁ;411820403A;PR;Padre Jackson;-25,517;-48,543;2025-03-28 06:10:00.0;0,00
PARANAGUÁ;411820403A;PR;Padre Jackson;-25,517;-48,543;2025-03-28 07:10:00.0;0,00
PARANAGUÁ;411820403A;PR;Padre Jackson;-25,517;-48,543;2025-03-28 08:10:00.0;0,00
PARANAGUÁ;411820403A;PR;Padre Jackson;-25,517;-48,543;2025-03-28 09:10:00.0;0,00
PARANAGUÁ;411820403A;PR;Padre Jackson;-25,517;-48,543;2025-03-28 10:10:00.0;0,00
PARANAGUÁ;411820403A;PR;Padre Jackson;-25,517;-48,543;2025-03-28 11:10:00.0;0,20
PARANAGUÁ;411820403A;PR;Padre Jackson;-25,517;-48,543;2025-03-28 12:10:00.0;0,00
PARANAGUÁ;411820403A;PR;Padre Jackson;-25,517;-48,543;2025-03-28 13:10:00.0;0,00
PARANAGUÁ;411820403A;PR;Padre Jackson;-25,517;-48,543;2025-03-28 14:10:00.0;0,00
PARANAGUÁ;411820403A;PR;Padre Jackson;-25,517;-48,543;2025-03-28 15:10:00.0;0,00
PARANAGUÁ;411820403A;PR;Padre Jackson;-25,517;-48,543;2025-03-28 16:10:00.0;0,00
PARANAGUÁ;411820403A;PR;Padre Jackson;-25,517;-48,543;2025-03-28 17:10:00.0;0,00
PARANAGUÁ;411820403A;PR;Padre Jackson;-25,517;-48,543;2025-03-28 18:10:00.0;0,00
PARANAGUÁ;411820403A;PR;Padre Jackson;-25,517;-48,543;2025-03-28 19:10:00.0;0,00
PARANAGUÁ;411820403A;PR;Padre Jackson;-25,517;-48,543;2025-03-28 20:10:00.0;0,00
PARANAGUÁ;411820403A;PR;Padre Jackson;-25,517;-48,543;2025-03-28 21:10:00.0;0,00
PARANAGUÁ;411820403A;PR;Padre Jackson;-25,517;-48,543;2025-03-28 22:10:00.0;0,00
PARANAGUÁ;411820403A;PR;Padre Jackson;-25,517;-48,543;2025-03-28 23:10:00.0;0,00
PARANAGUÁ;411820403A;PR;Padre Jackson;-25,517;-48,543;2025-03-29 00:10:00.0;0,00
PARANAGUÁ;411820403A;PR;Padre Jackson;-25,517;-48,543;2025-03-29 01:10:00.0;0,00
PARANAGUÁ;411820403A;PR;Padre Jackson;-25,517;-48,543;2025-03-29 02:10:00.0;0,00
PARANAGUÁ;411820403A;PR;Padre Jackson;-25,517;-48,543;2025-03-29 03:10:00.0;0,00
PARANAGUÁ;411820403A;PR;Padre Jackson;-25,517;-48,543;2025-03-29 04:10:00.0;0,00
PARANAGUÁ;411820403A;PR;Padre Jackson;-25,517;-48,543;2025-03-29 05:10:00.0;0,00
PARANAGUÁ;411820403A;PR;Padre Jackson;-25,517;-48,543;2025-03-29 06:10:00.0;0,00
PARANAGUÁ;411820403A;PR;Padre Jackson;-25,517;-48,543;2025-03-29 07:10:00.0;0,00
PARANAGUÁ;411820403A;PR;Padre Jackson;-25,517;-48,543;2025-03-29 08:10:00.0;0,00
PARANAGUÁ;411820403A;PR;Padre Jackson;-25,517;-48,543;2025-03-29 09:10:00.0;0,00
PARANAGUÁ;411820403A;PR;Padre Jackson;-25,517;-48,543;2025-03-29 10:10:00.0;0,00
PARANAGUÁ;411820403A;PR;Padre Jackson;-25,517;-48,543;2025-03-29 11:10:00.0;0,00
PARANAGUÁ;411820403A;PR;Padre Jackson;-25,517;-48,543;2025-03-29 12:10:00.0;0,00
PARANAGUÁ;411820403A;PR;Padre Jackson;-25,517;-48,543;2025-03-29 13:10:00.0;0,00
PARANAGUÁ;411820403A;PR;Padre Jackson;-25,517;-48,543;2025-03-29 14:10:00.0;0,00
PARANAGUÁ;411820403A;PR;Padre Jackson;-25,517;-48,543;2025-03-29 15:10:00.0;0,00
PARANAGUÁ;411820403A;PR;Padre Jackson;-25,517;-48,543;2025-03-29 16:10:00.0;0,00
PARANAGUÁ;411820403A;PR;Padre Jackson;-25,517;-48,543;2025-03-29 17:10:00.0;0,00
PARANAGUÁ;411820403A;PR;Padre Jackson;-25,517;-48,543;2025-03-29 18:10:00.0;0,00
PARANAGUÁ;411820403A;PR;Padre Jackson;-25,517;-48,543;2025-03-29 19:10:00.0;0,00
PARANAGUÁ;411820403A;PR;Padre Jackson;-25,517;-48,543;2025-03-29 20:10:00.0;0,00
PARANAGUÁ;411820403A;PR;Padre Jackson;-25,517;-48,543;2025-03-29 21:10:00.0;0,00
PARANAGUÁ;411820403A;PR;Padre Jackson;-25,517;-48,543;2025-03-29 22:10:00.0;0,00
PARANAGUÁ;411820403A;PR;Padre Jackson;-25,517;-48,543;2025-03-29 23:10:00.0;0,00
PARANAGUÁ;411820403A;PR;Padre Jackson;-25,517;-48,543;2025-03-30 00:10:00.0;0,00
PARANAGUÁ;411820403A;PR;Padre Jackson;-25,517;-48,543;2025-03-30 01:10:00.0;0,00
PARANAGUÁ;411820403A;PR;Padre Jackson;-25,517;-48,543;2025-03-30 02:10:00.0;0,00
PARANAGUÁ;411820403A;PR;Padre Jackson;-25,517;-48,543;2025-03-30 03:10:00.0;0,00
PARANAGUÁ;411820403A;PR;Padre Jackson;-25,517;-48,543;2025-03-30 04:10:00.0;0,00
PARANAGUÁ;411820403A;PR;Padre Jackson;-25,517;-48,543;2025-03-30 05:10:00.0;0,00
PARANAGUÁ;411820403A;PR;Padre Jackson;-25,517;-48,543;2025-03-30 06:10:00.0;0,00
PARANAGUÁ;411820403A;PR;Padre Jackson;-25,517;-48,543;2025-03-30 07:10:00.0;0,00
PARANAGUÁ;411820403A;PR;Padre Jackson;-25,517;-48,543;2025-03-30 08:10:00.0;0,00
PARANAGUÁ;411820403A;PR;Padre Jackson;-25,517;-48,543;2025-03-30 09:10:00.0;0,00
PARANAGUÁ;411820403A;PR;Padre Jackson;-25,517;-48,543;2025-03-30 10:10:00.0;0,00
PARANAGUÁ;411820403A;PR;Padre Jackson;-25,517;-48,543;2025-03-30 11:10:00.0;0,00
PARANAGUÁ;411820403A;PR;Padre Jackson;-25,517;-48,543;2025-03-30 12:10:00.0;0,00
PARANAGUÁ;411820403A;PR;Padre Jackson;-25,517;-48,543;2025-03-30 13:10:00.0;0,00
PARANAGUÁ;411820403A;PR;Padre Jackson;-25,517;-48,543;2025-03-30 14:10:00.0;0,00
PARANAGUÁ;411820403A;PR;Padre Jackson;-25,517;-48,543;2025-03-30 15:10:00.0;0,00
PARANAGUÁ;411820403A;PR;Padre Jackson;-25,517;-48,543;2025-03-30 16:10:00.0;0,00
PARANAGUÁ;411820403A;PR;Padre Jackson;-25,517;-48,543;2025-03-30 17:10:00.0;0,00
PARANAGUÁ;411820403A;PR;Padre Jackson;-25,517;-48,543;2025-03-30 18:10:00.0;0,00
PARANAGUÁ;411820403A;PR;Padre Jackson;-25,517;-48,543;2025-03-30 19:10:00.0;0,00
PARANAGUÁ;411820403A;PR;Padre Jackson;-25,517;-48,543;2025-03-30 20:10:00.0;0,00
PARANAGUÁ;411820403A;PR;Padre Jackson;-25,517;-48,543;2025-03-30 21:10:00.0;0,00
PARANAGUÁ;411820403A;PR;Padre Jackson;-25,517;-48,543;2025-03-30 22:10:00.0;0,00
PARANAGUÁ;411820403A;PR;Padre Jackson;-25,517;-48,543;2025-03-30 23:10:00.0;0,00
PARANAGUÁ;411820403A;PR;Padre Jackson;-25,517;-48,543;2025-03-31 00:10:00.0;0,00
PARANAGUÁ;411820403A;PR;Padre Jackson;-25,517;-48,543;2025-03-31 01:10:00.0;0,00
PARANAGUÁ;411820403A;PR;Padre Jackson;-25,517;-48,543;2025-03-31 02:10:00.0;0,00
PARANAGUÁ;411820403A;PR;Padre Jackson;-25,517;-48,543;2025-03-31 03:10:00.0;0,00
PARANAGUÁ;411820403A;PR;Padre Jackson;-25,517;-48,543;2025-03-31 04:10:00.0;0,00
PARANAGUÁ;411820403A;PR;Padre Jackson;-25,517;-48,543;2025-03-31 05:10:00.0;0,00
PARANAGUÁ;411820403A;PR;Padre Jackson;-25,517;-48,543;2025-03-31 06:10:00.0;0,00
PARANAGUÁ;411820403A;PR;Padre Jackson;-25,517;-48,543;2025-03-31 07:10:00.0;0,00
PARANAGUÁ;411820403A;PR;Padre Jackson;-25,517;-48,543;2025-03-31 08:10:00.0;0,00
PARANAGUÁ;411820403A;PR;Padre Jackson;-25,517;-48,543;2025-03-31 09:10:00.0;0,00
PARANAGUÁ;411820403A;PR;Padre Jackson;-25,517;-48,543;2025-03-31 10:10:00.0;0,00
PARANAGUÁ;411820403A;PR;Padre Jackson;-25,517;-48,543;2025-03-31 11:10:00.0;0,00
PARANAGUÁ;411820403A;PR;Padre Jackson;-25,517;-48,543;2025-03-31 12:10:00.0;0,00
PARANAGUÁ;411820403A;PR;Padre Jackson;-25,517;-48,543;2025-03-31 13:10:00.0;0,00
PARANAGUÁ;411820403A;PR;Padre Jackson;-25,517;-48,543;2025-03-31 14:10:00.0;0,00
PARANAGUÁ;411820403A;PR;Padre Jackson;-25,517;-48,543;2025-03-31 15:10:00.0;0,00
PARANAGUÁ;411820403A;PR;Padre Jackson;-25,517;-48,543;2025-03-31 16:10:00.0;0,00
PARANAGUÁ;411820403A;PR;Padre Jackson;-25,517;-48,543;2025-03-31 17:10:00.0;0,00
PARANAGUÁ;411820403A;PR;Padre Jackson;-25,517;-48,543;2025-03-31 18:10:00.0;0,00
PARANAGUÁ;411820403A;PR;Padre Jackson;-25,517;-48,543;2025-03-31 19:10:00.0;0,00
PARANAGUÁ;411820403A;PR;Padre Jackson;-25,517;-48,543;2025-03-31 20:10:00.0;0,00
PARANAGUÁ;411820403A;PR;Padre Jackson;-25,517;-48,543;2025-03-31 21:10:00.0;0,00
PARANAGUÁ;411820403A;PR;Padre Jackson;-25,517;-48,543;2025-03-31 22:10:00.0;0,00
PARANAGUÁ;411820403A;PR;Padre Jackson;-25,517;-48,543;2025-03-31 23:10:00.0;0,00
PATO BRANCO;411850101A;PR;São João;-26,234;-52,713;2025-03-01 00:10:00.0;0,00
PATO BRANCO;411850101A;PR;São João;-26,234;-52,713;2025-03-01 01:10:00.0;0,00
PATO BRANCO;411850101A;PR;São João;-26,234;-52,713;2025-03-01 02:10:00.0;0,00
PATO BRANCO;411850101A;PR;São João;-26,234;-52,713;2025-03-01 03:10:00.0;0,00
PATO BRANCO;411850101A;PR;São João;-26,234;-52,713;2025-03-01 04:10:00.0;0,00
PATO BRANCO;411850101A;PR;São João;-26,234;-52,713;2025-03-01 12:30:00.0;0,00
PATO BRANCO;411850101A;PR;São João;-26,234;-52,713;2025-03-01 13:10:00.0;0,00
PATO BRANCO;411850101A;PR;São João;-26,234;-52,713;2025-03-01 14:10:00.0;0,00
PATO BRANCO;411850101A;PR;São João;-26,234;-52,713;2025-03-01 15:10:00.0;0,00
PATO BRANCO;411850101A;PR;São João;-26,234;-52,713;2025-03-01 16:10:00.0;0,00
PATO BRANCO;411850101A;PR;São João;-26,234;-52,713;2025-03-01 17:10:00.0;0,00
PATO BRANCO;411850101A;PR;São João;-26,234;-52,713;2025-03-01 18:10:00.0;0,00
PATO BRANCO;411850101A;PR;São João;-26,234;-52,713;2025-03-01 19:10:00.0;0,00
PATO BRANCO;411850101A;PR;São João;-26,234;-52,713;2025-03-01 20:10:00.0;0,00
PATO BRANCO;411850101A;PR;São João;-26,234;-52,713;2025-03-01 21:10:00.0;0,00
PATO BRANCO;411850101A;PR;São João;-26,234;-52,713;2025-03-01 22:10:00.0;0,00
PATO BRANCO;411850101A;PR;São João;-26,234;-52,713;2025-03-01 23:10:00.0;0,00
PATO BRANCO;411850101A;PR;São João;-26,234;-52,713;2025-03-02 00:10:00.0;0,00
PATO BRANCO;411850101A;PR;São João;-26,234;-52,713;2025-03-02 01:10:00.0;0,00
PATO BRANCO;411850101A;PR;São João;-26,234;-52,713;2025-03-02 02:10:00.0;0,00
PATO BRANCO;411850101A;PR;São João;-26,234;-52,713;2025-03-02 03:10:00.0;0,00
PATO BRANCO;411850101A;PR;São João;-26,234;-52,713;2025-03-02 12:30:00.0;0,00
PATO BRANCO;411850101A;PR;São João;-26,234;-52,713;2025-03-02 13:10:00.0;0,00
PATO BRANCO;411850101A;PR;São João;-26,234;-52,713;2025-03-02 14:10:00.0;0,00
PATO BRANCO;411850101A;PR;São João;-26,234;-52,713;2025-03-02 15:10:00.0;0,00
PATO BRANCO;411850101A;PR;São João;-26,234;-52,713;2025-03-02 16:10:00.0;0,00
PATO BRANCO;411850101A;PR;São João;-26,234;-52,713;2025-03-02 17:10:00.0;0,00
PATO BRANCO;411850101A;PR;São João;-26,234;-52,713;2025-03-02 18:10:00.0;0,00
PATO BRANCO;411850101A;PR;São João;-26,234;-52,713;2025-03-02 19:10:00.0;0,00
PATO BRANCO;411850101A;PR;São João;-26,234;-52,713;2025-03-02 20:10:00.0;0,00
PATO BRANCO;411850101A;PR;São João;-26,234;-52,713;2025-03-02 21:10:00.0;0,00
PATO BRANCO;411850101A;PR;São João;-26,234;-52,713;2025-03-02 22:10:00.0;0,00
PATO BRANCO;411850101A;PR;São João;-26,234;-52,713;2025-03-02 23:10:00.0;0,00
PATO BRANCO;411850101A;PR;São João;-26,234;-52,713;2025-03-03 00:10:00.0;0,00
PATO BRANCO;411850101A;PR;São João;-26,234;-52,713;2025-03-03 01:10:00.0;0,00
PATO BRANCO;411850101A;PR;São João;-26,234;-52,713;2025-03-03 02:10:00.0;0,00
PATO BRANCO;411850101A;PR;São João;-26,234;-52,713;2025-03-03 12:30:00.0;0,00
PATO BRANCO;411850101A;PR;São João;-26,234;-52,713;2025-03-12 12:00:00.0;0,00
PATO BRANCO;411850101A;PR;São João;-26,234;-52,713;2025-03-13 12:20:00.0;14,27
PATO BRANCO;411850101A;PR;São João;-26,234;-52,713;2025-03-13 13:10:00.0;0,00
PATO BRANCO;411850101A;PR;São João;-26,234;-52,713;2025-03-13 14:10:00.0;0,00
PATO BRANCO;411850101A;PR;São João;-26,234;-52,713;2025-03-13 15:10:00.0;0,00
PATO BRANCO;411850101A;PR;São João;-26,234;-52,713;2025-03-13 15:20:00.0;0,20
PATO BRANCO;411850101A;PR;São João;-26,234;-52,713;2025-03-13 16:10:00.0;0,00
PATO BRANCO;411850101A;PR;São João;-26,234;-52,713;2025-03-13 17:10:00.0;0,00
PATO BRANCO;411850101A;PR;São João;-26,234;-52,713;2025-03-13 18:10:00.0;0,00
PATO BRANCO;411850101A;PR;São João;-26,234;-52,713;2025-03-13 19:10:00.0;0,00
PATO BRANCO;411850101A;PR;São João;-26,234;-52,713;2025-03-13 20:10:00.0;0,00
PATO BRANCO;411850101A;PR;São João;-26,234;-52,713;2025-03-13 21:10:00.0;0,00
PATO BRANCO;411850101A;PR;São João;-26,234;-52,713;2025-03-13 22:10:00.0;0,00
PATO BRANCO;411850101A;PR;São João;-26,234;-52,713;2025-03-13 23:10:00.0;0,00
PATO BRANCO;411850101A;PR;São João;-26,234;-52,713;2025-03-14 00:10:00.0;0,00
PATO BRANCO;411850101A;PR;São João;-26,234;-52,713;2025-03-14 01:10:00.0;0,00
PATO BRANCO;411850101A;PR;São João;-26,234;-52,713;2025-03-14 02:10:00.0;0,00
PATO BRANCO;411850101A;PR;São João;-26,234;-52,713;2025-03-14 03:10:00.0;0,00
PATO BRANCO;411850101A;PR;São João;-26,234;-52,713;2025-03-14 04:10:00.0;0,00
PATO BRANCO;411850101A;PR;São João;-26,234;-52,713;2025-03-14 05:10:00.0;0,00
PATO BRANCO;411850101A;PR;São João;-26,234;-52,713;2025-03-14 11:50:00.0;0,00
PATO BRANCO;411850101A;PR;São João;-26,234;-52,713;2025-03-14 12:10:00.0;0,00
PATO BRANCO;411850101A;PR;São João;-26,234;-52,713;2025-03-14 13:10:00.0;0,00
PATO BRANCO;411850101A;PR;São João;-26,234;-52,713;2025-03-14 14:10:00.0;0,00
PATO BRANCO;411850101A;PR;São João;-26,234;-52,713;2025-03-14 15:10:00.0;0,00
PATO BRANCO;411850101A;PR;São João;-26,234;-52,713;2025-03-14 16:10:00.0;0,00
PATO BRANCO;411850101A;PR;São João;-26,234;-52,713;2025-03-14 17:10:00.0;0,00
PATO BRANCO;411850101A;PR;São João;-26,234;-52,713;2025-03-14 18:10:00.0;0,00
PATO BRANCO;411850101A;PR;São João;-26,234;-52,713;2025-03-14 19:10:00.0;0,00
PATO BRANCO;411850101A;PR;São João;-26,234;-52,713;2025-03-14 20:10:00.0;0,00
PATO BRANCO;411850101A;PR;São João;-26,234;-52,713;2025-03-14 21:10:00.0;0,00
PATO BRANCO;411850101A;PR;São João;-26,234;-52,713;2025-03-14 22:10:00.0;0,00
PATO BRANCO;411850101A;PR;São João;-26,234;-52,713;2025-03-14 23:10:00.0;0,00
PATO BRANCO;411850101A;PR;São João;-26,234;-52,713;2025-03-15 00:10:00.0;0,00
PATO BRANCO;411850101A;PR;São João;-26,234;-52,713;2025-03-15 01:10:00.0;0,00
PATO BRANCO;411850101A;PR;São João;-26,234;-52,713;2025-03-15 02:10:00.0;0,00
PATO BRANCO;411850101A;PR;São João;-26,234;-52,713;2025-03-15 03:10:00.0;0,00
PATO BRANCO;411850101A;PR;São João;-26,234;-52,713;2025-03-15 04:10:00.0;0,00
PATO BRANCO;411850101A;PR;São João;-26,234;-52,713;2025-03-15 14:10:00.0;0,00
PATO BRANCO;411850101A;PR;São João;-26,234;-52,713;2025-03-15 15:00:00.0;0,42
PATO BRANCO;411850101A;PR;São João;-26,234;-52,713;2025-03-15 15:10:00.0;0,20
PATO BRANCO;411850101A;PR;São João;-26,234;-52,713;2025-03-15 15:30:00.0;0,20
PATO BRANCO;411850101A;PR;São João;-26,234;-52,713;2025-03-15 15:50:00.0;0,20
PATO BRANCO;411850101A;PR;São João;-26,234;-52,713;2025-03-15 16:10:00.0;0,00
PATO BRANCO;411850101A;PR;São João;-26,234;-52,713;2025-03-15 17:10:00.0;0,00
PATO BRANCO;411850101A;PR;São João;-26,234;-52,713;2025-03-15 17:40:00.0;0,20
PATO BRANCO;411850101A;PR;São João;-26,234;-52,713;2025-03-15 18:10:00.0;0,00
PATO BRANCO;411850101A;PR;São João;-26,234;-52,713;2025-03-15 19:10:00.0;0,00
PATO BRANCO;411850101A;PR;São João;-26,234;-52,713;2025-03-15 20:10:00.0;0,00
PATO BRANCO;411850101A;PR;São João;-26,234;-52,713;2025-03-15 21:10:00.0;0,00
PATO BRANCO;411850101A;PR;São João;-26,234;-52,713;2025-03-15 22:10:00.0;0,00
PATO BRANCO;411850101A;PR;São João;-26,234;-52,713;2025-03-15 23:10:00.0;0,00
PATO BRANCO;411850101A;PR;São João;-26,234;-52,713;2025-03-16 00:10:00.0;0,00
PATO BRANCO;411850101A;PR;São João;-26,234;-52,713;2025-03-16 01:10:00.0;0,00
PATO BRANCO;411850101A;PR;São João;-26,234;-52,713;2025-03-16 02:10:00.0;0,00
PATO BRANCO;411850101A;PR;São João;-26,234;-52,713;2025-03-16 03:10:00.0;0,00
PATO BRANCO;411850101A;PR;São João;-26,234;-52,713;2025-03-16 12:00:00.0;0,00
PATO BRANCO;411850101A;PR;São João;-26,234;-52,713;2025-03-17 12:00:00.0;0,00
PATO BRANCO;411850101A;PR;São João;-26,234;-52,713;2025-03-17 12:10:00.0;0,00
PATO BRANCO;411850101A;PR;São João;-26,234;-52,713;2025-03-17 13:10:00.0;0,00
PATO BRANCO;411850101A;PR;São João;-26,234;-52,713;2025-03-17 14:10:00.0;0,00
PATO BRANCO;411850101A;PR;São João;-26,234;-52,713;2025-03-17 15:10:00.0;0,00
PATO BRANCO;411850101A;PR;São João;-26,234;-52,713;2025-03-17 16:10:00.0;0,00
PATO BRANCO;411850101A;PR;São João;-26,234;-52,713;2025-03-17 17:10:00.0;0,00
PATO BRANCO;411850101A;PR;São João;-26,234;-52,713;2025-03-17 18:10:00.0;0,00
PATO BRANCO;411850101A;PR;São João;-26,234;-52,713;2025-03-17 19:10:00.0;0,00
PATO BRANCO;411850101A;PR;São João;-26,234;-52,713;2025-03-17 20:10:00.0;0,00
PATO BRANCO;411850101A;PR;São João;-26,234;-52,713;2025-03-17 20:20:00.0;0,59
PATO BRANCO;411850101A;PR;São João;-26,234;-52,713;2025-03-17 21:10:00.0;0,00
PATO BRANCO;411850101A;PR;São João;-26,234;-52,713;2025-03-17 22:10:00.0;0,00
PATO BRANCO;411850101A;PR;São João;-26,234;-52,713;2025-03-17 23:10:00.0;0,00
PATO BRANCO;411850101A;PR;São João;-26,234;-52,713;2025-03-18 00:10:00.0;0,00
PATO BRANCO;411850101A;PR;São João;-26,234;-52,713;2025-03-18 01:10:00.0;0,00
PATO BRANCO;411850101A;PR;São João;-26,234;-52,713;2025-03-18 02:10:00.0;0,00
PATO BRANCO;411850101A;PR;São João;-26,234;-52,713;2025-03-18 03:10:00.0;0,00
PATO BRANCO;411850101A;PR;São João;-26,234;-52,713;2025-03-18 12:00:00.0;0,00
PATO BRANCO;411850101A;PR;São João;-26,234;-52,713;2025-03-18 12:10:00.0;0,00
PATO BRANCO;411850101A;PR;São João;-26,234;-52,713;2025-03-18 13:10:00.0;0,00
PATO BRANCO;411850101A;PR;São João;-26,234;-52,713;2025-03-18 14:10:00.0;0,00
PATO BRANCO;411850101A;PR;São João;-26,234;-52,713;2025-03-18 15:10:00.0;0,00
PATO BRANCO;411850101A;PR;São João;-26,234;-52,713;2025-03-18 16:10:00.0;0,00
PATO BRANCO;411850101A;PR;São João;-26,234;-52,713;2025-03-18 16:50:00.0;0,20
PATO BRANCO;411850101A;PR;São João;-26,234;-52,713;2025-03-18 17:00:00.0;0,42
PATO BRANCO;411850101A;PR;São João;-26,234;-52,713;2025-03-18 17:10:00.0;0,00
PATO BRANCO;411850101A;PR;São João;-26,234;-52,713;2025-03-18 18:10:00.0;0,00
PATO BRANCO;411850101A;PR;São João;-26,234;-52,713;2025-03-18 19:10:00.0;0,00
PATO BRANCO;411850101A;PR;São João;-26,234;-52,713;2025-03-18 20:10:00.0;0,00
PATO BRANCO;411850101A;PR;São João;-26,234;-52,713;2025-03-18 21:10:00.0;0,00
PATO BRANCO;411850101A;PR;São João;-26,234;-52,713;2025-03-18 22:10:00.0;0,00
PATO BRANCO;411850101A;PR;São João;-26,234;-52,713;2025-03-18 23:10:00.0;0,00
PATO BRANCO;411850101A;PR;São João;-26,234;-52,713;2025-03-19 00:10:00.0;0,00
PATO BRANCO;411850101A;PR;São João;-26,234;-52,713;2025-03-19 01:10:00.0;0,00
PATO BRANCO;411850101A;PR;São João;-26,234;-52,713;2025-03-19 02:10:00.0;0,00
PATO BRANCO;411850101A;PR;São João;-26,234;-52,713;2025-03-19 03:10:00.0;0,00
PATO BRANCO;411850101A;PR;São João;-26,234;-52,713;2025-03-19 04:10:00.0;0,00
PATO BRANCO;411850101A;PR;São João;-26,234;-52,713;2025-03-19 12:00:00.0;0,00
PATO BRANCO;411850101A;PR;São João;-26,234;-52,713;2025-03-19 12:10:00.0;0,00
PATO BRANCO;411850101A;PR;São João;-26,234;-52,713;2025-03-19 13:10:00.0;0,00
PATO BRANCO;411850101A;PR;São João;-26,234;-52,713;2025-03-19 14:10:00.0;0,00
PATO BRANCO;411850101A;PR;São João;-26,234;-52,713;2025-03-19 15:10:00.0;0,00
PATO BRANCO;411850101A;PR;São João;-26,234;-52,713;2025-03-19 16:10:00.0;0,00
PATO BRANCO;411850101A;PR;São João;-26,234;-52,713;2025-03-19 17:10:00.0;0,00
PATO BRANCO;411850101A;PR;São João;-26,234;-52,713;2025-03-19 18:10:00.0;0,00
PATO BRANCO;411850101A;PR;São João;-26,234;-52,713;2025-03-19 19:10:00.0;0,00
PATO BRANCO;411850101A;PR;São João;-26,234;-52,713;2025-03-19 20:10:00.0;0,00
PATO BRANCO;411850101A;PR;São João;-26,234;-52,713;2025-03-19 21:10:00.0;0,00
PATO BRANCO;411850101A;PR;São João;-26,234;-52,713;2025-03-19 22:10:00.0;0,00
PATO BRANCO;411850101A;PR;São João;-26,234;-52,713;2025-03-19 23:10:00.0;0,00
PATO BRANCO;411850101A;PR;São João;-26,234;-52,713;2025-03-20 00:10:00.0;0,00
PATO BRANCO;411850101A;PR;São João;-26,234;-52,713;2025-03-20 01:10:00.0;0,00
PATO BRANCO;411850101A;PR;São João;-26,234;-52,713;2025-03-20 02:10:00.0;0,00
PATO BRANCO;411850101A;PR;São João;-26,234;-52,713;2025-03-20 03:10:00.0;0,00
PATO BRANCO;411850101A;PR;São João;-26,234;-52,713;2025-03-20 11:50:00.0;0,00
PATO BRANCO;411850101A;PR;São João;-26,234;-52,713;2025-03-20 12:10:00.0;0,00
PATO BRANCO;411850101A;PR;São João;-26,234;-52,713;2025-03-20 13:10:00.0;0,00
PATO BRANCO;411850101A;PR;São João;-26,234;-52,713;2025-03-20 14:10:00.0;0,00
PATO BRANCO;411850101A;PR;São João;-26,234;-52,713;2025-03-20 15:10:00.0;0,00
PATO BRANCO;411850101A;PR;São João;-26,234;-52,713;2025-03-20 16:10:00.0;0,00
PATO BRANCO;411850101A;PR;São João;-26,234;-52,713;2025-03-20 17:10:00.0;0,00
PATO BRANCO;411850101A;PR;São João;-26,234;-52,713;2025-03-20 18:10:00.0;0,00
PATO BRANCO;411850101A;PR;São João;-26,234;-52,713;2025-03-20 19:10:00.0;0,00
PATO BRANCO;411850101A;PR;São João;-26,234;-52,713;2025-03-20 20:10:00.0;0,00
PATO BRANCO;411850101A;PR;São João;-26,234;-52,713;2025-03-20 21:10:00.0;0,00
PATO BRANCO;411850101A;PR;São João;-26,234;-52,713;2025-03-20 22:10:00.0;0,00
PATO BRANCO;411850101A;PR;São João;-26,234;-52,713;2025-03-20 23:10:00.0;0,00
PATO BRANCO;411850101A;PR;São João;-26,234;-52,713;2025-03-21 00:10:00.0;0,00
PATO BRANCO;411850101A;PR;São João;-26,234;-52,713;2025-03-21 01:10:00.0;0,00
PATO BRANCO;411850101A;PR;São João;-26,234;-52,713;2025-03-21 02:10:00.0;0,00
PATO BRANCO;411850101A;PR;São João;-26,234;-52,713;2025-03-21 03:10:00.0;0,00
PATO BRANCO;411850101A;PR;São João;-26,234;-52,713;2025-03-21 11:50:00.0;0,00
PATO BRANCO;411850101A;PR;São João;-26,234;-52,713;2025-03-21 12:10:00.0;0,00
PATO BRANCO;411850101A;PR;São João;-26,234;-52,713;2025-03-21 13:10:00.0;0,00
PATO BRANCO;411850101A;PR;São João;-26,234;-52,713;2025-03-21 14:10:00.0;0,00
PATO BRANCO;411850101A;PR;São João;-26,234;-52,713;2025-03-21 15:10:00.0;0,00
PATO BRANCO;411850101A;PR;São João;-26,234;-52,713;2025-03-21 16:10:00.0;0,00
PATO BRANCO;411850101A;PR;São João;-26,234;-52,713;2025-03-21 17:10:00.0;0,00
PATO BRANCO;411850101A;PR;São João;-26,234;-52,713;2025-03-21 18:10:00.0;0,00
PATO BRANCO;411850101A;PR;São João;-26,234;-52,713;2025-03-21 19:10:00.0;0,00
PATO BRANCO;411850101A;PR;São João;-26,234;-52,713;2025-03-21 20:10:00.0;0,00
PATO BRANCO;411850101A;PR;São João;-26,234;-52,713;2025-03-21 21:10:00.0;0,00
PATO BRANCO;411850101A;PR;São João;-26,234;-52,713;2025-03-21 22:10:00.0;0,00
PATO BRANCO;411850101A;PR;São João;-26,234;-52,713;2025-03-21 23:10:00.0;0,00
PATO BRANCO;411850101A;PR;São João;-26,234;-52,713;2025-03-22 00:10:00.0;0,00
PATO BRANCO;411850101A;PR;São João;-26,234;-52,713;2025-03-22 01:10:00.0;0,00
PATO BRANCO;411850101A;PR;São João;-26,234;-52,713;2025-03-22 02:10:00.0;0,00
PATO BRANCO;411850101A;PR;São João;-26,234;-52,713;2025-03-22 03:10:00.0;0,00
PATO BRANCO;411850101A;PR;São João;-26,234;-52,713;2025-03-22 12:00:00.0;0,00
PATO BRANCO;411850101A;PR;São João;-26,234;-52,713;2025-03-22 12:10:00.0;0,00
PATO BRANCO;411850101A;PR;São João;-26,234;-52,713;2025-03-22 13:10:00.0;0,00
PATO BRANCO;411850101A;PR;São João;-26,234;-52,713;2025-03-22 14:10:00.0;0,00
PATO BRANCO;411850101A;PR;São João;-26,234;-52,713;2025-03-22 15:10:00.0;0,00
PATO BRANCO;411850101A;PR;São João;-26,234;-52,713;2025-03-22 16:10:00.0;0,00
PATO BRANCO;411850101A;PR;São João;-26,234;-52,713;2025-03-22 17:10:00.0;0,00
PATO BRANCO;411850101A;PR;São João;-26,234;-52,713;2025-03-22 18:10:00.0;0,00
PATO BRANCO;411850101A;PR;São João;-26,234;-52,713;2025-03-22 19:10:00.0;0,00
PATO BRANCO;411850101A;PR;São João;-26,234;-52,713;2025-03-22 20:10:00.0;0,00
PATO BRANCO;411850101A;PR;São João;-26,234;-52,713;2025-03-22 21:10:00.0;0,00
PATO BRANCO;411850101A;PR;São João;-26,234;-52,713;2025-03-22 22:10:00.0;0,00
PATO BRANCO;411850101A;PR;São João;-26,234;-52,713;2025-03-22 23:10:00.0;0,00
PATO BRANCO;411850101A;PR;São João;-26,234;-52,713;2025-03-23 00:10:00.0;0,00
PATO BRANCO;411850101A;PR;São João;-26,234;-52,713;2025-03-23 01:10:00.0;0,00
PATO BRANCO;411850101A;PR;São João;-26,234;-52,713;2025-03-23 02:10:00.0;0,00
PATO BRANCO;411850101A;PR;São João;-26,234;-52,713;2025-03-23 03:10:00.0;0,00
PATO BRANCO;411850101A;PR;São João;-26,234;-52,713;2025-03-23 12:00:00.0;0,00
PATO BRANCO;411850101A;PR;São João;-26,234;-52,713;2025-03-23 12:10:00.0;0,00
PATO BRANCO;411850101A;PR;São João;-26,234;-52,713;2025-03-23 13:10:00.0;0,00
PATO BRANCO;411850101A;PR;São João;-26,234;-52,713;2025-03-23 15:10:00.0;0,00
PATO BRANCO;411850101A;PR;São João;-26,234;-52,713;2025-03-23 16:10:00.0;0,00
PATO BRANCO;411850101A;PR;São João;-26,234;-52,713;2025-03-23 17:10:00.0;0,00
PATO BRANCO;411850101A;PR;São João;-26,234;-52,713;2025-03-23 18:10:00.0;0,00
PATO BRANCO;411850101A;PR;São João;-26,234;-52,713;2025-03-23 19:10:00.0;0,00
PATO BRANCO;411850101A;PR;São João;-26,234;-52,713;2025-03-23 20:10:00.0;0,00
PATO BRANCO;411850101A;PR;São João;-26,234;-52,713;2025-03-23 21:10:00.0;0,00
PATO BRANCO;411850101A;PR;São João;-26,234;-52,713;2025-03-23 22:10:00.0;0,00
PATO BRANCO;411850101A;PR;São João;-26,234;-52,713;2025-03-23 23:10:00.0;0,00
PATO BRANCO;411850101A;PR;São João;-26,234;-52,713;2025-03-24 00:10:00.0;0,00
PATO BRANCO;411850101A;PR;São João;-26,234;-52,713;2025-03-24 01:10:00.0;0,00
PATO BRANCO;411850101A;PR;São João;-26,234;-52,713;2025-03-24 02:10:00.0;0,00
PATO BRANCO;411850101A;PR;São João;-26,234;-52,713;2025-03-24 03:10:00.0;0,00
PATO BRANCO;411850101A;PR;São João;-26,234;-52,713;2025-03-24 04:10:00.0;0,00
PATO BRANCO;411850101A;PR;São João;-26,234;-52,713;2025-03-24 05:10:00.0;0,00
PATO BRANCO;411850101A;PR;São João;-26,234;-52,713;2025-03-24 06:10:00.0;0,00
PATO BRANCO;411850101A;PR;São João;-26,234;-52,713;2025-03-24 07:10:00.0;0,00
PATO BRANCO;411850101A;PR;São João;-26,234;-52,713;2025-03-24 12:00:00.0;0,00
PATO BRANCO;411850101A;PR;São João;-26,234;-52,713;2025-03-24 12:10:00.0;0,00
PATO BRANCO;411850101A;PR;São João;-26,234;-52,713;2025-03-24 13:10:00.0;0,00
PATO BRANCO;411850101A;PR;São João;-26,234;-52,713;2025-03-24 14:10:00.0;0,00
PATO BRANCO;411850101A;PR;São João;-26,234;-52,713;2025-03-24 15:10:00.0;0,00
PATO BRANCO;411850101A;PR;São João;-26,234;-52,713;2025-03-24 16:10:00.0;0,00
PATO BRANCO;411850101A;PR;São João;-26,234;-52,713;2025-03-24 17:10:00.0;0,00
PATO BRANCO;411850101A;PR;São João;-26,234;-52,713;2025-03-24 18:10:00.0;0,00
PATO BRANCO;411850101A;PR;São João;-26,234;-52,713;2025-03-24 19:10:00.0;0,00
PATO BRANCO;411850101A;PR;São João;-26,234;-52,713;2025-03-24 20:10:00.0;0,00
PATO BRANCO;411850101A;PR;São João;-26,234;-52,713;2025-03-24 21:10:00.0;0,00
PATO BRANCO;411850101A;PR;São João;-26,234;-52,713;2025-03-24 22:10:00.0;0,00
PATO BRANCO;411850101A;PR;São João;-26,234;-52,713;2025-03-24 23:10:00.0;0,00
PATO BRANCO;411850101A;PR;São João;-26,234;-52,713;2025-03-25 00:10:00.0;0,00
PATO BRANCO;411850101A;PR;São João;-26,234;-52,713;2025-03-25 01:10:00.0;0,00
PATO BRANCO;411850101A;PR;São João;-26,234;-52,713;2025-03-25 02:10:00.0;0,00
PATO BRANCO;411850101A;PR;São João;-26,234;-52,713;2025-03-25 03:10:00.0;0,00
PATO BRANCO;411850101A;PR;São João;-26,234;-52,713;2025-03-25 04:10:00.0;0,00
PATO BRANCO;411850101A;PR;São João;-26,234;-52,713;2025-03-25 12:00:00.0;0,00
PATO BRANCO;411850101A;PR;São João;-26,234;-52,713;2025-03-25 12:10:00.0;0,00
PATO BRANCO;411850101A;PR;São João;-26,234;-52,713;2025-03-25 13:10:00.0;0,00
PATO BRANCO;411850101A;PR;São João;-26,234;-52,713;2025-03-25 14:10:00.0;0,00
PATO BRANCO;411850101A;PR;São João;-26,234;-52,713;2025-03-25 15:10:00.0;0,00
PATO BRANCO;411850101A;PR;São João;-26,234;-52,713;2025-03-25 16:10:00.0;0,00
PATO BRANCO;411850101A;PR;São João;-26,234;-52,713;2025-03-25 17:10:00.0;0,00
PATO BRANCO;411850101A;PR;São João;-26,234;-52,713;2025-03-25 18:10:00.0;0,00
PATO BRANCO;411850101A;PR;São João;-26,234;-52,713;2025-03-25 19:10:00.0;0,00
PATO BRANCO;411850101A;PR;São João;-26,234;-52,713;2025-03-25 20:10:00.0;0,00
PATO BRANCO;411850101A;PR;São João;-26,234;-52,713;2025-03-25 21:10:00.0;0,00
PATO BRANCO;411850101A;PR;São João;-26,234;-52,713;2025-03-25 21:50:00.0;0,39
PATO BRANCO;411850101A;PR;São João;-26,234;-52,713;2025-03-25 22:00:00.0;5,12
PATO BRANCO;411850101A;PR;São João;-26,234;-52,713;2025-03-25 22:10:00.0;6,89
PATO BRANCO;411850101A;PR;São João;-26,234;-52,713;2025-03-25 22:20:00.0;9,76
PATO BRANCO;411850101A;PR;São João;-26,234;-52,713;2025-03-25 22:30:00.0;12,21
PATO BRANCO;411850101A;PR;São João;-26,234;-52,713;2025-03-25 22:40:00.0;2,16
PATO BRANCO;411850101A;PR;São João;-26,234;-52,713;2025-03-25 22:50:00.0;1,18
PATO BRANCO;411850101A;PR;São João;-26,234;-52,713;2025-03-25 23:00:00.0;0,20
PATO BRANCO;411850101A;PR;São João;-26,234;-52,713;2025-03-25 23:20:00.0;0,00
PATO BRANCO;411850101A;PR;São João;-26,234;-52,713;2025-03-25 23:30:00.0;0,20
PATO BRANCO;411850101A;PR;São João;-26,234;-52,713;2025-03-26 00:10:00.0;0,00
PATO BRANCO;411850101A;PR;São João;-26,234;-52,713;2025-03-26 00:40:00.0;0,20
PATO BRANCO;411850101A;PR;São João;-26,234;-52,713;2025-03-26 01:10:00.0;0,00
PATO BRANCO;411850101A;PR;São João;-26,234;-52,713;2025-03-26 12:00:00.0;0,00
PATO BRANCO;411850101A;PR;São João;-26,234;-52,713;2025-03-26 12:10:00.0;0,00
PATO BRANCO;411850101A;PR;São João;-26,234;-52,713;2025-03-26 13:10:00.0;0,00
PATO BRANCO;411850101A;PR;São João;-26,234;-52,713;2025-03-26 14:10:00.0;0,00
PATO BRANCO;411850101A;PR;São João;-26,234;-52,713;2025-03-26 14:40:00.0;0,20
PATO BRANCO;411850101A;PR;São João;-26,234;-52,713;2025-03-26 15:10:00.0;0,00
PATO BRANCO;411850101A;PR;São João;-26,234;-52,713;2025-03-26 16:10:00.0;0,00
PATO BRANCO;411850101A;PR;São João;-26,234;-52,713;2025-03-26 17:10:00.0;0,00
PATO BRANCO;411850101A;PR;São João;-26,234;-52,713;2025-03-26 18:10:00.0;0,00
PATO BRANCO;411850101A;PR;São João;-26,234;-52,713;2025-03-26 19:10:00.0;0,00
PATO BRANCO;411850101A;PR;São João;-26,234;-52,713;2025-03-26 20:10:00.0;0,00
PATO BRANCO;411850101A;PR;São João;-26,234;-52,713;2025-03-26 21:10:00.0;0,00
PATO BRANCO;411850101A;PR;São João;-26,234;-52,713;2025-03-26 22:10:00.0;0,00
PATO BRANCO;411850101A;PR;São João;-26,234;-52,713;2025-03-26 23:10:00.0;0,00
PATO BRANCO;411850101A;PR;São João;-26,234;-52,713;2025-03-27 00:10:00.0;0,00
PATO BRANCO;411850101A;PR;São João;-26,234;-52,713;2025-03-27 01:10:00.0;0,00
PATO BRANCO;411850101A;PR;São João;-26,234;-52,713;2025-03-27 02:10:00.0;0,00
PATO BRANCO;411850101A;PR;São João;-26,234;-52,713;2025-03-27 03:10:00.0;0,00
PATO BRANCO;411850101A;PR;São João;-26,234;-52,713;2025-03-27 04:10:00.0;0,00
PATO BRANCO;411850101A;PR;São João;-26,234;-52,713;2025-03-27 11:50:00.0;0,00
PATO BRANCO;411850101A;PR;São João;-26,234;-52,713;2025-03-27 12:10:00.0;0,00
PATO BRANCO;411850101A;PR;São João;-26,234;-52,713;2025-03-27 13:10:00.0;0,00
PATO BRANCO;411850101A;PR;São João;-26,234;-52,713;2025-03-27 14:10:00.0;0,00
PATO BRANCO;411850101A;PR;São João;-26,234;-52,713;2025-03-27 15:10:00.0;0,00
PATO BRANCO;411850101A;PR;São João;-26,234;-52,713;2025-03-27 16:10:00.0;0,00
PATO BRANCO;411850101A;PR;São João;-26,234;-52,713;2025-03-27 17:10:00.0;0,00
PATO BRANCO;411850101A;PR;São João;-26,234;-52,713;2025-03-27 18:10:00.0;0,00
PATO BRANCO;411850101A;PR;São João;-26,234;-52,713;2025-03-27 19:10:00.0;0,00
PATO BRANCO;411850101A;PR;São João;-26,234;-52,713;2025-03-27 20:10:00.0;0,00
PATO BRANCO;411850101A;PR;São João;-26,234;-52,713;2025-03-27 21:10:00.0;0,00
PATO BRANCO;411850101A;PR;São João;-26,234;-52,713;2025-03-27 22:10:00.0;0,00
PATO BRANCO;411850101A;PR;São João;-26,234;-52,713;2025-03-27 23:10:00.0;0,00
PATO BRANCO;411850101A;PR;São João;-26,234;-52,713;2025-03-28 00:10:00.0;0,39
PATO BRANCO;411850101A;PR;São João;-26,234;-52,713;2025-03-28 00:20:00.0;0,39
PATO BRANCO;411850101A;PR;São João;-26,234;-52,713;2025-03-28 00:50:00.0;1,57
PATO BRANCO;411850101A;PR;São João;-26,234;-52,713;2025-03-28 01:00:00.0;1,18
PATO BRANCO;411850101A;PR;São João;-26,234;-52,713;2025-03-28 01:10:00.0;1,77
PATO BRANCO;411850101A;PR;São João;-26,234;-52,713;2025-03-28 01:20:00.0;1,38
PATO BRANCO;411850101A;PR;São João;-26,234;-52,713;2025-03-28 01:30:00.0;1,57
PATO BRANCO;411850101A;PR;São João;-26,234;-52,713;2025-03-28 01:40:00.0;1,57
PATO BRANCO;411850101A;PR;São João;-26,234;-52,713;2025-03-28 02:10:00.0;0,20
PATO BRANCO;411850101A;PR;São João;-26,234;-52,713;2025-03-28 02:20:00.0;2,95
PATO BRANCO;411850101A;PR;São João;-26,234;-52,713;2025-03-28 02:30:00.0;0,79
PATO BRANCO;411850101A;PR;São João;-26,234;-52,713;2025-03-28 02:40:00.0;1,37
PATO BRANCO;411850101A;PR;São João;-26,234;-52,713;2025-03-28 02:50:00.0;6,50
PATO BRANCO;411850101A;PR;São João;-26,234;-52,713;2025-03-28 03:00:00.0;2,95
PATO BRANCO;411850101A;PR;São João;-26,234;-52,713;2025-03-28 03:10:00.0;1,57
PATO BRANCO;411850101A;PR;São João;-26,234;-52,713;2025-03-28 03:20:00.0;4,53
PATO BRANCO;411850101A;PR;São João;-26,234;-52,713;2025-03-28 03:30:00.0;2,16
PATO BRANCO;411850101A;PR;São João;-26,234;-52,713;2025-03-28 03:40:00.0;3,74
PATO BRANCO;411850101A;PR;São João;-26,234;-52,713;2025-03-28 03:50:00.0;1,77
PATO BRANCO;411850101A;PR;São João;-26,234;-52,713;2025-03-28 04:00:00.0;0,98
PATO BRANCO;411850101A;PR;São João;-26,234;-52,713;2025-03-28 11:30:00.0;0,20
PATO BRANCO;411850101A;PR;São João;-26,234;-52,713;2025-03-28 12:10:00.0;0,00
PATO BRANCO;411850101A;PR;São João;-26,234;-52,713;2025-03-28 13:10:00.0;0,00
PATO BRANCO;411850101A;PR;São João;-26,234;-52,713;2025-03-28 14:10:00.0;0,00
PATO BRANCO;411850101A;PR;São João;-26,234;-52,713;2025-03-28 15:10:00.0;0,00
PATO BRANCO;411850101A;PR;São João;-26,234;-52,713;2025-03-28 16:10:00.0;0,00
PATO BRANCO;411850101A;PR;São João;-26,234;-52,713;2025-03-28 17:10:00.0;0,00
PATO BRANCO;411850101A;PR;São João;-26,234;-52,713;2025-03-28 18:10:00.0;0,00
PATO BRANCO;411850101A;PR;São João;-26,234;-52,713;2025-03-28 19:10:00.0;0,00
PATO BRANCO;411850101A;PR;São João;-26,234;-52,713;2025-03-28 20:10:00.0;0,00
PATO BRANCO;411850101A;PR;São João;-26,234;-52,713;2025-03-28 21:10:00.0;0,00
PATO BRANCO;411850101A;PR;São João;-26,234;-52,713;2025-03-28 22:10:00.0;0,00
PATO BRANCO;411850101A;PR;São João;-26,234;-52,713;2025-03-28 23:10:00.0;0,00
PATO BRANCO;411850101A;PR;São João;-26,234;-52,713;2025-03-29 00:10:00.0;0,00
PATO BRANCO;411850101A;PR;São João;-26,234;-52,713;2025-03-29 01:10:00.0;0,00
PATO BRANCO;411850101A;PR;São João;-26,234;-52,713;2025-03-29 02:10:00.0;0,00
PATO BRANCO;411850101A;PR;São João;-26,234;-52,713;2025-03-29 03:10:00.0;0,00
PATO BRANCO;411850101A;PR;São João;-26,234;-52,713;2025-03-29 04:10:00.0;0,00
PATO BRANCO;411850101A;PR;São João;-26,234;-52,713;2025-03-29 05:10:00.0;0,00
PATO BRANCO;411850101A;PR;São João;-26,234;-52,713;2025-03-29 06:10:00.0;0,00
PATO BRANCO;411850101A;PR;São João;-26,234;-52,713;2025-03-29 13:00:00.0;0,00
PATO BRANCO;411850101A;PR;São João;-26,234;-52,713;2025-03-29 13:10:00.0;0,00
PATO BRANCO;411850101A;PR;São João;-26,234;-52,713;2025-03-29 14:10:00.0;0,00
PATO BRANCO;411850101A;PR;São João;-26,234;-52,713;2025-03-29 15:10:00.0;0,00
PATO BRANCO;411850101A;PR;São João;-26,234;-52,713;2025-03-29 16:10:00.0;0,00
PATO BRANCO;411850101A;PR;São João;-26,234;-52,713;2025-03-29 17:10:00.0;0,00
PATO BRANCO;411850101A;PR;São João;-26,234;-52,713;2025-03-29 18:10:00.0;0,00
PATO BRANCO;411850101A;PR;São João;-26,234;-52,713;2025-03-29 19:10:00.0;0,00
PATO BRANCO;411850101A;PR;São João;-26,234;-52,713;2025-03-29 20:10:00.0;0,00
PATO BRANCO;411850101A;PR;São João;-26,234;-52,713;2025-03-29 21:10:00.0;0,00
PATO BRANCO;411850101A;PR;São João;-26,234;-52,713;2025-03-29 22:10:00.0;0,00
PATO BRANCO;411850101A;PR;São João;-26,234;-52,713;2025-03-29 23:10:00.0;0,00
PATO BRANCO;411850101A;PR;São João;-26,234;-52,713;2025-03-30 00:10:00.0;0,00
PATO BRANCO;411850101A;PR;São João;-26,234;-52,713;2025-03-30 01:10:00.0;0,00
PATO BRANCO;411850101A;PR;São João;-26,234;-52,713;2025-03-30 02:10:00.0;0,00
PATO BRANCO;411850101A;PR;São João;-26,234;-52,713;2025-03-30 03:10:00.0;0,00
PATO BRANCO;411850101A;PR;São João;-26,234;-52,713;2025-03-30 04:10:00.0;0,00
PATO BRANCO;411850101A;PR;São João;-26,234;-52,713;2025-03-30 05:10:00.0;0,00
PATO BRANCO;411850101A;PR;São João;-26,234;-52,713;2025-03-30 06:10:00.0;0,00
PATO BRANCO;411850101A;PR;São João;-26,234;-52,713;2025-03-30 07:10:00.0;0,00
PATO BRANCO;411850101A;PR;São João;-26,234;-52,713;2025-03-30 11:50:00.0;0,00
PATO BRANCO;411850101A;PR;São João;-26,234;-52,713;2025-03-30 12:10:00.0;0,00
PATO BRANCO;411850101A;PR;São João;-26,234;-52,713;2025-03-30 13:10:00.0;0,00
PATO BRANCO;411850101A;PR;São João;-26,234;-52,713;2025-03-30 14:10:00.0;0,00
PATO BRANCO;411850101A;PR;São João;-26,234;-52,713;2025-03-30 15:10:00.0;0,00
PATO BRANCO;411850101A;PR;São João;-26,234;-52,713;2025-03-30 16:10:00.0;0,00
PATO BRANCO;411850101A;PR;São João;-26,234;-52,713;2025-03-30 17:10:00.0;0,00
PATO BRANCO;411850101A;PR;São João;-26,234;-52,713;2025-03-30 18:10:00.0;0,00
PATO BRANCO;411850101A;PR;São João;-26,234;-52,713;2025-03-30 19:10:00.0;0,00
PATO BRANCO;411850101A;PR;São João;-26,234;-52,713;2025-03-30 20:10:00.0;0,00
PATO BRANCO;411850101A;PR;São João;-26,234;-52,713;2025-03-30 21:10:00.0;0,00
PATO BRANCO;411850101A;PR;São João;-26,234;-52,713;2025-03-30 22:10:00.0;0,00
PATO BRANCO;411850101A;PR;São João;-26,234;-52,713;2025-03-30 23:10:00.0;0,00
PATO BRANCO;411850101A;PR;São João;-26,234;-52,713;2025-03-31 00:10:00.0;0,00
PATO BRANCO;411850101A;PR;São João;-26,234;-52,713;2025-03-31 01:10:00.0;0,00
PATO BRANCO;411850101A;PR;São João;-26,234;-52,713;2025-03-31 02:10:00.0;0,00
PATO BRANCO;411850101A;PR;São João;-26,234;-52,713;2025-03-31 03:10:00.0;0,00
PATO BRANCO;411850101A;PR;São João;-26,234;-52,713;2025-03-31 04:10:00.0;0,00
PATO BRANCO;411850101A;PR;São João;-26,234;-52,713;2025-03-31 05:10:00.0;0,00
PATO BRANCO;411850101A;PR;São João;-26,234;-52,713;2025-03-31 06:10:00.0;0,00
PATO BRANCO;411850101A;PR;São João;-26,234;-52,713;2025-03-31 11:50:00.0;0,00
PATO BRANCO;411850101A;PR;São João;-26,234;-52,713;2025-03-31 12:10:00.0;0,00
PATO BRANCO;411850101A;PR;São João;-26,234;-52,713;2025-03-31 13:10:00.0;0,00
PATO BRANCO;411850101A;PR;São João;-26,234;-52,713;2025-03-31 14:10:00.0;0,00
PATO BRANCO;411850101A;PR;São João;-26,234;-52,713;2025-03-31 15:10:00.0;0,00
PATO BRANCO;411850101A;PR;São João;-26,234;-52,713;2025-03-31 16:10:00.0;0,00
PATO BRANCO;411850101A;PR;São João;-26,234;-52,713;2025-03-31 17:10:00.0;0,00
PATO BRANCO;411850101A;PR;São João;-26,234;-52,713;2025-03-31 18:10:00.0;0,00
PATO BRANCO;411850101A;PR;São João;-26,234;-52,713;2025-03-31 18:40:00.0;0,20
PATO BRANCO;411850101A;PR;São João;-26,234;-52,713;2025-03-31 19:10:00.0;0,00
PATO BRANCO;411850101A;PR;São João;-26,234;-52,713;2025-03-31 20:10:00.0;0,00
PATO BRANCO;411850101A;PR;São João;-26,234;-52,713;2025-03-31 21:10:00.0;0,00
PATO BRANCO;411850101A;PR;São João;-26,234;-52,713;2025-03-31 22:10:00.0;0,00
PATO BRANCO;411850101A;PR;São João;-26,234;-52,713;2025-03-31 23:10:00.0;0,00
PATO BRANCO;411850102A;PR;Alvorada;-26,267;-52,683;2025-03-01 00:10:00.0;0,00
PATO BRANCO;411850102A;PR;Alvorada;-26,267;-52,683;2025-03-01 01:10:00.0;0,00
PATO BRANCO;411850102A;PR;Alvorada;-26,267;-52,683;2025-03-01 02:10:00.0;0,00
PATO BRANCO;411850102A;PR;Alvorada;-26,267;-52,683;2025-03-01 03:10:00.0;0,00
PATO BRANCO;411850102A;PR;Alvorada;-26,267;-52,683;2025-03-01 04:10:00.0;0,00
PATO BRANCO;411850102A;PR;Alvorada;-26,267;-52,683;2025-03-01 05:10:00.0;0,00
PATO BRANCO;411850102A;PR;Alvorada;-26,267;-52,683;2025-03-01 06:10:00.0;0,00
PATO BRANCO;411850102A;PR;Alvorada;-26,267;-52,683;2025-03-01 07:10:00.0;0,00
PATO BRANCO;411850102A;PR;Alvorada;-26,267;-52,683;2025-03-01 08:10:00.0;0,00
PATO BRANCO;411850102A;PR;Alvorada;-26,267;-52,683;2025-03-01 09:10:00.0;0,00
PATO BRANCO;411850102A;PR;Alvorada;-26,267;-52,683;2025-03-01 10:10:00.0;0,00
PATO BRANCO;411850102A;PR;Alvorada;-26,267;-52,683;2025-03-01 11:10:00.0;0,00
PATO BRANCO;411850102A;PR;Alvorada;-26,267;-52,683;2025-03-01 12:10:00.0;0,00
PATO BRANCO;411850102A;PR;Alvorada;-26,267;-52,683;2025-03-01 13:10:00.0;0,00
PATO BRANCO;411850102A;PR;Alvorada;-26,267;-52,683;2025-03-01 14:10:00.0;0,00
PATO BRANCO;411850102A;PR;Alvorada;-26,267;-52,683;2025-03-01 15:10:00.0;0,00
PATO BRANCO;411850102A;PR;Alvorada;-26,267;-52,683;2025-03-01 16:10:00.0;0,00
PATO BRANCO;411850102A;PR;Alvorada;-26,267;-52,683;2025-03-01 17:10:00.0;0,00
PATO BRANCO;411850102A;PR;Alvorada;-26,267;-52,683;2025-03-01 18:10:00.0;0,00
PATO BRANCO;411850102A;PR;Alvorada;-26,267;-52,683;2025-03-01 19:10:00.0;0,00
PATO BRANCO;411850102A;PR;Alvorada;-26,267;-52,683;2025-03-01 20:10:00.0;0,00
PATO BRANCO;411850102A;PR;Alvorada;-26,267;-52,683;2025-03-01 21:10:00.0;0,00
PATO BRANCO;411850102A;PR;Alvorada;-26,267;-52,683;2025-03-01 22:10:00.0;0,00
PATO BRANCO;411850102A;PR;Alvorada;-26,267;-52,683;2025-03-01 23:10:00.0;0,00
PATO BRANCO;411850102A;PR;Alvorada;-26,267;-52,683;2025-03-02 00:10:00.0;0,00
PATO BRANCO;411850102A;PR;Alvorada;-26,267;-52,683;2025-03-02 01:10:00.0;0,00
PATO BRANCO;411850102A;PR;Alvorada;-26,267;-52,683;2025-03-02 02:10:00.0;0,00
PATO BRANCO;411850102A;PR;Alvorada;-26,267;-52,683;2025-03-02 03:10:00.0;0,00
PATO BRANCO;411850102A;PR;Alvorada;-26,267;-52,683;2025-03-02 04:10:00.0;0,00
PATO BRANCO;411850102A;PR;Alvorada;-26,267;-52,683;2025-03-02 05:10:00.0;0,00
PATO BRANCO;411850102A;PR;Alvorada;-26,267;-52,683;2025-03-02 06:10:00.0;0,00
PATO BRANCO;411850102A;PR;Alvorada;-26,267;-52,683;2025-03-02 07:10:00.0;0,00
PATO BRANCO;411850102A;PR;Alvorada;-26,267;-52,683;2025-03-02 08:10:00.0;0,00
PATO BRANCO;411850102A;PR;Alvorada;-26,267;-52,683;2025-03-02 09:10:00.0;0,00
PATO BRANCO;411850102A;PR;Alvorada;-26,267;-52,683;2025-03-02 10:10:00.0;0,00
PATO BRANCO;411850102A;PR;Alvorada;-26,267;-52,683;2025-03-02 11:10:00.0;0,00
PATO BRANCO;411850102A;PR;Alvorada;-26,267;-52,683;2025-03-02 12:10:00.0;0,00
PATO BRANCO;411850102A;PR;Alvorada;-26,267;-52,683;2025-03-02 13:10:00.0;0,00
PATO BRANCO;411850102A;PR;Alvorada;-26,267;-52,683;2025-03-02 14:10:00.0;0,00
PATO BRANCO;411850102A;PR;Alvorada;-26,267;-52,683;2025-03-02 15:10:00.0;0,00
PATO BRANCO;411850102A;PR;Alvorada;-26,267;-52,683;2025-03-02 16:10:00.0;0,00
PATO BRANCO;411850102A;PR;Alvorada;-26,267;-52,683;2025-03-02 17:10:00.0;0,00
PATO BRANCO;411850102A;PR;Alvorada;-26,267;-52,683;2025-03-02 18:10:00.0;0,00
PATO BRANCO;411850102A;PR;Alvorada;-26,267;-52,683;2025-03-02 19:10:00.0;0,00
PATO BRANCO;411850102A;PR;Alvorada;-26,267;-52,683;2025-03-02 20:10:00.0;0,00
PATO BRANCO;411850102A;PR;Alvorada;-26,267;-52,683;2025-03-02 21:10:00.0;0,00
PATO BRANCO;411850102A;PR;Alvorada;-26,267;-52,683;2025-03-02 22:10:00.0;0,00
PATO BRANCO;411850102A;PR;Alvorada;-26,267;-52,683;2025-03-02 23:10:00.0;0,00
PATO BRANCO;411850102A;PR;Alvorada;-26,267;-52,683;2025-03-03 00:10:00.0;0,00
PATO BRANCO;411850102A;PR;Alvorada;-26,267;-52,683;2025-03-03 01:10:00.0;0,00
PATO BRANCO;411850102A;PR;Alvorada;-26,267;-52,683;2025-03-03 02:10:00.0;0,00
PATO BRANCO;411850102A;PR;Alvorada;-26,267;-52,683;2025-03-03 03:10:00.0;0,00
PATO BRANCO;411850102A;PR;Alvorada;-26,267;-52,683;2025-03-03 04:10:00.0;0,00
PATO BRANCO;411850102A;PR;Alvorada;-26,267;-52,683;2025-03-03 05:10:00.0;0,00
PATO BRANCO;411850102A;PR;Alvorada;-26,267;-52,683;2025-03-03 06:10:00.0;0,00
PATO BRANCO;411850102A;PR;Alvorada;-26,267;-52,683;2025-03-03 07:10:00.0;0,00
PATO BRANCO;411850102A;PR;Alvorada;-26,267;-52,683;2025-03-03 08:10:00.0;0,00
PATO BRANCO;411850102A;PR;Alvorada;-26,267;-52,683;2025-03-03 09:10:00.0;0,00
PATO BRANCO;411850102A;PR;Alvorada;-26,267;-52,683;2025-03-03 10:10:00.0;0,00
PATO BRANCO;411850102A;PR;Alvorada;-26,267;-52,683;2025-03-03 11:10:00.0;0,00
PATO BRANCO;411850102A;PR;Alvorada;-26,267;-52,683;2025-03-03 12:10:00.0;0,00
PATO BRANCO;411850102A;PR;Alvorada;-26,267;-52,683;2025-03-03 13:10:00.0;0,00
PATO BRANCO;411850102A;PR;Alvorada;-26,267;-52,683;2025-03-03 14:10:00.0;0,00
PATO BRANCO;411850102A;PR;Alvorada;-26,267;-52,683;2025-03-03 15:10:00.0;0,00
PATO BRANCO;411850102A;PR;Alvorada;-26,267;-52,683;2025-03-03 16:10:00.0;0,00
PATO BRANCO;411850102A;PR;Alvorada;-26,267;-52,683;2025-03-03 17:10:00.0;0,00
PATO BRANCO;411850102A;PR;Alvorada;-26,267;-52,683;2025-03-03 18:10:00.0;0,00
PATO BRANCO;411850102A;PR;Alvorada;-26,267;-52,683;2025-03-03 19:10:00.0;0,00
PATO BRANCO;411850102A;PR;Alvorada;-26,267;-52,683;2025-03-03 20:10:00.0;0,00
PATO BRANCO;411850102A;PR;Alvorada;-26,267;-52,683;2025-03-03 21:10:00.0;0,00
PATO BRANCO;411850102A;PR;Alvorada;-26,267;-52,683;2025-03-03 22:10:00.0;0,00
PATO BRANCO;411850102A;PR;Alvorada;-26,267;-52,683;2025-03-03 23:10:00.0;0,00
PATO BRANCO;411850102A;PR;Alvorada;-26,267;-52,683;2025-03-04 00:10:00.0;0,00
PATO BRANCO;411850102A;PR;Alvorada;-26,267;-52,683;2025-03-04 01:10:00.0;0,00
PATO BRANCO;411850102A;PR;Alvorada;-26,267;-52,683;2025-03-04 02:10:00.0;0,00
PATO BRANCO;411850102A;PR;Alvorada;-26,267;-52,683;2025-03-04 03:10:00.0;0,00
PATO BRANCO;411850102A;PR;Alvorada;-26,267;-52,683;2025-03-04 04:10:00.0;0,00
PATO BRANCO;411850102A;PR;Alvorada;-26,267;-52,683;2025-03-04 05:10:00.0;0,00
PATO BRANCO;411850102A;PR;Alvorada;-26,267;-52,683;2025-03-04 06:10:00.0;0,00
PATO BRANCO;411850102A;PR;Alvorada;-26,267;-52,683;2025-03-04 07:10:00.0;0,00
PATO BRANCO;411850102A;PR;Alvorada;-26,267;-52,683;2025-03-04 08:10:00.0;0,00
PATO BRANCO;411850102A;PR;Alvorada;-26,267;-52,683;2025-03-04 09:10:00.0;0,00
PATO BRANCO;411850102A;PR;Alvorada;-26,267;-52,683;2025-03-04 10:10:00.0;0,00
PATO BRANCO;411850102A;PR;Alvorada;-26,267;-52,683;2025-03-04 11:10:00.0;0,00
PATO BRANCO;411850102A;PR;Alvorada;-26,267;-52,683;2025-03-04 12:10:00.0;0,00
PATO BRANCO;411850102A;PR;Alvorada;-26,267;-52,683;2025-03-04 13:10:00.0;0,00
PATO BRANCO;411850102A;PR;Alvorada;-26,267;-52,683;2025-03-04 14:10:00.0;0,00
PATO BRANCO;411850102A;PR;Alvorada;-26,267;-52,683;2025-03-04 15:10:00.0;0,00
PATO BRANCO;411850102A;PR;Alvorada;-26,267;-52,683;2025-03-04 16:10:00.0;0,00
PATO BRANCO;411850102A;PR;Alvorada;-26,267;-52,683;2025-03-04 17:10:00.0;0,00
PATO BRANCO;411850102A;PR;Alvorada;-26,267;-52,683;2025-03-04 18:10:00.0;0,00
PATO BRANCO;411850102A;PR;Alvorada;-26,267;-52,683;2025-03-04 19:10:00.0;0,00
PATO BRANCO;411850102A;PR;Alvorada;-26,267;-52,683;2025-03-04 20:10:00.0;0,00
PATO BRANCO;411850102A;PR;Alvorada;-26,267;-52,683;2025-03-04 21:10:00.0;0,00
PATO BRANCO;411850102A;PR;Alvorada;-26,267;-52,683;2025-03-04 22:10:00.0;0,00
PATO BRANCO;411850102A;PR;Alvorada;-26,267;-52,683;2025-03-04 23:10:00.0;0,00
PATO BRANCO;411850102A;PR;Alvorada;-26,267;-52,683;2025-03-05 00:10:00.0;0,00
PATO BRANCO;411850102A;PR;Alvorada;-26,267;-52,683;2025-03-05 01:10:00.0;0,00
PATO BRANCO;411850102A;PR;Alvorada;-26,267;-52,683;2025-03-05 02:10:00.0;0,00
PATO BRANCO;411850102A;PR;Alvorada;-26,267;-52,683;2025-03-05 03:10:00.0;0,00
PATO BRANCO;411850102A;PR;Alvorada;-26,267;-52,683;2025-03-05 04:10:00.0;0,00
PATO BRANCO;411850102A;PR;Alvorada;-26,267;-52,683;2025-03-05 05:10:00.0;0,00
PATO BRANCO;411850102A;PR;Alvorada;-26,267;-52,683;2025-03-05 06:10:00.0;0,00
PATO BRANCO;411850102A;PR;Alvorada;-26,267;-52,683;2025-03-05 07:10:00.0;0,00
PATO BRANCO;411850102A;PR;Alvorada;-26,267;-52,683;2025-03-05 08:10:00.0;0,00
PATO BRANCO;411850102A;PR;Alvorada;-26,267;-52,683;2025-03-05 09:10:00.0;0,00
PATO BRANCO;411850102A;PR;Alvorada;-26,267;-52,683;2025-03-05 10:10:00.0;0,00
PATO BRANCO;411850102A;PR;Alvorada;-26,267;-52,683;2025-03-05 11:10:00.0;0,00
PATO BRANCO;411850102A;PR;Alvorada;-26,267;-52,683;2025-03-05 12:10:00.0;0,00
PATO BRANCO;411850102A;PR;Alvorada;-26,267;-52,683;2025-03-05 13:10:00.0;0,00
PATO BRANCO;411850102A;PR;Alvorada;-26,267;-52,683;2025-03-05 14:10:00.0;0,00
PATO BRANCO;411850102A;PR;Alvorada;-26,267;-52,683;2025-03-05 15:10:00.0;0,00
PATO BRANCO;411850102A;PR;Alvorada;-26,267;-52,683;2025-03-05 16:10:00.0;0,00
PATO BRANCO;411850102A;PR;Alvorada;-26,267;-52,683;2025-03-05 17:10:00.0;0,00
PATO BRANCO;411850102A;PR;Alvorada;-26,267;-52,683;2025-03-05 18:10:00.0;0,00
PATO BRANCO;411850102A;PR;Alvorada;-26,267;-52,683;2025-03-05 19:10:00.0;0,00
PATO BRANCO;411850102A;PR;Alvorada;-26,267;-52,683;2025-03-05 20:10:00.0;0,00
PATO BRANCO;411850102A;PR;Alvorada;-26,267;-52,683;2025-03-05 21:10:00.0;0,00
PATO BRANCO;411850102A;PR;Alvorada;-26,267;-52,683;2025-03-05 22:10:00.0;0,20
PATO BRANCO;411850102A;PR;Alvorada;-26,267;-52,683;2025-03-05 22:20:00.0;0,59
PATO BRANCO;411850102A;PR;Alvorada;-26,267;-52,683;2025-03-05 22:30:00.0;0,59
PATO BRANCO;411850102A;PR;Alvorada;-26,267;-52,683;2025-03-05 22:40:00.0;0,20
PATO BRANCO;411850102A;PR;Alvorada;-26,267;-52,683;2025-03-05 22:50:00.0;0,39
PATO BRANCO;411850102A;PR;Alvorada;-26,267;-52,683;2025-03-05 23:10:00.0;0,00
PATO BRANCO;411850102A;PR;Alvorada;-26,267;-52,683;2025-03-06 00:10:00.0;0,00
PATO BRANCO;411850102A;PR;Alvorada;-26,267;-52,683;2025-03-06 01:10:00.0;0,00
PATO BRANCO;411850102A;PR;Alvorada;-26,267;-52,683;2025-03-06 02:10:00.0;0,00
PATO BRANCO;411850102A;PR;Alvorada;-26,267;-52,683;2025-03-06 03:10:00.0;0,00
PATO BRANCO;411850102A;PR;Alvorada;-26,267;-52,683;2025-03-06 04:10:00.0;0,00
PATO BRANCO;411850102A;PR;Alvorada;-26,267;-52,683;2025-03-06 05:10:00.0;0,00
PATO BRANCO;411850102A;PR;Alvorada;-26,267;-52,683;2025-03-06 06:00:00.0;0,20
PATO BRANCO;411850102A;PR;Alvorada;-26,267;-52,683;2025-03-06 06:10:00.0;0,00
PATO BRANCO;411850102A;PR;Alvorada;-26,267;-52,683;2025-03-06 07:10:00.0;0,00
PATO BRANCO;411850102A;PR;Alvorada;-26,267;-52,683;2025-03-06 09:10:00.0;0,00
PATO BRANCO;411850102A;PR;Alvorada;-26,267;-52,683;2025-03-06 10:10:00.0;0,00
PATO BRANCO;411850102A;PR;Alvorada;-26,267;-52,683;2025-03-06 11:10:00.0;0,00
PATO BRANCO;411850102A;PR;Alvorada;-26,267;-52,683;2025-03-06 12:10:00.0;0,00
PATO BRANCO;411850102A;PR;Alvorada;-26,267;-52,683;2025-03-06 13:10:00.0;0,00
PATO BRANCO;411850102A;PR;Alvorada;-26,267;-52,683;2025-03-06 14:10:00.0;0,00
PATO BRANCO;411850102A;PR;Alvorada;-26,267;-52,683;2025-03-06 15:10:00.0;0,00
PATO BRANCO;411850102A;PR;Alvorada;-26,267;-52,683;2025-03-06 16:10:00.0;0,00
PATO BRANCO;411850102A;PR;Alvorada;-26,267;-52,683;2025-03-06 17:10:00.0;0,00
PATO BRANCO;411850102A;PR;Alvorada;-26,267;-52,683;2025-03-06 18:10:00.0;0,00
PATO BRANCO;411850102A;PR;Alvorada;-26,267;-52,683;2025-03-06 19:10:00.0;0,00
PATO BRANCO;411850102A;PR;Alvorada;-26,267;-52,683;2025-03-06 20:10:00.0;0,00
PATO BRANCO;411850102A;PR;Alvorada;-26,267;-52,683;2025-03-06 21:10:00.0;0,00
PATO BRANCO;411850102A;PR;Alvorada;-26,267;-52,683;2025-03-06 22:10:00.0;0,00
PATO BRANCO;411850102A;PR;Alvorada;-26,267;-52,683;2025-03-06 23:10:00.0;0,00
PATO BRANCO;411850102A;PR;Alvorada;-26,267;-52,683;2025-03-07 00:10:00.0;0,00
PATO BRANCO;411850102A;PR;Alvorada;-26,267;-52,683;2025-03-07 01:10:00.0;0,00
PATO BRANCO;411850102A;PR;Alvorada;-26,267;-52,683;2025-03-07 02:10:00.0;0,00
PATO BRANCO;411850102A;PR;Alvorada;-26,267;-52,683;2025-03-07 03:10:00.0;0,00
PATO BRANCO;411850102A;PR;Alvorada;-26,267;-52,683;2025-03-07 04:10:00.0;0,00
PATO BRANCO;411850102A;PR;Alvorada;-26,267;-52,683;2025-03-07 05:10:00.0;0,00
PATO BRANCO;411850102A;PR;Alvorada;-26,267;-52,683;2025-03-07 06:10:00.0;0,00
PATO BRANCO;411850102A;PR;Alvorada;-26,267;-52,683;2025-03-07 07:10:00.0;0,00
PATO BRANCO;411850102A;PR;Alvorada;-26,267;-52,683;2025-03-07 08:10:00.0;0,00
PATO BRANCO;411850102A;PR;Alvorada;-26,267;-52,683;2025-03-07 09:10:00.0;0,00
PATO BRANCO;411850102A;PR;Alvorada;-26,267;-52,683;2025-03-07 10:10:00.0;0,00
PATO BRANCO;411850102A;PR;Alvorada;-26,267;-52,683;2025-03-07 11:10:00.0;0,00
PATO BRANCO;411850102A;PR;Alvorada;-26,267;-52,683;2025-03-07 12:10:00.0;0,00
PATO BRANCO;411850102A;PR;Alvorada;-26,267;-52,683;2025-03-07 13:10:00.0;0,00
PATO BRANCO;411850102A;PR;Alvorada;-26,267;-52,683;2025-03-07 14:10:00.0;0,00
PATO BRANCO;411850102A;PR;Alvorada;-26,267;-52,683;2025-03-07 15:10:00.0;0,00
PATO BRANCO;411850102A;PR;Alvorada;-26,267;-52,683;2025-03-07 16:10:00.0;0,00
PATO BRANCO;411850102A;PR;Alvorada;-26,267;-52,683;2025-03-07 17:10:00.0;0,00
PATO BRANCO;411850102A;PR;Alvorada;-26,267;-52,683;2025-03-07 18:10:00.0;0,00
PATO BRANCO;411850102A;PR;Alvorada;-26,267;-52,683;2025-03-07 19:10:00.0;0,00
PATO BRANCO;411850102A;PR;Alvorada;-26,267;-52,683;2025-03-07 20:10:00.0;0,00
PATO BRANCO;411850102A;PR;Alvorada;-26,267;-52,683;2025-03-07 21:10:00.0;0,00
PATO BRANCO;411850102A;PR;Alvorada;-26,267;-52,683;2025-03-07 22:10:00.0;0,00
PATO BRANCO;411850102A;PR;Alvorada;-26,267;-52,683;2025-03-07 23:10:00.0;0,00
PATO BRANCO;411850102A;PR;Alvorada;-26,267;-52,683;2025-03-08 00:10:00.0;0,00
PATO BRANCO;411850102A;PR;Alvorada;-26,267;-52,683;2025-03-08 01:10:00.0;0,00
PATO BRANCO;411850102A;PR;Alvorada;-26,267;-52,683;2025-03-08 02:10:00.0;0,00
PATO BRANCO;411850102A;PR;Alvorada;-26,267;-52,683;2025-03-08 03:10:00.0;0,00
PATO BRANCO;411850102A;PR;Alvorada;-26,267;-52,683;2025-03-08 04:10:00.0;0,00
PATO BRANCO;411850102A;PR;Alvorada;-26,267;-52,683;2025-03-08 05:10:00.0;0,00
PATO BRANCO;411850102A;PR;Alvorada;-26,267;-52,683;2025-03-08 06:10:00.0;0,00
PATO BRANCO;411850102A;PR;Alvorada;-26,267;-52,683;2025-03-08 07:10:00.0;0,00
PATO BRANCO;411850102A;PR;Alvorada;-26,267;-52,683;2025-03-08 08:10:00.0;0,00
PATO BRANCO;411850102A;PR;Alvorada;-26,267;-52,683;2025-03-08 09:10:00.0;0,00
PATO BRANCO;411850102A;PR;Alvorada;-26,267;-52,683;2025-03-08 10:10:00.0;0,00
PATO BRANCO;411850102A;PR;Alvorada;-26,267;-52,683;2025-03-08 11:10:00.0;0,00
PATO BRANCO;411850102A;PR;Alvorada;-26,267;-52,683;2025-03-08 12:10:00.0;0,00
PATO BRANCO;411850102A;PR;Alvorada;-26,267;-52,683;2025-03-08 13:10:00.0;0,00
PATO BRANCO;411850102A;PR;Alvorada;-26,267;-52,683;2025-03-08 14:10:00.0;0,00
PATO BRANCO;411850102A;PR;Alvorada;-26,267;-52,683;2025-03-08 15:10:00.0;0,00
PATO BRANCO;411850102A;PR;Alvorada;-26,267;-52,683;2025-03-08 16:10:00.0;0,00
PATO BRANCO;411850102A;PR;Alvorada;-26,267;-52,683;2025-03-08 17:10:00.0;0,00
PATO BRANCO;411850102A;PR;Alvorada;-26,267;-52,683;2025-03-08 18:10:00.0;0,00
PATO BRANCO;411850102A;PR;Alvorada;-26,267;-52,683;2025-03-08 19:10:00.0;0,00
PATO BRANCO;411850102A;PR;Alvorada;-26,267;-52,683;2025-03-08 20:10:00.0;0,00
PATO BRANCO;411850102A;PR;Alvorada;-26,267;-52,683;2025-03-08 21:10:00.0;0,00
PATO BRANCO;411850102A;PR;Alvorada;-26,267;-52,683;2025-03-08 22:10:00.0;0,00
PATO BRANCO;411850102A;PR;Alvorada;-26,267;-52,683;2025-03-08 23:10:00.0;0,00
PATO BRANCO;411850102A;PR;Alvorada;-26,267;-52,683;2025-03-09 00:10:00.0;0,00
PATO BRANCO;411850102A;PR;Alvorada;-26,267;-52,683;2025-03-09 01:10:00.0;0,00
PATO BRANCO;411850102A;PR;Alvorada;-26,267;-52,683;2025-03-09 02:10:00.0;0,00
PATO BRANCO;411850102A;PR;Alvorada;-26,267;-52,683;2025-03-09 03:10:00.0;0,00
PATO BRANCO;411850102A;PR;Alvorada;-26,267;-52,683;2025-03-09 04:10:00.0;0,00
PATO BRANCO;411850102A;PR;Alvorada;-26,267;-52,683;2025-03-09 05:10:00.0;0,00
PATO BRANCO;411850102A;PR;Alvorada;-26,267;-52,683;2025-03-09 06:10:00.0;0,00
PATO BRANCO;411850102A;PR;Alvorada;-26,267;-52,683;2025-03-09 07:10:00.0;0,00
PATO BRANCO;411850102A;PR;Alvorada;-26,267;-52,683;2025-03-09 08:10:00.0;0,00
PATO BRANCO;411850102A;PR;Alvorada;-26,267;-52,683;2025-03-09 09:10:00.0;0,00
PATO BRANCO;411850102A;PR;Alvorada;-26,267;-52,683;2025-03-09 10:10:00.0;0,00
PATO BRANCO;411850102A;PR;Alvorada;-26,267;-52,683;2025-03-09 11:10:00.0;0,00
PATO BRANCO;411850102A;PR;Alvorada;-26,267;-52,683;2025-03-09 12:10:00.0;0,00
PATO BRANCO;411850102A;PR;Alvorada;-26,267;-52,683;2025-03-09 13:10:00.0;0,00
PATO BRANCO;411850102A;PR;Alvorada;-26,267;-52,683;2025-03-09 14:10:00.0;0,00
PATO BRANCO;411850102A;PR;Alvorada;-26,267;-52,683;2025-03-09 15:10:00.0;0,00
PATO BRANCO;411850102A;PR;Alvorada;-26,267;-52,683;2025-03-09 16:10:00.0;0,00
PATO BRANCO;411850102A;PR;Alvorada;-26,267;-52,683;2025-03-09 17:10:00.0;0,00
PATO BRANCO;411850102A;PR;Alvorada;-26,267;-52,683;2025-03-09 18:10:00.0;0,00
PATO BRANCO;411850102A;PR;Alvorada;-26,267;-52,683;2025-03-09 19:10:00.0;0,00
PATO BRANCO;411850102A;PR;Alvorada;-26,267;-52,683;2025-03-09 20:10:00.0;0,00
PATO BRANCO;411850102A;PR;Alvorada;-26,267;-52,683;2025-03-09 21:10:00.0;0,00
PATO BRANCO;411850102A;PR;Alvorada;-26,267;-52,683;2025-03-09 22:10:00.0;0,00
PATO BRANCO;411850102A;PR;Alvorada;-26,267;-52,683;2025-03-09 23:10:00.0;0,00
PATO BRANCO;411850102A;PR;Alvorada;-26,267;-52,683;2025-03-10 00:10:00.0;0,00
PATO BRANCO;411850102A;PR;Alvorada;-26,267;-52,683;2025-03-10 01:10:00.0;0,00
PATO BRANCO;411850102A;PR;Alvorada;-26,267;-52,683;2025-03-10 02:10:00.0;0,00
PATO BRANCO;411850102A;PR;Alvorada;-26,267;-52,683;2025-03-10 03:10:00.0;0,00
PATO BRANCO;411850102A;PR;Alvorada;-26,267;-52,683;2025-03-10 04:10:00.0;0,00
PATO BRANCO;411850102A;PR;Alvorada;-26,267;-52,683;2025-03-10 05:10:00.0;0,00
PATO BRANCO;411850102A;PR;Alvorada;-26,267;-52,683;2025-03-10 06:10:00.0;0,00
PATO BRANCO;411850102A;PR;Alvorada;-26,267;-52,683;2025-03-10 07:10:00.0;0,00
PATO BRANCO;411850102A;PR;Alvorada;-26,267;-52,683;2025-03-10 08:10:00.0;0,00
PATO BRANCO;411850102A;PR;Alvorada;-26,267;-52,683;2025-03-10 09:10:00.0;0,00
PATO BRANCO;411850102A;PR;Alvorada;-26,267;-52,683;2025-03-10 10:10:00.0;0,00
PATO BRANCO;411850102A;PR;Alvorada;-26,267;-52,683;2025-03-10 11:10:00.0;0,00
PATO BRANCO;411850102A;PR;Alvorada;-26,267;-52,683;2025-03-10 12:10:00.0;0,00
PATO BRANCO;411850102A;PR;Alvorada;-26,267;-52,683;2025-03-10 13:10:00.0;0,00
PATO BRANCO;411850102A;PR;Alvorada;-26,267;-52,683;2025-03-10 14:10:00.0;0,00
PATO BRANCO;411850102A;PR;Alvorada;-26,267;-52,683;2025-03-10 15:10:00.0;0,00
PATO BRANCO;411850102A;PR;Alvorada;-26,267;-52,683;2025-03-10 16:10:00.0;0,00
PATO BRANCO;411850102A;PR;Alvorada;-26,267;-52,683;2025-03-10 17:10:00.0;0,00
PATO BRANCO;411850102A;PR;Alvorada;-26,267;-52,683;2025-03-10 18:10:00.0;0,00
PATO BRANCO;411850102A;PR;Alvorada;-26,267;-52,683;2025-03-10 19:10:00.0;0,00
PATO BRANCO;411850102A;PR;Alvorada;-26,267;-52,683;2025-03-10 20:10:00.0;0,00
PATO BRANCO;411850102A;PR;Alvorada;-26,267;-52,683;2025-03-10 21:10:00.0;0,00
PATO BRANCO;411850102A;PR;Alvorada;-26,267;-52,683;2025-03-10 22:10:00.0;0,00
PATO BRANCO;411850102A;PR;Alvorada;-26,267;-52,683;2025-03-10 23:10:00.0;0,00
PATO BRANCO;411850102A;PR;Alvorada;-26,267;-52,683;2025-03-11 00:10:00.0;0,00
PATO BRANCO;411850102A;PR;Alvorada;-26,267;-52,683;2025-03-11 01:10:00.0;0,00
PATO BRANCO;411850102A;PR;Alvorada;-26,267;-52,683;2025-03-11 02:10:00.0;0,00
PATO BRANCO;411850102A;PR;Alvorada;-26,267;-52,683;2025-03-11 03:10:00.0;0,00
PATO BRANCO;411850102A;PR;Alvorada;-26,267;-52,683;2025-03-11 04:10:00.0;0,00
PATO BRANCO;411850102A;PR;Alvorada;-26,267;-52,683;2025-03-11 05:10:00.0;0,00
PATO BRANCO;411850102A;PR;Alvorada;-26,267;-52,683;2025-03-11 06:10:00.0;0,00
PATO BRANCO;411850102A;PR;Alvorada;-26,267;-52,683;2025-03-11 07:10:00.0;0,00
PATO BRANCO;411850102A;PR;Alvorada;-26,267;-52,683;2025-03-11 08:10:00.0;0,00
PATO BRANCO;411850102A;PR;Alvorada;-26,267;-52,683;2025-03-11 09:10:00.0;0,00
PATO BRANCO;411850102A;PR;Alvorada;-26,267;-52,683;2025-03-11 10:10:00.0;0,00
PATO BRANCO;411850102A;PR;Alvorada;-26,267;-52,683;2025-03-11 11:10:00.0;0,00
PATO BRANCO;411850102A;PR;Alvorada;-26,267;-52,683;2025-03-11 12:10:00.0;0,00
PATO BRANCO;411850102A;PR;Alvorada;-26,267;-52,683;2025-03-11 12:20:00.0;0,20
PATO BRANCO;411850102A;PR;Alvorada;-26,267;-52,683;2025-03-11 12:30:00.0;0,42
PATO BRANCO;411850102A;PR;Alvorada;-26,267;-52,683;2025-03-11 13:10:00.0;0,00
PATO BRANCO;411850102A;PR;Alvorada;-26,267;-52,683;2025-03-11 13:50:00.0;0,42
PATO BRANCO;411850102A;PR;Alvorada;-26,267;-52,683;2025-03-11 14:00:00.0;0,42
PATO BRANCO;411850102A;PR;Alvorada;-26,267;-52,683;2025-03-11 14:10:00.0;4,13
PATO BRANCO;411850102A;PR;Alvorada;-26,267;-52,683;2025-03-11 14:20:00.0;1,18
PATO BRANCO;411850102A;PR;Alvorada;-26,267;-52,683;2025-03-11 14:30:00.0;0,39
PATO BRANCO;411850102A;PR;Alvorada;-26,267;-52,683;2025-03-11 14:40:00.0;0,20
PATO BRANCO;411850102A;PR;Alvorada;-26,267;-52,683;2025-03-11 14:50:00.0;0,20
PATO BRANCO;411850102A;PR;Alvorada;-26,267;-52,683;2025-03-11 15:10:00.0;0,00
PATO BRANCO;411850102A;PR;Alvorada;-26,267;-52,683;2025-03-11 16:10:00.0;0,00
PATO BRANCO;411850102A;PR;Alvorada;-26,267;-52,683;2025-03-11 17:10:00.0;0,00
PATO BRANCO;411850102A;PR;Alvorada;-26,267;-52,683;2025-03-11 18:10:00.0;0,00
PATO BRANCO;411850102A;PR;Alvorada;-26,267;-52,683;2025-03-11 19:10:00.0;0,00
PATO BRANCO;411850102A;PR;Alvorada;-26,267;-52,683;2025-03-11 20:10:00.0;0,20
PATO BRANCO;411850102A;PR;Alvorada;-26,267;-52,683;2025-03-11 20:40:00.0;0,20
PATO BRANCO;411850102A;PR;Alvorada;-26,267;-52,683;2025-03-11 21:10:00.0;0,00
PATO BRANCO;411850102A;PR;Alvorada;-26,267;-52,683;2025-03-11 22:10:00.0;0,00
PATO BRANCO;411850102A;PR;Alvorada;-26,267;-52,683;2025-03-11 23:10:00.0;0,00
PATO BRANCO;411850102A;PR;Alvorada;-26,267;-52,683;2025-03-12 00:10:00.0;0,00
PATO BRANCO;411850102A;PR;Alvorada;-26,267;-52,683;2025-03-12 01:10:00.0;0,00
PATO BRANCO;411850102A;PR;Alvorada;-26,267;-52,683;2025-03-12 02:10:00.0;0,00
PATO BRANCO;411850102A;PR;Alvorada;-26,267;-52,683;2025-03-12 03:10:00.0;0,00
PATO BRANCO;411850102A;PR;Alvorada;-26,267;-52,683;2025-03-12 04:10:00.0;0,00
PATO BRANCO;411850102A;PR;Alvorada;-26,267;-52,683;2025-03-12 05:10:00.0;0,00
PATO BRANCO;411850102A;PR;Alvorada;-26,267;-52,683;2025-03-12 06:10:00.0;0,00
PATO BRANCO;411850102A;PR;Alvorada;-26,267;-52,683;2025-03-12 06:40:00.0;0,20
PATO BRANCO;411850102A;PR;Alvorada;-26,267;-52,683;2025-03-12 07:10:00.0;0,00
PATO BRANCO;411850102A;PR;Alvorada;-26,267;-52,683;2025-03-12 08:10:00.0;0,00
PATO BRANCO;411850102A;PR;Alvorada;-26,267;-52,683;2025-03-12 09:10:00.0;0,00
PATO BRANCO;411850102A;PR;Alvorada;-26,267;-52,683;2025-03-12 10:10:00.0;0,00
PATO BRANCO;411850102A;PR;Alvorada;-26,267;-52,683;2025-03-12 11:10:00.0;0,00
PATO BRANCO;411850102A;PR;Alvorada;-26,267;-52,683;2025-03-12 12:10:00.0;0,00
PATO BRANCO;411850102A;PR;Alvorada;-26,267;-52,683;2025-03-12 13:10:00.0;0,00
PATO BRANCO;411850102A;PR;Alvorada;-26,267;-52,683;2025-03-12 14:10:00.0;0,00
PATO BRANCO;411850102A;PR;Alvorada;-26,267;-52,683;2025-03-12 15:10:00.0;0,00
PATO BRANCO;411850102A;PR;Alvorada;-26,267;-52,683;2025-03-12 16:10:00.0;0,00
PATO BRANCO;411850102A;PR;Alvorada;-26,267;-52,683;2025-03-12 17:10:00.0;0,00
PATO BRANCO;411850102A;PR;Alvorada;-26,267;-52,683;2025-03-12 18:10:00.0;0,00
PATO BRANCO;411850102A;PR;Alvorada;-26,267;-52,683;2025-03-12 19:10:00.0;0,00
PATO BRANCO;411850102A;PR;Alvorada;-26,267;-52,683;2025-03-12 21:10:00.0;0,00
PATO BRANCO;411850102A;PR;Alvorada;-26,267;-52,683;2025-03-12 22:10:00.0;0,00
PATO BRANCO;411850102A;PR;Alvorada;-26,267;-52,683;2025-03-12 23:10:00.0;0,00
PATO BRANCO;411850102A;PR;Alvorada;-26,267;-52,683;2025-03-13 00:10:00.0;0,00
PATO BRANCO;411850102A;PR;Alvorada;-26,267;-52,683;2025-03-13 01:10:00.0;0,00
PATO BRANCO;411850102A;PR;Alvorada;-26,267;-52,683;2025-03-13 02:10:00.0;0,00
PATO BRANCO;411850102A;PR;Alvorada;-26,267;-52,683;2025-03-13 03:10:00.0;0,00
PATO BRANCO;411850102A;PR;Alvorada;-26,267;-52,683;2025-03-13 04:10:00.0;0,00
PATO BRANCO;411850102A;PR;Alvorada;-26,267;-52,683;2025-03-13 05:10:00.0;0,00
PATO BRANCO;411850102A;PR;Alvorada;-26,267;-52,683;2025-03-13 06:10:00.0;0,00
PATO BRANCO;411850102A;PR;Alvorada;-26,267;-52,683;2025-03-13 07:10:00.0;0,00
PATO BRANCO;411850102A;PR;Alvorada;-26,267;-52,683;2025-03-13 08:10:00.0;0,00
PATO BRANCO;411850102A;PR;Alvorada;-26,267;-52,683;2025-03-13 09:10:00.0;0,00
PATO BRANCO;411850102A;PR;Alvorada;-26,267;-52,683;2025-03-13 10:10:00.0;0,00
PATO BRANCO;411850102A;PR;Alvorada;-26,267;-52,683;2025-03-13 11:10:00.0;0,00
PATO BRANCO;411850102A;PR;Alvorada;-26,267;-52,683;2025-03-13 12:10:00.0;0,00
PATO BRANCO;411850102A;PR;Alvorada;-26,267;-52,683;2025-03-13 13:10:00.0;0,00
PATO BRANCO;411850102A;PR;Alvorada;-26,267;-52,683;2025-03-13 14:10:00.0;0,00
PATO BRANCO;411850102A;PR;Alvorada;-26,267;-52,683;2025-03-13 15:10:00.0;0,00
PATO BRANCO;411850102A;PR;Alvorada;-26,267;-52,683;2025-03-13 16:10:00.0;0,00
PATO BRANCO;411850102A;PR;Alvorada;-26,267;-52,683;2025-03-13 17:10:00.0;0,00
PATO BRANCO;411850102A;PR;Alvorada;-26,267;-52,683;2025-03-13 18:10:00.0;0,00
PATO BRANCO;411850102A;PR;Alvorada;-26,267;-52,683;2025-03-13 19:10:00.0;0,00
PATO BRANCO;411850102A;PR;Alvorada;-26,267;-52,683;2025-03-13 20:10:00.0;0,00
PATO BRANCO;411850102A;PR;Alvorada;-26,267;-52,683;2025-03-13 21:10:00.0;0,00
PATO BRANCO;411850102A;PR;Alvorada;-26,267;-52,683;2025-03-13 22:10:00.0;0,00
PATO BRANCO;411850102A;PR;Alvorada;-26,267;-52,683;2025-03-13 23:10:00.0;0,00
PATO BRANCO;411850102A;PR;Alvorada;-26,267;-52,683;2025-03-14 00:10:00.0;0,00
PATO BRANCO;411850102A;PR;Alvorada;-26,267;-52,683;2025-03-14 01:10:00.0;0,00
PATO BRANCO;411850102A;PR;Alvorada;-26,267;-52,683;2025-03-14 02:10:00.0;0,00
PATO BRANCO;411850102A;PR;Alvorada;-26,267;-52,683;2025-03-14 03:10:00.0;0,00
PATO BRANCO;411850102A;PR;Alvorada;-26,267;-52,683;2025-03-14 04:10:00.0;0,00
PATO BRANCO;411850102A;PR;Alvorada;-26,267;-52,683;2025-03-14 05:10:00.0;0,00
PATO BRANCO;411850102A;PR;Alvorada;-26,267;-52,683;2025-03-14 06:10:00.0;0,00
PATO BRANCO;411850102A;PR;Alvorada;-26,267;-52,683;2025-03-14 07:10:00.0;0,00
PATO BRANCO;411850102A;PR;Alvorada;-26,267;-52,683;2025-03-14 08:10:00.0;0,00
PATO BRANCO;411850102A;PR;Alvorada;-26,267;-52,683;2025-03-14 09:10:00.0;0,00
PATO BRANCO;411850102A;PR;Alvorada;-26,267;-52,683;2025-03-14 10:10:00.0;0,00
PATO BRANCO;411850102A;PR;Alvorada;-26,267;-52,683;2025-03-14 11:10:00.0;0,00
PATO BRANCO;411850102A;PR;Alvorada;-26,267;-52,683;2025-03-14 12:10:00.0;0,00
PATO BRANCO;411850102A;PR;Alvorada;-26,267;-52,683;2025-03-14 13:10:00.0;0,00
PATO BRANCO;411850102A;PR;Alvorada;-26,267;-52,683;2025-03-14 14:10:00.0;0,00
PATO BRANCO;411850102A;PR;Alvorada;-26,267;-52,683;2025-03-14 15:10:00.0;0,00
PATO BRANCO;411850102A;PR;Alvorada;-26,267;-52,683;2025-03-14 16:10:00.0;0,00
PATO BRANCO;411850102A;PR;Alvorada;-26,267;-52,683;2025-03-14 17:10:00.0;0,00
PATO BRANCO;411850102A;PR;Alvorada;-26,267;-52,683;2025-03-14 18:10:00.0;0,00
PATO BRANCO;411850102A;PR;Alvorada;-26,267;-52,683;2025-03-14 19:10:00.0;0,00
PATO BRANCO;411850102A;PR;Alvorada;-26,267;-52,683;2025-03-14 20:10:00.0;0,00
PATO BRANCO;411850102A;PR;Alvorada;-26,267;-52,683;2025-03-14 21:10:00.0;0,00
PATO BRANCO;411850102A;PR;Alvorada;-26,267;-52,683;2025-03-14 22:10:00.0;0,00
PATO BRANCO;411850102A;PR;Alvorada;-26,267;-52,683;2025-03-14 23:10:00.0;0,00
PATO BRANCO;411850102A;PR;Alvorada;-26,267;-52,683;2025-03-15 00:10:00.0;0,00
PATO BRANCO;411850102A;PR;Alvorada;-26,267;-52,683;2025-03-15 01:10:00.0;0,00
PATO BRANCO;411850102A;PR;Alvorada;-26,267;-52,683;2025-03-15 02:10:00.0;0,00
PATO BRANCO;411850102A;PR;Alvorada;-26,267;-52,683;2025-03-15 03:10:00.0;0,00
PATO BRANCO;411850102A;PR;Alvorada;-26,267;-52,683;2025-03-15 04:10:00.0;0,00
PATO BRANCO;411850102A;PR;Alvorada;-26,267;-52,683;2025-03-15 05:10:00.0;0,00
PATO BRANCO;411850102A;PR;Alvorada;-26,267;-52,683;2025-03-15 06:10:00.0;0,00
PATO BRANCO;411850102A;PR;Alvorada;-26,267;-52,683;2025-03-15 07:10:00.0;0,00
PATO BRANCO;411850102A;PR;Alvorada;-26,267;-52,683;2025-03-15 08:10:00.0;0,00
PATO BRANCO;411850102A;PR;Alvorada;-26,267;-52,683;2025-03-15 09:10:00.0;0,00
PATO BRANCO;411850102A;PR;Alvorada;-26,267;-52,683;2025-03-15 10:10:00.0;0,00
PATO BRANCO;411850102A;PR;Alvorada;-26,267;-52,683;2025-03-15 11:10:00.0;0,00
PATO BRANCO;411850102A;PR;Alvorada;-26,267;-52,683;2025-03-15 12:10:00.0;0,00
PATO BRANCO;411850102A;PR;Alvorada;-26,267;-52,683;2025-03-15 13:10:00.0;0,00
PATO BRANCO;411850102A;PR;Alvorada;-26,267;-52,683;2025-03-15 13:20:00.0;0,20
PATO BRANCO;411850102A;PR;Alvorada;-26,267;-52,683;2025-03-15 13:50:00.0;0,20
PATO BRANCO;411850102A;PR;Alvorada;-26,267;-52,683;2025-03-15 14:10:00.0;0,00
PATO BRANCO;411850102A;PR;Alvorada;-26,267;-52,683;2025-03-15 15:10:00.0;0,20
PATO BRANCO;411850102A;PR;Alvorada;-26,267;-52,683;2025-03-15 15:30:00.0;0,20
PATO BRANCO;411850102A;PR;Alvorada;-26,267;-52,683;2025-03-15 15:50:00.0;0,20
PATO BRANCO;411850102A;PR;Alvorada;-26,267;-52,683;2025-03-15 16:10:00.0;0,00
PATO BRANCO;411850102A;PR;Alvorada;-26,267;-52,683;2025-03-15 17:10:00.0;0,00
PATO BRANCO;411850102A;PR;Alvorada;-26,267;-52,683;2025-03-15 18:10:00.0;0,00
PATO BRANCO;411850102A;PR;Alvorada;-26,267;-52,683;2025-03-15 19:10:00.0;0,00
PATO BRANCO;411850102A;PR;Alvorada;-26,267;-52,683;2025-03-15 20:10:00.0;0,00
PATO BRANCO;411850102A;PR;Alvorada;-26,267;-52,683;2025-03-15 21:10:00.0;0,00
PATO BRANCO;411850102A;PR;Alvorada;-26,267;-52,683;2025-03-15 21:20:00.0;0,20
PATO BRANCO;411850102A;PR;Alvorada;-26,267;-52,683;2025-03-15 22:10:00.0;0,00
PATO BRANCO;411850102A;PR;Alvorada;-26,267;-52,683;2025-03-15 23:10:00.0;0,00
PATO BRANCO;411850102A;PR;Alvorada;-26,267;-52,683;2025-03-16 00:10:00.0;0,00
PATO BRANCO;411850102A;PR;Alvorada;-26,267;-52,683;2025-03-16 01:10:00.0;0,00
PATO BRANCO;411850102A;PR;Alvorada;-26,267;-52,683;2025-03-16 02:10:00.0;0,00
PATO BRANCO;411850102A;PR;Alvorada;-26,267;-52,683;2025-03-16 03:10:00.0;0,00
PATO BRANCO;411850102A;PR;Alvorada;-26,267;-52,683;2025-03-16 04:10:00.0;0,00
PATO BRANCO;411850102A;PR;Alvorada;-26,267;-52,683;2025-03-16 05:10:00.0;0,00
PATO BRANCO;411850102A;PR;Alvorada;-26,267;-52,683;2025-03-16 06:10:00.0;0,00
PATO BRANCO;411850102A;PR;Alvorada;-26,267;-52,683;2025-03-16 07:10:00.0;0,00
PATO BRANCO;411850102A;PR;Alvorada;-26,267;-52,683;2025-03-16 08:10:00.0;0,00
PATO BRANCO;411850102A;PR;Alvorada;-26,267;-52,683;2025-03-16 09:10:00.0;0,00
PATO BRANCO;411850102A;PR;Alvorada;-26,267;-52,683;2025-03-16 10:10:00.0;0,00
PATO BRANCO;411850102A;PR;Alvorada;-26,267;-52,683;2025-03-16 11:10:00.0;0,00
PATO BRANCO;411850102A;PR;Alvorada;-26,267;-52,683;2025-03-16 12:10:00.0;0,00
PATO BRANCO;411850102A;PR;Alvorada;-26,267;-52,683;2025-03-16 13:10:00.0;0,00
PATO BRANCO;411850102A;PR;Alvorada;-26,267;-52,683;2025-03-16 14:10:00.0;0,00
PATO BRANCO;411850102A;PR;Alvorada;-26,267;-52,683;2025-03-16 15:10:00.0;0,00
PATO BRANCO;411850102A;PR;Alvorada;-26,267;-52,683;2025-03-16 16:10:00.0;0,00
PATO BRANCO;411850102A;PR;Alvorada;-26,267;-52,683;2025-03-16 17:10:00.0;0,00
PATO BRANCO;411850102A;PR;Alvorada;-26,267;-52,683;2025-03-16 18:10:00.0;0,00
PATO BRANCO;411850102A;PR;Alvorada;-26,267;-52,683;2025-03-16 19:10:00.0;0,00
PATO BRANCO;411850102A;PR;Alvorada;-26,267;-52,683;2025-03-16 20:10:00.0;0,00
PATO BRANCO;411850102A;PR;Alvorada;-26,267;-52,683;2025-03-16 21:10:00.0;0,00
PATO BRANCO;411850102A;PR;Alvorada;-26,267;-52,683;2025-03-16 22:10:00.0;0,00
PATO BRANCO;411850102A;PR;Alvorada;-26,267;-52,683;2025-03-16 23:10:00.0;0,00
PATO BRANCO;411850102A;PR;Alvorada;-26,267;-52,683;2025-03-17 00:10:00.0;0,00
PATO BRANCO;411850102A;PR;Alvorada;-26,267;-52,683;2025-03-17 01:10:00.0;0,00
PATO BRANCO;411850102A;PR;Alvorada;-26,267;-52,683;2025-03-17 02:10:00.0;0,00
PATO BRANCO;411850102A;PR;Alvorada;-26,267;-52,683;2025-03-17 03:10:00.0;0,00
PATO BRANCO;411850102A;PR;Alvorada;-26,267;-52,683;2025-03-17 04:10:00.0;0,00
PATO BRANCO;411850102A;PR;Alvorada;-26,267;-52,683;2025-03-17 05:10:00.0;0,00
PATO BRANCO;411850102A;PR;Alvorada;-26,267;-52,683;2025-03-17 06:10:00.0;0,00
PATO BRANCO;411850102A;PR;Alvorada;-26,267;-52,683;2025-03-17 07:10:00.0;0,00
PATO BRANCO;411850102A;PR;Alvorada;-26,267;-52,683;2025-03-17 08:10:00.0;0,00
PATO BRANCO;411850102A;PR;Alvorada;-26,267;-52,683;2025-03-17 09:10:00.0;0,00
PATO BRANCO;411850102A;PR;Alvorada;-26,267;-52,683;2025-03-17 10:10:00.0;0,00
PATO BRANCO;411850102A;PR;Alvorada;-26,267;-52,683;2025-03-17 11:10:00.0;0,00
PATO BRANCO;411850102A;PR;Alvorada;-26,267;-52,683;2025-03-17 12:10:00.0;0,00
PATO BRANCO;411850102A;PR;Alvorada;-26,267;-52,683;2025-03-17 13:10:00.0;0,00
PATO BRANCO;411850102A;PR;Alvorada;-26,267;-52,683;2025-03-17 14:10:00.0;0,00
PATO BRANCO;411850102A;PR;Alvorada;-26,267;-52,683;2025-03-17 15:10:00.0;0,00
PATO BRANCO;411850102A;PR;Alvorada;-26,267;-52,683;2025-03-17 16:10:00.0;0,00
PATO BRANCO;411850102A;PR;Alvorada;-26,267;-52,683;2025-03-17 17:10:00.0;0,00
PATO BRANCO;411850102A;PR;Alvorada;-26,267;-52,683;2025-03-17 18:10:00.0;0,00
PATO BRANCO;411850102A;PR;Alvorada;-26,267;-52,683;2025-03-17 19:10:00.0;0,00
PATO BRANCO;411850102A;PR;Alvorada;-26,267;-52,683;2025-03-17 20:00:00.0;0,79
PATO BRANCO;411850102A;PR;Alvorada;-26,267;-52,683;2025-03-17 20:10:00.0;3,55
PATO BRANCO;411850102A;PR;Alvorada;-26,267;-52,683;2025-03-17 20:20:00.0;2,76
PATO BRANCO;411850102A;PR;Alvorada;-26,267;-52,683;2025-03-17 20:30:00.0;1,18
PATO BRANCO;411850102A;PR;Alvorada;-26,267;-52,683;2025-03-17 21:10:00.0;0,00
PATO BRANCO;411850102A;PR;Alvorada;-26,267;-52,683;2025-03-17 22:10:00.0;0,00
PATO BRANCO;411850102A;PR;Alvorada;-26,267;-52,683;2025-03-17 23:10:00.0;0,00
PATO BRANCO;411850102A;PR;Alvorada;-26,267;-52,683;2025-03-18 00:10:00.0;0,00
PATO BRANCO;411850102A;PR;Alvorada;-26,267;-52,683;2025-03-18 01:10:00.0;0,00
PATO BRANCO;411850102A;PR;Alvorada;-26,267;-52,683;2025-03-18 02:10:00.0;0,00
PATO BRANCO;411850102A;PR;Alvorada;-26,267;-52,683;2025-03-18 03:10:00.0;0,00
PATO BRANCO;411850102A;PR;Alvorada;-26,267;-52,683;2025-03-18 04:10:00.0;0,00
PATO BRANCO;411850102A;PR;Alvorada;-26,267;-52,683;2025-03-18 05:10:00.0;0,00
PATO BRANCO;411850102A;PR;Alvorada;-26,267;-52,683;2025-03-18 06:10:00.0;0,00
PATO BRANCO;411850102A;PR;Alvorada;-26,267;-52,683;2025-03-18 07:10:00.0;0,00
PATO BRANCO;411850102A;PR;Alvorada;-26,267;-52,683;2025-03-18 08:10:00.0;0,00
PATO BRANCO;411850102A;PR;Alvorada;-26,267;-52,683;2025-03-18 09:10:00.0;0,00
PATO BRANCO;411850102A;PR;Alvorada;-26,267;-52,683;2025-03-18 10:10:00.0;0,00
PATO BRANCO;411850102A;PR;Alvorada;-26,267;-52,683;2025-03-18 11:10:00.0;0,00
PATO BRANCO;411850102A;PR;Alvorada;-26,267;-52,683;2025-03-18 12:10:00.0;0,00
PATO BRANCO;411850102A;PR;Alvorada;-26,267;-52,683;2025-03-18 13:10:00.0;0,00
PATO BRANCO;411850102A;PR;Alvorada;-26,267;-52,683;2025-03-18 14:10:00.0;0,00
PATO BRANCO;411850102A;PR;Alvorada;-26,267;-52,683;2025-03-18 14:40:00.0;0,20
PATO BRANCO;411850102A;PR;Alvorada;-26,267;-52,683;2025-03-18 15:10:00.0;0,00
PATO BRANCO;411850102A;PR;Alvorada;-26,267;-52,683;2025-03-18 16:10:00.0;0,00
PATO BRANCO;411850102A;PR;Alvorada;-26,267;-52,683;2025-03-18 16:50:00.0;0,20
PATO BRANCO;411850102A;PR;Alvorada;-26,267;-52,683;2025-03-18 17:10:00.0;0,00
PATO BRANCO;411850102A;PR;Alvorada;-26,267;-52,683;2025-03-18 17:50:00.0;0,20
PATO BRANCO;411850102A;PR;Alvorada;-26,267;-52,683;2025-03-18 18:10:00.0;0,00
PATO BRANCO;411850102A;PR;Alvorada;-26,267;-52,683;2025-03-18 19:10:00.0;0,00
PATO BRANCO;411850102A;PR;Alvorada;-26,267;-52,683;2025-03-18 20:10:00.0;0,00
PATO BRANCO;411850102A;PR;Alvorada;-26,267;-52,683;2025-03-18 21:10:00.0;0,00
PATO BRANCO;411850102A;PR;Alvorada;-26,267;-52,683;2025-03-18 22:10:00.0;0,00
PATO BRANCO;411850102A;PR;Alvorada;-26,267;-52,683;2025-03-18 23:10:00.0;0,00
PATO BRANCO;411850102A;PR;Alvorada;-26,267;-52,683;2025-03-19 00:10:00.0;0,00
PATO BRANCO;411850102A;PR;Alvorada;-26,267;-52,683;2025-03-19 01:10:00.0;0,00
PATO BRANCO;411850102A;PR;Alvorada;-26,267;-52,683;2025-03-19 02:10:00.0;0,00
PATO BRANCO;411850102A;PR;Alvorada;-26,267;-52,683;2025-03-19 03:10:00.0;0,00
PATO BRANCO;411850102A;PR;Alvorada;-26,267;-52,683;2025-03-19 04:10:00.0;0,00
PATO BRANCO;411850102A;PR;Alvorada;-26,267;-52,683;2025-03-19 05:10:00.0;0,00
PATO BRANCO;411850102A;PR;Alvorada;-26,267;-52,683;2025-03-19 06:10:00.0;0,00
PATO BRANCO;411850102A;PR;Alvorada;-26,267;-52,683;2025-03-19 07:10:00.0;0,00
PATO BRANCO;411850102A;PR;Alvorada;-26,267;-52,683;2025-03-19 08:10:00.0;0,00
PATO BRANCO;411850102A;PR;Alvorada;-26,267;-52,683;2025-03-19 09:10:00.0;0,00
PATO BRANCO;411850102A;PR;Alvorada;-26,267;-52,683;2025-03-19 10:10:00.0;0,00
PATO BRANCO;411850102A;PR;Alvorada;-26,267;-52,683;2025-03-19 11:10:00.0;0,00
PATO BRANCO;411850102A;PR;Alvorada;-26,267;-52,683;2025-03-19 12:10:00.0;0,00
PATO BRANCO;411850102A;PR;Alvorada;-26,267;-52,683;2025-03-19 13:10:00.0;0,00
PATO BRANCO;411850102A;PR;Alvorada;-26,267;-52,683;2025-03-19 14:10:00.0;0,00
PATO BRANCO;411850102A;PR;Alvorada;-26,267;-52,683;2025-03-19 15:10:00.0;0,00
PATO BRANCO;411850102A;PR;Alvorada;-26,267;-52,683;2025-03-19 16:10:00.0;0,00
PATO BRANCO;411850102A;PR;Alvorada;-26,267;-52,683;2025-03-19 17:10:00.0;0,00
PATO BRANCO;411850102A;PR;Alvorada;-26,267;-52,683;2025-03-19 18:10:00.0;0,00
PATO BRANCO;411850102A;PR;Alvorada;-26,267;-52,683;2025-03-19 19:10:00.0;0,00
PATO BRANCO;411850102A;PR;Alvorada;-26,267;-52,683;2025-03-19 20:10:00.0;0,00
PATO BRANCO;411850102A;PR;Alvorada;-26,267;-52,683;2025-03-19 21:10:00.0;0,00
PATO BRANCO;411850102A;PR;Alvorada;-26,267;-52,683;2025-03-19 22:10:00.0;0,00
PATO BRANCO;411850102A;PR;Alvorada;-26,267;-52,683;2025-03-19 23:10:00.0;0,00
PATO BRANCO;411850102A;PR;Alvorada;-26,267;-52,683;2025-03-20 00:10:00.0;0,00
PATO BRANCO;411850102A;PR;Alvorada;-26,267;-52,683;2025-03-20 01:10:00.0;0,00
PATO BRANCO;411850102A;PR;Alvorada;-26,267;-52,683;2025-03-20 02:10:00.0;0,00
PATO BRANCO;411850102A;PR;Alvorada;-26,267;-52,683;2025-03-20 03:10:00.0;0,00
PATO BRANCO;411850102A;PR;Alvorada;-26,267;-52,683;2025-03-20 04:10:00.0;0,00
PATO BRANCO;411850102A;PR;Alvorada;-26,267;-52,683;2025-03-20 05:10:00.0;0,00
PATO BRANCO;411850102A;PR;Alvorada;-26,267;-52,683;2025-03-20 06:10:00.0;0,00
PATO BRANCO;411850102A;PR;Alvorada;-26,267;-52,683;2025-03-20 07:10:00.0;0,00
PATO BRANCO;411850102A;PR;Alvorada;-26,267;-52,683;2025-03-20 08:10:00.0;0,00
PATO BRANCO;411850102A;PR;Alvorada;-26,267;-52,683;2025-03-20 09:10:00.0;0,00
PATO BRANCO;411850102A;PR;Alvorada;-26,267;-52,683;2025-03-20 10:10:00.0;0,00
PATO BRANCO;411850102A;PR;Alvorada;-26,267;-52,683;2025-03-20 11:10:00.0;0,00
PATO BRANCO;411850102A;PR;Alvorada;-26,267;-52,683;2025-03-20 12:10:00.0;0,00
PATO BRANCO;411850102A;PR;Alvorada;-26,267;-52,683;2025-03-20 13:10:00.0;0,00
PATO BRANCO;411850102A;PR;Alvorada;-26,267;-52,683;2025-03-20 14:10:00.0;0,00
PATO BRANCO;411850102A;PR;Alvorada;-26,267;-52,683;2025-03-20 15:10:00.0;0,00
PATO BRANCO;411850102A;PR;Alvorada;-26,267;-52,683;2025-03-20 16:10:00.0;0,00
PATO BRANCO;411850102A;PR;Alvorada;-26,267;-52,683;2025-03-20 17:10:00.0;0,00
PATO BRANCO;411850102A;PR;Alvorada;-26,267;-52,683;2025-03-20 18:10:00.0;0,00
PATO BRANCO;411850102A;PR;Alvorada;-26,267;-52,683;2025-03-20 19:10:00.0;0,00
PATO BRANCO;411850102A;PR;Alvorada;-26,267;-52,683;2025-03-20 20:10:00.0;0,00
PATO BRANCO;411850102A;PR;Alvorada;-26,267;-52,683;2025-03-20 21:10:00.0;0,00
PATO BRANCO;411850102A;PR;Alvorada;-26,267;-52,683;2025-03-20 22:10:00.0;0,00
PATO BRANCO;411850102A;PR;Alvorada;-26,267;-52,683;2025-03-20 23:10:00.0;0,00
PATO BRANCO;411850102A;PR;Alvorada;-26,267;-52,683;2025-03-21 00:10:00.0;0,00
PATO BRANCO;411850102A;PR;Alvorada;-26,267;-52,683;2025-03-21 01:10:00.0;0,00
PATO BRANCO;411850102A;PR;Alvorada;-26,267;-52,683;2025-03-21 02:10:00.0;0,00
PATO BRANCO;411850102A;PR;Alvorada;-26,267;-52,683;2025-03-21 03:10:00.0;0,00
PATO BRANCO;411850102A;PR;Alvorada;-26,267;-52,683;2025-03-21 04:10:00.0;0,00
PATO BRANCO;411850102A;PR;Alvorada;-26,267;-52,683;2025-03-21 05:10:00.0;0,00
PATO BRANCO;411850102A;PR;Alvorada;-26,267;-52,683;2025-03-21 06:10:00.0;0,00
PATO BRANCO;411850102A;PR;Alvorada;-26,267;-52,683;2025-03-21 07:10:00.0;0,00
PATO BRANCO;411850102A;PR;Alvorada;-26,267;-52,683;2025-03-21 08:10:00.0;0,00
PATO BRANCO;411850102A;PR;Alvorada;-26,267;-52,683;2025-03-21 09:10:00.0;0,00
PATO BRANCO;411850102A;PR;Alvorada;-26,267;-52,683;2025-03-21 10:10:00.0;0,00
PATO BRANCO;411850102A;PR;Alvorada;-26,267;-52,683;2025-03-21 11:10:00.0;0,00
PATO BRANCO;411850102A;PR;Alvorada;-26,267;-52,683;2025-03-21 12:10:00.0;0,00
PATO BRANCO;411850102A;PR;Alvorada;-26,267;-52,683;2025-03-21 13:10:00.0;0,00
PATO BRANCO;411850102A;PR;Alvorada;-26,267;-52,683;2025-03-21 14:10:00.0;0,00
PATO BRANCO;411850102A;PR;Alvorada;-26,267;-52,683;2025-03-21 15:10:00.0;0,00
PATO BRANCO;411850102A;PR;Alvorada;-26,267;-52,683;2025-03-21 16:10:00.0;0,00
PATO BRANCO;411850102A;PR;Alvorada;-26,267;-52,683;2025-03-21 17:10:00.0;0,00
PATO BRANCO;411850102A;PR;Alvorada;-26,267;-52,683;2025-03-21 18:10:00.0;0,00
PATO BRANCO;411850102A;PR;Alvorada;-26,267;-52,683;2025-03-21 19:10:00.0;0,00
PATO BRANCO;411850102A;PR;Alvorada;-26,267;-52,683;2025-03-21 20:10:00.0;0,00
PATO BRANCO;411850102A;PR;Alvorada;-26,267;-52,683;2025-03-21 21:10:00.0;0,00
PATO BRANCO;411850102A;PR;Alvorada;-26,267;-52,683;2025-03-21 22:10:00.0;0,00
PATO BRANCO;411850102A;PR;Alvorada;-26,267;-52,683;2025-03-21 23:10:00.0;0,00
PATO BRANCO;411850102A;PR;Alvorada;-26,267;-52,683;2025-03-22 00:10:00.0;0,00
PATO BRANCO;411850102A;PR;Alvorada;-26,267;-52,683;2025-03-22 01:10:00.0;0,00
PATO BRANCO;411850102A;PR;Alvorada;-26,267;-52,683;2025-03-22 02:10:00.0;0,00
PATO BRANCO;411850102A;PR;Alvorada;-26,267;-52,683;2025-03-22 03:10:00.0;0,00
PATO BRANCO;411850102A;PR;Alvorada;-26,267;-52,683;2025-03-22 04:10:00.0;0,00
PATO BRANCO;411850102A;PR;Alvorada;-26,267;-52,683;2025-03-22 05:10:00.0;0,00
PATO BRANCO;411850102A;PR;Alvorada;-26,267;-52,683;2025-03-22 06:10:00.0;0,00
PATO BRANCO;411850102A;PR;Alvorada;-26,267;-52,683;2025-03-22 07:10:00.0;0,00
PATO BRANCO;411850102A;PR;Alvorada;-26,267;-52,683;2025-03-22 08:10:00.0;0,00
PATO BRANCO;411850102A;PR;Alvorada;-26,267;-52,683;2025-03-22 09:10:00.0;0,00
PATO BRANCO;411850102A;PR;Alvorada;-26,267;-52,683;2025-03-22 10:10:00.0;0,00
PATO BRANCO;411850102A;PR;Alvorada;-26,267;-52,683;2025-03-22 11:10:00.0;0,00
PATO BRANCO;411850102A;PR;Alvorada;-26,267;-52,683;2025-03-22 12:10:00.0;0,00
PATO BRANCO;411850102A;PR;Alvorada;-26,267;-52,683;2025-03-22 13:10:00.0;0,00
PATO BRANCO;411850102A;PR;Alvorada;-26,267;-52,683;2025-03-22 14:10:00.0;0,00
PATO BRANCO;411850102A;PR;Alvorada;-26,267;-52,683;2025-03-22 15:10:00.0;0,00
PATO BRANCO;411850102A;PR;Alvorada;-26,267;-52,683;2025-03-22 16:10:00.0;0,00
PATO BRANCO;411850102A;PR;Alvorada;-26,267;-52,683;2025-03-22 17:10:00.0;0,00
PATO BRANCO;411850102A;PR;Alvorada;-26,267;-52,683;2025-03-22 18:10:00.0;0,00
PATO BRANCO;411850102A;PR;Alvorada;-26,267;-52,683;2025-03-22 19:10:00.0;0,00
PATO BRANCO;411850102A;PR;Alvorada;-26,267;-52,683;2025-03-22 20:10:00.0;0,00
PATO BRANCO;411850102A;PR;Alvorada;-26,267;-52,683;2025-03-22 21:10:00.0;0,00
PATO BRANCO;411850102A;PR;Alvorada;-26,267;-52,683;2025-03-22 22:10:00.0;0,00
PATO BRANCO;411850102A;PR;Alvorada;-26,267;-52,683;2025-03-22 23:10:00.0;0,00
PATO BRANCO;411850102A;PR;Alvorada;-26,267;-52,683;2025-03-23 00:10:00.0;0,00
PATO BRANCO;411850102A;PR;Alvorada;-26,267;-52,683;2025-03-23 01:10:00.0;0,00
PATO BRANCO;411850102A;PR;Alvorada;-26,267;-52,683;2025-03-23 02:10:00.0;0,00
PATO BRANCO;411850102A;PR;Alvorada;-26,267;-52,683;2025-03-23 03:10:00.0;0,00
PATO BRANCO;411850102A;PR;Alvorada;-26,267;-52,683;2025-03-23 04:10:00.0;0,00
PATO BRANCO;411850102A;PR;Alvorada;-26,267;-52,683;2025-03-23 05:10:00.0;0,00
PATO BRANCO;411850102A;PR;Alvorada;-26,267;-52,683;2025-03-23 06:10:00.0;0,00
PATO BRANCO;411850102A;PR;Alvorada;-26,267;-52,683;2025-03-23 07:10:00.0;0,00
PATO BRANCO;411850102A;PR;Alvorada;-26,267;-52,683;2025-03-23 08:10:00.0;0,00
PATO BRANCO;411850102A;PR;Alvorada;-26,267;-52,683;2025-03-23 09:10:00.0;0,00
PATO BRANCO;411850102A;PR;Alvorada;-26,267;-52,683;2025-03-23 10:10:00.0;0,00
PATO BRANCO;411850102A;PR;Alvorada;-26,267;-52,683;2025-03-23 11:10:00.0;0,00
PATO BRANCO;411850102A;PR;Alvorada;-26,267;-52,683;2025-03-23 12:10:00.0;0,00
PATO BRANCO;411850102A;PR;Alvorada;-26,267;-52,683;2025-03-23 13:10:00.0;0,00
PATO BRANCO;411850102A;PR;Alvorada;-26,267;-52,683;2025-03-23 14:10:00.0;0,00
PATO BRANCO;411850102A;PR;Alvorada;-26,267;-52,683;2025-03-23 15:10:00.0;0,00
PATO BRANCO;411850102A;PR;Alvorada;-26,267;-52,683;2025-03-23 16:10:00.0;0,00
PATO BRANCO;411850102A;PR;Alvorada;-26,267;-52,683;2025-03-23 17:10:00.0;0,00
PATO BRANCO;411850102A;PR;Alvorada;-26,267;-52,683;2025-03-23 18:10:00.0;0,00
PATO BRANCO;411850102A;PR;Alvorada;-26,267;-52,683;2025-03-23 19:10:00.0;0,00
PATO BRANCO;411850102A;PR;Alvorada;-26,267;-52,683;2025-03-23 20:10:00.0;0,00
PATO BRANCO;411850102A;PR;Alvorada;-26,267;-52,683;2025-03-23 21:10:00.0;0,00
PATO BRANCO;411850102A;PR;Alvorada;-26,267;-52,683;2025-03-23 22:10:00.0;0,00
PATO BRANCO;411850102A;PR;Alvorada;-26,267;-52,683;2025-03-23 23:10:00.0;0,00
PATO BRANCO;411850102A;PR;Alvorada;-26,267;-52,683;2025-03-24 00:10:00.0;0,00
PATO BRANCO;411850102A;PR;Alvorada;-26,267;-52,683;2025-03-24 01:10:00.0;0,00
PATO BRANCO;411850102A;PR;Alvorada;-26,267;-52,683;2025-03-24 02:10:00.0;0,00
PATO BRANCO;411850102A;PR;Alvorada;-26,267;-52,683;2025-03-24 03:10:00.0;0,00
PATO BRANCO;411850102A;PR;Alvorada;-26,267;-52,683;2025-03-24 04:10:00.0;0,00
PATO BRANCO;411850102A;PR;Alvorada;-26,267;-52,683;2025-03-24 05:10:00.0;0,00
PATO BRANCO;411850102A;PR;Alvorada;-26,267;-52,683;2025-03-24 06:10:00.0;0,00
PATO BRANCO;411850102A;PR;Alvorada;-26,267;-52,683;2025-03-24 07:10:00.0;0,00
PATO BRANCO;411850102A;PR;Alvorada;-26,267;-52,683;2025-03-24 08:10:00.0;0,00
PATO BRANCO;411850102A;PR;Alvorada;-26,267;-52,683;2025-03-24 09:10:00.0;0,00
PATO BRANCO;411850102A;PR;Alvorada;-26,267;-52,683;2025-03-24 10:10:00.0;0,00
PATO BRANCO;411850102A;PR;Alvorada;-26,267;-52,683;2025-03-24 11:10:00.0;0,00
PATO BRANCO;411850102A;PR;Alvorada;-26,267;-52,683;2025-03-24 12:10:00.0;0,00
PATO BRANCO;411850102A;PR;Alvorada;-26,267;-52,683;2025-03-24 13:10:00.0;0,00
PATO BRANCO;411850102A;PR;Alvorada;-26,267;-52,683;2025-03-24 14:10:00.0;0,00
PATO BRANCO;411850102A;PR;Alvorada;-26,267;-52,683;2025-03-24 15:10:00.0;0,00
PATO BRANCO;411850102A;PR;Alvorada;-26,267;-52,683;2025-03-24 16:10:00.0;0,00
PATO BRANCO;411850102A;PR;Alvorada;-26,267;-52,683;2025-03-24 17:10:00.0;0,00
PATO BRANCO;411850102A;PR;Alvorada;-26,267;-52,683;2025-03-24 18:10:00.0;0,00
PATO BRANCO;411850102A;PR;Alvorada;-26,267;-52,683;2025-03-24 19:10:00.0;0,00
PATO BRANCO;411850102A;PR;Alvorada;-26,267;-52,683;2025-03-24 20:10:00.0;0,00
PATO BRANCO;411850102A;PR;Alvorada;-26,267;-52,683;2025-03-24 21:10:00.0;0,00
PATO BRANCO;411850102A;PR;Alvorada;-26,267;-52,683;2025-03-24 22:10:00.0;0,00
PATO BRANCO;411850102A;PR;Alvorada;-26,267;-52,683;2025-03-24 23:10:00.0;0,00
PATO BRANCO;411850102A;PR;Alvorada;-26,267;-52,683;2025-03-25 00:10:00.0;0,00
PATO BRANCO;411850102A;PR;Alvorada;-26,267;-52,683;2025-03-25 01:10:00.0;0,00
PATO BRANCO;411850102A;PR;Alvorada;-26,267;-52,683;2025-03-25 02:10:00.0;0,00
PATO BRANCO;411850102A;PR;Alvorada;-26,267;-52,683;2025-03-25 03:10:00.0;0,00
PATO BRANCO;411850102A;PR;Alvorada;-26,267;-52,683;2025-03-25 04:10:00.0;0,00
PATO BRANCO;411850102A;PR;Alvorada;-26,267;-52,683;2025-03-25 05:10:00.0;0,00
PATO BRANCO;411850102A;PR;Alvorada;-26,267;-52,683;2025-03-25 06:10:00.0;0,00
PATO BRANCO;411850102A;PR;Alvorada;-26,267;-52,683;2025-03-25 07:10:00.0;0,00
PATO BRANCO;411850102A;PR;Alvorada;-26,267;-52,683;2025-03-25 08:10:00.0;0,00
PATO BRANCO;411850102A;PR;Alvorada;-26,267;-52,683;2025-03-25 09:10:00.0;0,00
PATO BRANCO;411850102A;PR;Alvorada;-26,267;-52,683;2025-03-25 10:10:00.0;0,00
PATO BRANCO;411850102A;PR;Alvorada;-26,267;-52,683;2025-03-25 11:10:00.0;0,00
PATO BRANCO;411850102A;PR;Alvorada;-26,267;-52,683;2025-03-25 12:10:00.0;0,00
PATO BRANCO;411850102A;PR;Alvorada;-26,267;-52,683;2025-03-25 13:10:00.0;0,00
PATO BRANCO;411850102A;PR;Alvorada;-26,267;-52,683;2025-03-25 14:10:00.0;0,00
PATO BRANCO;411850102A;PR;Alvorada;-26,267;-52,683;2025-03-25 16:10:00.0;0,00
PATO BRANCO;411850102A;PR;Alvorada;-26,267;-52,683;2025-03-25 17:10:00.0;0,00
PATO BRANCO;411850102A;PR;Alvorada;-26,267;-52,683;2025-03-25 18:10:00.0;0,00
PATO BRANCO;411850102A;PR;Alvorada;-26,267;-52,683;2025-03-25 19:10:00.0;0,00
PATO BRANCO;411850102A;PR;Alvorada;-26,267;-52,683;2025-03-25 20:10:00.0;0,00
PATO BRANCO;411850102A;PR;Alvorada;-26,267;-52,683;2025-03-25 21:10:00.0;0,00
PATO BRANCO;411850102A;PR;Alvorada;-26,267;-52,683;2025-03-25 22:10:00.0;0,39
PATO BRANCO;411850102A;PR;Alvorada;-26,267;-52,683;2025-03-25 22:20:00.0;0,20
PATO BRANCO;411850102A;PR;Alvorada;-26,267;-52,683;2025-03-25 22:30:00.0;1,77
PATO BRANCO;411850102A;PR;Alvorada;-26,267;-52,683;2025-03-25 22:40:00.0;3,15
PATO BRANCO;411850102A;PR;Alvorada;-26,267;-52,683;2025-03-25 22:50:00.0;1,18
PATO BRANCO;411850102A;PR;Alvorada;-26,267;-52,683;2025-03-25 23:00:00.0;3,15
PATO BRANCO;411850102A;PR;Alvorada;-26,267;-52,683;2025-03-25 23:10:00.0;1,37
PATO BRANCO;411850102A;PR;Alvorada;-26,267;-52,683;2025-03-25 23:20:00.0;0,59
PATO BRANCO;411850102A;PR;Alvorada;-26,267;-52,683;2025-03-25 23:30:00.0;0,20
PATO BRANCO;411850102A;PR;Alvorada;-26,267;-52,683;2025-03-26 00:00:00.0;0,20
PATO BRANCO;411850102A;PR;Alvorada;-26,267;-52,683;2025-03-26 01:10:00.0;0,00
PATO BRANCO;411850102A;PR;Alvorada;-26,267;-52,683;2025-03-26 02:10:00.0;0,00
PATO BRANCO;411850102A;PR;Alvorada;-26,267;-52,683;2025-03-26 03:10:00.0;0,00
PATO BRANCO;411850102A;PR;Alvorada;-26,267;-52,683;2025-03-26 04:10:00.0;0,00
PATO BRANCO;411850102A;PR;Alvorada;-26,267;-52,683;2025-03-26 05:10:00.0;0,00
PATO BRANCO;411850102A;PR;Alvorada;-26,267;-52,683;2025-03-26 06:10:00.0;0,00
PATO BRANCO;411850102A;PR;Alvorada;-26,267;-52,683;2025-03-26 07:10:00.0;0,00
PATO BRANCO;411850102A;PR;Alvorada;-26,267;-52,683;2025-03-26 08:10:00.0;0,00
PATO BRANCO;411850102A;PR;Alvorada;-26,267;-52,683;2025-03-26 09:10:00.0;0,00
PATO BRANCO;411850102A;PR;Alvorada;-26,267;-52,683;2025-03-26 10:10:00.0;0,00
PATO BRANCO;411850102A;PR;Alvorada;-26,267;-52,683;2025-03-26 11:10:00.0;0,00
PATO BRANCO;411850102A;PR;Alvorada;-26,267;-52,683;2025-03-26 12:10:00.0;0,00
PATO BRANCO;411850102A;PR;Alvorada;-26,267;-52,683;2025-03-26 13:10:00.0;0,00
PATO BRANCO;411850102A;PR;Alvorada;-26,267;-52,683;2025-03-26 14:10:00.0;0,00
PATO BRANCO;411850102A;PR;Alvorada;-26,267;-52,683;2025-03-26 14:20:00.0;0,20
PATO BRANCO;411850102A;PR;Alvorada;-26,267;-52,683;2025-03-26 15:10:00.0;0,00
PATO BRANCO;411850102A;PR;Alvorada;-26,267;-52,683;2025-03-26 16:10:00.0;0,00
PATO BRANCO;411850102A;PR;Alvorada;-26,267;-52,683;2025-03-26 17:10:00.0;0,00
PATO BRANCO;411850102A;PR;Alvorada;-26,267;-52,683;2025-03-26 18:10:00.0;0,00
PATO BRANCO;411850102A;PR;Alvorada;-26,267;-52,683;2025-03-26 19:10:00.0;0,00
PATO BRANCO;411850102A;PR;Alvorada;-26,267;-52,683;2025-03-26 20:10:00.0;0,00
PATO BRANCO;411850102A;PR;Alvorada;-26,267;-52,683;2025-03-26 21:10:00.0;0,00
PATO BRANCO;411850102A;PR;Alvorada;-26,267;-52,683;2025-03-26 22:10:00.0;0,00
PATO BRANCO;411850102A;PR;Alvorada;-26,267;-52,683;2025-03-26 23:10:00.0;0,00
PATO BRANCO;411850102A;PR;Alvorada;-26,267;-52,683;2025-03-27 00:10:00.0;0,00
PATO BRANCO;411850102A;PR;Alvorada;-26,267;-52,683;2025-03-27 01:10:00.0;0,00
PATO BRANCO;411850102A;PR;Alvorada;-26,267;-52,683;2025-03-27 02:10:00.0;0,00
PATO BRANCO;411850102A;PR;Alvorada;-26,267;-52,683;2025-03-27 03:10:00.0;0,00
PATO BRANCO;411850102A;PR;Alvorada;-26,267;-52,683;2025-03-27 04:10:00.0;0,00
PATO BRANCO;411850102A;PR;Alvorada;-26,267;-52,683;2025-03-27 05:10:00.0;0,00
PATO BRANCO;411850102A;PR;Alvorada;-26,267;-52,683;2025-03-27 06:10:00.0;0,00
PATO BRANCO;411850102A;PR;Alvorada;-26,267;-52,683;2025-03-27 07:10:00.0;0,00
PATO BRANCO;411850102A;PR;Alvorada;-26,267;-52,683;2025-03-27 08:10:00.0;0,00
PATO BRANCO;411850102A;PR;Alvorada;-26,267;-52,683;2025-03-27 09:10:00.0;0,00
PATO BRANCO;411850102A;PR;Alvorada;-26,267;-52,683;2025-03-27 10:10:00.0;0,00
PATO BRANCO;411850102A;PR;Alvorada;-26,267;-52,683;2025-03-27 11:10:00.0;0,00
PATO BRANCO;411850102A;PR;Alvorada;-26,267;-52,683;2025-03-27 12:10:00.0;0,00
PATO BRANCO;411850102A;PR;Alvorada;-26,267;-52,683;2025-03-27 13:10:00.0;0,00
PATO BRANCO;411850102A;PR;Alvorada;-26,267;-52,683;2025-03-27 14:10:00.0;0,00
PATO BRANCO;411850102A;PR;Alvorada;-26,267;-52,683;2025-03-27 15:10:00.0;0,00
PATO BRANCO;411850102A;PR;Alvorada;-26,267;-52,683;2025-03-27 16:10:00.0;0,00
PATO BRANCO;411850102A;PR;Alvorada;-26,267;-52,683;2025-03-27 17:10:00.0;0,00
PATO BRANCO;411850102A;PR;Alvorada;-26,267;-52,683;2025-03-27 18:10:00.0;0,00
PATO BRANCO;411850102A;PR;Alvorada;-26,267;-52,683;2025-03-27 19:10:00.0;0,00
PATO BRANCO;411850102A;PR;Alvorada;-26,267;-52,683;2025-03-27 20:10:00.0;0,00
PATO BRANCO;411850102A;PR;Alvorada;-26,267;-52,683;2025-03-27 21:10:00.0;0,00
PATO BRANCO;411850102A;PR;Alvorada;-26,267;-52,683;2025-03-27 22:10:00.0;0,00
PATO BRANCO;411850102A;PR;Alvorada;-26,267;-52,683;2025-03-27 23:00:00.0;0,59
PATO BRANCO;411850102A;PR;Alvorada;-26,267;-52,683;2025-03-27 23:10:00.0;0,20
PATO BRANCO;411850102A;PR;Alvorada;-26,267;-52,683;2025-03-27 23:20:00.0;0,20
PATO BRANCO;411850102A;PR;Alvorada;-26,267;-52,683;2025-03-27 23:30:00.0;0,20
PATO BRANCO;411850102A;PR;Alvorada;-26,267;-52,683;2025-03-27 23:40:00.0;0,39
PATO BRANCO;411850102A;PR;Alvorada;-26,267;-52,683;2025-03-27 23:50:00.0;0,79
PATO BRANCO;411850102A;PR;Alvorada;-26,267;-52,683;2025-03-28 00:10:00.0;1,57
PATO BRANCO;411850102A;PR;Alvorada;-26,267;-52,683;2025-03-28 00:20:00.0;0,20
PATO BRANCO;411850102A;PR;Alvorada;-26,267;-52,683;2025-03-28 00:30:00.0;0,20
PATO BRANCO;411850102A;PR;Alvorada;-26,267;-52,683;2025-03-28 00:50:00.0;0,20
PATO BRANCO;411850102A;PR;Alvorada;-26,267;-52,683;2025-03-28 01:00:00.0;2,16
PATO BRANCO;411850102A;PR;Alvorada;-26,267;-52,683;2025-03-28 01:10:00.0;0,79
PATO BRANCO;411850102A;PR;Alvorada;-26,267;-52,683;2025-03-28 01:20:00.0;0,79
PATO BRANCO;411850102A;PR;Alvorada;-26,267;-52,683;2025-03-28 01:30:00.0;0,20
PATO BRANCO;411850102A;PR;Alvorada;-26,267;-52,683;2025-03-28 01:40:00.0;0,59
PATO BRANCO;411850102A;PR;Alvorada;-26,267;-52,683;2025-03-28 01:50:00.0;0,59
PATO BRANCO;411850102A;PR;Alvorada;-26,267;-52,683;2025-03-28 02:00:00.0;0,20
PATO BRANCO;411850102A;PR;Alvorada;-26,267;-52,683;2025-03-28 02:10:00.0;0,00
PATO BRANCO;411850102A;PR;Alvorada;-26,267;-52,683;2025-03-28 02:40:00.0;1,57
PATO BRANCO;411850102A;PR;Alvorada;-26,267;-52,683;2025-03-28 02:50:00.0;1,57
PATO BRANCO;411850102A;PR;Alvorada;-26,267;-52,683;2025-03-28 03:00:00.0;3,35
PATO BRANCO;411850102A;PR;Alvorada;-26,267;-52,683;2025-03-28 03:10:00.0;1,37
PATO BRANCO;411850102A;PR;Alvorada;-26,267;-52,683;2025-03-28 03:20:00.0;1,18
PATO BRANCO;411850102A;PR;Alvorada;-26,267;-52,683;2025-03-28 03:30:00.0;1,97
PATO BRANCO;411850102A;PR;Alvorada;-26,267;-52,683;2025-03-28 03:40:00.0;2,16
PATO BRANCO;411850102A;PR;Alvorada;-26,267;-52,683;2025-03-28 03:50:00.0;5,31
PATO BRANCO;411850102A;PR;Alvorada;-26,267;-52,683;2025-03-28 04:00:00.0;1,57
PATO BRANCO;411850102A;PR;Alvorada;-26,267;-52,683;2025-03-28 04:10:00.0;0,79
PATO BRANCO;411850102A;PR;Alvorada;-26,267;-52,683;2025-03-28 04:20:00.0;1,18
PATO BRANCO;411850102A;PR;Alvorada;-26,267;-52,683;2025-03-28 04:30:00.0;1,18
PATO BRANCO;411850102A;PR;Alvorada;-26,267;-52,683;2025-03-28 04:40:00.0;0,79
PATO BRANCO;411850102A;PR;Alvorada;-26,267;-52,683;2025-03-28 04:50:00.0;0,59
PATO BRANCO;411850102A;PR;Alvorada;-26,267;-52,683;2025-03-28 05:00:00.0;0,39
PATO BRANCO;411850102A;PR;Alvorada;-26,267;-52,683;2025-03-28 05:10:00.0;0,59
PATO BRANCO;411850102A;PR;Alvorada;-26,267;-52,683;2025-03-28 06:00:00.0;0,20
PATO BRANCO;411850102A;PR;Alvorada;-26,267;-52,683;2025-03-28 06:10:00.0;0,00
PATO BRANCO;411850102A;PR;Alvorada;-26,267;-52,683;2025-03-28 07:10:00.0;0,00
PATO BRANCO;411850102A;PR;Alvorada;-26,267;-52,683;2025-03-28 08:10:00.0;0,00
PATO BRANCO;411850102A;PR;Alvorada;-26,267;-52,683;2025-03-28 09:10:00.0;0,00
PATO BRANCO;411850102A;PR;Alvorada;-26,267;-52,683;2025-03-28 10:10:00.0;0,00
PATO BRANCO;411850102A;PR;Alvorada;-26,267;-52,683;2025-03-28 11:10:00.0;0,00
PATO BRANCO;411850102A;PR;Alvorada;-26,267;-52,683;2025-03-28 12:10:00.0;0,00
PATO BRANCO;411850102A;PR;Alvorada;-26,267;-52,683;2025-03-28 13:10:00.0;0,00
PATO BRANCO;411850102A;PR;Alvorada;-26,267;-52,683;2025-03-28 14:10:00.0;0,00
PATO BRANCO;411850102A;PR;Alvorada;-26,267;-52,683;2025-03-28 15:10:00.0;0,00
PATO BRANCO;411850102A;PR;Alvorada;-26,267;-52,683;2025-03-28 16:10:00.0;0,00
PATO BRANCO;411850102A;PR;Alvorada;-26,267;-52,683;2025-03-28 17:10:00.0;0,00
PATO BRANCO;411850102A;PR;Alvorada;-26,267;-52,683;2025-03-28 18:10:00.0;0,00
PATO BRANCO;411850102A;PR;Alvorada;-26,267;-52,683;2025-03-28 19:10:00.0;0,00
PATO BRANCO;411850102A;PR;Alvorada;-26,267;-52,683;2025-03-28 20:10:00.0;0,00
PATO BRANCO;411850102A;PR;Alvorada;-26,267;-52,683;2025-03-28 21:10:00.0;0,00
PATO BRANCO;411850102A;PR;Alvorada;-26,267;-52,683;2025-03-28 22:10:00.0;0,00
PATO BRANCO;411850102A;PR;Alvorada;-26,267;-52,683;2025-03-28 23:10:00.0;0,00
PATO BRANCO;411850102A;PR;Alvorada;-26,267;-52,683;2025-03-29 00:10:00.0;0,00
PATO BRANCO;411850102A;PR;Alvorada;-26,267;-52,683;2025-03-29 01:10:00.0;0,00
PATO BRANCO;411850102A;PR;Alvorada;-26,267;-52,683;2025-03-29 02:10:00.0;0,00
PATO BRANCO;411850102A;PR;Alvorada;-26,267;-52,683;2025-03-29 03:10:00.0;0,00
PATO BRANCO;411850102A;PR;Alvorada;-26,267;-52,683;2025-03-29 04:10:00.0;0,00
PATO BRANCO;411850102A;PR;Alvorada;-26,267;-52,683;2025-03-29 05:10:00.0;0,00
PATO BRANCO;411850102A;PR;Alvorada;-26,267;-52,683;2025-03-29 06:10:00.0;0,00
PATO BRANCO;411850102A;PR;Alvorada;-26,267;-52,683;2025-03-29 07:10:00.0;0,00
PATO BRANCO;411850102A;PR;Alvorada;-26,267;-52,683;2025-03-29 08:10:00.0;0,00
PATO BRANCO;411850102A;PR;Alvorada;-26,267;-52,683;2025-03-29 09:10:00.0;0,00
PATO BRANCO;411850102A;PR;Alvorada;-26,267;-52,683;2025-03-29 10:10:00.0;0,00
PATO BRANCO;411850102A;PR;Alvorada;-26,267;-52,683;2025-03-29 11:10:00.0;0,00
PATO BRANCO;411850102A;PR;Alvorada;-26,267;-52,683;2025-03-29 12:10:00.0;0,00
PATO BRANCO;411850102A;PR;Alvorada;-26,267;-52,683;2025-03-29 13:10:00.0;0,00
PATO BRANCO;411850102A;PR;Alvorada;-26,267;-52,683;2025-03-29 14:10:00.0;0,00
PATO BRANCO;411850102A;PR;Alvorada;-26,267;-52,683;2025-03-29 15:10:00.0;0,00
PATO BRANCO;411850102A;PR;Alvorada;-26,267;-52,683;2025-03-29 16:10:00.0;0,00
PATO BRANCO;411850102A;PR;Alvorada;-26,267;-52,683;2025-03-29 17:10:00.0;0,00
PATO BRANCO;411850102A;PR;Alvorada;-26,267;-52,683;2025-03-29 18:10:00.0;0,00
PATO BRANCO;411850102A;PR;Alvorada;-26,267;-52,683;2025-03-29 19:10:00.0;0,00
PATO BRANCO;411850102A;PR;Alvorada;-26,267;-52,683;2025-03-29 20:10:00.0;0,00
PATO BRANCO;411850102A;PR;Alvorada;-26,267;-52,683;2025-03-29 21:10:00.0;0,00
PATO BRANCO;411850102A;PR;Alvorada;-26,267;-52,683;2025-03-29 22:10:00.0;0,00
PATO BRANCO;411850102A;PR;Alvorada;-26,267;-52,683;2025-03-29 23:10:00.0;0,00
PATO BRANCO;411850102A;PR;Alvorada;-26,267;-52,683;2025-03-30 00:10:00.0;0,00
PATO BRANCO;411850102A;PR;Alvorada;-26,267;-52,683;2025-03-30 01:10:00.0;0,00
PATO BRANCO;411850102A;PR;Alvorada;-26,267;-52,683;2025-03-30 02:10:00.0;0,00
PATO BRANCO;411850102A;PR;Alvorada;-26,267;-52,683;2025-03-30 03:10:00.0;0,00
PATO BRANCO;411850102A;PR;Alvorada;-26,267;-52,683;2025-03-30 04:10:00.0;0,00
PATO BRANCO;411850102A;PR;Alvorada;-26,267;-52,683;2025-03-30 05:10:00.0;0,00
PATO BRANCO;411850102A;PR;Alvorada;-26,267;-52,683;2025-03-30 06:10:00.0;0,00
PATO BRANCO;411850102A;PR;Alvorada;-26,267;-52,683;2025-03-30 07:10:00.0;0,00
PATO BRANCO;411850102A;PR;Alvorada;-26,267;-52,683;2025-03-30 08:10:00.0;0,00
PATO BRANCO;411850102A;PR;Alvorada;-26,267;-52,683;2025-03-30 09:10:00.0;0,00
PATO BRANCO;411850102A;PR;Alvorada;-26,267;-52,683;2025-03-30 10:10:00.0;0,00
PATO BRANCO;411850102A;PR;Alvorada;-26,267;-52,683;2025-03-30 11:10:00.0;0,00
PATO BRANCO;411850102A;PR;Alvorada;-26,267;-52,683;2025-03-30 12:10:00.0;0,00
PATO BRANCO;411850102A;PR;Alvorada;-26,267;-52,683;2025-03-30 13:10:00.0;0,00
PATO BRANCO;411850102A;PR;Alvorada;-26,267;-52,683;2025-03-30 14:10:00.0;0,00
PATO BRANCO;411850102A;PR;Alvorada;-26,267;-52,683;2025-03-30 15:10:00.0;0,00
PATO BRANCO;411850102A;PR;Alvorada;-26,267;-52,683;2025-03-30 16:10:00.0;0,00
PATO BRANCO;411850102A;PR;Alvorada;-26,267;-52,683;2025-03-30 17:10:00.0;0,00
PATO BRANCO;411850102A;PR;Alvorada;-26,267;-52,683;2025-03-30 18:10:00.0;0,00
PATO BRANCO;411850102A;PR;Alvorada;-26,267;-52,683;2025-03-30 19:10:00.0;0,00
PATO BRANCO;411850102A;PR;Alvorada;-26,267;-52,683;2025-03-30 20:10:00.0;0,00
PATO BRANCO;411850102A;PR;Alvorada;-26,267;-52,683;2025-03-30 21:10:00.0;0,00
PATO BRANCO;411850102A;PR;Alvorada;-26,267;-52,683;2025-03-30 22:10:00.0;0,00
PATO BRANCO;411850102A;PR;Alvorada;-26,267;-52,683;2025-03-30 23:10:00.0;0,00
PATO BRANCO;411850102A;PR;Alvorada;-26,267;-52,683;2025-03-31 00:10:00.0;0,00
PATO BRANCO;411850102A;PR;Alvorada;-26,267;-52,683;2025-03-31 01:10:00.0;0,00
PATO BRANCO;411850102A;PR;Alvorada;-26,267;-52,683;2025-03-31 02:10:00.0;0,00
PATO BRANCO;411850102A;PR;Alvorada;-26,267;-52,683;2025-03-31 03:10:00.0;0,00
PATO BRANCO;411850102A;PR;Alvorada;-26,267;-52,683;2025-03-31 04:10:00.0;0,00
PATO BRANCO;411850102A;PR;Alvorada;-26,267;-52,683;2025-03-31 05:10:00.0;0,00
PATO BRANCO;411850102A;PR;Alvorada;-26,267;-52,683;2025-03-31 06:10:00.0;0,00
PATO BRANCO;411850102A;PR;Alvorada;-26,267;-52,683;2025-03-31 07:10:00.0;0,00
PATO BRANCO;411850102A;PR;Alvorada;-26,267;-52,683;2025-03-31 08:10:00.0;0,00
PATO BRANCO;411850102A;PR;Alvorada;-26,267;-52,683;2025-03-31 09:10:00.0;0,00
PATO BRANCO;411850102A;PR;Alvorada;-26,267;-52,683;2025-03-31 10:10:00.0;0,00
PATO BRANCO;411850102A;PR;Alvorada;-26,267;-52,683;2025-03-31 11:10:00.0;0,00
PATO BRANCO;411850102A;PR;Alvorada;-26,267;-52,683;2025-03-31 12:10:00.0;0,00
PATO BRANCO;411850102A;PR;Alvorada;-26,267;-52,683;2025-03-31 13:10:00.0;0,00
PATO BRANCO;411850102A;PR;Alvorada;-26,267;-52,683;2025-03-31 14:10:00.0;0,00
PATO BRANCO;411850102A;PR;Alvorada;-26,267;-52,683;2025-03-31 15:10:00.0;0,00
PATO BRANCO;411850102A;PR;Alvorada;-26,267;-52,683;2025-03-31 16:10:00.0;0,00
PATO BRANCO;411850102A;PR;Alvorada;-26,267;-52,683;2025-03-31 17:10:00.0;0,00
PATO BRANCO;411850102A;PR;Alvorada;-26,267;-52,683;2025-03-31 18:10:00.0;0,00
PATO BRANCO;411850102A;PR;Alvorada;-26,267;-52,683;2025-03-31 19:10:00.0;0,00
PATO BRANCO;411850102A;PR;Alvorada;-26,267;-52,683;2025-03-31 20:10:00.0;0,00
PATO BRANCO;411850102A;PR;Alvorada;-26,267;-52,683;2025-03-31 21:10:00.0;0,00
PATO BRANCO;411850102A;PR;Alvorada;-26,267;-52,683;2025-03-31 22:10:00.0;0,00
PATO BRANCO;411850102A;PR;Alvorada;-26,267;-52,683;2025-03-31 23:10:00.0;0,00
PATO BRANCO;411850103A;PR;Fraron;-26,198;-52,692;2025-03-01 00:10:00.0;0,00
PATO BRANCO;411850103A;PR;Fraron;-26,198;-52,692;2025-03-01 01:10:00.0;0,00
PATO BRANCO;411850103A;PR;Fraron;-26,198;-52,692;2025-03-01 02:10:00.0;0,00
PATO BRANCO;411850103A;PR;Fraron;-26,198;-52,692;2025-03-01 03:10:00.0;0,00
PATO BRANCO;411850103A;PR;Fraron;-26,198;-52,692;2025-03-01 04:10:00.0;0,00
PATO BRANCO;411850103A;PR;Fraron;-26,198;-52,692;2025-03-01 05:10:00.0;0,00
PATO BRANCO;411850103A;PR;Fraron;-26,198;-52,692;2025-03-01 06:10:00.0;0,00
PATO BRANCO;411850103A;PR;Fraron;-26,198;-52,692;2025-03-01 07:10:00.0;0,00
PATO BRANCO;411850103A;PR;Fraron;-26,198;-52,692;2025-03-01 08:10:00.0;0,00
PATO BRANCO;411850103A;PR;Fraron;-26,198;-52,692;2025-03-01 09:10:00.0;0,00
PATO BRANCO;411850103A;PR;Fraron;-26,198;-52,692;2025-03-01 10:10:00.0;0,00
PATO BRANCO;411850103A;PR;Fraron;-26,198;-52,692;2025-03-01 11:10:00.0;0,00
PATO BRANCO;411850103A;PR;Fraron;-26,198;-52,692;2025-03-01 12:10:00.0;0,00
PATO BRANCO;411850103A;PR;Fraron;-26,198;-52,692;2025-03-01 13:10:00.0;0,00
PATO BRANCO;411850103A;PR;Fraron;-26,198;-52,692;2025-03-01 14:10:00.0;0,00
PATO BRANCO;411850103A;PR;Fraron;-26,198;-52,692;2025-03-01 15:10:00.0;0,00
PATO BRANCO;411850103A;PR;Fraron;-26,198;-52,692;2025-03-01 16:10:00.0;0,00
PATO BRANCO;411850103A;PR;Fraron;-26,198;-52,692;2025-03-01 17:10:00.0;0,00
PATO BRANCO;411850103A;PR;Fraron;-26,198;-52,692;2025-03-01 18:10:00.0;0,00
PATO BRANCO;411850103A;PR;Fraron;-26,198;-52,692;2025-03-01 19:10:00.0;0,00
PATO BRANCO;411850103A;PR;Fraron;-26,198;-52,692;2025-03-01 20:10:00.0;0,00
PATO BRANCO;411850103A;PR;Fraron;-26,198;-52,692;2025-03-01 21:10:00.0;0,00
PATO BRANCO;411850103A;PR;Fraron;-26,198;-52,692;2025-03-01 22:10:00.0;0,00
PATO BRANCO;411850103A;PR;Fraron;-26,198;-52,692;2025-03-01 23:10:00.0;0,00
PATO BRANCO;411850103A;PR;Fraron;-26,198;-52,692;2025-03-02 00:10:00.0;0,00
PATO BRANCO;411850103A;PR;Fraron;-26,198;-52,692;2025-03-02 01:10:00.0;0,00
PATO BRANCO;411850103A;PR;Fraron;-26,198;-52,692;2025-03-02 02:10:00.0;0,00
PATO BRANCO;411850103A;PR;Fraron;-26,198;-52,692;2025-03-02 03:10:00.0;0,00
PATO BRANCO;411850103A;PR;Fraron;-26,198;-52,692;2025-03-02 04:10:00.0;0,00
PATO BRANCO;411850103A;PR;Fraron;-26,198;-52,692;2025-03-02 05:10:00.0;0,00
PATO BRANCO;411850103A;PR;Fraron;-26,198;-52,692;2025-03-02 06:10:00.0;0,00
PATO BRANCO;411850103A;PR;Fraron;-26,198;-52,692;2025-03-02 07:10:00.0;0,00
PATO BRANCO;411850103A;PR;Fraron;-26,198;-52,692;2025-03-02 08:10:00.0;0,00
PATO BRANCO;411850103A;PR;Fraron;-26,198;-52,692;2025-03-02 09:10:00.0;0,00
PATO BRANCO;411850103A;PR;Fraron;-26,198;-52,692;2025-03-02 10:10:00.0;0,00
PATO BRANCO;411850103A;PR;Fraron;-26,198;-52,692;2025-03-02 11:10:00.0;0,00
PATO BRANCO;411850103A;PR;Fraron;-26,198;-52,692;2025-03-02 12:10:00.0;0,00
PATO BRANCO;411850103A;PR;Fraron;-26,198;-52,692;2025-03-02 13:10:00.0;0,00
PATO BRANCO;411850103A;PR;Fraron;-26,198;-52,692;2025-03-02 14:10:00.0;0,00
PATO BRANCO;411850103A;PR;Fraron;-26,198;-52,692;2025-03-02 15:10:00.0;0,00
PATO BRANCO;411850103A;PR;Fraron;-26,198;-52,692;2025-03-02 16:10:00.0;0,00
PATO BRANCO;411850103A;PR;Fraron;-26,198;-52,692;2025-03-02 17:10:00.0;0,00
PATO BRANCO;411850103A;PR;Fraron;-26,198;-52,692;2025-03-02 18:10:00.0;0,00
PATO BRANCO;411850103A;PR;Fraron;-26,198;-52,692;2025-03-02 19:10:00.0;0,00
PATO BRANCO;411850103A;PR;Fraron;-26,198;-52,692;2025-03-02 20:10:00.0;0,00
PATO BRANCO;411850103A;PR;Fraron;-26,198;-52,692;2025-03-02 21:10:00.0;0,00
PATO BRANCO;411850103A;PR;Fraron;-26,198;-52,692;2025-03-02 22:10:00.0;0,00
PATO BRANCO;411850103A;PR;Fraron;-26,198;-52,692;2025-03-02 23:10:00.0;0,00
PATO BRANCO;411850103A;PR;Fraron;-26,198;-52,692;2025-03-03 00:10:00.0;0,00
PATO BRANCO;411850103A;PR;Fraron;-26,198;-52,692;2025-03-03 01:10:00.0;0,00
PATO BRANCO;411850103A;PR;Fraron;-26,198;-52,692;2025-03-03 02:10:00.0;0,00
PATO BRANCO;411850103A;PR;Fraron;-26,198;-52,692;2025-03-03 03:10:00.0;0,00
PATO BRANCO;411850103A;PR;Fraron;-26,198;-52,692;2025-03-03 04:10:00.0;0,00
PATO BRANCO;411850103A;PR;Fraron;-26,198;-52,692;2025-03-03 05:10:00.0;0,00
PATO BRANCO;411850103A;PR;Fraron;-26,198;-52,692;2025-03-03 06:10:00.0;0,00
PATO BRANCO;411850103A;PR;Fraron;-26,198;-52,692;2025-03-03 07:10:00.0;0,00
PATO BRANCO;411850103A;PR;Fraron;-26,198;-52,692;2025-03-03 08:10:00.0;0,00
PATO BRANCO;411850103A;PR;Fraron;-26,198;-52,692;2025-03-03 09:10:00.0;0,00
PATO BRANCO;411850103A;PR;Fraron;-26,198;-52,692;2025-03-03 10:10:00.0;0,00
PATO BRANCO;411850103A;PR;Fraron;-26,198;-52,692;2025-03-03 11:10:00.0;0,00
PATO BRANCO;411850103A;PR;Fraron;-26,198;-52,692;2025-03-03 12:10:00.0;0,00
PATO BRANCO;411850103A;PR;Fraron;-26,198;-52,692;2025-03-03 13:10:00.0;0,00
PATO BRANCO;411850103A;PR;Fraron;-26,198;-52,692;2025-03-03 14:10:00.0;0,00
PATO BRANCO;411850103A;PR;Fraron;-26,198;-52,692;2025-03-03 15:10:00.0;0,00
PATO BRANCO;411850103A;PR;Fraron;-26,198;-52,692;2025-03-03 16:10:00.0;0,00
PATO BRANCO;411850103A;PR;Fraron;-26,198;-52,692;2025-03-03 17:10:00.0;0,00
PATO BRANCO;411850103A;PR;Fraron;-26,198;-52,692;2025-03-03 18:10:00.0;0,00
PATO BRANCO;411850103A;PR;Fraron;-26,198;-52,692;2025-03-03 19:10:00.0;0,00
PATO BRANCO;411850103A;PR;Fraron;-26,198;-52,692;2025-03-03 20:10:00.0;0,00
PATO BRANCO;411850103A;PR;Fraron;-26,198;-52,692;2025-03-03 21:10:00.0;0,00
PATO BRANCO;411850103A;PR;Fraron;-26,198;-52,692;2025-03-03 22:10:00.0;0,00
PATO BRANCO;411850103A;PR;Fraron;-26,198;-52,692;2025-03-03 23:10:00.0;0,00
PATO BRANCO;411850103A;PR;Fraron;-26,198;-52,692;2025-03-04 00:10:00.0;0,00
PATO BRANCO;411850103A;PR;Fraron;-26,198;-52,692;2025-03-04 01:10:00.0;0,00
PATO BRANCO;411850103A;PR;Fraron;-26,198;-52,692;2025-03-04 02:10:00.0;0,00
PATO BRANCO;411850103A;PR;Fraron;-26,198;-52,692;2025-03-04 03:10:00.0;0,00
PATO BRANCO;411850103A;PR;Fraron;-26,198;-52,692;2025-03-04 04:10:00.0;0,00
PATO BRANCO;411850103A;PR;Fraron;-26,198;-52,692;2025-03-04 05:10:00.0;0,00
PATO BRANCO;411850103A;PR;Fraron;-26,198;-52,692;2025-03-04 06:10:00.0;0,00
PATO BRANCO;411850103A;PR;Fraron;-26,198;-52,692;2025-03-04 07:10:00.0;0,00
PATO BRANCO;411850103A;PR;Fraron;-26,198;-52,692;2025-03-04 08:10:00.0;0,00
PATO BRANCO;411850103A;PR;Fraron;-26,198;-52,692;2025-03-04 09:10:00.0;0,00
PATO BRANCO;411850103A;PR;Fraron;-26,198;-52,692;2025-03-04 10:10:00.0;0,00
PATO BRANCO;411850103A;PR;Fraron;-26,198;-52,692;2025-03-04 11:10:00.0;0,00
PATO BRANCO;411850103A;PR;Fraron;-26,198;-52,692;2025-03-04 12:10:00.0;0,00
PATO BRANCO;411850103A;PR;Fraron;-26,198;-52,692;2025-03-04 13:10:00.0;0,00
PATO BRANCO;411850103A;PR;Fraron;-26,198;-52,692;2025-03-04 14:10:00.0;0,00
PATO BRANCO;411850103A;PR;Fraron;-26,198;-52,692;2025-03-04 15:10:00.0;0,00
PATO BRANCO;411850103A;PR;Fraron;-26,198;-52,692;2025-03-04 16:10:00.0;0,00
PATO BRANCO;411850103A;PR;Fraron;-26,198;-52,692;2025-03-04 17:10:00.0;0,00
PATO BRANCO;411850103A;PR;Fraron;-26,198;-52,692;2025-03-04 18:10:00.0;0,00
PATO BRANCO;411850103A;PR;Fraron;-26,198;-52,692;2025-03-04 19:10:00.0;0,00
PATO BRANCO;411850103A;PR;Fraron;-26,198;-52,692;2025-03-04 20:10:00.0;0,00
PATO BRANCO;411850103A;PR;Fraron;-26,198;-52,692;2025-03-04 21:10:00.0;0,00
PATO BRANCO;411850103A;PR;Fraron;-26,198;-52,692;2025-03-04 22:10:00.0;0,00
PATO BRANCO;411850103A;PR;Fraron;-26,198;-52,692;2025-03-04 23:10:00.0;0,00
PATO BRANCO;411850103A;PR;Fraron;-26,198;-52,692;2025-03-05 00:10:00.0;0,00
PATO BRANCO;411850103A;PR;Fraron;-26,198;-52,692;2025-03-05 01:10:00.0;0,00
PATO BRANCO;411850103A;PR;Fraron;-26,198;-52,692;2025-03-05 02:10:00.0;0,00
PATO BRANCO;411850103A;PR;Fraron;-26,198;-52,692;2025-03-05 03:10:00.0;0,00
PATO BRANCO;411850103A;PR;Fraron;-26,198;-52,692;2025-03-05 04:10:00.0;0,00
PATO BRANCO;411850103A;PR;Fraron;-26,198;-52,692;2025-03-05 05:10:00.0;0,00
PATO BRANCO;411850103A;PR;Fraron;-26,198;-52,692;2025-03-05 06:10:00.0;0,00
PATO BRANCO;411850103A;PR;Fraron;-26,198;-52,692;2025-03-05 07:10:00.0;0,00
PATO BRANCO;411850103A;PR;Fraron;-26,198;-52,692;2025-03-05 08:10:00.0;0,00
PATO BRANCO;411850103A;PR;Fraron;-26,198;-52,692;2025-03-05 09:10:00.0;0,00
PATO BRANCO;411850103A;PR;Fraron;-26,198;-52,692;2025-03-05 10:10:00.0;0,00
PATO BRANCO;411850103A;PR;Fraron;-26,198;-52,692;2025-03-05 11:10:00.0;0,00
PATO BRANCO;411850103A;PR;Fraron;-26,198;-52,692;2025-03-05 12:10:00.0;0,00
PATO BRANCO;411850103A;PR;Fraron;-26,198;-52,692;2025-03-05 13:10:00.0;0,00
PATO BRANCO;411850103A;PR;Fraron;-26,198;-52,692;2025-03-05 14:10:00.0;0,00
PATO BRANCO;411850103A;PR;Fraron;-26,198;-52,692;2025-03-05 15:10:00.0;0,00
PATO BRANCO;411850103A;PR;Fraron;-26,198;-52,692;2025-03-05 16:10:00.0;0,00
PATO BRANCO;411850103A;PR;Fraron;-26,198;-52,692;2025-03-05 17:10:00.0;0,00
PATO BRANCO;411850103A;PR;Fraron;-26,198;-52,692;2025-03-05 18:10:00.0;0,00
PATO BRANCO;411850103A;PR;Fraron;-26,198;-52,692;2025-03-05 19:10:00.0;0,00
PATO BRANCO;411850103A;PR;Fraron;-26,198;-52,692;2025-03-05 20:10:00.0;0,00
PATO BRANCO;411850103A;PR;Fraron;-26,198;-52,692;2025-03-05 21:00:00.0;0,20
PATO BRANCO;411850103A;PR;Fraron;-26,198;-52,692;2025-03-05 21:10:00.0;0,20
PATO BRANCO;411850103A;PR;Fraron;-26,198;-52,692;2025-03-05 21:30:00.0;0,39
PATO BRANCO;411850103A;PR;Fraron;-26,198;-52,692;2025-03-05 22:00:00.0;0,39
PATO BRANCO;411850103A;PR;Fraron;-26,198;-52,692;2025-03-05 22:10:00.0;0,20
PATO BRANCO;411850103A;PR;Fraron;-26,198;-52,692;2025-03-05 23:10:00.0;0,00
PATO BRANCO;411850103A;PR;Fraron;-26,198;-52,692;2025-03-06 00:10:00.0;0,00
PATO BRANCO;411850103A;PR;Fraron;-26,198;-52,692;2025-03-06 01:10:00.0;0,00
PATO BRANCO;411850103A;PR;Fraron;-26,198;-52,692;2025-03-06 02:10:00.0;0,00
PATO BRANCO;411850103A;PR;Fraron;-26,198;-52,692;2025-03-06 03:10:00.0;0,00
PATO BRANCO;411850103A;PR;Fraron;-26,198;-52,692;2025-03-06 04:10:00.0;0,00
PATO BRANCO;411850103A;PR;Fraron;-26,198;-52,692;2025-03-06 05:10:00.0;0,00
PATO BRANCO;411850103A;PR;Fraron;-26,198;-52,692;2025-03-06 06:10:00.0;0,00
PATO BRANCO;411850103A;PR;Fraron;-26,198;-52,692;2025-03-06 07:10:00.0;0,00
PATO BRANCO;411850103A;PR;Fraron;-26,198;-52,692;2025-03-06 08:10:00.0;0,00
PATO BRANCO;411850103A;PR;Fraron;-26,198;-52,692;2025-03-06 09:10:00.0;0,00
PATO BRANCO;411850103A;PR;Fraron;-26,198;-52,692;2025-03-06 10:10:00.0;0,00
PATO BRANCO;411850103A;PR;Fraron;-26,198;-52,692;2025-03-06 11:10:00.0;0,00
PATO BRANCO;411850103A;PR;Fraron;-26,198;-52,692;2025-03-06 12:10:00.0;0,00
PATO BRANCO;411850103A;PR;Fraron;-26,198;-52,692;2025-03-06 13:10:00.0;0,00
PATO BRANCO;411850103A;PR;Fraron;-26,198;-52,692;2025-03-06 14:10:00.0;0,00
PATO BRANCO;411850103A;PR;Fraron;-26,198;-52,692;2025-03-06 15:10:00.0;0,00
PATO BRANCO;411850103A;PR;Fraron;-26,198;-52,692;2025-03-06 16:10:00.0;0,00
PATO BRANCO;411850103A;PR;Fraron;-26,198;-52,692;2025-03-06 17:10:00.0;0,00
PATO BRANCO;411850103A;PR;Fraron;-26,198;-52,692;2025-03-06 18:10:00.0;0,00
PATO BRANCO;411850103A;PR;Fraron;-26,198;-52,692;2025-03-06 19:10:00.0;0,00
PATO BRANCO;411850103A;PR;Fraron;-26,198;-52,692;2025-03-06 20:10:00.0;0,00
PATO BRANCO;411850103A;PR;Fraron;-26,198;-52,692;2025-03-06 21:10:00.0;0,00
PATO BRANCO;411850103A;PR;Fraron;-26,198;-52,692;2025-03-06 22:10:00.0;0,00
PATO BRANCO;411850103A;PR;Fraron;-26,198;-52,692;2025-03-06 23:10:00.0;0,00
PATO BRANCO;411850103A;PR;Fraron;-26,198;-52,692;2025-03-07 00:10:00.0;0,00
PATO BRANCO;411850103A;PR;Fraron;-26,198;-52,692;2025-03-07 01:10:00.0;0,00
PATO BRANCO;411850103A;PR;Fraron;-26,198;-52,692;2025-03-07 02:10:00.0;0,00
PATO BRANCO;411850103A;PR;Fraron;-26,198;-52,692;2025-03-07 03:10:00.0;0,00
PATO BRANCO;411850103A;PR;Fraron;-26,198;-52,692;2025-03-07 04:10:00.0;0,00
PATO BRANCO;411850103A;PR;Fraron;-26,198;-52,692;2025-03-07 05:10:00.0;0,00
PATO BRANCO;411850103A;PR;Fraron;-26,198;-52,692;2025-03-07 06:10:00.0;0,00
PATO BRANCO;411850103A;PR;Fraron;-26,198;-52,692;2025-03-07 07:10:00.0;0,00
PATO BRANCO;411850103A;PR;Fraron;-26,198;-52,692;2025-03-07 08:10:00.0;0,00
PATO BRANCO;411850103A;PR;Fraron;-26,198;-52,692;2025-03-07 09:10:00.0;0,00
PATO BRANCO;411850103A;PR;Fraron;-26,198;-52,692;2025-03-07 10:10:00.0;0,00
PATO BRANCO;411850103A;PR;Fraron;-26,198;-52,692;2025-03-07 11:10:00.0;0,00
PATO BRANCO;411850103A;PR;Fraron;-26,198;-52,692;2025-03-07 12:10:00.0;0,00
PATO BRANCO;411850103A;PR;Fraron;-26,198;-52,692;2025-03-07 13:10:00.0;0,00
PATO BRANCO;411850103A;PR;Fraron;-26,198;-52,692;2025-03-07 14:10:00.0;0,00
PATO BRANCO;411850103A;PR;Fraron;-26,198;-52,692;2025-03-07 15:10:00.0;0,00
PATO BRANCO;411850103A;PR;Fraron;-26,198;-52,692;2025-03-07 16:10:00.0;0,00
PATO BRANCO;411850103A;PR;Fraron;-26,198;-52,692;2025-03-07 17:10:00.0;0,00
PATO BRANCO;411850103A;PR;Fraron;-26,198;-52,692;2025-03-07 18:10:00.0;0,00
PATO BRANCO;411850103A;PR;Fraron;-26,198;-52,692;2025-03-07 19:10:00.0;0,00
PATO BRANCO;411850103A;PR;Fraron;-26,198;-52,692;2025-03-07 20:10:00.0;0,00
PATO BRANCO;411850103A;PR;Fraron;-26,198;-52,692;2025-03-07 21:10:00.0;0,00
PATO BRANCO;411850103A;PR;Fraron;-26,198;-52,692;2025-03-07 22:10:00.0;0,00
PATO BRANCO;411850103A;PR;Fraron;-26,198;-52,692;2025-03-07 23:10:00.0;0,00
PATO BRANCO;411850103A;PR;Fraron;-26,198;-52,692;2025-03-08 00:10:00.0;0,00
PATO BRANCO;411850103A;PR;Fraron;-26,198;-52,692;2025-03-08 01:10:00.0;0,00
PATO BRANCO;411850103A;PR;Fraron;-26,198;-52,692;2025-03-08 02:10:00.0;0,00
PATO BRANCO;411850103A;PR;Fraron;-26,198;-52,692;2025-03-08 03:10:00.0;0,00
PATO BRANCO;411850103A;PR;Fraron;-26,198;-52,692;2025-03-08 04:10:00.0;0,00
PATO BRANCO;411850103A;PR;Fraron;-26,198;-52,692;2025-03-08 05:10:00.0;0,00
PATO BRANCO;411850103A;PR;Fraron;-26,198;-52,692;2025-03-08 06:10:00.0;0,00
PATO BRANCO;411850103A;PR;Fraron;-26,198;-52,692;2025-03-08 07:10:00.0;0,00
PATO BRANCO;411850103A;PR;Fraron;-26,198;-52,692;2025-03-08 08:10:00.0;0,00
PATO BRANCO;411850103A;PR;Fraron;-26,198;-52,692;2025-03-08 09:10:00.0;0,00
PATO BRANCO;411850103A;PR;Fraron;-26,198;-52,692;2025-03-08 10:10:00.0;0,00
PATO BRANCO;411850103A;PR;Fraron;-26,198;-52,692;2025-03-08 11:10:00.0;0,00
PATO BRANCO;411850103A;PR;Fraron;-26,198;-52,692;2025-03-08 12:10:00.0;0,00
PATO BRANCO;411850103A;PR;Fraron;-26,198;-52,692;2025-03-08 13:10:00.0;0,00
PATO BRANCO;411850103A;PR;Fraron;-26,198;-52,692;2025-03-08 14:10:00.0;0,00
PATO BRANCO;411850103A;PR;Fraron;-26,198;-52,692;2025-03-08 15:10:00.0;0,00
PATO BRANCO;411850103A;PR;Fraron;-26,198;-52,692;2025-03-08 16:10:00.0;0,00
PATO BRANCO;411850103A;PR;Fraron;-26,198;-52,692;2025-03-08 17:10:00.0;0,00
PATO BRANCO;411850103A;PR;Fraron;-26,198;-52,692;2025-03-08 18:10:00.0;0,00
PATO BRANCO;411850103A;PR;Fraron;-26,198;-52,692;2025-03-08 19:10:00.0;0,00
PATO BRANCO;411850103A;PR;Fraron;-26,198;-52,692;2025-03-08 20:10:00.0;0,00
PATO BRANCO;411850103A;PR;Fraron;-26,198;-52,692;2025-03-08 21:10:00.0;0,00
PATO BRANCO;411850103A;PR;Fraron;-26,198;-52,692;2025-03-08 22:10:00.0;0,00
PATO BRANCO;411850103A;PR;Fraron;-26,198;-52,692;2025-03-08 23:10:00.0;0,00
PATO BRANCO;411850103A;PR;Fraron;-26,198;-52,692;2025-03-09 00:10:00.0;0,00
PATO BRANCO;411850103A;PR;Fraron;-26,198;-52,692;2025-03-09 01:10:00.0;0,00
PATO BRANCO;411850103A;PR;Fraron;-26,198;-52,692;2025-03-09 02:10:00.0;0,00
PATO BRANCO;411850103A;PR;Fraron;-26,198;-52,692;2025-03-09 03:10:00.0;0,00
PATO BRANCO;411850103A;PR;Fraron;-26,198;-52,692;2025-03-09 04:10:00.0;0,00
PATO BRANCO;411850103A;PR;Fraron;-26,198;-52,692;2025-03-09 05:10:00.0;0,00
PATO BRANCO;411850103A;PR;Fraron;-26,198;-52,692;2025-03-09 06:10:00.0;0,00
PATO BRANCO;411850103A;PR;Fraron;-26,198;-52,692;2025-03-09 07:10:00.0;0,00
PATO BRANCO;411850103A;PR;Fraron;-26,198;-52,692;2025-03-09 08:10:00.0;0,00
PATO BRANCO;411850103A;PR;Fraron;-26,198;-52,692;2025-03-09 09:10:00.0;0,00
PATO BRANCO;411850103A;PR;Fraron;-26,198;-52,692;2025-03-09 10:10:00.0;0,00
PATO BRANCO;411850103A;PR;Fraron;-26,198;-52,692;2025-03-09 11:10:00.0;0,00
PATO BRANCO;411850103A;PR;Fraron;-26,198;-52,692;2025-03-09 12:10:00.0;0,00
PATO BRANCO;411850103A;PR;Fraron;-26,198;-52,692;2025-03-09 13:10:00.0;0,00
PATO BRANCO;411850103A;PR;Fraron;-26,198;-52,692;2025-03-09 14:10:00.0;0,00
PATO BRANCO;411850103A;PR;Fraron;-26,198;-52,692;2025-03-09 15:10:00.0;0,00
PATO BRANCO;411850103A;PR;Fraron;-26,198;-52,692;2025-03-09 16:10:00.0;0,00
PATO BRANCO;411850103A;PR;Fraron;-26,198;-52,692;2025-03-09 17:10:00.0;0,00
PATO BRANCO;411850103A;PR;Fraron;-26,198;-52,692;2025-03-09 18:10:00.0;0,00
PATO BRANCO;411850103A;PR;Fraron;-26,198;-52,692;2025-03-09 19:10:00.0;0,00
PATO BRANCO;411850103A;PR;Fraron;-26,198;-52,692;2025-03-09 20:10:00.0;0,00
PATO BRANCO;411850103A;PR;Fraron;-26,198;-52,692;2025-03-09 21:10:00.0;0,00
PATO BRANCO;411850103A;PR;Fraron;-26,198;-52,692;2025-03-09 22:10:00.0;0,00
PATO BRANCO;411850103A;PR;Fraron;-26,198;-52,692;2025-03-09 23:10:00.0;0,00
PATO BRANCO;411850103A;PR;Fraron;-26,198;-52,692;2025-03-10 00:10:00.0;0,00
PATO BRANCO;411850103A;PR;Fraron;-26,198;-52,692;2025-03-10 01:10:00.0;0,00
PATO BRANCO;411850103A;PR;Fraron;-26,198;-52,692;2025-03-10 02:10:00.0;0,00
PATO BRANCO;411850103A;PR;Fraron;-26,198;-52,692;2025-03-10 03:10:00.0;0,00
PATO BRANCO;411850103A;PR;Fraron;-26,198;-52,692;2025-03-10 04:10:00.0;0,00
PATO BRANCO;411850103A;PR;Fraron;-26,198;-52,692;2025-03-10 05:10:00.0;0,00
PATO BRANCO;411850103A;PR;Fraron;-26,198;-52,692;2025-03-10 06:10:00.0;0,00
PATO BRANCO;411850103A;PR;Fraron;-26,198;-52,692;2025-03-10 07:10:00.0;0,00
PATO BRANCO;411850103A;PR;Fraron;-26,198;-52,692;2025-03-10 08:10:00.0;0,00
PATO BRANCO;411850103A;PR;Fraron;-26,198;-52,692;2025-03-10 09:10:00.0;0,00
PATO BRANCO;411850103A;PR;Fraron;-26,198;-52,692;2025-03-10 10:10:00.0;0,00
PATO BRANCO;411850103A;PR;Fraron;-26,198;-52,692;2025-03-10 11:10:00.0;0,00
PATO BRANCO;411850103A;PR;Fraron;-26,198;-52,692;2025-03-10 12:10:00.0;0,00
PATO BRANCO;411850103A;PR;Fraron;-26,198;-52,692;2025-03-10 13:10:00.0;0,00
PATO BRANCO;411850103A;PR;Fraron;-26,198;-52,692;2025-03-10 14:10:00.0;0,00
PATO BRANCO;411850103A;PR;Fraron;-26,198;-52,692;2025-03-10 15:10:00.0;0,00
PATO BRANCO;411850103A;PR;Fraron;-26,198;-52,692;2025-03-10 16:10:00.0;0,00
PATO BRANCO;411850103A;PR;Fraron;-26,198;-52,692;2025-03-10 18:10:00.0;0,00
PATO BRANCO;411850103A;PR;Fraron;-26,198;-52,692;2025-03-10 19:10:00.0;0,00
PATO BRANCO;411850103A;PR;Fraron;-26,198;-52,692;2025-03-10 20:10:00.0;0,00
PATO BRANCO;411850103A;PR;Fraron;-26,198;-52,692;2025-03-10 21:10:00.0;0,00
PATO BRANCO;411850103A;PR;Fraron;-26,198;-52,692;2025-03-10 22:10:00.0;0,00
PATO BRANCO;411850103A;PR;Fraron;-26,198;-52,692;2025-03-10 23:10:00.0;0,00
PATO BRANCO;411850103A;PR;Fraron;-26,198;-52,692;2025-03-11 00:10:00.0;0,00
PATO BRANCO;411850103A;PR;Fraron;-26,198;-52,692;2025-03-11 01:10:00.0;0,00
PATO BRANCO;411850103A;PR;Fraron;-26,198;-52,692;2025-03-11 02:10:00.0;0,00
PATO BRANCO;411850103A;PR;Fraron;-26,198;-52,692;2025-03-11 03:10:00.0;0,00
PATO BRANCO;411850103A;PR;Fraron;-26,198;-52,692;2025-03-11 04:10:00.0;0,00
PATO BRANCO;411850103A;PR;Fraron;-26,198;-52,692;2025-03-11 05:10:00.0;0,00
PATO BRANCO;411850103A;PR;Fraron;-26,198;-52,692;2025-03-11 06:10:00.0;0,00
PATO BRANCO;411850103A;PR;Fraron;-26,198;-52,692;2025-03-11 07:10:00.0;0,00
PATO BRANCO;411850103A;PR;Fraron;-26,198;-52,692;2025-03-11 08:10:00.0;0,00
PATO BRANCO;411850103A;PR;Fraron;-26,198;-52,692;2025-03-11 09:10:00.0;0,00
PATO BRANCO;411850103A;PR;Fraron;-26,198;-52,692;2025-03-11 10:10:00.0;0,00
PATO BRANCO;411850103A;PR;Fraron;-26,198;-52,692;2025-03-11 11:10:00.0;0,00
PATO BRANCO;411850103A;PR;Fraron;-26,198;-52,692;2025-03-11 11:30:00.0;0,59
PATO BRANCO;411850103A;PR;Fraron;-26,198;-52,692;2025-03-11 12:10:00.0;0,00
PATO BRANCO;411850103A;PR;Fraron;-26,198;-52,692;2025-03-11 12:40:00.0;1,38
PATO BRANCO;411850103A;PR;Fraron;-26,198;-52,692;2025-03-11 12:50:00.0;2,36
PATO BRANCO;411850103A;PR;Fraron;-26,198;-52,692;2025-03-11 13:00:00.0;1,18
PATO BRANCO;411850103A;PR;Fraron;-26,198;-52,692;2025-03-11 13:10:00.0;0,98
PATO BRANCO;411850103A;PR;Fraron;-26,198;-52,692;2025-03-11 13:20:00.0;0,79
PATO BRANCO;411850103A;PR;Fraron;-26,198;-52,692;2025-03-11 13:30:00.0;0,79
PATO BRANCO;411850103A;PR;Fraron;-26,198;-52,692;2025-03-11 13:40:00.0;0,39
PATO BRANCO;411850103A;PR;Fraron;-26,198;-52,692;2025-03-11 13:50:00.0;0,20
PATO BRANCO;411850103A;PR;Fraron;-26,198;-52,692;2025-03-11 14:10:00.0;0,00
PATO BRANCO;411850103A;PR;Fraron;-26,198;-52,692;2025-03-11 15:10:00.0;0,20
PATO BRANCO;411850103A;PR;Fraron;-26,198;-52,692;2025-03-11 16:10:00.0;0,00
PATO BRANCO;411850103A;PR;Fraron;-26,198;-52,692;2025-03-11 17:10:00.0;0,00
PATO BRANCO;411850103A;PR;Fraron;-26,198;-52,692;2025-03-11 18:10:00.0;0,00
PATO BRANCO;411850103A;PR;Fraron;-26,198;-52,692;2025-03-11 19:10:00.0;0,00
PATO BRANCO;411850103A;PR;Fraron;-26,198;-52,692;2025-03-11 19:20:00.0;0,20
PATO BRANCO;411850103A;PR;Fraron;-26,198;-52,692;2025-03-11 19:30:00.0;0,20
PATO BRANCO;411850103A;PR;Fraron;-26,198;-52,692;2025-03-11 19:40:00.0;0,39
PATO BRANCO;411850103A;PR;Fraron;-26,198;-52,692;2025-03-11 19:50:00.0;0,20
PATO BRANCO;411850103A;PR;Fraron;-26,198;-52,692;2025-03-11 20:00:00.0;0,20
PATO BRANCO;411850103A;PR;Fraron;-26,198;-52,692;2025-03-11 20:10:00.0;0,20
PATO BRANCO;411850103A;PR;Fraron;-26,198;-52,692;2025-03-11 20:30:00.0;0,20
PATO BRANCO;411850103A;PR;Fraron;-26,198;-52,692;2025-03-11 21:10:00.0;0,20
PATO BRANCO;411850103A;PR;Fraron;-26,198;-52,692;2025-03-11 22:10:00.0;0,00
PATO BRANCO;411850103A;PR;Fraron;-26,198;-52,692;2025-03-11 23:10:00.0;0,00
PATO BRANCO;411850103A;PR;Fraron;-26,198;-52,692;2025-03-12 00:10:00.0;0,20
PATO BRANCO;411850103A;PR;Fraron;-26,198;-52,692;2025-03-12 00:20:00.0;0,00
PATO BRANCO;411850103A;PR;Fraron;-26,198;-52,692;2025-03-12 01:10:00.0;0,00
PATO BRANCO;411850103A;PR;Fraron;-26,198;-52,692;2025-03-12 02:10:00.0;0,00
PATO BRANCO;411850103A;PR;Fraron;-26,198;-52,692;2025-03-12 03:10:00.0;0,00
PATO BRANCO;411850103A;PR;Fraron;-26,198;-52,692;2025-03-12 04:10:00.0;0,00
PATO BRANCO;411850103A;PR;Fraron;-26,198;-52,692;2025-03-12 05:10:00.0;0,00
PATO BRANCO;411850103A;PR;Fraron;-26,198;-52,692;2025-03-12 06:10:00.0;0,00
PATO BRANCO;411850103A;PR;Fraron;-26,198;-52,692;2025-03-12 07:10:00.0;0,00
PATO BRANCO;411850103A;PR;Fraron;-26,198;-52,692;2025-03-12 08:10:00.0;0,00
PATO BRANCO;411850103A;PR;Fraron;-26,198;-52,692;2025-03-12 09:10:00.0;0,20
PATO BRANCO;411850103A;PR;Fraron;-26,198;-52,692;2025-03-12 10:10:00.0;0,00
PATO BRANCO;411850103A;PR;Fraron;-26,198;-52,692;2025-03-12 11:10:00.0;0,00
PATO BRANCO;411850103A;PR;Fraron;-26,198;-52,692;2025-03-12 12:10:00.0;0,00
PATO BRANCO;411850103A;PR;Fraron;-26,198;-52,692;2025-03-12 13:10:00.0;0,00
PATO BRANCO;411850103A;PR;Fraron;-26,198;-52,692;2025-03-12 14:10:00.0;0,00
PATO BRANCO;411850103A;PR;Fraron;-26,198;-52,692;2025-03-12 15:10:00.0;0,00
PATO BRANCO;411850103A;PR;Fraron;-26,198;-52,692;2025-03-12 16:10:00.0;0,00
PATO BRANCO;411850103A;PR;Fraron;-26,198;-52,692;2025-03-12 17:10:00.0;0,00
PATO BRANCO;411850103A;PR;Fraron;-26,198;-52,692;2025-03-12 18:10:00.0;0,00
PATO BRANCO;411850103A;PR;Fraron;-26,198;-52,692;2025-03-12 19:10:00.0;0,00
PATO BRANCO;411850103A;PR;Fraron;-26,198;-52,692;2025-03-12 20:10:00.0;0,00
PATO BRANCO;411850103A;PR;Fraron;-26,198;-52,692;2025-03-12 21:10:00.0;0,00
PATO BRANCO;411850103A;PR;Fraron;-26,198;-52,692;2025-03-12 22:10:00.0;0,00
PATO BRANCO;411850103A;PR;Fraron;-26,198;-52,692;2025-03-12 23:10:00.0;0,00
PATO BRANCO;411850103A;PR;Fraron;-26,198;-52,692;2025-03-13 00:10:00.0;0,00
PATO BRANCO;411850103A;PR;Fraron;-26,198;-52,692;2025-03-13 01:10:00.0;0,00
PATO BRANCO;411850103A;PR;Fraron;-26,198;-52,692;2025-03-13 03:10:00.0;0,00
PATO BRANCO;411850103A;PR;Fraron;-26,198;-52,692;2025-03-13 05:10:00.0;0,00
PATO BRANCO;411850103A;PR;Fraron;-26,198;-52,692;2025-03-13 06:10:00.0;0,00
PATO BRANCO;411850103A;PR;Fraron;-26,198;-52,692;2025-03-13 07:10:00.0;0,00
PATO BRANCO;411850103A;PR;Fraron;-26,198;-52,692;2025-03-13 08:10:00.0;0,00
PATO BRANCO;411850103A;PR;Fraron;-26,198;-52,692;2025-03-13 09:10:00.0;0,00
PATO BRANCO;411850103A;PR;Fraron;-26,198;-52,692;2025-03-13 10:10:00.0;0,00
PATO BRANCO;411850103A;PR;Fraron;-26,198;-52,692;2025-03-13 11:10:00.0;0,00
PATO BRANCO;411850103A;PR;Fraron;-26,198;-52,692;2025-03-13 12:10:00.0;0,00
PATO BRANCO;411850103A;PR;Fraron;-26,198;-52,692;2025-03-13 13:10:00.0;0,00
PATO BRANCO;411850103A;PR;Fraron;-26,198;-52,692;2025-03-13 14:10:00.0;0,00
PATO BRANCO;411850103A;PR;Fraron;-26,198;-52,692;2025-03-13 15:10:00.0;0,20
PATO BRANCO;411850103A;PR;Fraron;-26,198;-52,692;2025-03-13 15:40:00.0;0,20
PATO BRANCO;411850103A;PR;Fraron;-26,198;-52,692;2025-03-13 16:10:00.0;0,00
PATO BRANCO;411850103A;PR;Fraron;-26,198;-52,692;2025-03-13 16:20:00.0;0,20
PATO BRANCO;411850103A;PR;Fraron;-26,198;-52,692;2025-03-13 16:40:00.0;0,20
PATO BRANCO;411850103A;PR;Fraron;-26,198;-52,692;2025-03-13 17:10:00.0;0,20
PATO BRANCO;411850103A;PR;Fraron;-26,198;-52,692;2025-03-13 18:10:00.0;0,00
PATO BRANCO;411850103A;PR;Fraron;-26,198;-52,692;2025-03-13 19:10:00.0;0,00
PATO BRANCO;411850103A;PR;Fraron;-26,198;-52,692;2025-03-13 20:10:00.0;0,00
PATO BRANCO;411850103A;PR;Fraron;-26,198;-52,692;2025-03-13 21:10:00.0;0,00
PATO BRANCO;411850103A;PR;Fraron;-26,198;-52,692;2025-03-13 22:10:00.0;0,00
PATO BRANCO;411850103A;PR;Fraron;-26,198;-52,692;2025-03-13 23:10:00.0;0,00
PATO BRANCO;411850103A;PR;Fraron;-26,198;-52,692;2025-03-14 00:10:00.0;0,00
PATO BRANCO;411850103A;PR;Fraron;-26,198;-52,692;2025-03-14 01:10:00.0;0,00
PATO BRANCO;411850103A;PR;Fraron;-26,198;-52,692;2025-03-14 02:10:00.0;0,00
PATO BRANCO;411850103A;PR;Fraron;-26,198;-52,692;2025-03-14 03:10:00.0;0,00
PATO BRANCO;411850103A;PR;Fraron;-26,198;-52,692;2025-03-14 04:10:00.0;0,00
PATO BRANCO;411850103A;PR;Fraron;-26,198;-52,692;2025-03-14 05:10:00.0;0,00
PATO BRANCO;411850103A;PR;Fraron;-26,198;-52,692;2025-03-14 06:10:00.0;0,00
PATO BRANCO;411850103A;PR;Fraron;-26,198;-52,692;2025-03-14 07:10:00.0;0,00
PATO BRANCO;411850103A;PR;Fraron;-26,198;-52,692;2025-03-14 08:10:00.0;0,00
PATO BRANCO;411850103A;PR;Fraron;-26,198;-52,692;2025-03-14 09:10:00.0;0,00
PATO BRANCO;411850103A;PR;Fraron;-26,198;-52,692;2025-03-14 10:10:00.0;0,00
PATO BRANCO;411850103A;PR;Fraron;-26,198;-52,692;2025-03-14 11:10:00.0;0,00
PATO BRANCO;411850103A;PR;Fraron;-26,198;-52,692;2025-03-14 12:10:00.0;0,00
PATO BRANCO;411850103A;PR;Fraron;-26,198;-52,692;2025-03-14 13:10:00.0;0,00
PATO BRANCO;411850103A;PR;Fraron;-26,198;-52,692;2025-03-14 14:10:00.0;0,00
PATO BRANCO;411850103A;PR;Fraron;-26,198;-52,692;2025-03-14 15:10:00.0;0,00
PATO BRANCO;411850103A;PR;Fraron;-26,198;-52,692;2025-03-14 16:10:00.0;0,00
PATO BRANCO;411850103A;PR;Fraron;-26,198;-52,692;2025-03-14 17:10:00.0;0,00
PATO BRANCO;411850103A;PR;Fraron;-26,198;-52,692;2025-03-14 18:10:00.0;0,00
PATO BRANCO;411850103A;PR;Fraron;-26,198;-52,692;2025-03-14 19:10:00.0;0,00
PATO BRANCO;411850103A;PR;Fraron;-26,198;-52,692;2025-03-14 20:10:00.0;0,00
PATO BRANCO;411850103A;PR;Fraron;-26,198;-52,692;2025-03-14 21:10:00.0;0,00
PATO BRANCO;411850103A;PR;Fraron;-26,198;-52,692;2025-03-14 22:10:00.0;0,00
PATO BRANCO;411850103A;PR;Fraron;-26,198;-52,692;2025-03-14 23:10:00.0;0,00
PATO BRANCO;411850103A;PR;Fraron;-26,198;-52,692;2025-03-15 00:10:00.0;0,00
PATO BRANCO;411850103A;PR;Fraron;-26,198;-52,692;2025-03-15 01:10:00.0;0,00
PATO BRANCO;411850103A;PR;Fraron;-26,198;-52,692;2025-03-15 02:10:00.0;0,00
PATO BRANCO;411850103A;PR;Fraron;-26,198;-52,692;2025-03-15 03:10:00.0;0,00
PATO BRANCO;411850103A;PR;Fraron;-26,198;-52,692;2025-03-15 04:10:00.0;0,00
PATO BRANCO;411850103A;PR;Fraron;-26,198;-52,692;2025-03-15 05:10:00.0;0,00
PATO BRANCO;411850103A;PR;Fraron;-26,198;-52,692;2025-03-15 06:10:00.0;0,00
PATO BRANCO;411850103A;PR;Fraron;-26,198;-52,692;2025-03-15 07:10:00.0;0,00
PATO BRANCO;411850103A;PR;Fraron;-26,198;-52,692;2025-03-15 08:10:00.0;0,00
PATO BRANCO;411850103A;PR;Fraron;-26,198;-52,692;2025-03-15 09:10:00.0;0,00
PATO BRANCO;411850103A;PR;Fraron;-26,198;-52,692;2025-03-15 10:10:00.0;0,00
PATO BRANCO;411850103A;PR;Fraron;-26,198;-52,692;2025-03-15 11:10:00.0;0,00
PATO BRANCO;411850103A;PR;Fraron;-26,198;-52,692;2025-03-15 12:10:00.0;0,00
PATO BRANCO;411850103A;PR;Fraron;-26,198;-52,692;2025-03-15 13:10:00.0;0,39
PATO BRANCO;411850103A;PR;Fraron;-26,198;-52,692;2025-03-15 14:10:00.0;0,00
PATO BRANCO;411850103A;PR;Fraron;-26,198;-52,692;2025-03-15 14:40:00.0;0,20
PATO BRANCO;411850103A;PR;Fraron;-26,198;-52,692;2025-03-15 14:50:00.0;0,20
PATO BRANCO;411850103A;PR;Fraron;-26,198;-52,692;2025-03-15 15:00:00.0;0,20
PATO BRANCO;411850103A;PR;Fraron;-26,198;-52,692;2025-03-15 15:10:00.0;0,20
PATO BRANCO;411850103A;PR;Fraron;-26,198;-52,692;2025-03-15 16:10:00.0;0,20
PATO BRANCO;411850103A;PR;Fraron;-26,198;-52,692;2025-03-15 16:20:00.0;0,20
PATO BRANCO;411850103A;PR;Fraron;-26,198;-52,692;2025-03-15 16:40:00.0;0,20
PATO BRANCO;411850103A;PR;Fraron;-26,198;-52,692;2025-03-15 17:10:00.0;0,00
PATO BRANCO;411850103A;PR;Fraron;-26,198;-52,692;2025-03-15 18:10:00.0;0,00
PATO BRANCO;411850103A;PR;Fraron;-26,198;-52,692;2025-03-15 19:10:00.0;0,00
PATO BRANCO;411850103A;PR;Fraron;-26,198;-52,692;2025-03-15 20:10:00.0;0,00
PATO BRANCO;411850103A;PR;Fraron;-26,198;-52,692;2025-03-15 21:10:00.0;0,00
PATO BRANCO;411850103A;PR;Fraron;-26,198;-52,692;2025-03-15 22:10:00.0;0,00
PATO BRANCO;411850103A;PR;Fraron;-26,198;-52,692;2025-03-15 23:10:00.0;0,00
PATO BRANCO;411850103A;PR;Fraron;-26,198;-52,692;2025-03-16 00:10:00.0;0,00
PATO BRANCO;411850103A;PR;Fraron;-26,198;-52,692;2025-03-16 01:10:00.0;0,00
PATO BRANCO;411850103A;PR;Fraron;-26,198;-52,692;2025-03-16 02:10:00.0;0,00
PATO BRANCO;411850103A;PR;Fraron;-26,198;-52,692;2025-03-16 04:10:00.0;0,00
PATO BRANCO;411850103A;PR;Fraron;-26,198;-52,692;2025-03-16 05:10:00.0;0,00
PATO BRANCO;411850103A;PR;Fraron;-26,198;-52,692;2025-03-16 06:10:00.0;0,00
PATO BRANCO;411850103A;PR;Fraron;-26,198;-52,692;2025-03-16 07:10:00.0;0,00
PATO BRANCO;411850103A;PR;Fraron;-26,198;-52,692;2025-03-16 08:10:00.0;0,00
PATO BRANCO;411850103A;PR;Fraron;-26,198;-52,692;2025-03-16 09:10:00.0;0,00
PATO BRANCO;411850103A;PR;Fraron;-26,198;-52,692;2025-03-16 10:10:00.0;0,00
PATO BRANCO;411850103A;PR;Fraron;-26,198;-52,692;2025-03-16 11:10:00.0;0,00
PATO BRANCO;411850103A;PR;Fraron;-26,198;-52,692;2025-03-16 12:10:00.0;0,00
PATO BRANCO;411850103A;PR;Fraron;-26,198;-52,692;2025-03-16 13:10:00.0;0,00
PATO BRANCO;411850103A;PR;Fraron;-26,198;-52,692;2025-03-16 14:10:00.0;0,00
PATO BRANCO;411850103A;PR;Fraron;-26,198;-52,692;2025-03-16 15:10:00.0;0,00
PATO BRANCO;411850103A;PR;Fraron;-26,198;-52,692;2025-03-16 16:10:00.0;0,00
PATO BRANCO;411850103A;PR;Fraron;-26,198;-52,692;2025-03-16 17:10:00.0;0,00
PATO BRANCO;411850103A;PR;Fraron;-26,198;-52,692;2025-03-16 18:10:00.0;0,00
PATO BRANCO;411850103A;PR;Fraron;-26,198;-52,692;2025-03-16 19:10:00.0;0,00
PATO BRANCO;411850103A;PR;Fraron;-26,198;-52,692;2025-03-16 20:10:00.0;0,00
PATO BRANCO;411850103A;PR;Fraron;-26,198;-52,692;2025-03-16 21:10:00.0;0,00
PATO BRANCO;411850103A;PR;Fraron;-26,198;-52,692;2025-03-16 22:10:00.0;0,00
PATO BRANCO;411850103A;PR;Fraron;-26,198;-52,692;2025-03-16 23:10:00.0;0,00
PATO BRANCO;411850103A;PR;Fraron;-26,198;-52,692;2025-03-17 00:10:00.0;0,00
PATO BRANCO;411850103A;PR;Fraron;-26,198;-52,692;2025-03-17 01:10:00.0;0,00
PATO BRANCO;411850103A;PR;Fraron;-26,198;-52,692;2025-03-17 02:10:00.0;0,00
PATO BRANCO;411850103A;PR;Fraron;-26,198;-52,692;2025-03-17 03:10:00.0;0,00
PATO BRANCO;411850103A;PR;Fraron;-26,198;-52,692;2025-03-17 04:10:00.0;0,00
PATO BRANCO;411850103A;PR;Fraron;-26,198;-52,692;2025-03-17 05:10:00.0;0,00
PATO BRANCO;411850103A;PR;Fraron;-26,198;-52,692;2025-03-17 06:10:00.0;0,00
PATO BRANCO;411850103A;PR;Fraron;-26,198;-52,692;2025-03-17 07:10:00.0;0,00
PATO BRANCO;411850103A;PR;Fraron;-26,198;-52,692;2025-03-17 08:10:00.0;0,00
PATO BRANCO;411850103A;PR;Fraron;-26,198;-52,692;2025-03-17 09:10:00.0;0,00
PATO BRANCO;411850103A;PR;Fraron;-26,198;-52,692;2025-03-17 10:10:00.0;0,00
PATO BRANCO;411850103A;PR;Fraron;-26,198;-52,692;2025-03-17 11:10:00.0;0,00
PATO BRANCO;411850103A;PR;Fraron;-26,198;-52,692;2025-03-17 12:10:00.0;0,00
PATO BRANCO;411850103A;PR;Fraron;-26,198;-52,692;2025-03-17 13:10:00.0;0,00
PATO BRANCO;411850103A;PR;Fraron;-26,198;-52,692;2025-03-17 14:10:00.0;0,00
PATO BRANCO;411850103A;PR;Fraron;-26,198;-52,692;2025-03-17 15:10:00.0;0,00
PATO BRANCO;411850103A;PR;Fraron;-26,198;-52,692;2025-03-17 16:10:00.0;0,00
PATO BRANCO;411850103A;PR;Fraron;-26,198;-52,692;2025-03-17 17:10:00.0;0,00
PATO BRANCO;411850103A;PR;Fraron;-26,198;-52,692;2025-03-17 18:10:00.0;0,00
PATO BRANCO;411850103A;PR;Fraron;-26,198;-52,692;2025-03-17 19:10:00.0;0,00
PATO BRANCO;411850103A;PR;Fraron;-26,198;-52,692;2025-03-17 20:10:00.0;0,00
PATO BRANCO;411850103A;PR;Fraron;-26,198;-52,692;2025-03-17 21:10:00.0;0,00
PATO BRANCO;411850103A;PR;Fraron;-26,198;-52,692;2025-03-17 22:10:00.0;0,00
PATO BRANCO;411850103A;PR;Fraron;-26,198;-52,692;2025-03-17 23:10:00.0;0,00
PATO BRANCO;411850103A;PR;Fraron;-26,198;-52,692;2025-03-18 00:10:00.0;0,00
PATO BRANCO;411850103A;PR;Fraron;-26,198;-52,692;2025-03-18 01:10:00.0;0,00
PATO BRANCO;411850103A;PR;Fraron;-26,198;-52,692;2025-03-18 02:10:00.0;0,00
PATO BRANCO;411850103A;PR;Fraron;-26,198;-52,692;2025-03-18 03:10:00.0;0,00
PATO BRANCO;411850103A;PR;Fraron;-26,198;-52,692;2025-03-18 04:10:00.0;0,00
PATO BRANCO;411850103A;PR;Fraron;-26,198;-52,692;2025-03-18 05:10:00.0;0,00
PATO BRANCO;411850103A;PR;Fraron;-26,198;-52,692;2025-03-18 06:10:00.0;0,00
PATO BRANCO;411850103A;PR;Fraron;-26,198;-52,692;2025-03-18 07:10:00.0;0,00
PATO BRANCO;411850103A;PR;Fraron;-26,198;-52,692;2025-03-18 08:10:00.0;0,00
PATO BRANCO;411850103A;PR;Fraron;-26,198;-52,692;2025-03-18 09:10:00.0;0,00
PATO BRANCO;411850103A;PR;Fraron;-26,198;-52,692;2025-03-18 10:10:00.0;0,00
PATO BRANCO;411850103A;PR;Fraron;-26,198;-52,692;2025-03-18 11:10:00.0;0,00
PATO BRANCO;411850103A;PR;Fraron;-26,198;-52,692;2025-03-18 12:10:00.0;0,00
PATO BRANCO;411850103A;PR;Fraron;-26,198;-52,692;2025-03-18 13:10:00.0;0,00
PATO BRANCO;411850103A;PR;Fraron;-26,198;-52,692;2025-03-18 14:10:00.0;0,00
PATO BRANCO;411850103A;PR;Fraron;-26,198;-52,692;2025-03-18 15:10:00.0;0,00
PATO BRANCO;411850103A;PR;Fraron;-26,198;-52,692;2025-03-18 16:10:00.0;0,00
PATO BRANCO;411850103A;PR;Fraron;-26,198;-52,692;2025-03-18 17:10:00.0;0,00
PATO BRANCO;411850103A;PR;Fraron;-26,198;-52,692;2025-03-18 18:10:00.0;0,00
PATO BRANCO;411850103A;PR;Fraron;-26,198;-52,692;2025-03-18 19:10:00.0;0,00
PATO BRANCO;411850103A;PR;Fraron;-26,198;-52,692;2025-03-18 20:10:00.0;0,00
PATO BRANCO;411850103A;PR;Fraron;-26,198;-52,692;2025-03-18 21:10:00.0;0,00
PATO BRANCO;411850103A;PR;Fraron;-26,198;-52,692;2025-03-18 22:10:00.0;0,00
PATO BRANCO;411850103A;PR;Fraron;-26,198;-52,692;2025-03-18 23:10:00.0;0,00
PATO BRANCO;411850103A;PR;Fraron;-26,198;-52,692;2025-03-19 00:10:00.0;0,00
PATO BRANCO;411850103A;PR;Fraron;-26,198;-52,692;2025-03-19 01:10:00.0;0,00
PATO BRANCO;411850103A;PR;Fraron;-26,198;-52,692;2025-03-19 02:10:00.0;0,00
PATO BRANCO;411850103A;PR;Fraron;-26,198;-52,692;2025-03-19 03:10:00.0;0,00
PATO BRANCO;411850103A;PR;Fraron;-26,198;-52,692;2025-03-19 04:10:00.0;0,00
PATO BRANCO;411850103A;PR;Fraron;-26,198;-52,692;2025-03-19 05:10:00.0;0,00
PATO BRANCO;411850103A;PR;Fraron;-26,198;-52,692;2025-03-19 06:10:00.0;0,00
PATO BRANCO;411850103A;PR;Fraron;-26,198;-52,692;2025-03-19 07:10:00.0;0,00
PATO BRANCO;411850103A;PR;Fraron;-26,198;-52,692;2025-03-19 08:10:00.0;0,00
PATO BRANCO;411850103A;PR;Fraron;-26,198;-52,692;2025-03-19 09:10:00.0;0,00
PATO BRANCO;411850103A;PR;Fraron;-26,198;-52,692;2025-03-19 10:10:00.0;0,00
PATO BRANCO;411850103A;PR;Fraron;-26,198;-52,692;2025-03-19 11:10:00.0;0,00
PATO BRANCO;411850103A;PR;Fraron;-26,198;-52,692;2025-03-19 12:10:00.0;0,00
PATO BRANCO;411850103A;PR;Fraron;-26,198;-52,692;2025-03-19 13:10:00.0;0,00
PATO BRANCO;411850103A;PR;Fraron;-26,198;-52,692;2025-03-19 14:10:00.0;0,00
PATO BRANCO;411850103A;PR;Fraron;-26,198;-52,692;2025-03-19 15:10:00.0;0,00
PATO BRANCO;411850103A;PR;Fraron;-26,198;-52,692;2025-03-19 16:10:00.0;0,00
PATO BRANCO;411850103A;PR;Fraron;-26,198;-52,692;2025-03-19 17:10:00.0;0,00
PATO BRANCO;411850103A;PR;Fraron;-26,198;-52,692;2025-03-19 18:10:00.0;0,00
PATO BRANCO;411850103A;PR;Fraron;-26,198;-52,692;2025-03-19 19:10:00.0;0,00
PATO BRANCO;411850103A;PR;Fraron;-26,198;-52,692;2025-03-19 20:10:00.0;0,00
PATO BRANCO;411850103A;PR;Fraron;-26,198;-52,692;2025-03-19 21:10:00.0;0,00
PATO BRANCO;411850103A;PR;Fraron;-26,198;-52,692;2025-03-19 22:10:00.0;0,00
PATO BRANCO;411850103A;PR;Fraron;-26,198;-52,692;2025-03-19 23:10:00.0;0,00
PATO BRANCO;411850103A;PR;Fraron;-26,198;-52,692;2025-03-20 00:10:00.0;0,00
PATO BRANCO;411850103A;PR;Fraron;-26,198;-52,692;2025-03-20 01:10:00.0;0,00
PATO BRANCO;411850103A;PR;Fraron;-26,198;-52,692;2025-03-20 02:10:00.0;0,00
PATO BRANCO;411850103A;PR;Fraron;-26,198;-52,692;2025-03-20 03:10:00.0;0,00
PATO BRANCO;411850103A;PR;Fraron;-26,198;-52,692;2025-03-20 04:10:00.0;0,00
PATO BRANCO;411850103A;PR;Fraron;-26,198;-52,692;2025-03-20 05:10:00.0;0,00
PATO BRANCO;411850103A;PR;Fraron;-26,198;-52,692;2025-03-20 06:10:00.0;0,00
PATO BRANCO;411850103A;PR;Fraron;-26,198;-52,692;2025-03-20 07:10:00.0;0,00
PATO BRANCO;411850103A;PR;Fraron;-26,198;-52,692;2025-03-20 08:10:00.0;0,00
PATO BRANCO;411850103A;PR;Fraron;-26,198;-52,692;2025-03-20 09:10:00.0;0,00
PATO BRANCO;411850103A;PR;Fraron;-26,198;-52,692;2025-03-20 10:10:00.0;0,00
PATO BRANCO;411850103A;PR;Fraron;-26,198;-52,692;2025-03-20 11:10:00.0;0,00
PATO BRANCO;411850103A;PR;Fraron;-26,198;-52,692;2025-03-20 12:10:00.0;0,00
PATO BRANCO;411850103A;PR;Fraron;-26,198;-52,692;2025-03-20 13:10:00.0;0,00
PATO BRANCO;411850103A;PR;Fraron;-26,198;-52,692;2025-03-20 14:10:00.0;0,00
PATO BRANCO;411850103A;PR;Fraron;-26,198;-52,692;2025-03-20 15:10:00.0;0,00
PATO BRANCO;411850103A;PR;Fraron;-26,198;-52,692;2025-03-20 16:10:00.0;0,00
PATO BRANCO;411850103A;PR;Fraron;-26,198;-52,692;2025-03-20 17:10:00.0;0,00
PATO BRANCO;411850103A;PR;Fraron;-26,198;-52,692;2025-03-20 18:10:00.0;0,00
PATO BRANCO;411850103A;PR;Fraron;-26,198;-52,692;2025-03-20 19:10:00.0;0,00
PATO BRANCO;411850103A;PR;Fraron;-26,198;-52,692;2025-03-20 20:10:00.0;0,00
PATO BRANCO;411850103A;PR;Fraron;-26,198;-52,692;2025-03-20 21:10:00.0;0,00
PATO BRANCO;411850103A;PR;Fraron;-26,198;-52,692;2025-03-20 22:10:00.0;0,00
PATO BRANCO;411850103A;PR;Fraron;-26,198;-52,692;2025-03-20 23:10:00.0;0,00
PATO BRANCO;411850103A;PR;Fraron;-26,198;-52,692;2025-03-21 00:10:00.0;0,00
PATO BRANCO;411850103A;PR;Fraron;-26,198;-52,692;2025-03-21 01:10:00.0;0,00
PATO BRANCO;411850103A;PR;Fraron;-26,198;-52,692;2025-03-21 02:10:00.0;0,00
PATO BRANCO;411850103A;PR;Fraron;-26,198;-52,692;2025-03-21 03:10:00.0;0,00
PATO BRANCO;411850103A;PR;Fraron;-26,198;-52,692;2025-03-21 04:10:00.0;0,00
PATO BRANCO;411850103A;PR;Fraron;-26,198;-52,692;2025-03-21 05:10:00.0;0,00
PATO BRANCO;411850103A;PR;Fraron;-26,198;-52,692;2025-03-21 06:10:00.0;0,00
PATO BRANCO;411850103A;PR;Fraron;-26,198;-52,692;2025-03-21 07:10:00.0;0,00
PATO BRANCO;411850103A;PR;Fraron;-26,198;-52,692;2025-03-21 08:10:00.0;0,00
PATO BRANCO;411850103A;PR;Fraron;-26,198;-52,692;2025-03-21 09:10:00.0;0,00
PATO BRANCO;411850103A;PR;Fraron;-26,198;-52,692;2025-03-21 10:10:00.0;0,00
PATO BRANCO;411850103A;PR;Fraron;-26,198;-52,692;2025-03-21 11:10:00.0;0,00
PATO BRANCO;411850103A;PR;Fraron;-26,198;-52,692;2025-03-21 12:10:00.0;0,00
PATO BRANCO;411850103A;PR;Fraron;-26,198;-52,692;2025-03-21 13:10:00.0;0,00
PATO BRANCO;411850103A;PR;Fraron;-26,198;-52,692;2025-03-21 14:10:00.0;0,00
PATO BRANCO;411850103A;PR;Fraron;-26,198;-52,692;2025-03-21 15:10:00.0;0,00
PATO BRANCO;411850103A;PR;Fraron;-26,198;-52,692;2025-03-21 16:10:00.0;0,00
PATO BRANCO;411850103A;PR;Fraron;-26,198;-52,692;2025-03-21 17:10:00.0;0,00
PATO BRANCO;411850103A;PR;Fraron;-26,198;-52,692;2025-03-21 18:10:00.0;0,00
PATO BRANCO;411850103A;PR;Fraron;-26,198;-52,692;2025-03-21 19:10:00.0;0,00
PATO BRANCO;411850103A;PR;Fraron;-26,198;-52,692;2025-03-21 20:10:00.0;0,00
PATO BRANCO;411850103A;PR;Fraron;-26,198;-52,692;2025-03-21 21:10:00.0;0,00
PATO BRANCO;411850103A;PR;Fraron;-26,198;-52,692;2025-03-21 22:10:00.0;0,00
PATO BRANCO;411850103A;PR;Fraron;-26,198;-52,692;2025-03-21 23:10:00.0;0,00
PATO BRANCO;411850103A;PR;Fraron;-26,198;-52,692;2025-03-22 00:10:00.0;0,00
PATO BRANCO;411850103A;PR;Fraron;-26,198;-52,692;2025-03-22 01:10:00.0;0,00
PATO BRANCO;411850103A;PR;Fraron;-26,198;-52,692;2025-03-22 02:10:00.0;0,00
PATO BRANCO;411850103A;PR;Fraron;-26,198;-52,692;2025-03-22 03:10:00.0;0,00
PATO BRANCO;411850103A;PR;Fraron;-26,198;-52,692;2025-03-22 04:10:00.0;0,00
PATO BRANCO;411850103A;PR;Fraron;-26,198;-52,692;2025-03-22 05:10:00.0;0,00
PATO BRANCO;411850103A;PR;Fraron;-26,198;-52,692;2025-03-22 06:10:00.0;0,00
PATO BRANCO;411850103A;PR;Fraron;-26,198;-52,692;2025-03-22 07:10:00.0;0,00
PATO BRANCO;411850103A;PR;Fraron;-26,198;-52,692;2025-03-22 08:10:00.0;0,00
PATO BRANCO;411850103A;PR;Fraron;-26,198;-52,692;2025-03-22 09:10:00.0;0,00
PATO BRANCO;411850103A;PR;Fraron;-26,198;-52,692;2025-03-22 10:10:00.0;0,00
PATO BRANCO;411850103A;PR;Fraron;-26,198;-52,692;2025-03-22 11:10:00.0;0,00
PATO BRANCO;411850103A;PR;Fraron;-26,198;-52,692;2025-03-22 12:10:00.0;0,00
PATO BRANCO;411850103A;PR;Fraron;-26,198;-52,692;2025-03-22 13:10:00.0;0,00
PATO BRANCO;411850103A;PR;Fraron;-26,198;-52,692;2025-03-22 14:10:00.0;0,00
PATO BRANCO;411850103A;PR;Fraron;-26,198;-52,692;2025-03-22 15:10:00.0;0,00
PATO BRANCO;411850103A;PR;Fraron;-26,198;-52,692;2025-03-22 16:10:00.0;0,00
PATO BRANCO;411850103A;PR;Fraron;-26,198;-52,692;2025-03-22 17:10:00.0;0,00
PATO BRANCO;411850103A;PR;Fraron;-26,198;-52,692;2025-03-22 18:10:00.0;0,00
PATO BRANCO;411850103A;PR;Fraron;-26,198;-52,692;2025-03-22 19:10:00.0;0,00
PATO BRANCO;411850103A;PR;Fraron;-26,198;-52,692;2025-03-22 20:10:00.0;0,00
PATO BRANCO;411850103A;PR;Fraron;-26,198;-52,692;2025-03-22 21:10:00.0;0,00
PATO BRANCO;411850103A;PR;Fraron;-26,198;-52,692;2025-03-22 22:10:00.0;0,00
PATO BRANCO;411850103A;PR;Fraron;-26,198;-52,692;2025-03-22 23:10:00.0;0,00
PATO BRANCO;411850103A;PR;Fraron;-26,198;-52,692;2025-03-23 00:10:00.0;0,00
PATO BRANCO;411850103A;PR;Fraron;-26,198;-52,692;2025-03-23 01:10:00.0;0,00
PATO BRANCO;411850103A;PR;Fraron;-26,198;-52,692;2025-03-23 02:10:00.0;0,00
PATO BRANCO;411850103A;PR;Fraron;-26,198;-52,692;2025-03-23 03:10:00.0;0,00
PATO BRANCO;411850103A;PR;Fraron;-26,198;-52,692;2025-03-23 04:10:00.0;0,00
PATO BRANCO;411850103A;PR;Fraron;-26,198;-52,692;2025-03-23 05:10:00.0;0,00
PATO BRANCO;411850103A;PR;Fraron;-26,198;-52,692;2025-03-23 06:10:00.0;0,00
PATO BRANCO;411850103A;PR;Fraron;-26,198;-52,692;2025-03-23 07:10:00.0;0,00
PATO BRANCO;411850103A;PR;Fraron;-26,198;-52,692;2025-03-23 08:10:00.0;0,00
PATO BRANCO;411850103A;PR;Fraron;-26,198;-52,692;2025-03-23 09:10:00.0;0,00
PATO BRANCO;411850103A;PR;Fraron;-26,198;-52,692;2025-03-23 10:10:00.0;0,00
PATO BRANCO;411850103A;PR;Fraron;-26,198;-52,692;2025-03-23 11:10:00.0;0,00
PATO BRANCO;411850103A;PR;Fraron;-26,198;-52,692;2025-03-23 12:10:00.0;0,00
PATO BRANCO;411850103A;PR;Fraron;-26,198;-52,692;2025-03-23 13:10:00.0;0,00
PATO BRANCO;411850103A;PR;Fraron;-26,198;-52,692;2025-03-23 14:10:00.0;0,00
PATO BRANCO;411850103A;PR;Fraron;-26,198;-52,692;2025-03-23 15:10:00.0;0,00
PATO BRANCO;411850103A;PR;Fraron;-26,198;-52,692;2025-03-23 16:10:00.0;0,00
PATO BRANCO;411850103A;PR;Fraron;-26,198;-52,692;2025-03-23 17:10:00.0;0,00
PATO BRANCO;411850103A;PR;Fraron;-26,198;-52,692;2025-03-23 18:10:00.0;0,00
PATO BRANCO;411850103A;PR;Fraron;-26,198;-52,692;2025-03-23 19:10:00.0;0,00
PATO BRANCO;411850103A;PR;Fraron;-26,198;-52,692;2025-03-23 20:10:00.0;0,00
PATO BRANCO;411850103A;PR;Fraron;-26,198;-52,692;2025-03-23 21:10:00.0;0,00
PATO BRANCO;411850103A;PR;Fraron;-26,198;-52,692;2025-03-23 22:10:00.0;0,00
PATO BRANCO;411850103A;PR;Fraron;-26,198;-52,692;2025-03-23 23:10:00.0;0,00
PATO BRANCO;411850103A;PR;Fraron;-26,198;-52,692;2025-03-24 00:10:00.0;0,00
PATO BRANCO;411850103A;PR;Fraron;-26,198;-52,692;2025-03-24 01:10:00.0;0,00
PATO BRANCO;411850103A;PR;Fraron;-26,198;-52,692;2025-03-24 02:10:00.0;0,00
PATO BRANCO;411850103A;PR;Fraron;-26,198;-52,692;2025-03-24 03:10:00.0;0,00
PATO BRANCO;411850103A;PR;Fraron;-26,198;-52,692;2025-03-24 04:10:00.0;0,00
PATO BRANCO;411850103A;PR;Fraron;-26,198;-52,692;2025-03-24 05:10:00.0;0,00
PATO BRANCO;411850103A;PR;Fraron;-26,198;-52,692;2025-03-24 06:10:00.0;0,00
PATO BRANCO;411850103A;PR;Fraron;-26,198;-52,692;2025-03-24 07:10:00.0;0,00
PATO BRANCO;411850103A;PR;Fraron;-26,198;-52,692;2025-03-24 08:10:00.0;0,00
PATO BRANCO;411850103A;PR;Fraron;-26,198;-52,692;2025-03-24 09:10:00.0;0,00
PATO BRANCO;411850103A;PR;Fraron;-26,198;-52,692;2025-03-24 10:10:00.0;0,00
PATO BRANCO;411850103A;PR;Fraron;-26,198;-52,692;2025-03-24 11:10:00.0;0,00
PATO BRANCO;411850103A;PR;Fraron;-26,198;-52,692;2025-03-24 12:10:00.0;0,00
PATO BRANCO;411850103A;PR;Fraron;-26,198;-52,692;2025-03-24 13:10:00.0;0,00
PATO BRANCO;411850103A;PR;Fraron;-26,198;-52,692;2025-03-24 14:10:00.0;0,00
PATO BRANCO;411850103A;PR;Fraron;-26,198;-52,692;2025-03-24 15:10:00.0;0,00
PATO BRANCO;411850103A;PR;Fraron;-26,198;-52,692;2025-03-24 16:10:00.0;0,00
PATO BRANCO;411850103A;PR;Fraron;-26,198;-52,692;2025-03-24 17:10:00.0;0,00
PATO BRANCO;411850103A;PR;Fraron;-26,198;-52,692;2025-03-24 18:10:00.0;0,00
PATO BRANCO;411850103A;PR;Fraron;-26,198;-52,692;2025-03-24 19:10:00.0;0,00
PATO BRANCO;411850103A;PR;Fraron;-26,198;-52,692;2025-03-24 20:10:00.0;0,00
PATO BRANCO;411850103A;PR;Fraron;-26,198;-52,692;2025-03-24 21:10:00.0;0,00
PATO BRANCO;411850103A;PR;Fraron;-26,198;-52,692;2025-03-24 22:10:00.0;0,00
PATO BRANCO;411850103A;PR;Fraron;-26,198;-52,692;2025-03-24 23:10:00.0;0,00
PATO BRANCO;411850103A;PR;Fraron;-26,198;-52,692;2025-03-25 00:10:00.0;0,00
PATO BRANCO;411850103A;PR;Fraron;-26,198;-52,692;2025-03-25 01:10:00.0;0,00
PATO BRANCO;411850103A;PR;Fraron;-26,198;-52,692;2025-03-25 02:10:00.0;0,00
PATO BRANCO;411850103A;PR;Fraron;-26,198;-52,692;2025-03-25 03:10:00.0;0,00
PATO BRANCO;411850103A;PR;Fraron;-26,198;-52,692;2025-03-25 04:10:00.0;0,00
PATO BRANCO;411850103A;PR;Fraron;-26,198;-52,692;2025-03-25 05:10:00.0;0,00
PATO BRANCO;411850103A;PR;Fraron;-26,198;-52,692;2025-03-25 06:10:00.0;0,00
PATO BRANCO;411850103A;PR;Fraron;-26,198;-52,692;2025-03-25 07:10:00.0;0,00
PATO BRANCO;411850103A;PR;Fraron;-26,198;-52,692;2025-03-25 08:10:00.0;0,00
PATO BRANCO;411850103A;PR;Fraron;-26,198;-52,692;2025-03-25 09:10:00.0;0,00
PATO BRANCO;411850103A;PR;Fraron;-26,198;-52,692;2025-03-25 10:10:00.0;0,00
PATO BRANCO;411850103A;PR;Fraron;-26,198;-52,692;2025-03-25 11:10:00.0;0,00
PATO BRANCO;411850103A;PR;Fraron;-26,198;-52,692;2025-03-25 12:10:00.0;0,00
PATO BRANCO;411850103A;PR;Fraron;-26,198;-52,692;2025-03-25 13:10:00.0;0,00
PATO BRANCO;411850103A;PR;Fraron;-26,198;-52,692;2025-03-25 14:10:00.0;0,00
PATO BRANCO;411850103A;PR;Fraron;-26,198;-52,692;2025-03-25 15:30:00.0;0,00
PATO BRANCO;411850103A;PR;Fraron;-26,198;-52,692;2025-03-25 16:10:00.0;0,00
PATO BRANCO;411850103A;PR;Fraron;-26,198;-52,692;2025-03-25 17:10:00.0;0,00
PATO BRANCO;411850103A;PR;Fraron;-26,198;-52,692;2025-03-25 18:10:00.0;0,00
PATO BRANCO;411850103A;PR;Fraron;-26,198;-52,692;2025-03-25 19:10:00.0;0,00
PATO BRANCO;411850103A;PR;Fraron;-26,198;-52,692;2025-03-25 20:10:00.0;0,00
PATO BRANCO;411850103A;PR;Fraron;-26,198;-52,692;2025-03-25 21:00:00.0;0,59
PATO BRANCO;411850103A;PR;Fraron;-26,198;-52,692;2025-03-25 21:10:00.0;2,16
PATO BRANCO;411850103A;PR;Fraron;-26,198;-52,692;2025-03-25 21:20:00.0;0,98
PATO BRANCO;411850103A;PR;Fraron;-26,198;-52,692;2025-03-25 21:30:00.0;0,20
PATO BRANCO;411850103A;PR;Fraron;-26,198;-52,692;2025-03-25 22:10:00.0;0,20
PATO BRANCO;411850103A;PR;Fraron;-26,198;-52,692;2025-03-25 22:20:00.0;0,20
PATO BRANCO;411850103A;PR;Fraron;-26,198;-52,692;2025-03-25 22:40:00.0;0,20
PATO BRANCO;411850103A;PR;Fraron;-26,198;-52,692;2025-03-25 23:00:00.0;0,20
PATO BRANCO;411850103A;PR;Fraron;-26,198;-52,692;2025-03-25 23:10:00.0;0,00
PATO BRANCO;411850103A;PR;Fraron;-26,198;-52,692;2025-03-25 23:20:00.0;0,20
PATO BRANCO;411850103A;PR;Fraron;-26,198;-52,692;2025-03-25 23:30:00.0;0,20
PATO BRANCO;411850103A;PR;Fraron;-26,198;-52,692;2025-03-25 23:50:00.0;0,20
PATO BRANCO;411850103A;PR;Fraron;-26,198;-52,692;2025-03-26 00:10:00.0;0,20
PATO BRANCO;411850103A;PR;Fraron;-26,198;-52,692;2025-03-26 00:40:00.0;0,20
PATO BRANCO;411850103A;PR;Fraron;-26,198;-52,692;2025-03-26 01:00:00.0;0,20
PATO BRANCO;411850103A;PR;Fraron;-26,198;-52,692;2025-03-26 01:10:00.0;0,00
PATO BRANCO;411850103A;PR;Fraron;-26,198;-52,692;2025-03-26 01:30:00.0;0,20
PATO BRANCO;411850103A;PR;Fraron;-26,198;-52,692;2025-03-26 02:10:00.0;0,20
PATO BRANCO;411850103A;PR;Fraron;-26,198;-52,692;2025-03-26 02:50:00.0;0,20
PATO BRANCO;411850103A;PR;Fraron;-26,198;-52,692;2025-03-26 03:10:00.0;0,00
PATO BRANCO;411850103A;PR;Fraron;-26,198;-52,692;2025-03-26 03:50:00.0;0,20
PATO BRANCO;411850103A;PR;Fraron;-26,198;-52,692;2025-03-26 04:10:00.0;0,00
PATO BRANCO;411850103A;PR;Fraron;-26,198;-52,692;2025-03-26 05:10:00.0;0,00
PATO BRANCO;411850103A;PR;Fraron;-26,198;-52,692;2025-03-26 05:20:00.0;0,20
PATO BRANCO;411850103A;PR;Fraron;-26,198;-52,692;2025-03-26 06:10:00.0;0,00
PATO BRANCO;411850103A;PR;Fraron;-26,198;-52,692;2025-03-26 07:10:00.0;0,00
PATO BRANCO;411850103A;PR;Fraron;-26,198;-52,692;2025-03-26 08:10:00.0;0,00
PATO BRANCO;411850103A;PR;Fraron;-26,198;-52,692;2025-03-26 09:10:00.0;0,00
PATO BRANCO;411850103A;PR;Fraron;-26,198;-52,692;2025-03-26 10:10:00.0;0,00
PATO BRANCO;411850103A;PR;Fraron;-26,198;-52,692;2025-03-26 11:10:00.0;0,00
PATO BRANCO;411850103A;PR;Fraron;-26,198;-52,692;2025-03-26 12:10:00.0;0,00
PATO BRANCO;411850103A;PR;Fraron;-26,198;-52,692;2025-03-26 13:10:00.0;0,00
PATO BRANCO;411850103A;PR;Fraron;-26,198;-52,692;2025-03-26 14:10:00.0;0,00
PATO BRANCO;411850103A;PR;Fraron;-26,198;-52,692;2025-03-26 15:10:00.0;0,00
PATO BRANCO;411850103A;PR;Fraron;-26,198;-52,692;2025-03-26 16:10:00.0;0,00
PATO BRANCO;411850103A;PR;Fraron;-26,198;-52,692;2025-03-26 17:10:00.0;0,00
PATO BRANCO;411850103A;PR;Fraron;-26,198;-52,692;2025-03-26 18:10:00.0;0,00
PATO BRANCO;411850103A;PR;Fraron;-26,198;-52,692;2025-03-26 19:10:00.0;0,00
PATO BRANCO;411850103A;PR;Fraron;-26,198;-52,692;2025-03-26 20:10:00.0;0,00
PATO BRANCO;411850103A;PR;Fraron;-26,198;-52,692;2025-03-26 21:10:00.0;0,00
PATO BRANCO;411850103A;PR;Fraron;-26,198;-52,692;2025-03-26 22:10:00.0;0,00
PATO BRANCO;411850103A;PR;Fraron;-26,198;-52,692;2025-03-26 23:10:00.0;0,00
PATO BRANCO;411850103A;PR;Fraron;-26,198;-52,692;2025-03-27 00:10:00.0;0,00
PATO BRANCO;411850103A;PR;Fraron;-26,198;-52,692;2025-03-27 01:10:00.0;0,00
PATO BRANCO;411850103A;PR;Fraron;-26,198;-52,692;2025-03-27 02:10:00.0;0,00
PATO BRANCO;411850103A;PR;Fraron;-26,198;-52,692;2025-03-27 03:10:00.0;0,00
PATO BRANCO;411850103A;PR;Fraron;-26,198;-52,692;2025-03-27 04:10:00.0;0,00
PATO BRANCO;411850103A;PR;Fraron;-26,198;-52,692;2025-03-27 05:10:00.0;0,00
PATO BRANCO;411850103A;PR;Fraron;-26,198;-52,692;2025-03-27 06:10:00.0;0,00
PATO BRANCO;411850103A;PR;Fraron;-26,198;-52,692;2025-03-27 07:10:00.0;0,00
PATO BRANCO;411850103A;PR;Fraron;-26,198;-52,692;2025-03-27 08:10:00.0;0,00
PATO BRANCO;411850103A;PR;Fraron;-26,198;-52,692;2025-03-27 09:10:00.0;0,00
PATO BRANCO;411850103A;PR;Fraron;-26,198;-52,692;2025-03-27 10:10:00.0;0,00
PATO BRANCO;411850103A;PR;Fraron;-26,198;-52,692;2025-03-27 11:10:00.0;0,00
PATO BRANCO;411850103A;PR;Fraron;-26,198;-52,692;2025-03-27 12:10:00.0;0,00
PATO BRANCO;411850103A;PR;Fraron;-26,198;-52,692;2025-03-27 13:10:00.0;0,00
PATO BRANCO;411850103A;PR;Fraron;-26,198;-52,692;2025-03-27 14:10:00.0;0,00
PATO BRANCO;411850103A;PR;Fraron;-26,198;-52,692;2025-03-27 15:10:00.0;0,00
PATO BRANCO;411850103A;PR;Fraron;-26,198;-52,692;2025-03-27 16:10:00.0;0,00
PATO BRANCO;411850103A;PR;Fraron;-26,198;-52,692;2025-03-27 17:10:00.0;0,00
PATO BRANCO;411850103A;PR;Fraron;-26,198;-52,692;2025-03-27 18:10:00.0;0,00
PATO BRANCO;411850103A;PR;Fraron;-26,198;-52,692;2025-03-27 19:10:00.0;0,00
PATO BRANCO;411850103A;PR;Fraron;-26,198;-52,692;2025-03-27 20:10:00.0;0,00
PATO BRANCO;411850103A;PR;Fraron;-26,198;-52,692;2025-03-27 21:10:00.0;0,00
PATO BRANCO;411850103A;PR;Fraron;-26,198;-52,692;2025-03-27 22:10:00.0;0,00
PATO BRANCO;411850103A;PR;Fraron;-26,198;-52,692;2025-03-27 23:10:00.0;0,00
PATO BRANCO;411850103A;PR;Fraron;-26,198;-52,692;2025-03-28 00:10:00.0;0,39
PATO BRANCO;411850103A;PR;Fraron;-26,198;-52,692;2025-03-28 00:20:00.0;0,98
PATO BRANCO;411850103A;PR;Fraron;-26,198;-52,692;2025-03-28 00:30:00.0;0,20
PATO BRANCO;411850103A;PR;Fraron;-26,198;-52,692;2025-03-28 00:40:00.0;0,20
PATO BRANCO;411850103A;PR;Fraron;-26,198;-52,692;2025-03-28 00:50:00.0;0,20
PATO BRANCO;411850103A;PR;Fraron;-26,198;-52,692;2025-03-28 01:10:00.0;0,20
PATO BRANCO;411850103A;PR;Fraron;-26,198;-52,692;2025-03-28 01:20:00.0;0,20
PATO BRANCO;411850103A;PR;Fraron;-26,198;-52,692;2025-03-28 01:30:00.0;0,20
PATO BRANCO;411850103A;PR;Fraron;-26,198;-52,692;2025-03-28 01:40:00.0;0,20
PATO BRANCO;411850103A;PR;Fraron;-26,198;-52,692;2025-03-28 01:50:00.0;0,20
PATO BRANCO;411850103A;PR;Fraron;-26,198;-52,692;2025-03-28 02:00:00.0;0,20
PATO BRANCO;411850103A;PR;Fraron;-26,198;-52,692;2025-03-28 02:10:00.0;0,20
PATO BRANCO;411850103A;PR;Fraron;-26,198;-52,692;2025-03-28 02:20:00.0;0,20
PATO BRANCO;411850103A;PR;Fraron;-26,198;-52,692;2025-03-28 02:30:00.0;0,20
PATO BRANCO;411850103A;PR;Fraron;-26,198;-52,692;2025-03-28 02:40:00.0;0,20
PATO BRANCO;411850103A;PR;Fraron;-26,198;-52,692;2025-03-28 02:50:00.0;0,39
PATO BRANCO;411850103A;PR;Fraron;-26,198;-52,692;2025-03-28 03:00:00.0;0,20
PATO BRANCO;411850103A;PR;Fraron;-26,198;-52,692;2025-03-28 03:10:00.0;0,20
PATO BRANCO;411850103A;PR;Fraron;-26,198;-52,692;2025-03-28 03:20:00.0;0,20
PATO BRANCO;411850103A;PR;Fraron;-26,198;-52,692;2025-03-28 03:30:00.0;0,39
PATO BRANCO;411850103A;PR;Fraron;-26,198;-52,692;2025-03-28 03:40:00.0;0,20
PATO BRANCO;411850103A;PR;Fraron;-26,198;-52,692;2025-03-28 03:50:00.0;0,20
PATO BRANCO;411850103A;PR;Fraron;-26,198;-52,692;2025-03-28 04:00:00.0;0,20
PATO BRANCO;411850103A;PR;Fraron;-26,198;-52,692;2025-03-28 04:10:00.0;0,39
PATO BRANCO;411850103A;PR;Fraron;-26,198;-52,692;2025-03-28 04:20:00.0;0,20
PATO BRANCO;411850103A;PR;Fraron;-26,198;-52,692;2025-03-28 04:30:00.0;0,39
PATO BRANCO;411850103A;PR;Fraron;-26,198;-52,692;2025-03-28 04:40:00.0;0,20
PATO BRANCO;411850103A;PR;Fraron;-26,198;-52,692;2025-03-28 04:50:00.0;0,39
PATO BRANCO;411850103A;PR;Fraron;-26,198;-52,692;2025-03-28 05:00:00.0;0,39
PATO BRANCO;411850103A;PR;Fraron;-26,198;-52,692;2025-03-28 05:10:00.0;0,39
PATO BRANCO;411850103A;PR;Fraron;-26,198;-52,692;2025-03-28 05:20:00.0;0,39
PATO BRANCO;411850103A;PR;Fraron;-26,198;-52,692;2025-03-28 05:30:00.0;0,39
PATO BRANCO;411850103A;PR;Fraron;-26,198;-52,692;2025-03-28 05:40:00.0;0,39
PATO BRANCO;411850103A;PR;Fraron;-26,198;-52,692;2025-03-28 05:50:00.0;0,20
PATO BRANCO;411850103A;PR;Fraron;-26,198;-52,692;2025-03-28 06:00:00.0;0,39
PATO BRANCO;411850103A;PR;Fraron;-26,198;-52,692;2025-03-28 06:10:00.0;0,39
PATO BRANCO;411850103A;PR;Fraron;-26,198;-52,692;2025-03-28 06:20:00.0;0,39
PATO BRANCO;411850103A;PR;Fraron;-26,198;-52,692;2025-03-28 06:30:00.0;0,39
PATO BRANCO;411850103A;PR;Fraron;-26,198;-52,692;2025-03-28 06:40:00.0;0,39
PATO BRANCO;411850103A;PR;Fraron;-26,198;-52,692;2025-03-28 06:50:00.0;0,59
PATO BRANCO;411850103A;PR;Fraron;-26,198;-52,692;2025-03-28 07:00:00.0;0,39
PATO BRANCO;411850103A;PR;Fraron;-26,198;-52,692;2025-03-28 07:10:00.0;0,39
PATO BRANCO;411850103A;PR;Fraron;-26,198;-52,692;2025-03-28 07:20:00.0;0,39
PATO BRANCO;411850103A;PR;Fraron;-26,198;-52,692;2025-03-28 07:30:00.0;0,39
PATO BRANCO;411850103A;PR;Fraron;-26,198;-52,692;2025-03-28 07:40:00.0;0,59
PATO BRANCO;411850103A;PR;Fraron;-26,198;-52,692;2025-03-28 07:50:00.0;0,39
PATO BRANCO;411850103A;PR;Fraron;-26,198;-52,692;2025-03-28 08:00:00.0;0,59
PATO BRANCO;411850103A;PR;Fraron;-26,198;-52,692;2025-03-28 08:10:00.0;0,39
PATO BRANCO;411850103A;PR;Fraron;-26,198;-52,692;2025-03-28 08:20:00.0;0,59
PATO BRANCO;411850103A;PR;Fraron;-26,198;-52,692;2025-03-28 08:30:00.0;0,39
PATO BRANCO;411850103A;PR;Fraron;-26,198;-52,692;2025-03-28 08:40:00.0;0,39
PATO BRANCO;411850103A;PR;Fraron;-26,198;-52,692;2025-03-28 08:50:00.0;0,39
PATO BRANCO;411850103A;PR;Fraron;-26,198;-52,692;2025-03-28 09:00:00.0;0,59
PATO BRANCO;411850103A;PR;Fraron;-26,198;-52,692;2025-03-28 09:10:00.0;0,39
PATO BRANCO;411850103A;PR;Fraron;-26,198;-52,692;2025-03-28 09:20:00.0;0,59
PATO BRANCO;411850103A;PR;Fraron;-26,198;-52,692;2025-03-28 09:30:00.0;0,39
PATO BRANCO;411850103A;PR;Fraron;-26,198;-52,692;2025-03-28 09:40:00.0;0,39
PATO BRANCO;411850103A;PR;Fraron;-26,198;-52,692;2025-03-28 09:50:00.0;0,39
PATO BRANCO;411850103A;PR;Fraron;-26,198;-52,692;2025-03-28 10:00:00.0;0,59
PATO BRANCO;411850103A;PR;Fraron;-26,198;-52,692;2025-03-28 10:10:00.0;0,39
PATO BRANCO;411850103A;PR;Fraron;-26,198;-52,692;2025-03-28 10:20:00.0;0,39
PATO BRANCO;411850103A;PR;Fraron;-26,198;-52,692;2025-03-28 10:30:00.0;0,39
PATO BRANCO;411850103A;PR;Fraron;-26,198;-52,692;2025-03-28 10:40:00.0;0,39
PATO BRANCO;411850103A;PR;Fraron;-26,198;-52,692;2025-03-28 10:50:00.0;0,59
PATO BRANCO;411850103A;PR;Fraron;-26,198;-52,692;2025-03-28 11:00:00.0;0,39
PATO BRANCO;411850103A;PR;Fraron;-26,198;-52,692;2025-03-28 11:10:00.0;0,39
PATO BRANCO;411850103A;PR;Fraron;-26,198;-52,692;2025-03-28 11:20:00.0;0,39
PATO BRANCO;411850103A;PR;Fraron;-26,198;-52,692;2025-03-28 11:30:00.0;0,59
PATO BRANCO;411850103A;PR;Fraron;-26,198;-52,692;2025-03-28 11:40:00.0;0,39
PATO BRANCO;411850103A;PR;Fraron;-26,198;-52,692;2025-03-28 11:50:00.0;0,39
PATO BRANCO;411850103A;PR;Fraron;-26,198;-52,692;2025-03-28 12:00:00.0;0,20
PATO BRANCO;411850103A;PR;Fraron;-26,198;-52,692;2025-03-28 12:10:00.0;0,59
PATO BRANCO;411850103A;PR;Fraron;-26,198;-52,692;2025-03-28 12:20:00.0;0,39
PATO BRANCO;411850103A;PR;Fraron;-26,198;-52,692;2025-03-28 12:30:00.0;0,39
PATO BRANCO;411850103A;PR;Fraron;-26,198;-52,692;2025-03-28 12:40:00.0;0,39
PATO BRANCO;411850103A;PR;Fraron;-26,198;-52,692;2025-03-28 12:50:00.0;0,39
PATO BRANCO;411850103A;PR;Fraron;-26,198;-52,692;2025-03-28 13:00:00.0;0,20
PATO BRANCO;411850103A;PR;Fraron;-26,198;-52,692;2025-03-28 13:10:00.0;0,39
PATO BRANCO;411850103A;PR;Fraron;-26,198;-52,692;2025-03-28 13:20:00.0;0,20
PATO BRANCO;411850103A;PR;Fraron;-26,198;-52,692;2025-03-28 13:30:00.0;0,39
PATO BRANCO;411850103A;PR;Fraron;-26,198;-52,692;2025-03-28 13:40:00.0;0,20
PATO BRANCO;411850103A;PR;Fraron;-26,198;-52,692;2025-03-28 13:50:00.0;0,20
PATO BRANCO;411850103A;PR;Fraron;-26,198;-52,692;2025-03-28 14:00:00.0;0,20
PATO BRANCO;411850103A;PR;Fraron;-26,198;-52,692;2025-03-28 14:10:00.0;0,20
PATO BRANCO;411850103A;PR;Fraron;-26,198;-52,692;2025-03-28 14:20:00.0;0,20
PATO BRANCO;411850103A;PR;Fraron;-26,198;-52,692;2025-03-28 14:30:00.0;0,20
PATO BRANCO;411850103A;PR;Fraron;-26,198;-52,692;2025-03-28 14:40:00.0;0,20
PATO BRANCO;411850103A;PR;Fraron;-26,198;-52,692;2025-03-28 15:00:00.0;0,20
PATO BRANCO;411850103A;PR;Fraron;-26,198;-52,692;2025-03-28 15:10:00.0;0,20
PATO BRANCO;411850103A;PR;Fraron;-26,198;-52,692;2025-03-28 15:30:00.0;0,20
PATO BRANCO;411850103A;PR;Fraron;-26,198;-52,692;2025-03-28 16:10:00.0;0,00
PATO BRANCO;411850103A;PR;Fraron;-26,198;-52,692;2025-03-28 16:20:00.0;0,20
PATO BRANCO;411850103A;PR;Fraron;-26,198;-52,692;2025-03-28 17:10:00.0;0,00
PATO BRANCO;411850103A;PR;Fraron;-26,198;-52,692;2025-03-28 18:10:00.0;0,00
PATO BRANCO;411850103A;PR;Fraron;-26,198;-52,692;2025-03-28 19:10:00.0;0,00
PATO BRANCO;411850103A;PR;Fraron;-26,198;-52,692;2025-03-28 20:10:00.0;0,00
PATO BRANCO;411850103A;PR;Fraron;-26,198;-52,692;2025-03-28 21:10:00.0;0,00
PATO BRANCO;411850103A;PR;Fraron;-26,198;-52,692;2025-03-28 22:10:00.0;0,00
PATO BRANCO;411850103A;PR;Fraron;-26,198;-52,692;2025-03-28 23:10:00.0;0,00
PATO BRANCO;411850103A;PR;Fraron;-26,198;-52,692;2025-03-29 00:10:00.0;0,00
PATO BRANCO;411850103A;PR;Fraron;-26,198;-52,692;2025-03-29 01:10:00.0;0,00
PATO BRANCO;411850103A;PR;Fraron;-26,198;-52,692;2025-03-29 02:10:00.0;0,00
PATO BRANCO;411850103A;PR;Fraron;-26,198;-52,692;2025-03-29 03:10:00.0;0,00
PATO BRANCO;411850103A;PR;Fraron;-26,198;-52,692;2025-03-29 04:10:00.0;0,00
PATO BRANCO;411850103A;PR;Fraron;-26,198;-52,692;2025-03-29 05:10:00.0;0,00
PATO BRANCO;411850103A;PR;Fraron;-26,198;-52,692;2025-03-29 06:10:00.0;0,00
PATO BRANCO;411850103A;PR;Fraron;-26,198;-52,692;2025-03-29 07:10:00.0;0,00
PATO BRANCO;411850103A;PR;Fraron;-26,198;-52,692;2025-03-29 08:10:00.0;0,00
PATO BRANCO;411850103A;PR;Fraron;-26,198;-52,692;2025-03-29 09:10:00.0;0,00
PATO BRANCO;411850103A;PR;Fraron;-26,198;-52,692;2025-03-29 10:10:00.0;0,00
PATO BRANCO;411850103A;PR;Fraron;-26,198;-52,692;2025-03-29 11:10:00.0;0,00
PATO BRANCO;411850103A;PR;Fraron;-26,198;-52,692;2025-03-29 12:10:00.0;0,00
PATO BRANCO;411850103A;PR;Fraron;-26,198;-52,692;2025-03-29 13:10:00.0;0,00
PATO BRANCO;411850103A;PR;Fraron;-26,198;-52,692;2025-03-29 14:10:00.0;0,00
PATO BRANCO;411850103A;PR;Fraron;-26,198;-52,692;2025-03-29 15:10:00.0;0,00
PATO BRANCO;411850103A;PR;Fraron;-26,198;-52,692;2025-03-29 16:10:00.0;0,00
PATO BRANCO;411850103A;PR;Fraron;-26,198;-52,692;2025-03-29 17:10:00.0;0,00
PATO BRANCO;411850103A;PR;Fraron;-26,198;-52,692;2025-03-29 18:10:00.0;0,00
PATO BRANCO;411850103A;PR;Fraron;-26,198;-52,692;2025-03-29 19:10:00.0;0,00
PATO BRANCO;411850103A;PR;Fraron;-26,198;-52,692;2025-03-29 20:10:00.0;0,00
PATO BRANCO;411850103A;PR;Fraron;-26,198;-52,692;2025-03-29 21:10:00.0;0,00
PATO BRANCO;411850103A;PR;Fraron;-26,198;-52,692;2025-03-29 22:10:00.0;0,00
PATO BRANCO;411850103A;PR;Fraron;-26,198;-52,692;2025-03-29 23:10:00.0;0,00
PATO BRANCO;411850103A;PR;Fraron;-26,198;-52,692;2025-03-30 00:10:00.0;0,00
PATO BRANCO;411850103A;PR;Fraron;-26,198;-52,692;2025-03-30 01:10:00.0;0,00
PATO BRANCO;411850103A;PR;Fraron;-26,198;-52,692;2025-03-30 02:10:00.0;0,00
PATO BRANCO;411850103A;PR;Fraron;-26,198;-52,692;2025-03-30 03:10:00.0;0,00
PATO BRANCO;411850103A;PR;Fraron;-26,198;-52,692;2025-03-30 04:10:00.0;0,00
PATO BRANCO;411850103A;PR;Fraron;-26,198;-52,692;2025-03-30 05:10:00.0;0,00
PATO BRANCO;411850103A;PR;Fraron;-26,198;-52,692;2025-03-30 06:10:00.0;0,00
PATO BRANCO;411850103A;PR;Fraron;-26,198;-52,692;2025-03-30 07:10:00.0;0,00
PATO BRANCO;411850103A;PR;Fraron;-26,198;-52,692;2025-03-30 08:10:00.0;0,00
PATO BRANCO;411850103A;PR;Fraron;-26,198;-52,692;2025-03-30 09:10:00.0;0,00
PATO BRANCO;411850103A;PR;Fraron;-26,198;-52,692;2025-03-30 10:10:00.0;0,00
PATO BRANCO;411850103A;PR;Fraron;-26,198;-52,692;2025-03-30 11:10:00.0;0,00
PATO BRANCO;411850103A;PR;Fraron;-26,198;-52,692;2025-03-30 12:10:00.0;0,00
PATO BRANCO;411850103A;PR;Fraron;-26,198;-52,692;2025-03-30 13:10:00.0;0,00
PATO BRANCO;411850103A;PR;Fraron;-26,198;-52,692;2025-03-30 14:10:00.0;0,00
PATO BRANCO;411850103A;PR;Fraron;-26,198;-52,692;2025-03-30 15:10:00.0;0,00
PATO BRANCO;411850103A;PR;Fraron;-26,198;-52,692;2025-03-30 16:10:00.0;0,00
PATO BRANCO;411850103A;PR;Fraron;-26,198;-52,692;2025-03-30 17:10:00.0;0,00
PATO BRANCO;411850103A;PR;Fraron;-26,198;-52,692;2025-03-30 18:10:00.0;0,00
PATO BRANCO;411850103A;PR;Fraron;-26,198;-52,692;2025-03-30 19:10:00.0;0,00
PATO BRANCO;411850103A;PR;Fraron;-26,198;-52,692;2025-03-30 20:10:00.0;0,00
PATO BRANCO;411850103A;PR;Fraron;-26,198;-52,692;2025-03-30 21:10:00.0;0,00
PATO BRANCO;411850103A;PR;Fraron;-26,198;-52,692;2025-03-30 22:10:00.0;0,00
PATO BRANCO;411850103A;PR;Fraron;-26,198;-52,692;2025-03-30 23:10:00.0;0,00
PATO BRANCO;411850103A;PR;Fraron;-26,198;-52,692;2025-03-31 00:10:00.0;0,00
PATO BRANCO;411850103A;PR;Fraron;-26,198;-52,692;2025-03-31 01:10:00.0;0,00
PATO BRANCO;411850103A;PR;Fraron;-26,198;-52,692;2025-03-31 02:10:00.0;0,00
PATO BRANCO;411850103A;PR;Fraron;-26,198;-52,692;2025-03-31 03:10:00.0;0,00
PATO BRANCO;411850103A;PR;Fraron;-26,198;-52,692;2025-03-31 04:10:00.0;0,00
PATO BRANCO;411850103A;PR;Fraron;-26,198;-52,692;2025-03-31 05:10:00.0;0,00
PATO BRANCO;411850103A;PR;Fraron;-26,198;-52,692;2025-03-31 06:10:00.0;0,00
PATO BRANCO;411850103A;PR;Fraron;-26,198;-52,692;2025-03-31 07:10:00.0;0,00
PATO BRANCO;411850103A;PR;Fraron;-26,198;-52,692;2025-03-31 08:10:00.0;0,00
PATO BRANCO;411850103A;PR;Fraron;-26,198;-52,692;2025-03-31 09:10:00.0;0,00
PATO BRANCO;411850103A;PR;Fraron;-26,198;-52,692;2025-03-31 10:10:00.0;0,00
PATO BRANCO;411850103A;PR;Fraron;-26,198;-52,692;2025-03-31 11:10:00.0;0,00
PATO BRANCO;411850103A;PR;Fraron;-26,198;-52,692;2025-03-31 12:10:00.0;0,00
PATO BRANCO;411850103A;PR;Fraron;-26,198;-52,692;2025-03-31 13:10:00.0;0,00
PATO BRANCO;411850103A;PR;Fraron;-26,198;-52,692;2025-03-31 14:10:00.0;0,00
PATO BRANCO;411850103A;PR;Fraron;-26,198;-52,692;2025-03-31 15:10:00.0;0,00
PATO BRANCO;411850103A;PR;Fraron;-26,198;-52,692;2025-03-31 16:10:00.0;0,00
PATO BRANCO;411850103A;PR;Fraron;-26,198;-52,692;2025-03-31 17:10:00.0;0,00
PATO BRANCO;411850103A;PR;Fraron;-26,198;-52,692;2025-03-31 17:30:00.0;1,18
PATO BRANCO;411850103A;PR;Fraron;-26,198;-52,692;2025-03-31 17:40:00.0;2,75
PATO BRANCO;411850103A;PR;Fraron;-26,198;-52,692;2025-03-31 17:50:00.0;0,59
PATO BRANCO;411850103A;PR;Fraron;-26,198;-52,692;2025-03-31 18:10:00.0;0,00
PATO BRANCO;411850103A;PR;Fraron;-26,198;-52,692;2025-03-31 19:10:00.0;0,00
PATO BRANCO;411850103A;PR;Fraron;-26,198;-52,692;2025-03-31 20:10:00.0;0,00
PATO BRANCO;411850103A;PR;Fraron;-26,198;-52,692;2025-03-31 21:10:00.0;0,00
PATO BRANCO;411850103A;PR;Fraron;-26,198;-52,692;2025-03-31 22:10:00.0;0,00
PATO BRANCO;411850103A;PR;Fraron;-26,198;-52,692;2025-03-31 23:10:00.0;0,00
PATO BRANCO;411850104A;PR;Centro;-26,228;-52,673;2025-03-01 00:10:00.0;0,00
PATO BRANCO;411850104A;PR;Centro;-26,228;-52,673;2025-03-01 01:10:00.0;0,00
PATO BRANCO;411850104A;PR;Centro;-26,228;-52,673;2025-03-01 02:10:00.0;0,00
PATO BRANCO;411850104A;PR;Centro;-26,228;-52,673;2025-03-01 03:10:00.0;0,00
PATO BRANCO;411850104A;PR;Centro;-26,228;-52,673;2025-03-01 04:10:00.0;0,00
PATO BRANCO;411850104A;PR;Centro;-26,228;-52,673;2025-03-01 05:10:00.0;0,00
PATO BRANCO;411850104A;PR;Centro;-26,228;-52,673;2025-03-01 06:10:00.0;0,00
PATO BRANCO;411850104A;PR;Centro;-26,228;-52,673;2025-03-01 07:10:00.0;0,00
PATO BRANCO;411850104A;PR;Centro;-26,228;-52,673;2025-03-01 08:10:00.0;0,00
PATO BRANCO;411850104A;PR;Centro;-26,228;-52,673;2025-03-01 09:10:00.0;0,00
PATO BRANCO;411850104A;PR;Centro;-26,228;-52,673;2025-03-01 10:10:00.0;0,00
PATO BRANCO;411850104A;PR;Centro;-26,228;-52,673;2025-03-01 11:10:00.0;0,00
PATO BRANCO;411850104A;PR;Centro;-26,228;-52,673;2025-03-01 12:10:00.0;0,00
PATO BRANCO;411850104A;PR;Centro;-26,228;-52,673;2025-03-01 13:10:00.0;0,00
PATO BRANCO;411850104A;PR;Centro;-26,228;-52,673;2025-03-01 14:10:00.0;0,00
PATO BRANCO;411850104A;PR;Centro;-26,228;-52,673;2025-03-01 15:10:00.0;0,00
PATO BRANCO;411850104A;PR;Centro;-26,228;-52,673;2025-03-01 16:10:00.0;0,00
PATO BRANCO;411850104A;PR;Centro;-26,228;-52,673;2025-03-01 17:10:00.0;0,00
PATO BRANCO;411850104A;PR;Centro;-26,228;-52,673;2025-03-01 18:10:00.0;0,00
PATO BRANCO;411850104A;PR;Centro;-26,228;-52,673;2025-03-01 19:10:00.0;0,00
PATO BRANCO;411850104A;PR;Centro;-26,228;-52,673;2025-03-01 20:10:00.0;0,00
PATO BRANCO;411850104A;PR;Centro;-26,228;-52,673;2025-03-01 21:10:00.0;0,00
PATO BRANCO;411850104A;PR;Centro;-26,228;-52,673;2025-03-01 22:10:00.0;0,00
PATO BRANCO;411850104A;PR;Centro;-26,228;-52,673;2025-03-01 23:10:00.0;0,00
PATO BRANCO;411850104A;PR;Centro;-26,228;-52,673;2025-03-02 00:10:00.0;0,00
PATO BRANCO;411850104A;PR;Centro;-26,228;-52,673;2025-03-02 01:10:00.0;0,00
PATO BRANCO;411850104A;PR;Centro;-26,228;-52,673;2025-03-02 02:10:00.0;0,00
PATO BRANCO;411850104A;PR;Centro;-26,228;-52,673;2025-03-02 03:10:00.0;0,00
PATO BRANCO;411850104A;PR;Centro;-26,228;-52,673;2025-03-02 04:10:00.0;0,00
PATO BRANCO;411850104A;PR;Centro;-26,228;-52,673;2025-03-02 05:10:00.0;0,00
PATO BRANCO;411850104A;PR;Centro;-26,228;-52,673;2025-03-02 06:10:00.0;0,00
PATO BRANCO;411850104A;PR;Centro;-26,228;-52,673;2025-03-02 07:10:00.0;0,00
PATO BRANCO;411850104A;PR;Centro;-26,228;-52,673;2025-03-02 08:10:00.0;0,00
PATO BRANCO;411850104A;PR;Centro;-26,228;-52,673;2025-03-02 09:10:00.0;0,00
PATO BRANCO;411850104A;PR;Centro;-26,228;-52,673;2025-03-02 10:10:00.0;0,00
PATO BRANCO;411850104A;PR;Centro;-26,228;-52,673;2025-03-02 11:10:00.0;0,00
PATO BRANCO;411850104A;PR;Centro;-26,228;-52,673;2025-03-02 12:10:00.0;0,00
PATO BRANCO;411850104A;PR;Centro;-26,228;-52,673;2025-03-02 13:10:00.0;0,00
PATO BRANCO;411850104A;PR;Centro;-26,228;-52,673;2025-03-02 14:10:00.0;0,00
PATO BRANCO;411850104A;PR;Centro;-26,228;-52,673;2025-03-02 15:10:00.0;0,00
PATO BRANCO;411850104A;PR;Centro;-26,228;-52,673;2025-03-02 16:10:00.0;0,00
PATO BRANCO;411850104A;PR;Centro;-26,228;-52,673;2025-03-02 17:10:00.0;0,00
PATO BRANCO;411850104A;PR;Centro;-26,228;-52,673;2025-03-02 18:10:00.0;0,00
PATO BRANCO;411850104A;PR;Centro;-26,228;-52,673;2025-03-02 19:10:00.0;0,00
PATO BRANCO;411850104A;PR;Centro;-26,228;-52,673;2025-03-02 20:10:00.0;0,00
PATO BRANCO;411850104A;PR;Centro;-26,228;-52,673;2025-03-02 21:10:00.0;0,00
PATO BRANCO;411850104A;PR;Centro;-26,228;-52,673;2025-03-02 22:10:00.0;0,00
PATO BRANCO;411850104A;PR;Centro;-26,228;-52,673;2025-03-02 23:10:00.0;0,00
PATO BRANCO;411850104A;PR;Centro;-26,228;-52,673;2025-03-03 00:10:00.0;0,00
PATO BRANCO;411850104A;PR;Centro;-26,228;-52,673;2025-03-03 01:10:00.0;0,00
PATO BRANCO;411850104A;PR;Centro;-26,228;-52,673;2025-03-03 02:10:00.0;0,00
PATO BRANCO;411850104A;PR;Centro;-26,228;-52,673;2025-03-03 03:10:00.0;0,00
PATO BRANCO;411850104A;PR;Centro;-26,228;-52,673;2025-03-03 04:10:00.0;0,00
PATO BRANCO;411850104A;PR;Centro;-26,228;-52,673;2025-03-03 05:10:00.0;0,00
PATO BRANCO;411850104A;PR;Centro;-26,228;-52,673;2025-03-03 06:10:00.0;0,00
PATO BRANCO;411850104A;PR;Centro;-26,228;-52,673;2025-03-03 07:10:00.0;0,00
PATO BRANCO;411850104A;PR;Centro;-26,228;-52,673;2025-03-03 08:10:00.0;0,00
PATO BRANCO;411850104A;PR;Centro;-26,228;-52,673;2025-03-03 09:10:00.0;0,00
PATO BRANCO;411850104A;PR;Centro;-26,228;-52,673;2025-03-03 10:10:00.0;0,00
PATO BRANCO;411850104A;PR;Centro;-26,228;-52,673;2025-03-03 11:10:00.0;0,00
PATO BRANCO;411850104A;PR;Centro;-26,228;-52,673;2025-03-03 12:10:00.0;0,00
PATO BRANCO;411850104A;PR;Centro;-26,228;-52,673;2025-03-03 13:10:00.0;0,00
PATO BRANCO;411850104A;PR;Centro;-26,228;-52,673;2025-03-03 14:10:00.0;0,00
PATO BRANCO;411850104A;PR;Centro;-26,228;-52,673;2025-03-03 15:10:00.0;0,00
PATO BRANCO;411850104A;PR;Centro;-26,228;-52,673;2025-03-03 16:10:00.0;0,00
PATO BRANCO;411850104A;PR;Centro;-26,228;-52,673;2025-03-03 17:10:00.0;0,00
PATO BRANCO;411850104A;PR;Centro;-26,228;-52,673;2025-03-03 18:10:00.0;0,00
PATO BRANCO;411850104A;PR;Centro;-26,228;-52,673;2025-03-03 19:10:00.0;0,00
PATO BRANCO;411850104A;PR;Centro;-26,228;-52,673;2025-03-03 20:10:00.0;0,00
PATO BRANCO;411850104A;PR;Centro;-26,228;-52,673;2025-03-03 21:10:00.0;0,00
PATO BRANCO;411850104A;PR;Centro;-26,228;-52,673;2025-03-03 22:10:00.0;0,00
PATO BRANCO;411850104A;PR;Centro;-26,228;-52,673;2025-03-03 23:10:00.0;0,00
PATO BRANCO;411850104A;PR;Centro;-26,228;-52,673;2025-03-04 00:10:00.0;0,00
PATO BRANCO;411850104A;PR;Centro;-26,228;-52,673;2025-03-04 01:10:00.0;0,00
PATO BRANCO;411850104A;PR;Centro;-26,228;-52,673;2025-03-04 02:10:00.0;0,00
PATO BRANCO;411850104A;PR;Centro;-26,228;-52,673;2025-03-04 03:10:00.0;0,00
PATO BRANCO;411850104A;PR;Centro;-26,228;-52,673;2025-03-04 04:10:00.0;0,00
PATO BRANCO;411850104A;PR;Centro;-26,228;-52,673;2025-03-04 05:10:00.0;0,00
PATO BRANCO;411850104A;PR;Centro;-26,228;-52,673;2025-03-04 06:10:00.0;0,00
PATO BRANCO;411850104A;PR;Centro;-26,228;-52,673;2025-03-04 07:10:00.0;0,00
PATO BRANCO;411850104A;PR;Centro;-26,228;-52,673;2025-03-04 08:10:00.0;0,00
PATO BRANCO;411850104A;PR;Centro;-26,228;-52,673;2025-03-04 09:10:00.0;0,00
PATO BRANCO;411850104A;PR;Centro;-26,228;-52,673;2025-03-04 10:10:00.0;0,00
PATO BRANCO;411850104A;PR;Centro;-26,228;-52,673;2025-03-04 11:10:00.0;0,00
PATO BRANCO;411850104A;PR;Centro;-26,228;-52,673;2025-03-04 12:10:00.0;0,00
PATO BRANCO;411850104A;PR;Centro;-26,228;-52,673;2025-03-04 13:10:00.0;0,00
PATO BRANCO;411850104A;PR;Centro;-26,228;-52,673;2025-03-04 14:10:00.0;0,00
PATO BRANCO;411850104A;PR;Centro;-26,228;-52,673;2025-03-04 15:10:00.0;0,00
PATO BRANCO;411850104A;PR;Centro;-26,228;-52,673;2025-03-04 16:10:00.0;0,00
PATO BRANCO;411850104A;PR;Centro;-26,228;-52,673;2025-03-04 17:10:00.0;0,00
PATO BRANCO;411850104A;PR;Centro;-26,228;-52,673;2025-03-04 18:10:00.0;0,00
PATO BRANCO;411850104A;PR;Centro;-26,228;-52,673;2025-03-04 19:10:00.0;0,00
PATO BRANCO;411850104A;PR;Centro;-26,228;-52,673;2025-03-04 20:10:00.0;0,00
PATO BRANCO;411850104A;PR;Centro;-26,228;-52,673;2025-03-04 21:10:00.0;0,00
PATO BRANCO;411850104A;PR;Centro;-26,228;-52,673;2025-03-04 22:10:00.0;0,00
PATO BRANCO;411850104A;PR;Centro;-26,228;-52,673;2025-03-04 23:10:00.0;0,00
PATO BRANCO;411850104A;PR;Centro;-26,228;-52,673;2025-03-05 00:10:00.0;0,00
PATO BRANCO;411850104A;PR;Centro;-26,228;-52,673;2025-03-05 01:10:00.0;0,00
PATO BRANCO;411850104A;PR;Centro;-26,228;-52,673;2025-03-05 02:10:00.0;0,00
PATO BRANCO;411850104A;PR;Centro;-26,228;-52,673;2025-03-05 03:10:00.0;0,00
PATO BRANCO;411850104A;PR;Centro;-26,228;-52,673;2025-03-05 04:10:00.0;0,00
PATO BRANCO;411850104A;PR;Centro;-26,228;-52,673;2025-03-05 05:10:00.0;0,00
PATO BRANCO;411850104A;PR;Centro;-26,228;-52,673;2025-03-05 06:10:00.0;0,00
PATO BRANCO;411850104A;PR;Centro;-26,228;-52,673;2025-03-05 07:10:00.0;0,00
PATO BRANCO;411850104A;PR;Centro;-26,228;-52,673;2025-03-05 08:10:00.0;0,00
PATO BRANCO;411850104A;PR;Centro;-26,228;-52,673;2025-03-05 09:10:00.0;0,00
PATO BRANCO;411850104A;PR;Centro;-26,228;-52,673;2025-03-05 10:10:00.0;0,00
PATO BRANCO;411850104A;PR;Centro;-26,228;-52,673;2025-03-05 11:10:00.0;0,00
PATO BRANCO;411850104A;PR;Centro;-26,228;-52,673;2025-03-05 12:10:00.0;0,00
PATO BRANCO;411850104A;PR;Centro;-26,228;-52,673;2025-03-05 13:10:00.0;0,00
PATO BRANCO;411850104A;PR;Centro;-26,228;-52,673;2025-03-05 14:10:00.0;0,00
PATO BRANCO;411850104A;PR;Centro;-26,228;-52,673;2025-03-05 15:10:00.0;0,00
PATO BRANCO;411850104A;PR;Centro;-26,228;-52,673;2025-03-05 16:10:00.0;0,00
PATO BRANCO;411850104A;PR;Centro;-26,228;-52,673;2025-03-05 17:10:00.0;0,00
PATO BRANCO;411850104A;PR;Centro;-26,228;-52,673;2025-03-05 18:10:00.0;0,00
PATO BRANCO;411850104A;PR;Centro;-26,228;-52,673;2025-03-05 19:10:00.0;0,00
PATO BRANCO;411850104A;PR;Centro;-26,228;-52,673;2025-03-05 20:10:00.0;0,00
PATO BRANCO;411850104A;PR;Centro;-26,228;-52,673;2025-03-05 21:10:00.0;0,00
PATO BRANCO;411850104A;PR;Centro;-26,228;-52,673;2025-03-05 21:30:00.0;0,20
PATO BRANCO;411850104A;PR;Centro;-26,228;-52,673;2025-03-05 21:50:00.0;0,20
PATO BRANCO;411850104A;PR;Centro;-26,228;-52,673;2025-03-05 22:00:00.0;0,20
PATO BRANCO;411850104A;PR;Centro;-26,228;-52,673;2025-03-05 22:10:00.0;0,20
PATO BRANCO;411850104A;PR;Centro;-26,228;-52,673;2025-03-05 22:20:00.0;0,20
PATO BRANCO;411850104A;PR;Centro;-26,228;-52,673;2025-03-05 22:50:00.0;0,98
PATO BRANCO;411850104A;PR;Centro;-26,228;-52,673;2025-03-05 23:00:00.0;0,20
PATO BRANCO;411850104A;PR;Centro;-26,228;-52,673;2025-03-05 23:10:00.0;0,00
PATO BRANCO;411850104A;PR;Centro;-26,228;-52,673;2025-03-06 00:10:00.0;0,00
PATO BRANCO;411850104A;PR;Centro;-26,228;-52,673;2025-03-06 01:10:00.0;0,00
PATO BRANCO;411850104A;PR;Centro;-26,228;-52,673;2025-03-06 02:10:00.0;0,00
PATO BRANCO;411850104A;PR;Centro;-26,228;-52,673;2025-03-06 03:10:00.0;0,00
PATO BRANCO;411850104A;PR;Centro;-26,228;-52,673;2025-03-06 04:10:00.0;0,00
PATO BRANCO;411850104A;PR;Centro;-26,228;-52,673;2025-03-06 05:10:00.0;0,00
PATO BRANCO;411850104A;PR;Centro;-26,228;-52,673;2025-03-06 06:10:00.0;0,00
PATO BRANCO;411850104A;PR;Centro;-26,228;-52,673;2025-03-06 07:10:00.0;0,00
PATO BRANCO;411850104A;PR;Centro;-26,228;-52,673;2025-03-06 08:10:00.0;0,00
PATO BRANCO;411850104A;PR;Centro;-26,228;-52,673;2025-03-06 09:10:00.0;0,00
PATO BRANCO;411850104A;PR;Centro;-26,228;-52,673;2025-03-06 10:10:00.0;0,00
PATO BRANCO;411850104A;PR;Centro;-26,228;-52,673;2025-03-06 11:10:00.0;0,00
PATO BRANCO;411850104A;PR;Centro;-26,228;-52,673;2025-03-06 12:10:00.0;0,00
PATO BRANCO;411850104A;PR;Centro;-26,228;-52,673;2025-03-06 13:10:00.0;0,00
PATO BRANCO;411850104A;PR;Centro;-26,228;-52,673;2025-03-06 14:10:00.0;0,00
PATO BRANCO;411850104A;PR;Centro;-26,228;-52,673;2025-03-06 15:10:00.0;0,00
PATO BRANCO;411850104A;PR;Centro;-26,228;-52,673;2025-03-06 16:10:00.0;0,00
PATO BRANCO;411850104A;PR;Centro;-26,228;-52,673;2025-03-06 17:10:00.0;0,00
PATO BRANCO;411850104A;PR;Centro;-26,228;-52,673;2025-03-06 18:10:00.0;0,00
PATO BRANCO;411850104A;PR;Centro;-26,228;-52,673;2025-03-06 19:10:00.0;0,00
PATO BRANCO;411850104A;PR;Centro;-26,228;-52,673;2025-03-06 20:10:00.0;0,00
PATO BRANCO;411850104A;PR;Centro;-26,228;-52,673;2025-03-06 21:10:00.0;0,00
PATO BRANCO;411850104A;PR;Centro;-26,228;-52,673;2025-03-06 22:10:00.0;0,00
PATO BRANCO;411850104A;PR;Centro;-26,228;-52,673;2025-03-06 23:10:00.0;0,00
PATO BRANCO;411850104A;PR;Centro;-26,228;-52,673;2025-03-07 00:10:00.0;0,00
PATO BRANCO;411850104A;PR;Centro;-26,228;-52,673;2025-03-07 01:10:00.0;0,00
PATO BRANCO;411850104A;PR;Centro;-26,228;-52,673;2025-03-07 02:10:00.0;0,00
PATO BRANCO;411850104A;PR;Centro;-26,228;-52,673;2025-03-07 03:10:00.0;0,00
PATO BRANCO;411850104A;PR;Centro;-26,228;-52,673;2025-03-07 04:10:00.0;0,00
PATO BRANCO;411850104A;PR;Centro;-26,228;-52,673;2025-03-07 05:10:00.0;0,00
PATO BRANCO;411850104A;PR;Centro;-26,228;-52,673;2025-03-07 06:10:00.0;0,00
PATO BRANCO;411850104A;PR;Centro;-26,228;-52,673;2025-03-07 07:10:00.0;0,00
PATO BRANCO;411850104A;PR;Centro;-26,228;-52,673;2025-03-07 08:10:00.0;0,00
PATO BRANCO;411850104A;PR;Centro;-26,228;-52,673;2025-03-07 09:10:00.0;0,00
PATO BRANCO;411850104A;PR;Centro;-26,228;-52,673;2025-03-07 10:10:00.0;0,00
PATO BRANCO;411850104A;PR;Centro;-26,228;-52,673;2025-03-07 11:10:00.0;0,00
PATO BRANCO;411850104A;PR;Centro;-26,228;-52,673;2025-03-07 12:10:00.0;0,00
PATO BRANCO;411850104A;PR;Centro;-26,228;-52,673;2025-03-07 13:10:00.0;0,00
PATO BRANCO;411850104A;PR;Centro;-26,228;-52,673;2025-03-07 16:20:00.0;0,00
PATO BRANCO;411850104A;PR;Centro;-26,228;-52,673;2025-03-07 18:00:00.0;0,00
PATO BRANCO;411850104A;PR;Centro;-26,228;-52,673;2025-03-07 18:10:00.0;0,00
PATO BRANCO;411850104A;PR;Centro;-26,228;-52,673;2025-03-07 19:30:00.0;0,00
PATO BRANCO;411850104A;PR;Centro;-26,228;-52,673;2025-03-07 20:10:00.0;0,00
PATO BRANCO;411850104A;PR;Centro;-26,228;-52,673;2025-03-07 21:10:00.0;0,00
PATO BRANCO;411850104A;PR;Centro;-26,228;-52,673;2025-03-07 22:10:00.0;0,00
PATO BRANCO;411850104A;PR;Centro;-26,228;-52,673;2025-03-07 23:10:00.0;0,00
PATO BRANCO;411850104A;PR;Centro;-26,228;-52,673;2025-03-08 00:40:00.0;0,00
PATO BRANCO;411850104A;PR;Centro;-26,228;-52,673;2025-03-08 01:50:00.0;0,00
PATO BRANCO;411850104A;PR;Centro;-26,228;-52,673;2025-03-08 02:30:00.0;0,00
PATO BRANCO;411850104A;PR;Centro;-26,228;-52,673;2025-03-08 03:20:00.0;0,00
PATO BRANCO;411850104A;PR;Centro;-26,228;-52,673;2025-03-08 04:20:00.0;0,00
PATO BRANCO;411850104A;PR;Centro;-26,228;-52,673;2025-03-08 05:20:00.0;0,00
PATO BRANCO;411850104A;PR;Centro;-26,228;-52,673;2025-03-08 07:00:00.0;0,00
PATO BRANCO;411850104A;PR;Centro;-26,228;-52,673;2025-03-08 07:10:00.0;0,00
PATO BRANCO;411850104A;PR;Centro;-26,228;-52,673;2025-03-08 08:10:00.0;0,00
PATO BRANCO;411850104A;PR;Centro;-26,228;-52,673;2025-03-08 09:10:00.0;0,00
PATO BRANCO;411850104A;PR;Centro;-26,228;-52,673;2025-03-08 10:10:00.0;0,00
PATO BRANCO;411850104A;PR;Centro;-26,228;-52,673;2025-03-08 11:10:00.0;0,00
PATO BRANCO;411850104A;PR;Centro;-26,228;-52,673;2025-03-08 12:10:00.0;0,00
PATO BRANCO;411850104A;PR;Centro;-26,228;-52,673;2025-03-08 13:10:00.0;0,00
PATO BRANCO;411850104A;PR;Centro;-26,228;-52,673;2025-03-08 14:10:00.0;0,00
PATO BRANCO;411850104A;PR;Centro;-26,228;-52,673;2025-03-08 15:10:00.0;0,00
PATO BRANCO;411850104A;PR;Centro;-26,228;-52,673;2025-03-08 16:10:00.0;0,00
PATO BRANCO;411850104A;PR;Centro;-26,228;-52,673;2025-03-08 17:10:00.0;0,00
PATO BRANCO;411850104A;PR;Centro;-26,228;-52,673;2025-03-08 18:10:00.0;0,00
PATO BRANCO;411850104A;PR;Centro;-26,228;-52,673;2025-03-08 19:10:00.0;0,00
PATO BRANCO;411850104A;PR;Centro;-26,228;-52,673;2025-03-08 20:10:00.0;0,00
PATO BRANCO;411850104A;PR;Centro;-26,228;-52,673;2025-03-08 21:10:00.0;0,00
PATO BRANCO;411850104A;PR;Centro;-26,228;-52,673;2025-03-08 22:10:00.0;0,00
PATO BRANCO;411850104A;PR;Centro;-26,228;-52,673;2025-03-08 23:10:00.0;0,00
PATO BRANCO;411850104A;PR;Centro;-26,228;-52,673;2025-03-09 00:10:00.0;0,00
PATO BRANCO;411850104A;PR;Centro;-26,228;-52,673;2025-03-09 01:10:00.0;0,00
PATO BRANCO;411850104A;PR;Centro;-26,228;-52,673;2025-03-09 02:10:00.0;0,00
PATO BRANCO;411850104A;PR;Centro;-26,228;-52,673;2025-03-09 03:10:00.0;0,00
PATO BRANCO;411850104A;PR;Centro;-26,228;-52,673;2025-03-09 04:10:00.0;0,00
PATO BRANCO;411850104A;PR;Centro;-26,228;-52,673;2025-03-09 05:10:00.0;0,00
PATO BRANCO;411850104A;PR;Centro;-26,228;-52,673;2025-03-09 06:10:00.0;0,00
PATO BRANCO;411850104A;PR;Centro;-26,228;-52,673;2025-03-09 07:10:00.0;0,00
PATO BRANCO;411850104A;PR;Centro;-26,228;-52,673;2025-03-09 08:10:00.0;0,00
PATO BRANCO;411850104A;PR;Centro;-26,228;-52,673;2025-03-09 09:10:00.0;0,00
PATO BRANCO;411850104A;PR;Centro;-26,228;-52,673;2025-03-09 10:10:00.0;0,00
PATO BRANCO;411850104A;PR;Centro;-26,228;-52,673;2025-03-09 11:10:00.0;0,00
PATO BRANCO;411850104A;PR;Centro;-26,228;-52,673;2025-03-09 12:10:00.0;0,00
PATO BRANCO;411850104A;PR;Centro;-26,228;-52,673;2025-03-09 13:10:00.0;0,00
PATO BRANCO;411850104A;PR;Centro;-26,228;-52,673;2025-03-09 14:10:00.0;0,00
PATO BRANCO;411850104A;PR;Centro;-26,228;-52,673;2025-03-09 15:10:00.0;0,00
PATO BRANCO;411850104A;PR;Centro;-26,228;-52,673;2025-03-09 16:10:00.0;0,00
PATO BRANCO;411850104A;PR;Centro;-26,228;-52,673;2025-03-09 17:10:00.0;0,00
PATO BRANCO;411850104A;PR;Centro;-26,228;-52,673;2025-03-09 18:10:00.0;0,00
PATO BRANCO;411850104A;PR;Centro;-26,228;-52,673;2025-03-09 19:10:00.0;0,00
PATO BRANCO;411850104A;PR;Centro;-26,228;-52,673;2025-03-09 20:10:00.0;0,00
PATO BRANCO;411850104A;PR;Centro;-26,228;-52,673;2025-03-09 21:10:00.0;0,00
PATO BRANCO;411850104A;PR;Centro;-26,228;-52,673;2025-03-09 22:10:00.0;0,00
PATO BRANCO;411850104A;PR;Centro;-26,228;-52,673;2025-03-09 23:10:00.0;0,00
PATO BRANCO;411850104A;PR;Centro;-26,228;-52,673;2025-03-10 00:10:00.0;0,00
PATO BRANCO;411850104A;PR;Centro;-26,228;-52,673;2025-03-10 01:10:00.0;0,00
PATO BRANCO;411850104A;PR;Centro;-26,228;-52,673;2025-03-10 02:10:00.0;0,00
PATO BRANCO;411850104A;PR;Centro;-26,228;-52,673;2025-03-10 03:10:00.0;0,00
PATO BRANCO;411850104A;PR;Centro;-26,228;-52,673;2025-03-10 04:10:00.0;0,00
PATO BRANCO;411850104A;PR;Centro;-26,228;-52,673;2025-03-10 05:10:00.0;0,00
PATO BRANCO;411850104A;PR;Centro;-26,228;-52,673;2025-03-10 06:10:00.0;0,00
PATO BRANCO;411850104A;PR;Centro;-26,228;-52,673;2025-03-10 07:10:00.0;0,00
PATO BRANCO;411850104A;PR;Centro;-26,228;-52,673;2025-03-10 08:10:00.0;0,00
PATO BRANCO;411850104A;PR;Centro;-26,228;-52,673;2025-03-10 09:10:00.0;0,00
PATO BRANCO;411850104A;PR;Centro;-26,228;-52,673;2025-03-10 10:10:00.0;0,00
PATO BRANCO;411850104A;PR;Centro;-26,228;-52,673;2025-03-10 11:10:00.0;0,00
PATO BRANCO;411850104A;PR;Centro;-26,228;-52,673;2025-03-10 12:10:00.0;0,00
PATO BRANCO;411850104A;PR;Centro;-26,228;-52,673;2025-03-10 13:10:00.0;0,00
PATO BRANCO;411850104A;PR;Centro;-26,228;-52,673;2025-03-10 14:10:00.0;0,00
PATO BRANCO;411850104A;PR;Centro;-26,228;-52,673;2025-03-10 15:10:00.0;0,00
PATO BRANCO;411850104A;PR;Centro;-26,228;-52,673;2025-03-10 16:10:00.0;0,00
PATO BRANCO;411850104A;PR;Centro;-26,228;-52,673;2025-03-10 17:10:00.0;0,00
PATO BRANCO;411850104A;PR;Centro;-26,228;-52,673;2025-03-10 18:10:00.0;0,00
PATO BRANCO;411850104A;PR;Centro;-26,228;-52,673;2025-03-10 19:10:00.0;0,00
PATO BRANCO;411850104A;PR;Centro;-26,228;-52,673;2025-03-10 20:10:00.0;0,00
PATO BRANCO;411850104A;PR;Centro;-26,228;-52,673;2025-03-10 21:10:00.0;0,00
PATO BRANCO;411850104A;PR;Centro;-26,228;-52,673;2025-03-10 22:10:00.0;0,00
PATO BRANCO;411850104A;PR;Centro;-26,228;-52,673;2025-03-10 23:10:00.0;0,00
PATO BRANCO;411850104A;PR;Centro;-26,228;-52,673;2025-03-11 00:10:00.0;0,00
PATO BRANCO;411850104A;PR;Centro;-26,228;-52,673;2025-03-11 01:10:00.0;0,00
PATO BRANCO;411850104A;PR;Centro;-26,228;-52,673;2025-03-11 02:10:00.0;0,00
PATO BRANCO;411850104A;PR;Centro;-26,228;-52,673;2025-03-11 03:10:00.0;0,00
PATO BRANCO;411850104A;PR;Centro;-26,228;-52,673;2025-03-11 04:10:00.0;0,00
PATO BRANCO;411850104A;PR;Centro;-26,228;-52,673;2025-03-11 05:10:00.0;0,00
PATO BRANCO;411850104A;PR;Centro;-26,228;-52,673;2025-03-11 06:10:00.0;0,00
PATO BRANCO;411850104A;PR;Centro;-26,228;-52,673;2025-03-11 07:10:00.0;0,00
PATO BRANCO;411850104A;PR;Centro;-26,228;-52,673;2025-03-11 08:10:00.0;0,00
PATO BRANCO;411850104A;PR;Centro;-26,228;-52,673;2025-03-11 09:10:00.0;0,00
PATO BRANCO;411850104A;PR;Centro;-26,228;-52,673;2025-03-11 10:10:00.0;0,00
PATO BRANCO;411850104A;PR;Centro;-26,228;-52,673;2025-03-11 11:10:00.0;0,00
PATO BRANCO;411850104A;PR;Centro;-26,228;-52,673;2025-03-11 12:10:00.0;0,00
PATO BRANCO;411850104A;PR;Centro;-26,228;-52,673;2025-03-11 12:20:00.0;1,18
PATO BRANCO;411850104A;PR;Centro;-26,228;-52,673;2025-03-11 13:10:00.0;0,00
PATO BRANCO;411850104A;PR;Centro;-26,228;-52,673;2025-03-11 13:30:00.0;1,77
PATO BRANCO;411850104A;PR;Centro;-26,228;-52,673;2025-03-11 13:40:00.0;3,55
PATO BRANCO;411850104A;PR;Centro;-26,228;-52,673;2025-03-11 13:50:00.0;6,10
PATO BRANCO;411850104A;PR;Centro;-26,228;-52,673;2025-03-11 14:20:00.0;0,79
PATO BRANCO;411850104A;PR;Centro;-26,228;-52,673;2025-03-11 15:10:00.0;0,00
PATO BRANCO;411850104A;PR;Centro;-26,228;-52,673;2025-03-11 16:10:00.0;0,00
PATO BRANCO;411850104A;PR;Centro;-26,228;-52,673;2025-03-11 17:10:00.0;0,00
PATO BRANCO;411850104A;PR;Centro;-26,228;-52,673;2025-03-11 18:10:00.0;0,00
PATO BRANCO;411850104A;PR;Centro;-26,228;-52,673;2025-03-11 19:10:00.0;0,00
PATO BRANCO;411850104A;PR;Centro;-26,228;-52,673;2025-03-11 19:50:00.0;0,39
PATO BRANCO;411850104A;PR;Centro;-26,228;-52,673;2025-03-11 20:10:00.0;0,20
PATO BRANCO;411850104A;PR;Centro;-26,228;-52,673;2025-03-11 20:20:00.0;0,39
PATO BRANCO;411850104A;PR;Centro;-26,228;-52,673;2025-03-11 20:30:00.0;0,20
PATO BRANCO;411850104A;PR;Centro;-26,228;-52,673;2025-03-11 20:50:00.0;0,20
PATO BRANCO;411850104A;PR;Centro;-26,228;-52,673;2025-03-11 21:10:00.0;0,00
PATO BRANCO;411850104A;PR;Centro;-26,228;-52,673;2025-03-11 22:10:00.0;0,00
PATO BRANCO;411850104A;PR;Centro;-26,228;-52,673;2025-03-11 23:10:00.0;0,00
PATO BRANCO;411850104A;PR;Centro;-26,228;-52,673;2025-03-12 00:10:00.0;0,00
PATO BRANCO;411850104A;PR;Centro;-26,228;-52,673;2025-03-12 01:10:00.0;0,00
PATO BRANCO;411850104A;PR;Centro;-26,228;-52,673;2025-03-12 02:10:00.0;0,00
PATO BRANCO;411850104A;PR;Centro;-26,228;-52,673;2025-03-12 03:10:00.0;0,00
PATO BRANCO;411850104A;PR;Centro;-26,228;-52,673;2025-03-12 04:10:00.0;0,00
PATO BRANCO;411850104A;PR;Centro;-26,228;-52,673;2025-03-12 05:10:00.0;0,00
PATO BRANCO;411850104A;PR;Centro;-26,228;-52,673;2025-03-12 06:10:00.0;0,00
PATO BRANCO;411850104A;PR;Centro;-26,228;-52,673;2025-03-12 07:10:00.0;0,00
PATO BRANCO;411850104A;PR;Centro;-26,228;-52,673;2025-03-12 08:10:00.0;0,00
PATO BRANCO;411850104A;PR;Centro;-26,228;-52,673;2025-03-12 09:10:00.0;0,00
PATO BRANCO;411850104A;PR;Centro;-26,228;-52,673;2025-03-12 10:10:00.0;0,00
PATO BRANCO;411850104A;PR;Centro;-26,228;-52,673;2025-03-12 11:10:00.0;0,00
PATO BRANCO;411850104A;PR;Centro;-26,228;-52,673;2025-03-12 11:40:00.0;0,20
PATO BRANCO;411850104A;PR;Centro;-26,228;-52,673;2025-03-12 12:10:00.0;0,00
PATO BRANCO;411850104A;PR;Centro;-26,228;-52,673;2025-03-12 13:10:00.0;0,00
PATO BRANCO;411850104A;PR;Centro;-26,228;-52,673;2025-03-12 14:10:00.0;0,00
PATO BRANCO;411850104A;PR;Centro;-26,228;-52,673;2025-03-12 15:10:00.0;0,00
PATO BRANCO;411850104A;PR;Centro;-26,228;-52,673;2025-03-12 16:10:00.0;0,00
PATO BRANCO;411850104A;PR;Centro;-26,228;-52,673;2025-03-12 17:10:00.0;0,00
PATO BRANCO;411850104A;PR;Centro;-26,228;-52,673;2025-03-12 18:10:00.0;0,00
PATO BRANCO;411850104A;PR;Centro;-26,228;-52,673;2025-03-12 19:10:00.0;0,00
PATO BRANCO;411850104A;PR;Centro;-26,228;-52,673;2025-03-12 20:10:00.0;0,00
PATO BRANCO;411850104A;PR;Centro;-26,228;-52,673;2025-03-12 21:10:00.0;0,00
PATO BRANCO;411850104A;PR;Centro;-26,228;-52,673;2025-03-12 22:10:00.0;0,00
PATO BRANCO;411850104A;PR;Centro;-26,228;-52,673;2025-03-12 23:10:00.0;0,00
PATO BRANCO;411850104A;PR;Centro;-26,228;-52,673;2025-03-13 00:10:00.0;0,00
PATO BRANCO;411850104A;PR;Centro;-26,228;-52,673;2025-03-13 01:10:00.0;0,00
PATO BRANCO;411850104A;PR;Centro;-26,228;-52,673;2025-03-13 02:10:00.0;0,00
PATO BRANCO;411850104A;PR;Centro;-26,228;-52,673;2025-03-13 03:10:00.0;0,00
PATO BRANCO;411850104A;PR;Centro;-26,228;-52,673;2025-03-13 04:10:00.0;0,00
PATO BRANCO;411850104A;PR;Centro;-26,228;-52,673;2025-03-13 05:10:00.0;0,00
PATO BRANCO;411850104A;PR;Centro;-26,228;-52,673;2025-03-13 06:10:00.0;0,00
PATO BRANCO;411850104A;PR;Centro;-26,228;-52,673;2025-03-13 07:10:00.0;0,00
PATO BRANCO;411850104A;PR;Centro;-26,228;-52,673;2025-03-13 08:10:00.0;0,00
PATO BRANCO;411850104A;PR;Centro;-26,228;-52,673;2025-03-13 09:10:00.0;0,00
PATO BRANCO;411850104A;PR;Centro;-26,228;-52,673;2025-03-13 10:10:00.0;0,00
PATO BRANCO;411850104A;PR;Centro;-26,228;-52,673;2025-03-13 11:10:00.0;0,00
PATO BRANCO;411850104A;PR;Centro;-26,228;-52,673;2025-03-13 12:10:00.0;0,00
PATO BRANCO;411850104A;PR;Centro;-26,228;-52,673;2025-03-13 13:10:00.0;0,00
PATO BRANCO;411850104A;PR;Centro;-26,228;-52,673;2025-03-13 14:10:00.0;0,00
PATO BRANCO;411850104A;PR;Centro;-26,228;-52,673;2025-03-13 15:10:00.0;0,00
PATO BRANCO;411850104A;PR;Centro;-26,228;-52,673;2025-03-13 16:10:00.0;0,00
PATO BRANCO;411850104A;PR;Centro;-26,228;-52,673;2025-03-13 17:10:00.0;0,00
PATO BRANCO;411850104A;PR;Centro;-26,228;-52,673;2025-03-13 17:30:00.0;7,42
PATO BRANCO;411850104A;PR;Centro;-26,228;-52,673;2025-03-13 17:40:00.0;0,20
PATO BRANCO;411850104A;PR;Centro;-26,228;-52,673;2025-03-13 18:10:00.0;0,00
PATO BRANCO;411850104A;PR;Centro;-26,228;-52,673;2025-03-13 19:10:00.0;0,00
PATO BRANCO;411850104A;PR;Centro;-26,228;-52,673;2025-03-13 20:10:00.0;0,00
PATO BRANCO;411850104A;PR;Centro;-26,228;-52,673;2025-03-13 21:10:00.0;0,00
PATO BRANCO;411850104A;PR;Centro;-26,228;-52,673;2025-03-13 22:10:00.0;0,00
PATO BRANCO;411850104A;PR;Centro;-26,228;-52,673;2025-03-13 23:10:00.0;0,00
PATO BRANCO;411850104A;PR;Centro;-26,228;-52,673;2025-03-14 00:10:00.0;0,00
PATO BRANCO;411850104A;PR;Centro;-26,228;-52,673;2025-03-14 01:10:00.0;0,00
PATO BRANCO;411850104A;PR;Centro;-26,228;-52,673;2025-03-14 02:10:00.0;0,00
PATO BRANCO;411850104A;PR;Centro;-26,228;-52,673;2025-03-14 03:10:00.0;0,00
PATO BRANCO;411850104A;PR;Centro;-26,228;-52,673;2025-03-14 04:10:00.0;0,00
PATO BRANCO;411850104A;PR;Centro;-26,228;-52,673;2025-03-14 05:10:00.0;0,00
PATO BRANCO;411850104A;PR;Centro;-26,228;-52,673;2025-03-14 06:10:00.0;0,00
PATO BRANCO;411850104A;PR;Centro;-26,228;-52,673;2025-03-14 07:10:00.0;0,00
PATO BRANCO;411850104A;PR;Centro;-26,228;-52,673;2025-03-14 08:10:00.0;0,00
PATO BRANCO;411850104A;PR;Centro;-26,228;-52,673;2025-03-14 09:10:00.0;0,00
PATO BRANCO;411850104A;PR;Centro;-26,228;-52,673;2025-03-14 10:10:00.0;0,00
PATO BRANCO;411850104A;PR;Centro;-26,228;-52,673;2025-03-14 11:10:00.0;0,00
PATO BRANCO;411850104A;PR;Centro;-26,228;-52,673;2025-03-14 12:10:00.0;0,00
PATO BRANCO;411850104A;PR;Centro;-26,228;-52,673;2025-03-14 13:10:00.0;0,00
PATO BRANCO;411850104A;PR;Centro;-26,228;-52,673;2025-03-14 14:10:00.0;0,00
PATO BRANCO;411850104A;PR;Centro;-26,228;-52,673;2025-03-14 15:10:00.0;0,00
PATO BRANCO;411850104A;PR;Centro;-26,228;-52,673;2025-03-14 16:10:00.0;0,00
PATO BRANCO;411850104A;PR;Centro;-26,228;-52,673;2025-03-14 17:10:00.0;0,00
PATO BRANCO;411850104A;PR;Centro;-26,228;-52,673;2025-03-14 18:10:00.0;0,00
PATO BRANCO;411850104A;PR;Centro;-26,228;-52,673;2025-03-14 19:10:00.0;0,00
PATO BRANCO;411850104A;PR;Centro;-26,228;-52,673;2025-03-14 20:10:00.0;0,00
PATO BRANCO;411850104A;PR;Centro;-26,228;-52,673;2025-03-14 21:10:00.0;0,00
PATO BRANCO;411850104A;PR;Centro;-26,228;-52,673;2025-03-14 22:10:00.0;0,00
PATO BRANCO;411850104A;PR;Centro;-26,228;-52,673;2025-03-14 23:10:00.0;0,00
PATO BRANCO;411850104A;PR;Centro;-26,228;-52,673;2025-03-15 00:10:00.0;0,00
PATO BRANCO;411850104A;PR;Centro;-26,228;-52,673;2025-03-15 01:10:00.0;0,00
PATO BRANCO;411850104A;PR;Centro;-26,228;-52,673;2025-03-15 02:10:00.0;0,00
PATO BRANCO;411850104A;PR;Centro;-26,228;-52,673;2025-03-15 03:10:00.0;0,00
PATO BRANCO;411850104A;PR;Centro;-26,228;-52,673;2025-03-15 04:10:00.0;0,00
PATO BRANCO;411850104A;PR;Centro;-26,228;-52,673;2025-03-15 05:10:00.0;0,00
PATO BRANCO;411850104A;PR;Centro;-26,228;-52,673;2025-03-15 06:10:00.0;0,00
PATO BRANCO;411850104A;PR;Centro;-26,228;-52,673;2025-03-15 07:10:00.0;0,00
PATO BRANCO;411850104A;PR;Centro;-26,228;-52,673;2025-03-15 08:10:00.0;0,00
PATO BRANCO;411850104A;PR;Centro;-26,228;-52,673;2025-03-15 09:10:00.0;0,00
PATO BRANCO;411850104A;PR;Centro;-26,228;-52,673;2025-03-15 10:10:00.0;0,00
PATO BRANCO;411850104A;PR;Centro;-26,228;-52,673;2025-03-15 11:10:00.0;0,00
PATO BRANCO;411850104A;PR;Centro;-26,228;-52,673;2025-03-15 12:10:00.0;0,00
PATO BRANCO;411850104A;PR;Centro;-26,228;-52,673;2025-03-15 13:10:00.0;0,00
PATO BRANCO;411850104A;PR;Centro;-26,228;-52,673;2025-03-15 13:30:00.0;0,20
PATO BRANCO;411850104A;PR;Centro;-26,228;-52,673;2025-03-15 13:40:00.0;0,20
PATO BRANCO;411850104A;PR;Centro;-26,228;-52,673;2025-03-15 13:50:00.0;0,39
PATO BRANCO;411850104A;PR;Centro;-26,228;-52,673;2025-03-15 14:00:00.0;0,20
PATO BRANCO;411850104A;PR;Centro;-26,228;-52,673;2025-03-15 14:10:00.0;0,20
PATO BRANCO;411850104A;PR;Centro;-26,228;-52,673;2025-03-15 15:10:00.0;0,00
PATO BRANCO;411850104A;PR;Centro;-26,228;-52,673;2025-03-15 15:20:00.0;0,20
PATO BRANCO;411850104A;PR;Centro;-26,228;-52,673;2025-03-15 15:30:00.0;0,20
PATO BRANCO;411850104A;PR;Centro;-26,228;-52,673;2025-03-15 15:40:00.0;0,20
PATO BRANCO;411850104A;PR;Centro;-26,228;-52,673;2025-03-15 15:50:00.0;0,20
PATO BRANCO;411850104A;PR;Centro;-26,228;-52,673;2025-03-15 16:00:00.0;0,20
PATO BRANCO;411850104A;PR;Centro;-26,228;-52,673;2025-03-15 16:10:00.0;0,00
PATO BRANCO;411850104A;PR;Centro;-26,228;-52,673;2025-03-15 17:10:00.0;0,20
PATO BRANCO;411850104A;PR;Centro;-26,228;-52,673;2025-03-15 18:10:00.0;0,00
PATO BRANCO;411850104A;PR;Centro;-26,228;-52,673;2025-03-15 19:10:00.0;0,00
PATO BRANCO;411850104A;PR;Centro;-26,228;-52,673;2025-03-15 20:10:00.0;0,00
PATO BRANCO;411850104A;PR;Centro;-26,228;-52,673;2025-03-15 21:10:00.0;0,00
PATO BRANCO;411850104A;PR;Centro;-26,228;-52,673;2025-03-15 22:10:00.0;0,00
PATO BRANCO;411850104A;PR;Centro;-26,228;-52,673;2025-03-15 23:10:00.0;0,00
PATO BRANCO;411850104A;PR;Centro;-26,228;-52,673;2025-03-16 00:10:00.0;0,00
PATO BRANCO;411850104A;PR;Centro;-26,228;-52,673;2025-03-16 01:10:00.0;0,00
PATO BRANCO;411850104A;PR;Centro;-26,228;-52,673;2025-03-16 02:10:00.0;0,00
PATO BRANCO;411850104A;PR;Centro;-26,228;-52,673;2025-03-16 03:10:00.0;0,00
PATO BRANCO;411850104A;PR;Centro;-26,228;-52,673;2025-03-16 04:10:00.0;0,00
PATO BRANCO;411850104A;PR;Centro;-26,228;-52,673;2025-03-16 05:10:00.0;0,00
PATO BRANCO;411850104A;PR;Centro;-26,228;-52,673;2025-03-16 06:10:00.0;0,00
PATO BRANCO;411850104A;PR;Centro;-26,228;-52,673;2025-03-16 07:10:00.0;0,00
PATO BRANCO;411850104A;PR;Centro;-26,228;-52,673;2025-03-16 08:10:00.0;0,00
PATO BRANCO;411850104A;PR;Centro;-26,228;-52,673;2025-03-16 09:10:00.0;0,00
PATO BRANCO;411850104A;PR;Centro;-26,228;-52,673;2025-03-16 10:10:00.0;0,00
PATO BRANCO;411850104A;PR;Centro;-26,228;-52,673;2025-03-16 11:10:00.0;0,00
PATO BRANCO;411850104A;PR;Centro;-26,228;-52,673;2025-03-16 12:10:00.0;0,00
PATO BRANCO;411850104A;PR;Centro;-26,228;-52,673;2025-03-16 13:10:00.0;0,00
PATO BRANCO;411850104A;PR;Centro;-26,228;-52,673;2025-03-16 14:10:00.0;0,00
PATO BRANCO;411850104A;PR;Centro;-26,228;-52,673;2025-03-16 15:10:00.0;0,00
PATO BRANCO;411850104A;PR;Centro;-26,228;-52,673;2025-03-16 17:10:00.0;0,00
PATO BRANCO;411850104A;PR;Centro;-26,228;-52,673;2025-03-16 18:10:00.0;0,00
PATO BRANCO;411850104A;PR;Centro;-26,228;-52,673;2025-03-16 19:10:00.0;0,00
PATO BRANCO;411850104A;PR;Centro;-26,228;-52,673;2025-03-16 20:30:00.0;0,00
PATO BRANCO;411850104A;PR;Centro;-26,228;-52,673;2025-03-16 21:50:00.0;0,00
PATO BRANCO;411850104A;PR;Centro;-26,228;-52,673;2025-03-16 22:30:00.0;0,00
PATO BRANCO;411850104A;PR;Centro;-26,228;-52,673;2025-03-16 23:10:00.0;0,00
PATO BRANCO;411850104A;PR;Centro;-26,228;-52,673;2025-03-17 00:10:00.0;0,00
PATO BRANCO;411850104A;PR;Centro;-26,228;-52,673;2025-03-17 01:30:00.0;0,00
PATO BRANCO;411850104A;PR;Centro;-26,228;-52,673;2025-03-17 02:20:00.0;0,00
PATO BRANCO;411850104A;PR;Centro;-26,228;-52,673;2025-03-17 03:10:00.0;0,00
PATO BRANCO;411850104A;PR;Centro;-26,228;-52,673;2025-03-17 04:20:00.0;0,00
PATO BRANCO;411850104A;PR;Centro;-26,228;-52,673;2025-03-17 05:20:00.0;0,00
PATO BRANCO;411850104A;PR;Centro;-26,228;-52,673;2025-03-17 06:10:00.0;0,00
PATO BRANCO;411850104A;PR;Centro;-26,228;-52,673;2025-03-17 07:10:00.0;0,00
PATO BRANCO;411850104A;PR;Centro;-26,228;-52,673;2025-03-17 08:40:00.0;0,00
PATO BRANCO;411850104A;PR;Centro;-26,228;-52,673;2025-03-17 09:20:00.0;0,00
PATO BRANCO;411850104A;PR;Centro;-26,228;-52,673;2025-03-17 10:40:00.0;0,00
PATO BRANCO;411850104A;PR;Centro;-26,228;-52,673;2025-03-17 11:10:00.0;0,00
PATO BRANCO;411850104A;PR;Centro;-26,228;-52,673;2025-03-17 12:10:00.0;0,00
PATO BRANCO;411850104A;PR;Centro;-26,228;-52,673;2025-03-17 13:10:00.0;0,00
PATO BRANCO;411850104A;PR;Centro;-26,228;-52,673;2025-03-17 14:20:00.0;0,00
PATO BRANCO;411850104A;PR;Centro;-26,228;-52,673;2025-03-17 15:10:00.0;0,00
PATO BRANCO;411850104A;PR;Centro;-26,228;-52,673;2025-03-17 16:10:00.0;0,00
PATO BRANCO;411850104A;PR;Centro;-26,228;-52,673;2025-03-17 17:10:00.0;0,00
PATO BRANCO;411850104A;PR;Centro;-26,228;-52,673;2025-03-17 18:10:00.0;0,00
PATO BRANCO;411850104A;PR;Centro;-26,228;-52,673;2025-03-17 19:10:00.0;0,00
PATO BRANCO;411850104A;PR;Centro;-26,228;-52,673;2025-03-17 20:10:00.0;0,00
PATO BRANCO;411850104A;PR;Centro;-26,228;-52,673;2025-03-17 20:20:00.0;0,20
PATO BRANCO;411850104A;PR;Centro;-26,228;-52,673;2025-03-17 20:30:00.0;0,39
PATO BRANCO;411850104A;PR;Centro;-26,228;-52,673;2025-03-17 21:10:00.0;0,20
PATO BRANCO;411850104A;PR;Centro;-26,228;-52,673;2025-03-17 22:30:00.0;0,00
PATO BRANCO;411850104A;PR;Centro;-26,228;-52,673;2025-03-17 23:10:00.0;0,00
PATO BRANCO;411850104A;PR;Centro;-26,228;-52,673;2025-03-18 00:10:00.0;0,00
PATO BRANCO;411850104A;PR;Centro;-26,228;-52,673;2025-03-18 01:10:00.0;0,00
PATO BRANCO;411850104A;PR;Centro;-26,228;-52,673;2025-03-18 02:10:00.0;0,00
PATO BRANCO;411850104A;PR;Centro;-26,228;-52,673;2025-03-18 03:10:00.0;0,00
PATO BRANCO;411850104A;PR;Centro;-26,228;-52,673;2025-03-18 04:10:00.0;0,00
PATO BRANCO;411850104A;PR;Centro;-26,228;-52,673;2025-03-18 05:10:00.0;0,00
PATO BRANCO;411850104A;PR;Centro;-26,228;-52,673;2025-03-18 06:10:00.0;0,00
PATO BRANCO;411850104A;PR;Centro;-26,228;-52,673;2025-03-18 07:10:00.0;0,00
PATO BRANCO;411850104A;PR;Centro;-26,228;-52,673;2025-03-18 08:10:00.0;0,00
PATO BRANCO;411850104A;PR;Centro;-26,228;-52,673;2025-03-18 09:10:00.0;0,00
PATO BRANCO;411850104A;PR;Centro;-26,228;-52,673;2025-03-18 10:10:00.0;0,00
PATO BRANCO;411850104A;PR;Centro;-26,228;-52,673;2025-03-18 11:10:00.0;0,00
PATO BRANCO;411850104A;PR;Centro;-26,228;-52,673;2025-03-18 12:10:00.0;0,00
PATO BRANCO;411850104A;PR;Centro;-26,228;-52,673;2025-03-18 13:10:00.0;0,00
PATO BRANCO;411850104A;PR;Centro;-26,228;-52,673;2025-03-18 14:10:00.0;0,00
PATO BRANCO;411850104A;PR;Centro;-26,228;-52,673;2025-03-18 15:10:00.0;0,00
PATO BRANCO;411850104A;PR;Centro;-26,228;-52,673;2025-03-18 16:10:00.0;0,00
PATO BRANCO;411850104A;PR;Centro;-26,228;-52,673;2025-03-18 17:10:00.0;0,20
PATO BRANCO;411850104A;PR;Centro;-26,228;-52,673;2025-03-18 18:10:00.0;0,00
PATO BRANCO;411850104A;PR;Centro;-26,228;-52,673;2025-03-18 19:10:00.0;0,00
PATO BRANCO;411850104A;PR;Centro;-26,228;-52,673;2025-03-18 20:10:00.0;0,00
PATO BRANCO;411850104A;PR;Centro;-26,228;-52,673;2025-03-18 21:10:00.0;0,00
PATO BRANCO;411850104A;PR;Centro;-26,228;-52,673;2025-03-18 22:10:00.0;0,00
PATO BRANCO;411850104A;PR;Centro;-26,228;-52,673;2025-03-18 23:10:00.0;0,00
PATO BRANCO;411850104A;PR;Centro;-26,228;-52,673;2025-03-19 00:10:00.0;0,00
PATO BRANCO;411850104A;PR;Centro;-26,228;-52,673;2025-03-19 01:10:00.0;0,00
PATO BRANCO;411850104A;PR;Centro;-26,228;-52,673;2025-03-19 02:10:00.0;0,00
PATO BRANCO;411850104A;PR;Centro;-26,228;-52,673;2025-03-19 03:10:00.0;0,00
PATO BRANCO;411850104A;PR;Centro;-26,228;-52,673;2025-03-19 04:10:00.0;0,00
PATO BRANCO;411850104A;PR;Centro;-26,228;-52,673;2025-03-19 05:10:00.0;0,00
PATO BRANCO;411850104A;PR;Centro;-26,228;-52,673;2025-03-19 06:10:00.0;0,00
PATO BRANCO;411850104A;PR;Centro;-26,228;-52,673;2025-03-19 07:10:00.0;0,00
PATO BRANCO;411850104A;PR;Centro;-26,228;-52,673;2025-03-19 08:10:00.0;0,00
PATO BRANCO;411850104A;PR;Centro;-26,228;-52,673;2025-03-19 09:10:00.0;0,00
PATO BRANCO;411850104A;PR;Centro;-26,228;-52,673;2025-03-19 10:10:00.0;0,00
PATO BRANCO;411850104A;PR;Centro;-26,228;-52,673;2025-03-19 11:10:00.0;0,00
PATO BRANCO;411850104A;PR;Centro;-26,228;-52,673;2025-03-19 12:10:00.0;0,00
PATO BRANCO;411850104A;PR;Centro;-26,228;-52,673;2025-03-19 13:10:00.0;0,00
PATO BRANCO;411850104A;PR;Centro;-26,228;-52,673;2025-03-19 14:10:00.0;0,00
PATO BRANCO;411850104A;PR;Centro;-26,228;-52,673;2025-03-19 15:10:00.0;0,00
PATO BRANCO;411850104A;PR;Centro;-26,228;-52,673;2025-03-19 16:10:00.0;0,00
PATO BRANCO;411850104A;PR;Centro;-26,228;-52,673;2025-03-19 17:10:00.0;0,00
PATO BRANCO;411850104A;PR;Centro;-26,228;-52,673;2025-03-19 18:10:00.0;0,00
PATO BRANCO;411850104A;PR;Centro;-26,228;-52,673;2025-03-19 19:10:00.0;0,00
PATO BRANCO;411850104A;PR;Centro;-26,228;-52,673;2025-03-19 20:10:00.0;0,00
PATO BRANCO;411850104A;PR;Centro;-26,228;-52,673;2025-03-19 21:10:00.0;0,00
PATO BRANCO;411850104A;PR;Centro;-26,228;-52,673;2025-03-19 22:10:00.0;0,00
PATO BRANCO;411850104A;PR;Centro;-26,228;-52,673;2025-03-19 23:10:00.0;0,00
PATO BRANCO;411850104A;PR;Centro;-26,228;-52,673;2025-03-20 00:10:00.0;0,00
PATO BRANCO;411850104A;PR;Centro;-26,228;-52,673;2025-03-20 01:10:00.0;0,00
PATO BRANCO;411850104A;PR;Centro;-26,228;-52,673;2025-03-20 02:10:00.0;0,00
PATO BRANCO;411850104A;PR;Centro;-26,228;-52,673;2025-03-20 03:10:00.0;0,00
PATO BRANCO;411850104A;PR;Centro;-26,228;-52,673;2025-03-20 04:10:00.0;0,00
PATO BRANCO;411850104A;PR;Centro;-26,228;-52,673;2025-03-20 05:10:00.0;0,00
PATO BRANCO;411850104A;PR;Centro;-26,228;-52,673;2025-03-20 06:10:00.0;0,00
PATO BRANCO;411850104A;PR;Centro;-26,228;-52,673;2025-03-20 07:10:00.0;0,00
PATO BRANCO;411850104A;PR;Centro;-26,228;-52,673;2025-03-20 08:10:00.0;0,00
PATO BRANCO;411850104A;PR;Centro;-26,228;-52,673;2025-03-20 09:10:00.0;0,00
PATO BRANCO;411850104A;PR;Centro;-26,228;-52,673;2025-03-20 10:10:00.0;0,00
PATO BRANCO;411850104A;PR;Centro;-26,228;-52,673;2025-03-20 11:10:00.0;0,00
PATO BRANCO;411850104A;PR;Centro;-26,228;-52,673;2025-03-20 12:10:00.0;0,00
PATO BRANCO;411850104A;PR;Centro;-26,228;-52,673;2025-03-20 13:10:00.0;0,00
PATO BRANCO;411850104A;PR;Centro;-26,228;-52,673;2025-03-20 14:10:00.0;0,00
PATO BRANCO;411850104A;PR;Centro;-26,228;-52,673;2025-03-20 15:10:00.0;0,00
PATO BRANCO;411850104A;PR;Centro;-26,228;-52,673;2025-03-20 16:10:00.0;0,00
PATO BRANCO;411850104A;PR;Centro;-26,228;-52,673;2025-03-20 17:10:00.0;0,00
PATO BRANCO;411850104A;PR;Centro;-26,228;-52,673;2025-03-20 18:10:00.0;0,00
PATO BRANCO;411850104A;PR;Centro;-26,228;-52,673;2025-03-20 19:10:00.0;0,00
PATO BRANCO;411850104A;PR;Centro;-26,228;-52,673;2025-03-20 20:10:00.0;0,00
PATO BRANCO;411850104A;PR;Centro;-26,228;-52,673;2025-03-20 21:10:00.0;0,00
PATO BRANCO;411850104A;PR;Centro;-26,228;-52,673;2025-03-20 22:10:00.0;0,00
PATO BRANCO;411850104A;PR;Centro;-26,228;-52,673;2025-03-20 23:10:00.0;0,00
PATO BRANCO;411850104A;PR;Centro;-26,228;-52,673;2025-03-21 00:10:00.0;0,00
PATO BRANCO;411850104A;PR;Centro;-26,228;-52,673;2025-03-21 01:10:00.0;0,00
PATO BRANCO;411850104A;PR;Centro;-26,228;-52,673;2025-03-21 02:10:00.0;0,00
PATO BRANCO;411850104A;PR;Centro;-26,228;-52,673;2025-03-21 03:10:00.0;0,00
PATO BRANCO;411850104A;PR;Centro;-26,228;-52,673;2025-03-21 04:10:00.0;0,00
PATO BRANCO;411850104A;PR;Centro;-26,228;-52,673;2025-03-21 05:10:00.0;0,00
PATO BRANCO;411850104A;PR;Centro;-26,228;-52,673;2025-03-21 06:10:00.0;0,00
PATO BRANCO;411850104A;PR;Centro;-26,228;-52,673;2025-03-21 07:10:00.0;0,00
PATO BRANCO;411850104A;PR;Centro;-26,228;-52,673;2025-03-21 08:10:00.0;0,00
PATO BRANCO;411850104A;PR;Centro;-26,228;-52,673;2025-03-21 09:10:00.0;0,00
PATO BRANCO;411850104A;PR;Centro;-26,228;-52,673;2025-03-21 10:10:00.0;0,00
PATO BRANCO;411850104A;PR;Centro;-26,228;-52,673;2025-03-21 11:10:00.0;0,00
PATO BRANCO;411850104A;PR;Centro;-26,228;-52,673;2025-03-21 12:10:00.0;0,00
PATO BRANCO;411850104A;PR;Centro;-26,228;-52,673;2025-03-21 13:10:00.0;0,00
PATO BRANCO;411850104A;PR;Centro;-26,228;-52,673;2025-03-21 14:10:00.0;0,00
PATO BRANCO;411850104A;PR;Centro;-26,228;-52,673;2025-03-21 15:10:00.0;0,00
PATO BRANCO;411850104A;PR;Centro;-26,228;-52,673;2025-03-21 16:10:00.0;0,00
PATO BRANCO;411850104A;PR;Centro;-26,228;-52,673;2025-03-21 17:10:00.0;0,00
PATO BRANCO;411850104A;PR;Centro;-26,228;-52,673;2025-03-21 18:10:00.0;0,00
PATO BRANCO;411850104A;PR;Centro;-26,228;-52,673;2025-03-21 19:10:00.0;0,00
PATO BRANCO;411850104A;PR;Centro;-26,228;-52,673;2025-03-21 20:10:00.0;0,00
PATO BRANCO;411850104A;PR;Centro;-26,228;-52,673;2025-03-21 21:10:00.0;0,00
PATO BRANCO;411850104A;PR;Centro;-26,228;-52,673;2025-03-21 22:10:00.0;0,00
PATO BRANCO;411850104A;PR;Centro;-26,228;-52,673;2025-03-21 23:10:00.0;0,00
PATO BRANCO;411850104A;PR;Centro;-26,228;-52,673;2025-03-22 00:10:00.0;0,00
PATO BRANCO;411850104A;PR;Centro;-26,228;-52,673;2025-03-22 01:10:00.0;0,00
PATO BRANCO;411850104A;PR;Centro;-26,228;-52,673;2025-03-22 02:10:00.0;0,00
PATO BRANCO;411850104A;PR;Centro;-26,228;-52,673;2025-03-22 03:10:00.0;0,00
PATO BRANCO;411850104A;PR;Centro;-26,228;-52,673;2025-03-22 04:10:00.0;0,00
PATO BRANCO;411850104A;PR;Centro;-26,228;-52,673;2025-03-22 05:10:00.0;0,00
PATO BRANCO;411850104A;PR;Centro;-26,228;-52,673;2025-03-22 06:10:00.0;0,00
PATO BRANCO;411850104A;PR;Centro;-26,228;-52,673;2025-03-22 07:10:00.0;0,00
PATO BRANCO;411850104A;PR;Centro;-26,228;-52,673;2025-03-22 08:10:00.0;0,00
PATO BRANCO;411850104A;PR;Centro;-26,228;-52,673;2025-03-22 09:10:00.0;0,00
PATO BRANCO;411850104A;PR;Centro;-26,228;-52,673;2025-03-22 10:10:00.0;0,00
PATO BRANCO;411850104A;PR;Centro;-26,228;-52,673;2025-03-22 11:10:00.0;0,00
PATO BRANCO;411850104A;PR;Centro;-26,228;-52,673;2025-03-22 12:10:00.0;0,00
PATO BRANCO;411850104A;PR;Centro;-26,228;-52,673;2025-03-22 13:10:00.0;0,00
PATO BRANCO;411850104A;PR;Centro;-26,228;-52,673;2025-03-22 14:10:00.0;0,00
PATO BRANCO;411850104A;PR;Centro;-26,228;-52,673;2025-03-22 15:10:00.0;0,00
PATO BRANCO;411850104A;PR;Centro;-26,228;-52,673;2025-03-22 17:20:00.0;0,00
PATO BRANCO;411850104A;PR;Centro;-26,228;-52,673;2025-03-22 18:30:00.0;0,00
PATO BRANCO;411850104A;PR;Centro;-26,228;-52,673;2025-03-22 19:40:00.0;0,00
PATO BRANCO;411850104A;PR;Centro;-26,228;-52,673;2025-03-22 20:20:00.0;0,00
PATO BRANCO;411850104A;PR;Centro;-26,228;-52,673;2025-03-22 21:10:00.0;0,00
PATO BRANCO;411850104A;PR;Centro;-26,228;-52,673;2025-03-22 22:50:00.0;0,00
PATO BRANCO;411850104A;PR;Centro;-26,228;-52,673;2025-03-22 23:10:00.0;0,00
PATO BRANCO;411850104A;PR;Centro;-26,228;-52,673;2025-03-23 00:20:00.0;0,00
PATO BRANCO;411850104A;PR;Centro;-26,228;-52,673;2025-03-23 01:30:00.0;0,00
PATO BRANCO;411850104A;PR;Centro;-26,228;-52,673;2025-03-23 02:10:00.0;0,00
PATO BRANCO;411850104A;PR;Centro;-26,228;-52,673;2025-03-23 03:10:00.0;0,00
PATO BRANCO;411850104A;PR;Centro;-26,228;-52,673;2025-03-23 05:50:00.0;0,00
PATO BRANCO;411850104A;PR;Centro;-26,228;-52,673;2025-03-23 06:10:00.0;0,00
PATO BRANCO;411850104A;PR;Centro;-26,228;-52,673;2025-03-23 07:10:00.0;0,00
PATO BRANCO;411850104A;PR;Centro;-26,228;-52,673;2025-03-23 08:10:00.0;0,00
PATO BRANCO;411850104A;PR;Centro;-26,228;-52,673;2025-03-23 09:10:00.0;0,00
PATO BRANCO;411850104A;PR;Centro;-26,228;-52,673;2025-03-23 10:10:00.0;0,00
PATO BRANCO;411850104A;PR;Centro;-26,228;-52,673;2025-03-23 11:10:00.0;0,00
PATO BRANCO;411850104A;PR;Centro;-26,228;-52,673;2025-03-23 12:10:00.0;0,00
PATO BRANCO;411850104A;PR;Centro;-26,228;-52,673;2025-03-23 13:10:00.0;0,00
PATO BRANCO;411850104A;PR;Centro;-26,228;-52,673;2025-03-23 14:10:00.0;0,00
PATO BRANCO;411850104A;PR;Centro;-26,228;-52,673;2025-03-23 15:10:00.0;0,00
PATO BRANCO;411850104A;PR;Centro;-26,228;-52,673;2025-03-23 16:10:00.0;0,00
PATO BRANCO;411850104A;PR;Centro;-26,228;-52,673;2025-03-23 17:10:00.0;0,00
PATO BRANCO;411850104A;PR;Centro;-26,228;-52,673;2025-03-23 18:10:00.0;0,00
PATO BRANCO;411850104A;PR;Centro;-26,228;-52,673;2025-03-23 19:10:00.0;0,00
PATO BRANCO;411850104A;PR;Centro;-26,228;-52,673;2025-03-23 20:10:00.0;0,00
PATO BRANCO;411850104A;PR;Centro;-26,228;-52,673;2025-03-23 21:10:00.0;0,00
PATO BRANCO;411850104A;PR;Centro;-26,228;-52,673;2025-03-23 22:10:00.0;0,00
PATO BRANCO;411850104A;PR;Centro;-26,228;-52,673;2025-03-23 23:10:00.0;0,00
PATO BRANCO;411850104A;PR;Centro;-26,228;-52,673;2025-03-24 00:10:00.0;0,00
PATO BRANCO;411850104A;PR;Centro;-26,228;-52,673;2025-03-24 01:10:00.0;0,00
PATO BRANCO;411850104A;PR;Centro;-26,228;-52,673;2025-03-24 02:10:00.0;0,00
PATO BRANCO;411850104A;PR;Centro;-26,228;-52,673;2025-03-24 03:10:00.0;0,00
PATO BRANCO;411850104A;PR;Centro;-26,228;-52,673;2025-03-24 04:10:00.0;0,00
PATO BRANCO;411850104A;PR;Centro;-26,228;-52,673;2025-03-24 05:10:00.0;0,00
PATO BRANCO;411850104A;PR;Centro;-26,228;-52,673;2025-03-24 06:10:00.0;0,00
PATO BRANCO;411850104A;PR;Centro;-26,228;-52,673;2025-03-24 07:10:00.0;0,00
PATO BRANCO;411850104A;PR;Centro;-26,228;-52,673;2025-03-24 08:10:00.0;0,00
PATO BRANCO;411850104A;PR;Centro;-26,228;-52,673;2025-03-24 09:10:00.0;0,00
PATO BRANCO;411850104A;PR;Centro;-26,228;-52,673;2025-03-24 10:10:00.0;0,00
PATO BRANCO;411850104A;PR;Centro;-26,228;-52,673;2025-03-24 11:10:00.0;0,00
PATO BRANCO;411850104A;PR;Centro;-26,228;-52,673;2025-03-24 12:10:00.0;0,00
PATO BRANCO;411850104A;PR;Centro;-26,228;-52,673;2025-03-24 13:10:00.0;0,00
PATO BRANCO;411850104A;PR;Centro;-26,228;-52,673;2025-03-24 14:10:00.0;0,00
PATO BRANCO;411850104A;PR;Centro;-26,228;-52,673;2025-03-24 15:10:00.0;0,00
PATO BRANCO;411850104A;PR;Centro;-26,228;-52,673;2025-03-24 16:10:00.0;0,00
PATO BRANCO;411850104A;PR;Centro;-26,228;-52,673;2025-03-24 17:10:00.0;0,00
PATO BRANCO;411850104A;PR;Centro;-26,228;-52,673;2025-03-24 18:10:00.0;0,00
PATO BRANCO;411850104A;PR;Centro;-26,228;-52,673;2025-03-24 19:10:00.0;0,00
PATO BRANCO;411850104A;PR;Centro;-26,228;-52,673;2025-03-24 20:10:00.0;0,00
PATO BRANCO;411850104A;PR;Centro;-26,228;-52,673;2025-03-24 21:10:00.0;0,00
PATO BRANCO;411850104A;PR;Centro;-26,228;-52,673;2025-03-24 22:10:00.0;0,00
PATO BRANCO;411850104A;PR;Centro;-26,228;-52,673;2025-03-24 23:10:00.0;0,00
PATO BRANCO;411850104A;PR;Centro;-26,228;-52,673;2025-03-25 00:10:00.0;0,00
PATO BRANCO;411850104A;PR;Centro;-26,228;-52,673;2025-03-25 01:10:00.0;0,00
PATO BRANCO;411850104A;PR;Centro;-26,228;-52,673;2025-03-25 02:10:00.0;0,00
PATO BRANCO;411850104A;PR;Centro;-26,228;-52,673;2025-03-25 03:10:00.0;0,00
PATO BRANCO;411850104A;PR;Centro;-26,228;-52,673;2025-03-25 04:10:00.0;0,00
PATO BRANCO;411850104A;PR;Centro;-26,228;-52,673;2025-03-25 05:10:00.0;0,00
PATO BRANCO;411850104A;PR;Centro;-26,228;-52,673;2025-03-25 06:10:00.0;0,00
PATO BRANCO;411850104A;PR;Centro;-26,228;-52,673;2025-03-25 07:10:00.0;0,00
PATO BRANCO;411850104A;PR;Centro;-26,228;-52,673;2025-03-25 08:10:00.0;0,00
PATO BRANCO;411850104A;PR;Centro;-26,228;-52,673;2025-03-25 09:10:00.0;0,00
PATO BRANCO;411850104A;PR;Centro;-26,228;-52,673;2025-03-25 10:10:00.0;0,00
PATO BRANCO;411850104A;PR;Centro;-26,228;-52,673;2025-03-25 11:10:00.0;0,00
PATO BRANCO;411850104A;PR;Centro;-26,228;-52,673;2025-03-25 12:10:00.0;0,00
PATO BRANCO;411850104A;PR;Centro;-26,228;-52,673;2025-03-25 13:10:00.0;0,00
PATO BRANCO;411850104A;PR;Centro;-26,228;-52,673;2025-03-25 14:10:00.0;0,00
PATO BRANCO;411850104A;PR;Centro;-26,228;-52,673;2025-03-25 15:10:00.0;0,00
PATO BRANCO;411850104A;PR;Centro;-26,228;-52,673;2025-03-25 16:10:00.0;0,00
PATO BRANCO;411850104A;PR;Centro;-26,228;-52,673;2025-03-25 17:10:00.0;0,00
PATO BRANCO;411850104A;PR;Centro;-26,228;-52,673;2025-03-25 18:10:00.0;0,00
PATO BRANCO;411850104A;PR;Centro;-26,228;-52,673;2025-03-25 19:10:00.0;0,00
PATO BRANCO;411850104A;PR;Centro;-26,228;-52,673;2025-03-25 20:10:00.0;0,00
PATO BRANCO;411850104A;PR;Centro;-26,228;-52,673;2025-03-25 21:10:00.0;0,00
PATO BRANCO;411850104A;PR;Centro;-26,228;-52,673;2025-03-25 22:00:00.0;3,74
PATO BRANCO;411850104A;PR;Centro;-26,228;-52,673;2025-03-25 22:10:00.0;4,92
PATO BRANCO;411850104A;PR;Centro;-26,228;-52,673;2025-03-25 22:20:00.0;3,55
PATO BRANCO;411850104A;PR;Centro;-26,228;-52,673;2025-03-25 22:30:00.0;1,18
PATO BRANCO;411850104A;PR;Centro;-26,228;-52,673;2025-03-25 22:40:00.0;0,39
PATO BRANCO;411850104A;PR;Centro;-26,228;-52,673;2025-03-25 22:50:00.0;0,39
PATO BRANCO;411850104A;PR;Centro;-26,228;-52,673;2025-03-25 23:00:00.0;0,20
PATO BRANCO;411850104A;PR;Centro;-26,228;-52,673;2025-03-25 23:10:00.0;0,00
PATO BRANCO;411850104A;PR;Centro;-26,228;-52,673;2025-03-25 23:20:00.0;0,20
PATO BRANCO;411850104A;PR;Centro;-26,228;-52,673;2025-03-25 23:40:00.0;0,20
PATO BRANCO;411850104A;PR;Centro;-26,228;-52,673;2025-03-26 00:10:00.0;0,00
PATO BRANCO;411850104A;PR;Centro;-26,228;-52,673;2025-03-26 00:40:00.0;0,20
PATO BRANCO;411850104A;PR;Centro;-26,228;-52,673;2025-03-26 01:10:00.0;0,00
PATO BRANCO;411850104A;PR;Centro;-26,228;-52,673;2025-03-26 02:10:00.0;0,00
PATO BRANCO;411850104A;PR;Centro;-26,228;-52,673;2025-03-26 03:10:00.0;0,00
PATO BRANCO;411850104A;PR;Centro;-26,228;-52,673;2025-03-26 04:10:00.0;0,00
PATO BRANCO;411850104A;PR;Centro;-26,228;-52,673;2025-03-26 05:10:00.0;0,00
PATO BRANCO;411850104A;PR;Centro;-26,228;-52,673;2025-03-26 06:10:00.0;0,00
PATO BRANCO;411850104A;PR;Centro;-26,228;-52,673;2025-03-26 07:10:00.0;0,00
PATO BRANCO;411850104A;PR;Centro;-26,228;-52,673;2025-03-26 08:10:00.0;0,00
PATO BRANCO;411850104A;PR;Centro;-26,228;-52,673;2025-03-26 09:10:00.0;0,00
PATO BRANCO;411850104A;PR;Centro;-26,228;-52,673;2025-03-26 10:10:00.0;0,00
PATO BRANCO;411850104A;PR;Centro;-26,228;-52,673;2025-03-26 11:10:00.0;0,00
PATO BRANCO;411850104A;PR;Centro;-26,228;-52,673;2025-03-26 12:10:00.0;0,00
PATO BRANCO;411850104A;PR;Centro;-26,228;-52,673;2025-03-26 13:10:00.0;0,00
PATO BRANCO;411850104A;PR;Centro;-26,228;-52,673;2025-03-26 15:10:00.0;0,00
PATO BRANCO;411850104A;PR;Centro;-26,228;-52,673;2025-03-26 16:10:00.0;0,00
PATO BRANCO;411850104A;PR;Centro;-26,228;-52,673;2025-03-26 17:10:00.0;0,00
PATO BRANCO;411850104A;PR;Centro;-26,228;-52,673;2025-03-26 18:10:00.0;0,00
PATO BRANCO;411850104A;PR;Centro;-26,228;-52,673;2025-03-26 19:10:00.0;0,00
PATO BRANCO;411850104A;PR;Centro;-26,228;-52,673;2025-03-26 20:10:00.0;0,00
PATO BRANCO;411850104A;PR;Centro;-26,228;-52,673;2025-03-26 21:10:00.0;0,00
PATO BRANCO;411850104A;PR;Centro;-26,228;-52,673;2025-03-26 22:10:00.0;0,00
PATO BRANCO;411850104A;PR;Centro;-26,228;-52,673;2025-03-26 23:10:00.0;0,00
PATO BRANCO;411850104A;PR;Centro;-26,228;-52,673;2025-03-27 00:10:00.0;0,00
PATO BRANCO;411850104A;PR;Centro;-26,228;-52,673;2025-03-27 01:10:00.0;0,00
PATO BRANCO;411850104A;PR;Centro;-26,228;-52,673;2025-03-27 02:10:00.0;0,00
PATO BRANCO;411850104A;PR;Centro;-26,228;-52,673;2025-03-27 03:10:00.0;0,00
PATO BRANCO;411850104A;PR;Centro;-26,228;-52,673;2025-03-27 04:10:00.0;0,00
PATO BRANCO;411850104A;PR;Centro;-26,228;-52,673;2025-03-27 05:10:00.0;0,00
PATO BRANCO;411850104A;PR;Centro;-26,228;-52,673;2025-03-27 06:10:00.0;0,00
PATO BRANCO;411850104A;PR;Centro;-26,228;-52,673;2025-03-27 07:10:00.0;0,00
PATO BRANCO;411850104A;PR;Centro;-26,228;-52,673;2025-03-27 08:10:00.0;0,00
PATO BRANCO;411850104A;PR;Centro;-26,228;-52,673;2025-03-27 09:10:00.0;0,00
PATO BRANCO;411850104A;PR;Centro;-26,228;-52,673;2025-03-27 10:10:00.0;0,00
PATO BRANCO;411850104A;PR;Centro;-26,228;-52,673;2025-03-27 11:10:00.0;0,00
PATO BRANCO;411850104A;PR;Centro;-26,228;-52,673;2025-03-27 12:10:00.0;0,00
PATO BRANCO;411850104A;PR;Centro;-26,228;-52,673;2025-03-27 13:10:00.0;0,00
PATO BRANCO;411850104A;PR;Centro;-26,228;-52,673;2025-03-27 14:10:00.0;0,00
PATO BRANCO;411850104A;PR;Centro;-26,228;-52,673;2025-03-27 15:10:00.0;0,00
PATO BRANCO;411850104A;PR;Centro;-26,228;-52,673;2025-03-27 16:10:00.0;0,00
PATO BRANCO;411850104A;PR;Centro;-26,228;-52,673;2025-03-27 17:10:00.0;0,00
PATO BRANCO;411850104A;PR;Centro;-26,228;-52,673;2025-03-27 18:10:00.0;0,00
PATO BRANCO;411850104A;PR;Centro;-26,228;-52,673;2025-03-27 19:10:00.0;0,00
PATO BRANCO;411850104A;PR;Centro;-26,228;-52,673;2025-03-27 20:10:00.0;0,00
PATO BRANCO;411850104A;PR;Centro;-26,228;-52,673;2025-03-27 21:10:00.0;0,00
PATO BRANCO;411850104A;PR;Centro;-26,228;-52,673;2025-03-27 22:10:00.0;0,00
PATO BRANCO;411850104A;PR;Centro;-26,228;-52,673;2025-03-27 23:10:00.0;0,00
PATO BRANCO;411850104A;PR;Centro;-26,228;-52,673;2025-03-28 00:10:00.0;0,39
PATO BRANCO;411850104A;PR;Centro;-26,228;-52,673;2025-03-28 00:20:00.0;0,20
PATO BRANCO;411850104A;PR;Centro;-26,228;-52,673;2025-03-28 00:40:00.0;0,20
PATO BRANCO;411850104A;PR;Centro;-26,228;-52,673;2025-03-28 00:50:00.0;0,98
PATO BRANCO;411850104A;PR;Centro;-26,228;-52,673;2025-03-28 01:00:00.0;1,77
PATO BRANCO;411850104A;PR;Centro;-26,228;-52,673;2025-03-28 01:10:00.0;0,39
PATO BRANCO;411850104A;PR;Centro;-26,228;-52,673;2025-03-28 01:20:00.0;0,98
PATO BRANCO;411850104A;PR;Centro;-26,228;-52,673;2025-03-28 01:30:00.0;1,96
PATO BRANCO;411850104A;PR;Centro;-26,228;-52,673;2025-03-28 01:40:00.0;0,20
PATO BRANCO;411850104A;PR;Centro;-26,228;-52,673;2025-03-28 01:50:00.0;0,20
PATO BRANCO;411850104A;PR;Centro;-26,228;-52,673;2025-03-28 02:10:00.0;0,20
PATO BRANCO;411850104A;PR;Centro;-26,228;-52,673;2025-03-28 02:30:00.0;1,77
PATO BRANCO;411850104A;PR;Centro;-26,228;-52,673;2025-03-28 02:40:00.0;1,18
PATO BRANCO;411850104A;PR;Centro;-26,228;-52,673;2025-03-28 02:50:00.0;1,18
PATO BRANCO;411850104A;PR;Centro;-26,228;-52,673;2025-03-28 03:00:00.0;2,16
PATO BRANCO;411850104A;PR;Centro;-26,228;-52,673;2025-03-28 03:10:00.0;3,74
PATO BRANCO;411850104A;PR;Centro;-26,228;-52,673;2025-03-28 03:20:00.0;4,14
PATO BRANCO;411850104A;PR;Centro;-26,228;-52,673;2025-03-28 03:30:00.0;4,13
PATO BRANCO;411850104A;PR;Centro;-26,228;-52,673;2025-03-28 03:40:00.0;1,77
PATO BRANCO;411850104A;PR;Centro;-26,228;-52,673;2025-03-28 03:50:00.0;4,72
PATO BRANCO;411850104A;PR;Centro;-26,228;-52,673;2025-03-28 04:00:00.0;4,72
PATO BRANCO;411850104A;PR;Centro;-26,228;-52,673;2025-03-28 04:10:00.0;0,79
PATO BRANCO;411850104A;PR;Centro;-26,228;-52,673;2025-03-28 04:20:00.0;0,79
PATO BRANCO;411850104A;PR;Centro;-26,228;-52,673;2025-03-28 04:30:00.0;1,18
PATO BRANCO;411850104A;PR;Centro;-26,228;-52,673;2025-03-28 04:40:00.0;0,79
PATO BRANCO;411850104A;PR;Centro;-26,228;-52,673;2025-03-28 04:50:00.0;0,79
PATO BRANCO;411850104A;PR;Centro;-26,228;-52,673;2025-03-28 05:00:00.0;0,79
PATO BRANCO;411850104A;PR;Centro;-26,228;-52,673;2025-03-28 05:10:00.0;0,39
PATO BRANCO;411850104A;PR;Centro;-26,228;-52,673;2025-03-28 05:20:00.0;0,20
PATO BRANCO;411850104A;PR;Centro;-26,228;-52,673;2025-03-28 05:40:00.0;0,20
PATO BRANCO;411850104A;PR;Centro;-26,228;-52,673;2025-03-28 06:10:00.0;0,00
PATO BRANCO;411850104A;PR;Centro;-26,228;-52,673;2025-03-28 07:10:00.0;0,00
PATO BRANCO;411850104A;PR;Centro;-26,228;-52,673;2025-03-28 08:10:00.0;0,00
PATO BRANCO;411850104A;PR;Centro;-26,228;-52,673;2025-03-28 09:10:00.0;0,00
PATO BRANCO;411850104A;PR;Centro;-26,228;-52,673;2025-03-28 10:10:00.0;0,00
PATO BRANCO;411850104A;PR;Centro;-26,228;-52,673;2025-03-28 11:10:00.0;0,00
PATO BRANCO;411850104A;PR;Centro;-26,228;-52,673;2025-03-28 12:10:00.0;0,00
PATO BRANCO;411850104A;PR;Centro;-26,228;-52,673;2025-03-28 13:10:00.0;0,00
PATO BRANCO;411850104A;PR;Centro;-26,228;-52,673;2025-03-28 14:10:00.0;0,00
PATO BRANCO;411850104A;PR;Centro;-26,228;-52,673;2025-03-28 15:10:00.0;0,00
PATO BRANCO;411850104A;PR;Centro;-26,228;-52,673;2025-03-28 16:10:00.0;0,00
PATO BRANCO;411850104A;PR;Centro;-26,228;-52,673;2025-03-28 17:10:00.0;0,00
PATO BRANCO;411850104A;PR;Centro;-26,228;-52,673;2025-03-28 18:10:00.0;0,00
PATO BRANCO;411850104A;PR;Centro;-26,228;-52,673;2025-03-28 19:10:00.0;0,00
PATO BRANCO;411850104A;PR;Centro;-26,228;-52,673;2025-03-28 20:10:00.0;0,00
PATO BRANCO;411850104A;PR;Centro;-26,228;-52,673;2025-03-28 21:10:00.0;0,00
PATO BRANCO;411850104A;PR;Centro;-26,228;-52,673;2025-03-28 22:10:00.0;0,00
PATO BRANCO;411850104A;PR;Centro;-26,228;-52,673;2025-03-28 23:10:00.0;0,00
PATO BRANCO;411850104A;PR;Centro;-26,228;-52,673;2025-03-29 00:10:00.0;0,00
PATO BRANCO;411850104A;PR;Centro;-26,228;-52,673;2025-03-29 01:10:00.0;0,00
PATO BRANCO;411850104A;PR;Centro;-26,228;-52,673;2025-03-29 02:10:00.0;0,00
PATO BRANCO;411850104A;PR;Centro;-26,228;-52,673;2025-03-29 03:10:00.0;0,00
PATO BRANCO;411850104A;PR;Centro;-26,228;-52,673;2025-03-29 04:10:00.0;0,00
PATO BRANCO;411850104A;PR;Centro;-26,228;-52,673;2025-03-29 05:10:00.0;0,00
PATO BRANCO;411850104A;PR;Centro;-26,228;-52,673;2025-03-29 06:10:00.0;0,00
PATO BRANCO;411850104A;PR;Centro;-26,228;-52,673;2025-03-29 07:10:00.0;0,00
PATO BRANCO;411850104A;PR;Centro;-26,228;-52,673;2025-03-29 08:10:00.0;0,00
PATO BRANCO;411850104A;PR;Centro;-26,228;-52,673;2025-03-29 09:10:00.0;0,00
PATO BRANCO;411850104A;PR;Centro;-26,228;-52,673;2025-03-29 10:10:00.0;0,00
PATO BRANCO;411850104A;PR;Centro;-26,228;-52,673;2025-03-29 11:10:00.0;0,00
PATO BRANCO;411850104A;PR;Centro;-26,228;-52,673;2025-03-29 12:10:00.0;0,00
PATO BRANCO;411850104A;PR;Centro;-26,228;-52,673;2025-03-29 13:10:00.0;0,00
PATO BRANCO;411850104A;PR;Centro;-26,228;-52,673;2025-03-29 14:10:00.0;0,00
PATO BRANCO;411850104A;PR;Centro;-26,228;-52,673;2025-03-29 15:10:00.0;0,00
PATO BRANCO;411850104A;PR;Centro;-26,228;-52,673;2025-03-29 16:10:00.0;0,00
PATO BRANCO;411850104A;PR;Centro;-26,228;-52,673;2025-03-29 17:10:00.0;0,00
PATO BRANCO;411850104A;PR;Centro;-26,228;-52,673;2025-03-29 18:10:00.0;0,00
PATO BRANCO;411850104A;PR;Centro;-26,228;-52,673;2025-03-29 19:10:00.0;0,00
PATO BRANCO;411850104A;PR;Centro;-26,228;-52,673;2025-03-29 20:10:00.0;0,00
PATO BRANCO;411850104A;PR;Centro;-26,228;-52,673;2025-03-29 21:10:00.0;0,00
PATO BRANCO;411850104A;PR;Centro;-26,228;-52,673;2025-03-29 22:10:00.0;0,00
PATO BRANCO;411850104A;PR;Centro;-26,228;-52,673;2025-03-29 23:10:00.0;0,00
PATO BRANCO;411850104A;PR;Centro;-26,228;-52,673;2025-03-30 00:10:00.0;0,00
PATO BRANCO;411850104A;PR;Centro;-26,228;-52,673;2025-03-30 01:10:00.0;0,00
PATO BRANCO;411850104A;PR;Centro;-26,228;-52,673;2025-03-30 02:10:00.0;0,00
PATO BRANCO;411850104A;PR;Centro;-26,228;-52,673;2025-03-30 03:10:00.0;0,00
PATO BRANCO;411850104A;PR;Centro;-26,228;-52,673;2025-03-30 04:10:00.0;0,00
PATO BRANCO;411850104A;PR;Centro;-26,228;-52,673;2025-03-30 05:10:00.0;0,00
PATO BRANCO;411850104A;PR;Centro;-26,228;-52,673;2025-03-30 06:10:00.0;0,00
PATO BRANCO;411850104A;PR;Centro;-26,228;-52,673;2025-03-30 07:10:00.0;0,00
PATO BRANCO;411850104A;PR;Centro;-26,228;-52,673;2025-03-30 08:10:00.0;0,00
PATO BRANCO;411850104A;PR;Centro;-26,228;-52,673;2025-03-30 09:10:00.0;0,00
PATO BRANCO;411850104A;PR;Centro;-26,228;-52,673;2025-03-30 10:10:00.0;0,00
PATO BRANCO;411850104A;PR;Centro;-26,228;-52,673;2025-03-30 11:10:00.0;0,00
PATO BRANCO;411850104A;PR;Centro;-26,228;-52,673;2025-03-30 12:10:00.0;0,00
PATO BRANCO;411850104A;PR;Centro;-26,228;-52,673;2025-03-30 13:10:00.0;0,00
PATO BRANCO;411850104A;PR;Centro;-26,228;-52,673;2025-03-30 14:10:00.0;0,00
PATO BRANCO;411850104A;PR;Centro;-26,228;-52,673;2025-03-30 15:10:00.0;0,00
PATO BRANCO;411850104A;PR;Centro;-26,228;-52,673;2025-03-30 16:10:00.0;0,00
PATO BRANCO;411850104A;PR;Centro;-26,228;-52,673;2025-03-30 17:30:00.0;0,00
PATO BRANCO;411850104A;PR;Centro;-26,228;-52,673;2025-03-30 18:10:00.0;0,00
PATO BRANCO;411850104A;PR;Centro;-26,228;-52,673;2025-03-30 19:40:00.0;0,00
PATO BRANCO;411850104A;PR;Centro;-26,228;-52,673;2025-03-30 20:20:00.0;0,00
PATO BRANCO;411850104A;PR;Centro;-26,228;-52,673;2025-03-30 21:20:00.0;0,00
PATO BRANCO;411850104A;PR;Centro;-26,228;-52,673;2025-03-30 22:10:00.0;0,00
PATO BRANCO;411850104A;PR;Centro;-26,228;-52,673;2025-03-30 23:40:00.0;0,00
PATO BRANCO;411850104A;PR;Centro;-26,228;-52,673;2025-03-31 01:20:00.0;0,00
PATO BRANCO;411850104A;PR;Centro;-26,228;-52,673;2025-03-31 02:10:00.0;0,00
PATO BRANCO;411850104A;PR;Centro;-26,228;-52,673;2025-03-31 03:10:00.0;0,00
PATO BRANCO;411850104A;PR;Centro;-26,228;-52,673;2025-03-31 04:20:00.0;0,00
PATO BRANCO;411850104A;PR;Centro;-26,228;-52,673;2025-03-31 05:10:00.0;0,00
PATO BRANCO;411850104A;PR;Centro;-26,228;-52,673;2025-03-31 06:20:00.0;0,00
PATO BRANCO;411850104A;PR;Centro;-26,228;-52,673;2025-03-31 07:10:00.0;0,00
PATO BRANCO;411850104A;PR;Centro;-26,228;-52,673;2025-03-31 08:10:00.0;0,00
PATO BRANCO;411850104A;PR;Centro;-26,228;-52,673;2025-03-31 09:10:00.0;0,00
PATO BRANCO;411850104A;PR;Centro;-26,228;-52,673;2025-03-31 10:30:00.0;0,00
PATO BRANCO;411850104A;PR;Centro;-26,228;-52,673;2025-03-31 11:30:00.0;0,00
PATO BRANCO;411850104A;PR;Centro;-26,228;-52,673;2025-03-31 13:20:00.0;0,00
PATO BRANCO;411850104A;PR;Centro;-26,228;-52,673;2025-03-31 14:10:00.0;0,00
PATO BRANCO;411850104A;PR;Centro;-26,228;-52,673;2025-03-31 15:10:00.0;0,00
PATO BRANCO;411850104A;PR;Centro;-26,228;-52,673;2025-03-31 16:10:00.0;0,00
PATO BRANCO;411850104A;PR;Centro;-26,228;-52,673;2025-03-31 17:10:00.0;0,00
PATO BRANCO;411850104A;PR;Centro;-26,228;-52,673;2025-03-31 18:10:00.0;0,00
PATO BRANCO;411850104A;PR;Centro;-26,228;-52,673;2025-03-31 18:50:00.0;0,20
PATO BRANCO;411850104A;PR;Centro;-26,228;-52,673;2025-03-31 19:10:00.0;0,00
PATO BRANCO;411850104A;PR;Centro;-26,228;-52,673;2025-03-31 20:10:00.0;0,00
PATO BRANCO;411850104A;PR;Centro;-26,228;-52,673;2025-03-31 21:10:00.0;0,00
PATO BRANCO;411850104A;PR;Centro;-26,228;-52,673;2025-03-31 22:10:00.0;0,00
PATO BRANCO;411850104A;PR;Centro;-26,228;-52,673;2025-03-31 23:10:00.0;0,00
PINHAIS;411915201A;PR;Perdizes;-25,393646;-49,190053;2025-03-01 00:10:00.0;0,00
PINHAIS;411915201A;PR;Perdizes;-25,393646;-49,190053;2025-03-01 01:10:00.0;0,00
PINHAIS;411915201A;PR;Perdizes;-25,393646;-49,190053;2025-03-01 02:10:00.0;0,00
PINHAIS;411915201A;PR;Perdizes;-25,393646;-49,190053;2025-03-01 03:10:00.0;0,00
PINHAIS;411915201A;PR;Perdizes;-25,393646;-49,190053;2025-03-01 04:10:00.0;0,00
PINHAIS;411915201A;PR;Perdizes;-25,393646;-49,190053;2025-03-01 05:10:00.0;0,00
PINHAIS;411915201A;PR;Perdizes;-25,393646;-49,190053;2025-03-01 06:10:00.0;0,00
PINHAIS;411915201A;PR;Perdizes;-25,393646;-49,190053;2025-03-01 07:10:00.0;0,00
PINHAIS;411915201A;PR;Perdizes;-25,393646;-49,190053;2025-03-01 08:10:00.0;0,00
PINHAIS;411915201A;PR;Perdizes;-25,393646;-49,190053;2025-03-01 09:10:00.0;0,00
PINHAIS;411915201A;PR;Perdizes;-25,393646;-49,190053;2025-03-01 10:10:00.0;0,00
PINHAIS;411915201A;PR;Perdizes;-25,393646;-49,190053;2025-03-01 11:10:00.0;0,00
PINHAIS;411915201A;PR;Perdizes;-25,393646;-49,190053;2025-03-01 12:10:00.0;0,00
PINHAIS;411915201A;PR;Perdizes;-25,393646;-49,190053;2025-03-01 13:10:00.0;0,00
PINHAIS;411915201A;PR;Perdizes;-25,393646;-49,190053;2025-03-01 14:10:00.0;0,00
PINHAIS;411915201A;PR;Perdizes;-25,393646;-49,190053;2025-03-01 15:10:00.0;0,00
PINHAIS;411915201A;PR;Perdizes;-25,393646;-49,190053;2025-03-01 16:10:00.0;0,00
PINHAIS;411915201A;PR;Perdizes;-25,393646;-49,190053;2025-03-01 17:10:00.0;0,00
PINHAIS;411915201A;PR;Perdizes;-25,393646;-49,190053;2025-03-01 18:10:00.0;0,00
PINHAIS;411915201A;PR;Perdizes;-25,393646;-49,190053;2025-03-01 19:10:00.0;0,00
PINHAIS;411915201A;PR;Perdizes;-25,393646;-49,190053;2025-03-01 20:10:00.0;0,00
PINHAIS;411915201A;PR;Perdizes;-25,393646;-49,190053;2025-03-01 21:10:00.0;0,00
PINHAIS;411915201A;PR;Perdizes;-25,393646;-49,190053;2025-03-01 22:10:00.0;0,00
PINHAIS;411915201A;PR;Perdizes;-25,393646;-49,190053;2025-03-01 23:10:00.0;0,00
PINHAIS;411915201A;PR;Perdizes;-25,393646;-49,190053;2025-03-02 00:10:00.0;0,00
PINHAIS;411915201A;PR;Perdizes;-25,393646;-49,190053;2025-03-02 01:10:00.0;0,00
PINHAIS;411915201A;PR;Perdizes;-25,393646;-49,190053;2025-03-02 02:10:00.0;0,00
PINHAIS;411915201A;PR;Perdizes;-25,393646;-49,190053;2025-03-02 03:10:00.0;0,00
PINHAIS;411915201A;PR;Perdizes;-25,393646;-49,190053;2025-03-02 04:10:00.0;0,00
PINHAIS;411915201A;PR;Perdizes;-25,393646;-49,190053;2025-03-02 05:10:00.0;0,00
PINHAIS;411915201A;PR;Perdizes;-25,393646;-49,190053;2025-03-02 06:10:00.0;0,00
PINHAIS;411915201A;PR;Perdizes;-25,393646;-49,190053;2025-03-02 07:10:00.0;0,00
PINHAIS;411915201A;PR;Perdizes;-25,393646;-49,190053;2025-03-02 08:10:00.0;0,00
PINHAIS;411915201A;PR;Perdizes;-25,393646;-49,190053;2025-03-02 09:10:00.0;0,00
PINHAIS;411915201A;PR;Perdizes;-25,393646;-49,190053;2025-03-02 10:10:00.0;0,00
PINHAIS;411915201A;PR;Perdizes;-25,393646;-49,190053;2025-03-02 11:10:00.0;0,00
PINHAIS;411915201A;PR;Perdizes;-25,393646;-49,190053;2025-03-02 12:10:00.0;0,00
PINHAIS;411915201A;PR;Perdizes;-25,393646;-49,190053;2025-03-02 13:10:00.0;0,00
PINHAIS;411915201A;PR;Perdizes;-25,393646;-49,190053;2025-03-02 14:10:00.0;0,00
PINHAIS;411915201A;PR;Perdizes;-25,393646;-49,190053;2025-03-02 15:10:00.0;0,00
PINHAIS;411915201A;PR;Perdizes;-25,393646;-49,190053;2025-03-02 16:10:00.0;0,00
PINHAIS;411915201A;PR;Perdizes;-25,393646;-49,190053;2025-03-02 17:10:00.0;0,00
PINHAIS;411915201A;PR;Perdizes;-25,393646;-49,190053;2025-03-02 18:10:00.0;0,00
PINHAIS;411915201A;PR;Perdizes;-25,393646;-49,190053;2025-03-02 19:10:00.0;0,00
PINHAIS;411915201A;PR;Perdizes;-25,393646;-49,190053;2025-03-02 20:10:00.0;0,00
PINHAIS;411915201A;PR;Perdizes;-25,393646;-49,190053;2025-03-02 21:10:00.0;0,00
PINHAIS;411915201A;PR;Perdizes;-25,393646;-49,190053;2025-03-02 22:10:00.0;0,00
PINHAIS;411915201A;PR;Perdizes;-25,393646;-49,190053;2025-03-02 23:10:00.0;0,00
PINHAIS;411915201A;PR;Perdizes;-25,393646;-49,190053;2025-03-03 00:10:00.0;0,00
PINHAIS;411915201A;PR;Perdizes;-25,393646;-49,190053;2025-03-03 01:10:00.0;0,00
PINHAIS;411915201A;PR;Perdizes;-25,393646;-49,190053;2025-03-03 02:10:00.0;0,00
PINHAIS;411915201A;PR;Perdizes;-25,393646;-49,190053;2025-03-03 03:10:00.0;0,00
PINHAIS;411915201A;PR;Perdizes;-25,393646;-49,190053;2025-03-03 04:10:00.0;0,00
PINHAIS;411915201A;PR;Perdizes;-25,393646;-49,190053;2025-03-03 05:10:00.0;0,00
PINHAIS;411915201A;PR;Perdizes;-25,393646;-49,190053;2025-03-03 06:10:00.0;0,00
PINHAIS;411915201A;PR;Perdizes;-25,393646;-49,190053;2025-03-03 07:10:00.0;0,00
PINHAIS;411915201A;PR;Perdizes;-25,393646;-49,190053;2025-03-03 08:10:00.0;0,00
PINHAIS;411915201A;PR;Perdizes;-25,393646;-49,190053;2025-03-03 09:10:00.0;0,00
PINHAIS;411915201A;PR;Perdizes;-25,393646;-49,190053;2025-03-03 10:10:00.0;0,00
PINHAIS;411915201A;PR;Perdizes;-25,393646;-49,190053;2025-03-03 11:10:00.0;0,00
PINHAIS;411915201A;PR;Perdizes;-25,393646;-49,190053;2025-03-03 12:10:00.0;0,00
PINHAIS;411915201A;PR;Perdizes;-25,393646;-49,190053;2025-03-03 13:10:00.0;0,00
PINHAIS;411915201A;PR;Perdizes;-25,393646;-49,190053;2025-03-03 14:10:00.0;0,00
PINHAIS;411915201A;PR;Perdizes;-25,393646;-49,190053;2025-03-03 15:10:00.0;0,00
PINHAIS;411915201A;PR;Perdizes;-25,393646;-49,190053;2025-03-03 16:10:00.0;0,00
PINHAIS;411915201A;PR;Perdizes;-25,393646;-49,190053;2025-03-03 17:10:00.0;0,00
PINHAIS;411915201A;PR;Perdizes;-25,393646;-49,190053;2025-03-03 18:10:00.0;0,00
PINHAIS;411915201A;PR;Perdizes;-25,393646;-49,190053;2025-03-03 19:10:00.0;0,00
PINHAIS;411915201A;PR;Perdizes;-25,393646;-49,190053;2025-03-03 20:10:00.0;0,00
PINHAIS;411915201A;PR;Perdizes;-25,393646;-49,190053;2025-03-03 21:10:00.0;0,00
PINHAIS;411915201A;PR;Perdizes;-25,393646;-49,190053;2025-03-03 22:10:00.0;0,00
PINHAIS;411915201A;PR;Perdizes;-25,393646;-49,190053;2025-03-03 23:10:00.0;0,00
PINHAIS;411915201A;PR;Perdizes;-25,393646;-49,190053;2025-03-04 00:10:00.0;0,00
PINHAIS;411915201A;PR;Perdizes;-25,393646;-49,190053;2025-03-04 01:10:00.0;0,00
PINHAIS;411915201A;PR;Perdizes;-25,393646;-49,190053;2025-03-04 02:10:00.0;0,00
PINHAIS;411915201A;PR;Perdizes;-25,393646;-49,190053;2025-03-04 03:10:00.0;0,00
PINHAIS;411915201A;PR;Perdizes;-25,393646;-49,190053;2025-03-04 04:10:00.0;0,00
PINHAIS;411915201A;PR;Perdizes;-25,393646;-49,190053;2025-03-04 05:10:00.0;0,00
PINHAIS;411915201A;PR;Perdizes;-25,393646;-49,190053;2025-03-04 06:10:00.0;0,00
PINHAIS;411915201A;PR;Perdizes;-25,393646;-49,190053;2025-03-04 07:10:00.0;0,00
PINHAIS;411915201A;PR;Perdizes;-25,393646;-49,190053;2025-03-04 08:10:00.0;0,00
PINHAIS;411915201A;PR;Perdizes;-25,393646;-49,190053;2025-03-04 09:10:00.0;0,00
PINHAIS;411915201A;PR;Perdizes;-25,393646;-49,190053;2025-03-04 10:10:00.0;0,00
PINHAIS;411915201A;PR;Perdizes;-25,393646;-49,190053;2025-03-04 11:10:00.0;0,00
PINHAIS;411915201A;PR;Perdizes;-25,393646;-49,190053;2025-03-04 12:10:00.0;0,00
PINHAIS;411915201A;PR;Perdizes;-25,393646;-49,190053;2025-03-04 13:10:00.0;0,00
PINHAIS;411915201A;PR;Perdizes;-25,393646;-49,190053;2025-03-04 14:10:00.0;0,00
PINHAIS;411915201A;PR;Perdizes;-25,393646;-49,190053;2025-03-04 15:10:00.0;0,00
PINHAIS;411915201A;PR;Perdizes;-25,393646;-49,190053;2025-03-04 16:10:00.0;0,00
PINHAIS;411915201A;PR;Perdizes;-25,393646;-49,190053;2025-03-04 17:10:00.0;0,00
PINHAIS;411915201A;PR;Perdizes;-25,393646;-49,190053;2025-03-04 18:10:00.0;0,00
PINHAIS;411915201A;PR;Perdizes;-25,393646;-49,190053;2025-03-04 19:10:00.0;0,00
PINHAIS;411915201A;PR;Perdizes;-25,393646;-49,190053;2025-03-04 20:10:00.0;0,00
PINHAIS;411915201A;PR;Perdizes;-25,393646;-49,190053;2025-03-04 21:10:00.0;0,00
PINHAIS;411915201A;PR;Perdizes;-25,393646;-49,190053;2025-03-04 22:10:00.0;0,00
PINHAIS;411915201A;PR;Perdizes;-25,393646;-49,190053;2025-03-04 23:10:00.0;0,00
PINHAIS;411915201A;PR;Perdizes;-25,393646;-49,190053;2025-03-05 00:10:00.0;0,00
PINHAIS;411915201A;PR;Perdizes;-25,393646;-49,190053;2025-03-05 01:10:00.0;0,00
PINHAIS;411915201A;PR;Perdizes;-25,393646;-49,190053;2025-03-05 02:10:00.0;0,00
PINHAIS;411915201A;PR;Perdizes;-25,393646;-49,190053;2025-03-05 03:10:00.0;0,00
PINHAIS;411915201A;PR;Perdizes;-25,393646;-49,190053;2025-03-05 04:10:00.0;0,00
PINHAIS;411915201A;PR;Perdizes;-25,393646;-49,190053;2025-03-05 05:10:00.0;0,00
PINHAIS;411915201A;PR;Perdizes;-25,393646;-49,190053;2025-03-05 06:10:00.0;0,00
PINHAIS;411915201A;PR;Perdizes;-25,393646;-49,190053;2025-03-05 07:10:00.0;0,00
PINHAIS;411915201A;PR;Perdizes;-25,393646;-49,190053;2025-03-05 08:10:00.0;0,00
PINHAIS;411915201A;PR;Perdizes;-25,393646;-49,190053;2025-03-05 09:10:00.0;0,00
PINHAIS;411915201A;PR;Perdizes;-25,393646;-49,190053;2025-03-05 10:10:00.0;0,00
PINHAIS;411915201A;PR;Perdizes;-25,393646;-49,190053;2025-03-05 11:10:00.0;0,00
PINHAIS;411915201A;PR;Perdizes;-25,393646;-49,190053;2025-03-05 12:10:00.0;0,00
PINHAIS;411915201A;PR;Perdizes;-25,393646;-49,190053;2025-03-05 13:10:00.0;0,00
PINHAIS;411915201A;PR;Perdizes;-25,393646;-49,190053;2025-03-05 14:10:00.0;0,00
PINHAIS;411915201A;PR;Perdizes;-25,393646;-49,190053;2025-03-05 15:10:00.0;0,00
PINHAIS;411915201A;PR;Perdizes;-25,393646;-49,190053;2025-03-05 16:10:00.0;0,00
PINHAIS;411915201A;PR;Perdizes;-25,393646;-49,190053;2025-03-05 17:10:00.0;0,00
PINHAIS;411915201A;PR;Perdizes;-25,393646;-49,190053;2025-03-05 18:10:00.0;0,00
PINHAIS;411915201A;PR;Perdizes;-25,393646;-49,190053;2025-03-05 19:10:00.0;0,00
PINHAIS;411915201A;PR;Perdizes;-25,393646;-49,190053;2025-03-05 20:10:00.0;0,00
PINHAIS;411915201A;PR;Perdizes;-25,393646;-49,190053;2025-03-05 21:10:00.0;0,00
PINHAIS;411915201A;PR;Perdizes;-25,393646;-49,190053;2025-03-05 22:10:00.0;0,00
PINHAIS;411915201A;PR;Perdizes;-25,393646;-49,190053;2025-03-05 23:10:00.0;0,00
PINHAIS;411915201A;PR;Perdizes;-25,393646;-49,190053;2025-03-06 00:10:00.0;0,00
PINHAIS;411915201A;PR;Perdizes;-25,393646;-49,190053;2025-03-06 01:10:00.0;0,00
PINHAIS;411915201A;PR;Perdizes;-25,393646;-49,190053;2025-03-06 02:10:00.0;0,00
PINHAIS;411915201A;PR;Perdizes;-25,393646;-49,190053;2025-03-06 03:10:00.0;0,00
PINHAIS;411915201A;PR;Perdizes;-25,393646;-49,190053;2025-03-06 04:10:00.0;0,00
PINHAIS;411915201A;PR;Perdizes;-25,393646;-49,190053;2025-03-06 05:10:00.0;0,00
PINHAIS;411915201A;PR;Perdizes;-25,393646;-49,190053;2025-03-06 06:10:00.0;0,00
PINHAIS;411915201A;PR;Perdizes;-25,393646;-49,190053;2025-03-06 07:10:00.0;0,00
PINHAIS;411915201A;PR;Perdizes;-25,393646;-49,190053;2025-03-06 08:10:00.0;0,00
PINHAIS;411915201A;PR;Perdizes;-25,393646;-49,190053;2025-03-06 09:10:00.0;0,00
PINHAIS;411915201A;PR;Perdizes;-25,393646;-49,190053;2025-03-06 10:10:00.0;0,00
PINHAIS;411915201A;PR;Perdizes;-25,393646;-49,190053;2025-03-06 11:10:00.0;0,00
PINHAIS;411915201A;PR;Perdizes;-25,393646;-49,190053;2025-03-06 12:10:00.0;0,00
PINHAIS;411915201A;PR;Perdizes;-25,393646;-49,190053;2025-03-06 13:10:00.0;0,00
PINHAIS;411915201A;PR;Perdizes;-25,393646;-49,190053;2025-03-06 14:10:00.0;0,00
PINHAIS;411915201A;PR;Perdizes;-25,393646;-49,190053;2025-03-06 15:10:00.0;0,00
PINHAIS;411915201A;PR;Perdizes;-25,393646;-49,190053;2025-03-06 16:10:00.0;0,00
PINHAIS;411915201A;PR;Perdizes;-25,393646;-49,190053;2025-03-06 17:10:00.0;0,00
PINHAIS;411915201A;PR;Perdizes;-25,393646;-49,190053;2025-03-06 18:10:00.0;0,00
PINHAIS;411915201A;PR;Perdizes;-25,393646;-49,190053;2025-03-06 19:10:00.0;0,00
PINHAIS;411915201A;PR;Perdizes;-25,393646;-49,190053;2025-03-06 20:10:00.0;0,00
PINHAIS;411915201A;PR;Perdizes;-25,393646;-49,190053;2025-03-06 21:10:00.0;0,00
PINHAIS;411915201A;PR;Perdizes;-25,393646;-49,190053;2025-03-06 22:10:00.0;0,00
PINHAIS;411915201A;PR;Perdizes;-25,393646;-49,190053;2025-03-06 23:10:00.0;0,00
PINHAIS;411915201A;PR;Perdizes;-25,393646;-49,190053;2025-03-07 00:10:00.0;0,00
PINHAIS;411915201A;PR;Perdizes;-25,393646;-49,190053;2025-03-07 01:10:00.0;0,00
PINHAIS;411915201A;PR;Perdizes;-25,393646;-49,190053;2025-03-07 02:10:00.0;0,00
PINHAIS;411915201A;PR;Perdizes;-25,393646;-49,190053;2025-03-07 03:10:00.0;0,00
PINHAIS;411915201A;PR;Perdizes;-25,393646;-49,190053;2025-03-07 04:10:00.0;0,00
PINHAIS;411915201A;PR;Perdizes;-25,393646;-49,190053;2025-03-07 05:10:00.0;0,00
PINHAIS;411915201A;PR;Perdizes;-25,393646;-49,190053;2025-03-07 06:10:00.0;0,00
PINHAIS;411915201A;PR;Perdizes;-25,393646;-49,190053;2025-03-07 07:10:00.0;0,00
PINHAIS;411915201A;PR;Perdizes;-25,393646;-49,190053;2025-03-07 08:10:00.0;0,00
PINHAIS;411915201A;PR;Perdizes;-25,393646;-49,190053;2025-03-07 09:10:00.0;0,00
PINHAIS;411915201A;PR;Perdizes;-25,393646;-49,190053;2025-03-07 10:10:00.0;0,00
PINHAIS;411915201A;PR;Perdizes;-25,393646;-49,190053;2025-03-07 11:10:00.0;0,00
PINHAIS;411915201A;PR;Perdizes;-25,393646;-49,190053;2025-03-07 12:10:00.0;0,00
PINHAIS;411915201A;PR;Perdizes;-25,393646;-49,190053;2025-03-07 13:10:00.0;0,00
PINHAIS;411915201A;PR;Perdizes;-25,393646;-49,190053;2025-03-07 14:10:00.0;0,00
PINHAIS;411915201A;PR;Perdizes;-25,393646;-49,190053;2025-03-07 15:10:00.0;0,00
PINHAIS;411915201A;PR;Perdizes;-25,393646;-49,190053;2025-03-07 15:40:00.0;0,20
PINHAIS;411915201A;PR;Perdizes;-25,393646;-49,190053;2025-03-07 16:10:00.0;0,00
PINHAIS;411915201A;PR;Perdizes;-25,393646;-49,190053;2025-03-07 17:10:00.0;0,00
PINHAIS;411915201A;PR;Perdizes;-25,393646;-49,190053;2025-03-07 18:10:00.0;0,00
PINHAIS;411915201A;PR;Perdizes;-25,393646;-49,190053;2025-03-07 19:10:00.0;0,00
PINHAIS;411915201A;PR;Perdizes;-25,393646;-49,190053;2025-03-07 20:10:00.0;0,00
PINHAIS;411915201A;PR;Perdizes;-25,393646;-49,190053;2025-03-07 21:10:00.0;0,00
PINHAIS;411915201A;PR;Perdizes;-25,393646;-49,190053;2025-03-07 22:10:00.0;0,00
PINHAIS;411915201A;PR;Perdizes;-25,393646;-49,190053;2025-03-07 23:10:00.0;0,00
PINHAIS;411915201A;PR;Perdizes;-25,393646;-49,190053;2025-03-08 00:10:00.0;0,00
PINHAIS;411915201A;PR;Perdizes;-25,393646;-49,190053;2025-03-08 01:10:00.0;0,00
PINHAIS;411915201A;PR;Perdizes;-25,393646;-49,190053;2025-03-08 02:10:00.0;0,00
PINHAIS;411915201A;PR;Perdizes;-25,393646;-49,190053;2025-03-08 03:10:00.0;0,00
PINHAIS;411915201A;PR;Perdizes;-25,393646;-49,190053;2025-03-08 04:10:00.0;0,00
PINHAIS;411915201A;PR;Perdizes;-25,393646;-49,190053;2025-03-08 05:10:00.0;0,00
PINHAIS;411915201A;PR;Perdizes;-25,393646;-49,190053;2025-03-08 06:10:00.0;0,00
PINHAIS;411915201A;PR;Perdizes;-25,393646;-49,190053;2025-03-08 07:10:00.0;0,00
PINHAIS;411915201A;PR;Perdizes;-25,393646;-49,190053;2025-03-08 08:10:00.0;0,00
PINHAIS;411915201A;PR;Perdizes;-25,393646;-49,190053;2025-03-08 09:10:00.0;0,00
PINHAIS;411915201A;PR;Perdizes;-25,393646;-49,190053;2025-03-08 10:10:00.0;0,00
PINHAIS;411915201A;PR;Perdizes;-25,393646;-49,190053;2025-03-08 11:10:00.0;0,00
PINHAIS;411915201A;PR;Perdizes;-25,393646;-49,190053;2025-03-08 12:10:00.0;0,00
PINHAIS;411915201A;PR;Perdizes;-25,393646;-49,190053;2025-03-08 13:10:00.0;0,00
PINHAIS;411915201A;PR;Perdizes;-25,393646;-49,190053;2025-03-08 14:10:00.0;0,00
PINHAIS;411915201A;PR;Perdizes;-25,393646;-49,190053;2025-03-08 15:10:00.0;0,00
PINHAIS;411915201A;PR;Perdizes;-25,393646;-49,190053;2025-03-08 16:10:00.0;0,00
PINHAIS;411915201A;PR;Perdizes;-25,393646;-49,190053;2025-03-08 17:10:00.0;0,00
PINHAIS;411915201A;PR;Perdizes;-25,393646;-49,190053;2025-03-08 18:10:00.0;0,00
PINHAIS;411915201A;PR;Perdizes;-25,393646;-49,190053;2025-03-08 19:10:00.0;0,00
PINHAIS;411915201A;PR;Perdizes;-25,393646;-49,190053;2025-03-08 20:10:00.0;0,00
PINHAIS;411915201A;PR;Perdizes;-25,393646;-49,190053;2025-03-08 21:10:00.0;0,00
PINHAIS;411915201A;PR;Perdizes;-25,393646;-49,190053;2025-03-08 22:10:00.0;0,00
PINHAIS;411915201A;PR;Perdizes;-25,393646;-49,190053;2025-03-08 23:10:00.0;0,00
PINHAIS;411915201A;PR;Perdizes;-25,393646;-49,190053;2025-03-09 00:10:00.0;0,00
PINHAIS;411915201A;PR;Perdizes;-25,393646;-49,190053;2025-03-09 01:10:00.0;0,00
PINHAIS;411915201A;PR;Perdizes;-25,393646;-49,190053;2025-03-09 02:10:00.0;0,00
PINHAIS;411915201A;PR;Perdizes;-25,393646;-49,190053;2025-03-09 03:10:00.0;0,00
PINHAIS;411915201A;PR;Perdizes;-25,393646;-49,190053;2025-03-09 04:10:00.0;0,00
PINHAIS;411915201A;PR;Perdizes;-25,393646;-49,190053;2025-03-09 05:10:00.0;0,00
PINHAIS;411915201A;PR;Perdizes;-25,393646;-49,190053;2025-03-09 06:10:00.0;0,00
PINHAIS;411915201A;PR;Perdizes;-25,393646;-49,190053;2025-03-09 07:10:00.0;0,00
PINHAIS;411915201A;PR;Perdizes;-25,393646;-49,190053;2025-03-09 08:10:00.0;0,00
PINHAIS;411915201A;PR;Perdizes;-25,393646;-49,190053;2025-03-09 09:10:00.0;0,00
PINHAIS;411915201A;PR;Perdizes;-25,393646;-49,190053;2025-03-09 10:10:00.0;0,00
PINHAIS;411915201A;PR;Perdizes;-25,393646;-49,190053;2025-03-09 11:10:00.0;0,00
PINHAIS;411915201A;PR;Perdizes;-25,393646;-49,190053;2025-03-09 12:10:00.0;0,00
PINHAIS;411915201A;PR;Perdizes;-25,393646;-49,190053;2025-03-09 13:10:00.0;0,00
PINHAIS;411915201A;PR;Perdizes;-25,393646;-49,190053;2025-03-09 14:10:00.0;0,00
PINHAIS;411915201A;PR;Perdizes;-25,393646;-49,190053;2025-03-09 15:10:00.0;0,00
PINHAIS;411915201A;PR;Perdizes;-25,393646;-49,190053;2025-03-09 16:10:00.0;0,00
PINHAIS;411915201A;PR;Perdizes;-25,393646;-49,190053;2025-03-09 17:10:00.0;0,00
PINHAIS;411915201A;PR;Perdizes;-25,393646;-49,190053;2025-03-09 18:10:00.0;0,00
PINHAIS;411915201A;PR;Perdizes;-25,393646;-49,190053;2025-03-09 19:10:00.0;0,00
PINHAIS;411915201A;PR;Perdizes;-25,393646;-49,190053;2025-03-09 20:10:00.0;0,00
PINHAIS;411915201A;PR;Perdizes;-25,393646;-49,190053;2025-03-09 21:00:00.0;0,39
PINHAIS;411915201A;PR;Perdizes;-25,393646;-49,190053;2025-03-09 21:10:00.0;1,57
PINHAIS;411915201A;PR;Perdizes;-25,393646;-49,190053;2025-03-09 21:20:00.0;7,71
PINHAIS;411915201A;PR;Perdizes;-25,393646;-49,190053;2025-03-09 21:30:00.0;1,96
PINHAIS;411915201A;PR;Perdizes;-25,393646;-49,190053;2025-03-09 21:40:00.0;0,39
PINHAIS;411915201A;PR;Perdizes;-25,393646;-49,190053;2025-03-09 22:10:00.0;0,00
PINHAIS;411915201A;PR;Perdizes;-25,393646;-49,190053;2025-03-09 22:40:00.0;0,98
PINHAIS;411915201A;PR;Perdizes;-25,393646;-49,190053;2025-03-09 22:50:00.0;1,58
PINHAIS;411915201A;PR;Perdizes;-25,393646;-49,190053;2025-03-09 23:10:00.0;0,00
PINHAIS;411915201A;PR;Perdizes;-25,393646;-49,190053;2025-03-09 23:50:00.0;1,38
PINHAIS;411915201A;PR;Perdizes;-25,393646;-49,190053;2025-03-10 00:00:00.0;0,39
PINHAIS;411915201A;PR;Perdizes;-25,393646;-49,190053;2025-03-10 00:10:00.0;0,20
PINHAIS;411915201A;PR;Perdizes;-25,393646;-49,190053;2025-03-10 00:40:00.0;0,20
PINHAIS;411915201A;PR;Perdizes;-25,393646;-49,190053;2025-03-10 01:10:00.0;0,00
PINHAIS;411915201A;PR;Perdizes;-25,393646;-49,190053;2025-03-10 02:10:00.0;0,00
PINHAIS;411915201A;PR;Perdizes;-25,393646;-49,190053;2025-03-10 03:10:00.0;0,00
PINHAIS;411915201A;PR;Perdizes;-25,393646;-49,190053;2025-03-10 04:10:00.0;0,00
PINHAIS;411915201A;PR;Perdizes;-25,393646;-49,190053;2025-03-10 05:10:00.0;0,00
PINHAIS;411915201A;PR;Perdizes;-25,393646;-49,190053;2025-03-10 06:10:00.0;0,00
PINHAIS;411915201A;PR;Perdizes;-25,393646;-49,190053;2025-03-10 07:10:00.0;0,00
PINHAIS;411915201A;PR;Perdizes;-25,393646;-49,190053;2025-03-10 08:10:00.0;0,00
PINHAIS;411915201A;PR;Perdizes;-25,393646;-49,190053;2025-03-10 09:10:00.0;0,00
PINHAIS;411915201A;PR;Perdizes;-25,393646;-49,190053;2025-03-10 10:10:00.0;0,00
PINHAIS;411915201A;PR;Perdizes;-25,393646;-49,190053;2025-03-10 11:10:00.0;0,00
PINHAIS;411915201A;PR;Perdizes;-25,393646;-49,190053;2025-03-10 12:10:00.0;0,00
PINHAIS;411915201A;PR;Perdizes;-25,393646;-49,190053;2025-03-10 13:10:00.0;0,00
PINHAIS;411915201A;PR;Perdizes;-25,393646;-49,190053;2025-03-10 14:10:00.0;0,00
PINHAIS;411915201A;PR;Perdizes;-25,393646;-49,190053;2025-03-10 15:10:00.0;0,00
PINHAIS;411915201A;PR;Perdizes;-25,393646;-49,190053;2025-03-10 16:10:00.0;0,00
PINHAIS;411915201A;PR;Perdizes;-25,393646;-49,190053;2025-03-10 17:10:00.0;0,00
PINHAIS;411915201A;PR;Perdizes;-25,393646;-49,190053;2025-03-10 18:10:00.0;0,00
PINHAIS;411915201A;PR;Perdizes;-25,393646;-49,190053;2025-03-10 19:10:00.0;0,00
PINHAIS;411915201A;PR;Perdizes;-25,393646;-49,190053;2025-03-10 20:10:00.0;0,00
PINHAIS;411915201A;PR;Perdizes;-25,393646;-49,190053;2025-03-10 21:10:00.0;0,00
PINHAIS;411915201A;PR;Perdizes;-25,393646;-49,190053;2025-03-10 22:10:00.0;0,00
PINHAIS;411915201A;PR;Perdizes;-25,393646;-49,190053;2025-03-10 23:10:00.0;0,00
PINHAIS;411915201A;PR;Perdizes;-25,393646;-49,190053;2025-03-11 00:10:00.0;0,00
PINHAIS;411915201A;PR;Perdizes;-25,393646;-49,190053;2025-03-11 01:10:00.0;0,00
PINHAIS;411915201A;PR;Perdizes;-25,393646;-49,190053;2025-03-11 02:10:00.0;0,00
PINHAIS;411915201A;PR;Perdizes;-25,393646;-49,190053;2025-03-11 03:10:00.0;0,00
PINHAIS;411915201A;PR;Perdizes;-25,393646;-49,190053;2025-03-11 04:10:00.0;0,00
PINHAIS;411915201A;PR;Perdizes;-25,393646;-49,190053;2025-03-11 05:10:00.0;0,00
PINHAIS;411915201A;PR;Perdizes;-25,393646;-49,190053;2025-03-11 06:10:00.0;0,00
PINHAIS;411915201A;PR;Perdizes;-25,393646;-49,190053;2025-03-11 07:10:00.0;0,00
PINHAIS;411915201A;PR;Perdizes;-25,393646;-49,190053;2025-03-11 08:10:00.0;0,00
PINHAIS;411915201A;PR;Perdizes;-25,393646;-49,190053;2025-03-11 09:10:00.0;0,00
PINHAIS;411915201A;PR;Perdizes;-25,393646;-49,190053;2025-03-11 10:10:00.0;0,00
PINHAIS;411915201A;PR;Perdizes;-25,393646;-49,190053;2025-03-11 11:10:00.0;0,00
PINHAIS;411915201A;PR;Perdizes;-25,393646;-49,190053;2025-03-11 12:10:00.0;0,00
PINHAIS;411915201A;PR;Perdizes;-25,393646;-49,190053;2025-03-11 13:10:00.0;0,00
PINHAIS;411915201A;PR;Perdizes;-25,393646;-49,190053;2025-03-11 14:10:00.0;0,00
PINHAIS;411915201A;PR;Perdizes;-25,393646;-49,190053;2025-03-11 15:10:00.0;0,00
PINHAIS;411915201A;PR;Perdizes;-25,393646;-49,190053;2025-03-11 16:10:00.0;0,00
PINHAIS;411915201A;PR;Perdizes;-25,393646;-49,190053;2025-03-11 17:10:00.0;0,00
PINHAIS;411915201A;PR;Perdizes;-25,393646;-49,190053;2025-03-11 18:10:00.0;2,96
PINHAIS;411915201A;PR;Perdizes;-25,393646;-49,190053;2025-03-11 18:20:00.0;5,71
PINHAIS;411915201A;PR;Perdizes;-25,393646;-49,190053;2025-03-11 18:30:00.0;8,73
PINHAIS;411915201A;PR;Perdizes;-25,393646;-49,190053;2025-03-11 18:40:00.0;5,90
PINHAIS;411915201A;PR;Perdizes;-25,393646;-49,190053;2025-03-11 18:50:00.0;2,36
PINHAIS;411915201A;PR;Perdizes;-25,393646;-49,190053;2025-03-11 19:10:00.0;0,00
PINHAIS;411915201A;PR;Perdizes;-25,393646;-49,190053;2025-03-11 20:10:00.0;0,00
PINHAIS;411915201A;PR;Perdizes;-25,393646;-49,190053;2025-03-11 21:10:00.0;0,20
PINHAIS;411915201A;PR;Perdizes;-25,393646;-49,190053;2025-03-11 21:20:00.0;0,59
PINHAIS;411915201A;PR;Perdizes;-25,393646;-49,190053;2025-03-11 21:30:00.0;0,39
PINHAIS;411915201A;PR;Perdizes;-25,393646;-49,190053;2025-03-11 21:40:00.0;0,20
PINHAIS;411915201A;PR;Perdizes;-25,393646;-49,190053;2025-03-11 21:50:00.0;0,59
PINHAIS;411915201A;PR;Perdizes;-25,393646;-49,190053;2025-03-11 22:00:00.0;0,98
PINHAIS;411915201A;PR;Perdizes;-25,393646;-49,190053;2025-03-11 22:10:00.0;0,98
PINHAIS;411915201A;PR;Perdizes;-25,393646;-49,190053;2025-03-11 22:20:00.0;0,98
PINHAIS;411915201A;PR;Perdizes;-25,393646;-49,190053;2025-03-11 22:30:00.0;1,37
PINHAIS;411915201A;PR;Perdizes;-25,393646;-49,190053;2025-03-11 22:40:00.0;2,56
PINHAIS;411915201A;PR;Perdizes;-25,393646;-49,190053;2025-03-11 22:50:00.0;3,54
PINHAIS;411915201A;PR;Perdizes;-25,393646;-49,190053;2025-03-11 23:00:00.0;1,37
PINHAIS;411915201A;PR;Perdizes;-25,393646;-49,190053;2025-03-11 23:10:00.0;1,77
PINHAIS;411915201A;PR;Perdizes;-25,393646;-49,190053;2025-03-11 23:20:00.0;1,37
PINHAIS;411915201A;PR;Perdizes;-25,393646;-49,190053;2025-03-11 23:30:00.0;0,59
PINHAIS;411915201A;PR;Perdizes;-25,393646;-49,190053;2025-03-11 23:40:00.0;0,42
PINHAIS;411915201A;PR;Perdizes;-25,393646;-49,190053;2025-03-11 23:50:00.0;0,20
PINHAIS;411915201A;PR;Perdizes;-25,393646;-49,190053;2025-03-12 00:10:00.0;0,00
PINHAIS;411915201A;PR;Perdizes;-25,393646;-49,190053;2025-03-12 01:10:00.0;0,00
PINHAIS;411915201A;PR;Perdizes;-25,393646;-49,190053;2025-03-12 01:40:00.0;0,20
PINHAIS;411915201A;PR;Perdizes;-25,393646;-49,190053;2025-03-12 02:10:00.0;0,00
PINHAIS;411915201A;PR;Perdizes;-25,393646;-49,190053;2025-03-12 03:10:00.0;0,00
PINHAIS;411915201A;PR;Perdizes;-25,393646;-49,190053;2025-03-12 04:10:00.0;0,00
PINHAIS;411915201A;PR;Perdizes;-25,393646;-49,190053;2025-03-12 05:10:00.0;0,00
PINHAIS;411915201A;PR;Perdizes;-25,393646;-49,190053;2025-03-12 06:10:00.0;0,00
PINHAIS;411915201A;PR;Perdizes;-25,393646;-49,190053;2025-03-12 07:10:00.0;0,00
PINHAIS;411915201A;PR;Perdizes;-25,393646;-49,190053;2025-03-12 08:10:00.0;0,00
PINHAIS;411915201A;PR;Perdizes;-25,393646;-49,190053;2025-03-12 08:50:00.0;0,20
PINHAIS;411915201A;PR;Perdizes;-25,393646;-49,190053;2025-03-12 09:10:00.0;0,00
PINHAIS;411915201A;PR;Perdizes;-25,393646;-49,190053;2025-03-12 10:10:00.0;0,00
PINHAIS;411915201A;PR;Perdizes;-25,393646;-49,190053;2025-03-12 11:10:00.0;0,00
PINHAIS;411915201A;PR;Perdizes;-25,393646;-49,190053;2025-03-12 12:10:00.0;0,00
PINHAIS;411915201A;PR;Perdizes;-25,393646;-49,190053;2025-03-12 13:10:00.0;0,00
PINHAIS;411915201A;PR;Perdizes;-25,393646;-49,190053;2025-03-12 14:10:00.0;0,00
PINHAIS;411915201A;PR;Perdizes;-25,393646;-49,190053;2025-03-12 15:10:00.0;0,00
PINHAIS;411915201A;PR;Perdizes;-25,393646;-49,190053;2025-03-12 15:50:00.0;0,20
PINHAIS;411915201A;PR;Perdizes;-25,393646;-49,190053;2025-03-12 16:00:00.0;0,98
PINHAIS;411915201A;PR;Perdizes;-25,393646;-49,190053;2025-03-12 16:10:00.0;0,59
PINHAIS;411915201A;PR;Perdizes;-25,393646;-49,190053;2025-03-12 17:10:00.0;0,00
PINHAIS;411915201A;PR;Perdizes;-25,393646;-49,190053;2025-03-12 18:10:00.0;0,00
PINHAIS;411915201A;PR;Perdizes;-25,393646;-49,190053;2025-03-12 19:10:00.0;0,00
PINHAIS;411915201A;PR;Perdizes;-25,393646;-49,190053;2025-03-12 20:10:00.0;0,00
PINHAIS;411915201A;PR;Perdizes;-25,393646;-49,190053;2025-03-12 21:10:00.0;0,00
PINHAIS;411915201A;PR;Perdizes;-25,393646;-49,190053;2025-03-12 21:20:00.0;10,99
PINHAIS;411915201A;PR;Perdizes;-25,393646;-49,190053;2025-03-12 21:30:00.0;9,36
PINHAIS;411915201A;PR;Perdizes;-25,393646;-49,190053;2025-03-12 21:40:00.0;2,75
PINHAIS;411915201A;PR;Perdizes;-25,393646;-49,190053;2025-03-12 21:50:00.0;0,98
PINHAIS;411915201A;PR;Perdizes;-25,393646;-49,190053;2025-03-12 22:00:00.0;1,77
PINHAIS;411915201A;PR;Perdizes;-25,393646;-49,190053;2025-03-12 22:10:00.0;1,96
PINHAIS;411915201A;PR;Perdizes;-25,393646;-49,190053;2025-03-12 22:20:00.0;0,39
PINHAIS;411915201A;PR;Perdizes;-25,393646;-49,190053;2025-03-12 22:30:00.0;0,20
PINHAIS;411915201A;PR;Perdizes;-25,393646;-49,190053;2025-03-12 22:40:00.0;0,98
PINHAIS;411915201A;PR;Perdizes;-25,393646;-49,190053;2025-03-12 22:50:00.0;0,98
PINHAIS;411915201A;PR;Perdizes;-25,393646;-49,190053;2025-03-12 23:00:00.0;0,20
PINHAIS;411915201A;PR;Perdizes;-25,393646;-49,190053;2025-03-12 23:10:00.0;0,59
PINHAIS;411915201A;PR;Perdizes;-25,393646;-49,190053;2025-03-12 23:20:00.0;0,39
PINHAIS;411915201A;PR;Perdizes;-25,393646;-49,190053;2025-03-12 23:30:00.0;0,59
PINHAIS;411915201A;PR;Perdizes;-25,393646;-49,190053;2025-03-12 23:40:00.0;0,59
PINHAIS;411915201A;PR;Perdizes;-25,393646;-49,190053;2025-03-12 23:50:00.0;0,79
PINHAIS;411915201A;PR;Perdizes;-25,393646;-49,190053;2025-03-13 00:00:00.0;0,20
PINHAIS;411915201A;PR;Perdizes;-25,393646;-49,190053;2025-03-13 00:10:00.0;0,00
PINHAIS;411915201A;PR;Perdizes;-25,393646;-49,190053;2025-03-13 01:10:00.0;0,00
PINHAIS;411915201A;PR;Perdizes;-25,393646;-49,190053;2025-03-13 02:10:00.0;0,00
PINHAIS;411915201A;PR;Perdizes;-25,393646;-49,190053;2025-03-13 03:10:00.0;0,00
PINHAIS;411915201A;PR;Perdizes;-25,393646;-49,190053;2025-03-13 03:30:00.0;0,20
PINHAIS;411915201A;PR;Perdizes;-25,393646;-49,190053;2025-03-13 03:50:00.0;0,20
PINHAIS;411915201A;PR;Perdizes;-25,393646;-49,190053;2025-03-13 04:10:00.0;0,00
PINHAIS;411915201A;PR;Perdizes;-25,393646;-49,190053;2025-03-13 05:10:00.0;0,00
PINHAIS;411915201A;PR;Perdizes;-25,393646;-49,190053;2025-03-13 05:40:00.0;0,20
PINHAIS;411915201A;PR;Perdizes;-25,393646;-49,190053;2025-03-13 06:10:00.0;0,00
PINHAIS;411915201A;PR;Perdizes;-25,393646;-49,190053;2025-03-13 07:10:00.0;0,20
PINHAIS;411915201A;PR;Perdizes;-25,393646;-49,190053;2025-03-13 07:20:00.0;0,20
PINHAIS;411915201A;PR;Perdizes;-25,393646;-49,190053;2025-03-13 07:40:00.0;0,42
PINHAIS;411915201A;PR;Perdizes;-25,393646;-49,190053;2025-03-13 07:50:00.0;0,20
PINHAIS;411915201A;PR;Perdizes;-25,393646;-49,190053;2025-03-13 08:00:00.0;0,20
PINHAIS;411915201A;PR;Perdizes;-25,393646;-49,190053;2025-03-13 08:10:00.0;0,39
PINHAIS;411915201A;PR;Perdizes;-25,393646;-49,190053;2025-03-13 08:20:00.0;0,20
PINHAIS;411915201A;PR;Perdizes;-25,393646;-49,190053;2025-03-13 08:40:00.0;0,42
PINHAIS;411915201A;PR;Perdizes;-25,393646;-49,190053;2025-03-13 09:10:00.0;0,00
PINHAIS;411915201A;PR;Perdizes;-25,393646;-49,190053;2025-03-13 09:20:00.0;0,20
PINHAIS;411915201A;PR;Perdizes;-25,393646;-49,190053;2025-03-13 10:10:00.0;0,00
PINHAIS;411915201A;PR;Perdizes;-25,393646;-49,190053;2025-03-13 11:10:00.0;0,00
PINHAIS;411915201A;PR;Perdizes;-25,393646;-49,190053;2025-03-13 12:10:00.0;0,00
PINHAIS;411915201A;PR;Perdizes;-25,393646;-49,190053;2025-03-13 13:10:00.0;0,00
PINHAIS;411915201A;PR;Perdizes;-25,393646;-49,190053;2025-03-13 14:10:00.0;0,00
PINHAIS;411915201A;PR;Perdizes;-25,393646;-49,190053;2025-03-13 15:10:00.0;0,00
PINHAIS;411915201A;PR;Perdizes;-25,393646;-49,190053;2025-03-13 16:10:00.0;0,00
PINHAIS;411915201A;PR;Perdizes;-25,393646;-49,190053;2025-03-13 17:10:00.0;0,00
PINHAIS;411915201A;PR;Perdizes;-25,393646;-49,190053;2025-03-13 18:10:00.0;0,00
PINHAIS;411915201A;PR;Perdizes;-25,393646;-49,190053;2025-03-13 19:10:00.0;0,00
PINHAIS;411915201A;PR;Perdizes;-25,393646;-49,190053;2025-03-13 20:10:00.0;0,00
PINHAIS;411915201A;PR;Perdizes;-25,393646;-49,190053;2025-03-13 21:10:00.0;0,00
PINHAIS;411915201A;PR;Perdizes;-25,393646;-49,190053;2025-03-13 22:10:00.0;0,00
PINHAIS;411915201A;PR;Perdizes;-25,393646;-49,190053;2025-03-13 23:10:00.0;0,20
PINHAIS;411915201A;PR;Perdizes;-25,393646;-49,190053;2025-03-13 23:20:00.0;0,98
PINHAIS;411915201A;PR;Perdizes;-25,393646;-49,190053;2025-03-13 23:30:00.0;0,20
PINHAIS;411915201A;PR;Perdizes;-25,393646;-49,190053;2025-03-13 23:40:00.0;0,20
PINHAIS;411915201A;PR;Perdizes;-25,393646;-49,190053;2025-03-14 00:10:00.0;0,00
PINHAIS;411915201A;PR;Perdizes;-25,393646;-49,190053;2025-03-14 01:10:00.0;0,00
PINHAIS;411915201A;PR;Perdizes;-25,393646;-49,190053;2025-03-14 01:20:00.0;0,79
PINHAIS;411915201A;PR;Perdizes;-25,393646;-49,190053;2025-03-14 01:30:00.0;3,55
PINHAIS;411915201A;PR;Perdizes;-25,393646;-49,190053;2025-03-14 01:40:00.0;1,37
PINHAIS;411915201A;PR;Perdizes;-25,393646;-49,190053;2025-03-14 01:50:00.0;0,59
PINHAIS;411915201A;PR;Perdizes;-25,393646;-49,190053;2025-03-14 02:10:00.0;0,20
PINHAIS;411915201A;PR;Perdizes;-25,393646;-49,190053;2025-03-14 03:10:00.0;0,00
PINHAIS;411915201A;PR;Perdizes;-25,393646;-49,190053;2025-03-14 04:10:00.0;0,00
PINHAIS;411915201A;PR;Perdizes;-25,393646;-49,190053;2025-03-14 05:10:00.0;0,00
PINHAIS;411915201A;PR;Perdizes;-25,393646;-49,190053;2025-03-14 06:10:00.0;0,00
PINHAIS;411915201A;PR;Perdizes;-25,393646;-49,190053;2025-03-14 07:10:00.0;0,00
PINHAIS;411915201A;PR;Perdizes;-25,393646;-49,190053;2025-03-14 08:10:00.0;0,00
PINHAIS;411915201A;PR;Perdizes;-25,393646;-49,190053;2025-03-14 09:10:00.0;0,00
PINHAIS;411915201A;PR;Perdizes;-25,393646;-49,190053;2025-03-14 10:10:00.0;0,00
PINHAIS;411915201A;PR;Perdizes;-25,393646;-49,190053;2025-03-14 10:40:00.0;0,20
PINHAIS;411915201A;PR;Perdizes;-25,393646;-49,190053;2025-03-14 11:10:00.0;0,00
PINHAIS;411915201A;PR;Perdizes;-25,393646;-49,190053;2025-03-14 12:10:00.0;0,00
PINHAIS;411915201A;PR;Perdizes;-25,393646;-49,190053;2025-03-14 13:10:00.0;0,00
PINHAIS;411915201A;PR;Perdizes;-25,393646;-49,190053;2025-03-14 14:10:00.0;0,00
PINHAIS;411915201A;PR;Perdizes;-25,393646;-49,190053;2025-03-14 15:10:00.0;0,00
PINHAIS;411915201A;PR;Perdizes;-25,393646;-49,190053;2025-03-14 16:10:00.0;0,00
PINHAIS;411915201A;PR;Perdizes;-25,393646;-49,190053;2025-03-14 17:10:00.0;0,00
PINHAIS;411915201A;PR;Perdizes;-25,393646;-49,190053;2025-03-14 18:10:00.0;0,00
PINHAIS;411915201A;PR;Perdizes;-25,393646;-49,190053;2025-03-14 19:10:00.0;0,00
PINHAIS;411915201A;PR;Perdizes;-25,393646;-49,190053;2025-03-14 20:10:00.0;0,00
PINHAIS;411915201A;PR;Perdizes;-25,393646;-49,190053;2025-03-14 21:10:00.0;0,00
PINHAIS;411915201A;PR;Perdizes;-25,393646;-49,190053;2025-03-14 22:10:00.0;0,00
PINHAIS;411915201A;PR;Perdizes;-25,393646;-49,190053;2025-03-14 23:10:00.0;0,00
PINHAIS;411915201A;PR;Perdizes;-25,393646;-49,190053;2025-03-15 00:10:00.0;0,00
PINHAIS;411915201A;PR;Perdizes;-25,393646;-49,190053;2025-03-15 01:10:00.0;0,00
PINHAIS;411915201A;PR;Perdizes;-25,393646;-49,190053;2025-03-15 02:10:00.0;0,00
PINHAIS;411915201A;PR;Perdizes;-25,393646;-49,190053;2025-03-15 03:10:00.0;0,00
PINHAIS;411915201A;PR;Perdizes;-25,393646;-49,190053;2025-03-15 04:10:00.0;0,00
PINHAIS;411915201A;PR;Perdizes;-25,393646;-49,190053;2025-03-15 05:10:00.0;0,00
PINHAIS;411915201A;PR;Perdizes;-25,393646;-49,190053;2025-03-15 06:10:00.0;0,00
PINHAIS;411915201A;PR;Perdizes;-25,393646;-49,190053;2025-03-15 07:10:00.0;0,00
PINHAIS;411915201A;PR;Perdizes;-25,393646;-49,190053;2025-03-15 08:10:00.0;0,00
PINHAIS;411915201A;PR;Perdizes;-25,393646;-49,190053;2025-03-15 09:10:00.0;0,00
PINHAIS;411915201A;PR;Perdizes;-25,393646;-49,190053;2025-03-15 10:10:00.0;0,00
PINHAIS;411915201A;PR;Perdizes;-25,393646;-49,190053;2025-03-15 11:10:00.0;0,00
PINHAIS;411915201A;PR;Perdizes;-25,393646;-49,190053;2025-03-15 12:10:00.0;0,00
PINHAIS;411915201A;PR;Perdizes;-25,393646;-49,190053;2025-03-15 13:10:00.0;0,00
PINHAIS;411915201A;PR;Perdizes;-25,393646;-49,190053;2025-03-15 14:10:00.0;0,00
PINHAIS;411915201A;PR;Perdizes;-25,393646;-49,190053;2025-03-15 15:10:00.0;0,00
PINHAIS;411915201A;PR;Perdizes;-25,393646;-49,190053;2025-03-15 16:10:00.0;0,00
PINHAIS;411915201A;PR;Perdizes;-25,393646;-49,190053;2025-03-15 17:10:00.0;0,00
PINHAIS;411915201A;PR;Perdizes;-25,393646;-49,190053;2025-03-15 18:10:00.0;0,00
PINHAIS;411915201A;PR;Perdizes;-25,393646;-49,190053;2025-03-15 19:10:00.0;0,59
PINHAIS;411915201A;PR;Perdizes;-25,393646;-49,190053;2025-03-15 19:20:00.0;0,42
PINHAIS;411915201A;PR;Perdizes;-25,393646;-49,190053;2025-03-15 19:30:00.0;0,39
PINHAIS;411915201A;PR;Perdizes;-25,393646;-49,190053;2025-03-15 19:40:00.0;1,97
PINHAIS;411915201A;PR;Perdizes;-25,393646;-49,190053;2025-03-15 19:50:00.0;0,79
PINHAIS;411915201A;PR;Perdizes;-25,393646;-49,190053;2025-03-15 20:00:00.0;0,98
PINHAIS;411915201A;PR;Perdizes;-25,393646;-49,190053;2025-03-15 20:10:00.0;0,79
PINHAIS;411915201A;PR;Perdizes;-25,393646;-49,190053;2025-03-15 20:20:00.0;0,39
PINHAIS;411915201A;PR;Perdizes;-25,393646;-49,190053;2025-03-15 20:30:00.0;0,20
PINHAIS;411915201A;PR;Perdizes;-25,393646;-49,190053;2025-03-15 20:40:00.0;0,42
PINHAIS;411915201A;PR;Perdizes;-25,393646;-49,190053;2025-03-15 21:10:00.0;0,00
PINHAIS;411915201A;PR;Perdizes;-25,393646;-49,190053;2025-03-15 22:10:00.0;0,00
PINHAIS;411915201A;PR;Perdizes;-25,393646;-49,190053;2025-03-15 23:10:00.0;0,00
PINHAIS;411915201A;PR;Perdizes;-25,393646;-49,190053;2025-03-16 00:10:00.0;0,00
PINHAIS;411915201A;PR;Perdizes;-25,393646;-49,190053;2025-03-16 01:10:00.0;0,00
PINHAIS;411915201A;PR;Perdizes;-25,393646;-49,190053;2025-03-16 02:10:00.0;0,00
PINHAIS;411915201A;PR;Perdizes;-25,393646;-49,190053;2025-03-16 03:10:00.0;0,00
PINHAIS;411915201A;PR;Perdizes;-25,393646;-49,190053;2025-03-16 04:10:00.0;0,00
PINHAIS;411915201A;PR;Perdizes;-25,393646;-49,190053;2025-03-16 05:10:00.0;0,00
PINHAIS;411915201A;PR;Perdizes;-25,393646;-49,190053;2025-03-16 06:10:00.0;0,00
PINHAIS;411915201A;PR;Perdizes;-25,393646;-49,190053;2025-03-16 07:10:00.0;0,00
PINHAIS;411915201A;PR;Perdizes;-25,393646;-49,190053;2025-03-16 08:10:00.0;0,00
PINHAIS;411915201A;PR;Perdizes;-25,393646;-49,190053;2025-03-16 09:10:00.0;0,00
PINHAIS;411915201A;PR;Perdizes;-25,393646;-49,190053;2025-03-16 10:10:00.0;0,00
PINHAIS;411915201A;PR;Perdizes;-25,393646;-49,190053;2025-03-16 11:10:00.0;0,00
PINHAIS;411915201A;PR;Perdizes;-25,393646;-49,190053;2025-03-16 12:10:00.0;0,00
PINHAIS;411915201A;PR;Perdizes;-25,393646;-49,190053;2025-03-16 13:10:00.0;0,00
PINHAIS;411915201A;PR;Perdizes;-25,393646;-49,190053;2025-03-16 14:10:00.0;0,00
PINHAIS;411915201A;PR;Perdizes;-25,393646;-49,190053;2025-03-16 15:10:00.0;0,00
PINHAIS;411915201A;PR;Perdizes;-25,393646;-49,190053;2025-03-16 16:10:00.0;0,00
PINHAIS;411915201A;PR;Perdizes;-25,393646;-49,190053;2025-03-16 17:10:00.0;0,00
PINHAIS;411915201A;PR;Perdizes;-25,393646;-49,190053;2025-03-16 18:10:00.0;0,00
PINHAIS;411915201A;PR;Perdizes;-25,393646;-49,190053;2025-03-16 19:10:00.0;0,00
PINHAIS;411915201A;PR;Perdizes;-25,393646;-49,190053;2025-03-16 20:10:00.0;0,00
PINHAIS;411915201A;PR;Perdizes;-25,393646;-49,190053;2025-03-16 21:10:00.0;0,00
PINHAIS;411915201A;PR;Perdizes;-25,393646;-49,190053;2025-03-16 22:10:00.0;0,00
PINHAIS;411915201A;PR;Perdizes;-25,393646;-49,190053;2025-03-16 23:10:00.0;0,00
PINHAIS;411915201A;PR;Perdizes;-25,393646;-49,190053;2025-03-17 00:10:00.0;0,00
PINHAIS;411915201A;PR;Perdizes;-25,393646;-49,190053;2025-03-17 01:10:00.0;0,00
PINHAIS;411915201A;PR;Perdizes;-25,393646;-49,190053;2025-03-17 02:10:00.0;0,00
PINHAIS;411915201A;PR;Perdizes;-25,393646;-49,190053;2025-03-17 03:10:00.0;0,00
PINHAIS;411915201A;PR;Perdizes;-25,393646;-49,190053;2025-03-17 04:10:00.0;0,00
PINHAIS;411915201A;PR;Perdizes;-25,393646;-49,190053;2025-03-17 05:10:00.0;0,00
PINHAIS;411915201A;PR;Perdizes;-25,393646;-49,190053;2025-03-17 06:10:00.0;0,00
PINHAIS;411915201A;PR;Perdizes;-25,393646;-49,190053;2025-03-17 07:10:00.0;0,00
PINHAIS;411915201A;PR;Perdizes;-25,393646;-49,190053;2025-03-17 08:10:00.0;0,00
PINHAIS;411915201A;PR;Perdizes;-25,393646;-49,190053;2025-03-17 09:10:00.0;0,00
PINHAIS;411915201A;PR;Perdizes;-25,393646;-49,190053;2025-03-17 10:10:00.0;0,00
PINHAIS;411915201A;PR;Perdizes;-25,393646;-49,190053;2025-03-17 11:10:00.0;0,00
PINHAIS;411915201A;PR;Perdizes;-25,393646;-49,190053;2025-03-17 12:10:00.0;0,00
PINHAIS;411915201A;PR;Perdizes;-25,393646;-49,190053;2025-03-17 13:10:00.0;0,00
PINHAIS;411915201A;PR;Perdizes;-25,393646;-49,190053;2025-03-17 14:10:00.0;0,00
PINHAIS;411915201A;PR;Perdizes;-25,393646;-49,190053;2025-03-17 15:10:00.0;0,00
PINHAIS;411915201A;PR;Perdizes;-25,393646;-49,190053;2025-03-17 16:10:00.0;0,00
PINHAIS;411915201A;PR;Perdizes;-25,393646;-49,190053;2025-03-17 17:10:00.0;0,00
PINHAIS;411915201A;PR;Perdizes;-25,393646;-49,190053;2025-03-17 18:10:00.0;0,00
PINHAIS;411915201A;PR;Perdizes;-25,393646;-49,190053;2025-03-17 19:10:00.0;0,00
PINHAIS;411915201A;PR;Perdizes;-25,393646;-49,190053;2025-03-17 20:10:00.0;0,00
PINHAIS;411915201A;PR;Perdizes;-25,393646;-49,190053;2025-03-17 21:10:00.0;0,00
PINHAIS;411915201A;PR;Perdizes;-25,393646;-49,190053;2025-03-17 22:10:00.0;0,00
PINHAIS;411915201A;PR;Perdizes;-25,393646;-49,190053;2025-03-17 23:10:00.0;0,00
PINHAIS;411915201A;PR;Perdizes;-25,393646;-49,190053;2025-03-18 00:10:00.0;0,00
PINHAIS;411915201A;PR;Perdizes;-25,393646;-49,190053;2025-03-18 01:10:00.0;0,00
PINHAIS;411915201A;PR;Perdizes;-25,393646;-49,190053;2025-03-18 02:10:00.0;0,00
PINHAIS;411915201A;PR;Perdizes;-25,393646;-49,190053;2025-03-18 03:10:00.0;0,00
PINHAIS;411915201A;PR;Perdizes;-25,393646;-49,190053;2025-03-18 04:10:00.0;0,00
PINHAIS;411915201A;PR;Perdizes;-25,393646;-49,190053;2025-03-18 05:10:00.0;0,00
PINHAIS;411915201A;PR;Perdizes;-25,393646;-49,190053;2025-03-18 06:10:00.0;0,00
PINHAIS;411915201A;PR;Perdizes;-25,393646;-49,190053;2025-03-18 07:10:00.0;0,00
PINHAIS;411915201A;PR;Perdizes;-25,393646;-49,190053;2025-03-18 08:10:00.0;0,00
PINHAIS;411915201A;PR;Perdizes;-25,393646;-49,190053;2025-03-18 09:10:00.0;0,00
PINHAIS;411915201A;PR;Perdizes;-25,393646;-49,190053;2025-03-18 10:10:00.0;0,00
PINHAIS;411915201A;PR;Perdizes;-25,393646;-49,190053;2025-03-18 11:10:00.0;0,00
PINHAIS;411915201A;PR;Perdizes;-25,393646;-49,190053;2025-03-18 12:10:00.0;0,00
PINHAIS;411915201A;PR;Perdizes;-25,393646;-49,190053;2025-03-18 13:10:00.0;0,00
PINHAIS;411915201A;PR;Perdizes;-25,393646;-49,190053;2025-03-18 14:10:00.0;0,00
PINHAIS;411915201A;PR;Perdizes;-25,393646;-49,190053;2025-03-18 15:10:00.0;0,00
PINHAIS;411915201A;PR;Perdizes;-25,393646;-49,190053;2025-03-18 16:10:00.0;0,00
PINHAIS;411915201A;PR;Perdizes;-25,393646;-49,190053;2025-03-18 17:10:00.0;0,00
PINHAIS;411915201A;PR;Perdizes;-25,393646;-49,190053;2025-03-18 18:10:00.0;0,00
PINHAIS;411915201A;PR;Perdizes;-25,393646;-49,190053;2025-03-18 19:10:00.0;0,00
PINHAIS;411915201A;PR;Perdizes;-25,393646;-49,190053;2025-03-18 19:30:00.0;0,20
PINHAIS;411915201A;PR;Perdizes;-25,393646;-49,190053;2025-03-18 19:40:00.0;0,20
PINHAIS;411915201A;PR;Perdizes;-25,393646;-49,190053;2025-03-18 20:10:00.0;0,00
PINHAIS;411915201A;PR;Perdizes;-25,393646;-49,190053;2025-03-18 21:10:00.0;0,00
PINHAIS;411915201A;PR;Perdizes;-25,393646;-49,190053;2025-03-18 22:10:00.0;0,00
PINHAIS;411915201A;PR;Perdizes;-25,393646;-49,190053;2025-03-18 23:10:00.0;0,00
PINHAIS;411915201A;PR;Perdizes;-25,393646;-49,190053;2025-03-19 00:10:00.0;0,00
PINHAIS;411915201A;PR;Perdizes;-25,393646;-49,190053;2025-03-19 01:10:00.0;0,00
PINHAIS;411915201A;PR;Perdizes;-25,393646;-49,190053;2025-03-19 02:10:00.0;0,00
PINHAIS;411915201A;PR;Perdizes;-25,393646;-49,190053;2025-03-19 03:10:00.0;0,00
PINHAIS;411915201A;PR;Perdizes;-25,393646;-49,190053;2025-03-19 04:10:00.0;0,00
PINHAIS;411915201A;PR;Perdizes;-25,393646;-49,190053;2025-03-19 05:10:00.0;0,00
PINHAIS;411915201A;PR;Perdizes;-25,393646;-49,190053;2025-03-19 06:10:00.0;0,00
PINHAIS;411915201A;PR;Perdizes;-25,393646;-49,190053;2025-03-19 07:10:00.0;0,00
PINHAIS;411915201A;PR;Perdizes;-25,393646;-49,190053;2025-03-19 08:10:00.0;0,00
PINHAIS;411915201A;PR;Perdizes;-25,393646;-49,190053;2025-03-19 09:10:00.0;0,00
PINHAIS;411915201A;PR;Perdizes;-25,393646;-49,190053;2025-03-19 10:10:00.0;0,00
PINHAIS;411915201A;PR;Perdizes;-25,393646;-49,190053;2025-03-19 11:10:00.0;0,00
PINHAIS;411915201A;PR;Perdizes;-25,393646;-49,190053;2025-03-19 12:10:00.0;0,00
PINHAIS;411915201A;PR;Perdizes;-25,393646;-49,190053;2025-03-19 13:10:00.0;0,00
PINHAIS;411915201A;PR;Perdizes;-25,393646;-49,190053;2025-03-19 14:10:00.0;0,00
PINHAIS;411915201A;PR;Perdizes;-25,393646;-49,190053;2025-03-19 15:10:00.0;0,00
PINHAIS;411915201A;PR;Perdizes;-25,393646;-49,190053;2025-03-19 16:10:00.0;0,00
PINHAIS;411915201A;PR;Perdizes;-25,393646;-49,190053;2025-03-19 17:10:00.0;0,00
PINHAIS;411915201A;PR;Perdizes;-25,393646;-49,190053;2025-03-19 18:10:00.0;0,00
PINHAIS;411915201A;PR;Perdizes;-25,393646;-49,190053;2025-03-19 19:10:00.0;0,00
PINHAIS;411915201A;PR;Perdizes;-25,393646;-49,190053;2025-03-19 20:10:00.0;0,00
PINHAIS;411915201A;PR;Perdizes;-25,393646;-49,190053;2025-03-19 21:10:00.0;0,00
PINHAIS;411915201A;PR;Perdizes;-25,393646;-49,190053;2025-03-19 22:10:00.0;0,00
PINHAIS;411915201A;PR;Perdizes;-25,393646;-49,190053;2025-03-19 23:10:00.0;0,00
PINHAIS;411915201A;PR;Perdizes;-25,393646;-49,190053;2025-03-20 00:10:00.0;0,00
PINHAIS;411915201A;PR;Perdizes;-25,393646;-49,190053;2025-03-20 01:10:00.0;0,00
PINHAIS;411915201A;PR;Perdizes;-25,393646;-49,190053;2025-03-20 02:10:00.0;0,00
PINHAIS;411915201A;PR;Perdizes;-25,393646;-49,190053;2025-03-20 03:10:00.0;0,00
PINHAIS;411915201A;PR;Perdizes;-25,393646;-49,190053;2025-03-20 04:10:00.0;0,00
PINHAIS;411915201A;PR;Perdizes;-25,393646;-49,190053;2025-03-20 05:10:00.0;0,00
PINHAIS;411915201A;PR;Perdizes;-25,393646;-49,190053;2025-03-20 06:10:00.0;0,00
PINHAIS;411915201A;PR;Perdizes;-25,393646;-49,190053;2025-03-20 07:10:00.0;0,00
PINHAIS;411915201A;PR;Perdizes;-25,393646;-49,190053;2025-03-20 08:10:00.0;0,00
PINHAIS;411915201A;PR;Perdizes;-25,393646;-49,190053;2025-03-20 09:10:00.0;0,00
PINHAIS;411915201A;PR;Perdizes;-25,393646;-49,190053;2025-03-20 10:10:00.0;0,00
PINHAIS;411915201A;PR;Perdizes;-25,393646;-49,190053;2025-03-20 11:10:00.0;0,00
PINHAIS;411915201A;PR;Perdizes;-25,393646;-49,190053;2025-03-20 12:10:00.0;0,00
PINHAIS;411915201A;PR;Perdizes;-25,393646;-49,190053;2025-03-20 13:10:00.0;0,00
PINHAIS;411915201A;PR;Perdizes;-25,393646;-49,190053;2025-03-20 14:10:00.0;0,00
PINHAIS;411915201A;PR;Perdizes;-25,393646;-49,190053;2025-03-20 15:10:00.0;0,00
PINHAIS;411915201A;PR;Perdizes;-25,393646;-49,190053;2025-03-20 16:10:00.0;0,00
PINHAIS;411915201A;PR;Perdizes;-25,393646;-49,190053;2025-03-20 17:10:00.0;0,00
PINHAIS;411915201A;PR;Perdizes;-25,393646;-49,190053;2025-03-20 18:10:00.0;0,00
PINHAIS;411915201A;PR;Perdizes;-25,393646;-49,190053;2025-03-20 19:10:00.0;0,00
PINHAIS;411915201A;PR;Perdizes;-25,393646;-49,190053;2025-03-20 20:10:00.0;0,00
PINHAIS;411915201A;PR;Perdizes;-25,393646;-49,190053;2025-03-20 21:10:00.0;0,00
PINHAIS;411915201A;PR;Perdizes;-25,393646;-49,190053;2025-03-20 22:10:00.0;0,00
PINHAIS;411915201A;PR;Perdizes;-25,393646;-49,190053;2025-03-20 23:10:00.0;0,00
PINHAIS;411915201A;PR;Perdizes;-25,393646;-49,190053;2025-03-21 00:10:00.0;0,00
PINHAIS;411915201A;PR;Perdizes;-25,393646;-49,190053;2025-03-21 01:10:00.0;0,00
PINHAIS;411915201A;PR;Perdizes;-25,393646;-49,190053;2025-03-21 02:10:00.0;0,00
PINHAIS;411915201A;PR;Perdizes;-25,393646;-49,190053;2025-03-21 03:10:00.0;0,00
PINHAIS;411915201A;PR;Perdizes;-25,393646;-49,190053;2025-03-21 04:10:00.0;0,00
PINHAIS;411915201A;PR;Perdizes;-25,393646;-49,190053;2025-03-21 05:10:00.0;0,00
PINHAIS;411915201A;PR;Perdizes;-25,393646;-49,190053;2025-03-21 06:10:00.0;0,00
PINHAIS;411915201A;PR;Perdizes;-25,393646;-49,190053;2025-03-21 07:10:00.0;0,00
PINHAIS;411915201A;PR;Perdizes;-25,393646;-49,190053;2025-03-21 08:10:00.0;0,00
PINHAIS;411915201A;PR;Perdizes;-25,393646;-49,190053;2025-03-21 09:10:00.0;0,00
PINHAIS;411915201A;PR;Perdizes;-25,393646;-49,190053;2025-03-21 10:10:00.0;0,00
PINHAIS;411915201A;PR;Perdizes;-25,393646;-49,190053;2025-03-21 11:10:00.0;0,00
PINHAIS;411915201A;PR;Perdizes;-25,393646;-49,190053;2025-03-21 12:10:00.0;0,00
PINHAIS;411915201A;PR;Perdizes;-25,393646;-49,190053;2025-03-21 13:10:00.0;0,00
PINHAIS;411915201A;PR;Perdizes;-25,393646;-49,190053;2025-03-21 14:10:00.0;0,00
PINHAIS;411915201A;PR;Perdizes;-25,393646;-49,190053;2025-03-21 15:10:00.0;0,00
PINHAIS;411915201A;PR;Perdizes;-25,393646;-49,190053;2025-03-21 16:10:00.0;0,00
PINHAIS;411915201A;PR;Perdizes;-25,393646;-49,190053;2025-03-21 17:10:00.0;0,00
PINHAIS;411915201A;PR;Perdizes;-25,393646;-49,190053;2025-03-21 18:10:00.0;0,00
PINHAIS;411915201A;PR;Perdizes;-25,393646;-49,190053;2025-03-21 19:10:00.0;0,00
PINHAIS;411915201A;PR;Perdizes;-25,393646;-49,190053;2025-03-21 20:10:00.0;0,00
PINHAIS;411915201A;PR;Perdizes;-25,393646;-49,190053;2025-03-21 21:10:00.0;0,00
PINHAIS;411915201A;PR;Perdizes;-25,393646;-49,190053;2025-03-21 22:10:00.0;0,00
PINHAIS;411915201A;PR;Perdizes;-25,393646;-49,190053;2025-03-21 23:10:00.0;0,00
PINHAIS;411915201A;PR;Perdizes;-25,393646;-49,190053;2025-03-22 00:10:00.0;0,00
PINHAIS;411915201A;PR;Perdizes;-25,393646;-49,190053;2025-03-22 01:10:00.0;0,00
PINHAIS;411915201A;PR;Perdizes;-25,393646;-49,190053;2025-03-22 02:10:00.0;0,00
PINHAIS;411915201A;PR;Perdizes;-25,393646;-49,190053;2025-03-22 03:10:00.0;0,00
PINHAIS;411915201A;PR;Perdizes;-25,393646;-49,190053;2025-03-22 04:10:00.0;0,00
PINHAIS;411915201A;PR;Perdizes;-25,393646;-49,190053;2025-03-22 05:10:00.0;0,00
PINHAIS;411915201A;PR;Perdizes;-25,393646;-49,190053;2025-03-22 06:10:00.0;0,00
PINHAIS;411915201A;PR;Perdizes;-25,393646;-49,190053;2025-03-22 07:10:00.0;0,00
PINHAIS;411915201A;PR;Perdizes;-25,393646;-49,190053;2025-03-22 08:10:00.0;0,00
PINHAIS;411915201A;PR;Perdizes;-25,393646;-49,190053;2025-03-22 09:10:00.0;0,00
PINHAIS;411915201A;PR;Perdizes;-25,393646;-49,190053;2025-03-22 10:10:00.0;0,00
PINHAIS;411915201A;PR;Perdizes;-25,393646;-49,190053;2025-03-22 11:10:00.0;0,00
PINHAIS;411915201A;PR;Perdizes;-25,393646;-49,190053;2025-03-22 12:10:00.0;0,00
PINHAIS;411915201A;PR;Perdizes;-25,393646;-49,190053;2025-03-22 13:10:00.0;0,00
PINHAIS;411915201A;PR;Perdizes;-25,393646;-49,190053;2025-03-22 14:10:00.0;0,00
PINHAIS;411915201A;PR;Perdizes;-25,393646;-49,190053;2025-03-22 15:10:00.0;0,00
PINHAIS;411915201A;PR;Perdizes;-25,393646;-49,190053;2025-03-22 16:10:00.0;0,00
PINHAIS;411915201A;PR;Perdizes;-25,393646;-49,190053;2025-03-22 17:10:00.0;0,00
PINHAIS;411915201A;PR;Perdizes;-25,393646;-49,190053;2025-03-22 18:10:00.0;0,00
PINHAIS;411915201A;PR;Perdizes;-25,393646;-49,190053;2025-03-22 19:10:00.0;0,00
PINHAIS;411915201A;PR;Perdizes;-25,393646;-49,190053;2025-03-22 20:10:00.0;0,00
PINHAIS;411915201A;PR;Perdizes;-25,393646;-49,190053;2025-03-22 21:10:00.0;0,00
PINHAIS;411915201A;PR;Perdizes;-25,393646;-49,190053;2025-03-22 22:10:00.0;0,00
PINHAIS;411915201A;PR;Perdizes;-25,393646;-49,190053;2025-03-22 23:10:00.0;0,00
PINHAIS;411915201A;PR;Perdizes;-25,393646;-49,190053;2025-03-23 00:10:00.0;0,00
PINHAIS;411915201A;PR;Perdizes;-25,393646;-49,190053;2025-03-23 01:10:00.0;0,00
PINHAIS;411915201A;PR;Perdizes;-25,393646;-49,190053;2025-03-23 02:10:00.0;0,00
PINHAIS;411915201A;PR;Perdizes;-25,393646;-49,190053;2025-03-23 03:10:00.0;0,00
PINHAIS;411915201A;PR;Perdizes;-25,393646;-49,190053;2025-03-23 04:10:00.0;0,00
PINHAIS;411915201A;PR;Perdizes;-25,393646;-49,190053;2025-03-23 05:10:00.0;0,00
PINHAIS;411915201A;PR;Perdizes;-25,393646;-49,190053;2025-03-23 06:10:00.0;0,00
PINHAIS;411915201A;PR;Perdizes;-25,393646;-49,190053;2025-03-23 07:10:00.0;0,00
PINHAIS;411915201A;PR;Perdizes;-25,393646;-49,190053;2025-03-23 08:10:00.0;0,00
PINHAIS;411915201A;PR;Perdizes;-25,393646;-49,190053;2025-03-23 09:10:00.0;0,00
PINHAIS;411915201A;PR;Perdizes;-25,393646;-49,190053;2025-03-23 10:10:00.0;0,00
PINHAIS;411915201A;PR;Perdizes;-25,393646;-49,190053;2025-03-23 11:10:00.0;0,00
PINHAIS;411915201A;PR;Perdizes;-25,393646;-49,190053;2025-03-23 12:10:00.0;0,00
PINHAIS;411915201A;PR;Perdizes;-25,393646;-49,190053;2025-03-23 13:10:00.0;0,00
PINHAIS;411915201A;PR;Perdizes;-25,393646;-49,190053;2025-03-23 14:10:00.0;0,00
PINHAIS;411915201A;PR;Perdizes;-25,393646;-49,190053;2025-03-23 15:10:00.0;0,00
PINHAIS;411915201A;PR;Perdizes;-25,393646;-49,190053;2025-03-23 16:10:00.0;0,00
PINHAIS;411915201A;PR;Perdizes;-25,393646;-49,190053;2025-03-23 17:10:00.0;0,00
PINHAIS;411915201A;PR;Perdizes;-25,393646;-49,190053;2025-03-23 18:10:00.0;0,00
PINHAIS;411915201A;PR;Perdizes;-25,393646;-49,190053;2025-03-23 19:10:00.0;0,00
PINHAIS;411915201A;PR;Perdizes;-25,393646;-49,190053;2025-03-23 20:10:00.0;0,00
PINHAIS;411915201A;PR;Perdizes;-25,393646;-49,190053;2025-03-23 21:10:00.0;0,00
PINHAIS;411915201A;PR;Perdizes;-25,393646;-49,190053;2025-03-23 22:10:00.0;0,00
PINHAIS;411915201A;PR;Perdizes;-25,393646;-49,190053;2025-03-23 23:10:00.0;0,00
PINHAIS;411915201A;PR;Perdizes;-25,393646;-49,190053;2025-03-24 00:10:00.0;0,00
PINHAIS;411915201A;PR;Perdizes;-25,393646;-49,190053;2025-03-24 01:10:00.0;0,00
PINHAIS;411915201A;PR;Perdizes;-25,393646;-49,190053;2025-03-24 02:10:00.0;0,00
PINHAIS;411915201A;PR;Perdizes;-25,393646;-49,190053;2025-03-24 03:10:00.0;0,00
PINHAIS;411915201A;PR;Perdizes;-25,393646;-49,190053;2025-03-24 04:10:00.0;0,00
PINHAIS;411915201A;PR;Perdizes;-25,393646;-49,190053;2025-03-24 05:10:00.0;0,00
PINHAIS;411915201A;PR;Perdizes;-25,393646;-49,190053;2025-03-24 06:10:00.0;0,00
PINHAIS;411915201A;PR;Perdizes;-25,393646;-49,190053;2025-03-24 07:10:00.0;0,00
PINHAIS;411915201A;PR;Perdizes;-25,393646;-49,190053;2025-03-24 08:10:00.0;0,00
PINHAIS;411915201A;PR;Perdizes;-25,393646;-49,190053;2025-03-24 09:10:00.0;0,00
PINHAIS;411915201A;PR;Perdizes;-25,393646;-49,190053;2025-03-24 10:10:00.0;0,00
PINHAIS;411915201A;PR;Perdizes;-25,393646;-49,190053;2025-03-24 11:10:00.0;0,00
PINHAIS;411915201A;PR;Perdizes;-25,393646;-49,190053;2025-03-24 12:10:00.0;0,00
PINHAIS;411915201A;PR;Perdizes;-25,393646;-49,190053;2025-03-24 13:10:00.0;0,00
PINHAIS;411915201A;PR;Perdizes;-25,393646;-49,190053;2025-03-24 14:10:00.0;0,00
PINHAIS;411915201A;PR;Perdizes;-25,393646;-49,190053;2025-03-24 15:10:00.0;0,00
PINHAIS;411915201A;PR;Perdizes;-25,393646;-49,190053;2025-03-24 16:10:00.0;0,00
PINHAIS;411915201A;PR;Perdizes;-25,393646;-49,190053;2025-03-24 17:10:00.0;0,00
PINHAIS;411915201A;PR;Perdizes;-25,393646;-49,190053;2025-03-24 18:10:00.0;0,00
PINHAIS;411915201A;PR;Perdizes;-25,393646;-49,190053;2025-03-24 19:10:00.0;0,00
PINHAIS;411915201A;PR;Perdizes;-25,393646;-49,190053;2025-03-24 20:10:00.0;0,00
PINHAIS;411915201A;PR;Perdizes;-25,393646;-49,190053;2025-03-24 21:10:00.0;0,00
PINHAIS;411915201A;PR;Perdizes;-25,393646;-49,190053;2025-03-24 22:10:00.0;0,00
PINHAIS;411915201A;PR;Perdizes;-25,393646;-49,190053;2025-03-24 23:10:00.0;0,00
PINHAIS;411915201A;PR;Perdizes;-25,393646;-49,190053;2025-03-25 00:10:00.0;0,00
PINHAIS;411915201A;PR;Perdizes;-25,393646;-49,190053;2025-03-25 01:10:00.0;0,00
PINHAIS;411915201A;PR;Perdizes;-25,393646;-49,190053;2025-03-25 02:10:00.0;0,00
PINHAIS;411915201A;PR;Perdizes;-25,393646;-49,190053;2025-03-25 03:10:00.0;0,00
PINHAIS;411915201A;PR;Perdizes;-25,393646;-49,190053;2025-03-25 04:10:00.0;0,00
PINHAIS;411915201A;PR;Perdizes;-25,393646;-49,190053;2025-03-25 05:10:00.0;0,00
PINHAIS;411915201A;PR;Perdizes;-25,393646;-49,190053;2025-03-25 06:10:00.0;0,00
PINHAIS;411915201A;PR;Perdizes;-25,393646;-49,190053;2025-03-25 07:10:00.0;0,00
PINHAIS;411915201A;PR;Perdizes;-25,393646;-49,190053;2025-03-25 08:10:00.0;0,20
PINHAIS;411915201A;PR;Perdizes;-25,393646;-49,190053;2025-03-25 08:20:00.0;0,59
PINHAIS;411915201A;PR;Perdizes;-25,393646;-49,190053;2025-03-25 08:40:00.0;0,20
PINHAIS;411915201A;PR;Perdizes;-25,393646;-49,190053;2025-03-25 09:10:00.0;0,00
PINHAIS;411915201A;PR;Perdizes;-25,393646;-49,190053;2025-03-25 10:10:00.0;0,00
PINHAIS;411915201A;PR;Perdizes;-25,393646;-49,190053;2025-03-25 11:10:00.0;0,00
PINHAIS;411915201A;PR;Perdizes;-25,393646;-49,190053;2025-03-25 12:10:00.0;0,00
PINHAIS;411915201A;PR;Perdizes;-25,393646;-49,190053;2025-03-25 13:10:00.0;0,00
PINHAIS;411915201A;PR;Perdizes;-25,393646;-49,190053;2025-03-25 14:10:00.0;0,00
PINHAIS;411915201A;PR;Perdizes;-25,393646;-49,190053;2025-03-25 16:00:00.0;0,00
PINHAIS;411915201A;PR;Perdizes;-25,393646;-49,190053;2025-03-25 16:10:00.0;0,00
PINHAIS;411915201A;PR;Perdizes;-25,393646;-49,190053;2025-03-25 17:10:00.0;0,00
PINHAIS;411915201A;PR;Perdizes;-25,393646;-49,190053;2025-03-25 17:40:00.0;3,54
PINHAIS;411915201A;PR;Perdizes;-25,393646;-49,190053;2025-03-25 17:50:00.0;0,42
PINHAIS;411915201A;PR;Perdizes;-25,393646;-49,190053;2025-03-25 18:10:00.0;0,00
PINHAIS;411915201A;PR;Perdizes;-25,393646;-49,190053;2025-03-25 19:10:00.0;0,00
PINHAIS;411915201A;PR;Perdizes;-25,393646;-49,190053;2025-03-25 20:10:00.0;0,00
PINHAIS;411915201A;PR;Perdizes;-25,393646;-49,190053;2025-03-25 21:10:00.0;0,00
PINHAIS;411915201A;PR;Perdizes;-25,393646;-49,190053;2025-03-25 22:10:00.0;0,00
PINHAIS;411915201A;PR;Perdizes;-25,393646;-49,190053;2025-03-25 23:10:00.0;0,00
PINHAIS;411915201A;PR;Perdizes;-25,393646;-49,190053;2025-03-26 00:10:00.0;0,00
PINHAIS;411915201A;PR;Perdizes;-25,393646;-49,190053;2025-03-26 01:10:00.0;0,00
PINHAIS;411915201A;PR;Perdizes;-25,393646;-49,190053;2025-03-26 02:10:00.0;0,00
PINHAIS;411915201A;PR;Perdizes;-25,393646;-49,190053;2025-03-26 02:50:00.0;0,20
PINHAIS;411915201A;PR;Perdizes;-25,393646;-49,190053;2025-03-26 03:10:00.0;0,20
PINHAIS;411915201A;PR;Perdizes;-25,393646;-49,190053;2025-03-26 03:30:00.0;0,20
PINHAIS;411915201A;PR;Perdizes;-25,393646;-49,190053;2025-03-26 04:10:00.0;0,00
PINHAIS;411915201A;PR;Perdizes;-25,393646;-49,190053;2025-03-26 04:30:00.0;0,42
PINHAIS;411915201A;PR;Perdizes;-25,393646;-49,190053;2025-03-26 04:50:00.0;0,39
PINHAIS;411915201A;PR;Perdizes;-25,393646;-49,190053;2025-03-26 05:00:00.0;0,20
PINHAIS;411915201A;PR;Perdizes;-25,393646;-49,190053;2025-03-26 05:10:00.0;0,42
PINHAIS;411915201A;PR;Perdizes;-25,393646;-49,190053;2025-03-26 05:40:00.0;0,20
PINHAIS;411915201A;PR;Perdizes;-25,393646;-49,190053;2025-03-26 06:10:00.0;0,00
PINHAIS;411915201A;PR;Perdizes;-25,393646;-49,190053;2025-03-26 07:10:00.0;0,00
PINHAIS;411915201A;PR;Perdizes;-25,393646;-49,190053;2025-03-26 08:10:00.0;0,00
PINHAIS;411915201A;PR;Perdizes;-25,393646;-49,190053;2025-03-26 09:10:00.0;0,00
PINHAIS;411915201A;PR;Perdizes;-25,393646;-49,190053;2025-03-26 10:10:00.0;0,00
PINHAIS;411915201A;PR;Perdizes;-25,393646;-49,190053;2025-03-26 11:10:00.0;0,00
PINHAIS;411915201A;PR;Perdizes;-25,393646;-49,190053;2025-03-26 12:10:00.0;0,00
PINHAIS;411915201A;PR;Perdizes;-25,393646;-49,190053;2025-03-26 13:10:00.0;0,00
PINHAIS;411915201A;PR;Perdizes;-25,393646;-49,190053;2025-03-26 14:10:00.0;0,00
PINHAIS;411915201A;PR;Perdizes;-25,393646;-49,190053;2025-03-26 15:10:00.0;0,00
PINHAIS;411915201A;PR;Perdizes;-25,393646;-49,190053;2025-03-26 16:10:00.0;0,00
PINHAIS;411915201A;PR;Perdizes;-25,393646;-49,190053;2025-03-26 17:10:00.0;0,00
PINHAIS;411915201A;PR;Perdizes;-25,393646;-49,190053;2025-03-26 18:10:00.0;0,00
PINHAIS;411915201A;PR;Perdizes;-25,393646;-49,190053;2025-03-26 19:10:00.0;0,00
PINHAIS;411915201A;PR;Perdizes;-25,393646;-49,190053;2025-03-26 20:10:00.0;0,00
PINHAIS;411915201A;PR;Perdizes;-25,393646;-49,190053;2025-03-26 21:10:00.0;0,00
PINHAIS;411915201A;PR;Perdizes;-25,393646;-49,190053;2025-03-26 22:10:00.0;0,00
PINHAIS;411915201A;PR;Perdizes;-25,393646;-49,190053;2025-03-26 23:10:00.0;0,00
PINHAIS;411915201A;PR;Perdizes;-25,393646;-49,190053;2025-03-27 00:10:00.0;0,00
PINHAIS;411915201A;PR;Perdizes;-25,393646;-49,190053;2025-03-27 01:10:00.0;0,00
PINHAIS;411915201A;PR;Perdizes;-25,393646;-49,190053;2025-03-27 02:10:00.0;0,00
PINHAIS;411915201A;PR;Perdizes;-25,393646;-49,190053;2025-03-27 03:10:00.0;0,00
PINHAIS;411915201A;PR;Perdizes;-25,393646;-49,190053;2025-03-27 04:10:00.0;0,00
PINHAIS;411915201A;PR;Perdizes;-25,393646;-49,190053;2025-03-27 05:10:00.0;0,00
PINHAIS;411915201A;PR;Perdizes;-25,393646;-49,190053;2025-03-27 06:10:00.0;0,00
PINHAIS;411915201A;PR;Perdizes;-25,393646;-49,190053;2025-03-27 07:10:00.0;0,00
PINHAIS;411915201A;PR;Perdizes;-25,393646;-49,190053;2025-03-27 08:10:00.0;0,00
PINHAIS;411915201A;PR;Perdizes;-25,393646;-49,190053;2025-03-27 09:10:00.0;0,00
PINHAIS;411915201A;PR;Perdizes;-25,393646;-49,190053;2025-03-27 10:10:00.0;0,00
PINHAIS;411915201A;PR;Perdizes;-25,393646;-49,190053;2025-03-27 11:10:00.0;0,00
PINHAIS;411915201A;PR;Perdizes;-25,393646;-49,190053;2025-03-27 12:10:00.0;0,00
PINHAIS;411915201A;PR;Perdizes;-25,393646;-49,190053;2025-03-27 13:10:00.0;0,00
PINHAIS;411915201A;PR;Perdizes;-25,393646;-49,190053;2025-03-27 14:10:00.0;0,00
PINHAIS;411915201A;PR;Perdizes;-25,393646;-49,190053;2025-03-27 15:10:00.0;0,00
PINHAIS;411915201A;PR;Perdizes;-25,393646;-49,190053;2025-03-27 16:10:00.0;0,00
PINHAIS;411915201A;PR;Perdizes;-25,393646;-49,190053;2025-03-27 17:10:00.0;0,00
PINHAIS;411915201A;PR;Perdizes;-25,393646;-49,190053;2025-03-27 18:10:00.0;0,00
PINHAIS;411915201A;PR;Perdizes;-25,393646;-49,190053;2025-03-27 19:10:00.0;0,00
PINHAIS;411915201A;PR;Perdizes;-25,393646;-49,190053;2025-03-27 20:10:00.0;0,00
PINHAIS;411915201A;PR;Perdizes;-25,393646;-49,190053;2025-03-27 21:10:00.0;0,00
PINHAIS;411915201A;PR;Perdizes;-25,393646;-49,190053;2025-03-27 22:10:00.0;0,00
PINHAIS;411915201A;PR;Perdizes;-25,393646;-49,190053;2025-03-27 23:10:00.0;0,00
PINHAIS;411915201A;PR;Perdizes;-25,393646;-49,190053;2025-03-28 00:10:00.0;0,00
PINHAIS;411915201A;PR;Perdizes;-25,393646;-49,190053;2025-03-28 01:10:00.0;0,00
PINHAIS;411915201A;PR;Perdizes;-25,393646;-49,190053;2025-03-28 02:00:00.0;0,39
PINHAIS;411915201A;PR;Perdizes;-25,393646;-49,190053;2025-03-28 02:10:00.0;0,20
PINHAIS;411915201A;PR;Perdizes;-25,393646;-49,190053;2025-03-28 03:10:00.0;0,00
PINHAIS;411915201A;PR;Perdizes;-25,393646;-49,190053;2025-03-28 04:10:00.0;0,00
PINHAIS;411915201A;PR;Perdizes;-25,393646;-49,190053;2025-03-28 05:10:00.0;0,00
PINHAIS;411915201A;PR;Perdizes;-25,393646;-49,190053;2025-03-28 06:10:00.0;0,00
PINHAIS;411915201A;PR;Perdizes;-25,393646;-49,190053;2025-03-28 07:10:00.0;0,00
PINHAIS;411915201A;PR;Perdizes;-25,393646;-49,190053;2025-03-28 08:10:00.0;0,00
PINHAIS;411915201A;PR;Perdizes;-25,393646;-49,190053;2025-03-28 09:10:00.0;0,00
PINHAIS;411915201A;PR;Perdizes;-25,393646;-49,190053;2025-03-28 10:10:00.0;0,00
PINHAIS;411915201A;PR;Perdizes;-25,393646;-49,190053;2025-03-28 11:10:00.0;0,00
PINHAIS;411915201A;PR;Perdizes;-25,393646;-49,190053;2025-03-28 12:10:00.0;0,00
PINHAIS;411915201A;PR;Perdizes;-25,393646;-49,190053;2025-03-28 13:10:00.0;0,00
PINHAIS;411915201A;PR;Perdizes;-25,393646;-49,190053;2025-03-28 14:10:00.0;0,00
PINHAIS;411915201A;PR;Perdizes;-25,393646;-49,190053;2025-03-28 15:10:00.0;0,00
PINHAIS;411915201A;PR;Perdizes;-25,393646;-49,190053;2025-03-28 16:10:00.0;0,00
PINHAIS;411915201A;PR;Perdizes;-25,393646;-49,190053;2025-03-28 17:10:00.0;0,00
PINHAIS;411915201A;PR;Perdizes;-25,393646;-49,190053;2025-03-28 18:10:00.0;0,00
PINHAIS;411915201A;PR;Perdizes;-25,393646;-49,190053;2025-03-28 19:10:00.0;0,00
PINHAIS;411915201A;PR;Perdizes;-25,393646;-49,190053;2025-03-28 20:10:00.0;0,00
PINHAIS;411915201A;PR;Perdizes;-25,393646;-49,190053;2025-03-28 21:10:00.0;0,00
PINHAIS;411915201A;PR;Perdizes;-25,393646;-49,190053;2025-03-28 22:10:00.0;0,00
PINHAIS;411915201A;PR;Perdizes;-25,393646;-49,190053;2025-03-28 23:10:00.0;0,00
PINHAIS;411915201A;PR;Perdizes;-25,393646;-49,190053;2025-03-29 00:10:00.0;0,00
PINHAIS;411915201A;PR;Perdizes;-25,393646;-49,190053;2025-03-29 01:10:00.0;0,00
PINHAIS;411915201A;PR;Perdizes;-25,393646;-49,190053;2025-03-29 02:10:00.0;0,00
PINHAIS;411915201A;PR;Perdizes;-25,393646;-49,190053;2025-03-29 03:10:00.0;0,00
PINHAIS;411915201A;PR;Perdizes;-25,393646;-49,190053;2025-03-29 04:10:00.0;0,00
PINHAIS;411915201A;PR;Perdizes;-25,393646;-49,190053;2025-03-29 05:10:00.0;0,00
PINHAIS;411915201A;PR;Perdizes;-25,393646;-49,190053;2025-03-29 06:10:00.0;0,00
PINHAIS;411915201A;PR;Perdizes;-25,393646;-49,190053;2025-03-29 07:10:00.0;0,00
PINHAIS;411915201A;PR;Perdizes;-25,393646;-49,190053;2025-03-29 08:10:00.0;0,00
PINHAIS;411915201A;PR;Perdizes;-25,393646;-49,190053;2025-03-29 09:10:00.0;0,00
PINHAIS;411915201A;PR;Perdizes;-25,393646;-49,190053;2025-03-29 10:10:00.0;0,00
PINHAIS;411915201A;PR;Perdizes;-25,393646;-49,190053;2025-03-29 11:10:00.0;0,00
PINHAIS;411915201A;PR;Perdizes;-25,393646;-49,190053;2025-03-29 12:10:00.0;0,00
PINHAIS;411915201A;PR;Perdizes;-25,393646;-49,190053;2025-03-29 13:10:00.0;0,00
PINHAIS;411915201A;PR;Perdizes;-25,393646;-49,190053;2025-03-29 14:10:00.0;0,00
PINHAIS;411915201A;PR;Perdizes;-25,393646;-49,190053;2025-03-29 15:10:00.0;0,00
PINHAIS;411915201A;PR;Perdizes;-25,393646;-49,190053;2025-03-29 16:10:00.0;0,00
PINHAIS;411915201A;PR;Perdizes;-25,393646;-49,190053;2025-03-29 17:10:00.0;0,00
PINHAIS;411915201A;PR;Perdizes;-25,393646;-49,190053;2025-03-29 18:10:00.0;0,00
PINHAIS;411915201A;PR;Perdizes;-25,393646;-49,190053;2025-03-29 19:10:00.0;0,00
PINHAIS;411915201A;PR;Perdizes;-25,393646;-49,190053;2025-03-29 20:10:00.0;0,00
PINHAIS;411915201A;PR;Perdizes;-25,393646;-49,190053;2025-03-29 21:10:00.0;0,00
PINHAIS;411915201A;PR;Perdizes;-25,393646;-49,190053;2025-03-29 22:10:00.0;0,00
PINHAIS;411915201A;PR;Perdizes;-25,393646;-49,190053;2025-03-29 23:10:00.0;0,00
PINHAIS;411915201A;PR;Perdizes;-25,393646;-49,190053;2025-03-30 00:10:00.0;0,00
PINHAIS;411915201A;PR;Perdizes;-25,393646;-49,190053;2025-03-30 01:10:00.0;0,00
PINHAIS;411915201A;PR;Perdizes;-25,393646;-49,190053;2025-03-30 02:10:00.0;0,00
PINHAIS;411915201A;PR;Perdizes;-25,393646;-49,190053;2025-03-30 03:10:00.0;0,00
PINHAIS;411915201A;PR;Perdizes;-25,393646;-49,190053;2025-03-30 04:10:00.0;0,00
PINHAIS;411915201A;PR;Perdizes;-25,393646;-49,190053;2025-03-30 05:10:00.0;0,00
PINHAIS;411915201A;PR;Perdizes;-25,393646;-49,190053;2025-03-30 06:10:00.0;0,00
PINHAIS;411915201A;PR;Perdizes;-25,393646;-49,190053;2025-03-30 07:10:00.0;0,00
PINHAIS;411915201A;PR;Perdizes;-25,393646;-49,190053;2025-03-30 08:10:00.0;0,00
PINHAIS;411915201A;PR;Perdizes;-25,393646;-49,190053;2025-03-30 09:10:00.0;0,00
PINHAIS;411915201A;PR;Perdizes;-25,393646;-49,190053;2025-03-30 10:10:00.0;0,00
PINHAIS;411915201A;PR;Perdizes;-25,393646;-49,190053;2025-03-30 11:10:00.0;0,00
PINHAIS;411915201A;PR;Perdizes;-25,393646;-49,190053;2025-03-30 12:10:00.0;0,00
PINHAIS;411915201A;PR;Perdizes;-25,393646;-49,190053;2025-03-30 13:10:00.0;0,00
PINHAIS;411915201A;PR;Perdizes;-25,393646;-49,190053;2025-03-30 14:10:00.0;0,00
PINHAIS;411915201A;PR;Perdizes;-25,393646;-49,190053;2025-03-30 15:10:00.0;0,00
PINHAIS;411915201A;PR;Perdizes;-25,393646;-49,190053;2025-03-30 16:10:00.0;0,00
PINHAIS;411915201A;PR;Perdizes;-25,393646;-49,190053;2025-03-30 17:10:00.0;0,00
PINHAIS;411915201A;PR;Perdizes;-25,393646;-49,190053;2025-03-30 18:10:00.0;0,00
PINHAIS;411915201A;PR;Perdizes;-25,393646;-49,190053;2025-03-30 19:10:00.0;0,00
PINHAIS;411915201A;PR;Perdizes;-25,393646;-49,190053;2025-03-30 20:10:00.0;0,00
PINHAIS;411915201A;PR;Perdizes;-25,393646;-49,190053;2025-03-30 21:10:00.0;0,00
PINHAIS;411915201A;PR;Perdizes;-25,393646;-49,190053;2025-03-30 22:10:00.0;0,00
PINHAIS;411915201A;PR;Perdizes;-25,393646;-49,190053;2025-03-30 23:10:00.0;0,00
PINHAIS;411915201A;PR;Perdizes;-25,393646;-49,190053;2025-03-31 00:10:00.0;0,00
PINHAIS;411915201A;PR;Perdizes;-25,393646;-49,190053;2025-03-31 01:10:00.0;0,00
PINHAIS;411915201A;PR;Perdizes;-25,393646;-49,190053;2025-03-31 02:10:00.0;0,00
PINHAIS;411915201A;PR;Perdizes;-25,393646;-49,190053;2025-03-31 03:10:00.0;0,00
PINHAIS;411915201A;PR;Perdizes;-25,393646;-49,190053;2025-03-31 04:10:00.0;0,00
PINHAIS;411915201A;PR;Perdizes;-25,393646;-49,190053;2025-03-31 05:10:00.0;0,00
PINHAIS;411915201A;PR;Perdizes;-25,393646;-49,190053;2025-03-31 06:10:00.0;0,00
PINHAIS;411915201A;PR;Perdizes;-25,393646;-49,190053;2025-03-31 07:10:00.0;0,00
PINHAIS;411915201A;PR;Perdizes;-25,393646;-49,190053;2025-03-31 08:10:00.0;0,00
PINHAIS;411915201A;PR;Perdizes;-25,393646;-49,190053;2025-03-31 09:10:00.0;0,00
PINHAIS;411915201A;PR;Perdizes;-25,393646;-49,190053;2025-03-31 10:10:00.0;0,00
PINHAIS;411915201A;PR;Perdizes;-25,393646;-49,190053;2025-03-31 11:10:00.0;0,00
PINHAIS;411915201A;PR;Perdizes;-25,393646;-49,190053;2025-03-31 12:10:00.0;0,00
PINHAIS;411915201A;PR;Perdizes;-25,393646;-49,190053;2025-03-31 13:10:00.0;0,00
PINHAIS;411915201A;PR;Perdizes;-25,393646;-49,190053;2025-03-31 14:10:00.0;0,00
PINHAIS;411915201A;PR;Perdizes;-25,393646;-49,190053;2025-03-31 15:10:00.0;0,00
PINHAIS;411915201A;PR;Perdizes;-25,393646;-49,190053;2025-03-31 16:10:00.0;0,00
PINHAIS;411915201A;PR;Perdizes;-25,393646;-49,190053;2025-03-31 17:10:00.0;0,00
PINHAIS;411915201A;PR;Perdizes;-25,393646;-49,190053;2025-03-31 18:10:00.0;0,00
PINHAIS;411915201A;PR;Perdizes;-25,393646;-49,190053;2025-03-31 19:10:00.0;0,00
PINHAIS;411915201A;PR;Perdizes;-25,393646;-49,190053;2025-03-31 20:10:00.0;0,00
PINHAIS;411915201A;PR;Perdizes;-25,393646;-49,190053;2025-03-31 21:10:00.0;0,00
PINHAIS;411915201A;PR;Perdizes;-25,393646;-49,190053;2025-03-31 22:10:00.0;0,00
PINHAIS;411915201A;PR;Perdizes;-25,393646;-49,190053;2025-03-31 23:10:00.0;0,00
PINHAIS;411915202A;PR;Jardim Claudia;-25,39969;-49,3997;2025-03-01 00:50:00.0;0,00
PINHAIS;411915202A;PR;Jardim Claudia;-25,39969;-49,3997;2025-03-01 01:50:00.0;0,00
PINHAIS;411915202A;PR;Jardim Claudia;-25,39969;-49,3997;2025-03-01 02:50:00.0;0,00
PINHAIS;411915202A;PR;Jardim Claudia;-25,39969;-49,3997;2025-03-01 03:50:00.0;0,00
PINHAIS;411915202A;PR;Jardim Claudia;-25,39969;-49,3997;2025-03-01 04:50:00.0;0,00
PINHAIS;411915202A;PR;Jardim Claudia;-25,39969;-49,3997;2025-03-01 05:50:00.0;0,00
PINHAIS;411915202A;PR;Jardim Claudia;-25,39969;-49,3997;2025-03-01 06:50:00.0;0,00
PINHAIS;411915202A;PR;Jardim Claudia;-25,39969;-49,3997;2025-03-01 07:50:00.0;0,00
PINHAIS;411915202A;PR;Jardim Claudia;-25,39969;-49,3997;2025-03-01 08:50:00.0;0,00
PINHAIS;411915202A;PR;Jardim Claudia;-25,39969;-49,3997;2025-03-01 09:50:00.0;0,00
PINHAIS;411915202A;PR;Jardim Claudia;-25,39969;-49,3997;2025-03-01 10:50:00.0;0,00
PINHAIS;411915202A;PR;Jardim Claudia;-25,39969;-49,3997;2025-03-01 11:50:00.0;0,00
PINHAIS;411915202A;PR;Jardim Claudia;-25,39969;-49,3997;2025-03-01 12:50:00.0;0,00
PINHAIS;411915202A;PR;Jardim Claudia;-25,39969;-49,3997;2025-03-01 13:50:00.0;0,00
PINHAIS;411915202A;PR;Jardim Claudia;-25,39969;-49,3997;2025-03-01 14:50:00.0;0,00
PINHAIS;411915202A;PR;Jardim Claudia;-25,39969;-49,3997;2025-03-01 15:50:00.0;0,00
PINHAIS;411915202A;PR;Jardim Claudia;-25,39969;-49,3997;2025-03-01 16:50:00.0;0,00
PINHAIS;411915202A;PR;Jardim Claudia;-25,39969;-49,3997;2025-03-01 17:50:00.0;0,00
PINHAIS;411915202A;PR;Jardim Claudia;-25,39969;-49,3997;2025-03-01 18:50:00.0;0,00
PINHAIS;411915202A;PR;Jardim Claudia;-25,39969;-49,3997;2025-03-01 19:50:00.0;0,00
PINHAIS;411915202A;PR;Jardim Claudia;-25,39969;-49,3997;2025-03-01 20:50:00.0;0,00
PINHAIS;411915202A;PR;Jardim Claudia;-25,39969;-49,3997;2025-03-01 21:50:00.0;0,00
PINHAIS;411915202A;PR;Jardim Claudia;-25,39969;-49,3997;2025-03-01 22:50:00.0;0,00
PINHAIS;411915202A;PR;Jardim Claudia;-25,39969;-49,3997;2025-03-01 23:50:00.0;0,00
PINHAIS;411915202A;PR;Jardim Claudia;-25,39969;-49,3997;2025-03-02 00:50:00.0;0,00
PINHAIS;411915202A;PR;Jardim Claudia;-25,39969;-49,3997;2025-03-02 01:50:00.0;0,00
PINHAIS;411915202A;PR;Jardim Claudia;-25,39969;-49,3997;2025-03-02 02:50:00.0;0,00
PINHAIS;411915202A;PR;Jardim Claudia;-25,39969;-49,3997;2025-03-02 03:50:00.0;0,00
PINHAIS;411915202A;PR;Jardim Claudia;-25,39969;-49,3997;2025-03-02 04:50:00.0;0,00
PINHAIS;411915202A;PR;Jardim Claudia;-25,39969;-49,3997;2025-03-02 05:50:00.0;0,00
PINHAIS;411915202A;PR;Jardim Claudia;-25,39969;-49,3997;2025-03-02 06:50:00.0;0,00
PINHAIS;411915202A;PR;Jardim Claudia;-25,39969;-49,3997;2025-03-02 07:50:00.0;0,00
PINHAIS;411915202A;PR;Jardim Claudia;-25,39969;-49,3997;2025-03-02 08:50:00.0;0,00
PINHAIS;411915202A;PR;Jardim Claudia;-25,39969;-49,3997;2025-03-02 09:50:00.0;0,00
PINHAIS;411915202A;PR;Jardim Claudia;-25,39969;-49,3997;2025-03-02 10:50:00.0;0,00
PINHAIS;411915202A;PR;Jardim Claudia;-25,39969;-49,3997;2025-03-02 11:50:00.0;0,00
PINHAIS;411915202A;PR;Jardim Claudia;-25,39969;-49,3997;2025-03-02 12:50:00.0;0,00
PINHAIS;411915202A;PR;Jardim Claudia;-25,39969;-49,3997;2025-03-02 13:50:00.0;0,00
PINHAIS;411915202A;PR;Jardim Claudia;-25,39969;-49,3997;2025-03-02 14:50:00.0;0,00
PINHAIS;411915202A;PR;Jardim Claudia;-25,39969;-49,3997;2025-03-02 15:50:00.0;0,00
PINHAIS;411915202A;PR;Jardim Claudia;-25,39969;-49,3997;2025-03-02 16:50:00.0;0,00
PINHAIS;411915202A;PR;Jardim Claudia;-25,39969;-49,3997;2025-03-02 17:50:00.0;0,00
PINHAIS;411915202A;PR;Jardim Claudia;-25,39969;-49,3997;2025-03-02 18:50:00.0;0,00
PINHAIS;411915202A;PR;Jardim Claudia;-25,39969;-49,3997;2025-03-02 19:50:00.0;0,00
PINHAIS;411915202A;PR;Jardim Claudia;-25,39969;-49,3997;2025-03-02 20:50:00.0;0,00
PINHAIS;411915202A;PR;Jardim Claudia;-25,39969;-49,3997;2025-03-02 21:50:00.0;0,00
PINHAIS;411915202A;PR;Jardim Claudia;-25,39969;-49,3997;2025-03-02 22:50:00.0;0,00
PINHAIS;411915202A;PR;Jardim Claudia;-25,39969;-49,3997;2025-03-02 23:50:00.0;0,00
PINHAIS;411915202A;PR;Jardim Claudia;-25,39969;-49,3997;2025-03-03 00:50:00.0;0,00
PINHAIS;411915202A;PR;Jardim Claudia;-25,39969;-49,3997;2025-03-03 01:50:00.0;0,00
PINHAIS;411915202A;PR;Jardim Claudia;-25,39969;-49,3997;2025-03-03 02:50:00.0;0,00
PINHAIS;411915202A;PR;Jardim Claudia;-25,39969;-49,3997;2025-03-03 03:50:00.0;0,00
PINHAIS;411915202A;PR;Jardim Claudia;-25,39969;-49,3997;2025-03-03 04:50:00.0;0,00
PINHAIS;411915202A;PR;Jardim Claudia;-25,39969;-49,3997;2025-03-03 05:50:00.0;0,00
PINHAIS;411915202A;PR;Jardim Claudia;-25,39969;-49,3997;2025-03-03 06:50:00.0;0,00
PINHAIS;411915202A;PR;Jardim Claudia;-25,39969;-49,3997;2025-03-03 07:50:00.0;0,00
PINHAIS;411915202A;PR;Jardim Claudia;-25,39969;-49,3997;2025-03-03 08:50:00.0;0,00
PINHAIS;411915202A;PR;Jardim Claudia;-25,39969;-49,3997;2025-03-03 09:50:00.0;0,00
PINHAIS;411915202A;PR;Jardim Claudia;-25,39969;-49,3997;2025-03-03 10:50:00.0;0,00
PINHAIS;411915202A;PR;Jardim Claudia;-25,39969;-49,3997;2025-03-03 11:50:00.0;0,00
PINHAIS;411915202A;PR;Jardim Claudia;-25,39969;-49,3997;2025-03-03 12:50:00.0;0,00
PINHAIS;411915202A;PR;Jardim Claudia;-25,39969;-49,3997;2025-03-03 13:50:00.0;0,00
PINHAIS;411915202A;PR;Jardim Claudia;-25,39969;-49,3997;2025-03-03 14:50:00.0;0,00
PINHAIS;411915202A;PR;Jardim Claudia;-25,39969;-49,3997;2025-03-03 15:50:00.0;0,00
PINHAIS;411915202A;PR;Jardim Claudia;-25,39969;-49,3997;2025-03-03 16:50:00.0;0,00
PINHAIS;411915202A;PR;Jardim Claudia;-25,39969;-49,3997;2025-03-03 17:50:00.0;0,00
PINHAIS;411915202A;PR;Jardim Claudia;-25,39969;-49,3997;2025-03-03 18:50:00.0;0,00
PINHAIS;411915202A;PR;Jardim Claudia;-25,39969;-49,3997;2025-03-03 19:50:00.0;0,00
PINHAIS;411915202A;PR;Jardim Claudia;-25,39969;-49,3997;2025-03-03 20:50:00.0;0,00
PINHAIS;411915202A;PR;Jardim Claudia;-25,39969;-49,3997;2025-03-03 21:50:00.0;0,00
PINHAIS;411915202A;PR;Jardim Claudia;-25,39969;-49,3997;2025-03-03 22:50:00.0;0,00
PINHAIS;411915202A;PR;Jardim Claudia;-25,39969;-49,3997;2025-03-03 23:50:00.0;0,00
PINHAIS;411915202A;PR;Jardim Claudia;-25,39969;-49,3997;2025-03-04 00:50:00.0;0,00
PINHAIS;411915202A;PR;Jardim Claudia;-25,39969;-49,3997;2025-03-04 01:50:00.0;0,00
PINHAIS;411915202A;PR;Jardim Claudia;-25,39969;-49,3997;2025-03-04 02:50:00.0;0,00
PINHAIS;411915202A;PR;Jardim Claudia;-25,39969;-49,3997;2025-03-04 03:50:00.0;0,00
PINHAIS;411915202A;PR;Jardim Claudia;-25,39969;-49,3997;2025-03-04 04:50:00.0;0,00
PINHAIS;411915202A;PR;Jardim Claudia;-25,39969;-49,3997;2025-03-04 05:50:00.0;0,00
PINHAIS;411915202A;PR;Jardim Claudia;-25,39969;-49,3997;2025-03-04 06:50:00.0;0,00
PINHAIS;411915202A;PR;Jardim Claudia;-25,39969;-49,3997;2025-03-04 07:50:00.0;0,00
PINHAIS;411915202A;PR;Jardim Claudia;-25,39969;-49,3997;2025-03-04 08:50:00.0;0,00
PINHAIS;411915202A;PR;Jardim Claudia;-25,39969;-49,3997;2025-03-04 09:50:00.0;0,00
PINHAIS;411915202A;PR;Jardim Claudia;-25,39969;-49,3997;2025-03-04 10:50:00.0;0,00
PINHAIS;411915202A;PR;Jardim Claudia;-25,39969;-49,3997;2025-03-04 11:50:00.0;0,00
PINHAIS;411915202A;PR;Jardim Claudia;-25,39969;-49,3997;2025-03-04 12:50:00.0;0,00
PINHAIS;411915202A;PR;Jardim Claudia;-25,39969;-49,3997;2025-03-04 13:50:00.0;0,00
PINHAIS;411915202A;PR;Jardim Claudia;-25,39969;-49,3997;2025-03-04 14:50:00.0;0,00
PINHAIS;411915202A;PR;Jardim Claudia;-25,39969;-49,3997;2025-03-04 15:50:00.0;0,00
PINHAIS;411915202A;PR;Jardim Claudia;-25,39969;-49,3997;2025-03-04 16:50:00.0;0,00
PINHAIS;411915202A;PR;Jardim Claudia;-25,39969;-49,3997;2025-03-04 17:50:00.0;0,00
PINHAIS;411915202A;PR;Jardim Claudia;-25,39969;-49,3997;2025-03-04 18:50:00.0;0,00
PINHAIS;411915202A;PR;Jardim Claudia;-25,39969;-49,3997;2025-03-04 19:50:00.0;0,00
PINHAIS;411915202A;PR;Jardim Claudia;-25,39969;-49,3997;2025-03-04 20:50:00.0;0,00
PINHAIS;411915202A;PR;Jardim Claudia;-25,39969;-49,3997;2025-03-04 21:50:00.0;0,00
PINHAIS;411915202A;PR;Jardim Claudia;-25,39969;-49,3997;2025-03-04 22:50:00.0;0,00
PINHAIS;411915202A;PR;Jardim Claudia;-25,39969;-49,3997;2025-03-04 23:50:00.0;0,00
PINHAIS;411915202A;PR;Jardim Claudia;-25,39969;-49,3997;2025-03-05 00:50:00.0;0,00
PINHAIS;411915202A;PR;Jardim Claudia;-25,39969;-49,3997;2025-03-05 01:50:00.0;0,00
PINHAIS;411915202A;PR;Jardim Claudia;-25,39969;-49,3997;2025-03-05 02:50:00.0;0,00
PINHAIS;411915202A;PR;Jardim Claudia;-25,39969;-49,3997;2025-03-05 03:50:00.0;0,00
PINHAIS;411915202A;PR;Jardim Claudia;-25,39969;-49,3997;2025-03-05 04:50:00.0;0,00
PINHAIS;411915202A;PR;Jardim Claudia;-25,39969;-49,3997;2025-03-05 05:50:00.0;0,00
PINHAIS;411915202A;PR;Jardim Claudia;-25,39969;-49,3997;2025-03-05 06:50:00.0;0,00
PINHAIS;411915202A;PR;Jardim Claudia;-25,39969;-49,3997;2025-03-05 07:50:00.0;0,00
PINHAIS;411915202A;PR;Jardim Claudia;-25,39969;-49,3997;2025-03-05 08:50:00.0;0,00
PINHAIS;411915202A;PR;Jardim Claudia;-25,39969;-49,3997;2025-03-05 09:50:00.0;0,00
PINHAIS;411915202A;PR;Jardim Claudia;-25,39969;-49,3997;2025-03-05 10:50:00.0;0,00
PINHAIS;411915202A;PR;Jardim Claudia;-25,39969;-49,3997;2025-03-05 11:50:00.0;0,00
PINHAIS;411915202A;PR;Jardim Claudia;-25,39969;-49,3997;2025-03-05 12:50:00.0;0,00
PINHAIS;411915202A;PR;Jardim Claudia;-25,39969;-49,3997;2025-03-05 13:50:00.0;0,00
PINHAIS;411915202A;PR;Jardim Claudia;-25,39969;-49,3997;2025-03-05 14:50:00.0;0,00
PINHAIS;411915202A;PR;Jardim Claudia;-25,39969;-49,3997;2025-03-05 15:50:00.0;0,00
PINHAIS;411915202A;PR;Jardim Claudia;-25,39969;-49,3997;2025-03-05 16:50:00.0;0,00
PINHAIS;411915202A;PR;Jardim Claudia;-25,39969;-49,3997;2025-03-05 17:50:00.0;0,00
PINHAIS;411915202A;PR;Jardim Claudia;-25,39969;-49,3997;2025-03-05 18:50:00.0;0,00
PINHAIS;411915202A;PR;Jardim Claudia;-25,39969;-49,3997;2025-03-05 19:50:00.0;0,00
PINHAIS;411915202A;PR;Jardim Claudia;-25,39969;-49,3997;2025-03-05 20:50:00.0;0,00
PINHAIS;411915202A;PR;Jardim Claudia;-25,39969;-49,3997;2025-03-05 21:50:00.0;0,00
PINHAIS;411915202A;PR;Jardim Claudia;-25,39969;-49,3997;2025-03-05 22:50:00.0;0,00
PINHAIS;411915202A;PR;Jardim Claudia;-25,39969;-49,3997;2025-03-05 23:50:00.0;0,00
PINHAIS;411915202A;PR;Jardim Claudia;-25,39969;-49,3997;2025-03-06 00:50:00.0;0,00
PINHAIS;411915202A;PR;Jardim Claudia;-25,39969;-49,3997;2025-03-06 01:50:00.0;0,00
PINHAIS;411915202A;PR;Jardim Claudia;-25,39969;-49,3997;2025-03-06 02:50:00.0;0,00
PINHAIS;411915202A;PR;Jardim Claudia;-25,39969;-49,3997;2025-03-06 03:50:00.0;0,00
PINHAIS;411915202A;PR;Jardim Claudia;-25,39969;-49,3997;2025-03-06 04:50:00.0;0,00
PINHAIS;411915202A;PR;Jardim Claudia;-25,39969;-49,3997;2025-03-06 05:50:00.0;0,00
PINHAIS;411915202A;PR;Jardim Claudia;-25,39969;-49,3997;2025-03-06 06:50:00.0;0,00
PINHAIS;411915202A;PR;Jardim Claudia;-25,39969;-49,3997;2025-03-06 07:50:00.0;0,00
PINHAIS;411915202A;PR;Jardim Claudia;-25,39969;-49,3997;2025-03-06 08:50:00.0;0,00
PINHAIS;411915202A;PR;Jardim Claudia;-25,39969;-49,3997;2025-03-06 09:50:00.0;0,00
PINHAIS;411915202A;PR;Jardim Claudia;-25,39969;-49,3997;2025-03-06 10:50:00.0;0,00
PINHAIS;411915202A;PR;Jardim Claudia;-25,39969;-49,3997;2025-03-06 11:50:00.0;0,00
PINHAIS;411915202A;PR;Jardim Claudia;-25,39969;-49,3997;2025-03-06 12:50:00.0;0,00
PINHAIS;411915202A;PR;Jardim Claudia;-25,39969;-49,3997;2025-03-06 13:50:00.0;0,00
PINHAIS;411915202A;PR;Jardim Claudia;-25,39969;-49,3997;2025-03-06 14:50:00.0;0,00
PINHAIS;411915202A;PR;Jardim Claudia;-25,39969;-49,3997;2025-03-06 15:50:00.0;0,00
PINHAIS;411915202A;PR;Jardim Claudia;-25,39969;-49,3997;2025-03-06 16:50:00.0;0,00
PINHAIS;411915202A;PR;Jardim Claudia;-25,39969;-49,3997;2025-03-06 17:50:00.0;0,00
PINHAIS;411915202A;PR;Jardim Claudia;-25,39969;-49,3997;2025-03-06 18:50:00.0;0,00
PINHAIS;411915202A;PR;Jardim Claudia;-25,39969;-49,3997;2025-03-06 19:50:00.0;0,00
PINHAIS;411915202A;PR;Jardim Claudia;-25,39969;-49,3997;2025-03-06 20:50:00.0;0,00
PINHAIS;411915202A;PR;Jardim Claudia;-25,39969;-49,3997;2025-03-06 21:50:00.0;0,00
PINHAIS;411915202A;PR;Jardim Claudia;-25,39969;-49,3997;2025-03-06 22:50:00.0;0,00
PINHAIS;411915202A;PR;Jardim Claudia;-25,39969;-49,3997;2025-03-06 23:50:00.0;0,00
PINHAIS;411915202A;PR;Jardim Claudia;-25,39969;-49,3997;2025-03-07 00:50:00.0;0,00
PINHAIS;411915202A;PR;Jardim Claudia;-25,39969;-49,3997;2025-03-07 01:50:00.0;0,00
PINHAIS;411915202A;PR;Jardim Claudia;-25,39969;-49,3997;2025-03-07 02:50:00.0;0,00
PINHAIS;411915202A;PR;Jardim Claudia;-25,39969;-49,3997;2025-03-07 03:50:00.0;0,00
PINHAIS;411915202A;PR;Jardim Claudia;-25,39969;-49,3997;2025-03-07 04:50:00.0;0,00
PINHAIS;411915202A;PR;Jardim Claudia;-25,39969;-49,3997;2025-03-07 05:50:00.0;0,00
PINHAIS;411915202A;PR;Jardim Claudia;-25,39969;-49,3997;2025-03-07 06:50:00.0;0,00
PINHAIS;411915202A;PR;Jardim Claudia;-25,39969;-49,3997;2025-03-07 07:50:00.0;0,00
PINHAIS;411915202A;PR;Jardim Claudia;-25,39969;-49,3997;2025-03-07 08:50:00.0;0,00
PINHAIS;411915202A;PR;Jardim Claudia;-25,39969;-49,3997;2025-03-07 09:50:00.0;0,00
PINHAIS;411915202A;PR;Jardim Claudia;-25,39969;-49,3997;2025-03-07 10:50:00.0;0,00
PINHAIS;411915202A;PR;Jardim Claudia;-25,39969;-49,3997;2025-03-07 11:50:00.0;0,00
PINHAIS;411915202A;PR;Jardim Claudia;-25,39969;-49,3997;2025-03-07 12:50:00.0;0,00
PINHAIS;411915202A;PR;Jardim Claudia;-25,39969;-49,3997;2025-03-07 13:50:00.0;0,00
PINHAIS;411915202A;PR;Jardim Claudia;-25,39969;-49,3997;2025-03-07 14:50:00.0;0,00
PINHAIS;411915202A;PR;Jardim Claudia;-25,39969;-49,3997;2025-03-07 15:50:00.0;0,00
PINHAIS;411915202A;PR;Jardim Claudia;-25,39969;-49,3997;2025-03-07 16:00:00.0;0,20
PINHAIS;411915202A;PR;Jardim Claudia;-25,39969;-49,3997;2025-03-07 16:10:00.0;0,20
PINHAIS;411915202A;PR;Jardim Claudia;-25,39969;-49,3997;2025-03-07 16:50:00.0;0,00
PINHAIS;411915202A;PR;Jardim Claudia;-25,39969;-49,3997;2025-03-07 17:50:00.0;0,00
PINHAIS;411915202A;PR;Jardim Claudia;-25,39969;-49,3997;2025-03-07 18:50:00.0;0,00
PINHAIS;411915202A;PR;Jardim Claudia;-25,39969;-49,3997;2025-03-07 19:50:00.0;0,00
PINHAIS;411915202A;PR;Jardim Claudia;-25,39969;-49,3997;2025-03-07 20:50:00.0;0,00
PINHAIS;411915202A;PR;Jardim Claudia;-25,39969;-49,3997;2025-03-07 21:50:00.0;0,00
PINHAIS;411915202A;PR;Jardim Claudia;-25,39969;-49,3997;2025-03-07 22:50:00.0;0,00
PINHAIS;411915202A;PR;Jardim Claudia;-25,39969;-49,3997;2025-03-07 23:50:00.0;0,00
PINHAIS;411915202A;PR;Jardim Claudia;-25,39969;-49,3997;2025-03-08 00:50:00.0;0,00
PINHAIS;411915202A;PR;Jardim Claudia;-25,39969;-49,3997;2025-03-08 01:50:00.0;0,00
PINHAIS;411915202A;PR;Jardim Claudia;-25,39969;-49,3997;2025-03-08 02:50:00.0;0,00
PINHAIS;411915202A;PR;Jardim Claudia;-25,39969;-49,3997;2025-03-08 03:50:00.0;0,00
PINHAIS;411915202A;PR;Jardim Claudia;-25,39969;-49,3997;2025-03-08 04:50:00.0;0,00
PINHAIS;411915202A;PR;Jardim Claudia;-25,39969;-49,3997;2025-03-08 05:50:00.0;0,00
PINHAIS;411915202A;PR;Jardim Claudia;-25,39969;-49,3997;2025-03-08 06:50:00.0;0,00
PINHAIS;411915202A;PR;Jardim Claudia;-25,39969;-49,3997;2025-03-08 07:50:00.0;0,00
PINHAIS;411915202A;PR;Jardim Claudia;-25,39969;-49,3997;2025-03-08 08:50:00.0;0,00
PINHAIS;411915202A;PR;Jardim Claudia;-25,39969;-49,3997;2025-03-08 09:50:00.0;0,00
PINHAIS;411915202A;PR;Jardim Claudia;-25,39969;-49,3997;2025-03-08 10:50:00.0;0,00
PINHAIS;411915202A;PR;Jardim Claudia;-25,39969;-49,3997;2025-03-08 11:50:00.0;0,00
PINHAIS;411915202A;PR;Jardim Claudia;-25,39969;-49,3997;2025-03-08 12:50:00.0;0,00
PINHAIS;411915202A;PR;Jardim Claudia;-25,39969;-49,3997;2025-03-08 13:50:00.0;0,00
PINHAIS;411915202A;PR;Jardim Claudia;-25,39969;-49,3997;2025-03-08 14:50:00.0;0,00
PINHAIS;411915202A;PR;Jardim Claudia;-25,39969;-49,3997;2025-03-08 15:50:00.0;0,00
PINHAIS;411915202A;PR;Jardim Claudia;-25,39969;-49,3997;2025-03-08 16:50:00.0;0,00
PINHAIS;411915202A;PR;Jardim Claudia;-25,39969;-49,3997;2025-03-08 17:50:00.0;0,00
PINHAIS;411915202A;PR;Jardim Claudia;-25,39969;-49,3997;2025-03-08 18:50:00.0;0,00
PINHAIS;411915202A;PR;Jardim Claudia;-25,39969;-49,3997;2025-03-08 19:50:00.0;0,00
PINHAIS;411915202A;PR;Jardim Claudia;-25,39969;-49,3997;2025-03-08 20:50:00.0;0,00
PINHAIS;411915202A;PR;Jardim Claudia;-25,39969;-49,3997;2025-03-08 21:50:00.0;0,00
PINHAIS;411915202A;PR;Jardim Claudia;-25,39969;-49,3997;2025-03-08 22:50:00.0;0,00
PINHAIS;411915202A;PR;Jardim Claudia;-25,39969;-49,3997;2025-03-08 23:50:00.0;0,00
PINHAIS;411915202A;PR;Jardim Claudia;-25,39969;-49,3997;2025-03-09 00:50:00.0;0,00
PINHAIS;411915202A;PR;Jardim Claudia;-25,39969;-49,3997;2025-03-09 01:50:00.0;0,00
PINHAIS;411915202A;PR;Jardim Claudia;-25,39969;-49,3997;2025-03-09 02:50:00.0;0,00
PINHAIS;411915202A;PR;Jardim Claudia;-25,39969;-49,3997;2025-03-09 03:50:00.0;0,00
PINHAIS;411915202A;PR;Jardim Claudia;-25,39969;-49,3997;2025-03-09 04:50:00.0;0,00
PINHAIS;411915202A;PR;Jardim Claudia;-25,39969;-49,3997;2025-03-09 05:50:00.0;0,00
PINHAIS;411915202A;PR;Jardim Claudia;-25,39969;-49,3997;2025-03-09 06:50:00.0;0,00
PINHAIS;411915202A;PR;Jardim Claudia;-25,39969;-49,3997;2025-03-09 07:50:00.0;0,00
PINHAIS;411915202A;PR;Jardim Claudia;-25,39969;-49,3997;2025-03-09 08:50:00.0;0,00
PINHAIS;411915202A;PR;Jardim Claudia;-25,39969;-49,3997;2025-03-09 09:50:00.0;0,00
PINHAIS;411915202A;PR;Jardim Claudia;-25,39969;-49,3997;2025-03-09 10:50:00.0;0,00
PINHAIS;411915202A;PR;Jardim Claudia;-25,39969;-49,3997;2025-03-09 11:50:00.0;0,00
PINHAIS;411915202A;PR;Jardim Claudia;-25,39969;-49,3997;2025-03-09 12:50:00.0;0,00
PINHAIS;411915202A;PR;Jardim Claudia;-25,39969;-49,3997;2025-03-09 13:50:00.0;0,00
PINHAIS;411915202A;PR;Jardim Claudia;-25,39969;-49,3997;2025-03-09 14:50:00.0;0,00
PINHAIS;411915202A;PR;Jardim Claudia;-25,39969;-49,3997;2025-03-09 15:50:00.0;0,00
PINHAIS;411915202A;PR;Jardim Claudia;-25,39969;-49,3997;2025-03-09 16:50:00.0;0,00
PINHAIS;411915202A;PR;Jardim Claudia;-25,39969;-49,3997;2025-03-09 17:50:00.0;0,00
PINHAIS;411915202A;PR;Jardim Claudia;-25,39969;-49,3997;2025-03-09 18:50:00.0;0,00
PINHAIS;411915202A;PR;Jardim Claudia;-25,39969;-49,3997;2025-03-09 19:50:00.0;0,00
PINHAIS;411915202A;PR;Jardim Claudia;-25,39969;-49,3997;2025-03-09 20:50:00.0;0,00
PINHAIS;411915202A;PR;Jardim Claudia;-25,39969;-49,3997;2025-03-09 21:40:00.0;0,20
PINHAIS;411915202A;PR;Jardim Claudia;-25,39969;-49,3997;2025-03-09 21:50:00.0;3,15
PINHAIS;411915202A;PR;Jardim Claudia;-25,39969;-49,3997;2025-03-09 22:00:00.0;1,97
PINHAIS;411915202A;PR;Jardim Claudia;-25,39969;-49,3997;2025-03-09 22:10:00.0;0,39
PINHAIS;411915202A;PR;Jardim Claudia;-25,39969;-49,3997;2025-03-09 22:50:00.0;0,00
PINHAIS;411915202A;PR;Jardim Claudia;-25,39969;-49,3997;2025-03-09 23:00:00.0;0,20
PINHAIS;411915202A;PR;Jardim Claudia;-25,39969;-49,3997;2025-03-09 23:10:00.0;1,38
PINHAIS;411915202A;PR;Jardim Claudia;-25,39969;-49,3997;2025-03-09 23:20:00.0;1,18
PINHAIS;411915202A;PR;Jardim Claudia;-25,39969;-49,3997;2025-03-09 23:50:00.0;0,00
PINHAIS;411915202A;PR;Jardim Claudia;-25,39969;-49,3997;2025-03-10 00:20:00.0;1,57
PINHAIS;411915202A;PR;Jardim Claudia;-25,39969;-49,3997;2025-03-10 00:30:00.0;0,59
PINHAIS;411915202A;PR;Jardim Claudia;-25,39969;-49,3997;2025-03-10 00:40:00.0;0,20
PINHAIS;411915202A;PR;Jardim Claudia;-25,39969;-49,3997;2025-03-10 00:50:00.0;0,00
PINHAIS;411915202A;PR;Jardim Claudia;-25,39969;-49,3997;2025-03-10 01:50:00.0;0,00
PINHAIS;411915202A;PR;Jardim Claudia;-25,39969;-49,3997;2025-03-10 02:50:00.0;0,00
PINHAIS;411915202A;PR;Jardim Claudia;-25,39969;-49,3997;2025-03-10 03:50:00.0;0,00
PINHAIS;411915202A;PR;Jardim Claudia;-25,39969;-49,3997;2025-03-10 04:50:00.0;0,00
PINHAIS;411915202A;PR;Jardim Claudia;-25,39969;-49,3997;2025-03-10 05:50:00.0;0,00
PINHAIS;411915202A;PR;Jardim Claudia;-25,39969;-49,3997;2025-03-10 06:50:00.0;0,00
PINHAIS;411915202A;PR;Jardim Claudia;-25,39969;-49,3997;2025-03-10 07:50:00.0;0,00
PINHAIS;411915202A;PR;Jardim Claudia;-25,39969;-49,3997;2025-03-10 08:50:00.0;0,00
PINHAIS;411915202A;PR;Jardim Claudia;-25,39969;-49,3997;2025-03-10 09:50:00.0;0,00
PINHAIS;411915202A;PR;Jardim Claudia;-25,39969;-49,3997;2025-03-10 10:50:00.0;0,00
PINHAIS;411915202A;PR;Jardim Claudia;-25,39969;-49,3997;2025-03-10 11:50:00.0;0,00
PINHAIS;411915202A;PR;Jardim Claudia;-25,39969;-49,3997;2025-03-10 12:50:00.0;0,00
PINHAIS;411915202A;PR;Jardim Claudia;-25,39969;-49,3997;2025-03-10 13:50:00.0;0,00
PINHAIS;411915202A;PR;Jardim Claudia;-25,39969;-49,3997;2025-03-10 14:50:00.0;0,00
PINHAIS;411915202A;PR;Jardim Claudia;-25,39969;-49,3997;2025-03-10 15:50:00.0;0,00
PINHAIS;411915202A;PR;Jardim Claudia;-25,39969;-49,3997;2025-03-10 16:50:00.0;0,00
PINHAIS;411915202A;PR;Jardim Claudia;-25,39969;-49,3997;2025-03-10 17:50:00.0;0,00
PINHAIS;411915202A;PR;Jardim Claudia;-25,39969;-49,3997;2025-03-10 18:50:00.0;0,00
PINHAIS;411915202A;PR;Jardim Claudia;-25,39969;-49,3997;2025-03-10 19:50:00.0;0,00
PINHAIS;411915202A;PR;Jardim Claudia;-25,39969;-49,3997;2025-03-10 20:50:00.0;0,00
PINHAIS;411915202A;PR;Jardim Claudia;-25,39969;-49,3997;2025-03-10 21:50:00.0;0,00
PINHAIS;411915202A;PR;Jardim Claudia;-25,39969;-49,3997;2025-03-10 22:50:00.0;0,00
PINHAIS;411915202A;PR;Jardim Claudia;-25,39969;-49,3997;2025-03-10 23:50:00.0;0,00
PINHAIS;411915202A;PR;Jardim Claudia;-25,39969;-49,3997;2025-03-11 00:50:00.0;0,00
PINHAIS;411915202A;PR;Jardim Claudia;-25,39969;-49,3997;2025-03-11 01:50:00.0;0,00
PINHAIS;411915202A;PR;Jardim Claudia;-25,39969;-49,3997;2025-03-11 02:50:00.0;0,00
PINHAIS;411915202A;PR;Jardim Claudia;-25,39969;-49,3997;2025-03-11 03:50:00.0;0,00
PINHAIS;411915202A;PR;Jardim Claudia;-25,39969;-49,3997;2025-03-11 04:50:00.0;0,00
PINHAIS;411915202A;PR;Jardim Claudia;-25,39969;-49,3997;2025-03-11 05:50:00.0;0,00
PINHAIS;411915202A;PR;Jardim Claudia;-25,39969;-49,3997;2025-03-11 06:50:00.0;0,00
PINHAIS;411915202A;PR;Jardim Claudia;-25,39969;-49,3997;2025-03-11 07:50:00.0;0,00
PINHAIS;411915202A;PR;Jardim Claudia;-25,39969;-49,3997;2025-03-11 08:50:00.0;0,00
PINHAIS;411915202A;PR;Jardim Claudia;-25,39969;-49,3997;2025-03-11 09:50:00.0;0,00
PINHAIS;411915202A;PR;Jardim Claudia;-25,39969;-49,3997;2025-03-11 10:50:00.0;0,00
PINHAIS;411915202A;PR;Jardim Claudia;-25,39969;-49,3997;2025-03-11 11:50:00.0;0,00
PINHAIS;411915202A;PR;Jardim Claudia;-25,39969;-49,3997;2025-03-11 12:50:00.0;0,00
PINHAIS;411915202A;PR;Jardim Claudia;-25,39969;-49,3997;2025-03-11 13:50:00.0;0,00
PINHAIS;411915202A;PR;Jardim Claudia;-25,39969;-49,3997;2025-03-11 14:50:00.0;0,00
PINHAIS;411915202A;PR;Jardim Claudia;-25,39969;-49,3997;2025-03-11 16:50:00.0;0,00
PINHAIS;411915202A;PR;Jardim Claudia;-25,39969;-49,3997;2025-03-11 17:50:00.0;0,00
PINHAIS;411915202A;PR;Jardim Claudia;-25,39969;-49,3997;2025-03-11 18:40:00.0;6,17
PINHAIS;411915202A;PR;Jardim Claudia;-25,39969;-49,3997;2025-03-11 18:50:00.0;10,57
PINHAIS;411915202A;PR;Jardim Claudia;-25,39969;-49,3997;2025-03-11 19:00:00.0;11,18
PINHAIS;411915202A;PR;Jardim Claudia;-25,39969;-49,3997;2025-03-11 19:10:00.0;7,31
PINHAIS;411915202A;PR;Jardim Claudia;-25,39969;-49,3997;2025-03-11 19:20:00.0;2,56
PINHAIS;411915202A;PR;Jardim Claudia;-25,39969;-49,3997;2025-03-11 19:30:00.0;0,20
PINHAIS;411915202A;PR;Jardim Claudia;-25,39969;-49,3997;2025-03-11 19:50:00.0;0,00
PINHAIS;411915202A;PR;Jardim Claudia;-25,39969;-49,3997;2025-03-11 20:50:00.0;0,00
PINHAIS;411915202A;PR;Jardim Claudia;-25,39969;-49,3997;2025-03-11 21:30:00.0;0,20
PINHAIS;411915202A;PR;Jardim Claudia;-25,39969;-49,3997;2025-03-11 21:40:00.0;0,20
PINHAIS;411915202A;PR;Jardim Claudia;-25,39969;-49,3997;2025-03-11 21:50:00.0;0,20
PINHAIS;411915202A;PR;Jardim Claudia;-25,39969;-49,3997;2025-03-11 22:00:00.0;0,39
PINHAIS;411915202A;PR;Jardim Claudia;-25,39969;-49,3997;2025-03-11 22:10:00.0;0,39
PINHAIS;411915202A;PR;Jardim Claudia;-25,39969;-49,3997;2025-03-11 22:20:00.0;0,39
PINHAIS;411915202A;PR;Jardim Claudia;-25,39969;-49,3997;2025-03-11 22:30:00.0;1,57
PINHAIS;411915202A;PR;Jardim Claudia;-25,39969;-49,3997;2025-03-11 22:40:00.0;0,98
PINHAIS;411915202A;PR;Jardim Claudia;-25,39969;-49,3997;2025-03-11 22:50:00.0;1,37
PINHAIS;411915202A;PR;Jardim Claudia;-25,39969;-49,3997;2025-03-11 23:00:00.0;1,18
PINHAIS;411915202A;PR;Jardim Claudia;-25,39969;-49,3997;2025-03-11 23:10:00.0;4,73
PINHAIS;411915202A;PR;Jardim Claudia;-25,39969;-49,3997;2025-03-11 23:20:00.0;4,72
PINHAIS;411915202A;PR;Jardim Claudia;-25,39969;-49,3997;2025-03-11 23:30:00.0;1,77
PINHAIS;411915202A;PR;Jardim Claudia;-25,39969;-49,3997;2025-03-11 23:40:00.0;1,37
PINHAIS;411915202A;PR;Jardim Claudia;-25,39969;-49,3997;2025-03-11 23:50:00.0;1,57
PINHAIS;411915202A;PR;Jardim Claudia;-25,39969;-49,3997;2025-03-12 00:00:00.0;0,39
PINHAIS;411915202A;PR;Jardim Claudia;-25,39969;-49,3997;2025-03-12 00:20:00.0;0,39
PINHAIS;411915202A;PR;Jardim Claudia;-25,39969;-49,3997;2025-03-12 00:40:00.0;0,20
PINHAIS;411915202A;PR;Jardim Claudia;-25,39969;-49,3997;2025-03-12 00:50:00.0;0,00
PINHAIS;411915202A;PR;Jardim Claudia;-25,39969;-49,3997;2025-03-12 01:50:00.0;0,00
PINHAIS;411915202A;PR;Jardim Claudia;-25,39969;-49,3997;2025-03-12 02:50:00.0;0,00
PINHAIS;411915202A;PR;Jardim Claudia;-25,39969;-49,3997;2025-03-12 03:50:00.0;0,00
PINHAIS;411915202A;PR;Jardim Claudia;-25,39969;-49,3997;2025-03-12 04:50:00.0;0,00
PINHAIS;411915202A;PR;Jardim Claudia;-25,39969;-49,3997;2025-03-12 05:50:00.0;0,00
PINHAIS;411915202A;PR;Jardim Claudia;-25,39969;-49,3997;2025-03-12 06:50:00.0;0,00
PINHAIS;411915202A;PR;Jardim Claudia;-25,39969;-49,3997;2025-03-12 07:50:00.0;0,20
PINHAIS;411915202A;PR;Jardim Claudia;-25,39969;-49,3997;2025-03-12 08:50:00.0;0,00
PINHAIS;411915202A;PR;Jardim Claudia;-25,39969;-49,3997;2025-03-12 09:50:00.0;0,00
PINHAIS;411915202A;PR;Jardim Claudia;-25,39969;-49,3997;2025-03-12 10:50:00.0;0,20
PINHAIS;411915202A;PR;Jardim Claudia;-25,39969;-49,3997;2025-03-12 11:50:00.0;0,00
PINHAIS;411915202A;PR;Jardim Claudia;-25,39969;-49,3997;2025-03-12 12:50:00.0;0,00
PINHAIS;411915202A;PR;Jardim Claudia;-25,39969;-49,3997;2025-03-12 13:50:00.0;0,00
PINHAIS;411915202A;PR;Jardim Claudia;-25,39969;-49,3997;2025-03-12 14:50:00.0;0,00
PINHAIS;411915202A;PR;Jardim Claudia;-25,39969;-49,3997;2025-03-12 15:50:00.0;0,00
PINHAIS;411915202A;PR;Jardim Claudia;-25,39969;-49,3997;2025-03-12 16:20:00.0;0,20
PINHAIS;411915202A;PR;Jardim Claudia;-25,39969;-49,3997;2025-03-12 16:30:00.0;1,18
PINHAIS;411915202A;PR;Jardim Claudia;-25,39969;-49,3997;2025-03-12 16:40:00.0;0,20
PINHAIS;411915202A;PR;Jardim Claudia;-25,39969;-49,3997;2025-03-12 16:50:00.0;0,00
PINHAIS;411915202A;PR;Jardim Claudia;-25,39969;-49,3997;2025-03-12 17:50:00.0;0,00
PINHAIS;411915202A;PR;Jardim Claudia;-25,39969;-49,3997;2025-03-12 18:50:00.0;0,00
PINHAIS;411915202A;PR;Jardim Claudia;-25,39969;-49,3997;2025-03-12 19:50:00.0;0,00
PINHAIS;411915202A;PR;Jardim Claudia;-25,39969;-49,3997;2025-03-12 20:50:00.0;0,00
PINHAIS;411915202A;PR;Jardim Claudia;-25,39969;-49,3997;2025-03-12 21:40:00.0;1,39
PINHAIS;411915202A;PR;Jardim Claudia;-25,39969;-49,3997;2025-03-12 21:50:00.0;13,51
PINHAIS;411915202A;PR;Jardim Claudia;-25,39969;-49,3997;2025-03-12 22:10:00.0;1,97
PINHAIS;411915202A;PR;Jardim Claudia;-25,39969;-49,3997;2025-03-12 22:30:00.0;0,98
PINHAIS;411915202A;PR;Jardim Claudia;-25,39969;-49,3997;2025-03-12 22:40:00.0;1,57
PINHAIS;411915202A;PR;Jardim Claudia;-25,39969;-49,3997;2025-03-12 22:50:00.0;0,39
PINHAIS;411915202A;PR;Jardim Claudia;-25,39969;-49,3997;2025-03-12 23:00:00.0;0,42
PINHAIS;411915202A;PR;Jardim Claudia;-25,39969;-49,3997;2025-03-12 23:20:00.0;0,20
PINHAIS;411915202A;PR;Jardim Claudia;-25,39969;-49,3997;2025-03-12 23:30:00.0;0,20
PINHAIS;411915202A;PR;Jardim Claudia;-25,39969;-49,3997;2025-03-12 23:40:00.0;0,59
PINHAIS;411915202A;PR;Jardim Claudia;-25,39969;-49,3997;2025-03-12 23:50:00.0;0,59
PINHAIS;411915202A;PR;Jardim Claudia;-25,39969;-49,3997;2025-03-13 00:00:00.0;0,39
PINHAIS;411915202A;PR;Jardim Claudia;-25,39969;-49,3997;2025-03-13 00:10:00.0;0,79
PINHAIS;411915202A;PR;Jardim Claudia;-25,39969;-49,3997;2025-03-13 00:20:00.0;0,59
PINHAIS;411915202A;PR;Jardim Claudia;-25,39969;-49,3997;2025-03-13 00:30:00.0;0,20
PINHAIS;411915202A;PR;Jardim Claudia;-25,39969;-49,3997;2025-03-13 03:50:00.0;0,00
PINHAIS;411915202A;PR;Jardim Claudia;-25,39969;-49,3997;2025-03-13 04:10:00.0;0,20
PINHAIS;411915202A;PR;Jardim Claudia;-25,39969;-49,3997;2025-03-13 04:50:00.0;0,00
PINHAIS;411915202A;PR;Jardim Claudia;-25,39969;-49,3997;2025-03-13 05:50:00.0;0,00
PINHAIS;411915202A;PR;Jardim Claudia;-25,39969;-49,3997;2025-03-13 06:10:00.0;0,20
PINHAIS;411915202A;PR;Jardim Claudia;-25,39969;-49,3997;2025-03-13 06:50:00.0;0,00
PINHAIS;411915202A;PR;Jardim Claudia;-25,39969;-49,3997;2025-03-13 07:40:00.0;0,20
PINHAIS;411915202A;PR;Jardim Claudia;-25,39969;-49,3997;2025-03-13 07:50:00.0;0,42
PINHAIS;411915202A;PR;Jardim Claudia;-25,39969;-49,3997;2025-03-13 08:10:00.0;0,20
PINHAIS;411915202A;PR;Jardim Claudia;-25,39969;-49,3997;2025-03-13 08:20:00.0;0,20
PINHAIS;411915202A;PR;Jardim Claudia;-25,39969;-49,3997;2025-03-13 08:30:00.0;0,20
PINHAIS;411915202A;PR;Jardim Claudia;-25,39969;-49,3997;2025-03-13 08:40:00.0;0,20
PINHAIS;411915202A;PR;Jardim Claudia;-25,39969;-49,3997;2025-03-13 08:50:00.0;0,20
PINHAIS;411915202A;PR;Jardim Claudia;-25,39969;-49,3997;2025-03-13 09:00:00.0;0,20
PINHAIS;411915202A;PR;Jardim Claudia;-25,39969;-49,3997;2025-03-13 09:20:00.0;0,42
PINHAIS;411915202A;PR;Jardim Claudia;-25,39969;-49,3997;2025-03-13 09:50:00.0;0,00
PINHAIS;411915202A;PR;Jardim Claudia;-25,39969;-49,3997;2025-03-13 10:50:00.0;0,00
PINHAIS;411915202A;PR;Jardim Claudia;-25,39969;-49,3997;2025-03-13 11:50:00.0;0,00
PINHAIS;411915202A;PR;Jardim Claudia;-25,39969;-49,3997;2025-03-13 12:50:00.0;0,00
PINHAIS;411915202A;PR;Jardim Claudia;-25,39969;-49,3997;2025-03-13 13:50:00.0;0,00
PINHAIS;411915202A;PR;Jardim Claudia;-25,39969;-49,3997;2025-03-13 14:50:00.0;0,00
PINHAIS;411915202A;PR;Jardim Claudia;-25,39969;-49,3997;2025-03-13 16:50:00.0;0,00
PINHAIS;411915202A;PR;Jardim Claudia;-25,39969;-49,3997;2025-03-13 17:50:00.0;0,00
PINHAIS;411915202A;PR;Jardim Claudia;-25,39969;-49,3997;2025-03-13 18:50:00.0;0,00
PINHAIS;411915202A;PR;Jardim Claudia;-25,39969;-49,3997;2025-03-13 19:50:00.0;0,00
PINHAIS;411915202A;PR;Jardim Claudia;-25,39969;-49,3997;2025-03-13 20:50:00.0;0,00
PINHAIS;411915202A;PR;Jardim Claudia;-25,39969;-49,3997;2025-03-13 21:50:00.0;0,00
PINHAIS;411915202A;PR;Jardim Claudia;-25,39969;-49,3997;2025-03-13 22:50:00.0;0,00
PINHAIS;411915202A;PR;Jardim Claudia;-25,39969;-49,3997;2025-03-13 23:40:00.0;0,39
PINHAIS;411915202A;PR;Jardim Claudia;-25,39969;-49,3997;2025-03-13 23:50:00.0;1,18
PINHAIS;411915202A;PR;Jardim Claudia;-25,39969;-49,3997;2025-03-14 00:50:00.0;0,20
PINHAIS;411915202A;PR;Jardim Claudia;-25,39969;-49,3997;2025-03-14 01:50:00.0;0,20
PINHAIS;411915202A;PR;Jardim Claudia;-25,39969;-49,3997;2025-03-14 02:00:00.0;1,37
PINHAIS;411915202A;PR;Jardim Claudia;-25,39969;-49,3997;2025-03-14 02:10:00.0;0,79
PINHAIS;411915202A;PR;Jardim Claudia;-25,39969;-49,3997;2025-03-14 02:20:00.0;0,20
PINHAIS;411915202A;PR;Jardim Claudia;-25,39969;-49,3997;2025-03-14 02:30:00.0;0,20
PINHAIS;411915202A;PR;Jardim Claudia;-25,39969;-49,3997;2025-03-14 02:50:00.0;0,00
PINHAIS;411915202A;PR;Jardim Claudia;-25,39969;-49,3997;2025-03-14 03:50:00.0;0,00
PINHAIS;411915202A;PR;Jardim Claudia;-25,39969;-49,3997;2025-03-14 04:50:00.0;0,00
PINHAIS;411915202A;PR;Jardim Claudia;-25,39969;-49,3997;2025-03-14 05:50:00.0;0,00
PINHAIS;411915202A;PR;Jardim Claudia;-25,39969;-49,3997;2025-03-14 06:50:00.0;0,00
PINHAIS;411915202A;PR;Jardim Claudia;-25,39969;-49,3997;2025-03-14 07:50:00.0;0,00
PINHAIS;411915202A;PR;Jardim Claudia;-25,39969;-49,3997;2025-03-14 08:50:00.0;0,00
PINHAIS;411915202A;PR;Jardim Claudia;-25,39969;-49,3997;2025-03-14 09:50:00.0;0,00
PINHAIS;411915202A;PR;Jardim Claudia;-25,39969;-49,3997;2025-03-14 10:50:00.0;0,00
PINHAIS;411915202A;PR;Jardim Claudia;-25,39969;-49,3997;2025-03-14 11:50:00.0;0,00
PINHAIS;411915202A;PR;Jardim Claudia;-25,39969;-49,3997;2025-03-14 12:50:00.0;0,00
PINHAIS;411915202A;PR;Jardim Claudia;-25,39969;-49,3997;2025-03-14 13:50:00.0;0,00
PINHAIS;411915202A;PR;Jardim Claudia;-25,39969;-49,3997;2025-03-14 14:50:00.0;0,00
PINHAIS;411915202A;PR;Jardim Claudia;-25,39969;-49,3997;2025-03-14 15:50:00.0;0,00
PINHAIS;411915202A;PR;Jardim Claudia;-25,39969;-49,3997;2025-03-14 16:50:00.0;0,00
PINHAIS;411915202A;PR;Jardim Claudia;-25,39969;-49,3997;2025-03-14 17:50:00.0;0,00
PINHAIS;411915202A;PR;Jardim Claudia;-25,39969;-49,3997;2025-03-14 18:50:00.0;0,00
PINHAIS;411915202A;PR;Jardim Claudia;-25,39969;-49,3997;2025-03-14 19:50:00.0;0,00
PINHAIS;411915202A;PR;Jardim Claudia;-25,39969;-49,3997;2025-03-14 20:50:00.0;0,00
PINHAIS;411915202A;PR;Jardim Claudia;-25,39969;-49,3997;2025-03-14 21:50:00.0;0,00
PINHAIS;411915202A;PR;Jardim Claudia;-25,39969;-49,3997;2025-03-14 22:50:00.0;0,00
PINHAIS;411915202A;PR;Jardim Claudia;-25,39969;-49,3997;2025-03-14 23:50:00.0;0,00
PINHAIS;411915202A;PR;Jardim Claudia;-25,39969;-49,3997;2025-03-15 00:50:00.0;0,00
PINHAIS;411915202A;PR;Jardim Claudia;-25,39969;-49,3997;2025-03-15 01:50:00.0;0,00
PINHAIS;411915202A;PR;Jardim Claudia;-25,39969;-49,3997;2025-03-15 02:50:00.0;0,00
PINHAIS;411915202A;PR;Jardim Claudia;-25,39969;-49,3997;2025-03-15 03:50:00.0;0,00
PINHAIS;411915202A;PR;Jardim Claudia;-25,39969;-49,3997;2025-03-15 04:50:00.0;0,00
PINHAIS;411915202A;PR;Jardim Claudia;-25,39969;-49,3997;2025-03-15 05:50:00.0;0,00
PINHAIS;411915202A;PR;Jardim Claudia;-25,39969;-49,3997;2025-03-15 07:50:00.0;0,00
PINHAIS;411915202A;PR;Jardim Claudia;-25,39969;-49,3997;2025-03-15 08:50:00.0;0,00
PINHAIS;411915202A;PR;Jardim Claudia;-25,39969;-49,3997;2025-03-15 09:50:00.0;0,00
PINHAIS;411915202A;PR;Jardim Claudia;-25,39969;-49,3997;2025-03-15 10:50:00.0;0,00
PINHAIS;411915202A;PR;Jardim Claudia;-25,39969;-49,3997;2025-03-15 11:50:00.0;0,00
PINHAIS;411915202A;PR;Jardim Claudia;-25,39969;-49,3997;2025-03-15 12:50:00.0;0,00
PINHAIS;411915202A;PR;Jardim Claudia;-25,39969;-49,3997;2025-03-15 13:50:00.0;0,00
PINHAIS;411915202A;PR;Jardim Claudia;-25,39969;-49,3997;2025-03-15 14:50:00.0;0,00
PINHAIS;411915202A;PR;Jardim Claudia;-25,39969;-49,3997;2025-03-15 15:50:00.0;0,00
PINHAIS;411915202A;PR;Jardim Claudia;-25,39969;-49,3997;2025-03-15 16:50:00.0;0,00
PINHAIS;411915202A;PR;Jardim Claudia;-25,39969;-49,3997;2025-03-15 17:50:00.0;0,00
PINHAIS;411915202A;PR;Jardim Claudia;-25,39969;-49,3997;2025-03-15 18:50:00.0;0,00
PINHAIS;411915202A;PR;Jardim Claudia;-25,39969;-49,3997;2025-03-15 19:40:00.0;0,98
PINHAIS;411915202A;PR;Jardim Claudia;-25,39969;-49,3997;2025-03-15 19:50:00.0;0,20
PINHAIS;411915202A;PR;Jardim Claudia;-25,39969;-49,3997;2025-03-15 20:00:00.0;0,59
PINHAIS;411915202A;PR;Jardim Claudia;-25,39969;-49,3997;2025-03-15 20:10:00.0;0,98
PINHAIS;411915202A;PR;Jardim Claudia;-25,39969;-49,3997;2025-03-15 20:20:00.0;0,79
PINHAIS;411915202A;PR;Jardim Claudia;-25,39969;-49,3997;2025-03-15 20:30:00.0;0,98
PINHAIS;411915202A;PR;Jardim Claudia;-25,39969;-49,3997;2025-03-15 20:40:00.0;0,39
PINHAIS;411915202A;PR;Jardim Claudia;-25,39969;-49,3997;2025-03-15 20:50:00.0;0,39
PINHAIS;411915202A;PR;Jardim Claudia;-25,39969;-49,3997;2025-03-15 21:00:00.0;0,20
PINHAIS;411915202A;PR;Jardim Claudia;-25,39969;-49,3997;2025-03-15 21:10:00.0;0,20
PINHAIS;411915202A;PR;Jardim Claudia;-25,39969;-49,3997;2025-03-15 21:50:00.0;0,00
PINHAIS;411915202A;PR;Jardim Claudia;-25,39969;-49,3997;2025-03-15 22:50:00.0;0,00
PINHAIS;411915202A;PR;Jardim Claudia;-25,39969;-49,3997;2025-03-15 23:30:00.0;0,20
PINHAIS;411915202A;PR;Jardim Claudia;-25,39969;-49,3997;2025-03-15 23:50:00.0;0,00
PINHAIS;411915202A;PR;Jardim Claudia;-25,39969;-49,3997;2025-03-16 00:50:00.0;0,00
PINHAIS;411915202A;PR;Jardim Claudia;-25,39969;-49,3997;2025-03-16 01:50:00.0;0,00
PINHAIS;411915202A;PR;Jardim Claudia;-25,39969;-49,3997;2025-03-16 02:50:00.0;0,00
PINHAIS;411915202A;PR;Jardim Claudia;-25,39969;-49,3997;2025-03-16 03:50:00.0;0,00
PINHAIS;411915202A;PR;Jardim Claudia;-25,39969;-49,3997;2025-03-16 04:50:00.0;0,00
PINHAIS;411915202A;PR;Jardim Claudia;-25,39969;-49,3997;2025-03-16 05:50:00.0;0,00
PINHAIS;411915202A;PR;Jardim Claudia;-25,39969;-49,3997;2025-03-16 06:50:00.0;0,00
PINHAIS;411915202A;PR;Jardim Claudia;-25,39969;-49,3997;2025-03-16 07:50:00.0;0,00
PINHAIS;411915202A;PR;Jardim Claudia;-25,39969;-49,3997;2025-03-16 08:50:00.0;0,00
PINHAIS;411915202A;PR;Jardim Claudia;-25,39969;-49,3997;2025-03-16 09:50:00.0;0,00
PINHAIS;411915202A;PR;Jardim Claudia;-25,39969;-49,3997;2025-03-16 10:50:00.0;0,00
PINHAIS;411915202A;PR;Jardim Claudia;-25,39969;-49,3997;2025-03-16 11:50:00.0;0,00
PINHAIS;411915202A;PR;Jardim Claudia;-25,39969;-49,3997;2025-03-16 12:50:00.0;0,00
PINHAIS;411915202A;PR;Jardim Claudia;-25,39969;-49,3997;2025-03-16 14:50:00.0;0,00
PINHAIS;411915202A;PR;Jardim Claudia;-25,39969;-49,3997;2025-03-16 15:50:00.0;0,00
PINHAIS;411915202A;PR;Jardim Claudia;-25,39969;-49,3997;2025-03-16 16:50:00.0;0,00
PINHAIS;411915202A;PR;Jardim Claudia;-25,39969;-49,3997;2025-03-16 17:50:00.0;0,00
PINHAIS;411915202A;PR;Jardim Claudia;-25,39969;-49,3997;2025-03-16 18:50:00.0;0,00
PINHAIS;411915202A;PR;Jardim Claudia;-25,39969;-49,3997;2025-03-16 19:50:00.0;0,00
PINHAIS;411915202A;PR;Jardim Claudia;-25,39969;-49,3997;2025-03-16 20:50:00.0;0,00
PINHAIS;411915202A;PR;Jardim Claudia;-25,39969;-49,3997;2025-03-16 21:50:00.0;0,00
PINHAIS;411915202A;PR;Jardim Claudia;-25,39969;-49,3997;2025-03-16 22:50:00.0;0,00
PINHAIS;411915202A;PR;Jardim Claudia;-25,39969;-49,3997;2025-03-16 23:50:00.0;0,00
PINHAIS;411915202A;PR;Jardim Claudia;-25,39969;-49,3997;2025-03-17 00:50:00.0;0,00
PINHAIS;411915202A;PR;Jardim Claudia;-25,39969;-49,3997;2025-03-17 01:50:00.0;0,00
PINHAIS;411915202A;PR;Jardim Claudia;-25,39969;-49,3997;2025-03-17 02:50:00.0;0,00
PINHAIS;411915202A;PR;Jardim Claudia;-25,39969;-49,3997;2025-03-17 03:50:00.0;0,00
PINHAIS;411915202A;PR;Jardim Claudia;-25,39969;-49,3997;2025-03-17 04:50:00.0;0,00
PINHAIS;411915202A;PR;Jardim Claudia;-25,39969;-49,3997;2025-03-17 05:50:00.0;0,00
PINHAIS;411915202A;PR;Jardim Claudia;-25,39969;-49,3997;2025-03-17 06:50:00.0;0,00
PINHAIS;411915202A;PR;Jardim Claudia;-25,39969;-49,3997;2025-03-17 07:50:00.0;0,00
PINHAIS;411915202A;PR;Jardim Claudia;-25,39969;-49,3997;2025-03-17 08:50:00.0;0,00
PINHAIS;411915202A;PR;Jardim Claudia;-25,39969;-49,3997;2025-03-17 09:50:00.0;0,00
PINHAIS;411915202A;PR;Jardim Claudia;-25,39969;-49,3997;2025-03-17 10:50:00.0;0,00
PINHAIS;411915202A;PR;Jardim Claudia;-25,39969;-49,3997;2025-03-17 11:50:00.0;0,00
PINHAIS;411915202A;PR;Jardim Claudia;-25,39969;-49,3997;2025-03-17 12:50:00.0;0,00
PINHAIS;411915202A;PR;Jardim Claudia;-25,39969;-49,3997;2025-03-17 13:50:00.0;0,00
PINHAIS;411915202A;PR;Jardim Claudia;-25,39969;-49,3997;2025-03-17 14:50:00.0;0,00
PINHAIS;411915202A;PR;Jardim Claudia;-25,39969;-49,3997;2025-03-17 15:50:00.0;0,00
PINHAIS;411915202A;PR;Jardim Claudia;-25,39969;-49,3997;2025-03-17 16:50:00.0;0,00
PINHAIS;411915202A;PR;Jardim Claudia;-25,39969;-49,3997;2025-03-17 17:50:00.0;0,00
PINHAIS;411915202A;PR;Jardim Claudia;-25,39969;-49,3997;2025-03-17 18:50:00.0;0,00
PINHAIS;411915202A;PR;Jardim Claudia;-25,39969;-49,3997;2025-03-17 19:50:00.0;0,00
PINHAIS;411915202A;PR;Jardim Claudia;-25,39969;-49,3997;2025-03-17 20:50:00.0;0,00
PINHAIS;411915202A;PR;Jardim Claudia;-25,39969;-49,3997;2025-03-17 21:50:00.0;0,00
PINHAIS;411915202A;PR;Jardim Claudia;-25,39969;-49,3997;2025-03-17 22:50:00.0;0,00
PINHAIS;411915202A;PR;Jardim Claudia;-25,39969;-49,3997;2025-03-17 23:50:00.0;0,00
PINHAIS;411915202A;PR;Jardim Claudia;-25,39969;-49,3997;2025-03-18 00:50:00.0;0,00
PINHAIS;411915202A;PR;Jardim Claudia;-25,39969;-49,3997;2025-03-18 01:50:00.0;0,00
PINHAIS;411915202A;PR;Jardim Claudia;-25,39969;-49,3997;2025-03-18 02:50:00.0;0,00
PINHAIS;411915202A;PR;Jardim Claudia;-25,39969;-49,3997;2025-03-18 03:50:00.0;0,00
PINHAIS;411915202A;PR;Jardim Claudia;-25,39969;-49,3997;2025-03-18 04:50:00.0;0,00
PINHAIS;411915202A;PR;Jardim Claudia;-25,39969;-49,3997;2025-03-18 05:50:00.0;0,00
PINHAIS;411915202A;PR;Jardim Claudia;-25,39969;-49,3997;2025-03-18 06:50:00.0;0,00
PINHAIS;411915202A;PR;Jardim Claudia;-25,39969;-49,3997;2025-03-18 07:50:00.0;0,00
PINHAIS;411915202A;PR;Jardim Claudia;-25,39969;-49,3997;2025-03-18 08:50:00.0;0,00
PINHAIS;411915202A;PR;Jardim Claudia;-25,39969;-49,3997;2025-03-18 09:50:00.0;0,00
PINHAIS;411915202A;PR;Jardim Claudia;-25,39969;-49,3997;2025-03-18 10:50:00.0;0,00
PINHAIS;411915202A;PR;Jardim Claudia;-25,39969;-49,3997;2025-03-18 11:50:00.0;0,00
PINHAIS;411915202A;PR;Jardim Claudia;-25,39969;-49,3997;2025-03-18 12:50:00.0;0,00
PINHAIS;411915202A;PR;Jardim Claudia;-25,39969;-49,3997;2025-03-18 13:50:00.0;0,00
PINHAIS;411915202A;PR;Jardim Claudia;-25,39969;-49,3997;2025-03-18 14:50:00.0;0,00
PINHAIS;411915202A;PR;Jardim Claudia;-25,39969;-49,3997;2025-03-18 15:50:00.0;0,00
PINHAIS;411915202A;PR;Jardim Claudia;-25,39969;-49,3997;2025-03-18 16:50:00.0;0,00
PINHAIS;411915202A;PR;Jardim Claudia;-25,39969;-49,3997;2025-03-18 17:50:00.0;0,00
PINHAIS;411915202A;PR;Jardim Claudia;-25,39969;-49,3997;2025-03-18 18:50:00.0;0,00
PINHAIS;411915202A;PR;Jardim Claudia;-25,39969;-49,3997;2025-03-18 19:50:00.0;0,00
PINHAIS;411915202A;PR;Jardim Claudia;-25,39969;-49,3997;2025-03-18 20:30:00.0;0,39
PINHAIS;411915202A;PR;Jardim Claudia;-25,39969;-49,3997;2025-03-18 20:50:00.0;0,00
PINHAIS;411915202A;PR;Jardim Claudia;-25,39969;-49,3997;2025-03-18 21:50:00.0;0,00
PINHAIS;411915202A;PR;Jardim Claudia;-25,39969;-49,3997;2025-03-18 22:50:00.0;0,00
PINHAIS;411915202A;PR;Jardim Claudia;-25,39969;-49,3997;2025-03-18 23:50:00.0;0,00
PINHAIS;411915202A;PR;Jardim Claudia;-25,39969;-49,3997;2025-03-19 00:50:00.0;0,00
PINHAIS;411915202A;PR;Jardim Claudia;-25,39969;-49,3997;2025-03-19 01:50:00.0;0,00
PINHAIS;411915202A;PR;Jardim Claudia;-25,39969;-49,3997;2025-03-19 02:50:00.0;0,00
PINHAIS;411915202A;PR;Jardim Claudia;-25,39969;-49,3997;2025-03-19 03:50:00.0;0,00
PINHAIS;411915202A;PR;Jardim Claudia;-25,39969;-49,3997;2025-03-19 04:50:00.0;0,00
PINHAIS;411915202A;PR;Jardim Claudia;-25,39969;-49,3997;2025-03-19 05:50:00.0;0,00
PINHAIS;411915202A;PR;Jardim Claudia;-25,39969;-49,3997;2025-03-19 06:50:00.0;0,00
PINHAIS;411915202A;PR;Jardim Claudia;-25,39969;-49,3997;2025-03-19 07:50:00.0;0,00
PINHAIS;411915202A;PR;Jardim Claudia;-25,39969;-49,3997;2025-03-19 08:50:00.0;0,00
PINHAIS;411915202A;PR;Jardim Claudia;-25,39969;-49,3997;2025-03-19 09:50:00.0;0,00
PINHAIS;411915202A;PR;Jardim Claudia;-25,39969;-49,3997;2025-03-19 10:50:00.0;0,00
PINHAIS;411915202A;PR;Jardim Claudia;-25,39969;-49,3997;2025-03-19 11:50:00.0;0,00
PINHAIS;411915202A;PR;Jardim Claudia;-25,39969;-49,3997;2025-03-19 12:50:00.0;0,00
PINHAIS;411915202A;PR;Jardim Claudia;-25,39969;-49,3997;2025-03-19 13:50:00.0;0,00
PINHAIS;411915202A;PR;Jardim Claudia;-25,39969;-49,3997;2025-03-19 14:50:00.0;0,00
PINHAIS;411915202A;PR;Jardim Claudia;-25,39969;-49,3997;2025-03-19 15:50:00.0;0,00
PINHAIS;411915202A;PR;Jardim Claudia;-25,39969;-49,3997;2025-03-19 16:50:00.0;0,00
PINHAIS;411915202A;PR;Jardim Claudia;-25,39969;-49,3997;2025-03-19 17:50:00.0;0,00
PINHAIS;411915202A;PR;Jardim Claudia;-25,39969;-49,3997;2025-03-19 18:50:00.0;0,00
PINHAIS;411915202A;PR;Jardim Claudia;-25,39969;-49,3997;2025-03-19 19:50:00.0;0,00
PINHAIS;411915202A;PR;Jardim Claudia;-25,39969;-49,3997;2025-03-19 20:50:00.0;0,00
PINHAIS;411915202A;PR;Jardim Claudia;-25,39969;-49,3997;2025-03-19 21:50:00.0;0,00
PINHAIS;411915202A;PR;Jardim Claudia;-25,39969;-49,3997;2025-03-19 22:50:00.0;0,00
PINHAIS;411915202A;PR;Jardim Claudia;-25,39969;-49,3997;2025-03-19 23:50:00.0;0,00
PINHAIS;411915202A;PR;Jardim Claudia;-25,39969;-49,3997;2025-03-20 00:50:00.0;0,00
PINHAIS;411915202A;PR;Jardim Claudia;-25,39969;-49,3997;2025-03-20 01:50:00.0;0,00
PINHAIS;411915202A;PR;Jardim Claudia;-25,39969;-49,3997;2025-03-20 02:50:00.0;0,00
PINHAIS;411915202A;PR;Jardim Claudia;-25,39969;-49,3997;2025-03-20 03:50:00.0;0,00
PINHAIS;411915202A;PR;Jardim Claudia;-25,39969;-49,3997;2025-03-20 04:50:00.0;0,00
PINHAIS;411915202A;PR;Jardim Claudia;-25,39969;-49,3997;2025-03-20 05:50:00.0;0,00
PINHAIS;411915202A;PR;Jardim Claudia;-25,39969;-49,3997;2025-03-20 06:50:00.0;0,00
PINHAIS;411915202A;PR;Jardim Claudia;-25,39969;-49,3997;2025-03-20 07:50:00.0;0,00
PINHAIS;411915202A;PR;Jardim Claudia;-25,39969;-49,3997;2025-03-20 08:50:00.0;0,00
PINHAIS;411915202A;PR;Jardim Claudia;-25,39969;-49,3997;2025-03-20 09:50:00.0;0,00
PINHAIS;411915202A;PR;Jardim Claudia;-25,39969;-49,3997;2025-03-20 10:50:00.0;0,00
PINHAIS;411915202A;PR;Jardim Claudia;-25,39969;-49,3997;2025-03-20 11:50:00.0;0,00
PINHAIS;411915202A;PR;Jardim Claudia;-25,39969;-49,3997;2025-03-20 12:50:00.0;0,00
PINHAIS;411915202A;PR;Jardim Claudia;-25,39969;-49,3997;2025-03-20 13:50:00.0;0,00
PINHAIS;411915202A;PR;Jardim Claudia;-25,39969;-49,3997;2025-03-20 14:50:00.0;0,00
PINHAIS;411915202A;PR;Jardim Claudia;-25,39969;-49,3997;2025-03-20 15:50:00.0;0,00
PINHAIS;411915202A;PR;Jardim Claudia;-25,39969;-49,3997;2025-03-20 16:50:00.0;0,00
PINHAIS;411915202A;PR;Jardim Claudia;-25,39969;-49,3997;2025-03-20 17:50:00.0;0,00
PINHAIS;411915202A;PR;Jardim Claudia;-25,39969;-49,3997;2025-03-20 18:50:00.0;0,00
PINHAIS;411915202A;PR;Jardim Claudia;-25,39969;-49,3997;2025-03-20 19:50:00.0;0,00
PINHAIS;411915202A;PR;Jardim Claudia;-25,39969;-49,3997;2025-03-20 20:50:00.0;0,00
PINHAIS;411915202A;PR;Jardim Claudia;-25,39969;-49,3997;2025-03-20 21:50:00.0;0,00
PINHAIS;411915202A;PR;Jardim Claudia;-25,39969;-49,3997;2025-03-20 22:50:00.0;0,00
PINHAIS;411915202A;PR;Jardim Claudia;-25,39969;-49,3997;2025-03-20 23:50:00.0;0,00
PINHAIS;411915202A;PR;Jardim Claudia;-25,39969;-49,3997;2025-03-21 00:50:00.0;0,00
PINHAIS;411915202A;PR;Jardim Claudia;-25,39969;-49,3997;2025-03-21 01:50:00.0;0,00
PINHAIS;411915202A;PR;Jardim Claudia;-25,39969;-49,3997;2025-03-21 02:50:00.0;0,00
PINHAIS;411915202A;PR;Jardim Claudia;-25,39969;-49,3997;2025-03-21 03:50:00.0;0,00
PINHAIS;411915202A;PR;Jardim Claudia;-25,39969;-49,3997;2025-03-21 04:50:00.0;0,00
PINHAIS;411915202A;PR;Jardim Claudia;-25,39969;-49,3997;2025-03-21 05:50:00.0;0,00
PINHAIS;411915202A;PR;Jardim Claudia;-25,39969;-49,3997;2025-03-21 06:50:00.0;0,00
PINHAIS;411915202A;PR;Jardim Claudia;-25,39969;-49,3997;2025-03-21 07:50:00.0;0,00
PINHAIS;411915202A;PR;Jardim Claudia;-25,39969;-49,3997;2025-03-21 08:50:00.0;0,00
PINHAIS;411915202A;PR;Jardim Claudia;-25,39969;-49,3997;2025-03-21 09:50:00.0;0,00
PINHAIS;411915202A;PR;Jardim Claudia;-25,39969;-49,3997;2025-03-21 10:50:00.0;0,00
PINHAIS;411915202A;PR;Jardim Claudia;-25,39969;-49,3997;2025-03-21 11:50:00.0;0,00
PINHAIS;411915202A;PR;Jardim Claudia;-25,39969;-49,3997;2025-03-21 12:50:00.0;0,00
PINHAIS;411915202A;PR;Jardim Claudia;-25,39969;-49,3997;2025-03-21 13:50:00.0;0,00
PINHAIS;411915202A;PR;Jardim Claudia;-25,39969;-49,3997;2025-03-21 14:50:00.0;0,00
PINHAIS;411915202A;PR;Jardim Claudia;-25,39969;-49,3997;2025-03-21 15:50:00.0;0,00
PINHAIS;411915202A;PR;Jardim Claudia;-25,39969;-49,3997;2025-03-21 16:50:00.0;0,00
PINHAIS;411915202A;PR;Jardim Claudia;-25,39969;-49,3997;2025-03-21 17:50:00.0;0,00
PINHAIS;411915202A;PR;Jardim Claudia;-25,39969;-49,3997;2025-03-21 18:50:00.0;0,00
PINHAIS;411915202A;PR;Jardim Claudia;-25,39969;-49,3997;2025-03-21 19:50:00.0;0,00
PINHAIS;411915202A;PR;Jardim Claudia;-25,39969;-49,3997;2025-03-21 20:50:00.0;0,00
PINHAIS;411915202A;PR;Jardim Claudia;-25,39969;-49,3997;2025-03-21 21:50:00.0;0,00
PINHAIS;411915202A;PR;Jardim Claudia;-25,39969;-49,3997;2025-03-21 22:50:00.0;0,00
PINHAIS;411915202A;PR;Jardim Claudia;-25,39969;-49,3997;2025-03-21 23:50:00.0;0,00
PINHAIS;411915202A;PR;Jardim Claudia;-25,39969;-49,3997;2025-03-22 00:50:00.0;0,00
PINHAIS;411915202A;PR;Jardim Claudia;-25,39969;-49,3997;2025-03-22 01:50:00.0;0,00
PINHAIS;411915202A;PR;Jardim Claudia;-25,39969;-49,3997;2025-03-22 02:50:00.0;0,00
PINHAIS;411915202A;PR;Jardim Claudia;-25,39969;-49,3997;2025-03-22 03:50:00.0;0,00
PINHAIS;411915202A;PR;Jardim Claudia;-25,39969;-49,3997;2025-03-22 04:50:00.0;0,00
PINHAIS;411915202A;PR;Jardim Claudia;-25,39969;-49,3997;2025-03-22 05:50:00.0;0,00
PINHAIS;411915202A;PR;Jardim Claudia;-25,39969;-49,3997;2025-03-22 06:50:00.0;0,00
PINHAIS;411915202A;PR;Jardim Claudia;-25,39969;-49,3997;2025-03-22 07:50:00.0;0,00
PINHAIS;411915202A;PR;Jardim Claudia;-25,39969;-49,3997;2025-03-22 08:50:00.0;0,00
PINHAIS;411915202A;PR;Jardim Claudia;-25,39969;-49,3997;2025-03-22 09:50:00.0;0,00
PINHAIS;411915202A;PR;Jardim Claudia;-25,39969;-49,3997;2025-03-22 10:50:00.0;0,00
PINHAIS;411915202A;PR;Jardim Claudia;-25,39969;-49,3997;2025-03-22 11:50:00.0;0,00
PINHAIS;411915202A;PR;Jardim Claudia;-25,39969;-49,3997;2025-03-22 12:50:00.0;0,00
PINHAIS;411915202A;PR;Jardim Claudia;-25,39969;-49,3997;2025-03-22 13:50:00.0;0,00
PINHAIS;411915202A;PR;Jardim Claudia;-25,39969;-49,3997;2025-03-22 14:50:00.0;0,00
PINHAIS;411915202A;PR;Jardim Claudia;-25,39969;-49,3997;2025-03-22 15:50:00.0;0,00
PINHAIS;411915202A;PR;Jardim Claudia;-25,39969;-49,3997;2025-03-22 16:50:00.0;0,00
PINHAIS;411915202A;PR;Jardim Claudia;-25,39969;-49,3997;2025-03-22 17:50:00.0;0,00
PINHAIS;411915202A;PR;Jardim Claudia;-25,39969;-49,3997;2025-03-22 18:50:00.0;0,00
PINHAIS;411915202A;PR;Jardim Claudia;-25,39969;-49,3997;2025-03-22 19:50:00.0;0,00
PINHAIS;411915202A;PR;Jardim Claudia;-25,39969;-49,3997;2025-03-22 20:50:00.0;0,00
PINHAIS;411915202A;PR;Jardim Claudia;-25,39969;-49,3997;2025-03-22 21:50:00.0;0,00
PINHAIS;411915202A;PR;Jardim Claudia;-25,39969;-49,3997;2025-03-22 22:50:00.0;0,00
PINHAIS;411915202A;PR;Jardim Claudia;-25,39969;-49,3997;2025-03-22 23:50:00.0;0,00
PINHAIS;411915202A;PR;Jardim Claudia;-25,39969;-49,3997;2025-03-23 00:50:00.0;0,00
PINHAIS;411915202A;PR;Jardim Claudia;-25,39969;-49,3997;2025-03-23 01:50:00.0;0,00
PINHAIS;411915202A;PR;Jardim Claudia;-25,39969;-49,3997;2025-03-23 02:50:00.0;0,00
PINHAIS;411915202A;PR;Jardim Claudia;-25,39969;-49,3997;2025-03-23 03:50:00.0;0,00
PINHAIS;411915202A;PR;Jardim Claudia;-25,39969;-49,3997;2025-03-23 04:50:00.0;0,00
PINHAIS;411915202A;PR;Jardim Claudia;-25,39969;-49,3997;2025-03-23 05:50:00.0;0,00
PINHAIS;411915202A;PR;Jardim Claudia;-25,39969;-49,3997;2025-03-23 06:50:00.0;0,00
PINHAIS;411915202A;PR;Jardim Claudia;-25,39969;-49,3997;2025-03-23 07:50:00.0;0,00
PINHAIS;411915202A;PR;Jardim Claudia;-25,39969;-49,3997;2025-03-23 08:50:00.0;0,00
PINHAIS;411915202A;PR;Jardim Claudia;-25,39969;-49,3997;2025-03-23 09:50:00.0;0,00
PINHAIS;411915202A;PR;Jardim Claudia;-25,39969;-49,3997;2025-03-23 10:50:00.0;0,00
PINHAIS;411915202A;PR;Jardim Claudia;-25,39969;-49,3997;2025-03-23 11:50:00.0;0,00
PINHAIS;411915202A;PR;Jardim Claudia;-25,39969;-49,3997;2025-03-23 12:50:00.0;0,00
PINHAIS;411915202A;PR;Jardim Claudia;-25,39969;-49,3997;2025-03-23 13:50:00.0;0,00
PINHAIS;411915202A;PR;Jardim Claudia;-25,39969;-49,3997;2025-03-23 14:50:00.0;0,00
PINHAIS;411915202A;PR;Jardim Claudia;-25,39969;-49,3997;2025-03-23 15:50:00.0;0,00
PINHAIS;411915202A;PR;Jardim Claudia;-25,39969;-49,3997;2025-03-23 16:50:00.0;0,00
PINHAIS;411915202A;PR;Jardim Claudia;-25,39969;-49,3997;2025-03-23 17:50:00.0;0,00
PINHAIS;411915202A;PR;Jardim Claudia;-25,39969;-49,3997;2025-03-23 18:50:00.0;0,00
PINHAIS;411915202A;PR;Jardim Claudia;-25,39969;-49,3997;2025-03-23 19:50:00.0;0,00
PINHAIS;411915202A;PR;Jardim Claudia;-25,39969;-49,3997;2025-03-23 20:50:00.0;0,00
PINHAIS;411915202A;PR;Jardim Claudia;-25,39969;-49,3997;2025-03-23 21:50:00.0;0,00
PINHAIS;411915202A;PR;Jardim Claudia;-25,39969;-49,3997;2025-03-23 22:50:00.0;0,00
PINHAIS;411915202A;PR;Jardim Claudia;-25,39969;-49,3997;2025-03-23 23:50:00.0;0,00
PINHAIS;411915202A;PR;Jardim Claudia;-25,39969;-49,3997;2025-03-24 00:50:00.0;0,00
PINHAIS;411915202A;PR;Jardim Claudia;-25,39969;-49,3997;2025-03-24 01:50:00.0;0,00
PINHAIS;411915202A;PR;Jardim Claudia;-25,39969;-49,3997;2025-03-24 02:50:00.0;0,00
PINHAIS;411915202A;PR;Jardim Claudia;-25,39969;-49,3997;2025-03-24 03:50:00.0;0,00
PINHAIS;411915202A;PR;Jardim Claudia;-25,39969;-49,3997;2025-03-24 04:50:00.0;0,00
PINHAIS;411915202A;PR;Jardim Claudia;-25,39969;-49,3997;2025-03-24 05:50:00.0;0,00
PINHAIS;411915202A;PR;Jardim Claudia;-25,39969;-49,3997;2025-03-24 06:50:00.0;0,00
PINHAIS;411915202A;PR;Jardim Claudia;-25,39969;-49,3997;2025-03-24 07:50:00.0;0,00
PINHAIS;411915202A;PR;Jardim Claudia;-25,39969;-49,3997;2025-03-24 08:50:00.0;0,00
PINHAIS;411915202A;PR;Jardim Claudia;-25,39969;-49,3997;2025-03-24 09:50:00.0;0,00
PINHAIS;411915202A;PR;Jardim Claudia;-25,39969;-49,3997;2025-03-24 10:50:00.0;0,00
PINHAIS;411915202A;PR;Jardim Claudia;-25,39969;-49,3997;2025-03-24 11:50:00.0;0,00
PINHAIS;411915202A;PR;Jardim Claudia;-25,39969;-49,3997;2025-03-24 12:50:00.0;0,00
PINHAIS;411915202A;PR;Jardim Claudia;-25,39969;-49,3997;2025-03-24 13:50:00.0;0,00
PINHAIS;411915202A;PR;Jardim Claudia;-25,39969;-49,3997;2025-03-24 14:50:00.0;0,00
PINHAIS;411915202A;PR;Jardim Claudia;-25,39969;-49,3997;2025-03-24 15:50:00.0;0,00
PINHAIS;411915202A;PR;Jardim Claudia;-25,39969;-49,3997;2025-03-24 16:50:00.0;0,00
PINHAIS;411915202A;PR;Jardim Claudia;-25,39969;-49,3997;2025-03-24 17:50:00.0;0,00
PINHAIS;411915202A;PR;Jardim Claudia;-25,39969;-49,3997;2025-03-24 18:50:00.0;0,00
PINHAIS;411915202A;PR;Jardim Claudia;-25,39969;-49,3997;2025-03-24 19:50:00.0;0,00
PINHAIS;411915202A;PR;Jardim Claudia;-25,39969;-49,3997;2025-03-24 20:50:00.0;0,00
PINHAIS;411915202A;PR;Jardim Claudia;-25,39969;-49,3997;2025-03-24 21:50:00.0;0,00
PINHAIS;411915202A;PR;Jardim Claudia;-25,39969;-49,3997;2025-03-24 22:50:00.0;0,00
PINHAIS;411915202A;PR;Jardim Claudia;-25,39969;-49,3997;2025-03-24 23:50:00.0;0,00
PINHAIS;411915202A;PR;Jardim Claudia;-25,39969;-49,3997;2025-03-25 00:50:00.0;0,00
PINHAIS;411915202A;PR;Jardim Claudia;-25,39969;-49,3997;2025-03-25 01:50:00.0;0,00
PINHAIS;411915202A;PR;Jardim Claudia;-25,39969;-49,3997;2025-03-25 02:50:00.0;0,00
PINHAIS;411915202A;PR;Jardim Claudia;-25,39969;-49,3997;2025-03-25 03:50:00.0;0,00
PINHAIS;411915202A;PR;Jardim Claudia;-25,39969;-49,3997;2025-03-25 04:50:00.0;0,00
PINHAIS;411915202A;PR;Jardim Claudia;-25,39969;-49,3997;2025-03-25 05:50:00.0;0,00
PINHAIS;411915202A;PR;Jardim Claudia;-25,39969;-49,3997;2025-03-25 06:50:00.0;0,00
PINHAIS;411915202A;PR;Jardim Claudia;-25,39969;-49,3997;2025-03-25 07:50:00.0;0,00
PINHAIS;411915202A;PR;Jardim Claudia;-25,39969;-49,3997;2025-03-25 08:40:00.0;0,20
PINHAIS;411915202A;PR;Jardim Claudia;-25,39969;-49,3997;2025-03-25 08:50:00.0;0,39
PINHAIS;411915202A;PR;Jardim Claudia;-25,39969;-49,3997;2025-03-25 09:00:00.0;0,20
PINHAIS;411915202A;PR;Jardim Claudia;-25,39969;-49,3997;2025-03-25 09:50:00.0;0,00
PINHAIS;411915202A;PR;Jardim Claudia;-25,39969;-49,3997;2025-03-25 10:50:00.0;0,00
PINHAIS;411915202A;PR;Jardim Claudia;-25,39969;-49,3997;2025-03-25 11:50:00.0;0,00
PINHAIS;411915202A;PR;Jardim Claudia;-25,39969;-49,3997;2025-03-25 12:50:00.0;0,00
PINHAIS;411915202A;PR;Jardim Claudia;-25,39969;-49,3997;2025-03-25 13:50:00.0;0,00
PINHAIS;411915202A;PR;Jardim Claudia;-25,39969;-49,3997;2025-03-25 14:50:00.0;0,00
PINHAIS;411915202A;PR;Jardim Claudia;-25,39969;-49,3997;2025-03-25 16:30:00.0;0,00
PINHAIS;411915202A;PR;Jardim Claudia;-25,39969;-49,3997;2025-03-25 16:50:00.0;0,00
PINHAIS;411915202A;PR;Jardim Claudia;-25,39969;-49,3997;2025-03-25 17:50:00.0;0,00
PINHAIS;411915202A;PR;Jardim Claudia;-25,39969;-49,3997;2025-03-25 18:10:00.0;2,36
PINHAIS;411915202A;PR;Jardim Claudia;-25,39969;-49,3997;2025-03-25 18:20:00.0;1,18
PINHAIS;411915202A;PR;Jardim Claudia;-25,39969;-49,3997;2025-03-25 18:50:00.0;0,00
PINHAIS;411915202A;PR;Jardim Claudia;-25,39969;-49,3997;2025-03-25 19:50:00.0;0,00
PINHAIS;411915202A;PR;Jardim Claudia;-25,39969;-49,3997;2025-03-25 20:50:00.0;0,00
PINHAIS;411915202A;PR;Jardim Claudia;-25,39969;-49,3997;2025-03-25 21:50:00.0;0,00
PINHAIS;411915202A;PR;Jardim Claudia;-25,39969;-49,3997;2025-03-25 22:50:00.0;0,00
PINHAIS;411915202A;PR;Jardim Claudia;-25,39969;-49,3997;2025-03-25 23:50:00.0;0,00
PINHAIS;411915202A;PR;Jardim Claudia;-25,39969;-49,3997;2025-03-26 00:50:00.0;0,00
PINHAIS;411915202A;PR;Jardim Claudia;-25,39969;-49,3997;2025-03-26 01:50:00.0;0,00
PINHAIS;411915202A;PR;Jardim Claudia;-25,39969;-49,3997;2025-03-26 02:50:00.0;0,00
PINHAIS;411915202A;PR;Jardim Claudia;-25,39969;-49,3997;2025-03-26 03:40:00.0;0,20
PINHAIS;411915202A;PR;Jardim Claudia;-25,39969;-49,3997;2025-03-26 03:50:00.0;0,20
PINHAIS;411915202A;PR;Jardim Claudia;-25,39969;-49,3997;2025-03-26 04:00:00.0;0,20
PINHAIS;411915202A;PR;Jardim Claudia;-25,39969;-49,3997;2025-03-26 04:50:00.0;0,00
PINHAIS;411915202A;PR;Jardim Claudia;-25,39969;-49,3997;2025-03-26 05:10:00.0;0,20
PINHAIS;411915202A;PR;Jardim Claudia;-25,39969;-49,3997;2025-03-26 05:20:00.0;0,20
PINHAIS;411915202A;PR;Jardim Claudia;-25,39969;-49,3997;2025-03-26 05:30:00.0;0,39
PINHAIS;411915202A;PR;Jardim Claudia;-25,39969;-49,3997;2025-03-26 05:40:00.0;0,20
PINHAIS;411915202A;PR;Jardim Claudia;-25,39969;-49,3997;2025-03-26 05:50:00.0;0,00
PINHAIS;411915202A;PR;Jardim Claudia;-25,39969;-49,3997;2025-03-26 06:50:00.0;0,00
PINHAIS;411915202A;PR;Jardim Claudia;-25,39969;-49,3997;2025-03-26 07:50:00.0;0,00
PINHAIS;411915202A;PR;Jardim Claudia;-25,39969;-49,3997;2025-03-26 08:50:00.0;0,00
PINHAIS;411915202A;PR;Jardim Claudia;-25,39969;-49,3997;2025-03-26 09:50:00.0;0,00
PINHAIS;411915202A;PR;Jardim Claudia;-25,39969;-49,3997;2025-03-26 10:50:00.0;0,00
PINHAIS;411915202A;PR;Jardim Claudia;-25,39969;-49,3997;2025-03-26 11:50:00.0;0,00
PINHAIS;411915202A;PR;Jardim Claudia;-25,39969;-49,3997;2025-03-26 12:50:00.0;0,00
PINHAIS;411915202A;PR;Jardim Claudia;-25,39969;-49,3997;2025-03-26 13:50:00.0;0,00
PINHAIS;411915202A;PR;Jardim Claudia;-25,39969;-49,3997;2025-03-26 14:50:00.0;0,00
PINHAIS;411915202A;PR;Jardim Claudia;-25,39969;-49,3997;2025-03-26 15:50:00.0;0,00
PINHAIS;411915202A;PR;Jardim Claudia;-25,39969;-49,3997;2025-03-26 16:50:00.0;0,00
PINHAIS;411915202A;PR;Jardim Claudia;-25,39969;-49,3997;2025-03-26 17:50:00.0;0,00
PINHAIS;411915202A;PR;Jardim Claudia;-25,39969;-49,3997;2025-03-26 18:50:00.0;0,00
PINHAIS;411915202A;PR;Jardim Claudia;-25,39969;-49,3997;2025-03-26 19:50:00.0;0,00
PINHAIS;411915202A;PR;Jardim Claudia;-25,39969;-49,3997;2025-03-26 20:50:00.0;0,00
PINHAIS;411915202A;PR;Jardim Claudia;-25,39969;-49,3997;2025-03-26 21:50:00.0;0,00
PINHAIS;411915202A;PR;Jardim Claudia;-25,39969;-49,3997;2025-03-26 22:50:00.0;0,00
PINHAIS;411915202A;PR;Jardim Claudia;-25,39969;-49,3997;2025-03-26 23:50:00.0;0,00
PINHAIS;411915202A;PR;Jardim Claudia;-25,39969;-49,3997;2025-03-27 00:50:00.0;0,00
PINHAIS;411915202A;PR;Jardim Claudia;-25,39969;-49,3997;2025-03-27 01:50:00.0;0,00
PINHAIS;411915202A;PR;Jardim Claudia;-25,39969;-49,3997;2025-03-27 02:50:00.0;0,00
PINHAIS;411915202A;PR;Jardim Claudia;-25,39969;-49,3997;2025-03-27 03:50:00.0;0,00
PINHAIS;411915202A;PR;Jardim Claudia;-25,39969;-49,3997;2025-03-27 04:50:00.0;0,00
PINHAIS;411915202A;PR;Jardim Claudia;-25,39969;-49,3997;2025-03-27 05:50:00.0;0,00
PINHAIS;411915202A;PR;Jardim Claudia;-25,39969;-49,3997;2025-03-27 06:50:00.0;0,00
PINHAIS;411915202A;PR;Jardim Claudia;-25,39969;-49,3997;2025-03-27 07:50:00.0;0,00
PINHAIS;411915202A;PR;Jardim Claudia;-25,39969;-49,3997;2025-03-27 08:50:00.0;0,00
PINHAIS;411915202A;PR;Jardim Claudia;-25,39969;-49,3997;2025-03-27 09:50:00.0;0,00
PINHAIS;411915202A;PR;Jardim Claudia;-25,39969;-49,3997;2025-03-27 11:50:00.0;0,00
PINHAIS;411915202A;PR;Jardim Claudia;-25,39969;-49,3997;2025-03-27 12:50:00.0;0,00
PINHAIS;411915202A;PR;Jardim Claudia;-25,39969;-49,3997;2025-03-27 13:50:00.0;0,00
PINHAIS;411915202A;PR;Jardim Claudia;-25,39969;-49,3997;2025-03-27 14:50:00.0;0,00
PINHAIS;411915202A;PR;Jardim Claudia;-25,39969;-49,3997;2025-03-27 15:50:00.0;0,00
PINHAIS;411915202A;PR;Jardim Claudia;-25,39969;-49,3997;2025-03-27 16:50:00.0;0,00
PINHAIS;411915202A;PR;Jardim Claudia;-25,39969;-49,3997;2025-03-27 17:50:00.0;0,00
PINHAIS;411915202A;PR;Jardim Claudia;-25,39969;-49,3997;2025-03-27 18:50:00.0;0,00
PINHAIS;411915202A;PR;Jardim Claudia;-25,39969;-49,3997;2025-03-27 19:50:00.0;0,00
PINHAIS;411915202A;PR;Jardim Claudia;-25,39969;-49,3997;2025-03-27 20:50:00.0;0,00
PINHAIS;411915202A;PR;Jardim Claudia;-25,39969;-49,3997;2025-03-27 21:50:00.0;0,00
PINHAIS;411915202A;PR;Jardim Claudia;-25,39969;-49,3997;2025-03-27 22:50:00.0;0,00
PINHAIS;411915202A;PR;Jardim Claudia;-25,39969;-49,3997;2025-03-27 23:50:00.0;0,00
PINHAIS;411915202A;PR;Jardim Claudia;-25,39969;-49,3997;2025-03-28 00:50:00.0;0,00
PINHAIS;411915202A;PR;Jardim Claudia;-25,39969;-49,3997;2025-03-28 01:50:00.0;0,00
PINHAIS;411915202A;PR;Jardim Claudia;-25,39969;-49,3997;2025-03-28 02:50:00.0;0,00
PINHAIS;411915202A;PR;Jardim Claudia;-25,39969;-49,3997;2025-03-28 03:50:00.0;0,00
PINHAIS;411915202A;PR;Jardim Claudia;-25,39969;-49,3997;2025-03-28 04:50:00.0;0,00
PINHAIS;411915202A;PR;Jardim Claudia;-25,39969;-49,3997;2025-03-28 05:50:00.0;0,00
PINHAIS;411915202A;PR;Jardim Claudia;-25,39969;-49,3997;2025-03-28 06:50:00.0;0,00
PINHAIS;411915202A;PR;Jardim Claudia;-25,39969;-49,3997;2025-03-28 07:50:00.0;0,00
PINHAIS;411915202A;PR;Jardim Claudia;-25,39969;-49,3997;2025-03-28 08:50:00.0;0,00
PINHAIS;411915202A;PR;Jardim Claudia;-25,39969;-49,3997;2025-03-28 09:50:00.0;0,00
PINHAIS;411915202A;PR;Jardim Claudia;-25,39969;-49,3997;2025-03-28 10:50:00.0;0,00
PINHAIS;411915202A;PR;Jardim Claudia;-25,39969;-49,3997;2025-03-28 11:50:00.0;0,00
PINHAIS;411915202A;PR;Jardim Claudia;-25,39969;-49,3997;2025-03-28 12:50:00.0;0,00
PINHAIS;411915202A;PR;Jardim Claudia;-25,39969;-49,3997;2025-03-28 13:50:00.0;0,00
PINHAIS;411915202A;PR;Jardim Claudia;-25,39969;-49,3997;2025-03-28 14:50:00.0;0,00
PINHAIS;411915202A;PR;Jardim Claudia;-25,39969;-49,3997;2025-03-28 15:50:00.0;0,00
PINHAIS;411915202A;PR;Jardim Claudia;-25,39969;-49,3997;2025-03-28 16:50:00.0;0,00
PINHAIS;411915202A;PR;Jardim Claudia;-25,39969;-49,3997;2025-03-28 17:50:00.0;0,00
PINHAIS;411915202A;PR;Jardim Claudia;-25,39969;-49,3997;2025-03-28 18:50:00.0;0,00
PINHAIS;411915202A;PR;Jardim Claudia;-25,39969;-49,3997;2025-03-28 19:50:00.0;0,00
PINHAIS;411915202A;PR;Jardim Claudia;-25,39969;-49,3997;2025-03-28 20:50:00.0;0,00
PINHAIS;411915202A;PR;Jardim Claudia;-25,39969;-49,3997;2025-03-28 21:50:00.0;0,00
PINHAIS;411915202A;PR;Jardim Claudia;-25,39969;-49,3997;2025-03-28 22:50:00.0;0,00
PINHAIS;411915202A;PR;Jardim Claudia;-25,39969;-49,3997;2025-03-28 23:50:00.0;0,00
PINHAIS;411915202A;PR;Jardim Claudia;-25,39969;-49,3997;2025-03-29 00:50:00.0;0,00
PINHAIS;411915202A;PR;Jardim Claudia;-25,39969;-49,3997;2025-03-29 01:50:00.0;0,00
PINHAIS;411915202A;PR;Jardim Claudia;-25,39969;-49,3997;2025-03-29 02:50:00.0;0,00
PINHAIS;411915202A;PR;Jardim Claudia;-25,39969;-49,3997;2025-03-29 03:50:00.0;0,00
PINHAIS;411915202A;PR;Jardim Claudia;-25,39969;-49,3997;2025-03-29 04:50:00.0;0,00
PINHAIS;411915202A;PR;Jardim Claudia;-25,39969;-49,3997;2025-03-29 05:50:00.0;0,00
PINHAIS;411915202A;PR;Jardim Claudia;-25,39969;-49,3997;2025-03-29 06:50:00.0;0,00
PINHAIS;411915202A;PR;Jardim Claudia;-25,39969;-49,3997;2025-03-29 07:50:00.0;0,00
PINHAIS;411915202A;PR;Jardim Claudia;-25,39969;-49,3997;2025-03-29 08:50:00.0;0,00
PINHAIS;411915202A;PR;Jardim Claudia;-25,39969;-49,3997;2025-03-29 09:50:00.0;0,00
PINHAIS;411915202A;PR;Jardim Claudia;-25,39969;-49,3997;2025-03-29 10:50:00.0;0,00
PINHAIS;411915202A;PR;Jardim Claudia;-25,39969;-49,3997;2025-03-29 11:50:00.0;0,00
PINHAIS;411915202A;PR;Jardim Claudia;-25,39969;-49,3997;2025-03-29 12:50:00.0;0,00
PINHAIS;411915202A;PR;Jardim Claudia;-25,39969;-49,3997;2025-03-29 13:50:00.0;0,00
PINHAIS;411915202A;PR;Jardim Claudia;-25,39969;-49,3997;2025-03-29 14:50:00.0;0,00
PINHAIS;411915202A;PR;Jardim Claudia;-25,39969;-49,3997;2025-03-29 15:50:00.0;0,00
PINHAIS;411915202A;PR;Jardim Claudia;-25,39969;-49,3997;2025-03-29 16:50:00.0;0,00
PINHAIS;411915202A;PR;Jardim Claudia;-25,39969;-49,3997;2025-03-29 17:50:00.0;0,00
PINHAIS;411915202A;PR;Jardim Claudia;-25,39969;-49,3997;2025-03-29 18:50:00.0;0,00
PINHAIS;411915202A;PR;Jardim Claudia;-25,39969;-49,3997;2025-03-29 19:50:00.0;0,00
PINHAIS;411915202A;PR;Jardim Claudia;-25,39969;-49,3997;2025-03-29 20:50:00.0;0,00
PINHAIS;411915202A;PR;Jardim Claudia;-25,39969;-49,3997;2025-03-29 21:50:00.0;0,00
PINHAIS;411915202A;PR;Jardim Claudia;-25,39969;-49,3997;2025-03-29 22:50:00.0;0,00
PINHAIS;411915202A;PR;Jardim Claudia;-25,39969;-49,3997;2025-03-29 23:50:00.0;0,00
PINHAIS;411915202A;PR;Jardim Claudia;-25,39969;-49,3997;2025-03-30 00:50:00.0;0,00
PINHAIS;411915202A;PR;Jardim Claudia;-25,39969;-49,3997;2025-03-30 01:50:00.0;0,00
PINHAIS;411915202A;PR;Jardim Claudia;-25,39969;-49,3997;2025-03-30 02:50:00.0;0,00
PINHAIS;411915202A;PR;Jardim Claudia;-25,39969;-49,3997;2025-03-30 03:50:00.0;0,00
PINHAIS;411915202A;PR;Jardim Claudia;-25,39969;-49,3997;2025-03-30 04:50:00.0;0,00
PINHAIS;411915202A;PR;Jardim Claudia;-25,39969;-49,3997;2025-03-30 05:50:00.0;0,00
PINHAIS;411915202A;PR;Jardim Claudia;-25,39969;-49,3997;2025-03-30 06:50:00.0;0,00
PINHAIS;411915202A;PR;Jardim Claudia;-25,39969;-49,3997;2025-03-30 07:50:00.0;0,00
PINHAIS;411915202A;PR;Jardim Claudia;-25,39969;-49,3997;2025-03-30 08:50:00.0;0,00
PINHAIS;411915202A;PR;Jardim Claudia;-25,39969;-49,3997;2025-03-30 09:50:00.0;0,00
PINHAIS;411915202A;PR;Jardim Claudia;-25,39969;-49,3997;2025-03-30 10:50:00.0;0,00
PINHAIS;411915202A;PR;Jardim Claudia;-25,39969;-49,3997;2025-03-30 11:50:00.0;0,00
PINHAIS;411915202A;PR;Jardim Claudia;-25,39969;-49,3997;2025-03-30 12:50:00.0;0,00
PINHAIS;411915202A;PR;Jardim Claudia;-25,39969;-49,3997;2025-03-30 13:50:00.0;0,00
PINHAIS;411915202A;PR;Jardim Claudia;-25,39969;-49,3997;2025-03-30 14:50:00.0;0,00
PINHAIS;411915202A;PR;Jardim Claudia;-25,39969;-49,3997;2025-03-30 15:50:00.0;0,00
PINHAIS;411915202A;PR;Jardim Claudia;-25,39969;-49,3997;2025-03-30 16:50:00.0;0,00
PINHAIS;411915202A;PR;Jardim Claudia;-25,39969;-49,3997;2025-03-30 17:50:00.0;0,00
PINHAIS;411915202A;PR;Jardim Claudia;-25,39969;-49,3997;2025-03-30 18:50:00.0;0,00
PINHAIS;411915202A;PR;Jardim Claudia;-25,39969;-49,3997;2025-03-30 19:50:00.0;0,00
PINHAIS;411915202A;PR;Jardim Claudia;-25,39969;-49,3997;2025-03-30 20:50:00.0;0,00
PINHAIS;411915202A;PR;Jardim Claudia;-25,39969;-49,3997;2025-03-30 21:50:00.0;0,00
PINHAIS;411915202A;PR;Jardim Claudia;-25,39969;-49,3997;2025-03-30 22:50:00.0;0,00
PINHAIS;411915202A;PR;Jardim Claudia;-25,39969;-49,3997;2025-03-30 23:50:00.0;0,00
PINHAIS;411915202A;PR;Jardim Claudia;-25,39969;-49,3997;2025-03-31 00:50:00.0;0,00
PINHAIS;411915202A;PR;Jardim Claudia;-25,39969;-49,3997;2025-03-31 01:50:00.0;0,00
PINHAIS;411915202A;PR;Jardim Claudia;-25,39969;-49,3997;2025-03-31 02:50:00.0;0,00
PINHAIS;411915202A;PR;Jardim Claudia;-25,39969;-49,3997;2025-03-31 03:50:00.0;0,00
PINHAIS;411915202A;PR;Jardim Claudia;-25,39969;-49,3997;2025-03-31 04:50:00.0;0,00
PINHAIS;411915202A;PR;Jardim Claudia;-25,39969;-49,3997;2025-03-31 05:50:00.0;0,00
PINHAIS;411915202A;PR;Jardim Claudia;-25,39969;-49,3997;2025-03-31 06:50:00.0;0,00
PINHAIS;411915202A;PR;Jardim Claudia;-25,39969;-49,3997;2025-03-31 07:50:00.0;0,00
PINHAIS;411915202A;PR;Jardim Claudia;-25,39969;-49,3997;2025-03-31 08:50:00.0;0,00
PINHAIS;411915202A;PR;Jardim Claudia;-25,39969;-49,3997;2025-03-31 09:50:00.0;0,00
PINHAIS;411915202A;PR;Jardim Claudia;-25,39969;-49,3997;2025-03-31 10:50:00.0;0,00
PINHAIS;411915202A;PR;Jardim Claudia;-25,39969;-49,3997;2025-03-31 11:50:00.0;0,00
PINHAIS;411915202A;PR;Jardim Claudia;-25,39969;-49,3997;2025-03-31 12:50:00.0;0,00
PINHAIS;411915202A;PR;Jardim Claudia;-25,39969;-49,3997;2025-03-31 13:50:00.0;0,00
PINHAIS;411915202A;PR;Jardim Claudia;-25,39969;-49,3997;2025-03-31 14:50:00.0;0,00
PINHAIS;411915202A;PR;Jardim Claudia;-25,39969;-49,3997;2025-03-31 15:50:00.0;0,00
PINHAIS;411915202A;PR;Jardim Claudia;-25,39969;-49,3997;2025-03-31 16:50:00.0;0,00
PINHAIS;411915202A;PR;Jardim Claudia;-25,39969;-49,3997;2025-03-31 17:50:00.0;0,00
PINHAIS;411915202A;PR;Jardim Claudia;-25,39969;-49,3997;2025-03-31 18:50:00.0;0,00
PINHAIS;411915202A;PR;Jardim Claudia;-25,39969;-49,3997;2025-03-31 19:50:00.0;0,00
PINHAIS;411915202A;PR;Jardim Claudia;-25,39969;-49,3997;2025-03-31 20:50:00.0;0,00
PINHAIS;411915202A;PR;Jardim Claudia;-25,39969;-49,3997;2025-03-31 21:50:00.0;0,00
PINHAIS;411915202A;PR;Jardim Claudia;-25,39969;-49,3997;2025-03-31 22:50:00.0;0,00
PINHAIS;411915202A;PR;Jardim Claudia;-25,39969;-49,3997;2025-03-31 23:50:00.0;0,00
PINHAIS;411915203A;PR;Jardim Atuba;-25,399929;-49,192935;2025-03-01 00:00:00.0;0,00
PINHAIS;411915203A;PR;Jardim Atuba;-25,399929;-49,192935;2025-03-01 01:00:00.0;0,00
PINHAIS;411915203A;PR;Jardim Atuba;-25,399929;-49,192935;2025-03-01 02:00:00.0;0,00
PINHAIS;411915203A;PR;Jardim Atuba;-25,399929;-49,192935;2025-03-01 03:00:00.0;0,00
PINHAIS;411915203A;PR;Jardim Atuba;-25,399929;-49,192935;2025-03-01 04:00:00.0;0,00
PINHAIS;411915203A;PR;Jardim Atuba;-25,399929;-49,192935;2025-03-01 05:00:00.0;0,00
PINHAIS;411915203A;PR;Jardim Atuba;-25,399929;-49,192935;2025-03-01 06:00:00.0;0,00
PINHAIS;411915203A;PR;Jardim Atuba;-25,399929;-49,192935;2025-03-01 07:00:00.0;0,00
PINHAIS;411915203A;PR;Jardim Atuba;-25,399929;-49,192935;2025-03-01 08:00:00.0;0,00
PINHAIS;411915203A;PR;Jardim Atuba;-25,399929;-49,192935;2025-03-01 09:00:00.0;0,00
PINHAIS;411915203A;PR;Jardim Atuba;-25,399929;-49,192935;2025-03-01 10:00:00.0;0,00
PINHAIS;411915203A;PR;Jardim Atuba;-25,399929;-49,192935;2025-03-01 11:00:00.0;0,00
PINHAIS;411915203A;PR;Jardim Atuba;-25,399929;-49,192935;2025-03-01 12:00:00.0;0,00
PINHAIS;411915203A;PR;Jardim Atuba;-25,399929;-49,192935;2025-03-01 13:00:00.0;0,00
PINHAIS;411915203A;PR;Jardim Atuba;-25,399929;-49,192935;2025-03-01 14:00:00.0;0,00
PINHAIS;411915203A;PR;Jardim Atuba;-25,399929;-49,192935;2025-03-01 15:00:00.0;0,00
PINHAIS;411915203A;PR;Jardim Atuba;-25,399929;-49,192935;2025-03-01 16:00:00.0;0,00
PINHAIS;411915203A;PR;Jardim Atuba;-25,399929;-49,192935;2025-03-01 17:00:00.0;0,00
PINHAIS;411915203A;PR;Jardim Atuba;-25,399929;-49,192935;2025-03-01 18:00:00.0;0,00
PINHAIS;411915203A;PR;Jardim Atuba;-25,399929;-49,192935;2025-03-01 19:00:00.0;0,00
PINHAIS;411915203A;PR;Jardim Atuba;-25,399929;-49,192935;2025-03-01 20:00:00.0;0,00
PINHAIS;411915203A;PR;Jardim Atuba;-25,399929;-49,192935;2025-03-01 21:00:00.0;0,00
PINHAIS;411915203A;PR;Jardim Atuba;-25,399929;-49,192935;2025-03-01 22:00:00.0;0,00
PINHAIS;411915203A;PR;Jardim Atuba;-25,399929;-49,192935;2025-03-01 23:00:00.0;0,00
PINHAIS;411915203A;PR;Jardim Atuba;-25,399929;-49,192935;2025-03-02 00:00:00.0;0,00
PINHAIS;411915203A;PR;Jardim Atuba;-25,399929;-49,192935;2025-03-02 01:00:00.0;0,00
PINHAIS;411915203A;PR;Jardim Atuba;-25,399929;-49,192935;2025-03-02 02:00:00.0;0,00
PINHAIS;411915203A;PR;Jardim Atuba;-25,399929;-49,192935;2025-03-02 03:00:00.0;0,00
PINHAIS;411915203A;PR;Jardim Atuba;-25,399929;-49,192935;2025-03-02 04:00:00.0;0,00
PINHAIS;411915203A;PR;Jardim Atuba;-25,399929;-49,192935;2025-03-02 05:00:00.0;0,00
PINHAIS;411915203A;PR;Jardim Atuba;-25,399929;-49,192935;2025-03-02 06:00:00.0;0,00
PINHAIS;411915203A;PR;Jardim Atuba;-25,399929;-49,192935;2025-03-02 07:00:00.0;0,00
PINHAIS;411915203A;PR;Jardim Atuba;-25,399929;-49,192935;2025-03-02 08:00:00.0;0,00
PINHAIS;411915203A;PR;Jardim Atuba;-25,399929;-49,192935;2025-03-02 09:00:00.0;0,00
PINHAIS;411915203A;PR;Jardim Atuba;-25,399929;-49,192935;2025-03-02 10:00:00.0;0,00
PINHAIS;411915203A;PR;Jardim Atuba;-25,399929;-49,192935;2025-03-02 11:00:00.0;0,00
PINHAIS;411915203A;PR;Jardim Atuba;-25,399929;-49,192935;2025-03-02 12:00:00.0;0,00
PINHAIS;411915203A;PR;Jardim Atuba;-25,399929;-49,192935;2025-03-02 13:00:00.0;0,00
PINHAIS;411915203A;PR;Jardim Atuba;-25,399929;-49,192935;2025-03-02 14:00:00.0;0,00
PINHAIS;411915203A;PR;Jardim Atuba;-25,399929;-49,192935;2025-03-02 15:00:00.0;0,00
PINHAIS;411915203A;PR;Jardim Atuba;-25,399929;-49,192935;2025-03-02 16:00:00.0;0,00
PINHAIS;411915203A;PR;Jardim Atuba;-25,399929;-49,192935;2025-03-02 17:00:00.0;0,00
PINHAIS;411915203A;PR;Jardim Atuba;-25,399929;-49,192935;2025-03-02 18:00:00.0;0,00
PINHAIS;411915203A;PR;Jardim Atuba;-25,399929;-49,192935;2025-03-02 19:00:00.0;0,00
PINHAIS;411915203A;PR;Jardim Atuba;-25,399929;-49,192935;2025-03-02 20:00:00.0;0,00
PINHAIS;411915203A;PR;Jardim Atuba;-25,399929;-49,192935;2025-03-02 21:00:00.0;0,00
PINHAIS;411915203A;PR;Jardim Atuba;-25,399929;-49,192935;2025-03-02 22:00:00.0;0,00
PINHAIS;411915203A;PR;Jardim Atuba;-25,399929;-49,192935;2025-03-02 23:00:00.0;0,00
PINHAIS;411915203A;PR;Jardim Atuba;-25,399929;-49,192935;2025-03-03 00:00:00.0;0,00
PINHAIS;411915203A;PR;Jardim Atuba;-25,399929;-49,192935;2025-03-03 01:00:00.0;0,00
PINHAIS;411915203A;PR;Jardim Atuba;-25,399929;-49,192935;2025-03-03 02:00:00.0;0,00
PINHAIS;411915203A;PR;Jardim Atuba;-25,399929;-49,192935;2025-03-03 03:00:00.0;0,00
PINHAIS;411915203A;PR;Jardim Atuba;-25,399929;-49,192935;2025-03-03 04:00:00.0;0,00
PINHAIS;411915203A;PR;Jardim Atuba;-25,399929;-49,192935;2025-03-03 05:00:00.0;0,00
PINHAIS;411915203A;PR;Jardim Atuba;-25,399929;-49,192935;2025-03-03 06:00:00.0;0,00
PINHAIS;411915203A;PR;Jardim Atuba;-25,399929;-49,192935;2025-03-03 07:00:00.0;0,00
PINHAIS;411915203A;PR;Jardim Atuba;-25,399929;-49,192935;2025-03-03 08:00:00.0;0,00
PINHAIS;411915203A;PR;Jardim Atuba;-25,399929;-49,192935;2025-03-03 09:00:00.0;0,00
PINHAIS;411915203A;PR;Jardim Atuba;-25,399929;-49,192935;2025-03-03 10:00:00.0;0,00
PINHAIS;411915203A;PR;Jardim Atuba;-25,399929;-49,192935;2025-03-03 11:00:00.0;0,00
PINHAIS;411915203A;PR;Jardim Atuba;-25,399929;-49,192935;2025-03-03 12:00:00.0;0,00
PINHAIS;411915203A;PR;Jardim Atuba;-25,399929;-49,192935;2025-03-03 13:00:00.0;0,00
PINHAIS;411915203A;PR;Jardim Atuba;-25,399929;-49,192935;2025-03-03 14:00:00.0;0,00
PINHAIS;411915203A;PR;Jardim Atuba;-25,399929;-49,192935;2025-03-03 15:00:00.0;0,00
PINHAIS;411915203A;PR;Jardim Atuba;-25,399929;-49,192935;2025-03-03 16:00:00.0;0,00
PINHAIS;411915203A;PR;Jardim Atuba;-25,399929;-49,192935;2025-03-03 17:00:00.0;0,00
PINHAIS;411915203A;PR;Jardim Atuba;-25,399929;-49,192935;2025-03-03 18:00:00.0;0,00
PINHAIS;411915203A;PR;Jardim Atuba;-25,399929;-49,192935;2025-03-03 19:00:00.0;0,00
PINHAIS;411915203A;PR;Jardim Atuba;-25,399929;-49,192935;2025-03-03 20:00:00.0;0,00
PINHAIS;411915203A;PR;Jardim Atuba;-25,399929;-49,192935;2025-03-03 21:00:00.0;0,00
PINHAIS;411915203A;PR;Jardim Atuba;-25,399929;-49,192935;2025-03-03 22:00:00.0;0,00
PINHAIS;411915203A;PR;Jardim Atuba;-25,399929;-49,192935;2025-03-03 23:00:00.0;0,00
PINHAIS;411915203A;PR;Jardim Atuba;-25,399929;-49,192935;2025-03-04 00:00:00.0;0,00
PINHAIS;411915203A;PR;Jardim Atuba;-25,399929;-49,192935;2025-03-04 01:00:00.0;0,00
PINHAIS;411915203A;PR;Jardim Atuba;-25,399929;-49,192935;2025-03-04 02:00:00.0;0,00
PINHAIS;411915203A;PR;Jardim Atuba;-25,399929;-49,192935;2025-03-04 03:00:00.0;0,00
PINHAIS;411915203A;PR;Jardim Atuba;-25,399929;-49,192935;2025-03-04 04:00:00.0;0,00
PINHAIS;411915203A;PR;Jardim Atuba;-25,399929;-49,192935;2025-03-04 05:00:00.0;0,00
PINHAIS;411915203A;PR;Jardim Atuba;-25,399929;-49,192935;2025-03-04 06:00:00.0;0,00
PINHAIS;411915203A;PR;Jardim Atuba;-25,399929;-49,192935;2025-03-04 07:00:00.0;0,00
PINHAIS;411915203A;PR;Jardim Atuba;-25,399929;-49,192935;2025-03-04 08:00:00.0;0,00
PINHAIS;411915203A;PR;Jardim Atuba;-25,399929;-49,192935;2025-03-04 09:00:00.0;0,00
PINHAIS;411915203A;PR;Jardim Atuba;-25,399929;-49,192935;2025-03-04 10:00:00.0;0,00
PINHAIS;411915203A;PR;Jardim Atuba;-25,399929;-49,192935;2025-03-04 11:00:00.0;0,00
PINHAIS;411915203A;PR;Jardim Atuba;-25,399929;-49,192935;2025-03-04 12:00:00.0;0,00
PINHAIS;411915203A;PR;Jardim Atuba;-25,399929;-49,192935;2025-03-04 13:00:00.0;0,00
PINHAIS;411915203A;PR;Jardim Atuba;-25,399929;-49,192935;2025-03-04 14:00:00.0;0,00
PINHAIS;411915203A;PR;Jardim Atuba;-25,399929;-49,192935;2025-03-04 15:00:00.0;0,00
PINHAIS;411915203A;PR;Jardim Atuba;-25,399929;-49,192935;2025-03-04 16:00:00.0;0,00
PINHAIS;411915203A;PR;Jardim Atuba;-25,399929;-49,192935;2025-03-04 17:00:00.0;0,00
PINHAIS;411915203A;PR;Jardim Atuba;-25,399929;-49,192935;2025-03-04 18:00:00.0;0,00
PINHAIS;411915203A;PR;Jardim Atuba;-25,399929;-49,192935;2025-03-04 19:00:00.0;0,00
PINHAIS;411915203A;PR;Jardim Atuba;-25,399929;-49,192935;2025-03-04 20:00:00.0;0,00
PINHAIS;411915203A;PR;Jardim Atuba;-25,399929;-49,192935;2025-03-04 21:00:00.0;0,00
PINHAIS;411915203A;PR;Jardim Atuba;-25,399929;-49,192935;2025-03-04 22:00:00.0;0,00
PINHAIS;411915203A;PR;Jardim Atuba;-25,399929;-49,192935;2025-03-04 23:00:00.0;0,00
PINHAIS;411915203A;PR;Jardim Atuba;-25,399929;-49,192935;2025-03-05 00:00:00.0;0,00
PINHAIS;411915203A;PR;Jardim Atuba;-25,399929;-49,192935;2025-03-05 01:00:00.0;0,00
PINHAIS;411915203A;PR;Jardim Atuba;-25,399929;-49,192935;2025-03-05 02:00:00.0;0,00
PINHAIS;411915203A;PR;Jardim Atuba;-25,399929;-49,192935;2025-03-05 03:00:00.0;0,00
PINHAIS;411915203A;PR;Jardim Atuba;-25,399929;-49,192935;2025-03-05 04:00:00.0;0,00
PINHAIS;411915203A;PR;Jardim Atuba;-25,399929;-49,192935;2025-03-05 05:00:00.0;0,00
PINHAIS;411915203A;PR;Jardim Atuba;-25,399929;-49,192935;2025-03-05 06:00:00.0;0,00
PINHAIS;411915203A;PR;Jardim Atuba;-25,399929;-49,192935;2025-03-05 07:00:00.0;0,00
PINHAIS;411915203A;PR;Jardim Atuba;-25,399929;-49,192935;2025-03-05 08:00:00.0;0,00
PINHAIS;411915203A;PR;Jardim Atuba;-25,399929;-49,192935;2025-03-05 09:00:00.0;0,00
PINHAIS;411915203A;PR;Jardim Atuba;-25,399929;-49,192935;2025-03-05 10:00:00.0;0,00
PINHAIS;411915203A;PR;Jardim Atuba;-25,399929;-49,192935;2025-03-05 11:00:00.0;0,00
PINHAIS;411915203A;PR;Jardim Atuba;-25,399929;-49,192935;2025-03-05 12:00:00.0;0,00
PINHAIS;411915203A;PR;Jardim Atuba;-25,399929;-49,192935;2025-03-05 13:00:00.0;0,00
PINHAIS;411915203A;PR;Jardim Atuba;-25,399929;-49,192935;2025-03-05 14:00:00.0;0,00
PINHAIS;411915203A;PR;Jardim Atuba;-25,399929;-49,192935;2025-03-05 15:00:00.0;0,00
PINHAIS;411915203A;PR;Jardim Atuba;-25,399929;-49,192935;2025-03-05 16:00:00.0;0,00
PINHAIS;411915203A;PR;Jardim Atuba;-25,399929;-49,192935;2025-03-05 17:00:00.0;0,00
PINHAIS;411915203A;PR;Jardim Atuba;-25,399929;-49,192935;2025-03-05 18:00:00.0;0,00
PINHAIS;411915203A;PR;Jardim Atuba;-25,399929;-49,192935;2025-03-05 19:30:00.0;0,00
PINHAIS;411915203A;PR;Jardim Atuba;-25,399929;-49,192935;2025-03-05 20:00:00.0;0,00
PINHAIS;411915203A;PR;Jardim Atuba;-25,399929;-49,192935;2025-03-05 21:00:00.0;0,00
PINHAIS;411915203A;PR;Jardim Atuba;-25,399929;-49,192935;2025-03-05 22:00:00.0;0,00
PINHAIS;411915203A;PR;Jardim Atuba;-25,399929;-49,192935;2025-03-05 23:30:00.0;0,00
PINHAIS;411915203A;PR;Jardim Atuba;-25,399929;-49,192935;2025-03-06 00:20:00.0;0,00
PINHAIS;411915203A;PR;Jardim Atuba;-25,399929;-49,192935;2025-03-06 01:20:00.0;0,00
PINHAIS;411915203A;PR;Jardim Atuba;-25,399929;-49,192935;2025-03-06 02:10:00.0;0,00
PINHAIS;411915203A;PR;Jardim Atuba;-25,399929;-49,192935;2025-03-06 03:10:00.0;0,00
PINHAIS;411915203A;PR;Jardim Atuba;-25,399929;-49,192935;2025-03-06 04:10:00.0;0,00
PINHAIS;411915203A;PR;Jardim Atuba;-25,399929;-49,192935;2025-03-06 05:10:00.0;0,00
PINHAIS;411915203A;PR;Jardim Atuba;-25,399929;-49,192935;2025-03-06 06:10:00.0;0,00
PINHAIS;411915203A;PR;Jardim Atuba;-25,399929;-49,192935;2025-03-06 08:10:00.0;0,00
PINHAIS;411915203A;PR;Jardim Atuba;-25,399929;-49,192935;2025-03-06 09:00:00.0;0,00
PINHAIS;411915203A;PR;Jardim Atuba;-25,399929;-49,192935;2025-03-06 10:00:00.0;0,00
PINHAIS;411915203A;PR;Jardim Atuba;-25,399929;-49,192935;2025-03-06 11:20:00.0;0,00
PINHAIS;411915203A;PR;Jardim Atuba;-25,399929;-49,192935;2025-03-06 12:10:00.0;0,00
PINHAIS;411915203A;PR;Jardim Atuba;-25,399929;-49,192935;2025-03-06 14:10:00.0;0,00
PINHAIS;411915203A;PR;Jardim Atuba;-25,399929;-49,192935;2025-03-06 15:20:00.0;0,00
PINHAIS;411915203A;PR;Jardim Atuba;-25,399929;-49,192935;2025-03-06 16:00:00.0;0,00
PINHAIS;411915203A;PR;Jardim Atuba;-25,399929;-49,192935;2025-03-06 17:00:00.0;0,00
PINHAIS;411915203A;PR;Jardim Atuba;-25,399929;-49,192935;2025-03-06 18:00:00.0;0,00
PINHAIS;411915203A;PR;Jardim Atuba;-25,399929;-49,192935;2025-03-06 19:00:00.0;0,00
PINHAIS;411915203A;PR;Jardim Atuba;-25,399929;-49,192935;2025-03-06 20:00:00.0;0,00
PINHAIS;411915203A;PR;Jardim Atuba;-25,399929;-49,192935;2025-03-06 21:00:00.0;0,00
PINHAIS;411915203A;PR;Jardim Atuba;-25,399929;-49,192935;2025-03-06 22:00:00.0;0,00
PINHAIS;411915203A;PR;Jardim Atuba;-25,399929;-49,192935;2025-03-06 23:00:00.0;0,00
PINHAIS;411915203A;PR;Jardim Atuba;-25,399929;-49,192935;2025-03-07 00:00:00.0;0,00
PINHAIS;411915203A;PR;Jardim Atuba;-25,399929;-49,192935;2025-03-07 01:00:00.0;0,00
PINHAIS;411915203A;PR;Jardim Atuba;-25,399929;-49,192935;2025-03-07 02:00:00.0;0,00
PINHAIS;411915203A;PR;Jardim Atuba;-25,399929;-49,192935;2025-03-07 03:00:00.0;0,00
PINHAIS;411915203A;PR;Jardim Atuba;-25,399929;-49,192935;2025-03-07 04:00:00.0;0,00
PINHAIS;411915203A;PR;Jardim Atuba;-25,399929;-49,192935;2025-03-07 05:00:00.0;0,00
PINHAIS;411915203A;PR;Jardim Atuba;-25,399929;-49,192935;2025-03-07 06:00:00.0;0,00
PINHAIS;411915203A;PR;Jardim Atuba;-25,399929;-49,192935;2025-03-07 07:00:00.0;0,00
PINHAIS;411915203A;PR;Jardim Atuba;-25,399929;-49,192935;2025-03-07 08:00:00.0;0,00
PINHAIS;411915203A;PR;Jardim Atuba;-25,399929;-49,192935;2025-03-07 09:00:00.0;0,00
PINHAIS;411915203A;PR;Jardim Atuba;-25,399929;-49,192935;2025-03-07 10:00:00.0;0,00
PINHAIS;411915203A;PR;Jardim Atuba;-25,399929;-49,192935;2025-03-07 11:00:00.0;0,00
PINHAIS;411915203A;PR;Jardim Atuba;-25,399929;-49,192935;2025-03-07 12:00:00.0;0,00
PINHAIS;411915203A;PR;Jardim Atuba;-25,399929;-49,192935;2025-03-07 13:00:00.0;0,00
PINHAIS;411915203A;PR;Jardim Atuba;-25,399929;-49,192935;2025-03-07 14:00:00.0;0,00
PINHAIS;411915203A;PR;Jardim Atuba;-25,399929;-49,192935;2025-03-07 15:00:00.0;0,00
PINHAIS;411915203A;PR;Jardim Atuba;-25,399929;-49,192935;2025-03-07 15:40:00.0;0,20
PINHAIS;411915203A;PR;Jardim Atuba;-25,399929;-49,192935;2025-03-07 16:00:00.0;0,00
PINHAIS;411915203A;PR;Jardim Atuba;-25,399929;-49,192935;2025-03-07 17:00:00.0;0,00
PINHAIS;411915203A;PR;Jardim Atuba;-25,399929;-49,192935;2025-03-07 18:00:00.0;0,00
PINHAIS;411915203A;PR;Jardim Atuba;-25,399929;-49,192935;2025-03-07 19:00:00.0;0,00
PINHAIS;411915203A;PR;Jardim Atuba;-25,399929;-49,192935;2025-03-07 20:00:00.0;0,00
PINHAIS;411915203A;PR;Jardim Atuba;-25,399929;-49,192935;2025-03-07 21:00:00.0;0,00
PINHAIS;411915203A;PR;Jardim Atuba;-25,399929;-49,192935;2025-03-07 22:00:00.0;0,00
PINHAIS;411915203A;PR;Jardim Atuba;-25,399929;-49,192935;2025-03-07 23:00:00.0;0,00
PINHAIS;411915203A;PR;Jardim Atuba;-25,399929;-49,192935;2025-03-08 00:00:00.0;0,00
PINHAIS;411915203A;PR;Jardim Atuba;-25,399929;-49,192935;2025-03-08 01:00:00.0;0,00
PINHAIS;411915203A;PR;Jardim Atuba;-25,399929;-49,192935;2025-03-08 02:00:00.0;0,00
PINHAIS;411915203A;PR;Jardim Atuba;-25,399929;-49,192935;2025-03-08 03:00:00.0;0,00
PINHAIS;411915203A;PR;Jardim Atuba;-25,399929;-49,192935;2025-03-08 04:00:00.0;0,00
PINHAIS;411915203A;PR;Jardim Atuba;-25,399929;-49,192935;2025-03-08 05:00:00.0;0,00
PINHAIS;411915203A;PR;Jardim Atuba;-25,399929;-49,192935;2025-03-08 06:00:00.0;0,00
PINHAIS;411915203A;PR;Jardim Atuba;-25,399929;-49,192935;2025-03-08 07:00:00.0;0,00
PINHAIS;411915203A;PR;Jardim Atuba;-25,399929;-49,192935;2025-03-08 08:00:00.0;0,00
PINHAIS;411915203A;PR;Jardim Atuba;-25,399929;-49,192935;2025-03-08 09:00:00.0;0,00
PINHAIS;411915203A;PR;Jardim Atuba;-25,399929;-49,192935;2025-03-08 10:00:00.0;0,00
PINHAIS;411915203A;PR;Jardim Atuba;-25,399929;-49,192935;2025-03-08 11:00:00.0;0,00
PINHAIS;411915203A;PR;Jardim Atuba;-25,399929;-49,192935;2025-03-08 12:00:00.0;0,00
PINHAIS;411915203A;PR;Jardim Atuba;-25,399929;-49,192935;2025-03-08 13:00:00.0;0,00
PINHAIS;411915203A;PR;Jardim Atuba;-25,399929;-49,192935;2025-03-08 14:00:00.0;0,00
PINHAIS;411915203A;PR;Jardim Atuba;-25,399929;-49,192935;2025-03-08 15:00:00.0;0,00
PINHAIS;411915203A;PR;Jardim Atuba;-25,399929;-49,192935;2025-03-08 16:00:00.0;0,00
PINHAIS;411915203A;PR;Jardim Atuba;-25,399929;-49,192935;2025-03-08 17:00:00.0;0,00
PINHAIS;411915203A;PR;Jardim Atuba;-25,399929;-49,192935;2025-03-08 18:00:00.0;0,00
PINHAIS;411915203A;PR;Jardim Atuba;-25,399929;-49,192935;2025-03-08 19:00:00.0;0,00
PINHAIS;411915203A;PR;Jardim Atuba;-25,399929;-49,192935;2025-03-08 20:00:00.0;0,00
PINHAIS;411915203A;PR;Jardim Atuba;-25,399929;-49,192935;2025-03-08 21:00:00.0;0,00
PINHAIS;411915203A;PR;Jardim Atuba;-25,399929;-49,192935;2025-03-08 22:00:00.0;0,00
PINHAIS;411915203A;PR;Jardim Atuba;-25,399929;-49,192935;2025-03-08 23:00:00.0;0,00
PINHAIS;411915203A;PR;Jardim Atuba;-25,399929;-49,192935;2025-03-09 00:00:00.0;0,00
PINHAIS;411915203A;PR;Jardim Atuba;-25,399929;-49,192935;2025-03-09 01:00:00.0;0,00
PINHAIS;411915203A;PR;Jardim Atuba;-25,399929;-49,192935;2025-03-09 02:00:00.0;0,00
PINHAIS;411915203A;PR;Jardim Atuba;-25,399929;-49,192935;2025-03-09 03:00:00.0;0,00
PINHAIS;411915203A;PR;Jardim Atuba;-25,399929;-49,192935;2025-03-09 04:00:00.0;0,00
PINHAIS;411915203A;PR;Jardim Atuba;-25,399929;-49,192935;2025-03-09 05:00:00.0;0,00
PINHAIS;411915203A;PR;Jardim Atuba;-25,399929;-49,192935;2025-03-09 06:00:00.0;0,00
PINHAIS;411915203A;PR;Jardim Atuba;-25,399929;-49,192935;2025-03-09 07:00:00.0;0,00
PINHAIS;411915203A;PR;Jardim Atuba;-25,399929;-49,192935;2025-03-09 08:00:00.0;0,00
PINHAIS;411915203A;PR;Jardim Atuba;-25,399929;-49,192935;2025-03-09 09:00:00.0;0,00
PINHAIS;411915203A;PR;Jardim Atuba;-25,399929;-49,192935;2025-03-09 10:00:00.0;0,00
PINHAIS;411915203A;PR;Jardim Atuba;-25,399929;-49,192935;2025-03-09 11:00:00.0;0,00
PINHAIS;411915203A;PR;Jardim Atuba;-25,399929;-49,192935;2025-03-09 12:00:00.0;0,00
PINHAIS;411915203A;PR;Jardim Atuba;-25,399929;-49,192935;2025-03-09 13:00:00.0;0,00
PINHAIS;411915203A;PR;Jardim Atuba;-25,399929;-49,192935;2025-03-09 14:00:00.0;0,00
PINHAIS;411915203A;PR;Jardim Atuba;-25,399929;-49,192935;2025-03-09 15:00:00.0;0,00
PINHAIS;411915203A;PR;Jardim Atuba;-25,399929;-49,192935;2025-03-09 16:00:00.0;0,00
PINHAIS;411915203A;PR;Jardim Atuba;-25,399929;-49,192935;2025-03-09 17:00:00.0;0,00
PINHAIS;411915203A;PR;Jardim Atuba;-25,399929;-49,192935;2025-03-09 18:00:00.0;0,00
PINHAIS;411915203A;PR;Jardim Atuba;-25,399929;-49,192935;2025-03-09 19:00:00.0;0,00
PINHAIS;411915203A;PR;Jardim Atuba;-25,399929;-49,192935;2025-03-09 20:00:00.0;0,00
PINHAIS;411915203A;PR;Jardim Atuba;-25,399929;-49,192935;2025-03-09 21:00:00.0;0,00
PINHAIS;411915203A;PR;Jardim Atuba;-25,399929;-49,192935;2025-03-09 21:20:00.0;2,36
PINHAIS;411915203A;PR;Jardim Atuba;-25,399929;-49,192935;2025-03-09 21:30:00.0;1,37
PINHAIS;411915203A;PR;Jardim Atuba;-25,399929;-49,192935;2025-03-09 21:40:00.0;0,59
PINHAIS;411915203A;PR;Jardim Atuba;-25,399929;-49,192935;2025-03-09 22:00:00.0;0,00
PINHAIS;411915203A;PR;Jardim Atuba;-25,399929;-49,192935;2025-03-09 22:30:00.0;0,39
PINHAIS;411915203A;PR;Jardim Atuba;-25,399929;-49,192935;2025-03-09 22:40:00.0;1,77
PINHAIS;411915203A;PR;Jardim Atuba;-25,399929;-49,192935;2025-03-09 22:50:00.0;1,58
PINHAIS;411915203A;PR;Jardim Atuba;-25,399929;-49,192935;2025-03-09 23:00:00.0;0,00
PINHAIS;411915203A;PR;Jardim Atuba;-25,399929;-49,192935;2025-03-09 23:50:00.0;0,20
PINHAIS;411915203A;PR;Jardim Atuba;-25,399929;-49,192935;2025-03-10 00:00:00.0;0,39
PINHAIS;411915203A;PR;Jardim Atuba;-25,399929;-49,192935;2025-03-10 00:10:00.0;0,20
PINHAIS;411915203A;PR;Jardim Atuba;-25,399929;-49,192935;2025-03-10 01:00:00.0;0,00
PINHAIS;411915203A;PR;Jardim Atuba;-25,399929;-49,192935;2025-03-10 02:00:00.0;0,00
PINHAIS;411915203A;PR;Jardim Atuba;-25,399929;-49,192935;2025-03-10 03:00:00.0;0,00
PINHAIS;411915203A;PR;Jardim Atuba;-25,399929;-49,192935;2025-03-10 04:00:00.0;0,00
PINHAIS;411915203A;PR;Jardim Atuba;-25,399929;-49,192935;2025-03-10 05:00:00.0;0,00
PINHAIS;411915203A;PR;Jardim Atuba;-25,399929;-49,192935;2025-03-10 06:00:00.0;0,00
PINHAIS;411915203A;PR;Jardim Atuba;-25,399929;-49,192935;2025-03-10 07:00:00.0;0,00
PINHAIS;411915203A;PR;Jardim Atuba;-25,399929;-49,192935;2025-03-10 08:00:00.0;0,00
PINHAIS;411915203A;PR;Jardim Atuba;-25,399929;-49,192935;2025-03-10 09:00:00.0;0,00
PINHAIS;411915203A;PR;Jardim Atuba;-25,399929;-49,192935;2025-03-10 10:00:00.0;0,00
PINHAIS;411915203A;PR;Jardim Atuba;-25,399929;-49,192935;2025-03-10 11:00:00.0;0,00
PINHAIS;411915203A;PR;Jardim Atuba;-25,399929;-49,192935;2025-03-10 12:00:00.0;0,00
PINHAIS;411915203A;PR;Jardim Atuba;-25,399929;-49,192935;2025-03-10 13:00:00.0;0,00
PINHAIS;411915203A;PR;Jardim Atuba;-25,399929;-49,192935;2025-03-10 14:00:00.0;0,00
PINHAIS;411915203A;PR;Jardim Atuba;-25,399929;-49,192935;2025-03-10 15:00:00.0;0,00
PINHAIS;411915203A;PR;Jardim Atuba;-25,399929;-49,192935;2025-03-10 16:00:00.0;0,00
PINHAIS;411915203A;PR;Jardim Atuba;-25,399929;-49,192935;2025-03-10 17:00:00.0;0,00
PINHAIS;411915203A;PR;Jardim Atuba;-25,399929;-49,192935;2025-03-10 18:00:00.0;0,00
PINHAIS;411915203A;PR;Jardim Atuba;-25,399929;-49,192935;2025-03-10 19:00:00.0;0,00
PINHAIS;411915203A;PR;Jardim Atuba;-25,399929;-49,192935;2025-03-10 20:00:00.0;0,00
PINHAIS;411915203A;PR;Jardim Atuba;-25,399929;-49,192935;2025-03-10 21:00:00.0;0,00
PINHAIS;411915203A;PR;Jardim Atuba;-25,399929;-49,192935;2025-03-10 22:00:00.0;0,00
PINHAIS;411915203A;PR;Jardim Atuba;-25,399929;-49,192935;2025-03-10 23:00:00.0;0,00
PINHAIS;411915203A;PR;Jardim Atuba;-25,399929;-49,192935;2025-03-11 00:00:00.0;0,00
PINHAIS;411915203A;PR;Jardim Atuba;-25,399929;-49,192935;2025-03-11 01:00:00.0;0,00
PINHAIS;411915203A;PR;Jardim Atuba;-25,399929;-49,192935;2025-03-11 02:00:00.0;0,00
PINHAIS;411915203A;PR;Jardim Atuba;-25,399929;-49,192935;2025-03-11 03:00:00.0;0,00
PINHAIS;411915203A;PR;Jardim Atuba;-25,399929;-49,192935;2025-03-11 04:00:00.0;0,00
PINHAIS;411915203A;PR;Jardim Atuba;-25,399929;-49,192935;2025-03-11 05:00:00.0;0,00
PINHAIS;411915203A;PR;Jardim Atuba;-25,399929;-49,192935;2025-03-11 06:00:00.0;0,00
PINHAIS;411915203A;PR;Jardim Atuba;-25,399929;-49,192935;2025-03-11 07:00:00.0;0,00
PINHAIS;411915203A;PR;Jardim Atuba;-25,399929;-49,192935;2025-03-11 08:00:00.0;0,00
PINHAIS;411915203A;PR;Jardim Atuba;-25,399929;-49,192935;2025-03-11 09:00:00.0;0,00
PINHAIS;411915203A;PR;Jardim Atuba;-25,399929;-49,192935;2025-03-11 10:00:00.0;0,00
PINHAIS;411915203A;PR;Jardim Atuba;-25,399929;-49,192935;2025-03-11 11:00:00.0;0,00
PINHAIS;411915203A;PR;Jardim Atuba;-25,399929;-49,192935;2025-03-11 12:00:00.0;0,00
PINHAIS;411915203A;PR;Jardim Atuba;-25,399929;-49,192935;2025-03-11 13:00:00.0;0,00
PINHAIS;411915203A;PR;Jardim Atuba;-25,399929;-49,192935;2025-03-11 14:00:00.0;0,00
PINHAIS;411915203A;PR;Jardim Atuba;-25,399929;-49,192935;2025-03-11 15:00:00.0;0,00
PINHAIS;411915203A;PR;Jardim Atuba;-25,399929;-49,192935;2025-03-11 16:00:00.0;0,00
PINHAIS;411915203A;PR;Jardim Atuba;-25,399929;-49,192935;2025-03-11 17:50:00.0;0,00
PINHAIS;411915203A;PR;Jardim Atuba;-25,399929;-49,192935;2025-03-11 18:10:00.0;2,16
PINHAIS;411915203A;PR;Jardim Atuba;-25,399929;-49,192935;2025-03-11 18:20:00.0;13,42
PINHAIS;411915203A;PR;Jardim Atuba;-25,399929;-49,192935;2025-03-11 18:30:00.0;12,00
PINHAIS;411915203A;PR;Jardim Atuba;-25,399929;-49,192935;2025-03-11 18:40:00.0;7,50
PINHAIS;411915203A;PR;Jardim Atuba;-25,399929;-49,192935;2025-03-11 18:50:00.0;2,56
PINHAIS;411915203A;PR;Jardim Atuba;-25,399929;-49,192935;2025-03-11 20:10:00.0;0,00
PINHAIS;411915203A;PR;Jardim Atuba;-25,399929;-49,192935;2025-03-11 21:10:00.0;0,20
PINHAIS;411915203A;PR;Jardim Atuba;-25,399929;-49,192935;2025-03-11 21:20:00.0;0,59
PINHAIS;411915203A;PR;Jardim Atuba;-25,399929;-49,192935;2025-03-11 21:30:00.0;0,20
PINHAIS;411915203A;PR;Jardim Atuba;-25,399929;-49,192935;2025-03-11 21:40:00.0;0,39
PINHAIS;411915203A;PR;Jardim Atuba;-25,399929;-49,192935;2025-03-11 21:50:00.0;0,39
PINHAIS;411915203A;PR;Jardim Atuba;-25,399929;-49,192935;2025-03-11 22:00:00.0;1,77
PINHAIS;411915203A;PR;Jardim Atuba;-25,399929;-49,192935;2025-03-11 22:10:00.0;0,98
PINHAIS;411915203A;PR;Jardim Atuba;-25,399929;-49,192935;2025-03-11 22:20:00.0;0,98
PINHAIS;411915203A;PR;Jardim Atuba;-25,399929;-49,192935;2025-03-11 22:30:00.0;1,57
PINHAIS;411915203A;PR;Jardim Atuba;-25,399929;-49,192935;2025-03-11 22:40:00.0;2,56
PINHAIS;411915203A;PR;Jardim Atuba;-25,399929;-49,192935;2025-03-11 22:50:00.0;3,15
PINHAIS;411915203A;PR;Jardim Atuba;-25,399929;-49,192935;2025-03-11 23:00:00.0;1,37
PINHAIS;411915203A;PR;Jardim Atuba;-25,399929;-49,192935;2025-03-11 23:10:00.0;1,57
PINHAIS;411915203A;PR;Jardim Atuba;-25,399929;-49,192935;2025-03-11 23:20:00.0;1,37
PINHAIS;411915203A;PR;Jardim Atuba;-25,399929;-49,192935;2025-03-11 23:30:00.0;0,79
PINHAIS;411915203A;PR;Jardim Atuba;-25,399929;-49,192935;2025-03-11 23:40:00.0;0,20
PINHAIS;411915203A;PR;Jardim Atuba;-25,399929;-49,192935;2025-03-11 23:50:00.0;0,20
PINHAIS;411915203A;PR;Jardim Atuba;-25,399929;-49,192935;2025-03-12 01:40:00.0;0,20
PINHAIS;411915203A;PR;Jardim Atuba;-25,399929;-49,192935;2025-03-12 03:10:00.0;0,00
PINHAIS;411915203A;PR;Jardim Atuba;-25,399929;-49,192935;2025-03-12 04:20:00.0;0,00
PINHAIS;411915203A;PR;Jardim Atuba;-25,399929;-49,192935;2025-03-12 05:10:00.0;0,00
PINHAIS;411915203A;PR;Jardim Atuba;-25,399929;-49,192935;2025-03-12 06:00:00.0;0,00
PINHAIS;411915203A;PR;Jardim Atuba;-25,399929;-49,192935;2025-03-12 07:00:00.0;0,00
PINHAIS;411915203A;PR;Jardim Atuba;-25,399929;-49,192935;2025-03-12 07:30:00.0;0,42
PINHAIS;411915203A;PR;Jardim Atuba;-25,399929;-49,192935;2025-03-12 08:00:00.0;0,00
PINHAIS;411915203A;PR;Jardim Atuba;-25,399929;-49,192935;2025-03-12 09:00:00.0;0,00
PINHAIS;411915203A;PR;Jardim Atuba;-25,399929;-49,192935;2025-03-12 10:00:00.0;0,00
PINHAIS;411915203A;PR;Jardim Atuba;-25,399929;-49,192935;2025-03-12 11:00:00.0;0,00
PINHAIS;411915203A;PR;Jardim Atuba;-25,399929;-49,192935;2025-03-12 12:00:00.0;0,00
PINHAIS;411915203A;PR;Jardim Atuba;-25,399929;-49,192935;2025-03-12 13:00:00.0;0,00
PINHAIS;411915203A;PR;Jardim Atuba;-25,399929;-49,192935;2025-03-12 14:00:00.0;0,00
PINHAIS;411915203A;PR;Jardim Atuba;-25,399929;-49,192935;2025-03-12 15:00:00.0;0,00
PINHAIS;411915203A;PR;Jardim Atuba;-25,399929;-49,192935;2025-03-12 15:40:00.0;0,20
PINHAIS;411915203A;PR;Jardim Atuba;-25,399929;-49,192935;2025-03-12 15:50:00.0;0,79
PINHAIS;411915203A;PR;Jardim Atuba;-25,399929;-49,192935;2025-03-12 16:00:00.0;1,96
PINHAIS;411915203A;PR;Jardim Atuba;-25,399929;-49,192935;2025-03-12 16:10:00.0;0,79
PINHAIS;411915203A;PR;Jardim Atuba;-25,399929;-49,192935;2025-03-12 17:00:00.0;0,00
PINHAIS;411915203A;PR;Jardim Atuba;-25,399929;-49,192935;2025-03-12 18:00:00.0;0,00
PINHAIS;411915203A;PR;Jardim Atuba;-25,399929;-49,192935;2025-03-12 19:00:00.0;0,00
PINHAIS;411915203A;PR;Jardim Atuba;-25,399929;-49,192935;2025-03-12 20:00:00.0;0,00
PINHAIS;411915203A;PR;Jardim Atuba;-25,399929;-49,192935;2025-03-12 21:00:00.0;0,00
PINHAIS;411915203A;PR;Jardim Atuba;-25,399929;-49,192935;2025-03-12 21:10:00.0;1,18
PINHAIS;411915203A;PR;Jardim Atuba;-25,399929;-49,192935;2025-03-12 21:20:00.0;15,80
PINHAIS;411915203A;PR;Jardim Atuba;-25,399929;-49,192935;2025-03-12 21:30:00.0;7,91
PINHAIS;411915203A;PR;Jardim Atuba;-25,399929;-49,192935;2025-03-12 21:40:00.0;2,36
PINHAIS;411915203A;PR;Jardim Atuba;-25,399929;-49,192935;2025-03-12 21:50:00.0;1,37
PINHAIS;411915203A;PR;Jardim Atuba;-25,399929;-49,192935;2025-03-12 22:00:00.0;1,77
PINHAIS;411915203A;PR;Jardim Atuba;-25,399929;-49,192935;2025-03-12 22:10:00.0;1,77
PINHAIS;411915203A;PR;Jardim Atuba;-25,399929;-49,192935;2025-03-12 22:20:00.0;0,59
PINHAIS;411915203A;PR;Jardim Atuba;-25,399929;-49,192935;2025-03-12 22:30:00.0;0,20
PINHAIS;411915203A;PR;Jardim Atuba;-25,399929;-49,192935;2025-03-12 22:40:00.0;0,20
PINHAIS;411915203A;PR;Jardim Atuba;-25,399929;-49,192935;2025-03-12 22:50:00.0;0,98
PINHAIS;411915203A;PR;Jardim Atuba;-25,399929;-49,192935;2025-03-12 23:00:00.0;0,39
PINHAIS;411915203A;PR;Jardim Atuba;-25,399929;-49,192935;2025-03-12 23:10:00.0;0,59
PINHAIS;411915203A;PR;Jardim Atuba;-25,399929;-49,192935;2025-03-12 23:20:00.0;0,20
PINHAIS;411915203A;PR;Jardim Atuba;-25,399929;-49,192935;2025-03-12 23:30:00.0;0,20
PINHAIS;411915203A;PR;Jardim Atuba;-25,399929;-49,192935;2025-03-12 23:40:00.0;0,59
PINHAIS;411915203A;PR;Jardim Atuba;-25,399929;-49,192935;2025-03-12 23:50:00.0;0,79
PINHAIS;411915203A;PR;Jardim Atuba;-25,399929;-49,192935;2025-03-13 00:00:00.0;0,20
PINHAIS;411915203A;PR;Jardim Atuba;-25,399929;-49,192935;2025-03-13 01:00:00.0;0,00
PINHAIS;411915203A;PR;Jardim Atuba;-25,399929;-49,192935;2025-03-13 02:00:00.0;0,00
PINHAIS;411915203A;PR;Jardim Atuba;-25,399929;-49,192935;2025-03-13 03:00:00.0;0,00
PINHAIS;411915203A;PR;Jardim Atuba;-25,399929;-49,192935;2025-03-13 03:40:00.0;0,20
PINHAIS;411915203A;PR;Jardim Atuba;-25,399929;-49,192935;2025-03-13 03:50:00.0;0,20
PINHAIS;411915203A;PR;Jardim Atuba;-25,399929;-49,192935;2025-03-13 04:00:00.0;0,00
PINHAIS;411915203A;PR;Jardim Atuba;-25,399929;-49,192935;2025-03-13 05:00:00.0;0,00
PINHAIS;411915203A;PR;Jardim Atuba;-25,399929;-49,192935;2025-03-13 06:00:00.0;0,42
PINHAIS;411915203A;PR;Jardim Atuba;-25,399929;-49,192935;2025-03-13 07:00:00.0;0,00
PINHAIS;411915203A;PR;Jardim Atuba;-25,399929;-49,192935;2025-03-13 07:10:00.0;0,20
PINHAIS;411915203A;PR;Jardim Atuba;-25,399929;-49,192935;2025-03-13 07:30:00.0;0,20
PINHAIS;411915203A;PR;Jardim Atuba;-25,399929;-49,192935;2025-03-13 07:50:00.0;0,39
PINHAIS;411915203A;PR;Jardim Atuba;-25,399929;-49,192935;2025-03-13 08:00:00.0;0,00
PINHAIS;411915203A;PR;Jardim Atuba;-25,399929;-49,192935;2025-03-13 08:10:00.0;0,39
PINHAIS;411915203A;PR;Jardim Atuba;-25,399929;-49,192935;2025-03-13 08:20:00.0;0,20
PINHAIS;411915203A;PR;Jardim Atuba;-25,399929;-49,192935;2025-03-13 08:30:00.0;0,42
PINHAIS;411915203A;PR;Jardim Atuba;-25,399929;-49,192935;2025-03-13 09:00:00.0;0,00
PINHAIS;411915203A;PR;Jardim Atuba;-25,399929;-49,192935;2025-03-13 10:00:00.0;0,00
PINHAIS;411915203A;PR;Jardim Atuba;-25,399929;-49,192935;2025-03-13 11:00:00.0;0,00
PINHAIS;411915203A;PR;Jardim Atuba;-25,399929;-49,192935;2025-03-13 12:00:00.0;0,00
PINHAIS;411915203A;PR;Jardim Atuba;-25,399929;-49,192935;2025-03-13 13:00:00.0;0,00
PINHAIS;411915203A;PR;Jardim Atuba;-25,399929;-49,192935;2025-03-13 14:00:00.0;0,00
PINHAIS;411915203A;PR;Jardim Atuba;-25,399929;-49,192935;2025-03-13 15:00:00.0;0,00
PINHAIS;411915203A;PR;Jardim Atuba;-25,399929;-49,192935;2025-03-13 16:00:00.0;0,00
PINHAIS;411915203A;PR;Jardim Atuba;-25,399929;-49,192935;2025-03-13 17:00:00.0;0,00
PINHAIS;411915203A;PR;Jardim Atuba;-25,399929;-49,192935;2025-03-13 18:00:00.0;0,00
PINHAIS;411915203A;PR;Jardim Atuba;-25,399929;-49,192935;2025-03-13 19:00:00.0;0,00
PINHAIS;411915203A;PR;Jardim Atuba;-25,399929;-49,192935;2025-03-13 20:00:00.0;0,00
PINHAIS;411915203A;PR;Jardim Atuba;-25,399929;-49,192935;2025-03-13 21:00:00.0;0,00
PINHAIS;411915203A;PR;Jardim Atuba;-25,399929;-49,192935;2025-03-13 22:00:00.0;0,00
PINHAIS;411915203A;PR;Jardim Atuba;-25,399929;-49,192935;2025-03-13 23:00:00.0;0,00
PINHAIS;411915203A;PR;Jardim Atuba;-25,399929;-49,192935;2025-03-13 23:10:00.0;0,79
PINHAIS;411915203A;PR;Jardim Atuba;-25,399929;-49,192935;2025-03-13 23:20:00.0;2,56
PINHAIS;411915203A;PR;Jardim Atuba;-25,399929;-49,192935;2025-03-13 23:30:00.0;0,42
PINHAIS;411915203A;PR;Jardim Atuba;-25,399929;-49,192935;2025-03-14 00:00:00.0;0,00
PINHAIS;411915203A;PR;Jardim Atuba;-25,399929;-49,192935;2025-03-14 00:10:00.0;0,20
PINHAIS;411915203A;PR;Jardim Atuba;-25,399929;-49,192935;2025-03-14 01:00:00.0;0,00
PINHAIS;411915203A;PR;Jardim Atuba;-25,399929;-49,192935;2025-03-14 01:20:00.0;2,95
PINHAIS;411915203A;PR;Jardim Atuba;-25,399929;-49,192935;2025-03-14 01:30:00.0;2,56
PINHAIS;411915203A;PR;Jardim Atuba;-25,399929;-49,192935;2025-03-14 01:40:00.0;0,98
PINHAIS;411915203A;PR;Jardim Atuba;-25,399929;-49,192935;2025-03-14 01:50:00.0;0,20
PINHAIS;411915203A;PR;Jardim Atuba;-25,399929;-49,192935;2025-03-14 02:00:00.0;0,00
PINHAIS;411915203A;PR;Jardim Atuba;-25,399929;-49,192935;2025-03-14 02:10:00.0;0,20
PINHAIS;411915203A;PR;Jardim Atuba;-25,399929;-49,192935;2025-03-14 03:00:00.0;0,00
PINHAIS;411915203A;PR;Jardim Atuba;-25,399929;-49,192935;2025-03-14 04:00:00.0;0,00
PINHAIS;411915203A;PR;Jardim Atuba;-25,399929;-49,192935;2025-03-14 05:00:00.0;0,00
PINHAIS;411915203A;PR;Jardim Atuba;-25,399929;-49,192935;2025-03-14 05:40:00.0;0,20
PINHAIS;411915203A;PR;Jardim Atuba;-25,399929;-49,192935;2025-03-14 06:00:00.0;0,00
PINHAIS;411915203A;PR;Jardim Atuba;-25,399929;-49,192935;2025-03-14 07:00:00.0;0,00
PINHAIS;411915203A;PR;Jardim Atuba;-25,399929;-49,192935;2025-03-14 08:00:00.0;0,00
PINHAIS;411915203A;PR;Jardim Atuba;-25,399929;-49,192935;2025-03-14 09:00:00.0;0,00
PINHAIS;411915203A;PR;Jardim Atuba;-25,399929;-49,192935;2025-03-14 10:00:00.0;0,00
PINHAIS;411915203A;PR;Jardim Atuba;-25,399929;-49,192935;2025-03-14 11:00:00.0;0,00
PINHAIS;411915203A;PR;Jardim Atuba;-25,399929;-49,192935;2025-03-14 12:00:00.0;0,00
PINHAIS;411915203A;PR;Jardim Atuba;-25,399929;-49,192935;2025-03-14 13:00:00.0;0,00
PINHAIS;411915203A;PR;Jardim Atuba;-25,399929;-49,192935;2025-03-14 14:00:00.0;0,00
PINHAIS;411915203A;PR;Jardim Atuba;-25,399929;-49,192935;2025-03-14 15:00:00.0;0,00
PINHAIS;411915203A;PR;Jardim Atuba;-25,399929;-49,192935;2025-03-14 16:00:00.0;0,00
PINHAIS;411915203A;PR;Jardim Atuba;-25,399929;-49,192935;2025-03-14 17:00:00.0;0,00
PINHAIS;411915203A;PR;Jardim Atuba;-25,399929;-49,192935;2025-03-14 18:00:00.0;0,00
PINHAIS;411915203A;PR;Jardim Atuba;-25,399929;-49,192935;2025-03-14 19:00:00.0;0,00
PINHAIS;411915203A;PR;Jardim Atuba;-25,399929;-49,192935;2025-03-14 20:00:00.0;0,00
PINHAIS;411915203A;PR;Jardim Atuba;-25,399929;-49,192935;2025-03-14 21:00:00.0;0,00
PINHAIS;411915203A;PR;Jardim Atuba;-25,399929;-49,192935;2025-03-14 22:00:00.0;0,00
PINHAIS;411915203A;PR;Jardim Atuba;-25,399929;-49,192935;2025-03-14 23:00:00.0;0,00
PINHAIS;411915203A;PR;Jardim Atuba;-25,399929;-49,192935;2025-03-15 00:00:00.0;0,00
PINHAIS;411915203A;PR;Jardim Atuba;-25,399929;-49,192935;2025-03-15 01:00:00.0;0,00
PINHAIS;411915203A;PR;Jardim Atuba;-25,399929;-49,192935;2025-03-15 02:00:00.0;0,00
PINHAIS;411915203A;PR;Jardim Atuba;-25,399929;-49,192935;2025-03-15 03:00:00.0;0,00
PINHAIS;411915203A;PR;Jardim Atuba;-25,399929;-49,192935;2025-03-15 04:00:00.0;0,00
PINHAIS;411915203A;PR;Jardim Atuba;-25,399929;-49,192935;2025-03-15 05:00:00.0;0,00
PINHAIS;411915203A;PR;Jardim Atuba;-25,399929;-49,192935;2025-03-15 06:00:00.0;0,00
PINHAIS;411915203A;PR;Jardim Atuba;-25,399929;-49,192935;2025-03-15 07:00:00.0;0,00
PINHAIS;411915203A;PR;Jardim Atuba;-25,399929;-49,192935;2025-03-15 08:00:00.0;0,00
PINHAIS;411915203A;PR;Jardim Atuba;-25,399929;-49,192935;2025-03-15 09:00:00.0;0,00
PINHAIS;411915203A;PR;Jardim Atuba;-25,399929;-49,192935;2025-03-15 10:00:00.0;0,00
PINHAIS;411915203A;PR;Jardim Atuba;-25,399929;-49,192935;2025-03-15 11:00:00.0;0,00
PINHAIS;411915203A;PR;Jardim Atuba;-25,399929;-49,192935;2025-03-15 12:00:00.0;0,00
PINHAIS;411915203A;PR;Jardim Atuba;-25,399929;-49,192935;2025-03-15 13:00:00.0;0,00
PINHAIS;411915203A;PR;Jardim Atuba;-25,399929;-49,192935;2025-03-15 14:00:00.0;0,00
PINHAIS;411915203A;PR;Jardim Atuba;-25,399929;-49,192935;2025-03-15 15:00:00.0;0,00
PINHAIS;411915203A;PR;Jardim Atuba;-25,399929;-49,192935;2025-03-15 16:00:00.0;0,00
PINHAIS;411915203A;PR;Jardim Atuba;-25,399929;-49,192935;2025-03-15 17:00:00.0;0,00
PINHAIS;411915203A;PR;Jardim Atuba;-25,399929;-49,192935;2025-03-15 18:00:00.0;0,00
PINHAIS;411915203A;PR;Jardim Atuba;-25,399929;-49,192935;2025-03-15 19:00:00.0;0,00
PINHAIS;411915203A;PR;Jardim Atuba;-25,399929;-49,192935;2025-03-15 19:10:00.0;0,39
PINHAIS;411915203A;PR;Jardim Atuba;-25,399929;-49,192935;2025-03-15 19:20:00.0;0,59
PINHAIS;411915203A;PR;Jardim Atuba;-25,399929;-49,192935;2025-03-15 19:30:00.0;0,98
PINHAIS;411915203A;PR;Jardim Atuba;-25,399929;-49,192935;2025-03-15 19:40:00.0;1,77
PINHAIS;411915203A;PR;Jardim Atuba;-25,399929;-49,192935;2025-03-15 19:50:00.0;0,59
PINHAIS;411915203A;PR;Jardim Atuba;-25,399929;-49,192935;2025-03-15 20:00:00.0;1,37
PINHAIS;411915203A;PR;Jardim Atuba;-25,399929;-49,192935;2025-03-15 20:10:00.0;0,39
PINHAIS;411915203A;PR;Jardim Atuba;-25,399929;-49,192935;2025-03-15 20:20:00.0;0,59
PINHAIS;411915203A;PR;Jardim Atuba;-25,399929;-49,192935;2025-03-15 20:30:00.0;0,39
PINHAIS;411915203A;PR;Jardim Atuba;-25,399929;-49,192935;2025-03-15 21:00:00.0;0,00
PINHAIS;411915203A;PR;Jardim Atuba;-25,399929;-49,192935;2025-03-15 22:00:00.0;0,00
PINHAIS;411915203A;PR;Jardim Atuba;-25,399929;-49,192935;2025-03-15 23:00:00.0;0,00
PINHAIS;411915203A;PR;Jardim Atuba;-25,399929;-49,192935;2025-03-16 00:00:00.0;0,00
PINHAIS;411915203A;PR;Jardim Atuba;-25,399929;-49,192935;2025-03-16 01:00:00.0;0,00
PINHAIS;411915203A;PR;Jardim Atuba;-25,399929;-49,192935;2025-03-16 02:00:00.0;0,00
PINHAIS;411915203A;PR;Jardim Atuba;-25,399929;-49,192935;2025-03-16 03:00:00.0;0,00
PINHAIS;411915203A;PR;Jardim Atuba;-25,399929;-49,192935;2025-03-16 04:00:00.0;0,00
PINHAIS;411915203A;PR;Jardim Atuba;-25,399929;-49,192935;2025-03-16 05:00:00.0;0,00
PINHAIS;411915203A;PR;Jardim Atuba;-25,399929;-49,192935;2025-03-16 06:00:00.0;0,00
PINHAIS;411915203A;PR;Jardim Atuba;-25,399929;-49,192935;2025-03-16 07:00:00.0;0,00
PINHAIS;411915203A;PR;Jardim Atuba;-25,399929;-49,192935;2025-03-16 08:00:00.0;0,00
PINHAIS;411915203A;PR;Jardim Atuba;-25,399929;-49,192935;2025-03-16 09:00:00.0;0,00
PINHAIS;411915203A;PR;Jardim Atuba;-25,399929;-49,192935;2025-03-16 10:00:00.0;0,00
PINHAIS;411915203A;PR;Jardim Atuba;-25,399929;-49,192935;2025-03-16 11:00:00.0;0,00
PINHAIS;411915203A;PR;Jardim Atuba;-25,399929;-49,192935;2025-03-16 12:00:00.0;0,00
PINHAIS;411915203A;PR;Jardim Atuba;-25,399929;-49,192935;2025-03-16 13:00:00.0;0,00
PINHAIS;411915203A;PR;Jardim Atuba;-25,399929;-49,192935;2025-03-16 14:00:00.0;0,20
PINHAIS;411915203A;PR;Jardim Atuba;-25,399929;-49,192935;2025-03-16 15:00:00.0;0,00
PINHAIS;411915203A;PR;Jardim Atuba;-25,399929;-49,192935;2025-03-16 16:00:00.0;0,00
PINHAIS;411915203A;PR;Jardim Atuba;-25,399929;-49,192935;2025-03-16 17:00:00.0;0,00
PINHAIS;411915203A;PR;Jardim Atuba;-25,399929;-49,192935;2025-03-16 18:00:00.0;0,00
PINHAIS;411915203A;PR;Jardim Atuba;-25,399929;-49,192935;2025-03-16 19:00:00.0;0,00
PINHAIS;411915203A;PR;Jardim Atuba;-25,399929;-49,192935;2025-03-16 20:00:00.0;0,00
PINHAIS;411915203A;PR;Jardim Atuba;-25,399929;-49,192935;2025-03-16 21:00:00.0;0,00
PINHAIS;411915203A;PR;Jardim Atuba;-25,399929;-49,192935;2025-03-16 22:00:00.0;0,00
PINHAIS;411915203A;PR;Jardim Atuba;-25,399929;-49,192935;2025-03-16 23:00:00.0;0,00
PINHAIS;411915203A;PR;Jardim Atuba;-25,399929;-49,192935;2025-03-17 00:00:00.0;0,00
PINHAIS;411915203A;PR;Jardim Atuba;-25,399929;-49,192935;2025-03-17 01:00:00.0;0,00
PINHAIS;411915203A;PR;Jardim Atuba;-25,399929;-49,192935;2025-03-17 02:00:00.0;0,00
PINHAIS;411915203A;PR;Jardim Atuba;-25,399929;-49,192935;2025-03-17 03:00:00.0;0,00
PINHAIS;411915203A;PR;Jardim Atuba;-25,399929;-49,192935;2025-03-17 04:00:00.0;0,00
PINHAIS;411915203A;PR;Jardim Atuba;-25,399929;-49,192935;2025-03-17 05:50:00.0;0,00
PINHAIS;411915203A;PR;Jardim Atuba;-25,399929;-49,192935;2025-03-17 06:00:00.0;0,00
PINHAIS;411915203A;PR;Jardim Atuba;-25,399929;-49,192935;2025-03-17 07:10:00.0;0,00
PINHAIS;411915203A;PR;Jardim Atuba;-25,399929;-49,192935;2025-03-17 08:00:00.0;0,00
PINHAIS;411915203A;PR;Jardim Atuba;-25,399929;-49,192935;2025-03-17 09:40:00.0;0,00
PINHAIS;411915203A;PR;Jardim Atuba;-25,399929;-49,192935;2025-03-17 10:40:00.0;0,00
PINHAIS;411915203A;PR;Jardim Atuba;-25,399929;-49,192935;2025-03-17 11:30:00.0;0,00
PINHAIS;411915203A;PR;Jardim Atuba;-25,399929;-49,192935;2025-03-17 13:10:00.0;0,00
PINHAIS;411915203A;PR;Jardim Atuba;-25,399929;-49,192935;2025-03-17 15:10:00.0;0,00
PINHAIS;411915203A;PR;Jardim Atuba;-25,399929;-49,192935;2025-03-17 17:00:00.0;0,00
PINHAIS;411915203A;PR;Jardim Atuba;-25,399929;-49,192935;2025-03-17 18:00:00.0;0,00
PINHAIS;411915203A;PR;Jardim Atuba;-25,399929;-49,192935;2025-03-17 19:00:00.0;0,00
PINHAIS;411915203A;PR;Jardim Atuba;-25,399929;-49,192935;2025-03-17 20:00:00.0;0,00
PINHAIS;411915203A;PR;Jardim Atuba;-25,399929;-49,192935;2025-03-17 21:00:00.0;0,00
PINHAIS;411915203A;PR;Jardim Atuba;-25,399929;-49,192935;2025-03-17 22:10:00.0;0,00
PINHAIS;411915203A;PR;Jardim Atuba;-25,399929;-49,192935;2025-03-17 23:00:00.0;0,00
PINHAIS;411915203A;PR;Jardim Atuba;-25,399929;-49,192935;2025-03-18 00:00:00.0;0,00
PINHAIS;411915203A;PR;Jardim Atuba;-25,399929;-49,192935;2025-03-18 01:00:00.0;0,00
PINHAIS;411915203A;PR;Jardim Atuba;-25,399929;-49,192935;2025-03-18 02:00:00.0;0,00
PINHAIS;411915203A;PR;Jardim Atuba;-25,399929;-49,192935;2025-03-18 03:00:00.0;0,00
PINHAIS;411915203A;PR;Jardim Atuba;-25,399929;-49,192935;2025-03-18 04:00:00.0;0,00
PINHAIS;411915203A;PR;Jardim Atuba;-25,399929;-49,192935;2025-03-18 05:00:00.0;0,00
PINHAIS;411915203A;PR;Jardim Atuba;-25,399929;-49,192935;2025-03-18 06:00:00.0;0,00
PINHAIS;411915203A;PR;Jardim Atuba;-25,399929;-49,192935;2025-03-18 07:00:00.0;0,00
PINHAIS;411915203A;PR;Jardim Atuba;-25,399929;-49,192935;2025-03-18 08:00:00.0;0,00
PINHAIS;411915203A;PR;Jardim Atuba;-25,399929;-49,192935;2025-03-18 09:00:00.0;0,00
PINHAIS;411915203A;PR;Jardim Atuba;-25,399929;-49,192935;2025-03-18 10:00:00.0;0,00
PINHAIS;411915203A;PR;Jardim Atuba;-25,399929;-49,192935;2025-03-18 11:00:00.0;0,00
PINHAIS;411915203A;PR;Jardim Atuba;-25,399929;-49,192935;2025-03-18 12:00:00.0;0,00
PINHAIS;411915203A;PR;Jardim Atuba;-25,399929;-49,192935;2025-03-18 13:00:00.0;0,00
PINHAIS;411915203A;PR;Jardim Atuba;-25,399929;-49,192935;2025-03-18 14:00:00.0;0,00
PINHAIS;411915203A;PR;Jardim Atuba;-25,399929;-49,192935;2025-03-18 15:00:00.0;0,00
PINHAIS;411915203A;PR;Jardim Atuba;-25,399929;-49,192935;2025-03-18 16:00:00.0;0,00
PINHAIS;411915203A;PR;Jardim Atuba;-25,399929;-49,192935;2025-03-18 17:00:00.0;0,00
PINHAIS;411915203A;PR;Jardim Atuba;-25,399929;-49,192935;2025-03-18 18:00:00.0;0,00
PINHAIS;411915203A;PR;Jardim Atuba;-25,399929;-49,192935;2025-03-18 19:00:00.0;0,00
PINHAIS;411915203A;PR;Jardim Atuba;-25,399929;-49,192935;2025-03-18 19:30:00.0;0,20
PINHAIS;411915203A;PR;Jardim Atuba;-25,399929;-49,192935;2025-03-18 19:50:00.0;0,20
PINHAIS;411915203A;PR;Jardim Atuba;-25,399929;-49,192935;2025-03-18 20:00:00.0;0,00
PINHAIS;411915203A;PR;Jardim Atuba;-25,399929;-49,192935;2025-03-18 21:00:00.0;0,00
PINHAIS;411915203A;PR;Jardim Atuba;-25,399929;-49,192935;2025-03-18 22:00:00.0;0,00
PINHAIS;411915203A;PR;Jardim Atuba;-25,399929;-49,192935;2025-03-18 23:00:00.0;0,00
PINHAIS;411915203A;PR;Jardim Atuba;-25,399929;-49,192935;2025-03-19 00:00:00.0;0,00
PINHAIS;411915203A;PR;Jardim Atuba;-25,399929;-49,192935;2025-03-19 01:00:00.0;0,00
PINHAIS;411915203A;PR;Jardim Atuba;-25,399929;-49,192935;2025-03-19 02:00:00.0;0,00
PINHAIS;411915203A;PR;Jardim Atuba;-25,399929;-49,192935;2025-03-19 03:00:00.0;0,00
PINHAIS;411915203A;PR;Jardim Atuba;-25,399929;-49,192935;2025-03-19 04:00:00.0;0,00
PINHAIS;411915203A;PR;Jardim Atuba;-25,399929;-49,192935;2025-03-19 05:00:00.0;0,00
PINHAIS;411915203A;PR;Jardim Atuba;-25,399929;-49,192935;2025-03-19 06:00:00.0;0,00
PINHAIS;411915203A;PR;Jardim Atuba;-25,399929;-49,192935;2025-03-19 07:00:00.0;0,00
PINHAIS;411915203A;PR;Jardim Atuba;-25,399929;-49,192935;2025-03-19 08:00:00.0;0,00
PINHAIS;411915203A;PR;Jardim Atuba;-25,399929;-49,192935;2025-03-19 09:00:00.0;0,00
PINHAIS;411915203A;PR;Jardim Atuba;-25,399929;-49,192935;2025-03-19 10:00:00.0;0,00
PINHAIS;411915203A;PR;Jardim Atuba;-25,399929;-49,192935;2025-03-19 11:00:00.0;0,00
PINHAIS;411915203A;PR;Jardim Atuba;-25,399929;-49,192935;2025-03-19 12:00:00.0;0,00
PINHAIS;411915203A;PR;Jardim Atuba;-25,399929;-49,192935;2025-03-19 13:00:00.0;0,00
PINHAIS;411915203A;PR;Jardim Atuba;-25,399929;-49,192935;2025-03-19 14:00:00.0;0,00
PINHAIS;411915203A;PR;Jardim Atuba;-25,399929;-49,192935;2025-03-19 15:00:00.0;0,00
PINHAIS;411915203A;PR;Jardim Atuba;-25,399929;-49,192935;2025-03-19 16:00:00.0;0,00
PINHAIS;411915203A;PR;Jardim Atuba;-25,399929;-49,192935;2025-03-19 17:00:00.0;0,00
PINHAIS;411915203A;PR;Jardim Atuba;-25,399929;-49,192935;2025-03-19 18:00:00.0;0,00
PINHAIS;411915203A;PR;Jardim Atuba;-25,399929;-49,192935;2025-03-19 19:00:00.0;0,00
PINHAIS;411915203A;PR;Jardim Atuba;-25,399929;-49,192935;2025-03-19 20:00:00.0;0,00
PINHAIS;411915203A;PR;Jardim Atuba;-25,399929;-49,192935;2025-03-19 21:00:00.0;0,00
PINHAIS;411915203A;PR;Jardim Atuba;-25,399929;-49,192935;2025-03-19 22:00:00.0;0,00
PINHAIS;411915203A;PR;Jardim Atuba;-25,399929;-49,192935;2025-03-19 23:00:00.0;0,00
PINHAIS;411915203A;PR;Jardim Atuba;-25,399929;-49,192935;2025-03-20 00:00:00.0;0,00
PINHAIS;411915203A;PR;Jardim Atuba;-25,399929;-49,192935;2025-03-20 01:00:00.0;0,00
PINHAIS;411915203A;PR;Jardim Atuba;-25,399929;-49,192935;2025-03-20 02:00:00.0;0,00
PINHAIS;411915203A;PR;Jardim Atuba;-25,399929;-49,192935;2025-03-20 03:00:00.0;0,00
PINHAIS;411915203A;PR;Jardim Atuba;-25,399929;-49,192935;2025-03-20 04:00:00.0;0,00
PINHAIS;411915203A;PR;Jardim Atuba;-25,399929;-49,192935;2025-03-20 05:00:00.0;0,00
PINHAIS;411915203A;PR;Jardim Atuba;-25,399929;-49,192935;2025-03-20 06:00:00.0;0,00
PINHAIS;411915203A;PR;Jardim Atuba;-25,399929;-49,192935;2025-03-20 07:00:00.0;0,00
PINHAIS;411915203A;PR;Jardim Atuba;-25,399929;-49,192935;2025-03-20 08:00:00.0;0,00
PINHAIS;411915203A;PR;Jardim Atuba;-25,399929;-49,192935;2025-03-20 09:00:00.0;0,00
PINHAIS;411915203A;PR;Jardim Atuba;-25,399929;-49,192935;2025-03-20 10:00:00.0;0,00
PINHAIS;411915203A;PR;Jardim Atuba;-25,399929;-49,192935;2025-03-20 11:00:00.0;0,00
PINHAIS;411915203A;PR;Jardim Atuba;-25,399929;-49,192935;2025-03-20 12:00:00.0;0,00
PINHAIS;411915203A;PR;Jardim Atuba;-25,399929;-49,192935;2025-03-20 13:00:00.0;0,00
PINHAIS;411915203A;PR;Jardim Atuba;-25,399929;-49,192935;2025-03-20 14:00:00.0;0,00
PINHAIS;411915203A;PR;Jardim Atuba;-25,399929;-49,192935;2025-03-20 15:00:00.0;0,00
PINHAIS;411915203A;PR;Jardim Atuba;-25,399929;-49,192935;2025-03-20 16:00:00.0;0,00
PINHAIS;411915203A;PR;Jardim Atuba;-25,399929;-49,192935;2025-03-20 17:00:00.0;0,00
PINHAIS;411915203A;PR;Jardim Atuba;-25,399929;-49,192935;2025-03-20 18:00:00.0;0,00
PINHAIS;411915203A;PR;Jardim Atuba;-25,399929;-49,192935;2025-03-20 19:00:00.0;0,00
PINHAIS;411915203A;PR;Jardim Atuba;-25,399929;-49,192935;2025-03-20 20:00:00.0;0,00
PINHAIS;411915203A;PR;Jardim Atuba;-25,399929;-49,192935;2025-03-20 21:00:00.0;0,00
PINHAIS;411915203A;PR;Jardim Atuba;-25,399929;-49,192935;2025-03-20 22:00:00.0;0,00
PINHAIS;411915203A;PR;Jardim Atuba;-25,399929;-49,192935;2025-03-20 23:00:00.0;0,00
PINHAIS;411915203A;PR;Jardim Atuba;-25,399929;-49,192935;2025-03-21 00:00:00.0;0,00
PINHAIS;411915203A;PR;Jardim Atuba;-25,399929;-49,192935;2025-03-21 01:00:00.0;0,00
PINHAIS;411915203A;PR;Jardim Atuba;-25,399929;-49,192935;2025-03-21 02:00:00.0;0,00
PINHAIS;411915203A;PR;Jardim Atuba;-25,399929;-49,192935;2025-03-21 03:00:00.0;0,00
PINHAIS;411915203A;PR;Jardim Atuba;-25,399929;-49,192935;2025-03-21 04:00:00.0;0,00
PINHAIS;411915203A;PR;Jardim Atuba;-25,399929;-49,192935;2025-03-21 05:00:00.0;0,00
PINHAIS;411915203A;PR;Jardim Atuba;-25,399929;-49,192935;2025-03-21 06:00:00.0;0,00
PINHAIS;411915203A;PR;Jardim Atuba;-25,399929;-49,192935;2025-03-21 07:00:00.0;0,00
PINHAIS;411915203A;PR;Jardim Atuba;-25,399929;-49,192935;2025-03-21 08:00:00.0;0,00
PINHAIS;411915203A;PR;Jardim Atuba;-25,399929;-49,192935;2025-03-21 09:00:00.0;0,00
PINHAIS;411915203A;PR;Jardim Atuba;-25,399929;-49,192935;2025-03-21 10:00:00.0;0,00
PINHAIS;411915203A;PR;Jardim Atuba;-25,399929;-49,192935;2025-03-21 11:00:00.0;0,00
PINHAIS;411915203A;PR;Jardim Atuba;-25,399929;-49,192935;2025-03-21 12:00:00.0;0,00
PINHAIS;411915203A;PR;Jardim Atuba;-25,399929;-49,192935;2025-03-21 13:00:00.0;0,00
PINHAIS;411915203A;PR;Jardim Atuba;-25,399929;-49,192935;2025-03-21 14:00:00.0;0,00
PINHAIS;411915203A;PR;Jardim Atuba;-25,399929;-49,192935;2025-03-21 15:00:00.0;0,00
PINHAIS;411915203A;PR;Jardim Atuba;-25,399929;-49,192935;2025-03-21 16:00:00.0;0,00
PINHAIS;411915203A;PR;Jardim Atuba;-25,399929;-49,192935;2025-03-21 17:00:00.0;0,00
PINHAIS;411915203A;PR;Jardim Atuba;-25,399929;-49,192935;2025-03-21 18:00:00.0;0,00
PINHAIS;411915203A;PR;Jardim Atuba;-25,399929;-49,192935;2025-03-21 19:00:00.0;0,00
PINHAIS;411915203A;PR;Jardim Atuba;-25,399929;-49,192935;2025-03-21 20:00:00.0;0,00
PINHAIS;411915203A;PR;Jardim Atuba;-25,399929;-49,192935;2025-03-21 21:00:00.0;0,00
PINHAIS;411915203A;PR;Jardim Atuba;-25,399929;-49,192935;2025-03-21 22:00:00.0;0,00
PINHAIS;411915203A;PR;Jardim Atuba;-25,399929;-49,192935;2025-03-21 23:00:00.0;0,00
PINHAIS;411915203A;PR;Jardim Atuba;-25,399929;-49,192935;2025-03-22 00:00:00.0;0,00
PINHAIS;411915203A;PR;Jardim Atuba;-25,399929;-49,192935;2025-03-22 01:00:00.0;0,00
PINHAIS;411915203A;PR;Jardim Atuba;-25,399929;-49,192935;2025-03-22 02:00:00.0;0,00
PINHAIS;411915203A;PR;Jardim Atuba;-25,399929;-49,192935;2025-03-22 03:00:00.0;0,00
PINHAIS;411915203A;PR;Jardim Atuba;-25,399929;-49,192935;2025-03-22 04:00:00.0;0,00
PINHAIS;411915203A;PR;Jardim Atuba;-25,399929;-49,192935;2025-03-22 05:00:00.0;0,00
PINHAIS;411915203A;PR;Jardim Atuba;-25,399929;-49,192935;2025-03-22 06:00:00.0;0,00
PINHAIS;411915203A;PR;Jardim Atuba;-25,399929;-49,192935;2025-03-22 07:00:00.0;0,00
PINHAIS;411915203A;PR;Jardim Atuba;-25,399929;-49,192935;2025-03-22 08:00:00.0;0,00
PINHAIS;411915203A;PR;Jardim Atuba;-25,399929;-49,192935;2025-03-22 09:00:00.0;0,00
PINHAIS;411915203A;PR;Jardim Atuba;-25,399929;-49,192935;2025-03-22 10:00:00.0;0,00
PINHAIS;411915203A;PR;Jardim Atuba;-25,399929;-49,192935;2025-03-22 11:00:00.0;0,00
PINHAIS;411915203A;PR;Jardim Atuba;-25,399929;-49,192935;2025-03-22 12:00:00.0;0,00
PINHAIS;411915203A;PR;Jardim Atuba;-25,399929;-49,192935;2025-03-22 13:00:00.0;0,00
PINHAIS;411915203A;PR;Jardim Atuba;-25,399929;-49,192935;2025-03-22 14:00:00.0;0,00
PINHAIS;411915203A;PR;Jardim Atuba;-25,399929;-49,192935;2025-03-22 15:00:00.0;0,00
PINHAIS;411915203A;PR;Jardim Atuba;-25,399929;-49,192935;2025-03-22 16:00:00.0;0,00
PINHAIS;411915203A;PR;Jardim Atuba;-25,399929;-49,192935;2025-03-22 17:00:00.0;0,00
PINHAIS;411915203A;PR;Jardim Atuba;-25,399929;-49,192935;2025-03-22 18:00:00.0;0,00
PINHAIS;411915203A;PR;Jardim Atuba;-25,399929;-49,192935;2025-03-22 19:00:00.0;0,00
PINHAIS;411915203A;PR;Jardim Atuba;-25,399929;-49,192935;2025-03-22 20:00:00.0;0,00
PINHAIS;411915203A;PR;Jardim Atuba;-25,399929;-49,192935;2025-03-22 21:00:00.0;0,00
PINHAIS;411915203A;PR;Jardim Atuba;-25,399929;-49,192935;2025-03-22 22:00:00.0;0,00
PINHAIS;411915203A;PR;Jardim Atuba;-25,399929;-49,192935;2025-03-22 23:00:00.0;0,00
PINHAIS;411915203A;PR;Jardim Atuba;-25,399929;-49,192935;2025-03-23 00:00:00.0;0,00
PINHAIS;411915203A;PR;Jardim Atuba;-25,399929;-49,192935;2025-03-23 01:00:00.0;0,00
PINHAIS;411915203A;PR;Jardim Atuba;-25,399929;-49,192935;2025-03-23 02:00:00.0;0,00
PINHAIS;411915203A;PR;Jardim Atuba;-25,399929;-49,192935;2025-03-23 03:00:00.0;0,00
PINHAIS;411915203A;PR;Jardim Atuba;-25,399929;-49,192935;2025-03-23 04:00:00.0;0,00
PINHAIS;411915203A;PR;Jardim Atuba;-25,399929;-49,192935;2025-03-23 05:00:00.0;0,00
PINHAIS;411915203A;PR;Jardim Atuba;-25,399929;-49,192935;2025-03-23 06:00:00.0;0,00
PINHAIS;411915203A;PR;Jardim Atuba;-25,399929;-49,192935;2025-03-23 07:00:00.0;0,00
PINHAIS;411915203A;PR;Jardim Atuba;-25,399929;-49,192935;2025-03-23 08:00:00.0;0,00
PINHAIS;411915203A;PR;Jardim Atuba;-25,399929;-49,192935;2025-03-23 09:00:00.0;0,00
PINHAIS;411915203A;PR;Jardim Atuba;-25,399929;-49,192935;2025-03-23 10:00:00.0;0,00
PINHAIS;411915203A;PR;Jardim Atuba;-25,399929;-49,192935;2025-03-23 11:00:00.0;0,00
PINHAIS;411915203A;PR;Jardim Atuba;-25,399929;-49,192935;2025-03-23 12:00:00.0;0,00
PINHAIS;411915203A;PR;Jardim Atuba;-25,399929;-49,192935;2025-03-23 13:00:00.0;0,00
PINHAIS;411915203A;PR;Jardim Atuba;-25,399929;-49,192935;2025-03-23 14:00:00.0;0,00
PINHAIS;411915203A;PR;Jardim Atuba;-25,399929;-49,192935;2025-03-23 15:00:00.0;0,00
PINHAIS;411915203A;PR;Jardim Atuba;-25,399929;-49,192935;2025-03-23 16:00:00.0;0,00
PINHAIS;411915203A;PR;Jardim Atuba;-25,399929;-49,192935;2025-03-23 17:00:00.0;0,00
PINHAIS;411915203A;PR;Jardim Atuba;-25,399929;-49,192935;2025-03-23 18:00:00.0;0,00
PINHAIS;411915203A;PR;Jardim Atuba;-25,399929;-49,192935;2025-03-23 19:00:00.0;0,00
PINHAIS;411915203A;PR;Jardim Atuba;-25,399929;-49,192935;2025-03-23 20:00:00.0;0,00
PINHAIS;411915203A;PR;Jardim Atuba;-25,399929;-49,192935;2025-03-23 21:00:00.0;0,00
PINHAIS;411915203A;PR;Jardim Atuba;-25,399929;-49,192935;2025-03-23 22:00:00.0;0,00
PINHAIS;411915203A;PR;Jardim Atuba;-25,399929;-49,192935;2025-03-23 23:00:00.0;0,00
PINHAIS;411915203A;PR;Jardim Atuba;-25,399929;-49,192935;2025-03-24 00:00:00.0;0,00
PINHAIS;411915203A;PR;Jardim Atuba;-25,399929;-49,192935;2025-03-24 01:00:00.0;0,00
PINHAIS;411915203A;PR;Jardim Atuba;-25,399929;-49,192935;2025-03-24 02:00:00.0;0,00
PINHAIS;411915203A;PR;Jardim Atuba;-25,399929;-49,192935;2025-03-24 03:00:00.0;0,00
PINHAIS;411915203A;PR;Jardim Atuba;-25,399929;-49,192935;2025-03-24 04:00:00.0;0,00
PINHAIS;411915203A;PR;Jardim Atuba;-25,399929;-49,192935;2025-03-24 05:00:00.0;0,00
PINHAIS;411915203A;PR;Jardim Atuba;-25,399929;-49,192935;2025-03-24 06:00:00.0;0,00
PINHAIS;411915203A;PR;Jardim Atuba;-25,399929;-49,192935;2025-03-24 07:00:00.0;0,00
PINHAIS;411915203A;PR;Jardim Atuba;-25,399929;-49,192935;2025-03-24 08:00:00.0;0,00
PINHAIS;411915203A;PR;Jardim Atuba;-25,399929;-49,192935;2025-03-24 09:00:00.0;0,00
PINHAIS;411915203A;PR;Jardim Atuba;-25,399929;-49,192935;2025-03-24 10:00:00.0;0,00
PINHAIS;411915203A;PR;Jardim Atuba;-25,399929;-49,192935;2025-03-24 11:00:00.0;0,00
PINHAIS;411915203A;PR;Jardim Atuba;-25,399929;-49,192935;2025-03-24 12:00:00.0;0,00
PINHAIS;411915203A;PR;Jardim Atuba;-25,399929;-49,192935;2025-03-24 13:00:00.0;0,00
PINHAIS;411915203A;PR;Jardim Atuba;-25,399929;-49,192935;2025-03-24 14:00:00.0;0,00
PINHAIS;411915203A;PR;Jardim Atuba;-25,399929;-49,192935;2025-03-24 15:00:00.0;0,00
PINHAIS;411915203A;PR;Jardim Atuba;-25,399929;-49,192935;2025-03-24 16:00:00.0;0,00
PINHAIS;411915203A;PR;Jardim Atuba;-25,399929;-49,192935;2025-03-24 17:00:00.0;0,00
PINHAIS;411915203A;PR;Jardim Atuba;-25,399929;-49,192935;2025-03-24 18:00:00.0;0,00
PINHAIS;411915203A;PR;Jardim Atuba;-25,399929;-49,192935;2025-03-24 19:00:00.0;0,00
PINHAIS;411915203A;PR;Jardim Atuba;-25,399929;-49,192935;2025-03-24 20:00:00.0;0,00
PINHAIS;411915203A;PR;Jardim Atuba;-25,399929;-49,192935;2025-03-24 21:00:00.0;0,00
PINHAIS;411915203A;PR;Jardim Atuba;-25,399929;-49,192935;2025-03-24 22:00:00.0;0,00
PINHAIS;411915203A;PR;Jardim Atuba;-25,399929;-49,192935;2025-03-24 23:00:00.0;0,00
PINHAIS;411915203A;PR;Jardim Atuba;-25,399929;-49,192935;2025-03-25 00:00:00.0;0,00
PINHAIS;411915203A;PR;Jardim Atuba;-25,399929;-49,192935;2025-03-25 01:00:00.0;0,00
PINHAIS;411915203A;PR;Jardim Atuba;-25,399929;-49,192935;2025-03-25 02:00:00.0;0,00
PINHAIS;411915203A;PR;Jardim Atuba;-25,399929;-49,192935;2025-03-25 03:00:00.0;0,00
PINHAIS;411915203A;PR;Jardim Atuba;-25,399929;-49,192935;2025-03-25 04:00:00.0;0,00
PINHAIS;411915203A;PR;Jardim Atuba;-25,399929;-49,192935;2025-03-25 05:00:00.0;0,00
PINHAIS;411915203A;PR;Jardim Atuba;-25,399929;-49,192935;2025-03-25 06:00:00.0;0,00
PINHAIS;411915203A;PR;Jardim Atuba;-25,399929;-49,192935;2025-03-25 07:00:00.0;0,00
PINHAIS;411915203A;PR;Jardim Atuba;-25,399929;-49,192935;2025-03-25 08:00:00.0;0,00
PINHAIS;411915203A;PR;Jardim Atuba;-25,399929;-49,192935;2025-03-25 08:20:00.0;0,39
PINHAIS;411915203A;PR;Jardim Atuba;-25,399929;-49,192935;2025-03-25 08:30:00.0;0,20
PINHAIS;411915203A;PR;Jardim Atuba;-25,399929;-49,192935;2025-03-25 09:00:00.0;0,00
PINHAIS;411915203A;PR;Jardim Atuba;-25,399929;-49,192935;2025-03-25 10:00:00.0;0,00
PINHAIS;411915203A;PR;Jardim Atuba;-25,399929;-49,192935;2025-03-25 11:00:00.0;0,00
PINHAIS;411915203A;PR;Jardim Atuba;-25,399929;-49,192935;2025-03-25 12:00:00.0;0,00
PINHAIS;411915203A;PR;Jardim Atuba;-25,399929;-49,192935;2025-03-25 13:00:00.0;0,00
PINHAIS;411915203A;PR;Jardim Atuba;-25,399929;-49,192935;2025-03-25 14:00:00.0;0,00
PINHAIS;411915203A;PR;Jardim Atuba;-25,399929;-49,192935;2025-03-25 15:00:00.0;0,00
PINHAIS;411915203A;PR;Jardim Atuba;-25,399929;-49,192935;2025-03-25 16:00:00.0;0,00
PINHAIS;411915203A;PR;Jardim Atuba;-25,399929;-49,192935;2025-03-25 17:00:00.0;0,00
PINHAIS;411915203A;PR;Jardim Atuba;-25,399929;-49,192935;2025-03-25 17:30:00.0;0,42
PINHAIS;411915203A;PR;Jardim Atuba;-25,399929;-49,192935;2025-03-25 17:40:00.0;5,12
PINHAIS;411915203A;PR;Jardim Atuba;-25,399929;-49,192935;2025-03-25 18:00:00.0;0,00
PINHAIS;411915203A;PR;Jardim Atuba;-25,399929;-49,192935;2025-03-25 19:00:00.0;0,00
PINHAIS;411915203A;PR;Jardim Atuba;-25,399929;-49,192935;2025-03-25 20:00:00.0;0,00
PINHAIS;411915203A;PR;Jardim Atuba;-25,399929;-49,192935;2025-03-25 21:00:00.0;0,00
PINHAIS;411915203A;PR;Jardim Atuba;-25,399929;-49,192935;2025-03-25 22:00:00.0;0,00
PINHAIS;411915203A;PR;Jardim Atuba;-25,399929;-49,192935;2025-03-25 23:00:00.0;0,00
PINHAIS;411915203A;PR;Jardim Atuba;-25,399929;-49,192935;2025-03-26 00:00:00.0;0,00
PINHAIS;411915203A;PR;Jardim Atuba;-25,399929;-49,192935;2025-03-26 01:00:00.0;0,00
PINHAIS;411915203A;PR;Jardim Atuba;-25,399929;-49,192935;2025-03-26 02:00:00.0;0,00
PINHAIS;411915203A;PR;Jardim Atuba;-25,399929;-49,192935;2025-03-26 03:00:00.0;0,20
PINHAIS;411915203A;PR;Jardim Atuba;-25,399929;-49,192935;2025-03-26 03:20:00.0;0,20
PINHAIS;411915203A;PR;Jardim Atuba;-25,399929;-49,192935;2025-03-26 03:40:00.0;0,20
PINHAIS;411915203A;PR;Jardim Atuba;-25,399929;-49,192935;2025-03-26 04:00:00.0;0,00
PINHAIS;411915203A;PR;Jardim Atuba;-25,399929;-49,192935;2025-03-26 04:30:00.0;0,20
PINHAIS;411915203A;PR;Jardim Atuba;-25,399929;-49,192935;2025-03-26 04:50:00.0;0,39
PINHAIS;411915203A;PR;Jardim Atuba;-25,399929;-49,192935;2025-03-26 05:00:00.0;0,42
PINHAIS;411915203A;PR;Jardim Atuba;-25,399929;-49,192935;2025-03-26 05:10:00.0;0,20
PINHAIS;411915203A;PR;Jardim Atuba;-25,399929;-49,192935;2025-03-26 06:00:00.0;0,00
PINHAIS;411915203A;PR;Jardim Atuba;-25,399929;-49,192935;2025-03-26 07:00:00.0;0,00
PINHAIS;411915203A;PR;Jardim Atuba;-25,399929;-49,192935;2025-03-26 08:00:00.0;0,00
PINHAIS;411915203A;PR;Jardim Atuba;-25,399929;-49,192935;2025-03-26 09:00:00.0;0,00
PINHAIS;411915203A;PR;Jardim Atuba;-25,399929;-49,192935;2025-03-26 10:00:00.0;0,00
PINHAIS;411915203A;PR;Jardim Atuba;-25,399929;-49,192935;2025-03-26 11:00:00.0;0,00
PINHAIS;411915203A;PR;Jardim Atuba;-25,399929;-49,192935;2025-03-26 12:00:00.0;0,00
PINHAIS;411915203A;PR;Jardim Atuba;-25,399929;-49,192935;2025-03-26 13:00:00.0;0,00
PINHAIS;411915203A;PR;Jardim Atuba;-25,399929;-49,192935;2025-03-26 14:00:00.0;0,00
PINHAIS;411915203A;PR;Jardim Atuba;-25,399929;-49,192935;2025-03-26 15:00:00.0;0,00
PINHAIS;411915203A;PR;Jardim Atuba;-25,399929;-49,192935;2025-03-26 16:00:00.0;0,00
PINHAIS;411915203A;PR;Jardim Atuba;-25,399929;-49,192935;2025-03-26 17:00:00.0;0,00
PINHAIS;411915203A;PR;Jardim Atuba;-25,399929;-49,192935;2025-03-26 18:00:00.0;0,00
PINHAIS;411915203A;PR;Jardim Atuba;-25,399929;-49,192935;2025-03-26 19:00:00.0;0,00
PINHAIS;411915203A;PR;Jardim Atuba;-25,399929;-49,192935;2025-03-26 20:00:00.0;0,00
PINHAIS;411915203A;PR;Jardim Atuba;-25,399929;-49,192935;2025-03-26 21:00:00.0;0,00
PINHAIS;411915203A;PR;Jardim Atuba;-25,399929;-49,192935;2025-03-26 22:00:00.0;0,00
PINHAIS;411915203A;PR;Jardim Atuba;-25,399929;-49,192935;2025-03-26 23:00:00.0;0,00
PINHAIS;411915203A;PR;Jardim Atuba;-25,399929;-49,192935;2025-03-27 00:00:00.0;0,00
PINHAIS;411915203A;PR;Jardim Atuba;-25,399929;-49,192935;2025-03-27 01:00:00.0;0,00
PINHAIS;411915203A;PR;Jardim Atuba;-25,399929;-49,192935;2025-03-27 02:00:00.0;0,00
PINHAIS;411915203A;PR;Jardim Atuba;-25,399929;-49,192935;2025-03-27 03:00:00.0;0,00
PINHAIS;411915203A;PR;Jardim Atuba;-25,399929;-49,192935;2025-03-27 04:00:00.0;0,00
PINHAIS;411915203A;PR;Jardim Atuba;-25,399929;-49,192935;2025-03-27 05:00:00.0;0,00
PINHAIS;411915203A;PR;Jardim Atuba;-25,399929;-49,192935;2025-03-27 06:00:00.0;0,00
PINHAIS;411915203A;PR;Jardim Atuba;-25,399929;-49,192935;2025-03-27 07:00:00.0;0,00
PINHAIS;411915203A;PR;Jardim Atuba;-25,399929;-49,192935;2025-03-27 08:00:00.0;0,00
PINHAIS;411915203A;PR;Jardim Atuba;-25,399929;-49,192935;2025-03-27 09:00:00.0;0,00
PINHAIS;411915203A;PR;Jardim Atuba;-25,399929;-49,192935;2025-03-27 10:00:00.0;0,00
PINHAIS;411915203A;PR;Jardim Atuba;-25,399929;-49,192935;2025-03-27 11:00:00.0;0,00
PINHAIS;411915203A;PR;Jardim Atuba;-25,399929;-49,192935;2025-03-27 12:00:00.0;0,00
PINHAIS;411915203A;PR;Jardim Atuba;-25,399929;-49,192935;2025-03-27 13:00:00.0;0,00
PINHAIS;411915203A;PR;Jardim Atuba;-25,399929;-49,192935;2025-03-27 14:00:00.0;0,00
PINHAIS;411915203A;PR;Jardim Atuba;-25,399929;-49,192935;2025-03-27 15:00:00.0;0,00
PINHAIS;411915203A;PR;Jardim Atuba;-25,399929;-49,192935;2025-03-27 16:00:00.0;0,00
PINHAIS;411915203A;PR;Jardim Atuba;-25,399929;-49,192935;2025-03-27 17:00:00.0;0,00
PINHAIS;411915203A;PR;Jardim Atuba;-25,399929;-49,192935;2025-03-27 18:00:00.0;0,00
PINHAIS;411915203A;PR;Jardim Atuba;-25,399929;-49,192935;2025-03-27 19:00:00.0;0,00
PINHAIS;411915203A;PR;Jardim Atuba;-25,399929;-49,192935;2025-03-27 20:00:00.0;0,00
PINHAIS;411915203A;PR;Jardim Atuba;-25,399929;-49,192935;2025-03-27 21:00:00.0;0,00
PINHAIS;411915203A;PR;Jardim Atuba;-25,399929;-49,192935;2025-03-27 22:00:00.0;0,00
PINHAIS;411915203A;PR;Jardim Atuba;-25,399929;-49,192935;2025-03-27 23:00:00.0;0,00
PINHAIS;411915203A;PR;Jardim Atuba;-25,399929;-49,192935;2025-03-28 00:00:00.0;0,00
PINHAIS;411915203A;PR;Jardim Atuba;-25,399929;-49,192935;2025-03-28 01:00:00.0;0,00
PINHAIS;411915203A;PR;Jardim Atuba;-25,399929;-49,192935;2025-03-28 02:00:00.0;0,00
PINHAIS;411915203A;PR;Jardim Atuba;-25,399929;-49,192935;2025-03-28 02:10:00.0;0,20
PINHAIS;411915203A;PR;Jardim Atuba;-25,399929;-49,192935;2025-03-28 03:00:00.0;0,00
PINHAIS;411915203A;PR;Jardim Atuba;-25,399929;-49,192935;2025-03-28 04:00:00.0;0,00
PINHAIS;411915203A;PR;Jardim Atuba;-25,399929;-49,192935;2025-03-28 05:00:00.0;0,00
PINHAIS;411915203A;PR;Jardim Atuba;-25,399929;-49,192935;2025-03-28 06:00:00.0;0,00
PINHAIS;411915203A;PR;Jardim Atuba;-25,399929;-49,192935;2025-03-28 07:00:00.0;0,00
PINHAIS;411915203A;PR;Jardim Atuba;-25,399929;-49,192935;2025-03-28 08:00:00.0;0,00
PINHAIS;411915203A;PR;Jardim Atuba;-25,399929;-49,192935;2025-03-28 09:00:00.0;0,00
PINHAIS;411915203A;PR;Jardim Atuba;-25,399929;-49,192935;2025-03-28 10:00:00.0;0,00
PINHAIS;411915203A;PR;Jardim Atuba;-25,399929;-49,192935;2025-03-28 11:00:00.0;0,00
PINHAIS;411915203A;PR;Jardim Atuba;-25,399929;-49,192935;2025-03-28 12:00:00.0;0,00
PINHAIS;411915203A;PR;Jardim Atuba;-25,399929;-49,192935;2025-03-28 13:00:00.0;0,00
PINHAIS;411915203A;PR;Jardim Atuba;-25,399929;-49,192935;2025-03-28 14:00:00.0;0,00
PINHAIS;411915203A;PR;Jardim Atuba;-25,399929;-49,192935;2025-03-28 15:00:00.0;0,00
PINHAIS;411915203A;PR;Jardim Atuba;-25,399929;-49,192935;2025-03-28 16:00:00.0;0,00
PINHAIS;411915203A;PR;Jardim Atuba;-25,399929;-49,192935;2025-03-28 17:00:00.0;0,00
PINHAIS;411915203A;PR;Jardim Atuba;-25,399929;-49,192935;2025-03-28 18:00:00.0;0,00
PINHAIS;411915203A;PR;Jardim Atuba;-25,399929;-49,192935;2025-03-28 19:00:00.0;0,00
PINHAIS;411915203A;PR;Jardim Atuba;-25,399929;-49,192935;2025-03-28 20:00:00.0;0,00
PINHAIS;411915203A;PR;Jardim Atuba;-25,399929;-49,192935;2025-03-28 21:00:00.0;0,00
PINHAIS;411915203A;PR;Jardim Atuba;-25,399929;-49,192935;2025-03-28 22:00:00.0;0,00
PINHAIS;411915203A;PR;Jardim Atuba;-25,399929;-49,192935;2025-03-28 23:00:00.0;0,00
PINHAIS;411915203A;PR;Jardim Atuba;-25,399929;-49,192935;2025-03-29 00:00:00.0;0,00
PINHAIS;411915203A;PR;Jardim Atuba;-25,399929;-49,192935;2025-03-29 01:00:00.0;0,00
PINHAIS;411915203A;PR;Jardim Atuba;-25,399929;-49,192935;2025-03-29 02:00:00.0;0,00
PINHAIS;411915203A;PR;Jardim Atuba;-25,399929;-49,192935;2025-03-29 03:00:00.0;0,00
PINHAIS;411915203A;PR;Jardim Atuba;-25,399929;-49,192935;2025-03-29 04:00:00.0;0,00
PINHAIS;411915203A;PR;Jardim Atuba;-25,399929;-49,192935;2025-03-29 05:00:00.0;0,00
PINHAIS;411915203A;PR;Jardim Atuba;-25,399929;-49,192935;2025-03-29 06:00:00.0;0,00
PINHAIS;411915203A;PR;Jardim Atuba;-25,399929;-49,192935;2025-03-29 07:00:00.0;0,00
PINHAIS;411915203A;PR;Jardim Atuba;-25,399929;-49,192935;2025-03-29 08:00:00.0;0,00
PINHAIS;411915203A;PR;Jardim Atuba;-25,399929;-49,192935;2025-03-29 09:00:00.0;0,00
PINHAIS;411915203A;PR;Jardim Atuba;-25,399929;-49,192935;2025-03-29 10:00:00.0;0,00
PINHAIS;411915203A;PR;Jardim Atuba;-25,399929;-49,192935;2025-03-29 11:00:00.0;0,00
PINHAIS;411915203A;PR;Jardim Atuba;-25,399929;-49,192935;2025-03-29 12:00:00.0;0,00
PINHAIS;411915203A;PR;Jardim Atuba;-25,399929;-49,192935;2025-03-29 13:00:00.0;0,00
PINHAIS;411915203A;PR;Jardim Atuba;-25,399929;-49,192935;2025-03-29 14:00:00.0;0,00
PINHAIS;411915203A;PR;Jardim Atuba;-25,399929;-49,192935;2025-03-29 15:00:00.0;0,00
PINHAIS;411915203A;PR;Jardim Atuba;-25,399929;-49,192935;2025-03-29 16:00:00.0;0,00
PINHAIS;411915203A;PR;Jardim Atuba;-25,399929;-49,192935;2025-03-29 17:00:00.0;0,00
PINHAIS;411915203A;PR;Jardim Atuba;-25,399929;-49,192935;2025-03-29 18:00:00.0;0,00
PINHAIS;411915203A;PR;Jardim Atuba;-25,399929;-49,192935;2025-03-29 19:00:00.0;0,00
PINHAIS;411915203A;PR;Jardim Atuba;-25,399929;-49,192935;2025-03-29 20:00:00.0;0,00
PINHAIS;411915203A;PR;Jardim Atuba;-25,399929;-49,192935;2025-03-29 21:00:00.0;0,00
PINHAIS;411915203A;PR;Jardim Atuba;-25,399929;-49,192935;2025-03-29 22:00:00.0;0,00
PINHAIS;411915203A;PR;Jardim Atuba;-25,399929;-49,192935;2025-03-29 23:00:00.0;0,00
PINHAIS;411915203A;PR;Jardim Atuba;-25,399929;-49,192935;2025-03-30 00:00:00.0;0,00
PINHAIS;411915203A;PR;Jardim Atuba;-25,399929;-49,192935;2025-03-30 01:00:00.0;0,00
PINHAIS;411915203A;PR;Jardim Atuba;-25,399929;-49,192935;2025-03-30 02:00:00.0;0,00
PINHAIS;411915203A;PR;Jardim Atuba;-25,399929;-49,192935;2025-03-30 03:00:00.0;0,00
PINHAIS;411915203A;PR;Jardim Atuba;-25,399929;-49,192935;2025-03-30 04:00:00.0;0,00
PINHAIS;411915203A;PR;Jardim Atuba;-25,399929;-49,192935;2025-03-30 05:00:00.0;0,00
PINHAIS;411915203A;PR;Jardim Atuba;-25,399929;-49,192935;2025-03-30 06:00:00.0;0,00
PINHAIS;411915203A;PR;Jardim Atuba;-25,399929;-49,192935;2025-03-30 07:00:00.0;0,00
PINHAIS;411915203A;PR;Jardim Atuba;-25,399929;-49,192935;2025-03-30 08:00:00.0;0,00
PINHAIS;411915203A;PR;Jardim Atuba;-25,399929;-49,192935;2025-03-30 09:00:00.0;0,00
PINHAIS;411915203A;PR;Jardim Atuba;-25,399929;-49,192935;2025-03-30 10:00:00.0;0,00
PINHAIS;411915203A;PR;Jardim Atuba;-25,399929;-49,192935;2025-03-30 11:00:00.0;0,00
PINHAIS;411915203A;PR;Jardim Atuba;-25,399929;-49,192935;2025-03-30 12:00:00.0;0,00
PINHAIS;411915203A;PR;Jardim Atuba;-25,399929;-49,192935;2025-03-30 13:00:00.0;0,00
PINHAIS;411915203A;PR;Jardim Atuba;-25,399929;-49,192935;2025-03-30 14:00:00.0;0,00
PINHAIS;411915203A;PR;Jardim Atuba;-25,399929;-49,192935;2025-03-30 15:00:00.0;0,00
PINHAIS;411915203A;PR;Jardim Atuba;-25,399929;-49,192935;2025-03-30 16:00:00.0;0,00
PINHAIS;411915203A;PR;Jardim Atuba;-25,399929;-49,192935;2025-03-30 17:00:00.0;0,00
PINHAIS;411915203A;PR;Jardim Atuba;-25,399929;-49,192935;2025-03-30 18:00:00.0;0,00
PINHAIS;411915203A;PR;Jardim Atuba;-25,399929;-49,192935;2025-03-30 19:00:00.0;0,00
PINHAIS;411915203A;PR;Jardim Atuba;-25,399929;-49,192935;2025-03-30 20:00:00.0;0,00
PINHAIS;411915203A;PR;Jardim Atuba;-25,399929;-49,192935;2025-03-30 21:00:00.0;0,00
PINHAIS;411915203A;PR;Jardim Atuba;-25,399929;-49,192935;2025-03-30 22:00:00.0;0,00
PINHAIS;411915203A;PR;Jardim Atuba;-25,399929;-49,192935;2025-03-30 23:00:00.0;0,00
PINHAIS;411915203A;PR;Jardim Atuba;-25,399929;-49,192935;2025-03-31 00:00:00.0;0,00
PINHAIS;411915203A;PR;Jardim Atuba;-25,399929;-49,192935;2025-03-31 01:00:00.0;0,00
PINHAIS;411915203A;PR;Jardim Atuba;-25,399929;-49,192935;2025-03-31 02:00:00.0;0,00
PINHAIS;411915203A;PR;Jardim Atuba;-25,399929;-49,192935;2025-03-31 03:00:00.0;0,00
PINHAIS;411915203A;PR;Jardim Atuba;-25,399929;-49,192935;2025-03-31 04:00:00.0;0,00
PINHAIS;411915203A;PR;Jardim Atuba;-25,399929;-49,192935;2025-03-31 05:00:00.0;0,00
PINHAIS;411915203A;PR;Jardim Atuba;-25,399929;-49,192935;2025-03-31 06:00:00.0;0,00
PINHAIS;411915203A;PR;Jardim Atuba;-25,399929;-49,192935;2025-03-31 07:00:00.0;0,00
PINHAIS;411915203A;PR;Jardim Atuba;-25,399929;-49,192935;2025-03-31 08:00:00.0;0,00
PINHAIS;411915203A;PR;Jardim Atuba;-25,399929;-49,192935;2025-03-31 09:00:00.0;0,00
PINHAIS;411915203A;PR;Jardim Atuba;-25,399929;-49,192935;2025-03-31 10:00:00.0;0,00
PINHAIS;411915203A;PR;Jardim Atuba;-25,399929;-49,192935;2025-03-31 11:00:00.0;0,00
PINHAIS;411915203A;PR;Jardim Atuba;-25,399929;-49,192935;2025-03-31 12:00:00.0;0,00
PINHAIS;411915203A;PR;Jardim Atuba;-25,399929;-49,192935;2025-03-31 13:00:00.0;0,00
PINHAIS;411915203A;PR;Jardim Atuba;-25,399929;-49,192935;2025-03-31 14:00:00.0;0,00
PINHAIS;411915203A;PR;Jardim Atuba;-25,399929;-49,192935;2025-03-31 15:00:00.0;0,00
PINHAIS;411915203A;PR;Jardim Atuba;-25,399929;-49,192935;2025-03-31 16:00:00.0;0,00
PINHAIS;411915203A;PR;Jardim Atuba;-25,399929;-49,192935;2025-03-31 17:00:00.0;0,00
PINHAIS;411915203A;PR;Jardim Atuba;-25,399929;-49,192935;2025-03-31 18:00:00.0;0,00
PINHAIS;411915203A;PR;Jardim Atuba;-25,399929;-49,192935;2025-03-31 19:00:00.0;0,00
PINHAIS;411915203A;PR;Jardim Atuba;-25,399929;-49,192935;2025-03-31 20:00:00.0;0,00
PINHAIS;411915203A;PR;Jardim Atuba;-25,399929;-49,192935;2025-03-31 21:00:00.0;0,00
PINHAIS;411915203A;PR;Jardim Atuba;-25,399929;-49,192935;2025-03-31 22:00:00.0;0,00
PINHAIS;411915203A;PR;Jardim Atuba;-25,399929;-49,192935;2025-03-31 23:00:00.0;0,00
PINHAIS;411915206A;PR;Maria Antonieta;-25,441959;-49,164353;2025-03-01 00:50:00.0;0,00
PINHAIS;411915206A;PR;Maria Antonieta;-25,441959;-49,164353;2025-03-01 01:50:00.0;0,00
PINHAIS;411915206A;PR;Maria Antonieta;-25,441959;-49,164353;2025-03-01 02:50:00.0;0,00
PINHAIS;411915206A;PR;Maria Antonieta;-25,441959;-49,164353;2025-03-01 03:50:00.0;0,00
PINHAIS;411915206A;PR;Maria Antonieta;-25,441959;-49,164353;2025-03-01 04:50:00.0;0,00
PINHAIS;411915206A;PR;Maria Antonieta;-25,441959;-49,164353;2025-03-01 05:50:00.0;0,00
PINHAIS;411915206A;PR;Maria Antonieta;-25,441959;-49,164353;2025-03-01 06:50:00.0;0,00
PINHAIS;411915206A;PR;Maria Antonieta;-25,441959;-49,164353;2025-03-01 07:50:00.0;0,00
PINHAIS;411915206A;PR;Maria Antonieta;-25,441959;-49,164353;2025-03-01 08:50:00.0;0,00
PINHAIS;411915206A;PR;Maria Antonieta;-25,441959;-49,164353;2025-03-01 09:50:00.0;0,00
PINHAIS;411915206A;PR;Maria Antonieta;-25,441959;-49,164353;2025-03-01 10:50:00.0;0,00
PINHAIS;411915206A;PR;Maria Antonieta;-25,441959;-49,164353;2025-03-01 11:50:00.0;0,00
PINHAIS;411915206A;PR;Maria Antonieta;-25,441959;-49,164353;2025-03-01 12:50:00.0;0,00
PINHAIS;411915206A;PR;Maria Antonieta;-25,441959;-49,164353;2025-03-01 13:50:00.0;0,00
PINHAIS;411915206A;PR;Maria Antonieta;-25,441959;-49,164353;2025-03-01 14:50:00.0;0,00
PINHAIS;411915206A;PR;Maria Antonieta;-25,441959;-49,164353;2025-03-01 15:50:00.0;0,00
PINHAIS;411915206A;PR;Maria Antonieta;-25,441959;-49,164353;2025-03-01 16:50:00.0;0,00
PINHAIS;411915206A;PR;Maria Antonieta;-25,441959;-49,164353;2025-03-01 17:50:00.0;0,00
PINHAIS;411915206A;PR;Maria Antonieta;-25,441959;-49,164353;2025-03-01 18:50:00.0;0,00
PINHAIS;411915206A;PR;Maria Antonieta;-25,441959;-49,164353;2025-03-01 19:50:00.0;0,00
PINHAIS;411915206A;PR;Maria Antonieta;-25,441959;-49,164353;2025-03-01 20:50:00.0;0,00
PINHAIS;411915206A;PR;Maria Antonieta;-25,441959;-49,164353;2025-03-01 21:50:00.0;0,00
PINHAIS;411915206A;PR;Maria Antonieta;-25,441959;-49,164353;2025-03-01 22:50:00.0;0,00
PINHAIS;411915206A;PR;Maria Antonieta;-25,441959;-49,164353;2025-03-01 23:50:00.0;0,00
PINHAIS;411915206A;PR;Maria Antonieta;-25,441959;-49,164353;2025-03-02 00:50:00.0;0,00
PINHAIS;411915206A;PR;Maria Antonieta;-25,441959;-49,164353;2025-03-02 01:50:00.0;0,00
PINHAIS;411915206A;PR;Maria Antonieta;-25,441959;-49,164353;2025-03-02 02:50:00.0;0,00
PINHAIS;411915206A;PR;Maria Antonieta;-25,441959;-49,164353;2025-03-02 03:50:00.0;0,00
PINHAIS;411915206A;PR;Maria Antonieta;-25,441959;-49,164353;2025-03-02 04:50:00.0;0,00
PINHAIS;411915206A;PR;Maria Antonieta;-25,441959;-49,164353;2025-03-02 05:50:00.0;0,00
PINHAIS;411915206A;PR;Maria Antonieta;-25,441959;-49,164353;2025-03-02 06:50:00.0;0,00
PINHAIS;411915206A;PR;Maria Antonieta;-25,441959;-49,164353;2025-03-02 07:50:00.0;0,00
PINHAIS;411915206A;PR;Maria Antonieta;-25,441959;-49,164353;2025-03-02 08:50:00.0;0,00
PINHAIS;411915206A;PR;Maria Antonieta;-25,441959;-49,164353;2025-03-02 09:50:00.0;0,00
PINHAIS;411915206A;PR;Maria Antonieta;-25,441959;-49,164353;2025-03-02 10:50:00.0;0,00
PINHAIS;411915206A;PR;Maria Antonieta;-25,441959;-49,164353;2025-03-02 11:50:00.0;0,00
PINHAIS;411915206A;PR;Maria Antonieta;-25,441959;-49,164353;2025-03-02 12:50:00.0;0,00
PINHAIS;411915206A;PR;Maria Antonieta;-25,441959;-49,164353;2025-03-02 13:50:00.0;0,00
PINHAIS;411915206A;PR;Maria Antonieta;-25,441959;-49,164353;2025-03-02 14:50:00.0;0,00
PINHAIS;411915206A;PR;Maria Antonieta;-25,441959;-49,164353;2025-03-02 15:50:00.0;0,00
PINHAIS;411915206A;PR;Maria Antonieta;-25,441959;-49,164353;2025-03-02 16:50:00.0;0,00
PINHAIS;411915206A;PR;Maria Antonieta;-25,441959;-49,164353;2025-03-02 17:50:00.0;0,00
PINHAIS;411915206A;PR;Maria Antonieta;-25,441959;-49,164353;2025-03-02 18:50:00.0;0,00
PINHAIS;411915206A;PR;Maria Antonieta;-25,441959;-49,164353;2025-03-02 19:50:00.0;0,00
PINHAIS;411915206A;PR;Maria Antonieta;-25,441959;-49,164353;2025-03-02 20:50:00.0;0,00
PINHAIS;411915206A;PR;Maria Antonieta;-25,441959;-49,164353;2025-03-02 21:50:00.0;0,00
PINHAIS;411915206A;PR;Maria Antonieta;-25,441959;-49,164353;2025-03-02 22:50:00.0;0,00
PINHAIS;411915206A;PR;Maria Antonieta;-25,441959;-49,164353;2025-03-02 23:50:00.0;0,00
PINHAIS;411915206A;PR;Maria Antonieta;-25,441959;-49,164353;2025-03-03 00:50:00.0;0,00
PINHAIS;411915206A;PR;Maria Antonieta;-25,441959;-49,164353;2025-03-03 01:50:00.0;0,00
PINHAIS;411915206A;PR;Maria Antonieta;-25,441959;-49,164353;2025-03-03 02:50:00.0;0,00
PINHAIS;411915206A;PR;Maria Antonieta;-25,441959;-49,164353;2025-03-03 03:50:00.0;0,00
PINHAIS;411915206A;PR;Maria Antonieta;-25,441959;-49,164353;2025-03-03 04:50:00.0;0,00
PINHAIS;411915206A;PR;Maria Antonieta;-25,441959;-49,164353;2025-03-03 05:50:00.0;0,00
PINHAIS;411915206A;PR;Maria Antonieta;-25,441959;-49,164353;2025-03-03 06:50:00.0;0,00
PINHAIS;411915206A;PR;Maria Antonieta;-25,441959;-49,164353;2025-03-03 07:50:00.0;0,00
PINHAIS;411915206A;PR;Maria Antonieta;-25,441959;-49,164353;2025-03-03 08:50:00.0;0,00
PINHAIS;411915206A;PR;Maria Antonieta;-25,441959;-49,164353;2025-03-03 09:50:00.0;0,00
PINHAIS;411915206A;PR;Maria Antonieta;-25,441959;-49,164353;2025-03-03 10:50:00.0;0,00
PINHAIS;411915206A;PR;Maria Antonieta;-25,441959;-49,164353;2025-03-03 11:50:00.0;0,00
PINHAIS;411915206A;PR;Maria Antonieta;-25,441959;-49,164353;2025-03-03 12:50:00.0;0,00
PINHAIS;411915206A;PR;Maria Antonieta;-25,441959;-49,164353;2025-03-03 13:50:00.0;0,00
PINHAIS;411915206A;PR;Maria Antonieta;-25,441959;-49,164353;2025-03-03 14:50:00.0;0,00
PINHAIS;411915206A;PR;Maria Antonieta;-25,441959;-49,164353;2025-03-03 15:50:00.0;0,00
PINHAIS;411915206A;PR;Maria Antonieta;-25,441959;-49,164353;2025-03-03 16:50:00.0;0,00
PINHAIS;411915206A;PR;Maria Antonieta;-25,441959;-49,164353;2025-03-03 17:50:00.0;0,00
PINHAIS;411915206A;PR;Maria Antonieta;-25,441959;-49,164353;2025-03-03 18:50:00.0;0,00
PINHAIS;411915206A;PR;Maria Antonieta;-25,441959;-49,164353;2025-03-03 19:50:00.0;0,00
PINHAIS;411915206A;PR;Maria Antonieta;-25,441959;-49,164353;2025-03-03 20:50:00.0;0,00
PINHAIS;411915206A;PR;Maria Antonieta;-25,441959;-49,164353;2025-03-03 21:50:00.0;0,00
PINHAIS;411915206A;PR;Maria Antonieta;-25,441959;-49,164353;2025-03-03 22:50:00.0;0,00
PINHAIS;411915206A;PR;Maria Antonieta;-25,441959;-49,164353;2025-03-03 23:50:00.0;0,00
PINHAIS;411915206A;PR;Maria Antonieta;-25,441959;-49,164353;2025-03-04 00:50:00.0;0,00
PINHAIS;411915206A;PR;Maria Antonieta;-25,441959;-49,164353;2025-03-04 01:50:00.0;0,00
PINHAIS;411915206A;PR;Maria Antonieta;-25,441959;-49,164353;2025-03-04 02:50:00.0;0,00
PINHAIS;411915206A;PR;Maria Antonieta;-25,441959;-49,164353;2025-03-04 03:50:00.0;0,00
PINHAIS;411915206A;PR;Maria Antonieta;-25,441959;-49,164353;2025-03-04 04:50:00.0;0,00
PINHAIS;411915206A;PR;Maria Antonieta;-25,441959;-49,164353;2025-03-04 05:50:00.0;0,00
PINHAIS;411915206A;PR;Maria Antonieta;-25,441959;-49,164353;2025-03-04 06:50:00.0;0,00
PINHAIS;411915206A;PR;Maria Antonieta;-25,441959;-49,164353;2025-03-04 07:50:00.0;0,00
PINHAIS;411915206A;PR;Maria Antonieta;-25,441959;-49,164353;2025-03-04 08:50:00.0;0,00
PINHAIS;411915206A;PR;Maria Antonieta;-25,441959;-49,164353;2025-03-04 09:50:00.0;0,00
PINHAIS;411915206A;PR;Maria Antonieta;-25,441959;-49,164353;2025-03-04 10:50:00.0;0,00
PINHAIS;411915206A;PR;Maria Antonieta;-25,441959;-49,164353;2025-03-04 11:50:00.0;0,00
PINHAIS;411915206A;PR;Maria Antonieta;-25,441959;-49,164353;2025-03-04 12:50:00.0;0,00
PINHAIS;411915206A;PR;Maria Antonieta;-25,441959;-49,164353;2025-03-04 13:50:00.0;0,00
PINHAIS;411915206A;PR;Maria Antonieta;-25,441959;-49,164353;2025-03-04 14:50:00.0;0,00
PINHAIS;411915206A;PR;Maria Antonieta;-25,441959;-49,164353;2025-03-04 15:50:00.0;0,00
PINHAIS;411915206A;PR;Maria Antonieta;-25,441959;-49,164353;2025-03-04 16:50:00.0;0,00
PINHAIS;411915206A;PR;Maria Antonieta;-25,441959;-49,164353;2025-03-04 17:50:00.0;0,00
PINHAIS;411915206A;PR;Maria Antonieta;-25,441959;-49,164353;2025-03-04 18:50:00.0;0,00
PINHAIS;411915206A;PR;Maria Antonieta;-25,441959;-49,164353;2025-03-04 19:50:00.0;0,00
PINHAIS;411915206A;PR;Maria Antonieta;-25,441959;-49,164353;2025-03-04 20:50:00.0;0,00
PINHAIS;411915206A;PR;Maria Antonieta;-25,441959;-49,164353;2025-03-04 21:50:00.0;0,00
PINHAIS;411915206A;PR;Maria Antonieta;-25,441959;-49,164353;2025-03-04 22:50:00.0;0,00
PINHAIS;411915206A;PR;Maria Antonieta;-25,441959;-49,164353;2025-03-04 23:50:00.0;0,00
PINHAIS;411915206A;PR;Maria Antonieta;-25,441959;-49,164353;2025-03-05 00:50:00.0;0,00
PINHAIS;411915206A;PR;Maria Antonieta;-25,441959;-49,164353;2025-03-05 01:50:00.0;0,00
PINHAIS;411915206A;PR;Maria Antonieta;-25,441959;-49,164353;2025-03-05 02:50:00.0;0,00
PINHAIS;411915206A;PR;Maria Antonieta;-25,441959;-49,164353;2025-03-05 03:50:00.0;0,00
PINHAIS;411915206A;PR;Maria Antonieta;-25,441959;-49,164353;2025-03-05 04:50:00.0;0,00
PINHAIS;411915206A;PR;Maria Antonieta;-25,441959;-49,164353;2025-03-05 05:50:00.0;0,00
PINHAIS;411915206A;PR;Maria Antonieta;-25,441959;-49,164353;2025-03-05 06:50:00.0;0,00
PINHAIS;411915206A;PR;Maria Antonieta;-25,441959;-49,164353;2025-03-05 07:50:00.0;0,00
PINHAIS;411915206A;PR;Maria Antonieta;-25,441959;-49,164353;2025-03-05 08:50:00.0;0,00
PINHAIS;411915206A;PR;Maria Antonieta;-25,441959;-49,164353;2025-03-05 09:50:00.0;0,00
PINHAIS;411915206A;PR;Maria Antonieta;-25,441959;-49,164353;2025-03-05 10:50:00.0;0,00
PINHAIS;411915206A;PR;Maria Antonieta;-25,441959;-49,164353;2025-03-05 11:50:00.0;0,00
PINHAIS;411915206A;PR;Maria Antonieta;-25,441959;-49,164353;2025-03-05 12:50:00.0;0,00
PINHAIS;411915206A;PR;Maria Antonieta;-25,441959;-49,164353;2025-03-05 13:50:00.0;0,00
PINHAIS;411915206A;PR;Maria Antonieta;-25,441959;-49,164353;2025-03-05 14:50:00.0;0,00
PINHAIS;411915206A;PR;Maria Antonieta;-25,441959;-49,164353;2025-03-05 15:50:00.0;0,00
PINHAIS;411915206A;PR;Maria Antonieta;-25,441959;-49,164353;2025-03-05 16:50:00.0;0,00
PINHAIS;411915206A;PR;Maria Antonieta;-25,441959;-49,164353;2025-03-05 17:50:00.0;0,00
PINHAIS;411915206A;PR;Maria Antonieta;-25,441959;-49,164353;2025-03-05 18:50:00.0;0,00
PINHAIS;411915206A;PR;Maria Antonieta;-25,441959;-49,164353;2025-03-05 19:50:00.0;0,00
PINHAIS;411915206A;PR;Maria Antonieta;-25,441959;-49,164353;2025-03-05 20:50:00.0;0,00
PINHAIS;411915206A;PR;Maria Antonieta;-25,441959;-49,164353;2025-03-05 21:50:00.0;0,00
PINHAIS;411915206A;PR;Maria Antonieta;-25,441959;-49,164353;2025-03-05 22:50:00.0;0,00
PINHAIS;411915206A;PR;Maria Antonieta;-25,441959;-49,164353;2025-03-05 23:50:00.0;0,00
PINHAIS;411915206A;PR;Maria Antonieta;-25,441959;-49,164353;2025-03-06 00:50:00.0;0,00
PINHAIS;411915206A;PR;Maria Antonieta;-25,441959;-49,164353;2025-03-06 01:50:00.0;0,00
PINHAIS;411915206A;PR;Maria Antonieta;-25,441959;-49,164353;2025-03-06 02:50:00.0;0,00
PINHAIS;411915206A;PR;Maria Antonieta;-25,441959;-49,164353;2025-03-06 03:50:00.0;0,00
PINHAIS;411915206A;PR;Maria Antonieta;-25,441959;-49,164353;2025-03-06 04:50:00.0;0,00
PINHAIS;411915206A;PR;Maria Antonieta;-25,441959;-49,164353;2025-03-06 05:50:00.0;0,00
PINHAIS;411915206A;PR;Maria Antonieta;-25,441959;-49,164353;2025-03-06 06:50:00.0;0,00
PINHAIS;411915206A;PR;Maria Antonieta;-25,441959;-49,164353;2025-03-06 07:50:00.0;0,00
PINHAIS;411915206A;PR;Maria Antonieta;-25,441959;-49,164353;2025-03-06 08:50:00.0;0,00
PINHAIS;411915206A;PR;Maria Antonieta;-25,441959;-49,164353;2025-03-06 09:50:00.0;0,00
PINHAIS;411915206A;PR;Maria Antonieta;-25,441959;-49,164353;2025-03-06 10:50:00.0;0,00
PINHAIS;411915206A;PR;Maria Antonieta;-25,441959;-49,164353;2025-03-06 11:50:00.0;0,00
PINHAIS;411915206A;PR;Maria Antonieta;-25,441959;-49,164353;2025-03-06 12:50:00.0;0,00
PINHAIS;411915206A;PR;Maria Antonieta;-25,441959;-49,164353;2025-03-06 13:50:00.0;0,00
PINHAIS;411915206A;PR;Maria Antonieta;-25,441959;-49,164353;2025-03-06 14:50:00.0;0,00
PINHAIS;411915206A;PR;Maria Antonieta;-25,441959;-49,164353;2025-03-06 15:50:00.0;0,00
PINHAIS;411915206A;PR;Maria Antonieta;-25,441959;-49,164353;2025-03-06 16:50:00.0;0,00
PINHAIS;411915206A;PR;Maria Antonieta;-25,441959;-49,164353;2025-03-06 17:50:00.0;0,00
PINHAIS;411915206A;PR;Maria Antonieta;-25,441959;-49,164353;2025-03-06 18:50:00.0;0,00
PINHAIS;411915206A;PR;Maria Antonieta;-25,441959;-49,164353;2025-03-06 19:50:00.0;0,00
PINHAIS;411915206A;PR;Maria Antonieta;-25,441959;-49,164353;2025-03-06 20:50:00.0;0,00
PINHAIS;411915206A;PR;Maria Antonieta;-25,441959;-49,164353;2025-03-06 21:50:00.0;0,00
PINHAIS;411915206A;PR;Maria Antonieta;-25,441959;-49,164353;2025-03-06 22:50:00.0;0,00
PINHAIS;411915206A;PR;Maria Antonieta;-25,441959;-49,164353;2025-03-06 23:50:00.0;0,00
PINHAIS;411915206A;PR;Maria Antonieta;-25,441959;-49,164353;2025-03-07 00:50:00.0;0,00
PINHAIS;411915206A;PR;Maria Antonieta;-25,441959;-49,164353;2025-03-07 01:50:00.0;0,00
PINHAIS;411915206A;PR;Maria Antonieta;-25,441959;-49,164353;2025-03-07 02:50:00.0;0,00
PINHAIS;411915206A;PR;Maria Antonieta;-25,441959;-49,164353;2025-03-07 03:50:00.0;0,00
PINHAIS;411915206A;PR;Maria Antonieta;-25,441959;-49,164353;2025-03-07 04:50:00.0;0,00
PINHAIS;411915206A;PR;Maria Antonieta;-25,441959;-49,164353;2025-03-07 05:50:00.0;0,00
PINHAIS;411915206A;PR;Maria Antonieta;-25,441959;-49,164353;2025-03-07 06:50:00.0;0,00
PINHAIS;411915206A;PR;Maria Antonieta;-25,441959;-49,164353;2025-03-07 07:50:00.0;0,00
PINHAIS;411915206A;PR;Maria Antonieta;-25,441959;-49,164353;2025-03-07 08:50:00.0;0,00
PINHAIS;411915206A;PR;Maria Antonieta;-25,441959;-49,164353;2025-03-07 09:50:00.0;0,00
PINHAIS;411915206A;PR;Maria Antonieta;-25,441959;-49,164353;2025-03-07 10:50:00.0;0,00
PINHAIS;411915206A;PR;Maria Antonieta;-25,441959;-49,164353;2025-03-07 11:50:00.0;0,00
PINHAIS;411915206A;PR;Maria Antonieta;-25,441959;-49,164353;2025-03-07 12:50:00.0;0,00
PINHAIS;411915206A;PR;Maria Antonieta;-25,441959;-49,164353;2025-03-07 13:50:00.0;0,00
PINHAIS;411915206A;PR;Maria Antonieta;-25,441959;-49,164353;2025-03-07 14:50:00.0;0,00
PINHAIS;411915206A;PR;Maria Antonieta;-25,441959;-49,164353;2025-03-07 15:50:00.0;0,00
PINHAIS;411915206A;PR;Maria Antonieta;-25,441959;-49,164353;2025-03-07 16:50:00.0;0,00
PINHAIS;411915206A;PR;Maria Antonieta;-25,441959;-49,164353;2025-03-07 17:50:00.0;0,00
PINHAIS;411915206A;PR;Maria Antonieta;-25,441959;-49,164353;2025-03-07 18:50:00.0;0,00
PINHAIS;411915206A;PR;Maria Antonieta;-25,441959;-49,164353;2025-03-07 19:50:00.0;0,00
PINHAIS;411915206A;PR;Maria Antonieta;-25,441959;-49,164353;2025-03-07 20:50:00.0;0,00
PINHAIS;411915206A;PR;Maria Antonieta;-25,441959;-49,164353;2025-03-07 21:50:00.0;0,00
PINHAIS;411915206A;PR;Maria Antonieta;-25,441959;-49,164353;2025-03-07 22:50:00.0;0,00
PINHAIS;411915206A;PR;Maria Antonieta;-25,441959;-49,164353;2025-03-07 23:50:00.0;0,00
PINHAIS;411915206A;PR;Maria Antonieta;-25,441959;-49,164353;2025-03-08 00:50:00.0;0,00
PINHAIS;411915206A;PR;Maria Antonieta;-25,441959;-49,164353;2025-03-08 01:50:00.0;0,00
PINHAIS;411915206A;PR;Maria Antonieta;-25,441959;-49,164353;2025-03-08 02:50:00.0;0,00
PINHAIS;411915206A;PR;Maria Antonieta;-25,441959;-49,164353;2025-03-08 03:50:00.0;0,00
PINHAIS;411915206A;PR;Maria Antonieta;-25,441959;-49,164353;2025-03-08 04:50:00.0;0,00
PINHAIS;411915206A;PR;Maria Antonieta;-25,441959;-49,164353;2025-03-08 05:50:00.0;0,00
PINHAIS;411915206A;PR;Maria Antonieta;-25,441959;-49,164353;2025-03-08 06:50:00.0;0,00
PINHAIS;411915206A;PR;Maria Antonieta;-25,441959;-49,164353;2025-03-08 07:50:00.0;0,00
PINHAIS;411915206A;PR;Maria Antonieta;-25,441959;-49,164353;2025-03-08 08:50:00.0;0,00
PINHAIS;411915206A;PR;Maria Antonieta;-25,441959;-49,164353;2025-03-08 09:50:00.0;0,00
PINHAIS;411915206A;PR;Maria Antonieta;-25,441959;-49,164353;2025-03-08 10:50:00.0;0,00
PINHAIS;411915206A;PR;Maria Antonieta;-25,441959;-49,164353;2025-03-08 11:50:00.0;0,00
PINHAIS;411915206A;PR;Maria Antonieta;-25,441959;-49,164353;2025-03-08 12:50:00.0;0,00
PINHAIS;411915206A;PR;Maria Antonieta;-25,441959;-49,164353;2025-03-08 13:50:00.0;0,00
PINHAIS;411915206A;PR;Maria Antonieta;-25,441959;-49,164353;2025-03-08 14:50:00.0;0,00
PINHAIS;411915206A;PR;Maria Antonieta;-25,441959;-49,164353;2025-03-08 15:50:00.0;0,00
PINHAIS;411915206A;PR;Maria Antonieta;-25,441959;-49,164353;2025-03-08 16:50:00.0;0,00
PINHAIS;411915206A;PR;Maria Antonieta;-25,441959;-49,164353;2025-03-08 17:50:00.0;0,00
PINHAIS;411915206A;PR;Maria Antonieta;-25,441959;-49,164353;2025-03-08 18:50:00.0;0,00
PINHAIS;411915206A;PR;Maria Antonieta;-25,441959;-49,164353;2025-03-08 19:50:00.0;0,00
PINHAIS;411915206A;PR;Maria Antonieta;-25,441959;-49,164353;2025-03-08 20:50:00.0;0,00
PINHAIS;411915206A;PR;Maria Antonieta;-25,441959;-49,164353;2025-03-08 21:50:00.0;0,00
PINHAIS;411915206A;PR;Maria Antonieta;-25,441959;-49,164353;2025-03-08 22:50:00.0;0,00
PINHAIS;411915206A;PR;Maria Antonieta;-25,441959;-49,164353;2025-03-08 23:50:00.0;0,00
PINHAIS;411915206A;PR;Maria Antonieta;-25,441959;-49,164353;2025-03-09 00:50:00.0;0,00
PINHAIS;411915206A;PR;Maria Antonieta;-25,441959;-49,164353;2025-03-09 01:50:00.0;0,00
PINHAIS;411915206A;PR;Maria Antonieta;-25,441959;-49,164353;2025-03-09 02:50:00.0;0,00
PINHAIS;411915206A;PR;Maria Antonieta;-25,441959;-49,164353;2025-03-09 03:50:00.0;0,00
PINHAIS;411915206A;PR;Maria Antonieta;-25,441959;-49,164353;2025-03-09 04:50:00.0;0,00
PINHAIS;411915206A;PR;Maria Antonieta;-25,441959;-49,164353;2025-03-09 05:50:00.0;0,00
PINHAIS;411915206A;PR;Maria Antonieta;-25,441959;-49,164353;2025-03-09 06:50:00.0;0,00
PINHAIS;411915206A;PR;Maria Antonieta;-25,441959;-49,164353;2025-03-09 07:50:00.0;0,00
PINHAIS;411915206A;PR;Maria Antonieta;-25,441959;-49,164353;2025-03-09 08:50:00.0;0,00
PINHAIS;411915206A;PR;Maria Antonieta;-25,441959;-49,164353;2025-03-09 09:50:00.0;0,00
PINHAIS;411915206A;PR;Maria Antonieta;-25,441959;-49,164353;2025-03-09 10:50:00.0;0,00
PINHAIS;411915206A;PR;Maria Antonieta;-25,441959;-49,164353;2025-03-09 11:50:00.0;0,00
PINHAIS;411915206A;PR;Maria Antonieta;-25,441959;-49,164353;2025-03-09 12:50:00.0;0,00
PINHAIS;411915206A;PR;Maria Antonieta;-25,441959;-49,164353;2025-03-09 13:50:00.0;0,00
PINHAIS;411915206A;PR;Maria Antonieta;-25,441959;-49,164353;2025-03-09 14:50:00.0;0,00
PINHAIS;411915206A;PR;Maria Antonieta;-25,441959;-49,164353;2025-03-09 15:50:00.0;0,00
PINHAIS;411915206A;PR;Maria Antonieta;-25,441959;-49,164353;2025-03-09 16:50:00.0;0,00
PINHAIS;411915206A;PR;Maria Antonieta;-25,441959;-49,164353;2025-03-09 17:50:00.0;0,00
PINHAIS;411915206A;PR;Maria Antonieta;-25,441959;-49,164353;2025-03-09 18:50:00.0;0,00
PINHAIS;411915206A;PR;Maria Antonieta;-25,441959;-49,164353;2025-03-09 19:00:00.0;11,01
PINHAIS;411915206A;PR;Maria Antonieta;-25,441959;-49,164353;2025-03-09 19:10:00.0;0,98
PINHAIS;411915206A;PR;Maria Antonieta;-25,441959;-49,164353;2025-03-09 19:20:00.0;1,18
PINHAIS;411915206A;PR;Maria Antonieta;-25,441959;-49,164353;2025-03-09 19:30:00.0;0,20
PINHAIS;411915206A;PR;Maria Antonieta;-25,441959;-49,164353;2025-03-09 19:40:00.0;0,20
PINHAIS;411915206A;PR;Maria Antonieta;-25,441959;-49,164353;2025-03-09 19:50:00.0;0,00
PINHAIS;411915206A;PR;Maria Antonieta;-25,441959;-49,164353;2025-03-09 20:50:00.0;0,00
PINHAIS;411915206A;PR;Maria Antonieta;-25,441959;-49,164353;2025-03-09 21:40:00.0;5,12
PINHAIS;411915206A;PR;Maria Antonieta;-25,441959;-49,164353;2025-03-09 21:50:00.0;1,37
PINHAIS;411915206A;PR;Maria Antonieta;-25,441959;-49,164353;2025-03-09 22:00:00.0;1,37
PINHAIS;411915206A;PR;Maria Antonieta;-25,441959;-49,164353;2025-03-09 22:10:00.0;0,40
PINHAIS;411915206A;PR;Maria Antonieta;-25,441959;-49,164353;2025-03-09 22:40:00.0;8,56
PINHAIS;411915206A;PR;Maria Antonieta;-25,441959;-49,164353;2025-03-09 22:50:00.0;3,35
PINHAIS;411915206A;PR;Maria Antonieta;-25,441959;-49,164353;2025-03-09 23:40:00.0;0,20
PINHAIS;411915206A;PR;Maria Antonieta;-25,441959;-49,164353;2025-03-09 23:50:00.0;0,20
PINHAIS;411915206A;PR;Maria Antonieta;-25,441959;-49,164353;2025-03-10 00:00:00.0;0,59
PINHAIS;411915206A;PR;Maria Antonieta;-25,441959;-49,164353;2025-03-10 00:20:00.0;0,20
PINHAIS;411915206A;PR;Maria Antonieta;-25,441959;-49,164353;2025-03-10 00:50:00.0;0,00
PINHAIS;411915206A;PR;Maria Antonieta;-25,441959;-49,164353;2025-03-10 01:00:00.0;0,20
PINHAIS;411915206A;PR;Maria Antonieta;-25,441959;-49,164353;2025-03-10 01:50:00.0;0,00
PINHAIS;411915206A;PR;Maria Antonieta;-25,441959;-49,164353;2025-03-10 02:50:00.0;0,00
PINHAIS;411915206A;PR;Maria Antonieta;-25,441959;-49,164353;2025-03-10 03:50:00.0;0,00
PINHAIS;411915206A;PR;Maria Antonieta;-25,441959;-49,164353;2025-03-10 04:50:00.0;0,00
PINHAIS;411915206A;PR;Maria Antonieta;-25,441959;-49,164353;2025-03-10 05:50:00.0;0,00
PINHAIS;411915206A;PR;Maria Antonieta;-25,441959;-49,164353;2025-03-10 06:50:00.0;0,00
PINHAIS;411915206A;PR;Maria Antonieta;-25,441959;-49,164353;2025-03-10 07:50:00.0;0,00
PINHAIS;411915206A;PR;Maria Antonieta;-25,441959;-49,164353;2025-03-10 08:50:00.0;0,00
PINHAIS;411915206A;PR;Maria Antonieta;-25,441959;-49,164353;2025-03-10 09:50:00.0;0,00
PINHAIS;411915206A;PR;Maria Antonieta;-25,441959;-49,164353;2025-03-10 10:50:00.0;0,00
PINHAIS;411915206A;PR;Maria Antonieta;-25,441959;-49,164353;2025-03-10 11:50:00.0;0,00
PINHAIS;411915206A;PR;Maria Antonieta;-25,441959;-49,164353;2025-03-10 12:50:00.0;0,00
PINHAIS;411915206A;PR;Maria Antonieta;-25,441959;-49,164353;2025-03-10 13:50:00.0;0,00
PINHAIS;411915206A;PR;Maria Antonieta;-25,441959;-49,164353;2025-03-10 14:50:00.0;0,00
PINHAIS;411915206A;PR;Maria Antonieta;-25,441959;-49,164353;2025-03-10 15:50:00.0;0,00
PINHAIS;411915206A;PR;Maria Antonieta;-25,441959;-49,164353;2025-03-10 16:50:00.0;0,00
PINHAIS;411915206A;PR;Maria Antonieta;-25,441959;-49,164353;2025-03-10 17:50:00.0;0,00
PINHAIS;411915206A;PR;Maria Antonieta;-25,441959;-49,164353;2025-03-10 18:50:00.0;0,00
PINHAIS;411915206A;PR;Maria Antonieta;-25,441959;-49,164353;2025-03-10 19:20:00.0;0,20
PINHAIS;411915206A;PR;Maria Antonieta;-25,441959;-49,164353;2025-03-10 19:50:00.0;0,00
PINHAIS;411915206A;PR;Maria Antonieta;-25,441959;-49,164353;2025-03-10 20:50:00.0;0,00
PINHAIS;411915206A;PR;Maria Antonieta;-25,441959;-49,164353;2025-03-10 21:50:00.0;0,00
PINHAIS;411915206A;PR;Maria Antonieta;-25,441959;-49,164353;2025-03-10 22:50:00.0;0,00
PINHAIS;411915206A;PR;Maria Antonieta;-25,441959;-49,164353;2025-03-10 23:50:00.0;0,00
PINHAIS;411915206A;PR;Maria Antonieta;-25,441959;-49,164353;2025-03-11 00:50:00.0;0,00
PINHAIS;411915206A;PR;Maria Antonieta;-25,441959;-49,164353;2025-03-11 01:50:00.0;0,00
PINHAIS;411915206A;PR;Maria Antonieta;-25,441959;-49,164353;2025-03-11 02:50:00.0;0,00
PINHAIS;411915206A;PR;Maria Antonieta;-25,441959;-49,164353;2025-03-11 03:50:00.0;0,00
PINHAIS;411915206A;PR;Maria Antonieta;-25,441959;-49,164353;2025-03-11 04:50:00.0;0,00
PINHAIS;411915206A;PR;Maria Antonieta;-25,441959;-49,164353;2025-03-11 05:50:00.0;0,00
PINHAIS;411915206A;PR;Maria Antonieta;-25,441959;-49,164353;2025-03-11 06:50:00.0;0,00
PINHAIS;411915206A;PR;Maria Antonieta;-25,441959;-49,164353;2025-03-11 07:50:00.0;0,00
PINHAIS;411915206A;PR;Maria Antonieta;-25,441959;-49,164353;2025-03-11 08:50:00.0;0,00
PINHAIS;411915206A;PR;Maria Antonieta;-25,441959;-49,164353;2025-03-11 09:50:00.0;0,00
PINHAIS;411915206A;PR;Maria Antonieta;-25,441959;-49,164353;2025-03-11 10:50:00.0;0,00
PINHAIS;411915206A;PR;Maria Antonieta;-25,441959;-49,164353;2025-03-11 11:50:00.0;0,00
PINHAIS;411915206A;PR;Maria Antonieta;-25,441959;-49,164353;2025-03-11 12:50:00.0;0,00
PINHAIS;411915206A;PR;Maria Antonieta;-25,441959;-49,164353;2025-03-11 13:50:00.0;0,00
PINHAIS;411915206A;PR;Maria Antonieta;-25,441959;-49,164353;2025-03-11 14:50:00.0;0,00
PINHAIS;411915206A;PR;Maria Antonieta;-25,441959;-49,164353;2025-03-11 15:50:00.0;0,00
PINHAIS;411915206A;PR;Maria Antonieta;-25,441959;-49,164353;2025-03-11 16:50:00.0;0,00
PINHAIS;411915206A;PR;Maria Antonieta;-25,441959;-49,164353;2025-03-11 17:50:00.0;0,00
PINHAIS;411915206A;PR;Maria Antonieta;-25,441959;-49,164353;2025-03-11 18:10:00.0;0,79
PINHAIS;411915206A;PR;Maria Antonieta;-25,441959;-49,164353;2025-03-11 18:20:00.0;0,59
PINHAIS;411915206A;PR;Maria Antonieta;-25,441959;-49,164353;2025-03-11 18:30:00.0;1,37
PINHAIS;411915206A;PR;Maria Antonieta;-25,441959;-49,164353;2025-03-11 18:40:00.0;2,36
PINHAIS;411915206A;PR;Maria Antonieta;-25,441959;-49,164353;2025-03-11 18:50:00.0;0,98
PINHAIS;411915206A;PR;Maria Antonieta;-25,441959;-49,164353;2025-03-11 19:00:00.0;0,59
PINHAIS;411915206A;PR;Maria Antonieta;-25,441959;-49,164353;2025-03-11 19:50:00.0;0,00
PINHAIS;411915206A;PR;Maria Antonieta;-25,441959;-49,164353;2025-03-11 20:50:00.0;0,00
PINHAIS;411915206A;PR;Maria Antonieta;-25,441959;-49,164353;2025-03-11 21:20:00.0;0,20
PINHAIS;411915206A;PR;Maria Antonieta;-25,441959;-49,164353;2025-03-11 21:30:00.0;0,59
PINHAIS;411915206A;PR;Maria Antonieta;-25,441959;-49,164353;2025-03-11 21:40:00.0;0,20
PINHAIS;411915206A;PR;Maria Antonieta;-25,441959;-49,164353;2025-03-11 21:50:00.0;0,20
PINHAIS;411915206A;PR;Maria Antonieta;-25,441959;-49,164353;2025-03-11 22:00:00.0;1,77
PINHAIS;411915206A;PR;Maria Antonieta;-25,441959;-49,164353;2025-03-11 22:10:00.0;1,18
PINHAIS;411915206A;PR;Maria Antonieta;-25,441959;-49,164353;2025-03-11 22:20:00.0;0,79
PINHAIS;411915206A;PR;Maria Antonieta;-25,441959;-49,164353;2025-03-11 22:30:00.0;1,18
PINHAIS;411915206A;PR;Maria Antonieta;-25,441959;-49,164353;2025-03-11 22:40:00.0;1,57
PINHAIS;411915206A;PR;Maria Antonieta;-25,441959;-49,164353;2025-03-11 22:50:00.0;1,18
PINHAIS;411915206A;PR;Maria Antonieta;-25,441959;-49,164353;2025-03-11 23:00:00.0;0,79
PINHAIS;411915206A;PR;Maria Antonieta;-25,441959;-49,164353;2025-03-11 23:10:00.0;0,98
PINHAIS;411915206A;PR;Maria Antonieta;-25,441959;-49,164353;2025-03-11 23:20:00.0;0,98
PINHAIS;411915206A;PR;Maria Antonieta;-25,441959;-49,164353;2025-03-11 23:30:00.0;1,18
PINHAIS;411915206A;PR;Maria Antonieta;-25,441959;-49,164353;2025-03-11 23:40:00.0;0,59
PINHAIS;411915206A;PR;Maria Antonieta;-25,441959;-49,164353;2025-03-11 23:50:00.0;0,20
PINHAIS;411915206A;PR;Maria Antonieta;-25,441959;-49,164353;2025-03-12 00:00:00.0;0,00
PINHAIS;411915206A;PR;Maria Antonieta;-25,441959;-49,164353;2025-03-12 00:50:00.0;0,00
PINHAIS;411915206A;PR;Maria Antonieta;-25,441959;-49,164353;2025-03-12 01:50:00.0;0,00
PINHAIS;411915206A;PR;Maria Antonieta;-25,441959;-49,164353;2025-03-12 02:20:00.0;0,20
PINHAIS;411915206A;PR;Maria Antonieta;-25,441959;-49,164353;2025-03-12 02:50:00.0;0,00
PINHAIS;411915206A;PR;Maria Antonieta;-25,441959;-49,164353;2025-03-12 03:50:00.0;0,00
PINHAIS;411915206A;PR;Maria Antonieta;-25,441959;-49,164353;2025-03-12 04:50:00.0;0,00
PINHAIS;411915206A;PR;Maria Antonieta;-25,441959;-49,164353;2025-03-12 05:50:00.0;0,00
PINHAIS;411915206A;PR;Maria Antonieta;-25,441959;-49,164353;2025-03-12 06:50:00.0;0,00
PINHAIS;411915206A;PR;Maria Antonieta;-25,441959;-49,164353;2025-03-12 07:20:00.0;0,42
PINHAIS;411915206A;PR;Maria Antonieta;-25,441959;-49,164353;2025-03-12 07:50:00.0;0,00
PINHAIS;411915206A;PR;Maria Antonieta;-25,441959;-49,164353;2025-03-12 08:50:00.0;0,00
PINHAIS;411915206A;PR;Maria Antonieta;-25,441959;-49,164353;2025-03-12 09:50:00.0;0,00
PINHAIS;411915206A;PR;Maria Antonieta;-25,441959;-49,164353;2025-03-12 10:50:00.0;0,00
PINHAIS;411915206A;PR;Maria Antonieta;-25,441959;-49,164353;2025-03-12 11:50:00.0;0,00
PINHAIS;411915206A;PR;Maria Antonieta;-25,441959;-49,164353;2025-03-12 12:50:00.0;0,00
PINHAIS;411915206A;PR;Maria Antonieta;-25,441959;-49,164353;2025-03-12 13:50:00.0;0,00
PINHAIS;411915206A;PR;Maria Antonieta;-25,441959;-49,164353;2025-03-12 14:50:00.0;0,00
PINHAIS;411915206A;PR;Maria Antonieta;-25,441959;-49,164353;2025-03-12 15:50:00.0;1,97
PINHAIS;411915206A;PR;Maria Antonieta;-25,441959;-49,164353;2025-03-12 16:00:00.0;6,49
PINHAIS;411915206A;PR;Maria Antonieta;-25,441959;-49,164353;2025-03-12 16:10:00.0;1,77
PINHAIS;411915206A;PR;Maria Antonieta;-25,441959;-49,164353;2025-03-12 16:30:00.0;1,96
PINHAIS;411915206A;PR;Maria Antonieta;-25,441959;-49,164353;2025-03-12 16:40:00.0;1,18
PINHAIS;411915206A;PR;Maria Antonieta;-25,441959;-49,164353;2025-03-12 16:50:00.0;0,00
PINHAIS;411915206A;PR;Maria Antonieta;-25,441959;-49,164353;2025-03-12 17:50:00.0;0,00
PINHAIS;411915206A;PR;Maria Antonieta;-25,441959;-49,164353;2025-03-12 18:50:00.0;0,00
PINHAIS;411915206A;PR;Maria Antonieta;-25,441959;-49,164353;2025-03-12 19:50:00.0;0,00
PINHAIS;411915206A;PR;Maria Antonieta;-25,441959;-49,164353;2025-03-12 20:50:00.0;0,00
PINHAIS;411915206A;PR;Maria Antonieta;-25,441959;-49,164353;2025-03-12 21:00:00.0;0,20
PINHAIS;411915206A;PR;Maria Antonieta;-25,441959;-49,164353;2025-03-12 21:10:00.0;5,12
PINHAIS;411915206A;PR;Maria Antonieta;-25,441959;-49,164353;2025-03-12 21:20:00.0;0,79
PINHAIS;411915206A;PR;Maria Antonieta;-25,441959;-49,164353;2025-03-12 21:50:00.0;0,59
PINHAIS;411915206A;PR;Maria Antonieta;-25,441959;-49,164353;2025-03-12 22:20:00.0;0,20
PINHAIS;411915206A;PR;Maria Antonieta;-25,441959;-49,164353;2025-03-12 22:50:00.0;0,00
PINHAIS;411915206A;PR;Maria Antonieta;-25,441959;-49,164353;2025-03-12 23:00:00.0;0,20
PINHAIS;411915206A;PR;Maria Antonieta;-25,441959;-49,164353;2025-03-12 23:10:00.0;0,59
PINHAIS;411915206A;PR;Maria Antonieta;-25,441959;-49,164353;2025-03-12 23:20:00.0;0,20
PINHAIS;411915206A;PR;Maria Antonieta;-25,441959;-49,164353;2025-03-12 23:30:00.0;0,20
PINHAIS;411915206A;PR;Maria Antonieta;-25,441959;-49,164353;2025-03-12 23:40:00.0;0,39
PINHAIS;411915206A;PR;Maria Antonieta;-25,441959;-49,164353;2025-03-12 23:50:00.0;0,59
PINHAIS;411915206A;PR;Maria Antonieta;-25,441959;-49,164353;2025-03-13 00:00:00.0;0,39
PINHAIS;411915206A;PR;Maria Antonieta;-25,441959;-49,164353;2025-03-13 00:20:00.0;0,20
PINHAIS;411915206A;PR;Maria Antonieta;-25,441959;-49,164353;2025-03-13 00:50:00.0;0,00
PINHAIS;411915206A;PR;Maria Antonieta;-25,441959;-49,164353;2025-03-13 01:30:00.0;0,20
PINHAIS;411915206A;PR;Maria Antonieta;-25,441959;-49,164353;2025-03-13 02:50:00.0;0,00
PINHAIS;411915206A;PR;Maria Antonieta;-25,441959;-49,164353;2025-03-13 03:50:00.0;0,00
PINHAIS;411915206A;PR;Maria Antonieta;-25,441959;-49,164353;2025-03-13 04:50:00.0;0,00
PINHAIS;411915206A;PR;Maria Antonieta;-25,441959;-49,164353;2025-03-13 05:30:00.0;0,20
PINHAIS;411915206A;PR;Maria Antonieta;-25,441959;-49,164353;2025-03-13 05:50:00.0;0,00
PINHAIS;411915206A;PR;Maria Antonieta;-25,441959;-49,164353;2025-03-13 06:50:00.0;0,00
PINHAIS;411915206A;PR;Maria Antonieta;-25,441959;-49,164353;2025-03-13 07:10:00.0;0,20
PINHAIS;411915206A;PR;Maria Antonieta;-25,441959;-49,164353;2025-03-13 07:30:00.0;0,20
PINHAIS;411915206A;PR;Maria Antonieta;-25,441959;-49,164353;2025-03-13 07:40:00.0;0,20
PINHAIS;411915206A;PR;Maria Antonieta;-25,441959;-49,164353;2025-03-13 07:50:00.0;0,20
PINHAIS;411915206A;PR;Maria Antonieta;-25,441959;-49,164353;2025-03-13 08:00:00.0;0,20
PINHAIS;411915206A;PR;Maria Antonieta;-25,441959;-49,164353;2025-03-13 08:10:00.0;0,20
PINHAIS;411915206A;PR;Maria Antonieta;-25,441959;-49,164353;2025-03-13 08:20:00.0;0,20
PINHAIS;411915206A;PR;Maria Antonieta;-25,441959;-49,164353;2025-03-13 08:30:00.0;0,42
PINHAIS;411915206A;PR;Maria Antonieta;-25,441959;-49,164353;2025-03-13 08:50:00.0;0,20
PINHAIS;411915206A;PR;Maria Antonieta;-25,441959;-49,164353;2025-03-13 09:50:00.0;0,00
PINHAIS;411915206A;PR;Maria Antonieta;-25,441959;-49,164353;2025-03-13 10:50:00.0;0,00
PINHAIS;411915206A;PR;Maria Antonieta;-25,441959;-49,164353;2025-03-13 11:50:00.0;0,00
PINHAIS;411915206A;PR;Maria Antonieta;-25,441959;-49,164353;2025-03-13 12:50:00.0;0,00
PINHAIS;411915206A;PR;Maria Antonieta;-25,441959;-49,164353;2025-03-13 13:50:00.0;0,00
PINHAIS;411915206A;PR;Maria Antonieta;-25,441959;-49,164353;2025-03-13 14:50:00.0;0,00
PINHAIS;411915206A;PR;Maria Antonieta;-25,441959;-49,164353;2025-03-13 15:50:00.0;0,00
PINHAIS;411915206A;PR;Maria Antonieta;-25,441959;-49,164353;2025-03-13 16:50:00.0;0,00
PINHAIS;411915206A;PR;Maria Antonieta;-25,441959;-49,164353;2025-03-13 17:50:00.0;0,00
PINHAIS;411915206A;PR;Maria Antonieta;-25,441959;-49,164353;2025-03-13 18:40:00.0;0,20
PINHAIS;411915206A;PR;Maria Antonieta;-25,441959;-49,164353;2025-03-13 18:50:00.0;0,00
PINHAIS;411915206A;PR;Maria Antonieta;-25,441959;-49,164353;2025-03-13 19:50:00.0;0,00
PINHAIS;411915206A;PR;Maria Antonieta;-25,441959;-49,164353;2025-03-13 20:30:00.0;0,20
PINHAIS;411915206A;PR;Maria Antonieta;-25,441959;-49,164353;2025-03-13 20:40:00.0;0,20
PINHAIS;411915206A;PR;Maria Antonieta;-25,441959;-49,164353;2025-03-13 20:50:00.0;0,00
PINHAIS;411915206A;PR;Maria Antonieta;-25,441959;-49,164353;2025-03-13 21:50:00.0;0,00
PINHAIS;411915206A;PR;Maria Antonieta;-25,441959;-49,164353;2025-03-13 22:30:00.0;0,98
PINHAIS;411915206A;PR;Maria Antonieta;-25,441959;-49,164353;2025-03-13 22:50:00.0;0,20
PINHAIS;411915206A;PR;Maria Antonieta;-25,441959;-49,164353;2025-03-13 23:00:00.0;0,20
PINHAIS;411915206A;PR;Maria Antonieta;-25,441959;-49,164353;2025-03-13 23:10:00.0;0,20
PINHAIS;411915206A;PR;Maria Antonieta;-25,441959;-49,164353;2025-03-13 23:20:00.0;0,42
PINHAIS;411915206A;PR;Maria Antonieta;-25,441959;-49,164353;2025-03-13 23:30:00.0;0,39
PINHAIS;411915206A;PR;Maria Antonieta;-25,441959;-49,164353;2025-03-13 23:50:00.0;0,00
PINHAIS;411915206A;PR;Maria Antonieta;-25,441959;-49,164353;2025-03-14 00:40:00.0;0,59
PINHAIS;411915206A;PR;Maria Antonieta;-25,441959;-49,164353;2025-03-14 00:50:00.0;8,57
PINHAIS;411915206A;PR;Maria Antonieta;-25,441959;-49,164353;2025-03-14 01:00:00.0;5,31
PINHAIS;411915206A;PR;Maria Antonieta;-25,441959;-49,164353;2025-03-14 01:10:00.0;1,77
PINHAIS;411915206A;PR;Maria Antonieta;-25,441959;-49,164353;2025-03-14 01:20:00.0;1,37
PINHAIS;411915206A;PR;Maria Antonieta;-25,441959;-49,164353;2025-03-14 01:30:00.0;0,59
PINHAIS;411915206A;PR;Maria Antonieta;-25,441959;-49,164353;2025-03-14 01:40:00.0;0,79
PINHAIS;411915206A;PR;Maria Antonieta;-25,441959;-49,164353;2025-03-14 01:50:00.0;0,20
PINHAIS;411915206A;PR;Maria Antonieta;-25,441959;-49,164353;2025-03-14 02:50:00.0;0,00
PINHAIS;411915206A;PR;Maria Antonieta;-25,441959;-49,164353;2025-03-14 03:00:00.0;0,20
PINHAIS;411915206A;PR;Maria Antonieta;-25,441959;-49,164353;2025-03-14 03:50:00.0;0,00
PINHAIS;411915206A;PR;Maria Antonieta;-25,441959;-49,164353;2025-03-14 04:50:00.0;0,00
PINHAIS;411915206A;PR;Maria Antonieta;-25,441959;-49,164353;2025-03-14 05:50:00.0;0,00
PINHAIS;411915206A;PR;Maria Antonieta;-25,441959;-49,164353;2025-03-14 06:50:00.0;0,00
PINHAIS;411915206A;PR;Maria Antonieta;-25,441959;-49,164353;2025-03-14 07:50:00.0;0,00
PINHAIS;411915206A;PR;Maria Antonieta;-25,441959;-49,164353;2025-03-14 08:50:00.0;0,00
PINHAIS;411915206A;PR;Maria Antonieta;-25,441959;-49,164353;2025-03-14 09:50:00.0;0,00
PINHAIS;411915206A;PR;Maria Antonieta;-25,441959;-49,164353;2025-03-14 10:50:00.0;0,00
PINHAIS;411915206A;PR;Maria Antonieta;-25,441959;-49,164353;2025-03-14 11:50:00.0;0,00
PINHAIS;411915206A;PR;Maria Antonieta;-25,441959;-49,164353;2025-03-14 12:50:00.0;0,00
PINHAIS;411915206A;PR;Maria Antonieta;-25,441959;-49,164353;2025-03-14 13:50:00.0;0,00
PINHAIS;411915206A;PR;Maria Antonieta;-25,441959;-49,164353;2025-03-14 14:50:00.0;0,00
PINHAIS;411915206A;PR;Maria Antonieta;-25,441959;-49,164353;2025-03-14 15:50:00.0;0,00
PINHAIS;411915206A;PR;Maria Antonieta;-25,441959;-49,164353;2025-03-14 16:50:00.0;0,00
PINHAIS;411915206A;PR;Maria Antonieta;-25,441959;-49,164353;2025-03-14 17:50:00.0;0,00
PINHAIS;411915206A;PR;Maria Antonieta;-25,441959;-49,164353;2025-03-14 18:50:00.0;0,00
PINHAIS;411915206A;PR;Maria Antonieta;-25,441959;-49,164353;2025-03-14 19:50:00.0;0,00
PINHAIS;411915206A;PR;Maria Antonieta;-25,441959;-49,164353;2025-03-14 20:50:00.0;0,00
PINHAIS;411915206A;PR;Maria Antonieta;-25,441959;-49,164353;2025-03-14 21:50:00.0;0,00
PINHAIS;411915206A;PR;Maria Antonieta;-25,441959;-49,164353;2025-03-14 22:50:00.0;0,00
PINHAIS;411915206A;PR;Maria Antonieta;-25,441959;-49,164353;2025-03-14 23:50:00.0;0,00
PINHAIS;411915206A;PR;Maria Antonieta;-25,441959;-49,164353;2025-03-15 00:50:00.0;0,00
PINHAIS;411915206A;PR;Maria Antonieta;-25,441959;-49,164353;2025-03-15 01:50:00.0;0,00
PINHAIS;411915206A;PR;Maria Antonieta;-25,441959;-49,164353;2025-03-15 02:50:00.0;0,00
PINHAIS;411915206A;PR;Maria Antonieta;-25,441959;-49,164353;2025-03-15 03:50:00.0;0,00
PINHAIS;411915206A;PR;Maria Antonieta;-25,441959;-49,164353;2025-03-15 04:50:00.0;0,00
PINHAIS;411915206A;PR;Maria Antonieta;-25,441959;-49,164353;2025-03-15 05:50:00.0;0,00
PINHAIS;411915206A;PR;Maria Antonieta;-25,441959;-49,164353;2025-03-15 06:50:00.0;0,00
PINHAIS;411915206A;PR;Maria Antonieta;-25,441959;-49,164353;2025-03-15 07:50:00.0;0,00
PINHAIS;411915206A;PR;Maria Antonieta;-25,441959;-49,164353;2025-03-15 08:50:00.0;0,00
PINHAIS;411915206A;PR;Maria Antonieta;-25,441959;-49,164353;2025-03-15 09:50:00.0;0,00
PINHAIS;411915206A;PR;Maria Antonieta;-25,441959;-49,164353;2025-03-15 10:50:00.0;0,00
PINHAIS;411915206A;PR;Maria Antonieta;-25,441959;-49,164353;2025-03-15 11:50:00.0;0,00
PINHAIS;411915206A;PR;Maria Antonieta;-25,441959;-49,164353;2025-03-15 12:50:00.0;0,00
PINHAIS;411915206A;PR;Maria Antonieta;-25,441959;-49,164353;2025-03-15 13:50:00.0;0,00
PINHAIS;411915206A;PR;Maria Antonieta;-25,441959;-49,164353;2025-03-15 14:50:00.0;0,00
PINHAIS;411915206A;PR;Maria Antonieta;-25,441959;-49,164353;2025-03-15 15:50:00.0;0,00
PINHAIS;411915206A;PR;Maria Antonieta;-25,441959;-49,164353;2025-03-15 16:50:00.0;0,00
PINHAIS;411915206A;PR;Maria Antonieta;-25,441959;-49,164353;2025-03-15 17:50:00.0;0,00
PINHAIS;411915206A;PR;Maria Antonieta;-25,441959;-49,164353;2025-03-15 18:50:00.0;0,00
PINHAIS;411915206A;PR;Maria Antonieta;-25,441959;-49,164353;2025-03-15 19:20:00.0;0,40
PINHAIS;411915206A;PR;Maria Antonieta;-25,441959;-49,164353;2025-03-15 19:30:00.0;0,39
PINHAIS;411915206A;PR;Maria Antonieta;-25,441959;-49,164353;2025-03-15 19:50:00.0;0,59
PINHAIS;411915206A;PR;Maria Antonieta;-25,441959;-49,164353;2025-03-15 20:00:00.0;0,59
PINHAIS;411915206A;PR;Maria Antonieta;-25,441959;-49,164353;2025-03-15 20:10:00.0;0,59
PINHAIS;411915206A;PR;Maria Antonieta;-25,441959;-49,164353;2025-03-15 20:20:00.0;0,20
PINHAIS;411915206A;PR;Maria Antonieta;-25,441959;-49,164353;2025-03-15 20:50:00.0;0,00
PINHAIS;411915206A;PR;Maria Antonieta;-25,441959;-49,164353;2025-03-15 21:50:00.0;0,00
PINHAIS;411915206A;PR;Maria Antonieta;-25,441959;-49,164353;2025-03-15 22:50:00.0;0,00
PINHAIS;411915206A;PR;Maria Antonieta;-25,441959;-49,164353;2025-03-15 23:50:00.0;0,00
PINHAIS;411915206A;PR;Maria Antonieta;-25,441959;-49,164353;2025-03-16 00:50:00.0;0,00
PINHAIS;411915206A;PR;Maria Antonieta;-25,441959;-49,164353;2025-03-16 01:50:00.0;0,00
PINHAIS;411915206A;PR;Maria Antonieta;-25,441959;-49,164353;2025-03-16 02:50:00.0;0,00
PINHAIS;411915206A;PR;Maria Antonieta;-25,441959;-49,164353;2025-03-16 03:10:00.0;0,59
PINHAIS;411915206A;PR;Maria Antonieta;-25,441959;-49,164353;2025-03-16 03:20:00.0;0,39
PINHAIS;411915206A;PR;Maria Antonieta;-25,441959;-49,164353;2025-03-16 03:30:00.0;0,39
PINHAIS;411915206A;PR;Maria Antonieta;-25,441959;-49,164353;2025-03-16 03:40:00.0;0,39
PINHAIS;411915206A;PR;Maria Antonieta;-25,441959;-49,164353;2025-03-16 03:50:00.0;0,00
PINHAIS;411915206A;PR;Maria Antonieta;-25,441959;-49,164353;2025-03-16 04:50:00.0;0,00
PINHAIS;411915206A;PR;Maria Antonieta;-25,441959;-49,164353;2025-03-16 05:50:00.0;0,00
PINHAIS;411915206A;PR;Maria Antonieta;-25,441959;-49,164353;2025-03-16 06:50:00.0;0,00
PINHAIS;411915206A;PR;Maria Antonieta;-25,441959;-49,164353;2025-03-16 07:50:00.0;0,00
PINHAIS;411915206A;PR;Maria Antonieta;-25,441959;-49,164353;2025-03-16 08:50:00.0;0,00
PINHAIS;411915206A;PR;Maria Antonieta;-25,441959;-49,164353;2025-03-16 09:50:00.0;0,00
PINHAIS;411915206A;PR;Maria Antonieta;-25,441959;-49,164353;2025-03-16 10:50:00.0;0,00
PINHAIS;411915206A;PR;Maria Antonieta;-25,441959;-49,164353;2025-03-16 11:50:00.0;0,00
PINHAIS;411915206A;PR;Maria Antonieta;-25,441959;-49,164353;2025-03-16 12:50:00.0;0,00
PINHAIS;411915206A;PR;Maria Antonieta;-25,441959;-49,164353;2025-03-16 13:50:00.0;0,00
PINHAIS;411915206A;PR;Maria Antonieta;-25,441959;-49,164353;2025-03-16 14:50:00.0;0,00
PINHAIS;411915206A;PR;Maria Antonieta;-25,441959;-49,164353;2025-03-16 15:50:00.0;0,00
PINHAIS;411915206A;PR;Maria Antonieta;-25,441959;-49,164353;2025-03-16 16:50:00.0;0,00
PINHAIS;411915206A;PR;Maria Antonieta;-25,441959;-49,164353;2025-03-16 17:50:00.0;0,00
PINHAIS;411915206A;PR;Maria Antonieta;-25,441959;-49,164353;2025-03-16 18:50:00.0;0,00
PINHAIS;411915206A;PR;Maria Antonieta;-25,441959;-49,164353;2025-03-16 19:50:00.0;0,00
PINHAIS;411915206A;PR;Maria Antonieta;-25,441959;-49,164353;2025-03-16 20:50:00.0;0,00
PINHAIS;411915206A;PR;Maria Antonieta;-25,441959;-49,164353;2025-03-16 21:50:00.0;0,00
PINHAIS;411915206A;PR;Maria Antonieta;-25,441959;-49,164353;2025-03-16 22:50:00.0;0,00
PINHAIS;411915206A;PR;Maria Antonieta;-25,441959;-49,164353;2025-03-16 23:50:00.0;0,00
PINHAIS;411915206A;PR;Maria Antonieta;-25,441959;-49,164353;2025-03-17 00:50:00.0;0,00
PINHAIS;411915206A;PR;Maria Antonieta;-25,441959;-49,164353;2025-03-17 01:50:00.0;0,00
PINHAIS;411915206A;PR;Maria Antonieta;-25,441959;-49,164353;2025-03-17 02:50:00.0;0,00
PINHAIS;411915206A;PR;Maria Antonieta;-25,441959;-49,164353;2025-03-17 03:50:00.0;0,00
PINHAIS;411915206A;PR;Maria Antonieta;-25,441959;-49,164353;2025-03-17 04:50:00.0;0,00
PINHAIS;411915206A;PR;Maria Antonieta;-25,441959;-49,164353;2025-03-17 05:50:00.0;0,00
PINHAIS;411915206A;PR;Maria Antonieta;-25,441959;-49,164353;2025-03-17 06:50:00.0;0,00
PINHAIS;411915206A;PR;Maria Antonieta;-25,441959;-49,164353;2025-03-17 07:50:00.0;0,00
PINHAIS;411915206A;PR;Maria Antonieta;-25,441959;-49,164353;2025-03-17 08:50:00.0;0,00
PINHAIS;411915206A;PR;Maria Antonieta;-25,441959;-49,164353;2025-03-17 09:50:00.0;0,00
PINHAIS;411915206A;PR;Maria Antonieta;-25,441959;-49,164353;2025-03-17 10:50:00.0;0,00
PINHAIS;411915206A;PR;Maria Antonieta;-25,441959;-49,164353;2025-03-17 11:50:00.0;0,00
PINHAIS;411915206A;PR;Maria Antonieta;-25,441959;-49,164353;2025-03-17 12:50:00.0;0,00
PINHAIS;411915206A;PR;Maria Antonieta;-25,441959;-49,164353;2025-03-17 13:50:00.0;0,00
PINHAIS;411915206A;PR;Maria Antonieta;-25,441959;-49,164353;2025-03-17 14:50:00.0;0,00
PINHAIS;411915206A;PR;Maria Antonieta;-25,441959;-49,164353;2025-03-17 15:50:00.0;0,00
PINHAIS;411915206A;PR;Maria Antonieta;-25,441959;-49,164353;2025-03-17 16:50:00.0;0,00
PINHAIS;411915206A;PR;Maria Antonieta;-25,441959;-49,164353;2025-03-17 17:50:00.0;0,00
PINHAIS;411915206A;PR;Maria Antonieta;-25,441959;-49,164353;2025-03-17 18:50:00.0;0,00
PINHAIS;411915206A;PR;Maria Antonieta;-25,441959;-49,164353;2025-03-17 19:50:00.0;0,00
PINHAIS;411915206A;PR;Maria Antonieta;-25,441959;-49,164353;2025-03-17 20:50:00.0;0,00
PINHAIS;411915206A;PR;Maria Antonieta;-25,441959;-49,164353;2025-03-17 21:50:00.0;0,00
PINHAIS;411915206A;PR;Maria Antonieta;-25,441959;-49,164353;2025-03-17 22:50:00.0;0,00
PINHAIS;411915206A;PR;Maria Antonieta;-25,441959;-49,164353;2025-03-17 23:50:00.0;0,00
PINHAIS;411915206A;PR;Maria Antonieta;-25,441959;-49,164353;2025-03-18 00:50:00.0;0,00
PINHAIS;411915206A;PR;Maria Antonieta;-25,441959;-49,164353;2025-03-18 01:50:00.0;0,00
PINHAIS;411915206A;PR;Maria Antonieta;-25,441959;-49,164353;2025-03-18 02:50:00.0;0,00
PINHAIS;411915206A;PR;Maria Antonieta;-25,441959;-49,164353;2025-03-18 03:50:00.0;0,00
PINHAIS;411915206A;PR;Maria Antonieta;-25,441959;-49,164353;2025-03-18 04:50:00.0;0,00
PINHAIS;411915206A;PR;Maria Antonieta;-25,441959;-49,164353;2025-03-18 05:50:00.0;0,00
PINHAIS;411915206A;PR;Maria Antonieta;-25,441959;-49,164353;2025-03-18 06:50:00.0;0,00
PINHAIS;411915206A;PR;Maria Antonieta;-25,441959;-49,164353;2025-03-18 07:50:00.0;0,00
PINHAIS;411915206A;PR;Maria Antonieta;-25,441959;-49,164353;2025-03-18 08:50:00.0;0,00
PINHAIS;411915206A;PR;Maria Antonieta;-25,441959;-49,164353;2025-03-18 09:50:00.0;0,00
PINHAIS;411915206A;PR;Maria Antonieta;-25,441959;-49,164353;2025-03-18 10:50:00.0;0,00
PINHAIS;411915206A;PR;Maria Antonieta;-25,441959;-49,164353;2025-03-18 11:50:00.0;0,00
PINHAIS;411915206A;PR;Maria Antonieta;-25,441959;-49,164353;2025-03-18 12:50:00.0;0,00
PINHAIS;411915206A;PR;Maria Antonieta;-25,441959;-49,164353;2025-03-18 13:50:00.0;0,00
PINHAIS;411915206A;PR;Maria Antonieta;-25,441959;-49,164353;2025-03-18 14:50:00.0;0,00
PINHAIS;411915206A;PR;Maria Antonieta;-25,441959;-49,164353;2025-03-18 15:50:00.0;0,00
PINHAIS;411915206A;PR;Maria Antonieta;-25,441959;-49,164353;2025-03-18 16:50:00.0;0,00
PINHAIS;411915206A;PR;Maria Antonieta;-25,441959;-49,164353;2025-03-18 17:50:00.0;0,00
PINHAIS;411915206A;PR;Maria Antonieta;-25,441959;-49,164353;2025-03-18 18:50:00.0;0,00
PINHAIS;411915206A;PR;Maria Antonieta;-25,441959;-49,164353;2025-03-18 19:10:00.0;0,20
PINHAIS;411915206A;PR;Maria Antonieta;-25,441959;-49,164353;2025-03-18 19:30:00.0;0,20
PINHAIS;411915206A;PR;Maria Antonieta;-25,441959;-49,164353;2025-03-18 19:40:00.0;0,20
PINHAIS;411915206A;PR;Maria Antonieta;-25,441959;-49,164353;2025-03-18 19:50:00.0;0,00
PINHAIS;411915206A;PR;Maria Antonieta;-25,441959;-49,164353;2025-03-18 20:00:00.0;0,20
PINHAIS;411915206A;PR;Maria Antonieta;-25,441959;-49,164353;2025-03-18 20:50:00.0;0,00
PINHAIS;411915206A;PR;Maria Antonieta;-25,441959;-49,164353;2025-03-18 21:50:00.0;0,00
PINHAIS;411915206A;PR;Maria Antonieta;-25,441959;-49,164353;2025-03-18 22:50:00.0;0,00
PINHAIS;411915206A;PR;Maria Antonieta;-25,441959;-49,164353;2025-03-18 23:50:00.0;0,00
PINHAIS;411915206A;PR;Maria Antonieta;-25,441959;-49,164353;2025-03-19 00:50:00.0;0,00
PINHAIS;411915206A;PR;Maria Antonieta;-25,441959;-49,164353;2025-03-19 01:50:00.0;0,00
PINHAIS;411915206A;PR;Maria Antonieta;-25,441959;-49,164353;2025-03-19 02:50:00.0;0,00
PINHAIS;411915206A;PR;Maria Antonieta;-25,441959;-49,164353;2025-03-19 03:50:00.0;0,00
PINHAIS;411915206A;PR;Maria Antonieta;-25,441959;-49,164353;2025-03-19 04:50:00.0;0,00
PINHAIS;411915206A;PR;Maria Antonieta;-25,441959;-49,164353;2025-03-19 05:50:00.0;0,00
PINHAIS;411915206A;PR;Maria Antonieta;-25,441959;-49,164353;2025-03-19 06:50:00.0;0,00
PINHAIS;411915206A;PR;Maria Antonieta;-25,441959;-49,164353;2025-03-19 07:50:00.0;0,00
PINHAIS;411915206A;PR;Maria Antonieta;-25,441959;-49,164353;2025-03-19 08:50:00.0;0,00
PINHAIS;411915206A;PR;Maria Antonieta;-25,441959;-49,164353;2025-03-19 09:50:00.0;0,00
PINHAIS;411915206A;PR;Maria Antonieta;-25,441959;-49,164353;2025-03-19 10:50:00.0;0,00
PINHAIS;411915206A;PR;Maria Antonieta;-25,441959;-49,164353;2025-03-19 11:50:00.0;0,00
PINHAIS;411915206A;PR;Maria Antonieta;-25,441959;-49,164353;2025-03-19 12:50:00.0;0,00
PINHAIS;411915206A;PR;Maria Antonieta;-25,441959;-49,164353;2025-03-19 13:50:00.0;0,00
PINHAIS;411915206A;PR;Maria Antonieta;-25,441959;-49,164353;2025-03-19 14:50:00.0;0,00
PINHAIS;411915206A;PR;Maria Antonieta;-25,441959;-49,164353;2025-03-19 15:50:00.0;0,00
PINHAIS;411915206A;PR;Maria Antonieta;-25,441959;-49,164353;2025-03-19 16:50:00.0;0,00
PINHAIS;411915206A;PR;Maria Antonieta;-25,441959;-49,164353;2025-03-19 17:50:00.0;0,00
PINHAIS;411915206A;PR;Maria Antonieta;-25,441959;-49,164353;2025-03-19 18:50:00.0;0,00
PINHAIS;411915206A;PR;Maria Antonieta;-25,441959;-49,164353;2025-03-19 19:50:00.0;0,00
PINHAIS;411915206A;PR;Maria Antonieta;-25,441959;-49,164353;2025-03-19 20:50:00.0;0,00
PINHAIS;411915206A;PR;Maria Antonieta;-25,441959;-49,164353;2025-03-19 21:50:00.0;0,00
PINHAIS;411915206A;PR;Maria Antonieta;-25,441959;-49,164353;2025-03-19 22:50:00.0;0,00
PINHAIS;411915206A;PR;Maria Antonieta;-25,441959;-49,164353;2025-03-19 23:50:00.0;0,00
PINHAIS;411915206A;PR;Maria Antonieta;-25,441959;-49,164353;2025-03-20 00:50:00.0;0,00
PINHAIS;411915206A;PR;Maria Antonieta;-25,441959;-49,164353;2025-03-20 01:50:00.0;0,00
PINHAIS;411915206A;PR;Maria Antonieta;-25,441959;-49,164353;2025-03-20 02:50:00.0;0,00
PINHAIS;411915206A;PR;Maria Antonieta;-25,441959;-49,164353;2025-03-20 03:50:00.0;0,00
PINHAIS;411915206A;PR;Maria Antonieta;-25,441959;-49,164353;2025-03-20 04:50:00.0;0,00
PINHAIS;411915206A;PR;Maria Antonieta;-25,441959;-49,164353;2025-03-20 05:50:00.0;0,00
PINHAIS;411915206A;PR;Maria Antonieta;-25,441959;-49,164353;2025-03-20 06:50:00.0;0,00
PINHAIS;411915206A;PR;Maria Antonieta;-25,441959;-49,164353;2025-03-20 07:50:00.0;0,00
PINHAIS;411915206A;PR;Maria Antonieta;-25,441959;-49,164353;2025-03-20 08:50:00.0;0,00
PINHAIS;411915206A;PR;Maria Antonieta;-25,441959;-49,164353;2025-03-20 09:50:00.0;0,00
PINHAIS;411915206A;PR;Maria Antonieta;-25,441959;-49,164353;2025-03-20 10:50:00.0;0,00
PINHAIS;411915206A;PR;Maria Antonieta;-25,441959;-49,164353;2025-03-20 11:50:00.0;0,00
PINHAIS;411915206A;PR;Maria Antonieta;-25,441959;-49,164353;2025-03-20 12:50:00.0;0,00
PINHAIS;411915206A;PR;Maria Antonieta;-25,441959;-49,164353;2025-03-20 13:50:00.0;0,00
PINHAIS;411915206A;PR;Maria Antonieta;-25,441959;-49,164353;2025-03-20 14:50:00.0;0,00
PINHAIS;411915206A;PR;Maria Antonieta;-25,441959;-49,164353;2025-03-20 15:50:00.0;0,00
PINHAIS;411915206A;PR;Maria Antonieta;-25,441959;-49,164353;2025-03-20 16:50:00.0;0,00
PINHAIS;411915206A;PR;Maria Antonieta;-25,441959;-49,164353;2025-03-20 17:50:00.0;0,00
PINHAIS;411915206A;PR;Maria Antonieta;-25,441959;-49,164353;2025-03-20 18:50:00.0;0,00
PINHAIS;411915206A;PR;Maria Antonieta;-25,441959;-49,164353;2025-03-20 19:50:00.0;0,00
PINHAIS;411915206A;PR;Maria Antonieta;-25,441959;-49,164353;2025-03-20 20:50:00.0;0,00
PINHAIS;411915206A;PR;Maria Antonieta;-25,441959;-49,164353;2025-03-20 21:50:00.0;0,00
PINHAIS;411915206A;PR;Maria Antonieta;-25,441959;-49,164353;2025-03-20 22:50:00.0;0,00
PINHAIS;411915206A;PR;Maria Antonieta;-25,441959;-49,164353;2025-03-20 23:50:00.0;0,00
PINHAIS;411915206A;PR;Maria Antonieta;-25,441959;-49,164353;2025-03-21 00:50:00.0;0,00
PINHAIS;411915206A;PR;Maria Antonieta;-25,441959;-49,164353;2025-03-21 01:50:00.0;0,00
PINHAIS;411915206A;PR;Maria Antonieta;-25,441959;-49,164353;2025-03-21 02:50:00.0;0,00
PINHAIS;411915206A;PR;Maria Antonieta;-25,441959;-49,164353;2025-03-21 03:50:00.0;0,00
PINHAIS;411915206A;PR;Maria Antonieta;-25,441959;-49,164353;2025-03-21 04:50:00.0;0,00
PINHAIS;411915206A;PR;Maria Antonieta;-25,441959;-49,164353;2025-03-21 05:50:00.0;0,00
PINHAIS;411915206A;PR;Maria Antonieta;-25,441959;-49,164353;2025-03-21 06:50:00.0;0,00
PINHAIS;411915206A;PR;Maria Antonieta;-25,441959;-49,164353;2025-03-21 07:50:00.0;0,00
PINHAIS;411915206A;PR;Maria Antonieta;-25,441959;-49,164353;2025-03-21 08:50:00.0;0,00
PINHAIS;411915206A;PR;Maria Antonieta;-25,441959;-49,164353;2025-03-21 09:50:00.0;0,00
PINHAIS;411915206A;PR;Maria Antonieta;-25,441959;-49,164353;2025-03-21 10:50:00.0;0,00
PINHAIS;411915206A;PR;Maria Antonieta;-25,441959;-49,164353;2025-03-21 11:50:00.0;0,00
PINHAIS;411915206A;PR;Maria Antonieta;-25,441959;-49,164353;2025-03-21 12:50:00.0;0,00
PINHAIS;411915206A;PR;Maria Antonieta;-25,441959;-49,164353;2025-03-21 13:50:00.0;0,00
PINHAIS;411915206A;PR;Maria Antonieta;-25,441959;-49,164353;2025-03-21 14:50:00.0;0,00
PINHAIS;411915206A;PR;Maria Antonieta;-25,441959;-49,164353;2025-03-21 15:50:00.0;0,00
PINHAIS;411915206A;PR;Maria Antonieta;-25,441959;-49,164353;2025-03-21 16:50:00.0;0,00
PINHAIS;411915206A;PR;Maria Antonieta;-25,441959;-49,164353;2025-03-21 17:50:00.0;0,00
PINHAIS;411915206A;PR;Maria Antonieta;-25,441959;-49,164353;2025-03-21 18:50:00.0;0,00
PINHAIS;411915206A;PR;Maria Antonieta;-25,441959;-49,164353;2025-03-21 19:50:00.0;0,00
PINHAIS;411915206A;PR;Maria Antonieta;-25,441959;-49,164353;2025-03-21 20:50:00.0;0,00
PINHAIS;411915206A;PR;Maria Antonieta;-25,441959;-49,164353;2025-03-21 21:50:00.0;0,00
PINHAIS;411915206A;PR;Maria Antonieta;-25,441959;-49,164353;2025-03-21 22:50:00.0;0,00
PINHAIS;411915206A;PR;Maria Antonieta;-25,441959;-49,164353;2025-03-21 23:50:00.0;0,00
PINHAIS;411915206A;PR;Maria Antonieta;-25,441959;-49,164353;2025-03-22 00:50:00.0;0,00
PINHAIS;411915206A;PR;Maria Antonieta;-25,441959;-49,164353;2025-03-22 01:50:00.0;0,00
PINHAIS;411915206A;PR;Maria Antonieta;-25,441959;-49,164353;2025-03-22 02:50:00.0;0,00
PINHAIS;411915206A;PR;Maria Antonieta;-25,441959;-49,164353;2025-03-22 03:50:00.0;0,00
PINHAIS;411915206A;PR;Maria Antonieta;-25,441959;-49,164353;2025-03-22 04:50:00.0;0,00
PINHAIS;411915206A;PR;Maria Antonieta;-25,441959;-49,164353;2025-03-22 05:50:00.0;0,00
PINHAIS;411915206A;PR;Maria Antonieta;-25,441959;-49,164353;2025-03-22 06:50:00.0;0,00
PINHAIS;411915206A;PR;Maria Antonieta;-25,441959;-49,164353;2025-03-22 07:50:00.0;0,00
PINHAIS;411915206A;PR;Maria Antonieta;-25,441959;-49,164353;2025-03-22 08:50:00.0;0,00
PINHAIS;411915206A;PR;Maria Antonieta;-25,441959;-49,164353;2025-03-22 09:50:00.0;0,00
PINHAIS;411915206A;PR;Maria Antonieta;-25,441959;-49,164353;2025-03-22 10:50:00.0;0,00
PINHAIS;411915206A;PR;Maria Antonieta;-25,441959;-49,164353;2025-03-22 11:50:00.0;0,00
PINHAIS;411915206A;PR;Maria Antonieta;-25,441959;-49,164353;2025-03-22 12:50:00.0;0,00
PINHAIS;411915206A;PR;Maria Antonieta;-25,441959;-49,164353;2025-03-22 13:50:00.0;0,00
PINHAIS;411915206A;PR;Maria Antonieta;-25,441959;-49,164353;2025-03-22 14:50:00.0;0,00
PINHAIS;411915206A;PR;Maria Antonieta;-25,441959;-49,164353;2025-03-22 15:50:00.0;0,00
PINHAIS;411915206A;PR;Maria Antonieta;-25,441959;-49,164353;2025-03-22 16:50:00.0;0,00
PINHAIS;411915206A;PR;Maria Antonieta;-25,441959;-49,164353;2025-03-22 17:50:00.0;0,00
PINHAIS;411915206A;PR;Maria Antonieta;-25,441959;-49,164353;2025-03-22 18:50:00.0;0,00
PINHAIS;411915206A;PR;Maria Antonieta;-25,441959;-49,164353;2025-03-22 19:50:00.0;0,00
PINHAIS;411915206A;PR;Maria Antonieta;-25,441959;-49,164353;2025-03-22 20:50:00.0;0,00
PINHAIS;411915206A;PR;Maria Antonieta;-25,441959;-49,164353;2025-03-22 21:50:00.0;0,00
PINHAIS;411915206A;PR;Maria Antonieta;-25,441959;-49,164353;2025-03-22 22:50:00.0;0,00
PINHAIS;411915206A;PR;Maria Antonieta;-25,441959;-49,164353;2025-03-22 23:50:00.0;0,00
PINHAIS;411915206A;PR;Maria Antonieta;-25,441959;-49,164353;2025-03-23 00:50:00.0;0,00
PINHAIS;411915206A;PR;Maria Antonieta;-25,441959;-49,164353;2025-03-23 01:50:00.0;0,00
PINHAIS;411915206A;PR;Maria Antonieta;-25,441959;-49,164353;2025-03-23 02:50:00.0;0,00
PINHAIS;411915206A;PR;Maria Antonieta;-25,441959;-49,164353;2025-03-23 03:50:00.0;0,00
PINHAIS;411915206A;PR;Maria Antonieta;-25,441959;-49,164353;2025-03-23 04:50:00.0;0,00
PINHAIS;411915206A;PR;Maria Antonieta;-25,441959;-49,164353;2025-03-23 05:50:00.0;0,00
PINHAIS;411915206A;PR;Maria Antonieta;-25,441959;-49,164353;2025-03-23 06:50:00.0;0,00
PINHAIS;411915206A;PR;Maria Antonieta;-25,441959;-49,164353;2025-03-23 07:50:00.0;0,00
PINHAIS;411915206A;PR;Maria Antonieta;-25,441959;-49,164353;2025-03-23 08:50:00.0;0,00
PINHAIS;411915206A;PR;Maria Antonieta;-25,441959;-49,164353;2025-03-23 09:50:00.0;0,00
PINHAIS;411915206A;PR;Maria Antonieta;-25,441959;-49,164353;2025-03-23 10:50:00.0;0,00
PINHAIS;411915206A;PR;Maria Antonieta;-25,441959;-49,164353;2025-03-23 11:50:00.0;0,00
PINHAIS;411915206A;PR;Maria Antonieta;-25,441959;-49,164353;2025-03-23 12:50:00.0;0,00
PINHAIS;411915206A;PR;Maria Antonieta;-25,441959;-49,164353;2025-03-23 13:50:00.0;0,00
PINHAIS;411915206A;PR;Maria Antonieta;-25,441959;-49,164353;2025-03-23 14:50:00.0;0,00
PINHAIS;411915206A;PR;Maria Antonieta;-25,441959;-49,164353;2025-03-23 15:50:00.0;0,00
PINHAIS;411915206A;PR;Maria Antonieta;-25,441959;-49,164353;2025-03-23 16:50:00.0;0,00
PINHAIS;411915206A;PR;Maria Antonieta;-25,441959;-49,164353;2025-03-23 17:50:00.0;0,00
PINHAIS;411915206A;PR;Maria Antonieta;-25,441959;-49,164353;2025-03-23 18:50:00.0;0,00
PINHAIS;411915206A;PR;Maria Antonieta;-25,441959;-49,164353;2025-03-23 19:50:00.0;0,00
PINHAIS;411915206A;PR;Maria Antonieta;-25,441959;-49,164353;2025-03-23 20:50:00.0;0,00
PINHAIS;411915206A;PR;Maria Antonieta;-25,441959;-49,164353;2025-03-23 21:50:00.0;0,00
PINHAIS;411915206A;PR;Maria Antonieta;-25,441959;-49,164353;2025-03-23 22:50:00.0;0,00
PINHAIS;411915206A;PR;Maria Antonieta;-25,441959;-49,164353;2025-03-23 23:50:00.0;0,00
PINHAIS;411915206A;PR;Maria Antonieta;-25,441959;-49,164353;2025-03-24 00:50:00.0;0,00
PINHAIS;411915206A;PR;Maria Antonieta;-25,441959;-49,164353;2025-03-24 01:50:00.0;0,00
PINHAIS;411915206A;PR;Maria Antonieta;-25,441959;-49,164353;2025-03-24 02:50:00.0;0,00
PINHAIS;411915206A;PR;Maria Antonieta;-25,441959;-49,164353;2025-03-24 03:50:00.0;0,00
PINHAIS;411915206A;PR;Maria Antonieta;-25,441959;-49,164353;2025-03-24 04:50:00.0;0,00
PINHAIS;411915206A;PR;Maria Antonieta;-25,441959;-49,164353;2025-03-24 05:50:00.0;0,00
PINHAIS;411915206A;PR;Maria Antonieta;-25,441959;-49,164353;2025-03-24 06:50:00.0;0,00
PINHAIS;411915206A;PR;Maria Antonieta;-25,441959;-49,164353;2025-03-24 07:50:00.0;0,00
PINHAIS;411915206A;PR;Maria Antonieta;-25,441959;-49,164353;2025-03-24 08:50:00.0;0,00
PINHAIS;411915206A;PR;Maria Antonieta;-25,441959;-49,164353;2025-03-24 09:50:00.0;0,00
PINHAIS;411915206A;PR;Maria Antonieta;-25,441959;-49,164353;2025-03-24 10:50:00.0;0,00
PINHAIS;411915206A;PR;Maria Antonieta;-25,441959;-49,164353;2025-03-24 11:50:00.0;0,00
PINHAIS;411915206A;PR;Maria Antonieta;-25,441959;-49,164353;2025-03-24 12:50:00.0;0,00
PINHAIS;411915206A;PR;Maria Antonieta;-25,441959;-49,164353;2025-03-24 13:50:00.0;0,00
PINHAIS;411915206A;PR;Maria Antonieta;-25,441959;-49,164353;2025-03-24 14:50:00.0;0,00
PINHAIS;411915206A;PR;Maria Antonieta;-25,441959;-49,164353;2025-03-24 15:50:00.0;0,00
PINHAIS;411915206A;PR;Maria Antonieta;-25,441959;-49,164353;2025-03-24 16:50:00.0;0,00
PINHAIS;411915206A;PR;Maria Antonieta;-25,441959;-49,164353;2025-03-24 17:50:00.0;0,00
PINHAIS;411915206A;PR;Maria Antonieta;-25,441959;-49,164353;2025-03-24 18:50:00.0;0,00
PINHAIS;411915206A;PR;Maria Antonieta;-25,441959;-49,164353;2025-03-24 19:50:00.0;0,00
PINHAIS;411915206A;PR;Maria Antonieta;-25,441959;-49,164353;2025-03-24 20:50:00.0;0,00
PINHAIS;411915206A;PR;Maria Antonieta;-25,441959;-49,164353;2025-03-24 21:50:00.0;0,00
PINHAIS;411915206A;PR;Maria Antonieta;-25,441959;-49,164353;2025-03-24 22:50:00.0;0,00
PINHAIS;411915206A;PR;Maria Antonieta;-25,441959;-49,164353;2025-03-24 23:50:00.0;0,00
PINHAIS;411915206A;PR;Maria Antonieta;-25,441959;-49,164353;2025-03-25 00:50:00.0;0,00
PINHAIS;411915206A;PR;Maria Antonieta;-25,441959;-49,164353;2025-03-25 01:50:00.0;0,00
PINHAIS;411915206A;PR;Maria Antonieta;-25,441959;-49,164353;2025-03-25 02:50:00.0;0,00
PINHAIS;411915206A;PR;Maria Antonieta;-25,441959;-49,164353;2025-03-25 03:50:00.0;0,00
PINHAIS;411915206A;PR;Maria Antonieta;-25,441959;-49,164353;2025-03-25 04:50:00.0;0,00
PINHAIS;411915206A;PR;Maria Antonieta;-25,441959;-49,164353;2025-03-25 05:50:00.0;0,00
PINHAIS;411915206A;PR;Maria Antonieta;-25,441959;-49,164353;2025-03-25 06:50:00.0;0,00
PINHAIS;411915206A;PR;Maria Antonieta;-25,441959;-49,164353;2025-03-25 07:50:00.0;0,00
PINHAIS;411915206A;PR;Maria Antonieta;-25,441959;-49,164353;2025-03-25 08:20:00.0;0,20
PINHAIS;411915206A;PR;Maria Antonieta;-25,441959;-49,164353;2025-03-25 08:30:00.0;0,20
PINHAIS;411915206A;PR;Maria Antonieta;-25,441959;-49,164353;2025-03-25 08:50:00.0;0,00
PINHAIS;411915206A;PR;Maria Antonieta;-25,441959;-49,164353;2025-03-25 09:50:00.0;0,00
PINHAIS;411915206A;PR;Maria Antonieta;-25,441959;-49,164353;2025-03-25 10:40:00.0;0,20
PINHAIS;411915206A;PR;Maria Antonieta;-25,441959;-49,164353;2025-03-25 10:50:00.0;0,00
PINHAIS;411915206A;PR;Maria Antonieta;-25,441959;-49,164353;2025-03-25 11:50:00.0;0,00
PINHAIS;411915206A;PR;Maria Antonieta;-25,441959;-49,164353;2025-03-25 12:50:00.0;0,00
PINHAIS;411915206A;PR;Maria Antonieta;-25,441959;-49,164353;2025-03-25 13:50:00.0;0,00
PINHAIS;411915206A;PR;Maria Antonieta;-25,441959;-49,164353;2025-03-25 14:50:00.0;0,00
PINHAIS;411915206A;PR;Maria Antonieta;-25,441959;-49,164353;2025-03-25 15:50:00.0;0,00
PINHAIS;411915206A;PR;Maria Antonieta;-25,441959;-49,164353;2025-03-25 17:00:00.0;0,00
PINHAIS;411915206A;PR;Maria Antonieta;-25,441959;-49,164353;2025-03-25 17:50:00.0;0,00
PINHAIS;411915206A;PR;Maria Antonieta;-25,441959;-49,164353;2025-03-25 18:50:00.0;0,00
PINHAIS;411915206A;PR;Maria Antonieta;-25,441959;-49,164353;2025-03-25 19:50:00.0;0,00
PINHAIS;411915206A;PR;Maria Antonieta;-25,441959;-49,164353;2025-03-25 20:50:00.0;0,00
PINHAIS;411915206A;PR;Maria Antonieta;-25,441959;-49,164353;2025-03-25 21:50:00.0;0,00
PINHAIS;411915206A;PR;Maria Antonieta;-25,441959;-49,164353;2025-03-25 22:50:00.0;0,00
PINHAIS;411915206A;PR;Maria Antonieta;-25,441959;-49,164353;2025-03-25 23:50:00.0;0,00
PINHAIS;411915206A;PR;Maria Antonieta;-25,441959;-49,164353;2025-03-26 00:50:00.0;0,00
PINHAIS;411915206A;PR;Maria Antonieta;-25,441959;-49,164353;2025-03-26 01:50:00.0;0,00
PINHAIS;411915206A;PR;Maria Antonieta;-25,441959;-49,164353;2025-03-26 02:50:00.0;0,00
PINHAIS;411915206A;PR;Maria Antonieta;-25,441959;-49,164353;2025-03-26 03:20:00.0;0,20
PINHAIS;411915206A;PR;Maria Antonieta;-25,441959;-49,164353;2025-03-26 03:50:00.0;0,00
PINHAIS;411915206A;PR;Maria Antonieta;-25,441959;-49,164353;2025-03-26 04:00:00.0;0,20
PINHAIS;411915206A;PR;Maria Antonieta;-25,441959;-49,164353;2025-03-26 04:30:00.0;0,39
PINHAIS;411915206A;PR;Maria Antonieta;-25,441959;-49,164353;2025-03-26 04:40:00.0;0,20
PINHAIS;411915206A;PR;Maria Antonieta;-25,441959;-49,164353;2025-03-26 04:50:00.0;0,20
PINHAIS;411915206A;PR;Maria Antonieta;-25,441959;-49,164353;2025-03-26 05:00:00.0;0,20
PINHAIS;411915206A;PR;Maria Antonieta;-25,441959;-49,164353;2025-03-26 05:50:00.0;0,00
PINHAIS;411915206A;PR;Maria Antonieta;-25,441959;-49,164353;2025-03-26 06:50:00.0;0,00
PINHAIS;411915206A;PR;Maria Antonieta;-25,441959;-49,164353;2025-03-26 07:50:00.0;0,00
PINHAIS;411915206A;PR;Maria Antonieta;-25,441959;-49,164353;2025-03-26 08:50:00.0;0,00
PINHAIS;411915206A;PR;Maria Antonieta;-25,441959;-49,164353;2025-03-26 09:50:00.0;0,00
PINHAIS;411915206A;PR;Maria Antonieta;-25,441959;-49,164353;2025-03-26 10:50:00.0;0,00
PINHAIS;411915206A;PR;Maria Antonieta;-25,441959;-49,164353;2025-03-26 11:50:00.0;0,00
PINHAIS;411915206A;PR;Maria Antonieta;-25,441959;-49,164353;2025-03-26 12:50:00.0;0,00
PINHAIS;411915206A;PR;Maria Antonieta;-25,441959;-49,164353;2025-03-26 13:50:00.0;0,00
PINHAIS;411915206A;PR;Maria Antonieta;-25,441959;-49,164353;2025-03-26 14:50:00.0;0,00
PINHAIS;411915206A;PR;Maria Antonieta;-25,441959;-49,164353;2025-03-26 15:50:00.0;0,00
PINHAIS;411915206A;PR;Maria Antonieta;-25,441959;-49,164353;2025-03-26 16:50:00.0;0,00
PINHAIS;411915206A;PR;Maria Antonieta;-25,441959;-49,164353;2025-03-26 17:50:00.0;0,00
PINHAIS;411915206A;PR;Maria Antonieta;-25,441959;-49,164353;2025-03-26 18:50:00.0;0,00
PINHAIS;411915206A;PR;Maria Antonieta;-25,441959;-49,164353;2025-03-26 19:50:00.0;0,00
PINHAIS;411915206A;PR;Maria Antonieta;-25,441959;-49,164353;2025-03-26 20:50:00.0;0,00
PINHAIS;411915206A;PR;Maria Antonieta;-25,441959;-49,164353;2025-03-26 21:50:00.0;0,00
PINHAIS;411915206A;PR;Maria Antonieta;-25,441959;-49,164353;2025-03-26 22:50:00.0;0,00
PINHAIS;411915206A;PR;Maria Antonieta;-25,441959;-49,164353;2025-03-26 23:50:00.0;0,00
PINHAIS;411915206A;PR;Maria Antonieta;-25,441959;-49,164353;2025-03-27 00:50:00.0;0,00
PINHAIS;411915206A;PR;Maria Antonieta;-25,441959;-49,164353;2025-03-27 01:50:00.0;0,00
PINHAIS;411915206A;PR;Maria Antonieta;-25,441959;-49,164353;2025-03-27 02:50:00.0;0,00
PINHAIS;411915206A;PR;Maria Antonieta;-25,441959;-49,164353;2025-03-27 03:10:00.0;0,20
PINHAIS;411915206A;PR;Maria Antonieta;-25,441959;-49,164353;2025-03-27 03:50:00.0;0,00
PINHAIS;411915206A;PR;Maria Antonieta;-25,441959;-49,164353;2025-03-27 04:50:00.0;0,00
PINHAIS;411915206A;PR;Maria Antonieta;-25,441959;-49,164353;2025-03-27 05:50:00.0;0,00
PINHAIS;411915206A;PR;Maria Antonieta;-25,441959;-49,164353;2025-03-27 06:50:00.0;0,00
PINHAIS;411915206A;PR;Maria Antonieta;-25,441959;-49,164353;2025-03-27 07:50:00.0;0,00
PINHAIS;411915206A;PR;Maria Antonieta;-25,441959;-49,164353;2025-03-27 08:50:00.0;0,00
PINHAIS;411915206A;PR;Maria Antonieta;-25,441959;-49,164353;2025-03-27 09:50:00.0;0,00
PINHAIS;411915206A;PR;Maria Antonieta;-25,441959;-49,164353;2025-03-27 10:50:00.0;0,00
PINHAIS;411915206A;PR;Maria Antonieta;-25,441959;-49,164353;2025-03-27 11:50:00.0;0,00
PINHAIS;411915206A;PR;Maria Antonieta;-25,441959;-49,164353;2025-03-27 12:50:00.0;0,00
PINHAIS;411915206A;PR;Maria Antonieta;-25,441959;-49,164353;2025-03-27 13:50:00.0;0,00
PINHAIS;411915206A;PR;Maria Antonieta;-25,441959;-49,164353;2025-03-27 14:50:00.0;0,00
PINHAIS;411915206A;PR;Maria Antonieta;-25,441959;-49,164353;2025-03-27 15:50:00.0;0,00
PINHAIS;411915206A;PR;Maria Antonieta;-25,441959;-49,164353;2025-03-27 16:50:00.0;0,00
PINHAIS;411915206A;PR;Maria Antonieta;-25,441959;-49,164353;2025-03-27 17:50:00.0;0,00
PINHAIS;411915206A;PR;Maria Antonieta;-25,441959;-49,164353;2025-03-27 18:50:00.0;0,00
PINHAIS;411915206A;PR;Maria Antonieta;-25,441959;-49,164353;2025-03-27 19:50:00.0;0,00
PINHAIS;411915206A;PR;Maria Antonieta;-25,441959;-49,164353;2025-03-27 20:50:00.0;0,00
PINHAIS;411915206A;PR;Maria Antonieta;-25,441959;-49,164353;2025-03-27 21:50:00.0;0,00
PINHAIS;411915206A;PR;Maria Antonieta;-25,441959;-49,164353;2025-03-27 22:50:00.0;0,00
PINHAIS;411915206A;PR;Maria Antonieta;-25,441959;-49,164353;2025-03-27 23:50:00.0;0,00
PINHAIS;411915206A;PR;Maria Antonieta;-25,441959;-49,164353;2025-03-28 00:50:00.0;0,00
PINHAIS;411915206A;PR;Maria Antonieta;-25,441959;-49,164353;2025-03-28 01:50:00.0;0,00
PINHAIS;411915206A;PR;Maria Antonieta;-25,441959;-49,164353;2025-03-28 02:50:00.0;0,00
PINHAIS;411915206A;PR;Maria Antonieta;-25,441959;-49,164353;2025-03-28 03:50:00.0;0,00
PINHAIS;411915206A;PR;Maria Antonieta;-25,441959;-49,164353;2025-03-28 04:50:00.0;0,00
PINHAIS;411915206A;PR;Maria Antonieta;-25,441959;-49,164353;2025-03-28 05:50:00.0;0,00
PINHAIS;411915206A;PR;Maria Antonieta;-25,441959;-49,164353;2025-03-28 06:50:00.0;0,00
PINHAIS;411915206A;PR;Maria Antonieta;-25,441959;-49,164353;2025-03-28 07:50:00.0;0,00
PINHAIS;411915206A;PR;Maria Antonieta;-25,441959;-49,164353;2025-03-28 08:50:00.0;0,00
PINHAIS;411915206A;PR;Maria Antonieta;-25,441959;-49,164353;2025-03-28 09:50:00.0;0,00
PINHAIS;411915206A;PR;Maria Antonieta;-25,441959;-49,164353;2025-03-28 10:50:00.0;0,00
PINHAIS;411915206A;PR;Maria Antonieta;-25,441959;-49,164353;2025-03-28 11:50:00.0;0,00
PINHAIS;411915206A;PR;Maria Antonieta;-25,441959;-49,164353;2025-03-28 12:50:00.0;0,00
PINHAIS;411915206A;PR;Maria Antonieta;-25,441959;-49,164353;2025-03-28 13:50:00.0;0,00
PINHAIS;411915206A;PR;Maria Antonieta;-25,441959;-49,164353;2025-03-28 14:50:00.0;0,00
PINHAIS;411915206A;PR;Maria Antonieta;-25,441959;-49,164353;2025-03-28 15:50:00.0;0,00
PINHAIS;411915206A;PR;Maria Antonieta;-25,441959;-49,164353;2025-03-28 16:50:00.0;0,00
PINHAIS;411915206A;PR;Maria Antonieta;-25,441959;-49,164353;2025-03-28 17:50:00.0;0,00
PINHAIS;411915206A;PR;Maria Antonieta;-25,441959;-49,164353;2025-03-28 18:50:00.0;0,00
PINHAIS;411915206A;PR;Maria Antonieta;-25,441959;-49,164353;2025-03-28 19:50:00.0;0,00
PINHAIS;411915206A;PR;Maria Antonieta;-25,441959;-49,164353;2025-03-28 20:50:00.0;0,00
PINHAIS;411915206A;PR;Maria Antonieta;-25,441959;-49,164353;2025-03-28 21:50:00.0;0,00
PINHAIS;411915206A;PR;Maria Antonieta;-25,441959;-49,164353;2025-03-28 22:50:00.0;0,00
PINHAIS;411915206A;PR;Maria Antonieta;-25,441959;-49,164353;2025-03-28 23:50:00.0;0,00
PINHAIS;411915206A;PR;Maria Antonieta;-25,441959;-49,164353;2025-03-29 00:50:00.0;0,00
PINHAIS;411915206A;PR;Maria Antonieta;-25,441959;-49,164353;2025-03-29 01:50:00.0;0,00
PINHAIS;411915206A;PR;Maria Antonieta;-25,441959;-49,164353;2025-03-29 02:50:00.0;0,00
PINHAIS;411915206A;PR;Maria Antonieta;-25,441959;-49,164353;2025-03-29 03:50:00.0;0,00
PINHAIS;411915206A;PR;Maria Antonieta;-25,441959;-49,164353;2025-03-29 04:50:00.0;0,00
PINHAIS;411915206A;PR;Maria Antonieta;-25,441959;-49,164353;2025-03-29 05:50:00.0;0,00
PINHAIS;411915206A;PR;Maria Antonieta;-25,441959;-49,164353;2025-03-29 06:50:00.0;0,00
PINHAIS;411915206A;PR;Maria Antonieta;-25,441959;-49,164353;2025-03-29 07:50:00.0;0,00
PINHAIS;411915206A;PR;Maria Antonieta;-25,441959;-49,164353;2025-03-29 08:50:00.0;0,00
PINHAIS;411915206A;PR;Maria Antonieta;-25,441959;-49,164353;2025-03-29 09:50:00.0;0,00
PINHAIS;411915206A;PR;Maria Antonieta;-25,441959;-49,164353;2025-03-29 10:50:00.0;0,00
PINHAIS;411915206A;PR;Maria Antonieta;-25,441959;-49,164353;2025-03-29 11:50:00.0;0,00
PINHAIS;411915206A;PR;Maria Antonieta;-25,441959;-49,164353;2025-03-29 12:50:00.0;0,00
PINHAIS;411915206A;PR;Maria Antonieta;-25,441959;-49,164353;2025-03-29 13:50:00.0;0,00
PINHAIS;411915206A;PR;Maria Antonieta;-25,441959;-49,164353;2025-03-29 14:50:00.0;0,00
PINHAIS;411915206A;PR;Maria Antonieta;-25,441959;-49,164353;2025-03-29 15:50:00.0;0,00
PINHAIS;411915206A;PR;Maria Antonieta;-25,441959;-49,164353;2025-03-29 16:50:00.0;0,00
PINHAIS;411915206A;PR;Maria Antonieta;-25,441959;-49,164353;2025-03-29 17:50:00.0;0,00
PINHAIS;411915206A;PR;Maria Antonieta;-25,441959;-49,164353;2025-03-29 18:50:00.0;0,00
PINHAIS;411915206A;PR;Maria Antonieta;-25,441959;-49,164353;2025-03-29 19:50:00.0;0,00
PINHAIS;411915206A;PR;Maria Antonieta;-25,441959;-49,164353;2025-03-29 20:50:00.0;0,00
PINHAIS;411915206A;PR;Maria Antonieta;-25,441959;-49,164353;2025-03-29 21:50:00.0;0,00
PINHAIS;411915206A;PR;Maria Antonieta;-25,441959;-49,164353;2025-03-29 22:50:00.0;0,00
PINHAIS;411915206A;PR;Maria Antonieta;-25,441959;-49,164353;2025-03-29 23:50:00.0;0,00
PINHAIS;411915206A;PR;Maria Antonieta;-25,441959;-49,164353;2025-03-30 00:50:00.0;0,00
PINHAIS;411915206A;PR;Maria Antonieta;-25,441959;-49,164353;2025-03-30 01:50:00.0;0,00
PINHAIS;411915206A;PR;Maria Antonieta;-25,441959;-49,164353;2025-03-30 02:50:00.0;0,00
PINHAIS;411915206A;PR;Maria Antonieta;-25,441959;-49,164353;2025-03-30 03:50:00.0;0,00
PINHAIS;411915206A;PR;Maria Antonieta;-25,441959;-49,164353;2025-03-30 04:50:00.0;0,00
PINHAIS;411915206A;PR;Maria Antonieta;-25,441959;-49,164353;2025-03-30 05:50:00.0;0,00
PINHAIS;411915206A;PR;Maria Antonieta;-25,441959;-49,164353;2025-03-30 06:50:00.0;0,00
PINHAIS;411915206A;PR;Maria Antonieta;-25,441959;-49,164353;2025-03-30 07:50:00.0;0,00
PINHAIS;411915206A;PR;Maria Antonieta;-25,441959;-49,164353;2025-03-30 08:50:00.0;0,00
PINHAIS;411915206A;PR;Maria Antonieta;-25,441959;-49,164353;2025-03-30 09:50:00.0;0,00
PINHAIS;411915206A;PR;Maria Antonieta;-25,441959;-49,164353;2025-03-30 10:50:00.0;0,00
PINHAIS;411915206A;PR;Maria Antonieta;-25,441959;-49,164353;2025-03-30 11:50:00.0;0,00
PINHAIS;411915206A;PR;Maria Antonieta;-25,441959;-49,164353;2025-03-30 12:50:00.0;0,00
PINHAIS;411915206A;PR;Maria Antonieta;-25,441959;-49,164353;2025-03-30 13:50:00.0;0,00
PINHAIS;411915206A;PR;Maria Antonieta;-25,441959;-49,164353;2025-03-30 14:50:00.0;0,00
PINHAIS;411915206A;PR;Maria Antonieta;-25,441959;-49,164353;2025-03-30 15:50:00.0;0,00
PINHAIS;411915206A;PR;Maria Antonieta;-25,441959;-49,164353;2025-03-30 16:50:00.0;0,00
PINHAIS;411915206A;PR;Maria Antonieta;-25,441959;-49,164353;2025-03-30 17:50:00.0;0,00
PINHAIS;411915206A;PR;Maria Antonieta;-25,441959;-49,164353;2025-03-30 18:50:00.0;0,00
PINHAIS;411915206A;PR;Maria Antonieta;-25,441959;-49,164353;2025-03-30 19:50:00.0;0,00
PINHAIS;411915206A;PR;Maria Antonieta;-25,441959;-49,164353;2025-03-30 20:50:00.0;0,00
PINHAIS;411915206A;PR;Maria Antonieta;-25,441959;-49,164353;2025-03-30 21:50:00.0;0,00
PINHAIS;411915206A;PR;Maria Antonieta;-25,441959;-49,164353;2025-03-30 22:50:00.0;0,00
PINHAIS;411915206A;PR;Maria Antonieta;-25,441959;-49,164353;2025-03-30 23:50:00.0;0,00
PINHAIS;411915206A;PR;Maria Antonieta;-25,441959;-49,164353;2025-03-31 00:50:00.0;0,00
PINHAIS;411915206A;PR;Maria Antonieta;-25,441959;-49,164353;2025-03-31 01:50:00.0;0,00
PINHAIS;411915206A;PR;Maria Antonieta;-25,441959;-49,164353;2025-03-31 02:50:00.0;0,00
PINHAIS;411915206A;PR;Maria Antonieta;-25,441959;-49,164353;2025-03-31 03:50:00.0;0,00
PINHAIS;411915206A;PR;Maria Antonieta;-25,441959;-49,164353;2025-03-31 04:50:00.0;0,00
PINHAIS;411915206A;PR;Maria Antonieta;-25,441959;-49,164353;2025-03-31 05:50:00.0;0,00
PINHAIS;411915206A;PR;Maria Antonieta;-25,441959;-49,164353;2025-03-31 06:50:00.0;0,00
PINHAIS;411915206A;PR;Maria Antonieta;-25,441959;-49,164353;2025-03-31 07:50:00.0;0,00
PINHAIS;411915206A;PR;Maria Antonieta;-25,441959;-49,164353;2025-03-31 08:50:00.0;0,00
PINHAIS;411915206A;PR;Maria Antonieta;-25,441959;-49,164353;2025-03-31 09:50:00.0;0,00
PINHAIS;411915206A;PR;Maria Antonieta;-25,441959;-49,164353;2025-03-31 10:50:00.0;0,00
PINHAIS;411915206A;PR;Maria Antonieta;-25,441959;-49,164353;2025-03-31 11:50:00.0;0,00
PINHAIS;411915206A;PR;Maria Antonieta;-25,441959;-49,164353;2025-03-31 12:50:00.0;0,00
PINHAIS;411915206A;PR;Maria Antonieta;-25,441959;-49,164353;2025-03-31 13:50:00.0;0,00
PINHAIS;411915206A;PR;Maria Antonieta;-25,441959;-49,164353;2025-03-31 14:50:00.0;0,00
PINHAIS;411915206A;PR;Maria Antonieta;-25,441959;-49,164353;2025-03-31 15:50:00.0;0,00
PINHAIS;411915206A;PR;Maria Antonieta;-25,441959;-49,164353;2025-03-31 16:50:00.0;0,00
PINHAIS;411915206A;PR;Maria Antonieta;-25,441959;-49,164353;2025-03-31 17:50:00.0;0,00
PINHAIS;411915206A;PR;Maria Antonieta;-25,441959;-49,164353;2025-03-31 18:50:00.0;0,00
PINHAIS;411915206A;PR;Maria Antonieta;-25,441959;-49,164353;2025-03-31 19:50:00.0;0,00
PINHAIS;411915206A;PR;Maria Antonieta;-25,441959;-49,164353;2025-03-31 20:50:00.0;0,00
PINHAIS;411915206A;PR;Maria Antonieta;-25,441959;-49,164353;2025-03-31 21:50:00.0;0,00
PINHAIS;411915206A;PR;Maria Antonieta;-25,441959;-49,164353;2025-03-31 22:50:00.0;0,00
PINHAIS;411915206A;PR;Maria Antonieta;-25,441959;-49,164353;2025-03-31 23:50:00.0;0,00
PINHAIS;411915207A;PR;Weiss¢polis;-25,461939;-49,186839;2025-03-01 00:20:00.0;0,00
PINHAIS;411915207A;PR;Weiss¢polis;-25,461939;-49,186839;2025-03-01 01:20:00.0;0,00
PINHAIS;411915207A;PR;Weiss¢polis;-25,461939;-49,186839;2025-03-01 02:20:00.0;0,00
PINHAIS;411915207A;PR;Weiss¢polis;-25,461939;-49,186839;2025-03-01 03:20:00.0;0,00
PINHAIS;411915207A;PR;Weiss¢polis;-25,461939;-49,186839;2025-03-01 04:20:00.0;0,00
PINHAIS;411915207A;PR;Weiss¢polis;-25,461939;-49,186839;2025-03-01 05:20:00.0;0,00
PINHAIS;411915207A;PR;Weiss¢polis;-25,461939;-49,186839;2025-03-01 06:20:00.0;0,00
PINHAIS;411915207A;PR;Weiss¢polis;-25,461939;-49,186839;2025-03-01 07:20:00.0;0,00
PINHAIS;411915207A;PR;Weiss¢polis;-25,461939;-49,186839;2025-03-01 08:20:00.0;0,00
PINHAIS;411915207A;PR;Weiss¢polis;-25,461939;-49,186839;2025-03-01 09:20:00.0;0,00
PINHAIS;411915207A;PR;Weiss¢polis;-25,461939;-49,186839;2025-03-01 10:20:00.0;0,00
PINHAIS;411915207A;PR;Weiss¢polis;-25,461939;-49,186839;2025-03-01 11:20:00.0;0,00
PINHAIS;411915207A;PR;Weiss¢polis;-25,461939;-49,186839;2025-03-01 12:20:00.0;0,00
PINHAIS;411915207A;PR;Weiss¢polis;-25,461939;-49,186839;2025-03-01 13:20:00.0;0,00
PINHAIS;411915207A;PR;Weiss¢polis;-25,461939;-49,186839;2025-03-01 14:20:00.0;0,00
PINHAIS;411915207A;PR;Weiss¢polis;-25,461939;-49,186839;2025-03-01 15:20:00.0;0,00
PINHAIS;411915207A;PR;Weiss¢polis;-25,461939;-49,186839;2025-03-01 16:20:00.0;0,00
PINHAIS;411915207A;PR;Weiss¢polis;-25,461939;-49,186839;2025-03-01 17:20:00.0;0,00
PINHAIS;411915207A;PR;Weiss¢polis;-25,461939;-49,186839;2025-03-01 18:20:00.0;0,00
PINHAIS;411915207A;PR;Weiss¢polis;-25,461939;-49,186839;2025-03-01 19:20:00.0;0,00
PINHAIS;411915207A;PR;Weiss¢polis;-25,461939;-49,186839;2025-03-01 20:20:00.0;0,00
PINHAIS;411915207A;PR;Weiss¢polis;-25,461939;-49,186839;2025-03-01 21:20:00.0;0,00
PINHAIS;411915207A;PR;Weiss¢polis;-25,461939;-49,186839;2025-03-01 22:20:00.0;0,00
PINHAIS;411915207A;PR;Weiss¢polis;-25,461939;-49,186839;2025-03-01 23:20:00.0;0,00
PINHAIS;411915207A;PR;Weiss¢polis;-25,461939;-49,186839;2025-03-02 00:20:00.0;0,00
PINHAIS;411915207A;PR;Weiss¢polis;-25,461939;-49,186839;2025-03-02 01:20:00.0;0,00
PINHAIS;411915207A;PR;Weiss¢polis;-25,461939;-49,186839;2025-03-02 02:20:00.0;0,00
PINHAIS;411915207A;PR;Weiss¢polis;-25,461939;-49,186839;2025-03-02 03:20:00.0;0,00
PINHAIS;411915207A;PR;Weiss¢polis;-25,461939;-49,186839;2025-03-02 04:20:00.0;0,00
PINHAIS;411915207A;PR;Weiss¢polis;-25,461939;-49,186839;2025-03-02 05:20:00.0;0,00
PINHAIS;411915207A;PR;Weiss¢polis;-25,461939;-49,186839;2025-03-02 06:20:00.0;0,00
PINHAIS;411915207A;PR;Weiss¢polis;-25,461939;-49,186839;2025-03-02 07:20:00.0;0,00
PINHAIS;411915207A;PR;Weiss¢polis;-25,461939;-49,186839;2025-03-02 08:20:00.0;0,00
PINHAIS;411915207A;PR;Weiss¢polis;-25,461939;-49,186839;2025-03-02 09:20:00.0;0,00
PINHAIS;411915207A;PR;Weiss¢polis;-25,461939;-49,186839;2025-03-02 10:20:00.0;0,00
PINHAIS;411915207A;PR;Weiss¢polis;-25,461939;-49,186839;2025-03-02 11:20:00.0;0,00
PINHAIS;411915207A;PR;Weiss¢polis;-25,461939;-49,186839;2025-03-02 12:20:00.0;0,00
PINHAIS;411915207A;PR;Weiss¢polis;-25,461939;-49,186839;2025-03-02 13:20:00.0;0,00
PINHAIS;411915207A;PR;Weiss¢polis;-25,461939;-49,186839;2025-03-02 14:20:00.0;0,00
PINHAIS;411915207A;PR;Weiss¢polis;-25,461939;-49,186839;2025-03-02 15:20:00.0;0,00
PINHAIS;411915207A;PR;Weiss¢polis;-25,461939;-49,186839;2025-03-02 16:20:00.0;0,00
PINHAIS;411915207A;PR;Weiss¢polis;-25,461939;-49,186839;2025-03-02 17:20:00.0;0,00
PINHAIS;411915207A;PR;Weiss¢polis;-25,461939;-49,186839;2025-03-02 18:20:00.0;0,00
PINHAIS;411915207A;PR;Weiss¢polis;-25,461939;-49,186839;2025-03-02 19:20:00.0;0,00
PINHAIS;411915207A;PR;Weiss¢polis;-25,461939;-49,186839;2025-03-02 20:20:00.0;0,00
PINHAIS;411915207A;PR;Weiss¢polis;-25,461939;-49,186839;2025-03-02 21:20:00.0;0,00
PINHAIS;411915207A;PR;Weiss¢polis;-25,461939;-49,186839;2025-03-02 22:20:00.0;0,00
PINHAIS;411915207A;PR;Weiss¢polis;-25,461939;-49,186839;2025-03-02 23:20:00.0;0,00
PINHAIS;411915207A;PR;Weiss¢polis;-25,461939;-49,186839;2025-03-03 00:20:00.0;0,00
PINHAIS;411915207A;PR;Weiss¢polis;-25,461939;-49,186839;2025-03-03 01:20:00.0;0,00
PINHAIS;411915207A;PR;Weiss¢polis;-25,461939;-49,186839;2025-03-03 02:20:00.0;0,00
PINHAIS;411915207A;PR;Weiss¢polis;-25,461939;-49,186839;2025-03-03 03:20:00.0;0,00
PINHAIS;411915207A;PR;Weiss¢polis;-25,461939;-49,186839;2025-03-03 04:20:00.0;0,00
PINHAIS;411915207A;PR;Weiss¢polis;-25,461939;-49,186839;2025-03-03 05:20:00.0;0,00
PINHAIS;411915207A;PR;Weiss¢polis;-25,461939;-49,186839;2025-03-03 06:20:00.0;0,00
PINHAIS;411915207A;PR;Weiss¢polis;-25,461939;-49,186839;2025-03-03 07:20:00.0;0,00
PINHAIS;411915207A;PR;Weiss¢polis;-25,461939;-49,186839;2025-03-03 08:20:00.0;0,00
PINHAIS;411915207A;PR;Weiss¢polis;-25,461939;-49,186839;2025-03-03 09:20:00.0;0,00
PINHAIS;411915207A;PR;Weiss¢polis;-25,461939;-49,186839;2025-03-03 10:20:00.0;0,00
PINHAIS;411915207A;PR;Weiss¢polis;-25,461939;-49,186839;2025-03-03 11:20:00.0;0,00
PINHAIS;411915207A;PR;Weiss¢polis;-25,461939;-49,186839;2025-03-03 12:20:00.0;0,00
PINHAIS;411915207A;PR;Weiss¢polis;-25,461939;-49,186839;2025-03-03 13:20:00.0;0,00
PINHAIS;411915207A;PR;Weiss¢polis;-25,461939;-49,186839;2025-03-03 14:20:00.0;0,00
PINHAIS;411915207A;PR;Weiss¢polis;-25,461939;-49,186839;2025-03-03 15:20:00.0;0,00
PINHAIS;411915207A;PR;Weiss¢polis;-25,461939;-49,186839;2025-03-03 16:20:00.0;0,00
PINHAIS;411915207A;PR;Weiss¢polis;-25,461939;-49,186839;2025-03-03 17:20:00.0;0,00
PINHAIS;411915207A;PR;Weiss¢polis;-25,461939;-49,186839;2025-03-03 18:20:00.0;0,00
PINHAIS;411915207A;PR;Weiss¢polis;-25,461939;-49,186839;2025-03-03 19:20:00.0;0,00
PINHAIS;411915207A;PR;Weiss¢polis;-25,461939;-49,186839;2025-03-03 20:20:00.0;0,00
PINHAIS;411915207A;PR;Weiss¢polis;-25,461939;-49,186839;2025-03-03 21:20:00.0;0,00
PINHAIS;411915207A;PR;Weiss¢polis;-25,461939;-49,186839;2025-03-03 22:20:00.0;0,00
PINHAIS;411915207A;PR;Weiss¢polis;-25,461939;-49,186839;2025-03-03 23:20:00.0;0,00
PINHAIS;411915207A;PR;Weiss¢polis;-25,461939;-49,186839;2025-03-04 00:20:00.0;0,00
PINHAIS;411915207A;PR;Weiss¢polis;-25,461939;-49,186839;2025-03-04 01:20:00.0;0,00
PINHAIS;411915207A;PR;Weiss¢polis;-25,461939;-49,186839;2025-03-04 02:20:00.0;0,00
PINHAIS;411915207A;PR;Weiss¢polis;-25,461939;-49,186839;2025-03-04 03:20:00.0;0,00
PINHAIS;411915207A;PR;Weiss¢polis;-25,461939;-49,186839;2025-03-04 04:20:00.0;0,00
PINHAIS;411915207A;PR;Weiss¢polis;-25,461939;-49,186839;2025-03-04 05:20:00.0;0,00
PINHAIS;411915207A;PR;Weiss¢polis;-25,461939;-49,186839;2025-03-04 06:20:00.0;0,00
PINHAIS;411915207A;PR;Weiss¢polis;-25,461939;-49,186839;2025-03-04 07:20:00.0;0,00
PINHAIS;411915207A;PR;Weiss¢polis;-25,461939;-49,186839;2025-03-04 08:20:00.0;0,00
PINHAIS;411915207A;PR;Weiss¢polis;-25,461939;-49,186839;2025-03-04 09:20:00.0;0,00
PINHAIS;411915207A;PR;Weiss¢polis;-25,461939;-49,186839;2025-03-04 10:20:00.0;0,00
PINHAIS;411915207A;PR;Weiss¢polis;-25,461939;-49,186839;2025-03-04 11:20:00.0;0,00
PINHAIS;411915207A;PR;Weiss¢polis;-25,461939;-49,186839;2025-03-04 12:20:00.0;0,00
PINHAIS;411915207A;PR;Weiss¢polis;-25,461939;-49,186839;2025-03-04 13:20:00.0;0,00
PINHAIS;411915207A;PR;Weiss¢polis;-25,461939;-49,186839;2025-03-04 14:20:00.0;0,00
PINHAIS;411915207A;PR;Weiss¢polis;-25,461939;-49,186839;2025-03-04 15:20:00.0;0,00
PINHAIS;411915207A;PR;Weiss¢polis;-25,461939;-49,186839;2025-03-04 16:20:00.0;0,00
PINHAIS;411915207A;PR;Weiss¢polis;-25,461939;-49,186839;2025-03-04 17:20:00.0;0,00
PINHAIS;411915207A;PR;Weiss¢polis;-25,461939;-49,186839;2025-03-04 18:20:00.0;0,00
PINHAIS;411915207A;PR;Weiss¢polis;-25,461939;-49,186839;2025-03-04 19:20:00.0;0,00
PINHAIS;411915207A;PR;Weiss¢polis;-25,461939;-49,186839;2025-03-04 20:20:00.0;0,00
PINHAIS;411915207A;PR;Weiss¢polis;-25,461939;-49,186839;2025-03-04 21:20:00.0;0,00
PINHAIS;411915207A;PR;Weiss¢polis;-25,461939;-49,186839;2025-03-04 22:20:00.0;0,00
PINHAIS;411915207A;PR;Weiss¢polis;-25,461939;-49,186839;2025-03-04 23:20:00.0;0,00
PINHAIS;411915207A;PR;Weiss¢polis;-25,461939;-49,186839;2025-03-05 00:20:00.0;0,00
PINHAIS;411915207A;PR;Weiss¢polis;-25,461939;-49,186839;2025-03-05 01:20:00.0;0,00
PINHAIS;411915207A;PR;Weiss¢polis;-25,461939;-49,186839;2025-03-05 02:20:00.0;0,00
PINHAIS;411915207A;PR;Weiss¢polis;-25,461939;-49,186839;2025-03-05 03:20:00.0;0,00
PINHAIS;411915207A;PR;Weiss¢polis;-25,461939;-49,186839;2025-03-05 04:20:00.0;0,00
PINHAIS;411915207A;PR;Weiss¢polis;-25,461939;-49,186839;2025-03-05 05:20:00.0;0,00
PINHAIS;411915207A;PR;Weiss¢polis;-25,461939;-49,186839;2025-03-05 06:20:00.0;0,00
PINHAIS;411915207A;PR;Weiss¢polis;-25,461939;-49,186839;2025-03-05 07:20:00.0;0,00
PINHAIS;411915207A;PR;Weiss¢polis;-25,461939;-49,186839;2025-03-05 08:20:00.0;0,00
PINHAIS;411915207A;PR;Weiss¢polis;-25,461939;-49,186839;2025-03-05 09:20:00.0;0,00
PINHAIS;411915207A;PR;Weiss¢polis;-25,461939;-49,186839;2025-03-05 10:20:00.0;0,00
PINHAIS;411915207A;PR;Weiss¢polis;-25,461939;-49,186839;2025-03-05 11:20:00.0;0,00
PINHAIS;411915207A;PR;Weiss¢polis;-25,461939;-49,186839;2025-03-05 12:20:00.0;0,00
PINHAIS;411915207A;PR;Weiss¢polis;-25,461939;-49,186839;2025-03-05 13:20:00.0;0,00
PINHAIS;411915207A;PR;Weiss¢polis;-25,461939;-49,186839;2025-03-05 14:20:00.0;0,00
PINHAIS;411915207A;PR;Weiss¢polis;-25,461939;-49,186839;2025-03-05 15:20:00.0;0,00
PINHAIS;411915207A;PR;Weiss¢polis;-25,461939;-49,186839;2025-03-05 16:20:00.0;0,00
PINHAIS;411915207A;PR;Weiss¢polis;-25,461939;-49,186839;2025-03-05 17:20:00.0;0,00
PINHAIS;411915207A;PR;Weiss¢polis;-25,461939;-49,186839;2025-03-05 18:20:00.0;0,00
PINHAIS;411915207A;PR;Weiss¢polis;-25,461939;-49,186839;2025-03-05 19:20:00.0;0,00
PINHAIS;411915207A;PR;Weiss¢polis;-25,461939;-49,186839;2025-03-05 20:20:00.0;0,00
PINHAIS;411915207A;PR;Weiss¢polis;-25,461939;-49,186839;2025-03-05 21:20:00.0;0,00
PINHAIS;411915207A;PR;Weiss¢polis;-25,461939;-49,186839;2025-03-05 22:20:00.0;0,00
PINHAIS;411915207A;PR;Weiss¢polis;-25,461939;-49,186839;2025-03-05 23:20:00.0;0,00
PINHAIS;411915207A;PR;Weiss¢polis;-25,461939;-49,186839;2025-03-06 00:20:00.0;0,00
PINHAIS;411915207A;PR;Weiss¢polis;-25,461939;-49,186839;2025-03-06 01:20:00.0;0,00
PINHAIS;411915207A;PR;Weiss¢polis;-25,461939;-49,186839;2025-03-06 02:20:00.0;0,00
PINHAIS;411915207A;PR;Weiss¢polis;-25,461939;-49,186839;2025-03-06 03:20:00.0;0,00
PINHAIS;411915207A;PR;Weiss¢polis;-25,461939;-49,186839;2025-03-06 04:20:00.0;0,00
PINHAIS;411915207A;PR;Weiss¢polis;-25,461939;-49,186839;2025-03-06 05:20:00.0;0,00
PINHAIS;411915207A;PR;Weiss¢polis;-25,461939;-49,186839;2025-03-06 06:20:00.0;0,00
PINHAIS;411915207A;PR;Weiss¢polis;-25,461939;-49,186839;2025-03-06 07:20:00.0;0,00
PINHAIS;411915207A;PR;Weiss¢polis;-25,461939;-49,186839;2025-03-06 08:20:00.0;0,00
PINHAIS;411915207A;PR;Weiss¢polis;-25,461939;-49,186839;2025-03-06 09:20:00.0;0,00
PINHAIS;411915207A;PR;Weiss¢polis;-25,461939;-49,186839;2025-03-06 10:20:00.0;0,00
PINHAIS;411915207A;PR;Weiss¢polis;-25,461939;-49,186839;2025-03-06 11:20:00.0;0,00
PINHAIS;411915207A;PR;Weiss¢polis;-25,461939;-49,186839;2025-03-06 12:20:00.0;0,00
PINHAIS;411915207A;PR;Weiss¢polis;-25,461939;-49,186839;2025-03-06 13:20:00.0;0,00
PINHAIS;411915207A;PR;Weiss¢polis;-25,461939;-49,186839;2025-03-06 14:20:00.0;0,00
PINHAIS;411915207A;PR;Weiss¢polis;-25,461939;-49,186839;2025-03-06 15:20:00.0;0,00
PINHAIS;411915207A;PR;Weiss¢polis;-25,461939;-49,186839;2025-03-06 16:20:00.0;0,00
PINHAIS;411915207A;PR;Weiss¢polis;-25,461939;-49,186839;2025-03-06 17:20:00.0;0,00
PINHAIS;411915207A;PR;Weiss¢polis;-25,461939;-49,186839;2025-03-06 18:20:00.0;0,00
PINHAIS;411915207A;PR;Weiss¢polis;-25,461939;-49,186839;2025-03-06 19:20:00.0;0,00
PINHAIS;411915207A;PR;Weiss¢polis;-25,461939;-49,186839;2025-03-06 20:20:00.0;0,00
PINHAIS;411915207A;PR;Weiss¢polis;-25,461939;-49,186839;2025-03-06 21:20:00.0;0,00
PINHAIS;411915207A;PR;Weiss¢polis;-25,461939;-49,186839;2025-03-06 22:20:00.0;0,00
PINHAIS;411915207A;PR;Weiss¢polis;-25,461939;-49,186839;2025-03-06 23:20:00.0;0,00
PINHAIS;411915207A;PR;Weiss¢polis;-25,461939;-49,186839;2025-03-07 00:20:00.0;0,00
PINHAIS;411915207A;PR;Weiss¢polis;-25,461939;-49,186839;2025-03-07 01:20:00.0;0,00
PINHAIS;411915207A;PR;Weiss¢polis;-25,461939;-49,186839;2025-03-07 02:20:00.0;0,00
PINHAIS;411915207A;PR;Weiss¢polis;-25,461939;-49,186839;2025-03-07 03:20:00.0;0,00
PINHAIS;411915207A;PR;Weiss¢polis;-25,461939;-49,186839;2025-03-07 04:20:00.0;0,00
PINHAIS;411915207A;PR;Weiss¢polis;-25,461939;-49,186839;2025-03-07 05:20:00.0;0,00
PINHAIS;411915207A;PR;Weiss¢polis;-25,461939;-49,186839;2025-03-07 06:20:00.0;0,00
PINHAIS;411915207A;PR;Weiss¢polis;-25,461939;-49,186839;2025-03-07 07:20:00.0;0,00
PINHAIS;411915207A;PR;Weiss¢polis;-25,461939;-49,186839;2025-03-07 08:20:00.0;0,00
PINHAIS;411915207A;PR;Weiss¢polis;-25,461939;-49,186839;2025-03-07 08:30:00.0;0,20
PINHAIS;411915207A;PR;Weiss¢polis;-25,461939;-49,186839;2025-03-07 09:20:00.0;0,00
PINHAIS;411915207A;PR;Weiss¢polis;-25,461939;-49,186839;2025-03-07 10:20:00.0;0,00
PINHAIS;411915207A;PR;Weiss¢polis;-25,461939;-49,186839;2025-03-07 11:20:00.0;0,00
PINHAIS;411915207A;PR;Weiss¢polis;-25,461939;-49,186839;2025-03-07 12:20:00.0;0,00
PINHAIS;411915207A;PR;Weiss¢polis;-25,461939;-49,186839;2025-03-07 13:20:00.0;0,00
PINHAIS;411915207A;PR;Weiss¢polis;-25,461939;-49,186839;2025-03-07 14:20:00.0;0,00
PINHAIS;411915207A;PR;Weiss¢polis;-25,461939;-49,186839;2025-03-07 15:20:00.0;0,00
PINHAIS;411915207A;PR;Weiss¢polis;-25,461939;-49,186839;2025-03-07 16:20:00.0;0,00
PINHAIS;411915207A;PR;Weiss¢polis;-25,461939;-49,186839;2025-03-07 17:20:00.0;0,00
PINHAIS;411915207A;PR;Weiss¢polis;-25,461939;-49,186839;2025-03-07 18:20:00.0;0,00
PINHAIS;411915207A;PR;Weiss¢polis;-25,461939;-49,186839;2025-03-07 19:20:00.0;0,00
PINHAIS;411915207A;PR;Weiss¢polis;-25,461939;-49,186839;2025-03-07 20:20:00.0;0,00
PINHAIS;411915207A;PR;Weiss¢polis;-25,461939;-49,186839;2025-03-07 21:20:00.0;0,00
PINHAIS;411915207A;PR;Weiss¢polis;-25,461939;-49,186839;2025-03-07 22:20:00.0;0,00
PINHAIS;411915207A;PR;Weiss¢polis;-25,461939;-49,186839;2025-03-07 23:20:00.0;0,00
PINHAIS;411915207A;PR;Weiss¢polis;-25,461939;-49,186839;2025-03-08 00:20:00.0;0,00
PINHAIS;411915207A;PR;Weiss¢polis;-25,461939;-49,186839;2025-03-08 01:20:00.0;0,00
PINHAIS;411915207A;PR;Weiss¢polis;-25,461939;-49,186839;2025-03-08 02:20:00.0;0,00
PINHAIS;411915207A;PR;Weiss¢polis;-25,461939;-49,186839;2025-03-08 03:20:00.0;0,00
PINHAIS;411915207A;PR;Weiss¢polis;-25,461939;-49,186839;2025-03-08 04:20:00.0;0,00
PINHAIS;411915207A;PR;Weiss¢polis;-25,461939;-49,186839;2025-03-08 05:20:00.0;0,00
PINHAIS;411915207A;PR;Weiss¢polis;-25,461939;-49,186839;2025-03-08 06:20:00.0;0,00
PINHAIS;411915207A;PR;Weiss¢polis;-25,461939;-49,186839;2025-03-08 07:20:00.0;0,00
PINHAIS;411915207A;PR;Weiss¢polis;-25,461939;-49,186839;2025-03-08 08:20:00.0;0,00
PINHAIS;411915207A;PR;Weiss¢polis;-25,461939;-49,186839;2025-03-08 09:20:00.0;0,00
PINHAIS;411915207A;PR;Weiss¢polis;-25,461939;-49,186839;2025-03-08 10:20:00.0;0,00
PINHAIS;411915207A;PR;Weiss¢polis;-25,461939;-49,186839;2025-03-08 11:20:00.0;0,00
PINHAIS;411915207A;PR;Weiss¢polis;-25,461939;-49,186839;2025-03-08 12:20:00.0;0,00
PINHAIS;411915207A;PR;Weiss¢polis;-25,461939;-49,186839;2025-03-08 13:20:00.0;0,00
PINHAIS;411915207A;PR;Weiss¢polis;-25,461939;-49,186839;2025-03-08 14:20:00.0;0,00
PINHAIS;411915207A;PR;Weiss¢polis;-25,461939;-49,186839;2025-03-08 15:20:00.0;0,00
PINHAIS;411915207A;PR;Weiss¢polis;-25,461939;-49,186839;2025-03-08 16:20:00.0;0,00
PINHAIS;411915207A;PR;Weiss¢polis;-25,461939;-49,186839;2025-03-08 17:20:00.0;0,00
PINHAIS;411915207A;PR;Weiss¢polis;-25,461939;-49,186839;2025-03-08 18:20:00.0;0,00
PINHAIS;411915207A;PR;Weiss¢polis;-25,461939;-49,186839;2025-03-08 19:20:00.0;0,00
PINHAIS;411915207A;PR;Weiss¢polis;-25,461939;-49,186839;2025-03-08 20:20:00.0;0,00
PINHAIS;411915207A;PR;Weiss¢polis;-25,461939;-49,186839;2025-03-08 21:20:00.0;0,00
PINHAIS;411915207A;PR;Weiss¢polis;-25,461939;-49,186839;2025-03-08 22:20:00.0;0,00
PINHAIS;411915207A;PR;Weiss¢polis;-25,461939;-49,186839;2025-03-08 23:20:00.0;0,00
PINHAIS;411915207A;PR;Weiss¢polis;-25,461939;-49,186839;2025-03-09 00:20:00.0;0,00
PINHAIS;411915207A;PR;Weiss¢polis;-25,461939;-49,186839;2025-03-09 01:20:00.0;0,00
PINHAIS;411915207A;PR;Weiss¢polis;-25,461939;-49,186839;2025-03-09 02:20:00.0;0,00
PINHAIS;411915207A;PR;Weiss¢polis;-25,461939;-49,186839;2025-03-09 03:20:00.0;0,00
PINHAIS;411915207A;PR;Weiss¢polis;-25,461939;-49,186839;2025-03-09 04:20:00.0;0,00
PINHAIS;411915207A;PR;Weiss¢polis;-25,461939;-49,186839;2025-03-09 05:20:00.0;0,00
PINHAIS;411915207A;PR;Weiss¢polis;-25,461939;-49,186839;2025-03-09 06:20:00.0;0,00
PINHAIS;411915207A;PR;Weiss¢polis;-25,461939;-49,186839;2025-03-09 07:20:00.0;0,00
PINHAIS;411915207A;PR;Weiss¢polis;-25,461939;-49,186839;2025-03-09 08:20:00.0;0,00
PINHAIS;411915207A;PR;Weiss¢polis;-25,461939;-49,186839;2025-03-09 09:20:00.0;0,00
PINHAIS;411915207A;PR;Weiss¢polis;-25,461939;-49,186839;2025-03-09 10:20:00.0;0,00
PINHAIS;411915207A;PR;Weiss¢polis;-25,461939;-49,186839;2025-03-09 11:20:00.0;0,00
PINHAIS;411915207A;PR;Weiss¢polis;-25,461939;-49,186839;2025-03-09 12:20:00.0;0,00
PINHAIS;411915207A;PR;Weiss¢polis;-25,461939;-49,186839;2025-03-09 13:20:00.0;0,00
PINHAIS;411915207A;PR;Weiss¢polis;-25,461939;-49,186839;2025-03-09 14:20:00.0;0,00
PINHAIS;411915207A;PR;Weiss¢polis;-25,461939;-49,186839;2025-03-09 15:20:00.0;0,00
PINHAIS;411915207A;PR;Weiss¢polis;-25,461939;-49,186839;2025-03-09 16:20:00.0;0,00
PINHAIS;411915207A;PR;Weiss¢polis;-25,461939;-49,186839;2025-03-09 17:20:00.0;0,00
PINHAIS;411915207A;PR;Weiss¢polis;-25,461939;-49,186839;2025-03-09 18:20:00.0;0,00
PINHAIS;411915207A;PR;Weiss¢polis;-25,461939;-49,186839;2025-03-09 18:50:00.0;3,16
PINHAIS;411915207A;PR;Weiss¢polis;-25,461939;-49,186839;2025-03-09 19:00:00.0;3,35
PINHAIS;411915207A;PR;Weiss¢polis;-25,461939;-49,186839;2025-03-09 19:20:00.0;0,00
PINHAIS;411915207A;PR;Weiss¢polis;-25,461939;-49,186839;2025-03-09 20:20:00.0;0,00
PINHAIS;411915207A;PR;Weiss¢polis;-25,461939;-49,186839;2025-03-09 21:20:00.0;0,00
PINHAIS;411915207A;PR;Weiss¢polis;-25,461939;-49,186839;2025-03-09 21:30:00.0;0,98
PINHAIS;411915207A;PR;Weiss¢polis;-25,461939;-49,186839;2025-03-09 21:40:00.0;6,50
PINHAIS;411915207A;PR;Weiss¢polis;-25,461939;-49,186839;2025-03-09 21:50:00.0;2,16
PINHAIS;411915207A;PR;Weiss¢polis;-25,461939;-49,186839;2025-03-09 22:00:00.0;0,98
PINHAIS;411915207A;PR;Weiss¢polis;-25,461939;-49,186839;2025-03-09 22:20:00.0;0,00
PINHAIS;411915207A;PR;Weiss¢polis;-25,461939;-49,186839;2025-03-09 22:30:00.0;6,30
PINHAIS;411915207A;PR;Weiss¢polis;-25,461939;-49,186839;2025-03-09 22:40:00.0;11,18
PINHAIS;411915207A;PR;Weiss¢polis;-25,461939;-49,186839;2025-03-09 22:50:00.0;2,56
PINHAIS;411915207A;PR;Weiss¢polis;-25,461939;-49,186839;2025-03-09 23:00:00.0;0,79
PINHAIS;411915207A;PR;Weiss¢polis;-25,461939;-49,186839;2025-03-09 23:20:00.0;0,00
PINHAIS;411915207A;PR;Weiss¢polis;-25,461939;-49,186839;2025-03-09 23:40:00.0;0,20
PINHAIS;411915207A;PR;Weiss¢polis;-25,461939;-49,186839;2025-03-09 23:50:00.0;0,20
PINHAIS;411915207A;PR;Weiss¢polis;-25,461939;-49,186839;2025-03-10 00:00:00.0;0,79
PINHAIS;411915207A;PR;Weiss¢polis;-25,461939;-49,186839;2025-03-10 00:10:00.0;0,39
PINHAIS;411915207A;PR;Weiss¢polis;-25,461939;-49,186839;2025-03-10 00:20:00.0;0,00
PINHAIS;411915207A;PR;Weiss¢polis;-25,461939;-49,186839;2025-03-10 00:50:00.0;0,20
PINHAIS;411915207A;PR;Weiss¢polis;-25,461939;-49,186839;2025-03-10 01:20:00.0;0,00
PINHAIS;411915207A;PR;Weiss¢polis;-25,461939;-49,186839;2025-03-10 01:40:00.0;0,20
PINHAIS;411915207A;PR;Weiss¢polis;-25,461939;-49,186839;2025-03-10 02:20:00.0;0,00
PINHAIS;411915207A;PR;Weiss¢polis;-25,461939;-49,186839;2025-03-10 03:20:00.0;0,00
PINHAIS;411915207A;PR;Weiss¢polis;-25,461939;-49,186839;2025-03-10 04:20:00.0;0,00
PINHAIS;411915207A;PR;Weiss¢polis;-25,461939;-49,186839;2025-03-10 05:20:00.0;0,00
PINHAIS;411915207A;PR;Weiss¢polis;-25,461939;-49,186839;2025-03-10 06:20:00.0;0,00
PINHAIS;411915207A;PR;Weiss¢polis;-25,461939;-49,186839;2025-03-10 07:20:00.0;0,00
PINHAIS;411915207A;PR;Weiss¢polis;-25,461939;-49,186839;2025-03-10 08:20:00.0;0,00
PINHAIS;411915207A;PR;Weiss¢polis;-25,461939;-49,186839;2025-03-10 09:20:00.0;0,00
PINHAIS;411915207A;PR;Weiss¢polis;-25,461939;-49,186839;2025-03-10 10:20:00.0;0,00
PINHAIS;411915207A;PR;Weiss¢polis;-25,461939;-49,186839;2025-03-10 11:20:00.0;0,00
PINHAIS;411915207A;PR;Weiss¢polis;-25,461939;-49,186839;2025-03-10 12:20:00.0;0,00
PINHAIS;411915207A;PR;Weiss¢polis;-25,461939;-49,186839;2025-03-10 13:20:00.0;0,00
PINHAIS;411915207A;PR;Weiss¢polis;-25,461939;-49,186839;2025-03-10 14:20:00.0;0,00
PINHAIS;411915207A;PR;Weiss¢polis;-25,461939;-49,186839;2025-03-10 15:20:00.0;0,00
PINHAIS;411915207A;PR;Weiss¢polis;-25,461939;-49,186839;2025-03-10 16:20:00.0;0,00
PINHAIS;411915207A;PR;Weiss¢polis;-25,461939;-49,186839;2025-03-10 17:20:00.0;0,00
PINHAIS;411915207A;PR;Weiss¢polis;-25,461939;-49,186839;2025-03-10 18:20:00.0;0,00
PINHAIS;411915207A;PR;Weiss¢polis;-25,461939;-49,186839;2025-03-10 19:20:00.0;0,00
PINHAIS;411915207A;PR;Weiss¢polis;-25,461939;-49,186839;2025-03-10 20:20:00.0;0,00
PINHAIS;411915207A;PR;Weiss¢polis;-25,461939;-49,186839;2025-03-10 21:20:00.0;0,00
PINHAIS;411915207A;PR;Weiss¢polis;-25,461939;-49,186839;2025-03-10 22:20:00.0;0,00
PINHAIS;411915207A;PR;Weiss¢polis;-25,461939;-49,186839;2025-03-10 23:20:00.0;0,00
PINHAIS;411915207A;PR;Weiss¢polis;-25,461939;-49,186839;2025-03-11 00:20:00.0;0,00
PINHAIS;411915207A;PR;Weiss¢polis;-25,461939;-49,186839;2025-03-11 01:20:00.0;0,00
PINHAIS;411915207A;PR;Weiss¢polis;-25,461939;-49,186839;2025-03-11 02:20:00.0;0,00
PINHAIS;411915207A;PR;Weiss¢polis;-25,461939;-49,186839;2025-03-11 03:20:00.0;0,00
PINHAIS;411915207A;PR;Weiss¢polis;-25,461939;-49,186839;2025-03-11 04:20:00.0;0,00
PINHAIS;411915207A;PR;Weiss¢polis;-25,461939;-49,186839;2025-03-11 05:20:00.0;0,00
PINHAIS;411915207A;PR;Weiss¢polis;-25,461939;-49,186839;2025-03-11 06:20:00.0;0,00
PINHAIS;411915207A;PR;Weiss¢polis;-25,461939;-49,186839;2025-03-11 07:20:00.0;0,00
PINHAIS;411915207A;PR;Weiss¢polis;-25,461939;-49,186839;2025-03-11 08:20:00.0;0,00
PINHAIS;411915207A;PR;Weiss¢polis;-25,461939;-49,186839;2025-03-11 09:20:00.0;0,00
PINHAIS;411915207A;PR;Weiss¢polis;-25,461939;-49,186839;2025-03-11 10:20:00.0;0,00
PINHAIS;411915207A;PR;Weiss¢polis;-25,461939;-49,186839;2025-03-11 11:20:00.0;0,00
PINHAIS;411915207A;PR;Weiss¢polis;-25,461939;-49,186839;2025-03-11 12:20:00.0;0,00
PINHAIS;411915207A;PR;Weiss¢polis;-25,461939;-49,186839;2025-03-11 13:20:00.0;0,00
PINHAIS;411915207A;PR;Weiss¢polis;-25,461939;-49,186839;2025-03-11 14:20:00.0;0,00
PINHAIS;411915207A;PR;Weiss¢polis;-25,461939;-49,186839;2025-03-11 15:20:00.0;0,00
PINHAIS;411915207A;PR;Weiss¢polis;-25,461939;-49,186839;2025-03-11 16:20:00.0;0,00
PINHAIS;411915207A;PR;Weiss¢polis;-25,461939;-49,186839;2025-03-11 17:20:00.0;0,00
PINHAIS;411915207A;PR;Weiss¢polis;-25,461939;-49,186839;2025-03-11 17:40:00.0;0,20
PINHAIS;411915207A;PR;Weiss¢polis;-25,461939;-49,186839;2025-03-11 17:50:00.0;1,77
PINHAIS;411915207A;PR;Weiss¢polis;-25,461939;-49,186839;2025-03-11 18:00:00.0;1,18
PINHAIS;411915207A;PR;Weiss¢polis;-25,461939;-49,186839;2025-03-11 18:10:00.0;0,42
PINHAIS;411915207A;PR;Weiss¢polis;-25,461939;-49,186839;2025-03-11 18:20:00.0;0,00
PINHAIS;411915207A;PR;Weiss¢polis;-25,461939;-49,186839;2025-03-11 18:40:00.0;0,20
PINHAIS;411915207A;PR;Weiss¢polis;-25,461939;-49,186839;2025-03-11 18:50:00.0;1,57
PINHAIS;411915207A;PR;Weiss¢polis;-25,461939;-49,186839;2025-03-11 19:00:00.0;3,15
PINHAIS;411915207A;PR;Weiss¢polis;-25,461939;-49,186839;2025-03-11 19:20:00.0;0,00
PINHAIS;411915207A;PR;Weiss¢polis;-25,461939;-49,186839;2025-03-11 20:20:00.0;0,00
PINHAIS;411915207A;PR;Weiss¢polis;-25,461939;-49,186839;2025-03-11 21:20:00.0;0,20
PINHAIS;411915207A;PR;Weiss¢polis;-25,461939;-49,186839;2025-03-11 21:30:00.0;0,20
PINHAIS;411915207A;PR;Weiss¢polis;-25,461939;-49,186839;2025-03-11 21:40:00.0;0,39
PINHAIS;411915207A;PR;Weiss¢polis;-25,461939;-49,186839;2025-03-11 21:50:00.0;0,39
PINHAIS;411915207A;PR;Weiss¢polis;-25,461939;-49,186839;2025-03-11 22:00:00.0;0,39
PINHAIS;411915207A;PR;Weiss¢polis;-25,461939;-49,186839;2025-03-11 22:10:00.0;1,57
PINHAIS;411915207A;PR;Weiss¢polis;-25,461939;-49,186839;2025-03-11 22:20:00.0;0,98
PINHAIS;411915207A;PR;Weiss¢polis;-25,461939;-49,186839;2025-03-11 22:30:00.0;0,59
PINHAIS;411915207A;PR;Weiss¢polis;-25,461939;-49,186839;2025-03-11 22:40:00.0;0,98
PINHAIS;411915207A;PR;Weiss¢polis;-25,461939;-49,186839;2025-03-11 22:50:00.0;0,79
PINHAIS;411915207A;PR;Weiss¢polis;-25,461939;-49,186839;2025-03-11 23:00:00.0;0,59
PINHAIS;411915207A;PR;Weiss¢polis;-25,461939;-49,186839;2025-03-11 23:10:00.0;0,79
PINHAIS;411915207A;PR;Weiss¢polis;-25,461939;-49,186839;2025-03-11 23:20:00.0;0,98
PINHAIS;411915207A;PR;Weiss¢polis;-25,461939;-49,186839;2025-03-11 23:30:00.0;0,79
PINHAIS;411915207A;PR;Weiss¢polis;-25,461939;-49,186839;2025-03-11 23:40:00.0;0,79
PINHAIS;411915207A;PR;Weiss¢polis;-25,461939;-49,186839;2025-03-11 23:50:00.0;0,20
PINHAIS;411915207A;PR;Weiss¢polis;-25,461939;-49,186839;2025-03-12 00:20:00.0;0,00
PINHAIS;411915207A;PR;Weiss¢polis;-25,461939;-49,186839;2025-03-12 01:00:00.0;0,20
PINHAIS;411915207A;PR;Weiss¢polis;-25,461939;-49,186839;2025-03-12 01:20:00.0;0,00
PINHAIS;411915207A;PR;Weiss¢polis;-25,461939;-49,186839;2025-03-12 02:20:00.0;0,00
PINHAIS;411915207A;PR;Weiss¢polis;-25,461939;-49,186839;2025-03-12 03:20:00.0;0,00
PINHAIS;411915207A;PR;Weiss¢polis;-25,461939;-49,186839;2025-03-12 04:20:00.0;0,00
PINHAIS;411915207A;PR;Weiss¢polis;-25,461939;-49,186839;2025-03-12 05:20:00.0;0,00
PINHAIS;411915207A;PR;Weiss¢polis;-25,461939;-49,186839;2025-03-12 06:20:00.0;0,00
PINHAIS;411915207A;PR;Weiss¢polis;-25,461939;-49,186839;2025-03-12 07:20:00.0;0,00
PINHAIS;411915207A;PR;Weiss¢polis;-25,461939;-49,186839;2025-03-12 08:20:00.0;0,00
PINHAIS;411915207A;PR;Weiss¢polis;-25,461939;-49,186839;2025-03-12 09:20:00.0;0,00
PINHAIS;411915207A;PR;Weiss¢polis;-25,461939;-49,186839;2025-03-12 10:20:00.0;0,00
PINHAIS;411915207A;PR;Weiss¢polis;-25,461939;-49,186839;2025-03-12 11:20:00.0;0,20
PINHAIS;411915207A;PR;Weiss¢polis;-25,461939;-49,186839;2025-03-12 12:20:00.0;0,00
PINHAIS;411915207A;PR;Weiss¢polis;-25,461939;-49,186839;2025-03-12 13:20:00.0;0,00
PINHAIS;411915207A;PR;Weiss¢polis;-25,461939;-49,186839;2025-03-12 14:20:00.0;0,00
PINHAIS;411915207A;PR;Weiss¢polis;-25,461939;-49,186839;2025-03-12 15:20:00.0;0,00
PINHAIS;411915207A;PR;Weiss¢polis;-25,461939;-49,186839;2025-03-12 15:40:00.0;0,79
PINHAIS;411915207A;PR;Weiss¢polis;-25,461939;-49,186839;2025-03-12 15:50:00.0;0,20
PINHAIS;411915207A;PR;Weiss¢polis;-25,461939;-49,186839;2025-03-12 16:10:00.0;0,39
PINHAIS;411915207A;PR;Weiss¢polis;-25,461939;-49,186839;2025-03-12 16:20:00.0;1,18
PINHAIS;411915207A;PR;Weiss¢polis;-25,461939;-49,186839;2025-03-12 17:00:00.0;0,20
PINHAIS;411915207A;PR;Weiss¢polis;-25,461939;-49,186839;2025-03-12 17:20:00.0;0,00
PINHAIS;411915207A;PR;Weiss¢polis;-25,461939;-49,186839;2025-03-12 18:20:00.0;0,00
PINHAIS;411915207A;PR;Weiss¢polis;-25,461939;-49,186839;2025-03-12 19:20:00.0;0,00
PINHAIS;411915207A;PR;Weiss¢polis;-25,461939;-49,186839;2025-03-12 20:20:00.0;0,00
PINHAIS;411915207A;PR;Weiss¢polis;-25,461939;-49,186839;2025-03-12 20:50:00.0;4,48
PINHAIS;411915207A;PR;Weiss¢polis;-25,461939;-49,186839;2025-03-12 21:00:00.0;1,57
PINHAIS;411915207A;PR;Weiss¢polis;-25,461939;-49,186839;2025-03-12 21:20:00.0;0,00
PINHAIS;411915207A;PR;Weiss¢polis;-25,461939;-49,186839;2025-03-12 22:20:00.0;0,00
PINHAIS;411915207A;PR;Weiss¢polis;-25,461939;-49,186839;2025-03-12 23:20:00.0;0,20
PINHAIS;411915207A;PR;Weiss¢polis;-25,461939;-49,186839;2025-03-12 23:30:00.0;0,42
PINHAIS;411915207A;PR;Weiss¢polis;-25,461939;-49,186839;2025-03-12 23:40:00.0;0,39
PINHAIS;411915207A;PR;Weiss¢polis;-25,461939;-49,186839;2025-03-12 23:50:00.0;0,59
PINHAIS;411915207A;PR;Weiss¢polis;-25,461939;-49,186839;2025-03-13 00:00:00.0;0,39
PINHAIS;411915207A;PR;Weiss¢polis;-25,461939;-49,186839;2025-03-13 00:10:00.0;0,20
PINHAIS;411915207A;PR;Weiss¢polis;-25,461939;-49,186839;2025-03-13 00:20:00.0;0,20
PINHAIS;411915207A;PR;Weiss¢polis;-25,461939;-49,186839;2025-03-13 00:40:00.0;0,20
PINHAIS;411915207A;PR;Weiss¢polis;-25,461939;-49,186839;2025-03-13 01:20:00.0;0,00
PINHAIS;411915207A;PR;Weiss¢polis;-25,461939;-49,186839;2025-03-13 02:20:00.0;0,00
PINHAIS;411915207A;PR;Weiss¢polis;-25,461939;-49,186839;2025-03-13 03:20:00.0;0,00
PINHAIS;411915207A;PR;Weiss¢polis;-25,461939;-49,186839;2025-03-13 04:20:00.0;0,00
PINHAIS;411915207A;PR;Weiss¢polis;-25,461939;-49,186839;2025-03-13 05:20:00.0;0,00
PINHAIS;411915207A;PR;Weiss¢polis;-25,461939;-49,186839;2025-03-13 06:00:00.0;0,20
PINHAIS;411915207A;PR;Weiss¢polis;-25,461939;-49,186839;2025-03-13 06:20:00.0;0,00
PINHAIS;411915207A;PR;Weiss¢polis;-25,461939;-49,186839;2025-03-13 06:50:00.0;0,20
PINHAIS;411915207A;PR;Weiss¢polis;-25,461939;-49,186839;2025-03-13 07:20:00.0;0,39
PINHAIS;411915207A;PR;Weiss¢polis;-25,461939;-49,186839;2025-03-13 07:30:00.0;0,20
PINHAIS;411915207A;PR;Weiss¢polis;-25,461939;-49,186839;2025-03-13 07:40:00.0;0,20
PINHAIS;411915207A;PR;Weiss¢polis;-25,461939;-49,186839;2025-03-13 08:00:00.0;0,20
PINHAIS;411915207A;PR;Weiss¢polis;-25,461939;-49,186839;2025-03-13 08:10:00.0;0,42
PINHAIS;411915207A;PR;Weiss¢polis;-25,461939;-49,186839;2025-03-13 08:20:00.0;0,20
PINHAIS;411915207A;PR;Weiss¢polis;-25,461939;-49,186839;2025-03-13 08:30:00.0;0,20
PINHAIS;411915207A;PR;Weiss¢polis;-25,461939;-49,186839;2025-03-13 08:50:00.0;0,20
PINHAIS;411915207A;PR;Weiss¢polis;-25,461939;-49,186839;2025-03-13 09:20:00.0;0,00
PINHAIS;411915207A;PR;Weiss¢polis;-25,461939;-49,186839;2025-03-13 10:20:00.0;0,00
PINHAIS;411915207A;PR;Weiss¢polis;-25,461939;-49,186839;2025-03-13 11:20:00.0;0,00
PINHAIS;411915207A;PR;Weiss¢polis;-25,461939;-49,186839;2025-03-13 12:20:00.0;0,00
PINHAIS;411915207A;PR;Weiss¢polis;-25,461939;-49,186839;2025-03-13 13:20:00.0;0,00
PINHAIS;411915207A;PR;Weiss¢polis;-25,461939;-49,186839;2025-03-13 14:20:00.0;0,00
PINHAIS;411915207A;PR;Weiss¢polis;-25,461939;-49,186839;2025-03-13 15:20:00.0;0,00
PINHAIS;411915207A;PR;Weiss¢polis;-25,461939;-49,186839;2025-03-13 16:20:00.0;0,00
PINHAIS;411915207A;PR;Weiss¢polis;-25,461939;-49,186839;2025-03-13 17:20:00.0;0,00
PINHAIS;411915207A;PR;Weiss¢polis;-25,461939;-49,186839;2025-03-13 18:20:00.0;0,00
PINHAIS;411915207A;PR;Weiss¢polis;-25,461939;-49,186839;2025-03-13 19:20:00.0;0,00
PINHAIS;411915207A;PR;Weiss¢polis;-25,461939;-49,186839;2025-03-13 20:20:00.0;0,00
PINHAIS;411915207A;PR;Weiss¢polis;-25,461939;-49,186839;2025-03-13 20:40:00.0;0,20
PINHAIS;411915207A;PR;Weiss¢polis;-25,461939;-49,186839;2025-03-13 21:20:00.0;0,00
PINHAIS;411915207A;PR;Weiss¢polis;-25,461939;-49,186839;2025-03-13 22:20:00.0;0,00
PINHAIS;411915207A;PR;Weiss¢polis;-25,461939;-49,186839;2025-03-13 22:50:00.0;0,39
PINHAIS;411915207A;PR;Weiss¢polis;-25,461939;-49,186839;2025-03-13 23:00:00.0;1,97
PINHAIS;411915207A;PR;Weiss¢polis;-25,461939;-49,186839;2025-03-13 23:10:00.0;0,98
PINHAIS;411915207A;PR;Weiss¢polis;-25,461939;-49,186839;2025-03-13 23:20:00.0;0,20
PINHAIS;411915207A;PR;Weiss¢polis;-25,461939;-49,186839;2025-03-13 23:40:00.0;0,20
PINHAIS;411915207A;PR;Weiss¢polis;-25,461939;-49,186839;2025-03-14 00:20:00.0;0,00
PINHAIS;411915207A;PR;Weiss¢polis;-25,461939;-49,186839;2025-03-14 01:10:00.0;0,39
PINHAIS;411915207A;PR;Weiss¢polis;-25,461939;-49,186839;2025-03-14 01:20:00.0;0,59
PINHAIS;411915207A;PR;Weiss¢polis;-25,461939;-49,186839;2025-03-14 01:30:00.0;0,79
PINHAIS;411915207A;PR;Weiss¢polis;-25,461939;-49,186839;2025-03-14 01:40:00.0;0,79
PINHAIS;411915207A;PR;Weiss¢polis;-25,461939;-49,186839;2025-03-14 01:50:00.0;0,20
PINHAIS;411915207A;PR;Weiss¢polis;-25,461939;-49,186839;2025-03-14 02:20:00.0;0,00
PINHAIS;411915207A;PR;Weiss¢polis;-25,461939;-49,186839;2025-03-14 03:20:00.0;0,00
PINHAIS;411915207A;PR;Weiss¢polis;-25,461939;-49,186839;2025-03-14 04:20:00.0;0,00
PINHAIS;411915207A;PR;Weiss¢polis;-25,461939;-49,186839;2025-03-14 05:20:00.0;0,00
PINHAIS;411915207A;PR;Weiss¢polis;-25,461939;-49,186839;2025-03-14 06:20:00.0;0,00
PINHAIS;411915207A;PR;Weiss¢polis;-25,461939;-49,186839;2025-03-14 07:20:00.0;0,00
PINHAIS;411915207A;PR;Weiss¢polis;-25,461939;-49,186839;2025-03-14 08:20:00.0;0,00
PINHAIS;411915207A;PR;Weiss¢polis;-25,461939;-49,186839;2025-03-14 09:20:00.0;0,00
PINHAIS;411915207A;PR;Weiss¢polis;-25,461939;-49,186839;2025-03-14 10:20:00.0;0,00
PINHAIS;411915207A;PR;Weiss¢polis;-25,461939;-49,186839;2025-03-14 11:20:00.0;0,00
PINHAIS;411915207A;PR;Weiss¢polis;-25,461939;-49,186839;2025-03-14 12:20:00.0;0,00
PINHAIS;411915207A;PR;Weiss¢polis;-25,461939;-49,186839;2025-03-14 13:20:00.0;0,00
PINHAIS;411915207A;PR;Weiss¢polis;-25,461939;-49,186839;2025-03-14 14:20:00.0;0,00
PINHAIS;411915207A;PR;Weiss¢polis;-25,461939;-49,186839;2025-03-14 15:20:00.0;0,00
PINHAIS;411915207A;PR;Weiss¢polis;-25,461939;-49,186839;2025-03-14 16:20:00.0;0,00
PINHAIS;411915207A;PR;Weiss¢polis;-25,461939;-49,186839;2025-03-14 17:20:00.0;0,00
PINHAIS;411915207A;PR;Weiss¢polis;-25,461939;-49,186839;2025-03-14 18:20:00.0;0,00
PINHAIS;411915207A;PR;Weiss¢polis;-25,461939;-49,186839;2025-03-14 19:20:00.0;0,00
PINHAIS;411915207A;PR;Weiss¢polis;-25,461939;-49,186839;2025-03-14 20:20:00.0;0,00
PINHAIS;411915207A;PR;Weiss¢polis;-25,461939;-49,186839;2025-03-14 21:20:00.0;0,00
PINHAIS;411915207A;PR;Weiss¢polis;-25,461939;-49,186839;2025-03-14 22:20:00.0;0,00
PINHAIS;411915207A;PR;Weiss¢polis;-25,461939;-49,186839;2025-03-14 23:20:00.0;0,00
PINHAIS;411915207A;PR;Weiss¢polis;-25,461939;-49,186839;2025-03-15 00:20:00.0;0,00
PINHAIS;411915207A;PR;Weiss¢polis;-25,461939;-49,186839;2025-03-15 01:20:00.0;0,00
PINHAIS;411915207A;PR;Weiss¢polis;-25,461939;-49,186839;2025-03-15 02:20:00.0;0,00
PINHAIS;411915207A;PR;Weiss¢polis;-25,461939;-49,186839;2025-03-15 03:20:00.0;0,00
PINHAIS;411915207A;PR;Weiss¢polis;-25,461939;-49,186839;2025-03-15 04:20:00.0;0,00
PINHAIS;411915207A;PR;Weiss¢polis;-25,461939;-49,186839;2025-03-15 05:20:00.0;0,00
PINHAIS;411915207A;PR;Weiss¢polis;-25,461939;-49,186839;2025-03-15 06:20:00.0;0,00
PINHAIS;411915207A;PR;Weiss¢polis;-25,461939;-49,186839;2025-03-15 07:20:00.0;0,00
PINHAIS;411915207A;PR;Weiss¢polis;-25,461939;-49,186839;2025-03-15 08:20:00.0;0,00
PINHAIS;411915207A;PR;Weiss¢polis;-25,461939;-49,186839;2025-03-15 09:20:00.0;0,00
PINHAIS;411915207A;PR;Weiss¢polis;-25,461939;-49,186839;2025-03-15 10:20:00.0;0,00
PINHAIS;411915207A;PR;Weiss¢polis;-25,461939;-49,186839;2025-03-15 11:20:00.0;0,00
PINHAIS;411915207A;PR;Weiss¢polis;-25,461939;-49,186839;2025-03-15 12:20:00.0;0,00
PINHAIS;411915207A;PR;Weiss¢polis;-25,461939;-49,186839;2025-03-15 13:20:00.0;0,00
PINHAIS;411915207A;PR;Weiss¢polis;-25,461939;-49,186839;2025-03-15 14:20:00.0;0,00
PINHAIS;411915207A;PR;Weiss¢polis;-25,461939;-49,186839;2025-03-15 15:20:00.0;0,00
PINHAIS;411915207A;PR;Weiss¢polis;-25,461939;-49,186839;2025-03-15 16:20:00.0;0,00
PINHAIS;411915207A;PR;Weiss¢polis;-25,461939;-49,186839;2025-03-15 17:20:00.0;0,00
PINHAIS;411915207A;PR;Weiss¢polis;-25,461939;-49,186839;2025-03-15 18:20:00.0;0,00
PINHAIS;411915207A;PR;Weiss¢polis;-25,461939;-49,186839;2025-03-15 19:20:00.0;0,59
PINHAIS;411915207A;PR;Weiss¢polis;-25,461939;-49,186839;2025-03-15 19:40:00.0;0,20
PINHAIS;411915207A;PR;Weiss¢polis;-25,461939;-49,186839;2025-03-15 19:50:00.0;0,59
PINHAIS;411915207A;PR;Weiss¢polis;-25,461939;-49,186839;2025-03-15 20:00:00.0;0,20
PINHAIS;411915207A;PR;Weiss¢polis;-25,461939;-49,186839;2025-03-15 20:20:00.0;0,00
PINHAIS;411915207A;PR;Weiss¢polis;-25,461939;-49,186839;2025-03-15 21:20:00.0;0,00
PINHAIS;411915207A;PR;Weiss¢polis;-25,461939;-49,186839;2025-03-15 22:20:00.0;0,00
PINHAIS;411915207A;PR;Weiss¢polis;-25,461939;-49,186839;2025-03-15 23:20:00.0;0,20
PINHAIS;411915207A;PR;Weiss¢polis;-25,461939;-49,186839;2025-03-16 00:20:00.0;0,00
PINHAIS;411915207A;PR;Weiss¢polis;-25,461939;-49,186839;2025-03-16 01:20:00.0;0,00
PINHAIS;411915207A;PR;Weiss¢polis;-25,461939;-49,186839;2025-03-16 02:20:00.0;0,00
PINHAIS;411915207A;PR;Weiss¢polis;-25,461939;-49,186839;2025-03-16 03:20:00.0;0,00
PINHAIS;411915207A;PR;Weiss¢polis;-25,461939;-49,186839;2025-03-16 03:50:00.0;0,20
PINHAIS;411915207A;PR;Weiss¢polis;-25,461939;-49,186839;2025-03-16 04:10:00.0;0,20
PINHAIS;411915207A;PR;Weiss¢polis;-25,461939;-49,186839;2025-03-16 04:20:00.0;0,00
PINHAIS;411915207A;PR;Weiss¢polis;-25,461939;-49,186839;2025-03-16 05:20:00.0;0,00
PINHAIS;411915207A;PR;Weiss¢polis;-25,461939;-49,186839;2025-03-16 06:20:00.0;0,00
PINHAIS;411915207A;PR;Weiss¢polis;-25,461939;-49,186839;2025-03-16 07:20:00.0;0,00
PINHAIS;411915207A;PR;Weiss¢polis;-25,461939;-49,186839;2025-03-16 08:20:00.0;0,00
PINHAIS;411915207A;PR;Weiss¢polis;-25,461939;-49,186839;2025-03-16 09:20:00.0;0,00
PINHAIS;411915207A;PR;Weiss¢polis;-25,461939;-49,186839;2025-03-16 10:20:00.0;0,00
PINHAIS;411915207A;PR;Weiss¢polis;-25,461939;-49,186839;2025-03-16 11:20:00.0;0,00
PINHAIS;411915207A;PR;Weiss¢polis;-25,461939;-49,186839;2025-03-16 12:20:00.0;0,00
PINHAIS;411915207A;PR;Weiss¢polis;-25,461939;-49,186839;2025-03-16 13:20:00.0;0,00
PINHAIS;411915207A;PR;Weiss¢polis;-25,461939;-49,186839;2025-03-16 14:20:00.0;0,00
PINHAIS;411915207A;PR;Weiss¢polis;-25,461939;-49,186839;2025-03-16 15:20:00.0;0,00
PINHAIS;411915207A;PR;Weiss¢polis;-25,461939;-49,186839;2025-03-16 16:20:00.0;0,00
PINHAIS;411915207A;PR;Weiss¢polis;-25,461939;-49,186839;2025-03-16 17:20:00.0;0,00
PINHAIS;411915207A;PR;Weiss¢polis;-25,461939;-49,186839;2025-03-16 18:20:00.0;0,00
PINHAIS;411915207A;PR;Weiss¢polis;-25,461939;-49,186839;2025-03-16 19:20:00.0;0,00
PINHAIS;411915207A;PR;Weiss¢polis;-25,461939;-49,186839;2025-03-16 20:20:00.0;0,00
PINHAIS;411915207A;PR;Weiss¢polis;-25,461939;-49,186839;2025-03-16 21:20:00.0;0,00
PINHAIS;411915207A;PR;Weiss¢polis;-25,461939;-49,186839;2025-03-16 22:20:00.0;0,00
PINHAIS;411915207A;PR;Weiss¢polis;-25,461939;-49,186839;2025-03-16 23:20:00.0;0,00
PINHAIS;411915207A;PR;Weiss¢polis;-25,461939;-49,186839;2025-03-17 00:20:00.0;0,00
PINHAIS;411915207A;PR;Weiss¢polis;-25,461939;-49,186839;2025-03-17 01:20:00.0;0,00
PINHAIS;411915207A;PR;Weiss¢polis;-25,461939;-49,186839;2025-03-17 02:20:00.0;0,00
PINHAIS;411915207A;PR;Weiss¢polis;-25,461939;-49,186839;2025-03-17 03:20:00.0;0,00
PINHAIS;411915207A;PR;Weiss¢polis;-25,461939;-49,186839;2025-03-17 04:20:00.0;0,00
PINHAIS;411915207A;PR;Weiss¢polis;-25,461939;-49,186839;2025-03-17 05:20:00.0;0,00
PINHAIS;411915207A;PR;Weiss¢polis;-25,461939;-49,186839;2025-03-17 06:20:00.0;0,00
PINHAIS;411915207A;PR;Weiss¢polis;-25,461939;-49,186839;2025-03-17 07:20:00.0;0,00
PINHAIS;411915207A;PR;Weiss¢polis;-25,461939;-49,186839;2025-03-17 08:20:00.0;0,00
PINHAIS;411915207A;PR;Weiss¢polis;-25,461939;-49,186839;2025-03-17 09:20:00.0;0,00
PINHAIS;411915207A;PR;Weiss¢polis;-25,461939;-49,186839;2025-03-17 10:20:00.0;0,00
PINHAIS;411915207A;PR;Weiss¢polis;-25,461939;-49,186839;2025-03-17 11:20:00.0;0,00
PINHAIS;411915207A;PR;Weiss¢polis;-25,461939;-49,186839;2025-03-17 12:20:00.0;0,00
PINHAIS;411915207A;PR;Weiss¢polis;-25,461939;-49,186839;2025-03-17 13:20:00.0;0,00
PINHAIS;411915207A;PR;Weiss¢polis;-25,461939;-49,186839;2025-03-17 14:20:00.0;0,00
PINHAIS;411915207A;PR;Weiss¢polis;-25,461939;-49,186839;2025-03-17 15:20:00.0;0,00
PINHAIS;411915207A;PR;Weiss¢polis;-25,461939;-49,186839;2025-03-17 16:20:00.0;0,00
PINHAIS;411915207A;PR;Weiss¢polis;-25,461939;-49,186839;2025-03-17 17:20:00.0;0,00
PINHAIS;411915207A;PR;Weiss¢polis;-25,461939;-49,186839;2025-03-17 18:20:00.0;0,00
PINHAIS;411915207A;PR;Weiss¢polis;-25,461939;-49,186839;2025-03-17 19:20:00.0;0,00
PINHAIS;411915207A;PR;Weiss¢polis;-25,461939;-49,186839;2025-03-17 20:20:00.0;0,00
PINHAIS;411915207A;PR;Weiss¢polis;-25,461939;-49,186839;2025-03-17 21:20:00.0;0,00
PINHAIS;411915207A;PR;Weiss¢polis;-25,461939;-49,186839;2025-03-17 22:20:00.0;0,00
PINHAIS;411915207A;PR;Weiss¢polis;-25,461939;-49,186839;2025-03-17 23:20:00.0;0,00
PINHAIS;411915207A;PR;Weiss¢polis;-25,461939;-49,186839;2025-03-18 00:20:00.0;0,00
PINHAIS;411915207A;PR;Weiss¢polis;-25,461939;-49,186839;2025-03-18 01:20:00.0;0,00
PINHAIS;411915207A;PR;Weiss¢polis;-25,461939;-49,186839;2025-03-18 02:20:00.0;0,00
PINHAIS;411915207A;PR;Weiss¢polis;-25,461939;-49,186839;2025-03-18 03:20:00.0;0,00
PINHAIS;411915207A;PR;Weiss¢polis;-25,461939;-49,186839;2025-03-18 04:20:00.0;0,00
PINHAIS;411915207A;PR;Weiss¢polis;-25,461939;-49,186839;2025-03-18 05:20:00.0;0,00
PINHAIS;411915207A;PR;Weiss¢polis;-25,461939;-49,186839;2025-03-18 06:20:00.0;0,00
PINHAIS;411915207A;PR;Weiss¢polis;-25,461939;-49,186839;2025-03-18 07:20:00.0;0,00
PINHAIS;411915207A;PR;Weiss¢polis;-25,461939;-49,186839;2025-03-18 08:20:00.0;0,00
PINHAIS;411915207A;PR;Weiss¢polis;-25,461939;-49,186839;2025-03-18 09:20:00.0;0,00
PINHAIS;411915207A;PR;Weiss¢polis;-25,461939;-49,186839;2025-03-18 10:20:00.0;0,00
PINHAIS;411915207A;PR;Weiss¢polis;-25,461939;-49,186839;2025-03-18 11:20:00.0;0,00
PINHAIS;411915207A;PR;Weiss¢polis;-25,461939;-49,186839;2025-03-18 12:20:00.0;0,00
PINHAIS;411915207A;PR;Weiss¢polis;-25,461939;-49,186839;2025-03-18 13:20:00.0;0,00
PINHAIS;411915207A;PR;Weiss¢polis;-25,461939;-49,186839;2025-03-18 14:20:00.0;0,00
PINHAIS;411915207A;PR;Weiss¢polis;-25,461939;-49,186839;2025-03-18 15:20:00.0;0,00
PINHAIS;411915207A;PR;Weiss¢polis;-25,461939;-49,186839;2025-03-18 16:20:00.0;0,00
PINHAIS;411915207A;PR;Weiss¢polis;-25,461939;-49,186839;2025-03-18 17:20:00.0;0,00
PINHAIS;411915207A;PR;Weiss¢polis;-25,461939;-49,186839;2025-03-18 18:20:00.0;0,00
PINHAIS;411915207A;PR;Weiss¢polis;-25,461939;-49,186839;2025-03-18 19:00:00.0;0,20
PINHAIS;411915207A;PR;Weiss¢polis;-25,461939;-49,186839;2025-03-18 19:10:00.0;0,20
PINHAIS;411915207A;PR;Weiss¢polis;-25,461939;-49,186839;2025-03-18 19:20:00.0;0,20
PINHAIS;411915207A;PR;Weiss¢polis;-25,461939;-49,186839;2025-03-18 19:30:00.0;0,39
PINHAIS;411915207A;PR;Weiss¢polis;-25,461939;-49,186839;2025-03-18 19:40:00.0;0,39
PINHAIS;411915207A;PR;Weiss¢polis;-25,461939;-49,186839;2025-03-18 19:50:00.0;0,42
PINHAIS;411915207A;PR;Weiss¢polis;-25,461939;-49,186839;2025-03-18 20:20:00.0;0,00
PINHAIS;411915207A;PR;Weiss¢polis;-25,461939;-49,186839;2025-03-18 21:20:00.0;0,00
PINHAIS;411915207A;PR;Weiss¢polis;-25,461939;-49,186839;2025-03-18 22:20:00.0;0,00
PINHAIS;411915207A;PR;Weiss¢polis;-25,461939;-49,186839;2025-03-18 23:20:00.0;0,00
PINHAIS;411915207A;PR;Weiss¢polis;-25,461939;-49,186839;2025-03-19 00:20:00.0;0,00
PINHAIS;411915207A;PR;Weiss¢polis;-25,461939;-49,186839;2025-03-19 01:20:00.0;0,00
PINHAIS;411915207A;PR;Weiss¢polis;-25,461939;-49,186839;2025-03-19 02:20:00.0;0,00
PINHAIS;411915207A;PR;Weiss¢polis;-25,461939;-49,186839;2025-03-19 03:20:00.0;0,00
PINHAIS;411915207A;PR;Weiss¢polis;-25,461939;-49,186839;2025-03-19 04:20:00.0;0,00
PINHAIS;411915207A;PR;Weiss¢polis;-25,461939;-49,186839;2025-03-19 05:20:00.0;0,00
PINHAIS;411915207A;PR;Weiss¢polis;-25,461939;-49,186839;2025-03-19 06:20:00.0;0,00
PINHAIS;411915207A;PR;Weiss¢polis;-25,461939;-49,186839;2025-03-19 07:20:00.0;0,00
PINHAIS;411915207A;PR;Weiss¢polis;-25,461939;-49,186839;2025-03-19 08:20:00.0;0,00
PINHAIS;411915207A;PR;Weiss¢polis;-25,461939;-49,186839;2025-03-19 09:20:00.0;0,00
PINHAIS;411915207A;PR;Weiss¢polis;-25,461939;-49,186839;2025-03-19 10:20:00.0;0,00
PINHAIS;411915207A;PR;Weiss¢polis;-25,461939;-49,186839;2025-03-19 11:20:00.0;0,00
PINHAIS;411915207A;PR;Weiss¢polis;-25,461939;-49,186839;2025-03-19 12:20:00.0;0,00
PINHAIS;411915207A;PR;Weiss¢polis;-25,461939;-49,186839;2025-03-19 13:20:00.0;0,00
PINHAIS;411915207A;PR;Weiss¢polis;-25,461939;-49,186839;2025-03-19 14:20:00.0;0,00
PINHAIS;411915207A;PR;Weiss¢polis;-25,461939;-49,186839;2025-03-19 15:20:00.0;0,00
PINHAIS;411915207A;PR;Weiss¢polis;-25,461939;-49,186839;2025-03-19 16:20:00.0;0,00
PINHAIS;411915207A;PR;Weiss¢polis;-25,461939;-49,186839;2025-03-19 17:20:00.0;0,00
PINHAIS;411915207A;PR;Weiss¢polis;-25,461939;-49,186839;2025-03-19 18:20:00.0;0,00
PINHAIS;411915207A;PR;Weiss¢polis;-25,461939;-49,186839;2025-03-19 19:20:00.0;0,00
PINHAIS;411915207A;PR;Weiss¢polis;-25,461939;-49,186839;2025-03-19 20:20:00.0;0,00
PINHAIS;411915207A;PR;Weiss¢polis;-25,461939;-49,186839;2025-03-19 21:20:00.0;0,00
PINHAIS;411915207A;PR;Weiss¢polis;-25,461939;-49,186839;2025-03-19 22:20:00.0;0,00
PINHAIS;411915207A;PR;Weiss¢polis;-25,461939;-49,186839;2025-03-19 23:20:00.0;0,00
PINHAIS;411915207A;PR;Weiss¢polis;-25,461939;-49,186839;2025-03-20 00:20:00.0;0,00
PINHAIS;411915207A;PR;Weiss¢polis;-25,461939;-49,186839;2025-03-20 01:20:00.0;0,00
PINHAIS;411915207A;PR;Weiss¢polis;-25,461939;-49,186839;2025-03-20 02:20:00.0;0,00
PINHAIS;411915207A;PR;Weiss¢polis;-25,461939;-49,186839;2025-03-20 03:20:00.0;0,00
PINHAIS;411915207A;PR;Weiss¢polis;-25,461939;-49,186839;2025-03-20 04:20:00.0;0,00
PINHAIS;411915207A;PR;Weiss¢polis;-25,461939;-49,186839;2025-03-20 05:20:00.0;0,00
PINHAIS;411915207A;PR;Weiss¢polis;-25,461939;-49,186839;2025-03-20 06:20:00.0;0,00
PINHAIS;411915207A;PR;Weiss¢polis;-25,461939;-49,186839;2025-03-20 07:20:00.0;0,00
PINHAIS;411915207A;PR;Weiss¢polis;-25,461939;-49,186839;2025-03-20 08:20:00.0;0,00
PINHAIS;411915207A;PR;Weiss¢polis;-25,461939;-49,186839;2025-03-20 09:20:00.0;0,00
PINHAIS;411915207A;PR;Weiss¢polis;-25,461939;-49,186839;2025-03-20 10:20:00.0;0,00
PINHAIS;411915207A;PR;Weiss¢polis;-25,461939;-49,186839;2025-03-20 11:20:00.0;0,00
PINHAIS;411915207A;PR;Weiss¢polis;-25,461939;-49,186839;2025-03-20 12:20:00.0;0,00
PINHAIS;411915207A;PR;Weiss¢polis;-25,461939;-49,186839;2025-03-20 13:20:00.0;0,00
PINHAIS;411915207A;PR;Weiss¢polis;-25,461939;-49,186839;2025-03-20 14:20:00.0;0,00
PINHAIS;411915207A;PR;Weiss¢polis;-25,461939;-49,186839;2025-03-20 15:20:00.0;0,00
PINHAIS;411915207A;PR;Weiss¢polis;-25,461939;-49,186839;2025-03-20 16:20:00.0;0,00
PINHAIS;411915207A;PR;Weiss¢polis;-25,461939;-49,186839;2025-03-20 17:20:00.0;0,00
PINHAIS;411915207A;PR;Weiss¢polis;-25,461939;-49,186839;2025-03-20 18:20:00.0;0,00
PINHAIS;411915207A;PR;Weiss¢polis;-25,461939;-49,186839;2025-03-20 19:20:00.0;0,00
PINHAIS;411915207A;PR;Weiss¢polis;-25,461939;-49,186839;2025-03-20 20:20:00.0;0,00
PINHAIS;411915207A;PR;Weiss¢polis;-25,461939;-49,186839;2025-03-20 21:20:00.0;0,00
PINHAIS;411915207A;PR;Weiss¢polis;-25,461939;-49,186839;2025-03-20 22:20:00.0;0,00
PINHAIS;411915207A;PR;Weiss¢polis;-25,461939;-49,186839;2025-03-20 23:20:00.0;0,00
PINHAIS;411915207A;PR;Weiss¢polis;-25,461939;-49,186839;2025-03-21 00:20:00.0;0,00
PINHAIS;411915207A;PR;Weiss¢polis;-25,461939;-49,186839;2025-03-21 01:20:00.0;0,00
PINHAIS;411915207A;PR;Weiss¢polis;-25,461939;-49,186839;2025-03-21 02:20:00.0;0,00
PINHAIS;411915207A;PR;Weiss¢polis;-25,461939;-49,186839;2025-03-21 03:20:00.0;0,00
PINHAIS;411915207A;PR;Weiss¢polis;-25,461939;-49,186839;2025-03-21 04:20:00.0;0,00
PINHAIS;411915207A;PR;Weiss¢polis;-25,461939;-49,186839;2025-03-21 05:20:00.0;0,00
PINHAIS;411915207A;PR;Weiss¢polis;-25,461939;-49,186839;2025-03-21 06:20:00.0;0,00
PINHAIS;411915207A;PR;Weiss¢polis;-25,461939;-49,186839;2025-03-21 07:20:00.0;0,00
PINHAIS;411915207A;PR;Weiss¢polis;-25,461939;-49,186839;2025-03-21 08:20:00.0;0,00
PINHAIS;411915207A;PR;Weiss¢polis;-25,461939;-49,186839;2025-03-21 09:20:00.0;0,00
PINHAIS;411915207A;PR;Weiss¢polis;-25,461939;-49,186839;2025-03-21 10:20:00.0;0,00
PINHAIS;411915207A;PR;Weiss¢polis;-25,461939;-49,186839;2025-03-21 11:20:00.0;0,00
PINHAIS;411915207A;PR;Weiss¢polis;-25,461939;-49,186839;2025-03-21 12:20:00.0;0,00
PINHAIS;411915207A;PR;Weiss¢polis;-25,461939;-49,186839;2025-03-21 13:20:00.0;0,00
PINHAIS;411915207A;PR;Weiss¢polis;-25,461939;-49,186839;2025-03-21 14:20:00.0;0,00
PINHAIS;411915207A;PR;Weiss¢polis;-25,461939;-49,186839;2025-03-21 15:20:00.0;0,00
PINHAIS;411915207A;PR;Weiss¢polis;-25,461939;-49,186839;2025-03-21 16:20:00.0;0,00
PINHAIS;411915207A;PR;Weiss¢polis;-25,461939;-49,186839;2025-03-21 17:20:00.0;0,00
PINHAIS;411915207A;PR;Weiss¢polis;-25,461939;-49,186839;2025-03-21 18:20:00.0;0,00
PINHAIS;411915207A;PR;Weiss¢polis;-25,461939;-49,186839;2025-03-21 19:20:00.0;0,00
PINHAIS;411915207A;PR;Weiss¢polis;-25,461939;-49,186839;2025-03-21 20:20:00.0;0,00
PINHAIS;411915207A;PR;Weiss¢polis;-25,461939;-49,186839;2025-03-21 21:20:00.0;0,00
PINHAIS;411915207A;PR;Weiss¢polis;-25,461939;-49,186839;2025-03-21 22:20:00.0;0,00
PINHAIS;411915207A;PR;Weiss¢polis;-25,461939;-49,186839;2025-03-21 23:20:00.0;0,00
PINHAIS;411915207A;PR;Weiss¢polis;-25,461939;-49,186839;2025-03-22 00:20:00.0;0,00
PINHAIS;411915207A;PR;Weiss¢polis;-25,461939;-49,186839;2025-03-22 01:20:00.0;0,00
PINHAIS;411915207A;PR;Weiss¢polis;-25,461939;-49,186839;2025-03-22 02:20:00.0;0,00
PINHAIS;411915207A;PR;Weiss¢polis;-25,461939;-49,186839;2025-03-22 03:20:00.0;0,00
PINHAIS;411915207A;PR;Weiss¢polis;-25,461939;-49,186839;2025-03-22 04:20:00.0;0,00
PINHAIS;411915207A;PR;Weiss¢polis;-25,461939;-49,186839;2025-03-22 05:20:00.0;0,00
PINHAIS;411915207A;PR;Weiss¢polis;-25,461939;-49,186839;2025-03-22 06:20:00.0;0,00
PINHAIS;411915207A;PR;Weiss¢polis;-25,461939;-49,186839;2025-03-22 07:20:00.0;0,00
PINHAIS;411915207A;PR;Weiss¢polis;-25,461939;-49,186839;2025-03-22 08:20:00.0;0,00
PINHAIS;411915207A;PR;Weiss¢polis;-25,461939;-49,186839;2025-03-22 09:20:00.0;0,00
PINHAIS;411915207A;PR;Weiss¢polis;-25,461939;-49,186839;2025-03-22 10:20:00.0;0,00
PINHAIS;411915207A;PR;Weiss¢polis;-25,461939;-49,186839;2025-03-22 11:20:00.0;0,00
PINHAIS;411915207A;PR;Weiss¢polis;-25,461939;-49,186839;2025-03-22 12:20:00.0;0,00
PINHAIS;411915207A;PR;Weiss¢polis;-25,461939;-49,186839;2025-03-22 13:20:00.0;0,00
PINHAIS;411915207A;PR;Weiss¢polis;-25,461939;-49,186839;2025-03-22 14:20:00.0;0,00
PINHAIS;411915207A;PR;Weiss¢polis;-25,461939;-49,186839;2025-03-22 15:20:00.0;0,00
PINHAIS;411915207A;PR;Weiss¢polis;-25,461939;-49,186839;2025-03-22 16:20:00.0;0,00
PINHAIS;411915207A;PR;Weiss¢polis;-25,461939;-49,186839;2025-03-22 17:20:00.0;0,00
PINHAIS;411915207A;PR;Weiss¢polis;-25,461939;-49,186839;2025-03-22 18:20:00.0;0,00
PINHAIS;411915207A;PR;Weiss¢polis;-25,461939;-49,186839;2025-03-22 19:20:00.0;0,00
PINHAIS;411915207A;PR;Weiss¢polis;-25,461939;-49,186839;2025-03-22 20:20:00.0;0,00
PINHAIS;411915207A;PR;Weiss¢polis;-25,461939;-49,186839;2025-03-22 21:20:00.0;0,00
PINHAIS;411915207A;PR;Weiss¢polis;-25,461939;-49,186839;2025-03-22 22:20:00.0;0,00
PINHAIS;411915207A;PR;Weiss¢polis;-25,461939;-49,186839;2025-03-22 23:20:00.0;0,00
PINHAIS;411915207A;PR;Weiss¢polis;-25,461939;-49,186839;2025-03-23 00:20:00.0;0,00
PINHAIS;411915207A;PR;Weiss¢polis;-25,461939;-49,186839;2025-03-23 01:20:00.0;0,00
PINHAIS;411915207A;PR;Weiss¢polis;-25,461939;-49,186839;2025-03-23 02:20:00.0;0,00
PINHAIS;411915207A;PR;Weiss¢polis;-25,461939;-49,186839;2025-03-23 03:20:00.0;0,00
PINHAIS;411915207A;PR;Weiss¢polis;-25,461939;-49,186839;2025-03-23 04:20:00.0;0,00
PINHAIS;411915207A;PR;Weiss¢polis;-25,461939;-49,186839;2025-03-23 05:20:00.0;0,00
PINHAIS;411915207A;PR;Weiss¢polis;-25,461939;-49,186839;2025-03-23 06:20:00.0;0,00
PINHAIS;411915207A;PR;Weiss¢polis;-25,461939;-49,186839;2025-03-23 07:20:00.0;0,00
PINHAIS;411915207A;PR;Weiss¢polis;-25,461939;-49,186839;2025-03-23 08:20:00.0;0,00
PINHAIS;411915207A;PR;Weiss¢polis;-25,461939;-49,186839;2025-03-23 09:20:00.0;0,00
PINHAIS;411915207A;PR;Weiss¢polis;-25,461939;-49,186839;2025-03-23 10:20:00.0;0,00
PINHAIS;411915207A;PR;Weiss¢polis;-25,461939;-49,186839;2025-03-23 11:20:00.0;0,00
PINHAIS;411915207A;PR;Weiss¢polis;-25,461939;-49,186839;2025-03-23 12:20:00.0;0,00
PINHAIS;411915207A;PR;Weiss¢polis;-25,461939;-49,186839;2025-03-23 13:20:00.0;0,00
PINHAIS;411915207A;PR;Weiss¢polis;-25,461939;-49,186839;2025-03-23 14:20:00.0;0,00
PINHAIS;411915207A;PR;Weiss¢polis;-25,461939;-49,186839;2025-03-23 15:20:00.0;0,00
PINHAIS;411915207A;PR;Weiss¢polis;-25,461939;-49,186839;2025-03-23 16:20:00.0;0,00
PINHAIS;411915207A;PR;Weiss¢polis;-25,461939;-49,186839;2025-03-23 17:20:00.0;0,00
PINHAIS;411915207A;PR;Weiss¢polis;-25,461939;-49,186839;2025-03-23 18:20:00.0;0,00
PINHAIS;411915207A;PR;Weiss¢polis;-25,461939;-49,186839;2025-03-23 19:20:00.0;0,00
PINHAIS;411915207A;PR;Weiss¢polis;-25,461939;-49,186839;2025-03-23 20:20:00.0;0,00
PINHAIS;411915207A;PR;Weiss¢polis;-25,461939;-49,186839;2025-03-23 21:20:00.0;0,00
PINHAIS;411915207A;PR;Weiss¢polis;-25,461939;-49,186839;2025-03-23 22:20:00.0;0,00
PINHAIS;411915207A;PR;Weiss¢polis;-25,461939;-49,186839;2025-03-23 23:20:00.0;0,00
PINHAIS;411915207A;PR;Weiss¢polis;-25,461939;-49,186839;2025-03-24 00:20:00.0;0,00
PINHAIS;411915207A;PR;Weiss¢polis;-25,461939;-49,186839;2025-03-24 01:20:00.0;0,00
PINHAIS;411915207A;PR;Weiss¢polis;-25,461939;-49,186839;2025-03-24 02:20:00.0;0,00
PINHAIS;411915207A;PR;Weiss¢polis;-25,461939;-49,186839;2025-03-24 03:20:00.0;0,00
PINHAIS;411915207A;PR;Weiss¢polis;-25,461939;-49,186839;2025-03-24 04:20:00.0;0,00
PINHAIS;411915207A;PR;Weiss¢polis;-25,461939;-49,186839;2025-03-24 05:20:00.0;0,00
PINHAIS;411915207A;PR;Weiss¢polis;-25,461939;-49,186839;2025-03-24 06:20:00.0;0,00
PINHAIS;411915207A;PR;Weiss¢polis;-25,461939;-49,186839;2025-03-24 07:20:00.0;0,00
PINHAIS;411915207A;PR;Weiss¢polis;-25,461939;-49,186839;2025-03-24 08:20:00.0;0,00
PINHAIS;411915207A;PR;Weiss¢polis;-25,461939;-49,186839;2025-03-24 09:20:00.0;0,00
PINHAIS;411915207A;PR;Weiss¢polis;-25,461939;-49,186839;2025-03-24 10:20:00.0;0,00
PINHAIS;411915207A;PR;Weiss¢polis;-25,461939;-49,186839;2025-03-24 11:20:00.0;0,00
PINHAIS;411915207A;PR;Weiss¢polis;-25,461939;-49,186839;2025-03-24 12:20:00.0;0,00
PINHAIS;411915207A;PR;Weiss¢polis;-25,461939;-49,186839;2025-03-24 13:20:00.0;0,00
PINHAIS;411915207A;PR;Weiss¢polis;-25,461939;-49,186839;2025-03-24 14:20:00.0;0,00
PINHAIS;411915207A;PR;Weiss¢polis;-25,461939;-49,186839;2025-03-24 15:20:00.0;0,00
PINHAIS;411915207A;PR;Weiss¢polis;-25,461939;-49,186839;2025-03-24 16:20:00.0;0,00
PINHAIS;411915207A;PR;Weiss¢polis;-25,461939;-49,186839;2025-03-24 17:20:00.0;0,00
PINHAIS;411915207A;PR;Weiss¢polis;-25,461939;-49,186839;2025-03-24 18:20:00.0;0,00
PINHAIS;411915207A;PR;Weiss¢polis;-25,461939;-49,186839;2025-03-24 19:20:00.0;0,00
PINHAIS;411915207A;PR;Weiss¢polis;-25,461939;-49,186839;2025-03-24 20:20:00.0;0,00
PINHAIS;411915207A;PR;Weiss¢polis;-25,461939;-49,186839;2025-03-24 21:20:00.0;0,00
PINHAIS;411915207A;PR;Weiss¢polis;-25,461939;-49,186839;2025-03-24 22:20:00.0;0,00
PINHAIS;411915207A;PR;Weiss¢polis;-25,461939;-49,186839;2025-03-24 23:20:00.0;0,00
PINHAIS;411915207A;PR;Weiss¢polis;-25,461939;-49,186839;2025-03-25 00:20:00.0;0,00
PINHAIS;411915207A;PR;Weiss¢polis;-25,461939;-49,186839;2025-03-25 01:20:00.0;0,00
PINHAIS;411915207A;PR;Weiss¢polis;-25,461939;-49,186839;2025-03-25 02:20:00.0;0,00
PINHAIS;411915207A;PR;Weiss¢polis;-25,461939;-49,186839;2025-03-25 03:20:00.0;0,00
PINHAIS;411915207A;PR;Weiss¢polis;-25,461939;-49,186839;2025-03-25 04:20:00.0;0,00
PINHAIS;411915207A;PR;Weiss¢polis;-25,461939;-49,186839;2025-03-25 05:20:00.0;0,00
PINHAIS;411915207A;PR;Weiss¢polis;-25,461939;-49,186839;2025-03-25 06:20:00.0;0,00
PINHAIS;411915207A;PR;Weiss¢polis;-25,461939;-49,186839;2025-03-25 07:20:00.0;0,00
PINHAIS;411915207A;PR;Weiss¢polis;-25,461939;-49,186839;2025-03-25 08:20:00.0;0,39
PINHAIS;411915207A;PR;Weiss¢polis;-25,461939;-49,186839;2025-03-25 09:20:00.0;0,00
PINHAIS;411915207A;PR;Weiss¢polis;-25,461939;-49,186839;2025-03-25 10:20:00.0;0,00
PINHAIS;411915207A;PR;Weiss¢polis;-25,461939;-49,186839;2025-03-25 11:20:00.0;0,00
PINHAIS;411915207A;PR;Weiss¢polis;-25,461939;-49,186839;2025-03-25 12:20:00.0;0,00
PINHAIS;411915207A;PR;Weiss¢polis;-25,461939;-49,186839;2025-03-25 13:20:00.0;0,00
PINHAIS;411915207A;PR;Weiss¢polis;-25,461939;-49,186839;2025-03-25 14:20:00.0;0,00
PINHAIS;411915207A;PR;Weiss¢polis;-25,461939;-49,186839;2025-03-25 14:30:00.0;0,20
PINHAIS;411915207A;PR;Weiss¢polis;-25,461939;-49,186839;2025-03-25 15:20:00.0;0,00
PINHAIS;411915207A;PR;Weiss¢polis;-25,461939;-49,186839;2025-03-25 16:20:00.0;0,00
PINHAIS;411915207A;PR;Weiss¢polis;-25,461939;-49,186839;2025-03-25 17:20:00.0;0,00
PINHAIS;411915207A;PR;Weiss¢polis;-25,461939;-49,186839;2025-03-25 18:20:00.0;0,00
PINHAIS;411915207A;PR;Weiss¢polis;-25,461939;-49,186839;2025-03-25 19:20:00.0;0,00
PINHAIS;411915207A;PR;Weiss¢polis;-25,461939;-49,186839;2025-03-25 20:20:00.0;0,00
PINHAIS;411915207A;PR;Weiss¢polis;-25,461939;-49,186839;2025-03-25 21:20:00.0;0,00
PINHAIS;411915207A;PR;Weiss¢polis;-25,461939;-49,186839;2025-03-25 22:20:00.0;0,00
PINHAIS;411915207A;PR;Weiss¢polis;-25,461939;-49,186839;2025-03-25 23:20:00.0;0,00
PINHAIS;411915207A;PR;Weiss¢polis;-25,461939;-49,186839;2025-03-26 00:20:00.0;0,00
PINHAIS;411915207A;PR;Weiss¢polis;-25,461939;-49,186839;2025-03-26 01:20:00.0;0,00
PINHAIS;411915207A;PR;Weiss¢polis;-25,461939;-49,186839;2025-03-26 02:20:00.0;0,00
PINHAIS;411915207A;PR;Weiss¢polis;-25,461939;-49,186839;2025-03-26 03:10:00.0;0,20
PINHAIS;411915207A;PR;Weiss¢polis;-25,461939;-49,186839;2025-03-26 03:20:00.0;0,39
PINHAIS;411915207A;PR;Weiss¢polis;-25,461939;-49,186839;2025-03-26 03:30:00.0;0,20
PINHAIS;411915207A;PR;Weiss¢polis;-25,461939;-49,186839;2025-03-26 03:40:00.0;0,20
PINHAIS;411915207A;PR;Weiss¢polis;-25,461939;-49,186839;2025-03-26 03:50:00.0;0,20
PINHAIS;411915207A;PR;Weiss¢polis;-25,461939;-49,186839;2025-03-26 04:00:00.0;0,20
PINHAIS;411915207A;PR;Weiss¢polis;-25,461939;-49,186839;2025-03-26 04:10:00.0;0,39
PINHAIS;411915207A;PR;Weiss¢polis;-25,461939;-49,186839;2025-03-26 04:20:00.0;0,20
PINHAIS;411915207A;PR;Weiss¢polis;-25,461939;-49,186839;2025-03-26 04:30:00.0;0,59
PINHAIS;411915207A;PR;Weiss¢polis;-25,461939;-49,186839;2025-03-26 04:40:00.0;0,20
PINHAIS;411915207A;PR;Weiss¢polis;-25,461939;-49,186839;2025-03-26 04:50:00.0;0,20
PINHAIS;411915207A;PR;Weiss¢polis;-25,461939;-49,186839;2025-03-26 05:20:00.0;0,00
PINHAIS;411915207A;PR;Weiss¢polis;-25,461939;-49,186839;2025-03-26 06:20:00.0;0,00
PINHAIS;411915207A;PR;Weiss¢polis;-25,461939;-49,186839;2025-03-26 07:20:00.0;0,00
PINHAIS;411915207A;PR;Weiss¢polis;-25,461939;-49,186839;2025-03-26 08:20:00.0;0,00
PINHAIS;411915207A;PR;Weiss¢polis;-25,461939;-49,186839;2025-03-26 09:20:00.0;0,00
PINHAIS;411915207A;PR;Weiss¢polis;-25,461939;-49,186839;2025-03-26 10:20:00.0;0,00
PINHAIS;411915207A;PR;Weiss¢polis;-25,461939;-49,186839;2025-03-26 11:20:00.0;0,00
PINHAIS;411915207A;PR;Weiss¢polis;-25,461939;-49,186839;2025-03-26 12:20:00.0;0,00
PINHAIS;411915207A;PR;Weiss¢polis;-25,461939;-49,186839;2025-03-26 13:20:00.0;0,00
PINHAIS;411915207A;PR;Weiss¢polis;-25,461939;-49,186839;2025-03-26 14:20:00.0;0,00
PINHAIS;411915207A;PR;Weiss¢polis;-25,461939;-49,186839;2025-03-26 15:20:00.0;0,00
PINHAIS;411915207A;PR;Weiss¢polis;-25,461939;-49,186839;2025-03-26 16:20:00.0;0,00
PINHAIS;411915207A;PR;Weiss¢polis;-25,461939;-49,186839;2025-03-26 17:20:00.0;0,00
PINHAIS;411915207A;PR;Weiss¢polis;-25,461939;-49,186839;2025-03-26 18:20:00.0;0,00
PINHAIS;411915207A;PR;Weiss¢polis;-25,461939;-49,186839;2025-03-26 19:20:00.0;0,00
PINHAIS;411915207A;PR;Weiss¢polis;-25,461939;-49,186839;2025-03-26 20:20:00.0;0,00
PINHAIS;411915207A;PR;Weiss¢polis;-25,461939;-49,186839;2025-03-26 21:20:00.0;0,00
PINHAIS;411915207A;PR;Weiss¢polis;-25,461939;-49,186839;2025-03-26 22:20:00.0;0,00
PINHAIS;411915207A;PR;Weiss¢polis;-25,461939;-49,186839;2025-03-26 23:20:00.0;0,00
PINHAIS;411915207A;PR;Weiss¢polis;-25,461939;-49,186839;2025-03-27 00:20:00.0;0,00
PINHAIS;411915207A;PR;Weiss¢polis;-25,461939;-49,186839;2025-03-27 01:20:00.0;0,00
PINHAIS;411915207A;PR;Weiss¢polis;-25,461939;-49,186839;2025-03-27 02:20:00.0;0,00
PINHAIS;411915207A;PR;Weiss¢polis;-25,461939;-49,186839;2025-03-27 03:20:00.0;0,20
PINHAIS;411915207A;PR;Weiss¢polis;-25,461939;-49,186839;2025-03-27 04:20:00.0;0,00
PINHAIS;411915207A;PR;Weiss¢polis;-25,461939;-49,186839;2025-03-27 05:20:00.0;0,00
PINHAIS;411915207A;PR;Weiss¢polis;-25,461939;-49,186839;2025-03-27 06:20:00.0;0,00
PINHAIS;411915207A;PR;Weiss¢polis;-25,461939;-49,186839;2025-03-27 07:20:00.0;0,00
PINHAIS;411915207A;PR;Weiss¢polis;-25,461939;-49,186839;2025-03-27 08:20:00.0;0,00
PINHAIS;411915207A;PR;Weiss¢polis;-25,461939;-49,186839;2025-03-27 09:20:00.0;0,00
PINHAIS;411915207A;PR;Weiss¢polis;-25,461939;-49,186839;2025-03-27 10:20:00.0;0,00
PINHAIS;411915207A;PR;Weiss¢polis;-25,461939;-49,186839;2025-03-27 11:20:00.0;0,00
PINHAIS;411915207A;PR;Weiss¢polis;-25,461939;-49,186839;2025-03-27 12:20:00.0;0,00
PINHAIS;411915207A;PR;Weiss¢polis;-25,461939;-49,186839;2025-03-27 13:20:00.0;0,00
PINHAIS;411915207A;PR;Weiss¢polis;-25,461939;-49,186839;2025-03-27 14:20:00.0;0,00
PINHAIS;411915207A;PR;Weiss¢polis;-25,461939;-49,186839;2025-03-27 14:50:00.0;0,20
PINHAIS;411915207A;PR;Weiss¢polis;-25,461939;-49,186839;2025-03-27 15:20:00.0;0,00
PINHAIS;411915207A;PR;Weiss¢polis;-25,461939;-49,186839;2025-03-27 16:20:00.0;0,00
PINHAIS;411915207A;PR;Weiss¢polis;-25,461939;-49,186839;2025-03-27 17:20:00.0;0,00
PINHAIS;411915207A;PR;Weiss¢polis;-25,461939;-49,186839;2025-03-27 18:20:00.0;0,00
PINHAIS;411915207A;PR;Weiss¢polis;-25,461939;-49,186839;2025-03-27 19:20:00.0;0,00
PINHAIS;411915207A;PR;Weiss¢polis;-25,461939;-49,186839;2025-03-27 20:20:00.0;0,00
PINHAIS;411915207A;PR;Weiss¢polis;-25,461939;-49,186839;2025-03-27 21:20:00.0;0,00
PINHAIS;411915207A;PR;Weiss¢polis;-25,461939;-49,186839;2025-03-27 22:20:00.0;0,00
PINHAIS;411915207A;PR;Weiss¢polis;-25,461939;-49,186839;2025-03-27 23:20:00.0;0,00
PINHAIS;411915207A;PR;Weiss¢polis;-25,461939;-49,186839;2025-03-28 00:20:00.0;0,00
PINHAIS;411915207A;PR;Weiss¢polis;-25,461939;-49,186839;2025-03-28 01:20:00.0;0,00
PINHAIS;411915207A;PR;Weiss¢polis;-25,461939;-49,186839;2025-03-28 02:20:00.0;0,00
PINHAIS;411915207A;PR;Weiss¢polis;-25,461939;-49,186839;2025-03-28 03:20:00.0;0,00
PINHAIS;411915207A;PR;Weiss¢polis;-25,461939;-49,186839;2025-03-28 04:20:00.0;0,00
PINHAIS;411915207A;PR;Weiss¢polis;-25,461939;-49,186839;2025-03-28 05:20:00.0;0,00
PINHAIS;411915207A;PR;Weiss¢polis;-25,461939;-49,186839;2025-03-28 06:20:00.0;0,00
PINHAIS;411915207A;PR;Weiss¢polis;-25,461939;-49,186839;2025-03-28 07:20:00.0;0,00
PINHAIS;411915207A;PR;Weiss¢polis;-25,461939;-49,186839;2025-03-28 08:20:00.0;0,00
PINHAIS;411915207A;PR;Weiss¢polis;-25,461939;-49,186839;2025-03-28 09:20:00.0;0,00
PINHAIS;411915207A;PR;Weiss¢polis;-25,461939;-49,186839;2025-03-28 10:20:00.0;0,00
PINHAIS;411915207A;PR;Weiss¢polis;-25,461939;-49,186839;2025-03-28 11:20:00.0;0,00
PINHAIS;411915207A;PR;Weiss¢polis;-25,461939;-49,186839;2025-03-28 12:20:00.0;0,00
PINHAIS;411915207A;PR;Weiss¢polis;-25,461939;-49,186839;2025-03-28 13:20:00.0;0,00
PINHAIS;411915207A;PR;Weiss¢polis;-25,461939;-49,186839;2025-03-28 14:20:00.0;0,00
PINHAIS;411915207A;PR;Weiss¢polis;-25,461939;-49,186839;2025-03-28 15:20:00.0;0,00
PINHAIS;411915207A;PR;Weiss¢polis;-25,461939;-49,186839;2025-03-28 16:20:00.0;0,00
PINHAIS;411915207A;PR;Weiss¢polis;-25,461939;-49,186839;2025-03-28 17:20:00.0;0,00
PINHAIS;411915207A;PR;Weiss¢polis;-25,461939;-49,186839;2025-03-28 18:20:00.0;0,00
PINHAIS;411915207A;PR;Weiss¢polis;-25,461939;-49,186839;2025-03-28 19:20:00.0;0,00
PINHAIS;411915207A;PR;Weiss¢polis;-25,461939;-49,186839;2025-03-28 20:20:00.0;0,00
PINHAIS;411915207A;PR;Weiss¢polis;-25,461939;-49,186839;2025-03-28 21:20:00.0;0,00
PINHAIS;411915207A;PR;Weiss¢polis;-25,461939;-49,186839;2025-03-28 22:20:00.0;0,00
PINHAIS;411915207A;PR;Weiss¢polis;-25,461939;-49,186839;2025-03-28 23:20:00.0;0,00
PINHAIS;411915207A;PR;Weiss¢polis;-25,461939;-49,186839;2025-03-29 00:20:00.0;0,00
PINHAIS;411915207A;PR;Weiss¢polis;-25,461939;-49,186839;2025-03-29 01:20:00.0;0,00
PINHAIS;411915207A;PR;Weiss¢polis;-25,461939;-49,186839;2025-03-29 02:20:00.0;0,00
PINHAIS;411915207A;PR;Weiss¢polis;-25,461939;-49,186839;2025-03-29 03:20:00.0;0,00
PINHAIS;411915207A;PR;Weiss¢polis;-25,461939;-49,186839;2025-03-29 04:20:00.0;0,00
PINHAIS;411915207A;PR;Weiss¢polis;-25,461939;-49,186839;2025-03-29 05:20:00.0;0,00
PINHAIS;411915207A;PR;Weiss¢polis;-25,461939;-49,186839;2025-03-29 06:20:00.0;0,00
PINHAIS;411915207A;PR;Weiss¢polis;-25,461939;-49,186839;2025-03-29 07:20:00.0;0,00
PINHAIS;411915207A;PR;Weiss¢polis;-25,461939;-49,186839;2025-03-29 08:20:00.0;0,00
PINHAIS;411915207A;PR;Weiss¢polis;-25,461939;-49,186839;2025-03-29 09:20:00.0;0,00
PINHAIS;411915207A;PR;Weiss¢polis;-25,461939;-49,186839;2025-03-29 10:20:00.0;0,00
PINHAIS;411915207A;PR;Weiss¢polis;-25,461939;-49,186839;2025-03-29 11:20:00.0;0,00
PINHAIS;411915207A;PR;Weiss¢polis;-25,461939;-49,186839;2025-03-29 12:20:00.0;0,00
PINHAIS;411915207A;PR;Weiss¢polis;-25,461939;-49,186839;2025-03-29 13:20:00.0;0,00
PINHAIS;411915207A;PR;Weiss¢polis;-25,461939;-49,186839;2025-03-29 14:20:00.0;0,00
PINHAIS;411915207A;PR;Weiss¢polis;-25,461939;-49,186839;2025-03-29 15:20:00.0;0,00
PINHAIS;411915207A;PR;Weiss¢polis;-25,461939;-49,186839;2025-03-29 16:20:00.0;0,00
PINHAIS;411915207A;PR;Weiss¢polis;-25,461939;-49,186839;2025-03-29 17:20:00.0;0,00
PINHAIS;411915207A;PR;Weiss¢polis;-25,461939;-49,186839;2025-03-29 18:20:00.0;0,00
PINHAIS;411915207A;PR;Weiss¢polis;-25,461939;-49,186839;2025-03-29 19:20:00.0;0,00
PINHAIS;411915207A;PR;Weiss¢polis;-25,461939;-49,186839;2025-03-29 20:20:00.0;0,00
PINHAIS;411915207A;PR;Weiss¢polis;-25,461939;-49,186839;2025-03-29 21:20:00.0;0,00
PINHAIS;411915207A;PR;Weiss¢polis;-25,461939;-49,186839;2025-03-29 22:20:00.0;0,00
PINHAIS;411915207A;PR;Weiss¢polis;-25,461939;-49,186839;2025-03-29 23:20:00.0;0,00
PINHAIS;411915207A;PR;Weiss¢polis;-25,461939;-49,186839;2025-03-30 00:20:00.0;0,00
PINHAIS;411915207A;PR;Weiss¢polis;-25,461939;-49,186839;2025-03-30 01:20:00.0;0,00
PINHAIS;411915207A;PR;Weiss¢polis;-25,461939;-49,186839;2025-03-30 02:20:00.0;0,00
PINHAIS;411915207A;PR;Weiss¢polis;-25,461939;-49,186839;2025-03-30 03:20:00.0;0,00
PINHAIS;411915207A;PR;Weiss¢polis;-25,461939;-49,186839;2025-03-30 04:20:00.0;0,00
PINHAIS;411915207A;PR;Weiss¢polis;-25,461939;-49,186839;2025-03-30 05:20:00.0;0,00
PINHAIS;411915207A;PR;Weiss¢polis;-25,461939;-49,186839;2025-03-30 06:20:00.0;0,00
PINHAIS;411915207A;PR;Weiss¢polis;-25,461939;-49,186839;2025-03-30 07:20:00.0;0,00
PINHAIS;411915207A;PR;Weiss¢polis;-25,461939;-49,186839;2025-03-30 08:20:00.0;0,00
PINHAIS;411915207A;PR;Weiss¢polis;-25,461939;-49,186839;2025-03-30 09:20:00.0;0,00
PINHAIS;411915207A;PR;Weiss¢polis;-25,461939;-49,186839;2025-03-30 10:20:00.0;0,00
PINHAIS;411915207A;PR;Weiss¢polis;-25,461939;-49,186839;2025-03-30 11:20:00.0;0,00
PINHAIS;411915207A;PR;Weiss¢polis;-25,461939;-49,186839;2025-03-30 12:20:00.0;0,00
PINHAIS;411915207A;PR;Weiss¢polis;-25,461939;-49,186839;2025-03-30 13:20:00.0;0,00
PINHAIS;411915207A;PR;Weiss¢polis;-25,461939;-49,186839;2025-03-30 14:20:00.0;0,00
PINHAIS;411915207A;PR;Weiss¢polis;-25,461939;-49,186839;2025-03-30 15:20:00.0;0,00
PINHAIS;411915207A;PR;Weiss¢polis;-25,461939;-49,186839;2025-03-30 16:20:00.0;0,00
PINHAIS;411915207A;PR;Weiss¢polis;-25,461939;-49,186839;2025-03-30 17:20:00.0;0,00
PINHAIS;411915207A;PR;Weiss¢polis;-25,461939;-49,186839;2025-03-30 18:20:00.0;0,00
PINHAIS;411915207A;PR;Weiss¢polis;-25,461939;-49,186839;2025-03-30 19:20:00.0;0,00
PINHAIS;411915207A;PR;Weiss¢polis;-25,461939;-49,186839;2025-03-30 20:20:00.0;0,00
PINHAIS;411915207A;PR;Weiss¢polis;-25,461939;-49,186839;2025-03-30 21:20:00.0;0,00
PINHAIS;411915207A;PR;Weiss¢polis;-25,461939;-49,186839;2025-03-30 22:20:00.0;0,00
PINHAIS;411915207A;PR;Weiss¢polis;-25,461939;-49,186839;2025-03-30 23:20:00.0;0,00
PINHAIS;411915207A;PR;Weiss¢polis;-25,461939;-49,186839;2025-03-31 00:20:00.0;0,00
PINHAIS;411915207A;PR;Weiss¢polis;-25,461939;-49,186839;2025-03-31 01:20:00.0;0,00
PINHAIS;411915207A;PR;Weiss¢polis;-25,461939;-49,186839;2025-03-31 02:20:00.0;0,00
PINHAIS;411915207A;PR;Weiss¢polis;-25,461939;-49,186839;2025-03-31 03:20:00.0;0,00
PINHAIS;411915207A;PR;Weiss¢polis;-25,461939;-49,186839;2025-03-31 04:20:00.0;0,00
PINHAIS;411915207A;PR;Weiss¢polis;-25,461939;-49,186839;2025-03-31 05:20:00.0;0,00
PINHAIS;411915207A;PR;Weiss¢polis;-25,461939;-49,186839;2025-03-31 06:20:00.0;0,00
PINHAIS;411915207A;PR;Weiss¢polis;-25,461939;-49,186839;2025-03-31 07:20:00.0;0,00
PINHAIS;411915207A;PR;Weiss¢polis;-25,461939;-49,186839;2025-03-31 08:20:00.0;0,00
PINHAIS;411915207A;PR;Weiss¢polis;-25,461939;-49,186839;2025-03-31 09:20:00.0;0,00
PINHAIS;411915207A;PR;Weiss¢polis;-25,461939;-49,186839;2025-03-31 10:20:00.0;0,00
PINHAIS;411915207A;PR;Weiss¢polis;-25,461939;-49,186839;2025-03-31 11:20:00.0;0,00
PINHAIS;411915207A;PR;Weiss¢polis;-25,461939;-49,186839;2025-03-31 12:20:00.0;0,00
PINHAIS;411915207A;PR;Weiss¢polis;-25,461939;-49,186839;2025-03-31 13:30:00.0;0,00
PINHAIS;411915207A;PR;Weiss¢polis;-25,461939;-49,186839;2025-03-31 14:20:00.0;0,00
PINHAIS;411915207A;PR;Weiss¢polis;-25,461939;-49,186839;2025-03-31 15:20:00.0;0,00
PINHAIS;411915207A;PR;Weiss¢polis;-25,461939;-49,186839;2025-03-31 16:20:00.0;0,00
PINHAIS;411915207A;PR;Weiss¢polis;-25,461939;-49,186839;2025-03-31 17:20:00.0;0,00
PINHAIS;411915207A;PR;Weiss¢polis;-25,461939;-49,186839;2025-03-31 18:20:00.0;0,00
PINHAIS;411915207A;PR;Weiss¢polis;-25,461939;-49,186839;2025-03-31 19:20:00.0;0,00
PINHAIS;411915207A;PR;Weiss¢polis;-25,461939;-49,186839;2025-03-31 20:20:00.0;0,00
PINHAIS;411915207A;PR;Weiss¢polis;-25,461939;-49,186839;2025-03-31 21:20:00.0;0,00
PINHAIS;411915207A;PR;Weiss¢polis;-25,461939;-49,186839;2025-03-31 22:20:00.0;0,00
PINHAIS;411915207A;PR;Weiss¢polis;-25,461939;-49,186839;2025-03-31 23:20:00.0;0,00
PIRAQUARA;411950902A;PR;Horto Municipal;-25,472;-49,058;2025-03-01 00:10:00.0;0,00
PIRAQUARA;411950902A;PR;Horto Municipal;-25,472;-49,058;2025-03-01 00:20:00.0;0,00
PIRAQUARA;411950902A;PR;Horto Municipal;-25,472;-49,058;2025-03-01 01:20:00.0;0,00
PIRAQUARA;411950902A;PR;Horto Municipal;-25,472;-49,058;2025-03-01 02:20:00.0;0,00
PIRAQUARA;411950902A;PR;Horto Municipal;-25,472;-49,058;2025-03-01 03:20:00.0;0,00
PIRAQUARA;411950902A;PR;Horto Municipal;-25,472;-49,058;2025-03-01 04:20:00.0;0,00
PIRAQUARA;411950902A;PR;Horto Municipal;-25,472;-49,058;2025-03-01 05:20:00.0;0,00
PIRAQUARA;411950902A;PR;Horto Municipal;-25,472;-49,058;2025-03-01 06:20:00.0;0,00
PIRAQUARA;411950902A;PR;Horto Municipal;-25,472;-49,058;2025-03-01 07:20:00.0;0,00
PIRAQUARA;411950902A;PR;Horto Municipal;-25,472;-49,058;2025-03-01 08:20:00.0;0,00
PIRAQUARA;411950902A;PR;Horto Municipal;-25,472;-49,058;2025-03-01 09:20:00.0;0,00
PIRAQUARA;411950902A;PR;Horto Municipal;-25,472;-49,058;2025-03-01 10:20:00.0;0,00
PIRAQUARA;411950902A;PR;Horto Municipal;-25,472;-49,058;2025-03-01 11:20:00.0;0,00
PIRAQUARA;411950902A;PR;Horto Municipal;-25,472;-49,058;2025-03-01 12:20:00.0;0,00
PIRAQUARA;411950902A;PR;Horto Municipal;-25,472;-49,058;2025-03-01 13:20:00.0;0,00
PIRAQUARA;411950902A;PR;Horto Municipal;-25,472;-49,058;2025-03-01 14:20:00.0;0,00
PIRAQUARA;411950902A;PR;Horto Municipal;-25,472;-49,058;2025-03-01 15:20:00.0;0,00
PIRAQUARA;411950902A;PR;Horto Municipal;-25,472;-49,058;2025-03-01 16:20:00.0;0,00
PIRAQUARA;411950902A;PR;Horto Municipal;-25,472;-49,058;2025-03-01 17:20:00.0;0,00
PIRAQUARA;411950902A;PR;Horto Municipal;-25,472;-49,058;2025-03-01 18:20:00.0;0,00
PIRAQUARA;411950902A;PR;Horto Municipal;-25,472;-49,058;2025-03-01 19:20:00.0;0,00
PIRAQUARA;411950902A;PR;Horto Municipal;-25,472;-49,058;2025-03-01 20:20:00.0;0,00
PIRAQUARA;411950902A;PR;Horto Municipal;-25,472;-49,058;2025-03-01 21:20:00.0;0,00
PIRAQUARA;411950902A;PR;Horto Municipal;-25,472;-49,058;2025-03-01 22:20:00.0;0,00
PIRAQUARA;411950902A;PR;Horto Municipal;-25,472;-49,058;2025-03-01 23:20:00.0;0,00
PIRAQUARA;411950902A;PR;Horto Municipal;-25,472;-49,058;2025-03-02 00:20:00.0;0,00
PIRAQUARA;411950902A;PR;Horto Municipal;-25,472;-49,058;2025-03-02 01:20:00.0;0,00
PIRAQUARA;411950902A;PR;Horto Municipal;-25,472;-49,058;2025-03-02 02:20:00.0;0,00
PIRAQUARA;411950902A;PR;Horto Municipal;-25,472;-49,058;2025-03-02 03:20:00.0;0,00
PIRAQUARA;411950902A;PR;Horto Municipal;-25,472;-49,058;2025-03-02 04:20:00.0;0,00
PIRAQUARA;411950902A;PR;Horto Municipal;-25,472;-49,058;2025-03-02 05:20:00.0;0,00
PIRAQUARA;411950902A;PR;Horto Municipal;-25,472;-49,058;2025-03-02 06:20:00.0;0,00
PIRAQUARA;411950902A;PR;Horto Municipal;-25,472;-49,058;2025-03-02 07:20:00.0;0,00
PIRAQUARA;411950902A;PR;Horto Municipal;-25,472;-49,058;2025-03-02 08:20:00.0;0,00
PIRAQUARA;411950902A;PR;Horto Municipal;-25,472;-49,058;2025-03-02 09:20:00.0;0,00
PIRAQUARA;411950902A;PR;Horto Municipal;-25,472;-49,058;2025-03-02 10:20:00.0;0,00
PIRAQUARA;411950902A;PR;Horto Municipal;-25,472;-49,058;2025-03-02 11:20:00.0;0,00
PIRAQUARA;411950902A;PR;Horto Municipal;-25,472;-49,058;2025-03-02 12:20:00.0;0,00
PIRAQUARA;411950902A;PR;Horto Municipal;-25,472;-49,058;2025-03-02 13:20:00.0;0,00
PIRAQUARA;411950902A;PR;Horto Municipal;-25,472;-49,058;2025-03-02 14:10:00.0;0,20
PIRAQUARA;411950902A;PR;Horto Municipal;-25,472;-49,058;2025-03-02 14:20:00.0;0,00
PIRAQUARA;411950902A;PR;Horto Municipal;-25,472;-49,058;2025-03-02 15:20:00.0;0,00
PIRAQUARA;411950902A;PR;Horto Municipal;-25,472;-49,058;2025-03-02 16:20:00.0;0,00
PIRAQUARA;411950902A;PR;Horto Municipal;-25,472;-49,058;2025-03-02 17:20:00.0;0,00
PIRAQUARA;411950902A;PR;Horto Municipal;-25,472;-49,058;2025-03-02 18:20:00.0;0,00
PIRAQUARA;411950902A;PR;Horto Municipal;-25,472;-49,058;2025-03-02 19:20:00.0;0,00
PIRAQUARA;411950902A;PR;Horto Municipal;-25,472;-49,058;2025-03-02 20:20:00.0;0,00
PIRAQUARA;411950902A;PR;Horto Municipal;-25,472;-49,058;2025-03-02 21:20:00.0;0,00
PIRAQUARA;411950902A;PR;Horto Municipal;-25,472;-49,058;2025-03-02 22:20:00.0;0,00
PIRAQUARA;411950902A;PR;Horto Municipal;-25,472;-49,058;2025-03-02 23:20:00.0;0,00
PIRAQUARA;411950902A;PR;Horto Municipal;-25,472;-49,058;2025-03-03 00:20:00.0;0,00
PIRAQUARA;411950902A;PR;Horto Municipal;-25,472;-49,058;2025-03-03 01:20:00.0;0,00
PIRAQUARA;411950902A;PR;Horto Municipal;-25,472;-49,058;2025-03-03 02:20:00.0;0,00
PIRAQUARA;411950902A;PR;Horto Municipal;-25,472;-49,058;2025-03-03 03:20:00.0;0,00
PIRAQUARA;411950902A;PR;Horto Municipal;-25,472;-49,058;2025-03-03 04:20:00.0;0,00
PIRAQUARA;411950902A;PR;Horto Municipal;-25,472;-49,058;2025-03-03 05:20:00.0;0,00
PIRAQUARA;411950902A;PR;Horto Municipal;-25,472;-49,058;2025-03-03 06:20:00.0;0,00
PIRAQUARA;411950902A;PR;Horto Municipal;-25,472;-49,058;2025-03-03 07:20:00.0;0,00
PIRAQUARA;411950902A;PR;Horto Municipal;-25,472;-49,058;2025-03-03 08:20:00.0;0,00
PIRAQUARA;411950902A;PR;Horto Municipal;-25,472;-49,058;2025-03-03 09:20:00.0;0,00
PIRAQUARA;411950902A;PR;Horto Municipal;-25,472;-49,058;2025-03-03 10:20:00.0;0,00
PIRAQUARA;411950902A;PR;Horto Municipal;-25,472;-49,058;2025-03-03 11:20:00.0;0,00
PIRAQUARA;411950902A;PR;Horto Municipal;-25,472;-49,058;2025-03-03 12:20:00.0;0,00
PIRAQUARA;411950902A;PR;Horto Municipal;-25,472;-49,058;2025-03-03 13:20:00.0;0,00
PIRAQUARA;411950902A;PR;Horto Municipal;-25,472;-49,058;2025-03-03 14:20:00.0;0,00
PIRAQUARA;411950902A;PR;Horto Municipal;-25,472;-49,058;2025-03-03 14:30:00.0;0,20
PIRAQUARA;411950902A;PR;Horto Municipal;-25,472;-49,058;2025-03-03 15:20:00.0;0,00
PIRAQUARA;411950902A;PR;Horto Municipal;-25,472;-49,058;2025-03-03 16:20:00.0;0,00
PIRAQUARA;411950902A;PR;Horto Municipal;-25,472;-49,058;2025-03-03 17:20:00.0;0,00
PIRAQUARA;411950902A;PR;Horto Municipal;-25,472;-49,058;2025-03-03 18:20:00.0;0,00
PIRAQUARA;411950902A;PR;Horto Municipal;-25,472;-49,058;2025-03-03 19:20:00.0;0,00
PIRAQUARA;411950902A;PR;Horto Municipal;-25,472;-49,058;2025-03-03 20:20:00.0;0,00
PIRAQUARA;411950902A;PR;Horto Municipal;-25,472;-49,058;2025-03-03 21:20:00.0;0,00
PIRAQUARA;411950902A;PR;Horto Municipal;-25,472;-49,058;2025-03-03 22:20:00.0;0,00
PIRAQUARA;411950902A;PR;Horto Municipal;-25,472;-49,058;2025-03-03 23:20:00.0;0,00
PIRAQUARA;411950902A;PR;Horto Municipal;-25,472;-49,058;2025-03-04 00:20:00.0;0,00
PIRAQUARA;411950902A;PR;Horto Municipal;-25,472;-49,058;2025-03-04 01:20:00.0;0,00
PIRAQUARA;411950902A;PR;Horto Municipal;-25,472;-49,058;2025-03-04 02:20:00.0;0,00
PIRAQUARA;411950902A;PR;Horto Municipal;-25,472;-49,058;2025-03-04 03:20:00.0;0,00
PIRAQUARA;411950902A;PR;Horto Municipal;-25,472;-49,058;2025-03-04 04:20:00.0;0,00
PIRAQUARA;411950902A;PR;Horto Municipal;-25,472;-49,058;2025-03-04 05:20:00.0;0,00
PIRAQUARA;411950902A;PR;Horto Municipal;-25,472;-49,058;2025-03-04 06:20:00.0;0,00
PIRAQUARA;411950902A;PR;Horto Municipal;-25,472;-49,058;2025-03-04 07:20:00.0;0,00
PIRAQUARA;411950902A;PR;Horto Municipal;-25,472;-49,058;2025-03-04 08:20:00.0;0,00
PIRAQUARA;411950902A;PR;Horto Municipal;-25,472;-49,058;2025-03-04 09:20:00.0;0,00
PIRAQUARA;411950902A;PR;Horto Municipal;-25,472;-49,058;2025-03-04 10:20:00.0;0,00
PIRAQUARA;411950902A;PR;Horto Municipal;-25,472;-49,058;2025-03-04 11:20:00.0;0,00
PIRAQUARA;411950902A;PR;Horto Municipal;-25,472;-49,058;2025-03-04 12:20:00.0;0,00
PIRAQUARA;411950902A;PR;Horto Municipal;-25,472;-49,058;2025-03-04 13:20:00.0;0,00
PIRAQUARA;411950902A;PR;Horto Municipal;-25,472;-49,058;2025-03-04 14:20:00.0;0,00
PIRAQUARA;411950902A;PR;Horto Municipal;-25,472;-49,058;2025-03-04 15:20:00.0;0,00
PIRAQUARA;411950902A;PR;Horto Municipal;-25,472;-49,058;2025-03-04 16:20:00.0;0,00
PIRAQUARA;411950902A;PR;Horto Municipal;-25,472;-49,058;2025-03-04 17:20:00.0;0,00
PIRAQUARA;411950902A;PR;Horto Municipal;-25,472;-49,058;2025-03-04 18:20:00.0;0,00
PIRAQUARA;411950902A;PR;Horto Municipal;-25,472;-49,058;2025-03-04 19:20:00.0;0,00
PIRAQUARA;411950902A;PR;Horto Municipal;-25,472;-49,058;2025-03-04 20:20:00.0;0,00
PIRAQUARA;411950902A;PR;Horto Municipal;-25,472;-49,058;2025-03-04 21:20:00.0;0,00
PIRAQUARA;411950902A;PR;Horto Municipal;-25,472;-49,058;2025-03-04 22:20:00.0;0,00
PIRAQUARA;411950902A;PR;Horto Municipal;-25,472;-49,058;2025-03-04 23:20:00.0;0,00
PIRAQUARA;411950902A;PR;Horto Municipal;-25,472;-49,058;2025-03-05 00:20:00.0;0,00
PIRAQUARA;411950902A;PR;Horto Municipal;-25,472;-49,058;2025-03-05 01:20:00.0;0,00
PIRAQUARA;411950902A;PR;Horto Municipal;-25,472;-49,058;2025-03-05 02:20:00.0;0,00
PIRAQUARA;411950902A;PR;Horto Municipal;-25,472;-49,058;2025-03-05 03:20:00.0;0,00
PIRAQUARA;411950902A;PR;Horto Municipal;-25,472;-49,058;2025-03-05 04:20:00.0;0,00
PIRAQUARA;411950902A;PR;Horto Municipal;-25,472;-49,058;2025-03-05 05:20:00.0;0,00
PIRAQUARA;411950902A;PR;Horto Municipal;-25,472;-49,058;2025-03-05 06:20:00.0;0,00
PIRAQUARA;411950902A;PR;Horto Municipal;-25,472;-49,058;2025-03-05 07:20:00.0;0,00
PIRAQUARA;411950902A;PR;Horto Municipal;-25,472;-49,058;2025-03-05 08:20:00.0;0,00
PIRAQUARA;411950902A;PR;Horto Municipal;-25,472;-49,058;2025-03-05 09:20:00.0;0,00
PIRAQUARA;411950902A;PR;Horto Municipal;-25,472;-49,058;2025-03-05 10:20:00.0;0,00
PIRAQUARA;411950902A;PR;Horto Municipal;-25,472;-49,058;2025-03-05 11:20:00.0;0,00
PIRAQUARA;411950902A;PR;Horto Municipal;-25,472;-49,058;2025-03-05 12:20:00.0;0,00
PIRAQUARA;411950902A;PR;Horto Municipal;-25,472;-49,058;2025-03-05 13:20:00.0;0,00
PIRAQUARA;411950902A;PR;Horto Municipal;-25,472;-49,058;2025-03-05 14:20:00.0;0,00
PIRAQUARA;411950902A;PR;Horto Municipal;-25,472;-49,058;2025-03-05 15:20:00.0;0,00
PIRAQUARA;411950902A;PR;Horto Municipal;-25,472;-49,058;2025-03-05 16:20:00.0;0,00
PIRAQUARA;411950902A;PR;Horto Municipal;-25,472;-49,058;2025-03-05 17:20:00.0;0,00
PIRAQUARA;411950902A;PR;Horto Municipal;-25,472;-49,058;2025-03-05 18:20:00.0;0,00
PIRAQUARA;411950902A;PR;Horto Municipal;-25,472;-49,058;2025-03-05 19:20:00.0;0,00
PIRAQUARA;411950902A;PR;Horto Municipal;-25,472;-49,058;2025-03-05 20:20:00.0;0,00
PIRAQUARA;411950902A;PR;Horto Municipal;-25,472;-49,058;2025-03-05 21:20:00.0;0,00
PIRAQUARA;411950902A;PR;Horto Municipal;-25,472;-49,058;2025-03-05 22:20:00.0;0,00
PIRAQUARA;411950902A;PR;Horto Municipal;-25,472;-49,058;2025-03-05 23:20:00.0;0,00
PIRAQUARA;411950902A;PR;Horto Municipal;-25,472;-49,058;2025-03-06 00:20:00.0;0,00
PIRAQUARA;411950902A;PR;Horto Municipal;-25,472;-49,058;2025-03-06 01:20:00.0;0,00
PIRAQUARA;411950902A;PR;Horto Municipal;-25,472;-49,058;2025-03-06 02:20:00.0;0,00
PIRAQUARA;411950902A;PR;Horto Municipal;-25,472;-49,058;2025-03-06 03:20:00.0;0,00
PIRAQUARA;411950902A;PR;Horto Municipal;-25,472;-49,058;2025-03-06 04:20:00.0;0,00
PIRAQUARA;411950902A;PR;Horto Municipal;-25,472;-49,058;2025-03-06 05:20:00.0;0,00
PIRAQUARA;411950902A;PR;Horto Municipal;-25,472;-49,058;2025-03-06 06:20:00.0;0,00
PIRAQUARA;411950902A;PR;Horto Municipal;-25,472;-49,058;2025-03-06 07:20:00.0;0,00
PIRAQUARA;411950902A;PR;Horto Municipal;-25,472;-49,058;2025-03-06 08:20:00.0;0,00
PIRAQUARA;411950902A;PR;Horto Municipal;-25,472;-49,058;2025-03-06 09:20:00.0;0,00
PIRAQUARA;411950902A;PR;Horto Municipal;-25,472;-49,058;2025-03-06 10:20:00.0;0,00
PIRAQUARA;411950902A;PR;Horto Municipal;-25,472;-49,058;2025-03-06 11:20:00.0;0,00
PIRAQUARA;411950902A;PR;Horto Municipal;-25,472;-49,058;2025-03-06 12:20:00.0;0,00
PIRAQUARA;411950902A;PR;Horto Municipal;-25,472;-49,058;2025-03-06 13:20:00.0;0,00
PIRAQUARA;411950902A;PR;Horto Municipal;-25,472;-49,058;2025-03-06 14:20:00.0;0,00
PIRAQUARA;411950902A;PR;Horto Municipal;-25,472;-49,058;2025-03-06 15:20:00.0;0,00
PIRAQUARA;411950902A;PR;Horto Municipal;-25,472;-49,058;2025-03-06 16:20:00.0;0,00
PIRAQUARA;411950902A;PR;Horto Municipal;-25,472;-49,058;2025-03-06 17:20:00.0;0,00
PIRAQUARA;411950902A;PR;Horto Municipal;-25,472;-49,058;2025-03-06 18:20:00.0;0,00
PIRAQUARA;411950902A;PR;Horto Municipal;-25,472;-49,058;2025-03-06 19:20:00.0;0,00
PIRAQUARA;411950902A;PR;Horto Municipal;-25,472;-49,058;2025-03-06 20:20:00.0;0,00
PIRAQUARA;411950902A;PR;Horto Municipal;-25,472;-49,058;2025-03-06 21:20:00.0;0,00
PIRAQUARA;411950902A;PR;Horto Municipal;-25,472;-49,058;2025-03-06 22:20:00.0;0,00
PIRAQUARA;411950902A;PR;Horto Municipal;-25,472;-49,058;2025-03-06 23:20:00.0;0,00
PIRAQUARA;411950902A;PR;Horto Municipal;-25,472;-49,058;2025-03-07 00:20:00.0;0,00
PIRAQUARA;411950902A;PR;Horto Municipal;-25,472;-49,058;2025-03-07 01:20:00.0;0,00
PIRAQUARA;411950902A;PR;Horto Municipal;-25,472;-49,058;2025-03-07 02:20:00.0;0,00
PIRAQUARA;411950902A;PR;Horto Municipal;-25,472;-49,058;2025-03-07 03:20:00.0;0,00
PIRAQUARA;411950902A;PR;Horto Municipal;-25,472;-49,058;2025-03-07 04:20:00.0;0,00
PIRAQUARA;411950902A;PR;Horto Municipal;-25,472;-49,058;2025-03-07 05:20:00.0;0,00
PIRAQUARA;411950902A;PR;Horto Municipal;-25,472;-49,058;2025-03-07 06:20:00.0;0,00
PIRAQUARA;411950902A;PR;Horto Municipal;-25,472;-49,058;2025-03-07 07:20:00.0;0,00
PIRAQUARA;411950902A;PR;Horto Municipal;-25,472;-49,058;2025-03-07 07:50:00.0;0,20
PIRAQUARA;411950902A;PR;Horto Municipal;-25,472;-49,058;2025-03-07 08:00:00.0;0,20
PIRAQUARA;411950902A;PR;Horto Municipal;-25,472;-49,058;2025-03-07 08:10:00.0;0,20
PIRAQUARA;411950902A;PR;Horto Municipal;-25,472;-49,058;2025-03-07 08:20:00.0;0,20
PIRAQUARA;411950902A;PR;Horto Municipal;-25,472;-49,058;2025-03-07 08:30:00.0;0,20
PIRAQUARA;411950902A;PR;Horto Municipal;-25,472;-49,058;2025-03-07 08:50:00.0;0,20
PIRAQUARA;411950902A;PR;Horto Municipal;-25,472;-49,058;2025-03-07 09:20:00.0;0,00
PIRAQUARA;411950902A;PR;Horto Municipal;-25,472;-49,058;2025-03-07 10:20:00.0;0,00
PIRAQUARA;411950902A;PR;Horto Municipal;-25,472;-49,058;2025-03-07 10:40:00.0;0,20
PIRAQUARA;411950902A;PR;Horto Municipal;-25,472;-49,058;2025-03-07 11:20:00.0;0,00
PIRAQUARA;411950902A;PR;Horto Municipal;-25,472;-49,058;2025-03-07 12:20:00.0;0,00
PIRAQUARA;411950902A;PR;Horto Municipal;-25,472;-49,058;2025-03-07 12:30:00.0;0,20
PIRAQUARA;411950902A;PR;Horto Municipal;-25,472;-49,058;2025-03-07 13:20:00.0;0,00
PIRAQUARA;411950902A;PR;Horto Municipal;-25,472;-49,058;2025-03-07 14:20:00.0;0,00
PIRAQUARA;411950902A;PR;Horto Municipal;-25,472;-49,058;2025-03-07 15:20:00.0;0,00
PIRAQUARA;411950902A;PR;Horto Municipal;-25,472;-49,058;2025-03-07 16:20:00.0;0,00
PIRAQUARA;411950902A;PR;Horto Municipal;-25,472;-49,058;2025-03-07 17:20:00.0;0,00
PIRAQUARA;411950902A;PR;Horto Municipal;-25,472;-49,058;2025-03-07 18:20:00.0;0,00
PIRAQUARA;411950902A;PR;Horto Municipal;-25,472;-49,058;2025-03-07 19:20:00.0;0,00
PIRAQUARA;411950902A;PR;Horto Municipal;-25,472;-49,058;2025-03-07 20:20:00.0;0,00
PIRAQUARA;411950902A;PR;Horto Municipal;-25,472;-49,058;2025-03-07 21:20:00.0;0,00
PIRAQUARA;411950902A;PR;Horto Municipal;-25,472;-49,058;2025-03-07 22:20:00.0;0,00
PIRAQUARA;411950902A;PR;Horto Municipal;-25,472;-49,058;2025-03-07 23:20:00.0;0,00
PIRAQUARA;411950902A;PR;Horto Municipal;-25,472;-49,058;2025-03-08 00:20:00.0;0,00
PIRAQUARA;411950902A;PR;Horto Municipal;-25,472;-49,058;2025-03-08 01:20:00.0;0,00
PIRAQUARA;411950902A;PR;Horto Municipal;-25,472;-49,058;2025-03-08 02:20:00.0;0,00
PIRAQUARA;411950902A;PR;Horto Municipal;-25,472;-49,058;2025-03-08 03:20:00.0;0,00
PIRAQUARA;411950902A;PR;Horto Municipal;-25,472;-49,058;2025-03-08 04:20:00.0;0,00
PIRAQUARA;411950902A;PR;Horto Municipal;-25,472;-49,058;2025-03-08 05:20:00.0;0,00
PIRAQUARA;411950902A;PR;Horto Municipal;-25,472;-49,058;2025-03-08 06:20:00.0;0,00
PIRAQUARA;411950902A;PR;Horto Municipal;-25,472;-49,058;2025-03-08 07:20:00.0;0,00
PIRAQUARA;411950902A;PR;Horto Municipal;-25,472;-49,058;2025-03-08 08:20:00.0;0,00
PIRAQUARA;411950902A;PR;Horto Municipal;-25,472;-49,058;2025-03-08 09:20:00.0;0,00
PIRAQUARA;411950902A;PR;Horto Municipal;-25,472;-49,058;2025-03-08 10:20:00.0;0,00
PIRAQUARA;411950902A;PR;Horto Municipal;-25,472;-49,058;2025-03-08 11:20:00.0;0,00
PIRAQUARA;411950902A;PR;Horto Municipal;-25,472;-49,058;2025-03-08 13:20:00.0;0,00
PIRAQUARA;411950902A;PR;Horto Municipal;-25,472;-49,058;2025-03-08 14:20:00.0;0,00
PIRAQUARA;411950902A;PR;Horto Municipal;-25,472;-49,058;2025-03-08 15:20:00.0;0,00
PIRAQUARA;411950902A;PR;Horto Municipal;-25,472;-49,058;2025-03-08 16:20:00.0;0,00
PIRAQUARA;411950902A;PR;Horto Municipal;-25,472;-49,058;2025-03-08 17:20:00.0;0,00
PIRAQUARA;411950902A;PR;Horto Municipal;-25,472;-49,058;2025-03-08 18:20:00.0;0,00
PIRAQUARA;411950902A;PR;Horto Municipal;-25,472;-49,058;2025-03-08 19:20:00.0;0,00
PIRAQUARA;411950902A;PR;Horto Municipal;-25,472;-49,058;2025-03-08 20:20:00.0;0,00
PIRAQUARA;411950902A;PR;Horto Municipal;-25,472;-49,058;2025-03-08 21:20:00.0;0,00
PIRAQUARA;411950902A;PR;Horto Municipal;-25,472;-49,058;2025-03-08 22:20:00.0;0,00
PIRAQUARA;411950902A;PR;Horto Municipal;-25,472;-49,058;2025-03-08 23:20:00.0;0,00
PIRAQUARA;411950902A;PR;Horto Municipal;-25,472;-49,058;2025-03-09 00:20:00.0;0,00
PIRAQUARA;411950902A;PR;Horto Municipal;-25,472;-49,058;2025-03-09 01:20:00.0;0,00
PIRAQUARA;411950902A;PR;Horto Municipal;-25,472;-49,058;2025-03-09 02:20:00.0;0,00
PIRAQUARA;411950902A;PR;Horto Municipal;-25,472;-49,058;2025-03-09 03:20:00.0;0,00
PIRAQUARA;411950902A;PR;Horto Municipal;-25,472;-49,058;2025-03-09 04:20:00.0;0,00
PIRAQUARA;411950902A;PR;Horto Municipal;-25,472;-49,058;2025-03-09 05:20:00.0;0,00
PIRAQUARA;411950902A;PR;Horto Municipal;-25,472;-49,058;2025-03-09 06:20:00.0;0,00
PIRAQUARA;411950902A;PR;Horto Municipal;-25,472;-49,058;2025-03-09 07:20:00.0;0,00
PIRAQUARA;411950902A;PR;Horto Municipal;-25,472;-49,058;2025-03-09 08:20:00.0;0,00
PIRAQUARA;411950902A;PR;Horto Municipal;-25,472;-49,058;2025-03-09 09:20:00.0;0,00
PIRAQUARA;411950902A;PR;Horto Municipal;-25,472;-49,058;2025-03-09 10:20:00.0;0,00
PIRAQUARA;411950902A;PR;Horto Municipal;-25,472;-49,058;2025-03-09 11:20:00.0;0,00
PIRAQUARA;411950902A;PR;Horto Municipal;-25,472;-49,058;2025-03-09 12:20:00.0;0,00
PIRAQUARA;411950902A;PR;Horto Municipal;-25,472;-49,058;2025-03-09 13:20:00.0;0,00
PIRAQUARA;411950902A;PR;Horto Municipal;-25,472;-49,058;2025-03-09 14:20:00.0;0,00
PIRAQUARA;411950902A;PR;Horto Municipal;-25,472;-49,058;2025-03-09 15:20:00.0;0,00
PIRAQUARA;411950902A;PR;Horto Municipal;-25,472;-49,058;2025-03-09 16:20:00.0;0,00
PIRAQUARA;411950902A;PR;Horto Municipal;-25,472;-49,058;2025-03-09 17:20:00.0;0,00
PIRAQUARA;411950902A;PR;Horto Municipal;-25,472;-49,058;2025-03-09 18:20:00.0;0,00
PIRAQUARA;411950902A;PR;Horto Municipal;-25,472;-49,058;2025-03-09 19:20:00.0;0,00
PIRAQUARA;411950902A;PR;Horto Municipal;-25,472;-49,058;2025-03-09 20:00:00.0;0,20
PIRAQUARA;411950902A;PR;Horto Municipal;-25,472;-49,058;2025-03-09 20:10:00.0;2,36
PIRAQUARA;411950902A;PR;Horto Municipal;-25,472;-49,058;2025-03-09 20:20:00.0;0,00
PIRAQUARA;411950902A;PR;Horto Municipal;-25,472;-49,058;2025-03-09 20:30:00.0;0,59
PIRAQUARA;411950902A;PR;Horto Municipal;-25,472;-49,058;2025-03-09 20:40:00.0;0,39
PIRAQUARA;411950902A;PR;Horto Municipal;-25,472;-49,058;2025-03-09 21:20:00.0;0,00
PIRAQUARA;411950902A;PR;Horto Municipal;-25,472;-49,058;2025-03-09 22:20:00.0;0,20
PIRAQUARA;411950902A;PR;Horto Municipal;-25,472;-49,058;2025-03-09 22:30:00.0;2,36
PIRAQUARA;411950902A;PR;Horto Municipal;-25,472;-49,058;2025-03-09 22:40:00.0;3,35
PIRAQUARA;411950902A;PR;Horto Municipal;-25,472;-49,058;2025-03-09 22:50:00.0;1,37
PIRAQUARA;411950902A;PR;Horto Municipal;-25,472;-49,058;2025-03-09 23:00:00.0;0,39
PIRAQUARA;411950902A;PR;Horto Municipal;-25,472;-49,058;2025-03-09 23:20:00.0;0,00
PIRAQUARA;411950902A;PR;Horto Municipal;-25,472;-49,058;2025-03-09 23:30:00.0;0,59
PIRAQUARA;411950902A;PR;Horto Municipal;-25,472;-49,058;2025-03-09 23:40:00.0;1,37
PIRAQUARA;411950902A;PR;Horto Municipal;-25,472;-49,058;2025-03-09 23:50:00.0;0,59
PIRAQUARA;411950902A;PR;Horto Municipal;-25,472;-49,058;2025-03-10 00:10:00.0;0,20
PIRAQUARA;411950902A;PR;Horto Municipal;-25,472;-49,058;2025-03-10 00:20:00.0;0,39
PIRAQUARA;411950902A;PR;Horto Municipal;-25,472;-49,058;2025-03-10 00:30:00.0;0,20
PIRAQUARA;411950902A;PR;Horto Municipal;-25,472;-49,058;2025-03-10 00:40:00.0;0,20
PIRAQUARA;411950902A;PR;Horto Municipal;-25,472;-49,058;2025-03-10 01:00:00.0;0,20
PIRAQUARA;411950902A;PR;Horto Municipal;-25,472;-49,058;2025-03-10 01:10:00.0;0,20
PIRAQUARA;411950902A;PR;Horto Municipal;-25,472;-49,058;2025-03-10 01:20:00.0;0,00
PIRAQUARA;411950902A;PR;Horto Municipal;-25,472;-49,058;2025-03-10 01:30:00.0;0,39
PIRAQUARA;411950902A;PR;Horto Municipal;-25,472;-49,058;2025-03-10 01:50:00.0;0,20
PIRAQUARA;411950902A;PR;Horto Municipal;-25,472;-49,058;2025-03-10 02:20:00.0;0,00
PIRAQUARA;411950902A;PR;Horto Municipal;-25,472;-49,058;2025-03-10 03:20:00.0;0,00
PIRAQUARA;411950902A;PR;Horto Municipal;-25,472;-49,058;2025-03-10 04:20:00.0;0,00
PIRAQUARA;411950902A;PR;Horto Municipal;-25,472;-49,058;2025-03-10 05:20:00.0;0,00
PIRAQUARA;411950902A;PR;Horto Municipal;-25,472;-49,058;2025-03-10 06:20:00.0;0,00
PIRAQUARA;411950902A;PR;Horto Municipal;-25,472;-49,058;2025-03-10 07:20:00.0;0,00
PIRAQUARA;411950902A;PR;Horto Municipal;-25,472;-49,058;2025-03-10 08:20:00.0;0,00
PIRAQUARA;411950902A;PR;Horto Municipal;-25,472;-49,058;2025-03-10 09:20:00.0;0,00
PIRAQUARA;411950902A;PR;Horto Municipal;-25,472;-49,058;2025-03-10 10:20:00.0;0,00
PIRAQUARA;411950902A;PR;Horto Municipal;-25,472;-49,058;2025-03-10 11:20:00.0;0,00
PIRAQUARA;411950902A;PR;Horto Municipal;-25,472;-49,058;2025-03-10 12:20:00.0;0,00
PIRAQUARA;411950902A;PR;Horto Municipal;-25,472;-49,058;2025-03-10 13:20:00.0;0,00
PIRAQUARA;411950902A;PR;Horto Municipal;-25,472;-49,058;2025-03-10 14:20:00.0;0,00
PIRAQUARA;411950902A;PR;Horto Municipal;-25,472;-49,058;2025-03-10 15:20:00.0;0,00
PIRAQUARA;411950902A;PR;Horto Municipal;-25,472;-49,058;2025-03-10 16:20:00.0;0,00
PIRAQUARA;411950902A;PR;Horto Municipal;-25,472;-49,058;2025-03-10 17:20:00.0;0,00
PIRAQUARA;411950902A;PR;Horto Municipal;-25,472;-49,058;2025-03-10 18:20:00.0;0,00
PIRAQUARA;411950902A;PR;Horto Municipal;-25,472;-49,058;2025-03-10 19:20:00.0;0,00
PIRAQUARA;411950902A;PR;Horto Municipal;-25,472;-49,058;2025-03-10 20:20:00.0;0,00
PIRAQUARA;411950902A;PR;Horto Municipal;-25,472;-49,058;2025-03-10 21:20:00.0;0,00
PIRAQUARA;411950902A;PR;Horto Municipal;-25,472;-49,058;2025-03-10 22:20:00.0;0,00
PIRAQUARA;411950902A;PR;Horto Municipal;-25,472;-49,058;2025-03-10 23:20:00.0;0,00
PIRAQUARA;411950902A;PR;Horto Municipal;-25,472;-49,058;2025-03-11 00:20:00.0;0,00
PIRAQUARA;411950902A;PR;Horto Municipal;-25,472;-49,058;2025-03-11 01:20:00.0;0,00
PIRAQUARA;411950902A;PR;Horto Municipal;-25,472;-49,058;2025-03-11 02:20:00.0;0,00
PIRAQUARA;411950902A;PR;Horto Municipal;-25,472;-49,058;2025-03-11 03:20:00.0;0,00
PIRAQUARA;411950902A;PR;Horto Municipal;-25,472;-49,058;2025-03-11 04:20:00.0;0,00
PIRAQUARA;411950902A;PR;Horto Municipal;-25,472;-49,058;2025-03-11 05:20:00.0;0,00
PIRAQUARA;411950902A;PR;Horto Municipal;-25,472;-49,058;2025-03-11 06:20:00.0;0,00
PIRAQUARA;411950902A;PR;Horto Municipal;-25,472;-49,058;2025-03-11 07:20:00.0;0,00
PIRAQUARA;411950902A;PR;Horto Municipal;-25,472;-49,058;2025-03-11 08:20:00.0;0,00
PIRAQUARA;411950902A;PR;Horto Municipal;-25,472;-49,058;2025-03-11 09:20:00.0;0,00
PIRAQUARA;411950902A;PR;Horto Municipal;-25,472;-49,058;2025-03-11 10:20:00.0;0,00
PIRAQUARA;411950902A;PR;Horto Municipal;-25,472;-49,058;2025-03-11 11:20:00.0;0,00
PIRAQUARA;411950902A;PR;Horto Municipal;-25,472;-49,058;2025-03-11 12:20:00.0;0,00
PIRAQUARA;411950902A;PR;Horto Municipal;-25,472;-49,058;2025-03-11 13:20:00.0;0,00
PIRAQUARA;411950902A;PR;Horto Municipal;-25,472;-49,058;2025-03-11 14:20:00.0;0,00
PIRAQUARA;411950902A;PR;Horto Municipal;-25,472;-49,058;2025-03-11 15:20:00.0;0,00
PIRAQUARA;411950902A;PR;Horto Municipal;-25,472;-49,058;2025-03-11 16:20:00.0;0,00
PIRAQUARA;411950902A;PR;Horto Municipal;-25,472;-49,058;2025-03-11 17:20:00.0;0,00
PIRAQUARA;411950902A;PR;Horto Municipal;-25,472;-49,058;2025-03-11 18:20:00.0;0,00
PIRAQUARA;411950902A;PR;Horto Municipal;-25,472;-49,058;2025-03-11 18:40:00.0;0,39
PIRAQUARA;411950902A;PR;Horto Municipal;-25,472;-49,058;2025-03-11 18:50:00.0;0,20
PIRAQUARA;411950902A;PR;Horto Municipal;-25,472;-49,058;2025-03-11 19:00:00.0;0,59
PIRAQUARA;411950902A;PR;Horto Municipal;-25,472;-49,058;2025-03-11 19:10:00.0;0,20
PIRAQUARA;411950902A;PR;Horto Municipal;-25,472;-49,058;2025-03-11 19:20:00.0;0,20
PIRAQUARA;411950902A;PR;Horto Municipal;-25,472;-49,058;2025-03-11 19:30:00.0;0,39
PIRAQUARA;411950902A;PR;Horto Municipal;-25,472;-49,058;2025-03-11 19:40:00.0;0,20
PIRAQUARA;411950902A;PR;Horto Municipal;-25,472;-49,058;2025-03-11 20:20:00.0;0,20
PIRAQUARA;411950902A;PR;Horto Municipal;-25,472;-49,058;2025-03-11 20:30:00.0;0,20
PIRAQUARA;411950902A;PR;Horto Municipal;-25,472;-49,058;2025-03-11 21:20:00.0;0,00
PIRAQUARA;411950902A;PR;Horto Municipal;-25,472;-49,058;2025-03-11 21:40:00.0;0,42
PIRAQUARA;411950902A;PR;Horto Municipal;-25,472;-49,058;2025-03-11 22:00:00.0;0,20
PIRAQUARA;411950902A;PR;Horto Municipal;-25,472;-49,058;2025-03-11 22:10:00.0;0,20
PIRAQUARA;411950902A;PR;Horto Municipal;-25,472;-49,058;2025-03-11 22:20:00.0;0,20
PIRAQUARA;411950902A;PR;Horto Municipal;-25,472;-49,058;2025-03-11 22:30:00.0;0,39
PIRAQUARA;411950902A;PR;Horto Municipal;-25,472;-49,058;2025-03-11 22:40:00.0;0,39
PIRAQUARA;411950902A;PR;Horto Municipal;-25,472;-49,058;2025-03-11 22:50:00.0;0,39
PIRAQUARA;411950902A;PR;Horto Municipal;-25,472;-49,058;2025-03-11 23:00:00.0;0,39
PIRAQUARA;411950902A;PR;Horto Municipal;-25,472;-49,058;2025-03-11 23:10:00.0;0,79
PIRAQUARA;411950902A;PR;Horto Municipal;-25,472;-49,058;2025-03-11 23:20:00.0;0,59
PIRAQUARA;411950902A;PR;Horto Municipal;-25,472;-49,058;2025-03-11 23:30:00.0;0,39
PIRAQUARA;411950902A;PR;Horto Municipal;-25,472;-49,058;2025-03-11 23:40:00.0;0,79
PIRAQUARA;411950902A;PR;Horto Municipal;-25,472;-49,058;2025-03-11 23:50:00.0;0,79
PIRAQUARA;411950902A;PR;Horto Municipal;-25,472;-49,058;2025-03-12 00:00:00.0;1,37
PIRAQUARA;411950902A;PR;Horto Municipal;-25,472;-49,058;2025-03-12 00:10:00.0;1,18
PIRAQUARA;411950902A;PR;Horto Municipal;-25,472;-49,058;2025-03-12 00:20:00.0;0,59
PIRAQUARA;411950902A;PR;Horto Municipal;-25,472;-49,058;2025-03-12 00:30:00.0;0,42
PIRAQUARA;411950902A;PR;Horto Municipal;-25,472;-49,058;2025-03-12 01:20:00.0;0,00
PIRAQUARA;411950902A;PR;Horto Municipal;-25,472;-49,058;2025-03-12 02:20:00.0;0,00
PIRAQUARA;411950902A;PR;Horto Municipal;-25,472;-49,058;2025-03-12 03:20:00.0;0,00
PIRAQUARA;411950902A;PR;Horto Municipal;-25,472;-49,058;2025-03-12 04:20:00.0;0,00
PIRAQUARA;411950902A;PR;Horto Municipal;-25,472;-49,058;2025-03-12 05:20:00.0;0,00
PIRAQUARA;411950902A;PR;Horto Municipal;-25,472;-49,058;2025-03-12 06:20:00.0;0,00
PIRAQUARA;411950902A;PR;Horto Municipal;-25,472;-49,058;2025-03-12 07:20:00.0;0,00
PIRAQUARA;411950902A;PR;Horto Municipal;-25,472;-49,058;2025-03-12 08:00:00.0;0,20
PIRAQUARA;411950902A;PR;Horto Municipal;-25,472;-49,058;2025-03-12 08:20:00.0;0,00
PIRAQUARA;411950902A;PR;Horto Municipal;-25,472;-49,058;2025-03-12 09:20:00.0;0,00
PIRAQUARA;411950902A;PR;Horto Municipal;-25,472;-49,058;2025-03-12 10:20:00.0;0,00
PIRAQUARA;411950902A;PR;Horto Municipal;-25,472;-49,058;2025-03-12 11:20:00.0;0,00
PIRAQUARA;411950902A;PR;Horto Municipal;-25,472;-49,058;2025-03-12 12:20:00.0;0,00
PIRAQUARA;411950902A;PR;Horto Municipal;-25,472;-49,058;2025-03-12 13:20:00.0;0,00
PIRAQUARA;411950902A;PR;Horto Municipal;-25,472;-49,058;2025-03-12 13:50:00.0;0,20
PIRAQUARA;411950902A;PR;Horto Municipal;-25,472;-49,058;2025-03-12 14:20:00.0;0,00
PIRAQUARA;411950902A;PR;Horto Municipal;-25,472;-49,058;2025-03-12 15:20:00.0;0,00
PIRAQUARA;411950902A;PR;Horto Municipal;-25,472;-49,058;2025-03-12 16:20:00.0;0,00
PIRAQUARA;411950902A;PR;Horto Municipal;-25,472;-49,058;2025-03-12 17:10:00.0;0,59
PIRAQUARA;411950902A;PR;Horto Municipal;-25,472;-49,058;2025-03-12 17:20:00.0;0,20
PIRAQUARA;411950902A;PR;Horto Municipal;-25,472;-49,058;2025-03-12 18:20:00.0;0,00
PIRAQUARA;411950902A;PR;Horto Municipal;-25,472;-49,058;2025-03-12 19:20:00.0;0,00
PIRAQUARA;411950902A;PR;Horto Municipal;-25,472;-49,058;2025-03-12 20:20:00.0;0,00
PIRAQUARA;411950902A;PR;Horto Municipal;-25,472;-49,058;2025-03-12 21:20:00.0;0,00
PIRAQUARA;411950902A;PR;Horto Municipal;-25,472;-49,058;2025-03-12 22:10:00.0;0,39
PIRAQUARA;411950902A;PR;Horto Municipal;-25,472;-49,058;2025-03-12 22:50:00.0;0,20
PIRAQUARA;411950902A;PR;Horto Municipal;-25,472;-49,058;2025-03-12 23:20:00.0;0,00
PIRAQUARA;411950902A;PR;Horto Municipal;-25,472;-49,058;2025-03-12 23:50:00.0;0,39
PIRAQUARA;411950902A;PR;Horto Municipal;-25,472;-49,058;2025-03-13 00:00:00.0;1,18
PIRAQUARA;411950902A;PR;Horto Municipal;-25,472;-49,058;2025-03-13 00:10:00.0;0,39
PIRAQUARA;411950902A;PR;Horto Municipal;-25,472;-49,058;2025-03-13 00:20:00.0;0,39
PIRAQUARA;411950902A;PR;Horto Municipal;-25,472;-49,058;2025-03-13 00:30:00.0;0,59
PIRAQUARA;411950902A;PR;Horto Municipal;-25,472;-49,058;2025-03-13 00:40:00.0;0,39
PIRAQUARA;411950902A;PR;Horto Municipal;-25,472;-49,058;2025-03-13 00:50:00.0;0,20
PIRAQUARA;411950902A;PR;Horto Municipal;-25,472;-49,058;2025-03-13 01:00:00.0;0,20
PIRAQUARA;411950902A;PR;Horto Municipal;-25,472;-49,058;2025-03-13 01:20:00.0;0,00
PIRAQUARA;411950902A;PR;Horto Municipal;-25,472;-49,058;2025-03-13 02:20:00.0;0,00
PIRAQUARA;411950902A;PR;Horto Municipal;-25,472;-49,058;2025-03-13 03:20:00.0;0,00
PIRAQUARA;411950902A;PR;Horto Municipal;-25,472;-49,058;2025-03-13 04:20:00.0;0,00
PIRAQUARA;411950902A;PR;Horto Municipal;-25,472;-49,058;2025-03-13 05:20:00.0;0,00
PIRAQUARA;411950902A;PR;Horto Municipal;-25,472;-49,058;2025-03-13 06:20:00.0;0,00
PIRAQUARA;411950902A;PR;Horto Municipal;-25,472;-49,058;2025-03-13 07:20:00.0;0,00
PIRAQUARA;411950902A;PR;Horto Municipal;-25,472;-49,058;2025-03-13 07:50:00.0;0,42
PIRAQUARA;411950902A;PR;Horto Municipal;-25,472;-49,058;2025-03-13 08:10:00.0;0,20
PIRAQUARA;411950902A;PR;Horto Municipal;-25,472;-49,058;2025-03-13 08:20:00.0;0,20
PIRAQUARA;411950902A;PR;Horto Municipal;-25,472;-49,058;2025-03-13 08:30:00.0;0,20
PIRAQUARA;411950902A;PR;Horto Municipal;-25,472;-49,058;2025-03-13 08:50:00.0;0,39
PIRAQUARA;411950902A;PR;Horto Municipal;-25,472;-49,058;2025-03-13 09:00:00.0;0,20
PIRAQUARA;411950902A;PR;Horto Municipal;-25,472;-49,058;2025-03-13 09:10:00.0;0,20
PIRAQUARA;411950902A;PR;Horto Municipal;-25,472;-49,058;2025-03-13 09:20:00.0;0,20
PIRAQUARA;411950902A;PR;Horto Municipal;-25,472;-49,058;2025-03-13 09:40:00.0;0,20
PIRAQUARA;411950902A;PR;Horto Municipal;-25,472;-49,058;2025-03-13 10:20:00.0;0,00
PIRAQUARA;411950902A;PR;Horto Municipal;-25,472;-49,058;2025-03-13 11:20:00.0;0,00
PIRAQUARA;411950902A;PR;Horto Municipal;-25,472;-49,058;2025-03-13 12:20:00.0;0,00
PIRAQUARA;411950902A;PR;Horto Municipal;-25,472;-49,058;2025-03-13 13:20:00.0;0,00
PIRAQUARA;411950902A;PR;Horto Municipal;-25,472;-49,058;2025-03-13 14:20:00.0;0,00
PIRAQUARA;411950902A;PR;Horto Municipal;-25,472;-49,058;2025-03-13 15:20:00.0;0,00
PIRAQUARA;411950902A;PR;Horto Municipal;-25,472;-49,058;2025-03-13 16:20:00.0;0,00
PIRAQUARA;411950902A;PR;Horto Municipal;-25,472;-49,058;2025-03-13 16:30:00.0;0,20
PIRAQUARA;411950902A;PR;Horto Municipal;-25,472;-49,058;2025-03-13 17:20:00.0;0,00
PIRAQUARA;411950902A;PR;Horto Municipal;-25,472;-49,058;2025-03-13 18:20:00.0;0,00
PIRAQUARA;411950902A;PR;Horto Municipal;-25,472;-49,058;2025-03-13 19:20:00.0;0,00
PIRAQUARA;411950902A;PR;Horto Municipal;-25,472;-49,058;2025-03-13 20:20:00.0;0,00
PIRAQUARA;411950902A;PR;Horto Municipal;-25,472;-49,058;2025-03-13 21:20:00.0;0,00
PIRAQUARA;411950902A;PR;Horto Municipal;-25,472;-49,058;2025-03-13 21:30:00.0;0,20
PIRAQUARA;411950902A;PR;Horto Municipal;-25,472;-49,058;2025-03-13 22:20:00.0;0,00
PIRAQUARA;411950902A;PR;Horto Municipal;-25,472;-49,058;2025-03-13 23:00:00.0;0,59
PIRAQUARA;411950902A;PR;Horto Municipal;-25,472;-49,058;2025-03-13 23:10:00.0;0,59
PIRAQUARA;411950902A;PR;Horto Municipal;-25,472;-49,058;2025-03-13 23:20:00.0;0,20
PIRAQUARA;411950902A;PR;Horto Municipal;-25,472;-49,058;2025-03-14 00:20:00.0;0,20
PIRAQUARA;411950902A;PR;Horto Municipal;-25,472;-49,058;2025-03-14 01:20:00.0;0,00
PIRAQUARA;411950902A;PR;Horto Municipal;-25,472;-49,058;2025-03-14 02:20:00.0;0,00
PIRAQUARA;411950902A;PR;Horto Municipal;-25,472;-49,058;2025-03-14 03:20:00.0;0,00
PIRAQUARA;411950902A;PR;Horto Municipal;-25,472;-49,058;2025-03-14 04:20:00.0;0,00
PIRAQUARA;411950902A;PR;Horto Municipal;-25,472;-49,058;2025-03-14 05:20:00.0;0,00
PIRAQUARA;411950902A;PR;Horto Municipal;-25,472;-49,058;2025-03-14 06:20:00.0;0,00
PIRAQUARA;411950902A;PR;Horto Municipal;-25,472;-49,058;2025-03-14 07:20:00.0;0,00
PIRAQUARA;411950902A;PR;Horto Municipal;-25,472;-49,058;2025-03-14 08:20:00.0;0,00
PIRAQUARA;411950902A;PR;Horto Municipal;-25,472;-49,058;2025-03-14 09:20:00.0;0,00
PIRAQUARA;411950902A;PR;Horto Municipal;-25,472;-49,058;2025-03-14 10:20:00.0;0,00
PIRAQUARA;411950902A;PR;Horto Municipal;-25,472;-49,058;2025-03-14 10:50:00.0;0,20
PIRAQUARA;411950902A;PR;Horto Municipal;-25,472;-49,058;2025-03-14 11:20:00.0;0,00
PIRAQUARA;411950902A;PR;Horto Municipal;-25,472;-49,058;2025-03-14 12:20:00.0;0,00
PIRAQUARA;411950902A;PR;Horto Municipal;-25,472;-49,058;2025-03-14 13:20:00.0;0,00
PIRAQUARA;411950902A;PR;Horto Municipal;-25,472;-49,058;2025-03-14 14:20:00.0;0,00
PIRAQUARA;411950902A;PR;Horto Municipal;-25,472;-49,058;2025-03-14 15:20:00.0;0,00
PIRAQUARA;411950902A;PR;Horto Municipal;-25,472;-49,058;2025-03-14 16:20:00.0;0,00
PIRAQUARA;411950902A;PR;Horto Municipal;-25,472;-49,058;2025-03-14 17:20:00.0;0,00
PIRAQUARA;411950902A;PR;Horto Municipal;-25,472;-49,058;2025-03-14 18:20:00.0;0,00
PIRAQUARA;411950902A;PR;Horto Municipal;-25,472;-49,058;2025-03-14 19:20:00.0;0,00
PIRAQUARA;411950902A;PR;Horto Municipal;-25,472;-49,058;2025-03-14 20:20:00.0;0,00
PIRAQUARA;411950902A;PR;Horto Municipal;-25,472;-49,058;2025-03-14 21:20:00.0;0,00
PIRAQUARA;411950902A;PR;Horto Municipal;-25,472;-49,058;2025-03-14 22:20:00.0;0,00
PIRAQUARA;411950902A;PR;Horto Municipal;-25,472;-49,058;2025-03-14 23:20:00.0;0,00
PIRAQUARA;411950902A;PR;Horto Municipal;-25,472;-49,058;2025-03-15 00:20:00.0;0,00
PIRAQUARA;411950902A;PR;Horto Municipal;-25,472;-49,058;2025-03-15 01:20:00.0;0,00
PIRAQUARA;411950902A;PR;Horto Municipal;-25,472;-49,058;2025-03-15 02:20:00.0;0,00
PIRAQUARA;411950902A;PR;Horto Municipal;-25,472;-49,058;2025-03-15 03:20:00.0;0,00
PIRAQUARA;411950902A;PR;Horto Municipal;-25,472;-49,058;2025-03-15 04:20:00.0;0,00
PIRAQUARA;411950902A;PR;Horto Municipal;-25,472;-49,058;2025-03-15 05:20:00.0;0,00
PIRAQUARA;411950902A;PR;Horto Municipal;-25,472;-49,058;2025-03-15 06:20:00.0;0,00
PIRAQUARA;411950902A;PR;Horto Municipal;-25,472;-49,058;2025-03-15 07:20:00.0;0,00
PIRAQUARA;411950902A;PR;Horto Municipal;-25,472;-49,058;2025-03-15 07:50:00.0;0,20
PIRAQUARA;411950902A;PR;Horto Municipal;-25,472;-49,058;2025-03-15 08:20:00.0;0,00
PIRAQUARA;411950902A;PR;Horto Municipal;-25,472;-49,058;2025-03-15 09:20:00.0;0,00
PIRAQUARA;411950902A;PR;Horto Municipal;-25,472;-49,058;2025-03-15 10:20:00.0;0,00
PIRAQUARA;411950902A;PR;Horto Municipal;-25,472;-49,058;2025-03-15 11:20:00.0;0,00
PIRAQUARA;411950902A;PR;Horto Municipal;-25,472;-49,058;2025-03-15 12:20:00.0;0,00
PIRAQUARA;411950902A;PR;Horto Municipal;-25,472;-49,058;2025-03-15 13:20:00.0;0,00
PIRAQUARA;411950902A;PR;Horto Municipal;-25,472;-49,058;2025-03-15 14:20:00.0;0,00
PIRAQUARA;411950902A;PR;Horto Municipal;-25,472;-49,058;2025-03-15 15:20:00.0;0,00
PIRAQUARA;411950902A;PR;Horto Municipal;-25,472;-49,058;2025-03-15 16:20:00.0;0,00
PIRAQUARA;411950902A;PR;Horto Municipal;-25,472;-49,058;2025-03-15 17:20:00.0;0,00
PIRAQUARA;411950902A;PR;Horto Municipal;-25,472;-49,058;2025-03-15 18:20:00.0;0,00
PIRAQUARA;411950902A;PR;Horto Municipal;-25,472;-49,058;2025-03-15 19:20:00.0;0,00
PIRAQUARA;411950902A;PR;Horto Municipal;-25,472;-49,058;2025-03-15 20:20:00.0;0,20
PIRAQUARA;411950902A;PR;Horto Municipal;-25,472;-49,058;2025-03-15 21:00:00.0;0,59
PIRAQUARA;411950902A;PR;Horto Municipal;-25,472;-49,058;2025-03-15 21:10:00.0;0,20
PIRAQUARA;411950902A;PR;Horto Municipal;-25,472;-49,058;2025-03-15 21:20:00.0;0,00
PIRAQUARA;411950902A;PR;Horto Municipal;-25,472;-49,058;2025-03-15 22:20:00.0;0,00
PIRAQUARA;411950902A;PR;Horto Municipal;-25,472;-49,058;2025-03-15 23:20:00.0;0,00
PIRAQUARA;411950902A;PR;Horto Municipal;-25,472;-49,058;2025-03-16 00:20:00.0;0,00
PIRAQUARA;411950902A;PR;Horto Municipal;-25,472;-49,058;2025-03-16 01:20:00.0;0,00
PIRAQUARA;411950902A;PR;Horto Municipal;-25,472;-49,058;2025-03-16 01:40:00.0;0,20
PIRAQUARA;411950902A;PR;Horto Municipal;-25,472;-49,058;2025-03-16 02:20:00.0;0,00
PIRAQUARA;411950902A;PR;Horto Municipal;-25,472;-49,058;2025-03-16 03:20:00.0;0,00
PIRAQUARA;411950902A;PR;Horto Municipal;-25,472;-49,058;2025-03-16 04:00:00.0;0,39
PIRAQUARA;411950902A;PR;Horto Municipal;-25,472;-49,058;2025-03-16 04:10:00.0;0,20
PIRAQUARA;411950902A;PR;Horto Municipal;-25,472;-49,058;2025-03-16 04:20:00.0;0,20
PIRAQUARA;411950902A;PR;Horto Municipal;-25,472;-49,058;2025-03-16 04:50:00.0;0,20
PIRAQUARA;411950902A;PR;Horto Municipal;-25,472;-49,058;2025-03-16 05:20:00.0;0,00
PIRAQUARA;411950902A;PR;Horto Municipal;-25,472;-49,058;2025-03-16 06:20:00.0;0,00
PIRAQUARA;411950902A;PR;Horto Municipal;-25,472;-49,058;2025-03-16 07:20:00.0;0,00
PIRAQUARA;411950902A;PR;Horto Municipal;-25,472;-49,058;2025-03-16 08:20:00.0;0,00
PIRAQUARA;411950902A;PR;Horto Municipal;-25,472;-49,058;2025-03-16 09:20:00.0;0,00
PIRAQUARA;411950902A;PR;Horto Municipal;-25,472;-49,058;2025-03-16 10:20:00.0;0,00
PIRAQUARA;411950902A;PR;Horto Municipal;-25,472;-49,058;2025-03-16 11:20:00.0;0,00
PIRAQUARA;411950902A;PR;Horto Municipal;-25,472;-49,058;2025-03-16 12:20:00.0;0,00
PIRAQUARA;411950902A;PR;Horto Municipal;-25,472;-49,058;2025-03-16 13:20:00.0;0,00
PIRAQUARA;411950902A;PR;Horto Municipal;-25,472;-49,058;2025-03-16 14:20:00.0;0,00
PIRAQUARA;411950902A;PR;Horto Municipal;-25,472;-49,058;2025-03-16 15:20:00.0;0,00
PIRAQUARA;411950902A;PR;Horto Municipal;-25,472;-49,058;2025-03-16 16:20:00.0;0,00
PIRAQUARA;411950902A;PR;Horto Municipal;-25,472;-49,058;2025-03-16 17:20:00.0;0,00
PIRAQUARA;411950902A;PR;Horto Municipal;-25,472;-49,058;2025-03-16 18:20:00.0;0,00
PIRAQUARA;411950902A;PR;Horto Municipal;-25,472;-49,058;2025-03-16 19:20:00.0;0,00
PIRAQUARA;411950902A;PR;Horto Municipal;-25,472;-49,058;2025-03-16 20:20:00.0;0,00
PIRAQUARA;411950902A;PR;Horto Municipal;-25,472;-49,058;2025-03-16 21:20:00.0;0,00
PIRAQUARA;411950902A;PR;Horto Municipal;-25,472;-49,058;2025-03-16 22:20:00.0;0,00
PIRAQUARA;411950902A;PR;Horto Municipal;-25,472;-49,058;2025-03-16 23:20:00.0;0,00
PIRAQUARA;411950902A;PR;Horto Municipal;-25,472;-49,058;2025-03-17 00:20:00.0;0,00
PIRAQUARA;411950902A;PR;Horto Municipal;-25,472;-49,058;2025-03-17 01:20:00.0;0,00
PIRAQUARA;411950902A;PR;Horto Municipal;-25,472;-49,058;2025-03-17 02:20:00.0;0,00
PIRAQUARA;411950902A;PR;Horto Municipal;-25,472;-49,058;2025-03-17 03:20:00.0;0,00
PIRAQUARA;411950902A;PR;Horto Municipal;-25,472;-49,058;2025-03-17 04:20:00.0;0,00
PIRAQUARA;411950902A;PR;Horto Municipal;-25,472;-49,058;2025-03-17 05:20:00.0;0,00
PIRAQUARA;411950902A;PR;Horto Municipal;-25,472;-49,058;2025-03-17 06:20:00.0;0,00
PIRAQUARA;411950902A;PR;Horto Municipal;-25,472;-49,058;2025-03-17 07:20:00.0;0,00
PIRAQUARA;411950902A;PR;Horto Municipal;-25,472;-49,058;2025-03-17 08:20:00.0;0,00
PIRAQUARA;411950902A;PR;Horto Municipal;-25,472;-49,058;2025-03-17 09:20:00.0;0,00
PIRAQUARA;411950902A;PR;Horto Municipal;-25,472;-49,058;2025-03-17 10:20:00.0;0,00
PIRAQUARA;411950902A;PR;Horto Municipal;-25,472;-49,058;2025-03-17 11:20:00.0;0,00
PIRAQUARA;411950902A;PR;Horto Municipal;-25,472;-49,058;2025-03-17 12:20:00.0;0,00
PIRAQUARA;411950902A;PR;Horto Municipal;-25,472;-49,058;2025-03-17 13:20:00.0;0,00
PIRAQUARA;411950902A;PR;Horto Municipal;-25,472;-49,058;2025-03-17 14:20:00.0;0,00
PIRAQUARA;411950902A;PR;Horto Municipal;-25,472;-49,058;2025-03-17 15:20:00.0;0,00
PIRAQUARA;411950902A;PR;Horto Municipal;-25,472;-49,058;2025-03-17 16:20:00.0;0,00
PIRAQUARA;411950902A;PR;Horto Municipal;-25,472;-49,058;2025-03-17 17:20:00.0;0,00
PIRAQUARA;411950902A;PR;Horto Municipal;-25,472;-49,058;2025-03-17 18:20:00.0;0,00
PIRAQUARA;411950902A;PR;Horto Municipal;-25,472;-49,058;2025-03-17 19:20:00.0;0,00
PIRAQUARA;411950902A;PR;Horto Municipal;-25,472;-49,058;2025-03-17 20:20:00.0;0,00
PIRAQUARA;411950902A;PR;Horto Municipal;-25,472;-49,058;2025-03-17 21:20:00.0;0,00
PIRAQUARA;411950902A;PR;Horto Municipal;-25,472;-49,058;2025-03-17 22:20:00.0;0,00
PIRAQUARA;411950902A;PR;Horto Municipal;-25,472;-49,058;2025-03-17 23:20:00.0;0,00
PIRAQUARA;411950902A;PR;Horto Municipal;-25,472;-49,058;2025-03-18 00:20:00.0;0,00
PIRAQUARA;411950902A;PR;Horto Municipal;-25,472;-49,058;2025-03-18 01:20:00.0;0,00
PIRAQUARA;411950902A;PR;Horto Municipal;-25,472;-49,058;2025-03-18 02:20:00.0;0,00
PIRAQUARA;411950902A;PR;Horto Municipal;-25,472;-49,058;2025-03-18 03:20:00.0;0,00
PIRAQUARA;411950902A;PR;Horto Municipal;-25,472;-49,058;2025-03-18 04:20:00.0;0,00
PIRAQUARA;411950902A;PR;Horto Municipal;-25,472;-49,058;2025-03-18 05:20:00.0;0,00
PIRAQUARA;411950902A;PR;Horto Municipal;-25,472;-49,058;2025-03-18 06:20:00.0;0,00
PIRAQUARA;411950902A;PR;Horto Municipal;-25,472;-49,058;2025-03-18 07:20:00.0;0,00
PIRAQUARA;411950902A;PR;Horto Municipal;-25,472;-49,058;2025-03-18 08:20:00.0;0,00
PIRAQUARA;411950902A;PR;Horto Municipal;-25,472;-49,058;2025-03-18 09:20:00.0;0,00
PIRAQUARA;411950902A;PR;Horto Municipal;-25,472;-49,058;2025-03-18 10:20:00.0;0,00
PIRAQUARA;411950902A;PR;Horto Municipal;-25,472;-49,058;2025-03-18 11:20:00.0;0,00
PIRAQUARA;411950902A;PR;Horto Municipal;-25,472;-49,058;2025-03-18 12:20:00.0;0,00
PIRAQUARA;411950902A;PR;Horto Municipal;-25,472;-49,058;2025-03-18 13:20:00.0;0,00
PIRAQUARA;411950902A;PR;Horto Municipal;-25,472;-49,058;2025-03-18 14:20:00.0;0,00
PIRAQUARA;411950902A;PR;Horto Municipal;-25,472;-49,058;2025-03-18 15:20:00.0;0,00
PIRAQUARA;411950902A;PR;Horto Municipal;-25,472;-49,058;2025-03-18 16:20:00.0;0,00
PIRAQUARA;411950902A;PR;Horto Municipal;-25,472;-49,058;2025-03-18 17:20:00.0;0,00
PIRAQUARA;411950902A;PR;Horto Municipal;-25,472;-49,058;2025-03-18 18:20:00.0;0,00
PIRAQUARA;411950902A;PR;Horto Municipal;-25,472;-49,058;2025-03-18 19:20:00.0;0,00
PIRAQUARA;411950902A;PR;Horto Municipal;-25,472;-49,058;2025-03-18 20:10:00.0;0,20
PIRAQUARA;411950902A;PR;Horto Municipal;-25,472;-49,058;2025-03-18 20:20:00.0;0,00
PIRAQUARA;411950902A;PR;Horto Municipal;-25,472;-49,058;2025-03-18 21:20:00.0;0,00
PIRAQUARA;411950902A;PR;Horto Municipal;-25,472;-49,058;2025-03-18 22:20:00.0;0,00
PIRAQUARA;411950902A;PR;Horto Municipal;-25,472;-49,058;2025-03-18 23:20:00.0;0,00
PIRAQUARA;411950902A;PR;Horto Municipal;-25,472;-49,058;2025-03-19 00:20:00.0;0,00
PIRAQUARA;411950902A;PR;Horto Municipal;-25,472;-49,058;2025-03-19 01:20:00.0;0,00
PIRAQUARA;411950902A;PR;Horto Municipal;-25,472;-49,058;2025-03-19 02:20:00.0;0,00
PIRAQUARA;411950902A;PR;Horto Municipal;-25,472;-49,058;2025-03-19 03:20:00.0;0,00
PIRAQUARA;411950902A;PR;Horto Municipal;-25,472;-49,058;2025-03-19 04:20:00.0;0,00
PIRAQUARA;411950902A;PR;Horto Municipal;-25,472;-49,058;2025-03-19 05:20:00.0;0,00
PIRAQUARA;411950902A;PR;Horto Municipal;-25,472;-49,058;2025-03-19 06:20:00.0;0,00
PIRAQUARA;411950902A;PR;Horto Municipal;-25,472;-49,058;2025-03-19 07:20:00.0;0,00
PIRAQUARA;411950902A;PR;Horto Municipal;-25,472;-49,058;2025-03-19 08:20:00.0;0,00
PIRAQUARA;411950902A;PR;Horto Municipal;-25,472;-49,058;2025-03-19 09:20:00.0;0,00
PIRAQUARA;411950902A;PR;Horto Municipal;-25,472;-49,058;2025-03-19 10:20:00.0;0,00
PIRAQUARA;411950902A;PR;Horto Municipal;-25,472;-49,058;2025-03-19 11:20:00.0;0,00
PIRAQUARA;411950902A;PR;Horto Municipal;-25,472;-49,058;2025-03-19 12:20:00.0;0,00
PIRAQUARA;411950902A;PR;Horto Municipal;-25,472;-49,058;2025-03-19 13:20:00.0;0,00
PIRAQUARA;411950902A;PR;Horto Municipal;-25,472;-49,058;2025-03-19 14:20:00.0;0,00
PIRAQUARA;411950902A;PR;Horto Municipal;-25,472;-49,058;2025-03-19 15:20:00.0;0,00
PIRAQUARA;411950902A;PR;Horto Municipal;-25,472;-49,058;2025-03-19 16:20:00.0;0,00
PIRAQUARA;411950902A;PR;Horto Municipal;-25,472;-49,058;2025-03-19 17:20:00.0;0,00
PIRAQUARA;411950902A;PR;Horto Municipal;-25,472;-49,058;2025-03-19 18:20:00.0;0,00
PIRAQUARA;411950902A;PR;Horto Municipal;-25,472;-49,058;2025-03-19 19:20:00.0;0,00
PIRAQUARA;411950902A;PR;Horto Municipal;-25,472;-49,058;2025-03-19 20:20:00.0;0,00
PIRAQUARA;411950902A;PR;Horto Municipal;-25,472;-49,058;2025-03-19 21:20:00.0;0,00
PIRAQUARA;411950902A;PR;Horto Municipal;-25,472;-49,058;2025-03-19 22:20:00.0;0,00
PIRAQUARA;411950902A;PR;Horto Municipal;-25,472;-49,058;2025-03-19 23:20:00.0;0,00
PIRAQUARA;411950902A;PR;Horto Municipal;-25,472;-49,058;2025-03-20 00:20:00.0;0,00
PIRAQUARA;411950902A;PR;Horto Municipal;-25,472;-49,058;2025-03-20 01:20:00.0;0,00
PIRAQUARA;411950902A;PR;Horto Municipal;-25,472;-49,058;2025-03-20 02:20:00.0;0,00
PIRAQUARA;411950902A;PR;Horto Municipal;-25,472;-49,058;2025-03-20 03:20:00.0;0,00
PIRAQUARA;411950902A;PR;Horto Municipal;-25,472;-49,058;2025-03-20 04:20:00.0;0,00
PIRAQUARA;411950902A;PR;Horto Municipal;-25,472;-49,058;2025-03-20 05:20:00.0;0,00
PIRAQUARA;411950902A;PR;Horto Municipal;-25,472;-49,058;2025-03-20 06:20:00.0;0,00
PIRAQUARA;411950902A;PR;Horto Municipal;-25,472;-49,058;2025-03-20 07:20:00.0;0,00
PIRAQUARA;411950902A;PR;Horto Municipal;-25,472;-49,058;2025-03-20 08:20:00.0;0,00
PIRAQUARA;411950902A;PR;Horto Municipal;-25,472;-49,058;2025-03-20 09:20:00.0;0,00
PIRAQUARA;411950902A;PR;Horto Municipal;-25,472;-49,058;2025-03-20 10:20:00.0;0,00
PIRAQUARA;411950902A;PR;Horto Municipal;-25,472;-49,058;2025-03-20 11:20:00.0;0,00
PIRAQUARA;411950902A;PR;Horto Municipal;-25,472;-49,058;2025-03-20 12:20:00.0;0,00
PIRAQUARA;411950902A;PR;Horto Municipal;-25,472;-49,058;2025-03-20 13:20:00.0;0,00
PIRAQUARA;411950902A;PR;Horto Municipal;-25,472;-49,058;2025-03-20 14:20:00.0;0,00
PIRAQUARA;411950902A;PR;Horto Municipal;-25,472;-49,058;2025-03-20 15:20:00.0;0,00
PIRAQUARA;411950902A;PR;Horto Municipal;-25,472;-49,058;2025-03-20 16:20:00.0;0,00
PIRAQUARA;411950902A;PR;Horto Municipal;-25,472;-49,058;2025-03-20 17:20:00.0;0,00
PIRAQUARA;411950902A;PR;Horto Municipal;-25,472;-49,058;2025-03-20 17:50:00.0;0,20
PIRAQUARA;411950902A;PR;Horto Municipal;-25,472;-49,058;2025-03-20 18:20:00.0;0,00
PIRAQUARA;411950902A;PR;Horto Municipal;-25,472;-49,058;2025-03-20 19:20:00.0;0,00
PIRAQUARA;411950902A;PR;Horto Municipal;-25,472;-49,058;2025-03-20 20:20:00.0;0,00
PIRAQUARA;411950902A;PR;Horto Municipal;-25,472;-49,058;2025-03-20 21:20:00.0;0,00
PIRAQUARA;411950902A;PR;Horto Municipal;-25,472;-49,058;2025-03-20 22:20:00.0;0,00
PIRAQUARA;411950902A;PR;Horto Municipal;-25,472;-49,058;2025-03-20 23:20:00.0;0,00
PIRAQUARA;411950902A;PR;Horto Municipal;-25,472;-49,058;2025-03-21 00:20:00.0;0,00
PIRAQUARA;411950902A;PR;Horto Municipal;-25,472;-49,058;2025-03-21 02:20:00.0;0,00
PIRAQUARA;411950902A;PR;Horto Municipal;-25,472;-49,058;2025-03-21 03:20:00.0;0,00
PIRAQUARA;411950902A;PR;Horto Municipal;-25,472;-49,058;2025-03-21 04:20:00.0;0,00
PIRAQUARA;411950902A;PR;Horto Municipal;-25,472;-49,058;2025-03-21 05:20:00.0;0,00
PIRAQUARA;411950902A;PR;Horto Municipal;-25,472;-49,058;2025-03-21 06:20:00.0;0,00
PIRAQUARA;411950902A;PR;Horto Municipal;-25,472;-49,058;2025-03-21 07:20:00.0;0,00
PIRAQUARA;411950902A;PR;Horto Municipal;-25,472;-49,058;2025-03-21 08:20:00.0;0,00
PIRAQUARA;411950902A;PR;Horto Municipal;-25,472;-49,058;2025-03-21 09:20:00.0;0,00
PIRAQUARA;411950902A;PR;Horto Municipal;-25,472;-49,058;2025-03-21 10:20:00.0;0,00
PIRAQUARA;411950902A;PR;Horto Municipal;-25,472;-49,058;2025-03-21 11:20:00.0;0,00
PIRAQUARA;411950902A;PR;Horto Municipal;-25,472;-49,058;2025-03-21 12:20:00.0;0,00
PIRAQUARA;411950902A;PR;Horto Municipal;-25,472;-49,058;2025-03-21 13:20:00.0;0,00
PIRAQUARA;411950902A;PR;Horto Municipal;-25,472;-49,058;2025-03-21 13:50:00.0;0,20
PIRAQUARA;411950902A;PR;Horto Municipal;-25,472;-49,058;2025-03-21 14:20:00.0;0,00
PIRAQUARA;411950902A;PR;Horto Municipal;-25,472;-49,058;2025-03-21 15:20:00.0;0,00
PIRAQUARA;411950902A;PR;Horto Municipal;-25,472;-49,058;2025-03-21 16:20:00.0;0,00
PIRAQUARA;411950902A;PR;Horto Municipal;-25,472;-49,058;2025-03-21 17:20:00.0;0,00
PIRAQUARA;411950902A;PR;Horto Municipal;-25,472;-49,058;2025-03-21 18:20:00.0;0,00
PIRAQUARA;411950902A;PR;Horto Municipal;-25,472;-49,058;2025-03-21 19:20:00.0;0,00
PIRAQUARA;411950902A;PR;Horto Municipal;-25,472;-49,058;2025-03-21 20:20:00.0;0,00
PIRAQUARA;411950902A;PR;Horto Municipal;-25,472;-49,058;2025-03-21 21:20:00.0;0,00
PIRAQUARA;411950902A;PR;Horto Municipal;-25,472;-49,058;2025-03-21 22:20:00.0;0,00
PIRAQUARA;411950902A;PR;Horto Municipal;-25,472;-49,058;2025-03-21 23:20:00.0;0,00
PIRAQUARA;411950902A;PR;Horto Municipal;-25,472;-49,058;2025-03-22 00:20:00.0;0,00
PIRAQUARA;411950902A;PR;Horto Municipal;-25,472;-49,058;2025-03-22 01:20:00.0;0,00
PIRAQUARA;411950902A;PR;Horto Municipal;-25,472;-49,058;2025-03-22 02:20:00.0;0,00
PIRAQUARA;411950902A;PR;Horto Municipal;-25,472;-49,058;2025-03-22 03:20:00.0;0,00
PIRAQUARA;411950902A;PR;Horto Municipal;-25,472;-49,058;2025-03-22 04:20:00.0;0,00
PIRAQUARA;411950902A;PR;Horto Municipal;-25,472;-49,058;2025-03-22 05:20:00.0;0,00
PIRAQUARA;411950902A;PR;Horto Municipal;-25,472;-49,058;2025-03-22 06:20:00.0;0,00
PIRAQUARA;411950902A;PR;Horto Municipal;-25,472;-49,058;2025-03-22 07:20:00.0;0,00
PIRAQUARA;411950902A;PR;Horto Municipal;-25,472;-49,058;2025-03-22 08:20:00.0;0,00
PIRAQUARA;411950902A;PR;Horto Municipal;-25,472;-49,058;2025-03-22 09:20:00.0;0,00
PIRAQUARA;411950902A;PR;Horto Municipal;-25,472;-49,058;2025-03-22 10:20:00.0;0,00
PIRAQUARA;411950902A;PR;Horto Municipal;-25,472;-49,058;2025-03-22 11:20:00.0;0,00
PIRAQUARA;411950902A;PR;Horto Municipal;-25,472;-49,058;2025-03-22 12:20:00.0;0,00
PIRAQUARA;411950902A;PR;Horto Municipal;-25,472;-49,058;2025-03-22 13:20:00.0;0,00
PIRAQUARA;411950902A;PR;Horto Municipal;-25,472;-49,058;2025-03-22 14:20:00.0;0,00
PIRAQUARA;411950902A;PR;Horto Municipal;-25,472;-49,058;2025-03-22 14:30:00.0;0,20
PIRAQUARA;411950902A;PR;Horto Municipal;-25,472;-49,058;2025-03-22 15:20:00.0;0,00
PIRAQUARA;411950902A;PR;Horto Municipal;-25,472;-49,058;2025-03-22 16:20:00.0;0,00
PIRAQUARA;411950902A;PR;Horto Municipal;-25,472;-49,058;2025-03-22 17:20:00.0;0,00
PIRAQUARA;411950902A;PR;Horto Municipal;-25,472;-49,058;2025-03-22 18:20:00.0;0,00
PIRAQUARA;411950902A;PR;Horto Municipal;-25,472;-49,058;2025-03-22 19:20:00.0;0,00
PIRAQUARA;411950902A;PR;Horto Municipal;-25,472;-49,058;2025-03-22 20:20:00.0;0,00
PIRAQUARA;411950902A;PR;Horto Municipal;-25,472;-49,058;2025-03-22 21:20:00.0;0,00
PIRAQUARA;411950902A;PR;Horto Municipal;-25,472;-49,058;2025-03-22 22:20:00.0;0,00
PIRAQUARA;411950902A;PR;Horto Municipal;-25,472;-49,058;2025-03-22 23:20:00.0;0,00
PIRAQUARA;411950902A;PR;Horto Municipal;-25,472;-49,058;2025-03-23 00:20:00.0;0,00
PIRAQUARA;411950902A;PR;Horto Municipal;-25,472;-49,058;2025-03-23 01:20:00.0;0,00
PIRAQUARA;411950902A;PR;Horto Municipal;-25,472;-49,058;2025-03-23 02:20:00.0;0,00
PIRAQUARA;411950902A;PR;Horto Municipal;-25,472;-49,058;2025-03-23 03:20:00.0;0,00
PIRAQUARA;411950902A;PR;Horto Municipal;-25,472;-49,058;2025-03-23 04:20:00.0;0,00
PIRAQUARA;411950902A;PR;Horto Municipal;-25,472;-49,058;2025-03-23 05:20:00.0;0,00
PIRAQUARA;411950902A;PR;Horto Municipal;-25,472;-49,058;2025-03-23 06:20:00.0;0,00
PIRAQUARA;411950902A;PR;Horto Municipal;-25,472;-49,058;2025-03-23 07:20:00.0;0,00
PIRAQUARA;411950902A;PR;Horto Municipal;-25,472;-49,058;2025-03-23 08:20:00.0;0,00
PIRAQUARA;411950902A;PR;Horto Municipal;-25,472;-49,058;2025-03-23 09:20:00.0;0,00
PIRAQUARA;411950902A;PR;Horto Municipal;-25,472;-49,058;2025-03-23 10:20:00.0;0,00
PIRAQUARA;411950902A;PR;Horto Municipal;-25,472;-49,058;2025-03-23 11:20:00.0;0,00
PIRAQUARA;411950902A;PR;Horto Municipal;-25,472;-49,058;2025-03-23 12:20:00.0;0,00
PIRAQUARA;411950902A;PR;Horto Municipal;-25,472;-49,058;2025-03-23 13:20:00.0;0,00
PIRAQUARA;411950902A;PR;Horto Municipal;-25,472;-49,058;2025-03-23 14:20:00.0;0,00
PIRAQUARA;411950902A;PR;Horto Municipal;-25,472;-49,058;2025-03-23 15:20:00.0;0,00
PIRAQUARA;411950902A;PR;Horto Municipal;-25,472;-49,058;2025-03-23 16:20:00.0;0,00
PIRAQUARA;411950902A;PR;Horto Municipal;-25,472;-49,058;2025-03-23 17:20:00.0;0,00
PIRAQUARA;411950902A;PR;Horto Municipal;-25,472;-49,058;2025-03-23 18:20:00.0;0,00
PIRAQUARA;411950902A;PR;Horto Municipal;-25,472;-49,058;2025-03-23 19:20:00.0;0,00
PIRAQUARA;411950902A;PR;Horto Municipal;-25,472;-49,058;2025-03-23 20:20:00.0;0,00
PIRAQUARA;411950902A;PR;Horto Municipal;-25,472;-49,058;2025-03-23 21:20:00.0;0,00
PIRAQUARA;411950902A;PR;Horto Municipal;-25,472;-49,058;2025-03-23 22:20:00.0;0,00
PIRAQUARA;411950902A;PR;Horto Municipal;-25,472;-49,058;2025-03-23 23:20:00.0;0,00
PIRAQUARA;411950902A;PR;Horto Municipal;-25,472;-49,058;2025-03-24 00:20:00.0;0,00
PIRAQUARA;411950902A;PR;Horto Municipal;-25,472;-49,058;2025-03-24 01:20:00.0;0,00
PIRAQUARA;411950902A;PR;Horto Municipal;-25,472;-49,058;2025-03-24 02:20:00.0;0,00
PIRAQUARA;411950902A;PR;Horto Municipal;-25,472;-49,058;2025-03-24 03:20:00.0;0,00
PIRAQUARA;411950902A;PR;Horto Municipal;-25,472;-49,058;2025-03-24 04:20:00.0;0,00
PIRAQUARA;411950902A;PR;Horto Municipal;-25,472;-49,058;2025-03-24 05:20:00.0;0,00
PIRAQUARA;411950902A;PR;Horto Municipal;-25,472;-49,058;2025-03-24 06:20:00.0;0,00
PIRAQUARA;411950902A;PR;Horto Municipal;-25,472;-49,058;2025-03-24 07:20:00.0;0,00
PIRAQUARA;411950902A;PR;Horto Municipal;-25,472;-49,058;2025-03-24 08:20:00.0;0,00
PIRAQUARA;411950902A;PR;Horto Municipal;-25,472;-49,058;2025-03-24 09:20:00.0;0,00
PIRAQUARA;411950902A;PR;Horto Municipal;-25,472;-49,058;2025-03-24 10:20:00.0;0,00
PIRAQUARA;411950902A;PR;Horto Municipal;-25,472;-49,058;2025-03-24 11:20:00.0;0,00
PIRAQUARA;411950902A;PR;Horto Municipal;-25,472;-49,058;2025-03-24 12:20:00.0;0,00
PIRAQUARA;411950902A;PR;Horto Municipal;-25,472;-49,058;2025-03-24 13:20:00.0;0,00
PIRAQUARA;411950902A;PR;Horto Municipal;-25,472;-49,058;2025-03-24 14:20:00.0;0,00
PIRAQUARA;411950902A;PR;Horto Municipal;-25,472;-49,058;2025-03-24 15:20:00.0;0,00
PIRAQUARA;411950902A;PR;Horto Municipal;-25,472;-49,058;2025-03-24 16:20:00.0;0,00
PIRAQUARA;411950902A;PR;Horto Municipal;-25,472;-49,058;2025-03-24 17:20:00.0;0,00
PIRAQUARA;411950902A;PR;Horto Municipal;-25,472;-49,058;2025-03-24 18:20:00.0;0,00
PIRAQUARA;411950902A;PR;Horto Municipal;-25,472;-49,058;2025-03-24 19:20:00.0;0,00
PIRAQUARA;411950902A;PR;Horto Municipal;-25,472;-49,058;2025-03-24 20:20:00.0;0,00
PIRAQUARA;411950902A;PR;Horto Municipal;-25,472;-49,058;2025-03-24 21:20:00.0;0,00
PIRAQUARA;411950902A;PR;Horto Municipal;-25,472;-49,058;2025-03-24 22:20:00.0;0,00
PIRAQUARA;411950902A;PR;Horto Municipal;-25,472;-49,058;2025-03-24 23:20:00.0;0,00
PIRAQUARA;411950902A;PR;Horto Municipal;-25,472;-49,058;2025-03-25 00:20:00.0;0,00
PIRAQUARA;411950902A;PR;Horto Municipal;-25,472;-49,058;2025-03-25 01:20:00.0;0,00
PIRAQUARA;411950902A;PR;Horto Municipal;-25,472;-49,058;2025-03-25 02:20:00.0;0,00
PIRAQUARA;411950902A;PR;Horto Municipal;-25,472;-49,058;2025-03-25 03:20:00.0;0,00
PIRAQUARA;411950902A;PR;Horto Municipal;-25,472;-49,058;2025-03-25 04:20:00.0;0,00
PIRAQUARA;411950902A;PR;Horto Municipal;-25,472;-49,058;2025-03-25 05:20:00.0;0,00
PIRAQUARA;411950902A;PR;Horto Municipal;-25,472;-49,058;2025-03-25 06:20:00.0;0,00
PIRAQUARA;411950902A;PR;Horto Municipal;-25,472;-49,058;2025-03-25 07:20:00.0;0,00
PIRAQUARA;411950902A;PR;Horto Municipal;-25,472;-49,058;2025-03-25 08:20:00.0;0,00
PIRAQUARA;411950902A;PR;Horto Municipal;-25,472;-49,058;2025-03-25 08:50:00.0;0,39
PIRAQUARA;411950902A;PR;Horto Municipal;-25,472;-49,058;2025-03-25 09:00:00.0;0,59
PIRAQUARA;411950902A;PR;Horto Municipal;-25,472;-49,058;2025-03-25 09:10:00.0;0,20
PIRAQUARA;411950902A;PR;Horto Municipal;-25,472;-49,058;2025-03-25 09:20:00.0;0,00
PIRAQUARA;411950902A;PR;Horto Municipal;-25,472;-49,058;2025-03-25 10:20:00.0;0,00
PIRAQUARA;411950902A;PR;Horto Municipal;-25,472;-49,058;2025-03-25 11:20:00.0;0,00
PIRAQUARA;411950902A;PR;Horto Municipal;-25,472;-49,058;2025-03-25 12:20:00.0;0,00
PIRAQUARA;411950902A;PR;Horto Municipal;-25,472;-49,058;2025-03-25 13:20:00.0;0,00
PIRAQUARA;411950902A;PR;Horto Municipal;-25,472;-49,058;2025-03-25 14:20:00.0;0,00
PIRAQUARA;411950902A;PR;Horto Municipal;-25,472;-49,058;2025-03-25 15:20:00.0;0,00
PIRAQUARA;411950902A;PR;Horto Municipal;-25,472;-49,058;2025-03-25 16:30:00.0;0,20
PIRAQUARA;411950902A;PR;Horto Municipal;-25,472;-49,058;2025-03-25 16:40:00.0;0,00
PIRAQUARA;411950902A;PR;Horto Municipal;-25,472;-49,058;2025-03-25 17:20:00.0;0,00
PIRAQUARA;411950902A;PR;Horto Municipal;-25,472;-49,058;2025-03-25 18:20:00.0;0,00
PIRAQUARA;411950902A;PR;Horto Municipal;-25,472;-49,058;2025-03-25 19:20:00.0;0,00
PIRAQUARA;411950902A;PR;Horto Municipal;-25,472;-49,058;2025-03-25 20:20:00.0;0,00
PIRAQUARA;411950902A;PR;Horto Municipal;-25,472;-49,058;2025-03-25 21:20:00.0;0,00
PIRAQUARA;411950902A;PR;Horto Municipal;-25,472;-49,058;2025-03-25 22:20:00.0;0,00
PIRAQUARA;411950902A;PR;Horto Municipal;-25,472;-49,058;2025-03-25 23:20:00.0;0,00
PIRAQUARA;411950902A;PR;Horto Municipal;-25,472;-49,058;2025-03-26 00:20:00.0;0,00
PIRAQUARA;411950902A;PR;Horto Municipal;-25,472;-49,058;2025-03-26 01:20:00.0;0,00
PIRAQUARA;411950902A;PR;Horto Municipal;-25,472;-49,058;2025-03-26 02:20:00.0;0,00
PIRAQUARA;411950902A;PR;Horto Municipal;-25,472;-49,058;2025-03-26 03:20:00.0;0,00
PIRAQUARA;411950902A;PR;Horto Municipal;-25,472;-49,058;2025-03-26 04:20:00.0;0,00
PIRAQUARA;411950902A;PR;Horto Municipal;-25,472;-49,058;2025-03-26 05:00:00.0;0,20
PIRAQUARA;411950902A;PR;Horto Municipal;-25,472;-49,058;2025-03-26 05:20:00.0;0,00
PIRAQUARA;411950902A;PR;Horto Municipal;-25,472;-49,058;2025-03-26 05:30:00.0;0,20
PIRAQUARA;411950902A;PR;Horto Municipal;-25,472;-49,058;2025-03-26 06:20:00.0;0,00
PIRAQUARA;411950902A;PR;Horto Municipal;-25,472;-49,058;2025-03-26 07:20:00.0;0,00
PIRAQUARA;411950902A;PR;Horto Municipal;-25,472;-49,058;2025-03-26 07:40:00.0;0,20
PIRAQUARA;411950902A;PR;Horto Municipal;-25,472;-49,058;2025-03-26 08:20:00.0;0,00
PIRAQUARA;411950902A;PR;Horto Municipal;-25,472;-49,058;2025-03-26 09:20:00.0;0,00
PIRAQUARA;411950902A;PR;Horto Municipal;-25,472;-49,058;2025-03-26 10:20:00.0;0,00
PIRAQUARA;411950902A;PR;Horto Municipal;-25,472;-49,058;2025-03-26 11:20:00.0;0,00
PIRAQUARA;411950902A;PR;Horto Municipal;-25,472;-49,058;2025-03-26 12:20:00.0;0,00
PIRAQUARA;411950902A;PR;Horto Municipal;-25,472;-49,058;2025-03-26 13:20:00.0;0,00
PIRAQUARA;411950902A;PR;Horto Municipal;-25,472;-49,058;2025-03-26 14:20:00.0;0,00
PIRAQUARA;411950902A;PR;Horto Municipal;-25,472;-49,058;2025-03-26 15:20:00.0;0,00
PIRAQUARA;411950902A;PR;Horto Municipal;-25,472;-49,058;2025-03-26 16:20:00.0;0,00
PIRAQUARA;411950902A;PR;Horto Municipal;-25,472;-49,058;2025-03-26 17:20:00.0;0,00
PIRAQUARA;411950902A;PR;Horto Municipal;-25,472;-49,058;2025-03-26 18:20:00.0;0,00
PIRAQUARA;411950902A;PR;Horto Municipal;-25,472;-49,058;2025-03-26 19:20:00.0;0,00
PIRAQUARA;411950902A;PR;Horto Municipal;-25,472;-49,058;2025-03-26 20:20:00.0;0,00
PIRAQUARA;411950902A;PR;Horto Municipal;-25,472;-49,058;2025-03-26 21:20:00.0;0,00
PIRAQUARA;411950902A;PR;Horto Municipal;-25,472;-49,058;2025-03-26 22:20:00.0;0,00
PIRAQUARA;411950902A;PR;Horto Municipal;-25,472;-49,058;2025-03-26 23:20:00.0;0,00
PIRAQUARA;411950902A;PR;Horto Municipal;-25,472;-49,058;2025-03-27 00:20:00.0;0,00
PIRAQUARA;411950902A;PR;Horto Municipal;-25,472;-49,058;2025-03-27 01:20:00.0;0,00
PIRAQUARA;411950902A;PR;Horto Municipal;-25,472;-49,058;2025-03-27 02:20:00.0;0,00
PIRAQUARA;411950902A;PR;Horto Municipal;-25,472;-49,058;2025-03-27 03:00:00.0;0,20
PIRAQUARA;411950902A;PR;Horto Municipal;-25,472;-49,058;2025-03-27 03:20:00.0;0,20
PIRAQUARA;411950902A;PR;Horto Municipal;-25,472;-49,058;2025-03-27 04:20:00.0;0,20
PIRAQUARA;411950902A;PR;Horto Municipal;-25,472;-49,058;2025-03-27 05:20:00.0;0,00
PIRAQUARA;411950902A;PR;Horto Municipal;-25,472;-49,058;2025-03-27 06:20:00.0;0,00
PIRAQUARA;411950902A;PR;Horto Municipal;-25,472;-49,058;2025-03-27 07:20:00.0;0,00
PIRAQUARA;411950902A;PR;Horto Municipal;-25,472;-49,058;2025-03-27 08:20:00.0;0,00
PIRAQUARA;411950902A;PR;Horto Municipal;-25,472;-49,058;2025-03-27 09:20:00.0;0,00
PIRAQUARA;411950902A;PR;Horto Municipal;-25,472;-49,058;2025-03-27 10:20:00.0;0,00
PIRAQUARA;411950902A;PR;Horto Municipal;-25,472;-49,058;2025-03-27 11:20:00.0;0,00
PIRAQUARA;411950902A;PR;Horto Municipal;-25,472;-49,058;2025-03-27 12:20:00.0;0,00
PIRAQUARA;411950902A;PR;Horto Municipal;-25,472;-49,058;2025-03-27 13:20:00.0;0,00
PIRAQUARA;411950902A;PR;Horto Municipal;-25,472;-49,058;2025-03-27 14:20:00.0;0,00
PIRAQUARA;411950902A;PR;Horto Municipal;-25,472;-49,058;2025-03-27 15:20:00.0;0,00
PIRAQUARA;411950902A;PR;Horto Municipal;-25,472;-49,058;2025-03-27 16:20:00.0;0,00
PIRAQUARA;411950902A;PR;Horto Municipal;-25,472;-49,058;2025-03-27 17:20:00.0;0,00
PIRAQUARA;411950902A;PR;Horto Municipal;-25,472;-49,058;2025-03-27 18:20:00.0;0,00
PIRAQUARA;411950902A;PR;Horto Municipal;-25,472;-49,058;2025-03-27 19:20:00.0;0,00
PIRAQUARA;411950902A;PR;Horto Municipal;-25,472;-49,058;2025-03-27 20:20:00.0;0,00
PIRAQUARA;411950902A;PR;Horto Municipal;-25,472;-49,058;2025-03-27 21:20:00.0;0,00
PIRAQUARA;411950902A;PR;Horto Municipal;-25,472;-49,058;2025-03-27 22:20:00.0;0,00
PIRAQUARA;411950902A;PR;Horto Municipal;-25,472;-49,058;2025-03-27 23:20:00.0;0,00
PIRAQUARA;411950902A;PR;Horto Municipal;-25,472;-49,058;2025-03-28 00:20:00.0;0,00
PIRAQUARA;411950902A;PR;Horto Municipal;-25,472;-49,058;2025-03-28 01:20:00.0;0,00
PIRAQUARA;411950902A;PR;Horto Municipal;-25,472;-49,058;2025-03-28 02:20:00.0;0,20
PIRAQUARA;411950902A;PR;Horto Municipal;-25,472;-49,058;2025-03-28 03:20:00.0;0,00
PIRAQUARA;411950902A;PR;Horto Municipal;-25,472;-49,058;2025-03-28 04:20:00.0;0,00
PIRAQUARA;411950902A;PR;Horto Municipal;-25,472;-49,058;2025-03-28 05:20:00.0;0,00
PIRAQUARA;411950902A;PR;Horto Municipal;-25,472;-49,058;2025-03-28 06:20:00.0;0,00
PIRAQUARA;411950902A;PR;Horto Municipal;-25,472;-49,058;2025-03-28 07:20:00.0;0,00
PIRAQUARA;411950902A;PR;Horto Municipal;-25,472;-49,058;2025-03-28 08:20:00.0;0,00
PIRAQUARA;411950902A;PR;Horto Municipal;-25,472;-49,058;2025-03-28 09:20:00.0;0,00
PIRAQUARA;411950902A;PR;Horto Municipal;-25,472;-49,058;2025-03-28 10:20:00.0;0,00
PIRAQUARA;411950902A;PR;Horto Municipal;-25,472;-49,058;2025-03-28 11:20:00.0;0,00
PIRAQUARA;411950902A;PR;Horto Municipal;-25,472;-49,058;2025-03-28 12:20:00.0;0,00
PIRAQUARA;411950902A;PR;Horto Municipal;-25,472;-49,058;2025-03-28 13:20:00.0;0,00
PIRAQUARA;411950902A;PR;Horto Municipal;-25,472;-49,058;2025-03-28 14:20:00.0;0,00
PIRAQUARA;411950902A;PR;Horto Municipal;-25,472;-49,058;2025-03-28 15:20:00.0;0,00
PIRAQUARA;411950902A;PR;Horto Municipal;-25,472;-49,058;2025-03-28 16:20:00.0;0,00
PIRAQUARA;411950902A;PR;Horto Municipal;-25,472;-49,058;2025-03-28 17:20:00.0;0,00
PIRAQUARA;411950902A;PR;Horto Municipal;-25,472;-49,058;2025-03-28 18:20:00.0;0,00
PIRAQUARA;411950902A;PR;Horto Municipal;-25,472;-49,058;2025-03-28 19:20:00.0;0,00
PIRAQUARA;411950902A;PR;Horto Municipal;-25,472;-49,058;2025-03-28 20:20:00.0;0,00
PIRAQUARA;411950902A;PR;Horto Municipal;-25,472;-49,058;2025-03-28 21:20:00.0;0,00
PIRAQUARA;411950902A;PR;Horto Municipal;-25,472;-49,058;2025-03-28 22:20:00.0;0,00
PIRAQUARA;411950902A;PR;Horto Municipal;-25,472;-49,058;2025-03-28 23:20:00.0;0,00
PIRAQUARA;411950902A;PR;Horto Municipal;-25,472;-49,058;2025-03-29 00:20:00.0;0,00
PIRAQUARA;411950902A;PR;Horto Municipal;-25,472;-49,058;2025-03-29 01:20:00.0;0,00
PIRAQUARA;411950902A;PR;Horto Municipal;-25,472;-49,058;2025-03-29 02:20:00.0;0,00
PIRAQUARA;411950902A;PR;Horto Municipal;-25,472;-49,058;2025-03-29 03:20:00.0;0,00
PIRAQUARA;411950902A;PR;Horto Municipal;-25,472;-49,058;2025-03-29 04:20:00.0;0,00
PIRAQUARA;411950902A;PR;Horto Municipal;-25,472;-49,058;2025-03-29 05:20:00.0;0,00
PIRAQUARA;411950902A;PR;Horto Municipal;-25,472;-49,058;2025-03-29 06:20:00.0;0,00
PIRAQUARA;411950902A;PR;Horto Municipal;-25,472;-49,058;2025-03-29 07:20:00.0;0,00
PIRAQUARA;411950902A;PR;Horto Municipal;-25,472;-49,058;2025-03-29 08:20:00.0;0,00
PIRAQUARA;411950902A;PR;Horto Municipal;-25,472;-49,058;2025-03-29 09:20:00.0;0,00
PIRAQUARA;411950902A;PR;Horto Municipal;-25,472;-49,058;2025-03-29 10:20:00.0;0,00
PIRAQUARA;411950902A;PR;Horto Municipal;-25,472;-49,058;2025-03-29 11:20:00.0;0,00
PIRAQUARA;411950902A;PR;Horto Municipal;-25,472;-49,058;2025-03-29 12:20:00.0;0,00
PIRAQUARA;411950902A;PR;Horto Municipal;-25,472;-49,058;2025-03-29 13:20:00.0;0,00
PIRAQUARA;411950902A;PR;Horto Municipal;-25,472;-49,058;2025-03-29 14:20:00.0;0,00
PIRAQUARA;411950902A;PR;Horto Municipal;-25,472;-49,058;2025-03-29 15:20:00.0;0,00
PIRAQUARA;411950902A;PR;Horto Municipal;-25,472;-49,058;2025-03-29 16:20:00.0;0,00
PIRAQUARA;411950902A;PR;Horto Municipal;-25,472;-49,058;2025-03-29 17:20:00.0;0,00
PIRAQUARA;411950902A;PR;Horto Municipal;-25,472;-49,058;2025-03-29 18:20:00.0;0,00
PIRAQUARA;411950902A;PR;Horto Municipal;-25,472;-49,058;2025-03-29 19:20:00.0;0,00
PIRAQUARA;411950902A;PR;Horto Municipal;-25,472;-49,058;2025-03-29 20:20:00.0;0,00
PIRAQUARA;411950902A;PR;Horto Municipal;-25,472;-49,058;2025-03-29 21:20:00.0;0,00
PIRAQUARA;411950902A;PR;Horto Municipal;-25,472;-49,058;2025-03-29 22:20:00.0;0,00
PIRAQUARA;411950902A;PR;Horto Municipal;-25,472;-49,058;2025-03-29 23:20:00.0;0,00
PIRAQUARA;411950902A;PR;Horto Municipal;-25,472;-49,058;2025-03-30 00:20:00.0;0,00
PIRAQUARA;411950902A;PR;Horto Municipal;-25,472;-49,058;2025-03-30 01:20:00.0;0,00
PIRAQUARA;411950902A;PR;Horto Municipal;-25,472;-49,058;2025-03-30 02:20:00.0;0,00
PIRAQUARA;411950902A;PR;Horto Municipal;-25,472;-49,058;2025-03-30 03:20:00.0;0,00
PIRAQUARA;411950902A;PR;Horto Municipal;-25,472;-49,058;2025-03-30 04:20:00.0;0,00
PIRAQUARA;411950902A;PR;Horto Municipal;-25,472;-49,058;2025-03-30 05:20:00.0;0,00
PIRAQUARA;411950902A;PR;Horto Municipal;-25,472;-49,058;2025-03-30 06:20:00.0;0,00
PIRAQUARA;411950902A;PR;Horto Municipal;-25,472;-49,058;2025-03-30 07:20:00.0;0,00
PIRAQUARA;411950902A;PR;Horto Municipal;-25,472;-49,058;2025-03-30 08:20:00.0;0,00
PIRAQUARA;411950902A;PR;Horto Municipal;-25,472;-49,058;2025-03-30 09:20:00.0;0,00
PIRAQUARA;411950902A;PR;Horto Municipal;-25,472;-49,058;2025-03-30 10:20:00.0;0,00
PIRAQUARA;411950902A;PR;Horto Municipal;-25,472;-49,058;2025-03-30 11:20:00.0;0,00
PIRAQUARA;411950902A;PR;Horto Municipal;-25,472;-49,058;2025-03-30 12:20:00.0;0,00
PIRAQUARA;411950902A;PR;Horto Municipal;-25,472;-49,058;2025-03-30 13:20:00.0;0,00
PIRAQUARA;411950902A;PR;Horto Municipal;-25,472;-49,058;2025-03-30 14:20:00.0;0,00
PIRAQUARA;411950902A;PR;Horto Municipal;-25,472;-49,058;2025-03-30 15:20:00.0;0,00
PIRAQUARA;411950902A;PR;Horto Municipal;-25,472;-49,058;2025-03-30 16:20:00.0;0,00
PIRAQUARA;411950902A;PR;Horto Municipal;-25,472;-49,058;2025-03-30 17:20:00.0;0,00
PIRAQUARA;411950902A;PR;Horto Municipal;-25,472;-49,058;2025-03-30 18:20:00.0;0,00
PIRAQUARA;411950902A;PR;Horto Municipal;-25,472;-49,058;2025-03-30 19:20:00.0;0,00
PIRAQUARA;411950902A;PR;Horto Municipal;-25,472;-49,058;2025-03-30 20:20:00.0;0,00
PIRAQUARA;411950902A;PR;Horto Municipal;-25,472;-49,058;2025-03-30 21:20:00.0;0,00
PIRAQUARA;411950902A;PR;Horto Municipal;-25,472;-49,058;2025-03-30 22:20:00.0;0,00
PIRAQUARA;411950902A;PR;Horto Municipal;-25,472;-49,058;2025-03-30 23:20:00.0;0,00
PIRAQUARA;411950902A;PR;Horto Municipal;-25,472;-49,058;2025-03-31 00:20:00.0;0,00
PIRAQUARA;411950902A;PR;Horto Municipal;-25,472;-49,058;2025-03-31 01:20:00.0;0,00
PIRAQUARA;411950902A;PR;Horto Municipal;-25,472;-49,058;2025-03-31 02:20:00.0;0,00
PIRAQUARA;411950902A;PR;Horto Municipal;-25,472;-49,058;2025-03-31 03:20:00.0;0,00
PIRAQUARA;411950902A;PR;Horto Municipal;-25,472;-49,058;2025-03-31 04:20:00.0;0,00
PIRAQUARA;411950902A;PR;Horto Municipal;-25,472;-49,058;2025-03-31 05:20:00.0;0,00
PIRAQUARA;411950902A;PR;Horto Municipal;-25,472;-49,058;2025-03-31 06:20:00.0;0,00
PIRAQUARA;411950902A;PR;Horto Municipal;-25,472;-49,058;2025-03-31 07:20:00.0;0,00
PIRAQUARA;411950902A;PR;Horto Municipal;-25,472;-49,058;2025-03-31 08:20:00.0;0,00
PIRAQUARA;411950902A;PR;Horto Municipal;-25,472;-49,058;2025-03-31 09:20:00.0;0,00
PIRAQUARA;411950902A;PR;Horto Municipal;-25,472;-49,058;2025-03-31 10:20:00.0;0,00
PIRAQUARA;411950902A;PR;Horto Municipal;-25,472;-49,058;2025-03-31 11:20:00.0;0,00
PIRAQUARA;411950902A;PR;Horto Municipal;-25,472;-49,058;2025-03-31 12:20:00.0;0,00
PIRAQUARA;411950902A;PR;Horto Municipal;-25,472;-49,058;2025-03-31 13:20:00.0;0,00
PIRAQUARA;411950902A;PR;Horto Municipal;-25,472;-49,058;2025-03-31 14:20:00.0;0,00
PIRAQUARA;411950902A;PR;Horto Municipal;-25,472;-49,058;2025-03-31 15:20:00.0;0,00
PIRAQUARA;411950902A;PR;Horto Municipal;-25,472;-49,058;2025-03-31 16:20:00.0;0,00
PIRAQUARA;411950902A;PR;Horto Municipal;-25,472;-49,058;2025-03-31 17:20:00.0;0,00
PIRAQUARA;411950902A;PR;Horto Municipal;-25,472;-49,058;2025-03-31 18:20:00.0;0,00
PIRAQUARA;411950902A;PR;Horto Municipal;-25,472;-49,058;2025-03-31 19:20:00.0;0,00
PIRAQUARA;411950902A;PR;Horto Municipal;-25,472;-49,058;2025-03-31 20:20:00.0;0,00
PIRAQUARA;411950902A;PR;Horto Municipal;-25,472;-49,058;2025-03-31 21:20:00.0;0,00
PIRAQUARA;411950902A;PR;Horto Municipal;-25,472;-49,058;2025-03-31 22:20:00.0;0,00
PIRAQUARA;411950902A;PR;Horto Municipal;-25,472;-49,058;2025-03-31 23:20:00.0;0,00
PIRAQUARA;411950903A;PR;Jardim Santa Mônica;-25,45;-49,101;2025-03-01 00:10:00.0;0,00
PIRAQUARA;411950903A;PR;Jardim Santa Mônica;-25,45;-49,101;2025-03-01 00:30:00.0;0,00
PIRAQUARA;411950903A;PR;Jardim Santa Mônica;-25,45;-49,101;2025-03-01 01:30:00.0;0,00
PIRAQUARA;411950903A;PR;Jardim Santa Mônica;-25,45;-49,101;2025-03-01 02:30:00.0;0,00
PIRAQUARA;411950903A;PR;Jardim Santa Mônica;-25,45;-49,101;2025-03-01 03:30:00.0;0,00
PIRAQUARA;411950903A;PR;Jardim Santa Mônica;-25,45;-49,101;2025-03-01 04:30:00.0;0,00
PIRAQUARA;411950903A;PR;Jardim Santa Mônica;-25,45;-49,101;2025-03-01 05:30:00.0;0,00
PIRAQUARA;411950903A;PR;Jardim Santa Mônica;-25,45;-49,101;2025-03-01 06:30:00.0;0,00
PIRAQUARA;411950903A;PR;Jardim Santa Mônica;-25,45;-49,101;2025-03-01 07:30:00.0;0,00
PIRAQUARA;411950903A;PR;Jardim Santa Mônica;-25,45;-49,101;2025-03-01 08:30:00.0;0,00
PIRAQUARA;411950903A;PR;Jardim Santa Mônica;-25,45;-49,101;2025-03-01 09:30:00.0;0,00
PIRAQUARA;411950903A;PR;Jardim Santa Mônica;-25,45;-49,101;2025-03-01 10:30:00.0;0,00
PIRAQUARA;411950903A;PR;Jardim Santa Mônica;-25,45;-49,101;2025-03-01 12:30:00.0;0,00
PIRAQUARA;411950903A;PR;Jardim Santa Mônica;-25,45;-49,101;2025-03-01 13:30:00.0;0,00
PIRAQUARA;411950903A;PR;Jardim Santa Mônica;-25,45;-49,101;2025-03-01 14:30:00.0;0,00
PIRAQUARA;411950903A;PR;Jardim Santa Mônica;-25,45;-49,101;2025-03-01 15:30:00.0;0,00
PIRAQUARA;411950903A;PR;Jardim Santa Mônica;-25,45;-49,101;2025-03-01 16:30:00.0;0,00
PIRAQUARA;411950903A;PR;Jardim Santa Mônica;-25,45;-49,101;2025-03-01 17:30:00.0;0,00
PIRAQUARA;411950903A;PR;Jardim Santa Mônica;-25,45;-49,101;2025-03-01 18:30:00.0;0,00
PIRAQUARA;411950903A;PR;Jardim Santa Mônica;-25,45;-49,101;2025-03-01 19:30:00.0;0,00
PIRAQUARA;411950903A;PR;Jardim Santa Mônica;-25,45;-49,101;2025-03-01 20:30:00.0;0,00
PIRAQUARA;411950903A;PR;Jardim Santa Mônica;-25,45;-49,101;2025-03-01 21:30:00.0;0,00
PIRAQUARA;411950903A;PR;Jardim Santa Mônica;-25,45;-49,101;2025-03-01 22:30:00.0;0,00
PIRAQUARA;411950903A;PR;Jardim Santa Mônica;-25,45;-49,101;2025-03-01 23:30:00.0;0,00
PIRAQUARA;411950903A;PR;Jardim Santa Mônica;-25,45;-49,101;2025-03-02 00:30:00.0;0,00
PIRAQUARA;411950903A;PR;Jardim Santa Mônica;-25,45;-49,101;2025-03-02 01:30:00.0;0,00
PIRAQUARA;411950903A;PR;Jardim Santa Mônica;-25,45;-49,101;2025-03-02 02:30:00.0;0,00
PIRAQUARA;411950903A;PR;Jardim Santa Mônica;-25,45;-49,101;2025-03-02 03:30:00.0;0,00
PIRAQUARA;411950903A;PR;Jardim Santa Mônica;-25,45;-49,101;2025-03-02 04:30:00.0;0,00
PIRAQUARA;411950903A;PR;Jardim Santa Mônica;-25,45;-49,101;2025-03-02 05:30:00.0;0,00
PIRAQUARA;411950903A;PR;Jardim Santa Mônica;-25,45;-49,101;2025-03-02 06:30:00.0;0,00
PIRAQUARA;411950903A;PR;Jardim Santa Mônica;-25,45;-49,101;2025-03-02 07:30:00.0;0,00
PIRAQUARA;411950903A;PR;Jardim Santa Mônica;-25,45;-49,101;2025-03-02 08:30:00.0;0,00
PIRAQUARA;411950903A;PR;Jardim Santa Mônica;-25,45;-49,101;2025-03-02 09:30:00.0;0,00
PIRAQUARA;411950903A;PR;Jardim Santa Mônica;-25,45;-49,101;2025-03-02 10:30:00.0;0,00
PIRAQUARA;411950903A;PR;Jardim Santa Mônica;-25,45;-49,101;2025-03-02 11:30:00.0;0,00
PIRAQUARA;411950903A;PR;Jardim Santa Mônica;-25,45;-49,101;2025-03-02 12:30:00.0;0,00
PIRAQUARA;411950903A;PR;Jardim Santa Mônica;-25,45;-49,101;2025-03-02 13:30:00.0;0,00
PIRAQUARA;411950903A;PR;Jardim Santa Mônica;-25,45;-49,101;2025-03-02 14:30:00.0;0,00
PIRAQUARA;411950903A;PR;Jardim Santa Mônica;-25,45;-49,101;2025-03-02 15:30:00.0;0,00
PIRAQUARA;411950903A;PR;Jardim Santa Mônica;-25,45;-49,101;2025-03-02 16:30:00.0;0,00
PIRAQUARA;411950903A;PR;Jardim Santa Mônica;-25,45;-49,101;2025-03-02 17:30:00.0;0,00
PIRAQUARA;411950903A;PR;Jardim Santa Mônica;-25,45;-49,101;2025-03-02 18:30:00.0;0,00
PIRAQUARA;411950903A;PR;Jardim Santa Mônica;-25,45;-49,101;2025-03-02 19:30:00.0;0,00
PIRAQUARA;411950903A;PR;Jardim Santa Mônica;-25,45;-49,101;2025-03-02 20:30:00.0;0,00
PIRAQUARA;411950903A;PR;Jardim Santa Mônica;-25,45;-49,101;2025-03-02 21:30:00.0;0,00
PIRAQUARA;411950903A;PR;Jardim Santa Mônica;-25,45;-49,101;2025-03-02 22:30:00.0;0,00
PIRAQUARA;411950903A;PR;Jardim Santa Mônica;-25,45;-49,101;2025-03-02 23:30:00.0;0,00
PIRAQUARA;411950903A;PR;Jardim Santa Mônica;-25,45;-49,101;2025-03-03 00:30:00.0;0,00
PIRAQUARA;411950903A;PR;Jardim Santa Mônica;-25,45;-49,101;2025-03-03 01:30:00.0;0,00
PIRAQUARA;411950903A;PR;Jardim Santa Mônica;-25,45;-49,101;2025-03-03 02:30:00.0;0,00
PIRAQUARA;411950903A;PR;Jardim Santa Mônica;-25,45;-49,101;2025-03-03 03:30:00.0;0,00
PIRAQUARA;411950903A;PR;Jardim Santa Mônica;-25,45;-49,101;2025-03-03 04:30:00.0;0,00
PIRAQUARA;411950903A;PR;Jardim Santa Mônica;-25,45;-49,101;2025-03-03 05:30:00.0;0,00
PIRAQUARA;411950903A;PR;Jardim Santa Mônica;-25,45;-49,101;2025-03-03 06:30:00.0;0,00
PIRAQUARA;411950903A;PR;Jardim Santa Mônica;-25,45;-49,101;2025-03-03 07:30:00.0;0,00
PIRAQUARA;411950903A;PR;Jardim Santa Mônica;-25,45;-49,101;2025-03-03 08:30:00.0;0,00
PIRAQUARA;411950903A;PR;Jardim Santa Mônica;-25,45;-49,101;2025-03-03 09:30:00.0;0,00
PIRAQUARA;411950903A;PR;Jardim Santa Mônica;-25,45;-49,101;2025-03-03 10:30:00.0;0,00
PIRAQUARA;411950903A;PR;Jardim Santa Mônica;-25,45;-49,101;2025-03-03 11:30:00.0;0,00
PIRAQUARA;411950903A;PR;Jardim Santa Mônica;-25,45;-49,101;2025-03-03 12:30:00.0;0,00
PIRAQUARA;411950903A;PR;Jardim Santa Mônica;-25,45;-49,101;2025-03-03 13:30:00.0;0,00
PIRAQUARA;411950903A;PR;Jardim Santa Mônica;-25,45;-49,101;2025-03-03 14:30:00.0;0,00
PIRAQUARA;411950903A;PR;Jardim Santa Mônica;-25,45;-49,101;2025-03-03 15:30:00.0;0,00
PIRAQUARA;411950903A;PR;Jardim Santa Mônica;-25,45;-49,101;2025-03-03 16:30:00.0;0,00
PIRAQUARA;411950903A;PR;Jardim Santa Mônica;-25,45;-49,101;2025-03-03 17:30:00.0;0,00
PIRAQUARA;411950903A;PR;Jardim Santa Mônica;-25,45;-49,101;2025-03-03 18:30:00.0;0,00
PIRAQUARA;411950903A;PR;Jardim Santa Mônica;-25,45;-49,101;2025-03-03 19:30:00.0;0,00
PIRAQUARA;411950903A;PR;Jardim Santa Mônica;-25,45;-49,101;2025-03-03 20:30:00.0;0,00
PIRAQUARA;411950903A;PR;Jardim Santa Mônica;-25,45;-49,101;2025-03-03 21:30:00.0;0,00
PIRAQUARA;411950903A;PR;Jardim Santa Mônica;-25,45;-49,101;2025-03-03 22:30:00.0;0,00
PIRAQUARA;411950903A;PR;Jardim Santa Mônica;-25,45;-49,101;2025-03-03 23:30:00.0;0,00
PIRAQUARA;411950903A;PR;Jardim Santa Mônica;-25,45;-49,101;2025-03-04 00:30:00.0;0,00
PIRAQUARA;411950903A;PR;Jardim Santa Mônica;-25,45;-49,101;2025-03-04 01:30:00.0;0,00
PIRAQUARA;411950903A;PR;Jardim Santa Mônica;-25,45;-49,101;2025-03-04 02:30:00.0;0,00
PIRAQUARA;411950903A;PR;Jardim Santa Mônica;-25,45;-49,101;2025-03-04 03:30:00.0;0,00
PIRAQUARA;411950903A;PR;Jardim Santa Mônica;-25,45;-49,101;2025-03-04 04:30:00.0;0,00
PIRAQUARA;411950903A;PR;Jardim Santa Mônica;-25,45;-49,101;2025-03-04 05:30:00.0;0,00
PIRAQUARA;411950903A;PR;Jardim Santa Mônica;-25,45;-49,101;2025-03-04 07:30:00.0;0,00
PIRAQUARA;411950903A;PR;Jardim Santa Mônica;-25,45;-49,101;2025-03-04 08:30:00.0;0,00
PIRAQUARA;411950903A;PR;Jardim Santa Mônica;-25,45;-49,101;2025-03-04 09:30:00.0;0,00
PIRAQUARA;411950903A;PR;Jardim Santa Mônica;-25,45;-49,101;2025-03-04 10:30:00.0;0,00
PIRAQUARA;411950903A;PR;Jardim Santa Mônica;-25,45;-49,101;2025-03-04 11:30:00.0;0,00
PIRAQUARA;411950903A;PR;Jardim Santa Mônica;-25,45;-49,101;2025-03-04 12:30:00.0;0,00
PIRAQUARA;411950903A;PR;Jardim Santa Mônica;-25,45;-49,101;2025-03-04 13:30:00.0;0,00
PIRAQUARA;411950903A;PR;Jardim Santa Mônica;-25,45;-49,101;2025-03-04 14:30:00.0;0,00
PIRAQUARA;411950903A;PR;Jardim Santa Mônica;-25,45;-49,101;2025-03-04 15:30:00.0;0,00
PIRAQUARA;411950903A;PR;Jardim Santa Mônica;-25,45;-49,101;2025-03-04 16:30:00.0;0,00
PIRAQUARA;411950903A;PR;Jardim Santa Mônica;-25,45;-49,101;2025-03-04 17:30:00.0;0,00
PIRAQUARA;411950903A;PR;Jardim Santa Mônica;-25,45;-49,101;2025-03-04 18:30:00.0;0,00
PIRAQUARA;411950903A;PR;Jardim Santa Mônica;-25,45;-49,101;2025-03-04 19:30:00.0;0,00
PIRAQUARA;411950903A;PR;Jardim Santa Mônica;-25,45;-49,101;2025-03-04 20:30:00.0;0,00
PIRAQUARA;411950903A;PR;Jardim Santa Mônica;-25,45;-49,101;2025-03-04 21:30:00.0;0,00
PIRAQUARA;411950903A;PR;Jardim Santa Mônica;-25,45;-49,101;2025-03-04 22:30:00.0;0,00
PIRAQUARA;411950903A;PR;Jardim Santa Mônica;-25,45;-49,101;2025-03-04 23:30:00.0;0,00
PIRAQUARA;411950903A;PR;Jardim Santa Mônica;-25,45;-49,101;2025-03-05 00:30:00.0;0,00
PIRAQUARA;411950903A;PR;Jardim Santa Mônica;-25,45;-49,101;2025-03-05 01:30:00.0;0,00
PIRAQUARA;411950903A;PR;Jardim Santa Mônica;-25,45;-49,101;2025-03-05 02:30:00.0;0,00
PIRAQUARA;411950903A;PR;Jardim Santa Mônica;-25,45;-49,101;2025-03-05 03:30:00.0;0,00
PIRAQUARA;411950903A;PR;Jardim Santa Mônica;-25,45;-49,101;2025-03-05 04:30:00.0;0,00
PIRAQUARA;411950903A;PR;Jardim Santa Mônica;-25,45;-49,101;2025-03-05 05:30:00.0;0,00
PIRAQUARA;411950903A;PR;Jardim Santa Mônica;-25,45;-49,101;2025-03-05 06:30:00.0;0,00
PIRAQUARA;411950903A;PR;Jardim Santa Mônica;-25,45;-49,101;2025-03-05 07:30:00.0;0,00
PIRAQUARA;411950903A;PR;Jardim Santa Mônica;-25,45;-49,101;2025-03-05 08:30:00.0;0,00
PIRAQUARA;411950903A;PR;Jardim Santa Mônica;-25,45;-49,101;2025-03-05 09:30:00.0;0,00
PIRAQUARA;411950903A;PR;Jardim Santa Mônica;-25,45;-49,101;2025-03-05 10:30:00.0;0,00
PIRAQUARA;411950903A;PR;Jardim Santa Mônica;-25,45;-49,101;2025-03-05 11:30:00.0;0,00
PIRAQUARA;411950903A;PR;Jardim Santa Mônica;-25,45;-49,101;2025-03-05 12:30:00.0;0,00
PIRAQUARA;411950903A;PR;Jardim Santa Mônica;-25,45;-49,101;2025-03-05 13:30:00.0;0,00
PIRAQUARA;411950903A;PR;Jardim Santa Mônica;-25,45;-49,101;2025-03-05 14:30:00.0;0,00
PIRAQUARA;411950903A;PR;Jardim Santa Mônica;-25,45;-49,101;2025-03-05 15:30:00.0;0,00
PIRAQUARA;411950903A;PR;Jardim Santa Mônica;-25,45;-49,101;2025-03-05 16:30:00.0;0,00
PIRAQUARA;411950903A;PR;Jardim Santa Mônica;-25,45;-49,101;2025-03-05 17:30:00.0;0,00
PIRAQUARA;411950903A;PR;Jardim Santa Mônica;-25,45;-49,101;2025-03-05 18:30:00.0;0,00
PIRAQUARA;411950903A;PR;Jardim Santa Mônica;-25,45;-49,101;2025-03-05 19:30:00.0;0,00
PIRAQUARA;411950903A;PR;Jardim Santa Mônica;-25,45;-49,101;2025-03-05 20:30:00.0;0,00
PIRAQUARA;411950903A;PR;Jardim Santa Mônica;-25,45;-49,101;2025-03-05 21:30:00.0;0,00
PIRAQUARA;411950903A;PR;Jardim Santa Mônica;-25,45;-49,101;2025-03-05 22:30:00.0;0,00
PIRAQUARA;411950903A;PR;Jardim Santa Mônica;-25,45;-49,101;2025-03-05 23:30:00.0;0,00
PIRAQUARA;411950903A;PR;Jardim Santa Mônica;-25,45;-49,101;2025-03-06 00:30:00.0;0,00
PIRAQUARA;411950903A;PR;Jardim Santa Mônica;-25,45;-49,101;2025-03-06 01:30:00.0;0,00
PIRAQUARA;411950903A;PR;Jardim Santa Mônica;-25,45;-49,101;2025-03-06 02:30:00.0;0,00
PIRAQUARA;411950903A;PR;Jardim Santa Mônica;-25,45;-49,101;2025-03-06 03:30:00.0;0,00
PIRAQUARA;411950903A;PR;Jardim Santa Mônica;-25,45;-49,101;2025-03-06 04:30:00.0;0,00
PIRAQUARA;411950903A;PR;Jardim Santa Mônica;-25,45;-49,101;2025-03-06 05:30:00.0;0,00
PIRAQUARA;411950903A;PR;Jardim Santa Mônica;-25,45;-49,101;2025-03-06 06:30:00.0;0,00
PIRAQUARA;411950903A;PR;Jardim Santa Mônica;-25,45;-49,101;2025-03-06 07:30:00.0;0,00
PIRAQUARA;411950903A;PR;Jardim Santa Mônica;-25,45;-49,101;2025-03-06 08:30:00.0;0,00
PIRAQUARA;411950903A;PR;Jardim Santa Mônica;-25,45;-49,101;2025-03-06 09:30:00.0;0,00
PIRAQUARA;411950903A;PR;Jardim Santa Mônica;-25,45;-49,101;2025-03-06 10:30:00.0;0,00
PIRAQUARA;411950903A;PR;Jardim Santa Mônica;-25,45;-49,101;2025-03-06 11:30:00.0;0,00
PIRAQUARA;411950903A;PR;Jardim Santa Mônica;-25,45;-49,101;2025-03-06 12:30:00.0;0,00
PIRAQUARA;411950903A;PR;Jardim Santa Mônica;-25,45;-49,101;2025-03-06 13:30:00.0;0,00
PIRAQUARA;411950903A;PR;Jardim Santa Mônica;-25,45;-49,101;2025-03-06 14:30:00.0;0,00
PIRAQUARA;411950903A;PR;Jardim Santa Mônica;-25,45;-49,101;2025-03-06 15:30:00.0;0,00
PIRAQUARA;411950903A;PR;Jardim Santa Mônica;-25,45;-49,101;2025-03-06 16:30:00.0;0,00
PIRAQUARA;411950903A;PR;Jardim Santa Mônica;-25,45;-49,101;2025-03-06 17:30:00.0;0,00
PIRAQUARA;411950903A;PR;Jardim Santa Mônica;-25,45;-49,101;2025-03-06 18:30:00.0;0,00
PIRAQUARA;411950903A;PR;Jardim Santa Mônica;-25,45;-49,101;2025-03-06 19:30:00.0;0,00
PIRAQUARA;411950903A;PR;Jardim Santa Mônica;-25,45;-49,101;2025-03-06 20:30:00.0;0,00
PIRAQUARA;411950903A;PR;Jardim Santa Mônica;-25,45;-49,101;2025-03-06 21:30:00.0;0,00
PIRAQUARA;411950903A;PR;Jardim Santa Mônica;-25,45;-49,101;2025-03-06 22:30:00.0;0,00
PIRAQUARA;411950903A;PR;Jardim Santa Mônica;-25,45;-49,101;2025-03-06 23:30:00.0;0,00
PIRAQUARA;411950903A;PR;Jardim Santa Mônica;-25,45;-49,101;2025-03-07 00:30:00.0;0,00
PIRAQUARA;411950903A;PR;Jardim Santa Mônica;-25,45;-49,101;2025-03-07 01:30:00.0;0,00
PIRAQUARA;411950903A;PR;Jardim Santa Mônica;-25,45;-49,101;2025-03-07 02:30:00.0;0,00
PIRAQUARA;411950903A;PR;Jardim Santa Mônica;-25,45;-49,101;2025-03-07 03:30:00.0;0,00
PIRAQUARA;411950903A;PR;Jardim Santa Mônica;-25,45;-49,101;2025-03-07 04:30:00.0;0,00
PIRAQUARA;411950903A;PR;Jardim Santa Mônica;-25,45;-49,101;2025-03-07 05:30:00.0;0,00
PIRAQUARA;411950903A;PR;Jardim Santa Mônica;-25,45;-49,101;2025-03-07 06:30:00.0;0,00
PIRAQUARA;411950903A;PR;Jardim Santa Mônica;-25,45;-49,101;2025-03-07 07:30:00.0;0,00
PIRAQUARA;411950903A;PR;Jardim Santa Mônica;-25,45;-49,101;2025-03-07 08:30:00.0;0,00
PIRAQUARA;411950903A;PR;Jardim Santa Mônica;-25,45;-49,101;2025-03-07 09:30:00.0;0,00
PIRAQUARA;411950903A;PR;Jardim Santa Mônica;-25,45;-49,101;2025-03-07 10:30:00.0;0,00
PIRAQUARA;411950903A;PR;Jardim Santa Mônica;-25,45;-49,101;2025-03-07 10:40:00.0;0,20
PIRAQUARA;411950903A;PR;Jardim Santa Mônica;-25,45;-49,101;2025-03-07 11:30:00.0;0,00
PIRAQUARA;411950903A;PR;Jardim Santa Mônica;-25,45;-49,101;2025-03-07 12:30:00.0;0,00
PIRAQUARA;411950903A;PR;Jardim Santa Mônica;-25,45;-49,101;2025-03-07 13:30:00.0;0,00
PIRAQUARA;411950903A;PR;Jardim Santa Mônica;-25,45;-49,101;2025-03-07 14:00:00.0;0,39
PIRAQUARA;411950903A;PR;Jardim Santa Mônica;-25,45;-49,101;2025-03-07 14:10:00.0;0,59
PIRAQUARA;411950903A;PR;Jardim Santa Mônica;-25,45;-49,101;2025-03-07 14:30:00.0;0,00
PIRAQUARA;411950903A;PR;Jardim Santa Mônica;-25,45;-49,101;2025-03-07 15:30:00.0;0,00
PIRAQUARA;411950903A;PR;Jardim Santa Mônica;-25,45;-49,101;2025-03-07 16:30:00.0;0,00
PIRAQUARA;411950903A;PR;Jardim Santa Mônica;-25,45;-49,101;2025-03-07 17:30:00.0;0,00
PIRAQUARA;411950903A;PR;Jardim Santa Mônica;-25,45;-49,101;2025-03-07 18:30:00.0;0,00
PIRAQUARA;411950903A;PR;Jardim Santa Mônica;-25,45;-49,101;2025-03-07 19:30:00.0;0,00
PIRAQUARA;411950903A;PR;Jardim Santa Mônica;-25,45;-49,101;2025-03-07 20:30:00.0;0,00
PIRAQUARA;411950903A;PR;Jardim Santa Mônica;-25,45;-49,101;2025-03-07 21:30:00.0;0,00
PIRAQUARA;411950903A;PR;Jardim Santa Mônica;-25,45;-49,101;2025-03-07 22:30:00.0;0,00
PIRAQUARA;411950903A;PR;Jardim Santa Mônica;-25,45;-49,101;2025-03-07 23:30:00.0;0,00
PIRAQUARA;411950903A;PR;Jardim Santa Mônica;-25,45;-49,101;2025-03-08 00:30:00.0;0,00
PIRAQUARA;411950903A;PR;Jardim Santa Mônica;-25,45;-49,101;2025-03-08 01:30:00.0;0,00
PIRAQUARA;411950903A;PR;Jardim Santa Mônica;-25,45;-49,101;2025-03-08 02:30:00.0;0,00
PIRAQUARA;411950903A;PR;Jardim Santa Mônica;-25,45;-49,101;2025-03-08 03:30:00.0;0,00
PIRAQUARA;411950903A;PR;Jardim Santa Mônica;-25,45;-49,101;2025-03-08 04:30:00.0;0,00
PIRAQUARA;411950903A;PR;Jardim Santa Mônica;-25,45;-49,101;2025-03-08 05:30:00.0;0,00
PIRAQUARA;411950903A;PR;Jardim Santa Mônica;-25,45;-49,101;2025-03-08 06:30:00.0;0,00
PIRAQUARA;411950903A;PR;Jardim Santa Mônica;-25,45;-49,101;2025-03-08 07:30:00.0;0,00
PIRAQUARA;411950903A;PR;Jardim Santa Mônica;-25,45;-49,101;2025-03-08 08:30:00.0;0,00
PIRAQUARA;411950903A;PR;Jardim Santa Mônica;-25,45;-49,101;2025-03-08 09:30:00.0;0,00
PIRAQUARA;411950903A;PR;Jardim Santa Mônica;-25,45;-49,101;2025-03-08 10:30:00.0;0,00
PIRAQUARA;411950903A;PR;Jardim Santa Mônica;-25,45;-49,101;2025-03-08 11:30:00.0;0,00
PIRAQUARA;411950903A;PR;Jardim Santa Mônica;-25,45;-49,101;2025-03-08 12:30:00.0;0,00
PIRAQUARA;411950903A;PR;Jardim Santa Mônica;-25,45;-49,101;2025-03-08 13:30:00.0;0,00
PIRAQUARA;411950903A;PR;Jardim Santa Mônica;-25,45;-49,101;2025-03-08 14:30:00.0;0,00
PIRAQUARA;411950903A;PR;Jardim Santa Mônica;-25,45;-49,101;2025-03-08 15:30:00.0;0,00
PIRAQUARA;411950903A;PR;Jardim Santa Mônica;-25,45;-49,101;2025-03-08 16:30:00.0;0,00
PIRAQUARA;411950903A;PR;Jardim Santa Mônica;-25,45;-49,101;2025-03-08 17:30:00.0;0,00
PIRAQUARA;411950903A;PR;Jardim Santa Mônica;-25,45;-49,101;2025-03-08 18:30:00.0;0,00
PIRAQUARA;411950903A;PR;Jardim Santa Mônica;-25,45;-49,101;2025-03-08 19:30:00.0;0,00
PIRAQUARA;411950903A;PR;Jardim Santa Mônica;-25,45;-49,101;2025-03-08 20:30:00.0;0,00
PIRAQUARA;411950903A;PR;Jardim Santa Mônica;-25,45;-49,101;2025-03-08 21:30:00.0;0,00
PIRAQUARA;411950903A;PR;Jardim Santa Mônica;-25,45;-49,101;2025-03-08 22:30:00.0;0,00
PIRAQUARA;411950903A;PR;Jardim Santa Mônica;-25,45;-49,101;2025-03-08 23:30:00.0;0,00
PIRAQUARA;411950903A;PR;Jardim Santa Mônica;-25,45;-49,101;2025-03-09 00:30:00.0;0,00
PIRAQUARA;411950903A;PR;Jardim Santa Mônica;-25,45;-49,101;2025-03-09 01:30:00.0;0,00
PIRAQUARA;411950903A;PR;Jardim Santa Mônica;-25,45;-49,101;2025-03-09 02:30:00.0;0,00
PIRAQUARA;411950903A;PR;Jardim Santa Mônica;-25,45;-49,101;2025-03-09 03:30:00.0;0,00
PIRAQUARA;411950903A;PR;Jardim Santa Mônica;-25,45;-49,101;2025-03-09 04:30:00.0;0,00
PIRAQUARA;411950903A;PR;Jardim Santa Mônica;-25,45;-49,101;2025-03-09 05:30:00.0;0,00
PIRAQUARA;411950903A;PR;Jardim Santa Mônica;-25,45;-49,101;2025-03-09 06:30:00.0;0,00
PIRAQUARA;411950903A;PR;Jardim Santa Mônica;-25,45;-49,101;2025-03-09 07:30:00.0;0,00
PIRAQUARA;411950903A;PR;Jardim Santa Mônica;-25,45;-49,101;2025-03-09 08:30:00.0;0,00
PIRAQUARA;411950903A;PR;Jardim Santa Mônica;-25,45;-49,101;2025-03-09 09:30:00.0;0,00
PIRAQUARA;411950903A;PR;Jardim Santa Mônica;-25,45;-49,101;2025-03-09 10:30:00.0;0,00
PIRAQUARA;411950903A;PR;Jardim Santa Mônica;-25,45;-49,101;2025-03-09 11:30:00.0;0,00
PIRAQUARA;411950903A;PR;Jardim Santa Mônica;-25,45;-49,101;2025-03-09 12:30:00.0;0,00
PIRAQUARA;411950903A;PR;Jardim Santa Mônica;-25,45;-49,101;2025-03-09 13:30:00.0;0,00
PIRAQUARA;411950903A;PR;Jardim Santa Mônica;-25,45;-49,101;2025-03-09 14:30:00.0;0,00
PIRAQUARA;411950903A;PR;Jardim Santa Mônica;-25,45;-49,101;2025-03-09 15:30:00.0;0,00
PIRAQUARA;411950903A;PR;Jardim Santa Mônica;-25,45;-49,101;2025-03-09 16:30:00.0;0,00
PIRAQUARA;411950903A;PR;Jardim Santa Mônica;-25,45;-49,101;2025-03-09 17:30:00.0;0,00
PIRAQUARA;411950903A;PR;Jardim Santa Mônica;-25,45;-49,101;2025-03-09 18:30:00.0;0,00
PIRAQUARA;411950903A;PR;Jardim Santa Mônica;-25,45;-49,101;2025-03-09 19:10:00.0;0,39
PIRAQUARA;411950903A;PR;Jardim Santa Mônica;-25,45;-49,101;2025-03-09 19:20:00.0;1,18
PIRAQUARA;411950903A;PR;Jardim Santa Mônica;-25,45;-49,101;2025-03-09 19:30:00.0;0,79
PIRAQUARA;411950903A;PR;Jardim Santa Mônica;-25,45;-49,101;2025-03-09 19:40:00.0;0,39
PIRAQUARA;411950903A;PR;Jardim Santa Mônica;-25,45;-49,101;2025-03-09 20:30:00.0;0,20
PIRAQUARA;411950903A;PR;Jardim Santa Mônica;-25,45;-49,101;2025-03-09 21:30:00.0;0,00
PIRAQUARA;411950903A;PR;Jardim Santa Mônica;-25,45;-49,101;2025-03-09 22:00:00.0;0,39
PIRAQUARA;411950903A;PR;Jardim Santa Mônica;-25,45;-49,101;2025-03-09 22:10:00.0;2,95
PIRAQUARA;411950903A;PR;Jardim Santa Mônica;-25,45;-49,101;2025-03-09 22:20:00.0;1,57
PIRAQUARA;411950903A;PR;Jardim Santa Mônica;-25,45;-49,101;2025-03-09 22:30:00.0;0,20
PIRAQUARA;411950903A;PR;Jardim Santa Mônica;-25,45;-49,101;2025-03-09 22:40:00.0;0,20
PIRAQUARA;411950903A;PR;Jardim Santa Mônica;-25,45;-49,101;2025-03-09 23:10:00.0;1,97
PIRAQUARA;411950903A;PR;Jardim Santa Mônica;-25,45;-49,101;2025-03-09 23:20:00.0;0,98
PIRAQUARA;411950903A;PR;Jardim Santa Mônica;-25,45;-49,101;2025-03-09 23:30:00.0;0,00
PIRAQUARA;411950903A;PR;Jardim Santa Mônica;-25,45;-49,101;2025-03-10 00:00:00.0;0,20
PIRAQUARA;411950903A;PR;Jardim Santa Mônica;-25,45;-49,101;2025-03-10 00:10:00.0;0,20
PIRAQUARA;411950903A;PR;Jardim Santa Mônica;-25,45;-49,101;2025-03-10 00:30:00.0;0,20
PIRAQUARA;411950903A;PR;Jardim Santa Mônica;-25,45;-49,101;2025-03-10 00:40:00.0;0,20
PIRAQUARA;411950903A;PR;Jardim Santa Mônica;-25,45;-49,101;2025-03-10 01:00:00.0;0,20
PIRAQUARA;411950903A;PR;Jardim Santa Mônica;-25,45;-49,101;2025-03-10 01:10:00.0;0,20
PIRAQUARA;411950903A;PR;Jardim Santa Mônica;-25,45;-49,101;2025-03-10 01:20:00.0;0,20
PIRAQUARA;411950903A;PR;Jardim Santa Mônica;-25,45;-49,101;2025-03-10 01:30:00.0;0,00
PIRAQUARA;411950903A;PR;Jardim Santa Mônica;-25,45;-49,101;2025-03-10 02:30:00.0;0,00
PIRAQUARA;411950903A;PR;Jardim Santa Mônica;-25,45;-49,101;2025-03-10 03:30:00.0;0,00
PIRAQUARA;411950903A;PR;Jardim Santa Mônica;-25,45;-49,101;2025-03-10 04:30:00.0;0,00
PIRAQUARA;411950903A;PR;Jardim Santa Mônica;-25,45;-49,101;2025-03-10 05:30:00.0;0,00
PIRAQUARA;411950903A;PR;Jardim Santa Mônica;-25,45;-49,101;2025-03-10 06:30:00.0;0,00
PIRAQUARA;411950903A;PR;Jardim Santa Mônica;-25,45;-49,101;2025-03-10 07:30:00.0;0,00
PIRAQUARA;411950903A;PR;Jardim Santa Mônica;-25,45;-49,101;2025-03-10 08:30:00.0;0,00
PIRAQUARA;411950903A;PR;Jardim Santa Mônica;-25,45;-49,101;2025-03-10 09:30:00.0;0,00
PIRAQUARA;411950903A;PR;Jardim Santa Mônica;-25,45;-49,101;2025-03-10 10:30:00.0;0,00
PIRAQUARA;411950903A;PR;Jardim Santa Mônica;-25,45;-49,101;2025-03-10 11:30:00.0;0,00
PIRAQUARA;411950903A;PR;Jardim Santa Mônica;-25,45;-49,101;2025-03-10 12:30:00.0;0,00
PIRAQUARA;411950903A;PR;Jardim Santa Mônica;-25,45;-49,101;2025-03-10 13:30:00.0;0,00
PIRAQUARA;411950903A;PR;Jardim Santa Mônica;-25,45;-49,101;2025-03-10 14:30:00.0;0,00
PIRAQUARA;411950903A;PR;Jardim Santa Mônica;-25,45;-49,101;2025-03-10 15:30:00.0;0,00
PIRAQUARA;411950903A;PR;Jardim Santa Mônica;-25,45;-49,101;2025-03-10 16:30:00.0;0,00
PIRAQUARA;411950903A;PR;Jardim Santa Mônica;-25,45;-49,101;2025-03-10 17:30:00.0;0,00
PIRAQUARA;411950903A;PR;Jardim Santa Mônica;-25,45;-49,101;2025-03-10 19:30:00.0;0,00
PIRAQUARA;411950903A;PR;Jardim Santa Mônica;-25,45;-49,101;2025-03-10 20:30:00.0;0,00
PIRAQUARA;411950903A;PR;Jardim Santa Mônica;-25,45;-49,101;2025-03-10 21:30:00.0;0,00
PIRAQUARA;411950903A;PR;Jardim Santa Mônica;-25,45;-49,101;2025-03-11 00:30:00.0;0,00
PIRAQUARA;411950903A;PR;Jardim Santa Mônica;-25,45;-49,101;2025-03-11 01:30:00.0;0,00
PIRAQUARA;411950903A;PR;Jardim Santa Mônica;-25,45;-49,101;2025-03-11 02:30:00.0;0,00
PIRAQUARA;411950903A;PR;Jardim Santa Mônica;-25,45;-49,101;2025-03-11 03:30:00.0;0,00
PIRAQUARA;411950903A;PR;Jardim Santa Mônica;-25,45;-49,101;2025-03-11 04:30:00.0;0,00
PIRAQUARA;411950903A;PR;Jardim Santa Mônica;-25,45;-49,101;2025-03-11 05:30:00.0;0,00
PIRAQUARA;411950903A;PR;Jardim Santa Mônica;-25,45;-49,101;2025-03-11 06:30:00.0;0,00
PIRAQUARA;411950903A;PR;Jardim Santa Mônica;-25,45;-49,101;2025-03-11 07:30:00.0;0,00
PIRAQUARA;411950903A;PR;Jardim Santa Mônica;-25,45;-49,101;2025-03-11 08:30:00.0;0,00
PIRAQUARA;411950903A;PR;Jardim Santa Mônica;-25,45;-49,101;2025-03-11 09:30:00.0;0,00
PIRAQUARA;411950903A;PR;Jardim Santa Mônica;-25,45;-49,101;2025-03-11 10:30:00.0;0,00
PIRAQUARA;411950903A;PR;Jardim Santa Mônica;-25,45;-49,101;2025-03-11 11:30:00.0;0,00
PIRAQUARA;411950903A;PR;Jardim Santa Mônica;-25,45;-49,101;2025-03-11 12:30:00.0;0,00
PIRAQUARA;411950903A;PR;Jardim Santa Mônica;-25,45;-49,101;2025-03-11 13:30:00.0;0,00
PIRAQUARA;411950903A;PR;Jardim Santa Mônica;-25,45;-49,101;2025-03-11 14:30:00.0;0,00
PIRAQUARA;411950903A;PR;Jardim Santa Mônica;-25,45;-49,101;2025-03-11 15:30:00.0;0,00
PIRAQUARA;411950903A;PR;Jardim Santa Mônica;-25,45;-49,101;2025-03-11 16:30:00.0;0,00
PIRAQUARA;411950903A;PR;Jardim Santa Mônica;-25,45;-49,101;2025-03-11 17:30:00.0;0,00
PIRAQUARA;411950903A;PR;Jardim Santa Mônica;-25,45;-49,101;2025-03-11 17:50:00.0;0,20
PIRAQUARA;411950903A;PR;Jardim Santa Mônica;-25,45;-49,101;2025-03-11 18:00:00.0;0,98
PIRAQUARA;411950903A;PR;Jardim Santa Mônica;-25,45;-49,101;2025-03-11 18:10:00.0;1,77
PIRAQUARA;411950903A;PR;Jardim Santa Mônica;-25,45;-49,101;2025-03-11 18:20:00.0;1,57
PIRAQUARA;411950903A;PR;Jardim Santa Mônica;-25,45;-49,101;2025-03-11 18:30:00.0;0,79
PIRAQUARA;411950903A;PR;Jardim Santa Mônica;-25,45;-49,101;2025-03-11 18:40:00.0;0,98
PIRAQUARA;411950903A;PR;Jardim Santa Mônica;-25,45;-49,101;2025-03-11 18:50:00.0;0,59
PIRAQUARA;411950903A;PR;Jardim Santa Mônica;-25,45;-49,101;2025-03-11 19:20:00.0;0,20
PIRAQUARA;411950903A;PR;Jardim Santa Mônica;-25,45;-49,101;2025-03-11 19:30:00.0;0,20
PIRAQUARA;411950903A;PR;Jardim Santa Mônica;-25,45;-49,101;2025-03-11 20:10:00.0;0,20
PIRAQUARA;411950903A;PR;Jardim Santa Mônica;-25,45;-49,101;2025-03-11 20:30:00.0;0,00
PIRAQUARA;411950903A;PR;Jardim Santa Mônica;-25,45;-49,101;2025-03-11 21:30:00.0;0,20
PIRAQUARA;411950903A;PR;Jardim Santa Mônica;-25,45;-49,101;2025-03-11 21:40:00.0;0,20
PIRAQUARA;411950903A;PR;Jardim Santa Mônica;-25,45;-49,101;2025-03-11 21:50:00.0;0,20
PIRAQUARA;411950903A;PR;Jardim Santa Mônica;-25,45;-49,101;2025-03-11 22:00:00.0;0,20
PIRAQUARA;411950903A;PR;Jardim Santa Mônica;-25,45;-49,101;2025-03-11 22:10:00.0;0,39
PIRAQUARA;411950903A;PR;Jardim Santa Mônica;-25,45;-49,101;2025-03-11 22:20:00.0;0,39
PIRAQUARA;411950903A;PR;Jardim Santa Mônica;-25,45;-49,101;2025-03-11 22:30:00.0;0,39
PIRAQUARA;411950903A;PR;Jardim Santa Mônica;-25,45;-49,101;2025-03-11 22:40:00.0;0,98
PIRAQUARA;411950903A;PR;Jardim Santa Mônica;-25,45;-49,101;2025-03-11 22:50:00.0;0,98
PIRAQUARA;411950903A;PR;Jardim Santa Mônica;-25,45;-49,101;2025-03-11 23:00:00.0;0,59
PIRAQUARA;411950903A;PR;Jardim Santa Mônica;-25,45;-49,101;2025-03-11 23:10:00.0;0,59
PIRAQUARA;411950903A;PR;Jardim Santa Mônica;-25,45;-49,101;2025-03-11 23:20:00.0;0,59
PIRAQUARA;411950903A;PR;Jardim Santa Mônica;-25,45;-49,101;2025-03-11 23:30:00.0;0,59
PIRAQUARA;411950903A;PR;Jardim Santa Mônica;-25,45;-49,101;2025-03-11 23:40:00.0;1,18
PIRAQUARA;411950903A;PR;Jardim Santa Mônica;-25,45;-49,101;2025-03-11 23:50:00.0;0,79
PIRAQUARA;411950903A;PR;Jardim Santa Mônica;-25,45;-49,101;2025-03-12 00:00:00.0;0,39
PIRAQUARA;411950903A;PR;Jardim Santa Mônica;-25,45;-49,101;2025-03-12 00:30:00.0;0,00
PIRAQUARA;411950903A;PR;Jardim Santa Mônica;-25,45;-49,101;2025-03-12 01:30:00.0;0,00
PIRAQUARA;411950903A;PR;Jardim Santa Mônica;-25,45;-49,101;2025-03-12 02:30:00.0;0,00
PIRAQUARA;411950903A;PR;Jardim Santa Mônica;-25,45;-49,101;2025-03-12 03:30:00.0;0,00
PIRAQUARA;411950903A;PR;Jardim Santa Mônica;-25,45;-49,101;2025-03-12 04:30:00.0;0,00
PIRAQUARA;411950903A;PR;Jardim Santa Mônica;-25,45;-49,101;2025-03-12 05:30:00.0;0,00
PIRAQUARA;411950903A;PR;Jardim Santa Mônica;-25,45;-49,101;2025-03-12 06:30:00.0;0,00
PIRAQUARA;411950903A;PR;Jardim Santa Mônica;-25,45;-49,101;2025-03-12 06:40:00.0;0,20
PIRAQUARA;411950903A;PR;Jardim Santa Mônica;-25,45;-49,101;2025-03-12 07:30:00.0;0,00
PIRAQUARA;411950903A;PR;Jardim Santa Mônica;-25,45;-49,101;2025-03-12 08:30:00.0;0,00
PIRAQUARA;411950903A;PR;Jardim Santa Mônica;-25,45;-49,101;2025-03-12 09:30:00.0;0,00
PIRAQUARA;411950903A;PR;Jardim Santa Mônica;-25,45;-49,101;2025-03-12 10:30:00.0;0,00
PIRAQUARA;411950903A;PR;Jardim Santa Mônica;-25,45;-49,101;2025-03-12 11:30:00.0;0,00
PIRAQUARA;411950903A;PR;Jardim Santa Mônica;-25,45;-49,101;2025-03-12 12:30:00.0;0,00
PIRAQUARA;411950903A;PR;Jardim Santa Mônica;-25,45;-49,101;2025-03-12 13:30:00.0;0,00
PIRAQUARA;411950903A;PR;Jardim Santa Mônica;-25,45;-49,101;2025-03-12 14:30:00.0;0,00
PIRAQUARA;411950903A;PR;Jardim Santa Mônica;-25,45;-49,101;2025-03-12 15:30:00.0;0,00
PIRAQUARA;411950903A;PR;Jardim Santa Mônica;-25,45;-49,101;2025-03-12 16:20:00.0;0,20
PIRAQUARA;411950903A;PR;Jardim Santa Mônica;-25,45;-49,101;2025-03-12 16:30:00.0;1,18
PIRAQUARA;411950903A;PR;Jardim Santa Mônica;-25,45;-49,101;2025-03-12 16:40:00.0;0,98
PIRAQUARA;411950903A;PR;Jardim Santa Mônica;-25,45;-49,101;2025-03-12 17:10:00.0;0,20
PIRAQUARA;411950903A;PR;Jardim Santa Mônica;-25,45;-49,101;2025-03-12 18:30:00.0;0,00
PIRAQUARA;411950903A;PR;Jardim Santa Mônica;-25,45;-49,101;2025-03-12 19:30:00.0;0,00
PIRAQUARA;411950903A;PR;Jardim Santa Mônica;-25,45;-49,101;2025-03-12 20:30:00.0;0,00
PIRAQUARA;411950903A;PR;Jardim Santa Mônica;-25,45;-49,101;2025-03-12 21:30:00.0;0,59
PIRAQUARA;411950903A;PR;Jardim Santa Mônica;-25,45;-49,101;2025-03-12 21:40:00.0;2,16
PIRAQUARA;411950903A;PR;Jardim Santa Mônica;-25,45;-49,101;2025-03-12 21:50:00.0;0,39
PIRAQUARA;411950903A;PR;Jardim Santa Mônica;-25,45;-49,101;2025-03-12 22:00:00.0;0,20
PIRAQUARA;411950903A;PR;Jardim Santa Mônica;-25,45;-49,101;2025-03-12 22:10:00.0;0,20
PIRAQUARA;411950903A;PR;Jardim Santa Mônica;-25,45;-49,101;2025-03-12 22:20:00.0;0,20
PIRAQUARA;411950903A;PR;Jardim Santa Mônica;-25,45;-49,101;2025-03-12 22:30:00.0;0,00
PIRAQUARA;411950903A;PR;Jardim Santa Mônica;-25,45;-49,101;2025-03-12 22:40:00.0;0,20
PIRAQUARA;411950903A;PR;Jardim Santa Mônica;-25,45;-49,101;2025-03-12 22:50:00.0;0,20
PIRAQUARA;411950903A;PR;Jardim Santa Mônica;-25,45;-49,101;2025-03-12 23:10:00.0;0,20
PIRAQUARA;411950903A;PR;Jardim Santa Mônica;-25,45;-49,101;2025-03-12 23:30:00.0;0,39
PIRAQUARA;411950903A;PR;Jardim Santa Mônica;-25,45;-49,101;2025-03-12 23:40:00.0;0,39
PIRAQUARA;411950903A;PR;Jardim Santa Mônica;-25,45;-49,101;2025-03-12 23:50:00.0;0,39
PIRAQUARA;411950903A;PR;Jardim Santa Mônica;-25,45;-49,101;2025-03-13 00:00:00.0;0,79
PIRAQUARA;411950903A;PR;Jardim Santa Mônica;-25,45;-49,101;2025-03-13 00:10:00.0;0,39
PIRAQUARA;411950903A;PR;Jardim Santa Mônica;-25,45;-49,101;2025-03-13 00:20:00.0;0,39
PIRAQUARA;411950903A;PR;Jardim Santa Mônica;-25,45;-49,101;2025-03-13 00:30:00.0;0,00
PIRAQUARA;411950903A;PR;Jardim Santa Mônica;-25,45;-49,101;2025-03-13 02:20:00.0;0,20
PIRAQUARA;411950903A;PR;Jardim Santa Mônica;-25,45;-49,101;2025-03-13 02:40:00.0;0,00
PIRAQUARA;411950903A;PR;Jardim Santa Mônica;-25,45;-49,101;2025-03-13 03:30:00.0;0,00
PIRAQUARA;411950903A;PR;Jardim Santa Mônica;-25,45;-49,101;2025-03-13 04:30:00.0;0,00
PIRAQUARA;411950903A;PR;Jardim Santa Mônica;-25,45;-49,101;2025-03-13 05:30:00.0;0,00
PIRAQUARA;411950903A;PR;Jardim Santa Mônica;-25,45;-49,101;2025-03-13 06:30:00.0;0,00
PIRAQUARA;411950903A;PR;Jardim Santa Mônica;-25,45;-49,101;2025-03-13 07:20:00.0;0,20
PIRAQUARA;411950903A;PR;Jardim Santa Mônica;-25,45;-49,101;2025-03-13 07:40:00.0;0,20
PIRAQUARA;411950903A;PR;Jardim Santa Mônica;-25,45;-49,101;2025-03-13 08:00:00.0;0,20
PIRAQUARA;411950903A;PR;Jardim Santa Mônica;-25,45;-49,101;2025-03-13 08:10:00.0;0,20
PIRAQUARA;411950903A;PR;Jardim Santa Mônica;-25,45;-49,101;2025-03-13 08:30:00.0;0,20
PIRAQUARA;411950903A;PR;Jardim Santa Mônica;-25,45;-49,101;2025-03-13 08:40:00.0;0,39
PIRAQUARA;411950903A;PR;Jardim Santa Mônica;-25,45;-49,101;2025-03-13 09:00:00.0;0,20
PIRAQUARA;411950903A;PR;Jardim Santa Mônica;-25,45;-49,101;2025-03-13 09:20:00.0;0,20
PIRAQUARA;411950903A;PR;Jardim Santa Mônica;-25,45;-49,101;2025-03-13 09:30:00.0;0,00
PIRAQUARA;411950903A;PR;Jardim Santa Mônica;-25,45;-49,101;2025-03-13 10:30:00.0;0,00
PIRAQUARA;411950903A;PR;Jardim Santa Mônica;-25,45;-49,101;2025-03-13 11:30:00.0;0,00
PIRAQUARA;411950903A;PR;Jardim Santa Mônica;-25,45;-49,101;2025-03-13 12:30:00.0;0,00
PIRAQUARA;411950903A;PR;Jardim Santa Mônica;-25,45;-49,101;2025-03-13 13:30:00.0;0,00
PIRAQUARA;411950903A;PR;Jardim Santa Mônica;-25,45;-49,101;2025-03-13 14:30:00.0;0,00
PIRAQUARA;411950903A;PR;Jardim Santa Mônica;-25,45;-49,101;2025-03-13 15:30:00.0;0,00
PIRAQUARA;411950903A;PR;Jardim Santa Mônica;-25,45;-49,101;2025-03-13 16:30:00.0;0,00
PIRAQUARA;411950903A;PR;Jardim Santa Mônica;-25,45;-49,101;2025-03-13 17:30:00.0;0,00
PIRAQUARA;411950903A;PR;Jardim Santa Mônica;-25,45;-49,101;2025-03-13 18:30:00.0;0,00
PIRAQUARA;411950903A;PR;Jardim Santa Mônica;-25,45;-49,101;2025-03-13 19:30:00.0;0,00
PIRAQUARA;411950903A;PR;Jardim Santa Mônica;-25,45;-49,101;2025-03-13 20:30:00.0;0,00
PIRAQUARA;411950903A;PR;Jardim Santa Mônica;-25,45;-49,101;2025-03-13 21:30:00.0;0,00
PIRAQUARA;411950903A;PR;Jardim Santa Mônica;-25,45;-49,101;2025-03-13 22:30:00.0;0,00
PIRAQUARA;411950903A;PR;Jardim Santa Mônica;-25,45;-49,101;2025-03-13 22:40:00.0;2,95
PIRAQUARA;411950903A;PR;Jardim Santa Mônica;-25,45;-49,101;2025-03-13 22:50:00.0;0,20
PIRAQUARA;411950903A;PR;Jardim Santa Mônica;-25,45;-49,101;2025-03-13 23:10:00.0;0,20
PIRAQUARA;411950903A;PR;Jardim Santa Mônica;-25,45;-49,101;2025-03-13 23:30:00.0;0,00
PIRAQUARA;411950903A;PR;Jardim Santa Mônica;-25,45;-49,101;2025-03-13 23:50:00.0;0,20
PIRAQUARA;411950903A;PR;Jardim Santa Mônica;-25,45;-49,101;2025-03-14 00:30:00.0;0,00
PIRAQUARA;411950903A;PR;Jardim Santa Mônica;-25,45;-49,101;2025-03-14 01:10:00.0;0,20
PIRAQUARA;411950903A;PR;Jardim Santa Mônica;-25,45;-49,101;2025-03-14 01:30:00.0;0,00
PIRAQUARA;411950903A;PR;Jardim Santa Mônica;-25,45;-49,101;2025-03-14 01:50:00.0;0,20
PIRAQUARA;411950903A;PR;Jardim Santa Mônica;-25,45;-49,101;2025-03-14 02:30:00.0;0,00
PIRAQUARA;411950903A;PR;Jardim Santa Mônica;-25,45;-49,101;2025-03-14 03:30:00.0;0,00
PIRAQUARA;411950903A;PR;Jardim Santa Mônica;-25,45;-49,101;2025-03-14 04:30:00.0;0,00
PIRAQUARA;411950903A;PR;Jardim Santa Mônica;-25,45;-49,101;2025-03-14 05:30:00.0;0,00
PIRAQUARA;411950903A;PR;Jardim Santa Mônica;-25,45;-49,101;2025-03-14 06:30:00.0;0,00
PIRAQUARA;411950903A;PR;Jardim Santa Mônica;-25,45;-49,101;2025-03-14 07:30:00.0;0,00
PIRAQUARA;411950903A;PR;Jardim Santa Mônica;-25,45;-49,101;2025-03-14 08:30:00.0;0,00
PIRAQUARA;411950903A;PR;Jardim Santa Mônica;-25,45;-49,101;2025-03-14 09:30:00.0;0,00
PIRAQUARA;411950903A;PR;Jardim Santa Mônica;-25,45;-49,101;2025-03-14 10:30:00.0;0,00
PIRAQUARA;411950903A;PR;Jardim Santa Mônica;-25,45;-49,101;2025-03-14 11:30:00.0;0,00
PIRAQUARA;411950903A;PR;Jardim Santa Mônica;-25,45;-49,101;2025-03-14 12:30:00.0;0,00
PIRAQUARA;411950903A;PR;Jardim Santa Mônica;-25,45;-49,101;2025-03-14 14:30:00.0;0,00
PIRAQUARA;411950903A;PR;Jardim Santa Mônica;-25,45;-49,101;2025-03-14 15:30:00.0;0,00
PIRAQUARA;411950903A;PR;Jardim Santa Mônica;-25,45;-49,101;2025-03-14 16:30:00.0;0,00
PIRAQUARA;411950903A;PR;Jardim Santa Mônica;-25,45;-49,101;2025-03-14 17:30:00.0;0,00
PIRAQUARA;411950903A;PR;Jardim Santa Mônica;-25,45;-49,101;2025-03-14 18:30:00.0;0,00
PIRAQUARA;411950903A;PR;Jardim Santa Mônica;-25,45;-49,101;2025-03-14 19:30:00.0;0,00
PIRAQUARA;411950903A;PR;Jardim Santa Mônica;-25,45;-49,101;2025-03-14 20:30:00.0;0,00
PIRAQUARA;411950903A;PR;Jardim Santa Mônica;-25,45;-49,101;2025-03-14 21:30:00.0;0,00
PIRAQUARA;411950903A;PR;Jardim Santa Mônica;-25,45;-49,101;2025-03-14 22:30:00.0;0,00
PIRAQUARA;411950903A;PR;Jardim Santa Mônica;-25,45;-49,101;2025-03-14 23:30:00.0;0,00
PIRAQUARA;411950903A;PR;Jardim Santa Mônica;-25,45;-49,101;2025-03-15 00:30:00.0;0,00
PIRAQUARA;411950903A;PR;Jardim Santa Mônica;-25,45;-49,101;2025-03-15 01:30:00.0;0,00
PIRAQUARA;411950903A;PR;Jardim Santa Mônica;-25,45;-49,101;2025-03-15 02:30:00.0;0,00
PIRAQUARA;411950903A;PR;Jardim Santa Mônica;-25,45;-49,101;2025-03-15 03:30:00.0;0,00
PIRAQUARA;411950903A;PR;Jardim Santa Mônica;-25,45;-49,101;2025-03-15 04:30:00.0;0,00
PIRAQUARA;411950903A;PR;Jardim Santa Mônica;-25,45;-49,101;2025-03-15 05:30:00.0;0,00
PIRAQUARA;411950903A;PR;Jardim Santa Mônica;-25,45;-49,101;2025-03-15 06:30:00.0;0,00
PIRAQUARA;411950903A;PR;Jardim Santa Mônica;-25,45;-49,101;2025-03-15 08:30:00.0;0,00
PIRAQUARA;411950903A;PR;Jardim Santa Mônica;-25,45;-49,101;2025-03-15 09:30:00.0;0,00
PIRAQUARA;411950903A;PR;Jardim Santa Mônica;-25,45;-49,101;2025-03-15 10:30:00.0;0,00
PIRAQUARA;411950903A;PR;Jardim Santa Mônica;-25,45;-49,101;2025-03-15 11:30:00.0;0,00
PIRAQUARA;411950903A;PR;Jardim Santa Mônica;-25,45;-49,101;2025-03-15 12:30:00.0;0,00
PIRAQUARA;411950903A;PR;Jardim Santa Mônica;-25,45;-49,101;2025-03-15 13:30:00.0;0,00
PIRAQUARA;411950903A;PR;Jardim Santa Mônica;-25,45;-49,101;2025-03-15 14:30:00.0;0,00
PIRAQUARA;411950903A;PR;Jardim Santa Mônica;-25,45;-49,101;2025-03-15 15:30:00.0;0,00
PIRAQUARA;411950903A;PR;Jardim Santa Mônica;-25,45;-49,101;2025-03-15 16:30:00.0;0,00
PIRAQUARA;411950903A;PR;Jardim Santa Mônica;-25,45;-49,101;2025-03-15 17:30:00.0;0,00
PIRAQUARA;411950903A;PR;Jardim Santa Mônica;-25,45;-49,101;2025-03-15 18:30:00.0;0,00
PIRAQUARA;411950903A;PR;Jardim Santa Mônica;-25,45;-49,101;2025-03-15 19:30:00.0;0,00
PIRAQUARA;411950903A;PR;Jardim Santa Mônica;-25,45;-49,101;2025-03-15 19:50:00.0;0,39
PIRAQUARA;411950903A;PR;Jardim Santa Mônica;-25,45;-49,101;2025-03-15 20:20:00.0;0,20
PIRAQUARA;411950903A;PR;Jardim Santa Mônica;-25,45;-49,101;2025-03-15 20:30:00.0;0,20
PIRAQUARA;411950903A;PR;Jardim Santa Mônica;-25,45;-49,101;2025-03-15 20:40:00.0;0,39
PIRAQUARA;411950903A;PR;Jardim Santa Mônica;-25,45;-49,101;2025-03-15 21:30:00.0;0,00
PIRAQUARA;411950903A;PR;Jardim Santa Mônica;-25,45;-49,101;2025-03-15 22:30:00.0;0,00
PIRAQUARA;411950903A;PR;Jardim Santa Mônica;-25,45;-49,101;2025-03-15 23:30:00.0;0,00
PIRAQUARA;411950903A;PR;Jardim Santa Mônica;-25,45;-49,101;2025-03-16 00:30:00.0;0,00
PIRAQUARA;411950903A;PR;Jardim Santa Mônica;-25,45;-49,101;2025-03-16 01:30:00.0;0,00
PIRAQUARA;411950903A;PR;Jardim Santa Mônica;-25,45;-49,101;2025-03-16 02:30:00.0;0,00
PIRAQUARA;411950903A;PR;Jardim Santa Mônica;-25,45;-49,101;2025-03-16 03:20:00.0;0,20
PIRAQUARA;411950903A;PR;Jardim Santa Mônica;-25,45;-49,101;2025-03-16 03:30:00.0;0,39
PIRAQUARA;411950903A;PR;Jardim Santa Mônica;-25,45;-49,101;2025-03-16 03:40:00.0;0,20
PIRAQUARA;411950903A;PR;Jardim Santa Mônica;-25,45;-49,101;2025-03-16 03:50:00.0;0,20
PIRAQUARA;411950903A;PR;Jardim Santa Mônica;-25,45;-49,101;2025-03-16 04:00:00.0;0,20
PIRAQUARA;411950903A;PR;Jardim Santa Mônica;-25,45;-49,101;2025-03-16 06:30:00.0;0,00
PIRAQUARA;411950903A;PR;Jardim Santa Mônica;-25,45;-49,101;2025-03-16 07:30:00.0;0,00
PIRAQUARA;411950903A;PR;Jardim Santa Mônica;-25,45;-49,101;2025-03-16 08:30:00.0;0,00
PIRAQUARA;411950903A;PR;Jardim Santa Mônica;-25,45;-49,101;2025-03-16 09:10:00.0;0,20
PIRAQUARA;411950903A;PR;Jardim Santa Mônica;-25,45;-49,101;2025-03-16 09:30:00.0;0,00
PIRAQUARA;411950903A;PR;Jardim Santa Mônica;-25,45;-49,101;2025-03-16 10:30:00.0;0,00
PIRAQUARA;411950903A;PR;Jardim Santa Mônica;-25,45;-49,101;2025-03-16 11:30:00.0;0,00
PIRAQUARA;411950903A;PR;Jardim Santa Mônica;-25,45;-49,101;2025-03-16 12:30:00.0;0,00
PIRAQUARA;411950903A;PR;Jardim Santa Mônica;-25,45;-49,101;2025-03-16 13:30:00.0;0,00
PIRAQUARA;411950903A;PR;Jardim Santa Mônica;-25,45;-49,101;2025-03-16 15:30:00.0;0,00
PIRAQUARA;411950903A;PR;Jardim Santa Mônica;-25,45;-49,101;2025-03-16 16:30:00.0;0,00
PIRAQUARA;411950903A;PR;Jardim Santa Mônica;-25,45;-49,101;2025-03-16 17:30:00.0;0,00
PIRAQUARA;411950903A;PR;Jardim Santa Mônica;-25,45;-49,101;2025-03-16 18:30:00.0;0,00
PIRAQUARA;411950903A;PR;Jardim Santa Mônica;-25,45;-49,101;2025-03-16 19:30:00.0;0,00
PIRAQUARA;411950903A;PR;Jardim Santa Mônica;-25,45;-49,101;2025-03-16 20:30:00.0;0,00
PIRAQUARA;411950903A;PR;Jardim Santa Mônica;-25,45;-49,101;2025-03-16 21:30:00.0;0,00
PIRAQUARA;411950903A;PR;Jardim Santa Mônica;-25,45;-49,101;2025-03-16 22:30:00.0;0,00
PIRAQUARA;411950903A;PR;Jardim Santa Mônica;-25,45;-49,101;2025-03-16 23:30:00.0;0,00
PIRAQUARA;411950903A;PR;Jardim Santa Mônica;-25,45;-49,101;2025-03-17 00:30:00.0;0,00
PIRAQUARA;411950903A;PR;Jardim Santa Mônica;-25,45;-49,101;2025-03-17 01:30:00.0;0,00
PIRAQUARA;411950903A;PR;Jardim Santa Mônica;-25,45;-49,101;2025-03-17 02:30:00.0;0,00
PIRAQUARA;411950903A;PR;Jardim Santa Mônica;-25,45;-49,101;2025-03-17 03:30:00.0;0,00
PIRAQUARA;411950903A;PR;Jardim Santa Mônica;-25,45;-49,101;2025-03-17 04:30:00.0;0,00
PIRAQUARA;411950903A;PR;Jardim Santa Mônica;-25,45;-49,101;2025-03-17 05:30:00.0;0,00
PIRAQUARA;411950903A;PR;Jardim Santa Mônica;-25,45;-49,101;2025-03-17 06:30:00.0;0,00
PIRAQUARA;411950903A;PR;Jardim Santa Mônica;-25,45;-49,101;2025-03-17 07:30:00.0;0,00
PIRAQUARA;411950903A;PR;Jardim Santa Mônica;-25,45;-49,101;2025-03-17 08:30:00.0;0,00
PIRAQUARA;411950903A;PR;Jardim Santa Mônica;-25,45;-49,101;2025-03-17 09:30:00.0;0,00
PIRAQUARA;411950903A;PR;Jardim Santa Mônica;-25,45;-49,101;2025-03-17 10:30:00.0;0,00
PIRAQUARA;411950903A;PR;Jardim Santa Mônica;-25,45;-49,101;2025-03-17 11:30:00.0;0,00
PIRAQUARA;411950903A;PR;Jardim Santa Mônica;-25,45;-49,101;2025-03-17 12:30:00.0;0,00
PIRAQUARA;411950903A;PR;Jardim Santa Mônica;-25,45;-49,101;2025-03-17 13:30:00.0;0,00
PIRAQUARA;411950903A;PR;Jardim Santa Mônica;-25,45;-49,101;2025-03-17 14:30:00.0;0,00
PIRAQUARA;411950903A;PR;Jardim Santa Mônica;-25,45;-49,101;2025-03-17 15:30:00.0;0,00
PIRAQUARA;411950903A;PR;Jardim Santa Mônica;-25,45;-49,101;2025-03-17 16:30:00.0;0,00
PIRAQUARA;411950903A;PR;Jardim Santa Mônica;-25,45;-49,101;2025-03-17 17:30:00.0;0,00
PIRAQUARA;411950903A;PR;Jardim Santa Mônica;-25,45;-49,101;2025-03-17 18:30:00.0;0,00
PIRAQUARA;411950903A;PR;Jardim Santa Mônica;-25,45;-49,101;2025-03-17 19:30:00.0;0,00
PIRAQUARA;411950903A;PR;Jardim Santa Mônica;-25,45;-49,101;2025-03-17 20:30:00.0;0,00
PIRAQUARA;411950903A;PR;Jardim Santa Mônica;-25,45;-49,101;2025-03-17 21:30:00.0;0,00
PIRAQUARA;411950903A;PR;Jardim Santa Mônica;-25,45;-49,101;2025-03-17 22:30:00.0;0,00
PIRAQUARA;411950903A;PR;Jardim Santa Mônica;-25,45;-49,101;2025-03-17 23:30:00.0;0,00
PIRAQUARA;411950903A;PR;Jardim Santa Mônica;-25,45;-49,101;2025-03-18 00:30:00.0;0,00
PIRAQUARA;411950903A;PR;Jardim Santa Mônica;-25,45;-49,101;2025-03-18 01:30:00.0;0,00
PIRAQUARA;411950903A;PR;Jardim Santa Mônica;-25,45;-49,101;2025-03-18 02:30:00.0;0,00
PIRAQUARA;411950903A;PR;Jardim Santa Mônica;-25,45;-49,101;2025-03-18 03:30:00.0;0,00
PIRAQUARA;411950903A;PR;Jardim Santa Mônica;-25,45;-49,101;2025-03-18 04:30:00.0;0,00
PIRAQUARA;411950903A;PR;Jardim Santa Mônica;-25,45;-49,101;2025-03-18 05:30:00.0;0,00
PIRAQUARA;411950903A;PR;Jardim Santa Mônica;-25,45;-49,101;2025-03-18 06:30:00.0;0,00
PIRAQUARA;411950903A;PR;Jardim Santa Mônica;-25,45;-49,101;2025-03-18 07:30:00.0;0,00
PIRAQUARA;411950903A;PR;Jardim Santa Mônica;-25,45;-49,101;2025-03-18 08:30:00.0;0,00
PIRAQUARA;411950903A;PR;Jardim Santa Mônica;-25,45;-49,101;2025-03-18 09:30:00.0;0,00
PIRAQUARA;411950903A;PR;Jardim Santa Mônica;-25,45;-49,101;2025-03-18 10:30:00.0;0,00
PIRAQUARA;411950903A;PR;Jardim Santa Mônica;-25,45;-49,101;2025-03-18 11:30:00.0;0,00
PIRAQUARA;411950903A;PR;Jardim Santa Mônica;-25,45;-49,101;2025-03-18 12:30:00.0;0,00
PIRAQUARA;411950903A;PR;Jardim Santa Mônica;-25,45;-49,101;2025-03-18 13:30:00.0;0,00
PIRAQUARA;411950903A;PR;Jardim Santa Mônica;-25,45;-49,101;2025-03-18 14:30:00.0;0,00
PIRAQUARA;411950903A;PR;Jardim Santa Mônica;-25,45;-49,101;2025-03-18 15:30:00.0;0,00
PIRAQUARA;411950903A;PR;Jardim Santa Mônica;-25,45;-49,101;2025-03-18 16:30:00.0;0,00
PIRAQUARA;411950903A;PR;Jardim Santa Mônica;-25,45;-49,101;2025-03-18 17:30:00.0;0,00
PIRAQUARA;411950903A;PR;Jardim Santa Mônica;-25,45;-49,101;2025-03-18 18:30:00.0;0,00
PIRAQUARA;411950903A;PR;Jardim Santa Mônica;-25,45;-49,101;2025-03-18 19:30:00.0;0,00
PIRAQUARA;411950903A;PR;Jardim Santa Mônica;-25,45;-49,101;2025-03-18 20:30:00.0;0,00
PIRAQUARA;411950903A;PR;Jardim Santa Mônica;-25,45;-49,101;2025-03-18 21:30:00.0;0,00
PIRAQUARA;411950903A;PR;Jardim Santa Mônica;-25,45;-49,101;2025-03-18 22:30:00.0;0,00
PIRAQUARA;411950903A;PR;Jardim Santa Mônica;-25,45;-49,101;2025-03-18 23:30:00.0;0,00
PIRAQUARA;411950903A;PR;Jardim Santa Mônica;-25,45;-49,101;2025-03-19 00:30:00.0;0,00
PIRAQUARA;411950903A;PR;Jardim Santa Mônica;-25,45;-49,101;2025-03-19 01:30:00.0;0,00
PIRAQUARA;411950903A;PR;Jardim Santa Mônica;-25,45;-49,101;2025-03-19 02:30:00.0;0,00
PIRAQUARA;411950903A;PR;Jardim Santa Mônica;-25,45;-49,101;2025-03-19 03:30:00.0;0,00
PIRAQUARA;411950903A;PR;Jardim Santa Mônica;-25,45;-49,101;2025-03-19 04:30:00.0;0,00
PIRAQUARA;411950903A;PR;Jardim Santa Mônica;-25,45;-49,101;2025-03-19 05:30:00.0;0,00
PIRAQUARA;411950903A;PR;Jardim Santa Mônica;-25,45;-49,101;2025-03-19 06:30:00.0;0,00
PIRAQUARA;411950903A;PR;Jardim Santa Mônica;-25,45;-49,101;2025-03-19 07:30:00.0;0,00
PIRAQUARA;411950903A;PR;Jardim Santa Mônica;-25,45;-49,101;2025-03-19 08:30:00.0;0,00
PIRAQUARA;411950903A;PR;Jardim Santa Mônica;-25,45;-49,101;2025-03-19 09:30:00.0;0,00
PIRAQUARA;411950903A;PR;Jardim Santa Mônica;-25,45;-49,101;2025-03-19 10:30:00.0;0,00
PIRAQUARA;411950903A;PR;Jardim Santa Mônica;-25,45;-49,101;2025-03-19 11:30:00.0;0,00
PIRAQUARA;411950903A;PR;Jardim Santa Mônica;-25,45;-49,101;2025-03-19 12:30:00.0;0,00
PIRAQUARA;411950903A;PR;Jardim Santa Mônica;-25,45;-49,101;2025-03-19 13:30:00.0;0,00
PIRAQUARA;411950903A;PR;Jardim Santa Mônica;-25,45;-49,101;2025-03-19 14:30:00.0;0,00
PIRAQUARA;411950903A;PR;Jardim Santa Mônica;-25,45;-49,101;2025-03-19 14:40:00.0;0,20
PIRAQUARA;411950903A;PR;Jardim Santa Mônica;-25,45;-49,101;2025-03-19 15:30:00.0;0,00
PIRAQUARA;411950903A;PR;Jardim Santa Mônica;-25,45;-49,101;2025-03-19 16:30:00.0;0,00
PIRAQUARA;411950903A;PR;Jardim Santa Mônica;-25,45;-49,101;2025-03-19 17:30:00.0;0,00
PIRAQUARA;411950903A;PR;Jardim Santa Mônica;-25,45;-49,101;2025-03-19 18:30:00.0;0,00
PIRAQUARA;411950903A;PR;Jardim Santa Mônica;-25,45;-49,101;2025-03-19 19:30:00.0;0,00
PIRAQUARA;411950903A;PR;Jardim Santa Mônica;-25,45;-49,101;2025-03-19 20:30:00.0;0,00
PIRAQUARA;411950903A;PR;Jardim Santa Mônica;-25,45;-49,101;2025-03-19 22:30:00.0;0,00
PIRAQUARA;411950903A;PR;Jardim Santa Mônica;-25,45;-49,101;2025-03-19 23:30:00.0;0,00
PIRAQUARA;411950903A;PR;Jardim Santa Mônica;-25,45;-49,101;2025-03-20 00:30:00.0;0,00
PIRAQUARA;411950903A;PR;Jardim Santa Mônica;-25,45;-49,101;2025-03-20 01:30:00.0;0,00
PIRAQUARA;411950903A;PR;Jardim Santa Mônica;-25,45;-49,101;2025-03-20 02:30:00.0;0,00
PIRAQUARA;411950903A;PR;Jardim Santa Mônica;-25,45;-49,101;2025-03-20 03:30:00.0;0,00
PIRAQUARA;411950903A;PR;Jardim Santa Mônica;-25,45;-49,101;2025-03-20 04:30:00.0;0,00
PIRAQUARA;411950903A;PR;Jardim Santa Mônica;-25,45;-49,101;2025-03-20 05:30:00.0;0,00
PIRAQUARA;411950903A;PR;Jardim Santa Mônica;-25,45;-49,101;2025-03-20 06:30:00.0;0,00
PIRAQUARA;411950903A;PR;Jardim Santa Mônica;-25,45;-49,101;2025-03-20 07:30:00.0;0,00
PIRAQUARA;411950903A;PR;Jardim Santa Mônica;-25,45;-49,101;2025-03-20 08:30:00.0;0,00
PIRAQUARA;411950903A;PR;Jardim Santa Mônica;-25,45;-49,101;2025-03-20 09:30:00.0;0,00
PIRAQUARA;411950903A;PR;Jardim Santa Mônica;-25,45;-49,101;2025-03-20 10:30:00.0;0,00
PIRAQUARA;411950903A;PR;Jardim Santa Mônica;-25,45;-49,101;2025-03-20 11:30:00.0;0,00
PIRAQUARA;411950903A;PR;Jardim Santa Mônica;-25,45;-49,101;2025-03-20 12:30:00.0;0,00
PIRAQUARA;411950903A;PR;Jardim Santa Mônica;-25,45;-49,101;2025-03-20 13:30:00.0;0,00
PIRAQUARA;411950903A;PR;Jardim Santa Mônica;-25,45;-49,101;2025-03-20 14:30:00.0;0,00
PIRAQUARA;411950903A;PR;Jardim Santa Mônica;-25,45;-49,101;2025-03-20 15:30:00.0;0,00
PIRAQUARA;411950903A;PR;Jardim Santa Mônica;-25,45;-49,101;2025-03-20 16:30:00.0;0,00
PIRAQUARA;411950903A;PR;Jardim Santa Mônica;-25,45;-49,101;2025-03-20 17:30:00.0;0,00
PIRAQUARA;411950903A;PR;Jardim Santa Mônica;-25,45;-49,101;2025-03-20 18:30:00.0;0,00
PIRAQUARA;411950903A;PR;Jardim Santa Mônica;-25,45;-49,101;2025-03-20 19:30:00.0;0,00
PIRAQUARA;411950903A;PR;Jardim Santa Mônica;-25,45;-49,101;2025-03-20 20:30:00.0;0,00
PIRAQUARA;411950903A;PR;Jardim Santa Mônica;-25,45;-49,101;2025-03-20 21:30:00.0;0,00
PIRAQUARA;411950903A;PR;Jardim Santa Mônica;-25,45;-49,101;2025-03-20 22:30:00.0;0,00
PIRAQUARA;411950903A;PR;Jardim Santa Mônica;-25,45;-49,101;2025-03-20 23:30:00.0;0,00
PIRAQUARA;411950903A;PR;Jardim Santa Mônica;-25,45;-49,101;2025-03-21 00:30:00.0;0,00
PIRAQUARA;411950903A;PR;Jardim Santa Mônica;-25,45;-49,101;2025-03-21 01:30:00.0;0,00
PIRAQUARA;411950903A;PR;Jardim Santa Mônica;-25,45;-49,101;2025-03-21 02:30:00.0;0,00
PIRAQUARA;411950903A;PR;Jardim Santa Mônica;-25,45;-49,101;2025-03-21 03:30:00.0;0,00
PIRAQUARA;411950903A;PR;Jardim Santa Mônica;-25,45;-49,101;2025-03-21 04:30:00.0;0,00
PIRAQUARA;411950903A;PR;Jardim Santa Mônica;-25,45;-49,101;2025-03-21 05:30:00.0;0,00
PIRAQUARA;411950903A;PR;Jardim Santa Mônica;-25,45;-49,101;2025-03-21 06:30:00.0;0,00
PIRAQUARA;411950903A;PR;Jardim Santa Mônica;-25,45;-49,101;2025-03-21 07:30:00.0;0,00
PIRAQUARA;411950903A;PR;Jardim Santa Mônica;-25,45;-49,101;2025-03-21 08:30:00.0;0,00
PIRAQUARA;411950903A;PR;Jardim Santa Mônica;-25,45;-49,101;2025-03-21 09:30:00.0;0,00
PIRAQUARA;411950903A;PR;Jardim Santa Mônica;-25,45;-49,101;2025-03-21 10:30:00.0;0,00
PIRAQUARA;411950903A;PR;Jardim Santa Mônica;-25,45;-49,101;2025-03-21 11:30:00.0;0,00
PIRAQUARA;411950903A;PR;Jardim Santa Mônica;-25,45;-49,101;2025-03-21 12:30:00.0;0,00
PIRAQUARA;411950903A;PR;Jardim Santa Mônica;-25,45;-49,101;2025-03-21 13:30:00.0;0,00
PIRAQUARA;411950903A;PR;Jardim Santa Mônica;-25,45;-49,101;2025-03-21 14:30:00.0;0,00
PIRAQUARA;411950903A;PR;Jardim Santa Mônica;-25,45;-49,101;2025-03-21 15:30:00.0;0,00
PIRAQUARA;411950903A;PR;Jardim Santa Mônica;-25,45;-49,101;2025-03-21 17:30:00.0;0,00
PIRAQUARA;411950903A;PR;Jardim Santa Mônica;-25,45;-49,101;2025-03-21 18:30:00.0;0,00
PIRAQUARA;411950903A;PR;Jardim Santa Mônica;-25,45;-49,101;2025-03-21 19:30:00.0;0,00
PIRAQUARA;411950903A;PR;Jardim Santa Mônica;-25,45;-49,101;2025-03-21 20:30:00.0;0,00
PIRAQUARA;411950903A;PR;Jardim Santa Mônica;-25,45;-49,101;2025-03-21 21:30:00.0;0,00
PIRAQUARA;411950903A;PR;Jardim Santa Mônica;-25,45;-49,101;2025-03-21 22:30:00.0;0,00
PIRAQUARA;411950903A;PR;Jardim Santa Mônica;-25,45;-49,101;2025-03-21 23:30:00.0;0,00
PIRAQUARA;411950903A;PR;Jardim Santa Mônica;-25,45;-49,101;2025-03-22 00:30:00.0;0,00
PIRAQUARA;411950903A;PR;Jardim Santa Mônica;-25,45;-49,101;2025-03-22 01:30:00.0;0,00
PIRAQUARA;411950903A;PR;Jardim Santa Mônica;-25,45;-49,101;2025-03-22 02:30:00.0;0,00
PIRAQUARA;411950903A;PR;Jardim Santa Mônica;-25,45;-49,101;2025-03-22 03:30:00.0;0,00
PIRAQUARA;411950903A;PR;Jardim Santa Mônica;-25,45;-49,101;2025-03-22 04:30:00.0;0,00
PIRAQUARA;411950903A;PR;Jardim Santa Mônica;-25,45;-49,101;2025-03-22 05:30:00.0;0,00
PIRAQUARA;411950903A;PR;Jardim Santa Mônica;-25,45;-49,101;2025-03-22 06:30:00.0;0,00
PIRAQUARA;411950903A;PR;Jardim Santa Mônica;-25,45;-49,101;2025-03-22 07:30:00.0;0,00
PIRAQUARA;411950903A;PR;Jardim Santa Mônica;-25,45;-49,101;2025-03-22 08:30:00.0;0,00
PIRAQUARA;411950903A;PR;Jardim Santa Mônica;-25,45;-49,101;2025-03-22 09:30:00.0;0,00
PIRAQUARA;411950903A;PR;Jardim Santa Mônica;-25,45;-49,101;2025-03-22 10:30:00.0;0,00
PIRAQUARA;411950903A;PR;Jardim Santa Mônica;-25,45;-49,101;2025-03-22 11:30:00.0;0,00
PIRAQUARA;411950903A;PR;Jardim Santa Mônica;-25,45;-49,101;2025-03-22 12:30:00.0;0,00
PIRAQUARA;411950903A;PR;Jardim Santa Mônica;-25,45;-49,101;2025-03-22 13:30:00.0;0,00
PIRAQUARA;411950903A;PR;Jardim Santa Mônica;-25,45;-49,101;2025-03-22 14:30:00.0;0,00
PIRAQUARA;411950903A;PR;Jardim Santa Mônica;-25,45;-49,101;2025-03-22 15:30:00.0;0,00
PIRAQUARA;411950903A;PR;Jardim Santa Mônica;-25,45;-49,101;2025-03-22 16:30:00.0;0,00
PIRAQUARA;411950903A;PR;Jardim Santa Mônica;-25,45;-49,101;2025-03-22 17:30:00.0;0,00
PIRAQUARA;411950903A;PR;Jardim Santa Mônica;-25,45;-49,101;2025-03-22 18:30:00.0;0,00
PIRAQUARA;411950903A;PR;Jardim Santa Mônica;-25,45;-49,101;2025-03-22 19:30:00.0;0,00
PIRAQUARA;411950903A;PR;Jardim Santa Mônica;-25,45;-49,101;2025-03-22 20:30:00.0;0,00
PIRAQUARA;411950903A;PR;Jardim Santa Mônica;-25,45;-49,101;2025-03-22 21:30:00.0;0,00
PIRAQUARA;411950903A;PR;Jardim Santa Mônica;-25,45;-49,101;2025-03-22 22:30:00.0;0,00
PIRAQUARA;411950903A;PR;Jardim Santa Mônica;-25,45;-49,101;2025-03-22 23:30:00.0;0,00
PIRAQUARA;411950903A;PR;Jardim Santa Mônica;-25,45;-49,101;2025-03-23 00:30:00.0;0,00
PIRAQUARA;411950903A;PR;Jardim Santa Mônica;-25,45;-49,101;2025-03-23 01:30:00.0;0,00
PIRAQUARA;411950903A;PR;Jardim Santa Mônica;-25,45;-49,101;2025-03-23 02:30:00.0;0,00
PIRAQUARA;411950903A;PR;Jardim Santa Mônica;-25,45;-49,101;2025-03-23 03:30:00.0;0,00
PIRAQUARA;411950903A;PR;Jardim Santa Mônica;-25,45;-49,101;2025-03-23 04:30:00.0;0,00
PIRAQUARA;411950903A;PR;Jardim Santa Mônica;-25,45;-49,101;2025-03-23 05:30:00.0;0,00
PIRAQUARA;411950903A;PR;Jardim Santa Mônica;-25,45;-49,101;2025-03-23 06:30:00.0;0,00
PIRAQUARA;411950903A;PR;Jardim Santa Mônica;-25,45;-49,101;2025-03-23 07:30:00.0;0,00
PIRAQUARA;411950903A;PR;Jardim Santa Mônica;-25,45;-49,101;2025-03-23 08:30:00.0;0,00
PIRAQUARA;411950903A;PR;Jardim Santa Mônica;-25,45;-49,101;2025-03-23 10:30:00.0;0,00
PIRAQUARA;411950903A;PR;Jardim Santa Mônica;-25,45;-49,101;2025-03-23 11:30:00.0;0,00
PIRAQUARA;411950903A;PR;Jardim Santa Mônica;-25,45;-49,101;2025-03-23 12:30:00.0;0,00
PIRAQUARA;411950903A;PR;Jardim Santa Mônica;-25,45;-49,101;2025-03-23 13:30:00.0;0,00
PIRAQUARA;411950903A;PR;Jardim Santa Mônica;-25,45;-49,101;2025-03-23 14:30:00.0;0,00
PIRAQUARA;411950903A;PR;Jardim Santa Mônica;-25,45;-49,101;2025-03-23 15:30:00.0;0,00
PIRAQUARA;411950903A;PR;Jardim Santa Mônica;-25,45;-49,101;2025-03-23 16:30:00.0;0,00
PIRAQUARA;411950903A;PR;Jardim Santa Mônica;-25,45;-49,101;2025-03-23 17:30:00.0;0,00
PIRAQUARA;411950903A;PR;Jardim Santa Mônica;-25,45;-49,101;2025-03-23 18:30:00.0;0,00
PIRAQUARA;411950903A;PR;Jardim Santa Mônica;-25,45;-49,101;2025-03-23 19:30:00.0;0,00
PIRAQUARA;411950903A;PR;Jardim Santa Mônica;-25,45;-49,101;2025-03-23 20:30:00.0;0,00
PIRAQUARA;411950903A;PR;Jardim Santa Mônica;-25,45;-49,101;2025-03-23 21:30:00.0;0,00
PIRAQUARA;411950903A;PR;Jardim Santa Mônica;-25,45;-49,101;2025-03-23 22:30:00.0;0,00
PIRAQUARA;411950903A;PR;Jardim Santa Mônica;-25,45;-49,101;2025-03-23 23:30:00.0;0,00
PIRAQUARA;411950903A;PR;Jardim Santa Mônica;-25,45;-49,101;2025-03-24 00:30:00.0;0,00
PIRAQUARA;411950903A;PR;Jardim Santa Mônica;-25,45;-49,101;2025-03-24 01:30:00.0;0,00
PIRAQUARA;411950903A;PR;Jardim Santa Mônica;-25,45;-49,101;2025-03-24 02:30:00.0;0,00
PIRAQUARA;411950903A;PR;Jardim Santa Mônica;-25,45;-49,101;2025-03-24 03:30:00.0;0,00
PIRAQUARA;411950903A;PR;Jardim Santa Mônica;-25,45;-49,101;2025-03-24 04:30:00.0;0,00
PIRAQUARA;411950903A;PR;Jardim Santa Mônica;-25,45;-49,101;2025-03-24 05:30:00.0;0,00
PIRAQUARA;411950903A;PR;Jardim Santa Mônica;-25,45;-49,101;2025-03-24 06:30:00.0;0,00
PIRAQUARA;411950903A;PR;Jardim Santa Mônica;-25,45;-49,101;2025-03-24 07:30:00.0;0,00
PIRAQUARA;411950903A;PR;Jardim Santa Mônica;-25,45;-49,101;2025-03-24 08:30:00.0;0,00
PIRAQUARA;411950903A;PR;Jardim Santa Mônica;-25,45;-49,101;2025-03-24 09:30:00.0;0,00
PIRAQUARA;411950903A;PR;Jardim Santa Mônica;-25,45;-49,101;2025-03-24 10:30:00.0;0,00
PIRAQUARA;411950903A;PR;Jardim Santa Mônica;-25,45;-49,101;2025-03-24 11:30:00.0;0,00
PIRAQUARA;411950903A;PR;Jardim Santa Mônica;-25,45;-49,101;2025-03-24 12:30:00.0;0,00
PIRAQUARA;411950903A;PR;Jardim Santa Mônica;-25,45;-49,101;2025-03-24 13:30:00.0;0,00
PIRAQUARA;411950903A;PR;Jardim Santa Mônica;-25,45;-49,101;2025-03-24 14:30:00.0;0,00
PIRAQUARA;411950903A;PR;Jardim Santa Mônica;-25,45;-49,101;2025-03-24 15:30:00.0;0,00
PIRAQUARA;411950903A;PR;Jardim Santa Mônica;-25,45;-49,101;2025-03-24 16:30:00.0;0,00
PIRAQUARA;411950903A;PR;Jardim Santa Mônica;-25,45;-49,101;2025-03-24 17:30:00.0;0,00
PIRAQUARA;411950903A;PR;Jardim Santa Mônica;-25,45;-49,101;2025-03-24 18:30:00.0;0,00
PIRAQUARA;411950903A;PR;Jardim Santa Mônica;-25,45;-49,101;2025-03-24 19:30:00.0;0,00
PIRAQUARA;411950903A;PR;Jardim Santa Mônica;-25,45;-49,101;2025-03-24 20:30:00.0;0,00
PIRAQUARA;411950903A;PR;Jardim Santa Mônica;-25,45;-49,101;2025-03-24 21:30:00.0;0,00
PIRAQUARA;411950903A;PR;Jardim Santa Mônica;-25,45;-49,101;2025-03-24 22:30:00.0;0,00
PIRAQUARA;411950903A;PR;Jardim Santa Mônica;-25,45;-49,101;2025-03-24 23:30:00.0;0,00
PIRAQUARA;411950903A;PR;Jardim Santa Mônica;-25,45;-49,101;2025-03-25 00:30:00.0;0,00
PIRAQUARA;411950903A;PR;Jardim Santa Mônica;-25,45;-49,101;2025-03-25 01:30:00.0;0,00
PIRAQUARA;411950903A;PR;Jardim Santa Mônica;-25,45;-49,101;2025-03-25 02:30:00.0;0,00
PIRAQUARA;411950903A;PR;Jardim Santa Mônica;-25,45;-49,101;2025-03-25 03:30:00.0;0,00
PIRAQUARA;411950903A;PR;Jardim Santa Mônica;-25,45;-49,101;2025-03-25 04:30:00.0;0,00
PIRAQUARA;411950903A;PR;Jardim Santa Mônica;-25,45;-49,101;2025-03-25 05:30:00.0;0,00
PIRAQUARA;411950903A;PR;Jardim Santa Mônica;-25,45;-49,101;2025-03-25 06:30:00.0;0,00
PIRAQUARA;411950903A;PR;Jardim Santa Mônica;-25,45;-49,101;2025-03-25 07:30:00.0;0,00
PIRAQUARA;411950903A;PR;Jardim Santa Mônica;-25,45;-49,101;2025-03-25 08:30:00.0;0,00
PIRAQUARA;411950903A;PR;Jardim Santa Mônica;-25,45;-49,101;2025-03-25 08:40:00.0;0,39
PIRAQUARA;411950903A;PR;Jardim Santa Mônica;-25,45;-49,101;2025-03-25 08:50:00.0;0,20
PIRAQUARA;411950903A;PR;Jardim Santa Mônica;-25,45;-49,101;2025-03-25 09:20:00.0;0,20
PIRAQUARA;411950903A;PR;Jardim Santa Mônica;-25,45;-49,101;2025-03-25 09:30:00.0;0,00
PIRAQUARA;411950903A;PR;Jardim Santa Mônica;-25,45;-49,101;2025-03-25 10:30:00.0;0,00
PIRAQUARA;411950903A;PR;Jardim Santa Mônica;-25,45;-49,101;2025-03-25 11:30:00.0;0,00
PIRAQUARA;411950903A;PR;Jardim Santa Mônica;-25,45;-49,101;2025-03-25 12:30:00.0;0,00
PIRAQUARA;411950903A;PR;Jardim Santa Mônica;-25,45;-49,101;2025-03-25 13:30:00.0;0,00
PIRAQUARA;411950903A;PR;Jardim Santa Mônica;-25,45;-49,101;2025-03-25 14:30:00.0;0,00
PIRAQUARA;411950903A;PR;Jardim Santa Mônica;-25,45;-49,101;2025-03-25 16:10:00.0;0,00
PIRAQUARA;411950903A;PR;Jardim Santa Mônica;-25,45;-49,101;2025-03-25 16:30:00.0;0,00
PIRAQUARA;411950903A;PR;Jardim Santa Mônica;-25,45;-49,101;2025-03-25 17:30:00.0;0,00
PIRAQUARA;411950903A;PR;Jardim Santa Mônica;-25,45;-49,101;2025-03-25 18:30:00.0;0,00
PIRAQUARA;411950903A;PR;Jardim Santa Mônica;-25,45;-49,101;2025-03-25 19:30:00.0;0,00
PIRAQUARA;411950903A;PR;Jardim Santa Mônica;-25,45;-49,101;2025-03-25 20:30:00.0;0,00
PIRAQUARA;411950903A;PR;Jardim Santa Mônica;-25,45;-49,101;2025-03-25 21:30:00.0;0,00
PIRAQUARA;411950903A;PR;Jardim Santa Mônica;-25,45;-49,101;2025-03-25 22:30:00.0;0,00
PIRAQUARA;411950903A;PR;Jardim Santa Mônica;-25,45;-49,101;2025-03-25 23:30:00.0;0,00
PIRAQUARA;411950903A;PR;Jardim Santa Mônica;-25,45;-49,101;2025-03-26 00:30:00.0;0,00
PIRAQUARA;411950903A;PR;Jardim Santa Mônica;-25,45;-49,101;2025-03-26 01:30:00.0;0,00
PIRAQUARA;411950903A;PR;Jardim Santa Mônica;-25,45;-49,101;2025-03-26 02:30:00.0;0,00
PIRAQUARA;411950903A;PR;Jardim Santa Mônica;-25,45;-49,101;2025-03-26 03:30:00.0;0,00
PIRAQUARA;411950903A;PR;Jardim Santa Mônica;-25,45;-49,101;2025-03-26 04:30:00.0;0,00
PIRAQUARA;411950903A;PR;Jardim Santa Mônica;-25,45;-49,101;2025-03-26 04:50:00.0;0,20
PIRAQUARA;411950903A;PR;Jardim Santa Mônica;-25,45;-49,101;2025-03-26 05:10:00.0;0,20
PIRAQUARA;411950903A;PR;Jardim Santa Mônica;-25,45;-49,101;2025-03-26 05:20:00.0;0,20
PIRAQUARA;411950903A;PR;Jardim Santa Mônica;-25,45;-49,101;2025-03-26 05:30:00.0;0,00
PIRAQUARA;411950903A;PR;Jardim Santa Mônica;-25,45;-49,101;2025-03-26 06:30:00.0;0,00
PIRAQUARA;411950903A;PR;Jardim Santa Mônica;-25,45;-49,101;2025-03-26 06:40:00.0;0,20
PIRAQUARA;411950903A;PR;Jardim Santa Mônica;-25,45;-49,101;2025-03-26 07:30:00.0;0,00
PIRAQUARA;411950903A;PR;Jardim Santa Mônica;-25,45;-49,101;2025-03-26 08:30:00.0;0,00
PIRAQUARA;411950903A;PR;Jardim Santa Mônica;-25,45;-49,101;2025-03-26 09:30:00.0;0,00
PIRAQUARA;411950903A;PR;Jardim Santa Mônica;-25,45;-49,101;2025-03-26 10:30:00.0;0,00
PIRAQUARA;411950903A;PR;Jardim Santa Mônica;-25,45;-49,101;2025-03-26 11:30:00.0;0,00
PIRAQUARA;411950903A;PR;Jardim Santa Mônica;-25,45;-49,101;2025-03-26 12:30:00.0;0,00
PIRAQUARA;411950903A;PR;Jardim Santa Mônica;-25,45;-49,101;2025-03-26 13:30:00.0;0,00
PIRAQUARA;411950903A;PR;Jardim Santa Mônica;-25,45;-49,101;2025-03-26 14:30:00.0;0,00
PIRAQUARA;411950903A;PR;Jardim Santa Mônica;-25,45;-49,101;2025-03-26 15:30:00.0;0,00
PIRAQUARA;411950903A;PR;Jardim Santa Mônica;-25,45;-49,101;2025-03-26 16:30:00.0;0,00
PIRAQUARA;411950903A;PR;Jardim Santa Mônica;-25,45;-49,101;2025-03-26 17:30:00.0;0,00
PIRAQUARA;411950903A;PR;Jardim Santa Mônica;-25,45;-49,101;2025-03-26 18:30:00.0;0,00
PIRAQUARA;411950903A;PR;Jardim Santa Mônica;-25,45;-49,101;2025-03-26 19:30:00.0;0,00
PIRAQUARA;411950903A;PR;Jardim Santa Mônica;-25,45;-49,101;2025-03-26 20:30:00.0;0,00
PIRAQUARA;411950903A;PR;Jardim Santa Mônica;-25,45;-49,101;2025-03-26 21:30:00.0;0,00
PIRAQUARA;411950903A;PR;Jardim Santa Mônica;-25,45;-49,101;2025-03-26 22:30:00.0;0,00
PIRAQUARA;411950903A;PR;Jardim Santa Mônica;-25,45;-49,101;2025-03-26 23:30:00.0;0,00
PIRAQUARA;411950903A;PR;Jardim Santa Mônica;-25,45;-49,101;2025-03-27 00:30:00.0;0,00
PIRAQUARA;411950903A;PR;Jardim Santa Mônica;-25,45;-49,101;2025-03-27 01:30:00.0;0,00
PIRAQUARA;411950903A;PR;Jardim Santa Mônica;-25,45;-49,101;2025-03-27 02:30:00.0;0,00
PIRAQUARA;411950903A;PR;Jardim Santa Mônica;-25,45;-49,101;2025-03-27 03:30:00.0;0,00
PIRAQUARA;411950903A;PR;Jardim Santa Mônica;-25,45;-49,101;2025-03-27 04:30:00.0;0,00
PIRAQUARA;411950903A;PR;Jardim Santa Mônica;-25,45;-49,101;2025-03-27 05:30:00.0;0,00
PIRAQUARA;411950903A;PR;Jardim Santa Mônica;-25,45;-49,101;2025-03-27 06:10:00.0;0,20
PIRAQUARA;411950903A;PR;Jardim Santa Mônica;-25,45;-49,101;2025-03-27 06:30:00.0;0,00
PIRAQUARA;411950903A;PR;Jardim Santa Mônica;-25,45;-49,101;2025-03-27 07:30:00.0;0,00
PIRAQUARA;411950903A;PR;Jardim Santa Mônica;-25,45;-49,101;2025-03-27 08:30:00.0;0,00
PIRAQUARA;411950903A;PR;Jardim Santa Mônica;-25,45;-49,101;2025-03-27 09:30:00.0;0,00
PIRAQUARA;411950903A;PR;Jardim Santa Mônica;-25,45;-49,101;2025-03-27 10:30:00.0;0,00
PIRAQUARA;411950903A;PR;Jardim Santa Mônica;-25,45;-49,101;2025-03-27 11:30:00.0;0,00
PIRAQUARA;411950903A;PR;Jardim Santa Mônica;-25,45;-49,101;2025-03-27 12:30:00.0;0,00
PIRAQUARA;411950903A;PR;Jardim Santa Mônica;-25,45;-49,101;2025-03-27 13:30:00.0;0,00
PIRAQUARA;411950903A;PR;Jardim Santa Mônica;-25,45;-49,101;2025-03-27 14:30:00.0;0,00
PIRAQUARA;411950903A;PR;Jardim Santa Mônica;-25,45;-49,101;2025-03-27 15:30:00.0;0,00
PIRAQUARA;411950903A;PR;Jardim Santa Mônica;-25,45;-49,101;2025-03-27 16:30:00.0;0,00
PIRAQUARA;411950903A;PR;Jardim Santa Mônica;-25,45;-49,101;2025-03-27 17:30:00.0;0,00
PIRAQUARA;411950903A;PR;Jardim Santa Mônica;-25,45;-49,101;2025-03-27 18:30:00.0;0,00
PIRAQUARA;411950903A;PR;Jardim Santa Mônica;-25,45;-49,101;2025-03-27 19:30:00.0;0,00
PIRAQUARA;411950903A;PR;Jardim Santa Mônica;-25,45;-49,101;2025-03-27 20:30:00.0;0,00
PIRAQUARA;411950903A;PR;Jardim Santa Mônica;-25,45;-49,101;2025-03-27 21:30:00.0;0,00
PIRAQUARA;411950903A;PR;Jardim Santa Mônica;-25,45;-49,101;2025-03-27 22:30:00.0;0,00
PIRAQUARA;411950903A;PR;Jardim Santa Mônica;-25,45;-49,101;2025-03-27 23:30:00.0;0,00
PIRAQUARA;411950903A;PR;Jardim Santa Mônica;-25,45;-49,101;2025-03-28 00:30:00.0;0,00
PIRAQUARA;411950903A;PR;Jardim Santa Mônica;-25,45;-49,101;2025-03-28 01:30:00.0;0,00
PIRAQUARA;411950903A;PR;Jardim Santa Mônica;-25,45;-49,101;2025-03-28 02:30:00.0;0,00
PIRAQUARA;411950903A;PR;Jardim Santa Mônica;-25,45;-49,101;2025-03-28 03:30:00.0;0,00
PIRAQUARA;411950903A;PR;Jardim Santa Mônica;-25,45;-49,101;2025-03-28 04:30:00.0;0,00
PIRAQUARA;411950903A;PR;Jardim Santa Mônica;-25,45;-49,101;2025-03-28 05:30:00.0;0,00
PIRAQUARA;411950903A;PR;Jardim Santa Mônica;-25,45;-49,101;2025-03-28 06:30:00.0;0,00
PIRAQUARA;411950903A;PR;Jardim Santa Mônica;-25,45;-49,101;2025-03-28 07:30:00.0;0,00
PIRAQUARA;411950903A;PR;Jardim Santa Mônica;-25,45;-49,101;2025-03-28 08:30:00.0;0,00
PIRAQUARA;411950903A;PR;Jardim Santa Mônica;-25,45;-49,101;2025-03-28 09:30:00.0;0,00
PIRAQUARA;411950903A;PR;Jardim Santa Mônica;-25,45;-49,101;2025-03-28 10:30:00.0;0,00
PIRAQUARA;411950903A;PR;Jardim Santa Mônica;-25,45;-49,101;2025-03-28 11:30:00.0;0,00
PIRAQUARA;411950903A;PR;Jardim Santa Mônica;-25,45;-49,101;2025-03-28 12:30:00.0;0,00
PIRAQUARA;411950903A;PR;Jardim Santa Mônica;-25,45;-49,101;2025-03-28 13:30:00.0;0,00
PIRAQUARA;411950903A;PR;Jardim Santa Mônica;-25,45;-49,101;2025-03-28 14:30:00.0;0,00
PIRAQUARA;411950903A;PR;Jardim Santa Mônica;-25,45;-49,101;2025-03-28 15:30:00.0;0,00
PIRAQUARA;411950903A;PR;Jardim Santa Mônica;-25,45;-49,101;2025-03-28 16:30:00.0;0,00
PIRAQUARA;411950903A;PR;Jardim Santa Mônica;-25,45;-49,101;2025-03-28 17:30:00.0;0,00
PIRAQUARA;411950903A;PR;Jardim Santa Mônica;-25,45;-49,101;2025-03-28 18:30:00.0;0,00
PIRAQUARA;411950903A;PR;Jardim Santa Mônica;-25,45;-49,101;2025-03-28 19:30:00.0;0,00
PIRAQUARA;411950903A;PR;Jardim Santa Mônica;-25,45;-49,101;2025-03-28 20:30:00.0;0,00
PIRAQUARA;411950903A;PR;Jardim Santa Mônica;-25,45;-49,101;2025-03-28 21:30:00.0;0,00
PIRAQUARA;411950903A;PR;Jardim Santa Mônica;-25,45;-49,101;2025-03-28 22:30:00.0;0,00
PIRAQUARA;411950903A;PR;Jardim Santa Mônica;-25,45;-49,101;2025-03-28 23:30:00.0;0,00
PIRAQUARA;411950903A;PR;Jardim Santa Mônica;-25,45;-49,101;2025-03-29 00:30:00.0;0,00
PIRAQUARA;411950903A;PR;Jardim Santa Mônica;-25,45;-49,101;2025-03-29 01:30:00.0;0,00
PIRAQUARA;411950903A;PR;Jardim Santa Mônica;-25,45;-49,101;2025-03-29 02:30:00.0;0,00
PIRAQUARA;411950903A;PR;Jardim Santa Mônica;-25,45;-49,101;2025-03-29 03:30:00.0;0,00
PIRAQUARA;411950903A;PR;Jardim Santa Mônica;-25,45;-49,101;2025-03-29 04:30:00.0;0,00
PIRAQUARA;411950903A;PR;Jardim Santa Mônica;-25,45;-49,101;2025-03-29 05:30:00.0;0,00
PIRAQUARA;411950903A;PR;Jardim Santa Mônica;-25,45;-49,101;2025-03-29 06:30:00.0;0,00
PIRAQUARA;411950903A;PR;Jardim Santa Mônica;-25,45;-49,101;2025-03-29 07:30:00.0;0,00
PIRAQUARA;411950903A;PR;Jardim Santa Mônica;-25,45;-49,101;2025-03-29 08:30:00.0;0,00
PIRAQUARA;411950903A;PR;Jardim Santa Mônica;-25,45;-49,101;2025-03-29 09:30:00.0;0,00
PIRAQUARA;411950903A;PR;Jardim Santa Mônica;-25,45;-49,101;2025-03-29 10:30:00.0;0,00
PIRAQUARA;411950903A;PR;Jardim Santa Mônica;-25,45;-49,101;2025-03-29 11:30:00.0;0,00
PIRAQUARA;411950903A;PR;Jardim Santa Mônica;-25,45;-49,101;2025-03-29 12:30:00.0;0,00
PIRAQUARA;411950903A;PR;Jardim Santa Mônica;-25,45;-49,101;2025-03-29 13:30:00.0;0,00
PIRAQUARA;411950903A;PR;Jardim Santa Mônica;-25,45;-49,101;2025-03-29 14:30:00.0;0,00
PIRAQUARA;411950903A;PR;Jardim Santa Mônica;-25,45;-49,101;2025-03-29 15:30:00.0;0,00
PIRAQUARA;411950903A;PR;Jardim Santa Mônica;-25,45;-49,101;2025-03-29 16:30:00.0;0,00
PIRAQUARA;411950903A;PR;Jardim Santa Mônica;-25,45;-49,101;2025-03-29 17:30:00.0;0,00
PIRAQUARA;411950903A;PR;Jardim Santa Mônica;-25,45;-49,101;2025-03-29 19:30:00.0;0,00
PIRAQUARA;411950903A;PR;Jardim Santa Mônica;-25,45;-49,101;2025-03-29 20:30:00.0;0,00
PIRAQUARA;411950903A;PR;Jardim Santa Mônica;-25,45;-49,101;2025-03-29 21:30:00.0;0,00
PIRAQUARA;411950903A;PR;Jardim Santa Mônica;-25,45;-49,101;2025-03-29 22:30:00.0;0,00
PIRAQUARA;411950903A;PR;Jardim Santa Mônica;-25,45;-49,101;2025-03-29 23:30:00.0;0,00
PIRAQUARA;411950903A;PR;Jardim Santa Mônica;-25,45;-49,101;2025-03-30 00:30:00.0;0,00
PIRAQUARA;411950903A;PR;Jardim Santa Mônica;-25,45;-49,101;2025-03-30 01:30:00.0;0,00
PIRAQUARA;411950903A;PR;Jardim Santa Mônica;-25,45;-49,101;2025-03-30 02:30:00.0;0,00
PIRAQUARA;411950903A;PR;Jardim Santa Mônica;-25,45;-49,101;2025-03-30 03:30:00.0;0,00
PIRAQUARA;411950903A;PR;Jardim Santa Mônica;-25,45;-49,101;2025-03-30 04:30:00.0;0,00
PIRAQUARA;411950903A;PR;Jardim Santa Mônica;-25,45;-49,101;2025-03-30 05:30:00.0;0,00
PIRAQUARA;411950903A;PR;Jardim Santa Mônica;-25,45;-49,101;2025-03-30 06:30:00.0;0,00
PIRAQUARA;411950903A;PR;Jardim Santa Mônica;-25,45;-49,101;2025-03-30 07:30:00.0;0,00
PIRAQUARA;411950903A;PR;Jardim Santa Mônica;-25,45;-49,101;2025-03-30 08:30:00.0;0,00
PIRAQUARA;411950903A;PR;Jardim Santa Mônica;-25,45;-49,101;2025-03-30 09:30:00.0;0,00
PIRAQUARA;411950903A;PR;Jardim Santa Mônica;-25,45;-49,101;2025-03-30 10:30:00.0;0,00
PIRAQUARA;411950903A;PR;Jardim Santa Mônica;-25,45;-49,101;2025-03-30 11:30:00.0;0,00
PIRAQUARA;411950903A;PR;Jardim Santa Mônica;-25,45;-49,101;2025-03-30 12:30:00.0;0,00
PIRAQUARA;411950903A;PR;Jardim Santa Mônica;-25,45;-49,101;2025-03-30 13:30:00.0;0,00
PIRAQUARA;411950903A;PR;Jardim Santa Mônica;-25,45;-49,101;2025-03-30 14:30:00.0;0,00
PIRAQUARA;411950903A;PR;Jardim Santa Mônica;-25,45;-49,101;2025-03-30 15:30:00.0;0,00
PIRAQUARA;411950903A;PR;Jardim Santa Mônica;-25,45;-49,101;2025-03-30 16:30:00.0;0,00
PIRAQUARA;411950903A;PR;Jardim Santa Mônica;-25,45;-49,101;2025-03-30 17:30:00.0;0,00
PIRAQUARA;411950903A;PR;Jardim Santa Mônica;-25,45;-49,101;2025-03-30 18:30:00.0;0,00
PIRAQUARA;411950903A;PR;Jardim Santa Mônica;-25,45;-49,101;2025-03-30 19:30:00.0;0,00
PIRAQUARA;411950903A;PR;Jardim Santa Mônica;-25,45;-49,101;2025-03-30 20:30:00.0;0,00
PIRAQUARA;411950903A;PR;Jardim Santa Mônica;-25,45;-49,101;2025-03-30 21:30:00.0;0,00
PIRAQUARA;411950903A;PR;Jardim Santa Mônica;-25,45;-49,101;2025-03-30 22:30:00.0;0,00
PIRAQUARA;411950903A;PR;Jardim Santa Mônica;-25,45;-49,101;2025-03-30 23:30:00.0;0,00
PIRAQUARA;411950903A;PR;Jardim Santa Mônica;-25,45;-49,101;2025-03-31 00:30:00.0;0,00
PIRAQUARA;411950903A;PR;Jardim Santa Mônica;-25,45;-49,101;2025-03-31 01:30:00.0;0,00
PIRAQUARA;411950903A;PR;Jardim Santa Mônica;-25,45;-49,101;2025-03-31 02:30:00.0;0,00
PIRAQUARA;411950903A;PR;Jardim Santa Mônica;-25,45;-49,101;2025-03-31 03:30:00.0;0,00
PIRAQUARA;411950903A;PR;Jardim Santa Mônica;-25,45;-49,101;2025-03-31 04:30:00.0;0,00
PIRAQUARA;411950903A;PR;Jardim Santa Mônica;-25,45;-49,101;2025-03-31 05:30:00.0;0,00
PIRAQUARA;411950903A;PR;Jardim Santa Mônica;-25,45;-49,101;2025-03-31 06:30:00.0;0,00
PIRAQUARA;411950903A;PR;Jardim Santa Mônica;-25,45;-49,101;2025-03-31 07:30:00.0;0,00
PIRAQUARA;411950903A;PR;Jardim Santa Mônica;-25,45;-49,101;2025-03-31 08:30:00.0;0,00
PIRAQUARA;411950903A;PR;Jardim Santa Mônica;-25,45;-49,101;2025-03-31 09:30:00.0;0,00
PIRAQUARA;411950903A;PR;Jardim Santa Mônica;-25,45;-49,101;2025-03-31 10:30:00.0;0,00
PIRAQUARA;411950903A;PR;Jardim Santa Mônica;-25,45;-49,101;2025-03-31 11:30:00.0;0,00
PIRAQUARA;411950903A;PR;Jardim Santa Mônica;-25,45;-49,101;2025-03-31 12:30:00.0;0,00
PIRAQUARA;411950903A;PR;Jardim Santa Mônica;-25,45;-49,101;2025-03-31 13:30:00.0;0,00
PIRAQUARA;411950903A;PR;Jardim Santa Mônica;-25,45;-49,101;2025-03-31 14:30:00.0;0,00
PIRAQUARA;411950903A;PR;Jardim Santa Mônica;-25,45;-49,101;2025-03-31 15:30:00.0;0,00
PIRAQUARA;411950903A;PR;Jardim Santa Mônica;-25,45;-49,101;2025-03-31 16:30:00.0;0,00
PIRAQUARA;411950903A;PR;Jardim Santa Mônica;-25,45;-49,101;2025-03-31 17:30:00.0;0,00
PIRAQUARA;411950903A;PR;Jardim Santa Mônica;-25,45;-49,101;2025-03-31 18:30:00.0;0,00
PIRAQUARA;411950903A;PR;Jardim Santa Mônica;-25,45;-49,101;2025-03-31 19:30:00.0;0,00
PIRAQUARA;411950903A;PR;Jardim Santa Mônica;-25,45;-49,101;2025-03-31 20:30:00.0;0,00
PIRAQUARA;411950903A;PR;Jardim Santa Mônica;-25,45;-49,101;2025-03-31 21:30:00.0;0,00
PIRAQUARA;411950903A;PR;Jardim Santa Mônica;-25,45;-49,101;2025-03-31 22:30:00.0;0,00
PIRAQUARA;411950903A;PR;Jardim Santa Mônica;-25,45;-49,101;2025-03-31 23:30:00.0;0,00
PRUDENTÓPOLIS;412060601A;PR;Bombeiro Comunitário;-25,21334;-50,97847;2025-03-01 00:10:00.0;0,00
PRUDENTÓPOLIS;412060601A;PR;Bombeiro Comunitário;-25,21334;-50,97847;2025-03-01 01:10:00.0;0,00
PRUDENTÓPOLIS;412060601A;PR;Bombeiro Comunitário;-25,21334;-50,97847;2025-03-01 02:10:00.0;0,00
PRUDENTÓPOLIS;412060601A;PR;Bombeiro Comunitário;-25,21334;-50,97847;2025-03-01 03:10:00.0;0,00
PRUDENTÓPOLIS;412060601A;PR;Bombeiro Comunitário;-25,21334;-50,97847;2025-03-01 04:10:00.0;0,00
PRUDENTÓPOLIS;412060601A;PR;Bombeiro Comunitário;-25,21334;-50,97847;2025-03-01 05:10:00.0;0,00
PRUDENTÓPOLIS;412060601A;PR;Bombeiro Comunitário;-25,21334;-50,97847;2025-03-01 06:10:00.0;0,00
PRUDENTÓPOLIS;412060601A;PR;Bombeiro Comunitário;-25,21334;-50,97847;2025-03-01 07:10:00.0;0,00
PRUDENTÓPOLIS;412060601A;PR;Bombeiro Comunitário;-25,21334;-50,97847;2025-03-01 08:10:00.0;0,00
PRUDENTÓPOLIS;412060601A;PR;Bombeiro Comunitário;-25,21334;-50,97847;2025-03-01 09:10:00.0;0,00
PRUDENTÓPOLIS;412060601A;PR;Bombeiro Comunitário;-25,21334;-50,97847;2025-03-01 10:10:00.0;0,00
PRUDENTÓPOLIS;412060601A;PR;Bombeiro Comunitário;-25,21334;-50,97847;2025-03-01 11:10:00.0;0,00
PRUDENTÓPOLIS;412060601A;PR;Bombeiro Comunitário;-25,21334;-50,97847;2025-03-01 12:10:00.0;0,00
PRUDENTÓPOLIS;412060601A;PR;Bombeiro Comunitário;-25,21334;-50,97847;2025-03-01 13:10:00.0;0,00
PRUDENTÓPOLIS;412060601A;PR;Bombeiro Comunitário;-25,21334;-50,97847;2025-03-01 14:10:00.0;0,00
PRUDENTÓPOLIS;412060601A;PR;Bombeiro Comunitário;-25,21334;-50,97847;2025-03-01 15:10:00.0;0,00
PRUDENTÓPOLIS;412060601A;PR;Bombeiro Comunitário;-25,21334;-50,97847;2025-03-01 16:10:00.0;0,00
PRUDENTÓPOLIS;412060601A;PR;Bombeiro Comunitário;-25,21334;-50,97847;2025-03-01 17:10:00.0;0,00
PRUDENTÓPOLIS;412060601A;PR;Bombeiro Comunitário;-25,21334;-50,97847;2025-03-01 18:10:00.0;0,00
PRUDENTÓPOLIS;412060601A;PR;Bombeiro Comunitário;-25,21334;-50,97847;2025-03-01 19:10:00.0;0,00
PRUDENTÓPOLIS;412060601A;PR;Bombeiro Comunitário;-25,21334;-50,97847;2025-03-01 20:10:00.0;0,00
PRUDENTÓPOLIS;412060601A;PR;Bombeiro Comunitário;-25,21334;-50,97847;2025-03-01 21:10:00.0;0,00
PRUDENTÓPOLIS;412060601A;PR;Bombeiro Comunitário;-25,21334;-50,97847;2025-03-01 22:10:00.0;0,00
PRUDENTÓPOLIS;412060601A;PR;Bombeiro Comunitário;-25,21334;-50,97847;2025-03-01 23:10:00.0;0,00
PRUDENTÓPOLIS;412060601A;PR;Bombeiro Comunitário;-25,21334;-50,97847;2025-03-02 00:10:00.0;0,00
PRUDENTÓPOLIS;412060601A;PR;Bombeiro Comunitário;-25,21334;-50,97847;2025-03-02 01:10:00.0;0,00
PRUDENTÓPOLIS;412060601A;PR;Bombeiro Comunitário;-25,21334;-50,97847;2025-03-02 02:10:00.0;0,00
PRUDENTÓPOLIS;412060601A;PR;Bombeiro Comunitário;-25,21334;-50,97847;2025-03-02 03:10:00.0;0,00
PRUDENTÓPOLIS;412060601A;PR;Bombeiro Comunitário;-25,21334;-50,97847;2025-03-02 04:10:00.0;0,00
PRUDENTÓPOLIS;412060601A;PR;Bombeiro Comunitário;-25,21334;-50,97847;2025-03-02 05:10:00.0;0,00
PRUDENTÓPOLIS;412060601A;PR;Bombeiro Comunitário;-25,21334;-50,97847;2025-03-02 06:10:00.0;0,00
PRUDENTÓPOLIS;412060601A;PR;Bombeiro Comunitário;-25,21334;-50,97847;2025-03-02 07:10:00.0;0,00
PRUDENTÓPOLIS;412060601A;PR;Bombeiro Comunitário;-25,21334;-50,97847;2025-03-02 08:10:00.0;0,00
PRUDENTÓPOLIS;412060601A;PR;Bombeiro Comunitário;-25,21334;-50,97847;2025-03-02 09:10:00.0;0,00
PRUDENTÓPOLIS;412060601A;PR;Bombeiro Comunitário;-25,21334;-50,97847;2025-03-02 10:10:00.0;0,00
PRUDENTÓPOLIS;412060601A;PR;Bombeiro Comunitário;-25,21334;-50,97847;2025-03-02 11:10:00.0;0,00
PRUDENTÓPOLIS;412060601A;PR;Bombeiro Comunitário;-25,21334;-50,97847;2025-03-02 12:10:00.0;0,00
PRUDENTÓPOLIS;412060601A;PR;Bombeiro Comunitário;-25,21334;-50,97847;2025-03-02 13:10:00.0;0,00
PRUDENTÓPOLIS;412060601A;PR;Bombeiro Comunitário;-25,21334;-50,97847;2025-03-02 14:10:00.0;0,00
PRUDENTÓPOLIS;412060601A;PR;Bombeiro Comunitário;-25,21334;-50,97847;2025-03-02 15:10:00.0;0,00
PRUDENTÓPOLIS;412060601A;PR;Bombeiro Comunitário;-25,21334;-50,97847;2025-03-02 16:10:00.0;0,00
PRUDENTÓPOLIS;412060601A;PR;Bombeiro Comunitário;-25,21334;-50,97847;2025-03-02 17:10:00.0;0,00
PRUDENTÓPOLIS;412060601A;PR;Bombeiro Comunitário;-25,21334;-50,97847;2025-03-02 18:10:00.0;0,00
PRUDENTÓPOLIS;412060601A;PR;Bombeiro Comunitário;-25,21334;-50,97847;2025-03-02 19:10:00.0;0,00
PRUDENTÓPOLIS;412060601A;PR;Bombeiro Comunitário;-25,21334;-50,97847;2025-03-02 20:10:00.0;0,00
PRUDENTÓPOLIS;412060601A;PR;Bombeiro Comunitário;-25,21334;-50,97847;2025-03-02 21:10:00.0;0,00
PRUDENTÓPOLIS;412060601A;PR;Bombeiro Comunitário;-25,21334;-50,97847;2025-03-02 22:10:00.0;0,00
PRUDENTÓPOLIS;412060601A;PR;Bombeiro Comunitário;-25,21334;-50,97847;2025-03-02 23:10:00.0;0,00
PRUDENTÓPOLIS;412060601A;PR;Bombeiro Comunitário;-25,21334;-50,97847;2025-03-03 00:10:00.0;0,00
PRUDENTÓPOLIS;412060601A;PR;Bombeiro Comunitário;-25,21334;-50,97847;2025-03-03 01:10:00.0;0,00
PRUDENTÓPOLIS;412060601A;PR;Bombeiro Comunitário;-25,21334;-50,97847;2025-03-03 02:10:00.0;0,00
PRUDENTÓPOLIS;412060601A;PR;Bombeiro Comunitário;-25,21334;-50,97847;2025-03-03 03:10:00.0;0,00
PRUDENTÓPOLIS;412060601A;PR;Bombeiro Comunitário;-25,21334;-50,97847;2025-03-03 04:10:00.0;0,00
PRUDENTÓPOLIS;412060601A;PR;Bombeiro Comunitário;-25,21334;-50,97847;2025-03-03 05:10:00.0;0,00
PRUDENTÓPOLIS;412060601A;PR;Bombeiro Comunitário;-25,21334;-50,97847;2025-03-03 06:10:00.0;0,00
PRUDENTÓPOLIS;412060601A;PR;Bombeiro Comunitário;-25,21334;-50,97847;2025-03-03 07:10:00.0;0,00
PRUDENTÓPOLIS;412060601A;PR;Bombeiro Comunitário;-25,21334;-50,97847;2025-03-03 08:10:00.0;0,00
PRUDENTÓPOLIS;412060601A;PR;Bombeiro Comunitário;-25,21334;-50,97847;2025-03-03 09:10:00.0;0,00
PRUDENTÓPOLIS;412060601A;PR;Bombeiro Comunitário;-25,21334;-50,97847;2025-03-03 10:10:00.0;0,00
PRUDENTÓPOLIS;412060601A;PR;Bombeiro Comunitário;-25,21334;-50,97847;2025-03-03 11:10:00.0;0,00
PRUDENTÓPOLIS;412060601A;PR;Bombeiro Comunitário;-25,21334;-50,97847;2025-03-03 12:10:00.0;0,00
PRUDENTÓPOLIS;412060601A;PR;Bombeiro Comunitário;-25,21334;-50,97847;2025-03-03 13:10:00.0;0,00
PRUDENTÓPOLIS;412060601A;PR;Bombeiro Comunitário;-25,21334;-50,97847;2025-03-03 14:10:00.0;0,00
PRUDENTÓPOLIS;412060601A;PR;Bombeiro Comunitário;-25,21334;-50,97847;2025-03-03 15:10:00.0;0,00
PRUDENTÓPOLIS;412060601A;PR;Bombeiro Comunitário;-25,21334;-50,97847;2025-03-03 16:10:00.0;0,00
PRUDENTÓPOLIS;412060601A;PR;Bombeiro Comunitário;-25,21334;-50,97847;2025-03-03 17:10:00.0;0,00
PRUDENTÓPOLIS;412060601A;PR;Bombeiro Comunitário;-25,21334;-50,97847;2025-03-03 18:10:00.0;0,00
PRUDENTÓPOLIS;412060601A;PR;Bombeiro Comunitário;-25,21334;-50,97847;2025-03-03 19:10:00.0;0,00
PRUDENTÓPOLIS;412060601A;PR;Bombeiro Comunitário;-25,21334;-50,97847;2025-03-03 20:10:00.0;0,00
PRUDENTÓPOLIS;412060601A;PR;Bombeiro Comunitário;-25,21334;-50,97847;2025-03-03 21:10:00.0;0,00
PRUDENTÓPOLIS;412060601A;PR;Bombeiro Comunitário;-25,21334;-50,97847;2025-03-03 22:10:00.0;0,00
PRUDENTÓPOLIS;412060601A;PR;Bombeiro Comunitário;-25,21334;-50,97847;2025-03-03 23:10:00.0;0,00
PRUDENTÓPOLIS;412060601A;PR;Bombeiro Comunitário;-25,21334;-50,97847;2025-03-04 00:10:00.0;0,00
PRUDENTÓPOLIS;412060601A;PR;Bombeiro Comunitário;-25,21334;-50,97847;2025-03-04 01:10:00.0;0,00
PRUDENTÓPOLIS;412060601A;PR;Bombeiro Comunitário;-25,21334;-50,97847;2025-03-04 02:10:00.0;0,00
PRUDENTÓPOLIS;412060601A;PR;Bombeiro Comunitário;-25,21334;-50,97847;2025-03-04 03:10:00.0;0,00
PRUDENTÓPOLIS;412060601A;PR;Bombeiro Comunitário;-25,21334;-50,97847;2025-03-04 04:10:00.0;0,00
PRUDENTÓPOLIS;412060601A;PR;Bombeiro Comunitário;-25,21334;-50,97847;2025-03-04 05:10:00.0;0,00
PRUDENTÓPOLIS;412060601A;PR;Bombeiro Comunitário;-25,21334;-50,97847;2025-03-04 06:10:00.0;0,00
PRUDENTÓPOLIS;412060601A;PR;Bombeiro Comunitário;-25,21334;-50,97847;2025-03-04 07:10:00.0;0,00
PRUDENTÓPOLIS;412060601A;PR;Bombeiro Comunitário;-25,21334;-50,97847;2025-03-04 08:10:00.0;0,00
PRUDENTÓPOLIS;412060601A;PR;Bombeiro Comunitário;-25,21334;-50,97847;2025-03-04 09:10:00.0;0,00
PRUDENTÓPOLIS;412060601A;PR;Bombeiro Comunitário;-25,21334;-50,97847;2025-03-04 10:10:00.0;0,00
PRUDENTÓPOLIS;412060601A;PR;Bombeiro Comunitário;-25,21334;-50,97847;2025-03-04 11:10:00.0;0,00
PRUDENTÓPOLIS;412060601A;PR;Bombeiro Comunitário;-25,21334;-50,97847;2025-03-04 12:10:00.0;0,00
PRUDENTÓPOLIS;412060601A;PR;Bombeiro Comunitário;-25,21334;-50,97847;2025-03-04 13:10:00.0;0,00
PRUDENTÓPOLIS;412060601A;PR;Bombeiro Comunitário;-25,21334;-50,97847;2025-03-04 14:10:00.0;0,00
PRUDENTÓPOLIS;412060601A;PR;Bombeiro Comunitário;-25,21334;-50,97847;2025-03-04 15:10:00.0;0,00
PRUDENTÓPOLIS;412060601A;PR;Bombeiro Comunitário;-25,21334;-50,97847;2025-03-04 16:10:00.0;0,00
PRUDENTÓPOLIS;412060601A;PR;Bombeiro Comunitário;-25,21334;-50,97847;2025-03-04 17:10:00.0;0,00
PRUDENTÓPOLIS;412060601A;PR;Bombeiro Comunitário;-25,21334;-50,97847;2025-03-04 18:10:00.0;0,00
PRUDENTÓPOLIS;412060601A;PR;Bombeiro Comunitário;-25,21334;-50,97847;2025-03-04 19:10:00.0;0,00
PRUDENTÓPOLIS;412060601A;PR;Bombeiro Comunitário;-25,21334;-50,97847;2025-03-04 20:10:00.0;0,00
PRUDENTÓPOLIS;412060601A;PR;Bombeiro Comunitário;-25,21334;-50,97847;2025-03-04 21:10:00.0;0,00
PRUDENTÓPOLIS;412060601A;PR;Bombeiro Comunitário;-25,21334;-50,97847;2025-03-04 22:10:00.0;0,00
PRUDENTÓPOLIS;412060601A;PR;Bombeiro Comunitário;-25,21334;-50,97847;2025-03-04 23:10:00.0;0,00
PRUDENTÓPOLIS;412060601A;PR;Bombeiro Comunitário;-25,21334;-50,97847;2025-03-05 00:10:00.0;0,00
PRUDENTÓPOLIS;412060601A;PR;Bombeiro Comunitário;-25,21334;-50,97847;2025-03-05 01:10:00.0;0,00
PRUDENTÓPOLIS;412060601A;PR;Bombeiro Comunitário;-25,21334;-50,97847;2025-03-05 02:10:00.0;0,00
PRUDENTÓPOLIS;412060601A;PR;Bombeiro Comunitário;-25,21334;-50,97847;2025-03-05 03:10:00.0;0,00
PRUDENTÓPOLIS;412060601A;PR;Bombeiro Comunitário;-25,21334;-50,97847;2025-03-05 04:10:00.0;0,00
PRUDENTÓPOLIS;412060601A;PR;Bombeiro Comunitário;-25,21334;-50,97847;2025-03-05 05:10:00.0;0,00
PRUDENTÓPOLIS;412060601A;PR;Bombeiro Comunitário;-25,21334;-50,97847;2025-03-05 06:10:00.0;0,00
PRUDENTÓPOLIS;412060601A;PR;Bombeiro Comunitário;-25,21334;-50,97847;2025-03-05 07:10:00.0;0,00
PRUDENTÓPOLIS;412060601A;PR;Bombeiro Comunitário;-25,21334;-50,97847;2025-03-05 08:10:00.0;0,00
PRUDENTÓPOLIS;412060601A;PR;Bombeiro Comunitário;-25,21334;-50,97847;2025-03-05 09:10:00.0;0,00
PRUDENTÓPOLIS;412060601A;PR;Bombeiro Comunitário;-25,21334;-50,97847;2025-03-05 10:10:00.0;0,00
PRUDENTÓPOLIS;412060601A;PR;Bombeiro Comunitário;-25,21334;-50,97847;2025-03-05 11:10:00.0;0,00
PRUDENTÓPOLIS;412060601A;PR;Bombeiro Comunitário;-25,21334;-50,97847;2025-03-05 12:10:00.0;0,00
PRUDENTÓPOLIS;412060601A;PR;Bombeiro Comunitário;-25,21334;-50,97847;2025-03-05 13:10:00.0;0,00
PRUDENTÓPOLIS;412060601A;PR;Bombeiro Comunitário;-25,21334;-50,97847;2025-03-05 14:10:00.0;0,00
PRUDENTÓPOLIS;412060601A;PR;Bombeiro Comunitário;-25,21334;-50,97847;2025-03-05 15:10:00.0;0,00
PRUDENTÓPOLIS;412060601A;PR;Bombeiro Comunitário;-25,21334;-50,97847;2025-03-05 16:10:00.0;0,00
PRUDENTÓPOLIS;412060601A;PR;Bombeiro Comunitário;-25,21334;-50,97847;2025-03-05 17:10:00.0;0,00
PRUDENTÓPOLIS;412060601A;PR;Bombeiro Comunitário;-25,21334;-50,97847;2025-03-05 18:10:00.0;0,00
PRUDENTÓPOLIS;412060601A;PR;Bombeiro Comunitário;-25,21334;-50,97847;2025-03-05 19:10:00.0;2,60
PRUDENTÓPOLIS;412060601A;PR;Bombeiro Comunitário;-25,21334;-50,97847;2025-03-05 19:20:00.0;0,40
PRUDENTÓPOLIS;412060601A;PR;Bombeiro Comunitário;-25,21334;-50,97847;2025-03-05 20:10:00.0;0,00
PRUDENTÓPOLIS;412060601A;PR;Bombeiro Comunitário;-25,21334;-50,97847;2025-03-05 21:10:00.0;0,00
PRUDENTÓPOLIS;412060601A;PR;Bombeiro Comunitário;-25,21334;-50,97847;2025-03-05 22:10:00.0;0,00
PRUDENTÓPOLIS;412060601A;PR;Bombeiro Comunitário;-25,21334;-50,97847;2025-03-05 23:10:00.0;0,00
PRUDENTÓPOLIS;412060601A;PR;Bombeiro Comunitário;-25,21334;-50,97847;2025-03-06 00:10:00.0;0,00
PRUDENTÓPOLIS;412060601A;PR;Bombeiro Comunitário;-25,21334;-50,97847;2025-03-06 01:10:00.0;0,00
PRUDENTÓPOLIS;412060601A;PR;Bombeiro Comunitário;-25,21334;-50,97847;2025-03-06 02:10:00.0;0,00
PRUDENTÓPOLIS;412060601A;PR;Bombeiro Comunitário;-25,21334;-50,97847;2025-03-06 03:10:00.0;0,00
PRUDENTÓPOLIS;412060601A;PR;Bombeiro Comunitário;-25,21334;-50,97847;2025-03-06 04:10:00.0;0,00
PRUDENTÓPOLIS;412060601A;PR;Bombeiro Comunitário;-25,21334;-50,97847;2025-03-06 05:10:00.0;0,00
PRUDENTÓPOLIS;412060601A;PR;Bombeiro Comunitário;-25,21334;-50,97847;2025-03-06 06:10:00.0;0,00
PRUDENTÓPOLIS;412060601A;PR;Bombeiro Comunitário;-25,21334;-50,97847;2025-03-06 07:10:00.0;0,00
PRUDENTÓPOLIS;412060601A;PR;Bombeiro Comunitário;-25,21334;-50,97847;2025-03-06 08:10:00.0;0,00
PRUDENTÓPOLIS;412060601A;PR;Bombeiro Comunitário;-25,21334;-50,97847;2025-03-06 09:10:00.0;0,00
PRUDENTÓPOLIS;412060601A;PR;Bombeiro Comunitário;-25,21334;-50,97847;2025-03-06 10:10:00.0;0,00
PRUDENTÓPOLIS;412060601A;PR;Bombeiro Comunitário;-25,21334;-50,97847;2025-03-06 11:10:00.0;0,00
PRUDENTÓPOLIS;412060601A;PR;Bombeiro Comunitário;-25,21334;-50,97847;2025-03-06 12:10:00.0;0,00
PRUDENTÓPOLIS;412060601A;PR;Bombeiro Comunitário;-25,21334;-50,97847;2025-03-06 13:10:00.0;0,00
PRUDENTÓPOLIS;412060601A;PR;Bombeiro Comunitário;-25,21334;-50,97847;2025-03-06 14:10:00.0;0,00
PRUDENTÓPOLIS;412060601A;PR;Bombeiro Comunitário;-25,21334;-50,97847;2025-03-06 15:10:00.0;0,00
PRUDENTÓPOLIS;412060601A;PR;Bombeiro Comunitário;-25,21334;-50,97847;2025-03-06 16:10:00.0;0,00
PRUDENTÓPOLIS;412060601A;PR;Bombeiro Comunitário;-25,21334;-50,97847;2025-03-06 17:10:00.0;0,00
PRUDENTÓPOLIS;412060601A;PR;Bombeiro Comunitário;-25,21334;-50,97847;2025-03-06 18:10:00.0;0,00
PRUDENTÓPOLIS;412060601A;PR;Bombeiro Comunitário;-25,21334;-50,97847;2025-03-06 19:10:00.0;0,00
PRUDENTÓPOLIS;412060601A;PR;Bombeiro Comunitário;-25,21334;-50,97847;2025-03-06 20:10:00.0;0,00
PRUDENTÓPOLIS;412060601A;PR;Bombeiro Comunitário;-25,21334;-50,97847;2025-03-06 21:10:00.0;0,00
PRUDENTÓPOLIS;412060601A;PR;Bombeiro Comunitário;-25,21334;-50,97847;2025-03-06 22:10:00.0;0,00
PRUDENTÓPOLIS;412060601A;PR;Bombeiro Comunitário;-25,21334;-50,97847;2025-03-06 23:10:00.0;0,00
PRUDENTÓPOLIS;412060601A;PR;Bombeiro Comunitário;-25,21334;-50,97847;2025-03-07 00:10:00.0;0,00
PRUDENTÓPOLIS;412060601A;PR;Bombeiro Comunitário;-25,21334;-50,97847;2025-03-07 01:10:00.0;0,00
PRUDENTÓPOLIS;412060601A;PR;Bombeiro Comunitário;-25,21334;-50,97847;2025-03-07 02:10:00.0;0,00
PRUDENTÓPOLIS;412060601A;PR;Bombeiro Comunitário;-25,21334;-50,97847;2025-03-07 03:10:00.0;0,00
PRUDENTÓPOLIS;412060601A;PR;Bombeiro Comunitário;-25,21334;-50,97847;2025-03-07 04:10:00.0;0,00
PRUDENTÓPOLIS;412060601A;PR;Bombeiro Comunitário;-25,21334;-50,97847;2025-03-07 05:10:00.0;0,00
PRUDENTÓPOLIS;412060601A;PR;Bombeiro Comunitário;-25,21334;-50,97847;2025-03-07 06:10:00.0;0,00
PRUDENTÓPOLIS;412060601A;PR;Bombeiro Comunitário;-25,21334;-50,97847;2025-03-07 07:10:00.0;0,00
PRUDENTÓPOLIS;412060601A;PR;Bombeiro Comunitário;-25,21334;-50,97847;2025-03-07 08:10:00.0;0,00
PRUDENTÓPOLIS;412060601A;PR;Bombeiro Comunitário;-25,21334;-50,97847;2025-03-07 09:10:00.0;0,00
PRUDENTÓPOLIS;412060601A;PR;Bombeiro Comunitário;-25,21334;-50,97847;2025-03-07 10:10:00.0;0,00
PRUDENTÓPOLIS;412060601A;PR;Bombeiro Comunitário;-25,21334;-50,97847;2025-03-07 11:10:00.0;0,00
PRUDENTÓPOLIS;412060601A;PR;Bombeiro Comunitário;-25,21334;-50,97847;2025-03-07 12:10:00.0;0,00
PRUDENTÓPOLIS;412060601A;PR;Bombeiro Comunitário;-25,21334;-50,97847;2025-03-07 13:10:00.0;0,00
PRUDENTÓPOLIS;412060601A;PR;Bombeiro Comunitário;-25,21334;-50,97847;2025-03-07 14:10:00.0;0,00
PRUDENTÓPOLIS;412060601A;PR;Bombeiro Comunitário;-25,21334;-50,97847;2025-03-07 15:10:00.0;0,00
PRUDENTÓPOLIS;412060601A;PR;Bombeiro Comunitário;-25,21334;-50,97847;2025-03-07 16:10:00.0;0,00
PRUDENTÓPOLIS;412060601A;PR;Bombeiro Comunitário;-25,21334;-50,97847;2025-03-07 17:10:00.0;0,00
PRUDENTÓPOLIS;412060601A;PR;Bombeiro Comunitário;-25,21334;-50,97847;2025-03-07 18:10:00.0;0,00
PRUDENTÓPOLIS;412060601A;PR;Bombeiro Comunitário;-25,21334;-50,97847;2025-03-07 19:10:00.0;3,80
PRUDENTÓPOLIS;412060601A;PR;Bombeiro Comunitário;-25,21334;-50,97847;2025-03-07 19:20:00.0;0,60
PRUDENTÓPOLIS;412060601A;PR;Bombeiro Comunitário;-25,21334;-50,97847;2025-03-07 19:30:00.0;0,40
PRUDENTÓPOLIS;412060601A;PR;Bombeiro Comunitário;-25,21334;-50,97847;2025-03-07 19:40:00.0;0,40
PRUDENTÓPOLIS;412060601A;PR;Bombeiro Comunitário;-25,21334;-50,97847;2025-03-07 20:10:00.0;0,00
PRUDENTÓPOLIS;412060601A;PR;Bombeiro Comunitário;-25,21334;-50,97847;2025-03-07 21:10:00.0;0,00
PRUDENTÓPOLIS;412060601A;PR;Bombeiro Comunitário;-25,21334;-50,97847;2025-03-07 22:10:00.0;0,00
PRUDENTÓPOLIS;412060601A;PR;Bombeiro Comunitário;-25,21334;-50,97847;2025-03-07 23:10:00.0;0,00
PRUDENTÓPOLIS;412060601A;PR;Bombeiro Comunitário;-25,21334;-50,97847;2025-03-08 00:10:00.0;0,00
PRUDENTÓPOLIS;412060601A;PR;Bombeiro Comunitário;-25,21334;-50,97847;2025-03-08 01:10:00.0;0,00
PRUDENTÓPOLIS;412060601A;PR;Bombeiro Comunitário;-25,21334;-50,97847;2025-03-08 02:10:00.0;0,00
PRUDENTÓPOLIS;412060601A;PR;Bombeiro Comunitário;-25,21334;-50,97847;2025-03-08 03:10:00.0;0,00
PRUDENTÓPOLIS;412060601A;PR;Bombeiro Comunitário;-25,21334;-50,97847;2025-03-08 04:10:00.0;0,00
PRUDENTÓPOLIS;412060601A;PR;Bombeiro Comunitário;-25,21334;-50,97847;2025-03-08 05:10:00.0;0,00
PRUDENTÓPOLIS;412060601A;PR;Bombeiro Comunitário;-25,21334;-50,97847;2025-03-08 06:10:00.0;0,00
PRUDENTÓPOLIS;412060601A;PR;Bombeiro Comunitário;-25,21334;-50,97847;2025-03-08 07:10:00.0;0,00
PRUDENTÓPOLIS;412060601A;PR;Bombeiro Comunitário;-25,21334;-50,97847;2025-03-08 08:10:00.0;0,00
PRUDENTÓPOLIS;412060601A;PR;Bombeiro Comunitário;-25,21334;-50,97847;2025-03-08 09:10:00.0;0,00
PRUDENTÓPOLIS;412060601A;PR;Bombeiro Comunitário;-25,21334;-50,97847;2025-03-08 10:10:00.0;0,00
PRUDENTÓPOLIS;412060601A;PR;Bombeiro Comunitário;-25,21334;-50,97847;2025-03-08 11:10:00.0;0,00
PRUDENTÓPOLIS;412060601A;PR;Bombeiro Comunitário;-25,21334;-50,97847;2025-03-08 12:10:00.0;0,00
PRUDENTÓPOLIS;412060601A;PR;Bombeiro Comunitário;-25,21334;-50,97847;2025-03-08 13:10:00.0;0,00
PRUDENTÓPOLIS;412060601A;PR;Bombeiro Comunitário;-25,21334;-50,97847;2025-03-08 14:10:00.0;0,00
PRUDENTÓPOLIS;412060601A;PR;Bombeiro Comunitário;-25,21334;-50,97847;2025-03-08 15:10:00.0;0,00
PRUDENTÓPOLIS;412060601A;PR;Bombeiro Comunitário;-25,21334;-50,97847;2025-03-08 16:10:00.0;0,00
PRUDENTÓPOLIS;412060601A;PR;Bombeiro Comunitário;-25,21334;-50,97847;2025-03-08 17:10:00.0;0,00
PRUDENTÓPOLIS;412060601A;PR;Bombeiro Comunitário;-25,21334;-50,97847;2025-03-08 18:10:00.0;0,00
PRUDENTÓPOLIS;412060601A;PR;Bombeiro Comunitário;-25,21334;-50,97847;2025-03-08 19:10:00.0;0,00
PRUDENTÓPOLIS;412060601A;PR;Bombeiro Comunitário;-25,21334;-50,97847;2025-03-08 20:10:00.0;0,00
PRUDENTÓPOLIS;412060601A;PR;Bombeiro Comunitário;-25,21334;-50,97847;2025-03-08 21:10:00.0;0,00
PRUDENTÓPOLIS;412060601A;PR;Bombeiro Comunitário;-25,21334;-50,97847;2025-03-08 22:10:00.0;0,00
PRUDENTÓPOLIS;412060601A;PR;Bombeiro Comunitário;-25,21334;-50,97847;2025-03-08 23:10:00.0;0,00
PRUDENTÓPOLIS;412060601A;PR;Bombeiro Comunitário;-25,21334;-50,97847;2025-03-09 00:10:00.0;0,00
PRUDENTÓPOLIS;412060601A;PR;Bombeiro Comunitário;-25,21334;-50,97847;2025-03-09 01:10:00.0;0,00
PRUDENTÓPOLIS;412060601A;PR;Bombeiro Comunitário;-25,21334;-50,97847;2025-03-09 02:10:00.0;0,00
PRUDENTÓPOLIS;412060601A;PR;Bombeiro Comunitário;-25,21334;-50,97847;2025-03-09 03:10:00.0;0,00
PRUDENTÓPOLIS;412060601A;PR;Bombeiro Comunitário;-25,21334;-50,97847;2025-03-09 04:10:00.0;0,00
PRUDENTÓPOLIS;412060601A;PR;Bombeiro Comunitário;-25,21334;-50,97847;2025-03-09 05:10:00.0;0,00
PRUDENTÓPOLIS;412060601A;PR;Bombeiro Comunitário;-25,21334;-50,97847;2025-03-09 06:10:00.0;0,00
PRUDENTÓPOLIS;412060601A;PR;Bombeiro Comunitário;-25,21334;-50,97847;2025-03-09 07:10:00.0;0,00
PRUDENTÓPOLIS;412060601A;PR;Bombeiro Comunitário;-25,21334;-50,97847;2025-03-09 08:10:00.0;0,00
PRUDENTÓPOLIS;412060601A;PR;Bombeiro Comunitário;-25,21334;-50,97847;2025-03-09 09:10:00.0;0,00
PRUDENTÓPOLIS;412060601A;PR;Bombeiro Comunitário;-25,21334;-50,97847;2025-03-09 10:10:00.0;0,00
PRUDENTÓPOLIS;412060601A;PR;Bombeiro Comunitário;-25,21334;-50,97847;2025-03-09 11:10:00.0;0,00
PRUDENTÓPOLIS;412060601A;PR;Bombeiro Comunitário;-25,21334;-50,97847;2025-03-09 12:10:00.0;0,00
PRUDENTÓPOLIS;412060601A;PR;Bombeiro Comunitário;-25,21334;-50,97847;2025-03-09 13:10:00.0;0,00
PRUDENTÓPOLIS;412060601A;PR;Bombeiro Comunitário;-25,21334;-50,97847;2025-03-09 14:10:00.0;0,00
PRUDENTÓPOLIS;412060601A;PR;Bombeiro Comunitário;-25,21334;-50,97847;2025-03-09 15:10:00.0;0,00
PRUDENTÓPOLIS;412060601A;PR;Bombeiro Comunitário;-25,21334;-50,97847;2025-03-09 16:10:00.0;0,00
PRUDENTÓPOLIS;412060601A;PR;Bombeiro Comunitário;-25,21334;-50,97847;2025-03-09 17:10:00.0;0,00
PRUDENTÓPOLIS;412060601A;PR;Bombeiro Comunitário;-25,21334;-50,97847;2025-03-09 18:10:00.0;0,00
PRUDENTÓPOLIS;412060601A;PR;Bombeiro Comunitário;-25,21334;-50,97847;2025-03-09 19:10:00.0;0,00
PRUDENTÓPOLIS;412060601A;PR;Bombeiro Comunitário;-25,21334;-50,97847;2025-03-09 20:10:00.0;0,00
PRUDENTÓPOLIS;412060601A;PR;Bombeiro Comunitário;-25,21334;-50,97847;2025-03-09 21:10:00.0;0,00
PRUDENTÓPOLIS;412060601A;PR;Bombeiro Comunitário;-25,21334;-50,97847;2025-03-09 22:10:00.0;0,00
PRUDENTÓPOLIS;412060601A;PR;Bombeiro Comunitário;-25,21334;-50,97847;2025-03-09 23:10:00.0;0,00
PRUDENTÓPOLIS;412060601A;PR;Bombeiro Comunitário;-25,21334;-50,97847;2025-03-10 00:10:00.0;0,00
PRUDENTÓPOLIS;412060601A;PR;Bombeiro Comunitário;-25,21334;-50,97847;2025-03-10 01:10:00.0;0,00
PRUDENTÓPOLIS;412060601A;PR;Bombeiro Comunitário;-25,21334;-50,97847;2025-03-10 02:10:00.0;0,00
PRUDENTÓPOLIS;412060601A;PR;Bombeiro Comunitário;-25,21334;-50,97847;2025-03-10 03:10:00.0;0,00
PRUDENTÓPOLIS;412060601A;PR;Bombeiro Comunitário;-25,21334;-50,97847;2025-03-10 04:10:00.0;0,00
PRUDENTÓPOLIS;412060601A;PR;Bombeiro Comunitário;-25,21334;-50,97847;2025-03-10 05:10:00.0;0,00
PRUDENTÓPOLIS;412060601A;PR;Bombeiro Comunitário;-25,21334;-50,97847;2025-03-10 06:10:00.0;0,00
PRUDENTÓPOLIS;412060601A;PR;Bombeiro Comunitário;-25,21334;-50,97847;2025-03-10 07:10:00.0;0,00
PRUDENTÓPOLIS;412060601A;PR;Bombeiro Comunitário;-25,21334;-50,97847;2025-03-10 08:10:00.0;0,00
PRUDENTÓPOLIS;412060601A;PR;Bombeiro Comunitário;-25,21334;-50,97847;2025-03-10 09:10:00.0;0,00
PRUDENTÓPOLIS;412060601A;PR;Bombeiro Comunitário;-25,21334;-50,97847;2025-03-10 10:10:00.0;0,00
PRUDENTÓPOLIS;412060601A;PR;Bombeiro Comunitário;-25,21334;-50,97847;2025-03-10 11:10:00.0;0,00
PRUDENTÓPOLIS;412060601A;PR;Bombeiro Comunitário;-25,21334;-50,97847;2025-03-10 12:10:00.0;0,00
PRUDENTÓPOLIS;412060601A;PR;Bombeiro Comunitário;-25,21334;-50,97847;2025-03-10 13:10:00.0;0,00
PRUDENTÓPOLIS;412060601A;PR;Bombeiro Comunitário;-25,21334;-50,97847;2025-03-10 14:10:00.0;0,00
PRUDENTÓPOLIS;412060601A;PR;Bombeiro Comunitário;-25,21334;-50,97847;2025-03-10 15:10:00.0;0,00
PRUDENTÓPOLIS;412060601A;PR;Bombeiro Comunitário;-25,21334;-50,97847;2025-03-10 16:10:00.0;0,00
PRUDENTÓPOLIS;412060601A;PR;Bombeiro Comunitário;-25,21334;-50,97847;2025-03-10 17:10:00.0;0,00
PRUDENTÓPOLIS;412060601A;PR;Bombeiro Comunitário;-25,21334;-50,97847;2025-03-10 18:10:00.0;0,00
PRUDENTÓPOLIS;412060601A;PR;Bombeiro Comunitário;-25,21334;-50,97847;2025-03-10 19:10:00.0;0,00
PRUDENTÓPOLIS;412060601A;PR;Bombeiro Comunitário;-25,21334;-50,97847;2025-03-10 20:10:00.0;0,00
PRUDENTÓPOLIS;412060601A;PR;Bombeiro Comunitário;-25,21334;-50,97847;2025-03-10 21:10:00.0;0,00
PRUDENTÓPOLIS;412060601A;PR;Bombeiro Comunitário;-25,21334;-50,97847;2025-03-10 22:10:00.0;0,00
PRUDENTÓPOLIS;412060601A;PR;Bombeiro Comunitário;-25,21334;-50,97847;2025-03-10 23:10:00.0;0,00
PRUDENTÓPOLIS;412060601A;PR;Bombeiro Comunitário;-25,21334;-50,97847;2025-03-11 00:10:00.0;0,00
PRUDENTÓPOLIS;412060601A;PR;Bombeiro Comunitário;-25,21334;-50,97847;2025-03-11 01:10:00.0;0,00
PRUDENTÓPOLIS;412060601A;PR;Bombeiro Comunitário;-25,21334;-50,97847;2025-03-11 02:10:00.0;0,00
PRUDENTÓPOLIS;412060601A;PR;Bombeiro Comunitário;-25,21334;-50,97847;2025-03-11 03:10:00.0;0,00
PRUDENTÓPOLIS;412060601A;PR;Bombeiro Comunitário;-25,21334;-50,97847;2025-03-11 04:10:00.0;0,00
PRUDENTÓPOLIS;412060601A;PR;Bombeiro Comunitário;-25,21334;-50,97847;2025-03-11 05:10:00.0;0,00
PRUDENTÓPOLIS;412060601A;PR;Bombeiro Comunitário;-25,21334;-50,97847;2025-03-11 06:10:00.0;0,00
PRUDENTÓPOLIS;412060601A;PR;Bombeiro Comunitário;-25,21334;-50,97847;2025-03-11 07:10:00.0;0,00
PRUDENTÓPOLIS;412060601A;PR;Bombeiro Comunitário;-25,21334;-50,97847;2025-03-11 08:10:00.0;0,00
PRUDENTÓPOLIS;412060601A;PR;Bombeiro Comunitário;-25,21334;-50,97847;2025-03-11 09:10:00.0;0,00
PRUDENTÓPOLIS;412060601A;PR;Bombeiro Comunitário;-25,21334;-50,97847;2025-03-11 10:10:00.0;0,00
PRUDENTÓPOLIS;412060601A;PR;Bombeiro Comunitário;-25,21334;-50,97847;2025-03-11 11:10:00.0;0,00
PRUDENTÓPOLIS;412060601A;PR;Bombeiro Comunitário;-25,21334;-50,97847;2025-03-11 12:10:00.0;0,00
PRUDENTÓPOLIS;412060601A;PR;Bombeiro Comunitário;-25,21334;-50,97847;2025-03-11 13:10:00.0;0,00
PRUDENTÓPOLIS;412060601A;PR;Bombeiro Comunitário;-25,21334;-50,97847;2025-03-11 14:10:00.0;0,00
PRUDENTÓPOLIS;412060601A;PR;Bombeiro Comunitário;-25,21334;-50,97847;2025-03-11 15:10:00.0;0,00
PRUDENTÓPOLIS;412060601A;PR;Bombeiro Comunitário;-25,21334;-50,97847;2025-03-11 16:10:00.0;0,00
PRUDENTÓPOLIS;412060601A;PR;Bombeiro Comunitário;-25,21334;-50,97847;2025-03-11 17:10:00.0;0,00
PRUDENTÓPOLIS;412060601A;PR;Bombeiro Comunitário;-25,21334;-50,97847;2025-03-11 18:10:00.0;0,00
PRUDENTÓPOLIS;412060601A;PR;Bombeiro Comunitário;-25,21334;-50,97847;2025-03-11 18:20:00.0;0,40
PRUDENTÓPOLIS;412060601A;PR;Bombeiro Comunitário;-25,21334;-50,97847;2025-03-11 18:30:00.0;2,60
PRUDENTÓPOLIS;412060601A;PR;Bombeiro Comunitário;-25,21334;-50,97847;2025-03-11 18:40:00.0;2,40
PRUDENTÓPOLIS;412060601A;PR;Bombeiro Comunitário;-25,21334;-50,97847;2025-03-11 18:50:00.0;1,00
PRUDENTÓPOLIS;412060601A;PR;Bombeiro Comunitário;-25,21334;-50,97847;2025-03-11 19:00:00.0;0,40
PRUDENTÓPOLIS;412060601A;PR;Bombeiro Comunitário;-25,21334;-50,97847;2025-03-11 19:10:00.0;0,40
PRUDENTÓPOLIS;412060601A;PR;Bombeiro Comunitário;-25,21334;-50,97847;2025-03-11 19:20:00.0;0,20
PRUDENTÓPOLIS;412060601A;PR;Bombeiro Comunitário;-25,21334;-50,97847;2025-03-11 19:30:00.0;0,20
PRUDENTÓPOLIS;412060601A;PR;Bombeiro Comunitário;-25,21334;-50,97847;2025-03-11 19:40:00.0;0,20
PRUDENTÓPOLIS;412060601A;PR;Bombeiro Comunitário;-25,21334;-50,97847;2025-03-11 19:50:00.0;0,20
PRUDENTÓPOLIS;412060601A;PR;Bombeiro Comunitário;-25,21334;-50,97847;2025-03-11 20:00:00.0;0,40
PRUDENTÓPOLIS;412060601A;PR;Bombeiro Comunitário;-25,21334;-50,97847;2025-03-11 20:10:00.0;0,00
PRUDENTÓPOLIS;412060601A;PR;Bombeiro Comunitário;-25,21334;-50,97847;2025-03-11 20:50:00.0;0,20
PRUDENTÓPOLIS;412060601A;PR;Bombeiro Comunitário;-25,21334;-50,97847;2025-03-11 21:10:00.0;0,20
PRUDENTÓPOLIS;412060601A;PR;Bombeiro Comunitário;-25,21334;-50,97847;2025-03-11 21:30:00.0;0,20
PRUDENTÓPOLIS;412060601A;PR;Bombeiro Comunitário;-25,21334;-50,97847;2025-03-11 22:00:00.0;0,20
PRUDENTÓPOLIS;412060601A;PR;Bombeiro Comunitário;-25,21334;-50,97847;2025-03-11 22:10:00.0;0,40
PRUDENTÓPOLIS;412060601A;PR;Bombeiro Comunitário;-25,21334;-50,97847;2025-03-11 22:30:00.0;0,20
PRUDENTÓPOLIS;412060601A;PR;Bombeiro Comunitário;-25,21334;-50,97847;2025-03-11 23:10:00.0;0,00
PRUDENTÓPOLIS;412060601A;PR;Bombeiro Comunitário;-25,21334;-50,97847;2025-03-11 23:20:00.0;0,20
PRUDENTÓPOLIS;412060601A;PR;Bombeiro Comunitário;-25,21334;-50,97847;2025-03-12 00:10:00.0;0,00
PRUDENTÓPOLIS;412060601A;PR;Bombeiro Comunitário;-25,21334;-50,97847;2025-03-12 01:10:00.0;0,00
PRUDENTÓPOLIS;412060601A;PR;Bombeiro Comunitário;-25,21334;-50,97847;2025-03-12 02:10:00.0;0,00
PRUDENTÓPOLIS;412060601A;PR;Bombeiro Comunitário;-25,21334;-50,97847;2025-03-12 03:10:00.0;0,00
PRUDENTÓPOLIS;412060601A;PR;Bombeiro Comunitário;-25,21334;-50,97847;2025-03-12 04:10:00.0;0,00
PRUDENTÓPOLIS;412060601A;PR;Bombeiro Comunitário;-25,21334;-50,97847;2025-03-12 05:10:00.0;0,00
PRUDENTÓPOLIS;412060601A;PR;Bombeiro Comunitário;-25,21334;-50,97847;2025-03-12 06:10:00.0;0,00
PRUDENTÓPOLIS;412060601A;PR;Bombeiro Comunitário;-25,21334;-50,97847;2025-03-12 07:10:00.0;0,00
PRUDENTÓPOLIS;412060601A;PR;Bombeiro Comunitário;-25,21334;-50,97847;2025-03-12 08:10:00.0;0,00
PRUDENTÓPOLIS;412060601A;PR;Bombeiro Comunitário;-25,21334;-50,97847;2025-03-12 09:10:00.0;0,00
PRUDENTÓPOLIS;412060601A;PR;Bombeiro Comunitário;-25,21334;-50,97847;2025-03-12 09:30:00.0;0,20
PRUDENTÓPOLIS;412060601A;PR;Bombeiro Comunitário;-25,21334;-50,97847;2025-03-12 10:10:00.0;0,00
PRUDENTÓPOLIS;412060601A;PR;Bombeiro Comunitário;-25,21334;-50,97847;2025-03-12 11:10:00.0;0,00
PRUDENTÓPOLIS;412060601A;PR;Bombeiro Comunitário;-25,21334;-50,97847;2025-03-12 12:10:00.0;0,00
PRUDENTÓPOLIS;412060601A;PR;Bombeiro Comunitário;-25,21334;-50,97847;2025-03-12 13:10:00.0;0,00
PRUDENTÓPOLIS;412060601A;PR;Bombeiro Comunitário;-25,21334;-50,97847;2025-03-12 14:10:00.0;0,00
PRUDENTÓPOLIS;412060601A;PR;Bombeiro Comunitário;-25,21334;-50,97847;2025-03-12 15:10:00.0;0,00
PRUDENTÓPOLIS;412060601A;PR;Bombeiro Comunitário;-25,21334;-50,97847;2025-03-12 16:10:00.0;0,00
PRUDENTÓPOLIS;412060601A;PR;Bombeiro Comunitário;-25,21334;-50,97847;2025-03-12 17:10:00.0;0,00
PRUDENTÓPOLIS;412060601A;PR;Bombeiro Comunitário;-25,21334;-50,97847;2025-03-12 18:10:00.0;0,20
PRUDENTÓPOLIS;412060601A;PR;Bombeiro Comunitário;-25,21334;-50,97847;2025-03-12 18:20:00.0;0,60
PRUDENTÓPOLIS;412060601A;PR;Bombeiro Comunitário;-25,21334;-50,97847;2025-03-12 18:30:00.0;0,20
PRUDENTÓPOLIS;412060601A;PR;Bombeiro Comunitário;-25,21334;-50,97847;2025-03-12 18:40:00.0;0,20
PRUDENTÓPOLIS;412060601A;PR;Bombeiro Comunitário;-25,21334;-50,97847;2025-03-12 19:10:00.0;0,00
PRUDENTÓPOLIS;412060601A;PR;Bombeiro Comunitário;-25,21334;-50,97847;2025-03-12 20:10:00.0;0,20
PRUDENTÓPOLIS;412060601A;PR;Bombeiro Comunitário;-25,21334;-50,97847;2025-03-12 20:20:00.0;0,20
PRUDENTÓPOLIS;412060601A;PR;Bombeiro Comunitário;-25,21334;-50,97847;2025-03-12 20:30:00.0;0,20
PRUDENTÓPOLIS;412060601A;PR;Bombeiro Comunitário;-25,21334;-50,97847;2025-03-12 20:50:00.0;0,20
PRUDENTÓPOLIS;412060601A;PR;Bombeiro Comunitário;-25,21334;-50,97847;2025-03-12 21:10:00.0;0,00
PRUDENTÓPOLIS;412060601A;PR;Bombeiro Comunitário;-25,21334;-50,97847;2025-03-12 22:10:00.0;0,00
PRUDENTÓPOLIS;412060601A;PR;Bombeiro Comunitário;-25,21334;-50,97847;2025-03-12 23:10:00.0;0,00
PRUDENTÓPOLIS;412060601A;PR;Bombeiro Comunitário;-25,21334;-50,97847;2025-03-13 00:10:00.0;0,00
PRUDENTÓPOLIS;412060601A;PR;Bombeiro Comunitário;-25,21334;-50,97847;2025-03-13 01:10:00.0;0,00
PRUDENTÓPOLIS;412060601A;PR;Bombeiro Comunitário;-25,21334;-50,97847;2025-03-13 02:10:00.0;0,00
PRUDENTÓPOLIS;412060601A;PR;Bombeiro Comunitário;-25,21334;-50,97847;2025-03-13 03:10:00.0;0,00
PRUDENTÓPOLIS;412060601A;PR;Bombeiro Comunitário;-25,21334;-50,97847;2025-03-13 04:10:00.0;0,40
PRUDENTÓPOLIS;412060601A;PR;Bombeiro Comunitário;-25,21334;-50,97847;2025-03-13 04:50:00.0;0,20
PRUDENTÓPOLIS;412060601A;PR;Bombeiro Comunitário;-25,21334;-50,97847;2025-03-13 05:00:00.0;0,20
PRUDENTÓPOLIS;412060601A;PR;Bombeiro Comunitário;-25,21334;-50,97847;2025-03-13 05:20:00.0;0,00
PRUDENTÓPOLIS;412060601A;PR;Bombeiro Comunitário;-25,21334;-50,97847;2025-03-13 06:10:00.0;0,00
PRUDENTÓPOLIS;412060601A;PR;Bombeiro Comunitário;-25,21334;-50,97847;2025-03-13 07:10:00.0;0,00
PRUDENTÓPOLIS;412060601A;PR;Bombeiro Comunitário;-25,21334;-50,97847;2025-03-13 07:40:00.0;0,20
PRUDENTÓPOLIS;412060601A;PR;Bombeiro Comunitário;-25,21334;-50,97847;2025-03-13 08:10:00.0;0,00
PRUDENTÓPOLIS;412060601A;PR;Bombeiro Comunitário;-25,21334;-50,97847;2025-03-13 09:10:00.0;0,00
PRUDENTÓPOLIS;412060601A;PR;Bombeiro Comunitário;-25,21334;-50,97847;2025-03-13 10:10:00.0;0,00
PRUDENTÓPOLIS;412060601A;PR;Bombeiro Comunitário;-25,21334;-50,97847;2025-03-13 11:10:00.0;0,00
PRUDENTÓPOLIS;412060601A;PR;Bombeiro Comunitário;-25,21334;-50,97847;2025-03-13 12:10:00.0;0,00
PRUDENTÓPOLIS;412060601A;PR;Bombeiro Comunitário;-25,21334;-50,97847;2025-03-13 13:10:00.0;0,00
PRUDENTÓPOLIS;412060601A;PR;Bombeiro Comunitário;-25,21334;-50,97847;2025-03-13 14:10:00.0;0,00
PRUDENTÓPOLIS;412060601A;PR;Bombeiro Comunitário;-25,21334;-50,97847;2025-03-13 15:10:00.0;0,00
PRUDENTÓPOLIS;412060601A;PR;Bombeiro Comunitário;-25,21334;-50,97847;2025-03-13 16:10:00.0;0,00
PRUDENTÓPOLIS;412060601A;PR;Bombeiro Comunitário;-25,21334;-50,97847;2025-03-13 17:10:00.0;0,00
PRUDENTÓPOLIS;412060601A;PR;Bombeiro Comunitário;-25,21334;-50,97847;2025-03-13 18:10:00.0;0,00
PRUDENTÓPOLIS;412060601A;PR;Bombeiro Comunitário;-25,21334;-50,97847;2025-03-13 18:30:00.0;4,40
PRUDENTÓPOLIS;412060601A;PR;Bombeiro Comunitário;-25,21334;-50,97847;2025-03-13 18:40:00.0;1,60
PRUDENTÓPOLIS;412060601A;PR;Bombeiro Comunitário;-25,21334;-50,97847;2025-03-13 18:50:00.0;1,80
PRUDENTÓPOLIS;412060601A;PR;Bombeiro Comunitário;-25,21334;-50,97847;2025-03-13 19:10:00.0;0,00
PRUDENTÓPOLIS;412060601A;PR;Bombeiro Comunitário;-25,21334;-50,97847;2025-03-13 20:10:00.0;0,00
PRUDENTÓPOLIS;412060601A;PR;Bombeiro Comunitário;-25,21334;-50,97847;2025-03-13 21:10:00.0;0,00
PRUDENTÓPOLIS;412060601A;PR;Bombeiro Comunitário;-25,21334;-50,97847;2025-03-13 22:10:00.0;0,00
PRUDENTÓPOLIS;412060601A;PR;Bombeiro Comunitário;-25,21334;-50,97847;2025-03-13 23:10:00.0;0,00
PRUDENTÓPOLIS;412060601A;PR;Bombeiro Comunitário;-25,21334;-50,97847;2025-03-14 00:10:00.0;0,00
PRUDENTÓPOLIS;412060601A;PR;Bombeiro Comunitário;-25,21334;-50,97847;2025-03-14 01:10:00.0;0,00
PRUDENTÓPOLIS;412060601A;PR;Bombeiro Comunitário;-25,21334;-50,97847;2025-03-14 02:10:00.0;0,00
PRUDENTÓPOLIS;412060601A;PR;Bombeiro Comunitário;-25,21334;-50,97847;2025-03-14 03:10:00.0;0,00
PRUDENTÓPOLIS;412060601A;PR;Bombeiro Comunitário;-25,21334;-50,97847;2025-03-14 04:10:00.0;0,00
PRUDENTÓPOLIS;412060601A;PR;Bombeiro Comunitário;-25,21334;-50,97847;2025-03-14 05:10:00.0;0,00
PRUDENTÓPOLIS;412060601A;PR;Bombeiro Comunitário;-25,21334;-50,97847;2025-03-14 06:10:00.0;0,00
PRUDENTÓPOLIS;412060601A;PR;Bombeiro Comunitário;-25,21334;-50,97847;2025-03-14 07:10:00.0;0,00
PRUDENTÓPOLIS;412060601A;PR;Bombeiro Comunitário;-25,21334;-50,97847;2025-03-14 08:10:00.0;0,00
PRUDENTÓPOLIS;412060601A;PR;Bombeiro Comunitário;-25,21334;-50,97847;2025-03-14 09:10:00.0;0,00
PRUDENTÓPOLIS;412060601A;PR;Bombeiro Comunitário;-25,21334;-50,97847;2025-03-14 10:10:00.0;0,00
PRUDENTÓPOLIS;412060601A;PR;Bombeiro Comunitário;-25,21334;-50,97847;2025-03-14 11:10:00.0;0,00
PRUDENTÓPOLIS;412060601A;PR;Bombeiro Comunitário;-25,21334;-50,97847;2025-03-14 12:10:00.0;0,00
PRUDENTÓPOLIS;412060601A;PR;Bombeiro Comunitário;-25,21334;-50,97847;2025-03-14 13:10:00.0;0,00
PRUDENTÓPOLIS;412060601A;PR;Bombeiro Comunitário;-25,21334;-50,97847;2025-03-14 14:10:00.0;0,00
PRUDENTÓPOLIS;412060601A;PR;Bombeiro Comunitário;-25,21334;-50,97847;2025-03-14 15:10:00.0;0,00
PRUDENTÓPOLIS;412060601A;PR;Bombeiro Comunitário;-25,21334;-50,97847;2025-03-14 16:10:00.0;0,00
PRUDENTÓPOLIS;412060601A;PR;Bombeiro Comunitário;-25,21334;-50,97847;2025-03-14 17:10:00.0;0,20
PRUDENTÓPOLIS;412060601A;PR;Bombeiro Comunitário;-25,21334;-50,97847;2025-03-14 17:20:00.0;0,00
PRUDENTÓPOLIS;412060601A;PR;Bombeiro Comunitário;-25,21334;-50,97847;2025-03-14 18:10:00.0;0,00
PRUDENTÓPOLIS;412060601A;PR;Bombeiro Comunitário;-25,21334;-50,97847;2025-03-14 19:10:00.0;0,00
PRUDENTÓPOLIS;412060601A;PR;Bombeiro Comunitário;-25,21334;-50,97847;2025-03-14 20:10:00.0;0,00
PRUDENTÓPOLIS;412060601A;PR;Bombeiro Comunitário;-25,21334;-50,97847;2025-03-14 21:10:00.0;0,00
PRUDENTÓPOLIS;412060601A;PR;Bombeiro Comunitário;-25,21334;-50,97847;2025-03-14 22:10:00.0;0,00
PRUDENTÓPOLIS;412060601A;PR;Bombeiro Comunitário;-25,21334;-50,97847;2025-03-14 23:10:00.0;0,00
PRUDENTÓPOLIS;412060601A;PR;Bombeiro Comunitário;-25,21334;-50,97847;2025-03-15 00:10:00.0;0,00
PRUDENTÓPOLIS;412060601A;PR;Bombeiro Comunitário;-25,21334;-50,97847;2025-03-15 01:10:00.0;0,00
PRUDENTÓPOLIS;412060601A;PR;Bombeiro Comunitário;-25,21334;-50,97847;2025-03-15 02:10:00.0;0,00
PRUDENTÓPOLIS;412060601A;PR;Bombeiro Comunitário;-25,21334;-50,97847;2025-03-15 03:10:00.0;0,00
PRUDENTÓPOLIS;412060601A;PR;Bombeiro Comunitário;-25,21334;-50,97847;2025-03-15 04:10:00.0;0,00
PRUDENTÓPOLIS;412060601A;PR;Bombeiro Comunitário;-25,21334;-50,97847;2025-03-15 05:10:00.0;0,00
PRUDENTÓPOLIS;412060601A;PR;Bombeiro Comunitário;-25,21334;-50,97847;2025-03-15 06:10:00.0;0,00
PRUDENTÓPOLIS;412060601A;PR;Bombeiro Comunitário;-25,21334;-50,97847;2025-03-15 07:10:00.0;0,00
PRUDENTÓPOLIS;412060601A;PR;Bombeiro Comunitário;-25,21334;-50,97847;2025-03-15 08:10:00.0;0,00
PRUDENTÓPOLIS;412060601A;PR;Bombeiro Comunitário;-25,21334;-50,97847;2025-03-15 09:10:00.0;0,00
PRUDENTÓPOLIS;412060601A;PR;Bombeiro Comunitário;-25,21334;-50,97847;2025-03-15 10:10:00.0;0,00
PRUDENTÓPOLIS;412060601A;PR;Bombeiro Comunitário;-25,21334;-50,97847;2025-03-15 11:10:00.0;0,00
PRUDENTÓPOLIS;412060601A;PR;Bombeiro Comunitário;-25,21334;-50,97847;2025-03-15 12:10:00.0;0,00
PRUDENTÓPOLIS;412060601A;PR;Bombeiro Comunitário;-25,21334;-50,97847;2025-03-15 13:10:00.0;0,00
PRUDENTÓPOLIS;412060601A;PR;Bombeiro Comunitário;-25,21334;-50,97847;2025-03-15 14:10:00.0;0,00
PRUDENTÓPOLIS;412060601A;PR;Bombeiro Comunitário;-25,21334;-50,97847;2025-03-15 15:10:00.0;0,00
PRUDENTÓPOLIS;412060601A;PR;Bombeiro Comunitário;-25,21334;-50,97847;2025-03-15 16:10:00.0;0,00
PRUDENTÓPOLIS;412060601A;PR;Bombeiro Comunitário;-25,21334;-50,97847;2025-03-15 17:10:00.0;0,00
PRUDENTÓPOLIS;412060601A;PR;Bombeiro Comunitário;-25,21334;-50,97847;2025-03-15 18:10:00.0;0,00
PRUDENTÓPOLIS;412060601A;PR;Bombeiro Comunitário;-25,21334;-50,97847;2025-03-15 19:10:00.0;0,00
PRUDENTÓPOLIS;412060601A;PR;Bombeiro Comunitário;-25,21334;-50,97847;2025-03-15 20:10:00.0;0,00
PRUDENTÓPOLIS;412060601A;PR;Bombeiro Comunitário;-25,21334;-50,97847;2025-03-15 21:10:00.0;0,00
PRUDENTÓPOLIS;412060601A;PR;Bombeiro Comunitário;-25,21334;-50,97847;2025-03-15 22:10:00.0;0,00
PRUDENTÓPOLIS;412060601A;PR;Bombeiro Comunitário;-25,21334;-50,97847;2025-03-15 23:10:00.0;0,00
PRUDENTÓPOLIS;412060601A;PR;Bombeiro Comunitário;-25,21334;-50,97847;2025-03-16 00:10:00.0;0,00
PRUDENTÓPOLIS;412060601A;PR;Bombeiro Comunitário;-25,21334;-50,97847;2025-03-16 01:10:00.0;0,00
PRUDENTÓPOLIS;412060601A;PR;Bombeiro Comunitário;-25,21334;-50,97847;2025-03-16 02:10:00.0;0,00
PRUDENTÓPOLIS;412060601A;PR;Bombeiro Comunitário;-25,21334;-50,97847;2025-03-16 03:10:00.0;0,00
PRUDENTÓPOLIS;412060601A;PR;Bombeiro Comunitário;-25,21334;-50,97847;2025-03-16 04:10:00.0;0,00
PRUDENTÓPOLIS;412060601A;PR;Bombeiro Comunitário;-25,21334;-50,97847;2025-03-16 05:10:00.0;0,00
PRUDENTÓPOLIS;412060601A;PR;Bombeiro Comunitário;-25,21334;-50,97847;2025-03-16 06:10:00.0;0,00
PRUDENTÓPOLIS;412060601A;PR;Bombeiro Comunitário;-25,21334;-50,97847;2025-03-16 07:10:00.0;0,00
PRUDENTÓPOLIS;412060601A;PR;Bombeiro Comunitário;-25,21334;-50,97847;2025-03-16 08:10:00.0;0,00
PRUDENTÓPOLIS;412060601A;PR;Bombeiro Comunitário;-25,21334;-50,97847;2025-03-16 09:10:00.0;0,00
PRUDENTÓPOLIS;412060601A;PR;Bombeiro Comunitário;-25,21334;-50,97847;2025-03-16 10:10:00.0;0,00
PRUDENTÓPOLIS;412060601A;PR;Bombeiro Comunitário;-25,21334;-50,97847;2025-03-16 11:10:00.0;0,00
PRUDENTÓPOLIS;412060601A;PR;Bombeiro Comunitário;-25,21334;-50,97847;2025-03-16 12:10:00.0;0,00
PRUDENTÓPOLIS;412060601A;PR;Bombeiro Comunitário;-25,21334;-50,97847;2025-03-16 13:10:00.0;0,00
PRUDENTÓPOLIS;412060601A;PR;Bombeiro Comunitário;-25,21334;-50,97847;2025-03-16 14:10:00.0;0,00
PRUDENTÓPOLIS;412060601A;PR;Bombeiro Comunitário;-25,21334;-50,97847;2025-03-16 15:10:00.0;0,00
PRUDENTÓPOLIS;412060601A;PR;Bombeiro Comunitário;-25,21334;-50,97847;2025-03-16 16:10:00.0;0,00
PRUDENTÓPOLIS;412060601A;PR;Bombeiro Comunitário;-25,21334;-50,97847;2025-03-16 17:10:00.0;0,00
PRUDENTÓPOLIS;412060601A;PR;Bombeiro Comunitário;-25,21334;-50,97847;2025-03-16 18:10:00.0;0,00
PRUDENTÓPOLIS;412060601A;PR;Bombeiro Comunitário;-25,21334;-50,97847;2025-03-16 19:10:00.0;0,00
PRUDENTÓPOLIS;412060601A;PR;Bombeiro Comunitário;-25,21334;-50,97847;2025-03-16 20:10:00.0;0,00
PRUDENTÓPOLIS;412060601A;PR;Bombeiro Comunitário;-25,21334;-50,97847;2025-03-16 21:10:00.0;0,00
PRUDENTÓPOLIS;412060601A;PR;Bombeiro Comunitário;-25,21334;-50,97847;2025-03-16 22:10:00.0;0,00
PRUDENTÓPOLIS;412060601A;PR;Bombeiro Comunitário;-25,21334;-50,97847;2025-03-16 23:10:00.0;0,00
PRUDENTÓPOLIS;412060601A;PR;Bombeiro Comunitário;-25,21334;-50,97847;2025-03-17 00:10:00.0;0,00
PRUDENTÓPOLIS;412060601A;PR;Bombeiro Comunitário;-25,21334;-50,97847;2025-03-17 01:10:00.0;0,00
PRUDENTÓPOLIS;412060601A;PR;Bombeiro Comunitário;-25,21334;-50,97847;2025-03-17 02:10:00.0;0,00
PRUDENTÓPOLIS;412060601A;PR;Bombeiro Comunitário;-25,21334;-50,97847;2025-03-17 03:10:00.0;0,00
PRUDENTÓPOLIS;412060601A;PR;Bombeiro Comunitário;-25,21334;-50,97847;2025-03-17 04:10:00.0;0,00
PRUDENTÓPOLIS;412060601A;PR;Bombeiro Comunitário;-25,21334;-50,97847;2025-03-17 05:10:00.0;0,00
PRUDENTÓPOLIS;412060601A;PR;Bombeiro Comunitário;-25,21334;-50,97847;2025-03-17 06:10:00.0;0,00
PRUDENTÓPOLIS;412060601A;PR;Bombeiro Comunitário;-25,21334;-50,97847;2025-03-17 07:10:00.0;0,00
PRUDENTÓPOLIS;412060601A;PR;Bombeiro Comunitário;-25,21334;-50,97847;2025-03-17 08:10:00.0;0,00
PRUDENTÓPOLIS;412060601A;PR;Bombeiro Comunitário;-25,21334;-50,97847;2025-03-17 09:10:00.0;0,00
PRUDENTÓPOLIS;412060601A;PR;Bombeiro Comunitário;-25,21334;-50,97847;2025-03-17 10:10:00.0;0,00
PRUDENTÓPOLIS;412060601A;PR;Bombeiro Comunitário;-25,21334;-50,97847;2025-03-17 11:10:00.0;0,00
PRUDENTÓPOLIS;412060601A;PR;Bombeiro Comunitário;-25,21334;-50,97847;2025-03-17 12:10:00.0;0,00
PRUDENTÓPOLIS;412060601A;PR;Bombeiro Comunitário;-25,21334;-50,97847;2025-03-17 13:10:00.0;0,00
PRUDENTÓPOLIS;412060601A;PR;Bombeiro Comunitário;-25,21334;-50,97847;2025-03-17 14:10:00.0;0,00
PRUDENTÓPOLIS;412060601A;PR;Bombeiro Comunitário;-25,21334;-50,97847;2025-03-17 15:10:00.0;0,00
PRUDENTÓPOLIS;412060601A;PR;Bombeiro Comunitário;-25,21334;-50,97847;2025-03-17 16:10:00.0;0,00
PRUDENTÓPOLIS;412060601A;PR;Bombeiro Comunitário;-25,21334;-50,97847;2025-03-17 17:10:00.0;0,00
PRUDENTÓPOLIS;412060601A;PR;Bombeiro Comunitário;-25,21334;-50,97847;2025-03-17 18:10:00.0;0,00
PRUDENTÓPOLIS;412060601A;PR;Bombeiro Comunitário;-25,21334;-50,97847;2025-03-17 19:10:00.0;0,00
PRUDENTÓPOLIS;412060601A;PR;Bombeiro Comunitário;-25,21334;-50,97847;2025-03-17 20:10:00.0;0,00
PRUDENTÓPOLIS;412060601A;PR;Bombeiro Comunitário;-25,21334;-50,97847;2025-03-17 21:10:00.0;0,00
PRUDENTÓPOLIS;412060601A;PR;Bombeiro Comunitário;-25,21334;-50,97847;2025-03-17 22:10:00.0;0,00
PRUDENTÓPOLIS;412060601A;PR;Bombeiro Comunitário;-25,21334;-50,97847;2025-03-17 23:10:00.0;0,00
PRUDENTÓPOLIS;412060601A;PR;Bombeiro Comunitário;-25,21334;-50,97847;2025-03-18 00:10:00.0;0,00
PRUDENTÓPOLIS;412060601A;PR;Bombeiro Comunitário;-25,21334;-50,97847;2025-03-18 01:10:00.0;0,00
PRUDENTÓPOLIS;412060601A;PR;Bombeiro Comunitário;-25,21334;-50,97847;2025-03-18 02:10:00.0;0,00
PRUDENTÓPOLIS;412060601A;PR;Bombeiro Comunitário;-25,21334;-50,97847;2025-03-18 03:10:00.0;0,00
PRUDENTÓPOLIS;412060601A;PR;Bombeiro Comunitário;-25,21334;-50,97847;2025-03-18 04:10:00.0;0,00
PRUDENTÓPOLIS;412060601A;PR;Bombeiro Comunitário;-25,21334;-50,97847;2025-03-18 05:10:00.0;0,00
PRUDENTÓPOLIS;412060601A;PR;Bombeiro Comunitário;-25,21334;-50,97847;2025-03-18 06:10:00.0;0,00
PRUDENTÓPOLIS;412060601A;PR;Bombeiro Comunitário;-25,21334;-50,97847;2025-03-18 07:10:00.0;0,00
PRUDENTÓPOLIS;412060601A;PR;Bombeiro Comunitário;-25,21334;-50,97847;2025-03-18 08:10:00.0;0,00
PRUDENTÓPOLIS;412060601A;PR;Bombeiro Comunitário;-25,21334;-50,97847;2025-03-18 09:10:00.0;0,00
PRUDENTÓPOLIS;412060601A;PR;Bombeiro Comunitário;-25,21334;-50,97847;2025-03-18 10:10:00.0;0,00
PRUDENTÓPOLIS;412060601A;PR;Bombeiro Comunitário;-25,21334;-50,97847;2025-03-18 11:10:00.0;0,00
PRUDENTÓPOLIS;412060601A;PR;Bombeiro Comunitário;-25,21334;-50,97847;2025-03-18 12:10:00.0;0,00
PRUDENTÓPOLIS;412060601A;PR;Bombeiro Comunitário;-25,21334;-50,97847;2025-03-18 13:10:00.0;0,00
PRUDENTÓPOLIS;412060601A;PR;Bombeiro Comunitário;-25,21334;-50,97847;2025-03-18 14:10:00.0;0,00
PRUDENTÓPOLIS;412060601A;PR;Bombeiro Comunitário;-25,21334;-50,97847;2025-03-18 15:10:00.0;0,00
PRUDENTÓPOLIS;412060601A;PR;Bombeiro Comunitário;-25,21334;-50,97847;2025-03-18 16:00:00.0;0,40
PRUDENTÓPOLIS;412060601A;PR;Bombeiro Comunitário;-25,21334;-50,97847;2025-03-18 16:10:00.0;0,20
PRUDENTÓPOLIS;412060601A;PR;Bombeiro Comunitário;-25,21334;-50,97847;2025-03-18 16:20:00.0;0,20
PRUDENTÓPOLIS;412060601A;PR;Bombeiro Comunitário;-25,21334;-50,97847;2025-03-18 16:30:00.0;0,40
PRUDENTÓPOLIS;412060601A;PR;Bombeiro Comunitário;-25,21334;-50,97847;2025-03-18 16:50:00.0;0,40
PRUDENTÓPOLIS;412060601A;PR;Bombeiro Comunitário;-25,21334;-50,97847;2025-03-18 17:10:00.0;0,00
PRUDENTÓPOLIS;412060601A;PR;Bombeiro Comunitário;-25,21334;-50,97847;2025-03-18 18:00:00.0;0,20
PRUDENTÓPOLIS;412060601A;PR;Bombeiro Comunitário;-25,21334;-50,97847;2025-03-18 18:10:00.0;0,80
PRUDENTÓPOLIS;412060601A;PR;Bombeiro Comunitário;-25,21334;-50,97847;2025-03-18 19:10:00.0;0,00
PRUDENTÓPOLIS;412060601A;PR;Bombeiro Comunitário;-25,21334;-50,97847;2025-03-18 20:10:00.0;0,00
PRUDENTÓPOLIS;412060601A;PR;Bombeiro Comunitário;-25,21334;-50,97847;2025-03-18 21:00:00.0;1,60
PRUDENTÓPOLIS;412060601A;PR;Bombeiro Comunitário;-25,21334;-50,97847;2025-03-18 21:10:00.0;0,00
PRUDENTÓPOLIS;412060601A;PR;Bombeiro Comunitário;-25,21334;-50,97847;2025-03-18 21:20:00.0;0,20
PRUDENTÓPOLIS;412060601A;PR;Bombeiro Comunitário;-25,21334;-50,97847;2025-03-18 21:50:00.0;0,60
PRUDENTÓPOLIS;412060601A;PR;Bombeiro Comunitário;-25,21334;-50,97847;2025-03-18 22:00:00.0;0,20
PRUDENTÓPOLIS;412060601A;PR;Bombeiro Comunitário;-25,21334;-50,97847;2025-03-18 22:10:00.0;0,00
PRUDENTÓPOLIS;412060601A;PR;Bombeiro Comunitário;-25,21334;-50,97847;2025-03-18 22:20:00.0;0,20
PRUDENTÓPOLIS;412060601A;PR;Bombeiro Comunitário;-25,21334;-50,97847;2025-03-18 23:10:00.0;0,00
PRUDENTÓPOLIS;412060601A;PR;Bombeiro Comunitário;-25,21334;-50,97847;2025-03-19 00:10:00.0;0,00
PRUDENTÓPOLIS;412060601A;PR;Bombeiro Comunitário;-25,21334;-50,97847;2025-03-19 01:10:00.0;0,00
PRUDENTÓPOLIS;412060601A;PR;Bombeiro Comunitário;-25,21334;-50,97847;2025-03-19 02:10:00.0;0,00
PRUDENTÓPOLIS;412060601A;PR;Bombeiro Comunitário;-25,21334;-50,97847;2025-03-19 03:10:00.0;0,00
PRUDENTÓPOLIS;412060601A;PR;Bombeiro Comunitário;-25,21334;-50,97847;2025-03-19 04:10:00.0;0,00
PRUDENTÓPOLIS;412060601A;PR;Bombeiro Comunitário;-25,21334;-50,97847;2025-03-19 05:10:00.0;0,00
PRUDENTÓPOLIS;412060601A;PR;Bombeiro Comunitário;-25,21334;-50,97847;2025-03-19 06:10:00.0;0,00
PRUDENTÓPOLIS;412060601A;PR;Bombeiro Comunitário;-25,21334;-50,97847;2025-03-19 06:30:00.0;0,20
PRUDENTÓPOLIS;412060601A;PR;Bombeiro Comunitário;-25,21334;-50,97847;2025-03-19 07:10:00.0;0,00
PRUDENTÓPOLIS;412060601A;PR;Bombeiro Comunitário;-25,21334;-50,97847;2025-03-19 08:10:00.0;0,00
PRUDENTÓPOLIS;412060601A;PR;Bombeiro Comunitário;-25,21334;-50,97847;2025-03-19 09:10:00.0;0,00
PRUDENTÓPOLIS;412060601A;PR;Bombeiro Comunitário;-25,21334;-50,97847;2025-03-19 10:10:00.0;0,00
PRUDENTÓPOLIS;412060601A;PR;Bombeiro Comunitário;-25,21334;-50,97847;2025-03-19 11:10:00.0;0,00
PRUDENTÓPOLIS;412060601A;PR;Bombeiro Comunitário;-25,21334;-50,97847;2025-03-19 12:10:00.0;0,00
PRUDENTÓPOLIS;412060601A;PR;Bombeiro Comunitário;-25,21334;-50,97847;2025-03-19 13:10:00.0;0,00
PRUDENTÓPOLIS;412060601A;PR;Bombeiro Comunitário;-25,21334;-50,97847;2025-03-19 14:10:00.0;0,00
PRUDENTÓPOLIS;412060601A;PR;Bombeiro Comunitário;-25,21334;-50,97847;2025-03-19 15:10:00.0;0,00
PRUDENTÓPOLIS;412060601A;PR;Bombeiro Comunitário;-25,21334;-50,97847;2025-03-19 16:10:00.0;0,00
PRUDENTÓPOLIS;412060601A;PR;Bombeiro Comunitário;-25,21334;-50,97847;2025-03-19 17:10:00.0;0,00
PRUDENTÓPOLIS;412060601A;PR;Bombeiro Comunitário;-25,21334;-50,97847;2025-03-19 18:10:00.0;0,00
PRUDENTÓPOLIS;412060601A;PR;Bombeiro Comunitário;-25,21334;-50,97847;2025-03-19 19:10:00.0;0,00
PRUDENTÓPOLIS;412060601A;PR;Bombeiro Comunitário;-25,21334;-50,97847;2025-03-19 20:10:00.0;0,00
PRUDENTÓPOLIS;412060601A;PR;Bombeiro Comunitário;-25,21334;-50,97847;2025-03-19 21:10:00.0;0,00
PRUDENTÓPOLIS;412060601A;PR;Bombeiro Comunitário;-25,21334;-50,97847;2025-03-19 22:10:00.0;0,00
PRUDENTÓPOLIS;412060601A;PR;Bombeiro Comunitário;-25,21334;-50,97847;2025-03-19 23:10:00.0;0,00
PRUDENTÓPOLIS;412060601A;PR;Bombeiro Comunitário;-25,21334;-50,97847;2025-03-20 00:10:00.0;0,00
PRUDENTÓPOLIS;412060601A;PR;Bombeiro Comunitário;-25,21334;-50,97847;2025-03-20 01:10:00.0;0,00
PRUDENTÓPOLIS;412060601A;PR;Bombeiro Comunitário;-25,21334;-50,97847;2025-03-20 02:10:00.0;0,00
PRUDENTÓPOLIS;412060601A;PR;Bombeiro Comunitário;-25,21334;-50,97847;2025-03-20 03:10:00.0;0,00
PRUDENTÓPOLIS;412060601A;PR;Bombeiro Comunitário;-25,21334;-50,97847;2025-03-20 04:10:00.0;0,00
PRUDENTÓPOLIS;412060601A;PR;Bombeiro Comunitário;-25,21334;-50,97847;2025-03-20 05:10:00.0;0,00
PRUDENTÓPOLIS;412060601A;PR;Bombeiro Comunitário;-25,21334;-50,97847;2025-03-20 06:10:00.0;0,00
PRUDENTÓPOLIS;412060601A;PR;Bombeiro Comunitário;-25,21334;-50,97847;2025-03-20 07:10:00.0;0,00
PRUDENTÓPOLIS;412060601A;PR;Bombeiro Comunitário;-25,21334;-50,97847;2025-03-20 08:10:00.0;0,00
PRUDENTÓPOLIS;412060601A;PR;Bombeiro Comunitário;-25,21334;-50,97847;2025-03-20 09:10:00.0;0,00
PRUDENTÓPOLIS;412060601A;PR;Bombeiro Comunitário;-25,21334;-50,97847;2025-03-20 10:10:00.0;0,00
PRUDENTÓPOLIS;412060601A;PR;Bombeiro Comunitário;-25,21334;-50,97847;2025-03-20 11:10:00.0;0,00
PRUDENTÓPOLIS;412060601A;PR;Bombeiro Comunitário;-25,21334;-50,97847;2025-03-20 12:10:00.0;0,00
PRUDENTÓPOLIS;412060601A;PR;Bombeiro Comunitário;-25,21334;-50,97847;2025-03-20 13:10:00.0;0,00
PRUDENTÓPOLIS;412060601A;PR;Bombeiro Comunitário;-25,21334;-50,97847;2025-03-20 14:10:00.0;0,00
PRUDENTÓPOLIS;412060601A;PR;Bombeiro Comunitário;-25,21334;-50,97847;2025-03-20 15:10:00.0;0,00
PRUDENTÓPOLIS;412060601A;PR;Bombeiro Comunitário;-25,21334;-50,97847;2025-03-20 16:10:00.0;0,00
PRUDENTÓPOLIS;412060601A;PR;Bombeiro Comunitário;-25,21334;-50,97847;2025-03-20 17:10:00.0;0,00
PRUDENTÓPOLIS;412060601A;PR;Bombeiro Comunitário;-25,21334;-50,97847;2025-03-20 18:10:00.0;0,00
PRUDENTÓPOLIS;412060601A;PR;Bombeiro Comunitário;-25,21334;-50,97847;2025-03-20 19:10:00.0;0,00
PRUDENTÓPOLIS;412060601A;PR;Bombeiro Comunitário;-25,21334;-50,97847;2025-03-20 20:10:00.0;0,00
PRUDENTÓPOLIS;412060601A;PR;Bombeiro Comunitário;-25,21334;-50,97847;2025-03-20 21:10:00.0;0,00
PRUDENTÓPOLIS;412060601A;PR;Bombeiro Comunitário;-25,21334;-50,97847;2025-03-20 22:10:00.0;0,00
PRUDENTÓPOLIS;412060601A;PR;Bombeiro Comunitário;-25,21334;-50,97847;2025-03-20 23:10:00.0;0,00
PRUDENTÓPOLIS;412060601A;PR;Bombeiro Comunitário;-25,21334;-50,97847;2025-03-21 00:10:00.0;0,00
PRUDENTÓPOLIS;412060601A;PR;Bombeiro Comunitário;-25,21334;-50,97847;2025-03-21 01:10:00.0;0,00
PRUDENTÓPOLIS;412060601A;PR;Bombeiro Comunitário;-25,21334;-50,97847;2025-03-21 02:10:00.0;0,00
PRUDENTÓPOLIS;412060601A;PR;Bombeiro Comunitário;-25,21334;-50,97847;2025-03-21 03:10:00.0;0,00
PRUDENTÓPOLIS;412060601A;PR;Bombeiro Comunitário;-25,21334;-50,97847;2025-03-21 04:10:00.0;0,00
PRUDENTÓPOLIS;412060601A;PR;Bombeiro Comunitário;-25,21334;-50,97847;2025-03-21 05:10:00.0;0,00
PRUDENTÓPOLIS;412060601A;PR;Bombeiro Comunitário;-25,21334;-50,97847;2025-03-21 06:10:00.0;0,00
PRUDENTÓPOLIS;412060601A;PR;Bombeiro Comunitário;-25,21334;-50,97847;2025-03-21 07:10:00.0;0,00
PRUDENTÓPOLIS;412060601A;PR;Bombeiro Comunitário;-25,21334;-50,97847;2025-03-21 08:10:00.0;0,00
PRUDENTÓPOLIS;412060601A;PR;Bombeiro Comunitário;-25,21334;-50,97847;2025-03-21 09:10:00.0;0,00
PRUDENTÓPOLIS;412060601A;PR;Bombeiro Comunitário;-25,21334;-50,97847;2025-03-21 10:10:00.0;0,00
PRUDENTÓPOLIS;412060601A;PR;Bombeiro Comunitário;-25,21334;-50,97847;2025-03-21 11:10:00.0;0,00
PRUDENTÓPOLIS;412060601A;PR;Bombeiro Comunitário;-25,21334;-50,97847;2025-03-21 12:10:00.0;0,00
PRUDENTÓPOLIS;412060601A;PR;Bombeiro Comunitário;-25,21334;-50,97847;2025-03-21 13:10:00.0;0,00
PRUDENTÓPOLIS;412060601A;PR;Bombeiro Comunitário;-25,21334;-50,97847;2025-03-21 14:10:00.0;0,00
PRUDENTÓPOLIS;412060601A;PR;Bombeiro Comunitário;-25,21334;-50,97847;2025-03-21 15:10:00.0;0,00
PRUDENTÓPOLIS;412060601A;PR;Bombeiro Comunitário;-25,21334;-50,97847;2025-03-21 16:10:00.0;0,00
PRUDENTÓPOLIS;412060601A;PR;Bombeiro Comunitário;-25,21334;-50,97847;2025-03-21 17:10:00.0;0,00
PRUDENTÓPOLIS;412060601A;PR;Bombeiro Comunitário;-25,21334;-50,97847;2025-03-21 18:10:00.0;0,00
PRUDENTÓPOLIS;412060601A;PR;Bombeiro Comunitário;-25,21334;-50,97847;2025-03-21 19:10:00.0;0,00
PRUDENTÓPOLIS;412060601A;PR;Bombeiro Comunitário;-25,21334;-50,97847;2025-03-21 20:10:00.0;0,00
PRUDENTÓPOLIS;412060601A;PR;Bombeiro Comunitário;-25,21334;-50,97847;2025-03-21 21:10:00.0;0,00
PRUDENTÓPOLIS;412060601A;PR;Bombeiro Comunitário;-25,21334;-50,97847;2025-03-21 22:10:00.0;0,00
PRUDENTÓPOLIS;412060601A;PR;Bombeiro Comunitário;-25,21334;-50,97847;2025-03-21 23:10:00.0;0,00
PRUDENTÓPOLIS;412060601A;PR;Bombeiro Comunitário;-25,21334;-50,97847;2025-03-22 00:10:00.0;0,00
PRUDENTÓPOLIS;412060601A;PR;Bombeiro Comunitário;-25,21334;-50,97847;2025-03-22 01:10:00.0;0,00
PRUDENTÓPOLIS;412060601A;PR;Bombeiro Comunitário;-25,21334;-50,97847;2025-03-22 02:10:00.0;0,00
PRUDENTÓPOLIS;412060601A;PR;Bombeiro Comunitário;-25,21334;-50,97847;2025-03-22 03:10:00.0;0,00
PRUDENTÓPOLIS;412060601A;PR;Bombeiro Comunitário;-25,21334;-50,97847;2025-03-22 04:10:00.0;0,00
PRUDENTÓPOLIS;412060601A;PR;Bombeiro Comunitário;-25,21334;-50,97847;2025-03-22 05:10:00.0;0,00
PRUDENTÓPOLIS;412060601A;PR;Bombeiro Comunitário;-25,21334;-50,97847;2025-03-22 06:10:00.0;0,00
PRUDENTÓPOLIS;412060601A;PR;Bombeiro Comunitário;-25,21334;-50,97847;2025-03-22 07:10:00.0;0,00
PRUDENTÓPOLIS;412060601A;PR;Bombeiro Comunitário;-25,21334;-50,97847;2025-03-22 08:10:00.0;0,00
PRUDENTÓPOLIS;412060601A;PR;Bombeiro Comunitário;-25,21334;-50,97847;2025-03-22 09:10:00.0;0,00
PRUDENTÓPOLIS;412060601A;PR;Bombeiro Comunitário;-25,21334;-50,97847;2025-03-22 10:10:00.0;0,00
PRUDENTÓPOLIS;412060601A;PR;Bombeiro Comunitário;-25,21334;-50,97847;2025-03-22 11:10:00.0;0,00
PRUDENTÓPOLIS;412060601A;PR;Bombeiro Comunitário;-25,21334;-50,97847;2025-03-22 12:10:00.0;0,00
PRUDENTÓPOLIS;412060601A;PR;Bombeiro Comunitário;-25,21334;-50,97847;2025-03-22 13:10:00.0;0,00
PRUDENTÓPOLIS;412060601A;PR;Bombeiro Comunitário;-25,21334;-50,97847;2025-03-22 14:10:00.0;0,00
PRUDENTÓPOLIS;412060601A;PR;Bombeiro Comunitário;-25,21334;-50,97847;2025-03-22 15:10:00.0;0,00
PRUDENTÓPOLIS;412060601A;PR;Bombeiro Comunitário;-25,21334;-50,97847;2025-03-22 16:10:00.0;0,00
PRUDENTÓPOLIS;412060601A;PR;Bombeiro Comunitário;-25,21334;-50,97847;2025-03-22 17:10:00.0;0,00
PRUDENTÓPOLIS;412060601A;PR;Bombeiro Comunitário;-25,21334;-50,97847;2025-03-22 18:10:00.0;0,00
PRUDENTÓPOLIS;412060601A;PR;Bombeiro Comunitário;-25,21334;-50,97847;2025-03-22 19:10:00.0;0,00
PRUDENTÓPOLIS;412060601A;PR;Bombeiro Comunitário;-25,21334;-50,97847;2025-03-22 20:10:00.0;0,00
PRUDENTÓPOLIS;412060601A;PR;Bombeiro Comunitário;-25,21334;-50,97847;2025-03-22 21:10:00.0;0,00
PRUDENTÓPOLIS;412060601A;PR;Bombeiro Comunitário;-25,21334;-50,97847;2025-03-22 22:10:00.0;0,00
PRUDENTÓPOLIS;412060601A;PR;Bombeiro Comunitário;-25,21334;-50,97847;2025-03-22 23:10:00.0;0,00
PRUDENTÓPOLIS;412060601A;PR;Bombeiro Comunitário;-25,21334;-50,97847;2025-03-23 00:10:00.0;0,00
PRUDENTÓPOLIS;412060601A;PR;Bombeiro Comunitário;-25,21334;-50,97847;2025-03-23 01:10:00.0;0,00
PRUDENTÓPOLIS;412060601A;PR;Bombeiro Comunitário;-25,21334;-50,97847;2025-03-23 02:10:00.0;0,00
PRUDENTÓPOLIS;412060601A;PR;Bombeiro Comunitário;-25,21334;-50,97847;2025-03-23 03:10:00.0;0,00
PRUDENTÓPOLIS;412060601A;PR;Bombeiro Comunitário;-25,21334;-50,97847;2025-03-23 04:10:00.0;0,00
PRUDENTÓPOLIS;412060601A;PR;Bombeiro Comunitário;-25,21334;-50,97847;2025-03-23 05:10:00.0;0,00
PRUDENTÓPOLIS;412060601A;PR;Bombeiro Comunitário;-25,21334;-50,97847;2025-03-23 06:10:00.0;0,00
PRUDENTÓPOLIS;412060601A;PR;Bombeiro Comunitário;-25,21334;-50,97847;2025-03-23 07:10:00.0;0,00
PRUDENTÓPOLIS;412060601A;PR;Bombeiro Comunitário;-25,21334;-50,97847;2025-03-23 08:10:00.0;0,00
PRUDENTÓPOLIS;412060601A;PR;Bombeiro Comunitário;-25,21334;-50,97847;2025-03-23 09:10:00.0;0,00
PRUDENTÓPOLIS;412060601A;PR;Bombeiro Comunitário;-25,21334;-50,97847;2025-03-23 10:10:00.0;0,00
PRUDENTÓPOLIS;412060601A;PR;Bombeiro Comunitário;-25,21334;-50,97847;2025-03-23 11:10:00.0;0,00
PRUDENTÓPOLIS;412060601A;PR;Bombeiro Comunitário;-25,21334;-50,97847;2025-03-23 12:10:00.0;0,00
PRUDENTÓPOLIS;412060601A;PR;Bombeiro Comunitário;-25,21334;-50,97847;2025-03-23 13:10:00.0;0,00
PRUDENTÓPOLIS;412060601A;PR;Bombeiro Comunitário;-25,21334;-50,97847;2025-03-23 14:10:00.0;0,00
PRUDENTÓPOLIS;412060601A;PR;Bombeiro Comunitário;-25,21334;-50,97847;2025-03-23 15:10:00.0;0,00
PRUDENTÓPOLIS;412060601A;PR;Bombeiro Comunitário;-25,21334;-50,97847;2025-03-23 16:10:00.0;0,00
PRUDENTÓPOLIS;412060601A;PR;Bombeiro Comunitário;-25,21334;-50,97847;2025-03-23 17:10:00.0;0,00
PRUDENTÓPOLIS;412060601A;PR;Bombeiro Comunitário;-25,21334;-50,97847;2025-03-23 18:00:00.0;1,60
PRUDENTÓPOLIS;412060601A;PR;Bombeiro Comunitário;-25,21334;-50,97847;2025-03-23 18:10:00.0;0,20
PRUDENTÓPOLIS;412060601A;PR;Bombeiro Comunitário;-25,21334;-50,97847;2025-03-23 18:30:00.0;0,20
PRUDENTÓPOLIS;412060601A;PR;Bombeiro Comunitário;-25,21334;-50,97847;2025-03-23 18:40:00.0;0,60
PRUDENTÓPOLIS;412060601A;PR;Bombeiro Comunitário;-25,21334;-50,97847;2025-03-23 19:10:00.0;0,00
PRUDENTÓPOLIS;412060601A;PR;Bombeiro Comunitário;-25,21334;-50,97847;2025-03-23 22:40:00.0;0,00
PRUDENTÓPOLIS;412060601A;PR;Bombeiro Comunitário;-25,21334;-50,97847;2025-03-23 23:10:00.0;0,00
PRUDENTÓPOLIS;412060601A;PR;Bombeiro Comunitário;-25,21334;-50,97847;2025-03-24 00:10:00.0;0,00
PRUDENTÓPOLIS;412060601A;PR;Bombeiro Comunitário;-25,21334;-50,97847;2025-03-24 01:10:00.0;0,00
PRUDENTÓPOLIS;412060601A;PR;Bombeiro Comunitário;-25,21334;-50,97847;2025-03-24 02:10:00.0;0,00
PRUDENTÓPOLIS;412060601A;PR;Bombeiro Comunitário;-25,21334;-50,97847;2025-03-24 03:10:00.0;0,00
PRUDENTÓPOLIS;412060601A;PR;Bombeiro Comunitário;-25,21334;-50,97847;2025-03-24 04:10:00.0;0,00
PRUDENTÓPOLIS;412060601A;PR;Bombeiro Comunitário;-25,21334;-50,97847;2025-03-24 05:10:00.0;0,00
PRUDENTÓPOLIS;412060601A;PR;Bombeiro Comunitário;-25,21334;-50,97847;2025-03-24 06:10:00.0;0,00
PRUDENTÓPOLIS;412060601A;PR;Bombeiro Comunitário;-25,21334;-50,97847;2025-03-24 07:10:00.0;0,00
PRUDENTÓPOLIS;412060601A;PR;Bombeiro Comunitário;-25,21334;-50,97847;2025-03-24 08:10:00.0;0,00
PRUDENTÓPOLIS;412060601A;PR;Bombeiro Comunitário;-25,21334;-50,97847;2025-03-24 09:10:00.0;0,00
PRUDENTÓPOLIS;412060601A;PR;Bombeiro Comunitário;-25,21334;-50,97847;2025-03-24 10:10:00.0;0,00
PRUDENTÓPOLIS;412060601A;PR;Bombeiro Comunitário;-25,21334;-50,97847;2025-03-24 11:10:00.0;0,00
PRUDENTÓPOLIS;412060601A;PR;Bombeiro Comunitário;-25,21334;-50,97847;2025-03-24 12:10:00.0;0,00
PRUDENTÓPOLIS;412060601A;PR;Bombeiro Comunitário;-25,21334;-50,97847;2025-03-24 13:10:00.0;0,00
PRUDENTÓPOLIS;412060601A;PR;Bombeiro Comunitário;-25,21334;-50,97847;2025-03-24 14:10:00.0;0,00
PRUDENTÓPOLIS;412060601A;PR;Bombeiro Comunitário;-25,21334;-50,97847;2025-03-24 15:10:00.0;0,00
PRUDENTÓPOLIS;412060601A;PR;Bombeiro Comunitário;-25,21334;-50,97847;2025-03-24 16:10:00.0;0,00
PRUDENTÓPOLIS;412060601A;PR;Bombeiro Comunitário;-25,21334;-50,97847;2025-03-24 17:10:00.0;0,00
PRUDENTÓPOLIS;412060601A;PR;Bombeiro Comunitário;-25,21334;-50,97847;2025-03-24 18:10:00.0;0,00
PRUDENTÓPOLIS;412060601A;PR;Bombeiro Comunitário;-25,21334;-50,97847;2025-03-24 19:10:00.0;0,00
PRUDENTÓPOLIS;412060601A;PR;Bombeiro Comunitário;-25,21334;-50,97847;2025-03-24 20:10:00.0;0,00
PRUDENTÓPOLIS;412060601A;PR;Bombeiro Comunitário;-25,21334;-50,97847;2025-03-24 21:10:00.0;0,00
PRUDENTÓPOLIS;412060601A;PR;Bombeiro Comunitário;-25,21334;-50,97847;2025-03-24 22:10:00.0;0,00
PRUDENTÓPOLIS;412060601A;PR;Bombeiro Comunitário;-25,21334;-50,97847;2025-03-24 23:10:00.0;0,00
PRUDENTÓPOLIS;412060601A;PR;Bombeiro Comunitário;-25,21334;-50,97847;2025-03-25 00:10:00.0;0,00
PRUDENTÓPOLIS;412060601A;PR;Bombeiro Comunitário;-25,21334;-50,97847;2025-03-25 01:10:00.0;0,00
PRUDENTÓPOLIS;412060601A;PR;Bombeiro Comunitário;-25,21334;-50,97847;2025-03-25 02:10:00.0;0,00
PRUDENTÓPOLIS;412060601A;PR;Bombeiro Comunitário;-25,21334;-50,97847;2025-03-25 03:10:00.0;0,00
PRUDENTÓPOLIS;412060601A;PR;Bombeiro Comunitário;-25,21334;-50,97847;2025-03-25 04:10:00.0;0,00
PRUDENTÓPOLIS;412060601A;PR;Bombeiro Comunitário;-25,21334;-50,97847;2025-03-25 05:10:00.0;0,00
PRUDENTÓPOLIS;412060601A;PR;Bombeiro Comunitário;-25,21334;-50,97847;2025-03-25 06:10:00.0;0,00
PRUDENTÓPOLIS;412060601A;PR;Bombeiro Comunitário;-25,21334;-50,97847;2025-03-25 07:10:00.0;0,00
PRUDENTÓPOLIS;412060601A;PR;Bombeiro Comunitário;-25,21334;-50,97847;2025-03-25 08:10:00.0;0,00
PRUDENTÓPOLIS;412060601A;PR;Bombeiro Comunitário;-25,21334;-50,97847;2025-03-25 09:10:00.0;0,00
PRUDENTÓPOLIS;412060601A;PR;Bombeiro Comunitário;-25,21334;-50,97847;2025-03-25 10:10:00.0;0,00
PRUDENTÓPOLIS;412060601A;PR;Bombeiro Comunitário;-25,21334;-50,97847;2025-03-25 11:10:00.0;0,00
PRUDENTÓPOLIS;412060601A;PR;Bombeiro Comunitário;-25,21334;-50,97847;2025-03-25 12:10:00.0;0,00
PRUDENTÓPOLIS;412060601A;PR;Bombeiro Comunitário;-25,21334;-50,97847;2025-03-25 13:10:00.0;0,00
PRUDENTÓPOLIS;412060601A;PR;Bombeiro Comunitário;-25,21334;-50,97847;2025-03-25 14:10:00.0;0,00
PRUDENTÓPOLIS;412060601A;PR;Bombeiro Comunitário;-25,21334;-50,97847;2025-03-25 15:10:00.0;0,00
PRUDENTÓPOLIS;412060601A;PR;Bombeiro Comunitário;-25,21334;-50,97847;2025-03-25 16:10:00.0;0,00
PRUDENTÓPOLIS;412060601A;PR;Bombeiro Comunitário;-25,21334;-50,97847;2025-03-25 17:10:00.0;0,00
PRUDENTÓPOLIS;412060601A;PR;Bombeiro Comunitário;-25,21334;-50,97847;2025-03-25 18:10:00.0;0,00
PRUDENTÓPOLIS;412060601A;PR;Bombeiro Comunitário;-25,21334;-50,97847;2025-03-25 19:10:00.0;0,00
PRUDENTÓPOLIS;412060601A;PR;Bombeiro Comunitário;-25,21334;-50,97847;2025-03-25 20:10:00.0;0,00
PRUDENTÓPOLIS;412060601A;PR;Bombeiro Comunitário;-25,21334;-50,97847;2025-03-25 21:10:00.0;0,00
PRUDENTÓPOLIS;412060601A;PR;Bombeiro Comunitário;-25,21334;-50,97847;2025-03-25 22:10:00.0;0,00
PRUDENTÓPOLIS;412060601A;PR;Bombeiro Comunitário;-25,21334;-50,97847;2025-03-25 23:10:00.0;0,00
PRUDENTÓPOLIS;412060601A;PR;Bombeiro Comunitário;-25,21334;-50,97847;2025-03-25 23:20:00.0;3,80
PRUDENTÓPOLIS;412060601A;PR;Bombeiro Comunitário;-25,21334;-50,97847;2025-03-25 23:30:00.0;2,20
PRUDENTÓPOLIS;412060601A;PR;Bombeiro Comunitário;-25,21334;-50,97847;2025-03-25 23:40:00.0;1,00
PRUDENTÓPOLIS;412060601A;PR;Bombeiro Comunitário;-25,21334;-50,97847;2025-03-25 23:50:00.0;0,80
PRUDENTÓPOLIS;412060601A;PR;Bombeiro Comunitário;-25,21334;-50,97847;2025-03-26 00:00:00.0;0,20
PRUDENTÓPOLIS;412060601A;PR;Bombeiro Comunitário;-25,21334;-50,97847;2025-03-26 00:10:00.0;0,00
PRUDENTÓPOLIS;412060601A;PR;Bombeiro Comunitário;-25,21334;-50,97847;2025-03-26 00:20:00.0;0,20
PRUDENTÓPOLIS;412060601A;PR;Bombeiro Comunitário;-25,21334;-50,97847;2025-03-26 01:20:00.0;0,00
PRUDENTÓPOLIS;412060601A;PR;Bombeiro Comunitário;-25,21334;-50,97847;2025-03-26 02:10:00.0;0,00
PRUDENTÓPOLIS;412060601A;PR;Bombeiro Comunitário;-25,21334;-50,97847;2025-03-26 03:10:00.0;0,00
PRUDENTÓPOLIS;412060601A;PR;Bombeiro Comunitário;-25,21334;-50,97847;2025-03-26 04:10:00.0;0,00
PRUDENTÓPOLIS;412060601A;PR;Bombeiro Comunitário;-25,21334;-50,97847;2025-03-26 05:10:00.0;0,00
PRUDENTÓPOLIS;412060601A;PR;Bombeiro Comunitário;-25,21334;-50,97847;2025-03-26 06:10:00.0;0,00
PRUDENTÓPOLIS;412060601A;PR;Bombeiro Comunitário;-25,21334;-50,97847;2025-03-26 06:30:00.0;0,20
PRUDENTÓPOLIS;412060601A;PR;Bombeiro Comunitário;-25,21334;-50,97847;2025-03-26 07:10:00.0;0,00
PRUDENTÓPOLIS;412060601A;PR;Bombeiro Comunitário;-25,21334;-50,97847;2025-03-26 08:10:00.0;0,00
PRUDENTÓPOLIS;412060601A;PR;Bombeiro Comunitário;-25,21334;-50,97847;2025-03-26 09:10:00.0;0,00
PRUDENTÓPOLIS;412060601A;PR;Bombeiro Comunitário;-25,21334;-50,97847;2025-03-26 10:10:00.0;0,00
PRUDENTÓPOLIS;412060601A;PR;Bombeiro Comunitário;-25,21334;-50,97847;2025-03-26 11:10:00.0;0,00
PRUDENTÓPOLIS;412060601A;PR;Bombeiro Comunitário;-25,21334;-50,97847;2025-03-26 12:10:00.0;0,00
PRUDENTÓPOLIS;412060601A;PR;Bombeiro Comunitário;-25,21334;-50,97847;2025-03-26 13:10:00.0;0,00
PRUDENTÓPOLIS;412060601A;PR;Bombeiro Comunitário;-25,21334;-50,97847;2025-03-26 13:20:00.0;0,20
PRUDENTÓPOLIS;412060601A;PR;Bombeiro Comunitário;-25,21334;-50,97847;2025-03-26 14:10:00.0;0,00
PRUDENTÓPOLIS;412060601A;PR;Bombeiro Comunitário;-25,21334;-50,97847;2025-03-26 15:10:00.0;0,00
PRUDENTÓPOLIS;412060601A;PR;Bombeiro Comunitário;-25,21334;-50,97847;2025-03-26 16:10:00.0;0,00
PRUDENTÓPOLIS;412060601A;PR;Bombeiro Comunitário;-25,21334;-50,97847;2025-03-26 17:10:00.0;0,00
PRUDENTÓPOLIS;412060601A;PR;Bombeiro Comunitário;-25,21334;-50,97847;2025-03-26 18:10:00.0;0,00
PRUDENTÓPOLIS;412060601A;PR;Bombeiro Comunitário;-25,21334;-50,97847;2025-03-26 19:10:00.0;0,00
PRUDENTÓPOLIS;412060601A;PR;Bombeiro Comunitário;-25,21334;-50,97847;2025-03-26 20:10:00.0;0,00
PRUDENTÓPOLIS;412060601A;PR;Bombeiro Comunitário;-25,21334;-50,97847;2025-03-26 21:10:00.0;0,00
PRUDENTÓPOLIS;412060601A;PR;Bombeiro Comunitário;-25,21334;-50,97847;2025-03-26 22:10:00.0;0,00
PRUDENTÓPOLIS;412060601A;PR;Bombeiro Comunitário;-25,21334;-50,97847;2025-03-26 23:10:00.0;0,00
PRUDENTÓPOLIS;412060601A;PR;Bombeiro Comunitário;-25,21334;-50,97847;2025-03-27 00:10:00.0;0,00
PRUDENTÓPOLIS;412060601A;PR;Bombeiro Comunitário;-25,21334;-50,97847;2025-03-27 01:10:00.0;0,00
PRUDENTÓPOLIS;412060601A;PR;Bombeiro Comunitário;-25,21334;-50,97847;2025-03-27 02:10:00.0;0,00
PRUDENTÓPOLIS;412060601A;PR;Bombeiro Comunitário;-25,21334;-50,97847;2025-03-27 03:10:00.0;0,00
PRUDENTÓPOLIS;412060601A;PR;Bombeiro Comunitário;-25,21334;-50,97847;2025-03-27 04:10:00.0;0,00
PRUDENTÓPOLIS;412060601A;PR;Bombeiro Comunitário;-25,21334;-50,97847;2025-03-27 05:10:00.0;0,00
PRUDENTÓPOLIS;412060601A;PR;Bombeiro Comunitário;-25,21334;-50,97847;2025-03-27 06:10:00.0;0,00
PRUDENTÓPOLIS;412060601A;PR;Bombeiro Comunitário;-25,21334;-50,97847;2025-03-27 07:10:00.0;0,00
PRUDENTÓPOLIS;412060601A;PR;Bombeiro Comunitário;-25,21334;-50,97847;2025-03-27 08:10:00.0;0,00
PRUDENTÓPOLIS;412060601A;PR;Bombeiro Comunitário;-25,21334;-50,97847;2025-03-27 09:10:00.0;0,00
PRUDENTÓPOLIS;412060601A;PR;Bombeiro Comunitário;-25,21334;-50,97847;2025-03-27 10:10:00.0;0,00
PRUDENTÓPOLIS;412060601A;PR;Bombeiro Comunitário;-25,21334;-50,97847;2025-03-27 11:10:00.0;0,00
PRUDENTÓPOLIS;412060601A;PR;Bombeiro Comunitário;-25,21334;-50,97847;2025-03-27 12:10:00.0;0,00
PRUDENTÓPOLIS;412060601A;PR;Bombeiro Comunitário;-25,21334;-50,97847;2025-03-27 13:10:00.0;0,00
PRUDENTÓPOLIS;412060601A;PR;Bombeiro Comunitário;-25,21334;-50,97847;2025-03-27 14:10:00.0;0,00
PRUDENTÓPOLIS;412060601A;PR;Bombeiro Comunitário;-25,21334;-50,97847;2025-03-27 15:10:00.0;0,00
PRUDENTÓPOLIS;412060601A;PR;Bombeiro Comunitário;-25,21334;-50,97847;2025-03-27 16:10:00.0;0,00
PRUDENTÓPOLIS;412060601A;PR;Bombeiro Comunitário;-25,21334;-50,97847;2025-03-27 17:10:00.0;0,00
PRUDENTÓPOLIS;412060601A;PR;Bombeiro Comunitário;-25,21334;-50,97847;2025-03-27 18:10:00.0;0,00
PRUDENTÓPOLIS;412060601A;PR;Bombeiro Comunitário;-25,21334;-50,97847;2025-03-27 19:10:00.0;0,00
PRUDENTÓPOLIS;412060601A;PR;Bombeiro Comunitário;-25,21334;-50,97847;2025-03-27 20:10:00.0;0,00
PRUDENTÓPOLIS;412060601A;PR;Bombeiro Comunitário;-25,21334;-50,97847;2025-03-27 21:10:00.0;0,00
PRUDENTÓPOLIS;412060601A;PR;Bombeiro Comunitário;-25,21334;-50,97847;2025-03-27 22:10:00.0;0,00
PRUDENTÓPOLIS;412060601A;PR;Bombeiro Comunitário;-25,21334;-50,97847;2025-03-27 23:10:00.0;0,00
PRUDENTÓPOLIS;412060601A;PR;Bombeiro Comunitário;-25,21334;-50,97847;2025-03-28 00:10:00.0;0,00
PRUDENTÓPOLIS;412060601A;PR;Bombeiro Comunitário;-25,21334;-50,97847;2025-03-28 01:10:00.0;0,00
PRUDENTÓPOLIS;412060601A;PR;Bombeiro Comunitário;-25,21334;-50,97847;2025-03-28 02:10:00.0;0,00
PRUDENTÓPOLIS;412060601A;PR;Bombeiro Comunitário;-25,21334;-50,97847;2025-03-28 03:10:00.0;0,00
PRUDENTÓPOLIS;412060601A;PR;Bombeiro Comunitário;-25,21334;-50,97847;2025-03-28 04:10:00.0;0,00
PRUDENTÓPOLIS;412060601A;PR;Bombeiro Comunitário;-25,21334;-50,97847;2025-03-28 05:10:00.0;0,00
PRUDENTÓPOLIS;412060601A;PR;Bombeiro Comunitário;-25,21334;-50,97847;2025-03-28 06:10:00.0;0,00
PRUDENTÓPOLIS;412060601A;PR;Bombeiro Comunitário;-25,21334;-50,97847;2025-03-28 06:20:00.0;0,20
PRUDENTÓPOLIS;412060601A;PR;Bombeiro Comunitário;-25,21334;-50,97847;2025-03-28 06:30:00.0;0,20
PRUDENTÓPOLIS;412060601A;PR;Bombeiro Comunitário;-25,21334;-50,97847;2025-03-28 06:40:00.0;0,60
PRUDENTÓPOLIS;412060601A;PR;Bombeiro Comunitário;-25,21334;-50,97847;2025-03-28 06:50:00.0;2,60
PRUDENTÓPOLIS;412060601A;PR;Bombeiro Comunitário;-25,21334;-50,97847;2025-03-28 07:00:00.0;2,20
PRUDENTÓPOLIS;412060601A;PR;Bombeiro Comunitário;-25,21334;-50,97847;2025-03-28 07:10:00.0;1,20
PRUDENTÓPOLIS;412060601A;PR;Bombeiro Comunitário;-25,21334;-50,97847;2025-03-28 07:20:00.0;2,20
PRUDENTÓPOLIS;412060601A;PR;Bombeiro Comunitário;-25,21334;-50,97847;2025-03-28 07:30:00.0;11,20
PRUDENTÓPOLIS;412060601A;PR;Bombeiro Comunitário;-25,21334;-50,97847;2025-03-28 07:40:00.0;5,60
PRUDENTÓPOLIS;412060601A;PR;Bombeiro Comunitário;-25,21334;-50,97847;2025-03-28 07:50:00.0;0,80
PRUDENTÓPOLIS;412060601A;PR;Bombeiro Comunitário;-25,21334;-50,97847;2025-03-28 08:00:00.0;0,20
PRUDENTÓPOLIS;412060601A;PR;Bombeiro Comunitário;-25,21334;-50,97847;2025-03-28 08:10:00.0;0,60
PRUDENTÓPOLIS;412060601A;PR;Bombeiro Comunitário;-25,21334;-50,97847;2025-03-28 08:20:00.0;0,40
PRUDENTÓPOLIS;412060601A;PR;Bombeiro Comunitário;-25,21334;-50,97847;2025-03-28 08:30:00.0;0,40
PRUDENTÓPOLIS;412060601A;PR;Bombeiro Comunitário;-25,21334;-50,97847;2025-03-28 09:10:00.0;0,00
PRUDENTÓPOLIS;412060601A;PR;Bombeiro Comunitário;-25,21334;-50,97847;2025-03-28 10:10:00.0;0,00
PRUDENTÓPOLIS;412060601A;PR;Bombeiro Comunitário;-25,21334;-50,97847;2025-03-28 10:50:00.0;0,20
PRUDENTÓPOLIS;412060601A;PR;Bombeiro Comunitário;-25,21334;-50,97847;2025-03-28 11:10:00.0;0,00
PRUDENTÓPOLIS;412060601A;PR;Bombeiro Comunitário;-25,21334;-50,97847;2025-03-28 12:10:00.0;0,00
PRUDENTÓPOLIS;412060601A;PR;Bombeiro Comunitário;-25,21334;-50,97847;2025-03-28 13:10:00.0;0,00
PRUDENTÓPOLIS;412060601A;PR;Bombeiro Comunitário;-25,21334;-50,97847;2025-03-28 14:10:00.0;0,00
PRUDENTÓPOLIS;412060601A;PR;Bombeiro Comunitário;-25,21334;-50,97847;2025-03-28 15:10:00.0;0,00
PRUDENTÓPOLIS;412060601A;PR;Bombeiro Comunitário;-25,21334;-50,97847;2025-03-28 16:10:00.0;0,00
PRUDENTÓPOLIS;412060601A;PR;Bombeiro Comunitário;-25,21334;-50,97847;2025-03-28 17:10:00.0;0,00
PRUDENTÓPOLIS;412060601A;PR;Bombeiro Comunitário;-25,21334;-50,97847;2025-03-29 01:20:00.0;0,00
PRUDENTÓPOLIS;412060601A;PR;Bombeiro Comunitário;-25,21334;-50,97847;2025-03-29 02:10:00.0;0,00
PRUDENTÓPOLIS;412060601A;PR;Bombeiro Comunitário;-25,21334;-50,97847;2025-03-29 03:10:00.0;0,00
PRUDENTÓPOLIS;412060601A;PR;Bombeiro Comunitário;-25,21334;-50,97847;2025-03-29 04:10:00.0;0,00
PRUDENTÓPOLIS;412060601A;PR;Bombeiro Comunitário;-25,21334;-50,97847;2025-03-29 05:10:00.0;0,00
PRUDENTÓPOLIS;412060601A;PR;Bombeiro Comunitário;-25,21334;-50,97847;2025-03-29 06:10:00.0;0,00
PRUDENTÓPOLIS;412060601A;PR;Bombeiro Comunitário;-25,21334;-50,97847;2025-03-29 07:10:00.0;0,00
PRUDENTÓPOLIS;412060601A;PR;Bombeiro Comunitário;-25,21334;-50,97847;2025-03-29 08:10:00.0;0,00
PRUDENTÓPOLIS;412060601A;PR;Bombeiro Comunitário;-25,21334;-50,97847;2025-03-29 09:10:00.0;0,00
PRUDENTÓPOLIS;412060601A;PR;Bombeiro Comunitário;-25,21334;-50,97847;2025-03-29 10:10:00.0;0,00
PRUDENTÓPOLIS;412060601A;PR;Bombeiro Comunitário;-25,21334;-50,97847;2025-03-29 11:10:00.0;0,00
PRUDENTÓPOLIS;412060601A;PR;Bombeiro Comunitário;-25,21334;-50,97847;2025-03-29 12:10:00.0;0,00
PRUDENTÓPOLIS;412060601A;PR;Bombeiro Comunitário;-25,21334;-50,97847;2025-03-29 13:10:00.0;0,00
PRUDENTÓPOLIS;412060601A;PR;Bombeiro Comunitário;-25,21334;-50,97847;2025-03-29 14:10:00.0;0,00
PRUDENTÓPOLIS;412060601A;PR;Bombeiro Comunitário;-25,21334;-50,97847;2025-03-29 15:10:00.0;0,00
PRUDENTÓPOLIS;412060601A;PR;Bombeiro Comunitário;-25,21334;-50,97847;2025-03-29 16:10:00.0;0,00
PRUDENTÓPOLIS;412060601A;PR;Bombeiro Comunitário;-25,21334;-50,97847;2025-03-29 17:10:00.0;0,00
PRUDENTÓPOLIS;412060601A;PR;Bombeiro Comunitário;-25,21334;-50,97847;2025-03-29 18:10:00.0;0,00
PRUDENTÓPOLIS;412060601A;PR;Bombeiro Comunitário;-25,21334;-50,97847;2025-03-29 19:10:00.0;0,00
PRUDENTÓPOLIS;412060601A;PR;Bombeiro Comunitário;-25,21334;-50,97847;2025-03-29 20:10:00.0;0,00
PRUDENTÓPOLIS;412060601A;PR;Bombeiro Comunitário;-25,21334;-50,97847;2025-03-29 21:10:00.0;0,00
PRUDENTÓPOLIS;412060601A;PR;Bombeiro Comunitário;-25,21334;-50,97847;2025-03-29 22:10:00.0;0,00
PRUDENTÓPOLIS;412060601A;PR;Bombeiro Comunitário;-25,21334;-50,97847;2025-03-29 23:10:00.0;0,00
PRUDENTÓPOLIS;412060601A;PR;Bombeiro Comunitário;-25,21334;-50,97847;2025-03-30 00:10:00.0;0,00
PRUDENTÓPOLIS;412060601A;PR;Bombeiro Comunitário;-25,21334;-50,97847;2025-03-30 01:10:00.0;0,00
PRUDENTÓPOLIS;412060601A;PR;Bombeiro Comunitário;-25,21334;-50,97847;2025-03-30 02:10:00.0;0,00
PRUDENTÓPOLIS;412060601A;PR;Bombeiro Comunitário;-25,21334;-50,97847;2025-03-30 03:10:00.0;0,00
PRUDENTÓPOLIS;412060601A;PR;Bombeiro Comunitário;-25,21334;-50,97847;2025-03-30 04:10:00.0;0,00
PRUDENTÓPOLIS;412060601A;PR;Bombeiro Comunitário;-25,21334;-50,97847;2025-03-30 05:10:00.0;0,00
PRUDENTÓPOLIS;412060601A;PR;Bombeiro Comunitário;-25,21334;-50,97847;2025-03-30 06:10:00.0;0,00
PRUDENTÓPOLIS;412060601A;PR;Bombeiro Comunitário;-25,21334;-50,97847;2025-03-30 07:10:00.0;0,00
PRUDENTÓPOLIS;412060601A;PR;Bombeiro Comunitário;-25,21334;-50,97847;2025-03-30 08:10:00.0;0,00
PRUDENTÓPOLIS;412060601A;PR;Bombeiro Comunitário;-25,21334;-50,97847;2025-03-30 09:10:00.0;0,00
PRUDENTÓPOLIS;412060601A;PR;Bombeiro Comunitário;-25,21334;-50,97847;2025-03-30 10:10:00.0;0,00
PRUDENTÓPOLIS;412060601A;PR;Bombeiro Comunitário;-25,21334;-50,97847;2025-03-30 11:10:00.0;0,00
PRUDENTÓPOLIS;412060601A;PR;Bombeiro Comunitário;-25,21334;-50,97847;2025-03-30 12:10:00.0;0,00
PRUDENTÓPOLIS;412060601A;PR;Bombeiro Comunitário;-25,21334;-50,97847;2025-03-30 13:10:00.0;0,00
PRUDENTÓPOLIS;412060601A;PR;Bombeiro Comunitário;-25,21334;-50,97847;2025-03-30 14:10:00.0;0,00
PRUDENTÓPOLIS;412060601A;PR;Bombeiro Comunitário;-25,21334;-50,97847;2025-03-30 15:10:00.0;0,00
PRUDENTÓPOLIS;412060601A;PR;Bombeiro Comunitário;-25,21334;-50,97847;2025-03-30 16:10:00.0;0,00
PRUDENTÓPOLIS;412060601A;PR;Bombeiro Comunitário;-25,21334;-50,97847;2025-03-30 17:10:00.0;0,00
PRUDENTÓPOLIS;412060601A;PR;Bombeiro Comunitário;-25,21334;-50,97847;2025-03-30 18:10:00.0;0,00
PRUDENTÓPOLIS;412060601A;PR;Bombeiro Comunitário;-25,21334;-50,97847;2025-03-30 19:10:00.0;0,00
PRUDENTÓPOLIS;412060601A;PR;Bombeiro Comunitário;-25,21334;-50,97847;2025-03-30 20:10:00.0;0,00
PRUDENTÓPOLIS;412060601A;PR;Bombeiro Comunitário;-25,21334;-50,97847;2025-03-30 21:10:00.0;0,00
PRUDENTÓPOLIS;412060601A;PR;Bombeiro Comunitário;-25,21334;-50,97847;2025-03-30 22:10:00.0;0,00
PRUDENTÓPOLIS;412060601A;PR;Bombeiro Comunitário;-25,21334;-50,97847;2025-03-30 23:10:00.0;0,00
PRUDENTÓPOLIS;412060601A;PR;Bombeiro Comunitário;-25,21334;-50,97847;2025-03-31 00:10:00.0;0,00
PRUDENTÓPOLIS;412060601A;PR;Bombeiro Comunitário;-25,21334;-50,97847;2025-03-31 01:10:00.0;0,00
PRUDENTÓPOLIS;412060601A;PR;Bombeiro Comunitário;-25,21334;-50,97847;2025-03-31 02:10:00.0;0,00
PRUDENTÓPOLIS;412060601A;PR;Bombeiro Comunitário;-25,21334;-50,97847;2025-03-31 03:10:00.0;0,00
PRUDENTÓPOLIS;412060601A;PR;Bombeiro Comunitário;-25,21334;-50,97847;2025-03-31 04:10:00.0;0,00
PRUDENTÓPOLIS;412060601A;PR;Bombeiro Comunitário;-25,21334;-50,97847;2025-03-31 05:10:00.0;0,00
PRUDENTÓPOLIS;412060601A;PR;Bombeiro Comunitário;-25,21334;-50,97847;2025-03-31 06:10:00.0;0,00
PRUDENTÓPOLIS;412060601A;PR;Bombeiro Comunitário;-25,21334;-50,97847;2025-03-31 07:10:00.0;0,00
PRUDENTÓPOLIS;412060601A;PR;Bombeiro Comunitário;-25,21334;-50,97847;2025-03-31 08:10:00.0;0,00
PRUDENTÓPOLIS;412060601A;PR;Bombeiro Comunitário;-25,21334;-50,97847;2025-03-31 09:10:00.0;0,00
PRUDENTÓPOLIS;412060601A;PR;Bombeiro Comunitário;-25,21334;-50,97847;2025-03-31 10:10:00.0;0,00
PRUDENTÓPOLIS;412060601A;PR;Bombeiro Comunitário;-25,21334;-50,97847;2025-03-31 11:10:00.0;0,00
PRUDENTÓPOLIS;412060601A;PR;Bombeiro Comunitário;-25,21334;-50,97847;2025-03-31 12:10:00.0;0,00
PRUDENTÓPOLIS;412060601A;PR;Bombeiro Comunitário;-25,21334;-50,97847;2025-03-31 13:30:00.0;0,00
PRUDENTÓPOLIS;412060601A;PR;Bombeiro Comunitário;-25,21334;-50,97847;2025-03-31 14:10:00.0;0,00
PRUDENTÓPOLIS;412060601A;PR;Bombeiro Comunitário;-25,21334;-50,97847;2025-03-31 15:10:00.0;0,00
PRUDENTÓPOLIS;412060601A;PR;Bombeiro Comunitário;-25,21334;-50,97847;2025-03-31 16:10:00.0;0,00
PRUDENTÓPOLIS;412060601A;PR;Bombeiro Comunitário;-25,21334;-50,97847;2025-03-31 17:10:00.0;0,00
PRUDENTÓPOLIS;412060601A;PR;Bombeiro Comunitário;-25,21334;-50,97847;2025-03-31 18:10:00.0;0,00
PRUDENTÓPOLIS;412060601A;PR;Bombeiro Comunitário;-25,21334;-50,97847;2025-03-31 19:10:00.0;0,00
PRUDENTÓPOLIS;412060601A;PR;Bombeiro Comunitário;-25,21334;-50,97847;2025-03-31 20:10:00.0;0,00
PRUDENTÓPOLIS;412060601A;PR;Bombeiro Comunitário;-25,21334;-50,97847;2025-03-31 21:10:00.0;0,00
PRUDENTÓPOLIS;412060601A;PR;Bombeiro Comunitário;-25,21334;-50,97847;2025-03-31 22:10:00.0;0,00
PRUDENTÓPOLIS;412060601A;PR;Bombeiro Comunitário;-25,21334;-50,97847;2025-03-31 23:10:00.0;0,00
QUERÊNCIA DO NORTE;412100001A;PR;Centro;-23,085982;-53,482169;2025-03-01 00:10:00.0;0,00
QUERÊNCIA DO NORTE;412100001A;PR;Centro;-23,085982;-53,482169;2025-03-01 00:20:00.0;0,00
QUERÊNCIA DO NORTE;412100001A;PR;Centro;-23,085982;-53,482169;2025-03-01 01:20:00.0;0,00
QUERÊNCIA DO NORTE;412100001A;PR;Centro;-23,085982;-53,482169;2025-03-01 02:20:00.0;0,00
QUERÊNCIA DO NORTE;412100001A;PR;Centro;-23,085982;-53,482169;2025-03-01 03:20:00.0;0,00
QUERÊNCIA DO NORTE;412100001A;PR;Centro;-23,085982;-53,482169;2025-03-01 04:20:00.0;0,00
QUERÊNCIA DO NORTE;412100001A;PR;Centro;-23,085982;-53,482169;2025-03-01 05:20:00.0;0,00
QUERÊNCIA DO NORTE;412100001A;PR;Centro;-23,085982;-53,482169;2025-03-01 06:20:00.0;0,00
QUERÊNCIA DO NORTE;412100001A;PR;Centro;-23,085982;-53,482169;2025-03-01 07:20:00.0;0,00
QUERÊNCIA DO NORTE;412100001A;PR;Centro;-23,085982;-53,482169;2025-03-01 08:20:00.0;0,00
QUERÊNCIA DO NORTE;412100001A;PR;Centro;-23,085982;-53,482169;2025-03-01 09:20:00.0;0,00
QUERÊNCIA DO NORTE;412100001A;PR;Centro;-23,085982;-53,482169;2025-03-01 10:20:00.0;0,00
QUERÊNCIA DO NORTE;412100001A;PR;Centro;-23,085982;-53,482169;2025-03-01 11:20:00.0;0,00
QUERÊNCIA DO NORTE;412100001A;PR;Centro;-23,085982;-53,482169;2025-03-01 12:20:00.0;0,00
QUERÊNCIA DO NORTE;412100001A;PR;Centro;-23,085982;-53,482169;2025-03-01 13:20:00.0;0,00
QUERÊNCIA DO NORTE;412100001A;PR;Centro;-23,085982;-53,482169;2025-03-01 14:20:00.0;0,00
QUERÊNCIA DO NORTE;412100001A;PR;Centro;-23,085982;-53,482169;2025-03-01 15:20:00.0;0,00
QUERÊNCIA DO NORTE;412100001A;PR;Centro;-23,085982;-53,482169;2025-03-01 16:20:00.0;0,00
QUERÊNCIA DO NORTE;412100001A;PR;Centro;-23,085982;-53,482169;2025-03-01 17:20:00.0;0,00
QUERÊNCIA DO NORTE;412100001A;PR;Centro;-23,085982;-53,482169;2025-03-01 18:20:00.0;0,00
QUERÊNCIA DO NORTE;412100001A;PR;Centro;-23,085982;-53,482169;2025-03-01 19:20:00.0;0,00
QUERÊNCIA DO NORTE;412100001A;PR;Centro;-23,085982;-53,482169;2025-03-01 20:20:00.0;0,00
QUERÊNCIA DO NORTE;412100001A;PR;Centro;-23,085982;-53,482169;2025-03-01 21:20:00.0;0,00
QUERÊNCIA DO NORTE;412100001A;PR;Centro;-23,085982;-53,482169;2025-03-01 22:20:00.0;0,00
QUERÊNCIA DO NORTE;412100001A;PR;Centro;-23,085982;-53,482169;2025-03-01 23:20:00.0;0,00
QUERÊNCIA DO NORTE;412100001A;PR;Centro;-23,085982;-53,482169;2025-03-02 00:20:00.0;0,00
QUERÊNCIA DO NORTE;412100001A;PR;Centro;-23,085982;-53,482169;2025-03-02 01:20:00.0;0,00
QUERÊNCIA DO NORTE;412100001A;PR;Centro;-23,085982;-53,482169;2025-03-02 02:20:00.0;0,00
QUERÊNCIA DO NORTE;412100001A;PR;Centro;-23,085982;-53,482169;2025-03-02 03:20:00.0;0,00
QUERÊNCIA DO NORTE;412100001A;PR;Centro;-23,085982;-53,482169;2025-03-02 04:20:00.0;0,00
QUERÊNCIA DO NORTE;412100001A;PR;Centro;-23,085982;-53,482169;2025-03-02 05:20:00.0;0,00
QUERÊNCIA DO NORTE;412100001A;PR;Centro;-23,085982;-53,482169;2025-03-02 06:20:00.0;0,00
QUERÊNCIA DO NORTE;412100001A;PR;Centro;-23,085982;-53,482169;2025-03-02 07:20:00.0;0,00
QUERÊNCIA DO NORTE;412100001A;PR;Centro;-23,085982;-53,482169;2025-03-02 08:20:00.0;0,00
QUERÊNCIA DO NORTE;412100001A;PR;Centro;-23,085982;-53,482169;2025-03-02 09:20:00.0;0,00
QUERÊNCIA DO NORTE;412100001A;PR;Centro;-23,085982;-53,482169;2025-03-02 10:20:00.0;0,00
QUERÊNCIA DO NORTE;412100001A;PR;Centro;-23,085982;-53,482169;2025-03-02 11:20:00.0;0,00
QUERÊNCIA DO NORTE;412100001A;PR;Centro;-23,085982;-53,482169;2025-03-02 12:20:00.0;0,00
QUERÊNCIA DO NORTE;412100001A;PR;Centro;-23,085982;-53,482169;2025-03-02 13:20:00.0;0,00
QUERÊNCIA DO NORTE;412100001A;PR;Centro;-23,085982;-53,482169;2025-03-02 14:20:00.0;0,00
QUERÊNCIA DO NORTE;412100001A;PR;Centro;-23,085982;-53,482169;2025-03-02 15:20:00.0;0,00
QUERÊNCIA DO NORTE;412100001A;PR;Centro;-23,085982;-53,482169;2025-03-02 16:20:00.0;0,00
QUERÊNCIA DO NORTE;412100001A;PR;Centro;-23,085982;-53,482169;2025-03-02 17:20:00.0;0,00
QUERÊNCIA DO NORTE;412100001A;PR;Centro;-23,085982;-53,482169;2025-03-02 18:20:00.0;0,00
QUERÊNCIA DO NORTE;412100001A;PR;Centro;-23,085982;-53,482169;2025-03-02 19:20:00.0;0,00
QUERÊNCIA DO NORTE;412100001A;PR;Centro;-23,085982;-53,482169;2025-03-02 20:20:00.0;0,00
QUERÊNCIA DO NORTE;412100001A;PR;Centro;-23,085982;-53,482169;2025-03-02 21:20:00.0;0,00
QUERÊNCIA DO NORTE;412100001A;PR;Centro;-23,085982;-53,482169;2025-03-02 22:20:00.0;0,00
QUERÊNCIA DO NORTE;412100001A;PR;Centro;-23,085982;-53,482169;2025-03-02 23:20:00.0;0,00
QUERÊNCIA DO NORTE;412100001A;PR;Centro;-23,085982;-53,482169;2025-03-03 00:20:00.0;0,00
QUERÊNCIA DO NORTE;412100001A;PR;Centro;-23,085982;-53,482169;2025-03-03 01:20:00.0;0,00
QUERÊNCIA DO NORTE;412100001A;PR;Centro;-23,085982;-53,482169;2025-03-03 02:20:00.0;0,00
QUERÊNCIA DO NORTE;412100001A;PR;Centro;-23,085982;-53,482169;2025-03-03 03:20:00.0;0,00
QUERÊNCIA DO NORTE;412100001A;PR;Centro;-23,085982;-53,482169;2025-03-03 04:20:00.0;0,00
QUERÊNCIA DO NORTE;412100001A;PR;Centro;-23,085982;-53,482169;2025-03-03 05:20:00.0;0,00
QUERÊNCIA DO NORTE;412100001A;PR;Centro;-23,085982;-53,482169;2025-03-03 06:20:00.0;0,00
QUERÊNCIA DO NORTE;412100001A;PR;Centro;-23,085982;-53,482169;2025-03-03 07:20:00.0;0,00
QUERÊNCIA DO NORTE;412100001A;PR;Centro;-23,085982;-53,482169;2025-03-03 08:20:00.0;0,00
QUERÊNCIA DO NORTE;412100001A;PR;Centro;-23,085982;-53,482169;2025-03-03 09:20:00.0;0,00
QUERÊNCIA DO NORTE;412100001A;PR;Centro;-23,085982;-53,482169;2025-03-03 10:20:00.0;0,00
QUERÊNCIA DO NORTE;412100001A;PR;Centro;-23,085982;-53,482169;2025-03-03 11:20:00.0;0,00
QUERÊNCIA DO NORTE;412100001A;PR;Centro;-23,085982;-53,482169;2025-03-03 12:20:00.0;0,00
QUERÊNCIA DO NORTE;412100001A;PR;Centro;-23,085982;-53,482169;2025-03-03 13:20:00.0;0,00
QUERÊNCIA DO NORTE;412100001A;PR;Centro;-23,085982;-53,482169;2025-03-03 14:20:00.0;0,00
QUERÊNCIA DO NORTE;412100001A;PR;Centro;-23,085982;-53,482169;2025-03-03 15:20:00.0;0,00
QUERÊNCIA DO NORTE;412100001A;PR;Centro;-23,085982;-53,482169;2025-03-03 16:20:00.0;0,00
QUERÊNCIA DO NORTE;412100001A;PR;Centro;-23,085982;-53,482169;2025-03-03 17:20:00.0;0,00
QUERÊNCIA DO NORTE;412100001A;PR;Centro;-23,085982;-53,482169;2025-03-03 18:20:00.0;0,00
QUERÊNCIA DO NORTE;412100001A;PR;Centro;-23,085982;-53,482169;2025-03-03 19:20:00.0;0,00
QUERÊNCIA DO NORTE;412100001A;PR;Centro;-23,085982;-53,482169;2025-03-03 20:20:00.0;0,00
QUERÊNCIA DO NORTE;412100001A;PR;Centro;-23,085982;-53,482169;2025-03-03 21:20:00.0;0,00
QUERÊNCIA DO NORTE;412100001A;PR;Centro;-23,085982;-53,482169;2025-03-03 22:20:00.0;0,00
QUERÊNCIA DO NORTE;412100001A;PR;Centro;-23,085982;-53,482169;2025-03-03 23:20:00.0;0,00
QUERÊNCIA DO NORTE;412100001A;PR;Centro;-23,085982;-53,482169;2025-03-03 23:30:00.0;4,40
QUERÊNCIA DO NORTE;412100001A;PR;Centro;-23,085982;-53,482169;2025-03-03 23:40:00.0;6,00
QUERÊNCIA DO NORTE;412100001A;PR;Centro;-23,085982;-53,482169;2025-03-04 00:20:00.0;0,20
QUERÊNCIA DO NORTE;412100001A;PR;Centro;-23,085982;-53,482169;2025-03-04 00:30:00.0;0,80
QUERÊNCIA DO NORTE;412100001A;PR;Centro;-23,085982;-53,482169;2025-03-04 01:20:00.0;0,00
QUERÊNCIA DO NORTE;412100001A;PR;Centro;-23,085982;-53,482169;2025-03-04 02:20:00.0;0,00
QUERÊNCIA DO NORTE;412100001A;PR;Centro;-23,085982;-53,482169;2025-03-04 03:20:00.0;0,00
QUERÊNCIA DO NORTE;412100001A;PR;Centro;-23,085982;-53,482169;2025-03-04 04:20:00.0;0,00
QUERÊNCIA DO NORTE;412100001A;PR;Centro;-23,085982;-53,482169;2025-03-04 05:20:00.0;0,00
QUERÊNCIA DO NORTE;412100001A;PR;Centro;-23,085982;-53,482169;2025-03-04 06:20:00.0;0,00
QUERÊNCIA DO NORTE;412100001A;PR;Centro;-23,085982;-53,482169;2025-03-04 07:20:00.0;0,00
QUERÊNCIA DO NORTE;412100001A;PR;Centro;-23,085982;-53,482169;2025-03-04 08:20:00.0;0,00
QUERÊNCIA DO NORTE;412100001A;PR;Centro;-23,085982;-53,482169;2025-03-04 09:20:00.0;0,00
QUERÊNCIA DO NORTE;412100001A;PR;Centro;-23,085982;-53,482169;2025-03-04 10:20:00.0;0,00
QUERÊNCIA DO NORTE;412100001A;PR;Centro;-23,085982;-53,482169;2025-03-04 11:20:00.0;0,00
QUERÊNCIA DO NORTE;412100001A;PR;Centro;-23,085982;-53,482169;2025-03-04 12:20:00.0;0,00
QUERÊNCIA DO NORTE;412100001A;PR;Centro;-23,085982;-53,482169;2025-03-04 14:20:00.0;0,00
QUERÊNCIA DO NORTE;412100001A;PR;Centro;-23,085982;-53,482169;2025-03-04 15:20:00.0;0,00
QUERÊNCIA DO NORTE;412100001A;PR;Centro;-23,085982;-53,482169;2025-03-04 16:20:00.0;0,00
QUERÊNCIA DO NORTE;412100001A;PR;Centro;-23,085982;-53,482169;2025-03-04 17:20:00.0;0,00
QUERÊNCIA DO NORTE;412100001A;PR;Centro;-23,085982;-53,482169;2025-03-04 18:20:00.0;0,00
QUERÊNCIA DO NORTE;412100001A;PR;Centro;-23,085982;-53,482169;2025-03-04 19:20:00.0;0,00
QUERÊNCIA DO NORTE;412100001A;PR;Centro;-23,085982;-53,482169;2025-03-04 20:20:00.0;0,00
QUERÊNCIA DO NORTE;412100001A;PR;Centro;-23,085982;-53,482169;2025-03-04 21:20:00.0;0,00
QUERÊNCIA DO NORTE;412100001A;PR;Centro;-23,085982;-53,482169;2025-03-04 22:20:00.0;0,00
QUERÊNCIA DO NORTE;412100001A;PR;Centro;-23,085982;-53,482169;2025-03-04 23:20:00.0;0,00
QUERÊNCIA DO NORTE;412100001A;PR;Centro;-23,085982;-53,482169;2025-03-05 00:20:00.0;0,00
QUERÊNCIA DO NORTE;412100001A;PR;Centro;-23,085982;-53,482169;2025-03-05 01:20:00.0;0,00
QUERÊNCIA DO NORTE;412100001A;PR;Centro;-23,085982;-53,482169;2025-03-05 02:20:00.0;0,00
QUERÊNCIA DO NORTE;412100001A;PR;Centro;-23,085982;-53,482169;2025-03-05 03:20:00.0;0,00
QUERÊNCIA DO NORTE;412100001A;PR;Centro;-23,085982;-53,482169;2025-03-05 04:20:00.0;0,00
QUERÊNCIA DO NORTE;412100001A;PR;Centro;-23,085982;-53,482169;2025-03-05 05:20:00.0;0,60
QUERÊNCIA DO NORTE;412100001A;PR;Centro;-23,085982;-53,482169;2025-03-05 05:30:00.0;3,60
QUERÊNCIA DO NORTE;412100001A;PR;Centro;-23,085982;-53,482169;2025-03-05 05:40:00.0;0,20
QUERÊNCIA DO NORTE;412100001A;PR;Centro;-23,085982;-53,482169;2025-03-05 06:20:00.0;0,00
QUERÊNCIA DO NORTE;412100001A;PR;Centro;-23,085982;-53,482169;2025-03-05 07:20:00.0;0,00
QUERÊNCIA DO NORTE;412100001A;PR;Centro;-23,085982;-53,482169;2025-03-05 08:20:00.0;0,00
QUERÊNCIA DO NORTE;412100001A;PR;Centro;-23,085982;-53,482169;2025-03-05 09:20:00.0;0,00
QUERÊNCIA DO NORTE;412100001A;PR;Centro;-23,085982;-53,482169;2025-03-05 10:20:00.0;0,00
QUERÊNCIA DO NORTE;412100001A;PR;Centro;-23,085982;-53,482169;2025-03-05 11:20:00.0;0,00
QUERÊNCIA DO NORTE;412100001A;PR;Centro;-23,085982;-53,482169;2025-03-05 12:20:00.0;0,00
QUERÊNCIA DO NORTE;412100001A;PR;Centro;-23,085982;-53,482169;2025-03-05 13:20:00.0;0,00
QUERÊNCIA DO NORTE;412100001A;PR;Centro;-23,085982;-53,482169;2025-03-05 14:20:00.0;0,00
QUERÊNCIA DO NORTE;412100001A;PR;Centro;-23,085982;-53,482169;2025-03-05 15:20:00.0;0,00
QUERÊNCIA DO NORTE;412100001A;PR;Centro;-23,085982;-53,482169;2025-03-05 16:20:00.0;0,00
QUERÊNCIA DO NORTE;412100001A;PR;Centro;-23,085982;-53,482169;2025-03-05 17:20:00.0;0,00
QUERÊNCIA DO NORTE;412100001A;PR;Centro;-23,085982;-53,482169;2025-03-05 18:20:00.0;0,00
QUERÊNCIA DO NORTE;412100001A;PR;Centro;-23,085982;-53,482169;2025-03-05 19:20:00.0;0,00
QUERÊNCIA DO NORTE;412100001A;PR;Centro;-23,085982;-53,482169;2025-03-05 20:20:00.0;0,00
QUERÊNCIA DO NORTE;412100001A;PR;Centro;-23,085982;-53,482169;2025-03-05 21:20:00.0;0,00
QUERÊNCIA DO NORTE;412100001A;PR;Centro;-23,085982;-53,482169;2025-03-05 22:20:00.0;0,00
QUERÊNCIA DO NORTE;412100001A;PR;Centro;-23,085982;-53,482169;2025-03-05 23:20:00.0;0,00
QUERÊNCIA DO NORTE;412100001A;PR;Centro;-23,085982;-53,482169;2025-03-06 00:20:00.0;0,00
QUERÊNCIA DO NORTE;412100001A;PR;Centro;-23,085982;-53,482169;2025-03-06 01:20:00.0;0,00
QUERÊNCIA DO NORTE;412100001A;PR;Centro;-23,085982;-53,482169;2025-03-06 02:20:00.0;0,00
QUERÊNCIA DO NORTE;412100001A;PR;Centro;-23,085982;-53,482169;2025-03-06 03:20:00.0;0,00
QUERÊNCIA DO NORTE;412100001A;PR;Centro;-23,085982;-53,482169;2025-03-06 04:20:00.0;0,00
QUERÊNCIA DO NORTE;412100001A;PR;Centro;-23,085982;-53,482169;2025-03-06 05:20:00.0;0,00
QUERÊNCIA DO NORTE;412100001A;PR;Centro;-23,085982;-53,482169;2025-03-06 06:20:00.0;0,00
QUERÊNCIA DO NORTE;412100001A;PR;Centro;-23,085982;-53,482169;2025-03-06 07:20:00.0;0,00
QUERÊNCIA DO NORTE;412100001A;PR;Centro;-23,085982;-53,482169;2025-03-06 08:20:00.0;0,00
QUERÊNCIA DO NORTE;412100001A;PR;Centro;-23,085982;-53,482169;2025-03-06 09:20:00.0;0,00
QUERÊNCIA DO NORTE;412100001A;PR;Centro;-23,085982;-53,482169;2025-03-06 10:20:00.0;0,00
QUERÊNCIA DO NORTE;412100001A;PR;Centro;-23,085982;-53,482169;2025-03-06 11:20:00.0;0,00
QUERÊNCIA DO NORTE;412100001A;PR;Centro;-23,085982;-53,482169;2025-03-06 12:20:00.0;0,00
QUERÊNCIA DO NORTE;412100001A;PR;Centro;-23,085982;-53,482169;2025-03-06 13:20:00.0;0,00
QUERÊNCIA DO NORTE;412100001A;PR;Centro;-23,085982;-53,482169;2025-03-06 14:20:00.0;0,00
QUERÊNCIA DO NORTE;412100001A;PR;Centro;-23,085982;-53,482169;2025-03-06 15:20:00.0;0,00
QUERÊNCIA DO NORTE;412100001A;PR;Centro;-23,085982;-53,482169;2025-03-06 16:20:00.0;0,00
QUERÊNCIA DO NORTE;412100001A;PR;Centro;-23,085982;-53,482169;2025-03-06 17:20:00.0;0,00
QUERÊNCIA DO NORTE;412100001A;PR;Centro;-23,085982;-53,482169;2025-03-06 18:20:00.0;0,00
QUERÊNCIA DO NORTE;412100001A;PR;Centro;-23,085982;-53,482169;2025-03-06 19:20:00.0;0,00
QUERÊNCIA DO NORTE;412100001A;PR;Centro;-23,085982;-53,482169;2025-03-06 20:20:00.0;0,00
QUERÊNCIA DO NORTE;412100001A;PR;Centro;-23,085982;-53,482169;2025-03-06 21:20:00.0;0,00
QUERÊNCIA DO NORTE;412100001A;PR;Centro;-23,085982;-53,482169;2025-03-06 22:20:00.0;0,00
QUERÊNCIA DO NORTE;412100001A;PR;Centro;-23,085982;-53,482169;2025-03-06 23:20:00.0;0,00
QUERÊNCIA DO NORTE;412100001A;PR;Centro;-23,085982;-53,482169;2025-03-07 00:20:00.0;0,00
QUERÊNCIA DO NORTE;412100001A;PR;Centro;-23,085982;-53,482169;2025-03-07 01:20:00.0;0,00
QUERÊNCIA DO NORTE;412100001A;PR;Centro;-23,085982;-53,482169;2025-03-07 02:20:00.0;0,00
QUERÊNCIA DO NORTE;412100001A;PR;Centro;-23,085982;-53,482169;2025-03-07 03:20:00.0;0,00
QUERÊNCIA DO NORTE;412100001A;PR;Centro;-23,085982;-53,482169;2025-03-07 04:20:00.0;0,00
QUERÊNCIA DO NORTE;412100001A;PR;Centro;-23,085982;-53,482169;2025-03-07 05:20:00.0;0,00
QUERÊNCIA DO NORTE;412100001A;PR;Centro;-23,085982;-53,482169;2025-03-07 06:20:00.0;0,00
QUERÊNCIA DO NORTE;412100001A;PR;Centro;-23,085982;-53,482169;2025-03-07 07:20:00.0;0,00
QUERÊNCIA DO NORTE;412100001A;PR;Centro;-23,085982;-53,482169;2025-03-07 08:20:00.0;0,00
QUERÊNCIA DO NORTE;412100001A;PR;Centro;-23,085982;-53,482169;2025-03-07 09:20:00.0;0,00
QUERÊNCIA DO NORTE;412100001A;PR;Centro;-23,085982;-53,482169;2025-03-07 10:20:00.0;0,00
QUERÊNCIA DO NORTE;412100001A;PR;Centro;-23,085982;-53,482169;2025-03-07 11:20:00.0;0,00
QUERÊNCIA DO NORTE;412100001A;PR;Centro;-23,085982;-53,482169;2025-03-07 12:20:00.0;0,00
QUERÊNCIA DO NORTE;412100001A;PR;Centro;-23,085982;-53,482169;2025-03-07 13:20:00.0;0,00
QUERÊNCIA DO NORTE;412100001A;PR;Centro;-23,085982;-53,482169;2025-03-07 14:20:00.0;0,00
QUERÊNCIA DO NORTE;412100001A;PR;Centro;-23,085982;-53,482169;2025-03-07 15:20:00.0;0,00
QUERÊNCIA DO NORTE;412100001A;PR;Centro;-23,085982;-53,482169;2025-03-07 16:20:00.0;0,00
QUERÊNCIA DO NORTE;412100001A;PR;Centro;-23,085982;-53,482169;2025-03-07 17:20:00.0;0,00
QUERÊNCIA DO NORTE;412100001A;PR;Centro;-23,085982;-53,482169;2025-03-07 18:20:00.0;0,00
QUERÊNCIA DO NORTE;412100001A;PR;Centro;-23,085982;-53,482169;2025-03-07 19:20:00.0;0,00
QUERÊNCIA DO NORTE;412100001A;PR;Centro;-23,085982;-53,482169;2025-03-07 20:20:00.0;0,00
QUERÊNCIA DO NORTE;412100001A;PR;Centro;-23,085982;-53,482169;2025-03-07 21:20:00.0;0,00
QUERÊNCIA DO NORTE;412100001A;PR;Centro;-23,085982;-53,482169;2025-03-07 22:20:00.0;0,00
QUERÊNCIA DO NORTE;412100001A;PR;Centro;-23,085982;-53,482169;2025-03-07 23:20:00.0;0,00
QUERÊNCIA DO NORTE;412100001A;PR;Centro;-23,085982;-53,482169;2025-03-08 00:20:00.0;0,00
QUERÊNCIA DO NORTE;412100001A;PR;Centro;-23,085982;-53,482169;2025-03-08 01:20:00.0;0,00
QUERÊNCIA DO NORTE;412100001A;PR;Centro;-23,085982;-53,482169;2025-03-08 02:20:00.0;0,00
QUERÊNCIA DO NORTE;412100001A;PR;Centro;-23,085982;-53,482169;2025-03-08 03:20:00.0;0,00
QUERÊNCIA DO NORTE;412100001A;PR;Centro;-23,085982;-53,482169;2025-03-08 04:20:00.0;0,00
QUERÊNCIA DO NORTE;412100001A;PR;Centro;-23,085982;-53,482169;2025-03-08 05:20:00.0;0,00
QUERÊNCIA DO NORTE;412100001A;PR;Centro;-23,085982;-53,482169;2025-03-08 06:20:00.0;0,00
QUERÊNCIA DO NORTE;412100001A;PR;Centro;-23,085982;-53,482169;2025-03-08 07:20:00.0;0,00
QUERÊNCIA DO NORTE;412100001A;PR;Centro;-23,085982;-53,482169;2025-03-08 08:20:00.0;0,00
QUERÊNCIA DO NORTE;412100001A;PR;Centro;-23,085982;-53,482169;2025-03-08 09:20:00.0;0,00
QUERÊNCIA DO NORTE;412100001A;PR;Centro;-23,085982;-53,482169;2025-03-08 10:20:00.0;0,00
QUERÊNCIA DO NORTE;412100001A;PR;Centro;-23,085982;-53,482169;2025-03-08 11:20:00.0;0,00
QUERÊNCIA DO NORTE;412100001A;PR;Centro;-23,085982;-53,482169;2025-03-08 12:20:00.0;0,00
QUERÊNCIA DO NORTE;412100001A;PR;Centro;-23,085982;-53,482169;2025-03-08 13:20:00.0;0,00
QUERÊNCIA DO NORTE;412100001A;PR;Centro;-23,085982;-53,482169;2025-03-08 14:20:00.0;0,00
QUERÊNCIA DO NORTE;412100001A;PR;Centro;-23,085982;-53,482169;2025-03-08 15:20:00.0;0,00
QUERÊNCIA DO NORTE;412100001A;PR;Centro;-23,085982;-53,482169;2025-03-08 16:20:00.0;0,00
QUERÊNCIA DO NORTE;412100001A;PR;Centro;-23,085982;-53,482169;2025-03-08 17:20:00.0;0,00
QUERÊNCIA DO NORTE;412100001A;PR;Centro;-23,085982;-53,482169;2025-03-08 18:20:00.0;0,00
QUERÊNCIA DO NORTE;412100001A;PR;Centro;-23,085982;-53,482169;2025-03-08 19:20:00.0;0,00
QUERÊNCIA DO NORTE;412100001A;PR;Centro;-23,085982;-53,482169;2025-03-08 20:20:00.0;0,00
QUERÊNCIA DO NORTE;412100001A;PR;Centro;-23,085982;-53,482169;2025-03-08 21:20:00.0;0,00
QUERÊNCIA DO NORTE;412100001A;PR;Centro;-23,085982;-53,482169;2025-03-08 22:20:00.0;0,00
QUERÊNCIA DO NORTE;412100001A;PR;Centro;-23,085982;-53,482169;2025-03-08 23:20:00.0;0,00
QUERÊNCIA DO NORTE;412100001A;PR;Centro;-23,085982;-53,482169;2025-03-09 00:20:00.0;0,00
QUERÊNCIA DO NORTE;412100001A;PR;Centro;-23,085982;-53,482169;2025-03-09 01:20:00.0;0,00
QUERÊNCIA DO NORTE;412100001A;PR;Centro;-23,085982;-53,482169;2025-03-09 02:20:00.0;0,00
QUERÊNCIA DO NORTE;412100001A;PR;Centro;-23,085982;-53,482169;2025-03-09 03:20:00.0;0,00
QUERÊNCIA DO NORTE;412100001A;PR;Centro;-23,085982;-53,482169;2025-03-09 04:20:00.0;0,00
QUERÊNCIA DO NORTE;412100001A;PR;Centro;-23,085982;-53,482169;2025-03-09 05:20:00.0;0,00
QUERÊNCIA DO NORTE;412100001A;PR;Centro;-23,085982;-53,482169;2025-03-09 06:20:00.0;0,00
QUERÊNCIA DO NORTE;412100001A;PR;Centro;-23,085982;-53,482169;2025-03-09 07:20:00.0;0,00
QUERÊNCIA DO NORTE;412100001A;PR;Centro;-23,085982;-53,482169;2025-03-09 08:20:00.0;0,00
QUERÊNCIA DO NORTE;412100001A;PR;Centro;-23,085982;-53,482169;2025-03-09 09:20:00.0;0,00
QUERÊNCIA DO NORTE;412100001A;PR;Centro;-23,085982;-53,482169;2025-03-09 10:20:00.0;0,00
QUERÊNCIA DO NORTE;412100001A;PR;Centro;-23,085982;-53,482169;2025-03-09 11:20:00.0;0,00
QUERÊNCIA DO NORTE;412100001A;PR;Centro;-23,085982;-53,482169;2025-03-09 12:20:00.0;0,00
QUERÊNCIA DO NORTE;412100001A;PR;Centro;-23,085982;-53,482169;2025-03-09 13:20:00.0;0,00
QUERÊNCIA DO NORTE;412100001A;PR;Centro;-23,085982;-53,482169;2025-03-09 14:20:00.0;0,00
QUERÊNCIA DO NORTE;412100001A;PR;Centro;-23,085982;-53,482169;2025-03-09 15:20:00.0;0,00
QUERÊNCIA DO NORTE;412100001A;PR;Centro;-23,085982;-53,482169;2025-03-09 16:20:00.0;0,00
QUERÊNCIA DO NORTE;412100001A;PR;Centro;-23,085982;-53,482169;2025-03-09 17:20:00.0;0,00
QUERÊNCIA DO NORTE;412100001A;PR;Centro;-23,085982;-53,482169;2025-03-09 18:20:00.0;0,00
QUERÊNCIA DO NORTE;412100001A;PR;Centro;-23,085982;-53,482169;2025-03-09 19:20:00.0;0,00
QUERÊNCIA DO NORTE;412100001A;PR;Centro;-23,085982;-53,482169;2025-03-09 20:20:00.0;0,00
QUERÊNCIA DO NORTE;412100001A;PR;Centro;-23,085982;-53,482169;2025-03-09 21:20:00.0;0,00
QUERÊNCIA DO NORTE;412100001A;PR;Centro;-23,085982;-53,482169;2025-03-09 22:20:00.0;0,00
QUERÊNCIA DO NORTE;412100001A;PR;Centro;-23,085982;-53,482169;2025-03-09 23:20:00.0;0,00
QUERÊNCIA DO NORTE;412100001A;PR;Centro;-23,085982;-53,482169;2025-03-10 00:20:00.0;0,00
QUERÊNCIA DO NORTE;412100001A;PR;Centro;-23,085982;-53,482169;2025-03-10 01:20:00.0;0,00
QUERÊNCIA DO NORTE;412100001A;PR;Centro;-23,085982;-53,482169;2025-03-10 02:20:00.0;0,00
QUERÊNCIA DO NORTE;412100001A;PR;Centro;-23,085982;-53,482169;2025-03-10 03:20:00.0;0,00
QUERÊNCIA DO NORTE;412100001A;PR;Centro;-23,085982;-53,482169;2025-03-10 04:20:00.0;0,00
QUERÊNCIA DO NORTE;412100001A;PR;Centro;-23,085982;-53,482169;2025-03-10 05:20:00.0;0,00
QUERÊNCIA DO NORTE;412100001A;PR;Centro;-23,085982;-53,482169;2025-03-10 06:20:00.0;0,00
QUERÊNCIA DO NORTE;412100001A;PR;Centro;-23,085982;-53,482169;2025-03-10 07:20:00.0;0,00
QUERÊNCIA DO NORTE;412100001A;PR;Centro;-23,085982;-53,482169;2025-03-10 08:20:00.0;0,00
QUERÊNCIA DO NORTE;412100001A;PR;Centro;-23,085982;-53,482169;2025-03-10 09:20:00.0;0,00
QUERÊNCIA DO NORTE;412100001A;PR;Centro;-23,085982;-53,482169;2025-03-10 10:20:00.0;0,00
QUERÊNCIA DO NORTE;412100001A;PR;Centro;-23,085982;-53,482169;2025-03-10 11:20:00.0;0,00
QUERÊNCIA DO NORTE;412100001A;PR;Centro;-23,085982;-53,482169;2025-03-10 12:20:00.0;0,00
QUERÊNCIA DO NORTE;412100001A;PR;Centro;-23,085982;-53,482169;2025-03-10 13:20:00.0;0,00
QUERÊNCIA DO NORTE;412100001A;PR;Centro;-23,085982;-53,482169;2025-03-10 14:20:00.0;0,00
QUERÊNCIA DO NORTE;412100001A;PR;Centro;-23,085982;-53,482169;2025-03-10 15:20:00.0;0,00
QUERÊNCIA DO NORTE;412100001A;PR;Centro;-23,085982;-53,482169;2025-03-10 16:20:00.0;0,00
QUERÊNCIA DO NORTE;412100001A;PR;Centro;-23,085982;-53,482169;2025-03-10 17:20:00.0;0,00
QUERÊNCIA DO NORTE;412100001A;PR;Centro;-23,085982;-53,482169;2025-03-10 18:20:00.0;0,00
QUERÊNCIA DO NORTE;412100001A;PR;Centro;-23,085982;-53,482169;2025-03-10 19:20:00.0;0,00
QUERÊNCIA DO NORTE;412100001A;PR;Centro;-23,085982;-53,482169;2025-03-10 20:20:00.0;0,00
QUERÊNCIA DO NORTE;412100001A;PR;Centro;-23,085982;-53,482169;2025-03-10 21:20:00.0;0,00
QUERÊNCIA DO NORTE;412100001A;PR;Centro;-23,085982;-53,482169;2025-03-10 22:20:00.0;0,00
QUERÊNCIA DO NORTE;412100001A;PR;Centro;-23,085982;-53,482169;2025-03-10 23:20:00.0;0,00
QUERÊNCIA DO NORTE;412100001A;PR;Centro;-23,085982;-53,482169;2025-03-11 00:20:00.0;0,00
QUERÊNCIA DO NORTE;412100001A;PR;Centro;-23,085982;-53,482169;2025-03-11 01:20:00.0;0,00
QUERÊNCIA DO NORTE;412100001A;PR;Centro;-23,085982;-53,482169;2025-03-11 02:20:00.0;0,00
QUERÊNCIA DO NORTE;412100001A;PR;Centro;-23,085982;-53,482169;2025-03-11 03:20:00.0;0,00
QUERÊNCIA DO NORTE;412100001A;PR;Centro;-23,085982;-53,482169;2025-03-11 04:20:00.0;0,00
QUERÊNCIA DO NORTE;412100001A;PR;Centro;-23,085982;-53,482169;2025-03-11 05:20:00.0;0,00
QUERÊNCIA DO NORTE;412100001A;PR;Centro;-23,085982;-53,482169;2025-03-11 06:20:00.0;1,80
QUERÊNCIA DO NORTE;412100001A;PR;Centro;-23,085982;-53,482169;2025-03-11 06:30:00.0;0,80
QUERÊNCIA DO NORTE;412100001A;PR;Centro;-23,085982;-53,482169;2025-03-11 07:20:00.0;0,00
QUERÊNCIA DO NORTE;412100001A;PR;Centro;-23,085982;-53,482169;2025-03-11 08:20:00.0;0,00
QUERÊNCIA DO NORTE;412100001A;PR;Centro;-23,085982;-53,482169;2025-03-11 09:20:00.0;0,00
QUERÊNCIA DO NORTE;412100001A;PR;Centro;-23,085982;-53,482169;2025-03-11 10:20:00.0;0,00
QUERÊNCIA DO NORTE;412100001A;PR;Centro;-23,085982;-53,482169;2025-03-11 11:20:00.0;0,00
QUERÊNCIA DO NORTE;412100001A;PR;Centro;-23,085982;-53,482169;2025-03-11 12:20:00.0;0,00
QUERÊNCIA DO NORTE;412100001A;PR;Centro;-23,085982;-53,482169;2025-03-11 13:20:00.0;0,00
QUERÊNCIA DO NORTE;412100001A;PR;Centro;-23,085982;-53,482169;2025-03-11 14:20:00.0;0,00
QUERÊNCIA DO NORTE;412100001A;PR;Centro;-23,085982;-53,482169;2025-03-11 15:20:00.0;0,00
QUERÊNCIA DO NORTE;412100001A;PR;Centro;-23,085982;-53,482169;2025-03-11 16:20:00.0;0,00
QUERÊNCIA DO NORTE;412100001A;PR;Centro;-23,085982;-53,482169;2025-03-11 16:30:00.0;0,20
QUERÊNCIA DO NORTE;412100001A;PR;Centro;-23,085982;-53,482169;2025-03-11 17:20:00.0;0,00
QUERÊNCIA DO NORTE;412100001A;PR;Centro;-23,085982;-53,482169;2025-03-11 17:40:00.0;14,40
QUERÊNCIA DO NORTE;412100001A;PR;Centro;-23,085982;-53,482169;2025-03-11 17:50:00.0;26,40
QUERÊNCIA DO NORTE;412100001A;PR;Centro;-23,085982;-53,482169;2025-03-11 18:00:00.0;18,40
QUERÊNCIA DO NORTE;412100001A;PR;Centro;-23,085982;-53,482169;2025-03-11 18:10:00.0;11,00
QUERÊNCIA DO NORTE;412100001A;PR;Centro;-23,085982;-53,482169;2025-03-11 18:20:00.0;3,80
QUERÊNCIA DO NORTE;412100001A;PR;Centro;-23,085982;-53,482169;2025-03-11 18:30:00.0;4,80
QUERÊNCIA DO NORTE;412100001A;PR;Centro;-23,085982;-53,482169;2025-03-11 18:40:00.0;5,80
QUERÊNCIA DO NORTE;412100001A;PR;Centro;-23,085982;-53,482169;2025-03-11 18:50:00.0;0,20
QUERÊNCIA DO NORTE;412100001A;PR;Centro;-23,085982;-53,482169;2025-03-11 19:20:00.0;0,60
QUERÊNCIA DO NORTE;412100001A;PR;Centro;-23,085982;-53,482169;2025-03-11 19:30:00.0;0,40
QUERÊNCIA DO NORTE;412100001A;PR;Centro;-23,085982;-53,482169;2025-03-11 19:40:00.0;0,80
QUERÊNCIA DO NORTE;412100001A;PR;Centro;-23,085982;-53,482169;2025-03-11 19:50:00.0;0,80
QUERÊNCIA DO NORTE;412100001A;PR;Centro;-23,085982;-53,482169;2025-03-11 20:00:00.0;0,40
QUERÊNCIA DO NORTE;412100001A;PR;Centro;-23,085982;-53,482169;2025-03-11 20:10:00.0;0,80
QUERÊNCIA DO NORTE;412100001A;PR;Centro;-23,085982;-53,482169;2025-03-11 20:20:00.0;1,40
QUERÊNCIA DO NORTE;412100001A;PR;Centro;-23,085982;-53,482169;2025-03-11 20:30:00.0;0,80
QUERÊNCIA DO NORTE;412100001A;PR;Centro;-23,085982;-53,482169;2025-03-11 20:40:00.0;1,80
QUERÊNCIA DO NORTE;412100001A;PR;Centro;-23,085982;-53,482169;2025-03-11 20:50:00.0;1,20
QUERÊNCIA DO NORTE;412100001A;PR;Centro;-23,085982;-53,482169;2025-03-11 21:00:00.0;1,00
QUERÊNCIA DO NORTE;412100001A;PR;Centro;-23,085982;-53,482169;2025-03-11 21:10:00.0;1,00
QUERÊNCIA DO NORTE;412100001A;PR;Centro;-23,085982;-53,482169;2025-03-11 21:20:00.0;0,80
QUERÊNCIA DO NORTE;412100001A;PR;Centro;-23,085982;-53,482169;2025-03-11 21:30:00.0;0,80
QUERÊNCIA DO NORTE;412100001A;PR;Centro;-23,085982;-53,482169;2025-03-11 21:40:00.0;0,80
QUERÊNCIA DO NORTE;412100001A;PR;Centro;-23,085982;-53,482169;2025-03-11 21:50:00.0;0,60
QUERÊNCIA DO NORTE;412100001A;PR;Centro;-23,085982;-53,482169;2025-03-11 22:00:00.0;1,00
QUERÊNCIA DO NORTE;412100001A;PR;Centro;-23,085982;-53,482169;2025-03-11 22:10:00.0;0,80
QUERÊNCIA DO NORTE;412100001A;PR;Centro;-23,085982;-53,482169;2025-03-11 22:20:00.0;0,40
QUERÊNCIA DO NORTE;412100001A;PR;Centro;-23,085982;-53,482169;2025-03-11 22:30:00.0;0,80
QUERÊNCIA DO NORTE;412100001A;PR;Centro;-23,085982;-53,482169;2025-03-11 22:40:00.0;0,60
QUERÊNCIA DO NORTE;412100001A;PR;Centro;-23,085982;-53,482169;2025-03-11 22:50:00.0;0,60
QUERÊNCIA DO NORTE;412100001A;PR;Centro;-23,085982;-53,482169;2025-03-11 23:00:00.0;0,40
QUERÊNCIA DO NORTE;412100001A;PR;Centro;-23,085982;-53,482169;2025-03-11 23:10:00.0;0,20
QUERÊNCIA DO NORTE;412100001A;PR;Centro;-23,085982;-53,482169;2025-03-11 23:20:00.0;0,00
QUERÊNCIA DO NORTE;412100001A;PR;Centro;-23,085982;-53,482169;2025-03-11 23:30:00.0;0,20
QUERÊNCIA DO NORTE;412100001A;PR;Centro;-23,085982;-53,482169;2025-03-12 00:20:00.0;0,00
QUERÊNCIA DO NORTE;412100001A;PR;Centro;-23,085982;-53,482169;2025-03-12 01:20:00.0;0,00
QUERÊNCIA DO NORTE;412100001A;PR;Centro;-23,085982;-53,482169;2025-03-12 02:20:00.0;0,00
QUERÊNCIA DO NORTE;412100001A;PR;Centro;-23,085982;-53,482169;2025-03-12 03:20:00.0;0,00
QUERÊNCIA DO NORTE;412100001A;PR;Centro;-23,085982;-53,482169;2025-03-12 04:20:00.0;0,00
QUERÊNCIA DO NORTE;412100001A;PR;Centro;-23,085982;-53,482169;2025-03-12 05:20:00.0;0,00
QUERÊNCIA DO NORTE;412100001A;PR;Centro;-23,085982;-53,482169;2025-03-12 06:10:00.0;0,40
QUERÊNCIA DO NORTE;412100001A;PR;Centro;-23,085982;-53,482169;2025-03-12 06:20:00.0;0,00
QUERÊNCIA DO NORTE;412100001A;PR;Centro;-23,085982;-53,482169;2025-03-12 07:20:00.0;0,00
QUERÊNCIA DO NORTE;412100001A;PR;Centro;-23,085982;-53,482169;2025-03-12 08:20:00.0;0,00
QUERÊNCIA DO NORTE;412100001A;PR;Centro;-23,085982;-53,482169;2025-03-12 08:40:00.0;0,20
QUERÊNCIA DO NORTE;412100001A;PR;Centro;-23,085982;-53,482169;2025-03-12 09:20:00.0;0,00
QUERÊNCIA DO NORTE;412100001A;PR;Centro;-23,085982;-53,482169;2025-03-12 10:20:00.0;0,00
QUERÊNCIA DO NORTE;412100001A;PR;Centro;-23,085982;-53,482169;2025-03-12 11:20:00.0;0,00
QUERÊNCIA DO NORTE;412100001A;PR;Centro;-23,085982;-53,482169;2025-03-12 12:20:00.0;0,00
QUERÊNCIA DO NORTE;412100001A;PR;Centro;-23,085982;-53,482169;2025-03-12 13:20:00.0;0,00
QUERÊNCIA DO NORTE;412100001A;PR;Centro;-23,085982;-53,482169;2025-03-12 14:20:00.0;0,00
QUERÊNCIA DO NORTE;412100001A;PR;Centro;-23,085982;-53,482169;2025-03-12 15:20:00.0;0,00
QUERÊNCIA DO NORTE;412100001A;PR;Centro;-23,085982;-53,482169;2025-03-12 16:20:00.0;0,00
QUERÊNCIA DO NORTE;412100001A;PR;Centro;-23,085982;-53,482169;2025-03-12 17:20:00.0;0,00
QUERÊNCIA DO NORTE;412100001A;PR;Centro;-23,085982;-53,482169;2025-03-12 18:20:00.0;0,00
QUERÊNCIA DO NORTE;412100001A;PR;Centro;-23,085982;-53,482169;2025-03-12 19:20:00.0;0,00
QUERÊNCIA DO NORTE;412100001A;PR;Centro;-23,085982;-53,482169;2025-03-12 20:20:00.0;0,00
QUERÊNCIA DO NORTE;412100001A;PR;Centro;-23,085982;-53,482169;2025-03-12 21:20:00.0;0,00
QUERÊNCIA DO NORTE;412100001A;PR;Centro;-23,085982;-53,482169;2025-03-12 22:20:00.0;0,00
QUERÊNCIA DO NORTE;412100001A;PR;Centro;-23,085982;-53,482169;2025-03-12 23:20:00.0;0,00
QUERÊNCIA DO NORTE;412100001A;PR;Centro;-23,085982;-53,482169;2025-03-13 00:20:00.0;0,00
QUERÊNCIA DO NORTE;412100001A;PR;Centro;-23,085982;-53,482169;2025-03-13 01:20:00.0;0,00
QUERÊNCIA DO NORTE;412100001A;PR;Centro;-23,085982;-53,482169;2025-03-13 02:20:00.0;0,00
QUERÊNCIA DO NORTE;412100001A;PR;Centro;-23,085982;-53,482169;2025-03-13 03:20:00.0;0,00
QUERÊNCIA DO NORTE;412100001A;PR;Centro;-23,085982;-53,482169;2025-03-13 04:20:00.0;0,00
QUERÊNCIA DO NORTE;412100001A;PR;Centro;-23,085982;-53,482169;2025-03-13 05:20:00.0;0,00
QUERÊNCIA DO NORTE;412100001A;PR;Centro;-23,085982;-53,482169;2025-03-13 06:20:00.0;0,00
QUERÊNCIA DO NORTE;412100001A;PR;Centro;-23,085982;-53,482169;2025-03-13 07:20:00.0;0,00
QUERÊNCIA DO NORTE;412100001A;PR;Centro;-23,085982;-53,482169;2025-03-13 08:20:00.0;0,00
QUERÊNCIA DO NORTE;412100001A;PR;Centro;-23,085982;-53,482169;2025-03-13 09:20:00.0;0,00
QUERÊNCIA DO NORTE;412100001A;PR;Centro;-23,085982;-53,482169;2025-03-13 10:20:00.0;0,00
QUERÊNCIA DO NORTE;412100001A;PR;Centro;-23,085982;-53,482169;2025-03-13 11:20:00.0;0,00
QUERÊNCIA DO NORTE;412100001A;PR;Centro;-23,085982;-53,482169;2025-03-13 12:20:00.0;0,00
QUERÊNCIA DO NORTE;412100001A;PR;Centro;-23,085982;-53,482169;2025-03-13 13:20:00.0;0,00
QUERÊNCIA DO NORTE;412100001A;PR;Centro;-23,085982;-53,482169;2025-03-13 14:20:00.0;0,00
QUERÊNCIA DO NORTE;412100001A;PR;Centro;-23,085982;-53,482169;2025-03-13 15:20:00.0;0,00
QUERÊNCIA DO NORTE;412100001A;PR;Centro;-23,085982;-53,482169;2025-03-13 16:20:00.0;0,00
QUERÊNCIA DO NORTE;412100001A;PR;Centro;-23,085982;-53,482169;2025-03-13 17:20:00.0;0,00
QUERÊNCIA DO NORTE;412100001A;PR;Centro;-23,085982;-53,482169;2025-03-13 18:20:00.0;0,00
QUERÊNCIA DO NORTE;412100001A;PR;Centro;-23,085982;-53,482169;2025-03-13 19:20:00.0;0,00
QUERÊNCIA DO NORTE;412100001A;PR;Centro;-23,085982;-53,482169;2025-03-13 20:20:00.0;0,00
QUERÊNCIA DO NORTE;412100001A;PR;Centro;-23,085982;-53,482169;2025-03-13 21:20:00.0;0,00
QUERÊNCIA DO NORTE;412100001A;PR;Centro;-23,085982;-53,482169;2025-03-13 22:20:00.0;0,00
QUERÊNCIA DO NORTE;412100001A;PR;Centro;-23,085982;-53,482169;2025-03-13 23:20:00.0;0,00
QUERÊNCIA DO NORTE;412100001A;PR;Centro;-23,085982;-53,482169;2025-03-14 00:20:00.0;0,00
QUERÊNCIA DO NORTE;412100001A;PR;Centro;-23,085982;-53,482169;2025-03-14 01:20:00.0;0,00
QUERÊNCIA DO NORTE;412100001A;PR;Centro;-23,085982;-53,482169;2025-03-14 02:20:00.0;0,00
QUERÊNCIA DO NORTE;412100001A;PR;Centro;-23,085982;-53,482169;2025-03-14 03:20:00.0;0,00
QUERÊNCIA DO NORTE;412100001A;PR;Centro;-23,085982;-53,482169;2025-03-14 04:20:00.0;0,00
QUERÊNCIA DO NORTE;412100001A;PR;Centro;-23,085982;-53,482169;2025-03-14 05:20:00.0;0,00
QUERÊNCIA DO NORTE;412100001A;PR;Centro;-23,085982;-53,482169;2025-03-14 06:20:00.0;0,00
QUERÊNCIA DO NORTE;412100001A;PR;Centro;-23,085982;-53,482169;2025-03-14 07:20:00.0;0,00
QUERÊNCIA DO NORTE;412100001A;PR;Centro;-23,085982;-53,482169;2025-03-14 08:20:00.0;0,00
QUERÊNCIA DO NORTE;412100001A;PR;Centro;-23,085982;-53,482169;2025-03-14 09:20:00.0;0,00
QUERÊNCIA DO NORTE;412100001A;PR;Centro;-23,085982;-53,482169;2025-03-14 10:20:00.0;0,00
QUERÊNCIA DO NORTE;412100001A;PR;Centro;-23,085982;-53,482169;2025-03-14 11:20:00.0;0,00
QUERÊNCIA DO NORTE;412100001A;PR;Centro;-23,085982;-53,482169;2025-03-14 12:20:00.0;0,00
QUERÊNCIA DO NORTE;412100001A;PR;Centro;-23,085982;-53,482169;2025-03-14 13:20:00.0;0,00
QUERÊNCIA DO NORTE;412100001A;PR;Centro;-23,085982;-53,482169;2025-03-14 14:20:00.0;0,00
QUERÊNCIA DO NORTE;412100001A;PR;Centro;-23,085982;-53,482169;2025-03-14 15:20:00.0;0,00
QUERÊNCIA DO NORTE;412100001A;PR;Centro;-23,085982;-53,482169;2025-03-14 16:20:00.0;0,00
QUERÊNCIA DO NORTE;412100001A;PR;Centro;-23,085982;-53,482169;2025-03-14 17:20:00.0;0,00
QUERÊNCIA DO NORTE;412100001A;PR;Centro;-23,085982;-53,482169;2025-03-14 18:20:00.0;0,00
QUERÊNCIA DO NORTE;412100001A;PR;Centro;-23,085982;-53,482169;2025-03-14 19:20:00.0;0,00
QUERÊNCIA DO NORTE;412100001A;PR;Centro;-23,085982;-53,482169;2025-03-14 20:20:00.0;0,00
QUERÊNCIA DO NORTE;412100001A;PR;Centro;-23,085982;-53,482169;2025-03-14 21:20:00.0;0,00
QUERÊNCIA DO NORTE;412100001A;PR;Centro;-23,085982;-53,482169;2025-03-14 22:20:00.0;0,00
QUERÊNCIA DO NORTE;412100001A;PR;Centro;-23,085982;-53,482169;2025-03-14 23:20:00.0;0,00
QUERÊNCIA DO NORTE;412100001A;PR;Centro;-23,085982;-53,482169;2025-03-15 00:20:00.0;0,00
QUERÊNCIA DO NORTE;412100001A;PR;Centro;-23,085982;-53,482169;2025-03-15 01:20:00.0;0,00
QUERÊNCIA DO NORTE;412100001A;PR;Centro;-23,085982;-53,482169;2025-03-15 02:20:00.0;0,00
QUERÊNCIA DO NORTE;412100001A;PR;Centro;-23,085982;-53,482169;2025-03-15 03:20:00.0;0,00
QUERÊNCIA DO NORTE;412100001A;PR;Centro;-23,085982;-53,482169;2025-03-15 04:20:00.0;0,00
QUERÊNCIA DO NORTE;412100001A;PR;Centro;-23,085982;-53,482169;2025-03-15 05:20:00.0;0,00
QUERÊNCIA DO NORTE;412100001A;PR;Centro;-23,085982;-53,482169;2025-03-15 06:20:00.0;0,00
QUERÊNCIA DO NORTE;412100001A;PR;Centro;-23,085982;-53,482169;2025-03-15 07:20:00.0;0,00
QUERÊNCIA DO NORTE;412100001A;PR;Centro;-23,085982;-53,482169;2025-03-15 08:20:00.0;0,00
QUERÊNCIA DO NORTE;412100001A;PR;Centro;-23,085982;-53,482169;2025-03-15 09:20:00.0;0,00
QUERÊNCIA DO NORTE;412100001A;PR;Centro;-23,085982;-53,482169;2025-03-15 10:20:00.0;0,00
QUERÊNCIA DO NORTE;412100001A;PR;Centro;-23,085982;-53,482169;2025-03-15 11:20:00.0;0,00
QUERÊNCIA DO NORTE;412100001A;PR;Centro;-23,085982;-53,482169;2025-03-15 12:20:00.0;0,00
QUERÊNCIA DO NORTE;412100001A;PR;Centro;-23,085982;-53,482169;2025-03-15 13:20:00.0;0,00
QUERÊNCIA DO NORTE;412100001A;PR;Centro;-23,085982;-53,482169;2025-03-15 14:20:00.0;0,00
QUERÊNCIA DO NORTE;412100001A;PR;Centro;-23,085982;-53,482169;2025-03-15 15:20:00.0;0,00
QUERÊNCIA DO NORTE;412100001A;PR;Centro;-23,085982;-53,482169;2025-03-15 16:20:00.0;0,00
QUERÊNCIA DO NORTE;412100001A;PR;Centro;-23,085982;-53,482169;2025-03-15 17:20:00.0;0,00
QUERÊNCIA DO NORTE;412100001A;PR;Centro;-23,085982;-53,482169;2025-03-15 18:20:00.0;0,00
QUERÊNCIA DO NORTE;412100001A;PR;Centro;-23,085982;-53,482169;2025-03-15 19:20:00.0;0,00
QUERÊNCIA DO NORTE;412100001A;PR;Centro;-23,085982;-53,482169;2025-03-15 20:20:00.0;0,00
QUERÊNCIA DO NORTE;412100001A;PR;Centro;-23,085982;-53,482169;2025-03-15 21:20:00.0;0,00
QUERÊNCIA DO NORTE;412100001A;PR;Centro;-23,085982;-53,482169;2025-03-15 22:20:00.0;0,00
QUERÊNCIA DO NORTE;412100001A;PR;Centro;-23,085982;-53,482169;2025-03-15 23:20:00.0;0,00
QUERÊNCIA DO NORTE;412100001A;PR;Centro;-23,085982;-53,482169;2025-03-16 00:20:00.0;0,00
QUERÊNCIA DO NORTE;412100001A;PR;Centro;-23,085982;-53,482169;2025-03-16 01:20:00.0;0,00
QUERÊNCIA DO NORTE;412100001A;PR;Centro;-23,085982;-53,482169;2025-03-16 02:20:00.0;0,00
QUERÊNCIA DO NORTE;412100001A;PR;Centro;-23,085982;-53,482169;2025-03-16 03:20:00.0;0,00
QUERÊNCIA DO NORTE;412100001A;PR;Centro;-23,085982;-53,482169;2025-03-16 04:20:00.0;0,00
QUERÊNCIA DO NORTE;412100001A;PR;Centro;-23,085982;-53,482169;2025-03-16 05:20:00.0;0,00
QUERÊNCIA DO NORTE;412100001A;PR;Centro;-23,085982;-53,482169;2025-03-16 06:20:00.0;0,00
QUERÊNCIA DO NORTE;412100001A;PR;Centro;-23,085982;-53,482169;2025-03-16 07:20:00.0;0,00
QUERÊNCIA DO NORTE;412100001A;PR;Centro;-23,085982;-53,482169;2025-03-16 08:20:00.0;0,00
QUERÊNCIA DO NORTE;412100001A;PR;Centro;-23,085982;-53,482169;2025-03-16 09:20:00.0;0,00
QUERÊNCIA DO NORTE;412100001A;PR;Centro;-23,085982;-53,482169;2025-03-16 10:20:00.0;0,00
QUERÊNCIA DO NORTE;412100001A;PR;Centro;-23,085982;-53,482169;2025-03-16 11:20:00.0;0,00
QUERÊNCIA DO NORTE;412100001A;PR;Centro;-23,085982;-53,482169;2025-03-16 12:20:00.0;0,00
QUERÊNCIA DO NORTE;412100001A;PR;Centro;-23,085982;-53,482169;2025-03-16 13:20:00.0;0,00
QUERÊNCIA DO NORTE;412100001A;PR;Centro;-23,085982;-53,482169;2025-03-16 14:20:00.0;0,00
QUERÊNCIA DO NORTE;412100001A;PR;Centro;-23,085982;-53,482169;2025-03-16 15:20:00.0;0,00
QUERÊNCIA DO NORTE;412100001A;PR;Centro;-23,085982;-53,482169;2025-03-16 16:20:00.0;0,00
QUERÊNCIA DO NORTE;412100001A;PR;Centro;-23,085982;-53,482169;2025-03-16 17:20:00.0;0,00
QUERÊNCIA DO NORTE;412100001A;PR;Centro;-23,085982;-53,482169;2025-03-16 18:20:00.0;0,00
QUERÊNCIA DO NORTE;412100001A;PR;Centro;-23,085982;-53,482169;2025-03-16 19:20:00.0;0,00
QUERÊNCIA DO NORTE;412100001A;PR;Centro;-23,085982;-53,482169;2025-03-16 20:20:00.0;0,00
QUERÊNCIA DO NORTE;412100001A;PR;Centro;-23,085982;-53,482169;2025-03-16 21:20:00.0;0,00
QUERÊNCIA DO NORTE;412100001A;PR;Centro;-23,085982;-53,482169;2025-03-16 22:20:00.0;0,00
QUERÊNCIA DO NORTE;412100001A;PR;Centro;-23,085982;-53,482169;2025-03-16 23:20:00.0;0,00
QUERÊNCIA DO NORTE;412100001A;PR;Centro;-23,085982;-53,482169;2025-03-17 00:20:00.0;0,00
QUERÊNCIA DO NORTE;412100001A;PR;Centro;-23,085982;-53,482169;2025-03-17 01:20:00.0;0,00
QUERÊNCIA DO NORTE;412100001A;PR;Centro;-23,085982;-53,482169;2025-03-17 02:20:00.0;0,00
QUERÊNCIA DO NORTE;412100001A;PR;Centro;-23,085982;-53,482169;2025-03-17 03:20:00.0;0,00
QUERÊNCIA DO NORTE;412100001A;PR;Centro;-23,085982;-53,482169;2025-03-17 04:20:00.0;0,00
QUERÊNCIA DO NORTE;412100001A;PR;Centro;-23,085982;-53,482169;2025-03-17 05:20:00.0;0,00
QUERÊNCIA DO NORTE;412100001A;PR;Centro;-23,085982;-53,482169;2025-03-17 06:20:00.0;0,00
QUERÊNCIA DO NORTE;412100001A;PR;Centro;-23,085982;-53,482169;2025-03-17 07:20:00.0;0,00
QUERÊNCIA DO NORTE;412100001A;PR;Centro;-23,085982;-53,482169;2025-03-17 08:20:00.0;0,00
QUERÊNCIA DO NORTE;412100001A;PR;Centro;-23,085982;-53,482169;2025-03-17 09:20:00.0;0,00
QUERÊNCIA DO NORTE;412100001A;PR;Centro;-23,085982;-53,482169;2025-03-17 10:20:00.0;0,00
QUERÊNCIA DO NORTE;412100001A;PR;Centro;-23,085982;-53,482169;2025-03-17 11:20:00.0;0,00
QUERÊNCIA DO NORTE;412100001A;PR;Centro;-23,085982;-53,482169;2025-03-17 12:20:00.0;0,00
QUERÊNCIA DO NORTE;412100001A;PR;Centro;-23,085982;-53,482169;2025-03-17 13:20:00.0;0,00
QUERÊNCIA DO NORTE;412100001A;PR;Centro;-23,085982;-53,482169;2025-03-17 14:20:00.0;0,00
QUERÊNCIA DO NORTE;412100001A;PR;Centro;-23,085982;-53,482169;2025-03-17 15:20:00.0;0,00
QUERÊNCIA DO NORTE;412100001A;PR;Centro;-23,085982;-53,482169;2025-03-17 16:20:00.0;0,00
QUERÊNCIA DO NORTE;412100001A;PR;Centro;-23,085982;-53,482169;2025-03-17 17:20:00.0;0,00
QUERÊNCIA DO NORTE;412100001A;PR;Centro;-23,085982;-53,482169;2025-03-17 18:20:00.0;0,00
QUERÊNCIA DO NORTE;412100001A;PR;Centro;-23,085982;-53,482169;2025-03-17 19:20:00.0;0,00
QUERÊNCIA DO NORTE;412100001A;PR;Centro;-23,085982;-53,482169;2025-03-17 20:20:00.0;0,00
QUERÊNCIA DO NORTE;412100001A;PR;Centro;-23,085982;-53,482169;2025-03-17 21:20:00.0;0,00
QUERÊNCIA DO NORTE;412100001A;PR;Centro;-23,085982;-53,482169;2025-03-17 22:20:00.0;0,00
QUERÊNCIA DO NORTE;412100001A;PR;Centro;-23,085982;-53,482169;2025-03-17 23:20:00.0;0,00
QUERÊNCIA DO NORTE;412100001A;PR;Centro;-23,085982;-53,482169;2025-03-18 00:20:00.0;0,00
QUERÊNCIA DO NORTE;412100001A;PR;Centro;-23,085982;-53,482169;2025-03-18 01:20:00.0;0,00
QUERÊNCIA DO NORTE;412100001A;PR;Centro;-23,085982;-53,482169;2025-03-18 02:20:00.0;0,00
QUERÊNCIA DO NORTE;412100001A;PR;Centro;-23,085982;-53,482169;2025-03-18 03:20:00.0;0,00
QUERÊNCIA DO NORTE;412100001A;PR;Centro;-23,085982;-53,482169;2025-03-18 04:20:00.0;0,00
QUERÊNCIA DO NORTE;412100001A;PR;Centro;-23,085982;-53,482169;2025-03-18 05:20:00.0;0,00
QUERÊNCIA DO NORTE;412100001A;PR;Centro;-23,085982;-53,482169;2025-03-18 06:20:00.0;0,00
QUERÊNCIA DO NORTE;412100001A;PR;Centro;-23,085982;-53,482169;2025-03-18 06:50:00.0;0,60
QUERÊNCIA DO NORTE;412100001A;PR;Centro;-23,085982;-53,482169;2025-03-18 07:00:00.0;0,60
QUERÊNCIA DO NORTE;412100001A;PR;Centro;-23,085982;-53,482169;2025-03-18 07:10:00.0;0,60
QUERÊNCIA DO NORTE;412100001A;PR;Centro;-23,085982;-53,482169;2025-03-18 07:20:00.0;0,80
QUERÊNCIA DO NORTE;412100001A;PR;Centro;-23,085982;-53,482169;2025-03-18 07:30:00.0;0,80
QUERÊNCIA DO NORTE;412100001A;PR;Centro;-23,085982;-53,482169;2025-03-18 07:40:00.0;0,80
QUERÊNCIA DO NORTE;412100001A;PR;Centro;-23,085982;-53,482169;2025-03-18 07:50:00.0;1,00
QUERÊNCIA DO NORTE;412100001A;PR;Centro;-23,085982;-53,482169;2025-03-18 08:00:00.0;1,00
QUERÊNCIA DO NORTE;412100001A;PR;Centro;-23,085982;-53,482169;2025-03-18 08:10:00.0;1,00
QUERÊNCIA DO NORTE;412100001A;PR;Centro;-23,085982;-53,482169;2025-03-18 08:20:00.0;1,00
QUERÊNCIA DO NORTE;412100001A;PR;Centro;-23,085982;-53,482169;2025-03-18 08:30:00.0;1,20
QUERÊNCIA DO NORTE;412100001A;PR;Centro;-23,085982;-53,482169;2025-03-18 08:40:00.0;0,20
QUERÊNCIA DO NORTE;412100001A;PR;Centro;-23,085982;-53,482169;2025-03-18 09:20:00.0;0,20
QUERÊNCIA DO NORTE;412100001A;PR;Centro;-23,085982;-53,482169;2025-03-18 10:20:00.0;0,00
QUERÊNCIA DO NORTE;412100001A;PR;Centro;-23,085982;-53,482169;2025-03-18 11:20:00.0;0,00
QUERÊNCIA DO NORTE;412100001A;PR;Centro;-23,085982;-53,482169;2025-03-18 12:20:00.0;0,00
QUERÊNCIA DO NORTE;412100001A;PR;Centro;-23,085982;-53,482169;2025-03-18 13:20:00.0;0,00
QUERÊNCIA DO NORTE;412100001A;PR;Centro;-23,085982;-53,482169;2025-03-18 14:20:00.0;0,00
QUERÊNCIA DO NORTE;412100001A;PR;Centro;-23,085982;-53,482169;2025-03-18 15:20:00.0;0,00
QUERÊNCIA DO NORTE;412100001A;PR;Centro;-23,085982;-53,482169;2025-03-18 16:20:00.0;0,00
QUERÊNCIA DO NORTE;412100001A;PR;Centro;-23,085982;-53,482169;2025-03-18 17:20:00.0;0,00
QUERÊNCIA DO NORTE;412100001A;PR;Centro;-23,085982;-53,482169;2025-03-18 18:20:00.0;0,00
QUERÊNCIA DO NORTE;412100001A;PR;Centro;-23,085982;-53,482169;2025-03-18 19:20:00.0;0,00
QUERÊNCIA DO NORTE;412100001A;PR;Centro;-23,085982;-53,482169;2025-03-18 20:20:00.0;0,00
QUERÊNCIA DO NORTE;412100001A;PR;Centro;-23,085982;-53,482169;2025-03-18 21:20:00.0;0,00
QUERÊNCIA DO NORTE;412100001A;PR;Centro;-23,085982;-53,482169;2025-03-18 22:20:00.0;0,00
QUERÊNCIA DO NORTE;412100001A;PR;Centro;-23,085982;-53,482169;2025-03-18 23:20:00.0;0,00
QUERÊNCIA DO NORTE;412100001A;PR;Centro;-23,085982;-53,482169;2025-03-19 00:20:00.0;0,00
QUERÊNCIA DO NORTE;412100001A;PR;Centro;-23,085982;-53,482169;2025-03-19 01:20:00.0;0,00
QUERÊNCIA DO NORTE;412100001A;PR;Centro;-23,085982;-53,482169;2025-03-19 02:20:00.0;0,00
QUERÊNCIA DO NORTE;412100001A;PR;Centro;-23,085982;-53,482169;2025-03-19 03:20:00.0;0,00
QUERÊNCIA DO NORTE;412100001A;PR;Centro;-23,085982;-53,482169;2025-03-19 04:20:00.0;0,00
QUERÊNCIA DO NORTE;412100001A;PR;Centro;-23,085982;-53,482169;2025-03-19 05:20:00.0;0,00
QUERÊNCIA DO NORTE;412100001A;PR;Centro;-23,085982;-53,482169;2025-03-19 06:20:00.0;0,00
QUERÊNCIA DO NORTE;412100001A;PR;Centro;-23,085982;-53,482169;2025-03-19 07:20:00.0;0,00
QUERÊNCIA DO NORTE;412100001A;PR;Centro;-23,085982;-53,482169;2025-03-19 08:20:00.0;0,00
QUERÊNCIA DO NORTE;412100001A;PR;Centro;-23,085982;-53,482169;2025-03-19 09:20:00.0;0,00
QUERÊNCIA DO NORTE;412100001A;PR;Centro;-23,085982;-53,482169;2025-03-19 10:20:00.0;0,00
QUERÊNCIA DO NORTE;412100001A;PR;Centro;-23,085982;-53,482169;2025-03-19 11:20:00.0;0,00
QUERÊNCIA DO NORTE;412100001A;PR;Centro;-23,085982;-53,482169;2025-03-19 12:20:00.0;0,00
QUERÊNCIA DO NORTE;412100001A;PR;Centro;-23,085982;-53,482169;2025-03-19 13:20:00.0;0,00
QUERÊNCIA DO NORTE;412100001A;PR;Centro;-23,085982;-53,482169;2025-03-19 14:20:00.0;0,00
QUERÊNCIA DO NORTE;412100001A;PR;Centro;-23,085982;-53,482169;2025-03-19 15:20:00.0;0,00
QUERÊNCIA DO NORTE;412100001A;PR;Centro;-23,085982;-53,482169;2025-03-19 16:20:00.0;0,00
QUERÊNCIA DO NORTE;412100001A;PR;Centro;-23,085982;-53,482169;2025-03-19 17:20:00.0;0,00
QUERÊNCIA DO NORTE;412100001A;PR;Centro;-23,085982;-53,482169;2025-03-19 18:20:00.0;0,00
QUERÊNCIA DO NORTE;412100001A;PR;Centro;-23,085982;-53,482169;2025-03-19 19:20:00.0;0,00
QUERÊNCIA DO NORTE;412100001A;PR;Centro;-23,085982;-53,482169;2025-03-19 20:20:00.0;0,00
QUERÊNCIA DO NORTE;412100001A;PR;Centro;-23,085982;-53,482169;2025-03-19 21:20:00.0;0,00
QUERÊNCIA DO NORTE;412100001A;PR;Centro;-23,085982;-53,482169;2025-03-19 22:20:00.0;0,00
QUERÊNCIA DO NORTE;412100001A;PR;Centro;-23,085982;-53,482169;2025-03-19 23:20:00.0;0,00
QUERÊNCIA DO NORTE;412100001A;PR;Centro;-23,085982;-53,482169;2025-03-20 00:20:00.0;0,00
QUERÊNCIA DO NORTE;412100001A;PR;Centro;-23,085982;-53,482169;2025-03-20 01:20:00.0;0,00
QUERÊNCIA DO NORTE;412100001A;PR;Centro;-23,085982;-53,482169;2025-03-20 02:20:00.0;0,00
QUERÊNCIA DO NORTE;412100001A;PR;Centro;-23,085982;-53,482169;2025-03-20 03:20:00.0;0,00
QUERÊNCIA DO NORTE;412100001A;PR;Centro;-23,085982;-53,482169;2025-03-20 04:20:00.0;0,00
QUERÊNCIA DO NORTE;412100001A;PR;Centro;-23,085982;-53,482169;2025-03-20 05:20:00.0;0,00
QUERÊNCIA DO NORTE;412100001A;PR;Centro;-23,085982;-53,482169;2025-03-20 06:20:00.0;0,00
QUERÊNCIA DO NORTE;412100001A;PR;Centro;-23,085982;-53,482169;2025-03-20 07:20:00.0;0,00
QUERÊNCIA DO NORTE;412100001A;PR;Centro;-23,085982;-53,482169;2025-03-20 08:20:00.0;0,00
QUERÊNCIA DO NORTE;412100001A;PR;Centro;-23,085982;-53,482169;2025-03-20 09:20:00.0;0,00
QUERÊNCIA DO NORTE;412100001A;PR;Centro;-23,085982;-53,482169;2025-03-20 10:20:00.0;0,00
QUERÊNCIA DO NORTE;412100001A;PR;Centro;-23,085982;-53,482169;2025-03-20 11:20:00.0;0,00
QUERÊNCIA DO NORTE;412100001A;PR;Centro;-23,085982;-53,482169;2025-03-20 12:20:00.0;0,00
QUERÊNCIA DO NORTE;412100001A;PR;Centro;-23,085982;-53,482169;2025-03-20 13:20:00.0;0,00
QUERÊNCIA DO NORTE;412100001A;PR;Centro;-23,085982;-53,482169;2025-03-20 14:20:00.0;0,00
QUERÊNCIA DO NORTE;412100001A;PR;Centro;-23,085982;-53,482169;2025-03-20 15:20:00.0;0,00
QUERÊNCIA DO NORTE;412100001A;PR;Centro;-23,085982;-53,482169;2025-03-20 16:20:00.0;0,00
QUERÊNCIA DO NORTE;412100001A;PR;Centro;-23,085982;-53,482169;2025-03-20 17:20:00.0;0,00
QUERÊNCIA DO NORTE;412100001A;PR;Centro;-23,085982;-53,482169;2025-03-20 18:20:00.0;0,00
QUERÊNCIA DO NORTE;412100001A;PR;Centro;-23,085982;-53,482169;2025-03-20 19:20:00.0;0,00
QUERÊNCIA DO NORTE;412100001A;PR;Centro;-23,085982;-53,482169;2025-03-20 20:20:00.0;0,00
QUERÊNCIA DO NORTE;412100001A;PR;Centro;-23,085982;-53,482169;2025-03-20 21:20:00.0;0,00
QUERÊNCIA DO NORTE;412100001A;PR;Centro;-23,085982;-53,482169;2025-03-20 22:20:00.0;0,00
QUERÊNCIA DO NORTE;412100001A;PR;Centro;-23,085982;-53,482169;2025-03-20 23:20:00.0;0,00
QUERÊNCIA DO NORTE;412100001A;PR;Centro;-23,085982;-53,482169;2025-03-21 00:20:00.0;0,00
QUERÊNCIA DO NORTE;412100001A;PR;Centro;-23,085982;-53,482169;2025-03-21 01:20:00.0;0,00
QUERÊNCIA DO NORTE;412100001A;PR;Centro;-23,085982;-53,482169;2025-03-21 02:20:00.0;0,00
QUERÊNCIA DO NORTE;412100001A;PR;Centro;-23,085982;-53,482169;2025-03-21 03:20:00.0;0,00
QUERÊNCIA DO NORTE;412100001A;PR;Centro;-23,085982;-53,482169;2025-03-21 04:20:00.0;0,00
QUERÊNCIA DO NORTE;412100001A;PR;Centro;-23,085982;-53,482169;2025-03-21 05:20:00.0;0,00
QUERÊNCIA DO NORTE;412100001A;PR;Centro;-23,085982;-53,482169;2025-03-21 06:20:00.0;0,00
QUERÊNCIA DO NORTE;412100001A;PR;Centro;-23,085982;-53,482169;2025-03-21 07:20:00.0;0,00
QUERÊNCIA DO NORTE;412100001A;PR;Centro;-23,085982;-53,482169;2025-03-21 08:20:00.0;0,00
QUERÊNCIA DO NORTE;412100001A;PR;Centro;-23,085982;-53,482169;2025-03-21 09:20:00.0;0,00
QUERÊNCIA DO NORTE;412100001A;PR;Centro;-23,085982;-53,482169;2025-03-21 10:20:00.0;0,00
QUERÊNCIA DO NORTE;412100001A;PR;Centro;-23,085982;-53,482169;2025-03-21 11:20:00.0;0,00
QUERÊNCIA DO NORTE;412100001A;PR;Centro;-23,085982;-53,482169;2025-03-21 12:20:00.0;0,00
QUERÊNCIA DO NORTE;412100001A;PR;Centro;-23,085982;-53,482169;2025-03-21 13:20:00.0;0,00
QUERÊNCIA DO NORTE;412100001A;PR;Centro;-23,085982;-53,482169;2025-03-21 14:20:00.0;0,00
QUERÊNCIA DO NORTE;412100001A;PR;Centro;-23,085982;-53,482169;2025-03-21 15:20:00.0;0,00
QUERÊNCIA DO NORTE;412100001A;PR;Centro;-23,085982;-53,482169;2025-03-21 16:20:00.0;0,00
QUERÊNCIA DO NORTE;412100001A;PR;Centro;-23,085982;-53,482169;2025-03-21 17:20:00.0;0,00
QUERÊNCIA DO NORTE;412100001A;PR;Centro;-23,085982;-53,482169;2025-03-21 18:20:00.0;0,00
QUERÊNCIA DO NORTE;412100001A;PR;Centro;-23,085982;-53,482169;2025-03-21 19:20:00.0;0,00
QUERÊNCIA DO NORTE;412100001A;PR;Centro;-23,085982;-53,482169;2025-03-21 20:20:00.0;0,00
QUERÊNCIA DO NORTE;412100001A;PR;Centro;-23,085982;-53,482169;2025-03-21 21:20:00.0;0,00
QUERÊNCIA DO NORTE;412100001A;PR;Centro;-23,085982;-53,482169;2025-03-21 22:20:00.0;0,00
QUERÊNCIA DO NORTE;412100001A;PR;Centro;-23,085982;-53,482169;2025-03-21 23:20:00.0;0,00
QUERÊNCIA DO NORTE;412100001A;PR;Centro;-23,085982;-53,482169;2025-03-22 00:20:00.0;0,00
QUERÊNCIA DO NORTE;412100001A;PR;Centro;-23,085982;-53,482169;2025-03-22 01:20:00.0;0,00
QUERÊNCIA DO NORTE;412100001A;PR;Centro;-23,085982;-53,482169;2025-03-22 02:20:00.0;0,00
QUERÊNCIA DO NORTE;412100001A;PR;Centro;-23,085982;-53,482169;2025-03-22 03:20:00.0;0,00
QUERÊNCIA DO NORTE;412100001A;PR;Centro;-23,085982;-53,482169;2025-03-22 04:20:00.0;0,00
QUERÊNCIA DO NORTE;412100001A;PR;Centro;-23,085982;-53,482169;2025-03-22 05:20:00.0;0,00
QUERÊNCIA DO NORTE;412100001A;PR;Centro;-23,085982;-53,482169;2025-03-22 06:20:00.0;0,00
QUERÊNCIA DO NORTE;412100001A;PR;Centro;-23,085982;-53,482169;2025-03-22 07:20:00.0;0,00
QUERÊNCIA DO NORTE;412100001A;PR;Centro;-23,085982;-53,482169;2025-03-22 08:20:00.0;0,00
QUERÊNCIA DO NORTE;412100001A;PR;Centro;-23,085982;-53,482169;2025-03-22 09:20:00.0;0,00
QUERÊNCIA DO NORTE;412100001A;PR;Centro;-23,085982;-53,482169;2025-03-22 10:20:00.0;0,00
QUERÊNCIA DO NORTE;412100001A;PR;Centro;-23,085982;-53,482169;2025-03-22 11:20:00.0;0,00
QUERÊNCIA DO NORTE;412100001A;PR;Centro;-23,085982;-53,482169;2025-03-22 12:20:00.0;0,00
QUERÊNCIA DO NORTE;412100001A;PR;Centro;-23,085982;-53,482169;2025-03-22 13:20:00.0;0,00
QUERÊNCIA DO NORTE;412100001A;PR;Centro;-23,085982;-53,482169;2025-03-22 14:20:00.0;0,00
QUERÊNCIA DO NORTE;412100001A;PR;Centro;-23,085982;-53,482169;2025-03-22 15:20:00.0;0,00
QUERÊNCIA DO NORTE;412100001A;PR;Centro;-23,085982;-53,482169;2025-03-22 16:20:00.0;0,00
QUERÊNCIA DO NORTE;412100001A;PR;Centro;-23,085982;-53,482169;2025-03-22 17:20:00.0;0,00
QUERÊNCIA DO NORTE;412100001A;PR;Centro;-23,085982;-53,482169;2025-03-22 18:20:00.0;0,00
QUERÊNCIA DO NORTE;412100001A;PR;Centro;-23,085982;-53,482169;2025-03-22 19:20:00.0;0,00
QUERÊNCIA DO NORTE;412100001A;PR;Centro;-23,085982;-53,482169;2025-03-22 20:20:00.0;0,00
QUERÊNCIA DO NORTE;412100001A;PR;Centro;-23,085982;-53,482169;2025-03-22 21:20:00.0;0,00
QUERÊNCIA DO NORTE;412100001A;PR;Centro;-23,085982;-53,482169;2025-03-22 22:20:00.0;0,00
QUERÊNCIA DO NORTE;412100001A;PR;Centro;-23,085982;-53,482169;2025-03-22 23:20:00.0;0,00
QUERÊNCIA DO NORTE;412100001A;PR;Centro;-23,085982;-53,482169;2025-03-23 00:20:00.0;0,00
QUERÊNCIA DO NORTE;412100001A;PR;Centro;-23,085982;-53,482169;2025-03-23 01:20:00.0;0,00
QUERÊNCIA DO NORTE;412100001A;PR;Centro;-23,085982;-53,482169;2025-03-23 02:20:00.0;0,00
QUERÊNCIA DO NORTE;412100001A;PR;Centro;-23,085982;-53,482169;2025-03-23 03:20:00.0;0,00
QUERÊNCIA DO NORTE;412100001A;PR;Centro;-23,085982;-53,482169;2025-03-23 04:20:00.0;0,00
QUERÊNCIA DO NORTE;412100001A;PR;Centro;-23,085982;-53,482169;2025-03-23 05:20:00.0;0,00
QUERÊNCIA DO NORTE;412100001A;PR;Centro;-23,085982;-53,482169;2025-03-23 06:20:00.0;0,00
QUERÊNCIA DO NORTE;412100001A;PR;Centro;-23,085982;-53,482169;2025-03-23 07:20:00.0;0,00
QUERÊNCIA DO NORTE;412100001A;PR;Centro;-23,085982;-53,482169;2025-03-23 08:20:00.0;0,00
QUERÊNCIA DO NORTE;412100001A;PR;Centro;-23,085982;-53,482169;2025-03-23 09:20:00.0;0,00
QUERÊNCIA DO NORTE;412100001A;PR;Centro;-23,085982;-53,482169;2025-03-23 10:20:00.0;0,00
QUERÊNCIA DO NORTE;412100001A;PR;Centro;-23,085982;-53,482169;2025-03-23 11:20:00.0;0,00
QUERÊNCIA DO NORTE;412100001A;PR;Centro;-23,085982;-53,482169;2025-03-23 12:20:00.0;0,00
QUERÊNCIA DO NORTE;412100001A;PR;Centro;-23,085982;-53,482169;2025-03-23 13:20:00.0;0,00
QUERÊNCIA DO NORTE;412100001A;PR;Centro;-23,085982;-53,482169;2025-03-23 14:20:00.0;0,00
QUERÊNCIA DO NORTE;412100001A;PR;Centro;-23,085982;-53,482169;2025-03-23 15:20:00.0;0,00
QUERÊNCIA DO NORTE;412100001A;PR;Centro;-23,085982;-53,482169;2025-03-23 16:20:00.0;0,00
QUERÊNCIA DO NORTE;412100001A;PR;Centro;-23,085982;-53,482169;2025-03-23 17:20:00.0;0,00
QUERÊNCIA DO NORTE;412100001A;PR;Centro;-23,085982;-53,482169;2025-03-23 18:20:00.0;0,00
QUERÊNCIA DO NORTE;412100001A;PR;Centro;-23,085982;-53,482169;2025-03-23 19:20:00.0;0,00
QUERÊNCIA DO NORTE;412100001A;PR;Centro;-23,085982;-53,482169;2025-03-23 20:20:00.0;0,00
QUERÊNCIA DO NORTE;412100001A;PR;Centro;-23,085982;-53,482169;2025-03-23 21:20:00.0;0,00
QUERÊNCIA DO NORTE;412100001A;PR;Centro;-23,085982;-53,482169;2025-03-23 22:20:00.0;0,00
QUERÊNCIA DO NORTE;412100001A;PR;Centro;-23,085982;-53,482169;2025-03-23 23:20:00.0;0,00
QUERÊNCIA DO NORTE;412100001A;PR;Centro;-23,085982;-53,482169;2025-03-24 00:20:00.0;0,00
QUERÊNCIA DO NORTE;412100001A;PR;Centro;-23,085982;-53,482169;2025-03-24 01:20:00.0;0,00
QUERÊNCIA DO NORTE;412100001A;PR;Centro;-23,085982;-53,482169;2025-03-24 02:20:00.0;0,00
QUERÊNCIA DO NORTE;412100001A;PR;Centro;-23,085982;-53,482169;2025-03-24 03:20:00.0;0,00
QUERÊNCIA DO NORTE;412100001A;PR;Centro;-23,085982;-53,482169;2025-03-24 04:20:00.0;0,00
QUERÊNCIA DO NORTE;412100001A;PR;Centro;-23,085982;-53,482169;2025-03-24 05:20:00.0;0,00
QUERÊNCIA DO NORTE;412100001A;PR;Centro;-23,085982;-53,482169;2025-03-24 06:20:00.0;0,00
QUERÊNCIA DO NORTE;412100001A;PR;Centro;-23,085982;-53,482169;2025-03-24 07:20:00.0;0,00
QUERÊNCIA DO NORTE;412100001A;PR;Centro;-23,085982;-53,482169;2025-03-24 08:20:00.0;0,00
QUERÊNCIA DO NORTE;412100001A;PR;Centro;-23,085982;-53,482169;2025-03-24 09:20:00.0;0,00
QUERÊNCIA DO NORTE;412100001A;PR;Centro;-23,085982;-53,482169;2025-03-24 10:20:00.0;0,00
QUERÊNCIA DO NORTE;412100001A;PR;Centro;-23,085982;-53,482169;2025-03-24 11:20:00.0;0,00
QUERÊNCIA DO NORTE;412100001A;PR;Centro;-23,085982;-53,482169;2025-03-24 12:20:00.0;0,00
QUERÊNCIA DO NORTE;412100001A;PR;Centro;-23,085982;-53,482169;2025-03-24 13:20:00.0;0,00
QUERÊNCIA DO NORTE;412100001A;PR;Centro;-23,085982;-53,482169;2025-03-24 14:20:00.0;0,00
QUERÊNCIA DO NORTE;412100001A;PR;Centro;-23,085982;-53,482169;2025-03-24 15:20:00.0;0,00
QUERÊNCIA DO NORTE;412100001A;PR;Centro;-23,085982;-53,482169;2025-03-24 16:20:00.0;0,00
QUERÊNCIA DO NORTE;412100001A;PR;Centro;-23,085982;-53,482169;2025-03-24 17:20:00.0;0,00
QUERÊNCIA DO NORTE;412100001A;PR;Centro;-23,085982;-53,482169;2025-03-24 18:20:00.0;0,00
QUERÊNCIA DO NORTE;412100001A;PR;Centro;-23,085982;-53,482169;2025-03-24 19:20:00.0;0,00
QUERÊNCIA DO NORTE;412100001A;PR;Centro;-23,085982;-53,482169;2025-03-24 20:20:00.0;0,00
QUERÊNCIA DO NORTE;412100001A;PR;Centro;-23,085982;-53,482169;2025-03-24 21:20:00.0;0,00
QUERÊNCIA DO NORTE;412100001A;PR;Centro;-23,085982;-53,482169;2025-03-24 22:20:00.0;0,00
QUERÊNCIA DO NORTE;412100001A;PR;Centro;-23,085982;-53,482169;2025-03-24 23:20:00.0;0,00
QUERÊNCIA DO NORTE;412100001A;PR;Centro;-23,085982;-53,482169;2025-03-25 00:20:00.0;0,00
QUERÊNCIA DO NORTE;412100001A;PR;Centro;-23,085982;-53,482169;2025-03-25 01:20:00.0;0,00
QUERÊNCIA DO NORTE;412100001A;PR;Centro;-23,085982;-53,482169;2025-03-25 02:20:00.0;0,00
QUERÊNCIA DO NORTE;412100001A;PR;Centro;-23,085982;-53,482169;2025-03-25 03:20:00.0;0,00
QUERÊNCIA DO NORTE;412100001A;PR;Centro;-23,085982;-53,482169;2025-03-25 04:20:00.0;0,00
QUERÊNCIA DO NORTE;412100001A;PR;Centro;-23,085982;-53,482169;2025-03-25 05:20:00.0;0,00
QUERÊNCIA DO NORTE;412100001A;PR;Centro;-23,085982;-53,482169;2025-03-25 06:20:00.0;0,00
QUERÊNCIA DO NORTE;412100001A;PR;Centro;-23,085982;-53,482169;2025-03-25 07:20:00.0;0,00
QUERÊNCIA DO NORTE;412100001A;PR;Centro;-23,085982;-53,482169;2025-03-25 08:20:00.0;0,00
QUERÊNCIA DO NORTE;412100001A;PR;Centro;-23,085982;-53,482169;2025-03-25 09:20:00.0;0,00
QUERÊNCIA DO NORTE;412100001A;PR;Centro;-23,085982;-53,482169;2025-03-25 10:20:00.0;0,00
QUERÊNCIA DO NORTE;412100001A;PR;Centro;-23,085982;-53,482169;2025-03-25 11:20:00.0;0,00
QUERÊNCIA DO NORTE;412100001A;PR;Centro;-23,085982;-53,482169;2025-03-25 12:20:00.0;0,00
QUERÊNCIA DO NORTE;412100001A;PR;Centro;-23,085982;-53,482169;2025-03-25 13:20:00.0;0,00
QUERÊNCIA DO NORTE;412100001A;PR;Centro;-23,085982;-53,482169;2025-03-25 14:20:00.0;0,00
QUERÊNCIA DO NORTE;412100001A;PR;Centro;-23,085982;-53,482169;2025-03-25 15:20:00.0;0,00
QUERÊNCIA DO NORTE;412100001A;PR;Centro;-23,085982;-53,482169;2025-03-25 16:20:00.0;0,00
QUERÊNCIA DO NORTE;412100001A;PR;Centro;-23,085982;-53,482169;2025-03-25 17:20:00.0;0,00
QUERÊNCIA DO NORTE;412100001A;PR;Centro;-23,085982;-53,482169;2025-03-25 18:20:00.0;0,00
QUERÊNCIA DO NORTE;412100001A;PR;Centro;-23,085982;-53,482169;2025-03-25 19:20:00.0;0,00
QUERÊNCIA DO NORTE;412100001A;PR;Centro;-23,085982;-53,482169;2025-03-25 20:20:00.0;0,00
QUERÊNCIA DO NORTE;412100001A;PR;Centro;-23,085982;-53,482169;2025-03-25 21:20:00.0;0,00
QUERÊNCIA DO NORTE;412100001A;PR;Centro;-23,085982;-53,482169;2025-03-25 22:20:00.0;0,00
QUERÊNCIA DO NORTE;412100001A;PR;Centro;-23,085982;-53,482169;2025-03-25 23:20:00.0;0,00
QUERÊNCIA DO NORTE;412100001A;PR;Centro;-23,085982;-53,482169;2025-03-26 00:20:00.0;3,20
QUERÊNCIA DO NORTE;412100001A;PR;Centro;-23,085982;-53,482169;2025-03-26 00:30:00.0;0,60
QUERÊNCIA DO NORTE;412100001A;PR;Centro;-23,085982;-53,482169;2025-03-26 00:40:00.0;0,80
QUERÊNCIA DO NORTE;412100001A;PR;Centro;-23,085982;-53,482169;2025-03-26 00:50:00.0;0,60
QUERÊNCIA DO NORTE;412100001A;PR;Centro;-23,085982;-53,482169;2025-03-26 01:00:00.0;0,40
QUERÊNCIA DO NORTE;412100001A;PR;Centro;-23,085982;-53,482169;2025-03-26 01:10:00.0;0,20
QUERÊNCIA DO NORTE;412100001A;PR;Centro;-23,085982;-53,482169;2025-03-26 01:20:00.0;0,60
QUERÊNCIA DO NORTE;412100001A;PR;Centro;-23,085982;-53,482169;2025-03-26 01:30:00.0;0,20
QUERÊNCIA DO NORTE;412100001A;PR;Centro;-23,085982;-53,482169;2025-03-26 01:50:00.0;0,20
QUERÊNCIA DO NORTE;412100001A;PR;Centro;-23,085982;-53,482169;2025-03-26 02:20:00.0;0,00
QUERÊNCIA DO NORTE;412100001A;PR;Centro;-23,085982;-53,482169;2025-03-26 02:40:00.0;0,40
QUERÊNCIA DO NORTE;412100001A;PR;Centro;-23,085982;-53,482169;2025-03-26 03:00:00.0;0,20
QUERÊNCIA DO NORTE;412100001A;PR;Centro;-23,085982;-53,482169;2025-03-26 03:20:00.0;0,00
QUERÊNCIA DO NORTE;412100001A;PR;Centro;-23,085982;-53,482169;2025-03-26 03:40:00.0;0,20
QUERÊNCIA DO NORTE;412100001A;PR;Centro;-23,085982;-53,482169;2025-03-26 03:50:00.0;0,20
QUERÊNCIA DO NORTE;412100001A;PR;Centro;-23,085982;-53,482169;2025-03-26 04:00:00.0;0,40
QUERÊNCIA DO NORTE;412100001A;PR;Centro;-23,085982;-53,482169;2025-03-26 04:20:00.0;0,20
QUERÊNCIA DO NORTE;412100001A;PR;Centro;-23,085982;-53,482169;2025-03-26 04:30:00.0;0,20
QUERÊNCIA DO NORTE;412100001A;PR;Centro;-23,085982;-53,482169;2025-03-26 04:40:00.0;0,20
QUERÊNCIA DO NORTE;412100001A;PR;Centro;-23,085982;-53,482169;2025-03-26 04:50:00.0;0,40
QUERÊNCIA DO NORTE;412100001A;PR;Centro;-23,085982;-53,482169;2025-03-26 05:00:00.0;0,20
QUERÊNCIA DO NORTE;412100001A;PR;Centro;-23,085982;-53,482169;2025-03-26 05:10:00.0;0,20
QUERÊNCIA DO NORTE;412100001A;PR;Centro;-23,085982;-53,482169;2025-03-26 05:20:00.0;0,00
QUERÊNCIA DO NORTE;412100001A;PR;Centro;-23,085982;-53,482169;2025-03-26 06:20:00.0;0,00
QUERÊNCIA DO NORTE;412100001A;PR;Centro;-23,085982;-53,482169;2025-03-26 07:20:00.0;0,00
QUERÊNCIA DO NORTE;412100001A;PR;Centro;-23,085982;-53,482169;2025-03-26 08:20:00.0;0,00
QUERÊNCIA DO NORTE;412100001A;PR;Centro;-23,085982;-53,482169;2025-03-26 09:20:00.0;0,00
QUERÊNCIA DO NORTE;412100001A;PR;Centro;-23,085982;-53,482169;2025-03-26 10:20:00.0;0,00
QUERÊNCIA DO NORTE;412100001A;PR;Centro;-23,085982;-53,482169;2025-03-26 11:20:00.0;0,00
QUERÊNCIA DO NORTE;412100001A;PR;Centro;-23,085982;-53,482169;2025-03-26 12:20:00.0;0,00
QUERÊNCIA DO NORTE;412100001A;PR;Centro;-23,085982;-53,482169;2025-03-26 13:20:00.0;0,00
QUERÊNCIA DO NORTE;412100001A;PR;Centro;-23,085982;-53,482169;2025-03-26 14:10:00.0;0,20
QUERÊNCIA DO NORTE;412100001A;PR;Centro;-23,085982;-53,482169;2025-03-26 15:20:00.0;0,00
QUERÊNCIA DO NORTE;412100001A;PR;Centro;-23,085982;-53,482169;2025-03-26 16:20:00.0;0,00
QUERÊNCIA DO NORTE;412100001A;PR;Centro;-23,085982;-53,482169;2025-03-26 17:20:00.0;0,00
QUERÊNCIA DO NORTE;412100001A;PR;Centro;-23,085982;-53,482169;2025-03-26 18:20:00.0;0,00
QUERÊNCIA DO NORTE;412100001A;PR;Centro;-23,085982;-53,482169;2025-03-26 19:20:00.0;0,00
QUERÊNCIA DO NORTE;412100001A;PR;Centro;-23,085982;-53,482169;2025-03-26 20:20:00.0;0,00
QUERÊNCIA DO NORTE;412100001A;PR;Centro;-23,085982;-53,482169;2025-03-26 21:20:00.0;0,00
QUERÊNCIA DO NORTE;412100001A;PR;Centro;-23,085982;-53,482169;2025-03-26 22:20:00.0;0,00
QUERÊNCIA DO NORTE;412100001A;PR;Centro;-23,085982;-53,482169;2025-03-26 23:20:00.0;0,00
QUERÊNCIA DO NORTE;412100001A;PR;Centro;-23,085982;-53,482169;2025-03-27 00:20:00.0;0,00
QUERÊNCIA DO NORTE;412100001A;PR;Centro;-23,085982;-53,482169;2025-03-27 01:20:00.0;0,00
QUERÊNCIA DO NORTE;412100001A;PR;Centro;-23,085982;-53,482169;2025-03-27 02:20:00.0;0,00
QUERÊNCIA DO NORTE;412100001A;PR;Centro;-23,085982;-53,482169;2025-03-27 03:20:00.0;0,00
QUERÊNCIA DO NORTE;412100001A;PR;Centro;-23,085982;-53,482169;2025-03-27 04:20:00.0;0,00
QUERÊNCIA DO NORTE;412100001A;PR;Centro;-23,085982;-53,482169;2025-03-27 05:20:00.0;0,00
QUERÊNCIA DO NORTE;412100001A;PR;Centro;-23,085982;-53,482169;2025-03-27 06:20:00.0;0,00
QUERÊNCIA DO NORTE;412100001A;PR;Centro;-23,085982;-53,482169;2025-03-27 07:20:00.0;0,00
QUERÊNCIA DO NORTE;412100001A;PR;Centro;-23,085982;-53,482169;2025-03-27 08:20:00.0;0,00
QUERÊNCIA DO NORTE;412100001A;PR;Centro;-23,085982;-53,482169;2025-03-27 09:20:00.0;0,00
QUERÊNCIA DO NORTE;412100001A;PR;Centro;-23,085982;-53,482169;2025-03-27 10:20:00.0;0,00
QUERÊNCIA DO NORTE;412100001A;PR;Centro;-23,085982;-53,482169;2025-03-27 11:20:00.0;0,00
QUERÊNCIA DO NORTE;412100001A;PR;Centro;-23,085982;-53,482169;2025-03-27 12:20:00.0;0,00
QUERÊNCIA DO NORTE;412100001A;PR;Centro;-23,085982;-53,482169;2025-03-27 13:20:00.0;0,00
QUERÊNCIA DO NORTE;412100001A;PR;Centro;-23,085982;-53,482169;2025-03-27 14:20:00.0;0,00
QUERÊNCIA DO NORTE;412100001A;PR;Centro;-23,085982;-53,482169;2025-03-27 15:20:00.0;0,00
QUERÊNCIA DO NORTE;412100001A;PR;Centro;-23,085982;-53,482169;2025-03-27 16:20:00.0;0,00
QUERÊNCIA DO NORTE;412100001A;PR;Centro;-23,085982;-53,482169;2025-03-27 17:20:00.0;0,00
QUERÊNCIA DO NORTE;412100001A;PR;Centro;-23,085982;-53,482169;2025-03-27 18:20:00.0;0,00
QUERÊNCIA DO NORTE;412100001A;PR;Centro;-23,085982;-53,482169;2025-03-27 19:20:00.0;0,00
QUERÊNCIA DO NORTE;412100001A;PR;Centro;-23,085982;-53,482169;2025-03-27 20:20:00.0;0,00
QUERÊNCIA DO NORTE;412100001A;PR;Centro;-23,085982;-53,482169;2025-03-27 21:20:00.0;0,00
QUERÊNCIA DO NORTE;412100001A;PR;Centro;-23,085982;-53,482169;2025-03-27 22:20:00.0;0,00
QUERÊNCIA DO NORTE;412100001A;PR;Centro;-23,085982;-53,482169;2025-03-27 23:20:00.0;0,00
QUERÊNCIA DO NORTE;412100001A;PR;Centro;-23,085982;-53,482169;2025-03-28 00:20:00.0;0,00
QUERÊNCIA DO NORTE;412100001A;PR;Centro;-23,085982;-53,482169;2025-03-28 01:20:00.0;0,00
QUERÊNCIA DO NORTE;412100001A;PR;Centro;-23,085982;-53,482169;2025-03-28 02:20:00.0;0,00
QUERÊNCIA DO NORTE;412100001A;PR;Centro;-23,085982;-53,482169;2025-03-28 03:20:00.0;0,00
QUERÊNCIA DO NORTE;412100001A;PR;Centro;-23,085982;-53,482169;2025-03-28 04:20:00.0;0,00
QUERÊNCIA DO NORTE;412100001A;PR;Centro;-23,085982;-53,482169;2025-03-28 05:20:00.0;0,00
QUERÊNCIA DO NORTE;412100001A;PR;Centro;-23,085982;-53,482169;2025-03-28 06:20:00.0;0,40
QUERÊNCIA DO NORTE;412100001A;PR;Centro;-23,085982;-53,482169;2025-03-28 06:30:00.0;0,40
QUERÊNCIA DO NORTE;412100001A;PR;Centro;-23,085982;-53,482169;2025-03-28 06:40:00.0;0,40
QUERÊNCIA DO NORTE;412100001A;PR;Centro;-23,085982;-53,482169;2025-03-28 06:50:00.0;0,20
QUERÊNCIA DO NORTE;412100001A;PR;Centro;-23,085982;-53,482169;2025-03-28 07:00:00.0;0,60
QUERÊNCIA DO NORTE;412100001A;PR;Centro;-23,085982;-53,482169;2025-03-28 07:10:00.0;0,40
QUERÊNCIA DO NORTE;412100001A;PR;Centro;-23,085982;-53,482169;2025-03-28 07:20:00.0;0,80
QUERÊNCIA DO NORTE;412100001A;PR;Centro;-23,085982;-53,482169;2025-03-28 07:30:00.0;0,60
QUERÊNCIA DO NORTE;412100001A;PR;Centro;-23,085982;-53,482169;2025-03-28 08:20:00.0;0,00
QUERÊNCIA DO NORTE;412100001A;PR;Centro;-23,085982;-53,482169;2025-03-28 08:50:00.0;0,40
QUERÊNCIA DO NORTE;412100001A;PR;Centro;-23,085982;-53,482169;2025-03-28 09:20:00.0;0,00
QUERÊNCIA DO NORTE;412100001A;PR;Centro;-23,085982;-53,482169;2025-03-28 10:20:00.0;0,00
QUERÊNCIA DO NORTE;412100001A;PR;Centro;-23,085982;-53,482169;2025-03-28 11:20:00.0;0,00
QUERÊNCIA DO NORTE;412100001A;PR;Centro;-23,085982;-53,482169;2025-03-28 12:20:00.0;0,00
QUERÊNCIA DO NORTE;412100001A;PR;Centro;-23,085982;-53,482169;2025-03-28 13:20:00.0;0,00
QUERÊNCIA DO NORTE;412100001A;PR;Centro;-23,085982;-53,482169;2025-03-28 14:20:00.0;0,00
QUERÊNCIA DO NORTE;412100001A;PR;Centro;-23,085982;-53,482169;2025-03-28 15:20:00.0;0,00
QUERÊNCIA DO NORTE;412100001A;PR;Centro;-23,085982;-53,482169;2025-03-28 16:20:00.0;0,00
QUERÊNCIA DO NORTE;412100001A;PR;Centro;-23,085982;-53,482169;2025-03-28 17:20:00.0;0,00
QUERÊNCIA DO NORTE;412100001A;PR;Centro;-23,085982;-53,482169;2025-03-28 18:20:00.0;0,00
QUERÊNCIA DO NORTE;412100001A;PR;Centro;-23,085982;-53,482169;2025-03-28 19:20:00.0;0,00
QUERÊNCIA DO NORTE;412100001A;PR;Centro;-23,085982;-53,482169;2025-03-28 20:20:00.0;0,00
QUERÊNCIA DO NORTE;412100001A;PR;Centro;-23,085982;-53,482169;2025-03-28 21:20:00.0;0,00
QUERÊNCIA DO NORTE;412100001A;PR;Centro;-23,085982;-53,482169;2025-03-28 22:20:00.0;0,00
QUERÊNCIA DO NORTE;412100001A;PR;Centro;-23,085982;-53,482169;2025-03-28 23:20:00.0;0,00
QUERÊNCIA DO NORTE;412100001A;PR;Centro;-23,085982;-53,482169;2025-03-29 00:20:00.0;0,00
QUERÊNCIA DO NORTE;412100001A;PR;Centro;-23,085982;-53,482169;2025-03-29 01:20:00.0;0,00
QUERÊNCIA DO NORTE;412100001A;PR;Centro;-23,085982;-53,482169;2025-03-29 02:20:00.0;0,00
QUERÊNCIA DO NORTE;412100001A;PR;Centro;-23,085982;-53,482169;2025-03-29 03:20:00.0;0,00
QUERÊNCIA DO NORTE;412100001A;PR;Centro;-23,085982;-53,482169;2025-03-29 04:00:00.0;0,80
QUERÊNCIA DO NORTE;412100001A;PR;Centro;-23,085982;-53,482169;2025-03-29 04:10:00.0;1,00
QUERÊNCIA DO NORTE;412100001A;PR;Centro;-23,085982;-53,482169;2025-03-29 04:20:00.0;2,00
QUERÊNCIA DO NORTE;412100001A;PR;Centro;-23,085982;-53,482169;2025-03-29 04:30:00.0;0,40
QUERÊNCIA DO NORTE;412100001A;PR;Centro;-23,085982;-53,482169;2025-03-29 04:40:00.0;0,80
QUERÊNCIA DO NORTE;412100001A;PR;Centro;-23,085982;-53,482169;2025-03-29 04:50:00.0;0,40
QUERÊNCIA DO NORTE;412100001A;PR;Centro;-23,085982;-53,482169;2025-03-29 05:00:00.0;0,40
QUERÊNCIA DO NORTE;412100001A;PR;Centro;-23,085982;-53,482169;2025-03-29 05:10:00.0;0,20
QUERÊNCIA DO NORTE;412100001A;PR;Centro;-23,085982;-53,482169;2025-03-29 05:20:00.0;0,20
QUERÊNCIA DO NORTE;412100001A;PR;Centro;-23,085982;-53,482169;2025-03-29 05:30:00.0;0,20
QUERÊNCIA DO NORTE;412100001A;PR;Centro;-23,085982;-53,482169;2025-03-29 06:00:00.0;0,40
QUERÊNCIA DO NORTE;412100001A;PR;Centro;-23,085982;-53,482169;2025-03-29 06:20:00.0;0,00
QUERÊNCIA DO NORTE;412100001A;PR;Centro;-23,085982;-53,482169;2025-03-29 06:40:00.0;0,20
QUERÊNCIA DO NORTE;412100001A;PR;Centro;-23,085982;-53,482169;2025-03-29 07:00:00.0;0,20
QUERÊNCIA DO NORTE;412100001A;PR;Centro;-23,085982;-53,482169;2025-03-29 07:20:00.0;0,20
QUERÊNCIA DO NORTE;412100001A;PR;Centro;-23,085982;-53,482169;2025-03-29 07:40:00.0;0,20
QUERÊNCIA DO NORTE;412100001A;PR;Centro;-23,085982;-53,482169;2025-03-29 08:00:00.0;0,40
QUERÊNCIA DO NORTE;412100001A;PR;Centro;-23,085982;-53,482169;2025-03-29 08:10:00.0;0,40
QUERÊNCIA DO NORTE;412100001A;PR;Centro;-23,085982;-53,482169;2025-03-29 08:20:00.0;0,20
QUERÊNCIA DO NORTE;412100001A;PR;Centro;-23,085982;-53,482169;2025-03-29 08:30:00.0;0,60
QUERÊNCIA DO NORTE;412100001A;PR;Centro;-23,085982;-53,482169;2025-03-29 08:40:00.0;0,20
QUERÊNCIA DO NORTE;412100001A;PR;Centro;-23,085982;-53,482169;2025-03-29 08:50:00.0;0,60
QUERÊNCIA DO NORTE;412100001A;PR;Centro;-23,085982;-53,482169;2025-03-29 09:00:00.0;0,60
QUERÊNCIA DO NORTE;412100001A;PR;Centro;-23,085982;-53,482169;2025-03-29 09:10:00.0;0,40
QUERÊNCIA DO NORTE;412100001A;PR;Centro;-23,085982;-53,482169;2025-03-29 09:20:00.0;0,20
QUERÊNCIA DO NORTE;412100001A;PR;Centro;-23,085982;-53,482169;2025-03-29 09:30:00.0;0,40
QUERÊNCIA DO NORTE;412100001A;PR;Centro;-23,085982;-53,482169;2025-03-29 10:00:00.0;0,20
QUERÊNCIA DO NORTE;412100001A;PR;Centro;-23,085982;-53,482169;2025-03-29 10:20:00.0;0,00
QUERÊNCIA DO NORTE;412100001A;PR;Centro;-23,085982;-53,482169;2025-03-29 11:10:00.0;0,20
QUERÊNCIA DO NORTE;412100001A;PR;Centro;-23,085982;-53,482169;2025-03-29 11:20:00.0;0,00
QUERÊNCIA DO NORTE;412100001A;PR;Centro;-23,085982;-53,482169;2025-03-29 12:20:00.0;0,00
QUERÊNCIA DO NORTE;412100001A;PR;Centro;-23,085982;-53,482169;2025-03-29 13:20:00.0;0,00
QUERÊNCIA DO NORTE;412100001A;PR;Centro;-23,085982;-53,482169;2025-03-29 14:20:00.0;0,00
QUERÊNCIA DO NORTE;412100001A;PR;Centro;-23,085982;-53,482169;2025-03-29 14:30:00.0;0,20
QUERÊNCIA DO NORTE;412100001A;PR;Centro;-23,085982;-53,482169;2025-03-29 14:50:00.0;0,20
QUERÊNCIA DO NORTE;412100001A;PR;Centro;-23,085982;-53,482169;2025-03-29 15:00:00.0;0,20
QUERÊNCIA DO NORTE;412100001A;PR;Centro;-23,085982;-53,482169;2025-03-29 15:10:00.0;0,20
QUERÊNCIA DO NORTE;412100001A;PR;Centro;-23,085982;-53,482169;2025-03-29 15:20:00.0;0,00
QUERÊNCIA DO NORTE;412100001A;PR;Centro;-23,085982;-53,482169;2025-03-29 15:40:00.0;0,20
QUERÊNCIA DO NORTE;412100001A;PR;Centro;-23,085982;-53,482169;2025-03-29 16:20:00.0;0,00
QUERÊNCIA DO NORTE;412100001A;PR;Centro;-23,085982;-53,482169;2025-03-29 17:20:00.0;0,00
QUERÊNCIA DO NORTE;412100001A;PR;Centro;-23,085982;-53,482169;2025-03-29 18:20:00.0;0,00
QUERÊNCIA DO NORTE;412100001A;PR;Centro;-23,085982;-53,482169;2025-03-29 19:20:00.0;0,00
QUERÊNCIA DO NORTE;412100001A;PR;Centro;-23,085982;-53,482169;2025-03-29 20:20:00.0;0,00
QUERÊNCIA DO NORTE;412100001A;PR;Centro;-23,085982;-53,482169;2025-03-29 21:20:00.0;0,00
QUERÊNCIA DO NORTE;412100001A;PR;Centro;-23,085982;-53,482169;2025-03-29 22:20:00.0;0,00
QUERÊNCIA DO NORTE;412100001A;PR;Centro;-23,085982;-53,482169;2025-03-29 23:20:00.0;0,00
QUERÊNCIA DO NORTE;412100001A;PR;Centro;-23,085982;-53,482169;2025-03-30 00:20:00.0;0,00
QUERÊNCIA DO NORTE;412100001A;PR;Centro;-23,085982;-53,482169;2025-03-30 01:20:00.0;0,00
QUERÊNCIA DO NORTE;412100001A;PR;Centro;-23,085982;-53,482169;2025-03-30 02:20:00.0;0,00
QUERÊNCIA DO NORTE;412100001A;PR;Centro;-23,085982;-53,482169;2025-03-30 03:20:00.0;0,00
QUERÊNCIA DO NORTE;412100001A;PR;Centro;-23,085982;-53,482169;2025-03-30 04:20:00.0;0,00
QUERÊNCIA DO NORTE;412100001A;PR;Centro;-23,085982;-53,482169;2025-03-30 05:20:00.0;0,00
QUERÊNCIA DO NORTE;412100001A;PR;Centro;-23,085982;-53,482169;2025-03-30 06:20:00.0;0,00
QUERÊNCIA DO NORTE;412100001A;PR;Centro;-23,085982;-53,482169;2025-03-30 07:20:00.0;0,00
QUERÊNCIA DO NORTE;412100001A;PR;Centro;-23,085982;-53,482169;2025-03-30 08:20:00.0;0,00
QUERÊNCIA DO NORTE;412100001A;PR;Centro;-23,085982;-53,482169;2025-03-30 09:20:00.0;0,00
QUERÊNCIA DO NORTE;412100001A;PR;Centro;-23,085982;-53,482169;2025-03-30 10:20:00.0;0,00
QUERÊNCIA DO NORTE;412100001A;PR;Centro;-23,085982;-53,482169;2025-03-30 11:20:00.0;0,00
QUERÊNCIA DO NORTE;412100001A;PR;Centro;-23,085982;-53,482169;2025-03-30 12:20:00.0;0,00
QUERÊNCIA DO NORTE;412100001A;PR;Centro;-23,085982;-53,482169;2025-03-30 13:20:00.0;0,00
QUERÊNCIA DO NORTE;412100001A;PR;Centro;-23,085982;-53,482169;2025-03-30 14:20:00.0;0,00
QUERÊNCIA DO NORTE;412100001A;PR;Centro;-23,085982;-53,482169;2025-03-30 15:20:00.0;0,00
QUERÊNCIA DO NORTE;412100001A;PR;Centro;-23,085982;-53,482169;2025-03-30 16:20:00.0;0,00
QUERÊNCIA DO NORTE;412100001A;PR;Centro;-23,085982;-53,482169;2025-03-30 17:20:00.0;0,00
QUERÊNCIA DO NORTE;412100001A;PR;Centro;-23,085982;-53,482169;2025-03-30 18:20:00.0;0,00
QUERÊNCIA DO NORTE;412100001A;PR;Centro;-23,085982;-53,482169;2025-03-30 19:20:00.0;0,00
QUERÊNCIA DO NORTE;412100001A;PR;Centro;-23,085982;-53,482169;2025-03-30 20:20:00.0;0,00
QUERÊNCIA DO NORTE;412100001A;PR;Centro;-23,085982;-53,482169;2025-03-30 21:20:00.0;0,00
QUERÊNCIA DO NORTE;412100001A;PR;Centro;-23,085982;-53,482169;2025-03-30 22:20:00.0;0,00
QUERÊNCIA DO NORTE;412100001A;PR;Centro;-23,085982;-53,482169;2025-03-30 23:20:00.0;0,00
QUERÊNCIA DO NORTE;412100001A;PR;Centro;-23,085982;-53,482169;2025-03-31 00:20:00.0;0,00
QUERÊNCIA DO NORTE;412100001A;PR;Centro;-23,085982;-53,482169;2025-03-31 01:20:00.0;0,00
QUERÊNCIA DO NORTE;412100001A;PR;Centro;-23,085982;-53,482169;2025-03-31 02:20:00.0;0,00
QUERÊNCIA DO NORTE;412100001A;PR;Centro;-23,085982;-53,482169;2025-03-31 03:20:00.0;0,00
QUERÊNCIA DO NORTE;412100001A;PR;Centro;-23,085982;-53,482169;2025-03-31 04:20:00.0;0,00
QUERÊNCIA DO NORTE;412100001A;PR;Centro;-23,085982;-53,482169;2025-03-31 05:20:00.0;0,00
QUERÊNCIA DO NORTE;412100001A;PR;Centro;-23,085982;-53,482169;2025-03-31 06:20:00.0;0,00
QUERÊNCIA DO NORTE;412100001A;PR;Centro;-23,085982;-53,482169;2025-03-31 07:20:00.0;0,00
QUERÊNCIA DO NORTE;412100001A;PR;Centro;-23,085982;-53,482169;2025-03-31 08:20:00.0;0,00
QUERÊNCIA DO NORTE;412100001A;PR;Centro;-23,085982;-53,482169;2025-03-31 09:20:00.0;0,00
QUERÊNCIA DO NORTE;412100001A;PR;Centro;-23,085982;-53,482169;2025-03-31 10:20:00.0;0,00
QUERÊNCIA DO NORTE;412100001A;PR;Centro;-23,085982;-53,482169;2025-03-31 11:20:00.0;0,00
QUERÊNCIA DO NORTE;412100001A;PR;Centro;-23,085982;-53,482169;2025-03-31 12:20:00.0;0,00
QUERÊNCIA DO NORTE;412100001A;PR;Centro;-23,085982;-53,482169;2025-03-31 13:20:00.0;0,00
QUERÊNCIA DO NORTE;412100001A;PR;Centro;-23,085982;-53,482169;2025-03-31 14:20:00.0;0,00
QUERÊNCIA DO NORTE;412100001A;PR;Centro;-23,085982;-53,482169;2025-03-31 15:20:00.0;0,00
QUERÊNCIA DO NORTE;412100001A;PR;Centro;-23,085982;-53,482169;2025-03-31 17:20:00.0;0,00
QUERÊNCIA DO NORTE;412100001A;PR;Centro;-23,085982;-53,482169;2025-03-31 18:20:00.0;0,00
QUERÊNCIA DO NORTE;412100001A;PR;Centro;-23,085982;-53,482169;2025-03-31 19:20:00.0;0,00
QUERÊNCIA DO NORTE;412100001A;PR;Centro;-23,085982;-53,482169;2025-03-31 20:20:00.0;0,00
QUERÊNCIA DO NORTE;412100001A;PR;Centro;-23,085982;-53,482169;2025-03-31 21:20:00.0;0,00
QUERÊNCIA DO NORTE;412100001A;PR;Centro;-23,085982;-53,482169;2025-03-31 22:20:00.0;0,00
QUERÊNCIA DO NORTE;412100001A;PR;Centro;-23,085982;-53,482169;2025-03-31 23:20:00.0;0,00
RIO BRANCO DO SUL;412220601A;PR;Rio Branco do Sul l;-25,167;-49,309;2025-03-01 00:10:00.0;0,00
RIO BRANCO DO SUL;412220601A;PR;Rio Branco do Sul l;-25,167;-49,309;2025-03-01 01:10:00.0;0,00
RIO BRANCO DO SUL;412220601A;PR;Rio Branco do Sul l;-25,167;-49,309;2025-03-01 02:10:00.0;0,00
RIO BRANCO DO SUL;412220601A;PR;Rio Branco do Sul l;-25,167;-49,309;2025-03-01 03:10:00.0;0,00
RIO BRANCO DO SUL;412220601A;PR;Rio Branco do Sul l;-25,167;-49,309;2025-03-01 04:10:00.0;0,00
RIO BRANCO DO SUL;412220601A;PR;Rio Branco do Sul l;-25,167;-49,309;2025-03-01 05:10:00.0;0,00
RIO BRANCO DO SUL;412220601A;PR;Rio Branco do Sul l;-25,167;-49,309;2025-03-01 06:10:00.0;0,00
RIO BRANCO DO SUL;412220601A;PR;Rio Branco do Sul l;-25,167;-49,309;2025-03-01 07:10:00.0;0,00
RIO BRANCO DO SUL;412220601A;PR;Rio Branco do Sul l;-25,167;-49,309;2025-03-01 08:10:00.0;0,00
RIO BRANCO DO SUL;412220601A;PR;Rio Branco do Sul l;-25,167;-49,309;2025-03-01 09:10:00.0;0,00
RIO BRANCO DO SUL;412220601A;PR;Rio Branco do Sul l;-25,167;-49,309;2025-03-01 10:10:00.0;0,00
RIO BRANCO DO SUL;412220601A;PR;Rio Branco do Sul l;-25,167;-49,309;2025-03-01 11:10:00.0;0,00
RIO BRANCO DO SUL;412220601A;PR;Rio Branco do Sul l;-25,167;-49,309;2025-03-01 12:10:00.0;0,00
RIO BRANCO DO SUL;412220601A;PR;Rio Branco do Sul l;-25,167;-49,309;2025-03-01 13:10:00.0;0,00
RIO BRANCO DO SUL;412220601A;PR;Rio Branco do Sul l;-25,167;-49,309;2025-03-01 14:10:00.0;0,00
RIO BRANCO DO SUL;412220601A;PR;Rio Branco do Sul l;-25,167;-49,309;2025-03-01 15:10:00.0;0,00
RIO BRANCO DO SUL;412220601A;PR;Rio Branco do Sul l;-25,167;-49,309;2025-03-01 16:10:00.0;0,00
RIO BRANCO DO SUL;412220601A;PR;Rio Branco do Sul l;-25,167;-49,309;2025-03-01 17:10:00.0;0,00
RIO BRANCO DO SUL;412220601A;PR;Rio Branco do Sul l;-25,167;-49,309;2025-03-01 18:10:00.0;0,00
RIO BRANCO DO SUL;412220601A;PR;Rio Branco do Sul l;-25,167;-49,309;2025-03-01 19:10:00.0;0,00
RIO BRANCO DO SUL;412220601A;PR;Rio Branco do Sul l;-25,167;-49,309;2025-03-01 20:10:00.0;0,00
RIO BRANCO DO SUL;412220601A;PR;Rio Branco do Sul l;-25,167;-49,309;2025-03-01 21:10:00.0;0,00
RIO BRANCO DO SUL;412220601A;PR;Rio Branco do Sul l;-25,167;-49,309;2025-03-01 22:10:00.0;0,00
RIO BRANCO DO SUL;412220601A;PR;Rio Branco do Sul l;-25,167;-49,309;2025-03-01 23:10:00.0;0,00
RIO BRANCO DO SUL;412220601A;PR;Rio Branco do Sul l;-25,167;-49,309;2025-03-02 00:10:00.0;0,00
RIO BRANCO DO SUL;412220601A;PR;Rio Branco do Sul l;-25,167;-49,309;2025-03-02 01:10:00.0;0,00
RIO BRANCO DO SUL;412220601A;PR;Rio Branco do Sul l;-25,167;-49,309;2025-03-02 02:10:00.0;0,00
RIO BRANCO DO SUL;412220601A;PR;Rio Branco do Sul l;-25,167;-49,309;2025-03-02 03:10:00.0;0,00
RIO BRANCO DO SUL;412220601A;PR;Rio Branco do Sul l;-25,167;-49,309;2025-03-02 04:10:00.0;0,00
RIO BRANCO DO SUL;412220601A;PR;Rio Branco do Sul l;-25,167;-49,309;2025-03-02 05:10:00.0;0,00
RIO BRANCO DO SUL;412220601A;PR;Rio Branco do Sul l;-25,167;-49,309;2025-03-02 06:10:00.0;0,00
RIO BRANCO DO SUL;412220601A;PR;Rio Branco do Sul l;-25,167;-49,309;2025-03-02 07:10:00.0;0,00
RIO BRANCO DO SUL;412220601A;PR;Rio Branco do Sul l;-25,167;-49,309;2025-03-02 08:10:00.0;0,00
RIO BRANCO DO SUL;412220601A;PR;Rio Branco do Sul l;-25,167;-49,309;2025-03-02 09:10:00.0;0,00
RIO BRANCO DO SUL;412220601A;PR;Rio Branco do Sul l;-25,167;-49,309;2025-03-02 10:10:00.0;0,00
RIO BRANCO DO SUL;412220601A;PR;Rio Branco do Sul l;-25,167;-49,309;2025-03-02 11:10:00.0;0,00
RIO BRANCO DO SUL;412220601A;PR;Rio Branco do Sul l;-25,167;-49,309;2025-03-02 12:10:00.0;0,00
RIO BRANCO DO SUL;412220601A;PR;Rio Branco do Sul l;-25,167;-49,309;2025-03-02 13:10:00.0;0,00
RIO BRANCO DO SUL;412220601A;PR;Rio Branco do Sul l;-25,167;-49,309;2025-03-02 14:10:00.0;0,00
RIO BRANCO DO SUL;412220601A;PR;Rio Branco do Sul l;-25,167;-49,309;2025-03-02 15:10:00.0;0,00
RIO BRANCO DO SUL;412220601A;PR;Rio Branco do Sul l;-25,167;-49,309;2025-03-02 16:10:00.0;0,00
RIO BRANCO DO SUL;412220601A;PR;Rio Branco do Sul l;-25,167;-49,309;2025-03-02 17:10:00.0;0,00
RIO BRANCO DO SUL;412220601A;PR;Rio Branco do Sul l;-25,167;-49,309;2025-03-02 18:10:00.0;0,00
RIO BRANCO DO SUL;412220601A;PR;Rio Branco do Sul l;-25,167;-49,309;2025-03-02 19:10:00.0;0,00
RIO BRANCO DO SUL;412220601A;PR;Rio Branco do Sul l;-25,167;-49,309;2025-03-02 20:10:00.0;0,00
RIO BRANCO DO SUL;412220601A;PR;Rio Branco do Sul l;-25,167;-49,309;2025-03-02 21:10:00.0;0,00
RIO BRANCO DO SUL;412220601A;PR;Rio Branco do Sul l;-25,167;-49,309;2025-03-02 22:10:00.0;0,00
RIO BRANCO DO SUL;412220601A;PR;Rio Branco do Sul l;-25,167;-49,309;2025-03-02 23:10:00.0;0,00
RIO BRANCO DO SUL;412220601A;PR;Rio Branco do Sul l;-25,167;-49,309;2025-03-03 00:10:00.0;0,00
RIO BRANCO DO SUL;412220601A;PR;Rio Branco do Sul l;-25,167;-49,309;2025-03-03 01:10:00.0;0,00
RIO BRANCO DO SUL;412220601A;PR;Rio Branco do Sul l;-25,167;-49,309;2025-03-03 02:10:00.0;0,00
RIO BRANCO DO SUL;412220601A;PR;Rio Branco do Sul l;-25,167;-49,309;2025-03-03 03:10:00.0;0,00
RIO BRANCO DO SUL;412220601A;PR;Rio Branco do Sul l;-25,167;-49,309;2025-03-03 04:10:00.0;0,00
RIO BRANCO DO SUL;412220601A;PR;Rio Branco do Sul l;-25,167;-49,309;2025-03-03 05:10:00.0;0,00
RIO BRANCO DO SUL;412220601A;PR;Rio Branco do Sul l;-25,167;-49,309;2025-03-03 06:10:00.0;0,00
RIO BRANCO DO SUL;412220601A;PR;Rio Branco do Sul l;-25,167;-49,309;2025-03-03 07:10:00.0;0,00
RIO BRANCO DO SUL;412220601A;PR;Rio Branco do Sul l;-25,167;-49,309;2025-03-03 08:10:00.0;0,00
RIO BRANCO DO SUL;412220601A;PR;Rio Branco do Sul l;-25,167;-49,309;2025-03-03 09:10:00.0;0,00
RIO BRANCO DO SUL;412220601A;PR;Rio Branco do Sul l;-25,167;-49,309;2025-03-03 10:10:00.0;0,00
RIO BRANCO DO SUL;412220601A;PR;Rio Branco do Sul l;-25,167;-49,309;2025-03-03 11:10:00.0;0,00
RIO BRANCO DO SUL;412220601A;PR;Rio Branco do Sul l;-25,167;-49,309;2025-03-03 12:10:00.0;0,00
RIO BRANCO DO SUL;412220601A;PR;Rio Branco do Sul l;-25,167;-49,309;2025-03-03 13:10:00.0;0,00
RIO BRANCO DO SUL;412220601A;PR;Rio Branco do Sul l;-25,167;-49,309;2025-03-03 14:10:00.0;0,00
RIO BRANCO DO SUL;412220601A;PR;Rio Branco do Sul l;-25,167;-49,309;2025-03-03 15:10:00.0;0,00
RIO BRANCO DO SUL;412220601A;PR;Rio Branco do Sul l;-25,167;-49,309;2025-03-03 16:10:00.0;0,00
RIO BRANCO DO SUL;412220601A;PR;Rio Branco do Sul l;-25,167;-49,309;2025-03-03 17:10:00.0;0,00
RIO BRANCO DO SUL;412220601A;PR;Rio Branco do Sul l;-25,167;-49,309;2025-03-03 18:10:00.0;0,00
RIO BRANCO DO SUL;412220601A;PR;Rio Branco do Sul l;-25,167;-49,309;2025-03-03 19:10:00.0;0,00
RIO BRANCO DO SUL;412220601A;PR;Rio Branco do Sul l;-25,167;-49,309;2025-03-03 20:10:00.0;0,00
RIO BRANCO DO SUL;412220601A;PR;Rio Branco do Sul l;-25,167;-49,309;2025-03-03 21:10:00.0;0,00
RIO BRANCO DO SUL;412220601A;PR;Rio Branco do Sul l;-25,167;-49,309;2025-03-03 22:10:00.0;0,00
RIO BRANCO DO SUL;412220601A;PR;Rio Branco do Sul l;-25,167;-49,309;2025-03-03 23:10:00.0;0,00
RIO BRANCO DO SUL;412220601A;PR;Rio Branco do Sul l;-25,167;-49,309;2025-03-04 00:10:00.0;0,00
RIO BRANCO DO SUL;412220601A;PR;Rio Branco do Sul l;-25,167;-49,309;2025-03-04 01:10:00.0;0,00
RIO BRANCO DO SUL;412220601A;PR;Rio Branco do Sul l;-25,167;-49,309;2025-03-04 02:10:00.0;0,00
RIO BRANCO DO SUL;412220601A;PR;Rio Branco do Sul l;-25,167;-49,309;2025-03-04 03:10:00.0;0,00
RIO BRANCO DO SUL;412220601A;PR;Rio Branco do Sul l;-25,167;-49,309;2025-03-04 04:10:00.0;0,00
RIO BRANCO DO SUL;412220601A;PR;Rio Branco do Sul l;-25,167;-49,309;2025-03-04 05:10:00.0;0,00
RIO BRANCO DO SUL;412220601A;PR;Rio Branco do Sul l;-25,167;-49,309;2025-03-04 06:10:00.0;0,00
RIO BRANCO DO SUL;412220601A;PR;Rio Branco do Sul l;-25,167;-49,309;2025-03-04 07:10:00.0;0,00
RIO BRANCO DO SUL;412220601A;PR;Rio Branco do Sul l;-25,167;-49,309;2025-03-04 08:10:00.0;0,00
RIO BRANCO DO SUL;412220601A;PR;Rio Branco do Sul l;-25,167;-49,309;2025-03-04 09:10:00.0;0,00
RIO BRANCO DO SUL;412220601A;PR;Rio Branco do Sul l;-25,167;-49,309;2025-03-04 10:10:00.0;0,00
RIO BRANCO DO SUL;412220601A;PR;Rio Branco do Sul l;-25,167;-49,309;2025-03-04 11:10:00.0;0,00
RIO BRANCO DO SUL;412220601A;PR;Rio Branco do Sul l;-25,167;-49,309;2025-03-04 12:10:00.0;0,00
RIO BRANCO DO SUL;412220601A;PR;Rio Branco do Sul l;-25,167;-49,309;2025-03-04 13:10:00.0;0,00
RIO BRANCO DO SUL;412220601A;PR;Rio Branco do Sul l;-25,167;-49,309;2025-03-04 14:10:00.0;0,00
RIO BRANCO DO SUL;412220601A;PR;Rio Branco do Sul l;-25,167;-49,309;2025-03-04 15:10:00.0;0,00
RIO BRANCO DO SUL;412220601A;PR;Rio Branco do Sul l;-25,167;-49,309;2025-03-04 16:10:00.0;0,00
RIO BRANCO DO SUL;412220601A;PR;Rio Branco do Sul l;-25,167;-49,309;2025-03-04 17:10:00.0;0,00
RIO BRANCO DO SUL;412220601A;PR;Rio Branco do Sul l;-25,167;-49,309;2025-03-04 18:10:00.0;0,00
RIO BRANCO DO SUL;412220601A;PR;Rio Branco do Sul l;-25,167;-49,309;2025-03-04 19:10:00.0;0,00
RIO BRANCO DO SUL;412220601A;PR;Rio Branco do Sul l;-25,167;-49,309;2025-03-04 20:10:00.0;0,00
RIO BRANCO DO SUL;412220601A;PR;Rio Branco do Sul l;-25,167;-49,309;2025-03-04 21:10:00.0;0,00
RIO BRANCO DO SUL;412220601A;PR;Rio Branco do Sul l;-25,167;-49,309;2025-03-04 22:10:00.0;0,00
RIO BRANCO DO SUL;412220601A;PR;Rio Branco do Sul l;-25,167;-49,309;2025-03-04 23:10:00.0;0,00
RIO BRANCO DO SUL;412220601A;PR;Rio Branco do Sul l;-25,167;-49,309;2025-03-05 00:10:00.0;0,00
RIO BRANCO DO SUL;412220601A;PR;Rio Branco do Sul l;-25,167;-49,309;2025-03-05 01:10:00.0;0,00
RIO BRANCO DO SUL;412220601A;PR;Rio Branco do Sul l;-25,167;-49,309;2025-03-05 02:10:00.0;0,00
RIO BRANCO DO SUL;412220601A;PR;Rio Branco do Sul l;-25,167;-49,309;2025-03-05 03:10:00.0;0,00
RIO BRANCO DO SUL;412220601A;PR;Rio Branco do Sul l;-25,167;-49,309;2025-03-05 04:10:00.0;0,00
RIO BRANCO DO SUL;412220601A;PR;Rio Branco do Sul l;-25,167;-49,309;2025-03-05 05:10:00.0;0,00
RIO BRANCO DO SUL;412220601A;PR;Rio Branco do Sul l;-25,167;-49,309;2025-03-05 06:10:00.0;0,00
RIO BRANCO DO SUL;412220601A;PR;Rio Branco do Sul l;-25,167;-49,309;2025-03-05 07:10:00.0;0,00
RIO BRANCO DO SUL;412220601A;PR;Rio Branco do Sul l;-25,167;-49,309;2025-03-05 08:10:00.0;0,00
RIO BRANCO DO SUL;412220601A;PR;Rio Branco do Sul l;-25,167;-49,309;2025-03-05 09:10:00.0;0,00
RIO BRANCO DO SUL;412220601A;PR;Rio Branco do Sul l;-25,167;-49,309;2025-03-05 10:10:00.0;0,00
RIO BRANCO DO SUL;412220601A;PR;Rio Branco do Sul l;-25,167;-49,309;2025-03-05 11:10:00.0;0,00
RIO BRANCO DO SUL;412220601A;PR;Rio Branco do Sul l;-25,167;-49,309;2025-03-05 12:10:00.0;0,00
RIO BRANCO DO SUL;412220601A;PR;Rio Branco do Sul l;-25,167;-49,309;2025-03-05 13:10:00.0;0,00
RIO BRANCO DO SUL;412220601A;PR;Rio Branco do Sul l;-25,167;-49,309;2025-03-05 14:10:00.0;0,00
RIO BRANCO DO SUL;412220601A;PR;Rio Branco do Sul l;-25,167;-49,309;2025-03-05 15:10:00.0;0,00
RIO BRANCO DO SUL;412220601A;PR;Rio Branco do Sul l;-25,167;-49,309;2025-03-05 16:10:00.0;0,00
RIO BRANCO DO SUL;412220601A;PR;Rio Branco do Sul l;-25,167;-49,309;2025-03-05 17:20:00.0;0,00
RIO BRANCO DO SUL;412220601A;PR;Rio Branco do Sul l;-25,167;-49,309;2025-03-05 18:30:00.0;0,00
RIO BRANCO DO SUL;412220601A;PR;Rio Branco do Sul l;-25,167;-49,309;2025-03-05 19:10:00.0;0,00
RIO BRANCO DO SUL;412220601A;PR;Rio Branco do Sul l;-25,167;-49,309;2025-03-05 21:10:00.0;0,00
RIO BRANCO DO SUL;412220601A;PR;Rio Branco do Sul l;-25,167;-49,309;2025-03-05 22:10:00.0;0,00
RIO BRANCO DO SUL;412220601A;PR;Rio Branco do Sul l;-25,167;-49,309;2025-03-05 23:20:00.0;0,00
RIO BRANCO DO SUL;412220601A;PR;Rio Branco do Sul l;-25,167;-49,309;2025-03-06 02:30:00.0;0,00
RIO BRANCO DO SUL;412220601A;PR;Rio Branco do Sul l;-25,167;-49,309;2025-03-06 03:30:00.0;0,00
RIO BRANCO DO SUL;412220601A;PR;Rio Branco do Sul l;-25,167;-49,309;2025-03-06 04:50:00.0;0,00
RIO BRANCO DO SUL;412220601A;PR;Rio Branco do Sul l;-25,167;-49,309;2025-03-06 05:10:00.0;0,00
RIO BRANCO DO SUL;412220601A;PR;Rio Branco do Sul l;-25,167;-49,309;2025-03-06 06:10:00.0;0,00
RIO BRANCO DO SUL;412220601A;PR;Rio Branco do Sul l;-25,167;-49,309;2025-03-06 08:20:00.0;0,00
RIO BRANCO DO SUL;412220601A;PR;Rio Branco do Sul l;-25,167;-49,309;2025-03-06 09:10:00.0;0,00
RIO BRANCO DO SUL;412220601A;PR;Rio Branco do Sul l;-25,167;-49,309;2025-03-06 10:10:00.0;0,00
RIO BRANCO DO SUL;412220601A;PR;Rio Branco do Sul l;-25,167;-49,309;2025-03-06 11:10:00.0;0,00
RIO BRANCO DO SUL;412220601A;PR;Rio Branco do Sul l;-25,167;-49,309;2025-03-06 12:10:00.0;0,00
RIO BRANCO DO SUL;412220601A;PR;Rio Branco do Sul l;-25,167;-49,309;2025-03-06 13:10:00.0;0,00
RIO BRANCO DO SUL;412220601A;PR;Rio Branco do Sul l;-25,167;-49,309;2025-03-06 14:10:00.0;0,00
RIO BRANCO DO SUL;412220601A;PR;Rio Branco do Sul l;-25,167;-49,309;2025-03-06 15:10:00.0;0,00
RIO BRANCO DO SUL;412220601A;PR;Rio Branco do Sul l;-25,167;-49,309;2025-03-06 16:10:00.0;0,00
RIO BRANCO DO SUL;412220601A;PR;Rio Branco do Sul l;-25,167;-49,309;2025-03-06 17:10:00.0;0,00
RIO BRANCO DO SUL;412220601A;PR;Rio Branco do Sul l;-25,167;-49,309;2025-03-06 18:10:00.0;0,00
RIO BRANCO DO SUL;412220601A;PR;Rio Branco do Sul l;-25,167;-49,309;2025-03-06 19:10:00.0;0,00
RIO BRANCO DO SUL;412220601A;PR;Rio Branco do Sul l;-25,167;-49,309;2025-03-06 20:10:00.0;0,00
RIO BRANCO DO SUL;412220601A;PR;Rio Branco do Sul l;-25,167;-49,309;2025-03-06 21:10:00.0;0,00
RIO BRANCO DO SUL;412220601A;PR;Rio Branco do Sul l;-25,167;-49,309;2025-03-06 22:10:00.0;0,00
RIO BRANCO DO SUL;412220601A;PR;Rio Branco do Sul l;-25,167;-49,309;2025-03-06 23:10:00.0;0,00
RIO BRANCO DO SUL;412220601A;PR;Rio Branco do Sul l;-25,167;-49,309;2025-03-07 00:10:00.0;0,00
RIO BRANCO DO SUL;412220601A;PR;Rio Branco do Sul l;-25,167;-49,309;2025-03-07 01:10:00.0;0,00
RIO BRANCO DO SUL;412220601A;PR;Rio Branco do Sul l;-25,167;-49,309;2025-03-07 02:10:00.0;0,00
RIO BRANCO DO SUL;412220601A;PR;Rio Branco do Sul l;-25,167;-49,309;2025-03-07 03:10:00.0;0,00
RIO BRANCO DO SUL;412220601A;PR;Rio Branco do Sul l;-25,167;-49,309;2025-03-07 04:10:00.0;0,00
RIO BRANCO DO SUL;412220601A;PR;Rio Branco do Sul l;-25,167;-49,309;2025-03-07 05:10:00.0;0,00
RIO BRANCO DO SUL;412220601A;PR;Rio Branco do Sul l;-25,167;-49,309;2025-03-07 06:10:00.0;0,00
RIO BRANCO DO SUL;412220601A;PR;Rio Branco do Sul l;-25,167;-49,309;2025-03-07 07:10:00.0;0,00
RIO BRANCO DO SUL;412220601A;PR;Rio Branco do Sul l;-25,167;-49,309;2025-03-07 08:10:00.0;0,00
RIO BRANCO DO SUL;412220601A;PR;Rio Branco do Sul l;-25,167;-49,309;2025-03-07 09:10:00.0;0,00
RIO BRANCO DO SUL;412220601A;PR;Rio Branco do Sul l;-25,167;-49,309;2025-03-07 10:10:00.0;0,00
RIO BRANCO DO SUL;412220601A;PR;Rio Branco do Sul l;-25,167;-49,309;2025-03-07 11:10:00.0;0,00
RIO BRANCO DO SUL;412220601A;PR;Rio Branco do Sul l;-25,167;-49,309;2025-03-07 12:10:00.0;0,00
RIO BRANCO DO SUL;412220601A;PR;Rio Branco do Sul l;-25,167;-49,309;2025-03-07 13:10:00.0;0,00
RIO BRANCO DO SUL;412220601A;PR;Rio Branco do Sul l;-25,167;-49,309;2025-03-07 14:10:00.0;0,00
RIO BRANCO DO SUL;412220601A;PR;Rio Branco do Sul l;-25,167;-49,309;2025-03-07 15:10:00.0;0,00
RIO BRANCO DO SUL;412220601A;PR;Rio Branco do Sul l;-25,167;-49,309;2025-03-07 16:10:00.0;0,00
RIO BRANCO DO SUL;412220601A;PR;Rio Branco do Sul l;-25,167;-49,309;2025-03-07 17:10:00.0;0,00
RIO BRANCO DO SUL;412220601A;PR;Rio Branco do Sul l;-25,167;-49,309;2025-03-07 18:10:00.0;0,00
RIO BRANCO DO SUL;412220601A;PR;Rio Branco do Sul l;-25,167;-49,309;2025-03-07 19:10:00.0;0,00
RIO BRANCO DO SUL;412220601A;PR;Rio Branco do Sul l;-25,167;-49,309;2025-03-07 20:10:00.0;0,00
RIO BRANCO DO SUL;412220601A;PR;Rio Branco do Sul l;-25,167;-49,309;2025-03-07 21:10:00.0;0,00
RIO BRANCO DO SUL;412220601A;PR;Rio Branco do Sul l;-25,167;-49,309;2025-03-07 22:10:00.0;0,00
RIO BRANCO DO SUL;412220601A;PR;Rio Branco do Sul l;-25,167;-49,309;2025-03-07 23:10:00.0;0,00
RIO BRANCO DO SUL;412220601A;PR;Rio Branco do Sul l;-25,167;-49,309;2025-03-08 00:10:00.0;0,00
RIO BRANCO DO SUL;412220601A;PR;Rio Branco do Sul l;-25,167;-49,309;2025-03-08 01:10:00.0;0,00
RIO BRANCO DO SUL;412220601A;PR;Rio Branco do Sul l;-25,167;-49,309;2025-03-08 02:10:00.0;0,00
RIO BRANCO DO SUL;412220601A;PR;Rio Branco do Sul l;-25,167;-49,309;2025-03-08 03:10:00.0;0,00
RIO BRANCO DO SUL;412220601A;PR;Rio Branco do Sul l;-25,167;-49,309;2025-03-08 04:10:00.0;0,00
RIO BRANCO DO SUL;412220601A;PR;Rio Branco do Sul l;-25,167;-49,309;2025-03-08 05:10:00.0;0,00
RIO BRANCO DO SUL;412220601A;PR;Rio Branco do Sul l;-25,167;-49,309;2025-03-08 06:10:00.0;0,00
RIO BRANCO DO SUL;412220601A;PR;Rio Branco do Sul l;-25,167;-49,309;2025-03-08 07:10:00.0;0,00
RIO BRANCO DO SUL;412220601A;PR;Rio Branco do Sul l;-25,167;-49,309;2025-03-08 08:10:00.0;0,00
RIO BRANCO DO SUL;412220601A;PR;Rio Branco do Sul l;-25,167;-49,309;2025-03-08 09:10:00.0;0,00
RIO BRANCO DO SUL;412220601A;PR;Rio Branco do Sul l;-25,167;-49,309;2025-03-08 10:10:00.0;0,00
RIO BRANCO DO SUL;412220601A;PR;Rio Branco do Sul l;-25,167;-49,309;2025-03-08 11:10:00.0;0,00
RIO BRANCO DO SUL;412220601A;PR;Rio Branco do Sul l;-25,167;-49,309;2025-03-08 12:10:00.0;0,00
RIO BRANCO DO SUL;412220601A;PR;Rio Branco do Sul l;-25,167;-49,309;2025-03-08 13:10:00.0;0,00
RIO BRANCO DO SUL;412220601A;PR;Rio Branco do Sul l;-25,167;-49,309;2025-03-08 14:10:00.0;0,00
RIO BRANCO DO SUL;412220601A;PR;Rio Branco do Sul l;-25,167;-49,309;2025-03-08 15:10:00.0;0,00
RIO BRANCO DO SUL;412220601A;PR;Rio Branco do Sul l;-25,167;-49,309;2025-03-08 16:10:00.0;0,00
RIO BRANCO DO SUL;412220601A;PR;Rio Branco do Sul l;-25,167;-49,309;2025-03-08 17:10:00.0;0,00
RIO BRANCO DO SUL;412220601A;PR;Rio Branco do Sul l;-25,167;-49,309;2025-03-08 18:10:00.0;0,00
RIO BRANCO DO SUL;412220601A;PR;Rio Branco do Sul l;-25,167;-49,309;2025-03-08 19:10:00.0;0,00
RIO BRANCO DO SUL;412220601A;PR;Rio Branco do Sul l;-25,167;-49,309;2025-03-08 20:10:00.0;0,00
RIO BRANCO DO SUL;412220601A;PR;Rio Branco do Sul l;-25,167;-49,309;2025-03-08 21:10:00.0;0,00
RIO BRANCO DO SUL;412220601A;PR;Rio Branco do Sul l;-25,167;-49,309;2025-03-08 22:10:00.0;0,00
RIO BRANCO DO SUL;412220601A;PR;Rio Branco do Sul l;-25,167;-49,309;2025-03-08 23:10:00.0;0,00
RIO BRANCO DO SUL;412220601A;PR;Rio Branco do Sul l;-25,167;-49,309;2025-03-09 00:10:00.0;0,00
RIO BRANCO DO SUL;412220601A;PR;Rio Branco do Sul l;-25,167;-49,309;2025-03-09 01:10:00.0;0,00
RIO BRANCO DO SUL;412220601A;PR;Rio Branco do Sul l;-25,167;-49,309;2025-03-09 02:10:00.0;0,00
RIO BRANCO DO SUL;412220601A;PR;Rio Branco do Sul l;-25,167;-49,309;2025-03-09 03:10:00.0;0,00
RIO BRANCO DO SUL;412220601A;PR;Rio Branco do Sul l;-25,167;-49,309;2025-03-09 04:10:00.0;0,00
RIO BRANCO DO SUL;412220601A;PR;Rio Branco do Sul l;-25,167;-49,309;2025-03-09 05:10:00.0;0,00
RIO BRANCO DO SUL;412220601A;PR;Rio Branco do Sul l;-25,167;-49,309;2025-03-09 06:10:00.0;0,00
RIO BRANCO DO SUL;412220601A;PR;Rio Branco do Sul l;-25,167;-49,309;2025-03-09 07:10:00.0;0,00
RIO BRANCO DO SUL;412220601A;PR;Rio Branco do Sul l;-25,167;-49,309;2025-03-09 08:10:00.0;0,00
RIO BRANCO DO SUL;412220601A;PR;Rio Branco do Sul l;-25,167;-49,309;2025-03-09 09:10:00.0;0,00
RIO BRANCO DO SUL;412220601A;PR;Rio Branco do Sul l;-25,167;-49,309;2025-03-09 10:10:00.0;0,00
RIO BRANCO DO SUL;412220601A;PR;Rio Branco do Sul l;-25,167;-49,309;2025-03-09 11:10:00.0;0,00
RIO BRANCO DO SUL;412220601A;PR;Rio Branco do Sul l;-25,167;-49,309;2025-03-09 12:10:00.0;0,00
RIO BRANCO DO SUL;412220601A;PR;Rio Branco do Sul l;-25,167;-49,309;2025-03-09 13:10:00.0;0,00
RIO BRANCO DO SUL;412220601A;PR;Rio Branco do Sul l;-25,167;-49,309;2025-03-09 14:10:00.0;0,00
RIO BRANCO DO SUL;412220601A;PR;Rio Branco do Sul l;-25,167;-49,309;2025-03-09 15:10:00.0;0,00
RIO BRANCO DO SUL;412220601A;PR;Rio Branco do Sul l;-25,167;-49,309;2025-03-09 16:10:00.0;0,00
RIO BRANCO DO SUL;412220601A;PR;Rio Branco do Sul l;-25,167;-49,309;2025-03-09 17:10:00.0;0,00
RIO BRANCO DO SUL;412220601A;PR;Rio Branco do Sul l;-25,167;-49,309;2025-03-09 18:10:00.0;0,00
RIO BRANCO DO SUL;412220601A;PR;Rio Branco do Sul l;-25,167;-49,309;2025-03-09 19:10:00.0;0,00
RIO BRANCO DO SUL;412220601A;PR;Rio Branco do Sul l;-25,167;-49,309;2025-03-09 20:10:00.0;0,00
RIO BRANCO DO SUL;412220601A;PR;Rio Branco do Sul l;-25,167;-49,309;2025-03-09 21:10:00.0;0,00
RIO BRANCO DO SUL;412220601A;PR;Rio Branco do Sul l;-25,167;-49,309;2025-03-09 22:10:00.0;0,00
RIO BRANCO DO SUL;412220601A;PR;Rio Branco do Sul l;-25,167;-49,309;2025-03-09 23:10:00.0;0,00
RIO BRANCO DO SUL;412220601A;PR;Rio Branco do Sul l;-25,167;-49,309;2025-03-10 00:10:00.0;0,00
RIO BRANCO DO SUL;412220601A;PR;Rio Branco do Sul l;-25,167;-49,309;2025-03-10 01:10:00.0;0,00
RIO BRANCO DO SUL;412220601A;PR;Rio Branco do Sul l;-25,167;-49,309;2025-03-10 02:10:00.0;0,00
RIO BRANCO DO SUL;412220601A;PR;Rio Branco do Sul l;-25,167;-49,309;2025-03-10 03:10:00.0;0,00
RIO BRANCO DO SUL;412220601A;PR;Rio Branco do Sul l;-25,167;-49,309;2025-03-10 04:10:00.0;0,00
RIO BRANCO DO SUL;412220601A;PR;Rio Branco do Sul l;-25,167;-49,309;2025-03-10 05:10:00.0;0,00
RIO BRANCO DO SUL;412220601A;PR;Rio Branco do Sul l;-25,167;-49,309;2025-03-10 06:10:00.0;0,00
RIO BRANCO DO SUL;412220601A;PR;Rio Branco do Sul l;-25,167;-49,309;2025-03-10 07:10:00.0;0,00
RIO BRANCO DO SUL;412220601A;PR;Rio Branco do Sul l;-25,167;-49,309;2025-03-10 08:10:00.0;0,00
RIO BRANCO DO SUL;412220601A;PR;Rio Branco do Sul l;-25,167;-49,309;2025-03-10 09:10:00.0;0,00
RIO BRANCO DO SUL;412220601A;PR;Rio Branco do Sul l;-25,167;-49,309;2025-03-10 10:10:00.0;0,00
RIO BRANCO DO SUL;412220601A;PR;Rio Branco do Sul l;-25,167;-49,309;2025-03-10 11:10:00.0;0,00
RIO BRANCO DO SUL;412220601A;PR;Rio Branco do Sul l;-25,167;-49,309;2025-03-10 12:10:00.0;0,00
RIO BRANCO DO SUL;412220601A;PR;Rio Branco do Sul l;-25,167;-49,309;2025-03-10 13:10:00.0;0,00
RIO BRANCO DO SUL;412220601A;PR;Rio Branco do Sul l;-25,167;-49,309;2025-03-10 14:10:00.0;0,00
RIO BRANCO DO SUL;412220601A;PR;Rio Branco do Sul l;-25,167;-49,309;2025-03-10 15:10:00.0;0,00
RIO BRANCO DO SUL;412220601A;PR;Rio Branco do Sul l;-25,167;-49,309;2025-03-10 16:10:00.0;0,00
RIO BRANCO DO SUL;412220601A;PR;Rio Branco do Sul l;-25,167;-49,309;2025-03-10 17:10:00.0;0,00
RIO BRANCO DO SUL;412220601A;PR;Rio Branco do Sul l;-25,167;-49,309;2025-03-10 18:10:00.0;0,00
RIO BRANCO DO SUL;412220601A;PR;Rio Branco do Sul l;-25,167;-49,309;2025-03-10 19:10:00.0;0,00
RIO BRANCO DO SUL;412220601A;PR;Rio Branco do Sul l;-25,167;-49,309;2025-03-10 20:10:00.0;0,00
RIO BRANCO DO SUL;412220601A;PR;Rio Branco do Sul l;-25,167;-49,309;2025-03-10 20:40:00.0;0,39
RIO BRANCO DO SUL;412220601A;PR;Rio Branco do Sul l;-25,167;-49,309;2025-03-10 21:10:00.0;0,00
RIO BRANCO DO SUL;412220601A;PR;Rio Branco do Sul l;-25,167;-49,309;2025-03-10 22:10:00.0;0,00
RIO BRANCO DO SUL;412220601A;PR;Rio Branco do Sul l;-25,167;-49,309;2025-03-10 23:10:00.0;0,00
RIO BRANCO DO SUL;412220601A;PR;Rio Branco do Sul l;-25,167;-49,309;2025-03-11 00:10:00.0;0,00
RIO BRANCO DO SUL;412220601A;PR;Rio Branco do Sul l;-25,167;-49,309;2025-03-11 01:10:00.0;0,00
RIO BRANCO DO SUL;412220601A;PR;Rio Branco do Sul l;-25,167;-49,309;2025-03-11 02:10:00.0;0,00
RIO BRANCO DO SUL;412220601A;PR;Rio Branco do Sul l;-25,167;-49,309;2025-03-11 03:10:00.0;0,00
RIO BRANCO DO SUL;412220601A;PR;Rio Branco do Sul l;-25,167;-49,309;2025-03-11 04:10:00.0;0,00
RIO BRANCO DO SUL;412220601A;PR;Rio Branco do Sul l;-25,167;-49,309;2025-03-11 05:10:00.0;0,00
RIO BRANCO DO SUL;412220601A;PR;Rio Branco do Sul l;-25,167;-49,309;2025-03-11 06:10:00.0;0,00
RIO BRANCO DO SUL;412220601A;PR;Rio Branco do Sul l;-25,167;-49,309;2025-03-11 07:10:00.0;0,00
RIO BRANCO DO SUL;412220601A;PR;Rio Branco do Sul l;-25,167;-49,309;2025-03-11 08:10:00.0;0,00
RIO BRANCO DO SUL;412220601A;PR;Rio Branco do Sul l;-25,167;-49,309;2025-03-11 09:10:00.0;0,00
RIO BRANCO DO SUL;412220601A;PR;Rio Branco do Sul l;-25,167;-49,309;2025-03-11 10:10:00.0;0,00
RIO BRANCO DO SUL;412220601A;PR;Rio Branco do Sul l;-25,167;-49,309;2025-03-11 11:10:00.0;0,00
RIO BRANCO DO SUL;412220601A;PR;Rio Branco do Sul l;-25,167;-49,309;2025-03-11 12:10:00.0;0,00
RIO BRANCO DO SUL;412220601A;PR;Rio Branco do Sul l;-25,167;-49,309;2025-03-11 13:10:00.0;0,00
RIO BRANCO DO SUL;412220601A;PR;Rio Branco do Sul l;-25,167;-49,309;2025-03-11 14:10:00.0;0,00
RIO BRANCO DO SUL;412220601A;PR;Rio Branco do Sul l;-25,167;-49,309;2025-03-11 15:10:00.0;0,00
RIO BRANCO DO SUL;412220601A;PR;Rio Branco do Sul l;-25,167;-49,309;2025-03-11 16:10:00.0;0,00
RIO BRANCO DO SUL;412220601A;PR;Rio Branco do Sul l;-25,167;-49,309;2025-03-11 17:10:00.0;0,00
RIO BRANCO DO SUL;412220601A;PR;Rio Branco do Sul l;-25,167;-49,309;2025-03-11 18:10:00.0;0,00
RIO BRANCO DO SUL;412220601A;PR;Rio Branco do Sul l;-25,167;-49,309;2025-03-11 19:10:00.0;0,00
RIO BRANCO DO SUL;412220601A;PR;Rio Branco do Sul l;-25,167;-49,309;2025-03-11 20:10:00.0;0,00
RIO BRANCO DO SUL;412220601A;PR;Rio Branco do Sul l;-25,167;-49,309;2025-03-11 21:10:00.0;0,00
RIO BRANCO DO SUL;412220601A;PR;Rio Branco do Sul l;-25,167;-49,309;2025-03-11 21:30:00.0;0,98
RIO BRANCO DO SUL;412220601A;PR;Rio Branco do Sul l;-25,167;-49,309;2025-03-11 21:40:00.0;7,51
RIO BRANCO DO SUL;412220601A;PR;Rio Branco do Sul l;-25,167;-49,309;2025-03-11 21:50:00.0;2,36
RIO BRANCO DO SUL;412220601A;PR;Rio Branco do Sul l;-25,167;-49,309;2025-03-11 22:00:00.0;1,18
RIO BRANCO DO SUL;412220601A;PR;Rio Branco do Sul l;-25,167;-49,309;2025-03-11 22:10:00.0;0,59
RIO BRANCO DO SUL;412220601A;PR;Rio Branco do Sul l;-25,167;-49,309;2025-03-11 22:20:00.0;0,39
RIO BRANCO DO SUL;412220601A;PR;Rio Branco do Sul l;-25,167;-49,309;2025-03-11 22:30:00.0;0,39
RIO BRANCO DO SUL;412220601A;PR;Rio Branco do Sul l;-25,167;-49,309;2025-03-11 22:40:00.0;0,39
RIO BRANCO DO SUL;412220601A;PR;Rio Branco do Sul l;-25,167;-49,309;2025-03-11 22:50:00.0;0,39
RIO BRANCO DO SUL;412220601A;PR;Rio Branco do Sul l;-25,167;-49,309;2025-03-11 23:00:00.0;0,20
RIO BRANCO DO SUL;412220601A;PR;Rio Branco do Sul l;-25,167;-49,309;2025-03-11 23:10:00.0;0,20
RIO BRANCO DO SUL;412220601A;PR;Rio Branco do Sul l;-25,167;-49,309;2025-03-11 23:20:00.0;0,39
RIO BRANCO DO SUL;412220601A;PR;Rio Branco do Sul l;-25,167;-49,309;2025-03-11 23:30:00.0;0,20
RIO BRANCO DO SUL;412220601A;PR;Rio Branco do Sul l;-25,167;-49,309;2025-03-11 23:40:00.0;0,39
RIO BRANCO DO SUL;412220601A;PR;Rio Branco do Sul l;-25,167;-49,309;2025-03-11 23:50:00.0;0,20
RIO BRANCO DO SUL;412220601A;PR;Rio Branco do Sul l;-25,167;-49,309;2025-03-12 00:00:00.0;0,39
RIO BRANCO DO SUL;412220601A;PR;Rio Branco do Sul l;-25,167;-49,309;2025-03-12 00:20:00.0;0,00
RIO BRANCO DO SUL;412220601A;PR;Rio Branco do Sul l;-25,167;-49,309;2025-03-12 01:10:00.0;0,20
RIO BRANCO DO SUL;412220601A;PR;Rio Branco do Sul l;-25,167;-49,309;2025-03-12 01:20:00.0;0,20
RIO BRANCO DO SUL;412220601A;PR;Rio Branco do Sul l;-25,167;-49,309;2025-03-12 02:10:00.0;0,00
RIO BRANCO DO SUL;412220601A;PR;Rio Branco do Sul l;-25,167;-49,309;2025-03-12 03:10:00.0;0,00
RIO BRANCO DO SUL;412220601A;PR;Rio Branco do Sul l;-25,167;-49,309;2025-03-12 04:10:00.0;0,00
RIO BRANCO DO SUL;412220601A;PR;Rio Branco do Sul l;-25,167;-49,309;2025-03-12 05:10:00.0;0,00
RIO BRANCO DO SUL;412220601A;PR;Rio Branco do Sul l;-25,167;-49,309;2025-03-12 06:10:00.0;0,00
RIO BRANCO DO SUL;412220601A;PR;Rio Branco do Sul l;-25,167;-49,309;2025-03-12 07:10:00.0;0,00
RIO BRANCO DO SUL;412220601A;PR;Rio Branco do Sul l;-25,167;-49,309;2025-03-12 08:10:00.0;0,00
RIO BRANCO DO SUL;412220601A;PR;Rio Branco do Sul l;-25,167;-49,309;2025-03-12 09:10:00.0;0,00
RIO BRANCO DO SUL;412220601A;PR;Rio Branco do Sul l;-25,167;-49,309;2025-03-12 10:10:00.0;0,00
RIO BRANCO DO SUL;412220601A;PR;Rio Branco do Sul l;-25,167;-49,309;2025-03-12 11:10:00.0;0,00
RIO BRANCO DO SUL;412220601A;PR;Rio Branco do Sul l;-25,167;-49,309;2025-03-12 12:10:00.0;0,00
RIO BRANCO DO SUL;412220601A;PR;Rio Branco do Sul l;-25,167;-49,309;2025-03-12 13:10:00.0;0,00
RIO BRANCO DO SUL;412220601A;PR;Rio Branco do Sul l;-25,167;-49,309;2025-03-12 14:10:00.0;0,00
RIO BRANCO DO SUL;412220601A;PR;Rio Branco do Sul l;-25,167;-49,309;2025-03-12 15:10:00.0;0,00
RIO BRANCO DO SUL;412220601A;PR;Rio Branco do Sul l;-25,167;-49,309;2025-03-12 17:00:00.0;0,00
RIO BRANCO DO SUL;412220601A;PR;Rio Branco do Sul l;-25,167;-49,309;2025-03-12 17:10:00.0;0,00
RIO BRANCO DO SUL;412220601A;PR;Rio Branco do Sul l;-25,167;-49,309;2025-03-12 18:30:00.0;0,00
RIO BRANCO DO SUL;412220601A;PR;Rio Branco do Sul l;-25,167;-49,309;2025-03-12 19:30:00.0;0,00
RIO BRANCO DO SUL;412220601A;PR;Rio Branco do Sul l;-25,167;-49,309;2025-03-12 20:30:00.0;0,00
RIO BRANCO DO SUL;412220601A;PR;Rio Branco do Sul l;-25,167;-49,309;2025-03-12 21:10:00.0;0,00
RIO BRANCO DO SUL;412220601A;PR;Rio Branco do Sul l;-25,167;-49,309;2025-03-12 21:30:00.0;0,39
RIO BRANCO DO SUL;412220601A;PR;Rio Branco do Sul l;-25,167;-49,309;2025-03-12 22:10:00.0;0,20
RIO BRANCO DO SUL;412220601A;PR;Rio Branco do Sul l;-25,167;-49,309;2025-03-13 12:20:00.0;12,45
RIO BRANCO DO SUL;412220601A;PR;Rio Branco do Sul l;-25,167;-49,309;2025-03-13 18:10:00.0;0,00
RIO BRANCO DO SUL;412220601A;PR;Rio Branco do Sul l;-25,167;-49,309;2025-03-13 19:10:00.0;0,00
RIO BRANCO DO SUL;412220601A;PR;Rio Branco do Sul l;-25,167;-49,309;2025-03-13 20:10:00.0;0,00
RIO BRANCO DO SUL;412220601A;PR;Rio Branco do Sul l;-25,167;-49,309;2025-03-13 21:10:00.0;0,00
RIO BRANCO DO SUL;412220601A;PR;Rio Branco do Sul l;-25,167;-49,309;2025-03-13 22:10:00.0;0,00
RIO BRANCO DO SUL;412220601A;PR;Rio Branco do Sul l;-25,167;-49,309;2025-03-13 23:10:00.0;0,00
RIO BRANCO DO SUL;412220601A;PR;Rio Branco do Sul l;-25,167;-49,309;2025-03-14 00:10:00.0;0,00
RIO BRANCO DO SUL;412220601A;PR;Rio Branco do Sul l;-25,167;-49,309;2025-03-14 00:30:00.0;0,59
RIO BRANCO DO SUL;412220601A;PR;Rio Branco do Sul l;-25,167;-49,309;2025-03-14 00:40:00.0;6,10
RIO BRANCO DO SUL;412220601A;PR;Rio Branco do Sul l;-25,167;-49,309;2025-03-14 00:50:00.0;1,57
RIO BRANCO DO SUL;412220601A;PR;Rio Branco do Sul l;-25,167;-49,309;2025-03-14 01:00:00.0;0,59
RIO BRANCO DO SUL;412220601A;PR;Rio Branco do Sul l;-25,167;-49,309;2025-03-14 01:10:00.0;1,57
RIO BRANCO DO SUL;412220601A;PR;Rio Branco do Sul l;-25,167;-49,309;2025-03-14 01:20:00.0;0,59
RIO BRANCO DO SUL;412220601A;PR;Rio Branco do Sul l;-25,167;-49,309;2025-03-14 01:30:00.0;0,39
RIO BRANCO DO SUL;412220601A;PR;Rio Branco do Sul l;-25,167;-49,309;2025-03-14 01:40:00.0;0,20
RIO BRANCO DO SUL;412220601A;PR;Rio Branco do Sul l;-25,167;-49,309;2025-03-14 02:10:00.0;0,00
RIO BRANCO DO SUL;412220601A;PR;Rio Branco do Sul l;-25,167;-49,309;2025-03-14 03:10:00.0;0,00
RIO BRANCO DO SUL;412220601A;PR;Rio Branco do Sul l;-25,167;-49,309;2025-03-14 04:10:00.0;0,00
RIO BRANCO DO SUL;412220601A;PR;Rio Branco do Sul l;-25,167;-49,309;2025-03-14 05:10:00.0;0,00
RIO BRANCO DO SUL;412220601A;PR;Rio Branco do Sul l;-25,167;-49,309;2025-03-14 06:10:00.0;0,00
RIO BRANCO DO SUL;412220601A;PR;Rio Branco do Sul l;-25,167;-49,309;2025-03-14 07:10:00.0;0,00
RIO BRANCO DO SUL;412220601A;PR;Rio Branco do Sul l;-25,167;-49,309;2025-03-14 08:10:00.0;0,00
RIO BRANCO DO SUL;412220601A;PR;Rio Branco do Sul l;-25,167;-49,309;2025-03-14 09:10:00.0;0,00
RIO BRANCO DO SUL;412220601A;PR;Rio Branco do Sul l;-25,167;-49,309;2025-03-14 10:10:00.0;0,00
RIO BRANCO DO SUL;412220601A;PR;Rio Branco do Sul l;-25,167;-49,309;2025-03-14 11:10:00.0;0,00
RIO BRANCO DO SUL;412220601A;PR;Rio Branco do Sul l;-25,167;-49,309;2025-03-14 12:10:00.0;0,00
RIO BRANCO DO SUL;412220601A;PR;Rio Branco do Sul l;-25,167;-49,309;2025-03-14 13:10:00.0;0,00
RIO BRANCO DO SUL;412220601A;PR;Rio Branco do Sul l;-25,167;-49,309;2025-03-14 14:10:00.0;0,00
RIO BRANCO DO SUL;412220601A;PR;Rio Branco do Sul l;-25,167;-49,309;2025-03-14 15:10:00.0;0,00
RIO BRANCO DO SUL;412220601A;PR;Rio Branco do Sul l;-25,167;-49,309;2025-03-14 16:10:00.0;0,00
RIO BRANCO DO SUL;412220601A;PR;Rio Branco do Sul l;-25,167;-49,309;2025-03-14 17:10:00.0;0,00
RIO BRANCO DO SUL;412220601A;PR;Rio Branco do Sul l;-25,167;-49,309;2025-03-14 18:10:00.0;0,00
RIO BRANCO DO SUL;412220601A;PR;Rio Branco do Sul l;-25,167;-49,309;2025-03-14 19:10:00.0;0,00
RIO BRANCO DO SUL;412220601A;PR;Rio Branco do Sul l;-25,167;-49,309;2025-03-14 20:10:00.0;0,00
RIO BRANCO DO SUL;412220601A;PR;Rio Branco do Sul l;-25,167;-49,309;2025-03-14 21:10:00.0;0,00
RIO BRANCO DO SUL;412220601A;PR;Rio Branco do Sul l;-25,167;-49,309;2025-03-14 22:10:00.0;0,00
RIO BRANCO DO SUL;412220601A;PR;Rio Branco do Sul l;-25,167;-49,309;2025-03-14 23:10:00.0;0,00
RIO BRANCO DO SUL;412220601A;PR;Rio Branco do Sul l;-25,167;-49,309;2025-03-15 00:10:00.0;0,00
RIO BRANCO DO SUL;412220601A;PR;Rio Branco do Sul l;-25,167;-49,309;2025-03-15 01:10:00.0;0,00
RIO BRANCO DO SUL;412220601A;PR;Rio Branco do Sul l;-25,167;-49,309;2025-03-15 02:10:00.0;0,00
RIO BRANCO DO SUL;412220601A;PR;Rio Branco do Sul l;-25,167;-49,309;2025-03-15 03:10:00.0;0,00
RIO BRANCO DO SUL;412220601A;PR;Rio Branco do Sul l;-25,167;-49,309;2025-03-15 04:10:00.0;0,00
RIO BRANCO DO SUL;412220601A;PR;Rio Branco do Sul l;-25,167;-49,309;2025-03-15 05:10:00.0;0,00
RIO BRANCO DO SUL;412220601A;PR;Rio Branco do Sul l;-25,167;-49,309;2025-03-15 06:10:00.0;0,00
RIO BRANCO DO SUL;412220601A;PR;Rio Branco do Sul l;-25,167;-49,309;2025-03-15 07:10:00.0;0,00
RIO BRANCO DO SUL;412220601A;PR;Rio Branco do Sul l;-25,167;-49,309;2025-03-15 08:10:00.0;0,00
RIO BRANCO DO SUL;412220601A;PR;Rio Branco do Sul l;-25,167;-49,309;2025-03-15 09:10:00.0;0,00
RIO BRANCO DO SUL;412220601A;PR;Rio Branco do Sul l;-25,167;-49,309;2025-03-15 10:10:00.0;0,00
RIO BRANCO DO SUL;412220601A;PR;Rio Branco do Sul l;-25,167;-49,309;2025-03-15 11:10:00.0;0,00
RIO BRANCO DO SUL;412220601A;PR;Rio Branco do Sul l;-25,167;-49,309;2025-03-15 12:10:00.0;0,00
RIO BRANCO DO SUL;412220601A;PR;Rio Branco do Sul l;-25,167;-49,309;2025-03-15 13:10:00.0;0,00
RIO BRANCO DO SUL;412220601A;PR;Rio Branco do Sul l;-25,167;-49,309;2025-03-15 14:10:00.0;0,00
RIO BRANCO DO SUL;412220601A;PR;Rio Branco do Sul l;-25,167;-49,309;2025-03-15 15:10:00.0;0,00
RIO BRANCO DO SUL;412220601A;PR;Rio Branco do Sul l;-25,167;-49,309;2025-03-15 16:10:00.0;0,00
RIO BRANCO DO SUL;412220601A;PR;Rio Branco do Sul l;-25,167;-49,309;2025-03-15 17:10:00.0;0,00
RIO BRANCO DO SUL;412220601A;PR;Rio Branco do Sul l;-25,167;-49,309;2025-03-15 18:10:00.0;0,00
RIO BRANCO DO SUL;412220601A;PR;Rio Branco do Sul l;-25,167;-49,309;2025-03-15 19:10:00.0;0,00
RIO BRANCO DO SUL;412220601A;PR;Rio Branco do Sul l;-25,167;-49,309;2025-03-15 19:40:00.0;9,51
RIO BRANCO DO SUL;412220601A;PR;Rio Branco do Sul l;-25,167;-49,309;2025-03-15 19:50:00.0;3,35
RIO BRANCO DO SUL;412220601A;PR;Rio Branco do Sul l;-25,167;-49,309;2025-03-15 20:00:00.0;2,56
RIO BRANCO DO SUL;412220601A;PR;Rio Branco do Sul l;-25,167;-49,309;2025-03-15 20:10:00.0;1,77
RIO BRANCO DO SUL;412220601A;PR;Rio Branco do Sul l;-25,167;-49,309;2025-03-15 20:20:00.0;0,39
RIO BRANCO DO SUL;412220601A;PR;Rio Branco do Sul l;-25,167;-49,309;2025-03-15 20:30:00.0;0,20
RIO BRANCO DO SUL;412220601A;PR;Rio Branco do Sul l;-25,167;-49,309;2025-03-15 20:50:00.0;0,20
RIO BRANCO DO SUL;412220601A;PR;Rio Branco do Sul l;-25,167;-49,309;2025-03-15 21:10:00.0;0,00
RIO BRANCO DO SUL;412220601A;PR;Rio Branco do Sul l;-25,167;-49,309;2025-03-16 10:00:00.0;0,00
RIO BRANCO DO SUL;412220601A;PR;Rio Branco do Sul l;-25,167;-49,309;2025-03-16 10:10:00.0;0,00
RIO BRANCO DO SUL;412220601A;PR;Rio Branco do Sul l;-25,167;-49,309;2025-03-16 11:10:00.0;0,00
RIO BRANCO DO SUL;412220601A;PR;Rio Branco do Sul l;-25,167;-49,309;2025-03-16 12:10:00.0;0,00
RIO BRANCO DO SUL;412220601A;PR;Rio Branco do Sul l;-25,167;-49,309;2025-03-16 13:10:00.0;0,00
RIO BRANCO DO SUL;412220601A;PR;Rio Branco do Sul l;-25,167;-49,309;2025-03-16 14:10:00.0;0,00
RIO BRANCO DO SUL;412220601A;PR;Rio Branco do Sul l;-25,167;-49,309;2025-03-16 15:10:00.0;0,00
RIO BRANCO DO SUL;412220601A;PR;Rio Branco do Sul l;-25,167;-49,309;2025-03-16 16:10:00.0;0,00
RIO BRANCO DO SUL;412220601A;PR;Rio Branco do Sul l;-25,167;-49,309;2025-03-16 17:10:00.0;0,00
RIO BRANCO DO SUL;412220601A;PR;Rio Branco do Sul l;-25,167;-49,309;2025-03-16 18:10:00.0;0,00
RIO BRANCO DO SUL;412220601A;PR;Rio Branco do Sul l;-25,167;-49,309;2025-03-16 19:10:00.0;0,00
RIO BRANCO DO SUL;412220601A;PR;Rio Branco do Sul l;-25,167;-49,309;2025-03-16 20:10:00.0;0,00
RIO BRANCO DO SUL;412220601A;PR;Rio Branco do Sul l;-25,167;-49,309;2025-03-16 21:10:00.0;0,00
RIO BRANCO DO SUL;412220601A;PR;Rio Branco do Sul l;-25,167;-49,309;2025-03-16 22:10:00.0;0,00
RIO BRANCO DO SUL;412220601A;PR;Rio Branco do Sul l;-25,167;-49,309;2025-03-16 23:10:00.0;0,00
RIO BRANCO DO SUL;412220601A;PR;Rio Branco do Sul l;-25,167;-49,309;2025-03-17 00:10:00.0;0,00
RIO BRANCO DO SUL;412220601A;PR;Rio Branco do Sul l;-25,167;-49,309;2025-03-17 01:10:00.0;0,00
RIO BRANCO DO SUL;412220601A;PR;Rio Branco do Sul l;-25,167;-49,309;2025-03-17 02:10:00.0;0,00
RIO BRANCO DO SUL;412220601A;PR;Rio Branco do Sul l;-25,167;-49,309;2025-03-17 03:10:00.0;0,00
RIO BRANCO DO SUL;412220601A;PR;Rio Branco do Sul l;-25,167;-49,309;2025-03-17 04:10:00.0;0,00
RIO BRANCO DO SUL;412220601A;PR;Rio Branco do Sul l;-25,167;-49,309;2025-03-17 05:10:00.0;0,00
RIO BRANCO DO SUL;412220601A;PR;Rio Branco do Sul l;-25,167;-49,309;2025-03-17 06:10:00.0;0,00
RIO BRANCO DO SUL;412220601A;PR;Rio Branco do Sul l;-25,167;-49,309;2025-03-17 07:10:00.0;0,00
RIO BRANCO DO SUL;412220601A;PR;Rio Branco do Sul l;-25,167;-49,309;2025-03-17 08:10:00.0;0,00
RIO BRANCO DO SUL;412220601A;PR;Rio Branco do Sul l;-25,167;-49,309;2025-03-17 09:10:00.0;0,00
RIO BRANCO DO SUL;412220601A;PR;Rio Branco do Sul l;-25,167;-49,309;2025-03-17 10:10:00.0;0,00
RIO BRANCO DO SUL;412220601A;PR;Rio Branco do Sul l;-25,167;-49,309;2025-03-17 10:40:00.0;0,20
RIO BRANCO DO SUL;412220601A;PR;Rio Branco do Sul l;-25,167;-49,309;2025-03-17 11:10:00.0;0,00
RIO BRANCO DO SUL;412220601A;PR;Rio Branco do Sul l;-25,167;-49,309;2025-03-17 12:10:00.0;0,00
RIO BRANCO DO SUL;412220601A;PR;Rio Branco do Sul l;-25,167;-49,309;2025-03-17 13:10:00.0;0,00
RIO BRANCO DO SUL;412220601A;PR;Rio Branco do Sul l;-25,167;-49,309;2025-03-17 14:10:00.0;0,00
RIO BRANCO DO SUL;412220601A;PR;Rio Branco do Sul l;-25,167;-49,309;2025-03-17 15:10:00.0;0,00
RIO BRANCO DO SUL;412220601A;PR;Rio Branco do Sul l;-25,167;-49,309;2025-03-17 16:10:00.0;0,00
RIO BRANCO DO SUL;412220601A;PR;Rio Branco do Sul l;-25,167;-49,309;2025-03-17 17:10:00.0;0,00
RIO BRANCO DO SUL;412220601A;PR;Rio Branco do Sul l;-25,167;-49,309;2025-03-17 18:10:00.0;0,00
RIO BRANCO DO SUL;412220601A;PR;Rio Branco do Sul l;-25,167;-49,309;2025-03-17 19:10:00.0;0,00
RIO BRANCO DO SUL;412220601A;PR;Rio Branco do Sul l;-25,167;-49,309;2025-03-17 20:10:00.0;0,00
RIO BRANCO DO SUL;412220601A;PR;Rio Branco do Sul l;-25,167;-49,309;2025-03-17 21:10:00.0;0,00
RIO BRANCO DO SUL;412220601A;PR;Rio Branco do Sul l;-25,167;-49,309;2025-03-17 22:10:00.0;0,00
RIO BRANCO DO SUL;412220601A;PR;Rio Branco do Sul l;-25,167;-49,309;2025-03-17 23:10:00.0;0,00
RIO BRANCO DO SUL;412220601A;PR;Rio Branco do Sul l;-25,167;-49,309;2025-03-18 00:10:00.0;0,00
RIO BRANCO DO SUL;412220601A;PR;Rio Branco do Sul l;-25,167;-49,309;2025-03-18 01:10:00.0;0,00
RIO BRANCO DO SUL;412220601A;PR;Rio Branco do Sul l;-25,167;-49,309;2025-03-18 02:10:00.0;0,00
RIO BRANCO DO SUL;412220601A;PR;Rio Branco do Sul l;-25,167;-49,309;2025-03-18 03:10:00.0;0,00
RIO BRANCO DO SUL;412220601A;PR;Rio Branco do Sul l;-25,167;-49,309;2025-03-18 04:10:00.0;0,00
RIO BRANCO DO SUL;412220601A;PR;Rio Branco do Sul l;-25,167;-49,309;2025-03-18 05:10:00.0;0,00
RIO BRANCO DO SUL;412220601A;PR;Rio Branco do Sul l;-25,167;-49,309;2025-03-18 06:10:00.0;0,00
RIO BRANCO DO SUL;412220601A;PR;Rio Branco do Sul l;-25,167;-49,309;2025-03-18 07:10:00.0;0,00
RIO BRANCO DO SUL;412220601A;PR;Rio Branco do Sul l;-25,167;-49,309;2025-03-21 19:50:00.0;0,00
RIO BRANCO DO SUL;412220601A;PR;Rio Branco do Sul l;-25,167;-49,309;2025-03-21 21:10:00.0;0,00
RIO BRANCO DO SUL;412220601A;PR;Rio Branco do Sul l;-25,167;-49,309;2025-03-22 03:10:00.0;0,00
RIO BRANCO DO SUL;412220601A;PR;Rio Branco do Sul l;-25,167;-49,309;2025-03-22 04:10:00.0;0,00
RIO BRANCO DO SUL;412220601A;PR;Rio Branco do Sul l;-25,167;-49,309;2025-03-22 07:40:00.0;0,00
RIO BRANCO DO SUL;412220601A;PR;Rio Branco do Sul l;-25,167;-49,309;2025-03-22 08:10:00.0;0,00
RIO BRANCO DO SUL;412220601A;PR;Rio Branco do Sul l;-25,167;-49,309;2025-03-22 11:10:00.0;0,00
RIO BRANCO DO SUL;412220601A;PR;Rio Branco do Sul l;-25,167;-49,309;2025-03-22 13:20:00.0;0,00
RIO BRANCO DO SUL;412220601A;PR;Rio Branco do Sul l;-25,167;-49,309;2025-03-22 14:10:00.0;0,00
RIO BRANCO DO SUL;412220601A;PR;Rio Branco do Sul l;-25,167;-49,309;2025-03-22 15:10:00.0;0,00
RIO BRANCO DO SUL;412220601A;PR;Rio Branco do Sul l;-25,167;-49,309;2025-03-22 16:10:00.0;0,00
RIO BRANCO DO SUL;412220601A;PR;Rio Branco do Sul l;-25,167;-49,309;2025-03-22 17:10:00.0;0,00
RIO BRANCO DO SUL;412220601A;PR;Rio Branco do Sul l;-25,167;-49,309;2025-03-22 18:10:00.0;0,00
RIO BRANCO DO SUL;412220601A;PR;Rio Branco do Sul l;-25,167;-49,309;2025-03-22 19:10:00.0;0,00
RIO BRANCO DO SUL;412220601A;PR;Rio Branco do Sul l;-25,167;-49,309;2025-03-22 20:10:00.0;0,00
RIO BRANCO DO SUL;412220601A;PR;Rio Branco do Sul l;-25,167;-49,309;2025-03-22 21:10:00.0;0,00
RIO BRANCO DO SUL;412220601A;PR;Rio Branco do Sul l;-25,167;-49,309;2025-03-22 22:10:00.0;0,00
RIO BRANCO DO SUL;412220601A;PR;Rio Branco do Sul l;-25,167;-49,309;2025-03-22 23:10:00.0;0,00
RIO BRANCO DO SUL;412220601A;PR;Rio Branco do Sul l;-25,167;-49,309;2025-03-23 07:50:00.0;0,00
RIO BRANCO DO SUL;412220601A;PR;Rio Branco do Sul l;-25,167;-49,309;2025-03-23 08:10:00.0;0,00
RIO BRANCO DO SUL;412220601A;PR;Rio Branco do Sul l;-25,167;-49,309;2025-03-23 09:10:00.0;0,00
RIO BRANCO DO SUL;412220601A;PR;Rio Branco do Sul l;-25,167;-49,309;2025-03-23 10:10:00.0;0,00
RIO BRANCO DO SUL;412220601A;PR;Rio Branco do Sul l;-25,167;-49,309;2025-03-23 11:10:00.0;0,00
RIO BRANCO DO SUL;412220601A;PR;Rio Branco do Sul l;-25,167;-49,309;2025-03-23 12:10:00.0;0,00
RIO BRANCO DO SUL;412220601A;PR;Rio Branco do Sul l;-25,167;-49,309;2025-03-23 13:10:00.0;0,00
RIO BRANCO DO SUL;412220601A;PR;Rio Branco do Sul l;-25,167;-49,309;2025-03-23 14:10:00.0;0,00
RIO BRANCO DO SUL;412220601A;PR;Rio Branco do Sul l;-25,167;-49,309;2025-03-23 15:10:00.0;0,00
RIO BRANCO DO SUL;412220601A;PR;Rio Branco do Sul l;-25,167;-49,309;2025-03-23 16:10:00.0;0,00
RIO BRANCO DO SUL;412220601A;PR;Rio Branco do Sul l;-25,167;-49,309;2025-03-23 17:10:00.0;0,00
RIO BRANCO DO SUL;412220601A;PR;Rio Branco do Sul l;-25,167;-49,309;2025-03-23 18:10:00.0;0,00
RIO BRANCO DO SUL;412220601A;PR;Rio Branco do Sul l;-25,167;-49,309;2025-03-23 19:10:00.0;0,00
RIO BRANCO DO SUL;412220601A;PR;Rio Branco do Sul l;-25,167;-49,309;2025-03-23 20:10:00.0;0,00
RIO BRANCO DO SUL;412220601A;PR;Rio Branco do Sul l;-25,167;-49,309;2025-03-23 21:10:00.0;0,00
RIO BRANCO DO SUL;412220601A;PR;Rio Branco do Sul l;-25,167;-49,309;2025-03-24 19:00:00.0;0,00
RIO BRANCO DO SUL;412220601A;PR;Rio Branco do Sul l;-25,167;-49,309;2025-03-24 19:10:00.0;0,00
RIO BRANCO DO SUL;412220601A;PR;Rio Branco do Sul l;-25,167;-49,309;2025-03-24 20:10:00.0;0,00
RIO BRANCO DO SUL;412220601A;PR;Rio Branco do Sul l;-25,167;-49,309;2025-03-24 21:10:00.0;0,00
RIO BRANCO DO SUL;412220601A;PR;Rio Branco do Sul l;-25,167;-49,309;2025-03-24 22:10:00.0;0,00
RIO BRANCO DO SUL;412220601A;PR;Rio Branco do Sul l;-25,167;-49,309;2025-03-24 23:10:00.0;0,00
RIO BRANCO DO SUL;412220601A;PR;Rio Branco do Sul l;-25,167;-49,309;2025-03-25 00:10:00.0;0,00
RIO BRANCO DO SUL;412220601A;PR;Rio Branco do Sul l;-25,167;-49,309;2025-03-25 01:10:00.0;0,00
RIO BRANCO DO SUL;412220601A;PR;Rio Branco do Sul l;-25,167;-49,309;2025-03-25 02:10:00.0;0,00
RIO BRANCO DO SUL;412220601A;PR;Rio Branco do Sul l;-25,167;-49,309;2025-03-25 03:10:00.0;0,00
RIO BRANCO DO SUL;412220601A;PR;Rio Branco do Sul l;-25,167;-49,309;2025-03-25 07:20:00.0;0,00
RIO BRANCO DO SUL;412220601A;PR;Rio Branco do Sul l;-25,167;-49,309;2025-03-25 08:10:00.0;0,00
RIO BRANCO DO SUL;412220601A;PR;Rio Branco do Sul l;-25,167;-49,309;2025-03-25 09:10:00.0;0,00
RIO BRANCO DO SUL;412220601A;PR;Rio Branco do Sul l;-25,167;-49,309;2025-03-25 10:10:00.0;0,00
RIO BRANCO DO SUL;412220601A;PR;Rio Branco do Sul l;-25,167;-49,309;2025-03-25 11:10:00.0;0,00
RIO BRANCO DO SUL;412220601A;PR;Rio Branco do Sul l;-25,167;-49,309;2025-03-25 12:10:00.0;0,00
RIO BRANCO DO SUL;412220601A;PR;Rio Branco do Sul l;-25,167;-49,309;2025-03-25 13:10:00.0;0,00
RIO BRANCO DO SUL;412220601A;PR;Rio Branco do Sul l;-25,167;-49,309;2025-03-25 14:10:00.0;0,00
RIO BRANCO DO SUL;412220601A;PR;Rio Branco do Sul l;-25,167;-49,309;2025-03-25 15:10:00.0;0,00
RIO BRANCO DO SUL;412220601A;PR;Rio Branco do Sul l;-25,167;-49,309;2025-03-25 16:10:00.0;0,00
RIO BRANCO DO SUL;412220601A;PR;Rio Branco do Sul l;-25,167;-49,309;2025-03-25 17:10:00.0;0,00
RIO BRANCO DO SUL;412220601A;PR;Rio Branco do Sul l;-25,167;-49,309;2025-03-25 18:10:00.0;0,00
RIO BRANCO DO SUL;412220601A;PR;Rio Branco do Sul l;-25,167;-49,309;2025-03-25 19:10:00.0;0,00
RIO BRANCO DO SUL;412220601A;PR;Rio Branco do Sul l;-25,167;-49,309;2025-03-25 20:10:00.0;0,00
RIO BRANCO DO SUL;412220601A;PR;Rio Branco do Sul l;-25,167;-49,309;2025-03-25 21:10:00.0;0,00
RIO BRANCO DO SUL;412220601A;PR;Rio Branco do Sul l;-25,167;-49,309;2025-03-25 22:10:00.0;0,00
RIO BRANCO DO SUL;412220601A;PR;Rio Branco do Sul l;-25,167;-49,309;2025-03-25 23:10:00.0;0,00
RIO BRANCO DO SUL;412220601A;PR;Rio Branco do Sul l;-25,167;-49,309;2025-03-26 00:10:00.0;0,00
RIO BRANCO DO SUL;412220601A;PR;Rio Branco do Sul l;-25,167;-49,309;2025-03-26 01:10:00.0;0,00
RIO BRANCO DO SUL;412220601A;PR;Rio Branco do Sul l;-25,167;-49,309;2025-03-26 02:10:00.0;0,00
RIO BRANCO DO SUL;412220601A;PR;Rio Branco do Sul l;-25,167;-49,309;2025-03-26 03:00:00.0;0,20
RIO BRANCO DO SUL;412220601A;PR;Rio Branco do Sul l;-25,167;-49,309;2025-03-26 03:10:00.0;1,77
RIO BRANCO DO SUL;412220601A;PR;Rio Branco do Sul l;-25,167;-49,309;2025-03-26 03:20:00.0;7,31
RIO BRANCO DO SUL;412220601A;PR;Rio Branco do Sul l;-25,167;-49,309;2025-03-26 03:30:00.0;3,35
RIO BRANCO DO SUL;412220601A;PR;Rio Branco do Sul l;-25,167;-49,309;2025-03-26 03:40:00.0;0,79
RIO BRANCO DO SUL;412220601A;PR;Rio Branco do Sul l;-25,167;-49,309;2025-03-26 03:50:00.0;0,59
RIO BRANCO DO SUL;412220601A;PR;Rio Branco do Sul l;-25,167;-49,309;2025-03-26 04:00:00.0;0,39
RIO BRANCO DO SUL;412220601A;PR;Rio Branco do Sul l;-25,167;-49,309;2025-03-26 04:10:00.0;0,20
RIO BRANCO DO SUL;412220601A;PR;Rio Branco do Sul l;-25,167;-49,309;2025-03-26 04:20:00.0;0,39
RIO BRANCO DO SUL;412220601A;PR;Rio Branco do Sul l;-25,167;-49,309;2025-03-26 04:30:00.0;0,20
RIO BRANCO DO SUL;412220601A;PR;Rio Branco do Sul l;-25,167;-49,309;2025-03-26 04:40:00.0;0,59
RIO BRANCO DO SUL;412220601A;PR;Rio Branco do Sul l;-25,167;-49,309;2025-03-26 04:50:00.0;0,79
RIO BRANCO DO SUL;412220601A;PR;Rio Branco do Sul l;-25,167;-49,309;2025-03-26 05:00:00.0;0,98
RIO BRANCO DO SUL;412220601A;PR;Rio Branco do Sul l;-25,167;-49,309;2025-03-26 05:10:00.0;0,98
RIO BRANCO DO SUL;412220601A;PR;Rio Branco do Sul l;-25,167;-49,309;2025-03-26 05:20:00.0;0,59
RIO BRANCO DO SUL;412220601A;PR;Rio Branco do Sul l;-25,167;-49,309;2025-03-26 05:30:00.0;0,59
RIO BRANCO DO SUL;412220601A;PR;Rio Branco do Sul l;-25,167;-49,309;2025-03-26 05:40:00.0;0,59
RIO BRANCO DO SUL;412220601A;PR;Rio Branco do Sul l;-25,167;-49,309;2025-03-26 06:00:00.0;0,39
RIO BRANCO DO SUL;412220601A;PR;Rio Branco do Sul l;-25,167;-49,309;2025-03-26 06:10:00.0;0,20
RIO BRANCO DO SUL;412220601A;PR;Rio Branco do Sul l;-25,167;-49,309;2025-03-26 06:20:00.0;0,20
RIO BRANCO DO SUL;412220601A;PR;Rio Branco do Sul l;-25,167;-49,309;2025-03-26 06:50:00.0;0,20
RIO BRANCO DO SUL;412220601A;PR;Rio Branco do Sul l;-25,167;-49,309;2025-03-26 07:10:00.0;0,00
RIO BRANCO DO SUL;412220601A;PR;Rio Branco do Sul l;-25,167;-49,309;2025-03-26 08:10:00.0;0,00
RIO BRANCO DO SUL;412220601A;PR;Rio Branco do Sul l;-25,167;-49,309;2025-03-26 09:10:00.0;0,00
RIO BRANCO DO SUL;412220601A;PR;Rio Branco do Sul l;-25,167;-49,309;2025-03-26 10:10:00.0;0,00
RIO BRANCO DO SUL;412220601A;PR;Rio Branco do Sul l;-25,167;-49,309;2025-03-26 11:10:00.0;0,00
RIO BRANCO DO SUL;412220601A;PR;Rio Branco do Sul l;-25,167;-49,309;2025-03-26 12:10:00.0;0,00
RIO BRANCO DO SUL;412220601A;PR;Rio Branco do Sul l;-25,167;-49,309;2025-03-26 13:10:00.0;0,00
RIO BRANCO DO SUL;412220601A;PR;Rio Branco do Sul l;-25,167;-49,309;2025-03-26 14:10:00.0;0,00
RIO BRANCO DO SUL;412220601A;PR;Rio Branco do Sul l;-25,167;-49,309;2025-03-26 15:10:00.0;0,00
RIO BRANCO DO SUL;412220601A;PR;Rio Branco do Sul l;-25,167;-49,309;2025-03-26 16:10:00.0;0,00
RIO BRANCO DO SUL;412220601A;PR;Rio Branco do Sul l;-25,167;-49,309;2025-03-26 17:10:00.0;0,00
RIO BRANCO DO SUL;412220601A;PR;Rio Branco do Sul l;-25,167;-49,309;2025-03-26 18:10:00.0;0,00
RIO BRANCO DO SUL;412220601A;PR;Rio Branco do Sul l;-25,167;-49,309;2025-03-26 19:10:00.0;0,00
RIO BRANCO DO SUL;412220601A;PR;Rio Branco do Sul l;-25,167;-49,309;2025-03-26 20:10:00.0;0,00
RIO BRANCO DO SUL;412220601A;PR;Rio Branco do Sul l;-25,167;-49,309;2025-03-26 21:10:00.0;0,00
RIO BRANCO DO SUL;412220601A;PR;Rio Branco do Sul l;-25,167;-49,309;2025-03-26 22:10:00.0;0,00
RIO BRANCO DO SUL;412220601A;PR;Rio Branco do Sul l;-25,167;-49,309;2025-03-26 23:10:00.0;0,00
RIO BRANCO DO SUL;412220601A;PR;Rio Branco do Sul l;-25,167;-49,309;2025-03-27 00:10:00.0;0,00
RIO BRANCO DO SUL;412220601A;PR;Rio Branco do Sul l;-25,167;-49,309;2025-03-27 01:10:00.0;0,00
RIO BRANCO DO SUL;412220601A;PR;Rio Branco do Sul l;-25,167;-49,309;2025-03-27 02:10:00.0;0,00
RIO BRANCO DO SUL;412220601A;PR;Rio Branco do Sul l;-25,167;-49,309;2025-03-27 03:10:00.0;0,00
RIO BRANCO DO SUL;412220601A;PR;Rio Branco do Sul l;-25,167;-49,309;2025-03-27 04:10:00.0;0,00
RIO BRANCO DO SUL;412220601A;PR;Rio Branco do Sul l;-25,167;-49,309;2025-03-27 05:10:00.0;0,00
RIO BRANCO DO SUL;412220601A;PR;Rio Branco do Sul l;-25,167;-49,309;2025-03-27 06:10:00.0;0,00
RIO BRANCO DO SUL;412220601A;PR;Rio Branco do Sul l;-25,167;-49,309;2025-03-27 12:40:00.0;0,00
RIO BRANCO DO SUL;412220601A;PR;Rio Branco do Sul l;-25,167;-49,309;2025-03-27 13:10:00.0;0,00
RIO BRANCO DO SUL;412220601A;PR;Rio Branco do Sul l;-25,167;-49,309;2025-03-27 14:10:00.0;0,00
RIO BRANCO DO SUL;412220601A;PR;Rio Branco do Sul l;-25,167;-49,309;2025-03-27 15:10:00.0;0,00
RIO BRANCO DO SUL;412220601A;PR;Rio Branco do Sul l;-25,167;-49,309;2025-03-27 16:10:00.0;0,00
RIO BRANCO DO SUL;412220601A;PR;Rio Branco do Sul l;-25,167;-49,309;2025-03-27 17:10:00.0;0,00
RIO BRANCO DO SUL;412220601A;PR;Rio Branco do Sul l;-25,167;-49,309;2025-03-27 18:10:00.0;0,00
RIO BRANCO DO SUL;412220601A;PR;Rio Branco do Sul l;-25,167;-49,309;2025-03-27 19:10:00.0;0,00
RIO BRANCO DO SUL;412220601A;PR;Rio Branco do Sul l;-25,167;-49,309;2025-03-27 20:10:00.0;0,00
RIO BRANCO DO SUL;412220601A;PR;Rio Branco do Sul l;-25,167;-49,309;2025-03-27 21:10:00.0;0,00
RIO BRANCO DO SUL;412220601A;PR;Rio Branco do Sul l;-25,167;-49,309;2025-03-27 22:10:00.0;0,00
RIO BRANCO DO SUL;412220601A;PR;Rio Branco do Sul l;-25,167;-49,309;2025-03-27 23:10:00.0;0,00
RIO BRANCO DO SUL;412220601A;PR;Rio Branco do Sul l;-25,167;-49,309;2025-03-28 03:00:00.0;0,00
RIO BRANCO DO SUL;412220601A;PR;Rio Branco do Sul l;-25,167;-49,309;2025-03-28 03:10:00.0;0,00
RIO BRANCO DO SUL;412220601A;PR;Rio Branco do Sul l;-25,167;-49,309;2025-03-28 04:10:00.0;0,00
RIO BRANCO DO SUL;412220601A;PR;Rio Branco do Sul l;-25,167;-49,309;2025-03-28 05:10:00.0;0,00
RIO BRANCO DO SUL;412220601A;PR;Rio Branco do Sul l;-25,167;-49,309;2025-03-28 06:10:00.0;0,00
RIO BRANCO DO SUL;412220601A;PR;Rio Branco do Sul l;-25,167;-49,309;2025-03-28 07:10:00.0;0,00
RIO BRANCO DO SUL;412220601A;PR;Rio Branco do Sul l;-25,167;-49,309;2025-03-28 08:10:00.0;0,00
RIO BRANCO DO SUL;412220601A;PR;Rio Branco do Sul l;-25,167;-49,309;2025-03-28 09:10:00.0;0,00
RIO BRANCO DO SUL;412220601A;PR;Rio Branco do Sul l;-25,167;-49,309;2025-03-28 10:10:00.0;0,00
RIO BRANCO DO SUL;412220601A;PR;Rio Branco do Sul l;-25,167;-49,309;2025-03-28 11:10:00.0;0,00
RIO BRANCO DO SUL;412220601A;PR;Rio Branco do Sul l;-25,167;-49,309;2025-03-28 12:10:00.0;0,00
RIO BRANCO DO SUL;412220601A;PR;Rio Branco do Sul l;-25,167;-49,309;2025-03-28 13:10:00.0;0,00
RIO BRANCO DO SUL;412220601A;PR;Rio Branco do Sul l;-25,167;-49,309;2025-03-28 14:10:00.0;0,00
RIO BRANCO DO SUL;412220601A;PR;Rio Branco do Sul l;-25,167;-49,309;2025-03-28 15:10:00.0;0,00
RIO BRANCO DO SUL;412220601A;PR;Rio Branco do Sul l;-25,167;-49,309;2025-03-28 16:10:00.0;0,00
RIO BRANCO DO SUL;412220601A;PR;Rio Branco do Sul l;-25,167;-49,309;2025-03-28 17:10:00.0;0,00
RIO BRANCO DO SUL;412220601A;PR;Rio Branco do Sul l;-25,167;-49,309;2025-03-28 18:10:00.0;0,00
RIO BRANCO DO SUL;412220601A;PR;Rio Branco do Sul l;-25,167;-49,309;2025-03-28 19:10:00.0;0,00
RIO BRANCO DO SUL;412220601A;PR;Rio Branco do Sul l;-25,167;-49,309;2025-03-28 20:10:00.0;0,00
RIO BRANCO DO SUL;412220601A;PR;Rio Branco do Sul l;-25,167;-49,309;2025-03-28 21:10:00.0;0,00
RIO BRANCO DO SUL;412220601A;PR;Rio Branco do Sul l;-25,167;-49,309;2025-03-28 22:10:00.0;0,00
RIO BRANCO DO SUL;412220601A;PR;Rio Branco do Sul l;-25,167;-49,309;2025-03-28 23:10:00.0;0,00
RIO BRANCO DO SUL;412220601A;PR;Rio Branco do Sul l;-25,167;-49,309;2025-03-29 00:10:00.0;0,00
RIO BRANCO DO SUL;412220601A;PR;Rio Branco do Sul l;-25,167;-49,309;2025-03-29 01:10:00.0;0,00
RIO BRANCO DO SUL;412220601A;PR;Rio Branco do Sul l;-25,167;-49,309;2025-03-29 02:10:00.0;0,00
RIO BRANCO DO SUL;412220601A;PR;Rio Branco do Sul l;-25,167;-49,309;2025-03-29 03:10:00.0;0,00
RIO BRANCO DO SUL;412220601A;PR;Rio Branco do Sul l;-25,167;-49,309;2025-03-29 04:10:00.0;0,00
RIO BRANCO DO SUL;412220601A;PR;Rio Branco do Sul l;-25,167;-49,309;2025-03-29 05:10:00.0;0,00
RIO BRANCO DO SUL;412220601A;PR;Rio Branco do Sul l;-25,167;-49,309;2025-03-29 06:10:00.0;0,00
RIO BRANCO DO SUL;412220601A;PR;Rio Branco do Sul l;-25,167;-49,309;2025-03-29 07:10:00.0;0,00
RIO BRANCO DO SUL;412220601A;PR;Rio Branco do Sul l;-25,167;-49,309;2025-03-29 08:10:00.0;0,00
RIO BRANCO DO SUL;412220601A;PR;Rio Branco do Sul l;-25,167;-49,309;2025-03-29 09:10:00.0;0,00
RIO BRANCO DO SUL;412220601A;PR;Rio Branco do Sul l;-25,167;-49,309;2025-03-29 10:10:00.0;0,00
RIO BRANCO DO SUL;412220601A;PR;Rio Branco do Sul l;-25,167;-49,309;2025-03-29 11:10:00.0;0,00
RIO BRANCO DO SUL;412220601A;PR;Rio Branco do Sul l;-25,167;-49,309;2025-03-29 12:10:00.0;0,00
RIO BRANCO DO SUL;412220601A;PR;Rio Branco do Sul l;-25,167;-49,309;2025-03-29 13:10:00.0;0,00
RIO BRANCO DO SUL;412220601A;PR;Rio Branco do Sul l;-25,167;-49,309;2025-03-29 14:10:00.0;0,00
RIO BRANCO DO SUL;412220601A;PR;Rio Branco do Sul l;-25,167;-49,309;2025-03-29 15:10:00.0;0,00
RIO BRANCO DO SUL;412220601A;PR;Rio Branco do Sul l;-25,167;-49,309;2025-03-29 16:10:00.0;0,00
RIO BRANCO DO SUL;412220601A;PR;Rio Branco do Sul l;-25,167;-49,309;2025-03-29 17:10:00.0;0,00
RIO BRANCO DO SUL;412220601A;PR;Rio Branco do Sul l;-25,167;-49,309;2025-03-29 18:10:00.0;0,00
RIO BRANCO DO SUL;412220601A;PR;Rio Branco do Sul l;-25,167;-49,309;2025-03-29 19:10:00.0;0,00
RIO BRANCO DO SUL;412220601A;PR;Rio Branco do Sul l;-25,167;-49,309;2025-03-29 20:10:00.0;0,00
RIO BRANCO DO SUL;412220601A;PR;Rio Branco do Sul l;-25,167;-49,309;2025-03-29 20:50:00.0;0,20
RIO BRANCO DO SUL;412220601A;PR;Rio Branco do Sul l;-25,167;-49,309;2025-03-29 21:00:00.0;12,20
RIO BRANCO DO SUL;412220601A;PR;Rio Branco do Sul l;-25,167;-49,309;2025-03-29 21:10:00.0;7,30
RIO BRANCO DO SUL;412220601A;PR;Rio Branco do Sul l;-25,167;-49,309;2025-03-29 21:20:00.0;3,55
RIO BRANCO DO SUL;412220601A;PR;Rio Branco do Sul l;-25,167;-49,309;2025-03-29 21:30:00.0;0,40
RIO BRANCO DO SUL;412220601A;PR;Rio Branco do Sul l;-25,167;-49,309;2025-03-29 22:10:00.0;0,00
RIO BRANCO DO SUL;412220601A;PR;Rio Branco do Sul l;-25,167;-49,309;2025-03-29 23:10:00.0;0,00
RIO BRANCO DO SUL;412220601A;PR;Rio Branco do Sul l;-25,167;-49,309;2025-03-30 00:10:00.0;0,00
RIO BRANCO DO SUL;412220601A;PR;Rio Branco do Sul l;-25,167;-49,309;2025-03-30 01:10:00.0;0,00
RIO BRANCO DO SUL;412220601A;PR;Rio Branco do Sul l;-25,167;-49,309;2025-03-30 02:10:00.0;0,00
RIO BRANCO DO SUL;412220601A;PR;Rio Branco do Sul l;-25,167;-49,309;2025-03-30 03:10:00.0;0,00
RIO BRANCO DO SUL;412220601A;PR;Rio Branco do Sul l;-25,167;-49,309;2025-03-30 04:10:00.0;0,00
RIO BRANCO DO SUL;412220601A;PR;Rio Branco do Sul l;-25,167;-49,309;2025-03-30 05:10:00.0;0,00
RIO BRANCO DO SUL;412220601A;PR;Rio Branco do Sul l;-25,167;-49,309;2025-03-30 06:10:00.0;0,00
RIO BRANCO DO SUL;412220601A;PR;Rio Branco do Sul l;-25,167;-49,309;2025-03-30 07:10:00.0;0,00
RIO BRANCO DO SUL;412220601A;PR;Rio Branco do Sul l;-25,167;-49,309;2025-03-30 08:10:00.0;0,00
RIO BRANCO DO SUL;412220601A;PR;Rio Branco do Sul l;-25,167;-49,309;2025-03-30 09:10:00.0;0,00
RIO BRANCO DO SUL;412220601A;PR;Rio Branco do Sul l;-25,167;-49,309;2025-03-30 10:10:00.0;0,00
RIO BRANCO DO SUL;412220601A;PR;Rio Branco do Sul l;-25,167;-49,309;2025-03-30 11:10:00.0;0,00
RIO BRANCO DO SUL;412220601A;PR;Rio Branco do Sul l;-25,167;-49,309;2025-03-30 12:10:00.0;0,00
RIO BRANCO DO SUL;412220601A;PR;Rio Branco do Sul l;-25,167;-49,309;2025-03-30 13:10:00.0;0,00
RIO BRANCO DO SUL;412220601A;PR;Rio Branco do Sul l;-25,167;-49,309;2025-03-30 14:10:00.0;0,00
RIO BRANCO DO SUL;412220601A;PR;Rio Branco do Sul l;-25,167;-49,309;2025-03-30 15:10:00.0;0,00
RIO BRANCO DO SUL;412220601A;PR;Rio Branco do Sul l;-25,167;-49,309;2025-03-30 16:10:00.0;0,00
RIO BRANCO DO SUL;412220601A;PR;Rio Branco do Sul l;-25,167;-49,309;2025-03-30 17:10:00.0;0,00
RIO BRANCO DO SUL;412220601A;PR;Rio Branco do Sul l;-25,167;-49,309;2025-03-30 18:10:00.0;0,00
RIO BRANCO DO SUL;412220601A;PR;Rio Branco do Sul l;-25,167;-49,309;2025-03-30 19:10:00.0;0,00
RIO BRANCO DO SUL;412220601A;PR;Rio Branco do Sul l;-25,167;-49,309;2025-03-30 20:10:00.0;0,00
RIO BRANCO DO SUL;412220601A;PR;Rio Branco do Sul l;-25,167;-49,309;2025-03-30 21:10:00.0;0,00
RIO BRANCO DO SUL;412220601A;PR;Rio Branco do Sul l;-25,167;-49,309;2025-03-30 22:10:00.0;0,00
RIO BRANCO DO SUL;412220601A;PR;Rio Branco do Sul l;-25,167;-49,309;2025-03-30 23:10:00.0;0,00
RIO BRANCO DO SUL;412220601A;PR;Rio Branco do Sul l;-25,167;-49,309;2025-03-31 00:10:00.0;0,00
RIO BRANCO DO SUL;412220601A;PR;Rio Branco do Sul l;-25,167;-49,309;2025-03-31 01:10:00.0;0,00
RIO BRANCO DO SUL;412220601A;PR;Rio Branco do Sul l;-25,167;-49,309;2025-03-31 02:10:00.0;0,00
RIO BRANCO DO SUL;412220601A;PR;Rio Branco do Sul l;-25,167;-49,309;2025-03-31 03:10:00.0;0,00
RIO BRANCO DO SUL;412220601A;PR;Rio Branco do Sul l;-25,167;-49,309;2025-03-31 04:10:00.0;0,00
RIO BRANCO DO SUL;412220601A;PR;Rio Branco do Sul l;-25,167;-49,309;2025-03-31 05:10:00.0;0,00
RIO BRANCO DO SUL;412220601A;PR;Rio Branco do Sul l;-25,167;-49,309;2025-03-31 06:10:00.0;0,00
RIO BRANCO DO SUL;412220601A;PR;Rio Branco do Sul l;-25,167;-49,309;2025-03-31 07:10:00.0;0,00
RIO BRANCO DO SUL;412220601A;PR;Rio Branco do Sul l;-25,167;-49,309;2025-03-31 08:10:00.0;0,00
RIO BRANCO DO SUL;412220601A;PR;Rio Branco do Sul l;-25,167;-49,309;2025-03-31 09:10:00.0;0,00
RIO BRANCO DO SUL;412220601A;PR;Rio Branco do Sul l;-25,167;-49,309;2025-03-31 10:10:00.0;0,00
RIO BRANCO DO SUL;412220601A;PR;Rio Branco do Sul l;-25,167;-49,309;2025-03-31 11:10:00.0;0,00
RIO BRANCO DO SUL;412220601A;PR;Rio Branco do Sul l;-25,167;-49,309;2025-03-31 12:10:00.0;0,00
RIO BRANCO DO SUL;412220601A;PR;Rio Branco do Sul l;-25,167;-49,309;2025-03-31 13:10:00.0;0,00
RIO BRANCO DO SUL;412220601A;PR;Rio Branco do Sul l;-25,167;-49,309;2025-03-31 14:10:00.0;0,00
RIO BRANCO DO SUL;412220601A;PR;Rio Branco do Sul l;-25,167;-49,309;2025-03-31 15:10:00.0;0,00
RIO BRANCO DO SUL;412220601A;PR;Rio Branco do Sul l;-25,167;-49,309;2025-03-31 16:10:00.0;0,00
RIO BRANCO DO SUL;412220601A;PR;Rio Branco do Sul l;-25,167;-49,309;2025-03-31 17:10:00.0;0,00
RIO BRANCO DO SUL;412220601A;PR;Rio Branco do Sul l;-25,167;-49,309;2025-03-31 18:10:00.0;0,00
RIO BRANCO DO SUL;412220601A;PR;Rio Branco do Sul l;-25,167;-49,309;2025-03-31 19:10:00.0;0,00
RIO BRANCO DO SUL;412220601A;PR;Rio Branco do Sul l;-25,167;-49,309;2025-03-31 20:10:00.0;0,00
RIO BRANCO DO SUL;412220601A;PR;Rio Branco do Sul l;-25,167;-49,309;2025-03-31 21:10:00.0;0,00
RIO BRANCO DO SUL;412220601A;PR;Rio Branco do Sul l;-25,167;-49,309;2025-03-31 22:10:00.0;0,00
RIO BRANCO DO SUL;412220601A;PR;Rio Branco do Sul l;-25,167;-49,309;2025-03-31 23:10:00.0;0,00
RIO BRANCO DO SUL;412220603A;PR;Centro II;-25,205;-49,324;2025-03-01 00:20:00.0;0,00
RIO BRANCO DO SUL;412220603A;PR;Centro II;-25,205;-49,324;2025-03-01 01:20:00.0;0,00
RIO BRANCO DO SUL;412220603A;PR;Centro II;-25,205;-49,324;2025-03-01 02:20:00.0;0,00
RIO BRANCO DO SUL;412220603A;PR;Centro II;-25,205;-49,324;2025-03-01 03:20:00.0;0,00
RIO BRANCO DO SUL;412220603A;PR;Centro II;-25,205;-49,324;2025-03-01 04:20:00.0;0,00
RIO BRANCO DO SUL;412220603A;PR;Centro II;-25,205;-49,324;2025-03-01 05:20:00.0;0,00
RIO BRANCO DO SUL;412220603A;PR;Centro II;-25,205;-49,324;2025-03-01 06:20:00.0;0,00
RIO BRANCO DO SUL;412220603A;PR;Centro II;-25,205;-49,324;2025-03-01 07:20:00.0;0,00
RIO BRANCO DO SUL;412220603A;PR;Centro II;-25,205;-49,324;2025-03-01 08:20:00.0;0,00
RIO BRANCO DO SUL;412220603A;PR;Centro II;-25,205;-49,324;2025-03-01 09:20:00.0;0,00
RIO BRANCO DO SUL;412220603A;PR;Centro II;-25,205;-49,324;2025-03-01 10:20:00.0;0,00
RIO BRANCO DO SUL;412220603A;PR;Centro II;-25,205;-49,324;2025-03-01 11:20:00.0;0,00
RIO BRANCO DO SUL;412220603A;PR;Centro II;-25,205;-49,324;2025-03-01 12:20:00.0;0,00
RIO BRANCO DO SUL;412220603A;PR;Centro II;-25,205;-49,324;2025-03-01 13:20:00.0;0,00
RIO BRANCO DO SUL;412220603A;PR;Centro II;-25,205;-49,324;2025-03-01 14:20:00.0;0,00
RIO BRANCO DO SUL;412220603A;PR;Centro II;-25,205;-49,324;2025-03-01 15:20:00.0;0,00
RIO BRANCO DO SUL;412220603A;PR;Centro II;-25,205;-49,324;2025-03-01 16:20:00.0;0,00
RIO BRANCO DO SUL;412220603A;PR;Centro II;-25,205;-49,324;2025-03-01 17:20:00.0;0,00
RIO BRANCO DO SUL;412220603A;PR;Centro II;-25,205;-49,324;2025-03-01 18:20:00.0;0,00
RIO BRANCO DO SUL;412220603A;PR;Centro II;-25,205;-49,324;2025-03-01 19:20:00.0;0,00
RIO BRANCO DO SUL;412220603A;PR;Centro II;-25,205;-49,324;2025-03-01 20:20:00.0;0,00
RIO BRANCO DO SUL;412220603A;PR;Centro II;-25,205;-49,324;2025-03-01 21:20:00.0;0,00
RIO BRANCO DO SUL;412220603A;PR;Centro II;-25,205;-49,324;2025-03-01 22:20:00.0;0,00
RIO BRANCO DO SUL;412220603A;PR;Centro II;-25,205;-49,324;2025-03-01 23:20:00.0;0,00
RIO BRANCO DO SUL;412220603A;PR;Centro II;-25,205;-49,324;2025-03-02 00:20:00.0;0,00
RIO BRANCO DO SUL;412220603A;PR;Centro II;-25,205;-49,324;2025-03-02 01:20:00.0;0,00
RIO BRANCO DO SUL;412220603A;PR;Centro II;-25,205;-49,324;2025-03-02 02:20:00.0;0,00
RIO BRANCO DO SUL;412220603A;PR;Centro II;-25,205;-49,324;2025-03-02 03:20:00.0;0,00
RIO BRANCO DO SUL;412220603A;PR;Centro II;-25,205;-49,324;2025-03-02 04:20:00.0;0,00
RIO BRANCO DO SUL;412220603A;PR;Centro II;-25,205;-49,324;2025-03-02 05:20:00.0;0,00
RIO BRANCO DO SUL;412220603A;PR;Centro II;-25,205;-49,324;2025-03-02 06:20:00.0;0,00
RIO BRANCO DO SUL;412220603A;PR;Centro II;-25,205;-49,324;2025-03-02 07:20:00.0;0,00
RIO BRANCO DO SUL;412220603A;PR;Centro II;-25,205;-49,324;2025-03-02 08:20:00.0;0,00
RIO BRANCO DO SUL;412220603A;PR;Centro II;-25,205;-49,324;2025-03-02 09:20:00.0;0,00
RIO BRANCO DO SUL;412220603A;PR;Centro II;-25,205;-49,324;2025-03-02 10:20:00.0;0,00
RIO BRANCO DO SUL;412220603A;PR;Centro II;-25,205;-49,324;2025-03-02 11:20:00.0;0,00
RIO BRANCO DO SUL;412220603A;PR;Centro II;-25,205;-49,324;2025-03-02 12:20:00.0;0,00
RIO BRANCO DO SUL;412220603A;PR;Centro II;-25,205;-49,324;2025-03-02 13:20:00.0;0,00
RIO BRANCO DO SUL;412220603A;PR;Centro II;-25,205;-49,324;2025-03-02 14:20:00.0;0,00
RIO BRANCO DO SUL;412220603A;PR;Centro II;-25,205;-49,324;2025-03-02 15:20:00.0;0,00
RIO BRANCO DO SUL;412220603A;PR;Centro II;-25,205;-49,324;2025-03-02 16:20:00.0;0,00
RIO BRANCO DO SUL;412220603A;PR;Centro II;-25,205;-49,324;2025-03-02 17:20:00.0;0,00
RIO BRANCO DO SUL;412220603A;PR;Centro II;-25,205;-49,324;2025-03-02 18:20:00.0;0,00
RIO BRANCO DO SUL;412220603A;PR;Centro II;-25,205;-49,324;2025-03-02 19:20:00.0;0,00
RIO BRANCO DO SUL;412220603A;PR;Centro II;-25,205;-49,324;2025-03-02 20:20:00.0;0,00
RIO BRANCO DO SUL;412220603A;PR;Centro II;-25,205;-49,324;2025-03-02 21:20:00.0;0,00
RIO BRANCO DO SUL;412220603A;PR;Centro II;-25,205;-49,324;2025-03-02 22:20:00.0;0,00
RIO BRANCO DO SUL;412220603A;PR;Centro II;-25,205;-49,324;2025-03-02 23:20:00.0;0,00
RIO BRANCO DO SUL;412220603A;PR;Centro II;-25,205;-49,324;2025-03-03 00:20:00.0;0,00
RIO BRANCO DO SUL;412220603A;PR;Centro II;-25,205;-49,324;2025-03-03 01:20:00.0;0,00
RIO BRANCO DO SUL;412220603A;PR;Centro II;-25,205;-49,324;2025-03-03 02:20:00.0;0,00
RIO BRANCO DO SUL;412220603A;PR;Centro II;-25,205;-49,324;2025-03-03 03:20:00.0;0,00
RIO BRANCO DO SUL;412220603A;PR;Centro II;-25,205;-49,324;2025-03-03 04:20:00.0;0,00
RIO BRANCO DO SUL;412220603A;PR;Centro II;-25,205;-49,324;2025-03-03 05:20:00.0;0,00
RIO BRANCO DO SUL;412220603A;PR;Centro II;-25,205;-49,324;2025-03-03 06:20:00.0;0,00
RIO BRANCO DO SUL;412220603A;PR;Centro II;-25,205;-49,324;2025-03-03 07:20:00.0;0,00
RIO BRANCO DO SUL;412220603A;PR;Centro II;-25,205;-49,324;2025-03-03 08:20:00.0;0,00
RIO BRANCO DO SUL;412220603A;PR;Centro II;-25,205;-49,324;2025-03-03 09:20:00.0;0,00
RIO BRANCO DO SUL;412220603A;PR;Centro II;-25,205;-49,324;2025-03-03 10:20:00.0;0,00
RIO BRANCO DO SUL;412220603A;PR;Centro II;-25,205;-49,324;2025-03-03 11:20:00.0;0,00
RIO BRANCO DO SUL;412220603A;PR;Centro II;-25,205;-49,324;2025-03-03 12:20:00.0;0,00
RIO BRANCO DO SUL;412220603A;PR;Centro II;-25,205;-49,324;2025-03-03 13:20:00.0;0,00
RIO BRANCO DO SUL;412220603A;PR;Centro II;-25,205;-49,324;2025-03-03 14:20:00.0;0,00
RIO BRANCO DO SUL;412220603A;PR;Centro II;-25,205;-49,324;2025-03-03 15:20:00.0;0,00
RIO BRANCO DO SUL;412220603A;PR;Centro II;-25,205;-49,324;2025-03-03 16:20:00.0;0,00
RIO BRANCO DO SUL;412220603A;PR;Centro II;-25,205;-49,324;2025-03-03 17:20:00.0;0,00
RIO BRANCO DO SUL;412220603A;PR;Centro II;-25,205;-49,324;2025-03-03 18:20:00.0;0,00
RIO BRANCO DO SUL;412220603A;PR;Centro II;-25,205;-49,324;2025-03-03 19:20:00.0;0,00
RIO BRANCO DO SUL;412220603A;PR;Centro II;-25,205;-49,324;2025-03-03 20:20:00.0;0,00
RIO BRANCO DO SUL;412220603A;PR;Centro II;-25,205;-49,324;2025-03-03 21:20:00.0;0,00
RIO BRANCO DO SUL;412220603A;PR;Centro II;-25,205;-49,324;2025-03-03 22:20:00.0;0,00
RIO BRANCO DO SUL;412220603A;PR;Centro II;-25,205;-49,324;2025-03-03 23:20:00.0;0,00
RIO BRANCO DO SUL;412220603A;PR;Centro II;-25,205;-49,324;2025-03-04 00:20:00.0;0,00
RIO BRANCO DO SUL;412220603A;PR;Centro II;-25,205;-49,324;2025-03-04 01:20:00.0;0,00
RIO BRANCO DO SUL;412220603A;PR;Centro II;-25,205;-49,324;2025-03-04 02:20:00.0;0,00
RIO BRANCO DO SUL;412220603A;PR;Centro II;-25,205;-49,324;2025-03-04 03:20:00.0;0,00
RIO BRANCO DO SUL;412220603A;PR;Centro II;-25,205;-49,324;2025-03-04 04:20:00.0;0,00
RIO BRANCO DO SUL;412220603A;PR;Centro II;-25,205;-49,324;2025-03-04 05:20:00.0;0,00
RIO BRANCO DO SUL;412220603A;PR;Centro II;-25,205;-49,324;2025-03-04 06:20:00.0;0,00
RIO BRANCO DO SUL;412220603A;PR;Centro II;-25,205;-49,324;2025-03-04 07:20:00.0;0,00
RIO BRANCO DO SUL;412220603A;PR;Centro II;-25,205;-49,324;2025-03-04 08:20:00.0;0,00
RIO BRANCO DO SUL;412220603A;PR;Centro II;-25,205;-49,324;2025-03-04 09:20:00.0;0,00
RIO BRANCO DO SUL;412220603A;PR;Centro II;-25,205;-49,324;2025-03-04 10:20:00.0;0,00
RIO BRANCO DO SUL;412220603A;PR;Centro II;-25,205;-49,324;2025-03-04 11:20:00.0;0,00
RIO BRANCO DO SUL;412220603A;PR;Centro II;-25,205;-49,324;2025-03-04 12:20:00.0;0,00
RIO BRANCO DO SUL;412220603A;PR;Centro II;-25,205;-49,324;2025-03-04 13:20:00.0;0,00
RIO BRANCO DO SUL;412220603A;PR;Centro II;-25,205;-49,324;2025-03-04 14:20:00.0;0,00
RIO BRANCO DO SUL;412220603A;PR;Centro II;-25,205;-49,324;2025-03-04 15:20:00.0;0,00
RIO BRANCO DO SUL;412220603A;PR;Centro II;-25,205;-49,324;2025-03-04 16:20:00.0;0,00
RIO BRANCO DO SUL;412220603A;PR;Centro II;-25,205;-49,324;2025-03-04 17:20:00.0;0,00
RIO BRANCO DO SUL;412220603A;PR;Centro II;-25,205;-49,324;2025-03-04 18:20:00.0;0,00
RIO BRANCO DO SUL;412220603A;PR;Centro II;-25,205;-49,324;2025-03-04 19:20:00.0;0,00
RIO BRANCO DO SUL;412220603A;PR;Centro II;-25,205;-49,324;2025-03-04 20:20:00.0;0,00
RIO BRANCO DO SUL;412220603A;PR;Centro II;-25,205;-49,324;2025-03-04 21:20:00.0;0,00
RIO BRANCO DO SUL;412220603A;PR;Centro II;-25,205;-49,324;2025-03-04 22:20:00.0;0,00
RIO BRANCO DO SUL;412220603A;PR;Centro II;-25,205;-49,324;2025-03-04 23:20:00.0;0,00
RIO BRANCO DO SUL;412220603A;PR;Centro II;-25,205;-49,324;2025-03-05 00:20:00.0;0,00
RIO BRANCO DO SUL;412220603A;PR;Centro II;-25,205;-49,324;2025-03-05 01:20:00.0;0,00
RIO BRANCO DO SUL;412220603A;PR;Centro II;-25,205;-49,324;2025-03-05 02:20:00.0;0,00
RIO BRANCO DO SUL;412220603A;PR;Centro II;-25,205;-49,324;2025-03-05 03:20:00.0;0,00
RIO BRANCO DO SUL;412220603A;PR;Centro II;-25,205;-49,324;2025-03-05 04:20:00.0;0,00
RIO BRANCO DO SUL;412220603A;PR;Centro II;-25,205;-49,324;2025-03-05 05:20:00.0;0,00
RIO BRANCO DO SUL;412220603A;PR;Centro II;-25,205;-49,324;2025-03-05 06:20:00.0;0,00
RIO BRANCO DO SUL;412220603A;PR;Centro II;-25,205;-49,324;2025-03-05 07:20:00.0;0,00
RIO BRANCO DO SUL;412220603A;PR;Centro II;-25,205;-49,324;2025-03-05 08:20:00.0;0,00
RIO BRANCO DO SUL;412220603A;PR;Centro II;-25,205;-49,324;2025-03-05 09:20:00.0;0,00
RIO BRANCO DO SUL;412220603A;PR;Centro II;-25,205;-49,324;2025-03-05 10:20:00.0;0,00
RIO BRANCO DO SUL;412220603A;PR;Centro II;-25,205;-49,324;2025-03-05 11:20:00.0;0,00
RIO BRANCO DO SUL;412220603A;PR;Centro II;-25,205;-49,324;2025-03-05 12:20:00.0;0,00
RIO BRANCO DO SUL;412220603A;PR;Centro II;-25,205;-49,324;2025-03-05 13:20:00.0;0,00
RIO BRANCO DO SUL;412220603A;PR;Centro II;-25,205;-49,324;2025-03-05 14:20:00.0;0,00
RIO BRANCO DO SUL;412220603A;PR;Centro II;-25,205;-49,324;2025-03-05 15:20:00.0;0,00
RIO BRANCO DO SUL;412220603A;PR;Centro II;-25,205;-49,324;2025-03-05 16:20:00.0;0,00
RIO BRANCO DO SUL;412220603A;PR;Centro II;-25,205;-49,324;2025-03-05 17:20:00.0;0,00
RIO BRANCO DO SUL;412220603A;PR;Centro II;-25,205;-49,324;2025-03-05 18:20:00.0;0,00
RIO BRANCO DO SUL;412220603A;PR;Centro II;-25,205;-49,324;2025-03-05 19:20:00.0;0,00
RIO BRANCO DO SUL;412220603A;PR;Centro II;-25,205;-49,324;2025-03-05 20:20:00.0;0,00
RIO BRANCO DO SUL;412220603A;PR;Centro II;-25,205;-49,324;2025-03-05 21:20:00.0;0,00
RIO BRANCO DO SUL;412220603A;PR;Centro II;-25,205;-49,324;2025-03-05 22:20:00.0;0,00
RIO BRANCO DO SUL;412220603A;PR;Centro II;-25,205;-49,324;2025-03-05 23:20:00.0;0,00
RIO BRANCO DO SUL;412220603A;PR;Centro II;-25,205;-49,324;2025-03-06 00:20:00.0;0,00
RIO BRANCO DO SUL;412220603A;PR;Centro II;-25,205;-49,324;2025-03-06 01:20:00.0;0,00
RIO BRANCO DO SUL;412220603A;PR;Centro II;-25,205;-49,324;2025-03-06 02:20:00.0;0,00
RIO BRANCO DO SUL;412220603A;PR;Centro II;-25,205;-49,324;2025-03-06 03:20:00.0;0,00
RIO BRANCO DO SUL;412220603A;PR;Centro II;-25,205;-49,324;2025-03-06 04:20:00.0;0,00
RIO BRANCO DO SUL;412220603A;PR;Centro II;-25,205;-49,324;2025-03-06 05:20:00.0;0,00
RIO BRANCO DO SUL;412220603A;PR;Centro II;-25,205;-49,324;2025-03-06 06:20:00.0;0,00
RIO BRANCO DO SUL;412220603A;PR;Centro II;-25,205;-49,324;2025-03-06 07:20:00.0;0,00
RIO BRANCO DO SUL;412220603A;PR;Centro II;-25,205;-49,324;2025-03-06 08:20:00.0;0,00
RIO BRANCO DO SUL;412220603A;PR;Centro II;-25,205;-49,324;2025-03-06 09:20:00.0;0,00
RIO BRANCO DO SUL;412220603A;PR;Centro II;-25,205;-49,324;2025-03-06 10:20:00.0;0,00
RIO BRANCO DO SUL;412220603A;PR;Centro II;-25,205;-49,324;2025-03-06 11:20:00.0;0,00
RIO BRANCO DO SUL;412220603A;PR;Centro II;-25,205;-49,324;2025-03-06 12:20:00.0;0,00
RIO BRANCO DO SUL;412220603A;PR;Centro II;-25,205;-49,324;2025-03-06 13:20:00.0;0,00
RIO BRANCO DO SUL;412220603A;PR;Centro II;-25,205;-49,324;2025-03-06 14:20:00.0;0,00
RIO BRANCO DO SUL;412220603A;PR;Centro II;-25,205;-49,324;2025-03-06 15:20:00.0;0,00
RIO BRANCO DO SUL;412220603A;PR;Centro II;-25,205;-49,324;2025-03-06 16:20:00.0;0,00
RIO BRANCO DO SUL;412220603A;PR;Centro II;-25,205;-49,324;2025-03-06 17:20:00.0;0,00
RIO BRANCO DO SUL;412220603A;PR;Centro II;-25,205;-49,324;2025-03-06 18:20:00.0;0,00
RIO BRANCO DO SUL;412220603A;PR;Centro II;-25,205;-49,324;2025-03-06 19:20:00.0;0,00
RIO BRANCO DO SUL;412220603A;PR;Centro II;-25,205;-49,324;2025-03-06 20:20:00.0;0,00
RIO BRANCO DO SUL;412220603A;PR;Centro II;-25,205;-49,324;2025-03-06 21:20:00.0;0,00
RIO BRANCO DO SUL;412220603A;PR;Centro II;-25,205;-49,324;2025-03-06 22:20:00.0;0,00
RIO BRANCO DO SUL;412220603A;PR;Centro II;-25,205;-49,324;2025-03-06 23:20:00.0;0,00
RIO BRANCO DO SUL;412220603A;PR;Centro II;-25,205;-49,324;2025-03-07 00:20:00.0;0,00
RIO BRANCO DO SUL;412220603A;PR;Centro II;-25,205;-49,324;2025-03-07 01:20:00.0;0,00
RIO BRANCO DO SUL;412220603A;PR;Centro II;-25,205;-49,324;2025-03-07 02:20:00.0;0,00
RIO BRANCO DO SUL;412220603A;PR;Centro II;-25,205;-49,324;2025-03-07 03:20:00.0;0,00
RIO BRANCO DO SUL;412220603A;PR;Centro II;-25,205;-49,324;2025-03-07 04:20:00.0;0,00
RIO BRANCO DO SUL;412220603A;PR;Centro II;-25,205;-49,324;2025-03-07 05:20:00.0;0,00
RIO BRANCO DO SUL;412220603A;PR;Centro II;-25,205;-49,324;2025-03-07 06:20:00.0;0,00
RIO BRANCO DO SUL;412220603A;PR;Centro II;-25,205;-49,324;2025-03-07 07:20:00.0;0,00
RIO BRANCO DO SUL;412220603A;PR;Centro II;-25,205;-49,324;2025-03-07 08:20:00.0;0,00
RIO BRANCO DO SUL;412220603A;PR;Centro II;-25,205;-49,324;2025-03-07 09:20:00.0;0,00
RIO BRANCO DO SUL;412220603A;PR;Centro II;-25,205;-49,324;2025-03-07 10:20:00.0;0,00
RIO BRANCO DO SUL;412220603A;PR;Centro II;-25,205;-49,324;2025-03-07 11:20:00.0;0,00
RIO BRANCO DO SUL;412220603A;PR;Centro II;-25,205;-49,324;2025-03-07 12:20:00.0;0,00
RIO BRANCO DO SUL;412220603A;PR;Centro II;-25,205;-49,324;2025-03-07 13:20:00.0;0,00
RIO BRANCO DO SUL;412220603A;PR;Centro II;-25,205;-49,324;2025-03-07 14:20:00.0;0,00
RIO BRANCO DO SUL;412220603A;PR;Centro II;-25,205;-49,324;2025-03-07 15:20:00.0;0,00
RIO BRANCO DO SUL;412220603A;PR;Centro II;-25,205;-49,324;2025-03-07 16:20:00.0;0,00
RIO BRANCO DO SUL;412220603A;PR;Centro II;-25,205;-49,324;2025-03-07 17:20:00.0;0,00
RIO BRANCO DO SUL;412220603A;PR;Centro II;-25,205;-49,324;2025-03-07 18:20:00.0;0,00
RIO BRANCO DO SUL;412220603A;PR;Centro II;-25,205;-49,324;2025-03-07 19:20:00.0;0,00
RIO BRANCO DO SUL;412220603A;PR;Centro II;-25,205;-49,324;2025-03-07 21:20:00.0;0,00
RIO BRANCO DO SUL;412220603A;PR;Centro II;-25,205;-49,324;2025-03-07 22:20:00.0;0,00
RIO BRANCO DO SUL;412220603A;PR;Centro II;-25,205;-49,324;2025-03-07 23:20:00.0;0,00
RIO BRANCO DO SUL;412220603A;PR;Centro II;-25,205;-49,324;2025-03-08 00:20:00.0;0,00
RIO BRANCO DO SUL;412220603A;PR;Centro II;-25,205;-49,324;2025-03-08 01:20:00.0;0,00
RIO BRANCO DO SUL;412220603A;PR;Centro II;-25,205;-49,324;2025-03-08 02:20:00.0;0,00
RIO BRANCO DO SUL;412220603A;PR;Centro II;-25,205;-49,324;2025-03-08 03:20:00.0;0,00
RIO BRANCO DO SUL;412220603A;PR;Centro II;-25,205;-49,324;2025-03-08 04:20:00.0;0,00
RIO BRANCO DO SUL;412220603A;PR;Centro II;-25,205;-49,324;2025-03-08 05:20:00.0;0,00
RIO BRANCO DO SUL;412220603A;PR;Centro II;-25,205;-49,324;2025-03-08 06:20:00.0;0,00
RIO BRANCO DO SUL;412220603A;PR;Centro II;-25,205;-49,324;2025-03-08 07:20:00.0;0,00
RIO BRANCO DO SUL;412220603A;PR;Centro II;-25,205;-49,324;2025-03-08 08:20:00.0;0,00
RIO BRANCO DO SUL;412220603A;PR;Centro II;-25,205;-49,324;2025-03-08 09:20:00.0;0,00
RIO BRANCO DO SUL;412220603A;PR;Centro II;-25,205;-49,324;2025-03-08 10:20:00.0;0,00
RIO BRANCO DO SUL;412220603A;PR;Centro II;-25,205;-49,324;2025-03-08 11:20:00.0;0,00
RIO BRANCO DO SUL;412220603A;PR;Centro II;-25,205;-49,324;2025-03-08 12:20:00.0;0,00
RIO BRANCO DO SUL;412220603A;PR;Centro II;-25,205;-49,324;2025-03-08 13:20:00.0;0,00
RIO BRANCO DO SUL;412220603A;PR;Centro II;-25,205;-49,324;2025-03-08 14:20:00.0;0,00
RIO BRANCO DO SUL;412220603A;PR;Centro II;-25,205;-49,324;2025-03-08 15:20:00.0;0,00
RIO BRANCO DO SUL;412220603A;PR;Centro II;-25,205;-49,324;2025-03-08 16:20:00.0;0,00
RIO BRANCO DO SUL;412220603A;PR;Centro II;-25,205;-49,324;2025-03-08 17:20:00.0;0,00
RIO BRANCO DO SUL;412220603A;PR;Centro II;-25,205;-49,324;2025-03-08 18:20:00.0;0,00
RIO BRANCO DO SUL;412220603A;PR;Centro II;-25,205;-49,324;2025-03-08 19:20:00.0;0,00
RIO BRANCO DO SUL;412220603A;PR;Centro II;-25,205;-49,324;2025-03-08 20:20:00.0;0,00
RIO BRANCO DO SUL;412220603A;PR;Centro II;-25,205;-49,324;2025-03-08 21:20:00.0;0,00
RIO BRANCO DO SUL;412220603A;PR;Centro II;-25,205;-49,324;2025-03-08 22:20:00.0;0,00
RIO BRANCO DO SUL;412220603A;PR;Centro II;-25,205;-49,324;2025-03-08 23:20:00.0;0,00
RIO BRANCO DO SUL;412220603A;PR;Centro II;-25,205;-49,324;2025-03-09 00:20:00.0;0,00
RIO BRANCO DO SUL;412220603A;PR;Centro II;-25,205;-49,324;2025-03-09 01:20:00.0;0,00
RIO BRANCO DO SUL;412220603A;PR;Centro II;-25,205;-49,324;2025-03-09 02:20:00.0;0,00
RIO BRANCO DO SUL;412220603A;PR;Centro II;-25,205;-49,324;2025-03-09 03:20:00.0;0,00
RIO BRANCO DO SUL;412220603A;PR;Centro II;-25,205;-49,324;2025-03-09 04:20:00.0;0,00
RIO BRANCO DO SUL;412220603A;PR;Centro II;-25,205;-49,324;2025-03-09 05:20:00.0;0,00
RIO BRANCO DO SUL;412220603A;PR;Centro II;-25,205;-49,324;2025-03-09 06:20:00.0;0,00
RIO BRANCO DO SUL;412220603A;PR;Centro II;-25,205;-49,324;2025-03-09 07:20:00.0;0,00
RIO BRANCO DO SUL;412220603A;PR;Centro II;-25,205;-49,324;2025-03-09 08:20:00.0;0,00
RIO BRANCO DO SUL;412220603A;PR;Centro II;-25,205;-49,324;2025-03-09 09:20:00.0;0,00
RIO BRANCO DO SUL;412220603A;PR;Centro II;-25,205;-49,324;2025-03-09 10:20:00.0;0,00
RIO BRANCO DO SUL;412220603A;PR;Centro II;-25,205;-49,324;2025-03-09 11:20:00.0;0,00
RIO BRANCO DO SUL;412220603A;PR;Centro II;-25,205;-49,324;2025-03-09 12:20:00.0;0,00
RIO BRANCO DO SUL;412220603A;PR;Centro II;-25,205;-49,324;2025-03-09 13:20:00.0;0,00
RIO BRANCO DO SUL;412220603A;PR;Centro II;-25,205;-49,324;2025-03-09 14:20:00.0;0,00
RIO BRANCO DO SUL;412220603A;PR;Centro II;-25,205;-49,324;2025-03-09 15:20:00.0;0,00
RIO BRANCO DO SUL;412220603A;PR;Centro II;-25,205;-49,324;2025-03-09 16:20:00.0;0,00
RIO BRANCO DO SUL;412220603A;PR;Centro II;-25,205;-49,324;2025-03-09 17:20:00.0;0,00
RIO BRANCO DO SUL;412220603A;PR;Centro II;-25,205;-49,324;2025-03-09 18:20:00.0;0,00
RIO BRANCO DO SUL;412220603A;PR;Centro II;-25,205;-49,324;2025-03-09 19:20:00.0;0,00
RIO BRANCO DO SUL;412220603A;PR;Centro II;-25,205;-49,324;2025-03-09 20:20:00.0;0,00
RIO BRANCO DO SUL;412220603A;PR;Centro II;-25,205;-49,324;2025-03-09 21:20:00.0;0,00
RIO BRANCO DO SUL;412220603A;PR;Centro II;-25,205;-49,324;2025-03-09 22:20:00.0;0,00
RIO BRANCO DO SUL;412220603A;PR;Centro II;-25,205;-49,324;2025-03-09 23:20:00.0;0,00
RIO BRANCO DO SUL;412220603A;PR;Centro II;-25,205;-49,324;2025-03-10 00:20:00.0;0,00
RIO BRANCO DO SUL;412220603A;PR;Centro II;-25,205;-49,324;2025-03-10 01:20:00.0;0,00
RIO BRANCO DO SUL;412220603A;PR;Centro II;-25,205;-49,324;2025-03-10 02:20:00.0;0,00
RIO BRANCO DO SUL;412220603A;PR;Centro II;-25,205;-49,324;2025-03-10 03:20:00.0;0,00
RIO BRANCO DO SUL;412220603A;PR;Centro II;-25,205;-49,324;2025-03-10 04:20:00.0;0,00
RIO BRANCO DO SUL;412220603A;PR;Centro II;-25,205;-49,324;2025-03-10 05:20:00.0;0,00
RIO BRANCO DO SUL;412220603A;PR;Centro II;-25,205;-49,324;2025-03-10 06:20:00.0;0,00
RIO BRANCO DO SUL;412220603A;PR;Centro II;-25,205;-49,324;2025-03-10 07:20:00.0;0,00
RIO BRANCO DO SUL;412220603A;PR;Centro II;-25,205;-49,324;2025-03-10 08:20:00.0;0,00
RIO BRANCO DO SUL;412220603A;PR;Centro II;-25,205;-49,324;2025-03-10 09:20:00.0;0,00
RIO BRANCO DO SUL;412220603A;PR;Centro II;-25,205;-49,324;2025-03-10 10:20:00.0;0,00
RIO BRANCO DO SUL;412220603A;PR;Centro II;-25,205;-49,324;2025-03-10 11:20:00.0;0,00
RIO BRANCO DO SUL;412220603A;PR;Centro II;-25,205;-49,324;2025-03-10 12:20:00.0;0,00
RIO BRANCO DO SUL;412220603A;PR;Centro II;-25,205;-49,324;2025-03-10 13:20:00.0;0,00
RIO BRANCO DO SUL;412220603A;PR;Centro II;-25,205;-49,324;2025-03-10 14:20:00.0;0,00
RIO BRANCO DO SUL;412220603A;PR;Centro II;-25,205;-49,324;2025-03-10 15:20:00.0;0,00
RIO BRANCO DO SUL;412220603A;PR;Centro II;-25,205;-49,324;2025-03-10 16:20:00.0;0,00
RIO BRANCO DO SUL;412220603A;PR;Centro II;-25,205;-49,324;2025-03-10 17:20:00.0;0,00
RIO BRANCO DO SUL;412220603A;PR;Centro II;-25,205;-49,324;2025-03-10 18:20:00.0;0,00
RIO BRANCO DO SUL;412220603A;PR;Centro II;-25,205;-49,324;2025-03-10 19:10:00.0;3,35
RIO BRANCO DO SUL;412220603A;PR;Centro II;-25,205;-49,324;2025-03-10 19:20:00.0;0,20
RIO BRANCO DO SUL;412220603A;PR;Centro II;-25,205;-49,324;2025-03-10 19:50:00.0;0,20
RIO BRANCO DO SUL;412220603A;PR;Centro II;-25,205;-49,324;2025-03-10 20:00:00.0;0,39
RIO BRANCO DO SUL;412220603A;PR;Centro II;-25,205;-49,324;2025-03-10 20:10:00.0;0,39
RIO BRANCO DO SUL;412220603A;PR;Centro II;-25,205;-49,324;2025-03-10 20:20:00.0;0,39
RIO BRANCO DO SUL;412220603A;PR;Centro II;-25,205;-49,324;2025-03-10 21:20:00.0;0,00
RIO BRANCO DO SUL;412220603A;PR;Centro II;-25,205;-49,324;2025-03-10 22:20:00.0;0,00
RIO BRANCO DO SUL;412220603A;PR;Centro II;-25,205;-49,324;2025-03-10 23:20:00.0;0,00
RIO BRANCO DO SUL;412220603A;PR;Centro II;-25,205;-49,324;2025-03-11 00:20:00.0;0,00
RIO BRANCO DO SUL;412220603A;PR;Centro II;-25,205;-49,324;2025-03-11 01:20:00.0;0,00
RIO BRANCO DO SUL;412220603A;PR;Centro II;-25,205;-49,324;2025-03-11 02:20:00.0;0,00
RIO BRANCO DO SUL;412220603A;PR;Centro II;-25,205;-49,324;2025-03-11 03:20:00.0;0,00
RIO BRANCO DO SUL;412220603A;PR;Centro II;-25,205;-49,324;2025-03-11 04:20:00.0;0,00
RIO BRANCO DO SUL;412220603A;PR;Centro II;-25,205;-49,324;2025-03-11 05:20:00.0;0,00
RIO BRANCO DO SUL;412220603A;PR;Centro II;-25,205;-49,324;2025-03-11 06:20:00.0;0,00
RIO BRANCO DO SUL;412220603A;PR;Centro II;-25,205;-49,324;2025-03-11 07:20:00.0;0,00
RIO BRANCO DO SUL;412220603A;PR;Centro II;-25,205;-49,324;2025-03-11 08:20:00.0;0,00
RIO BRANCO DO SUL;412220603A;PR;Centro II;-25,205;-49,324;2025-03-11 09:20:00.0;0,00
RIO BRANCO DO SUL;412220603A;PR;Centro II;-25,205;-49,324;2025-03-11 10:20:00.0;0,00
RIO BRANCO DO SUL;412220603A;PR;Centro II;-25,205;-49,324;2025-03-11 11:20:00.0;0,00
RIO BRANCO DO SUL;412220603A;PR;Centro II;-25,205;-49,324;2025-03-11 12:20:00.0;0,00
RIO BRANCO DO SUL;412220603A;PR;Centro II;-25,205;-49,324;2025-03-11 13:20:00.0;0,00
RIO BRANCO DO SUL;412220603A;PR;Centro II;-25,205;-49,324;2025-03-11 14:20:00.0;0,00
RIO BRANCO DO SUL;412220603A;PR;Centro II;-25,205;-49,324;2025-03-11 15:20:00.0;0,00
RIO BRANCO DO SUL;412220603A;PR;Centro II;-25,205;-49,324;2025-03-11 16:20:00.0;0,00
RIO BRANCO DO SUL;412220603A;PR;Centro II;-25,205;-49,324;2025-03-11 17:20:00.0;0,00
RIO BRANCO DO SUL;412220603A;PR;Centro II;-25,205;-49,324;2025-03-11 18:20:00.0;0,00
RIO BRANCO DO SUL;412220603A;PR;Centro II;-25,205;-49,324;2025-03-11 19:20:00.0;0,00
RIO BRANCO DO SUL;412220603A;PR;Centro II;-25,205;-49,324;2025-03-11 20:20:00.0;0,00
RIO BRANCO DO SUL;412220603A;PR;Centro II;-25,205;-49,324;2025-03-11 21:20:00.0;0,20
RIO BRANCO DO SUL;412220603A;PR;Centro II;-25,205;-49,324;2025-03-11 21:30:00.0;1,18
RIO BRANCO DO SUL;412220603A;PR;Centro II;-25,205;-49,324;2025-03-11 21:40:00.0;3,94
RIO BRANCO DO SUL;412220603A;PR;Centro II;-25,205;-49,324;2025-03-11 21:50:00.0;3,15
RIO BRANCO DO SUL;412220603A;PR;Centro II;-25,205;-49,324;2025-03-11 22:00:00.0;2,16
RIO BRANCO DO SUL;412220603A;PR;Centro II;-25,205;-49,324;2025-03-11 22:10:00.0;0,98
RIO BRANCO DO SUL;412220603A;PR;Centro II;-25,205;-49,324;2025-03-11 22:20:00.0;0,79
RIO BRANCO DO SUL;412220603A;PR;Centro II;-25,205;-49,324;2025-03-11 22:30:00.0;0,79
RIO BRANCO DO SUL;412220603A;PR;Centro II;-25,205;-49,324;2025-03-11 22:40:00.0;0,79
RIO BRANCO DO SUL;412220603A;PR;Centro II;-25,205;-49,324;2025-03-11 22:50:00.0;0,39
RIO BRANCO DO SUL;412220603A;PR;Centro II;-25,205;-49,324;2025-03-11 23:00:00.0;0,20
RIO BRANCO DO SUL;412220603A;PR;Centro II;-25,205;-49,324;2025-03-11 23:10:00.0;0,39
RIO BRANCO DO SUL;412220603A;PR;Centro II;-25,205;-49,324;2025-03-11 23:20:00.0;0,20
RIO BRANCO DO SUL;412220603A;PR;Centro II;-25,205;-49,324;2025-03-11 23:30:00.0;0,39
RIO BRANCO DO SUL;412220603A;PR;Centro II;-25,205;-49,324;2025-03-11 23:40:00.0;0,59
RIO BRANCO DO SUL;412220603A;PR;Centro II;-25,205;-49,324;2025-03-11 23:50:00.0;0,39
RIO BRANCO DO SUL;412220603A;PR;Centro II;-25,205;-49,324;2025-03-12 00:00:00.0;0,20
RIO BRANCO DO SUL;412220603A;PR;Centro II;-25,205;-49,324;2025-03-12 00:20:00.0;0,20
RIO BRANCO DO SUL;412220603A;PR;Centro II;-25,205;-49,324;2025-03-12 01:20:00.0;0,00
RIO BRANCO DO SUL;412220603A;PR;Centro II;-25,205;-49,324;2025-03-12 02:20:00.0;0,00
RIO BRANCO DO SUL;412220603A;PR;Centro II;-25,205;-49,324;2025-03-12 03:20:00.0;0,00
RIO BRANCO DO SUL;412220603A;PR;Centro II;-25,205;-49,324;2025-03-12 03:40:00.0;0,20
RIO BRANCO DO SUL;412220603A;PR;Centro II;-25,205;-49,324;2025-03-12 04:20:00.0;0,00
RIO BRANCO DO SUL;412220603A;PR;Centro II;-25,205;-49,324;2025-03-12 05:20:00.0;0,00
RIO BRANCO DO SUL;412220603A;PR;Centro II;-25,205;-49,324;2025-03-12 06:20:00.0;0,00
RIO BRANCO DO SUL;412220603A;PR;Centro II;-25,205;-49,324;2025-03-12 07:20:00.0;0,00
RIO BRANCO DO SUL;412220603A;PR;Centro II;-25,205;-49,324;2025-03-12 08:20:00.0;0,00
RIO BRANCO DO SUL;412220603A;PR;Centro II;-25,205;-49,324;2025-03-12 09:20:00.0;0,00
RIO BRANCO DO SUL;412220603A;PR;Centro II;-25,205;-49,324;2025-03-12 10:20:00.0;0,00
RIO BRANCO DO SUL;412220603A;PR;Centro II;-25,205;-49,324;2025-03-12 11:20:00.0;0,00
RIO BRANCO DO SUL;412220603A;PR;Centro II;-25,205;-49,324;2025-03-12 12:20:00.0;0,00
RIO BRANCO DO SUL;412220603A;PR;Centro II;-25,205;-49,324;2025-03-12 13:20:00.0;0,00
RIO BRANCO DO SUL;412220603A;PR;Centro II;-25,205;-49,324;2025-03-12 14:20:00.0;0,00
RIO BRANCO DO SUL;412220603A;PR;Centro II;-25,205;-49,324;2025-03-12 15:20:00.0;0,00
RIO BRANCO DO SUL;412220603A;PR;Centro II;-25,205;-49,324;2025-03-12 16:20:00.0;0,00
RIO BRANCO DO SUL;412220603A;PR;Centro II;-25,205;-49,324;2025-03-12 17:20:00.0;0,00
RIO BRANCO DO SUL;412220603A;PR;Centro II;-25,205;-49,324;2025-03-12 18:20:00.0;0,00
RIO BRANCO DO SUL;412220603A;PR;Centro II;-25,205;-49,324;2025-03-12 20:20:00.0;0,00
RIO BRANCO DO SUL;412220603A;PR;Centro II;-25,205;-49,324;2025-03-12 21:20:00.0;0,98
RIO BRANCO DO SUL;412220603A;PR;Centro II;-25,205;-49,324;2025-03-12 21:30:00.0;6,50
RIO BRANCO DO SUL;412220603A;PR;Centro II;-25,205;-49,324;2025-03-12 21:40:00.0;2,16
RIO BRANCO DO SUL;412220603A;PR;Centro II;-25,205;-49,324;2025-03-12 21:50:00.0;1,37
RIO BRANCO DO SUL;412220603A;PR;Centro II;-25,205;-49,324;2025-03-12 22:00:00.0;0,39
RIO BRANCO DO SUL;412220603A;PR;Centro II;-25,205;-49,324;2025-03-12 22:10:00.0;0,39
RIO BRANCO DO SUL;412220603A;PR;Centro II;-25,205;-49,324;2025-03-12 22:20:00.0;0,20
RIO BRANCO DO SUL;412220603A;PR;Centro II;-25,205;-49,324;2025-03-12 22:30:00.0;1,18
RIO BRANCO DO SUL;412220603A;PR;Centro II;-25,205;-49,324;2025-03-12 22:40:00.0;3,74
RIO BRANCO DO SUL;412220603A;PR;Centro II;-25,205;-49,324;2025-03-12 22:50:00.0;3,15
RIO BRANCO DO SUL;412220603A;PR;Centro II;-25,205;-49,324;2025-03-12 23:00:00.0;1,96
RIO BRANCO DO SUL;412220603A;PR;Centro II;-25,205;-49,324;2025-03-12 23:10:00.0;1,57
RIO BRANCO DO SUL;412220603A;PR;Centro II;-25,205;-49,324;2025-03-12 23:20:00.0;0,39
RIO BRANCO DO SUL;412220603A;PR;Centro II;-25,205;-49,324;2025-03-12 23:30:00.0;0,39
RIO BRANCO DO SUL;412220603A;PR;Centro II;-25,205;-49,324;2025-03-12 23:40:00.0;0,20
RIO BRANCO DO SUL;412220603A;PR;Centro II;-25,205;-49,324;2025-03-13 00:00:00.0;0,20
RIO BRANCO DO SUL;412220603A;PR;Centro II;-25,205;-49,324;2025-03-13 00:10:00.0;0,20
RIO BRANCO DO SUL;412220603A;PR;Centro II;-25,205;-49,324;2025-03-13 00:20:00.0;0,00
RIO BRANCO DO SUL;412220603A;PR;Centro II;-25,205;-49,324;2025-03-13 01:10:00.0;0,20
RIO BRANCO DO SUL;412220603A;PR;Centro II;-25,205;-49,324;2025-03-13 01:20:00.0;0,20
RIO BRANCO DO SUL;412220603A;PR;Centro II;-25,205;-49,324;2025-03-13 02:20:00.0;0,00
RIO BRANCO DO SUL;412220603A;PR;Centro II;-25,205;-49,324;2025-03-13 03:10:00.0;0,20
RIO BRANCO DO SUL;412220603A;PR;Centro II;-25,205;-49,324;2025-03-13 03:20:00.0;0,00
RIO BRANCO DO SUL;412220603A;PR;Centro II;-25,205;-49,324;2025-03-13 04:20:00.0;0,00
RIO BRANCO DO SUL;412220603A;PR;Centro II;-25,205;-49,324;2025-03-13 04:50:00.0;0,20
RIO BRANCO DO SUL;412220603A;PR;Centro II;-25,205;-49,324;2025-03-13 05:20:00.0;0,00
RIO BRANCO DO SUL;412220603A;PR;Centro II;-25,205;-49,324;2025-03-13 05:40:00.0;0,20
RIO BRANCO DO SUL;412220603A;PR;Centro II;-25,205;-49,324;2025-03-13 06:20:00.0;0,00
RIO BRANCO DO SUL;412220603A;PR;Centro II;-25,205;-49,324;2025-03-13 06:40:00.0;0,20
RIO BRANCO DO SUL;412220603A;PR;Centro II;-25,205;-49,324;2025-03-13 06:50:00.0;0,20
RIO BRANCO DO SUL;412220603A;PR;Centro II;-25,205;-49,324;2025-03-13 07:00:00.0;0,39
RIO BRANCO DO SUL;412220603A;PR;Centro II;-25,205;-49,324;2025-03-13 07:10:00.0;0,59
RIO BRANCO DO SUL;412220603A;PR;Centro II;-25,205;-49,324;2025-03-13 07:20:00.0;0,79
RIO BRANCO DO SUL;412220603A;PR;Centro II;-25,205;-49,324;2025-03-13 07:30:00.0;0,59
RIO BRANCO DO SUL;412220603A;PR;Centro II;-25,205;-49,324;2025-03-13 07:40:00.0;0,79
RIO BRANCO DO SUL;412220603A;PR;Centro II;-25,205;-49,324;2025-03-13 07:50:00.0;0,98
RIO BRANCO DO SUL;412220603A;PR;Centro II;-25,205;-49,324;2025-03-13 08:00:00.0;0,79
RIO BRANCO DO SUL;412220603A;PR;Centro II;-25,205;-49,324;2025-03-13 08:10:00.0;0,59
RIO BRANCO DO SUL;412220603A;PR;Centro II;-25,205;-49,324;2025-03-13 08:20:00.0;0,20
RIO BRANCO DO SUL;412220603A;PR;Centro II;-25,205;-49,324;2025-03-13 08:30:00.0;0,39
RIO BRANCO DO SUL;412220603A;PR;Centro II;-25,205;-49,324;2025-03-13 09:00:00.0;0,39
RIO BRANCO DO SUL;412220603A;PR;Centro II;-25,205;-49,324;2025-03-13 09:20:00.0;0,00
RIO BRANCO DO SUL;412220603A;PR;Centro II;-25,205;-49,324;2025-03-13 10:20:00.0;0,00
RIO BRANCO DO SUL;412220603A;PR;Centro II;-25,205;-49,324;2025-03-13 11:20:00.0;0,00
RIO BRANCO DO SUL;412220603A;PR;Centro II;-25,205;-49,324;2025-03-13 12:20:00.0;0,00
RIO BRANCO DO SUL;412220603A;PR;Centro II;-25,205;-49,324;2025-03-13 13:20:00.0;0,00
RIO BRANCO DO SUL;412220603A;PR;Centro II;-25,205;-49,324;2025-03-13 14:20:00.0;0,00
RIO BRANCO DO SUL;412220603A;PR;Centro II;-25,205;-49,324;2025-03-13 15:20:00.0;0,00
RIO BRANCO DO SUL;412220603A;PR;Centro II;-25,205;-49,324;2025-03-13 16:20:00.0;0,00
RIO BRANCO DO SUL;412220603A;PR;Centro II;-25,205;-49,324;2025-03-13 17:20:00.0;0,00
RIO BRANCO DO SUL;412220603A;PR;Centro II;-25,205;-49,324;2025-03-13 18:20:00.0;0,00
RIO BRANCO DO SUL;412220603A;PR;Centro II;-25,205;-49,324;2025-03-13 19:20:00.0;0,00
RIO BRANCO DO SUL;412220603A;PR;Centro II;-25,205;-49,324;2025-03-13 20:20:00.0;0,00
RIO BRANCO DO SUL;412220603A;PR;Centro II;-25,205;-49,324;2025-03-13 21:20:00.0;0,00
RIO BRANCO DO SUL;412220603A;PR;Centro II;-25,205;-49,324;2025-03-13 22:20:00.0;0,00
RIO BRANCO DO SUL;412220603A;PR;Centro II;-25,205;-49,324;2025-03-13 23:20:00.0;0,00
RIO BRANCO DO SUL;412220603A;PR;Centro II;-25,205;-49,324;2025-03-14 00:00:00.0;3,15
RIO BRANCO DO SUL;412220603A;PR;Centro II;-25,205;-49,324;2025-03-14 00:10:00.0;1,77
RIO BRANCO DO SUL;412220603A;PR;Centro II;-25,205;-49,324;2025-03-14 00:20:00.0;2,76
RIO BRANCO DO SUL;412220603A;PR;Centro II;-25,205;-49,324;2025-03-14 00:30:00.0;0,79
RIO BRANCO DO SUL;412220603A;PR;Centro II;-25,205;-49,324;2025-03-14 00:40:00.0;0,39
RIO BRANCO DO SUL;412220603A;PR;Centro II;-25,205;-49,324;2025-03-14 00:50:00.0;0,39
RIO BRANCO DO SUL;412220603A;PR;Centro II;-25,205;-49,324;2025-03-14 01:00:00.0;0,20
RIO BRANCO DO SUL;412220603A;PR;Centro II;-25,205;-49,324;2025-03-14 01:10:00.0;0,20
RIO BRANCO DO SUL;412220603A;PR;Centro II;-25,205;-49,324;2025-03-14 01:20:00.0;0,00
RIO BRANCO DO SUL;412220603A;PR;Centro II;-25,205;-49,324;2025-03-14 01:40:00.0;0,20
RIO BRANCO DO SUL;412220603A;PR;Centro II;-25,205;-49,324;2025-03-14 02:20:00.0;0,00
RIO BRANCO DO SUL;412220603A;PR;Centro II;-25,205;-49,324;2025-03-14 03:20:00.0;0,00
RIO BRANCO DO SUL;412220603A;PR;Centro II;-25,205;-49,324;2025-03-14 04:20:00.0;0,00
RIO BRANCO DO SUL;412220603A;PR;Centro II;-25,205;-49,324;2025-03-14 05:20:00.0;0,00
RIO BRANCO DO SUL;412220603A;PR;Centro II;-25,205;-49,324;2025-03-14 06:20:00.0;0,00
RIO BRANCO DO SUL;412220603A;PR;Centro II;-25,205;-49,324;2025-03-14 07:20:00.0;0,00
RIO BRANCO DO SUL;412220603A;PR;Centro II;-25,205;-49,324;2025-03-14 08:20:00.0;0,00
RIO BRANCO DO SUL;412220603A;PR;Centro II;-25,205;-49,324;2025-03-14 09:20:00.0;0,00
RIO BRANCO DO SUL;412220603A;PR;Centro II;-25,205;-49,324;2025-03-14 10:20:00.0;0,00
RIO BRANCO DO SUL;412220603A;PR;Centro II;-25,205;-49,324;2025-03-14 11:20:00.0;0,00
RIO BRANCO DO SUL;412220603A;PR;Centro II;-25,205;-49,324;2025-03-14 12:20:00.0;0,00
RIO BRANCO DO SUL;412220603A;PR;Centro II;-25,205;-49,324;2025-03-14 13:20:00.0;0,00
RIO BRANCO DO SUL;412220603A;PR;Centro II;-25,205;-49,324;2025-03-14 14:20:00.0;0,00
RIO BRANCO DO SUL;412220603A;PR;Centro II;-25,205;-49,324;2025-03-14 15:20:00.0;0,00
RIO BRANCO DO SUL;412220603A;PR;Centro II;-25,205;-49,324;2025-03-14 16:20:00.0;0,00
RIO BRANCO DO SUL;412220603A;PR;Centro II;-25,205;-49,324;2025-03-14 16:50:00.0;0,20
RIO BRANCO DO SUL;412220603A;PR;Centro II;-25,205;-49,324;2025-03-14 17:20:00.0;0,00
RIO BRANCO DO SUL;412220603A;PR;Centro II;-25,205;-49,324;2025-03-14 18:20:00.0;0,00
RIO BRANCO DO SUL;412220603A;PR;Centro II;-25,205;-49,324;2025-03-14 19:20:00.0;0,00
RIO BRANCO DO SUL;412220603A;PR;Centro II;-25,205;-49,324;2025-03-14 20:20:00.0;0,00
RIO BRANCO DO SUL;412220603A;PR;Centro II;-25,205;-49,324;2025-03-14 21:20:00.0;0,00
RIO BRANCO DO SUL;412220603A;PR;Centro II;-25,205;-49,324;2025-03-14 22:20:00.0;0,00
RIO BRANCO DO SUL;412220603A;PR;Centro II;-25,205;-49,324;2025-03-14 23:20:00.0;0,00
RIO BRANCO DO SUL;412220603A;PR;Centro II;-25,205;-49,324;2025-03-15 00:20:00.0;0,00
RIO BRANCO DO SUL;412220603A;PR;Centro II;-25,205;-49,324;2025-03-15 01:20:00.0;0,00
RIO BRANCO DO SUL;412220603A;PR;Centro II;-25,205;-49,324;2025-03-15 02:20:00.0;0,00
RIO BRANCO DO SUL;412220603A;PR;Centro II;-25,205;-49,324;2025-03-15 03:20:00.0;0,00
RIO BRANCO DO SUL;412220603A;PR;Centro II;-25,205;-49,324;2025-03-15 04:20:00.0;0,00
RIO BRANCO DO SUL;412220603A;PR;Centro II;-25,205;-49,324;2025-03-15 05:20:00.0;0,00
RIO BRANCO DO SUL;412220603A;PR;Centro II;-25,205;-49,324;2025-03-15 06:20:00.0;0,00
RIO BRANCO DO SUL;412220603A;PR;Centro II;-25,205;-49,324;2025-03-15 07:20:00.0;0,00
RIO BRANCO DO SUL;412220603A;PR;Centro II;-25,205;-49,324;2025-03-15 08:20:00.0;0,00
RIO BRANCO DO SUL;412220603A;PR;Centro II;-25,205;-49,324;2025-03-15 09:20:00.0;0,00
RIO BRANCO DO SUL;412220603A;PR;Centro II;-25,205;-49,324;2025-03-15 10:20:00.0;0,00
RIO BRANCO DO SUL;412220603A;PR;Centro II;-25,205;-49,324;2025-03-15 11:20:00.0;0,00
RIO BRANCO DO SUL;412220603A;PR;Centro II;-25,205;-49,324;2025-03-15 12:20:00.0;0,00
RIO BRANCO DO SUL;412220603A;PR;Centro II;-25,205;-49,324;2025-03-15 13:20:00.0;0,00
RIO BRANCO DO SUL;412220603A;PR;Centro II;-25,205;-49,324;2025-03-15 14:20:00.0;0,00
RIO BRANCO DO SUL;412220603A;PR;Centro II;-25,205;-49,324;2025-03-15 15:20:00.0;0,00
RIO BRANCO DO SUL;412220603A;PR;Centro II;-25,205;-49,324;2025-03-15 17:20:00.0;0,00
RIO BRANCO DO SUL;412220603A;PR;Centro II;-25,205;-49,324;2025-03-15 18:20:00.0;0,00
RIO BRANCO DO SUL;412220603A;PR;Centro II;-25,205;-49,324;2025-03-15 19:20:00.0;0,00
RIO BRANCO DO SUL;412220603A;PR;Centro II;-25,205;-49,324;2025-03-15 19:30:00.0;0,20
RIO BRANCO DO SUL;412220603A;PR;Centro II;-25,205;-49,324;2025-03-15 19:40:00.0;0,59
RIO BRANCO DO SUL;412220603A;PR;Centro II;-25,205;-49,324;2025-03-15 19:50:00.0;1,38
RIO BRANCO DO SUL;412220603A;PR;Centro II;-25,205;-49,324;2025-03-15 20:20:00.0;0,20
RIO BRANCO DO SUL;412220603A;PR;Centro II;-25,205;-49,324;2025-03-15 20:40:00.0;0,20
RIO BRANCO DO SUL;412220603A;PR;Centro II;-25,205;-49,324;2025-03-15 21:20:00.0;0,00
RIO BRANCO DO SUL;412220603A;PR;Centro II;-25,205;-49,324;2025-03-15 22:20:00.0;0,00
RIO BRANCO DO SUL;412220603A;PR;Centro II;-25,205;-49,324;2025-03-15 23:20:00.0;0,00
RIO BRANCO DO SUL;412220603A;PR;Centro II;-25,205;-49,324;2025-03-16 00:20:00.0;0,00
RIO BRANCO DO SUL;412220603A;PR;Centro II;-25,205;-49,324;2025-03-16 01:20:00.0;0,00
RIO BRANCO DO SUL;412220603A;PR;Centro II;-25,205;-49,324;2025-03-16 02:20:00.0;0,00
RIO BRANCO DO SUL;412220603A;PR;Centro II;-25,205;-49,324;2025-03-16 03:20:00.0;0,00
RIO BRANCO DO SUL;412220603A;PR;Centro II;-25,205;-49,324;2025-03-16 04:20:00.0;0,00
RIO BRANCO DO SUL;412220603A;PR;Centro II;-25,205;-49,324;2025-03-16 05:20:00.0;0,00
RIO BRANCO DO SUL;412220603A;PR;Centro II;-25,205;-49,324;2025-03-16 06:20:00.0;0,00
RIO BRANCO DO SUL;412220603A;PR;Centro II;-25,205;-49,324;2025-03-16 07:20:00.0;0,00
RIO BRANCO DO SUL;412220603A;PR;Centro II;-25,205;-49,324;2025-03-16 08:20:00.0;0,00
RIO BRANCO DO SUL;412220603A;PR;Centro II;-25,205;-49,324;2025-03-16 09:20:00.0;0,00
RIO BRANCO DO SUL;412220603A;PR;Centro II;-25,205;-49,324;2025-03-16 10:20:00.0;0,00
RIO BRANCO DO SUL;412220603A;PR;Centro II;-25,205;-49,324;2025-03-16 11:20:00.0;0,00
RIO BRANCO DO SUL;412220603A;PR;Centro II;-25,205;-49,324;2025-03-16 12:20:00.0;0,00
RIO BRANCO DO SUL;412220603A;PR;Centro II;-25,205;-49,324;2025-03-16 13:20:00.0;0,00
RIO BRANCO DO SUL;412220603A;PR;Centro II;-25,205;-49,324;2025-03-16 14:20:00.0;0,00
RIO BRANCO DO SUL;412220603A;PR;Centro II;-25,205;-49,324;2025-03-16 15:20:00.0;0,00
RIO BRANCO DO SUL;412220603A;PR;Centro II;-25,205;-49,324;2025-03-16 16:20:00.0;0,00
RIO BRANCO DO SUL;412220603A;PR;Centro II;-25,205;-49,324;2025-03-16 17:20:00.0;0,00
RIO BRANCO DO SUL;412220603A;PR;Centro II;-25,205;-49,324;2025-03-16 18:20:00.0;0,00
RIO BRANCO DO SUL;412220603A;PR;Centro II;-25,205;-49,324;2025-03-16 19:20:00.0;0,00
RIO BRANCO DO SUL;412220603A;PR;Centro II;-25,205;-49,324;2025-03-16 20:20:00.0;0,00
RIO BRANCO DO SUL;412220603A;PR;Centro II;-25,205;-49,324;2025-03-16 21:20:00.0;0,00
RIO BRANCO DO SUL;412220603A;PR;Centro II;-25,205;-49,324;2025-03-16 22:20:00.0;0,00
RIO BRANCO DO SUL;412220603A;PR;Centro II;-25,205;-49,324;2025-03-16 23:20:00.0;0,00
RIO BRANCO DO SUL;412220603A;PR;Centro II;-25,205;-49,324;2025-03-17 00:20:00.0;0,00
RIO BRANCO DO SUL;412220603A;PR;Centro II;-25,205;-49,324;2025-03-17 01:20:00.0;0,00
RIO BRANCO DO SUL;412220603A;PR;Centro II;-25,205;-49,324;2025-03-17 02:20:00.0;0,00
RIO BRANCO DO SUL;412220603A;PR;Centro II;-25,205;-49,324;2025-03-17 03:20:00.0;0,00
RIO BRANCO DO SUL;412220603A;PR;Centro II;-25,205;-49,324;2025-03-17 04:20:00.0;0,00
RIO BRANCO DO SUL;412220603A;PR;Centro II;-25,205;-49,324;2025-03-17 05:20:00.0;0,00
RIO BRANCO DO SUL;412220603A;PR;Centro II;-25,205;-49,324;2025-03-17 06:20:00.0;0,00
RIO BRANCO DO SUL;412220603A;PR;Centro II;-25,205;-49,324;2025-03-17 07:20:00.0;0,00
RIO BRANCO DO SUL;412220603A;PR;Centro II;-25,205;-49,324;2025-03-17 08:20:00.0;0,00
RIO BRANCO DO SUL;412220603A;PR;Centro II;-25,205;-49,324;2025-03-17 08:50:00.0;0,20
RIO BRANCO DO SUL;412220603A;PR;Centro II;-25,205;-49,324;2025-03-17 09:20:00.0;0,00
RIO BRANCO DO SUL;412220603A;PR;Centro II;-25,205;-49,324;2025-03-17 10:20:00.0;0,00
RIO BRANCO DO SUL;412220603A;PR;Centro II;-25,205;-49,324;2025-03-17 11:20:00.0;0,00
RIO BRANCO DO SUL;412220603A;PR;Centro II;-25,205;-49,324;2025-03-17 12:20:00.0;0,00
RIO BRANCO DO SUL;412220603A;PR;Centro II;-25,205;-49,324;2025-03-17 13:20:00.0;0,00
RIO BRANCO DO SUL;412220603A;PR;Centro II;-25,205;-49,324;2025-03-17 14:20:00.0;0,00
RIO BRANCO DO SUL;412220603A;PR;Centro II;-25,205;-49,324;2025-03-17 15:20:00.0;0,00
RIO BRANCO DO SUL;412220603A;PR;Centro II;-25,205;-49,324;2025-03-17 16:20:00.0;0,00
RIO BRANCO DO SUL;412220603A;PR;Centro II;-25,205;-49,324;2025-03-17 17:20:00.0;0,00
RIO BRANCO DO SUL;412220603A;PR;Centro II;-25,205;-49,324;2025-03-17 18:20:00.0;0,00
RIO BRANCO DO SUL;412220603A;PR;Centro II;-25,205;-49,324;2025-03-17 19:20:00.0;0,00
RIO BRANCO DO SUL;412220603A;PR;Centro II;-25,205;-49,324;2025-03-17 20:20:00.0;0,00
RIO BRANCO DO SUL;412220603A;PR;Centro II;-25,205;-49,324;2025-03-17 21:20:00.0;0,00
RIO BRANCO DO SUL;412220603A;PR;Centro II;-25,205;-49,324;2025-03-17 22:20:00.0;0,00
RIO BRANCO DO SUL;412220603A;PR;Centro II;-25,205;-49,324;2025-03-17 23:20:00.0;0,00
RIO BRANCO DO SUL;412220603A;PR;Centro II;-25,205;-49,324;2025-03-18 00:20:00.0;0,00
RIO BRANCO DO SUL;412220603A;PR;Centro II;-25,205;-49,324;2025-03-18 01:20:00.0;0,00
RIO BRANCO DO SUL;412220603A;PR;Centro II;-25,205;-49,324;2025-03-18 02:20:00.0;0,00
RIO BRANCO DO SUL;412220603A;PR;Centro II;-25,205;-49,324;2025-03-18 03:20:00.0;0,00
RIO BRANCO DO SUL;412220603A;PR;Centro II;-25,205;-49,324;2025-03-18 04:20:00.0;0,00
RIO BRANCO DO SUL;412220603A;PR;Centro II;-25,205;-49,324;2025-03-18 05:20:00.0;0,00
RIO BRANCO DO SUL;412220603A;PR;Centro II;-25,205;-49,324;2025-03-18 06:20:00.0;0,00
RIO BRANCO DO SUL;412220603A;PR;Centro II;-25,205;-49,324;2025-03-18 07:20:00.0;0,00
RIO BRANCO DO SUL;412220603A;PR;Centro II;-25,205;-49,324;2025-03-18 08:20:00.0;0,00
RIO BRANCO DO SUL;412220603A;PR;Centro II;-25,205;-49,324;2025-03-18 09:20:00.0;0,00
RIO BRANCO DO SUL;412220603A;PR;Centro II;-25,205;-49,324;2025-03-18 10:20:00.0;0,00
RIO BRANCO DO SUL;412220603A;PR;Centro II;-25,205;-49,324;2025-03-18 11:20:00.0;0,00
RIO BRANCO DO SUL;412220603A;PR;Centro II;-25,205;-49,324;2025-03-18 12:20:00.0;0,00
RIO BRANCO DO SUL;412220603A;PR;Centro II;-25,205;-49,324;2025-03-18 13:20:00.0;0,00
RIO BRANCO DO SUL;412220603A;PR;Centro II;-25,205;-49,324;2025-03-18 14:20:00.0;0,00
RIO BRANCO DO SUL;412220603A;PR;Centro II;-25,205;-49,324;2025-03-18 15:20:00.0;0,00
RIO BRANCO DO SUL;412220603A;PR;Centro II;-25,205;-49,324;2025-03-18 16:20:00.0;0,00
RIO BRANCO DO SUL;412220603A;PR;Centro II;-25,205;-49,324;2025-03-18 18:20:00.0;0,00
RIO BRANCO DO SUL;412220603A;PR;Centro II;-25,205;-49,324;2025-03-18 19:20:00.0;0,00
RIO BRANCO DO SUL;412220603A;PR;Centro II;-25,205;-49,324;2025-03-18 20:20:00.0;0,00
RIO BRANCO DO SUL;412220603A;PR;Centro II;-25,205;-49,324;2025-03-18 21:20:00.0;0,00
RIO BRANCO DO SUL;412220603A;PR;Centro II;-25,205;-49,324;2025-03-18 22:20:00.0;0,00
RIO BRANCO DO SUL;412220603A;PR;Centro II;-25,205;-49,324;2025-03-18 23:20:00.0;0,00
RIO BRANCO DO SUL;412220603A;PR;Centro II;-25,205;-49,324;2025-03-19 00:20:00.0;0,00
RIO BRANCO DO SUL;412220603A;PR;Centro II;-25,205;-49,324;2025-03-19 01:20:00.0;0,00
RIO BRANCO DO SUL;412220603A;PR;Centro II;-25,205;-49,324;2025-03-19 02:20:00.0;0,00
RIO BRANCO DO SUL;412220603A;PR;Centro II;-25,205;-49,324;2025-03-19 03:20:00.0;0,00
RIO BRANCO DO SUL;412220603A;PR;Centro II;-25,205;-49,324;2025-03-19 04:20:00.0;0,00
RIO BRANCO DO SUL;412220603A;PR;Centro II;-25,205;-49,324;2025-03-19 05:20:00.0;0,00
RIO BRANCO DO SUL;412220603A;PR;Centro II;-25,205;-49,324;2025-03-19 06:20:00.0;0,00
RIO BRANCO DO SUL;412220603A;PR;Centro II;-25,205;-49,324;2025-03-19 07:20:00.0;0,00
RIO BRANCO DO SUL;412220603A;PR;Centro II;-25,205;-49,324;2025-03-19 08:20:00.0;0,00
RIO BRANCO DO SUL;412220603A;PR;Centro II;-25,205;-49,324;2025-03-19 09:20:00.0;0,00
RIO BRANCO DO SUL;412220603A;PR;Centro II;-25,205;-49,324;2025-03-19 10:20:00.0;0,00
RIO BRANCO DO SUL;412220603A;PR;Centro II;-25,205;-49,324;2025-03-19 11:20:00.0;0,00
RIO BRANCO DO SUL;412220603A;PR;Centro II;-25,205;-49,324;2025-03-19 12:20:00.0;0,00
RIO BRANCO DO SUL;412220603A;PR;Centro II;-25,205;-49,324;2025-03-19 13:20:00.0;0,00
RIO BRANCO DO SUL;412220603A;PR;Centro II;-25,205;-49,324;2025-03-19 14:20:00.0;0,00
RIO BRANCO DO SUL;412220603A;PR;Centro II;-25,205;-49,324;2025-03-19 15:20:00.0;0,00
RIO BRANCO DO SUL;412220603A;PR;Centro II;-25,205;-49,324;2025-03-19 16:20:00.0;0,00
RIO BRANCO DO SUL;412220603A;PR;Centro II;-25,205;-49,324;2025-03-19 17:20:00.0;0,00
RIO BRANCO DO SUL;412220603A;PR;Centro II;-25,205;-49,324;2025-03-19 18:20:00.0;0,00
RIO BRANCO DO SUL;412220603A;PR;Centro II;-25,205;-49,324;2025-03-19 19:20:00.0;0,00
RIO BRANCO DO SUL;412220603A;PR;Centro II;-25,205;-49,324;2025-03-19 20:20:00.0;0,00
RIO BRANCO DO SUL;412220603A;PR;Centro II;-25,205;-49,324;2025-03-19 21:20:00.0;0,00
RIO BRANCO DO SUL;412220603A;PR;Centro II;-25,205;-49,324;2025-03-19 22:20:00.0;0,00
RIO BRANCO DO SUL;412220603A;PR;Centro II;-25,205;-49,324;2025-03-19 23:20:00.0;0,00
RIO BRANCO DO SUL;412220603A;PR;Centro II;-25,205;-49,324;2025-03-20 00:20:00.0;0,00
RIO BRANCO DO SUL;412220603A;PR;Centro II;-25,205;-49,324;2025-03-20 01:20:00.0;0,00
RIO BRANCO DO SUL;412220603A;PR;Centro II;-25,205;-49,324;2025-03-20 02:20:00.0;0,00
RIO BRANCO DO SUL;412220603A;PR;Centro II;-25,205;-49,324;2025-03-20 03:20:00.0;0,00
RIO BRANCO DO SUL;412220603A;PR;Centro II;-25,205;-49,324;2025-03-20 04:20:00.0;0,00
RIO BRANCO DO SUL;412220603A;PR;Centro II;-25,205;-49,324;2025-03-20 05:20:00.0;0,00
RIO BRANCO DO SUL;412220603A;PR;Centro II;-25,205;-49,324;2025-03-20 06:20:00.0;0,00
RIO BRANCO DO SUL;412220603A;PR;Centro II;-25,205;-49,324;2025-03-20 07:20:00.0;0,00
RIO BRANCO DO SUL;412220603A;PR;Centro II;-25,205;-49,324;2025-03-20 08:20:00.0;0,00
RIO BRANCO DO SUL;412220603A;PR;Centro II;-25,205;-49,324;2025-03-20 09:20:00.0;0,00
RIO BRANCO DO SUL;412220603A;PR;Centro II;-25,205;-49,324;2025-03-20 10:20:00.0;0,00
RIO BRANCO DO SUL;412220603A;PR;Centro II;-25,205;-49,324;2025-03-20 11:20:00.0;0,00
RIO BRANCO DO SUL;412220603A;PR;Centro II;-25,205;-49,324;2025-03-20 12:20:00.0;0,00
RIO BRANCO DO SUL;412220603A;PR;Centro II;-25,205;-49,324;2025-03-20 13:20:00.0;0,00
RIO BRANCO DO SUL;412220603A;PR;Centro II;-25,205;-49,324;2025-03-20 14:20:00.0;0,00
RIO BRANCO DO SUL;412220603A;PR;Centro II;-25,205;-49,324;2025-03-20 15:20:00.0;0,00
RIO BRANCO DO SUL;412220603A;PR;Centro II;-25,205;-49,324;2025-03-20 16:20:00.0;0,00
RIO BRANCO DO SUL;412220603A;PR;Centro II;-25,205;-49,324;2025-03-20 17:20:00.0;0,00
RIO BRANCO DO SUL;412220603A;PR;Centro II;-25,205;-49,324;2025-03-20 18:20:00.0;0,00
RIO BRANCO DO SUL;412220603A;PR;Centro II;-25,205;-49,324;2025-03-20 19:20:00.0;0,00
RIO BRANCO DO SUL;412220603A;PR;Centro II;-25,205;-49,324;2025-03-20 20:20:00.0;0,00
RIO BRANCO DO SUL;412220603A;PR;Centro II;-25,205;-49,324;2025-03-20 21:20:00.0;0,00
RIO BRANCO DO SUL;412220603A;PR;Centro II;-25,205;-49,324;2025-03-20 22:20:00.0;0,00
RIO BRANCO DO SUL;412220603A;PR;Centro II;-25,205;-49,324;2025-03-20 23:20:00.0;0,00
RIO BRANCO DO SUL;412220603A;PR;Centro II;-25,205;-49,324;2025-03-21 00:20:00.0;0,00
RIO BRANCO DO SUL;412220603A;PR;Centro II;-25,205;-49,324;2025-03-21 01:20:00.0;0,00
RIO BRANCO DO SUL;412220603A;PR;Centro II;-25,205;-49,324;2025-03-21 02:20:00.0;0,00
RIO BRANCO DO SUL;412220603A;PR;Centro II;-25,205;-49,324;2025-03-21 03:20:00.0;0,00
RIO BRANCO DO SUL;412220603A;PR;Centro II;-25,205;-49,324;2025-03-21 04:20:00.0;0,00
RIO BRANCO DO SUL;412220603A;PR;Centro II;-25,205;-49,324;2025-03-21 05:20:00.0;0,00
RIO BRANCO DO SUL;412220603A;PR;Centro II;-25,205;-49,324;2025-03-21 06:20:00.0;0,00
RIO BRANCO DO SUL;412220603A;PR;Centro II;-25,205;-49,324;2025-03-21 07:20:00.0;0,00
RIO BRANCO DO SUL;412220603A;PR;Centro II;-25,205;-49,324;2025-03-21 08:20:00.0;0,00
RIO BRANCO DO SUL;412220603A;PR;Centro II;-25,205;-49,324;2025-03-21 09:20:00.0;0,00
RIO BRANCO DO SUL;412220603A;PR;Centro II;-25,205;-49,324;2025-03-21 10:20:00.0;0,00
RIO BRANCO DO SUL;412220603A;PR;Centro II;-25,205;-49,324;2025-03-21 11:20:00.0;0,00
RIO BRANCO DO SUL;412220603A;PR;Centro II;-25,205;-49,324;2025-03-21 12:20:00.0;0,00
RIO BRANCO DO SUL;412220603A;PR;Centro II;-25,205;-49,324;2025-03-21 13:20:00.0;0,00
RIO BRANCO DO SUL;412220603A;PR;Centro II;-25,205;-49,324;2025-03-21 14:20:00.0;0,00
RIO BRANCO DO SUL;412220603A;PR;Centro II;-25,205;-49,324;2025-03-21 15:20:00.0;0,00
RIO BRANCO DO SUL;412220603A;PR;Centro II;-25,205;-49,324;2025-03-21 16:20:00.0;0,00
RIO BRANCO DO SUL;412220603A;PR;Centro II;-25,205;-49,324;2025-03-21 17:20:00.0;0,00
RIO BRANCO DO SUL;412220603A;PR;Centro II;-25,205;-49,324;2025-03-21 18:20:00.0;0,00
RIO BRANCO DO SUL;412220603A;PR;Centro II;-25,205;-49,324;2025-03-21 19:20:00.0;0,00
RIO BRANCO DO SUL;412220603A;PR;Centro II;-25,205;-49,324;2025-03-21 20:20:00.0;0,00
RIO BRANCO DO SUL;412220603A;PR;Centro II;-25,205;-49,324;2025-03-21 21:20:00.0;0,00
RIO BRANCO DO SUL;412220603A;PR;Centro II;-25,205;-49,324;2025-03-21 22:20:00.0;0,00
RIO BRANCO DO SUL;412220603A;PR;Centro II;-25,205;-49,324;2025-03-21 23:20:00.0;0,00
RIO BRANCO DO SUL;412220603A;PR;Centro II;-25,205;-49,324;2025-03-22 00:20:00.0;0,00
RIO BRANCO DO SUL;412220603A;PR;Centro II;-25,205;-49,324;2025-03-22 01:20:00.0;0,00
RIO BRANCO DO SUL;412220603A;PR;Centro II;-25,205;-49,324;2025-03-22 02:20:00.0;0,00
RIO BRANCO DO SUL;412220603A;PR;Centro II;-25,205;-49,324;2025-03-22 03:20:00.0;0,00
RIO BRANCO DO SUL;412220603A;PR;Centro II;-25,205;-49,324;2025-03-22 04:20:00.0;0,00
RIO BRANCO DO SUL;412220603A;PR;Centro II;-25,205;-49,324;2025-03-22 05:20:00.0;0,00
RIO BRANCO DO SUL;412220603A;PR;Centro II;-25,205;-49,324;2025-03-22 06:20:00.0;0,00
RIO BRANCO DO SUL;412220603A;PR;Centro II;-25,205;-49,324;2025-03-22 07:20:00.0;0,00
RIO BRANCO DO SUL;412220603A;PR;Centro II;-25,205;-49,324;2025-03-22 08:20:00.0;0,00
RIO BRANCO DO SUL;412220603A;PR;Centro II;-25,205;-49,324;2025-03-22 09:20:00.0;0,00
RIO BRANCO DO SUL;412220603A;PR;Centro II;-25,205;-49,324;2025-03-22 10:20:00.0;0,00
RIO BRANCO DO SUL;412220603A;PR;Centro II;-25,205;-49,324;2025-03-22 11:20:00.0;0,00
RIO BRANCO DO SUL;412220603A;PR;Centro II;-25,205;-49,324;2025-03-22 12:20:00.0;0,00
RIO BRANCO DO SUL;412220603A;PR;Centro II;-25,205;-49,324;2025-03-22 13:20:00.0;0,00
RIO BRANCO DO SUL;412220603A;PR;Centro II;-25,205;-49,324;2025-03-22 14:20:00.0;0,00
RIO BRANCO DO SUL;412220603A;PR;Centro II;-25,205;-49,324;2025-03-22 15:20:00.0;0,00
RIO BRANCO DO SUL;412220603A;PR;Centro II;-25,205;-49,324;2025-03-22 16:20:00.0;0,00
RIO BRANCO DO SUL;412220603A;PR;Centro II;-25,205;-49,324;2025-03-22 17:20:00.0;0,00
RIO BRANCO DO SUL;412220603A;PR;Centro II;-25,205;-49,324;2025-03-22 18:20:00.0;0,00
RIO BRANCO DO SUL;412220603A;PR;Centro II;-25,205;-49,324;2025-03-22 19:20:00.0;0,00
RIO BRANCO DO SUL;412220603A;PR;Centro II;-25,205;-49,324;2025-03-22 20:20:00.0;0,00
RIO BRANCO DO SUL;412220603A;PR;Centro II;-25,205;-49,324;2025-03-22 21:20:00.0;0,00
RIO BRANCO DO SUL;412220603A;PR;Centro II;-25,205;-49,324;2025-03-22 22:20:00.0;0,00
RIO BRANCO DO SUL;412220603A;PR;Centro II;-25,205;-49,324;2025-03-22 23:20:00.0;0,00
RIO BRANCO DO SUL;412220603A;PR;Centro II;-25,205;-49,324;2025-03-23 00:20:00.0;0,00
RIO BRANCO DO SUL;412220603A;PR;Centro II;-25,205;-49,324;2025-03-23 01:20:00.0;0,00
RIO BRANCO DO SUL;412220603A;PR;Centro II;-25,205;-49,324;2025-03-23 02:20:00.0;0,00
RIO BRANCO DO SUL;412220603A;PR;Centro II;-25,205;-49,324;2025-03-23 03:20:00.0;0,00
RIO BRANCO DO SUL;412220603A;PR;Centro II;-25,205;-49,324;2025-03-23 04:20:00.0;0,00
RIO BRANCO DO SUL;412220603A;PR;Centro II;-25,205;-49,324;2025-03-23 05:20:00.0;0,00
RIO BRANCO DO SUL;412220603A;PR;Centro II;-25,205;-49,324;2025-03-23 06:20:00.0;0,00
RIO BRANCO DO SUL;412220603A;PR;Centro II;-25,205;-49,324;2025-03-23 07:20:00.0;0,00
RIO BRANCO DO SUL;412220603A;PR;Centro II;-25,205;-49,324;2025-03-23 08:20:00.0;0,00
RIO BRANCO DO SUL;412220603A;PR;Centro II;-25,205;-49,324;2025-03-23 09:20:00.0;0,00
RIO BRANCO DO SUL;412220603A;PR;Centro II;-25,205;-49,324;2025-03-23 10:20:00.0;0,00
RIO BRANCO DO SUL;412220603A;PR;Centro II;-25,205;-49,324;2025-03-23 11:20:00.0;0,00
RIO BRANCO DO SUL;412220603A;PR;Centro II;-25,205;-49,324;2025-03-23 12:20:00.0;0,00
RIO BRANCO DO SUL;412220603A;PR;Centro II;-25,205;-49,324;2025-03-23 13:20:00.0;0,00
RIO BRANCO DO SUL;412220603A;PR;Centro II;-25,205;-49,324;2025-03-23 14:20:00.0;0,00
RIO BRANCO DO SUL;412220603A;PR;Centro II;-25,205;-49,324;2025-03-23 15:20:00.0;0,00
RIO BRANCO DO SUL;412220603A;PR;Centro II;-25,205;-49,324;2025-03-23 16:20:00.0;0,00
RIO BRANCO DO SUL;412220603A;PR;Centro II;-25,205;-49,324;2025-03-23 17:20:00.0;0,00
RIO BRANCO DO SUL;412220603A;PR;Centro II;-25,205;-49,324;2025-03-23 18:20:00.0;0,00
RIO BRANCO DO SUL;412220603A;PR;Centro II;-25,205;-49,324;2025-03-23 19:20:00.0;0,00
RIO BRANCO DO SUL;412220603A;PR;Centro II;-25,205;-49,324;2025-03-23 20:20:00.0;0,00
RIO BRANCO DO SUL;412220603A;PR;Centro II;-25,205;-49,324;2025-03-23 21:20:00.0;0,00
RIO BRANCO DO SUL;412220603A;PR;Centro II;-25,205;-49,324;2025-03-23 22:20:00.0;0,00
RIO BRANCO DO SUL;412220603A;PR;Centro II;-25,205;-49,324;2025-03-23 23:20:00.0;0,00
RIO BRANCO DO SUL;412220603A;PR;Centro II;-25,205;-49,324;2025-03-24 00:20:00.0;0,00
RIO BRANCO DO SUL;412220603A;PR;Centro II;-25,205;-49,324;2025-03-24 01:20:00.0;0,00
RIO BRANCO DO SUL;412220603A;PR;Centro II;-25,205;-49,324;2025-03-24 02:20:00.0;0,00
RIO BRANCO DO SUL;412220603A;PR;Centro II;-25,205;-49,324;2025-03-24 03:20:00.0;0,00
RIO BRANCO DO SUL;412220603A;PR;Centro II;-25,205;-49,324;2025-03-24 04:20:00.0;0,00
RIO BRANCO DO SUL;412220603A;PR;Centro II;-25,205;-49,324;2025-03-24 05:20:00.0;0,00
RIO BRANCO DO SUL;412220603A;PR;Centro II;-25,205;-49,324;2025-03-24 06:20:00.0;0,00
RIO BRANCO DO SUL;412220603A;PR;Centro II;-25,205;-49,324;2025-03-24 07:20:00.0;0,00
RIO BRANCO DO SUL;412220603A;PR;Centro II;-25,205;-49,324;2025-03-24 08:20:00.0;0,00
RIO BRANCO DO SUL;412220603A;PR;Centro II;-25,205;-49,324;2025-03-24 09:20:00.0;0,00
RIO BRANCO DO SUL;412220603A;PR;Centro II;-25,205;-49,324;2025-03-24 10:20:00.0;0,00
RIO BRANCO DO SUL;412220603A;PR;Centro II;-25,205;-49,324;2025-03-24 11:20:00.0;0,00
RIO BRANCO DO SUL;412220603A;PR;Centro II;-25,205;-49,324;2025-03-24 12:20:00.0;0,00
RIO BRANCO DO SUL;412220603A;PR;Centro II;-25,205;-49,324;2025-03-24 13:20:00.0;0,00
RIO BRANCO DO SUL;412220603A;PR;Centro II;-25,205;-49,324;2025-03-24 14:20:00.0;0,00
RIO BRANCO DO SUL;412220603A;PR;Centro II;-25,205;-49,324;2025-03-24 15:20:00.0;0,00
RIO BRANCO DO SUL;412220603A;PR;Centro II;-25,205;-49,324;2025-03-24 17:20:00.0;0,00
RIO BRANCO DO SUL;412220603A;PR;Centro II;-25,205;-49,324;2025-03-24 18:20:00.0;0,00
RIO BRANCO DO SUL;412220603A;PR;Centro II;-25,205;-49,324;2025-03-24 19:20:00.0;0,00
RIO BRANCO DO SUL;412220603A;PR;Centro II;-25,205;-49,324;2025-03-24 20:20:00.0;0,00
RIO BRANCO DO SUL;412220603A;PR;Centro II;-25,205;-49,324;2025-03-24 21:20:00.0;0,00
RIO BRANCO DO SUL;412220603A;PR;Centro II;-25,205;-49,324;2025-03-24 22:20:00.0;0,00
RIO BRANCO DO SUL;412220603A;PR;Centro II;-25,205;-49,324;2025-03-24 23:20:00.0;0,00
RIO BRANCO DO SUL;412220603A;PR;Centro II;-25,205;-49,324;2025-03-25 00:20:00.0;0,00
RIO BRANCO DO SUL;412220603A;PR;Centro II;-25,205;-49,324;2025-03-25 01:20:00.0;0,00
RIO BRANCO DO SUL;412220603A;PR;Centro II;-25,205;-49,324;2025-03-25 02:20:00.0;0,00
RIO BRANCO DO SUL;412220603A;PR;Centro II;-25,205;-49,324;2025-03-25 03:20:00.0;0,00
RIO BRANCO DO SUL;412220603A;PR;Centro II;-25,205;-49,324;2025-03-25 04:20:00.0;0,00
RIO BRANCO DO SUL;412220603A;PR;Centro II;-25,205;-49,324;2025-03-25 05:20:00.0;0,00
RIO BRANCO DO SUL;412220603A;PR;Centro II;-25,205;-49,324;2025-03-25 06:20:00.0;0,00
RIO BRANCO DO SUL;412220603A;PR;Centro II;-25,205;-49,324;2025-03-25 07:20:00.0;0,00
RIO BRANCO DO SUL;412220603A;PR;Centro II;-25,205;-49,324;2025-03-25 08:20:00.0;0,00
RIO BRANCO DO SUL;412220603A;PR;Centro II;-25,205;-49,324;2025-03-25 08:50:00.0;0,20
RIO BRANCO DO SUL;412220603A;PR;Centro II;-25,205;-49,324;2025-03-25 09:20:00.0;0,00
RIO BRANCO DO SUL;412220603A;PR;Centro II;-25,205;-49,324;2025-03-25 10:20:00.0;0,00
RIO BRANCO DO SUL;412220603A;PR;Centro II;-25,205;-49,324;2025-03-25 11:20:00.0;0,00
RIO BRANCO DO SUL;412220603A;PR;Centro II;-25,205;-49,324;2025-03-25 11:50:00.0;0,20
RIO BRANCO DO SUL;412220603A;PR;Centro II;-25,205;-49,324;2025-03-25 12:20:00.0;0,00
RIO BRANCO DO SUL;412220603A;PR;Centro II;-25,205;-49,324;2025-03-25 13:20:00.0;0,00
RIO BRANCO DO SUL;412220603A;PR;Centro II;-25,205;-49,324;2025-03-25 14:20:00.0;0,00
RIO BRANCO DO SUL;412220603A;PR;Centro II;-25,205;-49,324;2025-03-25 16:00:00.0;0,00
RIO BRANCO DO SUL;412220603A;PR;Centro II;-25,205;-49,324;2025-03-25 16:20:00.0;0,00
RIO BRANCO DO SUL;412220603A;PR;Centro II;-25,205;-49,324;2025-03-25 17:20:00.0;0,00
RIO BRANCO DO SUL;412220603A;PR;Centro II;-25,205;-49,324;2025-03-25 18:20:00.0;0,00
RIO BRANCO DO SUL;412220603A;PR;Centro II;-25,205;-49,324;2025-03-25 19:20:00.0;0,00
RIO BRANCO DO SUL;412220603A;PR;Centro II;-25,205;-49,324;2025-03-25 20:20:00.0;0,00
RIO BRANCO DO SUL;412220603A;PR;Centro II;-25,205;-49,324;2025-03-25 21:20:00.0;0,00
RIO BRANCO DO SUL;412220603A;PR;Centro II;-25,205;-49,324;2025-03-25 22:20:00.0;0,00
RIO BRANCO DO SUL;412220603A;PR;Centro II;-25,205;-49,324;2025-03-25 23:20:00.0;0,00
RIO BRANCO DO SUL;412220603A;PR;Centro II;-25,205;-49,324;2025-03-26 00:20:00.0;0,00
RIO BRANCO DO SUL;412220603A;PR;Centro II;-25,205;-49,324;2025-03-26 01:20:00.0;0,00
RIO BRANCO DO SUL;412220603A;PR;Centro II;-25,205;-49,324;2025-03-26 02:20:00.0;0,79
RIO BRANCO DO SUL;412220603A;PR;Centro II;-25,205;-49,324;2025-03-26 02:30:00.0;0,20
RIO BRANCO DO SUL;412220603A;PR;Centro II;-25,205;-49,324;2025-03-26 02:40:00.0;0,20
RIO BRANCO DO SUL;412220603A;PR;Centro II;-25,205;-49,324;2025-03-26 02:50:00.0;0,20
RIO BRANCO DO SUL;412220603A;PR;Centro II;-25,205;-49,324;2025-03-26 03:00:00.0;0,39
RIO BRANCO DO SUL;412220603A;PR;Centro II;-25,205;-49,324;2025-03-26 03:10:00.0;0,20
RIO BRANCO DO SUL;412220603A;PR;Centro II;-25,205;-49,324;2025-03-26 03:20:00.0;0,00
RIO BRANCO DO SUL;412220603A;PR;Centro II;-25,205;-49,324;2025-03-26 03:30:00.0;0,20
RIO BRANCO DO SUL;412220603A;PR;Centro II;-25,205;-49,324;2025-03-26 03:40:00.0;0,39
RIO BRANCO DO SUL;412220603A;PR;Centro II;-25,205;-49,324;2025-03-26 03:50:00.0;0,20
RIO BRANCO DO SUL;412220603A;PR;Centro II;-25,205;-49,324;2025-03-26 04:00:00.0;0,59
RIO BRANCO DO SUL;412220603A;PR;Centro II;-25,205;-49,324;2025-03-26 04:10:00.0;0,39
RIO BRANCO DO SUL;412220603A;PR;Centro II;-25,205;-49,324;2025-03-26 04:20:00.0;0,00
RIO BRANCO DO SUL;412220603A;PR;Centro II;-25,205;-49,324;2025-03-26 04:30:00.0;0,39
RIO BRANCO DO SUL;412220603A;PR;Centro II;-25,205;-49,324;2025-03-26 04:50:00.0;0,20
RIO BRANCO DO SUL;412220603A;PR;Centro II;-25,205;-49,324;2025-03-26 05:00:00.0;0,59
RIO BRANCO DO SUL;412220603A;PR;Centro II;-25,205;-49,324;2025-03-26 05:10:00.0;0,79
RIO BRANCO DO SUL;412220603A;PR;Centro II;-25,205;-49,324;2025-03-26 05:20:00.0;0,79
RIO BRANCO DO SUL;412220603A;PR;Centro II;-25,205;-49,324;2025-03-26 05:30:00.0;0,79
RIO BRANCO DO SUL;412220603A;PR;Centro II;-25,205;-49,324;2025-03-26 05:40:00.0;0,59
RIO BRANCO DO SUL;412220603A;PR;Centro II;-25,205;-49,324;2025-03-26 05:50:00.0;0,20
RIO BRANCO DO SUL;412220603A;PR;Centro II;-25,205;-49,324;2025-03-26 06:00:00.0;0,20
RIO BRANCO DO SUL;412220603A;PR;Centro II;-25,205;-49,324;2025-03-26 06:10:00.0;0,20
RIO BRANCO DO SUL;412220603A;PR;Centro II;-25,205;-49,324;2025-03-26 06:20:00.0;0,20
RIO BRANCO DO SUL;412220603A;PR;Centro II;-25,205;-49,324;2025-03-26 07:00:00.0;0,20
RIO BRANCO DO SUL;412220603A;PR;Centro II;-25,205;-49,324;2025-03-26 07:20:00.0;0,00
RIO BRANCO DO SUL;412220603A;PR;Centro II;-25,205;-49,324;2025-03-26 08:20:00.0;0,00
RIO BRANCO DO SUL;412220603A;PR;Centro II;-25,205;-49,324;2025-03-26 09:20:00.0;0,00
RIO BRANCO DO SUL;412220603A;PR;Centro II;-25,205;-49,324;2025-03-26 10:20:00.0;0,00
RIO BRANCO DO SUL;412220603A;PR;Centro II;-25,205;-49,324;2025-03-26 11:20:00.0;0,00
RIO BRANCO DO SUL;412220603A;PR;Centro II;-25,205;-49,324;2025-03-26 12:20:00.0;0,00
RIO BRANCO DO SUL;412220603A;PR;Centro II;-25,205;-49,324;2025-03-26 13:20:00.0;0,00
RIO BRANCO DO SUL;412220603A;PR;Centro II;-25,205;-49,324;2025-03-26 14:20:00.0;0,00
RIO BRANCO DO SUL;412220603A;PR;Centro II;-25,205;-49,324;2025-03-26 15:20:00.0;0,00
RIO BRANCO DO SUL;412220603A;PR;Centro II;-25,205;-49,324;2025-03-26 16:20:00.0;0,00
RIO BRANCO DO SUL;412220603A;PR;Centro II;-25,205;-49,324;2025-03-26 17:20:00.0;0,00
RIO BRANCO DO SUL;412220603A;PR;Centro II;-25,205;-49,324;2025-03-26 18:20:00.0;0,00
RIO BRANCO DO SUL;412220603A;PR;Centro II;-25,205;-49,324;2025-03-26 19:20:00.0;0,00
RIO BRANCO DO SUL;412220603A;PR;Centro II;-25,205;-49,324;2025-03-26 20:20:00.0;0,00
RIO BRANCO DO SUL;412220603A;PR;Centro II;-25,205;-49,324;2025-03-26 21:20:00.0;0,00
RIO BRANCO DO SUL;412220603A;PR;Centro II;-25,205;-49,324;2025-03-26 22:20:00.0;0,00
RIO BRANCO DO SUL;412220603A;PR;Centro II;-25,205;-49,324;2025-03-26 23:20:00.0;0,00
RIO BRANCO DO SUL;412220603A;PR;Centro II;-25,205;-49,324;2025-03-27 00:20:00.0;0,00
RIO BRANCO DO SUL;412220603A;PR;Centro II;-25,205;-49,324;2025-03-27 01:20:00.0;0,00
RIO BRANCO DO SUL;412220603A;PR;Centro II;-25,205;-49,324;2025-03-27 02:20:00.0;0,00
RIO BRANCO DO SUL;412220603A;PR;Centro II;-25,205;-49,324;2025-03-27 03:20:00.0;0,00
RIO BRANCO DO SUL;412220603A;PR;Centro II;-25,205;-49,324;2025-03-27 04:20:00.0;0,00
RIO BRANCO DO SUL;412220603A;PR;Centro II;-25,205;-49,324;2025-03-27 05:20:00.0;0,00
RIO BRANCO DO SUL;412220603A;PR;Centro II;-25,205;-49,324;2025-03-27 06:20:00.0;0,00
RIO BRANCO DO SUL;412220603A;PR;Centro II;-25,205;-49,324;2025-03-27 07:20:00.0;0,00
RIO BRANCO DO SUL;412220603A;PR;Centro II;-25,205;-49,324;2025-03-27 08:20:00.0;0,00
RIO BRANCO DO SUL;412220603A;PR;Centro II;-25,205;-49,324;2025-03-27 10:20:00.0;0,00
RIO BRANCO DO SUL;412220603A;PR;Centro II;-25,205;-49,324;2025-03-27 11:20:00.0;0,00
RIO BRANCO DO SUL;412220603A;PR;Centro II;-25,205;-49,324;2025-03-27 12:20:00.0;0,00
RIO BRANCO DO SUL;412220603A;PR;Centro II;-25,205;-49,324;2025-03-27 13:20:00.0;0,00
RIO BRANCO DO SUL;412220603A;PR;Centro II;-25,205;-49,324;2025-03-27 14:20:00.0;0,00
RIO BRANCO DO SUL;412220603A;PR;Centro II;-25,205;-49,324;2025-03-27 15:20:00.0;0,00
RIO BRANCO DO SUL;412220603A;PR;Centro II;-25,205;-49,324;2025-03-27 16:20:00.0;0,00
RIO BRANCO DO SUL;412220603A;PR;Centro II;-25,205;-49,324;2025-03-27 17:20:00.0;0,00
RIO BRANCO DO SUL;412220603A;PR;Centro II;-25,205;-49,324;2025-03-27 18:20:00.0;0,00
RIO BRANCO DO SUL;412220603A;PR;Centro II;-25,205;-49,324;2025-03-27 19:20:00.0;0,00
RIO BRANCO DO SUL;412220603A;PR;Centro II;-25,205;-49,324;2025-03-27 20:20:00.0;0,00
RIO BRANCO DO SUL;412220603A;PR;Centro II;-25,205;-49,324;2025-03-27 21:20:00.0;0,00
RIO BRANCO DO SUL;412220603A;PR;Centro II;-25,205;-49,324;2025-03-27 22:20:00.0;0,00
RIO BRANCO DO SUL;412220603A;PR;Centro II;-25,205;-49,324;2025-03-27 23:20:00.0;0,00
RIO BRANCO DO SUL;412220603A;PR;Centro II;-25,205;-49,324;2025-03-28 00:20:00.0;0,00
RIO BRANCO DO SUL;412220603A;PR;Centro II;-25,205;-49,324;2025-03-28 01:20:00.0;0,00
RIO BRANCO DO SUL;412220603A;PR;Centro II;-25,205;-49,324;2025-03-28 02:20:00.0;0,00
RIO BRANCO DO SUL;412220603A;PR;Centro II;-25,205;-49,324;2025-03-28 03:20:00.0;0,00
RIO BRANCO DO SUL;412220603A;PR;Centro II;-25,205;-49,324;2025-03-28 04:20:00.0;0,00
RIO BRANCO DO SUL;412220603A;PR;Centro II;-25,205;-49,324;2025-03-28 05:20:00.0;0,00
RIO BRANCO DO SUL;412220603A;PR;Centro II;-25,205;-49,324;2025-03-28 06:20:00.0;0,00
RIO BRANCO DO SUL;412220603A;PR;Centro II;-25,205;-49,324;2025-03-28 07:20:00.0;0,00
RIO BRANCO DO SUL;412220603A;PR;Centro II;-25,205;-49,324;2025-03-28 08:20:00.0;0,00
RIO BRANCO DO SUL;412220603A;PR;Centro II;-25,205;-49,324;2025-03-28 09:20:00.0;0,00
RIO BRANCO DO SUL;412220603A;PR;Centro II;-25,205;-49,324;2025-03-28 10:20:00.0;0,00
RIO BRANCO DO SUL;412220603A;PR;Centro II;-25,205;-49,324;2025-03-28 11:20:00.0;0,00
RIO BRANCO DO SUL;412220603A;PR;Centro II;-25,205;-49,324;2025-03-28 12:20:00.0;0,00
RIO BRANCO DO SUL;412220603A;PR;Centro II;-25,205;-49,324;2025-03-28 13:20:00.0;0,00
RIO BRANCO DO SUL;412220603A;PR;Centro II;-25,205;-49,324;2025-03-28 14:20:00.0;0,00
RIO BRANCO DO SUL;412220603A;PR;Centro II;-25,205;-49,324;2025-03-28 15:20:00.0;0,00
RIO BRANCO DO SUL;412220603A;PR;Centro II;-25,205;-49,324;2025-03-28 16:20:00.0;0,00
RIO BRANCO DO SUL;412220603A;PR;Centro II;-25,205;-49,324;2025-03-28 17:20:00.0;0,00
RIO BRANCO DO SUL;412220603A;PR;Centro II;-25,205;-49,324;2025-03-28 18:20:00.0;0,00
RIO BRANCO DO SUL;412220603A;PR;Centro II;-25,205;-49,324;2025-03-28 19:20:00.0;0,00
RIO BRANCO DO SUL;412220603A;PR;Centro II;-25,205;-49,324;2025-03-28 20:20:00.0;0,00
RIO BRANCO DO SUL;412220603A;PR;Centro II;-25,205;-49,324;2025-03-28 21:20:00.0;0,00
RIO BRANCO DO SUL;412220603A;PR;Centro II;-25,205;-49,324;2025-03-28 22:20:00.0;0,00
RIO BRANCO DO SUL;412220603A;PR;Centro II;-25,205;-49,324;2025-03-28 23:20:00.0;0,00
RIO BRANCO DO SUL;412220603A;PR;Centro II;-25,205;-49,324;2025-03-29 00:20:00.0;0,00
RIO BRANCO DO SUL;412220603A;PR;Centro II;-25,205;-49,324;2025-03-29 01:20:00.0;0,00
RIO BRANCO DO SUL;412220603A;PR;Centro II;-25,205;-49,324;2025-03-29 02:20:00.0;0,00
RIO BRANCO DO SUL;412220603A;PR;Centro II;-25,205;-49,324;2025-03-29 03:20:00.0;0,00
RIO BRANCO DO SUL;412220603A;PR;Centro II;-25,205;-49,324;2025-03-29 04:20:00.0;0,00
RIO BRANCO DO SUL;412220603A;PR;Centro II;-25,205;-49,324;2025-03-29 05:20:00.0;0,00
RIO BRANCO DO SUL;412220603A;PR;Centro II;-25,205;-49,324;2025-03-29 06:20:00.0;0,00
RIO BRANCO DO SUL;412220603A;PR;Centro II;-25,205;-49,324;2025-03-29 07:20:00.0;0,00
RIO BRANCO DO SUL;412220603A;PR;Centro II;-25,205;-49,324;2025-03-29 08:20:00.0;0,00
RIO BRANCO DO SUL;412220603A;PR;Centro II;-25,205;-49,324;2025-03-29 09:20:00.0;0,00
RIO BRANCO DO SUL;412220603A;PR;Centro II;-25,205;-49,324;2025-03-29 10:20:00.0;0,00
RIO BRANCO DO SUL;412220603A;PR;Centro II;-25,205;-49,324;2025-03-29 11:20:00.0;0,00
RIO BRANCO DO SUL;412220603A;PR;Centro II;-25,205;-49,324;2025-03-29 12:20:00.0;0,00
RIO BRANCO DO SUL;412220603A;PR;Centro II;-25,205;-49,324;2025-03-29 13:20:00.0;0,00
RIO BRANCO DO SUL;412220603A;PR;Centro II;-25,205;-49,324;2025-03-29 14:20:00.0;0,00
RIO BRANCO DO SUL;412220603A;PR;Centro II;-25,205;-49,324;2025-03-29 15:20:00.0;0,00
RIO BRANCO DO SUL;412220603A;PR;Centro II;-25,205;-49,324;2025-03-29 16:20:00.0;0,00
RIO BRANCO DO SUL;412220603A;PR;Centro II;-25,205;-49,324;2025-03-29 17:20:00.0;0,00
RIO BRANCO DO SUL;412220603A;PR;Centro II;-25,205;-49,324;2025-03-29 18:20:00.0;0,00
RIO BRANCO DO SUL;412220603A;PR;Centro II;-25,205;-49,324;2025-03-29 19:20:00.0;0,00
RIO BRANCO DO SUL;412220603A;PR;Centro II;-25,205;-49,324;2025-03-29 20:20:00.0;0,00
RIO BRANCO DO SUL;412220603A;PR;Centro II;-25,205;-49,324;2025-03-29 20:40:00.0;2,18
RIO BRANCO DO SUL;412220603A;PR;Centro II;-25,205;-49,324;2025-03-29 20:50:00.0;7,50
RIO BRANCO DO SUL;412220603A;PR;Centro II;-25,205;-49,324;2025-03-29 21:00:00.0;3,54
RIO BRANCO DO SUL;412220603A;PR;Centro II;-25,205;-49,324;2025-03-29 21:10:00.0;1,97
RIO BRANCO DO SUL;412220603A;PR;Centro II;-25,205;-49,324;2025-03-29 21:20:00.0;0,39
RIO BRANCO DO SUL;412220603A;PR;Centro II;-25,205;-49,324;2025-03-29 21:30:00.0;0,20
RIO BRANCO DO SUL;412220603A;PR;Centro II;-25,205;-49,324;2025-03-29 22:20:00.0;0,00
RIO BRANCO DO SUL;412220603A;PR;Centro II;-25,205;-49,324;2025-03-29 23:20:00.0;0,00
RIO BRANCO DO SUL;412220603A;PR;Centro II;-25,205;-49,324;2025-03-30 00:20:00.0;0,00
RIO BRANCO DO SUL;412220603A;PR;Centro II;-25,205;-49,324;2025-03-30 01:20:00.0;0,00
RIO BRANCO DO SUL;412220603A;PR;Centro II;-25,205;-49,324;2025-03-30 02:20:00.0;0,00
RIO BRANCO DO SUL;412220603A;PR;Centro II;-25,205;-49,324;2025-03-30 03:20:00.0;0,00
RIO BRANCO DO SUL;412220603A;PR;Centro II;-25,205;-49,324;2025-03-30 04:20:00.0;0,00
RIO BRANCO DO SUL;412220603A;PR;Centro II;-25,205;-49,324;2025-03-30 05:20:00.0;0,00
RIO BRANCO DO SUL;412220603A;PR;Centro II;-25,205;-49,324;2025-03-30 06:20:00.0;0,20
RIO BRANCO DO SUL;412220603A;PR;Centro II;-25,205;-49,324;2025-03-30 07:20:00.0;0,00
RIO BRANCO DO SUL;412220603A;PR;Centro II;-25,205;-49,324;2025-03-30 08:20:00.0;0,00
RIO BRANCO DO SUL;412220603A;PR;Centro II;-25,205;-49,324;2025-03-30 09:20:00.0;0,00
RIO BRANCO DO SUL;412220603A;PR;Centro II;-25,205;-49,324;2025-03-30 10:20:00.0;0,00
RIO BRANCO DO SUL;412220603A;PR;Centro II;-25,205;-49,324;2025-03-30 11:20:00.0;0,00
RIO BRANCO DO SUL;412220603A;PR;Centro II;-25,205;-49,324;2025-03-30 12:20:00.0;0,00
RIO BRANCO DO SUL;412220603A;PR;Centro II;-25,205;-49,324;2025-03-30 13:20:00.0;0,00
RIO BRANCO DO SUL;412220603A;PR;Centro II;-25,205;-49,324;2025-03-30 14:20:00.0;0,00
RIO BRANCO DO SUL;412220603A;PR;Centro II;-25,205;-49,324;2025-03-30 15:20:00.0;0,00
RIO BRANCO DO SUL;412220603A;PR;Centro II;-25,205;-49,324;2025-03-30 16:20:00.0;0,00
RIO BRANCO DO SUL;412220603A;PR;Centro II;-25,205;-49,324;2025-03-30 17:20:00.0;0,00
RIO BRANCO DO SUL;412220603A;PR;Centro II;-25,205;-49,324;2025-03-30 18:20:00.0;0,00
RIO BRANCO DO SUL;412220603A;PR;Centro II;-25,205;-49,324;2025-03-30 19:20:00.0;0,00
RIO BRANCO DO SUL;412220603A;PR;Centro II;-25,205;-49,324;2025-03-30 20:20:00.0;0,00
RIO BRANCO DO SUL;412220603A;PR;Centro II;-25,205;-49,324;2025-03-30 21:20:00.0;0,00
RIO BRANCO DO SUL;412220603A;PR;Centro II;-25,205;-49,324;2025-03-30 22:20:00.0;0,00
RIO BRANCO DO SUL;412220603A;PR;Centro II;-25,205;-49,324;2025-03-30 23:20:00.0;0,00
RIO BRANCO DO SUL;412220603A;PR;Centro II;-25,205;-49,324;2025-03-31 00:20:00.0;0,00
RIO BRANCO DO SUL;412220603A;PR;Centro II;-25,205;-49,324;2025-03-31 01:20:00.0;0,00
RIO BRANCO DO SUL;412220603A;PR;Centro II;-25,205;-49,324;2025-03-31 02:20:00.0;0,00
RIO BRANCO DO SUL;412220603A;PR;Centro II;-25,205;-49,324;2025-03-31 03:20:00.0;0,00
RIO BRANCO DO SUL;412220603A;PR;Centro II;-25,205;-49,324;2025-03-31 04:20:00.0;0,00
RIO BRANCO DO SUL;412220603A;PR;Centro II;-25,205;-49,324;2025-03-31 05:20:00.0;0,00
RIO BRANCO DO SUL;412220603A;PR;Centro II;-25,205;-49,324;2025-03-31 06:20:00.0;0,00
RIO BRANCO DO SUL;412220603A;PR;Centro II;-25,205;-49,324;2025-03-31 07:20:00.0;0,00
RIO BRANCO DO SUL;412220603A;PR;Centro II;-25,205;-49,324;2025-03-31 08:20:00.0;0,00
RIO BRANCO DO SUL;412220603A;PR;Centro II;-25,205;-49,324;2025-03-31 09:20:00.0;0,00
RIO BRANCO DO SUL;412220603A;PR;Centro II;-25,205;-49,324;2025-03-31 10:20:00.0;0,00
RIO BRANCO DO SUL;412220603A;PR;Centro II;-25,205;-49,324;2025-03-31 11:20:00.0;0,00
RIO BRANCO DO SUL;412220603A;PR;Centro II;-25,205;-49,324;2025-03-31 12:20:00.0;0,00
RIO BRANCO DO SUL;412220603A;PR;Centro II;-25,205;-49,324;2025-03-31 13:20:00.0;0,00
RIO BRANCO DO SUL;412220603A;PR;Centro II;-25,205;-49,324;2025-03-31 14:20:00.0;0,00
RIO BRANCO DO SUL;412220603A;PR;Centro II;-25,205;-49,324;2025-03-31 15:20:00.0;0,00
RIO BRANCO DO SUL;412220603A;PR;Centro II;-25,205;-49,324;2025-03-31 16:20:00.0;0,00
RIO BRANCO DO SUL;412220603A;PR;Centro II;-25,205;-49,324;2025-03-31 17:20:00.0;0,00
RIO BRANCO DO SUL;412220603A;PR;Centro II;-25,205;-49,324;2025-03-31 18:20:00.0;0,00
RIO BRANCO DO SUL;412220603A;PR;Centro II;-25,205;-49,324;2025-03-31 19:20:00.0;0,00
RIO BRANCO DO SUL;412220603A;PR;Centro II;-25,205;-49,324;2025-03-31 20:20:00.0;0,00
RIO BRANCO DO SUL;412220603A;PR;Centro II;-25,205;-49,324;2025-03-31 21:20:00.0;0,00
RIO BRANCO DO SUL;412220603A;PR;Centro II;-25,205;-49,324;2025-03-31 22:20:00.0;0,00
RIO BRANCO DO SUL;412220603A;PR;Centro II;-25,205;-49,324;2025-03-31 23:20:00.0;0,00
RIO NEGRO;412230502A;PR;R. Emílio Von Linzingen;-26,089;-49,8;2025-03-01 11:20:00.0;0,00
RIO NEGRO;412230502A;PR;R. Emílio Von Linzingen;-26,089;-49,8;2025-03-01 12:10:00.0;0,00
RIO NEGRO;412230502A;PR;R. Emílio Von Linzingen;-26,089;-49,8;2025-03-01 13:10:00.0;0,00
RIO NEGRO;412230502A;PR;R. Emílio Von Linzingen;-26,089;-49,8;2025-03-01 14:10:00.0;0,00
RIO NEGRO;412230502A;PR;R. Emílio Von Linzingen;-26,089;-49,8;2025-03-01 15:10:00.0;0,00
RIO NEGRO;412230502A;PR;R. Emílio Von Linzingen;-26,089;-49,8;2025-03-01 16:10:00.0;0,00
RIO NEGRO;412230502A;PR;R. Emílio Von Linzingen;-26,089;-49,8;2025-03-01 17:10:00.0;0,00
RIO NEGRO;412230502A;PR;R. Emílio Von Linzingen;-26,089;-49,8;2025-03-01 18:10:00.0;0,00
RIO NEGRO;412230502A;PR;R. Emílio Von Linzingen;-26,089;-49,8;2025-03-01 19:10:00.0;0,00
RIO NEGRO;412230502A;PR;R. Emílio Von Linzingen;-26,089;-49,8;2025-03-01 20:10:00.0;0,00
RIO NEGRO;412230502A;PR;R. Emílio Von Linzingen;-26,089;-49,8;2025-03-02 11:00:00.0;0,00
RIO NEGRO;412230502A;PR;R. Emílio Von Linzingen;-26,089;-49,8;2025-03-02 11:10:00.0;0,00
RIO NEGRO;412230502A;PR;R. Emílio Von Linzingen;-26,089;-49,8;2025-03-02 12:10:00.0;0,00
RIO NEGRO;412230502A;PR;R. Emílio Von Linzingen;-26,089;-49,8;2025-03-02 13:10:00.0;0,00
RIO NEGRO;412230502A;PR;R. Emílio Von Linzingen;-26,089;-49,8;2025-03-02 14:10:00.0;0,00
RIO NEGRO;412230502A;PR;R. Emílio Von Linzingen;-26,089;-49,8;2025-03-02 15:10:00.0;0,00
RIO NEGRO;412230502A;PR;R. Emílio Von Linzingen;-26,089;-49,8;2025-03-02 17:10:00.0;0,00
RIO NEGRO;412230502A;PR;R. Emílio Von Linzingen;-26,089;-49,8;2025-03-02 18:10:00.0;0,00
RIO NEGRO;412230502A;PR;R. Emílio Von Linzingen;-26,089;-49,8;2025-03-02 19:10:00.0;0,00
RIO NEGRO;412230502A;PR;R. Emílio Von Linzingen;-26,089;-49,8;2025-03-02 20:10:00.0;0,00
RIO NEGRO;412230502A;PR;R. Emílio Von Linzingen;-26,089;-49,8;2025-03-03 10:20:00.0;0,00
RIO NEGRO;412230502A;PR;R. Emílio Von Linzingen;-26,089;-49,8;2025-03-03 11:10:00.0;0,00
RIO NEGRO;412230502A;PR;R. Emílio Von Linzingen;-26,089;-49,8;2025-03-03 12:10:00.0;0,00
RIO NEGRO;412230502A;PR;R. Emílio Von Linzingen;-26,089;-49,8;2025-03-03 13:10:00.0;0,00
RIO NEGRO;412230502A;PR;R. Emílio Von Linzingen;-26,089;-49,8;2025-03-03 14:10:00.0;0,00
RIO NEGRO;412230502A;PR;R. Emílio Von Linzingen;-26,089;-49,8;2025-03-03 15:10:00.0;0,00
RIO NEGRO;412230502A;PR;R. Emílio Von Linzingen;-26,089;-49,8;2025-03-03 16:10:00.0;0,00
RIO NEGRO;412230502A;PR;R. Emílio Von Linzingen;-26,089;-49,8;2025-03-03 17:10:00.0;0,00
RIO NEGRO;412230502A;PR;R. Emílio Von Linzingen;-26,089;-49,8;2025-03-03 18:10:00.0;0,00
RIO NEGRO;412230502A;PR;R. Emílio Von Linzingen;-26,089;-49,8;2025-03-03 19:10:00.0;0,00
RIO NEGRO;412230502A;PR;R. Emílio Von Linzingen;-26,089;-49,8;2025-03-03 20:10:00.0;0,00
RIO NEGRO;412230502A;PR;R. Emílio Von Linzingen;-26,089;-49,8;2025-03-04 10:30:00.0;0,00
RIO NEGRO;412230502A;PR;R. Emílio Von Linzingen;-26,089;-49,8;2025-03-04 11:10:00.0;0,00
RIO NEGRO;412230502A;PR;R. Emílio Von Linzingen;-26,089;-49,8;2025-03-04 12:10:00.0;0,00
RIO NEGRO;412230502A;PR;R. Emílio Von Linzingen;-26,089;-49,8;2025-03-04 13:10:00.0;0,00
RIO NEGRO;412230502A;PR;R. Emílio Von Linzingen;-26,089;-49,8;2025-03-04 14:10:00.0;0,00
RIO NEGRO;412230502A;PR;R. Emílio Von Linzingen;-26,089;-49,8;2025-03-04 15:10:00.0;0,00
RIO NEGRO;412230502A;PR;R. Emílio Von Linzingen;-26,089;-49,8;2025-03-04 16:10:00.0;0,00
RIO NEGRO;412230502A;PR;R. Emílio Von Linzingen;-26,089;-49,8;2025-03-04 17:10:00.0;0,00
RIO NEGRO;412230502A;PR;R. Emílio Von Linzingen;-26,089;-49,8;2025-03-04 18:10:00.0;0,00
RIO NEGRO;412230502A;PR;R. Emílio Von Linzingen;-26,089;-49,8;2025-03-04 19:10:00.0;0,00
RIO NEGRO;412230502A;PR;R. Emílio Von Linzingen;-26,089;-49,8;2025-03-04 20:10:00.0;0,00
RIO NEGRO;412230502A;PR;R. Emílio Von Linzingen;-26,089;-49,8;2025-03-05 10:50:00.0;0,00
RIO NEGRO;412230502A;PR;R. Emílio Von Linzingen;-26,089;-49,8;2025-03-05 11:10:00.0;0,00
RIO NEGRO;412230502A;PR;R. Emílio Von Linzingen;-26,089;-49,8;2025-03-05 12:10:00.0;0,00
RIO NEGRO;412230502A;PR;R. Emílio Von Linzingen;-26,089;-49,8;2025-03-05 13:10:00.0;0,00
RIO NEGRO;412230502A;PR;R. Emílio Von Linzingen;-26,089;-49,8;2025-03-05 14:10:00.0;0,00
RIO NEGRO;412230502A;PR;R. Emílio Von Linzingen;-26,089;-49,8;2025-03-05 15:10:00.0;0,00
RIO NEGRO;412230502A;PR;R. Emílio Von Linzingen;-26,089;-49,8;2025-03-05 16:10:00.0;0,00
RIO NEGRO;412230502A;PR;R. Emílio Von Linzingen;-26,089;-49,8;2025-03-05 17:10:00.0;0,00
RIO NEGRO;412230502A;PR;R. Emílio Von Linzingen;-26,089;-49,8;2025-03-05 18:10:00.0;0,00
RIO NEGRO;412230502A;PR;R. Emílio Von Linzingen;-26,089;-49,8;2025-03-05 19:10:00.0;0,00
RIO NEGRO;412230502A;PR;R. Emílio Von Linzingen;-26,089;-49,8;2025-03-05 20:10:00.0;0,00
RIO NEGRO;412230502A;PR;R. Emílio Von Linzingen;-26,089;-49,8;2025-03-06 10:50:00.0;0,00
RIO NEGRO;412230502A;PR;R. Emílio Von Linzingen;-26,089;-49,8;2025-03-06 11:10:00.0;0,00
RIO NEGRO;412230502A;PR;R. Emílio Von Linzingen;-26,089;-49,8;2025-03-06 12:10:00.0;0,00
RIO NEGRO;412230502A;PR;R. Emílio Von Linzingen;-26,089;-49,8;2025-03-06 13:10:00.0;0,00
RIO NEGRO;412230502A;PR;R. Emílio Von Linzingen;-26,089;-49,8;2025-03-06 14:10:00.0;0,00
RIO NEGRO;412230502A;PR;R. Emílio Von Linzingen;-26,089;-49,8;2025-03-06 15:10:00.0;0,00
RIO NEGRO;412230502A;PR;R. Emílio Von Linzingen;-26,089;-49,8;2025-03-06 16:10:00.0;0,00
RIO NEGRO;412230502A;PR;R. Emílio Von Linzingen;-26,089;-49,8;2025-03-06 17:10:00.0;0,00
RIO NEGRO;412230502A;PR;R. Emílio Von Linzingen;-26,089;-49,8;2025-03-06 18:10:00.0;0,00
RIO NEGRO;412230502A;PR;R. Emílio Von Linzingen;-26,089;-49,8;2025-03-06 19:10:00.0;0,00
RIO NEGRO;412230502A;PR;R. Emílio Von Linzingen;-26,089;-49,8;2025-03-06 20:10:00.0;0,00
RIO NEGRO;412230502A;PR;R. Emílio Von Linzingen;-26,089;-49,8;2025-03-07 10:50:00.0;0,00
RIO NEGRO;412230502A;PR;R. Emílio Von Linzingen;-26,089;-49,8;2025-03-07 11:10:00.0;0,00
RIO NEGRO;412230502A;PR;R. Emílio Von Linzingen;-26,089;-49,8;2025-03-07 12:10:00.0;0,00
RIO NEGRO;412230502A;PR;R. Emílio Von Linzingen;-26,089;-49,8;2025-03-07 13:10:00.0;0,00
RIO NEGRO;412230502A;PR;R. Emílio Von Linzingen;-26,089;-49,8;2025-03-07 14:10:00.0;0,00
RIO NEGRO;412230502A;PR;R. Emílio Von Linzingen;-26,089;-49,8;2025-03-07 15:10:00.0;0,00
RIO NEGRO;412230502A;PR;R. Emílio Von Linzingen;-26,089;-49,8;2025-03-07 16:10:00.0;0,00
RIO NEGRO;412230502A;PR;R. Emílio Von Linzingen;-26,089;-49,8;2025-03-07 16:40:00.0;1,58
RIO NEGRO;412230502A;PR;R. Emílio Von Linzingen;-26,089;-49,8;2025-03-07 17:10:00.0;0,00
RIO NEGRO;412230502A;PR;R. Emílio Von Linzingen;-26,089;-49,8;2025-03-07 18:10:00.0;0,00
RIO NEGRO;412230502A;PR;R. Emílio Von Linzingen;-26,089;-49,8;2025-03-07 19:10:00.0;0,00
RIO NEGRO;412230502A;PR;R. Emílio Von Linzingen;-26,089;-49,8;2025-03-07 20:10:00.0;0,00
RIO NEGRO;412230502A;PR;R. Emílio Von Linzingen;-26,089;-49,8;2025-03-08 10:20:00.0;0,00
RIO NEGRO;412230502A;PR;R. Emílio Von Linzingen;-26,089;-49,8;2025-03-08 11:10:00.0;0,00
RIO NEGRO;412230502A;PR;R. Emílio Von Linzingen;-26,089;-49,8;2025-03-08 12:10:00.0;0,00
RIO NEGRO;412230502A;PR;R. Emílio Von Linzingen;-26,089;-49,8;2025-03-08 13:10:00.0;0,00
RIO NEGRO;412230502A;PR;R. Emílio Von Linzingen;-26,089;-49,8;2025-03-08 14:10:00.0;0,00
RIO NEGRO;412230502A;PR;R. Emílio Von Linzingen;-26,089;-49,8;2025-03-08 15:10:00.0;0,00
RIO NEGRO;412230502A;PR;R. Emílio Von Linzingen;-26,089;-49,8;2025-03-08 16:10:00.0;0,00
RIO NEGRO;412230502A;PR;R. Emílio Von Linzingen;-26,089;-49,8;2025-03-08 17:10:00.0;0,00
RIO NEGRO;412230502A;PR;R. Emílio Von Linzingen;-26,089;-49,8;2025-03-08 18:10:00.0;0,00
RIO NEGRO;412230502A;PR;R. Emílio Von Linzingen;-26,089;-49,8;2025-03-08 19:10:00.0;0,00
RIO NEGRO;412230502A;PR;R. Emílio Von Linzingen;-26,089;-49,8;2025-03-08 20:10:00.0;0,00
RIO NEGRO;412230502A;PR;R. Emílio Von Linzingen;-26,089;-49,8;2025-03-09 10:30:00.0;0,00
RIO NEGRO;412230502A;PR;R. Emílio Von Linzingen;-26,089;-49,8;2025-03-09 11:10:00.0;0,00
RIO NEGRO;412230502A;PR;R. Emílio Von Linzingen;-26,089;-49,8;2025-03-09 12:10:00.0;0,00
RIO NEGRO;412230502A;PR;R. Emílio Von Linzingen;-26,089;-49,8;2025-03-09 13:10:00.0;0,00
RIO NEGRO;412230502A;PR;R. Emílio Von Linzingen;-26,089;-49,8;2025-03-09 14:10:00.0;0,00
RIO NEGRO;412230502A;PR;R. Emílio Von Linzingen;-26,089;-49,8;2025-03-09 15:10:00.0;0,00
RIO NEGRO;412230502A;PR;R. Emílio Von Linzingen;-26,089;-49,8;2025-03-09 16:10:00.0;0,00
RIO NEGRO;412230502A;PR;R. Emílio Von Linzingen;-26,089;-49,8;2025-03-09 17:10:00.0;0,00
RIO NEGRO;412230502A;PR;R. Emílio Von Linzingen;-26,089;-49,8;2025-03-09 18:10:00.0;0,00
RIO NEGRO;412230502A;PR;R. Emílio Von Linzingen;-26,089;-49,8;2025-03-09 19:10:00.0;0,00
RIO NEGRO;412230502A;PR;R. Emílio Von Linzingen;-26,089;-49,8;2025-03-09 20:10:00.0;0,00
RIO NEGRO;412230502A;PR;R. Emílio Von Linzingen;-26,089;-49,8;2025-03-10 11:00:00.0;0,00
RIO NEGRO;412230502A;PR;R. Emílio Von Linzingen;-26,089;-49,8;2025-03-10 11:10:00.0;0,00
RIO NEGRO;412230502A;PR;R. Emílio Von Linzingen;-26,089;-49,8;2025-03-10 12:10:00.0;0,00
RIO NEGRO;412230502A;PR;R. Emílio Von Linzingen;-26,089;-49,8;2025-03-10 13:10:00.0;0,00
RIO NEGRO;412230502A;PR;R. Emílio Von Linzingen;-26,089;-49,8;2025-03-10 14:10:00.0;0,00
RIO NEGRO;412230502A;PR;R. Emílio Von Linzingen;-26,089;-49,8;2025-03-10 15:10:00.0;0,00
RIO NEGRO;412230502A;PR;R. Emílio Von Linzingen;-26,089;-49,8;2025-03-10 16:10:00.0;0,00
RIO NEGRO;412230502A;PR;R. Emílio Von Linzingen;-26,089;-49,8;2025-03-10 17:10:00.0;0,00
RIO NEGRO;412230502A;PR;R. Emílio Von Linzingen;-26,089;-49,8;2025-03-10 18:10:00.0;0,00
RIO NEGRO;412230502A;PR;R. Emílio Von Linzingen;-26,089;-49,8;2025-03-10 19:10:00.0;0,00
RIO NEGRO;412230502A;PR;R. Emílio Von Linzingen;-26,089;-49,8;2025-03-10 20:10:00.0;0,00
RIO NEGRO;412230502A;PR;R. Emílio Von Linzingen;-26,089;-49,8;2025-03-11 10:30:00.0;0,00
RIO NEGRO;412230502A;PR;R. Emílio Von Linzingen;-26,089;-49,8;2025-03-11 11:10:00.0;0,00
RIO NEGRO;412230502A;PR;R. Emílio Von Linzingen;-26,089;-49,8;2025-03-11 12:10:00.0;0,00
RIO NEGRO;412230502A;PR;R. Emílio Von Linzingen;-26,089;-49,8;2025-03-11 13:10:00.0;0,00
RIO NEGRO;412230502A;PR;R. Emílio Von Linzingen;-26,089;-49,8;2025-03-11 14:10:00.0;0,00
RIO NEGRO;412230502A;PR;R. Emílio Von Linzingen;-26,089;-49,8;2025-03-11 15:10:00.0;0,00
RIO NEGRO;412230502A;PR;R. Emílio Von Linzingen;-26,089;-49,8;2025-03-11 16:10:00.0;0,00
RIO NEGRO;412230502A;PR;R. Emílio Von Linzingen;-26,089;-49,8;2025-03-11 17:10:00.0;0,00
RIO NEGRO;412230502A;PR;R. Emílio Von Linzingen;-26,089;-49,8;2025-03-12 11:10:00.0;0,00
RIO NEGRO;412230502A;PR;R. Emílio Von Linzingen;-26,089;-49,8;2025-03-12 12:10:00.0;0,00
RIO NEGRO;412230502A;PR;R. Emílio Von Linzingen;-26,089;-49,8;2025-03-12 13:10:00.0;0,00
RIO NEGRO;412230502A;PR;R. Emílio Von Linzingen;-26,089;-49,8;2025-03-12 14:10:00.0;0,00
RIO NEGRO;412230502A;PR;R. Emílio Von Linzingen;-26,089;-49,8;2025-03-12 15:10:00.0;0,00
RIO NEGRO;412230502A;PR;R. Emílio Von Linzingen;-26,089;-49,8;2025-03-12 16:10:00.0;0,00
RIO NEGRO;412230502A;PR;R. Emílio Von Linzingen;-26,089;-49,8;2025-03-12 17:10:00.0;0,00
RIO NEGRO;412230502A;PR;R. Emílio Von Linzingen;-26,089;-49,8;2025-03-12 18:10:00.0;0,00
RIO NEGRO;412230502A;PR;R. Emílio Von Linzingen;-26,089;-49,8;2025-03-12 19:10:00.0;0,00
RIO NEGRO;412230502A;PR;R. Emílio Von Linzingen;-26,089;-49,8;2025-03-12 20:10:00.0;0,00
RIO NEGRO;412230502A;PR;R. Emílio Von Linzingen;-26,089;-49,8;2025-03-13 10:40:00.0;0,00
RIO NEGRO;412230502A;PR;R. Emílio Von Linzingen;-26,089;-49,8;2025-03-13 11:10:00.0;0,00
RIO NEGRO;412230502A;PR;R. Emílio Von Linzingen;-26,089;-49,8;2025-03-13 12:10:00.0;0,00
RIO NEGRO;412230502A;PR;R. Emílio Von Linzingen;-26,089;-49,8;2025-03-13 14:10:00.0;0,00
RIO NEGRO;412230502A;PR;R. Emílio Von Linzingen;-26,089;-49,8;2025-03-13 15:10:00.0;0,00
RIO NEGRO;412230502A;PR;R. Emílio Von Linzingen;-26,089;-49,8;2025-03-13 16:10:00.0;0,00
RIO NEGRO;412230502A;PR;R. Emílio Von Linzingen;-26,089;-49,8;2025-03-13 17:10:00.0;0,00
RIO NEGRO;412230502A;PR;R. Emílio Von Linzingen;-26,089;-49,8;2025-03-13 18:10:00.0;0,00
RIO NEGRO;412230502A;PR;R. Emílio Von Linzingen;-26,089;-49,8;2025-03-13 20:10:00.0;0,00
RIO NEGRO;412230502A;PR;R. Emílio Von Linzingen;-26,089;-49,8;2025-03-14 10:10:00.0;0,00
RIO NEGRO;412230502A;PR;R. Emílio Von Linzingen;-26,089;-49,8;2025-03-14 11:10:00.0;0,00
RIO NEGRO;412230502A;PR;R. Emílio Von Linzingen;-26,089;-49,8;2025-03-14 12:10:00.0;0,00
RIO NEGRO;412230502A;PR;R. Emílio Von Linzingen;-26,089;-49,8;2025-03-14 13:10:00.0;0,00
RIO NEGRO;412230502A;PR;R. Emílio Von Linzingen;-26,089;-49,8;2025-03-14 14:10:00.0;0,00
RIO NEGRO;412230502A;PR;R. Emílio Von Linzingen;-26,089;-49,8;2025-03-14 15:10:00.0;0,00
RIO NEGRO;412230502A;PR;R. Emílio Von Linzingen;-26,089;-49,8;2025-03-14 16:10:00.0;0,00
RIO NEGRO;412230502A;PR;R. Emílio Von Linzingen;-26,089;-49,8;2025-03-14 17:10:00.0;0,00
RIO NEGRO;412230502A;PR;R. Emílio Von Linzingen;-26,089;-49,8;2025-03-14 18:10:00.0;0,00
RIO NEGRO;412230502A;PR;R. Emílio Von Linzingen;-26,089;-49,8;2025-03-14 19:10:00.0;0,00
RIO NEGRO;412230502A;PR;R. Emílio Von Linzingen;-26,089;-49,8;2025-03-14 20:10:00.0;0,00
RIO NEGRO;412230502A;PR;R. Emílio Von Linzingen;-26,089;-49,8;2025-03-15 11:40:00.0;0,00
RIO NEGRO;412230502A;PR;R. Emílio Von Linzingen;-26,089;-49,8;2025-03-15 12:10:00.0;0,00
RIO NEGRO;412230502A;PR;R. Emílio Von Linzingen;-26,089;-49,8;2025-03-15 13:10:00.0;0,00
RIO NEGRO;412230502A;PR;R. Emílio Von Linzingen;-26,089;-49,8;2025-03-15 14:10:00.0;0,00
RIO NEGRO;412230502A;PR;R. Emílio Von Linzingen;-26,089;-49,8;2025-03-15 15:10:00.0;0,00
RIO NEGRO;412230502A;PR;R. Emílio Von Linzingen;-26,089;-49,8;2025-03-15 16:10:00.0;0,00
RIO NEGRO;412230502A;PR;R. Emílio Von Linzingen;-26,089;-49,8;2025-03-15 17:10:00.0;0,00
RIO NEGRO;412230502A;PR;R. Emílio Von Linzingen;-26,089;-49,8;2025-03-15 18:10:00.0;0,00
RIO NEGRO;412230502A;PR;R. Emílio Von Linzingen;-26,089;-49,8;2025-03-15 19:10:00.0;0,00
RIO NEGRO;412230502A;PR;R. Emílio Von Linzingen;-26,089;-49,8;2025-03-16 11:20:00.0;0,00
RIO NEGRO;412230502A;PR;R. Emílio Von Linzingen;-26,089;-49,8;2025-03-16 12:10:00.0;0,00
RIO NEGRO;412230502A;PR;R. Emílio Von Linzingen;-26,089;-49,8;2025-03-16 13:10:00.0;0,00
RIO NEGRO;412230502A;PR;R. Emílio Von Linzingen;-26,089;-49,8;2025-03-16 14:10:00.0;0,00
RIO NEGRO;412230502A;PR;R. Emílio Von Linzingen;-26,089;-49,8;2025-03-16 15:10:00.0;0,00
RIO NEGRO;412230502A;PR;R. Emílio Von Linzingen;-26,089;-49,8;2025-03-16 16:10:00.0;0,00
RIO NEGRO;412230502A;PR;R. Emílio Von Linzingen;-26,089;-49,8;2025-03-16 17:10:00.0;0,00
RIO NEGRO;412230502A;PR;R. Emílio Von Linzingen;-26,089;-49,8;2025-03-16 18:10:00.0;0,00
RIO NEGRO;412230502A;PR;R. Emílio Von Linzingen;-26,089;-49,8;2025-03-16 19:10:00.0;0,00
RIO NEGRO;412230502A;PR;R. Emílio Von Linzingen;-26,089;-49,8;2025-03-17 11:00:00.0;0,00
RIO NEGRO;412230502A;PR;R. Emílio Von Linzingen;-26,089;-49,8;2025-03-17 11:10:00.0;0,00
RIO NEGRO;412230502A;PR;R. Emílio Von Linzingen;-26,089;-49,8;2025-03-17 12:10:00.0;0,00
RIO NEGRO;412230502A;PR;R. Emílio Von Linzingen;-26,089;-49,8;2025-03-17 13:10:00.0;0,00
RIO NEGRO;412230502A;PR;R. Emílio Von Linzingen;-26,089;-49,8;2025-03-17 14:10:00.0;0,00
RIO NEGRO;412230502A;PR;R. Emílio Von Linzingen;-26,089;-49,8;2025-03-17 15:10:00.0;0,00
RIO NEGRO;412230502A;PR;R. Emílio Von Linzingen;-26,089;-49,8;2025-03-17 16:10:00.0;0,00
RIO NEGRO;412230502A;PR;R. Emílio Von Linzingen;-26,089;-49,8;2025-03-17 17:10:00.0;0,00
RIO NEGRO;412230502A;PR;R. Emílio Von Linzingen;-26,089;-49,8;2025-03-17 18:10:00.0;0,00
RIO NEGRO;412230502A;PR;R. Emílio Von Linzingen;-26,089;-49,8;2025-03-17 19:10:00.0;0,00
RIO NEGRO;412230502A;PR;R. Emílio Von Linzingen;-26,089;-49,8;2025-03-17 20:10:00.0;0,00
RIO NEGRO;412230502A;PR;R. Emílio Von Linzingen;-26,089;-49,8;2025-03-18 11:20:00.0;0,00
RIO NEGRO;412230502A;PR;R. Emílio Von Linzingen;-26,089;-49,8;2025-03-18 12:10:00.0;0,00
RIO NEGRO;412230502A;PR;R. Emílio Von Linzingen;-26,089;-49,8;2025-03-18 13:10:00.0;0,00
RIO NEGRO;412230502A;PR;R. Emílio Von Linzingen;-26,089;-49,8;2025-03-18 14:10:00.0;0,00
RIO NEGRO;412230502A;PR;R. Emílio Von Linzingen;-26,089;-49,8;2025-03-18 15:10:00.0;0,00
RIO NEGRO;412230502A;PR;R. Emílio Von Linzingen;-26,089;-49,8;2025-03-18 18:20:00.0;0,20
RIO NEGRO;412230502A;PR;R. Emílio Von Linzingen;-26,089;-49,8;2025-03-18 19:10:00.0;0,20
RIO NEGRO;412230502A;PR;R. Emílio Von Linzingen;-26,089;-49,8;2025-03-18 20:10:00.0;0,00
RIO NEGRO;412230502A;PR;R. Emílio Von Linzingen;-26,089;-49,8;2025-03-19 10:50:00.0;0,00
RIO NEGRO;412230502A;PR;R. Emílio Von Linzingen;-26,089;-49,8;2025-03-19 11:10:00.0;0,00
RIO NEGRO;412230502A;PR;R. Emílio Von Linzingen;-26,089;-49,8;2025-03-19 12:10:00.0;0,00
RIO NEGRO;412230502A;PR;R. Emílio Von Linzingen;-26,089;-49,8;2025-03-19 13:10:00.0;0,00
RIO NEGRO;412230502A;PR;R. Emílio Von Linzingen;-26,089;-49,8;2025-03-19 14:10:00.0;0,00
RIO NEGRO;412230502A;PR;R. Emílio Von Linzingen;-26,089;-49,8;2025-03-19 15:10:00.0;0,00
RIO NEGRO;412230502A;PR;R. Emílio Von Linzingen;-26,089;-49,8;2025-03-19 16:10:00.0;0,00
RIO NEGRO;412230502A;PR;R. Emílio Von Linzingen;-26,089;-49,8;2025-03-19 17:10:00.0;0,00
RIO NEGRO;412230502A;PR;R. Emílio Von Linzingen;-26,089;-49,8;2025-03-19 18:10:00.0;0,00
RIO NEGRO;412230502A;PR;R. Emílio Von Linzingen;-26,089;-49,8;2025-03-19 19:10:00.0;0,00
RIO NEGRO;412230502A;PR;R. Emílio Von Linzingen;-26,089;-49,8;2025-03-19 20:10:00.0;0,00
RIO NEGRO;412230502A;PR;R. Emílio Von Linzingen;-26,089;-49,8;2025-03-20 10:40:00.0;0,00
RIO NEGRO;412230502A;PR;R. Emílio Von Linzingen;-26,089;-49,8;2025-03-20 11:10:00.0;0,00
RIO NEGRO;412230502A;PR;R. Emílio Von Linzingen;-26,089;-49,8;2025-03-20 12:10:00.0;0,00
RIO NEGRO;412230502A;PR;R. Emílio Von Linzingen;-26,089;-49,8;2025-03-20 13:10:00.0;0,00
RIO NEGRO;412230502A;PR;R. Emílio Von Linzingen;-26,089;-49,8;2025-03-20 14:10:00.0;0,00
RIO NEGRO;412230502A;PR;R. Emílio Von Linzingen;-26,089;-49,8;2025-03-20 15:10:00.0;0,00
RIO NEGRO;412230502A;PR;R. Emílio Von Linzingen;-26,089;-49,8;2025-03-20 16:10:00.0;0,00
RIO NEGRO;412230502A;PR;R. Emílio Von Linzingen;-26,089;-49,8;2025-03-20 17:10:00.0;0,00
RIO NEGRO;412230502A;PR;R. Emílio Von Linzingen;-26,089;-49,8;2025-03-20 18:10:00.0;0,00
RIO NEGRO;412230502A;PR;R. Emílio Von Linzingen;-26,089;-49,8;2025-03-20 19:10:00.0;0,00
RIO NEGRO;412230502A;PR;R. Emílio Von Linzingen;-26,089;-49,8;2025-03-20 20:10:00.0;0,00
RIO NEGRO;412230502A;PR;R. Emílio Von Linzingen;-26,089;-49,8;2025-03-21 10:30:00.0;0,00
RIO NEGRO;412230502A;PR;R. Emílio Von Linzingen;-26,089;-49,8;2025-03-21 11:10:00.0;0,00
RIO NEGRO;412230502A;PR;R. Emílio Von Linzingen;-26,089;-49,8;2025-03-21 12:10:00.0;0,00
RIO NEGRO;412230502A;PR;R. Emílio Von Linzingen;-26,089;-49,8;2025-03-21 13:10:00.0;0,00
RIO NEGRO;412230502A;PR;R. Emílio Von Linzingen;-26,089;-49,8;2025-03-21 14:10:00.0;0,00
RIO NEGRO;412230502A;PR;R. Emílio Von Linzingen;-26,089;-49,8;2025-03-21 15:10:00.0;0,00
RIO NEGRO;412230502A;PR;R. Emílio Von Linzingen;-26,089;-49,8;2025-03-21 16:10:00.0;0,00
RIO NEGRO;412230502A;PR;R. Emílio Von Linzingen;-26,089;-49,8;2025-03-21 17:10:00.0;0,00
RIO NEGRO;412230502A;PR;R. Emílio Von Linzingen;-26,089;-49,8;2025-03-21 18:10:00.0;0,00
RIO NEGRO;412230502A;PR;R. Emílio Von Linzingen;-26,089;-49,8;2025-03-21 19:10:00.0;0,00
RIO NEGRO;412230502A;PR;R. Emílio Von Linzingen;-26,089;-49,8;2025-03-21 20:10:00.0;0,00
RIO NEGRO;412230502A;PR;R. Emílio Von Linzingen;-26,089;-49,8;2025-03-22 11:30:00.0;0,00
RIO NEGRO;412230502A;PR;R. Emílio Von Linzingen;-26,089;-49,8;2025-03-22 12:10:00.0;0,00
RIO NEGRO;412230502A;PR;R. Emílio Von Linzingen;-26,089;-49,8;2025-03-22 13:10:00.0;0,00
RIO NEGRO;412230502A;PR;R. Emílio Von Linzingen;-26,089;-49,8;2025-03-22 14:10:00.0;0,00
RIO NEGRO;412230502A;PR;R. Emílio Von Linzingen;-26,089;-49,8;2025-03-22 15:10:00.0;0,00
RIO NEGRO;412230502A;PR;R. Emílio Von Linzingen;-26,089;-49,8;2025-03-22 16:10:00.0;0,00
RIO NEGRO;412230502A;PR;R. Emílio Von Linzingen;-26,089;-49,8;2025-03-22 17:10:00.0;0,00
RIO NEGRO;412230502A;PR;R. Emílio Von Linzingen;-26,089;-49,8;2025-03-22 18:10:00.0;0,00
RIO NEGRO;412230502A;PR;R. Emílio Von Linzingen;-26,089;-49,8;2025-03-22 19:10:00.0;0,00
RIO NEGRO;412230502A;PR;R. Emílio Von Linzingen;-26,089;-49,8;2025-03-22 20:10:00.0;0,00
RIO NEGRO;412230502A;PR;R. Emílio Von Linzingen;-26,089;-49,8;2025-03-23 10:20:00.0;0,00
RIO NEGRO;412230502A;PR;R. Emílio Von Linzingen;-26,089;-49,8;2025-03-23 11:10:00.0;0,00
RIO NEGRO;412230502A;PR;R. Emílio Von Linzingen;-26,089;-49,8;2025-03-23 12:10:00.0;0,00
RIO NEGRO;412230502A;PR;R. Emílio Von Linzingen;-26,089;-49,8;2025-03-23 13:10:00.0;0,00
RIO NEGRO;412230502A;PR;R. Emílio Von Linzingen;-26,089;-49,8;2025-03-23 14:10:00.0;0,00
RIO NEGRO;412230502A;PR;R. Emílio Von Linzingen;-26,089;-49,8;2025-03-23 15:10:00.0;0,00
RIO NEGRO;412230502A;PR;R. Emílio Von Linzingen;-26,089;-49,8;2025-03-23 16:10:00.0;0,00
RIO NEGRO;412230502A;PR;R. Emílio Von Linzingen;-26,089;-49,8;2025-03-23 17:10:00.0;0,00
RIO NEGRO;412230502A;PR;R. Emílio Von Linzingen;-26,089;-49,8;2025-03-23 17:20:00.0;0,79
RIO NEGRO;412230502A;PR;R. Emílio Von Linzingen;-26,089;-49,8;2025-03-23 17:30:00.0;0,20
RIO NEGRO;412230502A;PR;R. Emílio Von Linzingen;-26,089;-49,8;2025-03-23 17:50:00.0;0,20
RIO NEGRO;412230502A;PR;R. Emílio Von Linzingen;-26,089;-49,8;2025-03-23 18:00:00.0;4,39
RIO NEGRO;412230502A;PR;R. Emílio Von Linzingen;-26,089;-49,8;2025-03-23 18:10:00.0;0,98
RIO NEGRO;412230502A;PR;R. Emílio Von Linzingen;-26,089;-49,8;2025-03-23 18:20:00.0;0,59
RIO NEGRO;412230502A;PR;R. Emílio Von Linzingen;-26,089;-49,8;2025-03-23 19:10:00.0;0,00
RIO NEGRO;412230502A;PR;R. Emílio Von Linzingen;-26,089;-49,8;2025-03-24 10:50:00.0;0,00
RIO NEGRO;412230502A;PR;R. Emílio Von Linzingen;-26,089;-49,8;2025-03-24 11:10:00.0;0,00
RIO NEGRO;412230502A;PR;R. Emílio Von Linzingen;-26,089;-49,8;2025-03-24 12:10:00.0;0,00
RIO NEGRO;412230502A;PR;R. Emílio Von Linzingen;-26,089;-49,8;2025-03-24 13:10:00.0;0,00
RIO NEGRO;412230502A;PR;R. Emílio Von Linzingen;-26,089;-49,8;2025-03-24 14:10:00.0;0,00
RIO NEGRO;412230502A;PR;R. Emílio Von Linzingen;-26,089;-49,8;2025-03-24 15:10:00.0;0,00
RIO NEGRO;412230502A;PR;R. Emílio Von Linzingen;-26,089;-49,8;2025-03-24 16:10:00.0;0,00
RIO NEGRO;412230502A;PR;R. Emílio Von Linzingen;-26,089;-49,8;2025-03-24 17:10:00.0;0,00
RIO NEGRO;412230502A;PR;R. Emílio Von Linzingen;-26,089;-49,8;2025-03-24 18:10:00.0;0,00
RIO NEGRO;412230502A;PR;R. Emílio Von Linzingen;-26,089;-49,8;2025-03-24 19:10:00.0;0,00
RIO NEGRO;412230502A;PR;R. Emílio Von Linzingen;-26,089;-49,8;2025-03-24 20:10:00.0;0,00
RIO NEGRO;412230502A;PR;R. Emílio Von Linzingen;-26,089;-49,8;2025-03-25 10:30:00.0;0,00
RIO NEGRO;412230502A;PR;R. Emílio Von Linzingen;-26,089;-49,8;2025-03-25 11:10:00.0;0,00
RIO NEGRO;412230502A;PR;R. Emílio Von Linzingen;-26,089;-49,8;2025-03-25 12:10:00.0;0,00
RIO NEGRO;412230502A;PR;R. Emílio Von Linzingen;-26,089;-49,8;2025-03-25 13:10:00.0;0,00
RIO NEGRO;412230502A;PR;R. Emílio Von Linzingen;-26,089;-49,8;2025-03-25 14:10:00.0;0,00
RIO NEGRO;412230502A;PR;R. Emílio Von Linzingen;-26,089;-49,8;2025-03-25 16:00:00.0;0,00
RIO NEGRO;412230502A;PR;R. Emílio Von Linzingen;-26,089;-49,8;2025-03-25 16:10:00.0;0,00
RIO NEGRO;412230502A;PR;R. Emílio Von Linzingen;-26,089;-49,8;2025-03-25 17:10:00.0;0,00
RIO NEGRO;412230502A;PR;R. Emílio Von Linzingen;-26,089;-49,8;2025-03-25 18:10:00.0;0,00
RIO NEGRO;412230502A;PR;R. Emílio Von Linzingen;-26,089;-49,8;2025-03-25 19:10:00.0;0,00
RIO NEGRO;412230502A;PR;R. Emílio Von Linzingen;-26,089;-49,8;2025-03-26 11:00:00.0;0,00
RIO NEGRO;412230502A;PR;R. Emílio Von Linzingen;-26,089;-49,8;2025-03-26 11:10:00.0;0,00
RIO NEGRO;412230502A;PR;R. Emílio Von Linzingen;-26,089;-49,8;2025-03-26 12:10:00.0;0,00
RIO NEGRO;412230502A;PR;R. Emílio Von Linzingen;-26,089;-49,8;2025-03-26 13:10:00.0;0,00
RIO NEGRO;412230502A;PR;R. Emílio Von Linzingen;-26,089;-49,8;2025-03-26 14:10:00.0;0,00
RIO NEGRO;412230502A;PR;R. Emílio Von Linzingen;-26,089;-49,8;2025-03-26 15:10:00.0;0,00
RIO NEGRO;412230502A;PR;R. Emílio Von Linzingen;-26,089;-49,8;2025-03-26 16:10:00.0;0,00
RIO NEGRO;412230502A;PR;R. Emílio Von Linzingen;-26,089;-49,8;2025-03-26 17:10:00.0;0,00
RIO NEGRO;412230502A;PR;R. Emílio Von Linzingen;-26,089;-49,8;2025-03-26 18:10:00.0;0,00
RIO NEGRO;412230502A;PR;R. Emílio Von Linzingen;-26,089;-49,8;2025-03-26 19:10:00.0;0,00
RIO NEGRO;412230502A;PR;R. Emílio Von Linzingen;-26,089;-49,8;2025-03-26 20:10:00.0;0,00
RIO NEGRO;412230502A;PR;R. Emílio Von Linzingen;-26,089;-49,8;2025-03-27 10:40:00.0;0,00
RIO NEGRO;412230502A;PR;R. Emílio Von Linzingen;-26,089;-49,8;2025-03-27 12:10:00.0;0,00
RIO NEGRO;412230502A;PR;R. Emílio Von Linzingen;-26,089;-49,8;2025-03-27 13:10:00.0;0,00
RIO NEGRO;412230502A;PR;R. Emílio Von Linzingen;-26,089;-49,8;2025-03-27 14:10:00.0;0,00
RIO NEGRO;412230502A;PR;R. Emílio Von Linzingen;-26,089;-49,8;2025-03-27 15:10:00.0;0,00
RIO NEGRO;412230502A;PR;R. Emílio Von Linzingen;-26,089;-49,8;2025-03-27 16:10:00.0;0,00
RIO NEGRO;412230502A;PR;R. Emílio Von Linzingen;-26,089;-49,8;2025-03-27 17:10:00.0;0,00
RIO NEGRO;412230502A;PR;R. Emílio Von Linzingen;-26,089;-49,8;2025-03-27 18:10:00.0;0,00
RIO NEGRO;412230502A;PR;R. Emílio Von Linzingen;-26,089;-49,8;2025-03-27 19:10:00.0;0,00
RIO NEGRO;412230502A;PR;R. Emílio Von Linzingen;-26,089;-49,8;2025-03-27 20:10:00.0;0,00
RIO NEGRO;412230502A;PR;R. Emílio Von Linzingen;-26,089;-49,8;2025-03-28 10:40:00.0;0,00
RIO NEGRO;412230502A;PR;R. Emílio Von Linzingen;-26,089;-49,8;2025-03-28 11:10:00.0;0,00
RIO NEGRO;412230502A;PR;R. Emílio Von Linzingen;-26,089;-49,8;2025-03-28 12:10:00.0;0,00
RIO NEGRO;412230502A;PR;R. Emílio Von Linzingen;-26,089;-49,8;2025-03-28 13:10:00.0;0,00
RIO NEGRO;412230502A;PR;R. Emílio Von Linzingen;-26,089;-49,8;2025-03-28 14:10:00.0;0,00
RIO NEGRO;412230502A;PR;R. Emílio Von Linzingen;-26,089;-49,8;2025-03-28 15:10:00.0;0,00
RIO NEGRO;412230502A;PR;R. Emílio Von Linzingen;-26,089;-49,8;2025-03-28 16:10:00.0;0,00
RIO NEGRO;412230502A;PR;R. Emílio Von Linzingen;-26,089;-49,8;2025-03-28 17:10:00.0;0,00
RIO NEGRO;412230502A;PR;R. Emílio Von Linzingen;-26,089;-49,8;2025-03-28 18:10:00.0;0,00
RIO NEGRO;412230502A;PR;R. Emílio Von Linzingen;-26,089;-49,8;2025-03-28 19:10:00.0;0,00
RIO NEGRO;412230502A;PR;R. Emílio Von Linzingen;-26,089;-49,8;2025-03-28 20:10:00.0;0,00
RIO NEGRO;412230502A;PR;R. Emílio Von Linzingen;-26,089;-49,8;2025-03-29 11:00:00.0;0,00
RIO NEGRO;412230502A;PR;R. Emílio Von Linzingen;-26,089;-49,8;2025-03-29 11:10:00.0;0,00
RIO NEGRO;412230502A;PR;R. Emílio Von Linzingen;-26,089;-49,8;2025-03-29 12:10:00.0;0,00
RIO NEGRO;412230502A;PR;R. Emílio Von Linzingen;-26,089;-49,8;2025-03-29 13:10:00.0;0,00
RIO NEGRO;412230502A;PR;R. Emílio Von Linzingen;-26,089;-49,8;2025-03-29 14:10:00.0;0,00
RIO NEGRO;412230502A;PR;R. Emílio Von Linzingen;-26,089;-49,8;2025-03-29 15:10:00.0;0,00
RIO NEGRO;412230502A;PR;R. Emílio Von Linzingen;-26,089;-49,8;2025-03-29 16:10:00.0;0,00
RIO NEGRO;412230502A;PR;R. Emílio Von Linzingen;-26,089;-49,8;2025-03-29 17:10:00.0;0,00
RIO NEGRO;412230502A;PR;R. Emílio Von Linzingen;-26,089;-49,8;2025-03-29 18:10:00.0;0,00
RIO NEGRO;412230502A;PR;R. Emílio Von Linzingen;-26,089;-49,8;2025-03-29 19:10:00.0;0,00
RIO NEGRO;412230502A;PR;R. Emílio Von Linzingen;-26,089;-49,8;2025-03-29 20:10:00.0;0,00
RIO NEGRO;412230502A;PR;R. Emílio Von Linzingen;-26,089;-49,8;2025-03-30 10:50:00.0;0,00
RIO NEGRO;412230502A;PR;R. Emílio Von Linzingen;-26,089;-49,8;2025-03-30 11:10:00.0;0,00
RIO NEGRO;412230502A;PR;R. Emílio Von Linzingen;-26,089;-49,8;2025-03-30 12:10:00.0;0,00
RIO NEGRO;412230502A;PR;R. Emílio Von Linzingen;-26,089;-49,8;2025-03-30 13:10:00.0;0,00
RIO NEGRO;412230502A;PR;R. Emílio Von Linzingen;-26,089;-49,8;2025-03-30 14:10:00.0;0,00
RIO NEGRO;412230502A;PR;R. Emílio Von Linzingen;-26,089;-49,8;2025-03-30 15:10:00.0;0,00
RIO NEGRO;412230502A;PR;R. Emílio Von Linzingen;-26,089;-49,8;2025-03-30 16:10:00.0;0,00
RIO NEGRO;412230502A;PR;R. Emílio Von Linzingen;-26,089;-49,8;2025-03-30 17:10:00.0;0,00
RIO NEGRO;412230502A;PR;R. Emílio Von Linzingen;-26,089;-49,8;2025-03-30 18:10:00.0;0,00
RIO NEGRO;412230502A;PR;R. Emílio Von Linzingen;-26,089;-49,8;2025-03-30 19:10:00.0;0,00
RIO NEGRO;412230502A;PR;R. Emílio Von Linzingen;-26,089;-49,8;2025-03-30 20:10:00.0;0,00
RIO NEGRO;412230502A;PR;R. Emílio Von Linzingen;-26,089;-49,8;2025-03-31 11:00:00.0;0,00
RIO NEGRO;412230502A;PR;R. Emílio Von Linzingen;-26,089;-49,8;2025-03-31 11:10:00.0;0,00
RIO NEGRO;412230502A;PR;R. Emílio Von Linzingen;-26,089;-49,8;2025-03-31 12:10:00.0;0,00
RIO NEGRO;412230502A;PR;R. Emílio Von Linzingen;-26,089;-49,8;2025-03-31 13:10:00.0;0,00
RIO NEGRO;412230502A;PR;R. Emílio Von Linzingen;-26,089;-49,8;2025-03-31 14:10:00.0;0,00
RIO NEGRO;412230502A;PR;R. Emílio Von Linzingen;-26,089;-49,8;2025-03-31 15:10:00.0;0,00
RIO NEGRO;412230502A;PR;R. Emílio Von Linzingen;-26,089;-49,8;2025-03-31 16:10:00.0;0,00
RIO NEGRO;412230502A;PR;R. Emílio Von Linzingen;-26,089;-49,8;2025-03-31 17:10:00.0;0,00
RIO NEGRO;412230502A;PR;R. Emílio Von Linzingen;-26,089;-49,8;2025-03-31 18:10:00.0;0,00
RIO NEGRO;412230502A;PR;R. Emílio Von Linzingen;-26,089;-49,8;2025-03-31 19:10:00.0;0,00
RIO NEGRO;412230502A;PR;R. Emílio Von Linzingen;-26,089;-49,8;2025-03-31 20:10:00.0;0,00
SÃO JOSÉ DOS PINHAIS;412550602A;PR;Quississana;-25,548;-49,156;2025-03-01 00:50:00.0;0,00
SÃO JOSÉ DOS PINHAIS;412550602A;PR;Quississana;-25,548;-49,156;2025-03-01 01:50:00.0;0,00
SÃO JOSÉ DOS PINHAIS;412550602A;PR;Quississana;-25,548;-49,156;2025-03-01 02:50:00.0;0,00
SÃO JOSÉ DOS PINHAIS;412550602A;PR;Quississana;-25,548;-49,156;2025-03-01 03:50:00.0;0,00
SÃO JOSÉ DOS PINHAIS;412550602A;PR;Quississana;-25,548;-49,156;2025-03-01 04:50:00.0;0,00
SÃO JOSÉ DOS PINHAIS;412550602A;PR;Quississana;-25,548;-49,156;2025-03-01 05:50:00.0;0,00
SÃO JOSÉ DOS PINHAIS;412550602A;PR;Quississana;-25,548;-49,156;2025-03-01 06:50:00.0;0,20
SÃO JOSÉ DOS PINHAIS;412550602A;PR;Quississana;-25,548;-49,156;2025-03-01 07:50:00.0;0,00
SÃO JOSÉ DOS PINHAIS;412550602A;PR;Quississana;-25,548;-49,156;2025-03-01 08:50:00.0;0,00
SÃO JOSÉ DOS PINHAIS;412550602A;PR;Quississana;-25,548;-49,156;2025-03-01 09:50:00.0;0,00
SÃO JOSÉ DOS PINHAIS;412550602A;PR;Quississana;-25,548;-49,156;2025-03-01 10:50:00.0;0,00
SÃO JOSÉ DOS PINHAIS;412550602A;PR;Quississana;-25,548;-49,156;2025-03-01 11:50:00.0;0,00
SÃO JOSÉ DOS PINHAIS;412550602A;PR;Quississana;-25,548;-49,156;2025-03-01 12:50:00.0;0,00
SÃO JOSÉ DOS PINHAIS;412550602A;PR;Quississana;-25,548;-49,156;2025-03-01 13:50:00.0;0,00
SÃO JOSÉ DOS PINHAIS;412550602A;PR;Quississana;-25,548;-49,156;2025-03-01 14:50:00.0;0,00
SÃO JOSÉ DOS PINHAIS;412550602A;PR;Quississana;-25,548;-49,156;2025-03-01 15:50:00.0;0,00
SÃO JOSÉ DOS PINHAIS;412550602A;PR;Quississana;-25,548;-49,156;2025-03-01 16:50:00.0;0,00
SÃO JOSÉ DOS PINHAIS;412550602A;PR;Quississana;-25,548;-49,156;2025-03-01 17:50:00.0;0,00
SÃO JOSÉ DOS PINHAIS;412550602A;PR;Quississana;-25,548;-49,156;2025-03-01 18:50:00.0;0,00
SÃO JOSÉ DOS PINHAIS;412550602A;PR;Quississana;-25,548;-49,156;2025-03-01 19:50:00.0;0,00
SÃO JOSÉ DOS PINHAIS;412550602A;PR;Quississana;-25,548;-49,156;2025-03-01 20:50:00.0;0,00
SÃO JOSÉ DOS PINHAIS;412550602A;PR;Quississana;-25,548;-49,156;2025-03-01 21:50:00.0;0,00
SÃO JOSÉ DOS PINHAIS;412550602A;PR;Quississana;-25,548;-49,156;2025-03-01 22:50:00.0;0,00
SÃO JOSÉ DOS PINHAIS;412550602A;PR;Quississana;-25,548;-49,156;2025-03-01 23:50:00.0;0,00
SÃO JOSÉ DOS PINHAIS;412550602A;PR;Quississana;-25,548;-49,156;2025-03-02 00:50:00.0;0,00
SÃO JOSÉ DOS PINHAIS;412550602A;PR;Quississana;-25,548;-49,156;2025-03-02 01:50:00.0;0,00
SÃO JOSÉ DOS PINHAIS;412550602A;PR;Quississana;-25,548;-49,156;2025-03-02 02:50:00.0;0,00
SÃO JOSÉ DOS PINHAIS;412550602A;PR;Quississana;-25,548;-49,156;2025-03-02 03:50:00.0;0,00
SÃO JOSÉ DOS PINHAIS;412550602A;PR;Quississana;-25,548;-49,156;2025-03-02 04:50:00.0;0,00
SÃO JOSÉ DOS PINHAIS;412550602A;PR;Quississana;-25,548;-49,156;2025-03-02 05:50:00.0;0,00
SÃO JOSÉ DOS PINHAIS;412550602A;PR;Quississana;-25,548;-49,156;2025-03-02 06:50:00.0;0,00
SÃO JOSÉ DOS PINHAIS;412550602A;PR;Quississana;-25,548;-49,156;2025-03-02 07:50:00.0;0,00
SÃO JOSÉ DOS PINHAIS;412550602A;PR;Quississana;-25,548;-49,156;2025-03-02 08:30:00.0;0,20
SÃO JOSÉ DOS PINHAIS;412550602A;PR;Quississana;-25,548;-49,156;2025-03-02 08:50:00.0;0,00
SÃO JOSÉ DOS PINHAIS;412550602A;PR;Quississana;-25,548;-49,156;2025-03-02 09:50:00.0;0,00
SÃO JOSÉ DOS PINHAIS;412550602A;PR;Quississana;-25,548;-49,156;2025-03-02 10:50:00.0;0,00
SÃO JOSÉ DOS PINHAIS;412550602A;PR;Quississana;-25,548;-49,156;2025-03-02 11:50:00.0;0,00
SÃO JOSÉ DOS PINHAIS;412550602A;PR;Quississana;-25,548;-49,156;2025-03-02 12:50:00.0;0,00
SÃO JOSÉ DOS PINHAIS;412550602A;PR;Quississana;-25,548;-49,156;2025-03-02 13:50:00.0;0,00
SÃO JOSÉ DOS PINHAIS;412550602A;PR;Quississana;-25,548;-49,156;2025-03-02 14:50:00.0;0,00
SÃO JOSÉ DOS PINHAIS;412550602A;PR;Quississana;-25,548;-49,156;2025-03-02 15:50:00.0;0,00
SÃO JOSÉ DOS PINHAIS;412550602A;PR;Quississana;-25,548;-49,156;2025-03-02 16:50:00.0;0,00
SÃO JOSÉ DOS PINHAIS;412550602A;PR;Quississana;-25,548;-49,156;2025-03-02 17:50:00.0;0,00
SÃO JOSÉ DOS PINHAIS;412550602A;PR;Quississana;-25,548;-49,156;2025-03-02 18:50:00.0;0,00
SÃO JOSÉ DOS PINHAIS;412550602A;PR;Quississana;-25,548;-49,156;2025-03-02 19:50:00.0;0,00
SÃO JOSÉ DOS PINHAIS;412550602A;PR;Quississana;-25,548;-49,156;2025-03-02 20:50:00.0;0,00
SÃO JOSÉ DOS PINHAIS;412550602A;PR;Quississana;-25,548;-49,156;2025-03-02 21:50:00.0;0,00
SÃO JOSÉ DOS PINHAIS;412550602A;PR;Quississana;-25,548;-49,156;2025-03-02 22:50:00.0;0,00
SÃO JOSÉ DOS PINHAIS;412550602A;PR;Quississana;-25,548;-49,156;2025-03-02 23:50:00.0;0,00
SÃO JOSÉ DOS PINHAIS;412550602A;PR;Quississana;-25,548;-49,156;2025-03-03 00:50:00.0;0,00
SÃO JOSÉ DOS PINHAIS;412550602A;PR;Quississana;-25,548;-49,156;2025-03-03 01:50:00.0;0,00
SÃO JOSÉ DOS PINHAIS;412550602A;PR;Quississana;-25,548;-49,156;2025-03-03 02:50:00.0;0,00
SÃO JOSÉ DOS PINHAIS;412550602A;PR;Quississana;-25,548;-49,156;2025-03-03 03:50:00.0;0,00
SÃO JOSÉ DOS PINHAIS;412550602A;PR;Quississana;-25,548;-49,156;2025-03-03 04:50:00.0;0,00
SÃO JOSÉ DOS PINHAIS;412550602A;PR;Quississana;-25,548;-49,156;2025-03-03 05:50:00.0;0,00
SÃO JOSÉ DOS PINHAIS;412550602A;PR;Quississana;-25,548;-49,156;2025-03-03 06:50:00.0;0,00
SÃO JOSÉ DOS PINHAIS;412550602A;PR;Quississana;-25,548;-49,156;2025-03-03 07:50:00.0;0,00
SÃO JOSÉ DOS PINHAIS;412550602A;PR;Quississana;-25,548;-49,156;2025-03-03 08:30:00.0;0,20
SÃO JOSÉ DOS PINHAIS;412550602A;PR;Quississana;-25,548;-49,156;2025-03-03 08:50:00.0;0,00
SÃO JOSÉ DOS PINHAIS;412550602A;PR;Quississana;-25,548;-49,156;2025-03-03 09:50:00.0;0,00
SÃO JOSÉ DOS PINHAIS;412550602A;PR;Quississana;-25,548;-49,156;2025-03-03 10:50:00.0;0,00
SÃO JOSÉ DOS PINHAIS;412550602A;PR;Quississana;-25,548;-49,156;2025-03-03 11:50:00.0;0,00
SÃO JOSÉ DOS PINHAIS;412550602A;PR;Quississana;-25,548;-49,156;2025-03-03 12:50:00.0;0,00
SÃO JOSÉ DOS PINHAIS;412550602A;PR;Quississana;-25,548;-49,156;2025-03-03 13:50:00.0;0,00
SÃO JOSÉ DOS PINHAIS;412550602A;PR;Quississana;-25,548;-49,156;2025-03-03 14:50:00.0;0,00
SÃO JOSÉ DOS PINHAIS;412550602A;PR;Quississana;-25,548;-49,156;2025-03-03 15:50:00.0;0,00
SÃO JOSÉ DOS PINHAIS;412550602A;PR;Quississana;-25,548;-49,156;2025-03-03 16:50:00.0;0,00
SÃO JOSÉ DOS PINHAIS;412550602A;PR;Quississana;-25,548;-49,156;2025-03-03 17:50:00.0;0,00
SÃO JOSÉ DOS PINHAIS;412550602A;PR;Quississana;-25,548;-49,156;2025-03-03 18:50:00.0;0,00
SÃO JOSÉ DOS PINHAIS;412550602A;PR;Quississana;-25,548;-49,156;2025-03-03 19:50:00.0;0,00
SÃO JOSÉ DOS PINHAIS;412550602A;PR;Quississana;-25,548;-49,156;2025-03-03 20:50:00.0;0,00
SÃO JOSÉ DOS PINHAIS;412550602A;PR;Quississana;-25,548;-49,156;2025-03-03 21:50:00.0;0,00
SÃO JOSÉ DOS PINHAIS;412550602A;PR;Quississana;-25,548;-49,156;2025-03-03 22:50:00.0;0,00
SÃO JOSÉ DOS PINHAIS;412550602A;PR;Quississana;-25,548;-49,156;2025-03-03 23:50:00.0;0,00
SÃO JOSÉ DOS PINHAIS;412550602A;PR;Quississana;-25,548;-49,156;2025-03-04 00:50:00.0;0,00
SÃO JOSÉ DOS PINHAIS;412550602A;PR;Quississana;-25,548;-49,156;2025-03-04 01:50:00.0;0,00
SÃO JOSÉ DOS PINHAIS;412550602A;PR;Quississana;-25,548;-49,156;2025-03-04 02:50:00.0;0,00
SÃO JOSÉ DOS PINHAIS;412550602A;PR;Quississana;-25,548;-49,156;2025-03-04 03:50:00.0;0,00
SÃO JOSÉ DOS PINHAIS;412550602A;PR;Quississana;-25,548;-49,156;2025-03-04 04:50:00.0;0,00
SÃO JOSÉ DOS PINHAIS;412550602A;PR;Quississana;-25,548;-49,156;2025-03-04 05:50:00.0;0,00
SÃO JOSÉ DOS PINHAIS;412550602A;PR;Quississana;-25,548;-49,156;2025-03-04 06:50:00.0;0,00
SÃO JOSÉ DOS PINHAIS;412550602A;PR;Quississana;-25,548;-49,156;2025-03-04 07:50:00.0;0,00
SÃO JOSÉ DOS PINHAIS;412550602A;PR;Quississana;-25,548;-49,156;2025-03-04 08:50:00.0;0,00
SÃO JOSÉ DOS PINHAIS;412550602A;PR;Quississana;-25,548;-49,156;2025-03-04 09:50:00.0;0,00
SÃO JOSÉ DOS PINHAIS;412550602A;PR;Quississana;-25,548;-49,156;2025-03-04 10:50:00.0;0,00
SÃO JOSÉ DOS PINHAIS;412550602A;PR;Quississana;-25,548;-49,156;2025-03-04 11:50:00.0;0,00
SÃO JOSÉ DOS PINHAIS;412550602A;PR;Quississana;-25,548;-49,156;2025-03-04 12:50:00.0;0,00
SÃO JOSÉ DOS PINHAIS;412550602A;PR;Quississana;-25,548;-49,156;2025-03-04 13:50:00.0;0,00
SÃO JOSÉ DOS PINHAIS;412550602A;PR;Quississana;-25,548;-49,156;2025-03-04 14:50:00.0;0,00
SÃO JOSÉ DOS PINHAIS;412550602A;PR;Quississana;-25,548;-49,156;2025-03-04 15:50:00.0;0,00
SÃO JOSÉ DOS PINHAIS;412550602A;PR;Quississana;-25,548;-49,156;2025-03-04 16:50:00.0;0,00
SÃO JOSÉ DOS PINHAIS;412550602A;PR;Quississana;-25,548;-49,156;2025-03-04 17:50:00.0;0,00
SÃO JOSÉ DOS PINHAIS;412550602A;PR;Quississana;-25,548;-49,156;2025-03-04 18:50:00.0;0,00
SÃO JOSÉ DOS PINHAIS;412550602A;PR;Quississana;-25,548;-49,156;2025-03-04 19:50:00.0;0,00
SÃO JOSÉ DOS PINHAIS;412550602A;PR;Quississana;-25,548;-49,156;2025-03-04 20:50:00.0;0,00
SÃO JOSÉ DOS PINHAIS;412550602A;PR;Quississana;-25,548;-49,156;2025-03-04 21:50:00.0;0,00
SÃO JOSÉ DOS PINHAIS;412550602A;PR;Quississana;-25,548;-49,156;2025-03-04 22:50:00.0;0,00
SÃO JOSÉ DOS PINHAIS;412550602A;PR;Quississana;-25,548;-49,156;2025-03-04 23:50:00.0;0,00
SÃO JOSÉ DOS PINHAIS;412550602A;PR;Quississana;-25,548;-49,156;2025-03-05 00:50:00.0;0,00
SÃO JOSÉ DOS PINHAIS;412550602A;PR;Quississana;-25,548;-49,156;2025-03-05 01:50:00.0;0,00
SÃO JOSÉ DOS PINHAIS;412550602A;PR;Quississana;-25,548;-49,156;2025-03-05 02:50:00.0;0,00
SÃO JOSÉ DOS PINHAIS;412550602A;PR;Quississana;-25,548;-49,156;2025-03-05 03:50:00.0;0,00
SÃO JOSÉ DOS PINHAIS;412550602A;PR;Quississana;-25,548;-49,156;2025-03-05 04:50:00.0;0,00
SÃO JOSÉ DOS PINHAIS;412550602A;PR;Quississana;-25,548;-49,156;2025-03-05 05:50:00.0;0,00
SÃO JOSÉ DOS PINHAIS;412550602A;PR;Quississana;-25,548;-49,156;2025-03-05 06:50:00.0;0,00
SÃO JOSÉ DOS PINHAIS;412550602A;PR;Quississana;-25,548;-49,156;2025-03-05 07:50:00.0;0,00
SÃO JOSÉ DOS PINHAIS;412550602A;PR;Quississana;-25,548;-49,156;2025-03-05 08:50:00.0;0,00
SÃO JOSÉ DOS PINHAIS;412550602A;PR;Quississana;-25,548;-49,156;2025-03-05 09:50:00.0;0,00
SÃO JOSÉ DOS PINHAIS;412550602A;PR;Quississana;-25,548;-49,156;2025-03-05 10:50:00.0;0,00
SÃO JOSÉ DOS PINHAIS;412550602A;PR;Quississana;-25,548;-49,156;2025-03-05 11:50:00.0;0,00
SÃO JOSÉ DOS PINHAIS;412550602A;PR;Quississana;-25,548;-49,156;2025-03-05 12:50:00.0;0,00
SÃO JOSÉ DOS PINHAIS;412550602A;PR;Quississana;-25,548;-49,156;2025-03-05 13:50:00.0;0,00
SÃO JOSÉ DOS PINHAIS;412550602A;PR;Quississana;-25,548;-49,156;2025-03-05 14:50:00.0;0,00
SÃO JOSÉ DOS PINHAIS;412550602A;PR;Quississana;-25,548;-49,156;2025-03-05 15:50:00.0;0,00
SÃO JOSÉ DOS PINHAIS;412550602A;PR;Quississana;-25,548;-49,156;2025-03-05 16:50:00.0;0,00
SÃO JOSÉ DOS PINHAIS;412550602A;PR;Quississana;-25,548;-49,156;2025-03-05 17:50:00.0;0,00
SÃO JOSÉ DOS PINHAIS;412550602A;PR;Quississana;-25,548;-49,156;2025-03-05 18:50:00.0;0,00
SÃO JOSÉ DOS PINHAIS;412550602A;PR;Quississana;-25,548;-49,156;2025-03-05 19:50:00.0;0,00
SÃO JOSÉ DOS PINHAIS;412550602A;PR;Quississana;-25,548;-49,156;2025-03-05 20:50:00.0;0,00
SÃO JOSÉ DOS PINHAIS;412550602A;PR;Quississana;-25,548;-49,156;2025-03-05 21:50:00.0;0,00
SÃO JOSÉ DOS PINHAIS;412550602A;PR;Quississana;-25,548;-49,156;2025-03-05 22:50:00.0;0,00
SÃO JOSÉ DOS PINHAIS;412550602A;PR;Quississana;-25,548;-49,156;2025-03-05 23:50:00.0;0,00
SÃO JOSÉ DOS PINHAIS;412550602A;PR;Quississana;-25,548;-49,156;2025-03-06 00:50:00.0;0,00
SÃO JOSÉ DOS PINHAIS;412550602A;PR;Quississana;-25,548;-49,156;2025-03-06 01:50:00.0;0,00
SÃO JOSÉ DOS PINHAIS;412550602A;PR;Quississana;-25,548;-49,156;2025-03-06 02:50:00.0;0,00
SÃO JOSÉ DOS PINHAIS;412550602A;PR;Quississana;-25,548;-49,156;2025-03-06 03:50:00.0;0,00
SÃO JOSÉ DOS PINHAIS;412550602A;PR;Quississana;-25,548;-49,156;2025-03-06 04:50:00.0;0,00
SÃO JOSÉ DOS PINHAIS;412550602A;PR;Quississana;-25,548;-49,156;2025-03-06 05:50:00.0;0,00
SÃO JOSÉ DOS PINHAIS;412550602A;PR;Quississana;-25,548;-49,156;2025-03-06 06:50:00.0;0,00
SÃO JOSÉ DOS PINHAIS;412550602A;PR;Quississana;-25,548;-49,156;2025-03-06 07:50:00.0;0,00
SÃO JOSÉ DOS PINHAIS;412550602A;PR;Quississana;-25,548;-49,156;2025-03-06 08:50:00.0;0,00
SÃO JOSÉ DOS PINHAIS;412550602A;PR;Quississana;-25,548;-49,156;2025-03-06 09:50:00.0;0,00
SÃO JOSÉ DOS PINHAIS;412550602A;PR;Quississana;-25,548;-49,156;2025-03-06 10:50:00.0;0,00
SÃO JOSÉ DOS PINHAIS;412550602A;PR;Quississana;-25,548;-49,156;2025-03-06 11:50:00.0;0,00
SÃO JOSÉ DOS PINHAIS;412550602A;PR;Quississana;-25,548;-49,156;2025-03-06 12:50:00.0;0,00
SÃO JOSÉ DOS PINHAIS;412550602A;PR;Quississana;-25,548;-49,156;2025-03-06 13:50:00.0;0,00
SÃO JOSÉ DOS PINHAIS;412550602A;PR;Quississana;-25,548;-49,156;2025-03-06 14:50:00.0;0,00
SÃO JOSÉ DOS PINHAIS;412550602A;PR;Quississana;-25,548;-49,156;2025-03-06 15:50:00.0;0,00
SÃO JOSÉ DOS PINHAIS;412550602A;PR;Quississana;-25,548;-49,156;2025-03-06 16:50:00.0;0,00
SÃO JOSÉ DOS PINHAIS;412550602A;PR;Quississana;-25,548;-49,156;2025-03-06 17:50:00.0;0,00
SÃO JOSÉ DOS PINHAIS;412550602A;PR;Quississana;-25,548;-49,156;2025-03-06 18:50:00.0;0,00
SÃO JOSÉ DOS PINHAIS;412550602A;PR;Quississana;-25,548;-49,156;2025-03-06 19:50:00.0;0,00
SÃO JOSÉ DOS PINHAIS;412550602A;PR;Quississana;-25,548;-49,156;2025-03-06 20:50:00.0;0,00
SÃO JOSÉ DOS PINHAIS;412550602A;PR;Quississana;-25,548;-49,156;2025-03-06 21:50:00.0;0,00
SÃO JOSÉ DOS PINHAIS;412550602A;PR;Quississana;-25,548;-49,156;2025-03-06 22:50:00.0;0,00
SÃO JOSÉ DOS PINHAIS;412550602A;PR;Quississana;-25,548;-49,156;2025-03-06 23:50:00.0;0,00
SÃO JOSÉ DOS PINHAIS;412550602A;PR;Quississana;-25,548;-49,156;2025-03-07 00:50:00.0;0,00
SÃO JOSÉ DOS PINHAIS;412550602A;PR;Quississana;-25,548;-49,156;2025-03-07 01:50:00.0;0,00
SÃO JOSÉ DOS PINHAIS;412550602A;PR;Quississana;-25,548;-49,156;2025-03-07 02:50:00.0;0,00
SÃO JOSÉ DOS PINHAIS;412550602A;PR;Quississana;-25,548;-49,156;2025-03-07 03:50:00.0;0,00
SÃO JOSÉ DOS PINHAIS;412550602A;PR;Quississana;-25,548;-49,156;2025-03-07 04:50:00.0;0,00
SÃO JOSÉ DOS PINHAIS;412550602A;PR;Quississana;-25,548;-49,156;2025-03-07 05:50:00.0;0,00
SÃO JOSÉ DOS PINHAIS;412550602A;PR;Quississana;-25,548;-49,156;2025-03-07 06:50:00.0;0,00
SÃO JOSÉ DOS PINHAIS;412550602A;PR;Quississana;-25,548;-49,156;2025-03-07 07:50:00.0;0,00
SÃO JOSÉ DOS PINHAIS;412550602A;PR;Quississana;-25,548;-49,156;2025-03-07 08:50:00.0;0,00
SÃO JOSÉ DOS PINHAIS;412550602A;PR;Quississana;-25,548;-49,156;2025-03-07 09:50:00.0;0,00
SÃO JOSÉ DOS PINHAIS;412550602A;PR;Quississana;-25,548;-49,156;2025-03-07 10:50:00.0;0,00
SÃO JOSÉ DOS PINHAIS;412550602A;PR;Quississana;-25,548;-49,156;2025-03-07 11:50:00.0;0,00
SÃO JOSÉ DOS PINHAIS;412550602A;PR;Quississana;-25,548;-49,156;2025-03-07 12:50:00.0;0,00
SÃO JOSÉ DOS PINHAIS;412550602A;PR;Quississana;-25,548;-49,156;2025-03-07 13:50:00.0;0,00
SÃO JOSÉ DOS PINHAIS;412550602A;PR;Quississana;-25,548;-49,156;2025-03-07 14:50:00.0;0,00
SÃO JOSÉ DOS PINHAIS;412550602A;PR;Quississana;-25,548;-49,156;2025-03-07 15:50:00.0;0,00
SÃO JOSÉ DOS PINHAIS;412550602A;PR;Quississana;-25,548;-49,156;2025-03-07 16:50:00.0;0,00
SÃO JOSÉ DOS PINHAIS;412550602A;PR;Quississana;-25,548;-49,156;2025-03-07 17:50:00.0;0,00
SÃO JOSÉ DOS PINHAIS;412550602A;PR;Quississana;-25,548;-49,156;2025-03-07 18:50:00.0;0,00
SÃO JOSÉ DOS PINHAIS;412550602A;PR;Quississana;-25,548;-49,156;2025-03-07 19:50:00.0;0,00
SÃO JOSÉ DOS PINHAIS;412550602A;PR;Quississana;-25,548;-49,156;2025-03-07 20:50:00.0;0,00
SÃO JOSÉ DOS PINHAIS;412550602A;PR;Quississana;-25,548;-49,156;2025-03-07 21:50:00.0;0,00
SÃO JOSÉ DOS PINHAIS;412550602A;PR;Quississana;-25,548;-49,156;2025-03-07 22:50:00.0;0,00
SÃO JOSÉ DOS PINHAIS;412550602A;PR;Quississana;-25,548;-49,156;2025-03-07 23:50:00.0;0,00
SÃO JOSÉ DOS PINHAIS;412550602A;PR;Quississana;-25,548;-49,156;2025-03-08 00:50:00.0;0,00
SÃO JOSÉ DOS PINHAIS;412550602A;PR;Quississana;-25,548;-49,156;2025-03-08 01:50:00.0;0,00
SÃO JOSÉ DOS PINHAIS;412550602A;PR;Quississana;-25,548;-49,156;2025-03-08 02:50:00.0;0,00
SÃO JOSÉ DOS PINHAIS;412550602A;PR;Quississana;-25,548;-49,156;2025-03-08 03:50:00.0;0,00
SÃO JOSÉ DOS PINHAIS;412550602A;PR;Quississana;-25,548;-49,156;2025-03-08 04:50:00.0;0,00
SÃO JOSÉ DOS PINHAIS;412550602A;PR;Quississana;-25,548;-49,156;2025-03-08 05:50:00.0;0,00
SÃO JOSÉ DOS PINHAIS;412550602A;PR;Quississana;-25,548;-49,156;2025-03-08 06:50:00.0;0,00
SÃO JOSÉ DOS PINHAIS;412550602A;PR;Quississana;-25,548;-49,156;2025-03-08 07:50:00.0;0,00
SÃO JOSÉ DOS PINHAIS;412550602A;PR;Quississana;-25,548;-49,156;2025-03-08 08:50:00.0;0,00
SÃO JOSÉ DOS PINHAIS;412550602A;PR;Quississana;-25,548;-49,156;2025-03-08 09:50:00.0;0,00
SÃO JOSÉ DOS PINHAIS;412550602A;PR;Quississana;-25,548;-49,156;2025-03-08 10:50:00.0;0,00
SÃO JOSÉ DOS PINHAIS;412550602A;PR;Quississana;-25,548;-49,156;2025-03-08 11:50:00.0;0,00
SÃO JOSÉ DOS PINHAIS;412550602A;PR;Quississana;-25,548;-49,156;2025-03-08 12:50:00.0;0,00
SÃO JOSÉ DOS PINHAIS;412550602A;PR;Quississana;-25,548;-49,156;2025-03-08 13:50:00.0;0,00
SÃO JOSÉ DOS PINHAIS;412550602A;PR;Quississana;-25,548;-49,156;2025-03-08 14:50:00.0;0,00
SÃO JOSÉ DOS PINHAIS;412550602A;PR;Quississana;-25,548;-49,156;2025-03-08 15:50:00.0;0,00
SÃO JOSÉ DOS PINHAIS;412550602A;PR;Quississana;-25,548;-49,156;2025-03-08 16:50:00.0;0,00
SÃO JOSÉ DOS PINHAIS;412550602A;PR;Quississana;-25,548;-49,156;2025-03-08 17:50:00.0;0,00
SÃO JOSÉ DOS PINHAIS;412550602A;PR;Quississana;-25,548;-49,156;2025-03-08 18:50:00.0;0,00
SÃO JOSÉ DOS PINHAIS;412550602A;PR;Quississana;-25,548;-49,156;2025-03-08 19:50:00.0;0,00
SÃO JOSÉ DOS PINHAIS;412550602A;PR;Quississana;-25,548;-49,156;2025-03-08 20:50:00.0;0,00
SÃO JOSÉ DOS PINHAIS;412550602A;PR;Quississana;-25,548;-49,156;2025-03-08 21:50:00.0;0,00
SÃO JOSÉ DOS PINHAIS;412550602A;PR;Quississana;-25,548;-49,156;2025-03-08 22:50:00.0;0,00
SÃO JOSÉ DOS PINHAIS;412550602A;PR;Quississana;-25,548;-49,156;2025-03-08 23:50:00.0;0,00
SÃO JOSÉ DOS PINHAIS;412550602A;PR;Quississana;-25,548;-49,156;2025-03-09 00:50:00.0;0,00
SÃO JOSÉ DOS PINHAIS;412550602A;PR;Quississana;-25,548;-49,156;2025-03-09 01:50:00.0;0,00
SÃO JOSÉ DOS PINHAIS;412550602A;PR;Quississana;-25,548;-49,156;2025-03-09 02:50:00.0;0,00
SÃO JOSÉ DOS PINHAIS;412550602A;PR;Quississana;-25,548;-49,156;2025-03-09 03:50:00.0;0,00
SÃO JOSÉ DOS PINHAIS;412550602A;PR;Quississana;-25,548;-49,156;2025-03-09 04:50:00.0;0,00
SÃO JOSÉ DOS PINHAIS;412550602A;PR;Quississana;-25,548;-49,156;2025-03-09 05:50:00.0;0,00
SÃO JOSÉ DOS PINHAIS;412550602A;PR;Quississana;-25,548;-49,156;2025-03-09 06:50:00.0;0,00
SÃO JOSÉ DOS PINHAIS;412550602A;PR;Quississana;-25,548;-49,156;2025-03-09 07:50:00.0;0,00
SÃO JOSÉ DOS PINHAIS;412550602A;PR;Quississana;-25,548;-49,156;2025-03-09 08:50:00.0;0,00
SÃO JOSÉ DOS PINHAIS;412550602A;PR;Quississana;-25,548;-49,156;2025-03-09 09:50:00.0;0,00
SÃO JOSÉ DOS PINHAIS;412550602A;PR;Quississana;-25,548;-49,156;2025-03-09 10:50:00.0;0,00
SÃO JOSÉ DOS PINHAIS;412550602A;PR;Quississana;-25,548;-49,156;2025-03-09 11:50:00.0;0,00
SÃO JOSÉ DOS PINHAIS;412550602A;PR;Quississana;-25,548;-49,156;2025-03-09 12:50:00.0;0,00
SÃO JOSÉ DOS PINHAIS;412550602A;PR;Quississana;-25,548;-49,156;2025-03-09 13:50:00.0;0,00
SÃO JOSÉ DOS PINHAIS;412550602A;PR;Quississana;-25,548;-49,156;2025-03-09 14:50:00.0;0,00
SÃO JOSÉ DOS PINHAIS;412550602A;PR;Quississana;-25,548;-49,156;2025-03-09 15:50:00.0;0,00
SÃO JOSÉ DOS PINHAIS;412550602A;PR;Quississana;-25,548;-49,156;2025-03-09 16:50:00.0;0,00
SÃO JOSÉ DOS PINHAIS;412550602A;PR;Quississana;-25,548;-49,156;2025-03-09 17:50:00.0;0,00
SÃO JOSÉ DOS PINHAIS;412550602A;PR;Quississana;-25,548;-49,156;2025-03-09 18:50:00.0;0,00
SÃO JOSÉ DOS PINHAIS;412550602A;PR;Quississana;-25,548;-49,156;2025-03-09 19:50:00.0;0,00
SÃO JOSÉ DOS PINHAIS;412550602A;PR;Quississana;-25,548;-49,156;2025-03-09 20:50:00.0;0,00
SÃO JOSÉ DOS PINHAIS;412550602A;PR;Quississana;-25,548;-49,156;2025-03-09 21:50:00.0;0,59
SÃO JOSÉ DOS PINHAIS;412550602A;PR;Quississana;-25,548;-49,156;2025-03-09 22:00:00.0;6,89
SÃO JOSÉ DOS PINHAIS;412550602A;PR;Quississana;-25,548;-49,156;2025-03-09 22:10:00.0;3,74
SÃO JOSÉ DOS PINHAIS;412550602A;PR;Quississana;-25,548;-49,156;2025-03-09 22:20:00.0;0,79
SÃO JOSÉ DOS PINHAIS;412550602A;PR;Quississana;-25,548;-49,156;2025-03-09 22:50:00.0;0,20
SÃO JOSÉ DOS PINHAIS;412550602A;PR;Quississana;-25,548;-49,156;2025-03-09 23:00:00.0;7,13
SÃO JOSÉ DOS PINHAIS;412550602A;PR;Quississana;-25,548;-49,156;2025-03-09 23:10:00.0;1,97
SÃO JOSÉ DOS PINHAIS;412550602A;PR;Quississana;-25,548;-49,156;2025-03-09 23:30:00.0;0,20
SÃO JOSÉ DOS PINHAIS;412550602A;PR;Quississana;-25,548;-49,156;2025-03-09 23:50:00.0;0,00
SÃO JOSÉ DOS PINHAIS;412550602A;PR;Quississana;-25,548;-49,156;2025-03-10 00:20:00.0;0,20
SÃO JOSÉ DOS PINHAIS;412550602A;PR;Quississana;-25,548;-49,156;2025-03-10 00:30:00.0;0,39
SÃO JOSÉ DOS PINHAIS;412550602A;PR;Quississana;-25,548;-49,156;2025-03-10 00:40:00.0;0,59
SÃO JOSÉ DOS PINHAIS;412550602A;PR;Quississana;-25,548;-49,156;2025-03-10 00:50:00.0;0,00
SÃO JOSÉ DOS PINHAIS;412550602A;PR;Quississana;-25,548;-49,156;2025-03-10 01:00:00.0;0,20
SÃO JOSÉ DOS PINHAIS;412550602A;PR;Quississana;-25,548;-49,156;2025-03-10 01:50:00.0;0,00
SÃO JOSÉ DOS PINHAIS;412550602A;PR;Quississana;-25,548;-49,156;2025-03-10 02:50:00.0;0,00
SÃO JOSÉ DOS PINHAIS;412550602A;PR;Quississana;-25,548;-49,156;2025-03-10 03:30:00.0;0,20
SÃO JOSÉ DOS PINHAIS;412550602A;PR;Quississana;-25,548;-49,156;2025-03-10 03:50:00.0;0,00
SÃO JOSÉ DOS PINHAIS;412550602A;PR;Quississana;-25,548;-49,156;2025-03-10 04:50:00.0;0,00
SÃO JOSÉ DOS PINHAIS;412550602A;PR;Quississana;-25,548;-49,156;2025-03-10 05:50:00.0;0,00
SÃO JOSÉ DOS PINHAIS;412550602A;PR;Quississana;-25,548;-49,156;2025-03-10 06:50:00.0;0,00
SÃO JOSÉ DOS PINHAIS;412550602A;PR;Quississana;-25,548;-49,156;2025-03-10 07:50:00.0;0,00
SÃO JOSÉ DOS PINHAIS;412550602A;PR;Quississana;-25,548;-49,156;2025-03-10 08:50:00.0;0,00
SÃO JOSÉ DOS PINHAIS;412550602A;PR;Quississana;-25,548;-49,156;2025-03-10 09:50:00.0;0,00
SÃO JOSÉ DOS PINHAIS;412550602A;PR;Quississana;-25,548;-49,156;2025-03-10 10:50:00.0;0,00
SÃO JOSÉ DOS PINHAIS;412550602A;PR;Quississana;-25,548;-49,156;2025-03-10 11:50:00.0;0,00
SÃO JOSÉ DOS PINHAIS;412550602A;PR;Quississana;-25,548;-49,156;2025-03-10 12:50:00.0;0,00
SÃO JOSÉ DOS PINHAIS;412550602A;PR;Quississana;-25,548;-49,156;2025-03-10 13:50:00.0;0,00
SÃO JOSÉ DOS PINHAIS;412550602A;PR;Quississana;-25,548;-49,156;2025-03-10 14:50:00.0;0,00
SÃO JOSÉ DOS PINHAIS;412550602A;PR;Quississana;-25,548;-49,156;2025-03-10 15:50:00.0;0,00
SÃO JOSÉ DOS PINHAIS;412550602A;PR;Quississana;-25,548;-49,156;2025-03-10 16:50:00.0;0,00
SÃO JOSÉ DOS PINHAIS;412550602A;PR;Quississana;-25,548;-49,156;2025-03-10 17:50:00.0;0,00
SÃO JOSÉ DOS PINHAIS;412550602A;PR;Quississana;-25,548;-49,156;2025-03-10 19:50:00.0;0,00
SÃO JOSÉ DOS PINHAIS;412550602A;PR;Quississana;-25,548;-49,156;2025-03-10 20:50:00.0;0,00
SÃO JOSÉ DOS PINHAIS;412550602A;PR;Quississana;-25,548;-49,156;2025-03-10 21:50:00.0;0,00
SÃO JOSÉ DOS PINHAIS;412550602A;PR;Quississana;-25,548;-49,156;2025-03-10 22:50:00.0;0,00
SÃO JOSÉ DOS PINHAIS;412550602A;PR;Quississana;-25,548;-49,156;2025-03-10 23:50:00.0;0,00
SÃO JOSÉ DOS PINHAIS;412550602A;PR;Quississana;-25,548;-49,156;2025-03-11 00:50:00.0;0,00
SÃO JOSÉ DOS PINHAIS;412550602A;PR;Quississana;-25,548;-49,156;2025-03-11 01:50:00.0;0,00
SÃO JOSÉ DOS PINHAIS;412550602A;PR;Quississana;-25,548;-49,156;2025-03-11 02:50:00.0;0,00
SÃO JOSÉ DOS PINHAIS;412550602A;PR;Quississana;-25,548;-49,156;2025-03-11 03:50:00.0;0,00
SÃO JOSÉ DOS PINHAIS;412550602A;PR;Quississana;-25,548;-49,156;2025-03-11 04:50:00.0;0,00
SÃO JOSÉ DOS PINHAIS;412550602A;PR;Quississana;-25,548;-49,156;2025-03-11 05:50:00.0;0,00
SÃO JOSÉ DOS PINHAIS;412550602A;PR;Quississana;-25,548;-49,156;2025-03-11 06:50:00.0;0,00
SÃO JOSÉ DOS PINHAIS;412550602A;PR;Quississana;-25,548;-49,156;2025-03-11 07:50:00.0;0,00
SÃO JOSÉ DOS PINHAIS;412550602A;PR;Quississana;-25,548;-49,156;2025-03-11 08:50:00.0;0,00
SÃO JOSÉ DOS PINHAIS;412550602A;PR;Quississana;-25,548;-49,156;2025-03-11 09:50:00.0;0,00
SÃO JOSÉ DOS PINHAIS;412550602A;PR;Quississana;-25,548;-49,156;2025-03-11 10:50:00.0;0,00
SÃO JOSÉ DOS PINHAIS;412550602A;PR;Quississana;-25,548;-49,156;2025-03-11 11:50:00.0;0,00
SÃO JOSÉ DOS PINHAIS;412550602A;PR;Quississana;-25,548;-49,156;2025-03-11 12:50:00.0;0,00
SÃO JOSÉ DOS PINHAIS;412550602A;PR;Quississana;-25,548;-49,156;2025-03-11 13:50:00.0;0,00
SÃO JOSÉ DOS PINHAIS;412550602A;PR;Quississana;-25,548;-49,156;2025-03-11 14:50:00.0;0,00
SÃO JOSÉ DOS PINHAIS;412550602A;PR;Quississana;-25,548;-49,156;2025-03-11 15:50:00.0;0,00
SÃO JOSÉ DOS PINHAIS;412550602A;PR;Quississana;-25,548;-49,156;2025-03-11 17:50:00.0;0,00
SÃO JOSÉ DOS PINHAIS;412550602A;PR;Quississana;-25,548;-49,156;2025-03-11 18:10:00.0;3,15
SÃO JOSÉ DOS PINHAIS;412550602A;PR;Quississana;-25,548;-49,156;2025-03-11 18:20:00.0;0,59
SÃO JOSÉ DOS PINHAIS;412550602A;PR;Quississana;-25,548;-49,156;2025-03-11 18:30:00.0;0,20
SÃO JOSÉ DOS PINHAIS;412550602A;PR;Quississana;-25,548;-49,156;2025-03-11 18:40:00.0;0,20
SÃO JOSÉ DOS PINHAIS;412550602A;PR;Quississana;-25,548;-49,156;2025-03-11 18:50:00.0;0,00
SÃO JOSÉ DOS PINHAIS;412550602A;PR;Quississana;-25,548;-49,156;2025-03-11 19:20:00.0;0,20
SÃO JOSÉ DOS PINHAIS;412550602A;PR;Quississana;-25,548;-49,156;2025-03-11 19:30:00.0;0,20
SÃO JOSÉ DOS PINHAIS;412550602A;PR;Quississana;-25,548;-49,156;2025-03-11 19:40:00.0;0,39
SÃO JOSÉ DOS PINHAIS;412550602A;PR;Quississana;-25,548;-49,156;2025-03-11 19:50:00.0;0,00
SÃO JOSÉ DOS PINHAIS;412550602A;PR;Quississana;-25,548;-49,156;2025-03-11 20:50:00.0;0,00
SÃO JOSÉ DOS PINHAIS;412550602A;PR;Quississana;-25,548;-49,156;2025-03-11 21:00:00.0;0,20
SÃO JOSÉ DOS PINHAIS;412550602A;PR;Quississana;-25,548;-49,156;2025-03-11 21:30:00.0;0,20
SÃO JOSÉ DOS PINHAIS;412550602A;PR;Quississana;-25,548;-49,156;2025-03-11 21:40:00.0;0,20
SÃO JOSÉ DOS PINHAIS;412550602A;PR;Quississana;-25,548;-49,156;2025-03-11 21:50:00.0;0,20
SÃO JOSÉ DOS PINHAIS;412550602A;PR;Quississana;-25,548;-49,156;2025-03-11 22:00:00.0;0,39
SÃO JOSÉ DOS PINHAIS;412550602A;PR;Quississana;-25,548;-49,156;2025-03-11 22:10:00.0;0,59
SÃO JOSÉ DOS PINHAIS;412550602A;PR;Quississana;-25,548;-49,156;2025-03-11 22:20:00.0;0,79
SÃO JOSÉ DOS PINHAIS;412550602A;PR;Quississana;-25,548;-49,156;2025-03-11 22:30:00.0;0,79
SÃO JOSÉ DOS PINHAIS;412550602A;PR;Quississana;-25,548;-49,156;2025-03-11 22:40:00.0;0,79
SÃO JOSÉ DOS PINHAIS;412550602A;PR;Quississana;-25,548;-49,156;2025-03-11 22:50:00.0;0,98
SÃO JOSÉ DOS PINHAIS;412550602A;PR;Quississana;-25,548;-49,156;2025-03-11 23:00:00.0;0,59
SÃO JOSÉ DOS PINHAIS;412550602A;PR;Quississana;-25,548;-49,156;2025-03-11 23:10:00.0;0,79
SÃO JOSÉ DOS PINHAIS;412550602A;PR;Quississana;-25,548;-49,156;2025-03-11 23:20:00.0;0,98
SÃO JOSÉ DOS PINHAIS;412550602A;PR;Quississana;-25,548;-49,156;2025-03-11 23:30:00.0;0,79
SÃO JOSÉ DOS PINHAIS;412550602A;PR;Quississana;-25,548;-49,156;2025-03-11 23:40:00.0;0,79
SÃO JOSÉ DOS PINHAIS;412550602A;PR;Quississana;-25,548;-49,156;2025-03-11 23:50:00.0;0,39
SÃO JOSÉ DOS PINHAIS;412550602A;PR;Quississana;-25,548;-49,156;2025-03-12 00:10:00.0;0,42
SÃO JOSÉ DOS PINHAIS;412550602A;PR;Quississana;-25,548;-49,156;2025-03-12 00:50:00.0;0,00
SÃO JOSÉ DOS PINHAIS;412550602A;PR;Quississana;-25,548;-49,156;2025-03-12 01:50:00.0;0,00
SÃO JOSÉ DOS PINHAIS;412550602A;PR;Quississana;-25,548;-49,156;2025-03-12 02:50:00.0;0,00
SÃO JOSÉ DOS PINHAIS;412550602A;PR;Quississana;-25,548;-49,156;2025-03-12 03:50:00.0;0,00
SÃO JOSÉ DOS PINHAIS;412550602A;PR;Quississana;-25,548;-49,156;2025-03-12 04:50:00.0;0,00
SÃO JOSÉ DOS PINHAIS;412550602A;PR;Quississana;-25,548;-49,156;2025-03-12 05:50:00.0;0,00
SÃO JOSÉ DOS PINHAIS;412550602A;PR;Quississana;-25,548;-49,156;2025-03-12 06:50:00.0;0,00
SÃO JOSÉ DOS PINHAIS;412550602A;PR;Quississana;-25,548;-49,156;2025-03-12 07:50:00.0;0,00
SÃO JOSÉ DOS PINHAIS;412550602A;PR;Quississana;-25,548;-49,156;2025-03-12 08:20:00.0;0,20
SÃO JOSÉ DOS PINHAIS;412550602A;PR;Quississana;-25,548;-49,156;2025-03-12 08:50:00.0;0,00
SÃO JOSÉ DOS PINHAIS;412550602A;PR;Quississana;-25,548;-49,156;2025-03-12 09:50:00.0;0,00
SÃO JOSÉ DOS PINHAIS;412550602A;PR;Quississana;-25,548;-49,156;2025-03-12 10:50:00.0;0,00
SÃO JOSÉ DOS PINHAIS;412550602A;PR;Quississana;-25,548;-49,156;2025-03-12 11:50:00.0;0,00
SÃO JOSÉ DOS PINHAIS;412550602A;PR;Quississana;-25,548;-49,156;2025-03-12 12:50:00.0;0,00
SÃO JOSÉ DOS PINHAIS;412550602A;PR;Quississana;-25,548;-49,156;2025-03-12 13:50:00.0;0,00
SÃO JOSÉ DOS PINHAIS;412550602A;PR;Quississana;-25,548;-49,156;2025-03-12 14:50:00.0;0,00
SÃO JOSÉ DOS PINHAIS;412550602A;PR;Quississana;-25,548;-49,156;2025-03-12 15:20:00.0;0,79
SÃO JOSÉ DOS PINHAIS;412550602A;PR;Quississana;-25,548;-49,156;2025-03-12 15:30:00.0;1,18
SÃO JOSÉ DOS PINHAIS;412550602A;PR;Quississana;-25,548;-49,156;2025-03-12 15:40:00.0;0,20
SÃO JOSÉ DOS PINHAIS;412550602A;PR;Quississana;-25,548;-49,156;2025-03-12 15:50:00.0;0,00
SÃO JOSÉ DOS PINHAIS;412550602A;PR;Quississana;-25,548;-49,156;2025-03-12 16:50:00.0;0,00
SÃO JOSÉ DOS PINHAIS;412550602A;PR;Quississana;-25,548;-49,156;2025-03-12 17:50:00.0;0,00
SÃO JOSÉ DOS PINHAIS;412550602A;PR;Quississana;-25,548;-49,156;2025-03-12 18:50:00.0;0,00
SÃO JOSÉ DOS PINHAIS;412550602A;PR;Quississana;-25,548;-49,156;2025-03-12 19:50:00.0;0,00
SÃO JOSÉ DOS PINHAIS;412550602A;PR;Quississana;-25,548;-49,156;2025-03-12 20:20:00.0;0,79
SÃO JOSÉ DOS PINHAIS;412550602A;PR;Quississana;-25,548;-49,156;2025-03-12 20:30:00.0;2,76
SÃO JOSÉ DOS PINHAIS;412550602A;PR;Quississana;-25,548;-49,156;2025-03-12 20:40:00.0;0,20
SÃO JOSÉ DOS PINHAIS;412550602A;PR;Quississana;-25,548;-49,156;2025-03-12 20:50:00.0;0,20
SÃO JOSÉ DOS PINHAIS;412550602A;PR;Quississana;-25,548;-49,156;2025-03-12 21:50:00.0;0,00
SÃO JOSÉ DOS PINHAIS;412550602A;PR;Quississana;-25,548;-49,156;2025-03-12 22:50:00.0;0,00
SÃO JOSÉ DOS PINHAIS;412550602A;PR;Quississana;-25,548;-49,156;2025-03-12 23:40:00.0;0,42
SÃO JOSÉ DOS PINHAIS;412550602A;PR;Quississana;-25,548;-49,156;2025-03-12 23:50:00.0;0,20
SÃO JOSÉ DOS PINHAIS;412550602A;PR;Quississana;-25,548;-49,156;2025-03-13 00:00:00.0;0,39
SÃO JOSÉ DOS PINHAIS;412550602A;PR;Quississana;-25,548;-49,156;2025-03-13 00:20:00.0;0,39
SÃO JOSÉ DOS PINHAIS;412550602A;PR;Quississana;-25,548;-49,156;2025-03-13 00:30:00.0;0,42
SÃO JOSÉ DOS PINHAIS;412550602A;PR;Quississana;-25,548;-49,156;2025-03-13 00:40:00.0;0,20
SÃO JOSÉ DOS PINHAIS;412550602A;PR;Quississana;-25,548;-49,156;2025-03-13 00:50:00.0;0,00
SÃO JOSÉ DOS PINHAIS;412550602A;PR;Quississana;-25,548;-49,156;2025-03-13 01:50:00.0;0,00
SÃO JOSÉ DOS PINHAIS;412550602A;PR;Quississana;-25,548;-49,156;2025-03-13 02:50:00.0;0,00
SÃO JOSÉ DOS PINHAIS;412550602A;PR;Quississana;-25,548;-49,156;2025-03-13 03:20:00.0;0,20
SÃO JOSÉ DOS PINHAIS;412550602A;PR;Quississana;-25,548;-49,156;2025-03-13 03:50:00.0;0,00
SÃO JOSÉ DOS PINHAIS;412550602A;PR;Quississana;-25,548;-49,156;2025-03-13 04:50:00.0;0,00
SÃO JOSÉ DOS PINHAIS;412550602A;PR;Quississana;-25,548;-49,156;2025-03-13 05:50:00.0;0,00
SÃO JOSÉ DOS PINHAIS;412550602A;PR;Quississana;-25,548;-49,156;2025-03-13 06:40:00.0;0,42
SÃO JOSÉ DOS PINHAIS;412550602A;PR;Quississana;-25,548;-49,156;2025-03-13 07:00:00.0;0,39
SÃO JOSÉ DOS PINHAIS;412550602A;PR;Quississana;-25,548;-49,156;2025-03-13 07:10:00.0;0,20
SÃO JOSÉ DOS PINHAIS;412550602A;PR;Quississana;-25,548;-49,156;2025-03-13 07:20:00.0;0,42
SÃO JOSÉ DOS PINHAIS;412550602A;PR;Quississana;-25,548;-49,156;2025-03-13 07:30:00.0;0,20
SÃO JOSÉ DOS PINHAIS;412550602A;PR;Quississana;-25,548;-49,156;2025-03-13 07:50:00.0;0,20
SÃO JOSÉ DOS PINHAIS;412550602A;PR;Quississana;-25,548;-49,156;2025-03-13 08:10:00.0;0,20
SÃO JOSÉ DOS PINHAIS;412550602A;PR;Quississana;-25,548;-49,156;2025-03-13 08:20:00.0;0,39
SÃO JOSÉ DOS PINHAIS;412550602A;PR;Quississana;-25,548;-49,156;2025-03-13 08:30:00.0;0,20
SÃO JOSÉ DOS PINHAIS;412550602A;PR;Quississana;-25,548;-49,156;2025-03-13 08:50:00.0;0,20
SÃO JOSÉ DOS PINHAIS;412550602A;PR;Quississana;-25,548;-49,156;2025-03-13 09:50:00.0;0,00
SÃO JOSÉ DOS PINHAIS;412550602A;PR;Quississana;-25,548;-49,156;2025-03-13 10:50:00.0;0,00
SÃO JOSÉ DOS PINHAIS;412550602A;PR;Quississana;-25,548;-49,156;2025-03-13 11:50:00.0;0,00
SÃO JOSÉ DOS PINHAIS;412550602A;PR;Quississana;-25,548;-49,156;2025-03-13 12:50:00.0;0,00
SÃO JOSÉ DOS PINHAIS;412550602A;PR;Quississana;-25,548;-49,156;2025-03-13 13:50:00.0;0,00
SÃO JOSÉ DOS PINHAIS;412550602A;PR;Quississana;-25,548;-49,156;2025-03-13 14:20:00.0;0,20
SÃO JOSÉ DOS PINHAIS;412550602A;PR;Quississana;-25,548;-49,156;2025-03-13 14:50:00.0;0,00
SÃO JOSÉ DOS PINHAIS;412550602A;PR;Quississana;-25,548;-49,156;2025-03-13 15:50:00.0;0,00
SÃO JOSÉ DOS PINHAIS;412550602A;PR;Quississana;-25,548;-49,156;2025-03-13 16:50:00.0;0,00
SÃO JOSÉ DOS PINHAIS;412550602A;PR;Quississana;-25,548;-49,156;2025-03-13 17:50:00.0;0,00
SÃO JOSÉ DOS PINHAIS;412550602A;PR;Quississana;-25,548;-49,156;2025-03-13 18:50:00.0;0,00
SÃO JOSÉ DOS PINHAIS;412550602A;PR;Quississana;-25,548;-49,156;2025-03-13 19:50:00.0;0,00
SÃO JOSÉ DOS PINHAIS;412550602A;PR;Quississana;-25,548;-49,156;2025-03-13 20:50:00.0;0,00
SÃO JOSÉ DOS PINHAIS;412550602A;PR;Quississana;-25,548;-49,156;2025-03-13 21:40:00.0;6,51
SÃO JOSÉ DOS PINHAIS;412550602A;PR;Quississana;-25,548;-49,156;2025-03-13 21:50:00.0;0,98
SÃO JOSÉ DOS PINHAIS;412550602A;PR;Quississana;-25,548;-49,156;2025-03-13 22:00:00.0;0,39
SÃO JOSÉ DOS PINHAIS;412550602A;PR;Quississana;-25,548;-49,156;2025-03-13 22:10:00.0;0,39
SÃO JOSÉ DOS PINHAIS;412550602A;PR;Quississana;-25,548;-49,156;2025-03-13 22:30:00.0;0,59
SÃO JOSÉ DOS PINHAIS;412550602A;PR;Quississana;-25,548;-49,156;2025-03-13 22:40:00.0;0,20
SÃO JOSÉ DOS PINHAIS;412550602A;PR;Quississana;-25,548;-49,156;2025-03-13 22:50:00.0;0,20
SÃO JOSÉ DOS PINHAIS;412550602A;PR;Quississana;-25,548;-49,156;2025-03-13 23:50:00.0;0,00
SÃO JOSÉ DOS PINHAIS;412550602A;PR;Quississana;-25,548;-49,156;2025-03-14 00:50:00.0;0,00
SÃO JOSÉ DOS PINHAIS;412550602A;PR;Quississana;-25,548;-49,156;2025-03-14 01:50:00.0;0,00
SÃO JOSÉ DOS PINHAIS;412550602A;PR;Quississana;-25,548;-49,156;2025-03-14 02:50:00.0;0,00
SÃO JOSÉ DOS PINHAIS;412550602A;PR;Quississana;-25,548;-49,156;2025-03-14 03:50:00.0;0,00
SÃO JOSÉ DOS PINHAIS;412550602A;PR;Quississana;-25,548;-49,156;2025-03-14 04:50:00.0;0,00
SÃO JOSÉ DOS PINHAIS;412550602A;PR;Quississana;-25,548;-49,156;2025-03-14 05:50:00.0;0,00
SÃO JOSÉ DOS PINHAIS;412550602A;PR;Quississana;-25,548;-49,156;2025-03-14 06:50:00.0;0,00
SÃO JOSÉ DOS PINHAIS;412550602A;PR;Quississana;-25,548;-49,156;2025-03-14 07:50:00.0;0,00
SÃO JOSÉ DOS PINHAIS;412550602A;PR;Quississana;-25,548;-49,156;2025-03-14 08:50:00.0;0,00
SÃO JOSÉ DOS PINHAIS;412550602A;PR;Quississana;-25,548;-49,156;2025-03-14 09:50:00.0;0,00
SÃO JOSÉ DOS PINHAIS;412550602A;PR;Quississana;-25,548;-49,156;2025-03-14 10:50:00.0;0,00
SÃO JOSÉ DOS PINHAIS;412550602A;PR;Quississana;-25,548;-49,156;2025-03-14 11:50:00.0;0,00
SÃO JOSÉ DOS PINHAIS;412550602A;PR;Quississana;-25,548;-49,156;2025-03-14 12:30:00.0;0,20
SÃO JOSÉ DOS PINHAIS;412550602A;PR;Quississana;-25,548;-49,156;2025-03-14 12:50:00.0;0,00
SÃO JOSÉ DOS PINHAIS;412550602A;PR;Quississana;-25,548;-49,156;2025-03-14 14:40:00.0;0,20
SÃO JOSÉ DOS PINHAIS;412550602A;PR;Quississana;-25,548;-49,156;2025-03-14 14:50:00.0;0,00
SÃO JOSÉ DOS PINHAIS;412550602A;PR;Quississana;-25,548;-49,156;2025-03-14 15:50:00.0;0,00
SÃO JOSÉ DOS PINHAIS;412550602A;PR;Quississana;-25,548;-49,156;2025-03-14 16:50:00.0;0,00
SÃO JOSÉ DOS PINHAIS;412550602A;PR;Quississana;-25,548;-49,156;2025-03-14 17:50:00.0;0,00
SÃO JOSÉ DOS PINHAIS;412550602A;PR;Quississana;-25,548;-49,156;2025-03-14 18:50:00.0;0,00
SÃO JOSÉ DOS PINHAIS;412550602A;PR;Quississana;-25,548;-49,156;2025-03-14 19:50:00.0;0,00
SÃO JOSÉ DOS PINHAIS;412550602A;PR;Quississana;-25,548;-49,156;2025-03-14 20:50:00.0;0,00
SÃO JOSÉ DOS PINHAIS;412550602A;PR;Quississana;-25,548;-49,156;2025-03-14 21:50:00.0;0,00
SÃO JOSÉ DOS PINHAIS;412550602A;PR;Quississana;-25,548;-49,156;2025-03-14 22:00:00.0;0,79
SÃO JOSÉ DOS PINHAIS;412550602A;PR;Quississana;-25,548;-49,156;2025-03-14 22:10:00.0;0,20
SÃO JOSÉ DOS PINHAIS;412550602A;PR;Quississana;-25,548;-49,156;2025-03-14 22:20:00.0;0,20
SÃO JOSÉ DOS PINHAIS;412550602A;PR;Quississana;-25,548;-49,156;2025-03-14 22:30:00.0;0,20
SÃO JOSÉ DOS PINHAIS;412550602A;PR;Quississana;-25,548;-49,156;2025-03-14 22:50:00.0;0,00
SÃO JOSÉ DOS PINHAIS;412550602A;PR;Quississana;-25,548;-49,156;2025-03-14 23:50:00.0;0,00
SÃO JOSÉ DOS PINHAIS;412550602A;PR;Quississana;-25,548;-49,156;2025-03-15 00:50:00.0;0,00
SÃO JOSÉ DOS PINHAIS;412550602A;PR;Quississana;-25,548;-49,156;2025-03-15 01:50:00.0;0,00
SÃO JOSÉ DOS PINHAIS;412550602A;PR;Quississana;-25,548;-49,156;2025-03-15 02:50:00.0;0,00
SÃO JOSÉ DOS PINHAIS;412550602A;PR;Quississana;-25,548;-49,156;2025-03-15 03:50:00.0;0,00
SÃO JOSÉ DOS PINHAIS;412550602A;PR;Quississana;-25,548;-49,156;2025-03-15 04:50:00.0;0,00
SÃO JOSÉ DOS PINHAIS;412550602A;PR;Quississana;-25,548;-49,156;2025-03-15 05:50:00.0;0,00
SÃO JOSÉ DOS PINHAIS;412550602A;PR;Quississana;-25,548;-49,156;2025-03-15 08:50:00.0;0,00
SÃO JOSÉ DOS PINHAIS;412550602A;PR;Quississana;-25,548;-49,156;2025-03-15 09:50:00.0;0,00
SÃO JOSÉ DOS PINHAIS;412550602A;PR;Quississana;-25,548;-49,156;2025-03-15 10:50:00.0;0,00
SÃO JOSÉ DOS PINHAIS;412550602A;PR;Quississana;-25,548;-49,156;2025-03-15 11:50:00.0;0,00
SÃO JOSÉ DOS PINHAIS;412550602A;PR;Quississana;-25,548;-49,156;2025-03-15 12:50:00.0;0,00
SÃO JOSÉ DOS PINHAIS;412550602A;PR;Quississana;-25,548;-49,156;2025-03-15 13:50:00.0;0,00
SÃO JOSÉ DOS PINHAIS;412550602A;PR;Quississana;-25,548;-49,156;2025-03-15 14:50:00.0;0,00
SÃO JOSÉ DOS PINHAIS;412550602A;PR;Quississana;-25,548;-49,156;2025-03-15 15:50:00.0;0,00
SÃO JOSÉ DOS PINHAIS;412550602A;PR;Quississana;-25,548;-49,156;2025-03-15 16:50:00.0;0,00
SÃO JOSÉ DOS PINHAIS;412550602A;PR;Quississana;-25,548;-49,156;2025-03-15 17:50:00.0;0,00
SÃO JOSÉ DOS PINHAIS;412550602A;PR;Quississana;-25,548;-49,156;2025-03-15 18:50:00.0;0,00
SÃO JOSÉ DOS PINHAIS;412550602A;PR;Quississana;-25,548;-49,156;2025-03-15 19:00:00.0;0,20
SÃO JOSÉ DOS PINHAIS;412550602A;PR;Quississana;-25,548;-49,156;2025-03-15 19:10:00.0;0,59
SÃO JOSÉ DOS PINHAIS;412550602A;PR;Quississana;-25,548;-49,156;2025-03-15 19:20:00.0;0,39
SÃO JOSÉ DOS PINHAIS;412550602A;PR;Quississana;-25,548;-49,156;2025-03-15 19:30:00.0;0,20
SÃO JOSÉ DOS PINHAIS;412550602A;PR;Quississana;-25,548;-49,156;2025-03-15 19:50:00.0;0,39
SÃO JOSÉ DOS PINHAIS;412550602A;PR;Quississana;-25,548;-49,156;2025-03-15 20:00:00.0;0,20
SÃO JOSÉ DOS PINHAIS;412550602A;PR;Quississana;-25,548;-49,156;2025-03-15 20:50:00.0;0,00
SÃO JOSÉ DOS PINHAIS;412550602A;PR;Quississana;-25,548;-49,156;2025-03-15 22:50:00.0;0,00
SÃO JOSÉ DOS PINHAIS;412550602A;PR;Quississana;-25,548;-49,156;2025-03-15 23:50:00.0;0,00
SÃO JOSÉ DOS PINHAIS;412550602A;PR;Quississana;-25,548;-49,156;2025-03-16 00:50:00.0;0,00
SÃO JOSÉ DOS PINHAIS;412550602A;PR;Quississana;-25,548;-49,156;2025-03-16 01:50:00.0;0,00
SÃO JOSÉ DOS PINHAIS;412550602A;PR;Quississana;-25,548;-49,156;2025-03-16 02:50:00.0;0,00
SÃO JOSÉ DOS PINHAIS;412550602A;PR;Quississana;-25,548;-49,156;2025-03-16 03:50:00.0;0,00
SÃO JOSÉ DOS PINHAIS;412550602A;PR;Quississana;-25,548;-49,156;2025-03-16 04:50:00.0;0,20
SÃO JOSÉ DOS PINHAIS;412550602A;PR;Quississana;-25,548;-49,156;2025-03-16 06:50:00.0;0,00
SÃO JOSÉ DOS PINHAIS;412550602A;PR;Quississana;-25,548;-49,156;2025-03-16 07:50:00.0;0,00
SÃO JOSÉ DOS PINHAIS;412550602A;PR;Quississana;-25,548;-49,156;2025-03-16 08:00:00.0;0,20
SÃO JOSÉ DOS PINHAIS;412550602A;PR;Quississana;-25,548;-49,156;2025-03-16 08:50:00.0;0,00
SÃO JOSÉ DOS PINHAIS;412550602A;PR;Quississana;-25,548;-49,156;2025-03-16 09:50:00.0;0,00
SÃO JOSÉ DOS PINHAIS;412550602A;PR;Quississana;-25,548;-49,156;2025-03-16 10:50:00.0;0,00
SÃO JOSÉ DOS PINHAIS;412550602A;PR;Quississana;-25,548;-49,156;2025-03-16 11:50:00.0;0,00
SÃO JOSÉ DOS PINHAIS;412550602A;PR;Quississana;-25,548;-49,156;2025-03-16 12:50:00.0;0,00
SÃO JOSÉ DOS PINHAIS;412550602A;PR;Quississana;-25,548;-49,156;2025-03-16 13:50:00.0;0,00
SÃO JOSÉ DOS PINHAIS;412550602A;PR;Quississana;-25,548;-49,156;2025-03-16 14:50:00.0;0,00
SÃO JOSÉ DOS PINHAIS;412550602A;PR;Quississana;-25,548;-49,156;2025-03-16 15:50:00.0;0,00
SÃO JOSÉ DOS PINHAIS;412550602A;PR;Quississana;-25,548;-49,156;2025-03-16 16:50:00.0;0,00
SÃO JOSÉ DOS PINHAIS;412550602A;PR;Quississana;-25,548;-49,156;2025-03-16 17:50:00.0;0,00
SÃO JOSÉ DOS PINHAIS;412550602A;PR;Quississana;-25,548;-49,156;2025-03-16 18:50:00.0;0,00
SÃO JOSÉ DOS PINHAIS;412550602A;PR;Quississana;-25,548;-49,156;2025-03-16 19:50:00.0;0,00
SÃO JOSÉ DOS PINHAIS;412550602A;PR;Quississana;-25,548;-49,156;2025-03-16 20:50:00.0;0,00
SÃO JOSÉ DOS PINHAIS;412550602A;PR;Quississana;-25,548;-49,156;2025-03-16 21:50:00.0;0,00
SÃO JOSÉ DOS PINHAIS;412550602A;PR;Quississana;-25,548;-49,156;2025-03-16 22:50:00.0;0,00
SÃO JOSÉ DOS PINHAIS;412550602A;PR;Quississana;-25,548;-49,156;2025-03-16 23:50:00.0;0,00
SÃO JOSÉ DOS PINHAIS;412550602A;PR;Quississana;-25,548;-49,156;2025-03-17 00:50:00.0;0,00
SÃO JOSÉ DOS PINHAIS;412550602A;PR;Quississana;-25,548;-49,156;2025-03-17 01:50:00.0;0,00
SÃO JOSÉ DOS PINHAIS;412550602A;PR;Quississana;-25,548;-49,156;2025-03-17 02:50:00.0;0,00
SÃO JOSÉ DOS PINHAIS;412550602A;PR;Quississana;-25,548;-49,156;2025-03-17 03:50:00.0;0,00
SÃO JOSÉ DOS PINHAIS;412550602A;PR;Quississana;-25,548;-49,156;2025-03-17 04:50:00.0;0,00
SÃO JOSÉ DOS PINHAIS;412550602A;PR;Quississana;-25,548;-49,156;2025-03-17 05:50:00.0;0,00
SÃO JOSÉ DOS PINHAIS;412550602A;PR;Quississana;-25,548;-49,156;2025-03-17 06:50:00.0;0,00
SÃO JOSÉ DOS PINHAIS;412550602A;PR;Quississana;-25,548;-49,156;2025-03-17 07:50:00.0;0,00
SÃO JOSÉ DOS PINHAIS;412550602A;PR;Quississana;-25,548;-49,156;2025-03-17 08:50:00.0;0,00
SÃO JOSÉ DOS PINHAIS;412550602A;PR;Quississana;-25,548;-49,156;2025-03-17 09:50:00.0;0,00
SÃO JOSÉ DOS PINHAIS;412550602A;PR;Quississana;-25,548;-49,156;2025-03-17 10:50:00.0;0,00
SÃO JOSÉ DOS PINHAIS;412550602A;PR;Quississana;-25,548;-49,156;2025-03-17 11:50:00.0;0,00
SÃO JOSÉ DOS PINHAIS;412550602A;PR;Quississana;-25,548;-49,156;2025-03-17 12:50:00.0;0,00
SÃO JOSÉ DOS PINHAIS;412550602A;PR;Quississana;-25,548;-49,156;2025-03-17 13:50:00.0;0,00
SÃO JOSÉ DOS PINHAIS;412550602A;PR;Quississana;-25,548;-49,156;2025-03-17 14:50:00.0;0,00
SÃO JOSÉ DOS PINHAIS;412550602A;PR;Quississana;-25,548;-49,156;2025-03-17 15:50:00.0;0,00
SÃO JOSÉ DOS PINHAIS;412550602A;PR;Quississana;-25,548;-49,156;2025-03-17 16:50:00.0;0,00
SÃO JOSÉ DOS PINHAIS;412550602A;PR;Quississana;-25,548;-49,156;2025-03-17 17:50:00.0;0,00
SÃO JOSÉ DOS PINHAIS;412550602A;PR;Quississana;-25,548;-49,156;2025-03-17 18:50:00.0;0,00
SÃO JOSÉ DOS PINHAIS;412550602A;PR;Quississana;-25,548;-49,156;2025-03-17 19:50:00.0;0,00
SÃO JOSÉ DOS PINHAIS;412550602A;PR;Quississana;-25,548;-49,156;2025-03-17 20:50:00.0;0,00
SÃO JOSÉ DOS PINHAIS;412550602A;PR;Quississana;-25,548;-49,156;2025-03-17 21:50:00.0;0,00
SÃO JOSÉ DOS PINHAIS;412550602A;PR;Quississana;-25,548;-49,156;2025-03-17 22:50:00.0;0,00
SÃO JOSÉ DOS PINHAIS;412550602A;PR;Quississana;-25,548;-49,156;2025-03-17 23:50:00.0;0,00
SÃO JOSÉ DOS PINHAIS;412550602A;PR;Quississana;-25,548;-49,156;2025-03-18 00:50:00.0;0,00
SÃO JOSÉ DOS PINHAIS;412550602A;PR;Quississana;-25,548;-49,156;2025-03-18 01:50:00.0;0,00
SÃO JOSÉ DOS PINHAIS;412550602A;PR;Quississana;-25,548;-49,156;2025-03-18 02:50:00.0;0,00
SÃO JOSÉ DOS PINHAIS;412550602A;PR;Quississana;-25,548;-49,156;2025-03-18 03:50:00.0;0,00
SÃO JOSÉ DOS PINHAIS;412550602A;PR;Quississana;-25,548;-49,156;2025-03-18 04:50:00.0;0,00
SÃO JOSÉ DOS PINHAIS;412550602A;PR;Quississana;-25,548;-49,156;2025-03-18 05:50:00.0;0,00
SÃO JOSÉ DOS PINHAIS;412550602A;PR;Quississana;-25,548;-49,156;2025-03-18 06:50:00.0;0,00
SÃO JOSÉ DOS PINHAIS;412550602A;PR;Quississana;-25,548;-49,156;2025-03-18 07:50:00.0;0,00
SÃO JOSÉ DOS PINHAIS;412550602A;PR;Quississana;-25,548;-49,156;2025-03-18 08:50:00.0;0,00
SÃO JOSÉ DOS PINHAIS;412550602A;PR;Quississana;-25,548;-49,156;2025-03-18 09:50:00.0;0,00
SÃO JOSÉ DOS PINHAIS;412550602A;PR;Quississana;-25,548;-49,156;2025-03-18 10:50:00.0;0,00
SÃO JOSÉ DOS PINHAIS;412550602A;PR;Quississana;-25,548;-49,156;2025-03-18 11:50:00.0;0,00
SÃO JOSÉ DOS PINHAIS;412550602A;PR;Quississana;-25,548;-49,156;2025-03-18 12:50:00.0;0,00
SÃO JOSÉ DOS PINHAIS;412550602A;PR;Quississana;-25,548;-49,156;2025-03-18 13:50:00.0;0,00
SÃO JOSÉ DOS PINHAIS;412550602A;PR;Quississana;-25,548;-49,156;2025-03-18 14:50:00.0;0,00
SÃO JOSÉ DOS PINHAIS;412550602A;PR;Quississana;-25,548;-49,156;2025-03-18 15:50:00.0;0,00
SÃO JOSÉ DOS PINHAIS;412550602A;PR;Quississana;-25,548;-49,156;2025-03-18 16:50:00.0;0,00
SÃO JOSÉ DOS PINHAIS;412550602A;PR;Quississana;-25,548;-49,156;2025-03-18 17:50:00.0;0,00
SÃO JOSÉ DOS PINHAIS;412550602A;PR;Quississana;-25,548;-49,156;2025-03-18 18:50:00.0;0,00
SÃO JOSÉ DOS PINHAIS;412550602A;PR;Quississana;-25,548;-49,156;2025-03-18 19:40:00.0;0,39
SÃO JOSÉ DOS PINHAIS;412550602A;PR;Quississana;-25,548;-49,156;2025-03-18 19:50:00.0;0,39
SÃO JOSÉ DOS PINHAIS;412550602A;PR;Quississana;-25,548;-49,156;2025-03-18 20:50:00.0;0,00
SÃO JOSÉ DOS PINHAIS;412550602A;PR;Quississana;-25,548;-49,156;2025-03-18 21:50:00.0;0,00
SÃO JOSÉ DOS PINHAIS;412550602A;PR;Quississana;-25,548;-49,156;2025-03-18 22:50:00.0;0,00
SÃO JOSÉ DOS PINHAIS;412550602A;PR;Quississana;-25,548;-49,156;2025-03-18 23:50:00.0;0,00
SÃO JOSÉ DOS PINHAIS;412550602A;PR;Quississana;-25,548;-49,156;2025-03-19 00:50:00.0;0,00
SÃO JOSÉ DOS PINHAIS;412550602A;PR;Quississana;-25,548;-49,156;2025-03-19 01:30:00.0;0,20
SÃO JOSÉ DOS PINHAIS;412550602A;PR;Quississana;-25,548;-49,156;2025-03-19 01:50:00.0;0,00
SÃO JOSÉ DOS PINHAIS;412550602A;PR;Quississana;-25,548;-49,156;2025-03-19 02:50:00.0;0,00
SÃO JOSÉ DOS PINHAIS;412550602A;PR;Quississana;-25,548;-49,156;2025-03-19 03:50:00.0;0,00
SÃO JOSÉ DOS PINHAIS;412550602A;PR;Quississana;-25,548;-49,156;2025-03-19 04:50:00.0;0,00
SÃO JOSÉ DOS PINHAIS;412550602A;PR;Quississana;-25,548;-49,156;2025-03-19 05:50:00.0;0,00
SÃO JOSÉ DOS PINHAIS;412550602A;PR;Quississana;-25,548;-49,156;2025-03-19 06:50:00.0;0,00
SÃO JOSÉ DOS PINHAIS;412550602A;PR;Quississana;-25,548;-49,156;2025-03-19 07:50:00.0;0,00
SÃO JOSÉ DOS PINHAIS;412550602A;PR;Quississana;-25,548;-49,156;2025-03-19 08:50:00.0;0,00
SÃO JOSÉ DOS PINHAIS;412550602A;PR;Quississana;-25,548;-49,156;2025-03-19 09:50:00.0;0,00
SÃO JOSÉ DOS PINHAIS;412550602A;PR;Quississana;-25,548;-49,156;2025-03-19 10:50:00.0;0,00
SÃO JOSÉ DOS PINHAIS;412550602A;PR;Quississana;-25,548;-49,156;2025-03-19 11:50:00.0;0,00
SÃO JOSÉ DOS PINHAIS;412550602A;PR;Quississana;-25,548;-49,156;2025-03-19 12:50:00.0;0,00
SÃO JOSÉ DOS PINHAIS;412550602A;PR;Quississana;-25,548;-49,156;2025-03-19 13:50:00.0;0,00
SÃO JOSÉ DOS PINHAIS;412550602A;PR;Quississana;-25,548;-49,156;2025-03-19 14:50:00.0;0,00
SÃO JOSÉ DOS PINHAIS;412550602A;PR;Quississana;-25,548;-49,156;2025-03-19 15:50:00.0;0,00
SÃO JOSÉ DOS PINHAIS;412550602A;PR;Quississana;-25,548;-49,156;2025-03-19 16:50:00.0;0,00
SÃO JOSÉ DOS PINHAIS;412550602A;PR;Quississana;-25,548;-49,156;2025-03-19 17:50:00.0;0,00
SÃO JOSÉ DOS PINHAIS;412550602A;PR;Quississana;-25,548;-49,156;2025-03-19 18:50:00.0;0,00
SÃO JOSÉ DOS PINHAIS;412550602A;PR;Quississana;-25,548;-49,156;2025-03-19 19:50:00.0;0,00
SÃO JOSÉ DOS PINHAIS;412550602A;PR;Quississana;-25,548;-49,156;2025-03-19 20:50:00.0;0,00
SÃO JOSÉ DOS PINHAIS;412550602A;PR;Quississana;-25,548;-49,156;2025-03-19 21:50:00.0;0,00
SÃO JOSÉ DOS PINHAIS;412550602A;PR;Quississana;-25,548;-49,156;2025-03-19 22:50:00.0;0,00
SÃO JOSÉ DOS PINHAIS;412550602A;PR;Quississana;-25,548;-49,156;2025-03-19 23:50:00.0;0,00
SÃO JOSÉ DOS PINHAIS;412550602A;PR;Quississana;-25,548;-49,156;2025-03-20 00:50:00.0;0,00
SÃO JOSÉ DOS PINHAIS;412550602A;PR;Quississana;-25,548;-49,156;2025-03-20 01:50:00.0;0,00
SÃO JOSÉ DOS PINHAIS;412550602A;PR;Quississana;-25,548;-49,156;2025-03-20 02:50:00.0;0,00
SÃO JOSÉ DOS PINHAIS;412550602A;PR;Quississana;-25,548;-49,156;2025-03-20 03:50:00.0;0,00
SÃO JOSÉ DOS PINHAIS;412550602A;PR;Quississana;-25,548;-49,156;2025-03-20 04:50:00.0;0,00
SÃO JOSÉ DOS PINHAIS;412550602A;PR;Quississana;-25,548;-49,156;2025-03-20 05:50:00.0;0,00
SÃO JOSÉ DOS PINHAIS;412550602A;PR;Quississana;-25,548;-49,156;2025-03-20 06:50:00.0;0,00
SÃO JOSÉ DOS PINHAIS;412550602A;PR;Quississana;-25,548;-49,156;2025-03-20 07:50:00.0;0,00
SÃO JOSÉ DOS PINHAIS;412550602A;PR;Quississana;-25,548;-49,156;2025-03-20 08:50:00.0;0,00
SÃO JOSÉ DOS PINHAIS;412550602A;PR;Quississana;-25,548;-49,156;2025-03-20 09:50:00.0;0,20
SÃO JOSÉ DOS PINHAIS;412550602A;PR;Quississana;-25,548;-49,156;2025-03-20 10:50:00.0;0,00
SÃO JOSÉ DOS PINHAIS;412550602A;PR;Quississana;-25,548;-49,156;2025-03-20 11:50:00.0;0,00
SÃO JOSÉ DOS PINHAIS;412550602A;PR;Quississana;-25,548;-49,156;2025-03-20 12:50:00.0;0,00
SÃO JOSÉ DOS PINHAIS;412550602A;PR;Quississana;-25,548;-49,156;2025-03-20 13:50:00.0;0,00
SÃO JOSÉ DOS PINHAIS;412550602A;PR;Quississana;-25,548;-49,156;2025-03-20 14:50:00.0;0,00
SÃO JOSÉ DOS PINHAIS;412550602A;PR;Quississana;-25,548;-49,156;2025-03-20 15:50:00.0;0,00
SÃO JOSÉ DOS PINHAIS;412550602A;PR;Quississana;-25,548;-49,156;2025-03-20 16:50:00.0;0,00
SÃO JOSÉ DOS PINHAIS;412550602A;PR;Quississana;-25,548;-49,156;2025-03-20 17:50:00.0;0,00
SÃO JOSÉ DOS PINHAIS;412550602A;PR;Quississana;-25,548;-49,156;2025-03-20 18:50:00.0;0,00
SÃO JOSÉ DOS PINHAIS;412550602A;PR;Quississana;-25,548;-49,156;2025-03-20 19:50:00.0;0,00
SÃO JOSÉ DOS PINHAIS;412550602A;PR;Quississana;-25,548;-49,156;2025-03-20 20:50:00.0;0,00
SÃO JOSÉ DOS PINHAIS;412550602A;PR;Quississana;-25,548;-49,156;2025-03-20 21:50:00.0;0,00
SÃO JOSÉ DOS PINHAIS;412550602A;PR;Quississana;-25,548;-49,156;2025-03-20 22:50:00.0;0,00
SÃO JOSÉ DOS PINHAIS;412550602A;PR;Quississana;-25,548;-49,156;2025-03-20 23:50:00.0;0,00
SÃO JOSÉ DOS PINHAIS;412550602A;PR;Quississana;-25,548;-49,156;2025-03-21 00:50:00.0;0,00
SÃO JOSÉ DOS PINHAIS;412550602A;PR;Quississana;-25,548;-49,156;2025-03-21 01:50:00.0;0,00
SÃO JOSÉ DOS PINHAIS;412550602A;PR;Quississana;-25,548;-49,156;2025-03-21 02:50:00.0;0,00
SÃO JOSÉ DOS PINHAIS;412550602A;PR;Quississana;-25,548;-49,156;2025-03-21 03:50:00.0;0,00
SÃO JOSÉ DOS PINHAIS;412550602A;PR;Quississana;-25,548;-49,156;2025-03-21 04:50:00.0;0,00
SÃO JOSÉ DOS PINHAIS;412550602A;PR;Quississana;-25,548;-49,156;2025-03-21 05:50:00.0;0,00
SÃO JOSÉ DOS PINHAIS;412550602A;PR;Quississana;-25,548;-49,156;2025-03-21 06:50:00.0;0,00
SÃO JOSÉ DOS PINHAIS;412550602A;PR;Quississana;-25,548;-49,156;2025-03-21 07:50:00.0;0,00
SÃO JOSÉ DOS PINHAIS;412550602A;PR;Quississana;-25,548;-49,156;2025-03-21 08:50:00.0;0,00
SÃO JOSÉ DOS PINHAIS;412550602A;PR;Quississana;-25,548;-49,156;2025-03-21 09:50:00.0;0,00
SÃO JOSÉ DOS PINHAIS;412550602A;PR;Quississana;-25,548;-49,156;2025-03-21 10:50:00.0;0,00
SÃO JOSÉ DOS PINHAIS;412550602A;PR;Quississana;-25,548;-49,156;2025-03-21 11:50:00.0;0,00
SÃO JOSÉ DOS PINHAIS;412550602A;PR;Quississana;-25,548;-49,156;2025-03-21 12:20:00.0;0,20
SÃO JOSÉ DOS PINHAIS;412550602A;PR;Quississana;-25,548;-49,156;2025-03-21 12:50:00.0;0,00
SÃO JOSÉ DOS PINHAIS;412550602A;PR;Quississana;-25,548;-49,156;2025-03-21 13:50:00.0;0,00
SÃO JOSÉ DOS PINHAIS;412550602A;PR;Quississana;-25,548;-49,156;2025-03-21 14:50:00.0;0,00
SÃO JOSÉ DOS PINHAIS;412550602A;PR;Quississana;-25,548;-49,156;2025-03-21 15:50:00.0;0,00
SÃO JOSÉ DOS PINHAIS;412550602A;PR;Quississana;-25,548;-49,156;2025-03-21 16:50:00.0;0,00
SÃO JOSÉ DOS PINHAIS;412550602A;PR;Quississana;-25,548;-49,156;2025-03-21 17:50:00.0;0,00
SÃO JOSÉ DOS PINHAIS;412550602A;PR;Quississana;-25,548;-49,156;2025-03-21 18:50:00.0;0,00
SÃO JOSÉ DOS PINHAIS;412550602A;PR;Quississana;-25,548;-49,156;2025-03-21 19:50:00.0;0,00
SÃO JOSÉ DOS PINHAIS;412550602A;PR;Quississana;-25,548;-49,156;2025-03-21 20:50:00.0;0,00
SÃO JOSÉ DOS PINHAIS;412550602A;PR;Quississana;-25,548;-49,156;2025-03-21 21:50:00.0;0,00
SÃO JOSÉ DOS PINHAIS;412550602A;PR;Quississana;-25,548;-49,156;2025-03-21 22:50:00.0;0,00
SÃO JOSÉ DOS PINHAIS;412550602A;PR;Quississana;-25,548;-49,156;2025-03-21 23:50:00.0;0,00
SÃO JOSÉ DOS PINHAIS;412550602A;PR;Quississana;-25,548;-49,156;2025-03-22 00:50:00.0;0,00
SÃO JOSÉ DOS PINHAIS;412550602A;PR;Quississana;-25,548;-49,156;2025-03-22 01:50:00.0;0,00
SÃO JOSÉ DOS PINHAIS;412550602A;PR;Quississana;-25,548;-49,156;2025-03-22 02:50:00.0;0,00
SÃO JOSÉ DOS PINHAIS;412550602A;PR;Quississana;-25,548;-49,156;2025-03-22 03:50:00.0;0,00
SÃO JOSÉ DOS PINHAIS;412550602A;PR;Quississana;-25,548;-49,156;2025-03-22 04:50:00.0;0,00
SÃO JOSÉ DOS PINHAIS;412550602A;PR;Quississana;-25,548;-49,156;2025-03-22 05:50:00.0;0,00
SÃO JOSÉ DOS PINHAIS;412550602A;PR;Quississana;-25,548;-49,156;2025-03-22 06:50:00.0;0,00
SÃO JOSÉ DOS PINHAIS;412550602A;PR;Quississana;-25,548;-49,156;2025-03-22 07:50:00.0;0,00
SÃO JOSÉ DOS PINHAIS;412550602A;PR;Quississana;-25,548;-49,156;2025-03-22 08:00:00.0;0,20
SÃO JOSÉ DOS PINHAIS;412550602A;PR;Quississana;-25,548;-49,156;2025-03-22 08:50:00.0;0,00
SÃO JOSÉ DOS PINHAIS;412550602A;PR;Quississana;-25,548;-49,156;2025-03-22 09:50:00.0;0,00
SÃO JOSÉ DOS PINHAIS;412550602A;PR;Quississana;-25,548;-49,156;2025-03-22 10:50:00.0;0,00
SÃO JOSÉ DOS PINHAIS;412550602A;PR;Quississana;-25,548;-49,156;2025-03-22 11:50:00.0;0,00
SÃO JOSÉ DOS PINHAIS;412550602A;PR;Quississana;-25,548;-49,156;2025-03-22 12:50:00.0;0,00
SÃO JOSÉ DOS PINHAIS;412550602A;PR;Quississana;-25,548;-49,156;2025-03-22 13:50:00.0;0,00
SÃO JOSÉ DOS PINHAIS;412550602A;PR;Quississana;-25,548;-49,156;2025-03-22 14:50:00.0;0,00
SÃO JOSÉ DOS PINHAIS;412550602A;PR;Quississana;-25,548;-49,156;2025-03-22 15:50:00.0;0,00
SÃO JOSÉ DOS PINHAIS;412550602A;PR;Quississana;-25,548;-49,156;2025-03-22 16:50:00.0;0,00
SÃO JOSÉ DOS PINHAIS;412550602A;PR;Quississana;-25,548;-49,156;2025-03-22 17:50:00.0;0,00
SÃO JOSÉ DOS PINHAIS;412550602A;PR;Quississana;-25,548;-49,156;2025-03-22 18:50:00.0;0,00
SÃO JOSÉ DOS PINHAIS;412550602A;PR;Quississana;-25,548;-49,156;2025-03-22 19:50:00.0;0,00
SÃO JOSÉ DOS PINHAIS;412550602A;PR;Quississana;-25,548;-49,156;2025-03-22 20:50:00.0;0,00
SÃO JOSÉ DOS PINHAIS;412550602A;PR;Quississana;-25,548;-49,156;2025-03-22 22:50:00.0;0,00
SÃO JOSÉ DOS PINHAIS;412550602A;PR;Quississana;-25,548;-49,156;2025-03-22 23:50:00.0;0,00
SÃO JOSÉ DOS PINHAIS;412550602A;PR;Quississana;-25,548;-49,156;2025-03-23 00:50:00.0;0,00
SÃO JOSÉ DOS PINHAIS;412550602A;PR;Quississana;-25,548;-49,156;2025-03-23 01:50:00.0;0,00
SÃO JOSÉ DOS PINHAIS;412550602A;PR;Quississana;-25,548;-49,156;2025-03-23 02:50:00.0;0,00
SÃO JOSÉ DOS PINHAIS;412550602A;PR;Quississana;-25,548;-49,156;2025-03-23 03:50:00.0;0,00
SÃO JOSÉ DOS PINHAIS;412550602A;PR;Quississana;-25,548;-49,156;2025-03-23 04:50:00.0;0,00
SÃO JOSÉ DOS PINHAIS;412550602A;PR;Quississana;-25,548;-49,156;2025-03-23 05:50:00.0;0,00
SÃO JOSÉ DOS PINHAIS;412550602A;PR;Quississana;-25,548;-49,156;2025-03-23 06:50:00.0;0,00
SÃO JOSÉ DOS PINHAIS;412550602A;PR;Quississana;-25,548;-49,156;2025-03-23 07:50:00.0;0,00
SÃO JOSÉ DOS PINHAIS;412550602A;PR;Quississana;-25,548;-49,156;2025-03-23 08:50:00.0;0,00
SÃO JOSÉ DOS PINHAIS;412550602A;PR;Quississana;-25,548;-49,156;2025-03-23 09:50:00.0;0,00
SÃO JOSÉ DOS PINHAIS;412550602A;PR;Quississana;-25,548;-49,156;2025-03-23 10:50:00.0;0,00
SÃO JOSÉ DOS PINHAIS;412550602A;PR;Quississana;-25,548;-49,156;2025-03-23 11:50:00.0;0,00
SÃO JOSÉ DOS PINHAIS;412550602A;PR;Quississana;-25,548;-49,156;2025-03-23 12:50:00.0;0,00
SÃO JOSÉ DOS PINHAIS;412550602A;PR;Quississana;-25,548;-49,156;2025-03-23 13:50:00.0;0,00
SÃO JOSÉ DOS PINHAIS;412550602A;PR;Quississana;-25,548;-49,156;2025-03-23 14:50:00.0;0,00
SÃO JOSÉ DOS PINHAIS;412550602A;PR;Quississana;-25,548;-49,156;2025-03-23 15:50:00.0;0,00
SÃO JOSÉ DOS PINHAIS;412550602A;PR;Quississana;-25,548;-49,156;2025-03-23 16:50:00.0;0,00
SÃO JOSÉ DOS PINHAIS;412550602A;PR;Quississana;-25,548;-49,156;2025-03-23 17:50:00.0;0,00
SÃO JOSÉ DOS PINHAIS;412550602A;PR;Quississana;-25,548;-49,156;2025-03-23 18:50:00.0;0,00
SÃO JOSÉ DOS PINHAIS;412550602A;PR;Quississana;-25,548;-49,156;2025-03-23 19:50:00.0;0,00
SÃO JOSÉ DOS PINHAIS;412550602A;PR;Quississana;-25,548;-49,156;2025-03-23 20:50:00.0;0,00
SÃO JOSÉ DOS PINHAIS;412550602A;PR;Quississana;-25,548;-49,156;2025-03-23 21:50:00.0;0,00
SÃO JOSÉ DOS PINHAIS;412550602A;PR;Quississana;-25,548;-49,156;2025-03-23 22:50:00.0;0,00
SÃO JOSÉ DOS PINHAIS;412550602A;PR;Quississana;-25,548;-49,156;2025-03-23 23:50:00.0;0,00
SÃO JOSÉ DOS PINHAIS;412550602A;PR;Quississana;-25,548;-49,156;2025-03-24 00:50:00.0;0,00
SÃO JOSÉ DOS PINHAIS;412550602A;PR;Quississana;-25,548;-49,156;2025-03-24 01:50:00.0;0,00
SÃO JOSÉ DOS PINHAIS;412550602A;PR;Quississana;-25,548;-49,156;2025-03-24 02:50:00.0;0,00
SÃO JOSÉ DOS PINHAIS;412550602A;PR;Quississana;-25,548;-49,156;2025-03-24 03:50:00.0;0,00
SÃO JOSÉ DOS PINHAIS;412550602A;PR;Quississana;-25,548;-49,156;2025-03-24 04:50:00.0;0,00
SÃO JOSÉ DOS PINHAIS;412550602A;PR;Quississana;-25,548;-49,156;2025-03-24 05:50:00.0;0,00
SÃO JOSÉ DOS PINHAIS;412550602A;PR;Quississana;-25,548;-49,156;2025-03-24 06:50:00.0;0,00
SÃO JOSÉ DOS PINHAIS;412550602A;PR;Quississana;-25,548;-49,156;2025-03-24 07:50:00.0;0,00
SÃO JOSÉ DOS PINHAIS;412550602A;PR;Quississana;-25,548;-49,156;2025-03-24 08:50:00.0;0,00
SÃO JOSÉ DOS PINHAIS;412550602A;PR;Quississana;-25,548;-49,156;2025-03-24 09:50:00.0;0,00
SÃO JOSÉ DOS PINHAIS;412550602A;PR;Quississana;-25,548;-49,156;2025-03-24 10:50:00.0;0,00
SÃO JOSÉ DOS PINHAIS;412550602A;PR;Quississana;-25,548;-49,156;2025-03-24 11:50:00.0;0,00
SÃO JOSÉ DOS PINHAIS;412550602A;PR;Quississana;-25,548;-49,156;2025-03-24 12:50:00.0;0,00
SÃO JOSÉ DOS PINHAIS;412550602A;PR;Quississana;-25,548;-49,156;2025-03-24 13:50:00.0;0,00
SÃO JOSÉ DOS PINHAIS;412550602A;PR;Quississana;-25,548;-49,156;2025-03-24 14:50:00.0;0,00
SÃO JOSÉ DOS PINHAIS;412550602A;PR;Quississana;-25,548;-49,156;2025-03-24 15:50:00.0;0,00
SÃO JOSÉ DOS PINHAIS;412550602A;PR;Quississana;-25,548;-49,156;2025-03-24 16:50:00.0;0,00
SÃO JOSÉ DOS PINHAIS;412550602A;PR;Quississana;-25,548;-49,156;2025-03-24 17:50:00.0;0,00
SÃO JOSÉ DOS PINHAIS;412550602A;PR;Quississana;-25,548;-49,156;2025-03-24 18:50:00.0;0,00
SÃO JOSÉ DOS PINHAIS;412550602A;PR;Quississana;-25,548;-49,156;2025-03-24 19:50:00.0;0,00
SÃO JOSÉ DOS PINHAIS;412550602A;PR;Quississana;-25,548;-49,156;2025-03-24 20:50:00.0;0,00
SÃO JOSÉ DOS PINHAIS;412550602A;PR;Quississana;-25,548;-49,156;2025-03-24 21:50:00.0;0,00
SÃO JOSÉ DOS PINHAIS;412550602A;PR;Quississana;-25,548;-49,156;2025-03-24 22:50:00.0;0,00
SÃO JOSÉ DOS PINHAIS;412550602A;PR;Quississana;-25,548;-49,156;2025-03-24 23:50:00.0;0,00
SÃO JOSÉ DOS PINHAIS;412550602A;PR;Quississana;-25,548;-49,156;2025-03-25 00:50:00.0;0,00
SÃO JOSÉ DOS PINHAIS;412550602A;PR;Quississana;-25,548;-49,156;2025-03-25 01:50:00.0;0,00
SÃO JOSÉ DOS PINHAIS;412550602A;PR;Quississana;-25,548;-49,156;2025-03-25 02:50:00.0;0,00
SÃO JOSÉ DOS PINHAIS;412550602A;PR;Quississana;-25,548;-49,156;2025-03-25 03:50:00.0;0,00
SÃO JOSÉ DOS PINHAIS;412550602A;PR;Quississana;-25,548;-49,156;2025-03-25 04:50:00.0;0,00
SÃO JOSÉ DOS PINHAIS;412550602A;PR;Quississana;-25,548;-49,156;2025-03-25 05:50:00.0;0,00
SÃO JOSÉ DOS PINHAIS;412550602A;PR;Quississana;-25,548;-49,156;2025-03-25 06:50:00.0;0,00
SÃO JOSÉ DOS PINHAIS;412550602A;PR;Quississana;-25,548;-49,156;2025-03-25 07:50:00.0;0,42
SÃO JOSÉ DOS PINHAIS;412550602A;PR;Quississana;-25,548;-49,156;2025-03-25 08:00:00.0;0,39
SÃO JOSÉ DOS PINHAIS;412550602A;PR;Quississana;-25,548;-49,156;2025-03-25 08:10:00.0;0,42
SÃO JOSÉ DOS PINHAIS;412550602A;PR;Quississana;-25,548;-49,156;2025-03-25 08:50:00.0;0,20
SÃO JOSÉ DOS PINHAIS;412550602A;PR;Quississana;-25,548;-49,156;2025-03-25 09:50:00.0;0,00
SÃO JOSÉ DOS PINHAIS;412550602A;PR;Quississana;-25,548;-49,156;2025-03-25 10:50:00.0;0,00
SÃO JOSÉ DOS PINHAIS;412550602A;PR;Quississana;-25,548;-49,156;2025-03-25 11:50:00.0;0,00
SÃO JOSÉ DOS PINHAIS;412550602A;PR;Quississana;-25,548;-49,156;2025-03-25 12:50:00.0;0,00
SÃO JOSÉ DOS PINHAIS;412550602A;PR;Quississana;-25,548;-49,156;2025-03-25 13:50:00.0;0,00
SÃO JOSÉ DOS PINHAIS;412550602A;PR;Quississana;-25,548;-49,156;2025-03-25 16:00:00.0;0,00
SÃO JOSÉ DOS PINHAIS;412550602A;PR;Quississana;-25,548;-49,156;2025-03-25 16:50:00.0;0,00
SÃO JOSÉ DOS PINHAIS;412550602A;PR;Quississana;-25,548;-49,156;2025-03-25 17:50:00.0;0,00
SÃO JOSÉ DOS PINHAIS;412550602A;PR;Quississana;-25,548;-49,156;2025-03-25 18:50:00.0;0,00
SÃO JOSÉ DOS PINHAIS;412550602A;PR;Quississana;-25,548;-49,156;2025-03-25 19:50:00.0;0,00
SÃO JOSÉ DOS PINHAIS;412550602A;PR;Quississana;-25,548;-49,156;2025-03-25 20:50:00.0;0,00
SÃO JOSÉ DOS PINHAIS;412550602A;PR;Quississana;-25,548;-49,156;2025-03-25 21:50:00.0;0,00
SÃO JOSÉ DOS PINHAIS;412550602A;PR;Quississana;-25,548;-49,156;2025-03-25 22:50:00.0;0,00
SÃO JOSÉ DOS PINHAIS;412550602A;PR;Quississana;-25,548;-49,156;2025-03-25 23:50:00.0;0,00
SÃO JOSÉ DOS PINHAIS;412550602A;PR;Quississana;-25,548;-49,156;2025-03-26 00:50:00.0;0,00
SÃO JOSÉ DOS PINHAIS;412550602A;PR;Quississana;-25,548;-49,156;2025-03-26 01:50:00.0;0,00
SÃO JOSÉ DOS PINHAIS;412550602A;PR;Quississana;-25,548;-49,156;2025-03-26 02:40:00.0;0,20
SÃO JOSÉ DOS PINHAIS;412550602A;PR;Quississana;-25,548;-49,156;2025-03-26 02:50:00.0;0,20
SÃO JOSÉ DOS PINHAIS;412550602A;PR;Quississana;-25,548;-49,156;2025-03-26 03:00:00.0;0,39
SÃO JOSÉ DOS PINHAIS;412550602A;PR;Quississana;-25,548;-49,156;2025-03-26 03:10:00.0;0,42
SÃO JOSÉ DOS PINHAIS;412550602A;PR;Quississana;-25,548;-49,156;2025-03-26 03:20:00.0;0,20
SÃO JOSÉ DOS PINHAIS;412550602A;PR;Quississana;-25,548;-49,156;2025-03-26 03:30:00.0;0,39
SÃO JOSÉ DOS PINHAIS;412550602A;PR;Quississana;-25,548;-49,156;2025-03-26 03:40:00.0;0,59
SÃO JOSÉ DOS PINHAIS;412550602A;PR;Quississana;-25,548;-49,156;2025-03-26 03:50:00.0;0,39
SÃO JOSÉ DOS PINHAIS;412550602A;PR;Quississana;-25,548;-49,156;2025-03-26 04:00:00.0;0,20
SÃO JOSÉ DOS PINHAIS;412550602A;PR;Quississana;-25,548;-49,156;2025-03-26 04:20:00.0;0,42
SÃO JOSÉ DOS PINHAIS;412550602A;PR;Quississana;-25,548;-49,156;2025-03-26 04:30:00.0;0,20
SÃO JOSÉ DOS PINHAIS;412550602A;PR;Quississana;-25,548;-49,156;2025-03-26 04:50:00.0;0,00
SÃO JOSÉ DOS PINHAIS;412550602A;PR;Quississana;-25,548;-49,156;2025-03-26 05:50:00.0;0,00
SÃO JOSÉ DOS PINHAIS;412550602A;PR;Quississana;-25,548;-49,156;2025-03-26 06:50:00.0;0,00
SÃO JOSÉ DOS PINHAIS;412550602A;PR;Quississana;-25,548;-49,156;2025-03-26 07:50:00.0;0,00
SÃO JOSÉ DOS PINHAIS;412550602A;PR;Quississana;-25,548;-49,156;2025-03-26 08:50:00.0;0,00
SÃO JOSÉ DOS PINHAIS;412550602A;PR;Quississana;-25,548;-49,156;2025-03-26 09:50:00.0;0,00
SÃO JOSÉ DOS PINHAIS;412550602A;PR;Quississana;-25,548;-49,156;2025-03-26 10:50:00.0;0,00
SÃO JOSÉ DOS PINHAIS;412550602A;PR;Quississana;-25,548;-49,156;2025-03-26 11:50:00.0;0,00
SÃO JOSÉ DOS PINHAIS;412550602A;PR;Quississana;-25,548;-49,156;2025-03-26 12:50:00.0;0,00
SÃO JOSÉ DOS PINHAIS;412550602A;PR;Quississana;-25,548;-49,156;2025-03-26 13:50:00.0;0,00
SÃO JOSÉ DOS PINHAIS;412550602A;PR;Quississana;-25,548;-49,156;2025-03-26 14:50:00.0;0,00
SÃO JOSÉ DOS PINHAIS;412550602A;PR;Quississana;-25,548;-49,156;2025-03-26 15:50:00.0;0,00
SÃO JOSÉ DOS PINHAIS;412550602A;PR;Quississana;-25,548;-49,156;2025-03-26 16:50:00.0;0,00
SÃO JOSÉ DOS PINHAIS;412550602A;PR;Quississana;-25,548;-49,156;2025-03-26 17:50:00.0;0,00
SÃO JOSÉ DOS PINHAIS;412550602A;PR;Quississana;-25,548;-49,156;2025-03-26 18:50:00.0;0,00
SÃO JOSÉ DOS PINHAIS;412550602A;PR;Quississana;-25,548;-49,156;2025-03-26 19:50:00.0;0,00
SÃO JOSÉ DOS PINHAIS;412550602A;PR;Quississana;-25,548;-49,156;2025-03-26 20:50:00.0;0,00
SÃO JOSÉ DOS PINHAIS;412550602A;PR;Quississana;-25,548;-49,156;2025-03-26 21:50:00.0;0,00
SÃO JOSÉ DOS PINHAIS;412550602A;PR;Quississana;-25,548;-49,156;2025-03-26 22:50:00.0;0,00
SÃO JOSÉ DOS PINHAIS;412550602A;PR;Quississana;-25,548;-49,156;2025-03-26 23:50:00.0;0,00
SÃO JOSÉ DOS PINHAIS;412550602A;PR;Quississana;-25,548;-49,156;2025-03-27 00:50:00.0;0,00
SÃO JOSÉ DOS PINHAIS;412550602A;PR;Quississana;-25,548;-49,156;2025-03-27 01:50:00.0;0,00
SÃO JOSÉ DOS PINHAIS;412550602A;PR;Quississana;-25,548;-49,156;2025-03-27 02:50:00.0;0,00
SÃO JOSÉ DOS PINHAIS;412550602A;PR;Quississana;-25,548;-49,156;2025-03-27 03:20:00.0;0,20
SÃO JOSÉ DOS PINHAIS;412550602A;PR;Quississana;-25,548;-49,156;2025-03-27 03:50:00.0;0,00
SÃO JOSÉ DOS PINHAIS;412550602A;PR;Quississana;-25,548;-49,156;2025-03-27 04:40:00.0;0,20
SÃO JOSÉ DOS PINHAIS;412550602A;PR;Quississana;-25,548;-49,156;2025-03-27 04:50:00.0;0,00
SÃO JOSÉ DOS PINHAIS;412550602A;PR;Quississana;-25,548;-49,156;2025-03-27 05:50:00.0;0,00
SÃO JOSÉ DOS PINHAIS;412550602A;PR;Quississana;-25,548;-49,156;2025-03-27 06:50:00.0;0,00
SÃO JOSÉ DOS PINHAIS;412550602A;PR;Quississana;-25,548;-49,156;2025-03-27 07:50:00.0;0,00
SÃO JOSÉ DOS PINHAIS;412550602A;PR;Quississana;-25,548;-49,156;2025-03-27 08:50:00.0;0,20
SÃO JOSÉ DOS PINHAIS;412550602A;PR;Quississana;-25,548;-49,156;2025-03-27 09:50:00.0;0,00
SÃO JOSÉ DOS PINHAIS;412550602A;PR;Quississana;-25,548;-49,156;2025-03-27 10:50:00.0;0,00
SÃO JOSÉ DOS PINHAIS;412550602A;PR;Quississana;-25,548;-49,156;2025-03-27 11:50:00.0;0,00
SÃO JOSÉ DOS PINHAIS;412550602A;PR;Quississana;-25,548;-49,156;2025-03-27 12:50:00.0;0,00
SÃO JOSÉ DOS PINHAIS;412550602A;PR;Quississana;-25,548;-49,156;2025-03-27 13:50:00.0;0,00
SÃO JOSÉ DOS PINHAIS;412550602A;PR;Quississana;-25,548;-49,156;2025-03-27 14:50:00.0;0,00
SÃO JOSÉ DOS PINHAIS;412550602A;PR;Quississana;-25,548;-49,156;2025-03-27 15:50:00.0;0,00
SÃO JOSÉ DOS PINHAIS;412550602A;PR;Quississana;-25,548;-49,156;2025-03-27 16:50:00.0;0,00
SÃO JOSÉ DOS PINHAIS;412550602A;PR;Quississana;-25,548;-49,156;2025-03-27 18:50:00.0;0,00
SÃO JOSÉ DOS PINHAIS;412550602A;PR;Quississana;-25,548;-49,156;2025-03-27 19:50:00.0;0,00
SÃO JOSÉ DOS PINHAIS;412550602A;PR;Quississana;-25,548;-49,156;2025-03-27 20:50:00.0;0,00
SÃO JOSÉ DOS PINHAIS;412550602A;PR;Quississana;-25,548;-49,156;2025-03-27 21:50:00.0;0,00
SÃO JOSÉ DOS PINHAIS;412550602A;PR;Quississana;-25,548;-49,156;2025-03-27 22:50:00.0;0,00
SÃO JOSÉ DOS PINHAIS;412550602A;PR;Quississana;-25,548;-49,156;2025-03-27 23:50:00.0;0,00
SÃO JOSÉ DOS PINHAIS;412550602A;PR;Quississana;-25,548;-49,156;2025-03-28 00:50:00.0;0,00
SÃO JOSÉ DOS PINHAIS;412550602A;PR;Quississana;-25,548;-49,156;2025-03-28 01:50:00.0;0,00
SÃO JOSÉ DOS PINHAIS;412550602A;PR;Quississana;-25,548;-49,156;2025-03-28 02:50:00.0;0,00
SÃO JOSÉ DOS PINHAIS;412550602A;PR;Quississana;-25,548;-49,156;2025-03-28 03:50:00.0;0,00
SÃO JOSÉ DOS PINHAIS;412550602A;PR;Quississana;-25,548;-49,156;2025-03-28 04:50:00.0;0,00
SÃO JOSÉ DOS PINHAIS;412550602A;PR;Quississana;-25,548;-49,156;2025-03-28 05:50:00.0;0,00
SÃO JOSÉ DOS PINHAIS;412550602A;PR;Quississana;-25,548;-49,156;2025-03-28 06:50:00.0;0,00
SÃO JOSÉ DOS PINHAIS;412550602A;PR;Quississana;-25,548;-49,156;2025-03-28 07:50:00.0;0,00
SÃO JOSÉ DOS PINHAIS;412550602A;PR;Quississana;-25,548;-49,156;2025-03-28 08:50:00.0;0,00
SÃO JOSÉ DOS PINHAIS;412550602A;PR;Quississana;-25,548;-49,156;2025-03-28 09:50:00.0;0,00
SÃO JOSÉ DOS PINHAIS;412550602A;PR;Quississana;-25,548;-49,156;2025-03-28 10:50:00.0;0,00
SÃO JOSÉ DOS PINHAIS;412550602A;PR;Quississana;-25,548;-49,156;2025-03-28 11:50:00.0;0,00
SÃO JOSÉ DOS PINHAIS;412550602A;PR;Quississana;-25,548;-49,156;2025-03-28 12:50:00.0;0,00
SÃO JOSÉ DOS PINHAIS;412550602A;PR;Quississana;-25,548;-49,156;2025-03-28 13:50:00.0;0,00
SÃO JOSÉ DOS PINHAIS;412550602A;PR;Quississana;-25,548;-49,156;2025-03-28 14:50:00.0;0,00
SÃO JOSÉ DOS PINHAIS;412550602A;PR;Quississana;-25,548;-49,156;2025-03-28 15:50:00.0;0,00
SÃO JOSÉ DOS PINHAIS;412550602A;PR;Quississana;-25,548;-49,156;2025-03-28 16:50:00.0;0,00
SÃO JOSÉ DOS PINHAIS;412550602A;PR;Quississana;-25,548;-49,156;2025-03-28 17:50:00.0;0,00
SÃO JOSÉ DOS PINHAIS;412550602A;PR;Quississana;-25,548;-49,156;2025-03-28 18:50:00.0;0,00
SÃO JOSÉ DOS PINHAIS;412550602A;PR;Quississana;-25,548;-49,156;2025-03-28 19:50:00.0;0,00
SÃO JOSÉ DOS PINHAIS;412550602A;PR;Quississana;-25,548;-49,156;2025-03-28 20:50:00.0;0,00
SÃO JOSÉ DOS PINHAIS;412550602A;PR;Quississana;-25,548;-49,156;2025-03-28 21:50:00.0;0,00
SÃO JOSÉ DOS PINHAIS;412550602A;PR;Quississana;-25,548;-49,156;2025-03-28 22:50:00.0;0,00
SÃO JOSÉ DOS PINHAIS;412550602A;PR;Quississana;-25,548;-49,156;2025-03-28 23:50:00.0;0,00
SÃO JOSÉ DOS PINHAIS;412550602A;PR;Quississana;-25,548;-49,156;2025-03-29 00:50:00.0;0,00
SÃO JOSÉ DOS PINHAIS;412550602A;PR;Quississana;-25,548;-49,156;2025-03-29 01:50:00.0;0,00
SÃO JOSÉ DOS PINHAIS;412550602A;PR;Quississana;-25,548;-49,156;2025-03-29 02:50:00.0;0,00
SÃO JOSÉ DOS PINHAIS;412550602A;PR;Quississana;-25,548;-49,156;2025-03-29 03:50:00.0;0,00
SÃO JOSÉ DOS PINHAIS;412550602A;PR;Quississana;-25,548;-49,156;2025-03-29 04:50:00.0;0,00
SÃO JOSÉ DOS PINHAIS;412550602A;PR;Quississana;-25,548;-49,156;2025-03-29 05:50:00.0;0,00
SÃO JOSÉ DOS PINHAIS;412550602A;PR;Quississana;-25,548;-49,156;2025-03-29 06:50:00.0;0,00
SÃO JOSÉ DOS PINHAIS;412550602A;PR;Quississana;-25,548;-49,156;2025-03-29 07:50:00.0;0,00
SÃO JOSÉ DOS PINHAIS;412550602A;PR;Quississana;-25,548;-49,156;2025-03-29 08:50:00.0;0,00
SÃO JOSÉ DOS PINHAIS;412550602A;PR;Quississana;-25,548;-49,156;2025-03-29 09:50:00.0;0,00
SÃO JOSÉ DOS PINHAIS;412550602A;PR;Quississana;-25,548;-49,156;2025-03-29 10:50:00.0;0,00
SÃO JOSÉ DOS PINHAIS;412550602A;PR;Quississana;-25,548;-49,156;2025-03-29 11:50:00.0;0,00
SÃO JOSÉ DOS PINHAIS;412550602A;PR;Quississana;-25,548;-49,156;2025-03-29 12:50:00.0;0,00
SÃO JOSÉ DOS PINHAIS;412550602A;PR;Quississana;-25,548;-49,156;2025-03-29 13:50:00.0;0,00
SÃO JOSÉ DOS PINHAIS;412550602A;PR;Quississana;-25,548;-49,156;2025-03-29 14:50:00.0;0,00
SÃO JOSÉ DOS PINHAIS;412550602A;PR;Quississana;-25,548;-49,156;2025-03-29 15:50:00.0;0,00
SÃO JOSÉ DOS PINHAIS;412550602A;PR;Quississana;-25,548;-49,156;2025-03-29 16:50:00.0;0,00
SÃO JOSÉ DOS PINHAIS;412550602A;PR;Quississana;-25,548;-49,156;2025-03-29 17:50:00.0;0,00
SÃO JOSÉ DOS PINHAIS;412550602A;PR;Quississana;-25,548;-49,156;2025-03-29 18:50:00.0;0,00
SÃO JOSÉ DOS PINHAIS;412550602A;PR;Quississana;-25,548;-49,156;2025-03-29 19:50:00.0;0,00
SÃO JOSÉ DOS PINHAIS;412550602A;PR;Quississana;-25,548;-49,156;2025-03-29 20:50:00.0;0,00
SÃO JOSÉ DOS PINHAIS;412550602A;PR;Quississana;-25,548;-49,156;2025-03-29 21:50:00.0;0,00
SÃO JOSÉ DOS PINHAIS;412550602A;PR;Quississana;-25,548;-49,156;2025-03-29 22:50:00.0;0,00
SÃO JOSÉ DOS PINHAIS;412550602A;PR;Quississana;-25,548;-49,156;2025-03-29 23:50:00.0;0,00
SÃO JOSÉ DOS PINHAIS;412550602A;PR;Quississana;-25,548;-49,156;2025-03-30 00:50:00.0;0,00
SÃO JOSÉ DOS PINHAIS;412550602A;PR;Quississana;-25,548;-49,156;2025-03-30 01:50:00.0;0,00
SÃO JOSÉ DOS PINHAIS;412550602A;PR;Quississana;-25,548;-49,156;2025-03-30 02:50:00.0;0,00
SÃO JOSÉ DOS PINHAIS;412550602A;PR;Quississana;-25,548;-49,156;2025-03-30 03:50:00.0;0,00
SÃO JOSÉ DOS PINHAIS;412550602A;PR;Quississana;-25,548;-49,156;2025-03-30 04:50:00.0;0,00
SÃO JOSÉ DOS PINHAIS;412550602A;PR;Quississana;-25,548;-49,156;2025-03-30 05:50:00.0;0,00
SÃO JOSÉ DOS PINHAIS;412550602A;PR;Quississana;-25,548;-49,156;2025-03-30 06:50:00.0;0,00
SÃO JOSÉ DOS PINHAIS;412550602A;PR;Quississana;-25,548;-49,156;2025-03-30 07:50:00.0;0,00
SÃO JOSÉ DOS PINHAIS;412550602A;PR;Quississana;-25,548;-49,156;2025-03-30 08:50:00.0;0,00
SÃO JOSÉ DOS PINHAIS;412550602A;PR;Quississana;-25,548;-49,156;2025-03-30 09:50:00.0;0,00
SÃO JOSÉ DOS PINHAIS;412550602A;PR;Quississana;-25,548;-49,156;2025-03-30 10:50:00.0;0,00
SÃO JOSÉ DOS PINHAIS;412550602A;PR;Quississana;-25,548;-49,156;2025-03-30 11:50:00.0;0,00
SÃO JOSÉ DOS PINHAIS;412550602A;PR;Quississana;-25,548;-49,156;2025-03-30 12:50:00.0;0,00
SÃO JOSÉ DOS PINHAIS;412550602A;PR;Quississana;-25,548;-49,156;2025-03-30 13:50:00.0;0,00
SÃO JOSÉ DOS PINHAIS;412550602A;PR;Quississana;-25,548;-49,156;2025-03-30 14:50:00.0;0,00
SÃO JOSÉ DOS PINHAIS;412550602A;PR;Quississana;-25,548;-49,156;2025-03-30 15:50:00.0;0,00
SÃO JOSÉ DOS PINHAIS;412550602A;PR;Quississana;-25,548;-49,156;2025-03-30 16:50:00.0;0,00
SÃO JOSÉ DOS PINHAIS;412550602A;PR;Quississana;-25,548;-49,156;2025-03-30 17:50:00.0;0,00
SÃO JOSÉ DOS PINHAIS;412550602A;PR;Quississana;-25,548;-49,156;2025-03-30 18:50:00.0;0,00
SÃO JOSÉ DOS PINHAIS;412550602A;PR;Quississana;-25,548;-49,156;2025-03-30 19:50:00.0;0,00
SÃO JOSÉ DOS PINHAIS;412550602A;PR;Quississana;-25,548;-49,156;2025-03-30 20:50:00.0;0,00
SÃO JOSÉ DOS PINHAIS;412550602A;PR;Quississana;-25,548;-49,156;2025-03-30 21:50:00.0;0,00
SÃO JOSÉ DOS PINHAIS;412550602A;PR;Quississana;-25,548;-49,156;2025-03-30 22:50:00.0;0,00
SÃO JOSÉ DOS PINHAIS;412550602A;PR;Quississana;-25,548;-49,156;2025-03-30 23:50:00.0;0,00
SÃO JOSÉ DOS PINHAIS;412550602A;PR;Quississana;-25,548;-49,156;2025-03-31 00:50:00.0;0,00
SÃO JOSÉ DOS PINHAIS;412550602A;PR;Quississana;-25,548;-49,156;2025-03-31 01:50:00.0;0,00
SÃO JOSÉ DOS PINHAIS;412550602A;PR;Quississana;-25,548;-49,156;2025-03-31 02:50:00.0;0,00
SÃO JOSÉ DOS PINHAIS;412550602A;PR;Quississana;-25,548;-49,156;2025-03-31 03:50:00.0;0,00
SÃO JOSÉ DOS PINHAIS;412550602A;PR;Quississana;-25,548;-49,156;2025-03-31 04:50:00.0;0,00
SÃO JOSÉ DOS PINHAIS;412550602A;PR;Quississana;-25,548;-49,156;2025-03-31 05:50:00.0;0,00
SÃO JOSÉ DOS PINHAIS;412550602A;PR;Quississana;-25,548;-49,156;2025-03-31 06:50:00.0;0,00
SÃO JOSÉ DOS PINHAIS;412550602A;PR;Quississana;-25,548;-49,156;2025-03-31 07:50:00.0;0,00
SÃO JOSÉ DOS PINHAIS;412550602A;PR;Quississana;-25,548;-49,156;2025-03-31 08:50:00.0;0,00
SÃO JOSÉ DOS PINHAIS;412550602A;PR;Quississana;-25,548;-49,156;2025-03-31 09:50:00.0;0,00
SÃO JOSÉ DOS PINHAIS;412550602A;PR;Quississana;-25,548;-49,156;2025-03-31 10:50:00.0;0,00
SÃO JOSÉ DOS PINHAIS;412550602A;PR;Quississana;-25,548;-49,156;2025-03-31 11:50:00.0;0,00
SÃO JOSÉ DOS PINHAIS;412550602A;PR;Quississana;-25,548;-49,156;2025-03-31 12:50:00.0;0,00
SÃO JOSÉ DOS PINHAIS;412550602A;PR;Quississana;-25,548;-49,156;2025-03-31 13:50:00.0;0,00
SÃO JOSÉ DOS PINHAIS;412550602A;PR;Quississana;-25,548;-49,156;2025-03-31 14:50:00.0;0,00
SÃO JOSÉ DOS PINHAIS;412550602A;PR;Quississana;-25,548;-49,156;2025-03-31 15:50:00.0;0,00
SÃO JOSÉ DOS PINHAIS;412550602A;PR;Quississana;-25,548;-49,156;2025-03-31 16:50:00.0;0,00
SÃO JOSÉ DOS PINHAIS;412550602A;PR;Quississana;-25,548;-49,156;2025-03-31 17:50:00.0;0,00
SÃO JOSÉ DOS PINHAIS;412550602A;PR;Quississana;-25,548;-49,156;2025-03-31 18:50:00.0;0,00
SÃO JOSÉ DOS PINHAIS;412550602A;PR;Quississana;-25,548;-49,156;2025-03-31 19:50:00.0;0,00
SÃO JOSÉ DOS PINHAIS;412550602A;PR;Quississana;-25,548;-49,156;2025-03-31 20:50:00.0;0,00
SÃO JOSÉ DOS PINHAIS;412550602A;PR;Quississana;-25,548;-49,156;2025-03-31 21:50:00.0;0,00
SÃO JOSÉ DOS PINHAIS;412550602A;PR;Quississana;-25,548;-49,156;2025-03-31 22:50:00.0;0,00
SÃO JOSÉ DOS PINHAIS;412550602A;PR;Quississana;-25,548;-49,156;2025-03-31 23:50:00.0;0,00
SÃO JOSÉ DOS PINHAIS;412550603A;PR;São Marcos;-25,606;-49,169;2025-03-01 00:10:00.0;0,00
SÃO JOSÉ DOS PINHAIS;412550603A;PR;São Marcos;-25,606;-49,169;2025-03-01 00:20:00.0;0,00
SÃO JOSÉ DOS PINHAIS;412550603A;PR;São Marcos;-25,606;-49,169;2025-03-01 01:20:00.0;0,00
SÃO JOSÉ DOS PINHAIS;412550603A;PR;São Marcos;-25,606;-49,169;2025-03-01 02:20:00.0;0,00
SÃO JOSÉ DOS PINHAIS;412550603A;PR;São Marcos;-25,606;-49,169;2025-03-01 03:20:00.0;0,00
SÃO JOSÉ DOS PINHAIS;412550603A;PR;São Marcos;-25,606;-49,169;2025-03-01 04:20:00.0;0,00
SÃO JOSÉ DOS PINHAIS;412550603A;PR;São Marcos;-25,606;-49,169;2025-03-01 05:20:00.0;0,00
SÃO JOSÉ DOS PINHAIS;412550603A;PR;São Marcos;-25,606;-49,169;2025-03-01 06:20:00.0;0,00
SÃO JOSÉ DOS PINHAIS;412550603A;PR;São Marcos;-25,606;-49,169;2025-03-01 07:20:00.0;0,00
SÃO JOSÉ DOS PINHAIS;412550603A;PR;São Marcos;-25,606;-49,169;2025-03-01 08:20:00.0;0,00
SÃO JOSÉ DOS PINHAIS;412550603A;PR;São Marcos;-25,606;-49,169;2025-03-01 09:20:00.0;0,00
SÃO JOSÉ DOS PINHAIS;412550603A;PR;São Marcos;-25,606;-49,169;2025-03-01 10:20:00.0;0,00
SÃO JOSÉ DOS PINHAIS;412550603A;PR;São Marcos;-25,606;-49,169;2025-03-01 11:20:00.0;0,00
SÃO JOSÉ DOS PINHAIS;412550603A;PR;São Marcos;-25,606;-49,169;2025-03-01 12:20:00.0;0,00
SÃO JOSÉ DOS PINHAIS;412550603A;PR;São Marcos;-25,606;-49,169;2025-03-01 13:20:00.0;0,00
SÃO JOSÉ DOS PINHAIS;412550603A;PR;São Marcos;-25,606;-49,169;2025-03-01 14:20:00.0;0,00
SÃO JOSÉ DOS PINHAIS;412550603A;PR;São Marcos;-25,606;-49,169;2025-03-01 15:20:00.0;0,00
SÃO JOSÉ DOS PINHAIS;412550603A;PR;São Marcos;-25,606;-49,169;2025-03-01 16:20:00.0;0,00
SÃO JOSÉ DOS PINHAIS;412550603A;PR;São Marcos;-25,606;-49,169;2025-03-01 17:20:00.0;0,00
SÃO JOSÉ DOS PINHAIS;412550603A;PR;São Marcos;-25,606;-49,169;2025-03-01 18:20:00.0;0,00
SÃO JOSÉ DOS PINHAIS;412550603A;PR;São Marcos;-25,606;-49,169;2025-03-01 19:20:00.0;0,00
SÃO JOSÉ DOS PINHAIS;412550603A;PR;São Marcos;-25,606;-49,169;2025-03-01 20:20:00.0;0,00
SÃO JOSÉ DOS PINHAIS;412550603A;PR;São Marcos;-25,606;-49,169;2025-03-01 21:20:00.0;0,00
SÃO JOSÉ DOS PINHAIS;412550603A;PR;São Marcos;-25,606;-49,169;2025-03-01 22:20:00.0;0,00
SÃO JOSÉ DOS PINHAIS;412550603A;PR;São Marcos;-25,606;-49,169;2025-03-01 23:20:00.0;0,00
SÃO JOSÉ DOS PINHAIS;412550603A;PR;São Marcos;-25,606;-49,169;2025-03-02 00:20:00.0;0,00
SÃO JOSÉ DOS PINHAIS;412550603A;PR;São Marcos;-25,606;-49,169;2025-03-02 01:20:00.0;0,00
SÃO JOSÉ DOS PINHAIS;412550603A;PR;São Marcos;-25,606;-49,169;2025-03-02 02:20:00.0;0,00
SÃO JOSÉ DOS PINHAIS;412550603A;PR;São Marcos;-25,606;-49,169;2025-03-02 03:20:00.0;0,00
SÃO JOSÉ DOS PINHAIS;412550603A;PR;São Marcos;-25,606;-49,169;2025-03-02 04:20:00.0;0,00
SÃO JOSÉ DOS PINHAIS;412550603A;PR;São Marcos;-25,606;-49,169;2025-03-02 05:20:00.0;0,00
SÃO JOSÉ DOS PINHAIS;412550603A;PR;São Marcos;-25,606;-49,169;2025-03-02 06:20:00.0;0,00
SÃO JOSÉ DOS PINHAIS;412550603A;PR;São Marcos;-25,606;-49,169;2025-03-02 07:20:00.0;0,00
SÃO JOSÉ DOS PINHAIS;412550603A;PR;São Marcos;-25,606;-49,169;2025-03-02 08:20:00.0;0,00
SÃO JOSÉ DOS PINHAIS;412550603A;PR;São Marcos;-25,606;-49,169;2025-03-02 09:20:00.0;0,00
SÃO JOSÉ DOS PINHAIS;412550603A;PR;São Marcos;-25,606;-49,169;2025-03-02 10:00:00.0;0,20
SÃO JOSÉ DOS PINHAIS;412550603A;PR;São Marcos;-25,606;-49,169;2025-03-02 10:20:00.0;0,00
SÃO JOSÉ DOS PINHAIS;412550603A;PR;São Marcos;-25,606;-49,169;2025-03-02 11:20:00.0;0,00
SÃO JOSÉ DOS PINHAIS;412550603A;PR;São Marcos;-25,606;-49,169;2025-03-02 12:20:00.0;0,00
SÃO JOSÉ DOS PINHAIS;412550603A;PR;São Marcos;-25,606;-49,169;2025-03-02 13:20:00.0;0,00
SÃO JOSÉ DOS PINHAIS;412550603A;PR;São Marcos;-25,606;-49,169;2025-03-02 14:20:00.0;0,00
SÃO JOSÉ DOS PINHAIS;412550603A;PR;São Marcos;-25,606;-49,169;2025-03-02 15:20:00.0;0,00
SÃO JOSÉ DOS PINHAIS;412550603A;PR;São Marcos;-25,606;-49,169;2025-03-02 16:20:00.0;0,00
SÃO JOSÉ DOS PINHAIS;412550603A;PR;São Marcos;-25,606;-49,169;2025-03-02 17:20:00.0;0,00
SÃO JOSÉ DOS PINHAIS;412550603A;PR;São Marcos;-25,606;-49,169;2025-03-02 18:20:00.0;0,00
SÃO JOSÉ DOS PINHAIS;412550603A;PR;São Marcos;-25,606;-49,169;2025-03-02 19:20:00.0;0,00
SÃO JOSÉ DOS PINHAIS;412550603A;PR;São Marcos;-25,606;-49,169;2025-03-02 20:20:00.0;0,00
SÃO JOSÉ DOS PINHAIS;412550603A;PR;São Marcos;-25,606;-49,169;2025-03-02 21:20:00.0;0,00
SÃO JOSÉ DOS PINHAIS;412550603A;PR;São Marcos;-25,606;-49,169;2025-03-02 22:20:00.0;0,00
SÃO JOSÉ DOS PINHAIS;412550603A;PR;São Marcos;-25,606;-49,169;2025-03-02 23:20:00.0;0,00
SÃO JOSÉ DOS PINHAIS;412550603A;PR;São Marcos;-25,606;-49,169;2025-03-03 00:20:00.0;0,00
SÃO JOSÉ DOS PINHAIS;412550603A;PR;São Marcos;-25,606;-49,169;2025-03-03 01:20:00.0;0,00
SÃO JOSÉ DOS PINHAIS;412550603A;PR;São Marcos;-25,606;-49,169;2025-03-03 02:20:00.0;0,00
SÃO JOSÉ DOS PINHAIS;412550603A;PR;São Marcos;-25,606;-49,169;2025-03-03 03:20:00.0;0,00
SÃO JOSÉ DOS PINHAIS;412550603A;PR;São Marcos;-25,606;-49,169;2025-03-03 04:20:00.0;0,00
SÃO JOSÉ DOS PINHAIS;412550603A;PR;São Marcos;-25,606;-49,169;2025-03-03 05:20:00.0;0,00
SÃO JOSÉ DOS PINHAIS;412550603A;PR;São Marcos;-25,606;-49,169;2025-03-03 06:20:00.0;0,00
SÃO JOSÉ DOS PINHAIS;412550603A;PR;São Marcos;-25,606;-49,169;2025-03-03 07:20:00.0;0,00
SÃO JOSÉ DOS PINHAIS;412550603A;PR;São Marcos;-25,606;-49,169;2025-03-03 08:20:00.0;0,00
SÃO JOSÉ DOS PINHAIS;412550603A;PR;São Marcos;-25,606;-49,169;2025-03-03 09:20:00.0;0,00
SÃO JOSÉ DOS PINHAIS;412550603A;PR;São Marcos;-25,606;-49,169;2025-03-03 10:20:00.0;0,00
SÃO JOSÉ DOS PINHAIS;412550603A;PR;São Marcos;-25,606;-49,169;2025-03-03 11:20:00.0;0,00
SÃO JOSÉ DOS PINHAIS;412550603A;PR;São Marcos;-25,606;-49,169;2025-03-03 12:20:00.0;0,00
SÃO JOSÉ DOS PINHAIS;412550603A;PR;São Marcos;-25,606;-49,169;2025-03-03 13:20:00.0;0,00
SÃO JOSÉ DOS PINHAIS;412550603A;PR;São Marcos;-25,606;-49,169;2025-03-03 14:20:00.0;0,00
SÃO JOSÉ DOS PINHAIS;412550603A;PR;São Marcos;-25,606;-49,169;2025-03-03 15:20:00.0;0,00
SÃO JOSÉ DOS PINHAIS;412550603A;PR;São Marcos;-25,606;-49,169;2025-03-03 16:20:00.0;0,00
SÃO JOSÉ DOS PINHAIS;412550603A;PR;São Marcos;-25,606;-49,169;2025-03-03 17:20:00.0;0,00
SÃO JOSÉ DOS PINHAIS;412550603A;PR;São Marcos;-25,606;-49,169;2025-03-03 18:20:00.0;0,00
SÃO JOSÉ DOS PINHAIS;412550603A;PR;São Marcos;-25,606;-49,169;2025-03-03 19:20:00.0;0,00
SÃO JOSÉ DOS PINHAIS;412550603A;PR;São Marcos;-25,606;-49,169;2025-03-03 20:20:00.0;0,00
SÃO JOSÉ DOS PINHAIS;412550603A;PR;São Marcos;-25,606;-49,169;2025-03-03 21:20:00.0;0,00
SÃO JOSÉ DOS PINHAIS;412550603A;PR;São Marcos;-25,606;-49,169;2025-03-03 22:20:00.0;0,00
SÃO JOSÉ DOS PINHAIS;412550603A;PR;São Marcos;-25,606;-49,169;2025-03-03 23:20:00.0;0,00
SÃO JOSÉ DOS PINHAIS;412550603A;PR;São Marcos;-25,606;-49,169;2025-03-04 00:20:00.0;0,00
SÃO JOSÉ DOS PINHAIS;412550603A;PR;São Marcos;-25,606;-49,169;2025-03-04 01:20:00.0;0,00
SÃO JOSÉ DOS PINHAIS;412550603A;PR;São Marcos;-25,606;-49,169;2025-03-04 02:20:00.0;0,00
SÃO JOSÉ DOS PINHAIS;412550603A;PR;São Marcos;-25,606;-49,169;2025-03-04 03:20:00.0;0,00
SÃO JOSÉ DOS PINHAIS;412550603A;PR;São Marcos;-25,606;-49,169;2025-03-04 04:20:00.0;0,00
SÃO JOSÉ DOS PINHAIS;412550603A;PR;São Marcos;-25,606;-49,169;2025-03-04 05:20:00.0;0,00
SÃO JOSÉ DOS PINHAIS;412550603A;PR;São Marcos;-25,606;-49,169;2025-03-04 06:20:00.0;0,00
SÃO JOSÉ DOS PINHAIS;412550603A;PR;São Marcos;-25,606;-49,169;2025-03-04 07:20:00.0;0,00
SÃO JOSÉ DOS PINHAIS;412550603A;PR;São Marcos;-25,606;-49,169;2025-03-04 08:20:00.0;0,00
SÃO JOSÉ DOS PINHAIS;412550603A;PR;São Marcos;-25,606;-49,169;2025-03-04 09:20:00.0;0,00
SÃO JOSÉ DOS PINHAIS;412550603A;PR;São Marcos;-25,606;-49,169;2025-03-04 10:20:00.0;0,00
SÃO JOSÉ DOS PINHAIS;412550603A;PR;São Marcos;-25,606;-49,169;2025-03-04 11:20:00.0;0,00
SÃO JOSÉ DOS PINHAIS;412550603A;PR;São Marcos;-25,606;-49,169;2025-03-04 12:20:00.0;0,00
SÃO JOSÉ DOS PINHAIS;412550603A;PR;São Marcos;-25,606;-49,169;2025-03-04 13:20:00.0;0,00
SÃO JOSÉ DOS PINHAIS;412550603A;PR;São Marcos;-25,606;-49,169;2025-03-04 14:20:00.0;0,00
SÃO JOSÉ DOS PINHAIS;412550603A;PR;São Marcos;-25,606;-49,169;2025-03-04 15:20:00.0;0,00
SÃO JOSÉ DOS PINHAIS;412550603A;PR;São Marcos;-25,606;-49,169;2025-03-04 16:20:00.0;0,00
SÃO JOSÉ DOS PINHAIS;412550603A;PR;São Marcos;-25,606;-49,169;2025-03-04 17:20:00.0;0,00
SÃO JOSÉ DOS PINHAIS;412550603A;PR;São Marcos;-25,606;-49,169;2025-03-04 18:20:00.0;0,00
SÃO JOSÉ DOS PINHAIS;412550603A;PR;São Marcos;-25,606;-49,169;2025-03-04 19:20:00.0;0,00
SÃO JOSÉ DOS PINHAIS;412550603A;PR;São Marcos;-25,606;-49,169;2025-03-04 20:20:00.0;0,00
SÃO JOSÉ DOS PINHAIS;412550603A;PR;São Marcos;-25,606;-49,169;2025-03-04 21:20:00.0;0,00
SÃO JOSÉ DOS PINHAIS;412550603A;PR;São Marcos;-25,606;-49,169;2025-03-04 22:20:00.0;0,00
SÃO JOSÉ DOS PINHAIS;412550603A;PR;São Marcos;-25,606;-49,169;2025-03-04 23:20:00.0;0,00
SÃO JOSÉ DOS PINHAIS;412550603A;PR;São Marcos;-25,606;-49,169;2025-03-05 00:20:00.0;0,00
SÃO JOSÉ DOS PINHAIS;412550603A;PR;São Marcos;-25,606;-49,169;2025-03-05 01:20:00.0;0,00
SÃO JOSÉ DOS PINHAIS;412550603A;PR;São Marcos;-25,606;-49,169;2025-03-05 02:20:00.0;0,00
SÃO JOSÉ DOS PINHAIS;412550603A;PR;São Marcos;-25,606;-49,169;2025-03-05 03:20:00.0;0,00
SÃO JOSÉ DOS PINHAIS;412550603A;PR;São Marcos;-25,606;-49,169;2025-03-05 04:20:00.0;0,00
SÃO JOSÉ DOS PINHAIS;412550603A;PR;São Marcos;-25,606;-49,169;2025-03-05 05:20:00.0;0,00
SÃO JOSÉ DOS PINHAIS;412550603A;PR;São Marcos;-25,606;-49,169;2025-03-05 06:20:00.0;0,00
SÃO JOSÉ DOS PINHAIS;412550603A;PR;São Marcos;-25,606;-49,169;2025-03-05 07:20:00.0;0,00
SÃO JOSÉ DOS PINHAIS;412550603A;PR;São Marcos;-25,606;-49,169;2025-03-05 08:20:00.0;0,00
SÃO JOSÉ DOS PINHAIS;412550603A;PR;São Marcos;-25,606;-49,169;2025-03-05 09:20:00.0;0,00
SÃO JOSÉ DOS PINHAIS;412550603A;PR;São Marcos;-25,606;-49,169;2025-03-05 10:20:00.0;0,00
SÃO JOSÉ DOS PINHAIS;412550603A;PR;São Marcos;-25,606;-49,169;2025-03-05 11:20:00.0;0,00
SÃO JOSÉ DOS PINHAIS;412550603A;PR;São Marcos;-25,606;-49,169;2025-03-05 12:20:00.0;0,00
SÃO JOSÉ DOS PINHAIS;412550603A;PR;São Marcos;-25,606;-49,169;2025-03-05 13:20:00.0;0,00
SÃO JOSÉ DOS PINHAIS;412550603A;PR;São Marcos;-25,606;-49,169;2025-03-05 14:20:00.0;0,00
SÃO JOSÉ DOS PINHAIS;412550603A;PR;São Marcos;-25,606;-49,169;2025-03-05 15:20:00.0;0,00
SÃO JOSÉ DOS PINHAIS;412550603A;PR;São Marcos;-25,606;-49,169;2025-03-05 16:20:00.0;0,00
SÃO JOSÉ DOS PINHAIS;412550603A;PR;São Marcos;-25,606;-49,169;2025-03-05 17:20:00.0;0,00
SÃO JOSÉ DOS PINHAIS;412550603A;PR;São Marcos;-25,606;-49,169;2025-03-05 18:20:00.0;0,00
SÃO JOSÉ DOS PINHAIS;412550603A;PR;São Marcos;-25,606;-49,169;2025-03-05 19:20:00.0;0,00
SÃO JOSÉ DOS PINHAIS;412550603A;PR;São Marcos;-25,606;-49,169;2025-03-05 20:20:00.0;0,00
SÃO JOSÉ DOS PINHAIS;412550603A;PR;São Marcos;-25,606;-49,169;2025-03-05 21:20:00.0;0,00
SÃO JOSÉ DOS PINHAIS;412550603A;PR;São Marcos;-25,606;-49,169;2025-03-05 22:20:00.0;0,00
SÃO JOSÉ DOS PINHAIS;412550603A;PR;São Marcos;-25,606;-49,169;2025-03-05 23:20:00.0;0,00
SÃO JOSÉ DOS PINHAIS;412550603A;PR;São Marcos;-25,606;-49,169;2025-03-06 00:20:00.0;0,00
SÃO JOSÉ DOS PINHAIS;412550603A;PR;São Marcos;-25,606;-49,169;2025-03-06 01:20:00.0;0,00
SÃO JOSÉ DOS PINHAIS;412550603A;PR;São Marcos;-25,606;-49,169;2025-03-06 02:20:00.0;0,00
SÃO JOSÉ DOS PINHAIS;412550603A;PR;São Marcos;-25,606;-49,169;2025-03-06 03:20:00.0;0,00
SÃO JOSÉ DOS PINHAIS;412550603A;PR;São Marcos;-25,606;-49,169;2025-03-06 04:20:00.0;0,00
SÃO JOSÉ DOS PINHAIS;412550603A;PR;São Marcos;-25,606;-49,169;2025-03-06 05:20:00.0;0,00
SÃO JOSÉ DOS PINHAIS;412550603A;PR;São Marcos;-25,606;-49,169;2025-03-06 06:20:00.0;0,00
SÃO JOSÉ DOS PINHAIS;412550603A;PR;São Marcos;-25,606;-49,169;2025-03-06 07:20:00.0;0,00
SÃO JOSÉ DOS PINHAIS;412550603A;PR;São Marcos;-25,606;-49,169;2025-03-06 08:20:00.0;0,00
SÃO JOSÉ DOS PINHAIS;412550603A;PR;São Marcos;-25,606;-49,169;2025-03-06 09:20:00.0;0,00
SÃO JOSÉ DOS PINHAIS;412550603A;PR;São Marcos;-25,606;-49,169;2025-03-06 10:20:00.0;0,00
SÃO JOSÉ DOS PINHAIS;412550603A;PR;São Marcos;-25,606;-49,169;2025-03-06 11:20:00.0;0,00
SÃO JOSÉ DOS PINHAIS;412550603A;PR;São Marcos;-25,606;-49,169;2025-03-06 12:20:00.0;0,00
SÃO JOSÉ DOS PINHAIS;412550603A;PR;São Marcos;-25,606;-49,169;2025-03-06 13:20:00.0;0,00
SÃO JOSÉ DOS PINHAIS;412550603A;PR;São Marcos;-25,606;-49,169;2025-03-06 14:20:00.0;0,00
SÃO JOSÉ DOS PINHAIS;412550603A;PR;São Marcos;-25,606;-49,169;2025-03-06 15:20:00.0;0,00
SÃO JOSÉ DOS PINHAIS;412550603A;PR;São Marcos;-25,606;-49,169;2025-03-06 16:20:00.0;0,00
SÃO JOSÉ DOS PINHAIS;412550603A;PR;São Marcos;-25,606;-49,169;2025-03-06 17:20:00.0;0,00
SÃO JOSÉ DOS PINHAIS;412550603A;PR;São Marcos;-25,606;-49,169;2025-03-06 18:20:00.0;0,00
SÃO JOSÉ DOS PINHAIS;412550603A;PR;São Marcos;-25,606;-49,169;2025-03-06 19:20:00.0;0,00
SÃO JOSÉ DOS PINHAIS;412550603A;PR;São Marcos;-25,606;-49,169;2025-03-06 20:20:00.0;0,00
SÃO JOSÉ DOS PINHAIS;412550603A;PR;São Marcos;-25,606;-49,169;2025-03-06 21:20:00.0;0,00
SÃO JOSÉ DOS PINHAIS;412550603A;PR;São Marcos;-25,606;-49,169;2025-03-06 22:20:00.0;0,00
SÃO JOSÉ DOS PINHAIS;412550603A;PR;São Marcos;-25,606;-49,169;2025-03-06 23:20:00.0;0,00
SÃO JOSÉ DOS PINHAIS;412550603A;PR;São Marcos;-25,606;-49,169;2025-03-07 00:20:00.0;0,00
SÃO JOSÉ DOS PINHAIS;412550603A;PR;São Marcos;-25,606;-49,169;2025-03-07 01:20:00.0;0,00
SÃO JOSÉ DOS PINHAIS;412550603A;PR;São Marcos;-25,606;-49,169;2025-03-07 02:20:00.0;0,00
SÃO JOSÉ DOS PINHAIS;412550603A;PR;São Marcos;-25,606;-49,169;2025-03-07 03:20:00.0;0,00
SÃO JOSÉ DOS PINHAIS;412550603A;PR;São Marcos;-25,606;-49,169;2025-03-07 04:20:00.0;0,00
SÃO JOSÉ DOS PINHAIS;412550603A;PR;São Marcos;-25,606;-49,169;2025-03-07 05:20:00.0;0,00
SÃO JOSÉ DOS PINHAIS;412550603A;PR;São Marcos;-25,606;-49,169;2025-03-07 06:20:00.0;0,00
SÃO JOSÉ DOS PINHAIS;412550603A;PR;São Marcos;-25,606;-49,169;2025-03-07 07:20:00.0;0,00
SÃO JOSÉ DOS PINHAIS;412550603A;PR;São Marcos;-25,606;-49,169;2025-03-07 08:20:00.0;0,20
SÃO JOSÉ DOS PINHAIS;412550603A;PR;São Marcos;-25,606;-49,169;2025-03-07 09:20:00.0;0,00
SÃO JOSÉ DOS PINHAIS;412550603A;PR;São Marcos;-25,606;-49,169;2025-03-07 10:20:00.0;0,00
SÃO JOSÉ DOS PINHAIS;412550603A;PR;São Marcos;-25,606;-49,169;2025-03-07 11:20:00.0;0,00
SÃO JOSÉ DOS PINHAIS;412550603A;PR;São Marcos;-25,606;-49,169;2025-03-07 11:40:00.0;0,20
SÃO JOSÉ DOS PINHAIS;412550603A;PR;São Marcos;-25,606;-49,169;2025-03-07 12:20:00.0;0,00
SÃO JOSÉ DOS PINHAIS;412550603A;PR;São Marcos;-25,606;-49,169;2025-03-07 13:20:00.0;0,00
SÃO JOSÉ DOS PINHAIS;412550603A;PR;São Marcos;-25,606;-49,169;2025-03-07 14:20:00.0;0,00
SÃO JOSÉ DOS PINHAIS;412550603A;PR;São Marcos;-25,606;-49,169;2025-03-07 15:20:00.0;0,00
SÃO JOSÉ DOS PINHAIS;412550603A;PR;São Marcos;-25,606;-49,169;2025-03-07 16:20:00.0;0,00
SÃO JOSÉ DOS PINHAIS;412550603A;PR;São Marcos;-25,606;-49,169;2025-03-07 17:20:00.0;0,00
SÃO JOSÉ DOS PINHAIS;412550603A;PR;São Marcos;-25,606;-49,169;2025-03-07 18:20:00.0;0,00
SÃO JOSÉ DOS PINHAIS;412550603A;PR;São Marcos;-25,606;-49,169;2025-03-07 19:20:00.0;0,00
SÃO JOSÉ DOS PINHAIS;412550603A;PR;São Marcos;-25,606;-49,169;2025-03-07 20:20:00.0;0,00
SÃO JOSÉ DOS PINHAIS;412550603A;PR;São Marcos;-25,606;-49,169;2025-03-07 21:20:00.0;0,00
SÃO JOSÉ DOS PINHAIS;412550603A;PR;São Marcos;-25,606;-49,169;2025-03-07 22:20:00.0;0,00
SÃO JOSÉ DOS PINHAIS;412550603A;PR;São Marcos;-25,606;-49,169;2025-03-07 23:20:00.0;0,00
SÃO JOSÉ DOS PINHAIS;412550603A;PR;São Marcos;-25,606;-49,169;2025-03-08 00:20:00.0;0,00
SÃO JOSÉ DOS PINHAIS;412550603A;PR;São Marcos;-25,606;-49,169;2025-03-08 01:20:00.0;0,00
SÃO JOSÉ DOS PINHAIS;412550603A;PR;São Marcos;-25,606;-49,169;2025-03-08 02:20:00.0;0,00
SÃO JOSÉ DOS PINHAIS;412550603A;PR;São Marcos;-25,606;-49,169;2025-03-08 03:20:00.0;0,00
SÃO JOSÉ DOS PINHAIS;412550603A;PR;São Marcos;-25,606;-49,169;2025-03-08 04:20:00.0;0,00
SÃO JOSÉ DOS PINHAIS;412550603A;PR;São Marcos;-25,606;-49,169;2025-03-08 05:20:00.0;0,00
SÃO JOSÉ DOS PINHAIS;412550603A;PR;São Marcos;-25,606;-49,169;2025-03-08 06:20:00.0;0,00
SÃO JOSÉ DOS PINHAIS;412550603A;PR;São Marcos;-25,606;-49,169;2025-03-08 07:20:00.0;0,00
SÃO JOSÉ DOS PINHAIS;412550603A;PR;São Marcos;-25,606;-49,169;2025-03-08 08:20:00.0;0,00
SÃO JOSÉ DOS PINHAIS;412550603A;PR;São Marcos;-25,606;-49,169;2025-03-08 09:20:00.0;0,00
SÃO JOSÉ DOS PINHAIS;412550603A;PR;São Marcos;-25,606;-49,169;2025-03-08 10:20:00.0;0,00
SÃO JOSÉ DOS PINHAIS;412550603A;PR;São Marcos;-25,606;-49,169;2025-03-08 11:20:00.0;0,00
SÃO JOSÉ DOS PINHAIS;412550603A;PR;São Marcos;-25,606;-49,169;2025-03-08 12:20:00.0;0,00
SÃO JOSÉ DOS PINHAIS;412550603A;PR;São Marcos;-25,606;-49,169;2025-03-08 13:20:00.0;0,00
SÃO JOSÉ DOS PINHAIS;412550603A;PR;São Marcos;-25,606;-49,169;2025-03-08 14:20:00.0;0,00
SÃO JOSÉ DOS PINHAIS;412550603A;PR;São Marcos;-25,606;-49,169;2025-03-08 15:20:00.0;0,00
SÃO JOSÉ DOS PINHAIS;412550603A;PR;São Marcos;-25,606;-49,169;2025-03-08 16:20:00.0;0,00
SÃO JOSÉ DOS PINHAIS;412550603A;PR;São Marcos;-25,606;-49,169;2025-03-08 17:20:00.0;0,00
SÃO JOSÉ DOS PINHAIS;412550603A;PR;São Marcos;-25,606;-49,169;2025-03-08 18:20:00.0;0,00
SÃO JOSÉ DOS PINHAIS;412550603A;PR;São Marcos;-25,606;-49,169;2025-03-08 19:20:00.0;0,00
SÃO JOSÉ DOS PINHAIS;412550603A;PR;São Marcos;-25,606;-49,169;2025-03-08 20:20:00.0;0,00
SÃO JOSÉ DOS PINHAIS;412550603A;PR;São Marcos;-25,606;-49,169;2025-03-08 21:20:00.0;0,00
SÃO JOSÉ DOS PINHAIS;412550603A;PR;São Marcos;-25,606;-49,169;2025-03-08 22:20:00.0;0,00
SÃO JOSÉ DOS PINHAIS;412550603A;PR;São Marcos;-25,606;-49,169;2025-03-08 23:20:00.0;0,00
SÃO JOSÉ DOS PINHAIS;412550603A;PR;São Marcos;-25,606;-49,169;2025-03-09 00:20:00.0;0,00
SÃO JOSÉ DOS PINHAIS;412550603A;PR;São Marcos;-25,606;-49,169;2025-03-09 01:20:00.0;0,00
SÃO JOSÉ DOS PINHAIS;412550603A;PR;São Marcos;-25,606;-49,169;2025-03-09 02:20:00.0;0,00
SÃO JOSÉ DOS PINHAIS;412550603A;PR;São Marcos;-25,606;-49,169;2025-03-09 03:20:00.0;0,00
SÃO JOSÉ DOS PINHAIS;412550603A;PR;São Marcos;-25,606;-49,169;2025-03-09 04:20:00.0;0,00
SÃO JOSÉ DOS PINHAIS;412550603A;PR;São Marcos;-25,606;-49,169;2025-03-09 05:20:00.0;0,00
SÃO JOSÉ DOS PINHAIS;412550603A;PR;São Marcos;-25,606;-49,169;2025-03-09 06:20:00.0;0,00
SÃO JOSÉ DOS PINHAIS;412550603A;PR;São Marcos;-25,606;-49,169;2025-03-09 07:20:00.0;0,00
SÃO JOSÉ DOS PINHAIS;412550603A;PR;São Marcos;-25,606;-49,169;2025-03-09 08:20:00.0;0,00
SÃO JOSÉ DOS PINHAIS;412550603A;PR;São Marcos;-25,606;-49,169;2025-03-09 09:20:00.0;0,00
SÃO JOSÉ DOS PINHAIS;412550603A;PR;São Marcos;-25,606;-49,169;2025-03-09 10:20:00.0;0,00
SÃO JOSÉ DOS PINHAIS;412550603A;PR;São Marcos;-25,606;-49,169;2025-03-09 11:20:00.0;0,00
SÃO JOSÉ DOS PINHAIS;412550603A;PR;São Marcos;-25,606;-49,169;2025-03-09 12:20:00.0;0,00
SÃO JOSÉ DOS PINHAIS;412550603A;PR;São Marcos;-25,606;-49,169;2025-03-09 13:20:00.0;0,00
SÃO JOSÉ DOS PINHAIS;412550603A;PR;São Marcos;-25,606;-49,169;2025-03-09 14:20:00.0;0,00
SÃO JOSÉ DOS PINHAIS;412550603A;PR;São Marcos;-25,606;-49,169;2025-03-09 15:20:00.0;0,00
SÃO JOSÉ DOS PINHAIS;412550603A;PR;São Marcos;-25,606;-49,169;2025-03-09 16:20:00.0;0,00
SÃO JOSÉ DOS PINHAIS;412550603A;PR;São Marcos;-25,606;-49,169;2025-03-09 17:20:00.0;0,00
SÃO JOSÉ DOS PINHAIS;412550603A;PR;São Marcos;-25,606;-49,169;2025-03-09 18:20:00.0;0,00
SÃO JOSÉ DOS PINHAIS;412550603A;PR;São Marcos;-25,606;-49,169;2025-03-09 19:20:00.0;0,00
SÃO JOSÉ DOS PINHAIS;412550603A;PR;São Marcos;-25,606;-49,169;2025-03-09 20:20:00.0;0,00
SÃO JOSÉ DOS PINHAIS;412550603A;PR;São Marcos;-25,606;-49,169;2025-03-09 20:40:00.0;2,95
SÃO JOSÉ DOS PINHAIS;412550603A;PR;São Marcos;-25,606;-49,169;2025-03-09 20:50:00.0;4,72
SÃO JOSÉ DOS PINHAIS;412550603A;PR;São Marcos;-25,606;-49,169;2025-03-09 21:00:00.0;2,95
SÃO JOSÉ DOS PINHAIS;412550603A;PR;São Marcos;-25,606;-49,169;2025-03-09 21:10:00.0;0,20
SÃO JOSÉ DOS PINHAIS;412550603A;PR;São Marcos;-25,606;-49,169;2025-03-09 21:20:00.0;0,00
SÃO JOSÉ DOS PINHAIS;412550603A;PR;São Marcos;-25,606;-49,169;2025-03-09 22:20:00.0;0,00
SÃO JOSÉ DOS PINHAIS;412550603A;PR;São Marcos;-25,606;-49,169;2025-03-09 22:40:00.0;0,59
SÃO JOSÉ DOS PINHAIS;412550603A;PR;São Marcos;-25,606;-49,169;2025-03-09 22:50:00.0;0,20
SÃO JOSÉ DOS PINHAIS;412550603A;PR;São Marcos;-25,606;-49,169;2025-03-09 23:10:00.0;0,20
SÃO JOSÉ DOS PINHAIS;412550603A;PR;São Marcos;-25,606;-49,169;2025-03-09 23:20:00.0;1,37
SÃO JOSÉ DOS PINHAIS;412550603A;PR;São Marcos;-25,606;-49,169;2025-03-09 23:30:00.0;0,59
SÃO JOSÉ DOS PINHAIS;412550603A;PR;São Marcos;-25,606;-49,169;2025-03-09 23:40:00.0;0,20
SÃO JOSÉ DOS PINHAIS;412550603A;PR;São Marcos;-25,606;-49,169;2025-03-10 00:20:00.0;0,00
SÃO JOSÉ DOS PINHAIS;412550603A;PR;São Marcos;-25,606;-49,169;2025-03-10 00:30:00.0;0,20
SÃO JOSÉ DOS PINHAIS;412550603A;PR;São Marcos;-25,606;-49,169;2025-03-10 00:40:00.0;0,20
SÃO JOSÉ DOS PINHAIS;412550603A;PR;São Marcos;-25,606;-49,169;2025-03-10 00:50:00.0;0,39
SÃO JOSÉ DOS PINHAIS;412550603A;PR;São Marcos;-25,606;-49,169;2025-03-10 01:00:00.0;0,39
SÃO JOSÉ DOS PINHAIS;412550603A;PR;São Marcos;-25,606;-49,169;2025-03-10 01:10:00.0;0,39
SÃO JOSÉ DOS PINHAIS;412550603A;PR;São Marcos;-25,606;-49,169;2025-03-10 01:20:00.0;0,00
SÃO JOSÉ DOS PINHAIS;412550603A;PR;São Marcos;-25,606;-49,169;2025-03-10 01:30:00.0;0,20
SÃO JOSÉ DOS PINHAIS;412550603A;PR;São Marcos;-25,606;-49,169;2025-03-10 02:20:00.0;0,00
SÃO JOSÉ DOS PINHAIS;412550603A;PR;São Marcos;-25,606;-49,169;2025-03-10 03:20:00.0;0,00
SÃO JOSÉ DOS PINHAIS;412550603A;PR;São Marcos;-25,606;-49,169;2025-03-10 04:20:00.0;0,00
SÃO JOSÉ DOS PINHAIS;412550603A;PR;São Marcos;-25,606;-49,169;2025-03-10 05:20:00.0;0,00
SÃO JOSÉ DOS PINHAIS;412550603A;PR;São Marcos;-25,606;-49,169;2025-03-10 06:20:00.0;0,00
SÃO JOSÉ DOS PINHAIS;412550603A;PR;São Marcos;-25,606;-49,169;2025-03-10 07:20:00.0;0,00
SÃO JOSÉ DOS PINHAIS;412550603A;PR;São Marcos;-25,606;-49,169;2025-03-10 08:20:00.0;0,00
SÃO JOSÉ DOS PINHAIS;412550603A;PR;São Marcos;-25,606;-49,169;2025-03-10 09:20:00.0;0,00
SÃO JOSÉ DOS PINHAIS;412550603A;PR;São Marcos;-25,606;-49,169;2025-03-10 10:20:00.0;0,00
SÃO JOSÉ DOS PINHAIS;412550603A;PR;São Marcos;-25,606;-49,169;2025-03-10 11:20:00.0;0,00
SÃO JOSÉ DOS PINHAIS;412550603A;PR;São Marcos;-25,606;-49,169;2025-03-10 12:20:00.0;0,00
SÃO JOSÉ DOS PINHAIS;412550603A;PR;São Marcos;-25,606;-49,169;2025-03-10 13:20:00.0;0,00
SÃO JOSÉ DOS PINHAIS;412550603A;PR;São Marcos;-25,606;-49,169;2025-03-10 14:20:00.0;0,00
SÃO JOSÉ DOS PINHAIS;412550603A;PR;São Marcos;-25,606;-49,169;2025-03-10 15:20:00.0;0,00
SÃO JOSÉ DOS PINHAIS;412550603A;PR;São Marcos;-25,606;-49,169;2025-03-10 16:20:00.0;0,00
SÃO JOSÉ DOS PINHAIS;412550603A;PR;São Marcos;-25,606;-49,169;2025-03-10 17:20:00.0;0,00
SÃO JOSÉ DOS PINHAIS;412550603A;PR;São Marcos;-25,606;-49,169;2025-03-10 18:20:00.0;0,00
SÃO JOSÉ DOS PINHAIS;412550603A;PR;São Marcos;-25,606;-49,169;2025-03-10 19:20:00.0;0,00
SÃO JOSÉ DOS PINHAIS;412550603A;PR;São Marcos;-25,606;-49,169;2025-03-10 20:20:00.0;0,00
SÃO JOSÉ DOS PINHAIS;412550603A;PR;São Marcos;-25,606;-49,169;2025-03-10 21:20:00.0;0,00
SÃO JOSÉ DOS PINHAIS;412550603A;PR;São Marcos;-25,606;-49,169;2025-03-10 22:20:00.0;0,00
SÃO JOSÉ DOS PINHAIS;412550603A;PR;São Marcos;-25,606;-49,169;2025-03-10 23:20:00.0;0,00
SÃO JOSÉ DOS PINHAIS;412550603A;PR;São Marcos;-25,606;-49,169;2025-03-11 00:20:00.0;0,00
SÃO JOSÉ DOS PINHAIS;412550603A;PR;São Marcos;-25,606;-49,169;2025-03-11 01:20:00.0;0,00
SÃO JOSÉ DOS PINHAIS;412550603A;PR;São Marcos;-25,606;-49,169;2025-03-11 02:20:00.0;0,00
SÃO JOSÉ DOS PINHAIS;412550603A;PR;São Marcos;-25,606;-49,169;2025-03-11 03:20:00.0;0,00
SÃO JOSÉ DOS PINHAIS;412550603A;PR;São Marcos;-25,606;-49,169;2025-03-11 04:20:00.0;0,00
SÃO JOSÉ DOS PINHAIS;412550603A;PR;São Marcos;-25,606;-49,169;2025-03-11 05:20:00.0;0,00
SÃO JOSÉ DOS PINHAIS;412550603A;PR;São Marcos;-25,606;-49,169;2025-03-11 06:20:00.0;0,00
SÃO JOSÉ DOS PINHAIS;412550603A;PR;São Marcos;-25,606;-49,169;2025-03-11 07:20:00.0;0,00
SÃO JOSÉ DOS PINHAIS;412550603A;PR;São Marcos;-25,606;-49,169;2025-03-11 08:20:00.0;0,00
SÃO JOSÉ DOS PINHAIS;412550603A;PR;São Marcos;-25,606;-49,169;2025-03-11 09:20:00.0;0,00
SÃO JOSÉ DOS PINHAIS;412550603A;PR;São Marcos;-25,606;-49,169;2025-03-11 10:20:00.0;0,00
SÃO JOSÉ DOS PINHAIS;412550603A;PR;São Marcos;-25,606;-49,169;2025-03-11 11:20:00.0;0,00
SÃO JOSÉ DOS PINHAIS;412550603A;PR;São Marcos;-25,606;-49,169;2025-03-11 12:20:00.0;0,00
SÃO JOSÉ DOS PINHAIS;412550603A;PR;São Marcos;-25,606;-49,169;2025-03-11 13:20:00.0;0,00
SÃO JOSÉ DOS PINHAIS;412550603A;PR;São Marcos;-25,606;-49,169;2025-03-11 14:20:00.0;0,00
SÃO JOSÉ DOS PINHAIS;412550603A;PR;São Marcos;-25,606;-49,169;2025-03-11 15:20:00.0;0,00
SÃO JOSÉ DOS PINHAIS;412550603A;PR;São Marcos;-25,606;-49,169;2025-03-11 16:20:00.0;0,00
SÃO JOSÉ DOS PINHAIS;412550603A;PR;São Marcos;-25,606;-49,169;2025-03-11 17:20:00.0;0,00
SÃO JOSÉ DOS PINHAIS;412550603A;PR;São Marcos;-25,606;-49,169;2025-03-11 19:20:00.0;0,00
SÃO JOSÉ DOS PINHAIS;412550603A;PR;São Marcos;-25,606;-49,169;2025-03-11 19:50:00.0;4,13
SÃO JOSÉ DOS PINHAIS;412550603A;PR;São Marcos;-25,606;-49,169;2025-03-11 20:00:00.0;2,16
SÃO JOSÉ DOS PINHAIS;412550603A;PR;São Marcos;-25,606;-49,169;2025-03-11 20:10:00.0;0,39
SÃO JOSÉ DOS PINHAIS;412550603A;PR;São Marcos;-25,606;-49,169;2025-03-11 20:20:00.0;0,39
SÃO JOSÉ DOS PINHAIS;412550603A;PR;São Marcos;-25,606;-49,169;2025-03-11 20:30:00.0;0,20
SÃO JOSÉ DOS PINHAIS;412550603A;PR;São Marcos;-25,606;-49,169;2025-03-11 20:50:00.0;0,39
SÃO JOSÉ DOS PINHAIS;412550603A;PR;São Marcos;-25,606;-49,169;2025-03-11 21:00:00.0;0,59
SÃO JOSÉ DOS PINHAIS;412550603A;PR;São Marcos;-25,606;-49,169;2025-03-11 21:10:00.0;0,59
SÃO JOSÉ DOS PINHAIS;412550603A;PR;São Marcos;-25,606;-49,169;2025-03-11 21:20:00.0;0,39
SÃO JOSÉ DOS PINHAIS;412550603A;PR;São Marcos;-25,606;-49,169;2025-03-11 21:30:00.0;2,16
SÃO JOSÉ DOS PINHAIS;412550603A;PR;São Marcos;-25,606;-49,169;2025-03-11 21:40:00.0;0,59
SÃO JOSÉ DOS PINHAIS;412550603A;PR;São Marcos;-25,606;-49,169;2025-03-11 21:50:00.0;1,18
SÃO JOSÉ DOS PINHAIS;412550603A;PR;São Marcos;-25,606;-49,169;2025-03-11 22:00:00.0;2,76
SÃO JOSÉ DOS PINHAIS;412550603A;PR;São Marcos;-25,606;-49,169;2025-03-11 22:10:00.0;0,39
SÃO JOSÉ DOS PINHAIS;412550603A;PR;São Marcos;-25,606;-49,169;2025-03-11 22:20:00.0;0,20
SÃO JOSÉ DOS PINHAIS;412550603A;PR;São Marcos;-25,606;-49,169;2025-03-11 22:30:00.0;0,59
SÃO JOSÉ DOS PINHAIS;412550603A;PR;São Marcos;-25,606;-49,169;2025-03-11 22:40:00.0;0,98
SÃO JOSÉ DOS PINHAIS;412550603A;PR;São Marcos;-25,606;-49,169;2025-03-11 22:50:00.0;0,98
SÃO JOSÉ DOS PINHAIS;412550603A;PR;São Marcos;-25,606;-49,169;2025-03-11 23:00:00.0;0,79
SÃO JOSÉ DOS PINHAIS;412550603A;PR;São Marcos;-25,606;-49,169;2025-03-11 23:10:00.0;0,79
SÃO JOSÉ DOS PINHAIS;412550603A;PR;São Marcos;-25,606;-49,169;2025-03-11 23:20:00.0;0,59
SÃO JOSÉ DOS PINHAIS;412550603A;PR;São Marcos;-25,606;-49,169;2025-03-11 23:30:00.0;0,79
SÃO JOSÉ DOS PINHAIS;412550603A;PR;São Marcos;-25,606;-49,169;2025-03-11 23:40:00.0;0,59
SÃO JOSÉ DOS PINHAIS;412550603A;PR;São Marcos;-25,606;-49,169;2025-03-11 23:50:00.0;0,98
SÃO JOSÉ DOS PINHAIS;412550603A;PR;São Marcos;-25,606;-49,169;2025-03-12 00:00:00.0;1,18
SÃO JOSÉ DOS PINHAIS;412550603A;PR;São Marcos;-25,606;-49,169;2025-03-12 00:10:00.0;0,79
SÃO JOSÉ DOS PINHAIS;412550603A;PR;São Marcos;-25,606;-49,169;2025-03-12 00:20:00.0;0,20
SÃO JOSÉ DOS PINHAIS;412550603A;PR;São Marcos;-25,606;-49,169;2025-03-12 00:30:00.0;0,39
SÃO JOSÉ DOS PINHAIS;412550603A;PR;São Marcos;-25,606;-49,169;2025-03-12 00:40:00.0;0,20
SÃO JOSÉ DOS PINHAIS;412550603A;PR;São Marcos;-25,606;-49,169;2025-03-12 00:50:00.0;0,20
SÃO JOSÉ DOS PINHAIS;412550603A;PR;São Marcos;-25,606;-49,169;2025-03-12 01:20:00.0;0,00
SÃO JOSÉ DOS PINHAIS;412550603A;PR;São Marcos;-25,606;-49,169;2025-03-12 02:20:00.0;0,00
SÃO JOSÉ DOS PINHAIS;412550603A;PR;São Marcos;-25,606;-49,169;2025-03-12 03:20:00.0;0,00
SÃO JOSÉ DOS PINHAIS;412550603A;PR;São Marcos;-25,606;-49,169;2025-03-12 04:20:00.0;0,00
SÃO JOSÉ DOS PINHAIS;412550603A;PR;São Marcos;-25,606;-49,169;2025-03-12 05:20:00.0;0,00
SÃO JOSÉ DOS PINHAIS;412550603A;PR;São Marcos;-25,606;-49,169;2025-03-12 06:20:00.0;0,00
SÃO JOSÉ DOS PINHAIS;412550603A;PR;São Marcos;-25,606;-49,169;2025-03-12 07:20:00.0;0,00
SÃO JOSÉ DOS PINHAIS;412550603A;PR;São Marcos;-25,606;-49,169;2025-03-12 08:20:00.0;0,00
SÃO JOSÉ DOS PINHAIS;412550603A;PR;São Marcos;-25,606;-49,169;2025-03-12 08:40:00.0;0,20
SÃO JOSÉ DOS PINHAIS;412550603A;PR;São Marcos;-25,606;-49,169;2025-03-12 09:20:00.0;0,00
SÃO JOSÉ DOS PINHAIS;412550603A;PR;São Marcos;-25,606;-49,169;2025-03-12 10:20:00.0;0,00
SÃO JOSÉ DOS PINHAIS;412550603A;PR;São Marcos;-25,606;-49,169;2025-03-12 11:20:00.0;0,00
SÃO JOSÉ DOS PINHAIS;412550603A;PR;São Marcos;-25,606;-49,169;2025-03-12 12:20:00.0;0,00
SÃO JOSÉ DOS PINHAIS;412550603A;PR;São Marcos;-25,606;-49,169;2025-03-12 13:20:00.0;0,00
SÃO JOSÉ DOS PINHAIS;412550603A;PR;São Marcos;-25,606;-49,169;2025-03-12 14:20:00.0;0,00
SÃO JOSÉ DOS PINHAIS;412550603A;PR;São Marcos;-25,606;-49,169;2025-03-12 15:20:00.0;0,00
SÃO JOSÉ DOS PINHAIS;412550603A;PR;São Marcos;-25,606;-49,169;2025-03-12 16:20:00.0;0,00
SÃO JOSÉ DOS PINHAIS;412550603A;PR;São Marcos;-25,606;-49,169;2025-03-12 17:00:00.0;0,20
SÃO JOSÉ DOS PINHAIS;412550603A;PR;São Marcos;-25,606;-49,169;2025-03-12 17:20:00.0;0,00
SÃO JOSÉ DOS PINHAIS;412550603A;PR;São Marcos;-25,606;-49,169;2025-03-12 18:20:00.0;0,00
SÃO JOSÉ DOS PINHAIS;412550603A;PR;São Marcos;-25,606;-49,169;2025-03-12 20:20:00.0;0,98
SÃO JOSÉ DOS PINHAIS;412550603A;PR;São Marcos;-25,606;-49,169;2025-03-12 22:00:00.0;0,00
SÃO JOSÉ DOS PINHAIS;412550603A;PR;São Marcos;-25,606;-49,169;2025-03-12 22:20:00.0;0,00
SÃO JOSÉ DOS PINHAIS;412550603A;PR;São Marcos;-25,606;-49,169;2025-03-13 00:00:00.0;0,20
SÃO JOSÉ DOS PINHAIS;412550603A;PR;São Marcos;-25,606;-49,169;2025-03-13 00:10:00.0;0,20
SÃO JOSÉ DOS PINHAIS;412550603A;PR;São Marcos;-25,606;-49,169;2025-03-13 00:20:00.0;0,00
SÃO JOSÉ DOS PINHAIS;412550603A;PR;São Marcos;-25,606;-49,169;2025-03-13 01:10:00.0;0,20
SÃO JOSÉ DOS PINHAIS;412550603A;PR;São Marcos;-25,606;-49,169;2025-03-13 01:20:00.0;0,00
SÃO JOSÉ DOS PINHAIS;412550603A;PR;São Marcos;-25,606;-49,169;2025-03-13 02:00:00.0;0,39
SÃO JOSÉ DOS PINHAIS;412550603A;PR;São Marcos;-25,606;-49,169;2025-03-13 02:10:00.0;0,20
SÃO JOSÉ DOS PINHAIS;412550603A;PR;São Marcos;-25,606;-49,169;2025-03-13 02:20:00.0;0,00
SÃO JOSÉ DOS PINHAIS;412550603A;PR;São Marcos;-25,606;-49,169;2025-03-13 03:00:00.0;0,20
SÃO JOSÉ DOS PINHAIS;412550603A;PR;São Marcos;-25,606;-49,169;2025-03-13 03:50:00.0;0,20
SÃO JOSÉ DOS PINHAIS;412550603A;PR;São Marcos;-25,606;-49,169;2025-03-13 04:20:00.0;0,00
SÃO JOSÉ DOS PINHAIS;412550603A;PR;São Marcos;-25,606;-49,169;2025-03-13 05:20:00.0;0,00
SÃO JOSÉ DOS PINHAIS;412550603A;PR;São Marcos;-25,606;-49,169;2025-03-13 06:20:00.0;0,00
SÃO JOSÉ DOS PINHAIS;412550603A;PR;São Marcos;-25,606;-49,169;2025-03-13 06:30:00.0;0,20
SÃO JOSÉ DOS PINHAIS;412550603A;PR;São Marcos;-25,606;-49,169;2025-03-13 06:40:00.0;0,39
SÃO JOSÉ DOS PINHAIS;412550603A;PR;São Marcos;-25,606;-49,169;2025-03-13 06:50:00.0;0,20
SÃO JOSÉ DOS PINHAIS;412550603A;PR;São Marcos;-25,606;-49,169;2025-03-13 07:00:00.0;0,20
SÃO JOSÉ DOS PINHAIS;412550603A;PR;São Marcos;-25,606;-49,169;2025-03-13 07:10:00.0;0,39
SÃO JOSÉ DOS PINHAIS;412550603A;PR;São Marcos;-25,606;-49,169;2025-03-13 07:20:00.0;0,39
SÃO JOSÉ DOS PINHAIS;412550603A;PR;São Marcos;-25,606;-49,169;2025-03-13 07:30:00.0;0,39
SÃO JOSÉ DOS PINHAIS;412550603A;PR;São Marcos;-25,606;-49,169;2025-03-13 07:40:00.0;0,20
SÃO JOSÉ DOS PINHAIS;412550603A;PR;São Marcos;-25,606;-49,169;2025-03-13 08:10:00.0;0,20
SÃO JOSÉ DOS PINHAIS;412550603A;PR;São Marcos;-25,606;-49,169;2025-03-13 08:20:00.0;0,00
SÃO JOSÉ DOS PINHAIS;412550603A;PR;São Marcos;-25,606;-49,169;2025-03-13 08:30:00.0;0,20
SÃO JOSÉ DOS PINHAIS;412550603A;PR;São Marcos;-25,606;-49,169;2025-03-13 08:40:00.0;0,20
SÃO JOSÉ DOS PINHAIS;412550603A;PR;São Marcos;-25,606;-49,169;2025-03-13 08:50:00.0;0,20
SÃO JOSÉ DOS PINHAIS;412550603A;PR;São Marcos;-25,606;-49,169;2025-03-13 09:20:00.0;0,00
SÃO JOSÉ DOS PINHAIS;412550603A;PR;São Marcos;-25,606;-49,169;2025-03-13 09:30:00.0;0,20
SÃO JOSÉ DOS PINHAIS;412550603A;PR;São Marcos;-25,606;-49,169;2025-03-13 10:20:00.0;0,00
SÃO JOSÉ DOS PINHAIS;412550603A;PR;São Marcos;-25,606;-49,169;2025-03-13 11:20:00.0;0,00
SÃO JOSÉ DOS PINHAIS;412550603A;PR;São Marcos;-25,606;-49,169;2025-03-13 12:20:00.0;0,00
SÃO JOSÉ DOS PINHAIS;412550603A;PR;São Marcos;-25,606;-49,169;2025-03-13 13:20:00.0;0,00
SÃO JOSÉ DOS PINHAIS;412550603A;PR;São Marcos;-25,606;-49,169;2025-03-13 14:20:00.0;0,00
SÃO JOSÉ DOS PINHAIS;412550603A;PR;São Marcos;-25,606;-49,169;2025-03-13 15:20:00.0;0,00
SÃO JOSÉ DOS PINHAIS;412550603A;PR;São Marcos;-25,606;-49,169;2025-03-13 16:20:00.0;0,00
SÃO JOSÉ DOS PINHAIS;412550603A;PR;São Marcos;-25,606;-49,169;2025-03-13 17:20:00.0;0,00
SÃO JOSÉ DOS PINHAIS;412550603A;PR;São Marcos;-25,606;-49,169;2025-03-13 18:20:00.0;0,00
SÃO JOSÉ DOS PINHAIS;412550603A;PR;São Marcos;-25,606;-49,169;2025-03-13 19:20:00.0;0,00
SÃO JOSÉ DOS PINHAIS;412550603A;PR;São Marcos;-25,606;-49,169;2025-03-13 20:20:00.0;0,00
SÃO JOSÉ DOS PINHAIS;412550603A;PR;São Marcos;-25,606;-49,169;2025-03-13 21:20:00.0;0,00
SÃO JOSÉ DOS PINHAIS;412550603A;PR;São Marcos;-25,606;-49,169;2025-03-13 21:40:00.0;3,75
SÃO JOSÉ DOS PINHAIS;412550603A;PR;São Marcos;-25,606;-49,169;2025-03-13 21:50:00.0;1,57
SÃO JOSÉ DOS PINHAIS;412550603A;PR;São Marcos;-25,606;-49,169;2025-03-13 22:00:00.0;0,20
SÃO JOSÉ DOS PINHAIS;412550603A;PR;São Marcos;-25,606;-49,169;2025-03-13 22:10:00.0;0,79
SÃO JOSÉ DOS PINHAIS;412550603A;PR;São Marcos;-25,606;-49,169;2025-03-13 22:20:00.0;0,20
SÃO JOSÉ DOS PINHAIS;412550603A;PR;São Marcos;-25,606;-49,169;2025-03-13 22:30:00.0;0,20
SÃO JOSÉ DOS PINHAIS;412550603A;PR;São Marcos;-25,606;-49,169;2025-03-13 22:40:00.0;0,79
SÃO JOSÉ DOS PINHAIS;412550603A;PR;São Marcos;-25,606;-49,169;2025-03-13 22:50:00.0;0,79
SÃO JOSÉ DOS PINHAIS;412550603A;PR;São Marcos;-25,606;-49,169;2025-03-13 23:00:00.0;0,98
SÃO JOSÉ DOS PINHAIS;412550603A;PR;São Marcos;-25,606;-49,169;2025-03-13 23:10:00.0;0,20
SÃO JOSÉ DOS PINHAIS;412550603A;PR;São Marcos;-25,606;-49,169;2025-03-13 23:20:00.0;0,00
SÃO JOSÉ DOS PINHAIS;412550603A;PR;São Marcos;-25,606;-49,169;2025-03-13 23:30:00.0;0,39
SÃO JOSÉ DOS PINHAIS;412550603A;PR;São Marcos;-25,606;-49,169;2025-03-13 23:40:00.0;0,20
SÃO JOSÉ DOS PINHAIS;412550603A;PR;São Marcos;-25,606;-49,169;2025-03-13 23:50:00.0;0,20
SÃO JOSÉ DOS PINHAIS;412550603A;PR;São Marcos;-25,606;-49,169;2025-03-14 00:20:00.0;0,00
SÃO JOSÉ DOS PINHAIS;412550603A;PR;São Marcos;-25,606;-49,169;2025-03-14 01:20:00.0;0,00
SÃO JOSÉ DOS PINHAIS;412550603A;PR;São Marcos;-25,606;-49,169;2025-03-14 02:20:00.0;0,00
SÃO JOSÉ DOS PINHAIS;412550603A;PR;São Marcos;-25,606;-49,169;2025-03-14 03:20:00.0;0,00
SÃO JOSÉ DOS PINHAIS;412550603A;PR;São Marcos;-25,606;-49,169;2025-03-14 04:20:00.0;0,00
SÃO JOSÉ DOS PINHAIS;412550603A;PR;São Marcos;-25,606;-49,169;2025-03-14 05:20:00.0;0,00
SÃO JOSÉ DOS PINHAIS;412550603A;PR;São Marcos;-25,606;-49,169;2025-03-14 06:20:00.0;0,00
SÃO JOSÉ DOS PINHAIS;412550603A;PR;São Marcos;-25,606;-49,169;2025-03-14 07:20:00.0;0,00
SÃO JOSÉ DOS PINHAIS;412550603A;PR;São Marcos;-25,606;-49,169;2025-03-14 08:20:00.0;0,00
SÃO JOSÉ DOS PINHAIS;412550603A;PR;São Marcos;-25,606;-49,169;2025-03-14 09:20:00.0;0,00
SÃO JOSÉ DOS PINHAIS;412550603A;PR;São Marcos;-25,606;-49,169;2025-03-14 10:20:00.0;0,00
SÃO JOSÉ DOS PINHAIS;412550603A;PR;São Marcos;-25,606;-49,169;2025-03-14 11:20:00.0;0,00
SÃO JOSÉ DOS PINHAIS;412550603A;PR;São Marcos;-25,606;-49,169;2025-03-14 12:20:00.0;0,00
SÃO JOSÉ DOS PINHAIS;412550603A;PR;São Marcos;-25,606;-49,169;2025-03-14 13:20:00.0;0,00
SÃO JOSÉ DOS PINHAIS;412550603A;PR;São Marcos;-25,606;-49,169;2025-03-14 14:20:00.0;0,00
SÃO JOSÉ DOS PINHAIS;412550603A;PR;São Marcos;-25,606;-49,169;2025-03-14 15:20:00.0;0,00
SÃO JOSÉ DOS PINHAIS;412550603A;PR;São Marcos;-25,606;-49,169;2025-03-14 16:20:00.0;0,00
SÃO JOSÉ DOS PINHAIS;412550603A;PR;São Marcos;-25,606;-49,169;2025-03-14 17:20:00.0;0,00
SÃO JOSÉ DOS PINHAIS;412550603A;PR;São Marcos;-25,606;-49,169;2025-03-14 18:20:00.0;0,00
SÃO JOSÉ DOS PINHAIS;412550603A;PR;São Marcos;-25,606;-49,169;2025-03-14 19:20:00.0;0,00
SÃO JOSÉ DOS PINHAIS;412550603A;PR;São Marcos;-25,606;-49,169;2025-03-14 20:20:00.0;0,00
SÃO JOSÉ DOS PINHAIS;412550603A;PR;São Marcos;-25,606;-49,169;2025-03-14 21:20:00.0;0,00
SÃO JOSÉ DOS PINHAIS;412550603A;PR;São Marcos;-25,606;-49,169;2025-03-14 22:10:00.0;0,59
SÃO JOSÉ DOS PINHAIS;412550603A;PR;São Marcos;-25,606;-49,169;2025-03-14 22:20:00.0;0,20
SÃO JOSÉ DOS PINHAIS;412550603A;PR;São Marcos;-25,606;-49,169;2025-03-14 23:20:00.0;0,00
SÃO JOSÉ DOS PINHAIS;412550603A;PR;São Marcos;-25,606;-49,169;2025-03-15 00:20:00.0;0,00
SÃO JOSÉ DOS PINHAIS;412550603A;PR;São Marcos;-25,606;-49,169;2025-03-15 01:20:00.0;0,00
SÃO JOSÉ DOS PINHAIS;412550603A;PR;São Marcos;-25,606;-49,169;2025-03-15 02:20:00.0;0,00
SÃO JOSÉ DOS PINHAIS;412550603A;PR;São Marcos;-25,606;-49,169;2025-03-15 03:20:00.0;0,00
SÃO JOSÉ DOS PINHAIS;412550603A;PR;São Marcos;-25,606;-49,169;2025-03-15 04:20:00.0;0,00
SÃO JOSÉ DOS PINHAIS;412550603A;PR;São Marcos;-25,606;-49,169;2025-03-15 05:20:00.0;0,00
SÃO JOSÉ DOS PINHAIS;412550603A;PR;São Marcos;-25,606;-49,169;2025-03-15 06:20:00.0;0,00
SÃO JOSÉ DOS PINHAIS;412550603A;PR;São Marcos;-25,606;-49,169;2025-03-15 07:20:00.0;0,00
SÃO JOSÉ DOS PINHAIS;412550603A;PR;São Marcos;-25,606;-49,169;2025-03-15 08:20:00.0;0,00
SÃO JOSÉ DOS PINHAIS;412550603A;PR;São Marcos;-25,606;-49,169;2025-03-15 09:20:00.0;0,00
SÃO JOSÉ DOS PINHAIS;412550603A;PR;São Marcos;-25,606;-49,169;2025-03-15 10:20:00.0;0,00
SÃO JOSÉ DOS PINHAIS;412550603A;PR;São Marcos;-25,606;-49,169;2025-03-15 11:20:00.0;0,00
SÃO JOSÉ DOS PINHAIS;412550603A;PR;São Marcos;-25,606;-49,169;2025-03-15 12:20:00.0;0,00
SÃO JOSÉ DOS PINHAIS;412550603A;PR;São Marcos;-25,606;-49,169;2025-03-15 13:20:00.0;0,00
SÃO JOSÉ DOS PINHAIS;412550603A;PR;São Marcos;-25,606;-49,169;2025-03-15 14:20:00.0;0,00
SÃO JOSÉ DOS PINHAIS;412550603A;PR;São Marcos;-25,606;-49,169;2025-03-15 15:20:00.0;0,00
SÃO JOSÉ DOS PINHAIS;412550603A;PR;São Marcos;-25,606;-49,169;2025-03-15 16:20:00.0;0,00
SÃO JOSÉ DOS PINHAIS;412550603A;PR;São Marcos;-25,606;-49,169;2025-03-15 17:20:00.0;0,00
SÃO JOSÉ DOS PINHAIS;412550603A;PR;São Marcos;-25,606;-49,169;2025-03-15 18:20:00.0;0,00
SÃO JOSÉ DOS PINHAIS;412550603A;PR;São Marcos;-25,606;-49,169;2025-03-15 19:20:00.0;0,20
SÃO JOSÉ DOS PINHAIS;412550603A;PR;São Marcos;-25,606;-49,169;2025-03-15 19:30:00.0;0,20
SÃO JOSÉ DOS PINHAIS;412550603A;PR;São Marcos;-25,606;-49,169;2025-03-15 20:10:00.0;0,39
SÃO JOSÉ DOS PINHAIS;412550603A;PR;São Marcos;-25,606;-49,169;2025-03-15 20:20:00.0;0,20
SÃO JOSÉ DOS PINHAIS;412550603A;PR;São Marcos;-25,606;-49,169;2025-03-15 21:20:00.0;0,00
SÃO JOSÉ DOS PINHAIS;412550603A;PR;São Marcos;-25,606;-49,169;2025-03-15 22:20:00.0;0,00
SÃO JOSÉ DOS PINHAIS;412550603A;PR;São Marcos;-25,606;-49,169;2025-03-15 23:20:00.0;0,00
SÃO JOSÉ DOS PINHAIS;412550603A;PR;São Marcos;-25,606;-49,169;2025-03-16 00:20:00.0;0,00
SÃO JOSÉ DOS PINHAIS;412550603A;PR;São Marcos;-25,606;-49,169;2025-03-16 01:20:00.0;0,00
SÃO JOSÉ DOS PINHAIS;412550603A;PR;São Marcos;-25,606;-49,169;2025-03-16 02:20:00.0;0,00
SÃO JOSÉ DOS PINHAIS;412550603A;PR;São Marcos;-25,606;-49,169;2025-03-16 03:20:00.0;0,00
SÃO JOSÉ DOS PINHAIS;412550603A;PR;São Marcos;-25,606;-49,169;2025-03-16 04:20:00.0;0,00
SÃO JOSÉ DOS PINHAIS;412550603A;PR;São Marcos;-25,606;-49,169;2025-03-16 04:50:00.0;0,20
SÃO JOSÉ DOS PINHAIS;412550603A;PR;São Marcos;-25,606;-49,169;2025-03-16 05:20:00.0;0,00
SÃO JOSÉ DOS PINHAIS;412550603A;PR;São Marcos;-25,606;-49,169;2025-03-16 06:20:00.0;0,00
SÃO JOSÉ DOS PINHAIS;412550603A;PR;São Marcos;-25,606;-49,169;2025-03-16 07:20:00.0;0,00
SÃO JOSÉ DOS PINHAIS;412550603A;PR;São Marcos;-25,606;-49,169;2025-03-16 08:20:00.0;0,00
SÃO JOSÉ DOS PINHAIS;412550603A;PR;São Marcos;-25,606;-49,169;2025-03-16 09:20:00.0;0,00
SÃO JOSÉ DOS PINHAIS;412550603A;PR;São Marcos;-25,606;-49,169;2025-03-16 10:20:00.0;0,00
SÃO JOSÉ DOS PINHAIS;412550603A;PR;São Marcos;-25,606;-49,169;2025-03-16 11:20:00.0;0,00
SÃO JOSÉ DOS PINHAIS;412550603A;PR;São Marcos;-25,606;-49,169;2025-03-16 12:20:00.0;0,00
SÃO JOSÉ DOS PINHAIS;412550603A;PR;São Marcos;-25,606;-49,169;2025-03-16 13:20:00.0;0,00
SÃO JOSÉ DOS PINHAIS;412550603A;PR;São Marcos;-25,606;-49,169;2025-03-16 14:20:00.0;0,00
SÃO JOSÉ DOS PINHAIS;412550603A;PR;São Marcos;-25,606;-49,169;2025-03-16 15:20:00.0;0,00
SÃO JOSÉ DOS PINHAIS;412550603A;PR;São Marcos;-25,606;-49,169;2025-03-16 16:20:00.0;0,00
SÃO JOSÉ DOS PINHAIS;412550603A;PR;São Marcos;-25,606;-49,169;2025-03-16 17:20:00.0;0,00
SÃO JOSÉ DOS PINHAIS;412550603A;PR;São Marcos;-25,606;-49,169;2025-03-16 18:20:00.0;0,00
SÃO JOSÉ DOS PINHAIS;412550603A;PR;São Marcos;-25,606;-49,169;2025-03-16 19:20:00.0;0,00
SÃO JOSÉ DOS PINHAIS;412550603A;PR;São Marcos;-25,606;-49,169;2025-03-16 20:20:00.0;0,00
SÃO JOSÉ DOS PINHAIS;412550603A;PR;São Marcos;-25,606;-49,169;2025-03-16 21:20:00.0;0,00
SÃO JOSÉ DOS PINHAIS;412550603A;PR;São Marcos;-25,606;-49,169;2025-03-16 22:20:00.0;0,00
SÃO JOSÉ DOS PINHAIS;412550603A;PR;São Marcos;-25,606;-49,169;2025-03-16 23:20:00.0;0,00
SÃO JOSÉ DOS PINHAIS;412550603A;PR;São Marcos;-25,606;-49,169;2025-03-17 00:20:00.0;0,00
SÃO JOSÉ DOS PINHAIS;412550603A;PR;São Marcos;-25,606;-49,169;2025-03-17 01:20:00.0;0,00
SÃO JOSÉ DOS PINHAIS;412550603A;PR;São Marcos;-25,606;-49,169;2025-03-17 02:20:00.0;0,00
SÃO JOSÉ DOS PINHAIS;412550603A;PR;São Marcos;-25,606;-49,169;2025-03-17 03:20:00.0;0,00
SÃO JOSÉ DOS PINHAIS;412550603A;PR;São Marcos;-25,606;-49,169;2025-03-17 04:20:00.0;0,00
SÃO JOSÉ DOS PINHAIS;412550603A;PR;São Marcos;-25,606;-49,169;2025-03-17 05:20:00.0;0,00
SÃO JOSÉ DOS PINHAIS;412550603A;PR;São Marcos;-25,606;-49,169;2025-03-17 06:20:00.0;0,00
SÃO JOSÉ DOS PINHAIS;412550603A;PR;São Marcos;-25,606;-49,169;2025-03-17 07:20:00.0;0,00
SÃO JOSÉ DOS PINHAIS;412550603A;PR;São Marcos;-25,606;-49,169;2025-03-17 08:20:00.0;0,00
SÃO JOSÉ DOS PINHAIS;412550603A;PR;São Marcos;-25,606;-49,169;2025-03-17 09:20:00.0;0,00
SÃO JOSÉ DOS PINHAIS;412550603A;PR;São Marcos;-25,606;-49,169;2025-03-17 10:20:00.0;0,00
SÃO JOSÉ DOS PINHAIS;412550603A;PR;São Marcos;-25,606;-49,169;2025-03-17 11:20:00.0;0,00
SÃO JOSÉ DOS PINHAIS;412550603A;PR;São Marcos;-25,606;-49,169;2025-03-17 12:20:00.0;0,00
SÃO JOSÉ DOS PINHAIS;412550603A;PR;São Marcos;-25,606;-49,169;2025-03-17 13:20:00.0;0,00
SÃO JOSÉ DOS PINHAIS;412550603A;PR;São Marcos;-25,606;-49,169;2025-03-17 14:20:00.0;0,00
SÃO JOSÉ DOS PINHAIS;412550603A;PR;São Marcos;-25,606;-49,169;2025-03-17 15:20:00.0;0,00
SÃO JOSÉ DOS PINHAIS;412550603A;PR;São Marcos;-25,606;-49,169;2025-03-17 16:20:00.0;0,00
SÃO JOSÉ DOS PINHAIS;412550603A;PR;São Marcos;-25,606;-49,169;2025-03-17 17:20:00.0;0,00
SÃO JOSÉ DOS PINHAIS;412550603A;PR;São Marcos;-25,606;-49,169;2025-03-17 18:20:00.0;0,00
SÃO JOSÉ DOS PINHAIS;412550603A;PR;São Marcos;-25,606;-49,169;2025-03-17 19:20:00.0;0,00
SÃO JOSÉ DOS PINHAIS;412550603A;PR;São Marcos;-25,606;-49,169;2025-03-17 20:20:00.0;0,00
SÃO JOSÉ DOS PINHAIS;412550603A;PR;São Marcos;-25,606;-49,169;2025-03-17 21:20:00.0;0,00
SÃO JOSÉ DOS PINHAIS;412550603A;PR;São Marcos;-25,606;-49,169;2025-03-17 22:20:00.0;0,00
SÃO JOSÉ DOS PINHAIS;412550603A;PR;São Marcos;-25,606;-49,169;2025-03-17 23:20:00.0;0,00
SÃO JOSÉ DOS PINHAIS;412550603A;PR;São Marcos;-25,606;-49,169;2025-03-18 00:20:00.0;0,00
SÃO JOSÉ DOS PINHAIS;412550603A;PR;São Marcos;-25,606;-49,169;2025-03-18 01:20:00.0;0,00
SÃO JOSÉ DOS PINHAIS;412550603A;PR;São Marcos;-25,606;-49,169;2025-03-18 02:20:00.0;0,00
SÃO JOSÉ DOS PINHAIS;412550603A;PR;São Marcos;-25,606;-49,169;2025-03-18 03:20:00.0;0,00
SÃO JOSÉ DOS PINHAIS;412550603A;PR;São Marcos;-25,606;-49,169;2025-03-18 04:20:00.0;0,00
SÃO JOSÉ DOS PINHAIS;412550603A;PR;São Marcos;-25,606;-49,169;2025-03-18 05:20:00.0;0,00
SÃO JOSÉ DOS PINHAIS;412550603A;PR;São Marcos;-25,606;-49,169;2025-03-18 06:20:00.0;0,00
SÃO JOSÉ DOS PINHAIS;412550603A;PR;São Marcos;-25,606;-49,169;2025-03-18 07:20:00.0;0,00
SÃO JOSÉ DOS PINHAIS;412550603A;PR;São Marcos;-25,606;-49,169;2025-03-18 08:20:00.0;0,00
SÃO JOSÉ DOS PINHAIS;412550603A;PR;São Marcos;-25,606;-49,169;2025-03-18 09:20:00.0;0,00
SÃO JOSÉ DOS PINHAIS;412550603A;PR;São Marcos;-25,606;-49,169;2025-03-18 10:20:00.0;0,00
SÃO JOSÉ DOS PINHAIS;412550603A;PR;São Marcos;-25,606;-49,169;2025-03-18 11:20:00.0;0,00
SÃO JOSÉ DOS PINHAIS;412550603A;PR;São Marcos;-25,606;-49,169;2025-03-18 12:20:00.0;0,00
SÃO JOSÉ DOS PINHAIS;412550603A;PR;São Marcos;-25,606;-49,169;2025-03-18 13:20:00.0;0,00
SÃO JOSÉ DOS PINHAIS;412550603A;PR;São Marcos;-25,606;-49,169;2025-03-18 14:20:00.0;0,00
SÃO JOSÉ DOS PINHAIS;412550603A;PR;São Marcos;-25,606;-49,169;2025-03-18 15:20:00.0;0,00
SÃO JOSÉ DOS PINHAIS;412550603A;PR;São Marcos;-25,606;-49,169;2025-03-18 16:20:00.0;0,00
SÃO JOSÉ DOS PINHAIS;412550603A;PR;São Marcos;-25,606;-49,169;2025-03-18 17:20:00.0;0,00
SÃO JOSÉ DOS PINHAIS;412550603A;PR;São Marcos;-25,606;-49,169;2025-03-18 18:20:00.0;0,00
SÃO JOSÉ DOS PINHAIS;412550603A;PR;São Marcos;-25,606;-49,169;2025-03-18 19:00:00.0;0,20
SÃO JOSÉ DOS PINHAIS;412550603A;PR;São Marcos;-25,606;-49,169;2025-03-18 19:10:00.0;0,20
SÃO JOSÉ DOS PINHAIS;412550603A;PR;São Marcos;-25,606;-49,169;2025-03-18 19:20:00.0;0,20
SÃO JOSÉ DOS PINHAIS;412550603A;PR;São Marcos;-25,606;-49,169;2025-03-18 20:00:00.0;0,20
SÃO JOSÉ DOS PINHAIS;412550603A;PR;São Marcos;-25,606;-49,169;2025-03-18 20:10:00.0;0,20
SÃO JOSÉ DOS PINHAIS;412550603A;PR;São Marcos;-25,606;-49,169;2025-03-18 20:20:00.0;0,00
SÃO JOSÉ DOS PINHAIS;412550603A;PR;São Marcos;-25,606;-49,169;2025-03-18 21:20:00.0;0,00
SÃO JOSÉ DOS PINHAIS;412550603A;PR;São Marcos;-25,606;-49,169;2025-03-18 22:20:00.0;0,00
SÃO JOSÉ DOS PINHAIS;412550603A;PR;São Marcos;-25,606;-49,169;2025-03-18 23:20:00.0;0,00
SÃO JOSÉ DOS PINHAIS;412550603A;PR;São Marcos;-25,606;-49,169;2025-03-19 00:20:00.0;0,00
SÃO JOSÉ DOS PINHAIS;412550603A;PR;São Marcos;-25,606;-49,169;2025-03-19 01:20:00.0;0,00
SÃO JOSÉ DOS PINHAIS;412550603A;PR;São Marcos;-25,606;-49,169;2025-03-19 02:20:00.0;0,00
SÃO JOSÉ DOS PINHAIS;412550603A;PR;São Marcos;-25,606;-49,169;2025-03-19 03:20:00.0;0,00
SÃO JOSÉ DOS PINHAIS;412550603A;PR;São Marcos;-25,606;-49,169;2025-03-19 04:20:00.0;0,00
SÃO JOSÉ DOS PINHAIS;412550603A;PR;São Marcos;-25,606;-49,169;2025-03-19 05:20:00.0;0,00
SÃO JOSÉ DOS PINHAIS;412550603A;PR;São Marcos;-25,606;-49,169;2025-03-19 06:20:00.0;0,00
SÃO JOSÉ DOS PINHAIS;412550603A;PR;São Marcos;-25,606;-49,169;2025-03-19 07:20:00.0;0,00
SÃO JOSÉ DOS PINHAIS;412550603A;PR;São Marcos;-25,606;-49,169;2025-03-19 08:20:00.0;0,00
SÃO JOSÉ DOS PINHAIS;412550603A;PR;São Marcos;-25,606;-49,169;2025-03-19 09:20:00.0;0,00
SÃO JOSÉ DOS PINHAIS;412550603A;PR;São Marcos;-25,606;-49,169;2025-03-19 10:20:00.0;0,00
SÃO JOSÉ DOS PINHAIS;412550603A;PR;São Marcos;-25,606;-49,169;2025-03-19 11:20:00.0;0,00
SÃO JOSÉ DOS PINHAIS;412550603A;PR;São Marcos;-25,606;-49,169;2025-03-19 12:20:00.0;0,00
SÃO JOSÉ DOS PINHAIS;412550603A;PR;São Marcos;-25,606;-49,169;2025-03-19 13:20:00.0;0,00
SÃO JOSÉ DOS PINHAIS;412550603A;PR;São Marcos;-25,606;-49,169;2025-03-19 14:20:00.0;0,00
SÃO JOSÉ DOS PINHAIS;412550603A;PR;São Marcos;-25,606;-49,169;2025-03-19 15:20:00.0;0,00
SÃO JOSÉ DOS PINHAIS;412550603A;PR;São Marcos;-25,606;-49,169;2025-03-19 16:20:00.0;0,00
SÃO JOSÉ DOS PINHAIS;412550603A;PR;São Marcos;-25,606;-49,169;2025-03-19 17:20:00.0;0,00
SÃO JOSÉ DOS PINHAIS;412550603A;PR;São Marcos;-25,606;-49,169;2025-03-19 18:20:00.0;0,00
SÃO JOSÉ DOS PINHAIS;412550603A;PR;São Marcos;-25,606;-49,169;2025-03-19 19:20:00.0;0,00
SÃO JOSÉ DOS PINHAIS;412550603A;PR;São Marcos;-25,606;-49,169;2025-03-19 20:20:00.0;0,00
SÃO JOSÉ DOS PINHAIS;412550603A;PR;São Marcos;-25,606;-49,169;2025-03-19 21:20:00.0;0,00
SÃO JOSÉ DOS PINHAIS;412550603A;PR;São Marcos;-25,606;-49,169;2025-03-19 22:20:00.0;0,00
SÃO JOSÉ DOS PINHAIS;412550603A;PR;São Marcos;-25,606;-49,169;2025-03-19 23:20:00.0;0,00
SÃO JOSÉ DOS PINHAIS;412550603A;PR;São Marcos;-25,606;-49,169;2025-03-20 00:20:00.0;0,00
SÃO JOSÉ DOS PINHAIS;412550603A;PR;São Marcos;-25,606;-49,169;2025-03-20 01:20:00.0;0,00
SÃO JOSÉ DOS PINHAIS;412550603A;PR;São Marcos;-25,606;-49,169;2025-03-20 02:20:00.0;0,00
SÃO JOSÉ DOS PINHAIS;412550603A;PR;São Marcos;-25,606;-49,169;2025-03-20 03:20:00.0;0,00
SÃO JOSÉ DOS PINHAIS;412550603A;PR;São Marcos;-25,606;-49,169;2025-03-20 04:20:00.0;0,00
SÃO JOSÉ DOS PINHAIS;412550603A;PR;São Marcos;-25,606;-49,169;2025-03-20 05:20:00.0;0,00
SÃO JOSÉ DOS PINHAIS;412550603A;PR;São Marcos;-25,606;-49,169;2025-03-20 06:20:00.0;0,00
SÃO JOSÉ DOS PINHAIS;412550603A;PR;São Marcos;-25,606;-49,169;2025-03-20 07:20:00.0;0,00
SÃO JOSÉ DOS PINHAIS;412550603A;PR;São Marcos;-25,606;-49,169;2025-03-20 08:20:00.0;0,00
SÃO JOSÉ DOS PINHAIS;412550603A;PR;São Marcos;-25,606;-49,169;2025-03-20 09:20:00.0;0,00
SÃO JOSÉ DOS PINHAIS;412550603A;PR;São Marcos;-25,606;-49,169;2025-03-20 10:20:00.0;0,00
SÃO JOSÉ DOS PINHAIS;412550603A;PR;São Marcos;-25,606;-49,169;2025-03-20 11:20:00.0;0,00
SÃO JOSÉ DOS PINHAIS;412550603A;PR;São Marcos;-25,606;-49,169;2025-03-20 12:20:00.0;0,00
SÃO JOSÉ DOS PINHAIS;412550603A;PR;São Marcos;-25,606;-49,169;2025-03-20 13:20:00.0;0,00
SÃO JOSÉ DOS PINHAIS;412550603A;PR;São Marcos;-25,606;-49,169;2025-03-20 14:20:00.0;0,00
SÃO JOSÉ DOS PINHAIS;412550603A;PR;São Marcos;-25,606;-49,169;2025-03-20 15:20:00.0;0,00
SÃO JOSÉ DOS PINHAIS;412550603A;PR;São Marcos;-25,606;-49,169;2025-03-20 16:20:00.0;0,00
SÃO JOSÉ DOS PINHAIS;412550603A;PR;São Marcos;-25,606;-49,169;2025-03-20 17:20:00.0;0,00
SÃO JOSÉ DOS PINHAIS;412550603A;PR;São Marcos;-25,606;-49,169;2025-03-20 18:20:00.0;0,00
SÃO JOSÉ DOS PINHAIS;412550603A;PR;São Marcos;-25,606;-49,169;2025-03-20 19:20:00.0;0,00
SÃO JOSÉ DOS PINHAIS;412550603A;PR;São Marcos;-25,606;-49,169;2025-03-20 20:20:00.0;0,00
SÃO JOSÉ DOS PINHAIS;412550603A;PR;São Marcos;-25,606;-49,169;2025-03-20 21:20:00.0;0,00
SÃO JOSÉ DOS PINHAIS;412550603A;PR;São Marcos;-25,606;-49,169;2025-03-20 22:20:00.0;0,00
SÃO JOSÉ DOS PINHAIS;412550603A;PR;São Marcos;-25,606;-49,169;2025-03-20 23:20:00.0;0,00
SÃO JOSÉ DOS PINHAIS;412550603A;PR;São Marcos;-25,606;-49,169;2025-03-21 00:20:00.0;0,00
SÃO JOSÉ DOS PINHAIS;412550603A;PR;São Marcos;-25,606;-49,169;2025-03-21 01:20:00.0;0,00
SÃO JOSÉ DOS PINHAIS;412550603A;PR;São Marcos;-25,606;-49,169;2025-03-21 02:20:00.0;0,00
SÃO JOSÉ DOS PINHAIS;412550603A;PR;São Marcos;-25,606;-49,169;2025-03-21 03:20:00.0;0,00
SÃO JOSÉ DOS PINHAIS;412550603A;PR;São Marcos;-25,606;-49,169;2025-03-21 04:20:00.0;0,00
SÃO JOSÉ DOS PINHAIS;412550603A;PR;São Marcos;-25,606;-49,169;2025-03-21 05:20:00.0;0,00
SÃO JOSÉ DOS PINHAIS;412550603A;PR;São Marcos;-25,606;-49,169;2025-03-21 06:20:00.0;0,00
SÃO JOSÉ DOS PINHAIS;412550603A;PR;São Marcos;-25,606;-49,169;2025-03-21 07:20:00.0;0,00
SÃO JOSÉ DOS PINHAIS;412550603A;PR;São Marcos;-25,606;-49,169;2025-03-21 08:20:00.0;0,00
SÃO JOSÉ DOS PINHAIS;412550603A;PR;São Marcos;-25,606;-49,169;2025-03-21 09:20:00.0;0,00
SÃO JOSÉ DOS PINHAIS;412550603A;PR;São Marcos;-25,606;-49,169;2025-03-21 10:20:00.0;0,00
SÃO JOSÉ DOS PINHAIS;412550603A;PR;São Marcos;-25,606;-49,169;2025-03-21 11:20:00.0;0,00
SÃO JOSÉ DOS PINHAIS;412550603A;PR;São Marcos;-25,606;-49,169;2025-03-21 12:20:00.0;0,00
SÃO JOSÉ DOS PINHAIS;412550603A;PR;São Marcos;-25,606;-49,169;2025-03-21 13:20:00.0;0,00
SÃO JOSÉ DOS PINHAIS;412550603A;PR;São Marcos;-25,606;-49,169;2025-03-21 14:20:00.0;0,00
SÃO JOSÉ DOS PINHAIS;412550603A;PR;São Marcos;-25,606;-49,169;2025-03-21 15:20:00.0;0,00
SÃO JOSÉ DOS PINHAIS;412550603A;PR;São Marcos;-25,606;-49,169;2025-03-21 16:20:00.0;0,00
SÃO JOSÉ DOS PINHAIS;412550603A;PR;São Marcos;-25,606;-49,169;2025-03-21 17:20:00.0;0,00
SÃO JOSÉ DOS PINHAIS;412550603A;PR;São Marcos;-25,606;-49,169;2025-03-21 18:20:00.0;0,00
SÃO JOSÉ DOS PINHAIS;412550603A;PR;São Marcos;-25,606;-49,169;2025-03-21 19:20:00.0;0,00
SÃO JOSÉ DOS PINHAIS;412550603A;PR;São Marcos;-25,606;-49,169;2025-03-21 20:20:00.0;0,00
SÃO JOSÉ DOS PINHAIS;412550603A;PR;São Marcos;-25,606;-49,169;2025-03-21 21:20:00.0;0,00
SÃO JOSÉ DOS PINHAIS;412550603A;PR;São Marcos;-25,606;-49,169;2025-03-21 22:20:00.0;0,00
SÃO JOSÉ DOS PINHAIS;412550603A;PR;São Marcos;-25,606;-49,169;2025-03-21 23:20:00.0;0,00
SÃO JOSÉ DOS PINHAIS;412550603A;PR;São Marcos;-25,606;-49,169;2025-03-22 00:20:00.0;0,00
SÃO JOSÉ DOS PINHAIS;412550603A;PR;São Marcos;-25,606;-49,169;2025-03-22 01:20:00.0;0,00
SÃO JOSÉ DOS PINHAIS;412550603A;PR;São Marcos;-25,606;-49,169;2025-03-22 02:20:00.0;0,00
SÃO JOSÉ DOS PINHAIS;412550603A;PR;São Marcos;-25,606;-49,169;2025-03-22 03:20:00.0;0,00
SÃO JOSÉ DOS PINHAIS;412550603A;PR;São Marcos;-25,606;-49,169;2025-03-22 04:20:00.0;0,00
SÃO JOSÉ DOS PINHAIS;412550603A;PR;São Marcos;-25,606;-49,169;2025-03-22 05:20:00.0;0,00
SÃO JOSÉ DOS PINHAIS;412550603A;PR;São Marcos;-25,606;-49,169;2025-03-22 06:20:00.0;0,00
SÃO JOSÉ DOS PINHAIS;412550603A;PR;São Marcos;-25,606;-49,169;2025-03-22 07:20:00.0;0,00
SÃO JOSÉ DOS PINHAIS;412550603A;PR;São Marcos;-25,606;-49,169;2025-03-22 08:20:00.0;0,00
SÃO JOSÉ DOS PINHAIS;412550603A;PR;São Marcos;-25,606;-49,169;2025-03-22 09:20:00.0;0,00
SÃO JOSÉ DOS PINHAIS;412550603A;PR;São Marcos;-25,606;-49,169;2025-03-22 10:20:00.0;0,00
SÃO JOSÉ DOS PINHAIS;412550603A;PR;São Marcos;-25,606;-49,169;2025-03-22 11:20:00.0;0,00
SÃO JOSÉ DOS PINHAIS;412550603A;PR;São Marcos;-25,606;-49,169;2025-03-22 12:20:00.0;0,00
SÃO JOSÉ DOS PINHAIS;412550603A;PR;São Marcos;-25,606;-49,169;2025-03-22 13:20:00.0;0,00
SÃO JOSÉ DOS PINHAIS;412550603A;PR;São Marcos;-25,606;-49,169;2025-03-22 14:20:00.0;0,00
SÃO JOSÉ DOS PINHAIS;412550603A;PR;São Marcos;-25,606;-49,169;2025-03-22 15:20:00.0;0,00
SÃO JOSÉ DOS PINHAIS;412550603A;PR;São Marcos;-25,606;-49,169;2025-03-22 16:20:00.0;0,00
SÃO JOSÉ DOS PINHAIS;412550603A;PR;São Marcos;-25,606;-49,169;2025-03-22 17:20:00.0;0,00
SÃO JOSÉ DOS PINHAIS;412550603A;PR;São Marcos;-25,606;-49,169;2025-03-22 18:20:00.0;0,00
SÃO JOSÉ DOS PINHAIS;412550603A;PR;São Marcos;-25,606;-49,169;2025-03-22 19:20:00.0;0,00
SÃO JOSÉ DOS PINHAIS;412550603A;PR;São Marcos;-25,606;-49,169;2025-03-22 20:20:00.0;0,00
SÃO JOSÉ DOS PINHAIS;412550603A;PR;São Marcos;-25,606;-49,169;2025-03-22 21:20:00.0;0,00
SÃO JOSÉ DOS PINHAIS;412550603A;PR;São Marcos;-25,606;-49,169;2025-03-22 22:20:00.0;0,00
SÃO JOSÉ DOS PINHAIS;412550603A;PR;São Marcos;-25,606;-49,169;2025-03-22 23:20:00.0;0,00
SÃO JOSÉ DOS PINHAIS;412550603A;PR;São Marcos;-25,606;-49,169;2025-03-23 00:20:00.0;0,00
SÃO JOSÉ DOS PINHAIS;412550603A;PR;São Marcos;-25,606;-49,169;2025-03-23 01:20:00.0;0,00
SÃO JOSÉ DOS PINHAIS;412550603A;PR;São Marcos;-25,606;-49,169;2025-03-23 02:20:00.0;0,00
SÃO JOSÉ DOS PINHAIS;412550603A;PR;São Marcos;-25,606;-49,169;2025-03-23 03:20:00.0;0,00
SÃO JOSÉ DOS PINHAIS;412550603A;PR;São Marcos;-25,606;-49,169;2025-03-23 04:20:00.0;0,00
SÃO JOSÉ DOS PINHAIS;412550603A;PR;São Marcos;-25,606;-49,169;2025-03-23 05:20:00.0;0,00
SÃO JOSÉ DOS PINHAIS;412550603A;PR;São Marcos;-25,606;-49,169;2025-03-23 06:20:00.0;0,00
SÃO JOSÉ DOS PINHAIS;412550603A;PR;São Marcos;-25,606;-49,169;2025-03-23 07:20:00.0;0,00
SÃO JOSÉ DOS PINHAIS;412550603A;PR;São Marcos;-25,606;-49,169;2025-03-23 08:20:00.0;0,00
SÃO JOSÉ DOS PINHAIS;412550603A;PR;São Marcos;-25,606;-49,169;2025-03-23 09:20:00.0;0,00
SÃO JOSÉ DOS PINHAIS;412550603A;PR;São Marcos;-25,606;-49,169;2025-03-23 10:20:00.0;0,00
SÃO JOSÉ DOS PINHAIS;412550603A;PR;São Marcos;-25,606;-49,169;2025-03-23 11:20:00.0;0,00
SÃO JOSÉ DOS PINHAIS;412550603A;PR;São Marcos;-25,606;-49,169;2025-03-23 12:20:00.0;0,00
SÃO JOSÉ DOS PINHAIS;412550603A;PR;São Marcos;-25,606;-49,169;2025-03-23 13:20:00.0;0,00
SÃO JOSÉ DOS PINHAIS;412550603A;PR;São Marcos;-25,606;-49,169;2025-03-23 14:20:00.0;0,00
SÃO JOSÉ DOS PINHAIS;412550603A;PR;São Marcos;-25,606;-49,169;2025-03-23 15:20:00.0;0,00
SÃO JOSÉ DOS PINHAIS;412550603A;PR;São Marcos;-25,606;-49,169;2025-03-23 16:20:00.0;0,00
SÃO JOSÉ DOS PINHAIS;412550603A;PR;São Marcos;-25,606;-49,169;2025-03-23 17:20:00.0;0,00
SÃO JOSÉ DOS PINHAIS;412550603A;PR;São Marcos;-25,606;-49,169;2025-03-23 18:20:00.0;0,00
SÃO JOSÉ DOS PINHAIS;412550603A;PR;São Marcos;-25,606;-49,169;2025-03-23 19:20:00.0;0,00
SÃO JOSÉ DOS PINHAIS;412550603A;PR;São Marcos;-25,606;-49,169;2025-03-23 20:20:00.0;0,00
SÃO JOSÉ DOS PINHAIS;412550603A;PR;São Marcos;-25,606;-49,169;2025-03-23 21:20:00.0;0,00
SÃO JOSÉ DOS PINHAIS;412550603A;PR;São Marcos;-25,606;-49,169;2025-03-23 22:20:00.0;0,00
SÃO JOSÉ DOS PINHAIS;412550603A;PR;São Marcos;-25,606;-49,169;2025-03-23 23:20:00.0;0,00
SÃO JOSÉ DOS PINHAIS;412550603A;PR;São Marcos;-25,606;-49,169;2025-03-24 00:20:00.0;0,00
SÃO JOSÉ DOS PINHAIS;412550603A;PR;São Marcos;-25,606;-49,169;2025-03-24 01:20:00.0;0,00
SÃO JOSÉ DOS PINHAIS;412550603A;PR;São Marcos;-25,606;-49,169;2025-03-24 02:20:00.0;0,00
SÃO JOSÉ DOS PINHAIS;412550603A;PR;São Marcos;-25,606;-49,169;2025-03-24 03:20:00.0;0,00
SÃO JOSÉ DOS PINHAIS;412550603A;PR;São Marcos;-25,606;-49,169;2025-03-24 04:20:00.0;0,00
SÃO JOSÉ DOS PINHAIS;412550603A;PR;São Marcos;-25,606;-49,169;2025-03-24 05:20:00.0;0,00
SÃO JOSÉ DOS PINHAIS;412550603A;PR;São Marcos;-25,606;-49,169;2025-03-24 06:20:00.0;0,00
SÃO JOSÉ DOS PINHAIS;412550603A;PR;São Marcos;-25,606;-49,169;2025-03-24 07:20:00.0;0,00
SÃO JOSÉ DOS PINHAIS;412550603A;PR;São Marcos;-25,606;-49,169;2025-03-24 08:20:00.0;0,00
SÃO JOSÉ DOS PINHAIS;412550603A;PR;São Marcos;-25,606;-49,169;2025-03-24 09:20:00.0;0,00
SÃO JOSÉ DOS PINHAIS;412550603A;PR;São Marcos;-25,606;-49,169;2025-03-24 10:20:00.0;0,00
SÃO JOSÉ DOS PINHAIS;412550603A;PR;São Marcos;-25,606;-49,169;2025-03-24 11:20:00.0;0,00
SÃO JOSÉ DOS PINHAIS;412550603A;PR;São Marcos;-25,606;-49,169;2025-03-24 12:20:00.0;0,00
SÃO JOSÉ DOS PINHAIS;412550603A;PR;São Marcos;-25,606;-49,169;2025-03-24 13:20:00.0;0,00
SÃO JOSÉ DOS PINHAIS;412550603A;PR;São Marcos;-25,606;-49,169;2025-03-24 14:20:00.0;0,00
SÃO JOSÉ DOS PINHAIS;412550603A;PR;São Marcos;-25,606;-49,169;2025-03-24 15:20:00.0;0,00
SÃO JOSÉ DOS PINHAIS;412550603A;PR;São Marcos;-25,606;-49,169;2025-03-24 16:20:00.0;0,00
SÃO JOSÉ DOS PINHAIS;412550603A;PR;São Marcos;-25,606;-49,169;2025-03-24 17:20:00.0;0,00
SÃO JOSÉ DOS PINHAIS;412550603A;PR;São Marcos;-25,606;-49,169;2025-03-24 18:20:00.0;0,00
SÃO JOSÉ DOS PINHAIS;412550603A;PR;São Marcos;-25,606;-49,169;2025-03-24 19:20:00.0;0,00
SÃO JOSÉ DOS PINHAIS;412550603A;PR;São Marcos;-25,606;-49,169;2025-03-24 20:20:00.0;0,00
SÃO JOSÉ DOS PINHAIS;412550603A;PR;São Marcos;-25,606;-49,169;2025-03-24 21:20:00.0;0,00
SÃO JOSÉ DOS PINHAIS;412550603A;PR;São Marcos;-25,606;-49,169;2025-03-24 22:20:00.0;0,00
SÃO JOSÉ DOS PINHAIS;412550603A;PR;São Marcos;-25,606;-49,169;2025-03-24 23:20:00.0;0,00
SÃO JOSÉ DOS PINHAIS;412550603A;PR;São Marcos;-25,606;-49,169;2025-03-25 00:20:00.0;0,00
SÃO JOSÉ DOS PINHAIS;412550603A;PR;São Marcos;-25,606;-49,169;2025-03-25 01:20:00.0;0,00
SÃO JOSÉ DOS PINHAIS;412550603A;PR;São Marcos;-25,606;-49,169;2025-03-25 02:20:00.0;0,00
SÃO JOSÉ DOS PINHAIS;412550603A;PR;São Marcos;-25,606;-49,169;2025-03-25 03:20:00.0;0,00
SÃO JOSÉ DOS PINHAIS;412550603A;PR;São Marcos;-25,606;-49,169;2025-03-25 04:20:00.0;0,00
SÃO JOSÉ DOS PINHAIS;412550603A;PR;São Marcos;-25,606;-49,169;2025-03-25 05:20:00.0;0,00
SÃO JOSÉ DOS PINHAIS;412550603A;PR;São Marcos;-25,606;-49,169;2025-03-25 06:20:00.0;0,00
SÃO JOSÉ DOS PINHAIS;412550603A;PR;São Marcos;-25,606;-49,169;2025-03-25 07:10:00.0;0,20
SÃO JOSÉ DOS PINHAIS;412550603A;PR;São Marcos;-25,606;-49,169;2025-03-25 07:20:00.0;0,20
SÃO JOSÉ DOS PINHAIS;412550603A;PR;São Marcos;-25,606;-49,169;2025-03-25 07:40:00.0;0,39
SÃO JOSÉ DOS PINHAIS;412550603A;PR;São Marcos;-25,606;-49,169;2025-03-25 08:00:00.0;0,39
SÃO JOSÉ DOS PINHAIS;412550603A;PR;São Marcos;-25,606;-49,169;2025-03-25 08:10:00.0;0,20
SÃO JOSÉ DOS PINHAIS;412550603A;PR;São Marcos;-25,606;-49,169;2025-03-25 08:20:00.0;0,00
SÃO JOSÉ DOS PINHAIS;412550603A;PR;São Marcos;-25,606;-49,169;2025-03-25 08:30:00.0;0,20
SÃO JOSÉ DOS PINHAIS;412550603A;PR;São Marcos;-25,606;-49,169;2025-03-25 08:40:00.0;0,20
SÃO JOSÉ DOS PINHAIS;412550603A;PR;São Marcos;-25,606;-49,169;2025-03-25 08:50:00.0;0,20
SÃO JOSÉ DOS PINHAIS;412550603A;PR;São Marcos;-25,606;-49,169;2025-03-25 09:00:00.0;0,39
SÃO JOSÉ DOS PINHAIS;412550603A;PR;São Marcos;-25,606;-49,169;2025-03-25 09:20:00.0;0,00
SÃO JOSÉ DOS PINHAIS;412550603A;PR;São Marcos;-25,606;-49,169;2025-03-25 09:50:00.0;0,20
SÃO JOSÉ DOS PINHAIS;412550603A;PR;São Marcos;-25,606;-49,169;2025-03-25 10:20:00.0;0,00
SÃO JOSÉ DOS PINHAIS;412550603A;PR;São Marcos;-25,606;-49,169;2025-03-25 11:20:00.0;0,00
SÃO JOSÉ DOS PINHAIS;412550603A;PR;São Marcos;-25,606;-49,169;2025-03-25 12:20:00.0;0,00
SÃO JOSÉ DOS PINHAIS;412550603A;PR;São Marcos;-25,606;-49,169;2025-03-25 13:20:00.0;0,00
SÃO JOSÉ DOS PINHAIS;412550603A;PR;São Marcos;-25,606;-49,169;2025-03-25 14:20:00.0;0,00
SÃO JOSÉ DOS PINHAIS;412550603A;PR;São Marcos;-25,606;-49,169;2025-03-25 16:20:00.0;0,00
SÃO JOSÉ DOS PINHAIS;412550603A;PR;São Marcos;-25,606;-49,169;2025-03-25 17:20:00.0;0,00
SÃO JOSÉ DOS PINHAIS;412550603A;PR;São Marcos;-25,606;-49,169;2025-03-25 18:20:00.0;0,00
SÃO JOSÉ DOS PINHAIS;412550603A;PR;São Marcos;-25,606;-49,169;2025-03-25 19:20:00.0;0,00
SÃO JOSÉ DOS PINHAIS;412550603A;PR;São Marcos;-25,606;-49,169;2025-03-25 20:20:00.0;0,00
SÃO JOSÉ DOS PINHAIS;412550603A;PR;São Marcos;-25,606;-49,169;2025-03-25 21:20:00.0;0,00
SÃO JOSÉ DOS PINHAIS;412550603A;PR;São Marcos;-25,606;-49,169;2025-03-25 22:20:00.0;0,00
SÃO JOSÉ DOS PINHAIS;412550603A;PR;São Marcos;-25,606;-49,169;2025-03-25 23:20:00.0;0,00
SÃO JOSÉ DOS PINHAIS;412550603A;PR;São Marcos;-25,606;-49,169;2025-03-26 00:20:00.0;0,00
SÃO JOSÉ DOS PINHAIS;412550603A;PR;São Marcos;-25,606;-49,169;2025-03-26 01:20:00.0;0,00
SÃO JOSÉ DOS PINHAIS;412550603A;PR;São Marcos;-25,606;-49,169;2025-03-26 02:20:00.0;0,00
SÃO JOSÉ DOS PINHAIS;412550603A;PR;São Marcos;-25,606;-49,169;2025-03-26 03:00:00.0;0,20
SÃO JOSÉ DOS PINHAIS;412550603A;PR;São Marcos;-25,606;-49,169;2025-03-26 03:10:00.0;0,20
SÃO JOSÉ DOS PINHAIS;412550603A;PR;São Marcos;-25,606;-49,169;2025-03-26 03:20:00.0;0,20
SÃO JOSÉ DOS PINHAIS;412550603A;PR;São Marcos;-25,606;-49,169;2025-03-26 03:30:00.0;0,20
SÃO JOSÉ DOS PINHAIS;412550603A;PR;São Marcos;-25,606;-49,169;2025-03-26 03:40:00.0;0,20
SÃO JOSÉ DOS PINHAIS;412550603A;PR;São Marcos;-25,606;-49,169;2025-03-26 03:50:00.0;0,20
SÃO JOSÉ DOS PINHAIS;412550603A;PR;São Marcos;-25,606;-49,169;2025-03-26 04:00:00.0;0,20
SÃO JOSÉ DOS PINHAIS;412550603A;PR;São Marcos;-25,606;-49,169;2025-03-26 04:20:00.0;0,20
SÃO JOSÉ DOS PINHAIS;412550603A;PR;São Marcos;-25,606;-49,169;2025-03-26 04:30:00.0;0,20
SÃO JOSÉ DOS PINHAIS;412550603A;PR;São Marcos;-25,606;-49,169;2025-03-26 04:50:00.0;0,20
SÃO JOSÉ DOS PINHAIS;412550603A;PR;São Marcos;-25,606;-49,169;2025-03-26 05:20:00.0;0,00
SÃO JOSÉ DOS PINHAIS;412550603A;PR;São Marcos;-25,606;-49,169;2025-03-26 06:20:00.0;0,00
SÃO JOSÉ DOS PINHAIS;412550603A;PR;São Marcos;-25,606;-49,169;2025-03-26 07:20:00.0;0,00
SÃO JOSÉ DOS PINHAIS;412550603A;PR;São Marcos;-25,606;-49,169;2025-03-26 08:20:00.0;0,00
SÃO JOSÉ DOS PINHAIS;412550603A;PR;São Marcos;-25,606;-49,169;2025-03-26 09:20:00.0;0,00
SÃO JOSÉ DOS PINHAIS;412550603A;PR;São Marcos;-25,606;-49,169;2025-03-26 10:20:00.0;0,00
SÃO JOSÉ DOS PINHAIS;412550603A;PR;São Marcos;-25,606;-49,169;2025-03-26 11:20:00.0;0,00
SÃO JOSÉ DOS PINHAIS;412550603A;PR;São Marcos;-25,606;-49,169;2025-03-26 12:20:00.0;0,00
SÃO JOSÉ DOS PINHAIS;412550603A;PR;São Marcos;-25,606;-49,169;2025-03-26 13:20:00.0;0,00
SÃO JOSÉ DOS PINHAIS;412550603A;PR;São Marcos;-25,606;-49,169;2025-03-26 14:20:00.0;0,00
SÃO JOSÉ DOS PINHAIS;412550603A;PR;São Marcos;-25,606;-49,169;2025-03-26 15:20:00.0;0,00
SÃO JOSÉ DOS PINHAIS;412550603A;PR;São Marcos;-25,606;-49,169;2025-03-26 16:20:00.0;0,00
SÃO JOSÉ DOS PINHAIS;412550603A;PR;São Marcos;-25,606;-49,169;2025-03-26 17:20:00.0;0,00
SÃO JOSÉ DOS PINHAIS;412550603A;PR;São Marcos;-25,606;-49,169;2025-03-26 18:20:00.0;0,00
SÃO JOSÉ DOS PINHAIS;412550603A;PR;São Marcos;-25,606;-49,169;2025-03-26 19:20:00.0;0,00
SÃO JOSÉ DOS PINHAIS;412550603A;PR;São Marcos;-25,606;-49,169;2025-03-26 20:20:00.0;0,00
SÃO JOSÉ DOS PINHAIS;412550603A;PR;São Marcos;-25,606;-49,169;2025-03-26 21:20:00.0;0,00
SÃO JOSÉ DOS PINHAIS;412550603A;PR;São Marcos;-25,606;-49,169;2025-03-26 22:20:00.0;0,00
SÃO JOSÉ DOS PINHAIS;412550603A;PR;São Marcos;-25,606;-49,169;2025-03-26 23:20:00.0;0,00
SÃO JOSÉ DOS PINHAIS;412550603A;PR;São Marcos;-25,606;-49,169;2025-03-27 00:20:00.0;0,00
SÃO JOSÉ DOS PINHAIS;412550603A;PR;São Marcos;-25,606;-49,169;2025-03-27 01:20:00.0;0,00
SÃO JOSÉ DOS PINHAIS;412550603A;PR;São Marcos;-25,606;-49,169;2025-03-27 02:20:00.0;0,00
SÃO JOSÉ DOS PINHAIS;412550603A;PR;São Marcos;-25,606;-49,169;2025-03-27 03:00:00.0;0,20
SÃO JOSÉ DOS PINHAIS;412550603A;PR;São Marcos;-25,606;-49,169;2025-03-27 03:20:00.0;0,20
SÃO JOSÉ DOS PINHAIS;412550603A;PR;São Marcos;-25,606;-49,169;2025-03-27 04:20:00.0;0,00
SÃO JOSÉ DOS PINHAIS;412550603A;PR;São Marcos;-25,606;-49,169;2025-03-27 04:40:00.0;0,20
SÃO JOSÉ DOS PINHAIS;412550603A;PR;São Marcos;-25,606;-49,169;2025-03-27 05:20:00.0;0,00
SÃO JOSÉ DOS PINHAIS;412550603A;PR;São Marcos;-25,606;-49,169;2025-03-27 06:20:00.0;0,00
SÃO JOSÉ DOS PINHAIS;412550603A;PR;São Marcos;-25,606;-49,169;2025-03-27 07:20:00.0;0,00
SÃO JOSÉ DOS PINHAIS;412550603A;PR;São Marcos;-25,606;-49,169;2025-03-27 08:20:00.0;0,00
SÃO JOSÉ DOS PINHAIS;412550603A;PR;São Marcos;-25,606;-49,169;2025-03-27 09:20:00.0;0,00
SÃO JOSÉ DOS PINHAIS;412550603A;PR;São Marcos;-25,606;-49,169;2025-03-27 10:20:00.0;0,00
SÃO JOSÉ DOS PINHAIS;412550603A;PR;São Marcos;-25,606;-49,169;2025-03-27 11:20:00.0;0,00
SÃO JOSÉ DOS PINHAIS;412550603A;PR;São Marcos;-25,606;-49,169;2025-03-27 12:20:00.0;0,00
SÃO JOSÉ DOS PINHAIS;412550603A;PR;São Marcos;-25,606;-49,169;2025-03-27 13:20:00.0;0,00
SÃO JOSÉ DOS PINHAIS;412550603A;PR;São Marcos;-25,606;-49,169;2025-03-27 14:20:00.0;0,00
SÃO JOSÉ DOS PINHAIS;412550603A;PR;São Marcos;-25,606;-49,169;2025-03-27 15:20:00.0;0,00
SÃO JOSÉ DOS PINHAIS;412550603A;PR;São Marcos;-25,606;-49,169;2025-03-27 17:20:00.0;0,00
SÃO JOSÉ DOS PINHAIS;412550603A;PR;São Marcos;-25,606;-49,169;2025-03-27 18:20:00.0;0,00
SÃO JOSÉ DOS PINHAIS;412550603A;PR;São Marcos;-25,606;-49,169;2025-03-27 19:20:00.0;0,00
SÃO JOSÉ DOS PINHAIS;412550603A;PR;São Marcos;-25,606;-49,169;2025-03-27 20:20:00.0;0,00
SÃO JOSÉ DOS PINHAIS;412550603A;PR;São Marcos;-25,606;-49,169;2025-03-27 21:20:00.0;0,00
SÃO JOSÉ DOS PINHAIS;412550603A;PR;São Marcos;-25,606;-49,169;2025-03-27 22:20:00.0;0,00
SÃO JOSÉ DOS PINHAIS;412550603A;PR;São Marcos;-25,606;-49,169;2025-03-27 23:20:00.0;0,00
SÃO JOSÉ DOS PINHAIS;412550603A;PR;São Marcos;-25,606;-49,169;2025-03-28 00:20:00.0;0,00
SÃO JOSÉ DOS PINHAIS;412550603A;PR;São Marcos;-25,606;-49,169;2025-03-28 01:20:00.0;0,00
SÃO JOSÉ DOS PINHAIS;412550603A;PR;São Marcos;-25,606;-49,169;2025-03-28 02:20:00.0;0,00
SÃO JOSÉ DOS PINHAIS;412550603A;PR;São Marcos;-25,606;-49,169;2025-03-28 03:20:00.0;0,00
SÃO JOSÉ DOS PINHAIS;412550603A;PR;São Marcos;-25,606;-49,169;2025-03-28 04:20:00.0;0,00
SÃO JOSÉ DOS PINHAIS;412550603A;PR;São Marcos;-25,606;-49,169;2025-03-28 05:20:00.0;0,00
SÃO JOSÉ DOS PINHAIS;412550603A;PR;São Marcos;-25,606;-49,169;2025-03-28 06:20:00.0;0,00
SÃO JOSÉ DOS PINHAIS;412550603A;PR;São Marcos;-25,606;-49,169;2025-03-28 07:20:00.0;0,00
SÃO JOSÉ DOS PINHAIS;412550603A;PR;São Marcos;-25,606;-49,169;2025-03-28 08:20:00.0;0,00
SÃO JOSÉ DOS PINHAIS;412550603A;PR;São Marcos;-25,606;-49,169;2025-03-28 09:20:00.0;0,00
SÃO JOSÉ DOS PINHAIS;412550603A;PR;São Marcos;-25,606;-49,169;2025-03-28 10:20:00.0;0,00
SÃO JOSÉ DOS PINHAIS;412550603A;PR;São Marcos;-25,606;-49,169;2025-03-28 11:20:00.0;0,00
SÃO JOSÉ DOS PINHAIS;412550603A;PR;São Marcos;-25,606;-49,169;2025-03-28 12:20:00.0;0,00
SÃO JOSÉ DOS PINHAIS;412550603A;PR;São Marcos;-25,606;-49,169;2025-03-28 13:20:00.0;0,00
SÃO JOSÉ DOS PINHAIS;412550603A;PR;São Marcos;-25,606;-49,169;2025-03-28 14:20:00.0;0,00
SÃO JOSÉ DOS PINHAIS;412550603A;PR;São Marcos;-25,606;-49,169;2025-03-28 15:20:00.0;0,00
SÃO JOSÉ DOS PINHAIS;412550603A;PR;São Marcos;-25,606;-49,169;2025-03-28 16:20:00.0;0,00
SÃO JOSÉ DOS PINHAIS;412550603A;PR;São Marcos;-25,606;-49,169;2025-03-28 17:20:00.0;0,00
SÃO JOSÉ DOS PINHAIS;412550603A;PR;São Marcos;-25,606;-49,169;2025-03-28 18:20:00.0;0,00
SÃO JOSÉ DOS PINHAIS;412550603A;PR;São Marcos;-25,606;-49,169;2025-03-28 19:20:00.0;0,00
SÃO JOSÉ DOS PINHAIS;412550603A;PR;São Marcos;-25,606;-49,169;2025-03-28 20:20:00.0;0,00
SÃO JOSÉ DOS PINHAIS;412550603A;PR;São Marcos;-25,606;-49,169;2025-03-28 21:20:00.0;0,00
SÃO JOSÉ DOS PINHAIS;412550603A;PR;São Marcos;-25,606;-49,169;2025-03-28 22:20:00.0;0,00
SÃO JOSÉ DOS PINHAIS;412550603A;PR;São Marcos;-25,606;-49,169;2025-03-28 23:20:00.0;0,00
SÃO JOSÉ DOS PINHAIS;412550603A;PR;São Marcos;-25,606;-49,169;2025-03-29 00:20:00.0;0,00
SÃO JOSÉ DOS PINHAIS;412550603A;PR;São Marcos;-25,606;-49,169;2025-03-29 01:20:00.0;0,00
SÃO JOSÉ DOS PINHAIS;412550603A;PR;São Marcos;-25,606;-49,169;2025-03-29 02:20:00.0;0,00
SÃO JOSÉ DOS PINHAIS;412550603A;PR;São Marcos;-25,606;-49,169;2025-03-29 03:20:00.0;0,00
SÃO JOSÉ DOS PINHAIS;412550603A;PR;São Marcos;-25,606;-49,169;2025-03-29 04:20:00.0;0,00
SÃO JOSÉ DOS PINHAIS;412550603A;PR;São Marcos;-25,606;-49,169;2025-03-29 05:20:00.0;0,00
SÃO JOSÉ DOS PINHAIS;412550603A;PR;São Marcos;-25,606;-49,169;2025-03-29 06:20:00.0;0,00
SÃO JOSÉ DOS PINHAIS;412550603A;PR;São Marcos;-25,606;-49,169;2025-03-29 07:20:00.0;0,00
SÃO JOSÉ DOS PINHAIS;412550603A;PR;São Marcos;-25,606;-49,169;2025-03-29 08:20:00.0;0,00
SÃO JOSÉ DOS PINHAIS;412550603A;PR;São Marcos;-25,606;-49,169;2025-03-29 09:20:00.0;0,00
SÃO JOSÉ DOS PINHAIS;412550603A;PR;São Marcos;-25,606;-49,169;2025-03-29 10:20:00.0;0,00
SÃO JOSÉ DOS PINHAIS;412550603A;PR;São Marcos;-25,606;-49,169;2025-03-29 11:20:00.0;0,00
SÃO JOSÉ DOS PINHAIS;412550603A;PR;São Marcos;-25,606;-49,169;2025-03-29 12:20:00.0;0,00
SÃO JOSÉ DOS PINHAIS;412550603A;PR;São Marcos;-25,606;-49,169;2025-03-29 13:20:00.0;0,00
SÃO JOSÉ DOS PINHAIS;412550603A;PR;São Marcos;-25,606;-49,169;2025-03-29 14:20:00.0;0,00
SÃO JOSÉ DOS PINHAIS;412550603A;PR;São Marcos;-25,606;-49,169;2025-03-29 15:20:00.0;0,00
SÃO JOSÉ DOS PINHAIS;412550603A;PR;São Marcos;-25,606;-49,169;2025-03-29 16:20:00.0;0,00
SÃO JOSÉ DOS PINHAIS;412550603A;PR;São Marcos;-25,606;-49,169;2025-03-29 17:20:00.0;0,00
SÃO JOSÉ DOS PINHAIS;412550603A;PR;São Marcos;-25,606;-49,169;2025-03-29 18:20:00.0;0,00
SÃO JOSÉ DOS PINHAIS;412550603A;PR;São Marcos;-25,606;-49,169;2025-03-29 19:20:00.0;0,00
SÃO JOSÉ DOS PINHAIS;412550603A;PR;São Marcos;-25,606;-49,169;2025-03-29 20:20:00.0;0,00
SÃO JOSÉ DOS PINHAIS;412550603A;PR;São Marcos;-25,606;-49,169;2025-03-29 21:20:00.0;0,00
SÃO JOSÉ DOS PINHAIS;412550603A;PR;São Marcos;-25,606;-49,169;2025-03-29 22:20:00.0;0,00
SÃO JOSÉ DOS PINHAIS;412550603A;PR;São Marcos;-25,606;-49,169;2025-03-29 23:20:00.0;0,00
SÃO JOSÉ DOS PINHAIS;412550603A;PR;São Marcos;-25,606;-49,169;2025-03-30 00:20:00.0;0,00
SÃO JOSÉ DOS PINHAIS;412550603A;PR;São Marcos;-25,606;-49,169;2025-03-30 01:20:00.0;0,00
SÃO JOSÉ DOS PINHAIS;412550603A;PR;São Marcos;-25,606;-49,169;2025-03-30 02:20:00.0;0,00
SÃO JOSÉ DOS PINHAIS;412550603A;PR;São Marcos;-25,606;-49,169;2025-03-30 03:20:00.0;0,00
SÃO JOSÉ DOS PINHAIS;412550603A;PR;São Marcos;-25,606;-49,169;2025-03-30 04:20:00.0;0,00
SÃO JOSÉ DOS PINHAIS;412550603A;PR;São Marcos;-25,606;-49,169;2025-03-30 05:20:00.0;0,00
SÃO JOSÉ DOS PINHAIS;412550603A;PR;São Marcos;-25,606;-49,169;2025-03-30 06:20:00.0;0,00
SÃO JOSÉ DOS PINHAIS;412550603A;PR;São Marcos;-25,606;-49,169;2025-03-30 07:20:00.0;0,00
SÃO JOSÉ DOS PINHAIS;412550603A;PR;São Marcos;-25,606;-49,169;2025-03-30 08:20:00.0;0,00
SÃO JOSÉ DOS PINHAIS;412550603A;PR;São Marcos;-25,606;-49,169;2025-03-30 09:20:00.0;0,00
SÃO JOSÉ DOS PINHAIS;412550603A;PR;São Marcos;-25,606;-49,169;2025-03-30 10:20:00.0;0,00
SÃO JOSÉ DOS PINHAIS;412550603A;PR;São Marcos;-25,606;-49,169;2025-03-30 11:20:00.0;0,00
SÃO JOSÉ DOS PINHAIS;412550603A;PR;São Marcos;-25,606;-49,169;2025-03-30 12:20:00.0;0,00
SÃO JOSÉ DOS PINHAIS;412550603A;PR;São Marcos;-25,606;-49,169;2025-03-30 13:20:00.0;0,00
SÃO JOSÉ DOS PINHAIS;412550603A;PR;São Marcos;-25,606;-49,169;2025-03-30 14:20:00.0;0,00
SÃO JOSÉ DOS PINHAIS;412550603A;PR;São Marcos;-25,606;-49,169;2025-03-30 15:20:00.0;0,00
SÃO JOSÉ DOS PINHAIS;412550603A;PR;São Marcos;-25,606;-49,169;2025-03-30 16:20:00.0;0,00
SÃO JOSÉ DOS PINHAIS;412550603A;PR;São Marcos;-25,606;-49,169;2025-03-30 17:20:00.0;0,00
SÃO JOSÉ DOS PINHAIS;412550603A;PR;São Marcos;-25,606;-49,169;2025-03-30 18:20:00.0;0,00
SÃO JOSÉ DOS PINHAIS;412550603A;PR;São Marcos;-25,606;-49,169;2025-03-30 19:20:00.0;0,00
SÃO JOSÉ DOS PINHAIS;412550603A;PR;São Marcos;-25,606;-49,169;2025-03-30 20:20:00.0;0,00
SÃO JOSÉ DOS PINHAIS;412550603A;PR;São Marcos;-25,606;-49,169;2025-03-30 21:20:00.0;0,00
SÃO JOSÉ DOS PINHAIS;412550603A;PR;São Marcos;-25,606;-49,169;2025-03-30 22:20:00.0;0,00
SÃO JOSÉ DOS PINHAIS;412550603A;PR;São Marcos;-25,606;-49,169;2025-03-30 23:20:00.0;0,00
SÃO JOSÉ DOS PINHAIS;412550603A;PR;São Marcos;-25,606;-49,169;2025-03-31 00:20:00.0;0,00
SÃO JOSÉ DOS PINHAIS;412550603A;PR;São Marcos;-25,606;-49,169;2025-03-31 01:20:00.0;0,00
SÃO JOSÉ DOS PINHAIS;412550603A;PR;São Marcos;-25,606;-49,169;2025-03-31 02:20:00.0;0,00
SÃO JOSÉ DOS PINHAIS;412550603A;PR;São Marcos;-25,606;-49,169;2025-03-31 03:20:00.0;0,00
SÃO JOSÉ DOS PINHAIS;412550603A;PR;São Marcos;-25,606;-49,169;2025-03-31 04:20:00.0;0,00
SÃO JOSÉ DOS PINHAIS;412550603A;PR;São Marcos;-25,606;-49,169;2025-03-31 05:20:00.0;0,00
SÃO JOSÉ DOS PINHAIS;412550603A;PR;São Marcos;-25,606;-49,169;2025-03-31 06:20:00.0;0,00
SÃO JOSÉ DOS PINHAIS;412550603A;PR;São Marcos;-25,606;-49,169;2025-03-31 07:20:00.0;0,00
SÃO JOSÉ DOS PINHAIS;412550603A;PR;São Marcos;-25,606;-49,169;2025-03-31 08:20:00.0;0,00
SÃO JOSÉ DOS PINHAIS;412550603A;PR;São Marcos;-25,606;-49,169;2025-03-31 09:20:00.0;0,00
SÃO JOSÉ DOS PINHAIS;412550603A;PR;São Marcos;-25,606;-49,169;2025-03-31 10:20:00.0;0,00
SÃO JOSÉ DOS PINHAIS;412550603A;PR;São Marcos;-25,606;-49,169;2025-03-31 11:20:00.0;0,00
SÃO JOSÉ DOS PINHAIS;412550603A;PR;São Marcos;-25,606;-49,169;2025-03-31 12:20:00.0;0,00
SÃO JOSÉ DOS PINHAIS;412550603A;PR;São Marcos;-25,606;-49,169;2025-03-31 13:20:00.0;0,00
SÃO JOSÉ DOS PINHAIS;412550603A;PR;São Marcos;-25,606;-49,169;2025-03-31 14:20:00.0;0,00
SÃO JOSÉ DOS PINHAIS;412550603A;PR;São Marcos;-25,606;-49,169;2025-03-31 15:20:00.0;0,00
SÃO JOSÉ DOS PINHAIS;412550603A;PR;São Marcos;-25,606;-49,169;2025-03-31 16:20:00.0;0,00
SÃO JOSÉ DOS PINHAIS;412550603A;PR;São Marcos;-25,606;-49,169;2025-03-31 17:20:00.0;0,00
SÃO JOSÉ DOS PINHAIS;412550603A;PR;São Marcos;-25,606;-49,169;2025-03-31 18:20:00.0;0,00
SÃO JOSÉ DOS PINHAIS;412550603A;PR;São Marcos;-25,606;-49,169;2025-03-31 19:20:00.0;0,00
SÃO JOSÉ DOS PINHAIS;412550603A;PR;São Marcos;-25,606;-49,169;2025-03-31 20:20:00.0;0,00
SÃO JOSÉ DOS PINHAIS;412550603A;PR;São Marcos;-25,606;-49,169;2025-03-31 21:20:00.0;0,00
SÃO JOSÉ DOS PINHAIS;412550603A;PR;São Marcos;-25,606;-49,169;2025-03-31 22:20:00.0;0,00
SÃO JOSÉ DOS PINHAIS;412550603A;PR;São Marcos;-25,606;-49,169;2025-03-31 23:20:00.0;0,00
SÃO JOSÉ DOS PINHAIS;412550604A;PR;São Pedro;-25,55;-49,196;2025-03-01 00:10:00.0;0,00
SÃO JOSÉ DOS PINHAIS;412550604A;PR;São Pedro;-25,55;-49,196;2025-03-01 01:10:00.0;0,00
SÃO JOSÉ DOS PINHAIS;412550604A;PR;São Pedro;-25,55;-49,196;2025-03-01 02:10:00.0;0,00
SÃO JOSÉ DOS PINHAIS;412550604A;PR;São Pedro;-25,55;-49,196;2025-03-01 03:10:00.0;0,00
SÃO JOSÉ DOS PINHAIS;412550604A;PR;São Pedro;-25,55;-49,196;2025-03-01 04:10:00.0;0,00
SÃO JOSÉ DOS PINHAIS;412550604A;PR;São Pedro;-25,55;-49,196;2025-03-01 05:10:00.0;0,00
SÃO JOSÉ DOS PINHAIS;412550604A;PR;São Pedro;-25,55;-49,196;2025-03-01 06:10:00.0;0,00
SÃO JOSÉ DOS PINHAIS;412550604A;PR;São Pedro;-25,55;-49,196;2025-03-01 07:10:00.0;0,00
SÃO JOSÉ DOS PINHAIS;412550604A;PR;São Pedro;-25,55;-49,196;2025-03-01 08:10:00.0;0,00
SÃO JOSÉ DOS PINHAIS;412550604A;PR;São Pedro;-25,55;-49,196;2025-03-01 09:10:00.0;0,00
SÃO JOSÉ DOS PINHAIS;412550604A;PR;São Pedro;-25,55;-49,196;2025-03-01 10:10:00.0;0,00
SÃO JOSÉ DOS PINHAIS;412550604A;PR;São Pedro;-25,55;-49,196;2025-03-01 11:10:00.0;0,00
SÃO JOSÉ DOS PINHAIS;412550604A;PR;São Pedro;-25,55;-49,196;2025-03-01 12:10:00.0;0,00
SÃO JOSÉ DOS PINHAIS;412550604A;PR;São Pedro;-25,55;-49,196;2025-03-01 13:10:00.0;0,00
SÃO JOSÉ DOS PINHAIS;412550604A;PR;São Pedro;-25,55;-49,196;2025-03-01 14:10:00.0;0,00
SÃO JOSÉ DOS PINHAIS;412550604A;PR;São Pedro;-25,55;-49,196;2025-03-01 15:10:00.0;0,00
SÃO JOSÉ DOS PINHAIS;412550604A;PR;São Pedro;-25,55;-49,196;2025-03-01 16:10:00.0;0,00
SÃO JOSÉ DOS PINHAIS;412550604A;PR;São Pedro;-25,55;-49,196;2025-03-01 17:10:00.0;0,00
SÃO JOSÉ DOS PINHAIS;412550604A;PR;São Pedro;-25,55;-49,196;2025-03-01 18:10:00.0;0,00
SÃO JOSÉ DOS PINHAIS;412550604A;PR;São Pedro;-25,55;-49,196;2025-03-01 19:10:00.0;0,00
SÃO JOSÉ DOS PINHAIS;412550604A;PR;São Pedro;-25,55;-49,196;2025-03-01 20:10:00.0;0,00
SÃO JOSÉ DOS PINHAIS;412550604A;PR;São Pedro;-25,55;-49,196;2025-03-01 21:10:00.0;0,00
SÃO JOSÉ DOS PINHAIS;412550604A;PR;São Pedro;-25,55;-49,196;2025-03-01 22:10:00.0;0,00
SÃO JOSÉ DOS PINHAIS;412550604A;PR;São Pedro;-25,55;-49,196;2025-03-01 23:10:00.0;0,00
SÃO JOSÉ DOS PINHAIS;412550604A;PR;São Pedro;-25,55;-49,196;2025-03-02 00:10:00.0;0,00
SÃO JOSÉ DOS PINHAIS;412550604A;PR;São Pedro;-25,55;-49,196;2025-03-02 01:10:00.0;0,00
SÃO JOSÉ DOS PINHAIS;412550604A;PR;São Pedro;-25,55;-49,196;2025-03-02 02:10:00.0;0,00
SÃO JOSÉ DOS PINHAIS;412550604A;PR;São Pedro;-25,55;-49,196;2025-03-02 03:10:00.0;0,00
SÃO JOSÉ DOS PINHAIS;412550604A;PR;São Pedro;-25,55;-49,196;2025-03-02 04:10:00.0;0,00
SÃO JOSÉ DOS PINHAIS;412550604A;PR;São Pedro;-25,55;-49,196;2025-03-02 05:10:00.0;0,00
SÃO JOSÉ DOS PINHAIS;412550604A;PR;São Pedro;-25,55;-49,196;2025-03-02 06:10:00.0;0,00
SÃO JOSÉ DOS PINHAIS;412550604A;PR;São Pedro;-25,55;-49,196;2025-03-02 07:10:00.0;0,00
SÃO JOSÉ DOS PINHAIS;412550604A;PR;São Pedro;-25,55;-49,196;2025-03-02 08:10:00.0;0,00
SÃO JOSÉ DOS PINHAIS;412550604A;PR;São Pedro;-25,55;-49,196;2025-03-02 09:10:00.0;0,00
SÃO JOSÉ DOS PINHAIS;412550604A;PR;São Pedro;-25,55;-49,196;2025-03-02 10:10:00.0;0,00
SÃO JOSÉ DOS PINHAIS;412550604A;PR;São Pedro;-25,55;-49,196;2025-03-02 11:10:00.0;0,00
SÃO JOSÉ DOS PINHAIS;412550604A;PR;São Pedro;-25,55;-49,196;2025-03-02 12:10:00.0;0,00
SÃO JOSÉ DOS PINHAIS;412550604A;PR;São Pedro;-25,55;-49,196;2025-03-02 13:10:00.0;0,00
SÃO JOSÉ DOS PINHAIS;412550604A;PR;São Pedro;-25,55;-49,196;2025-03-02 14:10:00.0;0,00
SÃO JOSÉ DOS PINHAIS;412550604A;PR;São Pedro;-25,55;-49,196;2025-03-02 15:10:00.0;0,00
SÃO JOSÉ DOS PINHAIS;412550604A;PR;São Pedro;-25,55;-49,196;2025-03-02 16:10:00.0;0,00
SÃO JOSÉ DOS PINHAIS;412550604A;PR;São Pedro;-25,55;-49,196;2025-03-02 17:10:00.0;0,00
SÃO JOSÉ DOS PINHAIS;412550604A;PR;São Pedro;-25,55;-49,196;2025-03-02 18:10:00.0;0,00
SÃO JOSÉ DOS PINHAIS;412550604A;PR;São Pedro;-25,55;-49,196;2025-03-02 19:10:00.0;0,00
SÃO JOSÉ DOS PINHAIS;412550604A;PR;São Pedro;-25,55;-49,196;2025-03-02 20:10:00.0;0,00
SÃO JOSÉ DOS PINHAIS;412550604A;PR;São Pedro;-25,55;-49,196;2025-03-02 21:10:00.0;0,00
SÃO JOSÉ DOS PINHAIS;412550604A;PR;São Pedro;-25,55;-49,196;2025-03-02 22:10:00.0;0,00
SÃO JOSÉ DOS PINHAIS;412550604A;PR;São Pedro;-25,55;-49,196;2025-03-02 23:10:00.0;0,00
SÃO JOSÉ DOS PINHAIS;412550604A;PR;São Pedro;-25,55;-49,196;2025-03-03 00:10:00.0;0,00
SÃO JOSÉ DOS PINHAIS;412550604A;PR;São Pedro;-25,55;-49,196;2025-03-03 01:10:00.0;0,00
SÃO JOSÉ DOS PINHAIS;412550604A;PR;São Pedro;-25,55;-49,196;2025-03-03 02:10:00.0;0,00
SÃO JOSÉ DOS PINHAIS;412550604A;PR;São Pedro;-25,55;-49,196;2025-03-03 03:10:00.0;0,00
SÃO JOSÉ DOS PINHAIS;412550604A;PR;São Pedro;-25,55;-49,196;2025-03-03 04:10:00.0;0,00
SÃO JOSÉ DOS PINHAIS;412550604A;PR;São Pedro;-25,55;-49,196;2025-03-03 05:10:00.0;0,00
SÃO JOSÉ DOS PINHAIS;412550604A;PR;São Pedro;-25,55;-49,196;2025-03-03 06:10:00.0;0,00
SÃO JOSÉ DOS PINHAIS;412550604A;PR;São Pedro;-25,55;-49,196;2025-03-03 07:10:00.0;0,00
SÃO JOSÉ DOS PINHAIS;412550604A;PR;São Pedro;-25,55;-49,196;2025-03-03 08:10:00.0;0,00
SÃO JOSÉ DOS PINHAIS;412550604A;PR;São Pedro;-25,55;-49,196;2025-03-03 09:10:00.0;0,00
SÃO JOSÉ DOS PINHAIS;412550604A;PR;São Pedro;-25,55;-49,196;2025-03-03 10:10:00.0;0,00
SÃO JOSÉ DOS PINHAIS;412550604A;PR;São Pedro;-25,55;-49,196;2025-03-03 11:10:00.0;0,00
SÃO JOSÉ DOS PINHAIS;412550604A;PR;São Pedro;-25,55;-49,196;2025-03-03 12:10:00.0;0,00
SÃO JOSÉ DOS PINHAIS;412550604A;PR;São Pedro;-25,55;-49,196;2025-03-03 13:10:00.0;0,00
SÃO JOSÉ DOS PINHAIS;412550604A;PR;São Pedro;-25,55;-49,196;2025-03-03 14:10:00.0;0,00
SÃO JOSÉ DOS PINHAIS;412550604A;PR;São Pedro;-25,55;-49,196;2025-03-03 15:10:00.0;0,00
SÃO JOSÉ DOS PINHAIS;412550604A;PR;São Pedro;-25,55;-49,196;2025-03-03 16:10:00.0;0,00
SÃO JOSÉ DOS PINHAIS;412550604A;PR;São Pedro;-25,55;-49,196;2025-03-03 17:10:00.0;0,00
SÃO JOSÉ DOS PINHAIS;412550604A;PR;São Pedro;-25,55;-49,196;2025-03-03 18:10:00.0;0,00
SÃO JOSÉ DOS PINHAIS;412550604A;PR;São Pedro;-25,55;-49,196;2025-03-03 19:10:00.0;0,00
SÃO JOSÉ DOS PINHAIS;412550604A;PR;São Pedro;-25,55;-49,196;2025-03-03 20:10:00.0;0,00
SÃO JOSÉ DOS PINHAIS;412550604A;PR;São Pedro;-25,55;-49,196;2025-03-03 21:10:00.0;0,00
SÃO JOSÉ DOS PINHAIS;412550604A;PR;São Pedro;-25,55;-49,196;2025-03-03 22:10:00.0;0,00
SÃO JOSÉ DOS PINHAIS;412550604A;PR;São Pedro;-25,55;-49,196;2025-03-03 23:10:00.0;0,00
SÃO JOSÉ DOS PINHAIS;412550604A;PR;São Pedro;-25,55;-49,196;2025-03-04 00:10:00.0;0,00
SÃO JOSÉ DOS PINHAIS;412550604A;PR;São Pedro;-25,55;-49,196;2025-03-04 01:10:00.0;0,00
SÃO JOSÉ DOS PINHAIS;412550604A;PR;São Pedro;-25,55;-49,196;2025-03-04 02:10:00.0;0,00
SÃO JOSÉ DOS PINHAIS;412550604A;PR;São Pedro;-25,55;-49,196;2025-03-04 03:10:00.0;0,00
SÃO JOSÉ DOS PINHAIS;412550604A;PR;São Pedro;-25,55;-49,196;2025-03-04 04:10:00.0;0,00
SÃO JOSÉ DOS PINHAIS;412550604A;PR;São Pedro;-25,55;-49,196;2025-03-04 05:10:00.0;0,00
SÃO JOSÉ DOS PINHAIS;412550604A;PR;São Pedro;-25,55;-49,196;2025-03-04 06:10:00.0;0,00
SÃO JOSÉ DOS PINHAIS;412550604A;PR;São Pedro;-25,55;-49,196;2025-03-04 07:10:00.0;0,00
SÃO JOSÉ DOS PINHAIS;412550604A;PR;São Pedro;-25,55;-49,196;2025-03-04 08:10:00.0;0,00
SÃO JOSÉ DOS PINHAIS;412550604A;PR;São Pedro;-25,55;-49,196;2025-03-04 09:10:00.0;0,00
SÃO JOSÉ DOS PINHAIS;412550604A;PR;São Pedro;-25,55;-49,196;2025-03-04 10:10:00.0;0,00
SÃO JOSÉ DOS PINHAIS;412550604A;PR;São Pedro;-25,55;-49,196;2025-03-04 11:10:00.0;0,00
SÃO JOSÉ DOS PINHAIS;412550604A;PR;São Pedro;-25,55;-49,196;2025-03-04 12:10:00.0;0,00
SÃO JOSÉ DOS PINHAIS;412550604A;PR;São Pedro;-25,55;-49,196;2025-03-04 13:10:00.0;0,00
SÃO JOSÉ DOS PINHAIS;412550604A;PR;São Pedro;-25,55;-49,196;2025-03-04 14:10:00.0;0,00
SÃO JOSÉ DOS PINHAIS;412550604A;PR;São Pedro;-25,55;-49,196;2025-03-04 15:10:00.0;0,00
SÃO JOSÉ DOS PINHAIS;412550604A;PR;São Pedro;-25,55;-49,196;2025-03-04 16:10:00.0;0,00
SÃO JOSÉ DOS PINHAIS;412550604A;PR;São Pedro;-25,55;-49,196;2025-03-04 17:10:00.0;0,00
SÃO JOSÉ DOS PINHAIS;412550604A;PR;São Pedro;-25,55;-49,196;2025-03-04 18:10:00.0;0,00
SÃO JOSÉ DOS PINHAIS;412550604A;PR;São Pedro;-25,55;-49,196;2025-03-04 19:10:00.0;0,00
SÃO JOSÉ DOS PINHAIS;412550604A;PR;São Pedro;-25,55;-49,196;2025-03-04 20:10:00.0;0,00
SÃO JOSÉ DOS PINHAIS;412550604A;PR;São Pedro;-25,55;-49,196;2025-03-04 21:10:00.0;0,00
SÃO JOSÉ DOS PINHAIS;412550604A;PR;São Pedro;-25,55;-49,196;2025-03-04 22:10:00.0;0,00
SÃO JOSÉ DOS PINHAIS;412550604A;PR;São Pedro;-25,55;-49,196;2025-03-04 23:10:00.0;0,00
SÃO JOSÉ DOS PINHAIS;412550604A;PR;São Pedro;-25,55;-49,196;2025-03-05 00:10:00.0;0,00
SÃO JOSÉ DOS PINHAIS;412550604A;PR;São Pedro;-25,55;-49,196;2025-03-05 01:10:00.0;0,00
SÃO JOSÉ DOS PINHAIS;412550604A;PR;São Pedro;-25,55;-49,196;2025-03-05 02:10:00.0;0,00
SÃO JOSÉ DOS PINHAIS;412550604A;PR;São Pedro;-25,55;-49,196;2025-03-05 03:10:00.0;0,00
SÃO JOSÉ DOS PINHAIS;412550604A;PR;São Pedro;-25,55;-49,196;2025-03-05 04:10:00.0;0,00
SÃO JOSÉ DOS PINHAIS;412550604A;PR;São Pedro;-25,55;-49,196;2025-03-05 05:10:00.0;0,00
SÃO JOSÉ DOS PINHAIS;412550604A;PR;São Pedro;-25,55;-49,196;2025-03-05 06:10:00.0;0,00
SÃO JOSÉ DOS PINHAIS;412550604A;PR;São Pedro;-25,55;-49,196;2025-03-05 07:10:00.0;0,00
SÃO JOSÉ DOS PINHAIS;412550604A;PR;São Pedro;-25,55;-49,196;2025-03-05 08:10:00.0;0,00
SÃO JOSÉ DOS PINHAIS;412550604A;PR;São Pedro;-25,55;-49,196;2025-03-05 09:10:00.0;0,00
SÃO JOSÉ DOS PINHAIS;412550604A;PR;São Pedro;-25,55;-49,196;2025-03-05 10:10:00.0;0,00
SÃO JOSÉ DOS PINHAIS;412550604A;PR;São Pedro;-25,55;-49,196;2025-03-05 11:10:00.0;0,00
SÃO JOSÉ DOS PINHAIS;412550604A;PR;São Pedro;-25,55;-49,196;2025-03-05 12:10:00.0;0,00
SÃO JOSÉ DOS PINHAIS;412550604A;PR;São Pedro;-25,55;-49,196;2025-03-05 13:10:00.0;0,00
SÃO JOSÉ DOS PINHAIS;412550604A;PR;São Pedro;-25,55;-49,196;2025-03-05 14:10:00.0;0,00
SÃO JOSÉ DOS PINHAIS;412550604A;PR;São Pedro;-25,55;-49,196;2025-03-05 15:10:00.0;0,00
SÃO JOSÉ DOS PINHAIS;412550604A;PR;São Pedro;-25,55;-49,196;2025-03-05 16:10:00.0;0,00
SÃO JOSÉ DOS PINHAIS;412550604A;PR;São Pedro;-25,55;-49,196;2025-03-05 17:10:00.0;0,00
SÃO JOSÉ DOS PINHAIS;412550604A;PR;São Pedro;-25,55;-49,196;2025-03-05 18:10:00.0;0,00
SÃO JOSÉ DOS PINHAIS;412550604A;PR;São Pedro;-25,55;-49,196;2025-03-05 19:10:00.0;0,00
SÃO JOSÉ DOS PINHAIS;412550604A;PR;São Pedro;-25,55;-49,196;2025-03-05 20:10:00.0;0,00
SÃO JOSÉ DOS PINHAIS;412550604A;PR;São Pedro;-25,55;-49,196;2025-03-05 21:10:00.0;0,00
SÃO JOSÉ DOS PINHAIS;412550604A;PR;São Pedro;-25,55;-49,196;2025-03-05 22:10:00.0;0,00
SÃO JOSÉ DOS PINHAIS;412550604A;PR;São Pedro;-25,55;-49,196;2025-03-05 23:10:00.0;0,00
SÃO JOSÉ DOS PINHAIS;412550604A;PR;São Pedro;-25,55;-49,196;2025-03-06 00:10:00.0;0,00
SÃO JOSÉ DOS PINHAIS;412550604A;PR;São Pedro;-25,55;-49,196;2025-03-06 01:10:00.0;0,00
SÃO JOSÉ DOS PINHAIS;412550604A;PR;São Pedro;-25,55;-49,196;2025-03-06 02:10:00.0;0,00
SÃO JOSÉ DOS PINHAIS;412550604A;PR;São Pedro;-25,55;-49,196;2025-03-06 03:10:00.0;0,00
SÃO JOSÉ DOS PINHAIS;412550604A;PR;São Pedro;-25,55;-49,196;2025-03-06 04:10:00.0;0,00
SÃO JOSÉ DOS PINHAIS;412550604A;PR;São Pedro;-25,55;-49,196;2025-03-06 05:10:00.0;0,00
SÃO JOSÉ DOS PINHAIS;412550604A;PR;São Pedro;-25,55;-49,196;2025-03-06 06:10:00.0;0,00
SÃO JOSÉ DOS PINHAIS;412550604A;PR;São Pedro;-25,55;-49,196;2025-03-06 07:10:00.0;0,00
SÃO JOSÉ DOS PINHAIS;412550604A;PR;São Pedro;-25,55;-49,196;2025-03-06 08:10:00.0;0,00
SÃO JOSÉ DOS PINHAIS;412550604A;PR;São Pedro;-25,55;-49,196;2025-03-06 09:10:00.0;0,00
SÃO JOSÉ DOS PINHAIS;412550604A;PR;São Pedro;-25,55;-49,196;2025-03-06 10:10:00.0;0,00
SÃO JOSÉ DOS PINHAIS;412550604A;PR;São Pedro;-25,55;-49,196;2025-03-06 11:10:00.0;0,00
SÃO JOSÉ DOS PINHAIS;412550604A;PR;São Pedro;-25,55;-49,196;2025-03-06 12:10:00.0;0,00
SÃO JOSÉ DOS PINHAIS;412550604A;PR;São Pedro;-25,55;-49,196;2025-03-06 13:10:00.0;0,00
SÃO JOSÉ DOS PINHAIS;412550604A;PR;São Pedro;-25,55;-49,196;2025-03-06 14:10:00.0;0,00
SÃO JOSÉ DOS PINHAIS;412550604A;PR;São Pedro;-25,55;-49,196;2025-03-06 15:10:00.0;0,00
SÃO JOSÉ DOS PINHAIS;412550604A;PR;São Pedro;-25,55;-49,196;2025-03-06 16:10:00.0;0,00
SÃO JOSÉ DOS PINHAIS;412550604A;PR;São Pedro;-25,55;-49,196;2025-03-06 17:10:00.0;0,00
SÃO JOSÉ DOS PINHAIS;412550604A;PR;São Pedro;-25,55;-49,196;2025-03-06 18:10:00.0;0,00
SÃO JOSÉ DOS PINHAIS;412550604A;PR;São Pedro;-25,55;-49,196;2025-03-06 19:10:00.0;0,00
SÃO JOSÉ DOS PINHAIS;412550604A;PR;São Pedro;-25,55;-49,196;2025-03-06 20:10:00.0;0,00
SÃO JOSÉ DOS PINHAIS;412550604A;PR;São Pedro;-25,55;-49,196;2025-03-06 21:10:00.0;0,00
SÃO JOSÉ DOS PINHAIS;412550604A;PR;São Pedro;-25,55;-49,196;2025-03-06 22:10:00.0;0,00
SÃO JOSÉ DOS PINHAIS;412550604A;PR;São Pedro;-25,55;-49,196;2025-03-06 23:10:00.0;0,00
SÃO JOSÉ DOS PINHAIS;412550604A;PR;São Pedro;-25,55;-49,196;2025-03-07 00:10:00.0;0,00
SÃO JOSÉ DOS PINHAIS;412550604A;PR;São Pedro;-25,55;-49,196;2025-03-07 01:10:00.0;0,00
SÃO JOSÉ DOS PINHAIS;412550604A;PR;São Pedro;-25,55;-49,196;2025-03-07 02:10:00.0;0,00
SÃO JOSÉ DOS PINHAIS;412550604A;PR;São Pedro;-25,55;-49,196;2025-03-07 03:10:00.0;0,00
SÃO JOSÉ DOS PINHAIS;412550604A;PR;São Pedro;-25,55;-49,196;2025-03-07 04:10:00.0;0,00
SÃO JOSÉ DOS PINHAIS;412550604A;PR;São Pedro;-25,55;-49,196;2025-03-07 05:10:00.0;0,00
SÃO JOSÉ DOS PINHAIS;412550604A;PR;São Pedro;-25,55;-49,196;2025-03-07 06:10:00.0;0,00
SÃO JOSÉ DOS PINHAIS;412550604A;PR;São Pedro;-25,55;-49,196;2025-03-07 07:10:00.0;0,00
SÃO JOSÉ DOS PINHAIS;412550604A;PR;São Pedro;-25,55;-49,196;2025-03-07 08:10:00.0;0,00
SÃO JOSÉ DOS PINHAIS;412550604A;PR;São Pedro;-25,55;-49,196;2025-03-07 09:10:00.0;0,00
SÃO JOSÉ DOS PINHAIS;412550604A;PR;São Pedro;-25,55;-49,196;2025-03-07 10:10:00.0;0,00
SÃO JOSÉ DOS PINHAIS;412550604A;PR;São Pedro;-25,55;-49,196;2025-03-07 11:10:00.0;0,00
SÃO JOSÉ DOS PINHAIS;412550604A;PR;São Pedro;-25,55;-49,196;2025-03-07 12:10:00.0;0,00
SÃO JOSÉ DOS PINHAIS;412550604A;PR;São Pedro;-25,55;-49,196;2025-03-07 13:10:00.0;0,00
SÃO JOSÉ DOS PINHAIS;412550604A;PR;São Pedro;-25,55;-49,196;2025-03-07 14:10:00.0;0,00
SÃO JOSÉ DOS PINHAIS;412550604A;PR;São Pedro;-25,55;-49,196;2025-03-07 15:10:00.0;0,00
SÃO JOSÉ DOS PINHAIS;412550604A;PR;São Pedro;-25,55;-49,196;2025-03-07 16:10:00.0;0,00
SÃO JOSÉ DOS PINHAIS;412550604A;PR;São Pedro;-25,55;-49,196;2025-03-07 17:10:00.0;0,00
SÃO JOSÉ DOS PINHAIS;412550604A;PR;São Pedro;-25,55;-49,196;2025-03-07 18:10:00.0;0,00
SÃO JOSÉ DOS PINHAIS;412550604A;PR;São Pedro;-25,55;-49,196;2025-03-07 19:10:00.0;0,00
SÃO JOSÉ DOS PINHAIS;412550604A;PR;São Pedro;-25,55;-49,196;2025-03-07 20:10:00.0;0,00
SÃO JOSÉ DOS PINHAIS;412550604A;PR;São Pedro;-25,55;-49,196;2025-03-07 21:10:00.0;0,00
SÃO JOSÉ DOS PINHAIS;412550604A;PR;São Pedro;-25,55;-49,196;2025-03-07 22:10:00.0;0,00
SÃO JOSÉ DOS PINHAIS;412550604A;PR;São Pedro;-25,55;-49,196;2025-03-07 23:10:00.0;0,00
SÃO JOSÉ DOS PINHAIS;412550604A;PR;São Pedro;-25,55;-49,196;2025-03-08 00:10:00.0;0,00
SÃO JOSÉ DOS PINHAIS;412550604A;PR;São Pedro;-25,55;-49,196;2025-03-08 01:10:00.0;0,00
SÃO JOSÉ DOS PINHAIS;412550604A;PR;São Pedro;-25,55;-49,196;2025-03-08 02:10:00.0;0,00
SÃO JOSÉ DOS PINHAIS;412550604A;PR;São Pedro;-25,55;-49,196;2025-03-08 03:10:00.0;0,00
SÃO JOSÉ DOS PINHAIS;412550604A;PR;São Pedro;-25,55;-49,196;2025-03-08 04:10:00.0;0,00
SÃO JOSÉ DOS PINHAIS;412550604A;PR;São Pedro;-25,55;-49,196;2025-03-08 05:10:00.0;0,00
SÃO JOSÉ DOS PINHAIS;412550604A;PR;São Pedro;-25,55;-49,196;2025-03-08 06:10:00.0;0,00
SÃO JOSÉ DOS PINHAIS;412550604A;PR;São Pedro;-25,55;-49,196;2025-03-08 07:10:00.0;0,00
SÃO JOSÉ DOS PINHAIS;412550604A;PR;São Pedro;-25,55;-49,196;2025-03-08 08:10:00.0;0,00
SÃO JOSÉ DOS PINHAIS;412550604A;PR;São Pedro;-25,55;-49,196;2025-03-08 09:10:00.0;0,00
SÃO JOSÉ DOS PINHAIS;412550604A;PR;São Pedro;-25,55;-49,196;2025-03-08 10:10:00.0;0,00
SÃO JOSÉ DOS PINHAIS;412550604A;PR;São Pedro;-25,55;-49,196;2025-03-08 11:10:00.0;0,00
SÃO JOSÉ DOS PINHAIS;412550604A;PR;São Pedro;-25,55;-49,196;2025-03-08 12:10:00.0;0,00
SÃO JOSÉ DOS PINHAIS;412550604A;PR;São Pedro;-25,55;-49,196;2025-03-08 13:10:00.0;0,00
SÃO JOSÉ DOS PINHAIS;412550604A;PR;São Pedro;-25,55;-49,196;2025-03-08 14:10:00.0;0,00
SÃO JOSÉ DOS PINHAIS;412550604A;PR;São Pedro;-25,55;-49,196;2025-03-08 15:10:00.0;0,00
SÃO JOSÉ DOS PINHAIS;412550604A;PR;São Pedro;-25,55;-49,196;2025-03-08 16:10:00.0;0,00
SÃO JOSÉ DOS PINHAIS;412550604A;PR;São Pedro;-25,55;-49,196;2025-03-08 17:10:00.0;0,00
SÃO JOSÉ DOS PINHAIS;412550604A;PR;São Pedro;-25,55;-49,196;2025-03-08 18:10:00.0;0,00
SÃO JOSÉ DOS PINHAIS;412550604A;PR;São Pedro;-25,55;-49,196;2025-03-08 19:10:00.0;0,00
SÃO JOSÉ DOS PINHAIS;412550604A;PR;São Pedro;-25,55;-49,196;2025-03-08 20:10:00.0;0,00
SÃO JOSÉ DOS PINHAIS;412550604A;PR;São Pedro;-25,55;-49,196;2025-03-08 21:10:00.0;0,00
SÃO JOSÉ DOS PINHAIS;412550604A;PR;São Pedro;-25,55;-49,196;2025-03-08 22:10:00.0;0,00
SÃO JOSÉ DOS PINHAIS;412550604A;PR;São Pedro;-25,55;-49,196;2025-03-08 23:10:00.0;0,00
SÃO JOSÉ DOS PINHAIS;412550604A;PR;São Pedro;-25,55;-49,196;2025-03-09 00:10:00.0;0,00
SÃO JOSÉ DOS PINHAIS;412550604A;PR;São Pedro;-25,55;-49,196;2025-03-09 01:10:00.0;0,00
SÃO JOSÉ DOS PINHAIS;412550604A;PR;São Pedro;-25,55;-49,196;2025-03-09 02:10:00.0;0,00
SÃO JOSÉ DOS PINHAIS;412550604A;PR;São Pedro;-25,55;-49,196;2025-03-09 03:10:00.0;0,00
SÃO JOSÉ DOS PINHAIS;412550604A;PR;São Pedro;-25,55;-49,196;2025-03-09 04:10:00.0;0,00
SÃO JOSÉ DOS PINHAIS;412550604A;PR;São Pedro;-25,55;-49,196;2025-03-09 05:10:00.0;0,00
SÃO JOSÉ DOS PINHAIS;412550604A;PR;São Pedro;-25,55;-49,196;2025-03-09 06:10:00.0;0,00
SÃO JOSÉ DOS PINHAIS;412550604A;PR;São Pedro;-25,55;-49,196;2025-03-09 07:10:00.0;0,00
SÃO JOSÉ DOS PINHAIS;412550604A;PR;São Pedro;-25,55;-49,196;2025-03-09 08:10:00.0;0,00
SÃO JOSÉ DOS PINHAIS;412550604A;PR;São Pedro;-25,55;-49,196;2025-03-09 09:10:00.0;0,00
SÃO JOSÉ DOS PINHAIS;412550604A;PR;São Pedro;-25,55;-49,196;2025-03-09 10:10:00.0;0,00
SÃO JOSÉ DOS PINHAIS;412550604A;PR;São Pedro;-25,55;-49,196;2025-03-09 11:10:00.0;0,00
SÃO JOSÉ DOS PINHAIS;412550604A;PR;São Pedro;-25,55;-49,196;2025-03-09 12:10:00.0;0,00
SÃO JOSÉ DOS PINHAIS;412550604A;PR;São Pedro;-25,55;-49,196;2025-03-09 13:10:00.0;0,00
SÃO JOSÉ DOS PINHAIS;412550604A;PR;São Pedro;-25,55;-49,196;2025-03-09 14:10:00.0;0,00
SÃO JOSÉ DOS PINHAIS;412550604A;PR;São Pedro;-25,55;-49,196;2025-03-09 15:10:00.0;0,00
SÃO JOSÉ DOS PINHAIS;412550604A;PR;São Pedro;-25,55;-49,196;2025-03-09 16:10:00.0;0,00
SÃO JOSÉ DOS PINHAIS;412550604A;PR;São Pedro;-25,55;-49,196;2025-03-09 17:10:00.0;0,00
SÃO JOSÉ DOS PINHAIS;412550604A;PR;São Pedro;-25,55;-49,196;2025-03-09 18:10:00.0;0,00
SÃO JOSÉ DOS PINHAIS;412550604A;PR;São Pedro;-25,55;-49,196;2025-03-09 19:10:00.0;0,00
SÃO JOSÉ DOS PINHAIS;412550604A;PR;São Pedro;-25,55;-49,196;2025-03-09 20:10:00.0;0,00
SÃO JOSÉ DOS PINHAIS;412550604A;PR;São Pedro;-25,55;-49,196;2025-03-09 21:10:00.0;0,00
SÃO JOSÉ DOS PINHAIS;412550604A;PR;São Pedro;-25,55;-49,196;2025-03-09 21:50:00.0;3,95
SÃO JOSÉ DOS PINHAIS;412550604A;PR;São Pedro;-25,55;-49,196;2025-03-09 22:00:00.0;3,54
SÃO JOSÉ DOS PINHAIS;412550604A;PR;São Pedro;-25,55;-49,196;2025-03-09 22:10:00.0;0,20
SÃO JOSÉ DOS PINHAIS;412550604A;PR;São Pedro;-25,55;-49,196;2025-03-09 22:30:00.0;0,20
SÃO JOSÉ DOS PINHAIS;412550604A;PR;São Pedro;-25,55;-49,196;2025-03-09 22:40:00.0;0,20
SÃO JOSÉ DOS PINHAIS;412550604A;PR;São Pedro;-25,55;-49,196;2025-03-09 22:50:00.0;2,76
SÃO JOSÉ DOS PINHAIS;412550604A;PR;São Pedro;-25,55;-49,196;2025-03-09 23:00:00.0;1,38
SÃO JOSÉ DOS PINHAIS;412550604A;PR;São Pedro;-25,55;-49,196;2025-03-09 23:10:00.0;0,00
SÃO JOSÉ DOS PINHAIS;412550604A;PR;São Pedro;-25,55;-49,196;2025-03-09 23:30:00.0;0,20
SÃO JOSÉ DOS PINHAIS;412550604A;PR;São Pedro;-25,55;-49,196;2025-03-10 00:10:00.0;0,00
SÃO JOSÉ DOS PINHAIS;412550604A;PR;São Pedro;-25,55;-49,196;2025-03-10 00:30:00.0;0,39
SÃO JOSÉ DOS PINHAIS;412550604A;PR;São Pedro;-25,55;-49,196;2025-03-10 00:40:00.0;0,20
SÃO JOSÉ DOS PINHAIS;412550604A;PR;São Pedro;-25,55;-49,196;2025-03-10 00:50:00.0;0,39
SÃO JOSÉ DOS PINHAIS;412550604A;PR;São Pedro;-25,55;-49,196;2025-03-10 01:10:00.0;0,00
SÃO JOSÉ DOS PINHAIS;412550604A;PR;São Pedro;-25,55;-49,196;2025-03-10 02:10:00.0;0,00
SÃO JOSÉ DOS PINHAIS;412550604A;PR;São Pedro;-25,55;-49,196;2025-03-10 03:10:00.0;0,00
SÃO JOSÉ DOS PINHAIS;412550604A;PR;São Pedro;-25,55;-49,196;2025-03-10 04:10:00.0;0,00
SÃO JOSÉ DOS PINHAIS;412550604A;PR;São Pedro;-25,55;-49,196;2025-03-10 05:10:00.0;0,00
SÃO JOSÉ DOS PINHAIS;412550604A;PR;São Pedro;-25,55;-49,196;2025-03-10 06:10:00.0;0,00
SÃO JOSÉ DOS PINHAIS;412550604A;PR;São Pedro;-25,55;-49,196;2025-03-10 07:10:00.0;0,00
SÃO JOSÉ DOS PINHAIS;412550604A;PR;São Pedro;-25,55;-49,196;2025-03-10 08:10:00.0;0,00
SÃO JOSÉ DOS PINHAIS;412550604A;PR;São Pedro;-25,55;-49,196;2025-03-10 09:10:00.0;0,20
SÃO JOSÉ DOS PINHAIS;412550604A;PR;São Pedro;-25,55;-49,196;2025-03-10 10:10:00.0;0,00
SÃO JOSÉ DOS PINHAIS;412550604A;PR;São Pedro;-25,55;-49,196;2025-03-10 11:10:00.0;0,00
SÃO JOSÉ DOS PINHAIS;412550604A;PR;São Pedro;-25,55;-49,196;2025-03-10 12:10:00.0;0,00
SÃO JOSÉ DOS PINHAIS;412550604A;PR;São Pedro;-25,55;-49,196;2025-03-10 13:10:00.0;0,00
SÃO JOSÉ DOS PINHAIS;412550604A;PR;São Pedro;-25,55;-49,196;2025-03-10 14:10:00.0;0,00
SÃO JOSÉ DOS PINHAIS;412550604A;PR;São Pedro;-25,55;-49,196;2025-03-10 15:10:00.0;0,00
SÃO JOSÉ DOS PINHAIS;412550604A;PR;São Pedro;-25,55;-49,196;2025-03-10 16:10:00.0;0,00
SÃO JOSÉ DOS PINHAIS;412550604A;PR;São Pedro;-25,55;-49,196;2025-03-10 17:10:00.0;0,00
SÃO JOSÉ DOS PINHAIS;412550604A;PR;São Pedro;-25,55;-49,196;2025-03-10 18:10:00.0;0,00
SÃO JOSÉ DOS PINHAIS;412550604A;PR;São Pedro;-25,55;-49,196;2025-03-10 19:10:00.0;0,00
SÃO JOSÉ DOS PINHAIS;412550604A;PR;São Pedro;-25,55;-49,196;2025-03-10 20:10:00.0;0,00
SÃO JOSÉ DOS PINHAIS;412550604A;PR;São Pedro;-25,55;-49,196;2025-03-10 21:10:00.0;0,00
SÃO JOSÉ DOS PINHAIS;412550604A;PR;São Pedro;-25,55;-49,196;2025-03-10 22:10:00.0;0,00
SÃO JOSÉ DOS PINHAIS;412550604A;PR;São Pedro;-25,55;-49,196;2025-03-10 23:10:00.0;0,00
SÃO JOSÉ DOS PINHAIS;412550604A;PR;São Pedro;-25,55;-49,196;2025-03-11 00:10:00.0;0,00
SÃO JOSÉ DOS PINHAIS;412550604A;PR;São Pedro;-25,55;-49,196;2025-03-11 01:10:00.0;0,00
SÃO JOSÉ DOS PINHAIS;412550604A;PR;São Pedro;-25,55;-49,196;2025-03-11 02:10:00.0;0,00
SÃO JOSÉ DOS PINHAIS;412550604A;PR;São Pedro;-25,55;-49,196;2025-03-11 03:10:00.0;0,00
SÃO JOSÉ DOS PINHAIS;412550604A;PR;São Pedro;-25,55;-49,196;2025-03-11 04:10:00.0;0,00
SÃO JOSÉ DOS PINHAIS;412550604A;PR;São Pedro;-25,55;-49,196;2025-03-11 05:10:00.0;0,00
SÃO JOSÉ DOS PINHAIS;412550604A;PR;São Pedro;-25,55;-49,196;2025-03-11 06:10:00.0;0,00
SÃO JOSÉ DOS PINHAIS;412550604A;PR;São Pedro;-25,55;-49,196;2025-03-11 07:10:00.0;0,00
SÃO JOSÉ DOS PINHAIS;412550604A;PR;São Pedro;-25,55;-49,196;2025-03-11 08:10:00.0;0,00
SÃO JOSÉ DOS PINHAIS;412550604A;PR;São Pedro;-25,55;-49,196;2025-03-11 09:10:00.0;0,00
SÃO JOSÉ DOS PINHAIS;412550604A;PR;São Pedro;-25,55;-49,196;2025-03-11 10:10:00.0;0,00
SÃO JOSÉ DOS PINHAIS;412550604A;PR;São Pedro;-25,55;-49,196;2025-03-11 11:10:00.0;0,00
SÃO JOSÉ DOS PINHAIS;412550604A;PR;São Pedro;-25,55;-49,196;2025-03-11 12:10:00.0;0,00
SÃO JOSÉ DOS PINHAIS;412550604A;PR;São Pedro;-25,55;-49,196;2025-03-11 13:10:00.0;0,00
SÃO JOSÉ DOS PINHAIS;412550604A;PR;São Pedro;-25,55;-49,196;2025-03-11 15:10:00.0;0,00
SÃO JOSÉ DOS PINHAIS;412550604A;PR;São Pedro;-25,55;-49,196;2025-03-11 17:10:00.0;0,00
SÃO JOSÉ DOS PINHAIS;412550604A;PR;São Pedro;-25,55;-49,196;2025-03-11 18:10:00.0;0,00
SÃO JOSÉ DOS PINHAIS;412550604A;PR;São Pedro;-25,55;-49,196;2025-03-11 18:20:00.0;0,20
SÃO JOSÉ DOS PINHAIS;412550604A;PR;São Pedro;-25,55;-49,196;2025-03-11 18:30:00.0;0,20
SÃO JOSÉ DOS PINHAIS;412550604A;PR;São Pedro;-25,55;-49,196;2025-03-11 19:10:00.0;0,20
SÃO JOSÉ DOS PINHAIS;412550604A;PR;São Pedro;-25,55;-49,196;2025-03-11 19:20:00.0;0,20
SÃO JOSÉ DOS PINHAIS;412550604A;PR;São Pedro;-25,55;-49,196;2025-03-11 19:30:00.0;0,98
SÃO JOSÉ DOS PINHAIS;412550604A;PR;São Pedro;-25,55;-49,196;2025-03-11 19:40:00.0;0,20
SÃO JOSÉ DOS PINHAIS;412550604A;PR;São Pedro;-25,55;-49,196;2025-03-11 19:50:00.0;0,20
SÃO JOSÉ DOS PINHAIS;412550604A;PR;São Pedro;-25,55;-49,196;2025-03-11 20:10:00.0;0,00
SÃO JOSÉ DOS PINHAIS;412550604A;PR;São Pedro;-25,55;-49,196;2025-03-11 20:20:00.0;0,20
SÃO JOSÉ DOS PINHAIS;412550604A;PR;São Pedro;-25,55;-49,196;2025-03-11 20:30:00.0;0,20
SÃO JOSÉ DOS PINHAIS;412550604A;PR;São Pedro;-25,55;-49,196;2025-03-11 20:50:00.0;0,20
SÃO JOSÉ DOS PINHAIS;412550604A;PR;São Pedro;-25,55;-49,196;2025-03-11 21:00:00.0;0,20
SÃO JOSÉ DOS PINHAIS;412550604A;PR;São Pedro;-25,55;-49,196;2025-03-11 21:10:00.0;0,00
SÃO JOSÉ DOS PINHAIS;412550604A;PR;São Pedro;-25,55;-49,196;2025-03-11 21:20:00.0;0,20
SÃO JOSÉ DOS PINHAIS;412550604A;PR;São Pedro;-25,55;-49,196;2025-03-11 21:40:00.0;0,39
SÃO JOSÉ DOS PINHAIS;412550604A;PR;São Pedro;-25,55;-49,196;2025-03-11 21:50:00.0;0,20
SÃO JOSÉ DOS PINHAIS;412550604A;PR;São Pedro;-25,55;-49,196;2025-03-11 22:00:00.0;0,39
SÃO JOSÉ DOS PINHAIS;412550604A;PR;São Pedro;-25,55;-49,196;2025-03-11 22:10:00.0;0,79
SÃO JOSÉ DOS PINHAIS;412550604A;PR;São Pedro;-25,55;-49,196;2025-03-11 22:20:00.0;0,59
SÃO JOSÉ DOS PINHAIS;412550604A;PR;São Pedro;-25,55;-49,196;2025-03-11 22:30:00.0;0,59
SÃO JOSÉ DOS PINHAIS;412550604A;PR;São Pedro;-25,55;-49,196;2025-03-11 22:40:00.0;0,98
SÃO JOSÉ DOS PINHAIS;412550604A;PR;São Pedro;-25,55;-49,196;2025-03-11 22:50:00.0;0,98
SÃO JOSÉ DOS PINHAIS;412550604A;PR;São Pedro;-25,55;-49,196;2025-03-11 23:00:00.0;0,79
SÃO JOSÉ DOS PINHAIS;412550604A;PR;São Pedro;-25,55;-49,196;2025-03-11 23:10:00.0;0,79
SÃO JOSÉ DOS PINHAIS;412550604A;PR;São Pedro;-25,55;-49,196;2025-03-11 23:20:00.0;0,59
SÃO JOSÉ DOS PINHAIS;412550604A;PR;São Pedro;-25,55;-49,196;2025-03-11 23:30:00.0;0,79
SÃO JOSÉ DOS PINHAIS;412550604A;PR;São Pedro;-25,55;-49,196;2025-03-11 23:40:00.0;0,59
SÃO JOSÉ DOS PINHAIS;412550604A;PR;São Pedro;-25,55;-49,196;2025-03-11 23:50:00.0;0,39
SÃO JOSÉ DOS PINHAIS;412550604A;PR;São Pedro;-25,55;-49,196;2025-03-12 00:00:00.0;0,20
SÃO JOSÉ DOS PINHAIS;412550604A;PR;São Pedro;-25,55;-49,196;2025-03-12 00:10:00.0;0,20
SÃO JOSÉ DOS PINHAIS;412550604A;PR;São Pedro;-25,55;-49,196;2025-03-12 01:10:00.0;0,00
SÃO JOSÉ DOS PINHAIS;412550604A;PR;São Pedro;-25,55;-49,196;2025-03-12 02:10:00.0;0,00
SÃO JOSÉ DOS PINHAIS;412550604A;PR;São Pedro;-25,55;-49,196;2025-03-12 03:10:00.0;0,00
SÃO JOSÉ DOS PINHAIS;412550604A;PR;São Pedro;-25,55;-49,196;2025-03-12 04:10:00.0;0,00
SÃO JOSÉ DOS PINHAIS;412550604A;PR;São Pedro;-25,55;-49,196;2025-03-12 05:10:00.0;0,00
SÃO JOSÉ DOS PINHAIS;412550604A;PR;São Pedro;-25,55;-49,196;2025-03-12 06:10:00.0;0,00
SÃO JOSÉ DOS PINHAIS;412550604A;PR;São Pedro;-25,55;-49,196;2025-03-12 07:10:00.0;0,00
SÃO JOSÉ DOS PINHAIS;412550604A;PR;São Pedro;-25,55;-49,196;2025-03-12 07:50:00.0;0,20
SÃO JOSÉ DOS PINHAIS;412550604A;PR;São Pedro;-25,55;-49,196;2025-03-12 08:10:00.0;0,00
SÃO JOSÉ DOS PINHAIS;412550604A;PR;São Pedro;-25,55;-49,196;2025-03-12 09:10:00.0;0,00
SÃO JOSÉ DOS PINHAIS;412550604A;PR;São Pedro;-25,55;-49,196;2025-03-12 10:10:00.0;0,00
SÃO JOSÉ DOS PINHAIS;412550604A;PR;São Pedro;-25,55;-49,196;2025-03-12 11:10:00.0;0,00
SÃO JOSÉ DOS PINHAIS;412550604A;PR;São Pedro;-25,55;-49,196;2025-03-12 12:10:00.0;0,00
SÃO JOSÉ DOS PINHAIS;412550604A;PR;São Pedro;-25,55;-49,196;2025-03-12 13:10:00.0;0,00
SÃO JOSÉ DOS PINHAIS;412550604A;PR;São Pedro;-25,55;-49,196;2025-03-12 14:10:00.0;0,00
SÃO JOSÉ DOS PINHAIS;412550604A;PR;São Pedro;-25,55;-49,196;2025-03-12 15:10:00.0;1,57
SÃO JOSÉ DOS PINHAIS;412550604A;PR;São Pedro;-25,55;-49,196;2025-03-12 15:20:00.0;0,39
SÃO JOSÉ DOS PINHAIS;412550604A;PR;São Pedro;-25,55;-49,196;2025-03-12 15:30:00.0;0,39
SÃO JOSÉ DOS PINHAIS;412550604A;PR;São Pedro;-25,55;-49,196;2025-03-12 15:40:00.0;0,20
SÃO JOSÉ DOS PINHAIS;412550604A;PR;São Pedro;-25,55;-49,196;2025-03-12 16:10:00.0;0,00
SÃO JOSÉ DOS PINHAIS;412550604A;PR;São Pedro;-25,55;-49,196;2025-03-12 17:10:00.0;0,00
SÃO JOSÉ DOS PINHAIS;412550604A;PR;São Pedro;-25,55;-49,196;2025-03-12 18:10:00.0;0,00
SÃO JOSÉ DOS PINHAIS;412550604A;PR;São Pedro;-25,55;-49,196;2025-03-12 19:10:00.0;0,00
SÃO JOSÉ DOS PINHAIS;412550604A;PR;São Pedro;-25,55;-49,196;2025-03-12 20:10:00.0;0,00
SÃO JOSÉ DOS PINHAIS;412550604A;PR;São Pedro;-25,55;-49,196;2025-03-12 21:10:00.0;0,00
SÃO JOSÉ DOS PINHAIS;412550604A;PR;São Pedro;-25,55;-49,196;2025-03-12 22:10:00.0;0,00
SÃO JOSÉ DOS PINHAIS;412550604A;PR;São Pedro;-25,55;-49,196;2025-03-12 23:10:00.0;0,00
SÃO JOSÉ DOS PINHAIS;412550604A;PR;São Pedro;-25,55;-49,196;2025-03-12 23:30:00.0;0,20
SÃO JOSÉ DOS PINHAIS;412550604A;PR;São Pedro;-25,55;-49,196;2025-03-12 23:40:00.0;0,20
SÃO JOSÉ DOS PINHAIS;412550604A;PR;São Pedro;-25,55;-49,196;2025-03-12 23:50:00.0;0,20
SÃO JOSÉ DOS PINHAIS;412550604A;PR;São Pedro;-25,55;-49,196;2025-03-13 00:00:00.0;0,20
SÃO JOSÉ DOS PINHAIS;412550604A;PR;São Pedro;-25,55;-49,196;2025-03-13 00:10:00.0;0,00
SÃO JOSÉ DOS PINHAIS;412550604A;PR;São Pedro;-25,55;-49,196;2025-03-13 00:50:00.0;0,20
SÃO JOSÉ DOS PINHAIS;412550604A;PR;São Pedro;-25,55;-49,196;2025-03-13 01:40:00.0;0,20
SÃO JOSÉ DOS PINHAIS;412550604A;PR;São Pedro;-25,55;-49,196;2025-03-13 02:10:00.0;0,00
SÃO JOSÉ DOS PINHAIS;412550604A;PR;São Pedro;-25,55;-49,196;2025-03-13 02:40:00.0;0,20
SÃO JOSÉ DOS PINHAIS;412550604A;PR;São Pedro;-25,55;-49,196;2025-03-13 03:10:00.0;0,00
SÃO JOSÉ DOS PINHAIS;412550604A;PR;São Pedro;-25,55;-49,196;2025-03-13 04:10:00.0;0,00
SÃO JOSÉ DOS PINHAIS;412550604A;PR;São Pedro;-25,55;-49,196;2025-03-13 06:10:00.0;0,00
SÃO JOSÉ DOS PINHAIS;412550604A;PR;São Pedro;-25,55;-49,196;2025-03-13 06:20:00.0;0,20
SÃO JOSÉ DOS PINHAIS;412550604A;PR;São Pedro;-25,55;-49,196;2025-03-13 06:40:00.0;0,20
SÃO JOSÉ DOS PINHAIS;412550604A;PR;São Pedro;-25,55;-49,196;2025-03-13 06:50:00.0;0,39
SÃO JOSÉ DOS PINHAIS;412550604A;PR;São Pedro;-25,55;-49,196;2025-03-13 07:00:00.0;0,20
SÃO JOSÉ DOS PINHAIS;412550604A;PR;São Pedro;-25,55;-49,196;2025-03-13 07:10:00.0;0,59
SÃO JOSÉ DOS PINHAIS;412550604A;PR;São Pedro;-25,55;-49,196;2025-03-13 07:20:00.0;0,20
SÃO JOSÉ DOS PINHAIS;412550604A;PR;São Pedro;-25,55;-49,196;2025-03-13 07:30:00.0;0,20
SÃO JOSÉ DOS PINHAIS;412550604A;PR;São Pedro;-25,55;-49,196;2025-03-13 08:00:00.0;0,39
SÃO JOSÉ DOS PINHAIS;412550604A;PR;São Pedro;-25,55;-49,196;2025-03-13 08:10:00.0;0,20
SÃO JOSÉ DOS PINHAIS;412550604A;PR;São Pedro;-25,55;-49,196;2025-03-13 08:20:00.0;0,20
SÃO JOSÉ DOS PINHAIS;412550604A;PR;São Pedro;-25,55;-49,196;2025-03-13 08:50:00.0;0,20
SÃO JOSÉ DOS PINHAIS;412550604A;PR;São Pedro;-25,55;-49,196;2025-03-13 09:10:00.0;0,00
SÃO JOSÉ DOS PINHAIS;412550604A;PR;São Pedro;-25,55;-49,196;2025-03-13 10:10:00.0;0,00
SÃO JOSÉ DOS PINHAIS;412550604A;PR;São Pedro;-25,55;-49,196;2025-03-13 11:10:00.0;0,00
SÃO JOSÉ DOS PINHAIS;412550604A;PR;São Pedro;-25,55;-49,196;2025-03-13 12:10:00.0;0,00
SÃO JOSÉ DOS PINHAIS;412550604A;PR;São Pedro;-25,55;-49,196;2025-03-13 13:10:00.0;0,00
SÃO JOSÉ DOS PINHAIS;412550604A;PR;São Pedro;-25,55;-49,196;2025-03-13 14:10:00.0;0,00
SÃO JOSÉ DOS PINHAIS;412550604A;PR;São Pedro;-25,55;-49,196;2025-03-13 14:40:00.0;0,20
SÃO JOSÉ DOS PINHAIS;412550604A;PR;São Pedro;-25,55;-49,196;2025-03-13 15:10:00.0;0,00
SÃO JOSÉ DOS PINHAIS;412550604A;PR;São Pedro;-25,55;-49,196;2025-03-13 16:10:00.0;0,00
SÃO JOSÉ DOS PINHAIS;412550604A;PR;São Pedro;-25,55;-49,196;2025-03-13 17:10:00.0;0,00
SÃO JOSÉ DOS PINHAIS;412550604A;PR;São Pedro;-25,55;-49,196;2025-03-13 18:10:00.0;0,00
SÃO JOSÉ DOS PINHAIS;412550604A;PR;São Pedro;-25,55;-49,196;2025-03-13 19:10:00.0;0,00
SÃO JOSÉ DOS PINHAIS;412550604A;PR;São Pedro;-25,55;-49,196;2025-03-13 20:10:00.0;0,00
SÃO JOSÉ DOS PINHAIS;412550604A;PR;São Pedro;-25,55;-49,196;2025-03-13 21:10:00.0;0,00
SÃO JOSÉ DOS PINHAIS;412550604A;PR;São Pedro;-25,55;-49,196;2025-03-13 22:10:00.0;1,38
SÃO JOSÉ DOS PINHAIS;412550604A;PR;São Pedro;-25,55;-49,196;2025-03-13 22:20:00.0;0,98
SÃO JOSÉ DOS PINHAIS;412550604A;PR;São Pedro;-25,55;-49,196;2025-03-13 22:30:00.0;1,97
SÃO JOSÉ DOS PINHAIS;412550604A;PR;São Pedro;-25,55;-49,196;2025-03-13 22:40:00.0;0,39
SÃO JOSÉ DOS PINHAIS;412550604A;PR;São Pedro;-25,55;-49,196;2025-03-13 23:00:00.0;0,20
SÃO JOSÉ DOS PINHAIS;412550604A;PR;São Pedro;-25,55;-49,196;2025-03-13 23:10:00.0;0,00
SÃO JOSÉ DOS PINHAIS;412550604A;PR;São Pedro;-25,55;-49,196;2025-03-13 23:30:00.0;0,20
SÃO JOSÉ DOS PINHAIS;412550604A;PR;São Pedro;-25,55;-49,196;2025-03-14 00:10:00.0;0,00
SÃO JOSÉ DOS PINHAIS;412550604A;PR;São Pedro;-25,55;-49,196;2025-03-14 01:10:00.0;0,00
SÃO JOSÉ DOS PINHAIS;412550604A;PR;São Pedro;-25,55;-49,196;2025-03-14 02:10:00.0;0,00
SÃO JOSÉ DOS PINHAIS;412550604A;PR;São Pedro;-25,55;-49,196;2025-03-14 03:10:00.0;0,00
SÃO JOSÉ DOS PINHAIS;412550604A;PR;São Pedro;-25,55;-49,196;2025-03-14 04:10:00.0;0,00
SÃO JOSÉ DOS PINHAIS;412550604A;PR;São Pedro;-25,55;-49,196;2025-03-14 05:10:00.0;0,00
SÃO JOSÉ DOS PINHAIS;412550604A;PR;São Pedro;-25,55;-49,196;2025-03-14 06:10:00.0;0,00
SÃO JOSÉ DOS PINHAIS;412550604A;PR;São Pedro;-25,55;-49,196;2025-03-14 07:10:00.0;0,00
SÃO JOSÉ DOS PINHAIS;412550604A;PR;São Pedro;-25,55;-49,196;2025-03-14 08:10:00.0;0,00
SÃO JOSÉ DOS PINHAIS;412550604A;PR;São Pedro;-25,55;-49,196;2025-03-14 09:10:00.0;0,00
SÃO JOSÉ DOS PINHAIS;412550604A;PR;São Pedro;-25,55;-49,196;2025-03-14 10:10:00.0;0,00
SÃO JOSÉ DOS PINHAIS;412550604A;PR;São Pedro;-25,55;-49,196;2025-03-14 11:10:00.0;0,00
SÃO JOSÉ DOS PINHAIS;412550604A;PR;São Pedro;-25,55;-49,196;2025-03-14 12:10:00.0;0,00
SÃO JOSÉ DOS PINHAIS;412550604A;PR;São Pedro;-25,55;-49,196;2025-03-14 13:10:00.0;0,00
SÃO JOSÉ DOS PINHAIS;412550604A;PR;São Pedro;-25,55;-49,196;2025-03-14 14:10:00.0;0,00
SÃO JOSÉ DOS PINHAIS;412550604A;PR;São Pedro;-25,55;-49,196;2025-03-14 15:10:00.0;0,00
SÃO JOSÉ DOS PINHAIS;412550604A;PR;São Pedro;-25,55;-49,196;2025-03-14 16:10:00.0;0,00
SÃO JOSÉ DOS PINHAIS;412550604A;PR;São Pedro;-25,55;-49,196;2025-03-14 17:10:00.0;0,00
SÃO JOSÉ DOS PINHAIS;412550604A;PR;São Pedro;-25,55;-49,196;2025-03-14 18:10:00.0;0,00
SÃO JOSÉ DOS PINHAIS;412550604A;PR;São Pedro;-25,55;-49,196;2025-03-14 19:10:00.0;0,00
SÃO JOSÉ DOS PINHAIS;412550604A;PR;São Pedro;-25,55;-49,196;2025-03-14 20:10:00.0;0,00
SÃO JOSÉ DOS PINHAIS;412550604A;PR;São Pedro;-25,55;-49,196;2025-03-14 21:10:00.0;0,00
SÃO JOSÉ DOS PINHAIS;412550604A;PR;São Pedro;-25,55;-49,196;2025-03-14 22:00:00.0;1,18
SÃO JOSÉ DOS PINHAIS;412550604A;PR;São Pedro;-25,55;-49,196;2025-03-14 22:10:00.0;0,98
SÃO JOSÉ DOS PINHAIS;412550604A;PR;São Pedro;-25,55;-49,196;2025-03-14 23:10:00.0;0,00
SÃO JOSÉ DOS PINHAIS;412550604A;PR;São Pedro;-25,55;-49,196;2025-03-15 00:10:00.0;0,00
SÃO JOSÉ DOS PINHAIS;412550604A;PR;São Pedro;-25,55;-49,196;2025-03-15 01:10:00.0;0,00
SÃO JOSÉ DOS PINHAIS;412550604A;PR;São Pedro;-25,55;-49,196;2025-03-15 02:10:00.0;0,00
SÃO JOSÉ DOS PINHAIS;412550604A;PR;São Pedro;-25,55;-49,196;2025-03-15 03:10:00.0;0,00
SÃO JOSÉ DOS PINHAIS;412550604A;PR;São Pedro;-25,55;-49,196;2025-03-15 04:10:00.0;0,00
SÃO JOSÉ DOS PINHAIS;412550604A;PR;São Pedro;-25,55;-49,196;2025-03-15 05:10:00.0;0,00
SÃO JOSÉ DOS PINHAIS;412550604A;PR;São Pedro;-25,55;-49,196;2025-03-15 06:10:00.0;0,00
SÃO JOSÉ DOS PINHAIS;412550604A;PR;São Pedro;-25,55;-49,196;2025-03-15 06:50:00.0;0,20
SÃO JOSÉ DOS PINHAIS;412550604A;PR;São Pedro;-25,55;-49,196;2025-03-15 07:10:00.0;0,00
SÃO JOSÉ DOS PINHAIS;412550604A;PR;São Pedro;-25,55;-49,196;2025-03-15 08:10:00.0;0,00
SÃO JOSÉ DOS PINHAIS;412550604A;PR;São Pedro;-25,55;-49,196;2025-03-15 09:10:00.0;0,00
SÃO JOSÉ DOS PINHAIS;412550604A;PR;São Pedro;-25,55;-49,196;2025-03-15 10:10:00.0;0,00
SÃO JOSÉ DOS PINHAIS;412550604A;PR;São Pedro;-25,55;-49,196;2025-03-15 11:10:00.0;0,00
SÃO JOSÉ DOS PINHAIS;412550604A;PR;São Pedro;-25,55;-49,196;2025-03-15 12:10:00.0;0,00
SÃO JOSÉ DOS PINHAIS;412550604A;PR;São Pedro;-25,55;-49,196;2025-03-15 13:10:00.0;0,00
SÃO JOSÉ DOS PINHAIS;412550604A;PR;São Pedro;-25,55;-49,196;2025-03-15 14:10:00.0;0,00
SÃO JOSÉ DOS PINHAIS;412550604A;PR;São Pedro;-25,55;-49,196;2025-03-15 15:10:00.0;0,00
SÃO JOSÉ DOS PINHAIS;412550604A;PR;São Pedro;-25,55;-49,196;2025-03-15 16:10:00.0;0,00
SÃO JOSÉ DOS PINHAIS;412550604A;PR;São Pedro;-25,55;-49,196;2025-03-15 17:10:00.0;0,00
SÃO JOSÉ DOS PINHAIS;412550604A;PR;São Pedro;-25,55;-49,196;2025-03-15 18:10:00.0;0,00
SÃO JOSÉ DOS PINHAIS;412550604A;PR;São Pedro;-25,55;-49,196;2025-03-15 19:00:00.0;0,79
SÃO JOSÉ DOS PINHAIS;412550604A;PR;São Pedro;-25,55;-49,196;2025-03-15 19:10:00.0;0,39
SÃO JOSÉ DOS PINHAIS;412550604A;PR;São Pedro;-25,55;-49,196;2025-03-15 19:20:00.0;0,20
SÃO JOSÉ DOS PINHAIS;412550604A;PR;São Pedro;-25,55;-49,196;2025-03-15 19:30:00.0;0,20
SÃO JOSÉ DOS PINHAIS;412550604A;PR;São Pedro;-25,55;-49,196;2025-03-15 20:10:00.0;0,00
SÃO JOSÉ DOS PINHAIS;412550604A;PR;São Pedro;-25,55;-49,196;2025-03-15 21:10:00.0;0,00
SÃO JOSÉ DOS PINHAIS;412550604A;PR;São Pedro;-25,55;-49,196;2025-03-15 22:10:00.0;0,00
SÃO JOSÉ DOS PINHAIS;412550604A;PR;São Pedro;-25,55;-49,196;2025-03-15 23:10:00.0;0,00
SÃO JOSÉ DOS PINHAIS;412550604A;PR;São Pedro;-25,55;-49,196;2025-03-15 23:40:00.0;0,20
SÃO JOSÉ DOS PINHAIS;412550604A;PR;São Pedro;-25,55;-49,196;2025-03-16 00:10:00.0;0,00
SÃO JOSÉ DOS PINHAIS;412550604A;PR;São Pedro;-25,55;-49,196;2025-03-16 01:10:00.0;0,00
SÃO JOSÉ DOS PINHAIS;412550604A;PR;São Pedro;-25,55;-49,196;2025-03-16 02:10:00.0;0,00
SÃO JOSÉ DOS PINHAIS;412550604A;PR;São Pedro;-25,55;-49,196;2025-03-16 03:10:00.0;0,00
SÃO JOSÉ DOS PINHAIS;412550604A;PR;São Pedro;-25,55;-49,196;2025-03-16 04:10:00.0;0,00
SÃO JOSÉ DOS PINHAIS;412550604A;PR;São Pedro;-25,55;-49,196;2025-03-16 05:10:00.0;0,00
SÃO JOSÉ DOS PINHAIS;412550604A;PR;São Pedro;-25,55;-49,196;2025-03-16 06:10:00.0;0,00
SÃO JOSÉ DOS PINHAIS;412550604A;PR;São Pedro;-25,55;-49,196;2025-03-16 07:00:00.0;0,20
SÃO JOSÉ DOS PINHAIS;412550604A;PR;São Pedro;-25,55;-49,196;2025-03-16 07:10:00.0;0,00
SÃO JOSÉ DOS PINHAIS;412550604A;PR;São Pedro;-25,55;-49,196;2025-03-16 08:10:00.0;0,00
SÃO JOSÉ DOS PINHAIS;412550604A;PR;São Pedro;-25,55;-49,196;2025-03-16 09:10:00.0;0,00
SÃO JOSÉ DOS PINHAIS;412550604A;PR;São Pedro;-25,55;-49,196;2025-03-16 10:10:00.0;0,00
SÃO JOSÉ DOS PINHAIS;412550604A;PR;São Pedro;-25,55;-49,196;2025-03-16 11:10:00.0;0,00
SÃO JOSÉ DOS PINHAIS;412550604A;PR;São Pedro;-25,55;-49,196;2025-03-16 12:10:00.0;0,00
SÃO JOSÉ DOS PINHAIS;412550604A;PR;São Pedro;-25,55;-49,196;2025-03-16 14:10:00.0;0,00
SÃO JOSÉ DOS PINHAIS;412550604A;PR;São Pedro;-25,55;-49,196;2025-03-16 15:10:00.0;0,00
SÃO JOSÉ DOS PINHAIS;412550604A;PR;São Pedro;-25,55;-49,196;2025-03-16 16:10:00.0;0,00
SÃO JOSÉ DOS PINHAIS;412550604A;PR;São Pedro;-25,55;-49,196;2025-03-16 17:10:00.0;0,00
SÃO JOSÉ DOS PINHAIS;412550604A;PR;São Pedro;-25,55;-49,196;2025-03-16 18:10:00.0;0,00
SÃO JOSÉ DOS PINHAIS;412550604A;PR;São Pedro;-25,55;-49,196;2025-03-16 19:10:00.0;0,00
SÃO JOSÉ DOS PINHAIS;412550604A;PR;São Pedro;-25,55;-49,196;2025-03-16 20:10:00.0;0,00
SÃO JOSÉ DOS PINHAIS;412550604A;PR;São Pedro;-25,55;-49,196;2025-03-16 21:10:00.0;0,00
SÃO JOSÉ DOS PINHAIS;412550604A;PR;São Pedro;-25,55;-49,196;2025-03-16 22:10:00.0;0,00
SÃO JOSÉ DOS PINHAIS;412550604A;PR;São Pedro;-25,55;-49,196;2025-03-16 23:10:00.0;0,00
SÃO JOSÉ DOS PINHAIS;412550604A;PR;São Pedro;-25,55;-49,196;2025-03-17 00:10:00.0;0,00
SÃO JOSÉ DOS PINHAIS;412550604A;PR;São Pedro;-25,55;-49,196;2025-03-17 01:10:00.0;0,00
SÃO JOSÉ DOS PINHAIS;412550604A;PR;São Pedro;-25,55;-49,196;2025-03-17 02:10:00.0;0,00
SÃO JOSÉ DOS PINHAIS;412550604A;PR;São Pedro;-25,55;-49,196;2025-03-17 03:10:00.0;0,00
SÃO JOSÉ DOS PINHAIS;412550604A;PR;São Pedro;-25,55;-49,196;2025-03-17 04:10:00.0;0,00
SÃO JOSÉ DOS PINHAIS;412550604A;PR;São Pedro;-25,55;-49,196;2025-03-17 05:10:00.0;0,00
SÃO JOSÉ DOS PINHAIS;412550604A;PR;São Pedro;-25,55;-49,196;2025-03-17 06:10:00.0;0,00
SÃO JOSÉ DOS PINHAIS;412550604A;PR;São Pedro;-25,55;-49,196;2025-03-17 07:10:00.0;0,00
SÃO JOSÉ DOS PINHAIS;412550604A;PR;São Pedro;-25,55;-49,196;2025-03-17 08:10:00.0;0,00
SÃO JOSÉ DOS PINHAIS;412550604A;PR;São Pedro;-25,55;-49,196;2025-03-17 09:10:00.0;0,00
SÃO JOSÉ DOS PINHAIS;412550604A;PR;São Pedro;-25,55;-49,196;2025-03-17 10:10:00.0;0,00
SÃO JOSÉ DOS PINHAIS;412550604A;PR;São Pedro;-25,55;-49,196;2025-03-17 11:10:00.0;0,00
SÃO JOSÉ DOS PINHAIS;412550604A;PR;São Pedro;-25,55;-49,196;2025-03-17 12:10:00.0;0,00
SÃO JOSÉ DOS PINHAIS;412550604A;PR;São Pedro;-25,55;-49,196;2025-03-17 13:10:00.0;0,00
SÃO JOSÉ DOS PINHAIS;412550604A;PR;São Pedro;-25,55;-49,196;2025-03-17 14:10:00.0;0,00
SÃO JOSÉ DOS PINHAIS;412550604A;PR;São Pedro;-25,55;-49,196;2025-03-17 15:10:00.0;0,00
SÃO JOSÉ DOS PINHAIS;412550604A;PR;São Pedro;-25,55;-49,196;2025-03-17 16:10:00.0;0,00
SÃO JOSÉ DOS PINHAIS;412550604A;PR;São Pedro;-25,55;-49,196;2025-03-17 17:10:00.0;0,00
SÃO JOSÉ DOS PINHAIS;412550604A;PR;São Pedro;-25,55;-49,196;2025-03-17 18:10:00.0;0,00
SÃO JOSÉ DOS PINHAIS;412550604A;PR;São Pedro;-25,55;-49,196;2025-03-17 19:10:00.0;0,00
SÃO JOSÉ DOS PINHAIS;412550604A;PR;São Pedro;-25,55;-49,196;2025-03-17 20:10:00.0;0,00
SÃO JOSÉ DOS PINHAIS;412550604A;PR;São Pedro;-25,55;-49,196;2025-03-17 21:10:00.0;0,00
SÃO JOSÉ DOS PINHAIS;412550604A;PR;São Pedro;-25,55;-49,196;2025-03-17 22:10:00.0;0,00
SÃO JOSÉ DOS PINHAIS;412550604A;PR;São Pedro;-25,55;-49,196;2025-03-17 23:10:00.0;0,00
SÃO JOSÉ DOS PINHAIS;412550604A;PR;São Pedro;-25,55;-49,196;2025-03-18 00:10:00.0;0,00
SÃO JOSÉ DOS PINHAIS;412550604A;PR;São Pedro;-25,55;-49,196;2025-03-18 01:10:00.0;0,00
SÃO JOSÉ DOS PINHAIS;412550604A;PR;São Pedro;-25,55;-49,196;2025-03-18 02:10:00.0;0,00
SÃO JOSÉ DOS PINHAIS;412550604A;PR;São Pedro;-25,55;-49,196;2025-03-18 03:10:00.0;0,00
SÃO JOSÉ DOS PINHAIS;412550604A;PR;São Pedro;-25,55;-49,196;2025-03-18 04:10:00.0;0,00
SÃO JOSÉ DOS PINHAIS;412550604A;PR;São Pedro;-25,55;-49,196;2025-03-18 05:10:00.0;0,00
SÃO JOSÉ DOS PINHAIS;412550604A;PR;São Pedro;-25,55;-49,196;2025-03-18 06:10:00.0;0,00
SÃO JOSÉ DOS PINHAIS;412550604A;PR;São Pedro;-25,55;-49,196;2025-03-18 07:10:00.0;0,00
SÃO JOSÉ DOS PINHAIS;412550604A;PR;São Pedro;-25,55;-49,196;2025-03-18 08:10:00.0;0,00
SÃO JOSÉ DOS PINHAIS;412550604A;PR;São Pedro;-25,55;-49,196;2025-03-18 09:10:00.0;0,00
SÃO JOSÉ DOS PINHAIS;412550604A;PR;São Pedro;-25,55;-49,196;2025-03-18 10:10:00.0;0,00
SÃO JOSÉ DOS PINHAIS;412550604A;PR;São Pedro;-25,55;-49,196;2025-03-18 11:10:00.0;0,00
SÃO JOSÉ DOS PINHAIS;412550604A;PR;São Pedro;-25,55;-49,196;2025-03-18 12:10:00.0;0,00
SÃO JOSÉ DOS PINHAIS;412550604A;PR;São Pedro;-25,55;-49,196;2025-03-18 13:10:00.0;0,00
SÃO JOSÉ DOS PINHAIS;412550604A;PR;São Pedro;-25,55;-49,196;2025-03-18 14:10:00.0;0,00
SÃO JOSÉ DOS PINHAIS;412550604A;PR;São Pedro;-25,55;-49,196;2025-03-18 15:10:00.0;0,00
SÃO JOSÉ DOS PINHAIS;412550604A;PR;São Pedro;-25,55;-49,196;2025-03-18 17:10:00.0;0,00
SÃO JOSÉ DOS PINHAIS;412550604A;PR;São Pedro;-25,55;-49,196;2025-03-18 18:10:00.0;0,20
SÃO JOSÉ DOS PINHAIS;412550604A;PR;São Pedro;-25,55;-49,196;2025-03-18 18:20:00.0;1,97
SÃO JOSÉ DOS PINHAIS;412550604A;PR;São Pedro;-25,55;-49,196;2025-03-18 18:30:00.0;0,20
SÃO JOSÉ DOS PINHAIS;412550604A;PR;São Pedro;-25,55;-49,196;2025-03-18 19:10:00.0;0,00
SÃO JOSÉ DOS PINHAIS;412550604A;PR;São Pedro;-25,55;-49,196;2025-03-18 19:40:00.0;0,59
SÃO JOSÉ DOS PINHAIS;412550604A;PR;São Pedro;-25,55;-49,196;2025-03-18 19:50:00.0;0,20
SÃO JOSÉ DOS PINHAIS;412550604A;PR;São Pedro;-25,55;-49,196;2025-03-18 20:10:00.0;0,00
SÃO JOSÉ DOS PINHAIS;412550604A;PR;São Pedro;-25,55;-49,196;2025-03-18 21:10:00.0;0,00
SÃO JOSÉ DOS PINHAIS;412550604A;PR;São Pedro;-25,55;-49,196;2025-03-18 22:10:00.0;0,00
SÃO JOSÉ DOS PINHAIS;412550604A;PR;São Pedro;-25,55;-49,196;2025-03-18 23:10:00.0;0,00
SÃO JOSÉ DOS PINHAIS;412550604A;PR;São Pedro;-25,55;-49,196;2025-03-19 00:10:00.0;0,00
SÃO JOSÉ DOS PINHAIS;412550604A;PR;São Pedro;-25,55;-49,196;2025-03-19 01:10:00.0;0,00
SÃO JOSÉ DOS PINHAIS;412550604A;PR;São Pedro;-25,55;-49,196;2025-03-19 02:10:00.0;0,00
SÃO JOSÉ DOS PINHAIS;412550604A;PR;São Pedro;-25,55;-49,196;2025-03-19 03:10:00.0;0,00
SÃO JOSÉ DOS PINHAIS;412550604A;PR;São Pedro;-25,55;-49,196;2025-03-19 04:10:00.0;0,00
SÃO JOSÉ DOS PINHAIS;412550604A;PR;São Pedro;-25,55;-49,196;2025-03-19 05:10:00.0;0,00
SÃO JOSÉ DOS PINHAIS;412550604A;PR;São Pedro;-25,55;-49,196;2025-03-19 06:10:00.0;0,00
SÃO JOSÉ DOS PINHAIS;412550604A;PR;São Pedro;-25,55;-49,196;2025-03-19 07:10:00.0;0,00
SÃO JOSÉ DOS PINHAIS;412550604A;PR;São Pedro;-25,55;-49,196;2025-03-19 08:10:00.0;0,00
SÃO JOSÉ DOS PINHAIS;412550604A;PR;São Pedro;-25,55;-49,196;2025-03-19 09:10:00.0;0,00
SÃO JOSÉ DOS PINHAIS;412550604A;PR;São Pedro;-25,55;-49,196;2025-03-19 10:10:00.0;0,00
SÃO JOSÉ DOS PINHAIS;412550604A;PR;São Pedro;-25,55;-49,196;2025-03-19 11:10:00.0;0,00
SÃO JOSÉ DOS PINHAIS;412550604A;PR;São Pedro;-25,55;-49,196;2025-03-19 12:10:00.0;0,00
SÃO JOSÉ DOS PINHAIS;412550604A;PR;São Pedro;-25,55;-49,196;2025-03-19 13:10:00.0;0,00
SÃO JOSÉ DOS PINHAIS;412550604A;PR;São Pedro;-25,55;-49,196;2025-03-19 14:10:00.0;0,00
SÃO JOSÉ DOS PINHAIS;412550604A;PR;São Pedro;-25,55;-49,196;2025-03-19 15:10:00.0;0,00
SÃO JOSÉ DOS PINHAIS;412550604A;PR;São Pedro;-25,55;-49,196;2025-03-19 16:10:00.0;0,00
SÃO JOSÉ DOS PINHAIS;412550604A;PR;São Pedro;-25,55;-49,196;2025-03-19 17:10:00.0;0,00
SÃO JOSÉ DOS PINHAIS;412550604A;PR;São Pedro;-25,55;-49,196;2025-03-19 18:10:00.0;0,00
SÃO JOSÉ DOS PINHAIS;412550604A;PR;São Pedro;-25,55;-49,196;2025-03-19 19:10:00.0;0,00
SÃO JOSÉ DOS PINHAIS;412550604A;PR;São Pedro;-25,55;-49,196;2025-03-19 20:10:00.0;0,00
SÃO JOSÉ DOS PINHAIS;412550604A;PR;São Pedro;-25,55;-49,196;2025-03-19 21:10:00.0;0,00
SÃO JOSÉ DOS PINHAIS;412550604A;PR;São Pedro;-25,55;-49,196;2025-03-19 22:10:00.0;0,00
SÃO JOSÉ DOS PINHAIS;412550604A;PR;São Pedro;-25,55;-49,196;2025-03-19 23:10:00.0;0,00
SÃO JOSÉ DOS PINHAIS;412550604A;PR;São Pedro;-25,55;-49,196;2025-03-20 00:10:00.0;0,00
SÃO JOSÉ DOS PINHAIS;412550604A;PR;São Pedro;-25,55;-49,196;2025-03-20 01:10:00.0;0,00
SÃO JOSÉ DOS PINHAIS;412550604A;PR;São Pedro;-25,55;-49,196;2025-03-20 02:10:00.0;0,00
SÃO JOSÉ DOS PINHAIS;412550604A;PR;São Pedro;-25,55;-49,196;2025-03-20 03:10:00.0;0,00
SÃO JOSÉ DOS PINHAIS;412550604A;PR;São Pedro;-25,55;-49,196;2025-03-20 04:10:00.0;0,00
SÃO JOSÉ DOS PINHAIS;412550604A;PR;São Pedro;-25,55;-49,196;2025-03-20 05:10:00.0;0,00
SÃO JOSÉ DOS PINHAIS;412550604A;PR;São Pedro;-25,55;-49,196;2025-03-20 06:10:00.0;0,00
SÃO JOSÉ DOS PINHAIS;412550604A;PR;São Pedro;-25,55;-49,196;2025-03-20 07:10:00.0;0,00
SÃO JOSÉ DOS PINHAIS;412550604A;PR;São Pedro;-25,55;-49,196;2025-03-20 08:10:00.0;0,00
SÃO JOSÉ DOS PINHAIS;412550604A;PR;São Pedro;-25,55;-49,196;2025-03-20 09:10:00.0;0,00
SÃO JOSÉ DOS PINHAIS;412550604A;PR;São Pedro;-25,55;-49,196;2025-03-20 10:10:00.0;0,00
SÃO JOSÉ DOS PINHAIS;412550604A;PR;São Pedro;-25,55;-49,196;2025-03-20 11:10:00.0;0,00
SÃO JOSÉ DOS PINHAIS;412550604A;PR;São Pedro;-25,55;-49,196;2025-03-20 12:10:00.0;0,00
SÃO JOSÉ DOS PINHAIS;412550604A;PR;São Pedro;-25,55;-49,196;2025-03-20 13:10:00.0;0,00
SÃO JOSÉ DOS PINHAIS;412550604A;PR;São Pedro;-25,55;-49,196;2025-03-20 14:10:00.0;0,00
SÃO JOSÉ DOS PINHAIS;412550604A;PR;São Pedro;-25,55;-49,196;2025-03-20 15:10:00.0;0,00
SÃO JOSÉ DOS PINHAIS;412550604A;PR;São Pedro;-25,55;-49,196;2025-03-20 16:10:00.0;0,00
SÃO JOSÉ DOS PINHAIS;412550604A;PR;São Pedro;-25,55;-49,196;2025-03-20 17:10:00.0;0,00
SÃO JOSÉ DOS PINHAIS;412550604A;PR;São Pedro;-25,55;-49,196;2025-03-20 18:10:00.0;0,00
SÃO JOSÉ DOS PINHAIS;412550604A;PR;São Pedro;-25,55;-49,196;2025-03-20 19:10:00.0;0,00
SÃO JOSÉ DOS PINHAIS;412550604A;PR;São Pedro;-25,55;-49,196;2025-03-20 20:10:00.0;0,00
SÃO JOSÉ DOS PINHAIS;412550604A;PR;São Pedro;-25,55;-49,196;2025-03-20 21:10:00.0;0,00
SÃO JOSÉ DOS PINHAIS;412550604A;PR;São Pedro;-25,55;-49,196;2025-03-20 22:10:00.0;0,00
SÃO JOSÉ DOS PINHAIS;412550604A;PR;São Pedro;-25,55;-49,196;2025-03-20 23:10:00.0;0,00
SÃO JOSÉ DOS PINHAIS;412550604A;PR;São Pedro;-25,55;-49,196;2025-03-21 00:10:00.0;0,00
SÃO JOSÉ DOS PINHAIS;412550604A;PR;São Pedro;-25,55;-49,196;2025-03-21 01:10:00.0;0,00
SÃO JOSÉ DOS PINHAIS;412550604A;PR;São Pedro;-25,55;-49,196;2025-03-21 02:10:00.0;0,00
SÃO JOSÉ DOS PINHAIS;412550604A;PR;São Pedro;-25,55;-49,196;2025-03-21 03:10:00.0;0,00
SÃO JOSÉ DOS PINHAIS;412550604A;PR;São Pedro;-25,55;-49,196;2025-03-21 04:10:00.0;0,00
SÃO JOSÉ DOS PINHAIS;412550604A;PR;São Pedro;-25,55;-49,196;2025-03-21 05:10:00.0;0,00
SÃO JOSÉ DOS PINHAIS;412550604A;PR;São Pedro;-25,55;-49,196;2025-03-21 06:10:00.0;0,00
SÃO JOSÉ DOS PINHAIS;412550604A;PR;São Pedro;-25,55;-49,196;2025-03-21 07:10:00.0;0,00
SÃO JOSÉ DOS PINHAIS;412550604A;PR;São Pedro;-25,55;-49,196;2025-03-21 08:10:00.0;0,00
SÃO JOSÉ DOS PINHAIS;412550604A;PR;São Pedro;-25,55;-49,196;2025-03-21 09:10:00.0;0,00
SÃO JOSÉ DOS PINHAIS;412550604A;PR;São Pedro;-25,55;-49,196;2025-03-21 10:10:00.0;0,00
SÃO JOSÉ DOS PINHAIS;412550604A;PR;São Pedro;-25,55;-49,196;2025-03-21 11:10:00.0;0,00
SÃO JOSÉ DOS PINHAIS;412550604A;PR;São Pedro;-25,55;-49,196;2025-03-21 12:10:00.0;0,00
SÃO JOSÉ DOS PINHAIS;412550604A;PR;São Pedro;-25,55;-49,196;2025-03-21 13:10:00.0;0,00
SÃO JOSÉ DOS PINHAIS;412550604A;PR;São Pedro;-25,55;-49,196;2025-03-21 14:10:00.0;0,00
SÃO JOSÉ DOS PINHAIS;412550604A;PR;São Pedro;-25,55;-49,196;2025-03-21 15:10:00.0;0,00
SÃO JOSÉ DOS PINHAIS;412550604A;PR;São Pedro;-25,55;-49,196;2025-03-21 16:10:00.0;0,00
SÃO JOSÉ DOS PINHAIS;412550604A;PR;São Pedro;-25,55;-49,196;2025-03-21 17:10:00.0;0,00
SÃO JOSÉ DOS PINHAIS;412550604A;PR;São Pedro;-25,55;-49,196;2025-03-21 18:10:00.0;0,00
SÃO JOSÉ DOS PINHAIS;412550604A;PR;São Pedro;-25,55;-49,196;2025-03-21 19:10:00.0;0,00
SÃO JOSÉ DOS PINHAIS;412550604A;PR;São Pedro;-25,55;-49,196;2025-03-21 20:10:00.0;0,00
SÃO JOSÉ DOS PINHAIS;412550604A;PR;São Pedro;-25,55;-49,196;2025-03-21 21:10:00.0;0,00
SÃO JOSÉ DOS PINHAIS;412550604A;PR;São Pedro;-25,55;-49,196;2025-03-21 22:10:00.0;0,00
SÃO JOSÉ DOS PINHAIS;412550604A;PR;São Pedro;-25,55;-49,196;2025-03-21 23:10:00.0;0,00
SÃO JOSÉ DOS PINHAIS;412550604A;PR;São Pedro;-25,55;-49,196;2025-03-22 00:10:00.0;0,00
SÃO JOSÉ DOS PINHAIS;412550604A;PR;São Pedro;-25,55;-49,196;2025-03-22 01:10:00.0;0,00
SÃO JOSÉ DOS PINHAIS;412550604A;PR;São Pedro;-25,55;-49,196;2025-03-22 02:10:00.0;0,00
SÃO JOSÉ DOS PINHAIS;412550604A;PR;São Pedro;-25,55;-49,196;2025-03-22 03:10:00.0;0,00
SÃO JOSÉ DOS PINHAIS;412550604A;PR;São Pedro;-25,55;-49,196;2025-03-22 04:10:00.0;0,00
SÃO JOSÉ DOS PINHAIS;412550604A;PR;São Pedro;-25,55;-49,196;2025-03-22 05:10:00.0;0,00
SÃO JOSÉ DOS PINHAIS;412550604A;PR;São Pedro;-25,55;-49,196;2025-03-22 06:10:00.0;0,00
SÃO JOSÉ DOS PINHAIS;412550604A;PR;São Pedro;-25,55;-49,196;2025-03-22 07:10:00.0;0,00
SÃO JOSÉ DOS PINHAIS;412550604A;PR;São Pedro;-25,55;-49,196;2025-03-22 08:10:00.0;0,00
SÃO JOSÉ DOS PINHAIS;412550604A;PR;São Pedro;-25,55;-49,196;2025-03-22 09:10:00.0;0,00
SÃO JOSÉ DOS PINHAIS;412550604A;PR;São Pedro;-25,55;-49,196;2025-03-22 10:10:00.0;0,00
SÃO JOSÉ DOS PINHAIS;412550604A;PR;São Pedro;-25,55;-49,196;2025-03-22 11:10:00.0;0,00
SÃO JOSÉ DOS PINHAIS;412550604A;PR;São Pedro;-25,55;-49,196;2025-03-22 12:10:00.0;0,00
SÃO JOSÉ DOS PINHAIS;412550604A;PR;São Pedro;-25,55;-49,196;2025-03-22 13:10:00.0;0,00
SÃO JOSÉ DOS PINHAIS;412550604A;PR;São Pedro;-25,55;-49,196;2025-03-22 14:10:00.0;0,00
SÃO JOSÉ DOS PINHAIS;412550604A;PR;São Pedro;-25,55;-49,196;2025-03-22 15:10:00.0;0,00
SÃO JOSÉ DOS PINHAIS;412550604A;PR;São Pedro;-25,55;-49,196;2025-03-22 16:10:00.0;0,00
SÃO JOSÉ DOS PINHAIS;412550604A;PR;São Pedro;-25,55;-49,196;2025-03-22 17:10:00.0;0,00
SÃO JOSÉ DOS PINHAIS;412550604A;PR;São Pedro;-25,55;-49,196;2025-03-22 18:10:00.0;0,00
SÃO JOSÉ DOS PINHAIS;412550604A;PR;São Pedro;-25,55;-49,196;2025-03-22 19:10:00.0;0,00
SÃO JOSÉ DOS PINHAIS;412550604A;PR;São Pedro;-25,55;-49,196;2025-03-22 20:10:00.0;0,00
SÃO JOSÉ DOS PINHAIS;412550604A;PR;São Pedro;-25,55;-49,196;2025-03-22 21:10:00.0;0,00
SÃO JOSÉ DOS PINHAIS;412550604A;PR;São Pedro;-25,55;-49,196;2025-03-22 22:10:00.0;0,00
SÃO JOSÉ DOS PINHAIS;412550604A;PR;São Pedro;-25,55;-49,196;2025-03-22 23:10:00.0;0,00
SÃO JOSÉ DOS PINHAIS;412550604A;PR;São Pedro;-25,55;-49,196;2025-03-23 00:10:00.0;0,00
SÃO JOSÉ DOS PINHAIS;412550604A;PR;São Pedro;-25,55;-49,196;2025-03-23 01:10:00.0;0,00
SÃO JOSÉ DOS PINHAIS;412550604A;PR;São Pedro;-25,55;-49,196;2025-03-23 02:10:00.0;0,00
SÃO JOSÉ DOS PINHAIS;412550604A;PR;São Pedro;-25,55;-49,196;2025-03-23 03:10:00.0;0,00
SÃO JOSÉ DOS PINHAIS;412550604A;PR;São Pedro;-25,55;-49,196;2025-03-23 04:10:00.0;0,00
SÃO JOSÉ DOS PINHAIS;412550604A;PR;São Pedro;-25,55;-49,196;2025-03-23 05:10:00.0;0,00
SÃO JOSÉ DOS PINHAIS;412550604A;PR;São Pedro;-25,55;-49,196;2025-03-23 06:10:00.0;0,00
SÃO JOSÉ DOS PINHAIS;412550604A;PR;São Pedro;-25,55;-49,196;2025-03-23 07:10:00.0;0,00
SÃO JOSÉ DOS PINHAIS;412550604A;PR;São Pedro;-25,55;-49,196;2025-03-23 08:10:00.0;0,00
SÃO JOSÉ DOS PINHAIS;412550604A;PR;São Pedro;-25,55;-49,196;2025-03-23 09:10:00.0;0,00
SÃO JOSÉ DOS PINHAIS;412550604A;PR;São Pedro;-25,55;-49,196;2025-03-23 10:10:00.0;0,00
SÃO JOSÉ DOS PINHAIS;412550604A;PR;São Pedro;-25,55;-49,196;2025-03-23 11:10:00.0;0,00
SÃO JOSÉ DOS PINHAIS;412550604A;PR;São Pedro;-25,55;-49,196;2025-03-23 12:10:00.0;0,00
SÃO JOSÉ DOS PINHAIS;412550604A;PR;São Pedro;-25,55;-49,196;2025-03-23 13:10:00.0;0,00
SÃO JOSÉ DOS PINHAIS;412550604A;PR;São Pedro;-25,55;-49,196;2025-03-23 14:10:00.0;0,00
SÃO JOSÉ DOS PINHAIS;412550604A;PR;São Pedro;-25,55;-49,196;2025-03-23 15:10:00.0;0,00
SÃO JOSÉ DOS PINHAIS;412550604A;PR;São Pedro;-25,55;-49,196;2025-03-23 16:10:00.0;0,00
SÃO JOSÉ DOS PINHAIS;412550604A;PR;São Pedro;-25,55;-49,196;2025-03-23 17:10:00.0;0,00
SÃO JOSÉ DOS PINHAIS;412550604A;PR;São Pedro;-25,55;-49,196;2025-03-23 18:10:00.0;0,00
SÃO JOSÉ DOS PINHAIS;412550604A;PR;São Pedro;-25,55;-49,196;2025-03-23 19:10:00.0;0,00
SÃO JOSÉ DOS PINHAIS;412550604A;PR;São Pedro;-25,55;-49,196;2025-03-23 20:10:00.0;0,00
SÃO JOSÉ DOS PINHAIS;412550604A;PR;São Pedro;-25,55;-49,196;2025-03-23 21:10:00.0;0,00
SÃO JOSÉ DOS PINHAIS;412550604A;PR;São Pedro;-25,55;-49,196;2025-03-23 22:10:00.0;0,00
SÃO JOSÉ DOS PINHAIS;412550604A;PR;São Pedro;-25,55;-49,196;2025-03-23 23:10:00.0;0,00
SÃO JOSÉ DOS PINHAIS;412550604A;PR;São Pedro;-25,55;-49,196;2025-03-24 00:10:00.0;0,00
SÃO JOSÉ DOS PINHAIS;412550604A;PR;São Pedro;-25,55;-49,196;2025-03-24 01:10:00.0;0,00
SÃO JOSÉ DOS PINHAIS;412550604A;PR;São Pedro;-25,55;-49,196;2025-03-24 02:10:00.0;0,00
SÃO JOSÉ DOS PINHAIS;412550604A;PR;São Pedro;-25,55;-49,196;2025-03-24 03:10:00.0;0,00
SÃO JOSÉ DOS PINHAIS;412550604A;PR;São Pedro;-25,55;-49,196;2025-03-24 04:10:00.0;0,00
SÃO JOSÉ DOS PINHAIS;412550604A;PR;São Pedro;-25,55;-49,196;2025-03-24 05:10:00.0;0,00
SÃO JOSÉ DOS PINHAIS;412550604A;PR;São Pedro;-25,55;-49,196;2025-03-24 06:10:00.0;0,00
SÃO JOSÉ DOS PINHAIS;412550604A;PR;São Pedro;-25,55;-49,196;2025-03-24 07:10:00.0;0,00
SÃO JOSÉ DOS PINHAIS;412550604A;PR;São Pedro;-25,55;-49,196;2025-03-24 08:10:00.0;0,00
SÃO JOSÉ DOS PINHAIS;412550604A;PR;São Pedro;-25,55;-49,196;2025-03-24 09:10:00.0;0,00
SÃO JOSÉ DOS PINHAIS;412550604A;PR;São Pedro;-25,55;-49,196;2025-03-24 10:10:00.0;0,00
SÃO JOSÉ DOS PINHAIS;412550604A;PR;São Pedro;-25,55;-49,196;2025-03-24 11:10:00.0;0,00
SÃO JOSÉ DOS PINHAIS;412550604A;PR;São Pedro;-25,55;-49,196;2025-03-24 12:10:00.0;0,00
SÃO JOSÉ DOS PINHAIS;412550604A;PR;São Pedro;-25,55;-49,196;2025-03-24 13:10:00.0;0,00
SÃO JOSÉ DOS PINHAIS;412550604A;PR;São Pedro;-25,55;-49,196;2025-03-24 14:10:00.0;0,00
SÃO JOSÉ DOS PINHAIS;412550604A;PR;São Pedro;-25,55;-49,196;2025-03-24 16:10:00.0;0,00
SÃO JOSÉ DOS PINHAIS;412550604A;PR;São Pedro;-25,55;-49,196;2025-03-24 17:10:00.0;0,00
SÃO JOSÉ DOS PINHAIS;412550604A;PR;São Pedro;-25,55;-49,196;2025-03-24 18:10:00.0;0,00
SÃO JOSÉ DOS PINHAIS;412550604A;PR;São Pedro;-25,55;-49,196;2025-03-24 19:10:00.0;0,00
SÃO JOSÉ DOS PINHAIS;412550604A;PR;São Pedro;-25,55;-49,196;2025-03-24 20:10:00.0;0,00
SÃO JOSÉ DOS PINHAIS;412550604A;PR;São Pedro;-25,55;-49,196;2025-03-24 21:10:00.0;0,00
SÃO JOSÉ DOS PINHAIS;412550604A;PR;São Pedro;-25,55;-49,196;2025-03-24 22:10:00.0;0,00
SÃO JOSÉ DOS PINHAIS;412550604A;PR;São Pedro;-25,55;-49,196;2025-03-24 23:10:00.0;0,00
SÃO JOSÉ DOS PINHAIS;412550604A;PR;São Pedro;-25,55;-49,196;2025-03-25 00:10:00.0;0,00
SÃO JOSÉ DOS PINHAIS;412550604A;PR;São Pedro;-25,55;-49,196;2025-03-25 01:10:00.0;0,00
SÃO JOSÉ DOS PINHAIS;412550604A;PR;São Pedro;-25,55;-49,196;2025-03-25 02:10:00.0;0,00
SÃO JOSÉ DOS PINHAIS;412550604A;PR;São Pedro;-25,55;-49,196;2025-03-25 03:10:00.0;0,00
SÃO JOSÉ DOS PINHAIS;412550604A;PR;São Pedro;-25,55;-49,196;2025-03-25 04:10:00.0;0,00
SÃO JOSÉ DOS PINHAIS;412550604A;PR;São Pedro;-25,55;-49,196;2025-03-25 05:10:00.0;0,00
SÃO JOSÉ DOS PINHAIS;412550604A;PR;São Pedro;-25,55;-49,196;2025-03-25 06:10:00.0;0,00
SÃO JOSÉ DOS PINHAIS;412550604A;PR;São Pedro;-25,55;-49,196;2025-03-25 07:10:00.0;0,00
SÃO JOSÉ DOS PINHAIS;412550604A;PR;São Pedro;-25,55;-49,196;2025-03-25 08:00:00.0;0,20
SÃO JOSÉ DOS PINHAIS;412550604A;PR;São Pedro;-25,55;-49,196;2025-03-25 08:10:00.0;0,39
SÃO JOSÉ DOS PINHAIS;412550604A;PR;São Pedro;-25,55;-49,196;2025-03-25 08:20:00.0;0,20
SÃO JOSÉ DOS PINHAIS;412550604A;PR;São Pedro;-25,55;-49,196;2025-03-25 09:10:00.0;0,00
SÃO JOSÉ DOS PINHAIS;412550604A;PR;São Pedro;-25,55;-49,196;2025-03-25 10:10:00.0;0,00
SÃO JOSÉ DOS PINHAIS;412550604A;PR;São Pedro;-25,55;-49,196;2025-03-25 11:10:00.0;0,00
SÃO JOSÉ DOS PINHAIS;412550604A;PR;São Pedro;-25,55;-49,196;2025-03-25 12:10:00.0;0,00
SÃO JOSÉ DOS PINHAIS;412550604A;PR;São Pedro;-25,55;-49,196;2025-03-25 13:10:00.0;0,00
SÃO JOSÉ DOS PINHAIS;412550604A;PR;São Pedro;-25,55;-49,196;2025-03-25 14:10:00.0;0,00
SÃO JOSÉ DOS PINHAIS;412550604A;PR;São Pedro;-25,55;-49,196;2025-03-25 16:00:00.0;0,00
SÃO JOSÉ DOS PINHAIS;412550604A;PR;São Pedro;-25,55;-49,196;2025-03-25 16:10:00.0;0,00
SÃO JOSÉ DOS PINHAIS;412550604A;PR;São Pedro;-25,55;-49,196;2025-03-25 17:10:00.0;0,00
SÃO JOSÉ DOS PINHAIS;412550604A;PR;São Pedro;-25,55;-49,196;2025-03-25 18:10:00.0;0,00
SÃO JOSÉ DOS PINHAIS;412550604A;PR;São Pedro;-25,55;-49,196;2025-03-25 19:10:00.0;0,00
SÃO JOSÉ DOS PINHAIS;412550604A;PR;São Pedro;-25,55;-49,196;2025-03-25 20:10:00.0;0,00
SÃO JOSÉ DOS PINHAIS;412550604A;PR;São Pedro;-25,55;-49,196;2025-03-25 21:10:00.0;0,00
SÃO JOSÉ DOS PINHAIS;412550604A;PR;São Pedro;-25,55;-49,196;2025-03-25 22:10:00.0;0,00
SÃO JOSÉ DOS PINHAIS;412550604A;PR;São Pedro;-25,55;-49,196;2025-03-25 23:10:00.0;0,00
SÃO JOSÉ DOS PINHAIS;412550604A;PR;São Pedro;-25,55;-49,196;2025-03-26 00:10:00.0;0,00
SÃO JOSÉ DOS PINHAIS;412550604A;PR;São Pedro;-25,55;-49,196;2025-03-26 01:10:00.0;0,00
SÃO JOSÉ DOS PINHAIS;412550604A;PR;São Pedro;-25,55;-49,196;2025-03-26 02:10:00.0;0,00
SÃO JOSÉ DOS PINHAIS;412550604A;PR;São Pedro;-25,55;-49,196;2025-03-26 02:40:00.0;1,18
SÃO JOSÉ DOS PINHAIS;412550604A;PR;São Pedro;-25,55;-49,196;2025-03-26 02:50:00.0;0,39
SÃO JOSÉ DOS PINHAIS;412550604A;PR;São Pedro;-25,55;-49,196;2025-03-26 03:00:00.0;0,79
SÃO JOSÉ DOS PINHAIS;412550604A;PR;São Pedro;-25,55;-49,196;2025-03-26 03:10:00.0;0,59
SÃO JOSÉ DOS PINHAIS;412550604A;PR;São Pedro;-25,55;-49,196;2025-03-26 03:20:00.0;0,20
SÃO JOSÉ DOS PINHAIS;412550604A;PR;São Pedro;-25,55;-49,196;2025-03-26 03:30:00.0;0,39
SÃO JOSÉ DOS PINHAIS;412550604A;PR;São Pedro;-25,55;-49,196;2025-03-26 03:40:00.0;0,59
SÃO JOSÉ DOS PINHAIS;412550604A;PR;São Pedro;-25,55;-49,196;2025-03-26 03:50:00.0;0,20
SÃO JOSÉ DOS PINHAIS;412550604A;PR;São Pedro;-25,55;-49,196;2025-03-26 04:00:00.0;0,20
SÃO JOSÉ DOS PINHAIS;412550604A;PR;São Pedro;-25,55;-49,196;2025-03-26 04:10:00.0;0,20
SÃO JOSÉ DOS PINHAIS;412550604A;PR;São Pedro;-25,55;-49,196;2025-03-26 04:20:00.0;0,20
SÃO JOSÉ DOS PINHAIS;412550604A;PR;São Pedro;-25,55;-49,196;2025-03-26 04:40:00.0;0,20
SÃO JOSÉ DOS PINHAIS;412550604A;PR;São Pedro;-25,55;-49,196;2025-03-26 05:10:00.0;0,00
SÃO JOSÉ DOS PINHAIS;412550604A;PR;São Pedro;-25,55;-49,196;2025-03-26 06:10:00.0;0,00
SÃO JOSÉ DOS PINHAIS;412550604A;PR;São Pedro;-25,55;-49,196;2025-03-26 07:10:00.0;0,00
SÃO JOSÉ DOS PINHAIS;412550604A;PR;São Pedro;-25,55;-49,196;2025-03-26 08:10:00.0;0,00
SÃO JOSÉ DOS PINHAIS;412550604A;PR;São Pedro;-25,55;-49,196;2025-03-26 09:10:00.0;0,00
SÃO JOSÉ DOS PINHAIS;412550604A;PR;São Pedro;-25,55;-49,196;2025-03-26 10:10:00.0;0,00
SÃO JOSÉ DOS PINHAIS;412550604A;PR;São Pedro;-25,55;-49,196;2025-03-26 11:10:00.0;0,00
SÃO JOSÉ DOS PINHAIS;412550604A;PR;São Pedro;-25,55;-49,196;2025-03-26 12:10:00.0;0,00
SÃO JOSÉ DOS PINHAIS;412550604A;PR;São Pedro;-25,55;-49,196;2025-03-26 13:10:00.0;0,00
SÃO JOSÉ DOS PINHAIS;412550604A;PR;São Pedro;-25,55;-49,196;2025-03-26 14:10:00.0;0,00
SÃO JOSÉ DOS PINHAIS;412550604A;PR;São Pedro;-25,55;-49,196;2025-03-26 15:10:00.0;0,00
SÃO JOSÉ DOS PINHAIS;412550604A;PR;São Pedro;-25,55;-49,196;2025-03-26 16:10:00.0;0,00
SÃO JOSÉ DOS PINHAIS;412550604A;PR;São Pedro;-25,55;-49,196;2025-03-26 17:10:00.0;0,00
SÃO JOSÉ DOS PINHAIS;412550604A;PR;São Pedro;-25,55;-49,196;2025-03-26 18:10:00.0;0,00
SÃO JOSÉ DOS PINHAIS;412550604A;PR;São Pedro;-25,55;-49,196;2025-03-26 19:10:00.0;0,00
SÃO JOSÉ DOS PINHAIS;412550604A;PR;São Pedro;-25,55;-49,196;2025-03-26 20:10:00.0;0,00
SÃO JOSÉ DOS PINHAIS;412550604A;PR;São Pedro;-25,55;-49,196;2025-03-26 21:10:00.0;0,00
SÃO JOSÉ DOS PINHAIS;412550604A;PR;São Pedro;-25,55;-49,196;2025-03-26 22:10:00.0;0,00
SÃO JOSÉ DOS PINHAIS;412550604A;PR;São Pedro;-25,55;-49,196;2025-03-26 23:10:00.0;0,00
SÃO JOSÉ DOS PINHAIS;412550604A;PR;São Pedro;-25,55;-49,196;2025-03-27 00:10:00.0;0,00
SÃO JOSÉ DOS PINHAIS;412550604A;PR;São Pedro;-25,55;-49,196;2025-03-27 01:10:00.0;0,00
SÃO JOSÉ DOS PINHAIS;412550604A;PR;São Pedro;-25,55;-49,196;2025-03-27 02:10:00.0;0,00
SÃO JOSÉ DOS PINHAIS;412550604A;PR;São Pedro;-25,55;-49,196;2025-03-27 03:10:00.0;0,00
SÃO JOSÉ DOS PINHAIS;412550604A;PR;São Pedro;-25,55;-49,196;2025-03-27 04:10:00.0;0,00
SÃO JOSÉ DOS PINHAIS;412550604A;PR;São Pedro;-25,55;-49,196;2025-03-27 05:10:00.0;0,00
SÃO JOSÉ DOS PINHAIS;412550604A;PR;São Pedro;-25,55;-49,196;2025-03-27 06:10:00.0;0,00
SÃO JOSÉ DOS PINHAIS;412550604A;PR;São Pedro;-25,55;-49,196;2025-03-27 07:10:00.0;0,00
SÃO JOSÉ DOS PINHAIS;412550604A;PR;São Pedro;-25,55;-49,196;2025-03-27 08:10:00.0;0,00
SÃO JOSÉ DOS PINHAIS;412550604A;PR;São Pedro;-25,55;-49,196;2025-03-27 09:10:00.0;0,00
SÃO JOSÉ DOS PINHAIS;412550604A;PR;São Pedro;-25,55;-49,196;2025-03-27 10:10:00.0;0,20
SÃO JOSÉ DOS PINHAIS;412550604A;PR;São Pedro;-25,55;-49,196;2025-03-27 11:10:00.0;0,00
SÃO JOSÉ DOS PINHAIS;412550604A;PR;São Pedro;-25,55;-49,196;2025-03-27 12:10:00.0;0,00
SÃO JOSÉ DOS PINHAIS;412550604A;PR;São Pedro;-25,55;-49,196;2025-03-27 13:10:00.0;0,00
SÃO JOSÉ DOS PINHAIS;412550604A;PR;São Pedro;-25,55;-49,196;2025-03-27 14:10:00.0;0,00
SÃO JOSÉ DOS PINHAIS;412550604A;PR;São Pedro;-25,55;-49,196;2025-03-27 15:10:00.0;0,00
SÃO JOSÉ DOS PINHAIS;412550604A;PR;São Pedro;-25,55;-49,196;2025-03-27 16:10:00.0;0,00
SÃO JOSÉ DOS PINHAIS;412550604A;PR;São Pedro;-25,55;-49,196;2025-03-27 17:10:00.0;0,00
SÃO JOSÉ DOS PINHAIS;412550604A;PR;São Pedro;-25,55;-49,196;2025-03-27 18:10:00.0;0,00
SÃO JOSÉ DOS PINHAIS;412550604A;PR;São Pedro;-25,55;-49,196;2025-03-27 19:10:00.0;0,00
SÃO JOSÉ DOS PINHAIS;412550604A;PR;São Pedro;-25,55;-49,196;2025-03-27 20:10:00.0;0,00
SÃO JOSÉ DOS PINHAIS;412550604A;PR;São Pedro;-25,55;-49,196;2025-03-27 21:10:00.0;0,00
SÃO JOSÉ DOS PINHAIS;412550604A;PR;São Pedro;-25,55;-49,196;2025-03-27 22:10:00.0;0,00
SÃO JOSÉ DOS PINHAIS;412550604A;PR;São Pedro;-25,55;-49,196;2025-03-27 23:10:00.0;0,00
SÃO JOSÉ DOS PINHAIS;412550604A;PR;São Pedro;-25,55;-49,196;2025-03-28 00:10:00.0;0,00
SÃO JOSÉ DOS PINHAIS;412550604A;PR;São Pedro;-25,55;-49,196;2025-03-28 01:10:00.0;0,00
SÃO JOSÉ DOS PINHAIS;412550604A;PR;São Pedro;-25,55;-49,196;2025-03-28 02:10:00.0;0,00
SÃO JOSÉ DOS PINHAIS;412550604A;PR;São Pedro;-25,55;-49,196;2025-03-28 03:10:00.0;0,00
SÃO JOSÉ DOS PINHAIS;412550604A;PR;São Pedro;-25,55;-49,196;2025-03-28 04:10:00.0;0,00
SÃO JOSÉ DOS PINHAIS;412550604A;PR;São Pedro;-25,55;-49,196;2025-03-28 05:10:00.0;0,00
SÃO JOSÉ DOS PINHAIS;412550604A;PR;São Pedro;-25,55;-49,196;2025-03-28 06:10:00.0;0,00
SÃO JOSÉ DOS PINHAIS;412550604A;PR;São Pedro;-25,55;-49,196;2025-03-28 07:10:00.0;0,00
SÃO JOSÉ DOS PINHAIS;412550604A;PR;São Pedro;-25,55;-49,196;2025-03-28 08:10:00.0;0,00
SÃO JOSÉ DOS PINHAIS;412550604A;PR;São Pedro;-25,55;-49,196;2025-03-28 09:10:00.0;0,00
SÃO JOSÉ DOS PINHAIS;412550604A;PR;São Pedro;-25,55;-49,196;2025-03-28 10:10:00.0;0,00
SÃO JOSÉ DOS PINHAIS;412550604A;PR;São Pedro;-25,55;-49,196;2025-03-28 11:10:00.0;0,00
SÃO JOSÉ DOS PINHAIS;412550604A;PR;São Pedro;-25,55;-49,196;2025-03-28 12:10:00.0;0,00
SÃO JOSÉ DOS PINHAIS;412550604A;PR;São Pedro;-25,55;-49,196;2025-03-28 13:10:00.0;0,00
SÃO JOSÉ DOS PINHAIS;412550604A;PR;São Pedro;-25,55;-49,196;2025-03-28 14:10:00.0;0,00
SÃO JOSÉ DOS PINHAIS;412550604A;PR;São Pedro;-25,55;-49,196;2025-03-28 15:10:00.0;0,00
SÃO JOSÉ DOS PINHAIS;412550604A;PR;São Pedro;-25,55;-49,196;2025-03-28 16:10:00.0;0,00
SÃO JOSÉ DOS PINHAIS;412550604A;PR;São Pedro;-25,55;-49,196;2025-03-28 17:10:00.0;0,00
SÃO JOSÉ DOS PINHAIS;412550604A;PR;São Pedro;-25,55;-49,196;2025-03-28 18:10:00.0;0,00
SÃO JOSÉ DOS PINHAIS;412550604A;PR;São Pedro;-25,55;-49,196;2025-03-28 19:10:00.0;0,00
SÃO JOSÉ DOS PINHAIS;412550604A;PR;São Pedro;-25,55;-49,196;2025-03-28 20:10:00.0;0,00
SÃO JOSÉ DOS PINHAIS;412550604A;PR;São Pedro;-25,55;-49,196;2025-03-28 21:10:00.0;0,00
SÃO JOSÉ DOS PINHAIS;412550604A;PR;São Pedro;-25,55;-49,196;2025-03-28 22:10:00.0;0,00
SÃO JOSÉ DOS PINHAIS;412550604A;PR;São Pedro;-25,55;-49,196;2025-03-28 23:10:00.0;0,00
SÃO JOSÉ DOS PINHAIS;412550604A;PR;São Pedro;-25,55;-49,196;2025-03-29 00:10:00.0;0,00
SÃO JOSÉ DOS PINHAIS;412550604A;PR;São Pedro;-25,55;-49,196;2025-03-29 01:10:00.0;0,00
SÃO JOSÉ DOS PINHAIS;412550604A;PR;São Pedro;-25,55;-49,196;2025-03-29 02:10:00.0;0,00
SÃO JOSÉ DOS PINHAIS;412550604A;PR;São Pedro;-25,55;-49,196;2025-03-29 03:10:00.0;0,00
SÃO JOSÉ DOS PINHAIS;412550604A;PR;São Pedro;-25,55;-49,196;2025-03-29 04:10:00.0;0,00
SÃO JOSÉ DOS PINHAIS;412550604A;PR;São Pedro;-25,55;-49,196;2025-03-29 05:10:00.0;0,00
SÃO JOSÉ DOS PINHAIS;412550604A;PR;São Pedro;-25,55;-49,196;2025-03-29 06:10:00.0;0,00
SÃO JOSÉ DOS PINHAIS;412550604A;PR;São Pedro;-25,55;-49,196;2025-03-29 07:10:00.0;0,00
SÃO JOSÉ DOS PINHAIS;412550604A;PR;São Pedro;-25,55;-49,196;2025-03-29 08:10:00.0;0,00
SÃO JOSÉ DOS PINHAIS;412550604A;PR;São Pedro;-25,55;-49,196;2025-03-29 09:10:00.0;0,00
SÃO JOSÉ DOS PINHAIS;412550604A;PR;São Pedro;-25,55;-49,196;2025-03-29 10:10:00.0;0,00
SÃO JOSÉ DOS PINHAIS;412550604A;PR;São Pedro;-25,55;-49,196;2025-03-29 11:10:00.0;0,00
SÃO JOSÉ DOS PINHAIS;412550604A;PR;São Pedro;-25,55;-49,196;2025-03-29 12:10:00.0;0,00
SÃO JOSÉ DOS PINHAIS;412550604A;PR;São Pedro;-25,55;-49,196;2025-03-29 13:10:00.0;0,00
SÃO JOSÉ DOS PINHAIS;412550604A;PR;São Pedro;-25,55;-49,196;2025-03-29 14:10:00.0;0,00
SÃO JOSÉ DOS PINHAIS;412550604A;PR;São Pedro;-25,55;-49,196;2025-03-29 15:10:00.0;0,00
SÃO JOSÉ DOS PINHAIS;412550604A;PR;São Pedro;-25,55;-49,196;2025-03-29 16:10:00.0;0,00
SÃO JOSÉ DOS PINHAIS;412550604A;PR;São Pedro;-25,55;-49,196;2025-03-29 17:10:00.0;0,00
SÃO JOSÉ DOS PINHAIS;412550604A;PR;São Pedro;-25,55;-49,196;2025-03-29 18:10:00.0;0,00
SÃO JOSÉ DOS PINHAIS;412550604A;PR;São Pedro;-25,55;-49,196;2025-03-29 19:10:00.0;0,00
SÃO JOSÉ DOS PINHAIS;412550604A;PR;São Pedro;-25,55;-49,196;2025-03-29 20:10:00.0;0,00
SÃO JOSÉ DOS PINHAIS;412550604A;PR;São Pedro;-25,55;-49,196;2025-03-29 21:10:00.0;0,00
SÃO JOSÉ DOS PINHAIS;412550604A;PR;São Pedro;-25,55;-49,196;2025-03-29 22:10:00.0;0,00
SÃO JOSÉ DOS PINHAIS;412550604A;PR;São Pedro;-25,55;-49,196;2025-03-29 23:10:00.0;0,00
SÃO JOSÉ DOS PINHAIS;412550604A;PR;São Pedro;-25,55;-49,196;2025-03-30 00:10:00.0;0,00
SÃO JOSÉ DOS PINHAIS;412550604A;PR;São Pedro;-25,55;-49,196;2025-03-30 01:10:00.0;0,00
SÃO JOSÉ DOS PINHAIS;412550604A;PR;São Pedro;-25,55;-49,196;2025-03-30 02:10:00.0;0,00
SÃO JOSÉ DOS PINHAIS;412550604A;PR;São Pedro;-25,55;-49,196;2025-03-30 03:10:00.0;0,00
SÃO JOSÉ DOS PINHAIS;412550604A;PR;São Pedro;-25,55;-49,196;2025-03-30 04:10:00.0;0,00
SÃO JOSÉ DOS PINHAIS;412550604A;PR;São Pedro;-25,55;-49,196;2025-03-30 05:10:00.0;0,00
SÃO JOSÉ DOS PINHAIS;412550604A;PR;São Pedro;-25,55;-49,196;2025-03-30 06:10:00.0;0,00
SÃO JOSÉ DOS PINHAIS;412550604A;PR;São Pedro;-25,55;-49,196;2025-03-30 07:10:00.0;0,00
SÃO JOSÉ DOS PINHAIS;412550604A;PR;São Pedro;-25,55;-49,196;2025-03-30 08:10:00.0;0,00
SÃO JOSÉ DOS PINHAIS;412550604A;PR;São Pedro;-25,55;-49,196;2025-03-30 09:10:00.0;0,00
SÃO JOSÉ DOS PINHAIS;412550604A;PR;São Pedro;-25,55;-49,196;2025-03-30 10:10:00.0;0,00
SÃO JOSÉ DOS PINHAIS;412550604A;PR;São Pedro;-25,55;-49,196;2025-03-30 11:10:00.0;0,00
SÃO JOSÉ DOS PINHAIS;412550604A;PR;São Pedro;-25,55;-49,196;2025-03-30 12:10:00.0;0,00
SÃO JOSÉ DOS PINHAIS;412550604A;PR;São Pedro;-25,55;-49,196;2025-03-30 13:10:00.0;0,00
SÃO JOSÉ DOS PINHAIS;412550604A;PR;São Pedro;-25,55;-49,196;2025-03-30 14:10:00.0;0,00
SÃO JOSÉ DOS PINHAIS;412550604A;PR;São Pedro;-25,55;-49,196;2025-03-30 15:10:00.0;0,00
SÃO JOSÉ DOS PINHAIS;412550604A;PR;São Pedro;-25,55;-49,196;2025-03-30 16:10:00.0;0,00
SÃO JOSÉ DOS PINHAIS;412550604A;PR;São Pedro;-25,55;-49,196;2025-03-30 17:10:00.0;0,00
SÃO JOSÉ DOS PINHAIS;412550604A;PR;São Pedro;-25,55;-49,196;2025-03-30 18:10:00.0;0,00
SÃO JOSÉ DOS PINHAIS;412550604A;PR;São Pedro;-25,55;-49,196;2025-03-30 19:10:00.0;0,00
SÃO JOSÉ DOS PINHAIS;412550604A;PR;São Pedro;-25,55;-49,196;2025-03-30 20:10:00.0;0,00
SÃO JOSÉ DOS PINHAIS;412550604A;PR;São Pedro;-25,55;-49,196;2025-03-30 21:10:00.0;0,00
SÃO JOSÉ DOS PINHAIS;412550604A;PR;São Pedro;-25,55;-49,196;2025-03-30 22:10:00.0;0,00
SÃO JOSÉ DOS PINHAIS;412550604A;PR;São Pedro;-25,55;-49,196;2025-03-30 23:10:00.0;0,00
SÃO JOSÉ DOS PINHAIS;412550604A;PR;São Pedro;-25,55;-49,196;2025-03-31 00:10:00.0;0,00
SÃO JOSÉ DOS PINHAIS;412550604A;PR;São Pedro;-25,55;-49,196;2025-03-31 01:10:00.0;0,00
SÃO JOSÉ DOS PINHAIS;412550604A;PR;São Pedro;-25,55;-49,196;2025-03-31 02:10:00.0;0,00
SÃO JOSÉ DOS PINHAIS;412550604A;PR;São Pedro;-25,55;-49,196;2025-03-31 03:10:00.0;0,00
SÃO JOSÉ DOS PINHAIS;412550604A;PR;São Pedro;-25,55;-49,196;2025-03-31 04:10:00.0;0,00
SÃO JOSÉ DOS PINHAIS;412550604A;PR;São Pedro;-25,55;-49,196;2025-03-31 05:10:00.0;0,00
SÃO JOSÉ DOS PINHAIS;412550604A;PR;São Pedro;-25,55;-49,196;2025-03-31 06:10:00.0;0,00
SÃO JOSÉ DOS PINHAIS;412550604A;PR;São Pedro;-25,55;-49,196;2025-03-31 07:10:00.0;0,00
SÃO JOSÉ DOS PINHAIS;412550604A;PR;São Pedro;-25,55;-49,196;2025-03-31 08:10:00.0;0,00
SÃO JOSÉ DOS PINHAIS;412550604A;PR;São Pedro;-25,55;-49,196;2025-03-31 09:10:00.0;0,00
SÃO JOSÉ DOS PINHAIS;412550604A;PR;São Pedro;-25,55;-49,196;2025-03-31 10:10:00.0;0,00
SÃO JOSÉ DOS PINHAIS;412550604A;PR;São Pedro;-25,55;-49,196;2025-03-31 11:10:00.0;0,00
SÃO JOSÉ DOS PINHAIS;412550604A;PR;São Pedro;-25,55;-49,196;2025-03-31 12:10:00.0;0,00
SÃO JOSÉ DOS PINHAIS;412550604A;PR;São Pedro;-25,55;-49,196;2025-03-31 13:10:00.0;0,00
SÃO JOSÉ DOS PINHAIS;412550604A;PR;São Pedro;-25,55;-49,196;2025-03-31 14:10:00.0;0,00
SÃO JOSÉ DOS PINHAIS;412550604A;PR;São Pedro;-25,55;-49,196;2025-03-31 15:10:00.0;0,00
SÃO JOSÉ DOS PINHAIS;412550604A;PR;São Pedro;-25,55;-49,196;2025-03-31 16:10:00.0;0,00
SÃO JOSÉ DOS PINHAIS;412550604A;PR;São Pedro;-25,55;-49,196;2025-03-31 17:10:00.0;0,00
SÃO JOSÉ DOS PINHAIS;412550604A;PR;São Pedro;-25,55;-49,196;2025-03-31 18:10:00.0;0,00
SÃO JOSÉ DOS PINHAIS;412550604A;PR;São Pedro;-25,55;-49,196;2025-03-31 19:10:00.0;0,00
SÃO JOSÉ DOS PINHAIS;412550604A;PR;São Pedro;-25,55;-49,196;2025-03-31 20:10:00.0;0,00
SÃO JOSÉ DOS PINHAIS;412550604A;PR;São Pedro;-25,55;-49,196;2025-03-31 21:10:00.0;0,00
SÃO JOSÉ DOS PINHAIS;412550604A;PR;São Pedro;-25,55;-49,196;2025-03-31 22:10:00.0;0,00
SÃO JOSÉ DOS PINHAIS;412550604A;PR;São Pedro;-25,55;-49,196;2025-03-31 23:10:00.0;0,00
SÃO JOSÉ DOS PINHAIS;412550606A;PR;Borda do Campo;-25,537;-49,091;2025-03-01 00:30:00.0;0,00
SÃO JOSÉ DOS PINHAIS;412550606A;PR;Borda do Campo;-25,537;-49,091;2025-03-01 01:30:00.0;0,00
SÃO JOSÉ DOS PINHAIS;412550606A;PR;Borda do Campo;-25,537;-49,091;2025-03-01 02:30:00.0;0,00
SÃO JOSÉ DOS PINHAIS;412550606A;PR;Borda do Campo;-25,537;-49,091;2025-03-01 03:30:00.0;0,00
SÃO JOSÉ DOS PINHAIS;412550606A;PR;Borda do Campo;-25,537;-49,091;2025-03-01 04:30:00.0;0,00
SÃO JOSÉ DOS PINHAIS;412550606A;PR;Borda do Campo;-25,537;-49,091;2025-03-01 05:30:00.0;0,00
SÃO JOSÉ DOS PINHAIS;412550606A;PR;Borda do Campo;-25,537;-49,091;2025-03-01 06:30:00.0;0,00
SÃO JOSÉ DOS PINHAIS;412550606A;PR;Borda do Campo;-25,537;-49,091;2025-03-01 07:30:00.0;0,00
SÃO JOSÉ DOS PINHAIS;412550606A;PR;Borda do Campo;-25,537;-49,091;2025-03-01 08:30:00.0;0,00
SÃO JOSÉ DOS PINHAIS;412550606A;PR;Borda do Campo;-25,537;-49,091;2025-03-01 09:30:00.0;0,00
SÃO JOSÉ DOS PINHAIS;412550606A;PR;Borda do Campo;-25,537;-49,091;2025-03-01 10:30:00.0;0,00
SÃO JOSÉ DOS PINHAIS;412550606A;PR;Borda do Campo;-25,537;-49,091;2025-03-01 11:30:00.0;0,00
SÃO JOSÉ DOS PINHAIS;412550606A;PR;Borda do Campo;-25,537;-49,091;2025-03-01 12:30:00.0;0,00
SÃO JOSÉ DOS PINHAIS;412550606A;PR;Borda do Campo;-25,537;-49,091;2025-03-01 13:30:00.0;0,00
SÃO JOSÉ DOS PINHAIS;412550606A;PR;Borda do Campo;-25,537;-49,091;2025-03-01 14:30:00.0;0,00
SÃO JOSÉ DOS PINHAIS;412550606A;PR;Borda do Campo;-25,537;-49,091;2025-03-01 15:30:00.0;0,00
SÃO JOSÉ DOS PINHAIS;412550606A;PR;Borda do Campo;-25,537;-49,091;2025-03-01 16:30:00.0;0,00
SÃO JOSÉ DOS PINHAIS;412550606A;PR;Borda do Campo;-25,537;-49,091;2025-03-01 17:30:00.0;0,00
SÃO JOSÉ DOS PINHAIS;412550606A;PR;Borda do Campo;-25,537;-49,091;2025-03-01 18:30:00.0;0,00
SÃO JOSÉ DOS PINHAIS;412550606A;PR;Borda do Campo;-25,537;-49,091;2025-03-01 19:30:00.0;0,00
SÃO JOSÉ DOS PINHAIS;412550606A;PR;Borda do Campo;-25,537;-49,091;2025-03-01 20:30:00.0;0,00
SÃO JOSÉ DOS PINHAIS;412550606A;PR;Borda do Campo;-25,537;-49,091;2025-03-01 21:30:00.0;0,00
SÃO JOSÉ DOS PINHAIS;412550606A;PR;Borda do Campo;-25,537;-49,091;2025-03-01 22:30:00.0;0,00
SÃO JOSÉ DOS PINHAIS;412550606A;PR;Borda do Campo;-25,537;-49,091;2025-03-01 23:30:00.0;0,00
SÃO JOSÉ DOS PINHAIS;412550606A;PR;Borda do Campo;-25,537;-49,091;2025-03-02 00:30:00.0;0,00
SÃO JOSÉ DOS PINHAIS;412550606A;PR;Borda do Campo;-25,537;-49,091;2025-03-02 01:30:00.0;0,00
SÃO JOSÉ DOS PINHAIS;412550606A;PR;Borda do Campo;-25,537;-49,091;2025-03-02 02:30:00.0;0,00
SÃO JOSÉ DOS PINHAIS;412550606A;PR;Borda do Campo;-25,537;-49,091;2025-03-02 03:30:00.0;0,00
SÃO JOSÉ DOS PINHAIS;412550606A;PR;Borda do Campo;-25,537;-49,091;2025-03-02 04:30:00.0;0,00
SÃO JOSÉ DOS PINHAIS;412550606A;PR;Borda do Campo;-25,537;-49,091;2025-03-02 05:30:00.0;0,00
SÃO JOSÉ DOS PINHAIS;412550606A;PR;Borda do Campo;-25,537;-49,091;2025-03-02 06:30:00.0;0,00
SÃO JOSÉ DOS PINHAIS;412550606A;PR;Borda do Campo;-25,537;-49,091;2025-03-02 07:30:00.0;0,00
SÃO JOSÉ DOS PINHAIS;412550606A;PR;Borda do Campo;-25,537;-49,091;2025-03-02 08:30:00.0;0,00
SÃO JOSÉ DOS PINHAIS;412550606A;PR;Borda do Campo;-25,537;-49,091;2025-03-02 09:30:00.0;0,00
SÃO JOSÉ DOS PINHAIS;412550606A;PR;Borda do Campo;-25,537;-49,091;2025-03-02 10:30:00.0;0,00
SÃO JOSÉ DOS PINHAIS;412550606A;PR;Borda do Campo;-25,537;-49,091;2025-03-02 11:30:00.0;0,00
SÃO JOSÉ DOS PINHAIS;412550606A;PR;Borda do Campo;-25,537;-49,091;2025-03-02 12:30:00.0;0,00
SÃO JOSÉ DOS PINHAIS;412550606A;PR;Borda do Campo;-25,537;-49,091;2025-03-02 13:30:00.0;0,00
SÃO JOSÉ DOS PINHAIS;412550606A;PR;Borda do Campo;-25,537;-49,091;2025-03-02 14:30:00.0;0,00
SÃO JOSÉ DOS PINHAIS;412550606A;PR;Borda do Campo;-25,537;-49,091;2025-03-02 15:30:00.0;0,00
SÃO JOSÉ DOS PINHAIS;412550606A;PR;Borda do Campo;-25,537;-49,091;2025-03-02 16:30:00.0;0,00
SÃO JOSÉ DOS PINHAIS;412550606A;PR;Borda do Campo;-25,537;-49,091;2025-03-02 17:30:00.0;0,00
SÃO JOSÉ DOS PINHAIS;412550606A;PR;Borda do Campo;-25,537;-49,091;2025-03-02 18:30:00.0;0,00
SÃO JOSÉ DOS PINHAIS;412550606A;PR;Borda do Campo;-25,537;-49,091;2025-03-02 19:30:00.0;0,00
SÃO JOSÉ DOS PINHAIS;412550606A;PR;Borda do Campo;-25,537;-49,091;2025-03-02 20:30:00.0;0,00
SÃO JOSÉ DOS PINHAIS;412550606A;PR;Borda do Campo;-25,537;-49,091;2025-03-02 21:30:00.0;0,00
SÃO JOSÉ DOS PINHAIS;412550606A;PR;Borda do Campo;-25,537;-49,091;2025-03-02 22:30:00.0;0,00
SÃO JOSÉ DOS PINHAIS;412550606A;PR;Borda do Campo;-25,537;-49,091;2025-03-02 23:30:00.0;0,00
SÃO JOSÉ DOS PINHAIS;412550606A;PR;Borda do Campo;-25,537;-49,091;2025-03-03 00:30:00.0;0,00
SÃO JOSÉ DOS PINHAIS;412550606A;PR;Borda do Campo;-25,537;-49,091;2025-03-03 01:30:00.0;0,00
SÃO JOSÉ DOS PINHAIS;412550606A;PR;Borda do Campo;-25,537;-49,091;2025-03-03 02:30:00.0;0,00
SÃO JOSÉ DOS PINHAIS;412550606A;PR;Borda do Campo;-25,537;-49,091;2025-03-03 03:30:00.0;0,00
SÃO JOSÉ DOS PINHAIS;412550606A;PR;Borda do Campo;-25,537;-49,091;2025-03-03 04:30:00.0;0,00
SÃO JOSÉ DOS PINHAIS;412550606A;PR;Borda do Campo;-25,537;-49,091;2025-03-03 05:30:00.0;0,00
SÃO JOSÉ DOS PINHAIS;412550606A;PR;Borda do Campo;-25,537;-49,091;2025-03-03 06:30:00.0;0,00
SÃO JOSÉ DOS PINHAIS;412550606A;PR;Borda do Campo;-25,537;-49,091;2025-03-03 07:30:00.0;0,00
SÃO JOSÉ DOS PINHAIS;412550606A;PR;Borda do Campo;-25,537;-49,091;2025-03-03 08:30:00.0;0,00
SÃO JOSÉ DOS PINHAIS;412550606A;PR;Borda do Campo;-25,537;-49,091;2025-03-03 09:30:00.0;0,00
SÃO JOSÉ DOS PINHAIS;412550606A;PR;Borda do Campo;-25,537;-49,091;2025-03-03 10:30:00.0;0,00
SÃO JOSÉ DOS PINHAIS;412550606A;PR;Borda do Campo;-25,537;-49,091;2025-03-03 11:30:00.0;0,00
SÃO JOSÉ DOS PINHAIS;412550606A;PR;Borda do Campo;-25,537;-49,091;2025-03-03 12:30:00.0;0,00
SÃO JOSÉ DOS PINHAIS;412550606A;PR;Borda do Campo;-25,537;-49,091;2025-03-03 13:30:00.0;0,00
SÃO JOSÉ DOS PINHAIS;412550606A;PR;Borda do Campo;-25,537;-49,091;2025-03-03 14:30:00.0;0,00
SÃO JOSÉ DOS PINHAIS;412550606A;PR;Borda do Campo;-25,537;-49,091;2025-03-03 15:30:00.0;0,00
SÃO JOSÉ DOS PINHAIS;412550606A;PR;Borda do Campo;-25,537;-49,091;2025-03-03 16:30:00.0;0,00
SÃO JOSÉ DOS PINHAIS;412550606A;PR;Borda do Campo;-25,537;-49,091;2025-03-03 17:30:00.0;0,00
SÃO JOSÉ DOS PINHAIS;412550606A;PR;Borda do Campo;-25,537;-49,091;2025-03-03 18:30:00.0;0,00
SÃO JOSÉ DOS PINHAIS;412550606A;PR;Borda do Campo;-25,537;-49,091;2025-03-03 19:30:00.0;0,00
SÃO JOSÉ DOS PINHAIS;412550606A;PR;Borda do Campo;-25,537;-49,091;2025-03-03 20:30:00.0;0,00
SÃO JOSÉ DOS PINHAIS;412550606A;PR;Borda do Campo;-25,537;-49,091;2025-03-03 21:30:00.0;0,00
SÃO JOSÉ DOS PINHAIS;412550606A;PR;Borda do Campo;-25,537;-49,091;2025-03-03 22:30:00.0;0,00
SÃO JOSÉ DOS PINHAIS;412550606A;PR;Borda do Campo;-25,537;-49,091;2025-03-03 23:30:00.0;0,00
SÃO JOSÉ DOS PINHAIS;412550606A;PR;Borda do Campo;-25,537;-49,091;2025-03-04 00:30:00.0;0,00
SÃO JOSÉ DOS PINHAIS;412550606A;PR;Borda do Campo;-25,537;-49,091;2025-03-04 01:30:00.0;0,00
SÃO JOSÉ DOS PINHAIS;412550606A;PR;Borda do Campo;-25,537;-49,091;2025-03-04 02:30:00.0;0,00
SÃO JOSÉ DOS PINHAIS;412550606A;PR;Borda do Campo;-25,537;-49,091;2025-03-04 03:30:00.0;0,00
SÃO JOSÉ DOS PINHAIS;412550606A;PR;Borda do Campo;-25,537;-49,091;2025-03-04 04:30:00.0;0,00
SÃO JOSÉ DOS PINHAIS;412550606A;PR;Borda do Campo;-25,537;-49,091;2025-03-04 05:30:00.0;0,00
SÃO JOSÉ DOS PINHAIS;412550606A;PR;Borda do Campo;-25,537;-49,091;2025-03-04 06:30:00.0;0,00
SÃO JOSÉ DOS PINHAIS;412550606A;PR;Borda do Campo;-25,537;-49,091;2025-03-04 07:30:00.0;0,00
SÃO JOSÉ DOS PINHAIS;412550606A;PR;Borda do Campo;-25,537;-49,091;2025-03-04 08:30:00.0;0,00
SÃO JOSÉ DOS PINHAIS;412550606A;PR;Borda do Campo;-25,537;-49,091;2025-03-04 09:30:00.0;0,00
SÃO JOSÉ DOS PINHAIS;412550606A;PR;Borda do Campo;-25,537;-49,091;2025-03-04 10:30:00.0;0,00
SÃO JOSÉ DOS PINHAIS;412550606A;PR;Borda do Campo;-25,537;-49,091;2025-03-04 11:30:00.0;0,00
SÃO JOSÉ DOS PINHAIS;412550606A;PR;Borda do Campo;-25,537;-49,091;2025-03-04 12:30:00.0;0,00
SÃO JOSÉ DOS PINHAIS;412550606A;PR;Borda do Campo;-25,537;-49,091;2025-03-04 13:30:00.0;0,00
SÃO JOSÉ DOS PINHAIS;412550606A;PR;Borda do Campo;-25,537;-49,091;2025-03-04 14:30:00.0;0,00
SÃO JOSÉ DOS PINHAIS;412550606A;PR;Borda do Campo;-25,537;-49,091;2025-03-04 15:30:00.0;0,00
SÃO JOSÉ DOS PINHAIS;412550606A;PR;Borda do Campo;-25,537;-49,091;2025-03-04 16:30:00.0;0,00
SÃO JOSÉ DOS PINHAIS;412550606A;PR;Borda do Campo;-25,537;-49,091;2025-03-04 17:30:00.0;0,00
SÃO JOSÉ DOS PINHAIS;412550606A;PR;Borda do Campo;-25,537;-49,091;2025-03-04 18:30:00.0;0,00
SÃO JOSÉ DOS PINHAIS;412550606A;PR;Borda do Campo;-25,537;-49,091;2025-03-04 19:30:00.0;0,00
SÃO JOSÉ DOS PINHAIS;412550606A;PR;Borda do Campo;-25,537;-49,091;2025-03-04 20:30:00.0;0,00
SÃO JOSÉ DOS PINHAIS;412550606A;PR;Borda do Campo;-25,537;-49,091;2025-03-04 21:30:00.0;0,00
SÃO JOSÉ DOS PINHAIS;412550606A;PR;Borda do Campo;-25,537;-49,091;2025-03-04 22:30:00.0;0,00
SÃO JOSÉ DOS PINHAIS;412550606A;PR;Borda do Campo;-25,537;-49,091;2025-03-04 23:30:00.0;0,00
SÃO JOSÉ DOS PINHAIS;412550606A;PR;Borda do Campo;-25,537;-49,091;2025-03-05 00:30:00.0;0,00
SÃO JOSÉ DOS PINHAIS;412550606A;PR;Borda do Campo;-25,537;-49,091;2025-03-05 01:30:00.0;0,00
SÃO JOSÉ DOS PINHAIS;412550606A;PR;Borda do Campo;-25,537;-49,091;2025-03-05 02:30:00.0;0,00
SÃO JOSÉ DOS PINHAIS;412550606A;PR;Borda do Campo;-25,537;-49,091;2025-03-05 03:30:00.0;0,00
SÃO JOSÉ DOS PINHAIS;412550606A;PR;Borda do Campo;-25,537;-49,091;2025-03-05 04:30:00.0;0,00
SÃO JOSÉ DOS PINHAIS;412550606A;PR;Borda do Campo;-25,537;-49,091;2025-03-05 05:30:00.0;0,00
SÃO JOSÉ DOS PINHAIS;412550606A;PR;Borda do Campo;-25,537;-49,091;2025-03-05 06:30:00.0;0,00
SÃO JOSÉ DOS PINHAIS;412550606A;PR;Borda do Campo;-25,537;-49,091;2025-03-05 07:30:00.0;0,00
SÃO JOSÉ DOS PINHAIS;412550606A;PR;Borda do Campo;-25,537;-49,091;2025-03-05 08:30:00.0;0,00
SÃO JOSÉ DOS PINHAIS;412550606A;PR;Borda do Campo;-25,537;-49,091;2025-03-05 09:30:00.0;0,00
SÃO JOSÉ DOS PINHAIS;412550606A;PR;Borda do Campo;-25,537;-49,091;2025-03-05 10:30:00.0;0,00
SÃO JOSÉ DOS PINHAIS;412550606A;PR;Borda do Campo;-25,537;-49,091;2025-03-05 11:30:00.0;0,00
SÃO JOSÉ DOS PINHAIS;412550606A;PR;Borda do Campo;-25,537;-49,091;2025-03-05 12:30:00.0;0,00
SÃO JOSÉ DOS PINHAIS;412550606A;PR;Borda do Campo;-25,537;-49,091;2025-03-05 13:30:00.0;0,00
SÃO JOSÉ DOS PINHAIS;412550606A;PR;Borda do Campo;-25,537;-49,091;2025-03-05 14:30:00.0;0,00
SÃO JOSÉ DOS PINHAIS;412550606A;PR;Borda do Campo;-25,537;-49,091;2025-03-05 15:30:00.0;0,00
SÃO JOSÉ DOS PINHAIS;412550606A;PR;Borda do Campo;-25,537;-49,091;2025-03-05 16:30:00.0;0,00
SÃO JOSÉ DOS PINHAIS;412550606A;PR;Borda do Campo;-25,537;-49,091;2025-03-05 17:30:00.0;0,00
SÃO JOSÉ DOS PINHAIS;412550606A;PR;Borda do Campo;-25,537;-49,091;2025-03-05 18:30:00.0;0,00
SÃO JOSÉ DOS PINHAIS;412550606A;PR;Borda do Campo;-25,537;-49,091;2025-03-05 19:30:00.0;0,00
SÃO JOSÉ DOS PINHAIS;412550606A;PR;Borda do Campo;-25,537;-49,091;2025-03-05 20:30:00.0;0,00
SÃO JOSÉ DOS PINHAIS;412550606A;PR;Borda do Campo;-25,537;-49,091;2025-03-05 21:30:00.0;0,00
SÃO JOSÉ DOS PINHAIS;412550606A;PR;Borda do Campo;-25,537;-49,091;2025-03-05 22:30:00.0;0,00
SÃO JOSÉ DOS PINHAIS;412550606A;PR;Borda do Campo;-25,537;-49,091;2025-03-05 23:30:00.0;0,00
SÃO JOSÉ DOS PINHAIS;412550606A;PR;Borda do Campo;-25,537;-49,091;2025-03-06 00:30:00.0;0,00
SÃO JOSÉ DOS PINHAIS;412550606A;PR;Borda do Campo;-25,537;-49,091;2025-03-06 01:30:00.0;0,00
SÃO JOSÉ DOS PINHAIS;412550606A;PR;Borda do Campo;-25,537;-49,091;2025-03-06 02:30:00.0;0,00
SÃO JOSÉ DOS PINHAIS;412550606A;PR;Borda do Campo;-25,537;-49,091;2025-03-06 03:30:00.0;0,00
SÃO JOSÉ DOS PINHAIS;412550606A;PR;Borda do Campo;-25,537;-49,091;2025-03-06 04:30:00.0;0,00
SÃO JOSÉ DOS PINHAIS;412550606A;PR;Borda do Campo;-25,537;-49,091;2025-03-06 05:30:00.0;0,00
SÃO JOSÉ DOS PINHAIS;412550606A;PR;Borda do Campo;-25,537;-49,091;2025-03-06 06:30:00.0;0,00
SÃO JOSÉ DOS PINHAIS;412550606A;PR;Borda do Campo;-25,537;-49,091;2025-03-06 07:30:00.0;0,00
SÃO JOSÉ DOS PINHAIS;412550606A;PR;Borda do Campo;-25,537;-49,091;2025-03-06 08:30:00.0;0,00
SÃO JOSÉ DOS PINHAIS;412550606A;PR;Borda do Campo;-25,537;-49,091;2025-03-06 09:30:00.0;0,00
SÃO JOSÉ DOS PINHAIS;412550606A;PR;Borda do Campo;-25,537;-49,091;2025-03-06 10:30:00.0;0,00
SÃO JOSÉ DOS PINHAIS;412550606A;PR;Borda do Campo;-25,537;-49,091;2025-03-06 11:30:00.0;0,00
SÃO JOSÉ DOS PINHAIS;412550606A;PR;Borda do Campo;-25,537;-49,091;2025-03-06 12:30:00.0;0,00
SÃO JOSÉ DOS PINHAIS;412550606A;PR;Borda do Campo;-25,537;-49,091;2025-03-06 13:30:00.0;0,00
SÃO JOSÉ DOS PINHAIS;412550606A;PR;Borda do Campo;-25,537;-49,091;2025-03-06 14:30:00.0;0,00
SÃO JOSÉ DOS PINHAIS;412550606A;PR;Borda do Campo;-25,537;-49,091;2025-03-06 15:30:00.0;0,00
SÃO JOSÉ DOS PINHAIS;412550606A;PR;Borda do Campo;-25,537;-49,091;2025-03-06 16:30:00.0;0,00
SÃO JOSÉ DOS PINHAIS;412550606A;PR;Borda do Campo;-25,537;-49,091;2025-03-06 17:30:00.0;0,00
SÃO JOSÉ DOS PINHAIS;412550606A;PR;Borda do Campo;-25,537;-49,091;2025-03-06 18:30:00.0;0,00
SÃO JOSÉ DOS PINHAIS;412550606A;PR;Borda do Campo;-25,537;-49,091;2025-03-06 19:30:00.0;0,00
SÃO JOSÉ DOS PINHAIS;412550606A;PR;Borda do Campo;-25,537;-49,091;2025-03-06 20:30:00.0;0,00
SÃO JOSÉ DOS PINHAIS;412550606A;PR;Borda do Campo;-25,537;-49,091;2025-03-06 21:30:00.0;0,00
SÃO JOSÉ DOS PINHAIS;412550606A;PR;Borda do Campo;-25,537;-49,091;2025-03-06 22:30:00.0;0,00
SÃO JOSÉ DOS PINHAIS;412550606A;PR;Borda do Campo;-25,537;-49,091;2025-03-06 23:30:00.0;0,00
SÃO JOSÉ DOS PINHAIS;412550606A;PR;Borda do Campo;-25,537;-49,091;2025-03-07 00:30:00.0;0,00
SÃO JOSÉ DOS PINHAIS;412550606A;PR;Borda do Campo;-25,537;-49,091;2025-03-07 01:30:00.0;0,00
SÃO JOSÉ DOS PINHAIS;412550606A;PR;Borda do Campo;-25,537;-49,091;2025-03-07 02:30:00.0;0,00
SÃO JOSÉ DOS PINHAIS;412550606A;PR;Borda do Campo;-25,537;-49,091;2025-03-07 03:30:00.0;0,00
SÃO JOSÉ DOS PINHAIS;412550606A;PR;Borda do Campo;-25,537;-49,091;2025-03-07 04:30:00.0;0,00
SÃO JOSÉ DOS PINHAIS;412550606A;PR;Borda do Campo;-25,537;-49,091;2025-03-07 05:30:00.0;0,00
SÃO JOSÉ DOS PINHAIS;412550606A;PR;Borda do Campo;-25,537;-49,091;2025-03-07 06:30:00.0;0,00
SÃO JOSÉ DOS PINHAIS;412550606A;PR;Borda do Campo;-25,537;-49,091;2025-03-07 07:30:00.0;0,00
SÃO JOSÉ DOS PINHAIS;412550606A;PR;Borda do Campo;-25,537;-49,091;2025-03-07 08:00:00.0;0,20
SÃO JOSÉ DOS PINHAIS;412550606A;PR;Borda do Campo;-25,537;-49,091;2025-03-07 08:30:00.0;0,20
SÃO JOSÉ DOS PINHAIS;412550606A;PR;Borda do Campo;-25,537;-49,091;2025-03-07 09:30:00.0;0,00
SÃO JOSÉ DOS PINHAIS;412550606A;PR;Borda do Campo;-25,537;-49,091;2025-03-07 10:30:00.0;0,00
SÃO JOSÉ DOS PINHAIS;412550606A;PR;Borda do Campo;-25,537;-49,091;2025-03-07 11:30:00.0;0,00
SÃO JOSÉ DOS PINHAIS;412550606A;PR;Borda do Campo;-25,537;-49,091;2025-03-07 12:30:00.0;0,00
SÃO JOSÉ DOS PINHAIS;412550606A;PR;Borda do Campo;-25,537;-49,091;2025-03-07 13:30:00.0;0,00
SÃO JOSÉ DOS PINHAIS;412550606A;PR;Borda do Campo;-25,537;-49,091;2025-03-07 14:30:00.0;0,00
SÃO JOSÉ DOS PINHAIS;412550606A;PR;Borda do Campo;-25,537;-49,091;2025-03-07 15:30:00.0;0,00
SÃO JOSÉ DOS PINHAIS;412550606A;PR;Borda do Campo;-25,537;-49,091;2025-03-07 16:30:00.0;0,00
SÃO JOSÉ DOS PINHAIS;412550606A;PR;Borda do Campo;-25,537;-49,091;2025-03-07 17:30:00.0;0,00
SÃO JOSÉ DOS PINHAIS;412550606A;PR;Borda do Campo;-25,537;-49,091;2025-03-07 18:30:00.0;0,00
SÃO JOSÉ DOS PINHAIS;412550606A;PR;Borda do Campo;-25,537;-49,091;2025-03-07 19:30:00.0;0,00
SÃO JOSÉ DOS PINHAIS;412550606A;PR;Borda do Campo;-25,537;-49,091;2025-03-07 20:30:00.0;0,00
SÃO JOSÉ DOS PINHAIS;412550606A;PR;Borda do Campo;-25,537;-49,091;2025-03-07 21:30:00.0;0,00
SÃO JOSÉ DOS PINHAIS;412550606A;PR;Borda do Campo;-25,537;-49,091;2025-03-07 22:30:00.0;0,00
SÃO JOSÉ DOS PINHAIS;412550606A;PR;Borda do Campo;-25,537;-49,091;2025-03-07 23:30:00.0;0,00
SÃO JOSÉ DOS PINHAIS;412550606A;PR;Borda do Campo;-25,537;-49,091;2025-03-08 00:30:00.0;0,00
SÃO JOSÉ DOS PINHAIS;412550606A;PR;Borda do Campo;-25,537;-49,091;2025-03-08 01:30:00.0;0,00
SÃO JOSÉ DOS PINHAIS;412550606A;PR;Borda do Campo;-25,537;-49,091;2025-03-08 02:30:00.0;0,00
SÃO JOSÉ DOS PINHAIS;412550606A;PR;Borda do Campo;-25,537;-49,091;2025-03-08 03:30:00.0;0,00
SÃO JOSÉ DOS PINHAIS;412550606A;PR;Borda do Campo;-25,537;-49,091;2025-03-08 04:30:00.0;0,00
SÃO JOSÉ DOS PINHAIS;412550606A;PR;Borda do Campo;-25,537;-49,091;2025-03-08 05:30:00.0;0,00
SÃO JOSÉ DOS PINHAIS;412550606A;PR;Borda do Campo;-25,537;-49,091;2025-03-08 06:30:00.0;0,00
SÃO JOSÉ DOS PINHAIS;412550606A;PR;Borda do Campo;-25,537;-49,091;2025-03-08 07:30:00.0;0,00
SÃO JOSÉ DOS PINHAIS;412550606A;PR;Borda do Campo;-25,537;-49,091;2025-03-08 08:30:00.0;0,00
SÃO JOSÉ DOS PINHAIS;412550606A;PR;Borda do Campo;-25,537;-49,091;2025-03-08 09:30:00.0;0,00
SÃO JOSÉ DOS PINHAIS;412550606A;PR;Borda do Campo;-25,537;-49,091;2025-03-08 10:30:00.0;0,00
SÃO JOSÉ DOS PINHAIS;412550606A;PR;Borda do Campo;-25,537;-49,091;2025-03-08 11:30:00.0;0,00
SÃO JOSÉ DOS PINHAIS;412550606A;PR;Borda do Campo;-25,537;-49,091;2025-03-08 12:30:00.0;0,00
SÃO JOSÉ DOS PINHAIS;412550606A;PR;Borda do Campo;-25,537;-49,091;2025-03-08 13:30:00.0;0,00
SÃO JOSÉ DOS PINHAIS;412550606A;PR;Borda do Campo;-25,537;-49,091;2025-03-08 14:30:00.0;0,00
SÃO JOSÉ DOS PINHAIS;412550606A;PR;Borda do Campo;-25,537;-49,091;2025-03-08 15:30:00.0;0,00
SÃO JOSÉ DOS PINHAIS;412550606A;PR;Borda do Campo;-25,537;-49,091;2025-03-08 16:30:00.0;0,00
SÃO JOSÉ DOS PINHAIS;412550606A;PR;Borda do Campo;-25,537;-49,091;2025-03-08 17:30:00.0;0,00
SÃO JOSÉ DOS PINHAIS;412550606A;PR;Borda do Campo;-25,537;-49,091;2025-03-08 18:30:00.0;0,00
SÃO JOSÉ DOS PINHAIS;412550606A;PR;Borda do Campo;-25,537;-49,091;2025-03-08 19:30:00.0;0,00
SÃO JOSÉ DOS PINHAIS;412550606A;PR;Borda do Campo;-25,537;-49,091;2025-03-08 20:30:00.0;0,00
SÃO JOSÉ DOS PINHAIS;412550606A;PR;Borda do Campo;-25,537;-49,091;2025-03-08 21:30:00.0;0,00
SÃO JOSÉ DOS PINHAIS;412550606A;PR;Borda do Campo;-25,537;-49,091;2025-03-08 22:30:00.0;0,00
SÃO JOSÉ DOS PINHAIS;412550606A;PR;Borda do Campo;-25,537;-49,091;2025-03-08 23:30:00.0;0,00
SÃO JOSÉ DOS PINHAIS;412550606A;PR;Borda do Campo;-25,537;-49,091;2025-03-09 00:30:00.0;0,00
SÃO JOSÉ DOS PINHAIS;412550606A;PR;Borda do Campo;-25,537;-49,091;2025-03-09 01:30:00.0;0,00
SÃO JOSÉ DOS PINHAIS;412550606A;PR;Borda do Campo;-25,537;-49,091;2025-03-09 02:30:00.0;0,00
SÃO JOSÉ DOS PINHAIS;412550606A;PR;Borda do Campo;-25,537;-49,091;2025-03-09 03:30:00.0;0,00
SÃO JOSÉ DOS PINHAIS;412550606A;PR;Borda do Campo;-25,537;-49,091;2025-03-09 04:30:00.0;0,00
SÃO JOSÉ DOS PINHAIS;412550606A;PR;Borda do Campo;-25,537;-49,091;2025-03-09 05:30:00.0;0,00
SÃO JOSÉ DOS PINHAIS;412550606A;PR;Borda do Campo;-25,537;-49,091;2025-03-09 06:30:00.0;0,00
SÃO JOSÉ DOS PINHAIS;412550606A;PR;Borda do Campo;-25,537;-49,091;2025-03-09 07:30:00.0;0,00
SÃO JOSÉ DOS PINHAIS;412550606A;PR;Borda do Campo;-25,537;-49,091;2025-03-09 08:30:00.0;0,00
SÃO JOSÉ DOS PINHAIS;412550606A;PR;Borda do Campo;-25,537;-49,091;2025-03-09 09:30:00.0;0,00
SÃO JOSÉ DOS PINHAIS;412550606A;PR;Borda do Campo;-25,537;-49,091;2025-03-09 10:30:00.0;0,00
SÃO JOSÉ DOS PINHAIS;412550606A;PR;Borda do Campo;-25,537;-49,091;2025-03-09 11:30:00.0;0,00
SÃO JOSÉ DOS PINHAIS;412550606A;PR;Borda do Campo;-25,537;-49,091;2025-03-09 12:30:00.0;0,00
SÃO JOSÉ DOS PINHAIS;412550606A;PR;Borda do Campo;-25,537;-49,091;2025-03-09 13:30:00.0;0,00
SÃO JOSÉ DOS PINHAIS;412550606A;PR;Borda do Campo;-25,537;-49,091;2025-03-09 14:30:00.0;0,00
SÃO JOSÉ DOS PINHAIS;412550606A;PR;Borda do Campo;-25,537;-49,091;2025-03-09 15:30:00.0;0,00
SÃO JOSÉ DOS PINHAIS;412550606A;PR;Borda do Campo;-25,537;-49,091;2025-03-09 16:30:00.0;0,00
SÃO JOSÉ DOS PINHAIS;412550606A;PR;Borda do Campo;-25,537;-49,091;2025-03-09 17:30:00.0;0,00
SÃO JOSÉ DOS PINHAIS;412550606A;PR;Borda do Campo;-25,537;-49,091;2025-03-09 18:30:00.0;0,00
SÃO JOSÉ DOS PINHAIS;412550606A;PR;Borda do Campo;-25,537;-49,091;2025-03-09 19:30:00.0;0,00
SÃO JOSÉ DOS PINHAIS;412550606A;PR;Borda do Campo;-25,537;-49,091;2025-03-09 20:00:00.0;1,97
SÃO JOSÉ DOS PINHAIS;412550606A;PR;Borda do Campo;-25,537;-49,091;2025-03-09 20:30:00.0;0,00
SÃO JOSÉ DOS PINHAIS;412550606A;PR;Borda do Campo;-25,537;-49,091;2025-03-09 21:30:00.0;0,00
SÃO JOSÉ DOS PINHAIS;412550606A;PR;Borda do Campo;-25,537;-49,091;2025-03-09 22:30:00.0;2,56
SÃO JOSÉ DOS PINHAIS;412550606A;PR;Borda do Campo;-25,537;-49,091;2025-03-09 22:40:00.0;3,55
SÃO JOSÉ DOS PINHAIS;412550606A;PR;Borda do Campo;-25,537;-49,091;2025-03-09 22:50:00.0;0,98
SÃO JOSÉ DOS PINHAIS;412550606A;PR;Borda do Campo;-25,537;-49,091;2025-03-09 23:10:00.0;0,20
SÃO JOSÉ DOS PINHAIS;412550606A;PR;Borda do Campo;-25,537;-49,091;2025-03-09 23:20:00.0;0,39
SÃO JOSÉ DOS PINHAIS;412550606A;PR;Borda do Campo;-25,537;-49,091;2025-03-09 23:30:00.0;5,71
SÃO JOSÉ DOS PINHAIS;412550606A;PR;Borda do Campo;-25,537;-49,091;2025-03-09 23:40:00.0;4,73
SÃO JOSÉ DOS PINHAIS;412550606A;PR;Borda do Campo;-25,537;-49,091;2025-03-10 00:00:00.0;0,39
SÃO JOSÉ DOS PINHAIS;412550606A;PR;Borda do Campo;-25,537;-49,091;2025-03-10 00:30:00.0;0,00
SÃO JOSÉ DOS PINHAIS;412550606A;PR;Borda do Campo;-25,537;-49,091;2025-03-10 00:40:00.0;0,20
SÃO JOSÉ DOS PINHAIS;412550606A;PR;Borda do Campo;-25,537;-49,091;2025-03-10 00:50:00.0;0,39
SÃO JOSÉ DOS PINHAIS;412550606A;PR;Borda do Campo;-25,537;-49,091;2025-03-10 01:10:00.0;0,20
SÃO JOSÉ DOS PINHAIS;412550606A;PR;Borda do Campo;-25,537;-49,091;2025-03-10 01:30:00.0;0,00
SÃO JOSÉ DOS PINHAIS;412550606A;PR;Borda do Campo;-25,537;-49,091;2025-03-10 02:30:00.0;0,00
SÃO JOSÉ DOS PINHAIS;412550606A;PR;Borda do Campo;-25,537;-49,091;2025-03-10 03:30:00.0;0,00
SÃO JOSÉ DOS PINHAIS;412550606A;PR;Borda do Campo;-25,537;-49,091;2025-03-10 04:30:00.0;0,00
SÃO JOSÉ DOS PINHAIS;412550606A;PR;Borda do Campo;-25,537;-49,091;2025-03-10 05:30:00.0;0,00
SÃO JOSÉ DOS PINHAIS;412550606A;PR;Borda do Campo;-25,537;-49,091;2025-03-10 06:30:00.0;0,00
SÃO JOSÉ DOS PINHAIS;412550606A;PR;Borda do Campo;-25,537;-49,091;2025-03-10 07:30:00.0;0,00
SÃO JOSÉ DOS PINHAIS;412550606A;PR;Borda do Campo;-25,537;-49,091;2025-03-10 08:30:00.0;0,00
SÃO JOSÉ DOS PINHAIS;412550606A;PR;Borda do Campo;-25,537;-49,091;2025-03-10 09:30:00.0;0,00
SÃO JOSÉ DOS PINHAIS;412550606A;PR;Borda do Campo;-25,537;-49,091;2025-03-10 10:30:00.0;0,00
SÃO JOSÉ DOS PINHAIS;412550606A;PR;Borda do Campo;-25,537;-49,091;2025-03-10 11:30:00.0;0,00
SÃO JOSÉ DOS PINHAIS;412550606A;PR;Borda do Campo;-25,537;-49,091;2025-03-10 12:30:00.0;0,00
SÃO JOSÉ DOS PINHAIS;412550606A;PR;Borda do Campo;-25,537;-49,091;2025-03-10 13:30:00.0;0,00
SÃO JOSÉ DOS PINHAIS;412550606A;PR;Borda do Campo;-25,537;-49,091;2025-03-10 14:30:00.0;0,00
SÃO JOSÉ DOS PINHAIS;412550606A;PR;Borda do Campo;-25,537;-49,091;2025-03-10 15:30:00.0;0,00
SÃO JOSÉ DOS PINHAIS;412550606A;PR;Borda do Campo;-25,537;-49,091;2025-03-10 16:30:00.0;0,00
SÃO JOSÉ DOS PINHAIS;412550606A;PR;Borda do Campo;-25,537;-49,091;2025-03-10 16:40:00.0;0,20
SÃO JOSÉ DOS PINHAIS;412550606A;PR;Borda do Campo;-25,537;-49,091;2025-03-10 17:30:00.0;0,00
SÃO JOSÉ DOS PINHAIS;412550606A;PR;Borda do Campo;-25,537;-49,091;2025-03-10 18:30:00.0;0,00
SÃO JOSÉ DOS PINHAIS;412550606A;PR;Borda do Campo;-25,537;-49,091;2025-03-10 19:30:00.0;0,00
SÃO JOSÉ DOS PINHAIS;412550606A;PR;Borda do Campo;-25,537;-49,091;2025-03-10 20:30:00.0;0,00
SÃO JOSÉ DOS PINHAIS;412550606A;PR;Borda do Campo;-25,537;-49,091;2025-03-10 21:30:00.0;0,00
SÃO JOSÉ DOS PINHAIS;412550606A;PR;Borda do Campo;-25,537;-49,091;2025-03-10 22:30:00.0;0,00
SÃO JOSÉ DOS PINHAIS;412550606A;PR;Borda do Campo;-25,537;-49,091;2025-03-10 23:30:00.0;0,00
SÃO JOSÉ DOS PINHAIS;412550606A;PR;Borda do Campo;-25,537;-49,091;2025-03-11 00:30:00.0;0,00
SÃO JOSÉ DOS PINHAIS;412550606A;PR;Borda do Campo;-25,537;-49,091;2025-03-11 01:30:00.0;0,00
SÃO JOSÉ DOS PINHAIS;412550606A;PR;Borda do Campo;-25,537;-49,091;2025-03-11 02:30:00.0;0,00
SÃO JOSÉ DOS PINHAIS;412550606A;PR;Borda do Campo;-25,537;-49,091;2025-03-11 03:30:00.0;0,00
SÃO JOSÉ DOS PINHAIS;412550606A;PR;Borda do Campo;-25,537;-49,091;2025-03-11 04:30:00.0;0,00
SÃO JOSÉ DOS PINHAIS;412550606A;PR;Borda do Campo;-25,537;-49,091;2025-03-11 05:30:00.0;0,00
SÃO JOSÉ DOS PINHAIS;412550606A;PR;Borda do Campo;-25,537;-49,091;2025-03-11 06:30:00.0;0,00
SÃO JOSÉ DOS PINHAIS;412550606A;PR;Borda do Campo;-25,537;-49,091;2025-03-11 07:30:00.0;0,00
SÃO JOSÉ DOS PINHAIS;412550606A;PR;Borda do Campo;-25,537;-49,091;2025-03-11 08:30:00.0;0,00
SÃO JOSÉ DOS PINHAIS;412550606A;PR;Borda do Campo;-25,537;-49,091;2025-03-11 09:10:00.0;0,20
SÃO JOSÉ DOS PINHAIS;412550606A;PR;Borda do Campo;-25,537;-49,091;2025-03-11 09:30:00.0;0,00
SÃO JOSÉ DOS PINHAIS;412550606A;PR;Borda do Campo;-25,537;-49,091;2025-03-11 10:30:00.0;0,00
SÃO JOSÉ DOS PINHAIS;412550606A;PR;Borda do Campo;-25,537;-49,091;2025-03-11 11:30:00.0;0,00
SÃO JOSÉ DOS PINHAIS;412550606A;PR;Borda do Campo;-25,537;-49,091;2025-03-11 12:30:00.0;0,00
SÃO JOSÉ DOS PINHAIS;412550606A;PR;Borda do Campo;-25,537;-49,091;2025-03-11 13:30:00.0;0,00
SÃO JOSÉ DOS PINHAIS;412550606A;PR;Borda do Campo;-25,537;-49,091;2025-03-11 14:30:00.0;0,00
SÃO JOSÉ DOS PINHAIS;412550606A;PR;Borda do Campo;-25,537;-49,091;2025-03-11 15:30:00.0;0,00
SÃO JOSÉ DOS PINHAIS;412550606A;PR;Borda do Campo;-25,537;-49,091;2025-03-11 16:30:00.0;0,00
SÃO JOSÉ DOS PINHAIS;412550606A;PR;Borda do Campo;-25,537;-49,091;2025-03-11 17:30:00.0;0,00
SÃO JOSÉ DOS PINHAIS;412550606A;PR;Borda do Campo;-25,537;-49,091;2025-03-11 18:30:00.0;0,00
SÃO JOSÉ DOS PINHAIS;412550606A;PR;Borda do Campo;-25,537;-49,091;2025-03-11 19:30:00.0;0,00
SÃO JOSÉ DOS PINHAIS;412550606A;PR;Borda do Campo;-25,537;-49,091;2025-03-11 20:00:00.0;0,20
SÃO JOSÉ DOS PINHAIS;412550606A;PR;Borda do Campo;-25,537;-49,091;2025-03-11 20:30:00.0;0,00
SÃO JOSÉ DOS PINHAIS;412550606A;PR;Borda do Campo;-25,537;-49,091;2025-03-11 21:10:00.0;0,20
SÃO JOSÉ DOS PINHAIS;412550606A;PR;Borda do Campo;-25,537;-49,091;2025-03-11 21:30:00.0;0,20
SÃO JOSÉ DOS PINHAIS;412550606A;PR;Borda do Campo;-25,537;-49,091;2025-03-11 21:50:00.0;0,20
SÃO JOSÉ DOS PINHAIS;412550606A;PR;Borda do Campo;-25,537;-49,091;2025-03-11 22:00:00.0;0,20
SÃO JOSÉ DOS PINHAIS;412550606A;PR;Borda do Campo;-25,537;-49,091;2025-03-11 22:10:00.0;0,20
SÃO JOSÉ DOS PINHAIS;412550606A;PR;Borda do Campo;-25,537;-49,091;2025-03-11 22:20:00.0;0,39
SÃO JOSÉ DOS PINHAIS;412550606A;PR;Borda do Campo;-25,537;-49,091;2025-03-11 22:30:00.0;0,39
SÃO JOSÉ DOS PINHAIS;412550606A;PR;Borda do Campo;-25,537;-49,091;2025-03-11 22:40:00.0;0,98
SÃO JOSÉ DOS PINHAIS;412550606A;PR;Borda do Campo;-25,537;-49,091;2025-03-11 22:50:00.0;0,59
SÃO JOSÉ DOS PINHAIS;412550606A;PR;Borda do Campo;-25,537;-49,091;2025-03-11 23:00:00.0;0,59
SÃO JOSÉ DOS PINHAIS;412550606A;PR;Borda do Campo;-25,537;-49,091;2025-03-11 23:10:00.0;0,98
SÃO JOSÉ DOS PINHAIS;412550606A;PR;Borda do Campo;-25,537;-49,091;2025-03-11 23:20:00.0;0,98
SÃO JOSÉ DOS PINHAIS;412550606A;PR;Borda do Campo;-25,537;-49,091;2025-03-11 23:30:00.0;0,79
SÃO JOSÉ DOS PINHAIS;412550606A;PR;Borda do Campo;-25,537;-49,091;2025-03-11 23:40:00.0;0,59
SÃO JOSÉ DOS PINHAIS;412550606A;PR;Borda do Campo;-25,537;-49,091;2025-03-11 23:50:00.0;0,98
SÃO JOSÉ DOS PINHAIS;412550606A;PR;Borda do Campo;-25,537;-49,091;2025-03-12 00:00:00.0;0,79
SÃO JOSÉ DOS PINHAIS;412550606A;PR;Borda do Campo;-25,537;-49,091;2025-03-12 00:10:00.0;0,20
SÃO JOSÉ DOS PINHAIS;412550606A;PR;Borda do Campo;-25,537;-49,091;2025-03-12 00:30:00.0;0,20
SÃO JOSÉ DOS PINHAIS;412550606A;PR;Borda do Campo;-25,537;-49,091;2025-03-12 01:30:00.0;0,00
SÃO JOSÉ DOS PINHAIS;412550606A;PR;Borda do Campo;-25,537;-49,091;2025-03-12 02:30:00.0;0,00
SÃO JOSÉ DOS PINHAIS;412550606A;PR;Borda do Campo;-25,537;-49,091;2025-03-12 03:30:00.0;0,00
SÃO JOSÉ DOS PINHAIS;412550606A;PR;Borda do Campo;-25,537;-49,091;2025-03-12 04:30:00.0;0,00
SÃO JOSÉ DOS PINHAIS;412550606A;PR;Borda do Campo;-25,537;-49,091;2025-03-12 05:30:00.0;0,00
SÃO JOSÉ DOS PINHAIS;412550606A;PR;Borda do Campo;-25,537;-49,091;2025-03-12 06:30:00.0;0,00
SÃO JOSÉ DOS PINHAIS;412550606A;PR;Borda do Campo;-25,537;-49,091;2025-03-12 07:30:00.0;0,00
SÃO JOSÉ DOS PINHAIS;412550606A;PR;Borda do Campo;-25,537;-49,091;2025-03-12 08:20:00.0;0,20
SÃO JOSÉ DOS PINHAIS;412550606A;PR;Borda do Campo;-25,537;-49,091;2025-03-12 08:30:00.0;0,00
SÃO JOSÉ DOS PINHAIS;412550606A;PR;Borda do Campo;-25,537;-49,091;2025-03-12 09:30:00.0;0,00
SÃO JOSÉ DOS PINHAIS;412550606A;PR;Borda do Campo;-25,537;-49,091;2025-03-12 10:30:00.0;0,00
SÃO JOSÉ DOS PINHAIS;412550606A;PR;Borda do Campo;-25,537;-49,091;2025-03-12 11:30:00.0;0,00
SÃO JOSÉ DOS PINHAIS;412550606A;PR;Borda do Campo;-25,537;-49,091;2025-03-12 12:30:00.0;0,00
SÃO JOSÉ DOS PINHAIS;412550606A;PR;Borda do Campo;-25,537;-49,091;2025-03-12 13:30:00.0;0,00
SÃO JOSÉ DOS PINHAIS;412550606A;PR;Borda do Campo;-25,537;-49,091;2025-03-12 14:30:00.0;0,00
SÃO JOSÉ DOS PINHAIS;412550606A;PR;Borda do Campo;-25,537;-49,091;2025-03-12 15:30:00.0;0,00
SÃO JOSÉ DOS PINHAIS;412550606A;PR;Borda do Campo;-25,537;-49,091;2025-03-12 16:10:00.0;0,20
SÃO JOSÉ DOS PINHAIS;412550606A;PR;Borda do Campo;-25,537;-49,091;2025-03-12 16:30:00.0;0,00
SÃO JOSÉ DOS PINHAIS;412550606A;PR;Borda do Campo;-25,537;-49,091;2025-03-12 17:30:00.0;0,00
SÃO JOSÉ DOS PINHAIS;412550606A;PR;Borda do Campo;-25,537;-49,091;2025-03-12 18:30:00.0;0,00
SÃO JOSÉ DOS PINHAIS;412550606A;PR;Borda do Campo;-25,537;-49,091;2025-03-12 19:30:00.0;0,00
SÃO JOSÉ DOS PINHAIS;412550606A;PR;Borda do Campo;-25,537;-49,091;2025-03-12 20:30:00.0;0,00
SÃO JOSÉ DOS PINHAIS;412550606A;PR;Borda do Campo;-25,537;-49,091;2025-03-12 21:10:00.0;0,39
SÃO JOSÉ DOS PINHAIS;412550606A;PR;Borda do Campo;-25,537;-49,091;2025-03-12 21:30:00.0;0,20
SÃO JOSÉ DOS PINHAIS;412550606A;PR;Borda do Campo;-25,537;-49,091;2025-03-12 21:40:00.0;0,00
SÃO JOSÉ DOS PINHAIS;412550606A;PR;Borda do Campo;-25,537;-49,091;2025-03-12 22:30:00.0;0,00
SÃO JOSÉ DOS PINHAIS;412550606A;PR;Borda do Campo;-25,537;-49,091;2025-03-12 23:30:00.0;0,00
SÃO JOSÉ DOS PINHAIS;412550606A;PR;Borda do Campo;-25,537;-49,091;2025-03-12 23:50:00.0;0,20
SÃO JOSÉ DOS PINHAIS;412550606A;PR;Borda do Campo;-25,537;-49,091;2025-03-13 00:10:00.0;0,20
SÃO JOSÉ DOS PINHAIS;412550606A;PR;Borda do Campo;-25,537;-49,091;2025-03-13 00:20:00.0;0,79
SÃO JOSÉ DOS PINHAIS;412550606A;PR;Borda do Campo;-25,537;-49,091;2025-03-13 00:30:00.0;0,39
SÃO JOSÉ DOS PINHAIS;412550606A;PR;Borda do Campo;-25,537;-49,091;2025-03-13 00:40:00.0;0,39
SÃO JOSÉ DOS PINHAIS;412550606A;PR;Borda do Campo;-25,537;-49,091;2025-03-13 00:50:00.0;0,20
SÃO JOSÉ DOS PINHAIS;412550606A;PR;Borda do Campo;-25,537;-49,091;2025-03-13 01:00:00.0;0,20
SÃO JOSÉ DOS PINHAIS;412550606A;PR;Borda do Campo;-25,537;-49,091;2025-03-13 01:30:00.0;0,00
SÃO JOSÉ DOS PINHAIS;412550606A;PR;Borda do Campo;-25,537;-49,091;2025-03-13 02:30:00.0;0,00
SÃO JOSÉ DOS PINHAIS;412550606A;PR;Borda do Campo;-25,537;-49,091;2025-03-13 03:30:00.0;0,00
SÃO JOSÉ DOS PINHAIS;412550606A;PR;Borda do Campo;-25,537;-49,091;2025-03-13 04:30:00.0;0,00
SÃO JOSÉ DOS PINHAIS;412550606A;PR;Borda do Campo;-25,537;-49,091;2025-03-13 05:30:00.0;0,00
SÃO JOSÉ DOS PINHAIS;412550606A;PR;Borda do Campo;-25,537;-49,091;2025-03-13 06:30:00.0;0,00
SÃO JOSÉ DOS PINHAIS;412550606A;PR;Borda do Campo;-25,537;-49,091;2025-03-13 07:10:00.0;0,20
SÃO JOSÉ DOS PINHAIS;412550606A;PR;Borda do Campo;-25,537;-49,091;2025-03-13 07:30:00.0;0,20
SÃO JOSÉ DOS PINHAIS;412550606A;PR;Borda do Campo;-25,537;-49,091;2025-03-13 07:50:00.0;0,39
SÃO JOSÉ DOS PINHAIS;412550606A;PR;Borda do Campo;-25,537;-49,091;2025-03-13 08:00:00.0;0,20
SÃO JOSÉ DOS PINHAIS;412550606A;PR;Borda do Campo;-25,537;-49,091;2025-03-13 08:30:00.0;0,20
SÃO JOSÉ DOS PINHAIS;412550606A;PR;Borda do Campo;-25,537;-49,091;2025-03-13 08:40:00.0;0,20
SÃO JOSÉ DOS PINHAIS;412550606A;PR;Borda do Campo;-25,537;-49,091;2025-03-13 08:50:00.0;0,20
SÃO JOSÉ DOS PINHAIS;412550606A;PR;Borda do Campo;-25,537;-49,091;2025-03-13 09:00:00.0;0,20
SÃO JOSÉ DOS PINHAIS;412550606A;PR;Borda do Campo;-25,537;-49,091;2025-03-13 09:30:00.0;0,20
SÃO JOSÉ DOS PINHAIS;412550606A;PR;Borda do Campo;-25,537;-49,091;2025-03-13 10:30:00.0;0,00
SÃO JOSÉ DOS PINHAIS;412550606A;PR;Borda do Campo;-25,537;-49,091;2025-03-13 11:30:00.0;0,00
SÃO JOSÉ DOS PINHAIS;412550606A;PR;Borda do Campo;-25,537;-49,091;2025-03-13 12:30:00.0;0,00
SÃO JOSÉ DOS PINHAIS;412550606A;PR;Borda do Campo;-25,537;-49,091;2025-03-13 12:50:00.0;0,20
SÃO JOSÉ DOS PINHAIS;412550606A;PR;Borda do Campo;-25,537;-49,091;2025-03-13 13:30:00.0;0,00
SÃO JOSÉ DOS PINHAIS;412550606A;PR;Borda do Campo;-25,537;-49,091;2025-03-13 14:30:00.0;0,00
SÃO JOSÉ DOS PINHAIS;412550606A;PR;Borda do Campo;-25,537;-49,091;2025-03-13 15:30:00.0;0,00
SÃO JOSÉ DOS PINHAIS;412550606A;PR;Borda do Campo;-25,537;-49,091;2025-03-13 16:30:00.0;0,00
SÃO JOSÉ DOS PINHAIS;412550606A;PR;Borda do Campo;-25,537;-49,091;2025-03-13 17:30:00.0;0,00
SÃO JOSÉ DOS PINHAIS;412550606A;PR;Borda do Campo;-25,537;-49,091;2025-03-13 18:30:00.0;0,00
SÃO JOSÉ DOS PINHAIS;412550606A;PR;Borda do Campo;-25,537;-49,091;2025-03-13 19:40:00.0;0,00
SÃO JOSÉ DOS PINHAIS;412550606A;PR;Borda do Campo;-25,537;-49,091;2025-03-13 20:30:00.0;0,00
SÃO JOSÉ DOS PINHAIS;412550606A;PR;Borda do Campo;-25,537;-49,091;2025-03-13 21:30:00.0;0,00
SÃO JOSÉ DOS PINHAIS;412550606A;PR;Borda do Campo;-25,537;-49,091;2025-03-13 22:10:00.0;0,59
SÃO JOSÉ DOS PINHAIS;412550606A;PR;Borda do Campo;-25,537;-49,091;2025-03-13 22:20:00.0;1,37
SÃO JOSÉ DOS PINHAIS;412550606A;PR;Borda do Campo;-25,537;-49,091;2025-03-13 22:30:00.0;1,18
SÃO JOSÉ DOS PINHAIS;412550606A;PR;Borda do Campo;-25,537;-49,091;2025-03-13 22:40:00.0;0,59
SÃO JOSÉ DOS PINHAIS;412550606A;PR;Borda do Campo;-25,537;-49,091;2025-03-13 23:30:00.0;0,20
SÃO JOSÉ DOS PINHAIS;412550606A;PR;Borda do Campo;-25,537;-49,091;2025-03-14 00:30:00.0;0,00
SÃO JOSÉ DOS PINHAIS;412550606A;PR;Borda do Campo;-25,537;-49,091;2025-03-14 01:30:00.0;0,00
SÃO JOSÉ DOS PINHAIS;412550606A;PR;Borda do Campo;-25,537;-49,091;2025-03-14 02:30:00.0;0,00
SÃO JOSÉ DOS PINHAIS;412550606A;PR;Borda do Campo;-25,537;-49,091;2025-03-14 03:30:00.0;0,00
SÃO JOSÉ DOS PINHAIS;412550606A;PR;Borda do Campo;-25,537;-49,091;2025-03-14 04:30:00.0;0,00
SÃO JOSÉ DOS PINHAIS;412550606A;PR;Borda do Campo;-25,537;-49,091;2025-03-14 05:30:00.0;0,00
SÃO JOSÉ DOS PINHAIS;412550606A;PR;Borda do Campo;-25,537;-49,091;2025-03-14 06:30:00.0;0,00
SÃO JOSÉ DOS PINHAIS;412550606A;PR;Borda do Campo;-25,537;-49,091;2025-03-14 07:30:00.0;0,00
SÃO JOSÉ DOS PINHAIS;412550606A;PR;Borda do Campo;-25,537;-49,091;2025-03-14 08:30:00.0;0,00
SÃO JOSÉ DOS PINHAIS;412550606A;PR;Borda do Campo;-25,537;-49,091;2025-03-14 09:30:00.0;0,00
SÃO JOSÉ DOS PINHAIS;412550606A;PR;Borda do Campo;-25,537;-49,091;2025-03-14 10:30:00.0;0,00
SÃO JOSÉ DOS PINHAIS;412550606A;PR;Borda do Campo;-25,537;-49,091;2025-03-14 11:30:00.0;0,00
SÃO JOSÉ DOS PINHAIS;412550606A;PR;Borda do Campo;-25,537;-49,091;2025-03-14 12:30:00.0;0,00
SÃO JOSÉ DOS PINHAIS;412550606A;PR;Borda do Campo;-25,537;-49,091;2025-03-14 13:30:00.0;0,00
SÃO JOSÉ DOS PINHAIS;412550606A;PR;Borda do Campo;-25,537;-49,091;2025-03-14 14:30:00.0;0,00
SÃO JOSÉ DOS PINHAIS;412550606A;PR;Borda do Campo;-25,537;-49,091;2025-03-14 15:30:00.0;0,00
SÃO JOSÉ DOS PINHAIS;412550606A;PR;Borda do Campo;-25,537;-49,091;2025-03-14 16:10:00.0;0,20
SÃO JOSÉ DOS PINHAIS;412550606A;PR;Borda do Campo;-25,537;-49,091;2025-03-14 16:30:00.0;0,00
SÃO JOSÉ DOS PINHAIS;412550606A;PR;Borda do Campo;-25,537;-49,091;2025-03-14 17:30:00.0;0,00
SÃO JOSÉ DOS PINHAIS;412550606A;PR;Borda do Campo;-25,537;-49,091;2025-03-14 18:30:00.0;0,00
SÃO JOSÉ DOS PINHAIS;412550606A;PR;Borda do Campo;-25,537;-49,091;2025-03-14 19:30:00.0;0,00
SÃO JOSÉ DOS PINHAIS;412550606A;PR;Borda do Campo;-25,537;-49,091;2025-03-14 20:30:00.0;0,00
SÃO JOSÉ DOS PINHAIS;412550606A;PR;Borda do Campo;-25,537;-49,091;2025-03-14 21:30:00.0;0,00
SÃO JOSÉ DOS PINHAIS;412550606A;PR;Borda do Campo;-25,537;-49,091;2025-03-14 22:30:00.0;0,00
SÃO JOSÉ DOS PINHAIS;412550606A;PR;Borda do Campo;-25,537;-49,091;2025-03-14 23:30:00.0;0,00
SÃO JOSÉ DOS PINHAIS;412550606A;PR;Borda do Campo;-25,537;-49,091;2025-03-15 00:30:00.0;0,00
SÃO JOSÉ DOS PINHAIS;412550606A;PR;Borda do Campo;-25,537;-49,091;2025-03-15 01:30:00.0;0,00
SÃO JOSÉ DOS PINHAIS;412550606A;PR;Borda do Campo;-25,537;-49,091;2025-03-15 02:30:00.0;0,00
SÃO JOSÉ DOS PINHAIS;412550606A;PR;Borda do Campo;-25,537;-49,091;2025-03-15 03:30:00.0;0,00
SÃO JOSÉ DOS PINHAIS;412550606A;PR;Borda do Campo;-25,537;-49,091;2025-03-15 04:30:00.0;0,00
SÃO JOSÉ DOS PINHAIS;412550606A;PR;Borda do Campo;-25,537;-49,091;2025-03-15 05:30:00.0;0,00
SÃO JOSÉ DOS PINHAIS;412550606A;PR;Borda do Campo;-25,537;-49,091;2025-03-15 06:30:00.0;0,00
SÃO JOSÉ DOS PINHAIS;412550606A;PR;Borda do Campo;-25,537;-49,091;2025-03-15 07:30:00.0;0,00
SÃO JOSÉ DOS PINHAIS;412550606A;PR;Borda do Campo;-25,537;-49,091;2025-03-15 08:30:00.0;0,00
SÃO JOSÉ DOS PINHAIS;412550606A;PR;Borda do Campo;-25,537;-49,091;2025-03-15 09:30:00.0;0,00
SÃO JOSÉ DOS PINHAIS;412550606A;PR;Borda do Campo;-25,537;-49,091;2025-03-15 10:30:00.0;0,00
SÃO JOSÉ DOS PINHAIS;412550606A;PR;Borda do Campo;-25,537;-49,091;2025-03-15 11:30:00.0;0,00
SÃO JOSÉ DOS PINHAIS;412550606A;PR;Borda do Campo;-25,537;-49,091;2025-03-15 12:30:00.0;0,00
SÃO JOSÉ DOS PINHAIS;412550606A;PR;Borda do Campo;-25,537;-49,091;2025-03-15 13:30:00.0;0,00
SÃO JOSÉ DOS PINHAIS;412550606A;PR;Borda do Campo;-25,537;-49,091;2025-03-15 14:30:00.0;0,00
SÃO JOSÉ DOS PINHAIS;412550606A;PR;Borda do Campo;-25,537;-49,091;2025-03-15 15:30:00.0;0,00
SÃO JOSÉ DOS PINHAIS;412550606A;PR;Borda do Campo;-25,537;-49,091;2025-03-15 16:30:00.0;0,00
SÃO JOSÉ DOS PINHAIS;412550606A;PR;Borda do Campo;-25,537;-49,091;2025-03-15 17:30:00.0;0,00
SÃO JOSÉ DOS PINHAIS;412550606A;PR;Borda do Campo;-25,537;-49,091;2025-03-15 18:30:00.0;0,00
SÃO JOSÉ DOS PINHAIS;412550606A;PR;Borda do Campo;-25,537;-49,091;2025-03-15 19:30:00.0;0,00
SÃO JOSÉ DOS PINHAIS;412550606A;PR;Borda do Campo;-25,537;-49,091;2025-03-15 19:40:00.0;0,20
SÃO JOSÉ DOS PINHAIS;412550606A;PR;Borda do Campo;-25,537;-49,091;2025-03-15 19:50:00.0;0,42
SÃO JOSÉ DOS PINHAIS;412550606A;PR;Borda do Campo;-25,537;-49,091;2025-03-15 20:30:00.0;0,20
SÃO JOSÉ DOS PINHAIS;412550606A;PR;Borda do Campo;-25,537;-49,091;2025-03-15 21:30:00.0;0,00
SÃO JOSÉ DOS PINHAIS;412550606A;PR;Borda do Campo;-25,537;-49,091;2025-03-15 22:30:00.0;0,00
SÃO JOSÉ DOS PINHAIS;412550606A;PR;Borda do Campo;-25,537;-49,091;2025-03-15 23:30:00.0;0,00
SÃO JOSÉ DOS PINHAIS;412550606A;PR;Borda do Campo;-25,537;-49,091;2025-03-16 00:30:00.0;0,00
SÃO JOSÉ DOS PINHAIS;412550606A;PR;Borda do Campo;-25,537;-49,091;2025-03-16 01:30:00.0;0,20
SÃO JOSÉ DOS PINHAIS;412550606A;PR;Borda do Campo;-25,537;-49,091;2025-03-16 01:50:00.0;0,20
SÃO JOSÉ DOS PINHAIS;412550606A;PR;Borda do Campo;-25,537;-49,091;2025-03-16 02:30:00.0;0,00
SÃO JOSÉ DOS PINHAIS;412550606A;PR;Borda do Campo;-25,537;-49,091;2025-03-16 03:30:00.0;0,00
SÃO JOSÉ DOS PINHAIS;412550606A;PR;Borda do Campo;-25,537;-49,091;2025-03-16 04:20:00.0;0,20
SÃO JOSÉ DOS PINHAIS;412550606A;PR;Borda do Campo;-25,537;-49,091;2025-03-16 04:30:00.0;0,00
SÃO JOSÉ DOS PINHAIS;412550606A;PR;Borda do Campo;-25,537;-49,091;2025-03-16 05:30:00.0;0,00
SÃO JOSÉ DOS PINHAIS;412550606A;PR;Borda do Campo;-25,537;-49,091;2025-03-16 06:30:00.0;0,00
SÃO JOSÉ DOS PINHAIS;412550606A;PR;Borda do Campo;-25,537;-49,091;2025-03-16 07:30:00.0;0,00
SÃO JOSÉ DOS PINHAIS;412550606A;PR;Borda do Campo;-25,537;-49,091;2025-03-16 07:40:00.0;0,20
SÃO JOSÉ DOS PINHAIS;412550606A;PR;Borda do Campo;-25,537;-49,091;2025-03-16 08:30:00.0;0,00
SÃO JOSÉ DOS PINHAIS;412550606A;PR;Borda do Campo;-25,537;-49,091;2025-03-16 09:30:00.0;0,00
SÃO JOSÉ DOS PINHAIS;412550606A;PR;Borda do Campo;-25,537;-49,091;2025-03-16 10:30:00.0;0,00
SÃO JOSÉ DOS PINHAIS;412550606A;PR;Borda do Campo;-25,537;-49,091;2025-03-16 11:30:00.0;0,00
SÃO JOSÉ DOS PINHAIS;412550606A;PR;Borda do Campo;-25,537;-49,091;2025-03-16 12:30:00.0;0,00
SÃO JOSÉ DOS PINHAIS;412550606A;PR;Borda do Campo;-25,537;-49,091;2025-03-16 13:30:00.0;0,00
SÃO JOSÉ DOS PINHAIS;412550606A;PR;Borda do Campo;-25,537;-49,091;2025-03-16 14:30:00.0;0,00
SÃO JOSÉ DOS PINHAIS;412550606A;PR;Borda do Campo;-25,537;-49,091;2025-03-16 15:30:00.0;0,00
SÃO JOSÉ DOS PINHAIS;412550606A;PR;Borda do Campo;-25,537;-49,091;2025-03-16 16:30:00.0;0,00
SÃO JOSÉ DOS PINHAIS;412550606A;PR;Borda do Campo;-25,537;-49,091;2025-03-16 17:30:00.0;0,00
SÃO JOSÉ DOS PINHAIS;412550606A;PR;Borda do Campo;-25,537;-49,091;2025-03-16 18:30:00.0;0,00
SÃO JOSÉ DOS PINHAIS;412550606A;PR;Borda do Campo;-25,537;-49,091;2025-03-16 19:30:00.0;0,00
SÃO JOSÉ DOS PINHAIS;412550606A;PR;Borda do Campo;-25,537;-49,091;2025-03-16 20:30:00.0;0,00
SÃO JOSÉ DOS PINHAIS;412550606A;PR;Borda do Campo;-25,537;-49,091;2025-03-16 21:30:00.0;0,00
SÃO JOSÉ DOS PINHAIS;412550606A;PR;Borda do Campo;-25,537;-49,091;2025-03-16 22:30:00.0;0,00
SÃO JOSÉ DOS PINHAIS;412550606A;PR;Borda do Campo;-25,537;-49,091;2025-03-16 23:30:00.0;0,00
SÃO JOSÉ DOS PINHAIS;412550606A;PR;Borda do Campo;-25,537;-49,091;2025-03-17 00:30:00.0;0,00
SÃO JOSÉ DOS PINHAIS;412550606A;PR;Borda do Campo;-25,537;-49,091;2025-03-17 01:30:00.0;0,00
SÃO JOSÉ DOS PINHAIS;412550606A;PR;Borda do Campo;-25,537;-49,091;2025-03-17 02:30:00.0;0,00
SÃO JOSÉ DOS PINHAIS;412550606A;PR;Borda do Campo;-25,537;-49,091;2025-03-17 03:30:00.0;0,00
SÃO JOSÉ DOS PINHAIS;412550606A;PR;Borda do Campo;-25,537;-49,091;2025-03-17 04:30:00.0;0,00
SÃO JOSÉ DOS PINHAIS;412550606A;PR;Borda do Campo;-25,537;-49,091;2025-03-17 05:30:00.0;0,00
SÃO JOSÉ DOS PINHAIS;412550606A;PR;Borda do Campo;-25,537;-49,091;2025-03-17 06:30:00.0;0,00
SÃO JOSÉ DOS PINHAIS;412550606A;PR;Borda do Campo;-25,537;-49,091;2025-03-17 07:30:00.0;0,00
SÃO JOSÉ DOS PINHAIS;412550606A;PR;Borda do Campo;-25,537;-49,091;2025-03-17 08:30:00.0;0,00
SÃO JOSÉ DOS PINHAIS;412550606A;PR;Borda do Campo;-25,537;-49,091;2025-03-17 09:30:00.0;0,00
SÃO JOSÉ DOS PINHAIS;412550606A;PR;Borda do Campo;-25,537;-49,091;2025-03-17 10:30:00.0;0,00
SÃO JOSÉ DOS PINHAIS;412550606A;PR;Borda do Campo;-25,537;-49,091;2025-03-17 11:30:00.0;0,00
SÃO JOSÉ DOS PINHAIS;412550606A;PR;Borda do Campo;-25,537;-49,091;2025-03-17 12:30:00.0;0,00
SÃO JOSÉ DOS PINHAIS;412550606A;PR;Borda do Campo;-25,537;-49,091;2025-03-17 13:30:00.0;0,00
SÃO JOSÉ DOS PINHAIS;412550606A;PR;Borda do Campo;-25,537;-49,091;2025-03-17 14:30:00.0;0,00
SÃO JOSÉ DOS PINHAIS;412550606A;PR;Borda do Campo;-25,537;-49,091;2025-03-17 15:30:00.0;0,00
SÃO JOSÉ DOS PINHAIS;412550606A;PR;Borda do Campo;-25,537;-49,091;2025-03-17 16:30:00.0;0,00
SÃO JOSÉ DOS PINHAIS;412550606A;PR;Borda do Campo;-25,537;-49,091;2025-03-17 17:30:00.0;0,00
SÃO JOSÉ DOS PINHAIS;412550606A;PR;Borda do Campo;-25,537;-49,091;2025-03-17 18:30:00.0;0,00
SÃO JOSÉ DOS PINHAIS;412550606A;PR;Borda do Campo;-25,537;-49,091;2025-03-17 19:30:00.0;0,00
SÃO JOSÉ DOS PINHAIS;412550606A;PR;Borda do Campo;-25,537;-49,091;2025-03-17 20:30:00.0;0,00
SÃO JOSÉ DOS PINHAIS;412550606A;PR;Borda do Campo;-25,537;-49,091;2025-03-17 21:30:00.0;0,00
SÃO JOSÉ DOS PINHAIS;412550606A;PR;Borda do Campo;-25,537;-49,091;2025-03-17 22:30:00.0;0,00
SÃO JOSÉ DOS PINHAIS;412550606A;PR;Borda do Campo;-25,537;-49,091;2025-03-17 23:30:00.0;0,00
SÃO JOSÉ DOS PINHAIS;412550606A;PR;Borda do Campo;-25,537;-49,091;2025-03-18 00:30:00.0;0,00
SÃO JOSÉ DOS PINHAIS;412550606A;PR;Borda do Campo;-25,537;-49,091;2025-03-18 01:30:00.0;0,00
SÃO JOSÉ DOS PINHAIS;412550606A;PR;Borda do Campo;-25,537;-49,091;2025-03-18 02:30:00.0;0,00
SÃO JOSÉ DOS PINHAIS;412550606A;PR;Borda do Campo;-25,537;-49,091;2025-03-18 03:30:00.0;0,00
SÃO JOSÉ DOS PINHAIS;412550606A;PR;Borda do Campo;-25,537;-49,091;2025-03-18 04:30:00.0;0,00
SÃO JOSÉ DOS PINHAIS;412550606A;PR;Borda do Campo;-25,537;-49,091;2025-03-18 05:30:00.0;0,00
SÃO JOSÉ DOS PINHAIS;412550606A;PR;Borda do Campo;-25,537;-49,091;2025-03-18 06:30:00.0;0,00
SÃO JOSÉ DOS PINHAIS;412550606A;PR;Borda do Campo;-25,537;-49,091;2025-03-18 07:30:00.0;0,00
SÃO JOSÉ DOS PINHAIS;412550606A;PR;Borda do Campo;-25,537;-49,091;2025-03-18 08:30:00.0;0,00
SÃO JOSÉ DOS PINHAIS;412550606A;PR;Borda do Campo;-25,537;-49,091;2025-03-18 09:30:00.0;0,00
SÃO JOSÉ DOS PINHAIS;412550606A;PR;Borda do Campo;-25,537;-49,091;2025-03-18 10:30:00.0;0,00
SÃO JOSÉ DOS PINHAIS;412550606A;PR;Borda do Campo;-25,537;-49,091;2025-03-18 11:30:00.0;0,00
SÃO JOSÉ DOS PINHAIS;412550606A;PR;Borda do Campo;-25,537;-49,091;2025-03-18 12:30:00.0;0,00
SÃO JOSÉ DOS PINHAIS;412550606A;PR;Borda do Campo;-25,537;-49,091;2025-03-18 13:30:00.0;0,00
SÃO JOSÉ DOS PINHAIS;412550606A;PR;Borda do Campo;-25,537;-49,091;2025-03-18 14:30:00.0;0,00
SÃO JOSÉ DOS PINHAIS;412550606A;PR;Borda do Campo;-25,537;-49,091;2025-03-18 15:30:00.0;0,00
SÃO JOSÉ DOS PINHAIS;412550606A;PR;Borda do Campo;-25,537;-49,091;2025-03-18 16:30:00.0;0,00
SÃO JOSÉ DOS PINHAIS;412550606A;PR;Borda do Campo;-25,537;-49,091;2025-03-18 17:30:00.0;0,00
SÃO JOSÉ DOS PINHAIS;412550606A;PR;Borda do Campo;-25,537;-49,091;2025-03-18 18:30:00.0;0,00
SÃO JOSÉ DOS PINHAIS;412550606A;PR;Borda do Campo;-25,537;-49,091;2025-03-18 19:30:00.0;0,00
SÃO JOSÉ DOS PINHAIS;412550606A;PR;Borda do Campo;-25,537;-49,091;2025-03-18 20:20:00.0;0,20
SÃO JOSÉ DOS PINHAIS;412550606A;PR;Borda do Campo;-25,537;-49,091;2025-03-18 20:30:00.0;0,00
SÃO JOSÉ DOS PINHAIS;412550606A;PR;Borda do Campo;-25,537;-49,091;2025-03-18 21:30:00.0;0,00
SÃO JOSÉ DOS PINHAIS;412550606A;PR;Borda do Campo;-25,537;-49,091;2025-03-18 22:30:00.0;0,00
SÃO JOSÉ DOS PINHAIS;412550606A;PR;Borda do Campo;-25,537;-49,091;2025-03-18 23:30:00.0;0,00
SÃO JOSÉ DOS PINHAIS;412550606A;PR;Borda do Campo;-25,537;-49,091;2025-03-19 00:30:00.0;0,00
SÃO JOSÉ DOS PINHAIS;412550606A;PR;Borda do Campo;-25,537;-49,091;2025-03-19 01:30:00.0;0,00
SÃO JOSÉ DOS PINHAIS;412550606A;PR;Borda do Campo;-25,537;-49,091;2025-03-19 02:30:00.0;0,00
SÃO JOSÉ DOS PINHAIS;412550606A;PR;Borda do Campo;-25,537;-49,091;2025-03-19 03:30:00.0;0,00
SÃO JOSÉ DOS PINHAIS;412550606A;PR;Borda do Campo;-25,537;-49,091;2025-03-19 04:30:00.0;0,00
SÃO JOSÉ DOS PINHAIS;412550606A;PR;Borda do Campo;-25,537;-49,091;2025-03-19 05:30:00.0;0,00
SÃO JOSÉ DOS PINHAIS;412550606A;PR;Borda do Campo;-25,537;-49,091;2025-03-19 06:30:00.0;0,00
SÃO JOSÉ DOS PINHAIS;412550606A;PR;Borda do Campo;-25,537;-49,091;2025-03-19 07:30:00.0;0,00
SÃO JOSÉ DOS PINHAIS;412550606A;PR;Borda do Campo;-25,537;-49,091;2025-03-19 08:30:00.0;0,00
SÃO JOSÉ DOS PINHAIS;412550606A;PR;Borda do Campo;-25,537;-49,091;2025-03-19 09:30:00.0;0,00
SÃO JOSÉ DOS PINHAIS;412550606A;PR;Borda do Campo;-25,537;-49,091;2025-03-19 10:30:00.0;0,00
SÃO JOSÉ DOS PINHAIS;412550606A;PR;Borda do Campo;-25,537;-49,091;2025-03-19 11:30:00.0;0,00
SÃO JOSÉ DOS PINHAIS;412550606A;PR;Borda do Campo;-25,537;-49,091;2025-03-19 12:30:00.0;0,00
SÃO JOSÉ DOS PINHAIS;412550606A;PR;Borda do Campo;-25,537;-49,091;2025-03-19 13:30:00.0;0,00
SÃO JOSÉ DOS PINHAIS;412550606A;PR;Borda do Campo;-25,537;-49,091;2025-03-19 14:30:00.0;0,00
SÃO JOSÉ DOS PINHAIS;412550606A;PR;Borda do Campo;-25,537;-49,091;2025-03-19 15:30:00.0;0,00
SÃO JOSÉ DOS PINHAIS;412550606A;PR;Borda do Campo;-25,537;-49,091;2025-03-19 16:30:00.0;0,00
SÃO JOSÉ DOS PINHAIS;412550606A;PR;Borda do Campo;-25,537;-49,091;2025-03-19 17:30:00.0;0,00
SÃO JOSÉ DOS PINHAIS;412550606A;PR;Borda do Campo;-25,537;-49,091;2025-03-19 18:30:00.0;0,00
SÃO JOSÉ DOS PINHAIS;412550606A;PR;Borda do Campo;-25,537;-49,091;2025-03-19 19:30:00.0;0,00
SÃO JOSÉ DOS PINHAIS;412550606A;PR;Borda do Campo;-25,537;-49,091;2025-03-19 20:30:00.0;0,00
SÃO JOSÉ DOS PINHAIS;412550606A;PR;Borda do Campo;-25,537;-49,091;2025-03-19 21:30:00.0;0,00
SÃO JOSÉ DOS PINHAIS;412550606A;PR;Borda do Campo;-25,537;-49,091;2025-03-19 22:30:00.0;0,00
SÃO JOSÉ DOS PINHAIS;412550606A;PR;Borda do Campo;-25,537;-49,091;2025-03-19 23:30:00.0;0,00
SÃO JOSÉ DOS PINHAIS;412550606A;PR;Borda do Campo;-25,537;-49,091;2025-03-20 00:30:00.0;0,00
SÃO JOSÉ DOS PINHAIS;412550606A;PR;Borda do Campo;-25,537;-49,091;2025-03-20 01:30:00.0;0,00
SÃO JOSÉ DOS PINHAIS;412550606A;PR;Borda do Campo;-25,537;-49,091;2025-03-20 02:30:00.0;0,00
SÃO JOSÉ DOS PINHAIS;412550606A;PR;Borda do Campo;-25,537;-49,091;2025-03-20 03:30:00.0;0,00
SÃO JOSÉ DOS PINHAIS;412550606A;PR;Borda do Campo;-25,537;-49,091;2025-03-20 04:30:00.0;0,00
SÃO JOSÉ DOS PINHAIS;412550606A;PR;Borda do Campo;-25,537;-49,091;2025-03-20 05:30:00.0;0,00
SÃO JOSÉ DOS PINHAIS;412550606A;PR;Borda do Campo;-25,537;-49,091;2025-03-20 06:30:00.0;0,00
SÃO JOSÉ DOS PINHAIS;412550606A;PR;Borda do Campo;-25,537;-49,091;2025-03-20 07:30:00.0;0,00
SÃO JOSÉ DOS PINHAIS;412550606A;PR;Borda do Campo;-25,537;-49,091;2025-03-20 08:30:00.0;0,00
SÃO JOSÉ DOS PINHAIS;412550606A;PR;Borda do Campo;-25,537;-49,091;2025-03-20 09:30:00.0;0,00
SÃO JOSÉ DOS PINHAIS;412550606A;PR;Borda do Campo;-25,537;-49,091;2025-03-20 10:30:00.0;0,00
SÃO JOSÉ DOS PINHAIS;412550606A;PR;Borda do Campo;-25,537;-49,091;2025-03-20 11:30:00.0;0,00
SÃO JOSÉ DOS PINHAIS;412550606A;PR;Borda do Campo;-25,537;-49,091;2025-03-20 12:30:00.0;0,00
SÃO JOSÉ DOS PINHAIS;412550606A;PR;Borda do Campo;-25,537;-49,091;2025-03-20 13:30:00.0;0,00
SÃO JOSÉ DOS PINHAIS;412550606A;PR;Borda do Campo;-25,537;-49,091;2025-03-20 14:30:00.0;0,00
SÃO JOSÉ DOS PINHAIS;412550606A;PR;Borda do Campo;-25,537;-49,091;2025-03-20 15:30:00.0;0,00
SÃO JOSÉ DOS PINHAIS;412550606A;PR;Borda do Campo;-25,537;-49,091;2025-03-20 16:30:00.0;0,00
SÃO JOSÉ DOS PINHAIS;412550606A;PR;Borda do Campo;-25,537;-49,091;2025-03-20 17:30:00.0;0,00
SÃO JOSÉ DOS PINHAIS;412550606A;PR;Borda do Campo;-25,537;-49,091;2025-03-20 18:30:00.0;0,00
SÃO JOSÉ DOS PINHAIS;412550606A;PR;Borda do Campo;-25,537;-49,091;2025-03-20 19:30:00.0;0,00
SÃO JOSÉ DOS PINHAIS;412550606A;PR;Borda do Campo;-25,537;-49,091;2025-03-20 20:30:00.0;0,00
SÃO JOSÉ DOS PINHAIS;412550606A;PR;Borda do Campo;-25,537;-49,091;2025-03-20 21:30:00.0;0,00
SÃO JOSÉ DOS PINHAIS;412550606A;PR;Borda do Campo;-25,537;-49,091;2025-03-20 22:30:00.0;0,00
SÃO JOSÉ DOS PINHAIS;412550606A;PR;Borda do Campo;-25,537;-49,091;2025-03-20 23:30:00.0;0,00
SÃO JOSÉ DOS PINHAIS;412550606A;PR;Borda do Campo;-25,537;-49,091;2025-03-21 00:30:00.0;0,00
SÃO JOSÉ DOS PINHAIS;412550606A;PR;Borda do Campo;-25,537;-49,091;2025-03-21 01:30:00.0;0,00
SÃO JOSÉ DOS PINHAIS;412550606A;PR;Borda do Campo;-25,537;-49,091;2025-03-21 02:30:00.0;0,00
SÃO JOSÉ DOS PINHAIS;412550606A;PR;Borda do Campo;-25,537;-49,091;2025-03-21 03:30:00.0;0,00
SÃO JOSÉ DOS PINHAIS;412550606A;PR;Borda do Campo;-25,537;-49,091;2025-03-21 04:30:00.0;0,00
SÃO JOSÉ DOS PINHAIS;412550606A;PR;Borda do Campo;-25,537;-49,091;2025-03-21 05:30:00.0;0,00
SÃO JOSÉ DOS PINHAIS;412550606A;PR;Borda do Campo;-25,537;-49,091;2025-03-21 06:30:00.0;0,00
SÃO JOSÉ DOS PINHAIS;412550606A;PR;Borda do Campo;-25,537;-49,091;2025-03-21 07:30:00.0;0,00
SÃO JOSÉ DOS PINHAIS;412550606A;PR;Borda do Campo;-25,537;-49,091;2025-03-21 08:30:00.0;0,00
SÃO JOSÉ DOS PINHAIS;412550606A;PR;Borda do Campo;-25,537;-49,091;2025-03-21 09:30:00.0;0,00
SÃO JOSÉ DOS PINHAIS;412550606A;PR;Borda do Campo;-25,537;-49,091;2025-03-21 10:30:00.0;0,00
SÃO JOSÉ DOS PINHAIS;412550606A;PR;Borda do Campo;-25,537;-49,091;2025-03-21 11:30:00.0;0,00
SÃO JOSÉ DOS PINHAIS;412550606A;PR;Borda do Campo;-25,537;-49,091;2025-03-21 12:30:00.0;0,00
SÃO JOSÉ DOS PINHAIS;412550606A;PR;Borda do Campo;-25,537;-49,091;2025-03-21 13:30:00.0;0,00
SÃO JOSÉ DOS PINHAIS;412550606A;PR;Borda do Campo;-25,537;-49,091;2025-03-21 14:30:00.0;0,00
SÃO JOSÉ DOS PINHAIS;412550606A;PR;Borda do Campo;-25,537;-49,091;2025-03-21 15:30:00.0;0,00
SÃO JOSÉ DOS PINHAIS;412550606A;PR;Borda do Campo;-25,537;-49,091;2025-03-21 16:30:00.0;0,00
SÃO JOSÉ DOS PINHAIS;412550606A;PR;Borda do Campo;-25,537;-49,091;2025-03-21 17:30:00.0;0,00
SÃO JOSÉ DOS PINHAIS;412550606A;PR;Borda do Campo;-25,537;-49,091;2025-03-21 18:30:00.0;0,00
SÃO JOSÉ DOS PINHAIS;412550606A;PR;Borda do Campo;-25,537;-49,091;2025-03-21 19:30:00.0;0,00
SÃO JOSÉ DOS PINHAIS;412550606A;PR;Borda do Campo;-25,537;-49,091;2025-03-21 20:30:00.0;0,00
SÃO JOSÉ DOS PINHAIS;412550606A;PR;Borda do Campo;-25,537;-49,091;2025-03-21 21:30:00.0;0,00
SÃO JOSÉ DOS PINHAIS;412550606A;PR;Borda do Campo;-25,537;-49,091;2025-03-21 22:30:00.0;0,00
SÃO JOSÉ DOS PINHAIS;412550606A;PR;Borda do Campo;-25,537;-49,091;2025-03-21 23:30:00.0;0,00
SÃO JOSÉ DOS PINHAIS;412550606A;PR;Borda do Campo;-25,537;-49,091;2025-03-22 00:30:00.0;0,00
SÃO JOSÉ DOS PINHAIS;412550606A;PR;Borda do Campo;-25,537;-49,091;2025-03-22 01:30:00.0;0,00
SÃO JOSÉ DOS PINHAIS;412550606A;PR;Borda do Campo;-25,537;-49,091;2025-03-22 02:30:00.0;0,00
SÃO JOSÉ DOS PINHAIS;412550606A;PR;Borda do Campo;-25,537;-49,091;2025-03-22 03:30:00.0;0,00
SÃO JOSÉ DOS PINHAIS;412550606A;PR;Borda do Campo;-25,537;-49,091;2025-03-22 04:30:00.0;0,00
SÃO JOSÉ DOS PINHAIS;412550606A;PR;Borda do Campo;-25,537;-49,091;2025-03-22 05:30:00.0;0,00
SÃO JOSÉ DOS PINHAIS;412550606A;PR;Borda do Campo;-25,537;-49,091;2025-03-22 06:30:00.0;0,00
SÃO JOSÉ DOS PINHAIS;412550606A;PR;Borda do Campo;-25,537;-49,091;2025-03-22 07:30:00.0;0,00
SÃO JOSÉ DOS PINHAIS;412550606A;PR;Borda do Campo;-25,537;-49,091;2025-03-22 08:30:00.0;0,00
SÃO JOSÉ DOS PINHAIS;412550606A;PR;Borda do Campo;-25,537;-49,091;2025-03-22 09:30:00.0;0,00
SÃO JOSÉ DOS PINHAIS;412550606A;PR;Borda do Campo;-25,537;-49,091;2025-03-22 10:30:00.0;0,00
SÃO JOSÉ DOS PINHAIS;412550606A;PR;Borda do Campo;-25,537;-49,091;2025-03-22 11:30:00.0;0,00
SÃO JOSÉ DOS PINHAIS;412550606A;PR;Borda do Campo;-25,537;-49,091;2025-03-22 12:30:00.0;0,00
SÃO JOSÉ DOS PINHAIS;412550606A;PR;Borda do Campo;-25,537;-49,091;2025-03-22 13:30:00.0;0,00
SÃO JOSÉ DOS PINHAIS;412550606A;PR;Borda do Campo;-25,537;-49,091;2025-03-22 14:30:00.0;0,00
SÃO JOSÉ DOS PINHAIS;412550606A;PR;Borda do Campo;-25,537;-49,091;2025-03-22 15:30:00.0;0,00
SÃO JOSÉ DOS PINHAIS;412550606A;PR;Borda do Campo;-25,537;-49,091;2025-03-22 16:30:00.0;0,00
SÃO JOSÉ DOS PINHAIS;412550606A;PR;Borda do Campo;-25,537;-49,091;2025-03-22 17:30:00.0;0,00
SÃO JOSÉ DOS PINHAIS;412550606A;PR;Borda do Campo;-25,537;-49,091;2025-03-22 18:30:00.0;0,00
SÃO JOSÉ DOS PINHAIS;412550606A;PR;Borda do Campo;-25,537;-49,091;2025-03-22 19:30:00.0;0,00
SÃO JOSÉ DOS PINHAIS;412550606A;PR;Borda do Campo;-25,537;-49,091;2025-03-22 20:30:00.0;0,00
SÃO JOSÉ DOS PINHAIS;412550606A;PR;Borda do Campo;-25,537;-49,091;2025-03-22 21:30:00.0;0,00
SÃO JOSÉ DOS PINHAIS;412550606A;PR;Borda do Campo;-25,537;-49,091;2025-03-22 22:30:00.0;0,00
SÃO JOSÉ DOS PINHAIS;412550606A;PR;Borda do Campo;-25,537;-49,091;2025-03-22 23:30:00.0;0,00
SÃO JOSÉ DOS PINHAIS;412550606A;PR;Borda do Campo;-25,537;-49,091;2025-03-23 00:30:00.0;0,00
SÃO JOSÉ DOS PINHAIS;412550606A;PR;Borda do Campo;-25,537;-49,091;2025-03-23 01:30:00.0;0,00
SÃO JOSÉ DOS PINHAIS;412550606A;PR;Borda do Campo;-25,537;-49,091;2025-03-23 02:30:00.0;0,00
SÃO JOSÉ DOS PINHAIS;412550606A;PR;Borda do Campo;-25,537;-49,091;2025-03-23 03:30:00.0;0,00
SÃO JOSÉ DOS PINHAIS;412550606A;PR;Borda do Campo;-25,537;-49,091;2025-03-23 04:30:00.0;0,00
SÃO JOSÉ DOS PINHAIS;412550606A;PR;Borda do Campo;-25,537;-49,091;2025-03-23 05:30:00.0;0,00
SÃO JOSÉ DOS PINHAIS;412550606A;PR;Borda do Campo;-25,537;-49,091;2025-03-23 06:30:00.0;0,00
SÃO JOSÉ DOS PINHAIS;412550606A;PR;Borda do Campo;-25,537;-49,091;2025-03-23 07:30:00.0;0,00
SÃO JOSÉ DOS PINHAIS;412550606A;PR;Borda do Campo;-25,537;-49,091;2025-03-23 08:30:00.0;0,00
SÃO JOSÉ DOS PINHAIS;412550606A;PR;Borda do Campo;-25,537;-49,091;2025-03-23 09:30:00.0;0,00
SÃO JOSÉ DOS PINHAIS;412550606A;PR;Borda do Campo;-25,537;-49,091;2025-03-23 10:30:00.0;0,00
SÃO JOSÉ DOS PINHAIS;412550606A;PR;Borda do Campo;-25,537;-49,091;2025-03-23 11:30:00.0;0,00
SÃO JOSÉ DOS PINHAIS;412550606A;PR;Borda do Campo;-25,537;-49,091;2025-03-23 12:30:00.0;0,00
SÃO JOSÉ DOS PINHAIS;412550606A;PR;Borda do Campo;-25,537;-49,091;2025-03-23 13:30:00.0;0,00
SÃO JOSÉ DOS PINHAIS;412550606A;PR;Borda do Campo;-25,537;-49,091;2025-03-23 14:30:00.0;0,00
SÃO JOSÉ DOS PINHAIS;412550606A;PR;Borda do Campo;-25,537;-49,091;2025-03-23 15:30:00.0;0,00
SÃO JOSÉ DOS PINHAIS;412550606A;PR;Borda do Campo;-25,537;-49,091;2025-03-23 16:30:00.0;0,00
SÃO JOSÉ DOS PINHAIS;412550606A;PR;Borda do Campo;-25,537;-49,091;2025-03-23 17:30:00.0;0,00
SÃO JOSÉ DOS PINHAIS;412550606A;PR;Borda do Campo;-25,537;-49,091;2025-03-23 18:30:00.0;0,00
SÃO JOSÉ DOS PINHAIS;412550606A;PR;Borda do Campo;-25,537;-49,091;2025-03-23 19:30:00.0;0,00
SÃO JOSÉ DOS PINHAIS;412550606A;PR;Borda do Campo;-25,537;-49,091;2025-03-23 20:30:00.0;0,00
SÃO JOSÉ DOS PINHAIS;412550606A;PR;Borda do Campo;-25,537;-49,091;2025-03-23 21:30:00.0;0,00
SÃO JOSÉ DOS PINHAIS;412550606A;PR;Borda do Campo;-25,537;-49,091;2025-03-23 22:30:00.0;0,00
SÃO JOSÉ DOS PINHAIS;412550606A;PR;Borda do Campo;-25,537;-49,091;2025-03-23 23:30:00.0;0,00
SÃO JOSÉ DOS PINHAIS;412550606A;PR;Borda do Campo;-25,537;-49,091;2025-03-24 00:30:00.0;0,00
SÃO JOSÉ DOS PINHAIS;412550606A;PR;Borda do Campo;-25,537;-49,091;2025-03-24 01:30:00.0;0,00
SÃO JOSÉ DOS PINHAIS;412550606A;PR;Borda do Campo;-25,537;-49,091;2025-03-24 02:30:00.0;0,00
SÃO JOSÉ DOS PINHAIS;412550606A;PR;Borda do Campo;-25,537;-49,091;2025-03-24 03:30:00.0;0,00
SÃO JOSÉ DOS PINHAIS;412550606A;PR;Borda do Campo;-25,537;-49,091;2025-03-24 04:30:00.0;0,00
SÃO JOSÉ DOS PINHAIS;412550606A;PR;Borda do Campo;-25,537;-49,091;2025-03-24 05:30:00.0;0,00
SÃO JOSÉ DOS PINHAIS;412550606A;PR;Borda do Campo;-25,537;-49,091;2025-03-24 06:30:00.0;0,00
SÃO JOSÉ DOS PINHAIS;412550606A;PR;Borda do Campo;-25,537;-49,091;2025-03-24 07:30:00.0;0,00
SÃO JOSÉ DOS PINHAIS;412550606A;PR;Borda do Campo;-25,537;-49,091;2025-03-24 08:30:00.0;0,00
SÃO JOSÉ DOS PINHAIS;412550606A;PR;Borda do Campo;-25,537;-49,091;2025-03-24 09:30:00.0;0,00
SÃO JOSÉ DOS PINHAIS;412550606A;PR;Borda do Campo;-25,537;-49,091;2025-03-24 10:30:00.0;0,00
SÃO JOSÉ DOS PINHAIS;412550606A;PR;Borda do Campo;-25,537;-49,091;2025-03-24 11:30:00.0;0,00
SÃO JOSÉ DOS PINHAIS;412550606A;PR;Borda do Campo;-25,537;-49,091;2025-03-24 12:30:00.0;0,00
SÃO JOSÉ DOS PINHAIS;412550606A;PR;Borda do Campo;-25,537;-49,091;2025-03-24 13:30:00.0;0,00
SÃO JOSÉ DOS PINHAIS;412550606A;PR;Borda do Campo;-25,537;-49,091;2025-03-24 14:30:00.0;0,00
SÃO JOSÉ DOS PINHAIS;412550606A;PR;Borda do Campo;-25,537;-49,091;2025-03-24 15:30:00.0;0,00
SÃO JOSÉ DOS PINHAIS;412550606A;PR;Borda do Campo;-25,537;-49,091;2025-03-24 16:30:00.0;0,00
SÃO JOSÉ DOS PINHAIS;412550606A;PR;Borda do Campo;-25,537;-49,091;2025-03-24 17:30:00.0;0,00
SÃO JOSÉ DOS PINHAIS;412550606A;PR;Borda do Campo;-25,537;-49,091;2025-03-24 18:30:00.0;0,00
SÃO JOSÉ DOS PINHAIS;412550606A;PR;Borda do Campo;-25,537;-49,091;2025-03-24 19:30:00.0;0,00
SÃO JOSÉ DOS PINHAIS;412550606A;PR;Borda do Campo;-25,537;-49,091;2025-03-24 20:30:00.0;0,00
SÃO JOSÉ DOS PINHAIS;412550606A;PR;Borda do Campo;-25,537;-49,091;2025-03-24 21:30:00.0;0,00
SÃO JOSÉ DOS PINHAIS;412550606A;PR;Borda do Campo;-25,537;-49,091;2025-03-24 22:30:00.0;0,00
SÃO JOSÉ DOS PINHAIS;412550606A;PR;Borda do Campo;-25,537;-49,091;2025-03-24 23:30:00.0;0,00
SÃO JOSÉ DOS PINHAIS;412550606A;PR;Borda do Campo;-25,537;-49,091;2025-03-25 00:30:00.0;0,00
SÃO JOSÉ DOS PINHAIS;412550606A;PR;Borda do Campo;-25,537;-49,091;2025-03-25 01:30:00.0;0,00
SÃO JOSÉ DOS PINHAIS;412550606A;PR;Borda do Campo;-25,537;-49,091;2025-03-25 02:30:00.0;0,00
SÃO JOSÉ DOS PINHAIS;412550606A;PR;Borda do Campo;-25,537;-49,091;2025-03-25 03:30:00.0;0,00
SÃO JOSÉ DOS PINHAIS;412550606A;PR;Borda do Campo;-25,537;-49,091;2025-03-25 04:30:00.0;0,00
SÃO JOSÉ DOS PINHAIS;412550606A;PR;Borda do Campo;-25,537;-49,091;2025-03-25 05:30:00.0;0,00
SÃO JOSÉ DOS PINHAIS;412550606A;PR;Borda do Campo;-25,537;-49,091;2025-03-25 06:30:00.0;0,00
SÃO JOSÉ DOS PINHAIS;412550606A;PR;Borda do Campo;-25,537;-49,091;2025-03-25 07:30:00.0;0,00
SÃO JOSÉ DOS PINHAIS;412550606A;PR;Borda do Campo;-25,537;-49,091;2025-03-25 07:50:00.0;0,20
SÃO JOSÉ DOS PINHAIS;412550606A;PR;Borda do Campo;-25,537;-49,091;2025-03-25 08:10:00.0;0,20
SÃO JOSÉ DOS PINHAIS;412550606A;PR;Borda do Campo;-25,537;-49,091;2025-03-25 08:20:00.0;0,20
SÃO JOSÉ DOS PINHAIS;412550606A;PR;Borda do Campo;-25,537;-49,091;2025-03-25 08:30:00.0;0,20
SÃO JOSÉ DOS PINHAIS;412550606A;PR;Borda do Campo;-25,537;-49,091;2025-03-25 08:50:00.0;0,20
SÃO JOSÉ DOS PINHAIS;412550606A;PR;Borda do Campo;-25,537;-49,091;2025-03-25 09:30:00.0;0,00
SÃO JOSÉ DOS PINHAIS;412550606A;PR;Borda do Campo;-25,537;-49,091;2025-03-25 10:30:00.0;0,00
SÃO JOSÉ DOS PINHAIS;412550606A;PR;Borda do Campo;-25,537;-49,091;2025-03-25 11:30:00.0;0,00
SÃO JOSÉ DOS PINHAIS;412550606A;PR;Borda do Campo;-25,537;-49,091;2025-03-25 12:30:00.0;0,00
SÃO JOSÉ DOS PINHAIS;412550606A;PR;Borda do Campo;-25,537;-49,091;2025-03-25 13:30:00.0;0,00
SÃO JOSÉ DOS PINHAIS;412550606A;PR;Borda do Campo;-25,537;-49,091;2025-03-25 13:40:00.0;0,20
SÃO JOSÉ DOS PINHAIS;412550606A;PR;Borda do Campo;-25,537;-49,091;2025-03-25 14:30:00.0;0,00
SÃO JOSÉ DOS PINHAIS;412550606A;PR;Borda do Campo;-25,537;-49,091;2025-03-25 15:30:00.0;0,00
SÃO JOSÉ DOS PINHAIS;412550606A;PR;Borda do Campo;-25,537;-49,091;2025-03-25 16:30:00.0;0,00
SÃO JOSÉ DOS PINHAIS;412550606A;PR;Borda do Campo;-25,537;-49,091;2025-03-25 17:30:00.0;0,00
SÃO JOSÉ DOS PINHAIS;412550606A;PR;Borda do Campo;-25,537;-49,091;2025-03-25 18:30:00.0;0,00
SÃO JOSÉ DOS PINHAIS;412550606A;PR;Borda do Campo;-25,537;-49,091;2025-03-25 19:30:00.0;0,00
SÃO JOSÉ DOS PINHAIS;412550606A;PR;Borda do Campo;-25,537;-49,091;2025-03-25 20:30:00.0;0,00
SÃO JOSÉ DOS PINHAIS;412550606A;PR;Borda do Campo;-25,537;-49,091;2025-03-25 21:30:00.0;0,00
SÃO JOSÉ DOS PINHAIS;412550606A;PR;Borda do Campo;-25,537;-49,091;2025-03-25 22:30:00.0;0,00
SÃO JOSÉ DOS PINHAIS;412550606A;PR;Borda do Campo;-25,537;-49,091;2025-03-25 23:30:00.0;0,00
SÃO JOSÉ DOS PINHAIS;412550606A;PR;Borda do Campo;-25,537;-49,091;2025-03-26 00:30:00.0;0,00
SÃO JOSÉ DOS PINHAIS;412550606A;PR;Borda do Campo;-25,537;-49,091;2025-03-26 01:30:00.0;0,00
SÃO JOSÉ DOS PINHAIS;412550606A;PR;Borda do Campo;-25,537;-49,091;2025-03-26 02:30:00.0;0,00
SÃO JOSÉ DOS PINHAIS;412550606A;PR;Borda do Campo;-25,537;-49,091;2025-03-26 02:40:00.0;0,20
SÃO JOSÉ DOS PINHAIS;412550606A;PR;Borda do Campo;-25,537;-49,091;2025-03-26 03:00:00.0;0,20
SÃO JOSÉ DOS PINHAIS;412550606A;PR;Borda do Campo;-25,537;-49,091;2025-03-26 03:20:00.0;0,20
SÃO JOSÉ DOS PINHAIS;412550606A;PR;Borda do Campo;-25,537;-49,091;2025-03-26 03:30:00.0;0,20
SÃO JOSÉ DOS PINHAIS;412550606A;PR;Borda do Campo;-25,537;-49,091;2025-03-26 03:50:00.0;0,20
SÃO JOSÉ DOS PINHAIS;412550606A;PR;Borda do Campo;-25,537;-49,091;2025-03-26 04:00:00.0;0,42
SÃO JOSÉ DOS PINHAIS;412550606A;PR;Borda do Campo;-25,537;-49,091;2025-03-26 04:10:00.0;0,20
SÃO JOSÉ DOS PINHAIS;412550606A;PR;Borda do Campo;-25,537;-49,091;2025-03-26 04:20:00.0;0,39
SÃO JOSÉ DOS PINHAIS;412550606A;PR;Borda do Campo;-25,537;-49,091;2025-03-26 04:30:00.0;0,00
SÃO JOSÉ DOS PINHAIS;412550606A;PR;Borda do Campo;-25,537;-49,091;2025-03-26 04:50:00.0;0,20
SÃO JOSÉ DOS PINHAIS;412550606A;PR;Borda do Campo;-25,537;-49,091;2025-03-26 05:00:00.0;0,20
SÃO JOSÉ DOS PINHAIS;412550606A;PR;Borda do Campo;-25,537;-49,091;2025-03-26 05:30:00.0;0,00
SÃO JOSÉ DOS PINHAIS;412550606A;PR;Borda do Campo;-25,537;-49,091;2025-03-26 06:30:00.0;0,00
SÃO JOSÉ DOS PINHAIS;412550606A;PR;Borda do Campo;-25,537;-49,091;2025-03-26 07:30:00.0;0,00
SÃO JOSÉ DOS PINHAIS;412550606A;PR;Borda do Campo;-25,537;-49,091;2025-03-26 08:30:00.0;0,00
SÃO JOSÉ DOS PINHAIS;412550606A;PR;Borda do Campo;-25,537;-49,091;2025-03-26 09:30:00.0;0,00
SÃO JOSÉ DOS PINHAIS;412550606A;PR;Borda do Campo;-25,537;-49,091;2025-03-26 10:30:00.0;0,00
SÃO JOSÉ DOS PINHAIS;412550606A;PR;Borda do Campo;-25,537;-49,091;2025-03-26 11:30:00.0;0,00
SÃO JOSÉ DOS PINHAIS;412550606A;PR;Borda do Campo;-25,537;-49,091;2025-03-26 12:30:00.0;0,00
SÃO JOSÉ DOS PINHAIS;412550606A;PR;Borda do Campo;-25,537;-49,091;2025-03-26 13:30:00.0;0,00
SÃO JOSÉ DOS PINHAIS;412550606A;PR;Borda do Campo;-25,537;-49,091;2025-03-26 14:30:00.0;0,00
SÃO JOSÉ DOS PINHAIS;412550606A;PR;Borda do Campo;-25,537;-49,091;2025-03-26 15:30:00.0;0,00
SÃO JOSÉ DOS PINHAIS;412550606A;PR;Borda do Campo;-25,537;-49,091;2025-03-26 16:30:00.0;0,20
SÃO JOSÉ DOS PINHAIS;412550606A;PR;Borda do Campo;-25,537;-49,091;2025-03-26 17:30:00.0;0,00
SÃO JOSÉ DOS PINHAIS;412550606A;PR;Borda do Campo;-25,537;-49,091;2025-03-26 18:30:00.0;0,00
SÃO JOSÉ DOS PINHAIS;412550606A;PR;Borda do Campo;-25,537;-49,091;2025-03-26 19:30:00.0;0,00
SÃO JOSÉ DOS PINHAIS;412550606A;PR;Borda do Campo;-25,537;-49,091;2025-03-26 20:30:00.0;0,00
SÃO JOSÉ DOS PINHAIS;412550606A;PR;Borda do Campo;-25,537;-49,091;2025-03-26 21:30:00.0;0,00
SÃO JOSÉ DOS PINHAIS;412550606A;PR;Borda do Campo;-25,537;-49,091;2025-03-26 22:30:00.0;0,00
SÃO JOSÉ DOS PINHAIS;412550606A;PR;Borda do Campo;-25,537;-49,091;2025-03-26 23:30:00.0;0,00
SÃO JOSÉ DOS PINHAIS;412550606A;PR;Borda do Campo;-25,537;-49,091;2025-03-27 00:30:00.0;0,00
SÃO JOSÉ DOS PINHAIS;412550606A;PR;Borda do Campo;-25,537;-49,091;2025-03-27 01:30:00.0;0,00
SÃO JOSÉ DOS PINHAIS;412550606A;PR;Borda do Campo;-25,537;-49,091;2025-03-27 02:30:00.0;0,00
SÃO JOSÉ DOS PINHAIS;412550606A;PR;Borda do Campo;-25,537;-49,091;2025-03-27 03:30:00.0;0,00
SÃO JOSÉ DOS PINHAIS;412550606A;PR;Borda do Campo;-25,537;-49,091;2025-03-27 04:30:00.0;0,00
SÃO JOSÉ DOS PINHAIS;412550606A;PR;Borda do Campo;-25,537;-49,091;2025-03-27 05:30:00.0;0,00
SÃO JOSÉ DOS PINHAIS;412550606A;PR;Borda do Campo;-25,537;-49,091;2025-03-27 06:30:00.0;0,00
SÃO JOSÉ DOS PINHAIS;412550606A;PR;Borda do Campo;-25,537;-49,091;2025-03-27 07:30:00.0;0,00
SÃO JOSÉ DOS PINHAIS;412550606A;PR;Borda do Campo;-25,537;-49,091;2025-03-27 08:30:00.0;0,00
SÃO JOSÉ DOS PINHAIS;412550606A;PR;Borda do Campo;-25,537;-49,091;2025-03-27 09:30:00.0;0,00
SÃO JOSÉ DOS PINHAIS;412550606A;PR;Borda do Campo;-25,537;-49,091;2025-03-27 10:30:00.0;0,00
SÃO JOSÉ DOS PINHAIS;412550606A;PR;Borda do Campo;-25,537;-49,091;2025-03-27 11:30:00.0;0,00
SÃO JOSÉ DOS PINHAIS;412550606A;PR;Borda do Campo;-25,537;-49,091;2025-03-27 12:30:00.0;0,00
SÃO JOSÉ DOS PINHAIS;412550606A;PR;Borda do Campo;-25,537;-49,091;2025-03-27 13:10:00.0;0,20
SÃO JOSÉ DOS PINHAIS;412550606A;PR;Borda do Campo;-25,537;-49,091;2025-03-27 13:30:00.0;0,00
SÃO JOSÉ DOS PINHAIS;412550606A;PR;Borda do Campo;-25,537;-49,091;2025-03-27 14:30:00.0;0,00
SÃO JOSÉ DOS PINHAIS;412550606A;PR;Borda do Campo;-25,537;-49,091;2025-03-27 14:40:00.0;0,20
SÃO JOSÉ DOS PINHAIS;412550606A;PR;Borda do Campo;-25,537;-49,091;2025-03-27 15:30:00.0;0,00
SÃO JOSÉ DOS PINHAIS;412550606A;PR;Borda do Campo;-25,537;-49,091;2025-03-27 16:30:00.0;0,00
SÃO JOSÉ DOS PINHAIS;412550606A;PR;Borda do Campo;-25,537;-49,091;2025-03-27 17:30:00.0;0,00
SÃO JOSÉ DOS PINHAIS;412550606A;PR;Borda do Campo;-25,537;-49,091;2025-03-27 18:30:00.0;0,00
SÃO JOSÉ DOS PINHAIS;412550606A;PR;Borda do Campo;-25,537;-49,091;2025-03-27 19:30:00.0;0,00
SÃO JOSÉ DOS PINHAIS;412550606A;PR;Borda do Campo;-25,537;-49,091;2025-03-27 20:30:00.0;0,00
SÃO JOSÉ DOS PINHAIS;412550606A;PR;Borda do Campo;-25,537;-49,091;2025-03-27 21:30:00.0;0,00
SÃO JOSÉ DOS PINHAIS;412550606A;PR;Borda do Campo;-25,537;-49,091;2025-03-27 22:30:00.0;0,00
SÃO JOSÉ DOS PINHAIS;412550606A;PR;Borda do Campo;-25,537;-49,091;2025-03-27 23:30:00.0;0,00
SÃO JOSÉ DOS PINHAIS;412550606A;PR;Borda do Campo;-25,537;-49,091;2025-03-28 00:30:00.0;0,00
SÃO JOSÉ DOS PINHAIS;412550606A;PR;Borda do Campo;-25,537;-49,091;2025-03-28 01:30:00.0;0,00
SÃO JOSÉ DOS PINHAIS;412550606A;PR;Borda do Campo;-25,537;-49,091;2025-03-28 02:30:00.0;0,00
SÃO JOSÉ DOS PINHAIS;412550606A;PR;Borda do Campo;-25,537;-49,091;2025-03-28 03:30:00.0;0,00
SÃO JOSÉ DOS PINHAIS;412550606A;PR;Borda do Campo;-25,537;-49,091;2025-03-28 04:30:00.0;0,00
SÃO JOSÉ DOS PINHAIS;412550606A;PR;Borda do Campo;-25,537;-49,091;2025-03-28 05:30:00.0;0,00
SÃO JOSÉ DOS PINHAIS;412550606A;PR;Borda do Campo;-25,537;-49,091;2025-03-28 06:30:00.0;0,00
SÃO JOSÉ DOS PINHAIS;412550606A;PR;Borda do Campo;-25,537;-49,091;2025-03-28 07:30:00.0;0,00
SÃO JOSÉ DOS PINHAIS;412550606A;PR;Borda do Campo;-25,537;-49,091;2025-03-28 08:30:00.0;0,00
SÃO JOSÉ DOS PINHAIS;412550606A;PR;Borda do Campo;-25,537;-49,091;2025-03-28 09:30:00.0;0,00
SÃO JOSÉ DOS PINHAIS;412550606A;PR;Borda do Campo;-25,537;-49,091;2025-03-28 10:30:00.0;0,00
SÃO JOSÉ DOS PINHAIS;412550606A;PR;Borda do Campo;-25,537;-49,091;2025-03-28 11:30:00.0;0,00
SÃO JOSÉ DOS PINHAIS;412550606A;PR;Borda do Campo;-25,537;-49,091;2025-03-28 12:30:00.0;0,00
SÃO JOSÉ DOS PINHAIS;412550606A;PR;Borda do Campo;-25,537;-49,091;2025-03-28 13:30:00.0;0,00
SÃO JOSÉ DOS PINHAIS;412550606A;PR;Borda do Campo;-25,537;-49,091;2025-03-28 14:30:00.0;0,00
SÃO JOSÉ DOS PINHAIS;412550606A;PR;Borda do Campo;-25,537;-49,091;2025-03-28 15:30:00.0;0,00
SÃO JOSÉ DOS PINHAIS;412550606A;PR;Borda do Campo;-25,537;-49,091;2025-03-28 16:30:00.0;0,00
SÃO JOSÉ DOS PINHAIS;412550606A;PR;Borda do Campo;-25,537;-49,091;2025-03-28 17:30:00.0;0,00
SÃO JOSÉ DOS PINHAIS;412550606A;PR;Borda do Campo;-25,537;-49,091;2025-03-28 18:30:00.0;0,00
SÃO JOSÉ DOS PINHAIS;412550606A;PR;Borda do Campo;-25,537;-49,091;2025-03-28 19:30:00.0;0,00
SÃO JOSÉ DOS PINHAIS;412550606A;PR;Borda do Campo;-25,537;-49,091;2025-03-28 20:30:00.0;0,00
SÃO JOSÉ DOS PINHAIS;412550606A;PR;Borda do Campo;-25,537;-49,091;2025-03-28 21:30:00.0;0,00
SÃO JOSÉ DOS PINHAIS;412550606A;PR;Borda do Campo;-25,537;-49,091;2025-03-28 22:30:00.0;0,00
SÃO JOSÉ DOS PINHAIS;412550606A;PR;Borda do Campo;-25,537;-49,091;2025-03-28 23:30:00.0;0,00
SÃO JOSÉ DOS PINHAIS;412550606A;PR;Borda do Campo;-25,537;-49,091;2025-03-29 00:30:00.0;0,00
SÃO JOSÉ DOS PINHAIS;412550606A;PR;Borda do Campo;-25,537;-49,091;2025-03-29 01:30:00.0;0,00
SÃO JOSÉ DOS PINHAIS;412550606A;PR;Borda do Campo;-25,537;-49,091;2025-03-29 02:30:00.0;0,00
SÃO JOSÉ DOS PINHAIS;412550606A;PR;Borda do Campo;-25,537;-49,091;2025-03-29 03:30:00.0;0,00
SÃO JOSÉ DOS PINHAIS;412550606A;PR;Borda do Campo;-25,537;-49,091;2025-03-29 04:30:00.0;0,00
SÃO JOSÉ DOS PINHAIS;412550606A;PR;Borda do Campo;-25,537;-49,091;2025-03-29 05:30:00.0;0,00
SÃO JOSÉ DOS PINHAIS;412550606A;PR;Borda do Campo;-25,537;-49,091;2025-03-29 06:30:00.0;0,00
SÃO JOSÉ DOS PINHAIS;412550606A;PR;Borda do Campo;-25,537;-49,091;2025-03-29 07:30:00.0;0,00
SÃO JOSÉ DOS PINHAIS;412550606A;PR;Borda do Campo;-25,537;-49,091;2025-03-29 08:30:00.0;0,00
SÃO JOSÉ DOS PINHAIS;412550606A;PR;Borda do Campo;-25,537;-49,091;2025-03-29 09:30:00.0;0,00
SÃO JOSÉ DOS PINHAIS;412550606A;PR;Borda do Campo;-25,537;-49,091;2025-03-29 10:30:00.0;0,00
SÃO JOSÉ DOS PINHAIS;412550606A;PR;Borda do Campo;-25,537;-49,091;2025-03-29 11:30:00.0;0,00
SÃO JOSÉ DOS PINHAIS;412550606A;PR;Borda do Campo;-25,537;-49,091;2025-03-29 12:30:00.0;0,00
SÃO JOSÉ DOS PINHAIS;412550606A;PR;Borda do Campo;-25,537;-49,091;2025-03-29 13:30:00.0;0,00
SÃO JOSÉ DOS PINHAIS;412550606A;PR;Borda do Campo;-25,537;-49,091;2025-03-29 14:30:00.0;0,00
SÃO JOSÉ DOS PINHAIS;412550606A;PR;Borda do Campo;-25,537;-49,091;2025-03-29 15:30:00.0;0,00
SÃO JOSÉ DOS PINHAIS;412550606A;PR;Borda do Campo;-25,537;-49,091;2025-03-29 16:30:00.0;0,00
SÃO JOSÉ DOS PINHAIS;412550606A;PR;Borda do Campo;-25,537;-49,091;2025-03-29 17:30:00.0;0,00
SÃO JOSÉ DOS PINHAIS;412550606A;PR;Borda do Campo;-25,537;-49,091;2025-03-29 18:30:00.0;0,00
SÃO JOSÉ DOS PINHAIS;412550606A;PR;Borda do Campo;-25,537;-49,091;2025-03-29 19:30:00.0;0,00
SÃO JOSÉ DOS PINHAIS;412550606A;PR;Borda do Campo;-25,537;-49,091;2025-03-29 20:30:00.0;0,00
SÃO JOSÉ DOS PINHAIS;412550606A;PR;Borda do Campo;-25,537;-49,091;2025-03-29 21:30:00.0;0,00
SÃO JOSÉ DOS PINHAIS;412550606A;PR;Borda do Campo;-25,537;-49,091;2025-03-29 22:30:00.0;0,00
SÃO JOSÉ DOS PINHAIS;412550606A;PR;Borda do Campo;-25,537;-49,091;2025-03-29 23:30:00.0;0,00
SÃO JOSÉ DOS PINHAIS;412550606A;PR;Borda do Campo;-25,537;-49,091;2025-03-30 00:30:00.0;0,00
SÃO JOSÉ DOS PINHAIS;412550606A;PR;Borda do Campo;-25,537;-49,091;2025-03-30 01:30:00.0;0,00
SÃO JOSÉ DOS PINHAIS;412550606A;PR;Borda do Campo;-25,537;-49,091;2025-03-30 02:30:00.0;0,00
SÃO JOSÉ DOS PINHAIS;412550606A;PR;Borda do Campo;-25,537;-49,091;2025-03-30 03:30:00.0;0,00
SÃO JOSÉ DOS PINHAIS;412550606A;PR;Borda do Campo;-25,537;-49,091;2025-03-30 04:30:00.0;0,00
SÃO JOSÉ DOS PINHAIS;412550606A;PR;Borda do Campo;-25,537;-49,091;2025-03-30 05:30:00.0;0,00
SÃO JOSÉ DOS PINHAIS;412550606A;PR;Borda do Campo;-25,537;-49,091;2025-03-30 06:30:00.0;0,00
SÃO JOSÉ DOS PINHAIS;412550606A;PR;Borda do Campo;-25,537;-49,091;2025-03-30 07:30:00.0;0,00
SÃO JOSÉ DOS PINHAIS;412550606A;PR;Borda do Campo;-25,537;-49,091;2025-03-30 08:30:00.0;0,00
SÃO JOSÉ DOS PINHAIS;412550606A;PR;Borda do Campo;-25,537;-49,091;2025-03-30 09:30:00.0;0,00
SÃO JOSÉ DOS PINHAIS;412550606A;PR;Borda do Campo;-25,537;-49,091;2025-03-30 10:30:00.0;0,00
SÃO JOSÉ DOS PINHAIS;412550606A;PR;Borda do Campo;-25,537;-49,091;2025-03-30 11:30:00.0;0,00
SÃO JOSÉ DOS PINHAIS;412550606A;PR;Borda do Campo;-25,537;-49,091;2025-03-30 12:30:00.0;0,00
SÃO JOSÉ DOS PINHAIS;412550606A;PR;Borda do Campo;-25,537;-49,091;2025-03-30 13:30:00.0;0,00
SÃO JOSÉ DOS PINHAIS;412550606A;PR;Borda do Campo;-25,537;-49,091;2025-03-30 14:30:00.0;0,00
SÃO JOSÉ DOS PINHAIS;412550606A;PR;Borda do Campo;-25,537;-49,091;2025-03-30 15:30:00.0;0,00
SÃO JOSÉ DOS PINHAIS;412550606A;PR;Borda do Campo;-25,537;-49,091;2025-03-30 16:30:00.0;0,00
SÃO JOSÉ DOS PINHAIS;412550606A;PR;Borda do Campo;-25,537;-49,091;2025-03-30 17:30:00.0;0,00
SÃO JOSÉ DOS PINHAIS;412550606A;PR;Borda do Campo;-25,537;-49,091;2025-03-30 18:30:00.0;0,00
SÃO JOSÉ DOS PINHAIS;412550606A;PR;Borda do Campo;-25,537;-49,091;2025-03-30 19:30:00.0;0,00
SÃO JOSÉ DOS PINHAIS;412550606A;PR;Borda do Campo;-25,537;-49,091;2025-03-30 20:30:00.0;0,00
SÃO JOSÉ DOS PINHAIS;412550606A;PR;Borda do Campo;-25,537;-49,091;2025-03-30 21:30:00.0;0,00
SÃO JOSÉ DOS PINHAIS;412550606A;PR;Borda do Campo;-25,537;-49,091;2025-03-30 22:30:00.0;0,00
SÃO JOSÉ DOS PINHAIS;412550606A;PR;Borda do Campo;-25,537;-49,091;2025-03-30 23:30:00.0;0,00
SÃO JOSÉ DOS PINHAIS;412550606A;PR;Borda do Campo;-25,537;-49,091;2025-03-31 00:30:00.0;0,00
SÃO JOSÉ DOS PINHAIS;412550606A;PR;Borda do Campo;-25,537;-49,091;2025-03-31 01:30:00.0;0,00
SÃO JOSÉ DOS PINHAIS;412550606A;PR;Borda do Campo;-25,537;-49,091;2025-03-31 02:30:00.0;0,00
SÃO JOSÉ DOS PINHAIS;412550606A;PR;Borda do Campo;-25,537;-49,091;2025-03-31 03:30:00.0;0,00
SÃO JOSÉ DOS PINHAIS;412550606A;PR;Borda do Campo;-25,537;-49,091;2025-03-31 04:30:00.0;0,00
SÃO JOSÉ DOS PINHAIS;412550606A;PR;Borda do Campo;-25,537;-49,091;2025-03-31 05:30:00.0;0,00
SÃO JOSÉ DOS PINHAIS;412550606A;PR;Borda do Campo;-25,537;-49,091;2025-03-31 06:30:00.0;0,00
SÃO JOSÉ DOS PINHAIS;412550606A;PR;Borda do Campo;-25,537;-49,091;2025-03-31 07:30:00.0;0,00
SÃO JOSÉ DOS PINHAIS;412550606A;PR;Borda do Campo;-25,537;-49,091;2025-03-31 08:30:00.0;0,00
SÃO JOSÉ DOS PINHAIS;412550606A;PR;Borda do Campo;-25,537;-49,091;2025-03-31 09:30:00.0;0,00
SÃO JOSÉ DOS PINHAIS;412550606A;PR;Borda do Campo;-25,537;-49,091;2025-03-31 10:30:00.0;0,00
SÃO JOSÉ DOS PINHAIS;412550606A;PR;Borda do Campo;-25,537;-49,091;2025-03-31 11:30:00.0;0,00
SÃO JOSÉ DOS PINHAIS;412550606A;PR;Borda do Campo;-25,537;-49,091;2025-03-31 12:30:00.0;0,00
SÃO JOSÉ DOS PINHAIS;412550606A;PR;Borda do Campo;-25,537;-49,091;2025-03-31 13:30:00.0;0,00
SÃO JOSÉ DOS PINHAIS;412550606A;PR;Borda do Campo;-25,537;-49,091;2025-03-31 14:30:00.0;0,00
SÃO JOSÉ DOS PINHAIS;412550606A;PR;Borda do Campo;-25,537;-49,091;2025-03-31 15:30:00.0;0,00
SÃO JOSÉ DOS PINHAIS;412550606A;PR;Borda do Campo;-25,537;-49,091;2025-03-31 16:30:00.0;0,00
SÃO JOSÉ DOS PINHAIS;412550606A;PR;Borda do Campo;-25,537;-49,091;2025-03-31 17:30:00.0;0,00
SÃO JOSÉ DOS PINHAIS;412550606A;PR;Borda do Campo;-25,537;-49,091;2025-03-31 18:30:00.0;0,00
SÃO JOSÉ DOS PINHAIS;412550606A;PR;Borda do Campo;-25,537;-49,091;2025-03-31 19:30:00.0;0,00
SÃO JOSÉ DOS PINHAIS;412550606A;PR;Borda do Campo;-25,537;-49,091;2025-03-31 20:30:00.0;0,00
SÃO JOSÉ DOS PINHAIS;412550606A;PR;Borda do Campo;-25,537;-49,091;2025-03-31 21:30:00.0;0,00
SÃO JOSÉ DOS PINHAIS;412550606A;PR;Borda do Campo;-25,537;-49,091;2025-03-31 22:30:00.0;0,00
SÃO JOSÉ DOS PINHAIS;412550606A;PR;Borda do Campo;-25,537;-49,091;2025-03-31 23:30:00.0;0,00
SÃO MATEUS DO SUL;412560501A;PR;Pinheirinho;-25,86249;-50,37159;2025-03-10 15:50:00.0;0,00
SÃO MATEUS DO SUL;412560502A;PR;SaoMateus02;-25,88059;-50,41684;2025-03-10 17:10:00.0;0,20
SÃO MATEUS DO SUL;412560502A;PR;SaoMateus02;-25,88059;-50,41684;2025-03-10 18:10:00.0;0,00
SÃO MATEUS DO SUL;412560502A;PR;SaoMateus02;-25,88059;-50,41684;2025-03-10 19:10:00.0;0,00
SÃO MATEUS DO SUL;412560502A;PR;SaoMateus02;-25,88059;-50,41684;2025-03-10 20:10:00.0;0,00
SÃO MATEUS DO SUL;412560502A;PR;SaoMateus02;-25,88059;-50,41684;2025-03-10 21:10:00.0;0,00
SÃO MATEUS DO SUL;412560502A;PR;SaoMateus02;-25,88059;-50,41684;2025-03-10 22:10:00.0;0,00
SÃO MATEUS DO SUL;412560502A;PR;SaoMateus02;-25,88059;-50,41684;2025-03-10 23:10:00.0;0,00
SÃO MATEUS DO SUL;412560502A;PR;SaoMateus02;-25,88059;-50,41684;2025-03-11 00:10:00.0;0,00
SÃO MATEUS DO SUL;412560502A;PR;SaoMateus02;-25,88059;-50,41684;2025-03-11 01:10:00.0;0,00
SÃO MATEUS DO SUL;412560502A;PR;SaoMateus02;-25,88059;-50,41684;2025-03-11 02:10:00.0;0,00
SÃO MATEUS DO SUL;412560502A;PR;SaoMateus02;-25,88059;-50,41684;2025-03-11 03:10:00.0;0,00
SÃO MATEUS DO SUL;412560502A;PR;SaoMateus02;-25,88059;-50,41684;2025-03-11 04:10:00.0;0,00
SÃO MATEUS DO SUL;412560502A;PR;SaoMateus02;-25,88059;-50,41684;2025-03-11 05:10:00.0;0,00
SÃO MATEUS DO SUL;412560502A;PR;SaoMateus02;-25,88059;-50,41684;2025-03-11 06:10:00.0;0,00
SÃO MATEUS DO SUL;412560502A;PR;SaoMateus02;-25,88059;-50,41684;2025-03-11 07:10:00.0;0,00
SÃO MATEUS DO SUL;412560502A;PR;SaoMateus02;-25,88059;-50,41684;2025-03-11 08:10:00.0;0,00
SÃO MATEUS DO SUL;412560502A;PR;SaoMateus02;-25,88059;-50,41684;2025-03-11 09:10:00.0;0,00
SÃO MATEUS DO SUL;412560502A;PR;SaoMateus02;-25,88059;-50,41684;2025-03-11 10:10:00.0;0,00
SÃO MATEUS DO SUL;412560502A;PR;SaoMateus02;-25,88059;-50,41684;2025-03-11 11:10:00.0;0,00
SÃO MATEUS DO SUL;412560502A;PR;SaoMateus02;-25,88059;-50,41684;2025-03-11 12:10:00.0;0,00
SÃO MATEUS DO SUL;412560502A;PR;SaoMateus02;-25,88059;-50,41684;2025-03-11 13:10:00.0;0,00
SÃO MATEUS DO SUL;412560502A;PR;SaoMateus02;-25,88059;-50,41684;2025-03-11 14:10:00.0;0,00
SÃO MATEUS DO SUL;412560502A;PR;SaoMateus02;-25,88059;-50,41684;2025-03-11 15:10:00.0;0,00
SÃO MATEUS DO SUL;412560502A;PR;SaoMateus02;-25,88059;-50,41684;2025-03-11 16:10:00.0;0,00
SÃO MATEUS DO SUL;412560502A;PR;SaoMateus02;-25,88059;-50,41684;2025-03-11 17:10:00.0;0,00
SÃO MATEUS DO SUL;412560502A;PR;SaoMateus02;-25,88059;-50,41684;2025-03-11 18:10:00.0;0,00
SÃO MATEUS DO SUL;412560502A;PR;SaoMateus02;-25,88059;-50,41684;2025-03-11 18:40:00.0;0,60
SÃO MATEUS DO SUL;412560502A;PR;SaoMateus02;-25,88059;-50,41684;2025-03-11 18:50:00.0;0,20
SÃO MATEUS DO SUL;412560502A;PR;SaoMateus02;-25,88059;-50,41684;2025-03-11 19:10:00.0;0,20
SÃO MATEUS DO SUL;412560502A;PR;SaoMateus02;-25,88059;-50,41684;2025-03-11 19:30:00.0;0,40
SÃO MATEUS DO SUL;412560502A;PR;SaoMateus02;-25,88059;-50,41684;2025-03-11 19:40:00.0;0,20
SÃO MATEUS DO SUL;412560502A;PR;SaoMateus02;-25,88059;-50,41684;2025-03-11 19:50:00.0;0,20
SÃO MATEUS DO SUL;412560502A;PR;SaoMateus02;-25,88059;-50,41684;2025-03-11 20:00:00.0;0,20
SÃO MATEUS DO SUL;412560502A;PR;SaoMateus02;-25,88059;-50,41684;2025-03-11 20:10:00.0;0,00
SÃO MATEUS DO SUL;412560502A;PR;SaoMateus02;-25,88059;-50,41684;2025-03-11 20:30:00.0;0,40
SÃO MATEUS DO SUL;412560502A;PR;SaoMateus02;-25,88059;-50,41684;2025-03-11 20:40:00.0;0,40
SÃO MATEUS DO SUL;412560502A;PR;SaoMateus02;-25,88059;-50,41684;2025-03-11 20:50:00.0;0,60
SÃO MATEUS DO SUL;412560502A;PR;SaoMateus02;-25,88059;-50,41684;2025-03-11 21:00:00.0;0,40
SÃO MATEUS DO SUL;412560502A;PR;SaoMateus02;-25,88059;-50,41684;2025-03-11 21:10:00.0;0,20
SÃO MATEUS DO SUL;412560502A;PR;SaoMateus02;-25,88059;-50,41684;2025-03-11 21:20:00.0;0,60
SÃO MATEUS DO SUL;412560502A;PR;SaoMateus02;-25,88059;-50,41684;2025-03-11 21:30:00.0;0,60
SÃO MATEUS DO SUL;412560502A;PR;SaoMateus02;-25,88059;-50,41684;2025-03-11 21:40:00.0;0,80
SÃO MATEUS DO SUL;412560502A;PR;SaoMateus02;-25,88059;-50,41684;2025-03-11 21:50:00.0;0,40
SÃO MATEUS DO SUL;412560502A;PR;SaoMateus02;-25,88059;-50,41684;2025-03-11 22:00:00.0;0,20
SÃO MATEUS DO SUL;412560502A;PR;SaoMateus02;-25,88059;-50,41684;2025-03-11 22:10:00.0;0,60
SÃO MATEUS DO SUL;412560502A;PR;SaoMateus02;-25,88059;-50,41684;2025-03-11 22:20:00.0;0,20
SÃO MATEUS DO SUL;412560502A;PR;SaoMateus02;-25,88059;-50,41684;2025-03-11 22:30:00.0;0,40
SÃO MATEUS DO SUL;412560502A;PR;SaoMateus02;-25,88059;-50,41684;2025-03-11 22:40:00.0;0,20
SÃO MATEUS DO SUL;412560502A;PR;SaoMateus02;-25,88059;-50,41684;2025-03-11 22:50:00.0;0,40
SÃO MATEUS DO SUL;412560502A;PR;SaoMateus02;-25,88059;-50,41684;2025-03-11 23:00:00.0;0,20
SÃO MATEUS DO SUL;412560502A;PR;SaoMateus02;-25,88059;-50,41684;2025-03-11 23:10:00.0;0,20
SÃO MATEUS DO SUL;412560502A;PR;SaoMateus02;-25,88059;-50,41684;2025-03-12 00:10:00.0;0,00
SÃO MATEUS DO SUL;412560502A;PR;SaoMateus02;-25,88059;-50,41684;2025-03-12 01:10:00.0;0,00
SÃO MATEUS DO SUL;412560502A;PR;SaoMateus02;-25,88059;-50,41684;2025-03-12 02:10:00.0;0,00
SÃO MATEUS DO SUL;412560502A;PR;SaoMateus02;-25,88059;-50,41684;2025-03-12 03:10:00.0;0,00
SÃO MATEUS DO SUL;412560502A;PR;SaoMateus02;-25,88059;-50,41684;2025-03-12 04:10:00.0;0,00
SÃO MATEUS DO SUL;412560502A;PR;SaoMateus02;-25,88059;-50,41684;2025-03-12 05:10:00.0;0,00
SÃO MATEUS DO SUL;412560502A;PR;SaoMateus02;-25,88059;-50,41684;2025-03-12 06:10:00.0;0,00
SÃO MATEUS DO SUL;412560502A;PR;SaoMateus02;-25,88059;-50,41684;2025-03-12 07:10:00.0;0,00
SÃO MATEUS DO SUL;412560502A;PR;SaoMateus02;-25,88059;-50,41684;2025-03-12 08:10:00.0;0,00
SÃO MATEUS DO SUL;412560502A;PR;SaoMateus02;-25,88059;-50,41684;2025-03-12 09:10:00.0;0,00
SÃO MATEUS DO SUL;412560502A;PR;SaoMateus02;-25,88059;-50,41684;2025-03-12 10:10:00.0;0,00
SÃO MATEUS DO SUL;412560502A;PR;SaoMateus02;-25,88059;-50,41684;2025-03-12 11:10:00.0;0,00
SÃO MATEUS DO SUL;412560502A;PR;SaoMateus02;-25,88059;-50,41684;2025-03-12 12:10:00.0;0,00
SÃO MATEUS DO SUL;412560502A;PR;SaoMateus02;-25,88059;-50,41684;2025-03-12 13:10:00.0;0,00
SÃO MATEUS DO SUL;412560502A;PR;SaoMateus02;-25,88059;-50,41684;2025-03-12 14:10:00.0;0,00
SÃO MATEUS DO SUL;412560502A;PR;SaoMateus02;-25,88059;-50,41684;2025-03-12 15:10:00.0;0,00
SÃO MATEUS DO SUL;412560502A;PR;SaoMateus02;-25,88059;-50,41684;2025-03-12 16:10:00.0;0,00
SÃO MATEUS DO SUL;412560502A;PR;SaoMateus02;-25,88059;-50,41684;2025-03-12 17:00:00.0;0,20
SÃO MATEUS DO SUL;412560502A;PR;SaoMateus02;-25,88059;-50,41684;2025-03-12 17:10:00.0;0,00
SÃO MATEUS DO SUL;412560502A;PR;SaoMateus02;-25,88059;-50,41684;2025-03-12 18:10:00.0;0,00
SÃO MATEUS DO SUL;412560502A;PR;SaoMateus02;-25,88059;-50,41684;2025-03-12 19:10:00.0;0,00
SÃO MATEUS DO SUL;412560502A;PR;SaoMateus02;-25,88059;-50,41684;2025-03-12 20:10:00.0;0,00
SÃO MATEUS DO SUL;412560502A;PR;SaoMateus02;-25,88059;-50,41684;2025-03-12 21:10:00.0;0,00
SÃO MATEUS DO SUL;412560502A;PR;SaoMateus02;-25,88059;-50,41684;2025-03-12 22:10:00.0;0,00
SÃO MATEUS DO SUL;412560502A;PR;SaoMateus02;-25,88059;-50,41684;2025-03-12 23:10:00.0;0,00
SÃO MATEUS DO SUL;412560502A;PR;SaoMateus02;-25,88059;-50,41684;2025-03-13 00:10:00.0;0,40
SÃO MATEUS DO SUL;412560502A;PR;SaoMateus02;-25,88059;-50,41684;2025-03-13 00:20:00.0;2,20
SÃO MATEUS DO SUL;412560502A;PR;SaoMateus02;-25,88059;-50,41684;2025-03-13 00:30:00.0;4,60
SÃO MATEUS DO SUL;412560502A;PR;SaoMateus02;-25,88059;-50,41684;2025-03-13 00:40:00.0;3,20
SÃO MATEUS DO SUL;412560502A;PR;SaoMateus02;-25,88059;-50,41684;2025-03-13 00:50:00.0;0,60
SÃO MATEUS DO SUL;412560502A;PR;SaoMateus02;-25,88059;-50,41684;2025-03-13 01:00:00.0;0,40
SÃO MATEUS DO SUL;412560502A;PR;SaoMateus02;-25,88059;-50,41684;2025-03-13 01:10:00.0;0,20
SÃO MATEUS DO SUL;412560502A;PR;SaoMateus02;-25,88059;-50,41684;2025-03-13 01:20:00.0;0,40
SÃO MATEUS DO SUL;412560502A;PR;SaoMateus02;-25,88059;-50,41684;2025-03-13 01:30:00.0;0,20
SÃO MATEUS DO SUL;412560502A;PR;SaoMateus02;-25,88059;-50,41684;2025-03-13 01:40:00.0;0,20
SÃO MATEUS DO SUL;412560502A;PR;SaoMateus02;-25,88059;-50,41684;2025-03-13 02:10:00.0;0,00
SÃO MATEUS DO SUL;412560502A;PR;SaoMateus02;-25,88059;-50,41684;2025-03-13 03:10:00.0;0,00
SÃO MATEUS DO SUL;412560502A;PR;SaoMateus02;-25,88059;-50,41684;2025-03-13 03:20:00.0;0,20
SÃO MATEUS DO SUL;412560502A;PR;SaoMateus02;-25,88059;-50,41684;2025-03-13 04:10:00.0;0,00
SÃO MATEUS DO SUL;412560502A;PR;SaoMateus02;-25,88059;-50,41684;2025-03-13 04:40:00.0;0,20
SÃO MATEUS DO SUL;412560502A;PR;SaoMateus02;-25,88059;-50,41684;2025-03-13 04:50:00.0;0,20
SÃO MATEUS DO SUL;412560502A;PR;SaoMateus02;-25,88059;-50,41684;2025-03-13 05:10:00.0;0,40
SÃO MATEUS DO SUL;412560502A;PR;SaoMateus02;-25,88059;-50,41684;2025-03-13 06:10:00.0;0,20
SÃO MATEUS DO SUL;412560502A;PR;SaoMateus02;-25,88059;-50,41684;2025-03-13 07:10:00.0;0,00
SÃO MATEUS DO SUL;412560502A;PR;SaoMateus02;-25,88059;-50,41684;2025-03-13 08:10:00.0;0,00
SÃO MATEUS DO SUL;412560502A;PR;SaoMateus02;-25,88059;-50,41684;2025-03-13 09:10:00.0;0,00
SÃO MATEUS DO SUL;412560502A;PR;SaoMateus02;-25,88059;-50,41684;2025-03-13 10:10:00.0;0,00
SÃO MATEUS DO SUL;412560502A;PR;SaoMateus02;-25,88059;-50,41684;2025-03-13 11:10:00.0;0,00
SÃO MATEUS DO SUL;412560502A;PR;SaoMateus02;-25,88059;-50,41684;2025-03-13 12:10:00.0;0,00
SÃO MATEUS DO SUL;412560502A;PR;SaoMateus02;-25,88059;-50,41684;2025-03-13 13:10:00.0;0,00
SÃO MATEUS DO SUL;412560502A;PR;SaoMateus02;-25,88059;-50,41684;2025-03-13 14:10:00.0;0,00
SÃO MATEUS DO SUL;412560502A;PR;SaoMateus02;-25,88059;-50,41684;2025-03-13 15:10:00.0;0,00
SÃO MATEUS DO SUL;412560502A;PR;SaoMateus02;-25,88059;-50,41684;2025-03-13 16:10:00.0;0,00
SÃO MATEUS DO SUL;412560502A;PR;SaoMateus02;-25,88059;-50,41684;2025-03-13 17:10:00.0;0,00
SÃO MATEUS DO SUL;412560502A;PR;SaoMateus02;-25,88059;-50,41684;2025-03-13 18:10:00.0;0,00
SÃO MATEUS DO SUL;412560502A;PR;SaoMateus02;-25,88059;-50,41684;2025-03-13 19:10:00.0;0,00
SÃO MATEUS DO SUL;412560502A;PR;SaoMateus02;-25,88059;-50,41684;2025-03-13 20:10:00.0;0,00
SÃO MATEUS DO SUL;412560502A;PR;SaoMateus02;-25,88059;-50,41684;2025-03-13 21:10:00.0;0,00
SÃO MATEUS DO SUL;412560502A;PR;SaoMateus02;-25,88059;-50,41684;2025-03-13 22:10:00.0;0,00
SÃO MATEUS DO SUL;412560502A;PR;SaoMateus02;-25,88059;-50,41684;2025-03-13 23:10:00.0;0,00
SÃO MATEUS DO SUL;412560502A;PR;SaoMateus02;-25,88059;-50,41684;2025-03-14 00:10:00.0;0,00
SÃO MATEUS DO SUL;412560502A;PR;SaoMateus02;-25,88059;-50,41684;2025-03-14 01:10:00.0;0,00
SÃO MATEUS DO SUL;412560502A;PR;SaoMateus02;-25,88059;-50,41684;2025-03-14 02:10:00.0;0,00
SÃO MATEUS DO SUL;412560502A;PR;SaoMateus02;-25,88059;-50,41684;2025-03-14 03:10:00.0;0,00
SÃO MATEUS DO SUL;412560502A;PR;SaoMateus02;-25,88059;-50,41684;2025-03-14 04:10:00.0;0,00
SÃO MATEUS DO SUL;412560502A;PR;SaoMateus02;-25,88059;-50,41684;2025-03-14 05:10:00.0;0,00
SÃO MATEUS DO SUL;412560502A;PR;SaoMateus02;-25,88059;-50,41684;2025-03-14 06:10:00.0;0,00
SÃO MATEUS DO SUL;412560502A;PR;SaoMateus02;-25,88059;-50,41684;2025-03-14 07:10:00.0;0,00
SÃO MATEUS DO SUL;412560502A;PR;SaoMateus02;-25,88059;-50,41684;2025-03-14 08:10:00.0;0,00
SÃO MATEUS DO SUL;412560502A;PR;SaoMateus02;-25,88059;-50,41684;2025-03-14 09:10:00.0;0,00
SÃO MATEUS DO SUL;412560502A;PR;SaoMateus02;-25,88059;-50,41684;2025-03-14 10:10:00.0;0,00
SÃO MATEUS DO SUL;412560502A;PR;SaoMateus02;-25,88059;-50,41684;2025-03-14 11:10:00.0;0,00
SÃO MATEUS DO SUL;412560502A;PR;SaoMateus02;-25,88059;-50,41684;2025-03-14 12:10:00.0;0,00
SÃO MATEUS DO SUL;412560502A;PR;SaoMateus02;-25,88059;-50,41684;2025-03-14 13:10:00.0;0,00
SÃO MATEUS DO SUL;412560502A;PR;SaoMateus02;-25,88059;-50,41684;2025-03-14 14:10:00.0;0,00
SÃO MATEUS DO SUL;412560502A;PR;SaoMateus02;-25,88059;-50,41684;2025-03-14 15:10:00.0;0,00
SÃO MATEUS DO SUL;412560502A;PR;SaoMateus02;-25,88059;-50,41684;2025-03-14 16:10:00.0;0,00
SÃO MATEUS DO SUL;412560502A;PR;SaoMateus02;-25,88059;-50,41684;2025-03-14 17:10:00.0;0,00
SÃO MATEUS DO SUL;412560502A;PR;SaoMateus02;-25,88059;-50,41684;2025-03-14 18:10:00.0;0,00
SÃO MATEUS DO SUL;412560502A;PR;SaoMateus02;-25,88059;-50,41684;2025-03-14 19:10:00.0;0,00
SÃO MATEUS DO SUL;412560502A;PR;SaoMateus02;-25,88059;-50,41684;2025-03-14 20:10:00.0;0,00
SÃO MATEUS DO SUL;412560502A;PR;SaoMateus02;-25,88059;-50,41684;2025-03-14 21:10:00.0;0,00
SÃO MATEUS DO SUL;412560502A;PR;SaoMateus02;-25,88059;-50,41684;2025-03-14 22:10:00.0;0,00
SÃO MATEUS DO SUL;412560502A;PR;SaoMateus02;-25,88059;-50,41684;2025-03-14 23:10:00.0;0,00
SÃO MATEUS DO SUL;412560502A;PR;SaoMateus02;-25,88059;-50,41684;2025-03-15 00:10:00.0;0,00
SÃO MATEUS DO SUL;412560502A;PR;SaoMateus02;-25,88059;-50,41684;2025-03-15 01:10:00.0;0,00
SÃO MATEUS DO SUL;412560502A;PR;SaoMateus02;-25,88059;-50,41684;2025-03-15 02:10:00.0;0,00
SÃO MATEUS DO SUL;412560502A;PR;SaoMateus02;-25,88059;-50,41684;2025-03-15 03:10:00.0;0,00
SÃO MATEUS DO SUL;412560502A;PR;SaoMateus02;-25,88059;-50,41684;2025-03-15 04:10:00.0;0,00
SÃO MATEUS DO SUL;412560502A;PR;SaoMateus02;-25,88059;-50,41684;2025-03-15 05:10:00.0;0,00
SÃO MATEUS DO SUL;412560502A;PR;SaoMateus02;-25,88059;-50,41684;2025-03-15 06:10:00.0;0,00
SÃO MATEUS DO SUL;412560502A;PR;SaoMateus02;-25,88059;-50,41684;2025-03-15 07:10:00.0;0,00
SÃO MATEUS DO SUL;412560502A;PR;SaoMateus02;-25,88059;-50,41684;2025-03-15 08:10:00.0;0,00
SÃO MATEUS DO SUL;412560502A;PR;SaoMateus02;-25,88059;-50,41684;2025-03-15 09:10:00.0;0,00
SÃO MATEUS DO SUL;412560502A;PR;SaoMateus02;-25,88059;-50,41684;2025-03-15 10:10:00.0;0,00
SÃO MATEUS DO SUL;412560502A;PR;SaoMateus02;-25,88059;-50,41684;2025-03-15 11:10:00.0;0,00
SÃO MATEUS DO SUL;412560502A;PR;SaoMateus02;-25,88059;-50,41684;2025-03-15 12:10:00.0;0,00
SÃO MATEUS DO SUL;412560502A;PR;SaoMateus02;-25,88059;-50,41684;2025-03-15 13:10:00.0;0,00
SÃO MATEUS DO SUL;412560502A;PR;SaoMateus02;-25,88059;-50,41684;2025-03-15 14:10:00.0;0,00
SÃO MATEUS DO SUL;412560502A;PR;SaoMateus02;-25,88059;-50,41684;2025-03-15 15:10:00.0;0,00
SÃO MATEUS DO SUL;412560502A;PR;SaoMateus02;-25,88059;-50,41684;2025-03-15 16:10:00.0;0,00
SÃO MATEUS DO SUL;412560502A;PR;SaoMateus02;-25,88059;-50,41684;2025-03-15 17:10:00.0;0,00
SÃO MATEUS DO SUL;412560502A;PR;SaoMateus02;-25,88059;-50,41684;2025-03-15 18:10:00.0;0,00
SÃO MATEUS DO SUL;412560502A;PR;SaoMateus02;-25,88059;-50,41684;2025-03-15 19:10:00.0;0,00
SÃO MATEUS DO SUL;412560502A;PR;SaoMateus02;-25,88059;-50,41684;2025-03-15 20:10:00.0;0,00
SÃO MATEUS DO SUL;412560502A;PR;SaoMateus02;-25,88059;-50,41684;2025-03-15 21:10:00.0;0,00
SÃO MATEUS DO SUL;412560502A;PR;SaoMateus02;-25,88059;-50,41684;2025-03-15 21:40:00.0;0,20
SÃO MATEUS DO SUL;412560502A;PR;SaoMateus02;-25,88059;-50,41684;2025-03-15 21:50:00.0;0,40
SÃO MATEUS DO SUL;412560502A;PR;SaoMateus02;-25,88059;-50,41684;2025-03-15 22:00:00.0;0,20
SÃO MATEUS DO SUL;412560502A;PR;SaoMateus02;-25,88059;-50,41684;2025-03-15 22:10:00.0;0,00
SÃO MATEUS DO SUL;412560502A;PR;SaoMateus02;-25,88059;-50,41684;2025-03-15 23:10:00.0;0,00
SÃO MATEUS DO SUL;412560502A;PR;SaoMateus02;-25,88059;-50,41684;2025-03-16 00:10:00.0;0,00
SÃO MATEUS DO SUL;412560502A;PR;SaoMateus02;-25,88059;-50,41684;2025-03-16 01:10:00.0;0,00
SÃO MATEUS DO SUL;412560502A;PR;SaoMateus02;-25,88059;-50,41684;2025-03-16 02:10:00.0;0,00
SÃO MATEUS DO SUL;412560502A;PR;SaoMateus02;-25,88059;-50,41684;2025-03-16 03:10:00.0;0,00
SÃO MATEUS DO SUL;412560502A;PR;SaoMateus02;-25,88059;-50,41684;2025-03-16 04:10:00.0;0,00
SÃO MATEUS DO SUL;412560502A;PR;SaoMateus02;-25,88059;-50,41684;2025-03-16 05:10:00.0;0,00
SÃO MATEUS DO SUL;412560502A;PR;SaoMateus02;-25,88059;-50,41684;2025-03-16 06:10:00.0;0,00
SÃO MATEUS DO SUL;412560502A;PR;SaoMateus02;-25,88059;-50,41684;2025-03-16 07:10:00.0;0,00
SÃO MATEUS DO SUL;412560502A;PR;SaoMateus02;-25,88059;-50,41684;2025-03-16 08:10:00.0;0,00
SÃO MATEUS DO SUL;412560502A;PR;SaoMateus02;-25,88059;-50,41684;2025-03-16 09:10:00.0;0,00
SÃO MATEUS DO SUL;412560502A;PR;SaoMateus02;-25,88059;-50,41684;2025-03-16 10:10:00.0;0,00
SÃO MATEUS DO SUL;412560502A;PR;SaoMateus02;-25,88059;-50,41684;2025-03-16 11:10:00.0;0,00
SÃO MATEUS DO SUL;412560502A;PR;SaoMateus02;-25,88059;-50,41684;2025-03-16 12:10:00.0;0,00
SÃO MATEUS DO SUL;412560502A;PR;SaoMateus02;-25,88059;-50,41684;2025-03-16 13:10:00.0;0,00
SÃO MATEUS DO SUL;412560502A;PR;SaoMateus02;-25,88059;-50,41684;2025-03-16 14:10:00.0;0,00
SÃO MATEUS DO SUL;412560502A;PR;SaoMateus02;-25,88059;-50,41684;2025-03-16 15:10:00.0;0,00
SÃO MATEUS DO SUL;412560502A;PR;SaoMateus02;-25,88059;-50,41684;2025-03-16 16:10:00.0;0,00
SÃO MATEUS DO SUL;412560502A;PR;SaoMateus02;-25,88059;-50,41684;2025-03-16 16:20:00.0;0,20
SÃO MATEUS DO SUL;412560502A;PR;SaoMateus02;-25,88059;-50,41684;2025-03-16 17:10:00.0;0,00
SÃO MATEUS DO SUL;412560502A;PR;SaoMateus02;-25,88059;-50,41684;2025-03-16 18:10:00.0;0,00
SÃO MATEUS DO SUL;412560502A;PR;SaoMateus02;-25,88059;-50,41684;2025-03-16 19:10:00.0;0,00
SÃO MATEUS DO SUL;412560502A;PR;SaoMateus02;-25,88059;-50,41684;2025-03-16 20:10:00.0;0,00
SÃO MATEUS DO SUL;412560502A;PR;SaoMateus02;-25,88059;-50,41684;2025-03-16 21:10:00.0;0,00
SÃO MATEUS DO SUL;412560502A;PR;SaoMateus02;-25,88059;-50,41684;2025-03-16 22:10:00.0;0,00
SÃO MATEUS DO SUL;412560502A;PR;SaoMateus02;-25,88059;-50,41684;2025-03-16 23:10:00.0;0,00
SÃO MATEUS DO SUL;412560502A;PR;SaoMateus02;-25,88059;-50,41684;2025-03-17 00:10:00.0;0,00
SÃO MATEUS DO SUL;412560502A;PR;SaoMateus02;-25,88059;-50,41684;2025-03-17 01:10:00.0;0,00
SÃO MATEUS DO SUL;412560502A;PR;SaoMateus02;-25,88059;-50,41684;2025-03-17 02:10:00.0;0,00
SÃO MATEUS DO SUL;412560502A;PR;SaoMateus02;-25,88059;-50,41684;2025-03-17 03:10:00.0;0,00
SÃO MATEUS DO SUL;412560502A;PR;SaoMateus02;-25,88059;-50,41684;2025-03-17 04:10:00.0;0,00
SÃO MATEUS DO SUL;412560502A;PR;SaoMateus02;-25,88059;-50,41684;2025-03-17 05:10:00.0;0,00
SÃO MATEUS DO SUL;412560502A;PR;SaoMateus02;-25,88059;-50,41684;2025-03-17 06:10:00.0;0,00
SÃO MATEUS DO SUL;412560502A;PR;SaoMateus02;-25,88059;-50,41684;2025-03-17 07:10:00.0;0,00
SÃO MATEUS DO SUL;412560502A;PR;SaoMateus02;-25,88059;-50,41684;2025-03-17 08:10:00.0;0,00
SÃO MATEUS DO SUL;412560502A;PR;SaoMateus02;-25,88059;-50,41684;2025-03-17 09:10:00.0;0,00
SÃO MATEUS DO SUL;412560502A;PR;SaoMateus02;-25,88059;-50,41684;2025-03-17 10:10:00.0;0,00
SÃO MATEUS DO SUL;412560502A;PR;SaoMateus02;-25,88059;-50,41684;2025-03-17 11:10:00.0;0,00
SÃO MATEUS DO SUL;412560502A;PR;SaoMateus02;-25,88059;-50,41684;2025-03-17 12:10:00.0;0,00
SÃO MATEUS DO SUL;412560502A;PR;SaoMateus02;-25,88059;-50,41684;2025-03-17 13:10:00.0;0,00
SÃO MATEUS DO SUL;412560502A;PR;SaoMateus02;-25,88059;-50,41684;2025-03-17 14:10:00.0;0,00
SÃO MATEUS DO SUL;412560502A;PR;SaoMateus02;-25,88059;-50,41684;2025-03-17 15:10:00.0;0,00
SÃO MATEUS DO SUL;412560502A;PR;SaoMateus02;-25,88059;-50,41684;2025-03-17 16:10:00.0;0,00
SÃO MATEUS DO SUL;412560502A;PR;SaoMateus02;-25,88059;-50,41684;2025-03-17 17:10:00.0;0,00
SÃO MATEUS DO SUL;412560502A;PR;SaoMateus02;-25,88059;-50,41684;2025-03-17 18:10:00.0;0,00
SÃO MATEUS DO SUL;412560502A;PR;SaoMateus02;-25,88059;-50,41684;2025-03-17 19:10:00.0;0,00
SÃO MATEUS DO SUL;412560502A;PR;SaoMateus02;-25,88059;-50,41684;2025-03-17 20:10:00.0;0,00
SÃO MATEUS DO SUL;412560502A;PR;SaoMateus02;-25,88059;-50,41684;2025-03-17 21:10:00.0;0,00
SÃO MATEUS DO SUL;412560502A;PR;SaoMateus02;-25,88059;-50,41684;2025-03-17 22:10:00.0;0,00
SÃO MATEUS DO SUL;412560502A;PR;SaoMateus02;-25,88059;-50,41684;2025-03-17 23:10:00.0;0,00
SÃO MATEUS DO SUL;412560502A;PR;SaoMateus02;-25,88059;-50,41684;2025-03-18 00:10:00.0;0,00
SÃO MATEUS DO SUL;412560502A;PR;SaoMateus02;-25,88059;-50,41684;2025-03-18 01:10:00.0;0,00
SÃO MATEUS DO SUL;412560502A;PR;SaoMateus02;-25,88059;-50,41684;2025-03-18 02:10:00.0;0,00
SÃO MATEUS DO SUL;412560502A;PR;SaoMateus02;-25,88059;-50,41684;2025-03-18 03:10:00.0;0,00
SÃO MATEUS DO SUL;412560502A;PR;SaoMateus02;-25,88059;-50,41684;2025-03-18 04:10:00.0;0,00
SÃO MATEUS DO SUL;412560502A;PR;SaoMateus02;-25,88059;-50,41684;2025-03-18 05:10:00.0;0,00
SÃO MATEUS DO SUL;412560502A;PR;SaoMateus02;-25,88059;-50,41684;2025-03-18 06:10:00.0;0,00
SÃO MATEUS DO SUL;412560502A;PR;SaoMateus02;-25,88059;-50,41684;2025-03-18 07:10:00.0;0,00
SÃO MATEUS DO SUL;412560502A;PR;SaoMateus02;-25,88059;-50,41684;2025-03-18 08:10:00.0;0,00
SÃO MATEUS DO SUL;412560502A;PR;SaoMateus02;-25,88059;-50,41684;2025-03-18 09:10:00.0;0,00
SÃO MATEUS DO SUL;412560502A;PR;SaoMateus02;-25,88059;-50,41684;2025-03-18 10:10:00.0;0,00
SÃO MATEUS DO SUL;412560502A;PR;SaoMateus02;-25,88059;-50,41684;2025-03-18 11:10:00.0;0,00
SÃO MATEUS DO SUL;412560502A;PR;SaoMateus02;-25,88059;-50,41684;2025-03-18 12:10:00.0;0,00
SÃO MATEUS DO SUL;412560502A;PR;SaoMateus02;-25,88059;-50,41684;2025-03-18 13:10:00.0;0,00
SÃO MATEUS DO SUL;412560502A;PR;SaoMateus02;-25,88059;-50,41684;2025-03-18 14:10:00.0;0,00
SÃO MATEUS DO SUL;412560502A;PR;SaoMateus02;-25,88059;-50,41684;2025-03-18 15:10:00.0;0,00
SÃO MATEUS DO SUL;412560502A;PR;SaoMateus02;-25,88059;-50,41684;2025-03-18 15:30:00.0;0,60
SÃO MATEUS DO SUL;412560502A;PR;SaoMateus02;-25,88059;-50,41684;2025-03-18 15:40:00.0;0,40
SÃO MATEUS DO SUL;412560502A;PR;SaoMateus02;-25,88059;-50,41684;2025-03-18 15:50:00.0;0,60
SÃO MATEUS DO SUL;412560502A;PR;SaoMateus02;-25,88059;-50,41684;2025-03-18 16:00:00.0;0,20
SÃO MATEUS DO SUL;412560502A;PR;SaoMateus02;-25,88059;-50,41684;2025-03-18 16:10:00.0;0,80
SÃO MATEUS DO SUL;412560502A;PR;SaoMateus02;-25,88059;-50,41684;2025-03-18 16:20:00.0;0,80
SÃO MATEUS DO SUL;412560502A;PR;SaoMateus02;-25,88059;-50,41684;2025-03-18 16:30:00.0;0,60
SÃO MATEUS DO SUL;412560502A;PR;SaoMateus02;-25,88059;-50,41684;2025-03-18 16:40:00.0;0,40
SÃO MATEUS DO SUL;412560502A;PR;SaoMateus02;-25,88059;-50,41684;2025-03-18 16:50:00.0;0,60
SÃO MATEUS DO SUL;412560502A;PR;SaoMateus02;-25,88059;-50,41684;2025-03-18 17:00:00.0;0,20
SÃO MATEUS DO SUL;412560502A;PR;SaoMateus02;-25,88059;-50,41684;2025-03-18 17:10:00.0;0,00
SÃO MATEUS DO SUL;412560502A;PR;SaoMateus02;-25,88059;-50,41684;2025-03-18 17:20:00.0;0,20
SÃO MATEUS DO SUL;412560502A;PR;SaoMateus02;-25,88059;-50,41684;2025-03-18 17:30:00.0;0,20
SÃO MATEUS DO SUL;412560502A;PR;SaoMateus02;-25,88059;-50,41684;2025-03-18 17:40:00.0;0,40
SÃO MATEUS DO SUL;412560502A;PR;SaoMateus02;-25,88059;-50,41684;2025-03-18 18:10:00.0;0,00
SÃO MATEUS DO SUL;412560502A;PR;SaoMateus02;-25,88059;-50,41684;2025-03-18 19:10:00.0;0,00
SÃO MATEUS DO SUL;412560502A;PR;SaoMateus02;-25,88059;-50,41684;2025-03-18 20:10:00.0;0,00
SÃO MATEUS DO SUL;412560502A;PR;SaoMateus02;-25,88059;-50,41684;2025-03-18 21:10:00.0;0,00
SÃO MATEUS DO SUL;412560502A;PR;SaoMateus02;-25,88059;-50,41684;2025-03-18 21:40:00.0;0,20
SÃO MATEUS DO SUL;412560502A;PR;SaoMateus02;-25,88059;-50,41684;2025-03-18 22:10:00.0;0,00
SÃO MATEUS DO SUL;412560502A;PR;SaoMateus02;-25,88059;-50,41684;2025-03-18 23:10:00.0;0,00
SÃO MATEUS DO SUL;412560502A;PR;SaoMateus02;-25,88059;-50,41684;2025-03-19 00:10:00.0;0,00
SÃO MATEUS DO SUL;412560502A;PR;SaoMateus02;-25,88059;-50,41684;2025-03-19 01:10:00.0;0,00
SÃO MATEUS DO SUL;412560502A;PR;SaoMateus02;-25,88059;-50,41684;2025-03-19 02:10:00.0;0,00
SÃO MATEUS DO SUL;412560502A;PR;SaoMateus02;-25,88059;-50,41684;2025-03-19 03:10:00.0;0,00
SÃO MATEUS DO SUL;412560502A;PR;SaoMateus02;-25,88059;-50,41684;2025-03-19 04:10:00.0;0,00
SÃO MATEUS DO SUL;412560502A;PR;SaoMateus02;-25,88059;-50,41684;2025-03-19 05:10:00.0;0,00
SÃO MATEUS DO SUL;412560502A;PR;SaoMateus02;-25,88059;-50,41684;2025-03-19 06:10:00.0;0,00
SÃO MATEUS DO SUL;412560502A;PR;SaoMateus02;-25,88059;-50,41684;2025-03-19 07:10:00.0;0,00
SÃO MATEUS DO SUL;412560502A;PR;SaoMateus02;-25,88059;-50,41684;2025-03-19 08:10:00.0;0,00
SÃO MATEUS DO SUL;412560502A;PR;SaoMateus02;-25,88059;-50,41684;2025-03-19 09:10:00.0;0,00
SÃO MATEUS DO SUL;412560502A;PR;SaoMateus02;-25,88059;-50,41684;2025-03-19 10:10:00.0;0,00
SÃO MATEUS DO SUL;412560502A;PR;SaoMateus02;-25,88059;-50,41684;2025-03-19 11:10:00.0;0,00
SÃO MATEUS DO SUL;412560502A;PR;SaoMateus02;-25,88059;-50,41684;2025-03-19 12:10:00.0;0,00
SÃO MATEUS DO SUL;412560502A;PR;SaoMateus02;-25,88059;-50,41684;2025-03-19 13:10:00.0;0,00
SÃO MATEUS DO SUL;412560502A;PR;SaoMateus02;-25,88059;-50,41684;2025-03-19 14:10:00.0;0,00
SÃO MATEUS DO SUL;412560502A;PR;SaoMateus02;-25,88059;-50,41684;2025-03-19 15:10:00.0;0,00
SÃO MATEUS DO SUL;412560502A;PR;SaoMateus02;-25,88059;-50,41684;2025-03-19 16:10:00.0;0,00
SÃO MATEUS DO SUL;412560502A;PR;SaoMateus02;-25,88059;-50,41684;2025-03-19 16:40:00.0;0,20
SÃO MATEUS DO SUL;412560502A;PR;SaoMateus02;-25,88059;-50,41684;2025-03-19 17:10:00.0;0,00
SÃO MATEUS DO SUL;412560502A;PR;SaoMateus02;-25,88059;-50,41684;2025-03-19 18:10:00.0;0,00
SÃO MATEUS DO SUL;412560502A;PR;SaoMateus02;-25,88059;-50,41684;2025-03-19 19:10:00.0;0,00
SÃO MATEUS DO SUL;412560502A;PR;SaoMateus02;-25,88059;-50,41684;2025-03-19 20:10:00.0;0,00
SÃO MATEUS DO SUL;412560502A;PR;SaoMateus02;-25,88059;-50,41684;2025-03-19 21:10:00.0;0,00
SÃO MATEUS DO SUL;412560502A;PR;SaoMateus02;-25,88059;-50,41684;2025-03-19 22:10:00.0;0,00
SÃO MATEUS DO SUL;412560502A;PR;SaoMateus02;-25,88059;-50,41684;2025-03-19 23:10:00.0;0,00
SÃO MATEUS DO SUL;412560502A;PR;SaoMateus02;-25,88059;-50,41684;2025-03-20 00:10:00.0;0,00
SÃO MATEUS DO SUL;412560502A;PR;SaoMateus02;-25,88059;-50,41684;2025-03-20 01:10:00.0;0,00
SÃO MATEUS DO SUL;412560502A;PR;SaoMateus02;-25,88059;-50,41684;2025-03-20 02:10:00.0;0,00
SÃO MATEUS DO SUL;412560502A;PR;SaoMateus02;-25,88059;-50,41684;2025-03-20 03:10:00.0;0,00
SÃO MATEUS DO SUL;412560502A;PR;SaoMateus02;-25,88059;-50,41684;2025-03-20 04:10:00.0;0,00
SÃO MATEUS DO SUL;412560502A;PR;SaoMateus02;-25,88059;-50,41684;2025-03-20 05:10:00.0;0,00
SÃO MATEUS DO SUL;412560502A;PR;SaoMateus02;-25,88059;-50,41684;2025-03-20 06:10:00.0;0,00
SÃO MATEUS DO SUL;412560502A;PR;SaoMateus02;-25,88059;-50,41684;2025-03-20 07:10:00.0;0,00
SÃO MATEUS DO SUL;412560502A;PR;SaoMateus02;-25,88059;-50,41684;2025-03-20 08:10:00.0;0,00
SÃO MATEUS DO SUL;412560502A;PR;SaoMateus02;-25,88059;-50,41684;2025-03-20 09:10:00.0;0,00
SÃO MATEUS DO SUL;412560502A;PR;SaoMateus02;-25,88059;-50,41684;2025-03-20 10:10:00.0;0,00
SÃO MATEUS DO SUL;412560502A;PR;SaoMateus02;-25,88059;-50,41684;2025-03-20 11:10:00.0;0,00
SÃO MATEUS DO SUL;412560502A;PR;SaoMateus02;-25,88059;-50,41684;2025-03-20 12:10:00.0;0,00
SÃO MATEUS DO SUL;412560502A;PR;SaoMateus02;-25,88059;-50,41684;2025-03-20 13:10:00.0;0,00
SÃO MATEUS DO SUL;412560502A;PR;SaoMateus02;-25,88059;-50,41684;2025-03-20 14:10:00.0;0,00
SÃO MATEUS DO SUL;412560502A;PR;SaoMateus02;-25,88059;-50,41684;2025-03-20 15:10:00.0;0,00
SÃO MATEUS DO SUL;412560502A;PR;SaoMateus02;-25,88059;-50,41684;2025-03-20 16:10:00.0;0,00
SÃO MATEUS DO SUL;412560502A;PR;SaoMateus02;-25,88059;-50,41684;2025-03-20 17:10:00.0;0,00
SÃO MATEUS DO SUL;412560502A;PR;SaoMateus02;-25,88059;-50,41684;2025-03-20 18:10:00.0;0,00
SÃO MATEUS DO SUL;412560502A;PR;SaoMateus02;-25,88059;-50,41684;2025-03-20 19:10:00.0;0,00
SÃO MATEUS DO SUL;412560502A;PR;SaoMateus02;-25,88059;-50,41684;2025-03-20 20:10:00.0;0,00
SÃO MATEUS DO SUL;412560502A;PR;SaoMateus02;-25,88059;-50,41684;2025-03-20 21:10:00.0;0,00
SÃO MATEUS DO SUL;412560502A;PR;SaoMateus02;-25,88059;-50,41684;2025-03-20 22:10:00.0;0,00
SÃO MATEUS DO SUL;412560502A;PR;SaoMateus02;-25,88059;-50,41684;2025-03-20 23:10:00.0;0,00
SÃO MATEUS DO SUL;412560502A;PR;SaoMateus02;-25,88059;-50,41684;2025-03-21 00:10:00.0;0,00
SÃO MATEUS DO SUL;412560502A;PR;SaoMateus02;-25,88059;-50,41684;2025-03-21 01:10:00.0;0,00
SÃO MATEUS DO SUL;412560502A;PR;SaoMateus02;-25,88059;-50,41684;2025-03-21 02:10:00.0;0,00
SÃO MATEUS DO SUL;412560502A;PR;SaoMateus02;-25,88059;-50,41684;2025-03-21 03:10:00.0;0,00
SÃO MATEUS DO SUL;412560502A;PR;SaoMateus02;-25,88059;-50,41684;2025-03-21 04:10:00.0;0,00
SÃO MATEUS DO SUL;412560502A;PR;SaoMateus02;-25,88059;-50,41684;2025-03-21 05:10:00.0;0,00
SÃO MATEUS DO SUL;412560502A;PR;SaoMateus02;-25,88059;-50,41684;2025-03-21 06:10:00.0;0,00
SÃO MATEUS DO SUL;412560502A;PR;SaoMateus02;-25,88059;-50,41684;2025-03-21 07:10:00.0;0,00
SÃO MATEUS DO SUL;412560502A;PR;SaoMateus02;-25,88059;-50,41684;2025-03-21 08:10:00.0;0,00
SÃO MATEUS DO SUL;412560502A;PR;SaoMateus02;-25,88059;-50,41684;2025-03-21 09:10:00.0;0,00
SÃO MATEUS DO SUL;412560502A;PR;SaoMateus02;-25,88059;-50,41684;2025-03-21 10:10:00.0;0,00
SÃO MATEUS DO SUL;412560502A;PR;SaoMateus02;-25,88059;-50,41684;2025-03-21 11:10:00.0;0,00
SÃO MATEUS DO SUL;412560502A;PR;SaoMateus02;-25,88059;-50,41684;2025-03-21 12:10:00.0;0,00
SÃO MATEUS DO SUL;412560502A;PR;SaoMateus02;-25,88059;-50,41684;2025-03-21 13:10:00.0;0,00
SÃO MATEUS DO SUL;412560502A;PR;SaoMateus02;-25,88059;-50,41684;2025-03-21 14:10:00.0;0,00
SÃO MATEUS DO SUL;412560502A;PR;SaoMateus02;-25,88059;-50,41684;2025-03-21 15:10:00.0;0,00
SÃO MATEUS DO SUL;412560502A;PR;SaoMateus02;-25,88059;-50,41684;2025-03-21 16:10:00.0;0,00
SÃO MATEUS DO SUL;412560502A;PR;SaoMateus02;-25,88059;-50,41684;2025-03-21 17:10:00.0;0,00
SÃO MATEUS DO SUL;412560502A;PR;SaoMateus02;-25,88059;-50,41684;2025-03-21 18:10:00.0;0,00
SÃO MATEUS DO SUL;412560502A;PR;SaoMateus02;-25,88059;-50,41684;2025-03-21 19:10:00.0;0,00
SÃO MATEUS DO SUL;412560502A;PR;SaoMateus02;-25,88059;-50,41684;2025-03-21 20:10:00.0;0,00
SÃO MATEUS DO SUL;412560502A;PR;SaoMateus02;-25,88059;-50,41684;2025-03-21 21:10:00.0;0,00
SÃO MATEUS DO SUL;412560502A;PR;SaoMateus02;-25,88059;-50,41684;2025-03-21 22:10:00.0;0,00
SÃO MATEUS DO SUL;412560502A;PR;SaoMateus02;-25,88059;-50,41684;2025-03-21 23:10:00.0;0,00
SÃO MATEUS DO SUL;412560502A;PR;SaoMateus02;-25,88059;-50,41684;2025-03-22 00:10:00.0;0,00
SÃO MATEUS DO SUL;412560502A;PR;SaoMateus02;-25,88059;-50,41684;2025-03-22 01:10:00.0;0,00
SÃO MATEUS DO SUL;412560502A;PR;SaoMateus02;-25,88059;-50,41684;2025-03-22 02:10:00.0;0,00
SÃO MATEUS DO SUL;412560502A;PR;SaoMateus02;-25,88059;-50,41684;2025-03-22 03:10:00.0;0,00
SÃO MATEUS DO SUL;412560502A;PR;SaoMateus02;-25,88059;-50,41684;2025-03-22 04:10:00.0;0,00
SÃO MATEUS DO SUL;412560502A;PR;SaoMateus02;-25,88059;-50,41684;2025-03-22 05:10:00.0;0,00
SÃO MATEUS DO SUL;412560502A;PR;SaoMateus02;-25,88059;-50,41684;2025-03-22 06:10:00.0;0,00
SÃO MATEUS DO SUL;412560502A;PR;SaoMateus02;-25,88059;-50,41684;2025-03-22 07:10:00.0;0,00
SÃO MATEUS DO SUL;412560502A;PR;SaoMateus02;-25,88059;-50,41684;2025-03-22 08:10:00.0;0,00
SÃO MATEUS DO SUL;412560502A;PR;SaoMateus02;-25,88059;-50,41684;2025-03-22 09:10:00.0;0,00
SÃO MATEUS DO SUL;412560502A;PR;SaoMateus02;-25,88059;-50,41684;2025-03-22 10:10:00.0;0,00
SÃO MATEUS DO SUL;412560502A;PR;SaoMateus02;-25,88059;-50,41684;2025-03-22 11:10:00.0;0,00
SÃO MATEUS DO SUL;412560502A;PR;SaoMateus02;-25,88059;-50,41684;2025-03-22 12:10:00.0;0,00
SÃO MATEUS DO SUL;412560502A;PR;SaoMateus02;-25,88059;-50,41684;2025-03-22 13:10:00.0;0,00
SÃO MATEUS DO SUL;412560502A;PR;SaoMateus02;-25,88059;-50,41684;2025-03-22 14:10:00.0;0,00
SÃO MATEUS DO SUL;412560502A;PR;SaoMateus02;-25,88059;-50,41684;2025-03-22 15:10:00.0;0,00
SÃO MATEUS DO SUL;412560502A;PR;SaoMateus02;-25,88059;-50,41684;2025-03-22 16:10:00.0;0,00
SÃO MATEUS DO SUL;412560502A;PR;SaoMateus02;-25,88059;-50,41684;2025-03-22 17:10:00.0;0,00
SÃO MATEUS DO SUL;412560502A;PR;SaoMateus02;-25,88059;-50,41684;2025-03-22 18:10:00.0;0,00
SÃO MATEUS DO SUL;412560502A;PR;SaoMateus02;-25,88059;-50,41684;2025-03-22 19:10:00.0;0,00
SÃO MATEUS DO SUL;412560502A;PR;SaoMateus02;-25,88059;-50,41684;2025-03-22 20:10:00.0;0,00
SÃO MATEUS DO SUL;412560502A;PR;SaoMateus02;-25,88059;-50,41684;2025-03-22 21:10:00.0;0,00
SÃO MATEUS DO SUL;412560502A;PR;SaoMateus02;-25,88059;-50,41684;2025-03-22 22:10:00.0;0,00
SÃO MATEUS DO SUL;412560502A;PR;SaoMateus02;-25,88059;-50,41684;2025-03-22 23:10:00.0;0,00
SÃO MATEUS DO SUL;412560502A;PR;SaoMateus02;-25,88059;-50,41684;2025-03-23 00:10:00.0;0,00
SÃO MATEUS DO SUL;412560502A;PR;SaoMateus02;-25,88059;-50,41684;2025-03-23 01:10:00.0;0,00
SÃO MATEUS DO SUL;412560502A;PR;SaoMateus02;-25,88059;-50,41684;2025-03-23 02:10:00.0;0,00
SÃO MATEUS DO SUL;412560502A;PR;SaoMateus02;-25,88059;-50,41684;2025-03-23 03:10:00.0;0,00
SÃO MATEUS DO SUL;412560502A;PR;SaoMateus02;-25,88059;-50,41684;2025-03-23 04:10:00.0;0,00
SÃO MATEUS DO SUL;412560502A;PR;SaoMateus02;-25,88059;-50,41684;2025-03-23 05:10:00.0;0,00
SÃO MATEUS DO SUL;412560502A;PR;SaoMateus02;-25,88059;-50,41684;2025-03-23 06:10:00.0;0,00
SÃO MATEUS DO SUL;412560502A;PR;SaoMateus02;-25,88059;-50,41684;2025-03-23 07:10:00.0;0,00
SÃO MATEUS DO SUL;412560502A;PR;SaoMateus02;-25,88059;-50,41684;2025-03-23 08:10:00.0;0,00
SÃO MATEUS DO SUL;412560502A;PR;SaoMateus02;-25,88059;-50,41684;2025-03-23 09:10:00.0;0,00
SÃO MATEUS DO SUL;412560502A;PR;SaoMateus02;-25,88059;-50,41684;2025-03-23 10:10:00.0;0,00
SÃO MATEUS DO SUL;412560502A;PR;SaoMateus02;-25,88059;-50,41684;2025-03-23 11:10:00.0;0,00
SÃO MATEUS DO SUL;412560502A;PR;SaoMateus02;-25,88059;-50,41684;2025-03-23 12:10:00.0;0,00
SÃO MATEUS DO SUL;412560502A;PR;SaoMateus02;-25,88059;-50,41684;2025-03-23 13:10:00.0;0,00
SÃO MATEUS DO SUL;412560502A;PR;SaoMateus02;-25,88059;-50,41684;2025-03-23 14:10:00.0;0,00
SÃO MATEUS DO SUL;412560502A;PR;SaoMateus02;-25,88059;-50,41684;2025-03-23 15:10:00.0;0,00
SÃO MATEUS DO SUL;412560502A;PR;SaoMateus02;-25,88059;-50,41684;2025-03-23 16:10:00.0;0,00
SÃO MATEUS DO SUL;412560502A;PR;SaoMateus02;-25,88059;-50,41684;2025-03-23 17:10:00.0;0,00
SÃO MATEUS DO SUL;412560502A;PR;SaoMateus02;-25,88059;-50,41684;2025-03-23 18:10:00.0;0,00
SÃO MATEUS DO SUL;412560502A;PR;SaoMateus02;-25,88059;-50,41684;2025-03-23 19:10:00.0;0,00
SÃO MATEUS DO SUL;412560502A;PR;SaoMateus02;-25,88059;-50,41684;2025-03-23 20:10:00.0;0,00
SÃO MATEUS DO SUL;412560502A;PR;SaoMateus02;-25,88059;-50,41684;2025-03-23 21:10:00.0;0,00
SÃO MATEUS DO SUL;412560502A;PR;SaoMateus02;-25,88059;-50,41684;2025-03-23 22:10:00.0;0,00
SÃO MATEUS DO SUL;412560502A;PR;SaoMateus02;-25,88059;-50,41684;2025-03-23 23:10:00.0;0,00
SÃO MATEUS DO SUL;412560502A;PR;SaoMateus02;-25,88059;-50,41684;2025-03-24 00:10:00.0;0,00
SÃO MATEUS DO SUL;412560502A;PR;SaoMateus02;-25,88059;-50,41684;2025-03-24 01:10:00.0;0,00
SÃO MATEUS DO SUL;412560502A;PR;SaoMateus02;-25,88059;-50,41684;2025-03-24 02:10:00.0;0,00
SÃO MATEUS DO SUL;412560502A;PR;SaoMateus02;-25,88059;-50,41684;2025-03-24 03:10:00.0;0,00
SÃO MATEUS DO SUL;412560502A;PR;SaoMateus02;-25,88059;-50,41684;2025-03-24 04:10:00.0;0,00
SÃO MATEUS DO SUL;412560502A;PR;SaoMateus02;-25,88059;-50,41684;2025-03-24 05:10:00.0;0,00
SÃO MATEUS DO SUL;412560502A;PR;SaoMateus02;-25,88059;-50,41684;2025-03-24 06:10:00.0;0,00
SÃO MATEUS DO SUL;412560502A;PR;SaoMateus02;-25,88059;-50,41684;2025-03-24 07:10:00.0;0,00
SÃO MATEUS DO SUL;412560502A;PR;SaoMateus02;-25,88059;-50,41684;2025-03-24 08:00:00.0;0,20
SÃO MATEUS DO SUL;412560502A;PR;SaoMateus02;-25,88059;-50,41684;2025-03-24 08:10:00.0;0,00
SÃO MATEUS DO SUL;412560502A;PR;SaoMateus02;-25,88059;-50,41684;2025-03-24 09:10:00.0;0,00
SÃO MATEUS DO SUL;412560502A;PR;SaoMateus02;-25,88059;-50,41684;2025-03-24 10:10:00.0;0,00
SÃO MATEUS DO SUL;412560502A;PR;SaoMateus02;-25,88059;-50,41684;2025-03-24 11:10:00.0;0,00
SÃO MATEUS DO SUL;412560502A;PR;SaoMateus02;-25,88059;-50,41684;2025-03-24 12:10:00.0;0,00
SÃO MATEUS DO SUL;412560502A;PR;SaoMateus02;-25,88059;-50,41684;2025-03-24 13:10:00.0;0,00
SÃO MATEUS DO SUL;412560502A;PR;SaoMateus02;-25,88059;-50,41684;2025-03-24 14:10:00.0;0,00
SÃO MATEUS DO SUL;412560502A;PR;SaoMateus02;-25,88059;-50,41684;2025-03-24 15:10:00.0;0,00
SÃO MATEUS DO SUL;412560502A;PR;SaoMateus02;-25,88059;-50,41684;2025-03-24 16:10:00.0;0,00
SÃO MATEUS DO SUL;412560502A;PR;SaoMateus02;-25,88059;-50,41684;2025-03-24 17:10:00.0;0,00
SÃO MATEUS DO SUL;412560502A;PR;SaoMateus02;-25,88059;-50,41684;2025-03-24 18:10:00.0;0,00
SÃO MATEUS DO SUL;412560502A;PR;SaoMateus02;-25,88059;-50,41684;2025-03-24 19:10:00.0;0,00
SÃO MATEUS DO SUL;412560502A;PR;SaoMateus02;-25,88059;-50,41684;2025-03-24 20:10:00.0;0,00
SÃO MATEUS DO SUL;412560502A;PR;SaoMateus02;-25,88059;-50,41684;2025-03-24 21:10:00.0;0,00
SÃO MATEUS DO SUL;412560502A;PR;SaoMateus02;-25,88059;-50,41684;2025-03-24 22:10:00.0;0,00
SÃO MATEUS DO SUL;412560502A;PR;SaoMateus02;-25,88059;-50,41684;2025-03-24 23:10:00.0;0,00
SÃO MATEUS DO SUL;412560502A;PR;SaoMateus02;-25,88059;-50,41684;2025-03-25 00:10:00.0;0,00
SÃO MATEUS DO SUL;412560502A;PR;SaoMateus02;-25,88059;-50,41684;2025-03-25 01:10:00.0;0,00
SÃO MATEUS DO SUL;412560502A;PR;SaoMateus02;-25,88059;-50,41684;2025-03-25 02:10:00.0;0,00
SÃO MATEUS DO SUL;412560502A;PR;SaoMateus02;-25,88059;-50,41684;2025-03-25 03:10:00.0;0,00
SÃO MATEUS DO SUL;412560502A;PR;SaoMateus02;-25,88059;-50,41684;2025-03-25 04:10:00.0;0,00
SÃO MATEUS DO SUL;412560502A;PR;SaoMateus02;-25,88059;-50,41684;2025-03-25 05:10:00.0;0,00
SÃO MATEUS DO SUL;412560502A;PR;SaoMateus02;-25,88059;-50,41684;2025-03-25 06:10:00.0;0,00
SÃO MATEUS DO SUL;412560502A;PR;SaoMateus02;-25,88059;-50,41684;2025-03-25 07:10:00.0;0,00
SÃO MATEUS DO SUL;412560502A;PR;SaoMateus02;-25,88059;-50,41684;2025-03-25 08:10:00.0;0,00
SÃO MATEUS DO SUL;412560502A;PR;SaoMateus02;-25,88059;-50,41684;2025-03-25 09:10:00.0;0,00
SÃO MATEUS DO SUL;412560502A;PR;SaoMateus02;-25,88059;-50,41684;2025-03-25 10:10:00.0;0,00
SÃO MATEUS DO SUL;412560502A;PR;SaoMateus02;-25,88059;-50,41684;2025-03-25 11:10:00.0;0,00
SÃO MATEUS DO SUL;412560502A;PR;SaoMateus02;-25,88059;-50,41684;2025-03-25 12:10:00.0;0,00
SÃO MATEUS DO SUL;412560502A;PR;SaoMateus02;-25,88059;-50,41684;2025-03-25 13:10:00.0;0,00
SÃO MATEUS DO SUL;412560502A;PR;SaoMateus02;-25,88059;-50,41684;2025-03-25 14:10:00.0;0,00
SÃO MATEUS DO SUL;412560502A;PR;SaoMateus02;-25,88059;-50,41684;2025-03-25 15:50:00.0;0,00
SÃO MATEUS DO SUL;412560502A;PR;SaoMateus02;-25,88059;-50,41684;2025-03-25 16:10:00.0;0,00
SÃO MATEUS DO SUL;412560502A;PR;SaoMateus02;-25,88059;-50,41684;2025-03-25 17:10:00.0;0,00
SÃO MATEUS DO SUL;412560502A;PR;SaoMateus02;-25,88059;-50,41684;2025-03-25 18:10:00.0;0,00
SÃO MATEUS DO SUL;412560502A;PR;SaoMateus02;-25,88059;-50,41684;2025-03-25 19:10:00.0;0,00
SÃO MATEUS DO SUL;412560502A;PR;SaoMateus02;-25,88059;-50,41684;2025-03-25 20:10:00.0;0,00
SÃO MATEUS DO SUL;412560502A;PR;SaoMateus02;-25,88059;-50,41684;2025-03-25 21:10:00.0;0,00
SÃO MATEUS DO SUL;412560502A;PR;SaoMateus02;-25,88059;-50,41684;2025-03-25 22:10:00.0;0,00
SÃO MATEUS DO SUL;412560502A;PR;SaoMateus02;-25,88059;-50,41684;2025-03-25 22:30:00.0;2,60
SÃO MATEUS DO SUL;412560502A;PR;SaoMateus02;-25,88059;-50,41684;2025-03-25 22:40:00.0;6,40
SÃO MATEUS DO SUL;412560502A;PR;SaoMateus02;-25,88059;-50,41684;2025-03-25 22:50:00.0;7,40
SÃO MATEUS DO SUL;412560502A;PR;SaoMateus02;-25,88059;-50,41684;2025-03-25 23:00:00.0;3,00
SÃO MATEUS DO SUL;412560502A;PR;SaoMateus02;-25,88059;-50,41684;2025-03-25 23:10:00.0;2,20
SÃO MATEUS DO SUL;412560502A;PR;SaoMateus02;-25,88059;-50,41684;2025-03-25 23:20:00.0;0,40
SÃO MATEUS DO SUL;412560502A;PR;SaoMateus02;-25,88059;-50,41684;2025-03-25 23:30:00.0;0,20
SÃO MATEUS DO SUL;412560502A;PR;SaoMateus02;-25,88059;-50,41684;2025-03-26 00:10:00.0;0,40
SÃO MATEUS DO SUL;412560502A;PR;SaoMateus02;-25,88059;-50,41684;2025-03-26 00:20:00.0;0,20
SÃO MATEUS DO SUL;412560502A;PR;SaoMateus02;-25,88059;-50,41684;2025-03-26 00:30:00.0;0,60
SÃO MATEUS DO SUL;412560502A;PR;SaoMateus02;-25,88059;-50,41684;2025-03-26 00:40:00.0;0,40
SÃO MATEUS DO SUL;412560502A;PR;SaoMateus02;-25,88059;-50,41684;2025-03-26 00:50:00.0;0,80
SÃO MATEUS DO SUL;412560502A;PR;SaoMateus02;-25,88059;-50,41684;2025-03-26 01:00:00.0;0,60
SÃO MATEUS DO SUL;412560502A;PR;SaoMateus02;-25,88059;-50,41684;2025-03-26 01:10:00.0;1,20
SÃO MATEUS DO SUL;412560502A;PR;SaoMateus02;-25,88059;-50,41684;2025-03-26 01:20:00.0;0,80
SÃO MATEUS DO SUL;412560502A;PR;SaoMateus02;-25,88059;-50,41684;2025-03-26 01:30:00.0;1,00
SÃO MATEUS DO SUL;412560502A;PR;SaoMateus02;-25,88059;-50,41684;2025-03-26 01:40:00.0;0,80
SÃO MATEUS DO SUL;412560502A;PR;SaoMateus02;-25,88059;-50,41684;2025-03-26 01:50:00.0;0,20
SÃO MATEUS DO SUL;412560502A;PR;SaoMateus02;-25,88059;-50,41684;2025-03-26 02:00:00.0;0,20
SÃO MATEUS DO SUL;412560502A;PR;SaoMateus02;-25,88059;-50,41684;2025-03-26 02:10:00.0;0,40
SÃO MATEUS DO SUL;412560502A;PR;SaoMateus02;-25,88059;-50,41684;2025-03-26 02:20:00.0;0,40
SÃO MATEUS DO SUL;412560502A;PR;SaoMateus02;-25,88059;-50,41684;2025-03-26 02:30:00.0;0,20
SÃO MATEUS DO SUL;412560502A;PR;SaoMateus02;-25,88059;-50,41684;2025-03-26 03:10:00.0;0,00
SÃO MATEUS DO SUL;412560502A;PR;SaoMateus02;-25,88059;-50,41684;2025-03-26 04:10:00.0;0,00
SÃO MATEUS DO SUL;412560502A;PR;SaoMateus02;-25,88059;-50,41684;2025-03-26 05:10:00.0;0,00
SÃO MATEUS DO SUL;412560502A;PR;SaoMateus02;-25,88059;-50,41684;2025-03-26 06:10:00.0;0,00
SÃO MATEUS DO SUL;412560502A;PR;SaoMateus02;-25,88059;-50,41684;2025-03-26 06:40:00.0;0,20
SÃO MATEUS DO SUL;412560502A;PR;SaoMateus02;-25,88059;-50,41684;2025-03-26 07:10:00.0;0,00
SÃO MATEUS DO SUL;412560502A;PR;SaoMateus02;-25,88059;-50,41684;2025-03-26 08:10:00.0;0,00
SÃO MATEUS DO SUL;412560502A;PR;SaoMateus02;-25,88059;-50,41684;2025-03-26 09:10:00.0;0,00
SÃO MATEUS DO SUL;412560502A;PR;SaoMateus02;-25,88059;-50,41684;2025-03-26 10:10:00.0;0,00
SÃO MATEUS DO SUL;412560502A;PR;SaoMateus02;-25,88059;-50,41684;2025-03-26 11:10:00.0;0,00
SÃO MATEUS DO SUL;412560502A;PR;SaoMateus02;-25,88059;-50,41684;2025-03-26 12:10:00.0;0,00
SÃO MATEUS DO SUL;412560502A;PR;SaoMateus02;-25,88059;-50,41684;2025-03-26 13:10:00.0;0,00
SÃO MATEUS DO SUL;412560502A;PR;SaoMateus02;-25,88059;-50,41684;2025-03-26 14:10:00.0;0,00
SÃO MATEUS DO SUL;412560502A;PR;SaoMateus02;-25,88059;-50,41684;2025-03-26 15:10:00.0;0,00
SÃO MATEUS DO SUL;412560502A;PR;SaoMateus02;-25,88059;-50,41684;2025-03-26 16:10:00.0;0,00
SÃO MATEUS DO SUL;412560502A;PR;SaoMateus02;-25,88059;-50,41684;2025-03-26 17:10:00.0;0,00
SÃO MATEUS DO SUL;412560502A;PR;SaoMateus02;-25,88059;-50,41684;2025-03-26 18:10:00.0;0,00
SÃO MATEUS DO SUL;412560502A;PR;SaoMateus02;-25,88059;-50,41684;2025-03-26 19:10:00.0;0,00
SÃO MATEUS DO SUL;412560502A;PR;SaoMateus02;-25,88059;-50,41684;2025-03-26 20:10:00.0;0,00
SÃO MATEUS DO SUL;412560502A;PR;SaoMateus02;-25,88059;-50,41684;2025-03-26 21:10:00.0;0,00
SÃO MATEUS DO SUL;412560502A;PR;SaoMateus02;-25,88059;-50,41684;2025-03-26 22:10:00.0;0,00
SÃO MATEUS DO SUL;412560502A;PR;SaoMateus02;-25,88059;-50,41684;2025-03-26 23:10:00.0;0,00
SÃO MATEUS DO SUL;412560502A;PR;SaoMateus02;-25,88059;-50,41684;2025-03-27 00:10:00.0;0,00
SÃO MATEUS DO SUL;412560502A;PR;SaoMateus02;-25,88059;-50,41684;2025-03-27 01:10:00.0;0,00
SÃO MATEUS DO SUL;412560502A;PR;SaoMateus02;-25,88059;-50,41684;2025-03-27 02:10:00.0;0,00
SÃO MATEUS DO SUL;412560502A;PR;SaoMateus02;-25,88059;-50,41684;2025-03-27 03:10:00.0;0,00
SÃO MATEUS DO SUL;412560502A;PR;SaoMateus02;-25,88059;-50,41684;2025-03-27 04:10:00.0;0,00
SÃO MATEUS DO SUL;412560502A;PR;SaoMateus02;-25,88059;-50,41684;2025-03-27 05:10:00.0;0,00
SÃO MATEUS DO SUL;412560502A;PR;SaoMateus02;-25,88059;-50,41684;2025-03-27 06:10:00.0;0,00
SÃO MATEUS DO SUL;412560502A;PR;SaoMateus02;-25,88059;-50,41684;2025-03-27 07:10:00.0;0,00
SÃO MATEUS DO SUL;412560502A;PR;SaoMateus02;-25,88059;-50,41684;2025-03-27 08:10:00.0;0,00
SÃO MATEUS DO SUL;412560502A;PR;SaoMateus02;-25,88059;-50,41684;2025-03-27 09:10:00.0;0,00
SÃO MATEUS DO SUL;412560502A;PR;SaoMateus02;-25,88059;-50,41684;2025-03-27 10:10:00.0;0,00
SÃO MATEUS DO SUL;412560502A;PR;SaoMateus02;-25,88059;-50,41684;2025-03-27 11:10:00.0;0,00
SÃO MATEUS DO SUL;412560502A;PR;SaoMateus02;-25,88059;-50,41684;2025-03-27 12:10:00.0;0,00
SÃO MATEUS DO SUL;412560502A;PR;SaoMateus02;-25,88059;-50,41684;2025-03-27 13:10:00.0;0,00
SÃO MATEUS DO SUL;412560502A;PR;SaoMateus02;-25,88059;-50,41684;2025-03-27 14:10:00.0;0,00
SÃO MATEUS DO SUL;412560502A;PR;SaoMateus02;-25,88059;-50,41684;2025-03-27 15:10:00.0;0,00
SÃO MATEUS DO SUL;412560502A;PR;SaoMateus02;-25,88059;-50,41684;2025-03-27 16:10:00.0;0,00
SÃO MATEUS DO SUL;412560502A;PR;SaoMateus02;-25,88059;-50,41684;2025-03-27 17:10:00.0;0,00
SÃO MATEUS DO SUL;412560502A;PR;SaoMateus02;-25,88059;-50,41684;2025-03-27 18:10:00.0;0,00
SÃO MATEUS DO SUL;412560502A;PR;SaoMateus02;-25,88059;-50,41684;2025-03-27 19:10:00.0;0,00
SÃO MATEUS DO SUL;412560502A;PR;SaoMateus02;-25,88059;-50,41684;2025-03-27 20:10:00.0;0,00
SÃO MATEUS DO SUL;412560502A;PR;SaoMateus02;-25,88059;-50,41684;2025-03-27 21:10:00.0;0,00
SÃO MATEUS DO SUL;412560502A;PR;SaoMateus02;-25,88059;-50,41684;2025-03-27 22:10:00.0;0,00
SÃO MATEUS DO SUL;412560502A;PR;SaoMateus02;-25,88059;-50,41684;2025-03-27 23:10:00.0;0,00
SÃO MATEUS DO SUL;412560502A;PR;SaoMateus02;-25,88059;-50,41684;2025-03-28 00:10:00.0;0,00
SÃO MATEUS DO SUL;412560502A;PR;SaoMateus02;-25,88059;-50,41684;2025-03-28 01:10:00.0;0,00
SÃO MATEUS DO SUL;412560502A;PR;SaoMateus02;-25,88059;-50,41684;2025-03-28 02:10:00.0;0,00
SÃO MATEUS DO SUL;412560502A;PR;SaoMateus02;-25,88059;-50,41684;2025-03-28 03:10:00.0;0,00
SÃO MATEUS DO SUL;412560502A;PR;SaoMateus02;-25,88059;-50,41684;2025-03-28 04:10:00.0;0,00
SÃO MATEUS DO SUL;412560502A;PR;SaoMateus02;-25,88059;-50,41684;2025-03-28 05:10:00.0;0,00
SÃO MATEUS DO SUL;412560502A;PR;SaoMateus02;-25,88059;-50,41684;2025-03-28 06:10:00.0;0,00
SÃO MATEUS DO SUL;412560502A;PR;SaoMateus02;-25,88059;-50,41684;2025-03-28 07:10:00.0;0,00
SÃO MATEUS DO SUL;412560502A;PR;SaoMateus02;-25,88059;-50,41684;2025-03-28 08:10:00.0;0,00
SÃO MATEUS DO SUL;412560502A;PR;SaoMateus02;-25,88059;-50,41684;2025-03-28 08:40:00.0;0,20
SÃO MATEUS DO SUL;412560502A;PR;SaoMateus02;-25,88059;-50,41684;2025-03-28 09:10:00.0;0,00
SÃO MATEUS DO SUL;412560502A;PR;SaoMateus02;-25,88059;-50,41684;2025-03-28 09:20:00.0;0,40
SÃO MATEUS DO SUL;412560502A;PR;SaoMateus02;-25,88059;-50,41684;2025-03-28 09:40:00.0;0,20
SÃO MATEUS DO SUL;412560502A;PR;SaoMateus02;-25,88059;-50,41684;2025-03-28 10:10:00.0;0,00
SÃO MATEUS DO SUL;412560502A;PR;SaoMateus02;-25,88059;-50,41684;2025-03-28 11:10:00.0;0,00
SÃO MATEUS DO SUL;412560502A;PR;SaoMateus02;-25,88059;-50,41684;2025-03-28 12:10:00.0;0,00
SÃO MATEUS DO SUL;412560502A;PR;SaoMateus02;-25,88059;-50,41684;2025-03-28 13:10:00.0;0,00
SÃO MATEUS DO SUL;412560502A;PR;SaoMateus02;-25,88059;-50,41684;2025-03-28 14:10:00.0;0,00
SÃO MATEUS DO SUL;412560502A;PR;SaoMateus02;-25,88059;-50,41684;2025-03-28 15:10:00.0;0,00
SÃO MATEUS DO SUL;412560502A;PR;SaoMateus02;-25,88059;-50,41684;2025-03-28 16:10:00.0;0,00
SÃO MATEUS DO SUL;412560502A;PR;SaoMateus02;-25,88059;-50,41684;2025-03-28 17:10:00.0;0,00
SÃO MATEUS DO SUL;412560502A;PR;SaoMateus02;-25,88059;-50,41684;2025-03-28 18:10:00.0;0,00
SÃO MATEUS DO SUL;412560502A;PR;SaoMateus02;-25,88059;-50,41684;2025-03-28 19:10:00.0;0,00
SÃO MATEUS DO SUL;412560502A;PR;SaoMateus02;-25,88059;-50,41684;2025-03-28 20:10:00.0;0,00
SÃO MATEUS DO SUL;412560502A;PR;SaoMateus02;-25,88059;-50,41684;2025-03-28 21:10:00.0;0,00
SÃO MATEUS DO SUL;412560502A;PR;SaoMateus02;-25,88059;-50,41684;2025-03-28 22:10:00.0;0,00
SÃO MATEUS DO SUL;412560502A;PR;SaoMateus02;-25,88059;-50,41684;2025-03-28 23:10:00.0;0,00
SÃO MATEUS DO SUL;412560502A;PR;SaoMateus02;-25,88059;-50,41684;2025-03-29 00:10:00.0;0,00
SÃO MATEUS DO SUL;412560502A;PR;SaoMateus02;-25,88059;-50,41684;2025-03-29 01:10:00.0;0,00
SÃO MATEUS DO SUL;412560502A;PR;SaoMateus02;-25,88059;-50,41684;2025-03-29 02:10:00.0;0,00
SÃO MATEUS DO SUL;412560502A;PR;SaoMateus02;-25,88059;-50,41684;2025-03-29 03:10:00.0;0,00
SÃO MATEUS DO SUL;412560502A;PR;SaoMateus02;-25,88059;-50,41684;2025-03-29 04:10:00.0;0,00
SÃO MATEUS DO SUL;412560502A;PR;SaoMateus02;-25,88059;-50,41684;2025-03-29 05:10:00.0;0,00
SÃO MATEUS DO SUL;412560502A;PR;SaoMateus02;-25,88059;-50,41684;2025-03-29 06:10:00.0;0,00
SÃO MATEUS DO SUL;412560502A;PR;SaoMateus02;-25,88059;-50,41684;2025-03-29 07:10:00.0;0,00
SÃO MATEUS DO SUL;412560502A;PR;SaoMateus02;-25,88059;-50,41684;2025-03-29 08:10:00.0;0,00
SÃO MATEUS DO SUL;412560502A;PR;SaoMateus02;-25,88059;-50,41684;2025-03-29 09:10:00.0;0,00
SÃO MATEUS DO SUL;412560502A;PR;SaoMateus02;-25,88059;-50,41684;2025-03-29 10:10:00.0;0,00
SÃO MATEUS DO SUL;412560502A;PR;SaoMateus02;-25,88059;-50,41684;2025-03-29 11:10:00.0;0,00
SÃO MATEUS DO SUL;412560502A;PR;SaoMateus02;-25,88059;-50,41684;2025-03-29 12:10:00.0;0,00
SÃO MATEUS DO SUL;412560502A;PR;SaoMateus02;-25,88059;-50,41684;2025-03-29 13:10:00.0;0,00
SÃO MATEUS DO SUL;412560502A;PR;SaoMateus02;-25,88059;-50,41684;2025-03-29 14:10:00.0;0,00
SÃO MATEUS DO SUL;412560502A;PR;SaoMateus02;-25,88059;-50,41684;2025-03-29 15:10:00.0;0,00
SÃO MATEUS DO SUL;412560502A;PR;SaoMateus02;-25,88059;-50,41684;2025-03-29 16:10:00.0;0,00
SÃO MATEUS DO SUL;412560502A;PR;SaoMateus02;-25,88059;-50,41684;2025-03-29 17:10:00.0;0,00
SÃO MATEUS DO SUL;412560502A;PR;SaoMateus02;-25,88059;-50,41684;2025-03-29 18:10:00.0;0,00
SÃO MATEUS DO SUL;412560502A;PR;SaoMateus02;-25,88059;-50,41684;2025-03-29 19:10:00.0;0,00
SÃO MATEUS DO SUL;412560502A;PR;SaoMateus02;-25,88059;-50,41684;2025-03-29 20:10:00.0;0,00
SÃO MATEUS DO SUL;412560502A;PR;SaoMateus02;-25,88059;-50,41684;2025-03-29 21:10:00.0;0,00
SÃO MATEUS DO SUL;412560502A;PR;SaoMateus02;-25,88059;-50,41684;2025-03-29 22:10:00.0;0,00
SÃO MATEUS DO SUL;412560502A;PR;SaoMateus02;-25,88059;-50,41684;2025-03-29 23:10:00.0;0,00
SÃO MATEUS DO SUL;412560502A;PR;SaoMateus02;-25,88059;-50,41684;2025-03-30 00:10:00.0;0,00
SÃO MATEUS DO SUL;412560502A;PR;SaoMateus02;-25,88059;-50,41684;2025-03-30 01:10:00.0;0,00
SÃO MATEUS DO SUL;412560502A;PR;SaoMateus02;-25,88059;-50,41684;2025-03-30 02:10:00.0;0,00
SÃO MATEUS DO SUL;412560502A;PR;SaoMateus02;-25,88059;-50,41684;2025-03-30 03:10:00.0;0,00
SÃO MATEUS DO SUL;412560502A;PR;SaoMateus02;-25,88059;-50,41684;2025-03-30 04:10:00.0;0,00
SÃO MATEUS DO SUL;412560502A;PR;SaoMateus02;-25,88059;-50,41684;2025-03-30 05:10:00.0;0,00
SÃO MATEUS DO SUL;412560502A;PR;SaoMateus02;-25,88059;-50,41684;2025-03-30 06:10:00.0;0,00
SÃO MATEUS DO SUL;412560502A;PR;SaoMateus02;-25,88059;-50,41684;2025-03-30 07:10:00.0;0,00
SÃO MATEUS DO SUL;412560502A;PR;SaoMateus02;-25,88059;-50,41684;2025-03-30 08:10:00.0;0,00
SÃO MATEUS DO SUL;412560502A;PR;SaoMateus02;-25,88059;-50,41684;2025-03-30 09:10:00.0;0,00
SÃO MATEUS DO SUL;412560502A;PR;SaoMateus02;-25,88059;-50,41684;2025-03-30 10:10:00.0;0,00
SÃO MATEUS DO SUL;412560502A;PR;SaoMateus02;-25,88059;-50,41684;2025-03-30 11:10:00.0;0,00
SÃO MATEUS DO SUL;412560502A;PR;SaoMateus02;-25,88059;-50,41684;2025-03-30 12:10:00.0;0,00
SÃO MATEUS DO SUL;412560502A;PR;SaoMateus02;-25,88059;-50,41684;2025-03-30 13:10:00.0;0,00
SÃO MATEUS DO SUL;412560502A;PR;SaoMateus02;-25,88059;-50,41684;2025-03-30 14:10:00.0;0,00
SÃO MATEUS DO SUL;412560502A;PR;SaoMateus02;-25,88059;-50,41684;2025-03-30 15:10:00.0;0,00
SÃO MATEUS DO SUL;412560502A;PR;SaoMateus02;-25,88059;-50,41684;2025-03-30 16:10:00.0;0,00
SÃO MATEUS DO SUL;412560502A;PR;SaoMateus02;-25,88059;-50,41684;2025-03-30 17:10:00.0;0,00
SÃO MATEUS DO SUL;412560502A;PR;SaoMateus02;-25,88059;-50,41684;2025-03-30 18:10:00.0;0,00
SÃO MATEUS DO SUL;412560502A;PR;SaoMateus02;-25,88059;-50,41684;2025-03-30 19:10:00.0;0,00
SÃO MATEUS DO SUL;412560502A;PR;SaoMateus02;-25,88059;-50,41684;2025-03-30 20:10:00.0;0,00
SÃO MATEUS DO SUL;412560502A;PR;SaoMateus02;-25,88059;-50,41684;2025-03-30 21:10:00.0;0,00
SÃO MATEUS DO SUL;412560502A;PR;SaoMateus02;-25,88059;-50,41684;2025-03-30 22:10:00.0;0,00
SÃO MATEUS DO SUL;412560502A;PR;SaoMateus02;-25,88059;-50,41684;2025-03-30 23:10:00.0;0,00
SÃO MATEUS DO SUL;412560502A;PR;SaoMateus02;-25,88059;-50,41684;2025-03-31 00:10:00.0;0,00
SÃO MATEUS DO SUL;412560502A;PR;SaoMateus02;-25,88059;-50,41684;2025-03-31 01:10:00.0;0,00
SÃO MATEUS DO SUL;412560502A;PR;SaoMateus02;-25,88059;-50,41684;2025-03-31 02:10:00.0;0,00
SÃO MATEUS DO SUL;412560502A;PR;SaoMateus02;-25,88059;-50,41684;2025-03-31 03:10:00.0;0,00
SÃO MATEUS DO SUL;412560502A;PR;SaoMateus02;-25,88059;-50,41684;2025-03-31 04:10:00.0;0,00
SÃO MATEUS DO SUL;412560502A;PR;SaoMateus02;-25,88059;-50,41684;2025-03-31 05:10:00.0;0,00
SÃO MATEUS DO SUL;412560502A;PR;SaoMateus02;-25,88059;-50,41684;2025-03-31 06:10:00.0;0,00
SÃO MATEUS DO SUL;412560502A;PR;SaoMateus02;-25,88059;-50,41684;2025-03-31 07:10:00.0;0,00
SÃO MATEUS DO SUL;412560502A;PR;SaoMateus02;-25,88059;-50,41684;2025-03-31 08:10:00.0;0,00
SÃO MATEUS DO SUL;412560502A;PR;SaoMateus02;-25,88059;-50,41684;2025-03-31 09:10:00.0;0,00
SÃO MATEUS DO SUL;412560502A;PR;SaoMateus02;-25,88059;-50,41684;2025-03-31 10:10:00.0;0,00
SÃO MATEUS DO SUL;412560502A;PR;SaoMateus02;-25,88059;-50,41684;2025-03-31 11:10:00.0;0,00
SÃO MATEUS DO SUL;412560502A;PR;SaoMateus02;-25,88059;-50,41684;2025-03-31 12:10:00.0;0,00
SÃO MATEUS DO SUL;412560502A;PR;SaoMateus02;-25,88059;-50,41684;2025-03-31 13:10:00.0;0,00
SÃO MATEUS DO SUL;412560502A;PR;SaoMateus02;-25,88059;-50,41684;2025-03-31 14:10:00.0;0,00
SÃO MATEUS DO SUL;412560502A;PR;SaoMateus02;-25,88059;-50,41684;2025-03-31 15:10:00.0;0,00
SÃO MATEUS DO SUL;412560502A;PR;SaoMateus02;-25,88059;-50,41684;2025-03-31 16:10:00.0;0,00
SÃO MATEUS DO SUL;412560502A;PR;SaoMateus02;-25,88059;-50,41684;2025-03-31 17:10:00.0;0,00
SÃO MATEUS DO SUL;412560502A;PR;SaoMateus02;-25,88059;-50,41684;2025-03-31 18:10:00.0;0,00
SÃO MATEUS DO SUL;412560502A;PR;SaoMateus02;-25,88059;-50,41684;2025-03-31 19:10:00.0;0,00
SÃO MATEUS DO SUL;412560502A;PR;SaoMateus02;-25,88059;-50,41684;2025-03-31 20:10:00.0;0,00
SÃO MATEUS DO SUL;412560502A;PR;SaoMateus02;-25,88059;-50,41684;2025-03-31 21:10:00.0;0,00
SÃO MATEUS DO SUL;412560502A;PR;SaoMateus02;-25,88059;-50,41684;2025-03-31 22:10:00.0;0,00
SÃO MATEUS DO SUL;412560502A;PR;SaoMateus02;-25,88059;-50,41684;2025-03-31 23:10:00.0;0,00
SÃO MIGUEL DO IGUAÇU;412570402A;PR;Barro Branco;-25,344;-54,222;2025-03-01 00:00:00.0;0,00
SÃO MIGUEL DO IGUAÇU;412570402A;PR;Barro Branco;-25,344;-54,222;2025-03-01 01:00:00.0;0,00
SÃO MIGUEL DO IGUAÇU;412570402A;PR;Barro Branco;-25,344;-54,222;2025-03-01 02:00:00.0;0,00
SÃO MIGUEL DO IGUAÇU;412570402A;PR;Barro Branco;-25,344;-54,222;2025-03-01 03:00:00.0;0,00
SÃO MIGUEL DO IGUAÇU;412570402A;PR;Barro Branco;-25,344;-54,222;2025-03-01 04:00:00.0;0,00
SÃO MIGUEL DO IGUAÇU;412570402A;PR;Barro Branco;-25,344;-54,222;2025-03-01 05:00:00.0;0,00
SÃO MIGUEL DO IGUAÇU;412570402A;PR;Barro Branco;-25,344;-54,222;2025-03-01 06:00:00.0;0,00
SÃO MIGUEL DO IGUAÇU;412570402A;PR;Barro Branco;-25,344;-54,222;2025-03-01 07:00:00.0;0,00
SÃO MIGUEL DO IGUAÇU;412570402A;PR;Barro Branco;-25,344;-54,222;2025-03-01 08:00:00.0;0,00
SÃO MIGUEL DO IGUAÇU;412570402A;PR;Barro Branco;-25,344;-54,222;2025-03-01 09:00:00.0;0,00
SÃO MIGUEL DO IGUAÇU;412570402A;PR;Barro Branco;-25,344;-54,222;2025-03-01 10:00:00.0;0,00
SÃO MIGUEL DO IGUAÇU;412570402A;PR;Barro Branco;-25,344;-54,222;2025-03-01 11:00:00.0;0,00
SÃO MIGUEL DO IGUAÇU;412570402A;PR;Barro Branco;-25,344;-54,222;2025-03-01 12:00:00.0;0,00
SÃO MIGUEL DO IGUAÇU;412570402A;PR;Barro Branco;-25,344;-54,222;2025-03-01 13:00:00.0;0,00
SÃO MIGUEL DO IGUAÇU;412570402A;PR;Barro Branco;-25,344;-54,222;2025-03-01 14:00:00.0;0,00
SÃO MIGUEL DO IGUAÇU;412570402A;PR;Barro Branco;-25,344;-54,222;2025-03-01 15:00:00.0;0,00
SÃO MIGUEL DO IGUAÇU;412570402A;PR;Barro Branco;-25,344;-54,222;2025-03-01 16:00:00.0;0,00
SÃO MIGUEL DO IGUAÇU;412570402A;PR;Barro Branco;-25,344;-54,222;2025-03-01 17:00:00.0;0,00
SÃO MIGUEL DO IGUAÇU;412570402A;PR;Barro Branco;-25,344;-54,222;2025-03-01 18:00:00.0;0,00
SÃO MIGUEL DO IGUAÇU;412570402A;PR;Barro Branco;-25,344;-54,222;2025-03-01 19:00:00.0;0,00
SÃO MIGUEL DO IGUAÇU;412570402A;PR;Barro Branco;-25,344;-54,222;2025-03-01 20:00:00.0;0,00
SÃO MIGUEL DO IGUAÇU;412570402A;PR;Barro Branco;-25,344;-54,222;2025-03-01 21:00:00.0;0,00
SÃO MIGUEL DO IGUAÇU;412570402A;PR;Barro Branco;-25,344;-54,222;2025-03-01 22:00:00.0;0,00
SÃO MIGUEL DO IGUAÇU;412570402A;PR;Barro Branco;-25,344;-54,222;2025-03-01 23:00:00.0;0,00
SÃO MIGUEL DO IGUAÇU;412570402A;PR;Barro Branco;-25,344;-54,222;2025-03-02 00:00:00.0;0,00
SÃO MIGUEL DO IGUAÇU;412570402A;PR;Barro Branco;-25,344;-54,222;2025-03-02 01:00:00.0;0,00
SÃO MIGUEL DO IGUAÇU;412570402A;PR;Barro Branco;-25,344;-54,222;2025-03-02 02:00:00.0;0,00
SÃO MIGUEL DO IGUAÇU;412570402A;PR;Barro Branco;-25,344;-54,222;2025-03-02 03:00:00.0;0,00
SÃO MIGUEL DO IGUAÇU;412570402A;PR;Barro Branco;-25,344;-54,222;2025-03-02 04:00:00.0;0,00
SÃO MIGUEL DO IGUAÇU;412570402A;PR;Barro Branco;-25,344;-54,222;2025-03-02 05:00:00.0;0,00
SÃO MIGUEL DO IGUAÇU;412570402A;PR;Barro Branco;-25,344;-54,222;2025-03-02 06:00:00.0;0,00
SÃO MIGUEL DO IGUAÇU;412570402A;PR;Barro Branco;-25,344;-54,222;2025-03-02 07:00:00.0;0,00
SÃO MIGUEL DO IGUAÇU;412570402A;PR;Barro Branco;-25,344;-54,222;2025-03-02 08:00:00.0;0,00
SÃO MIGUEL DO IGUAÇU;412570402A;PR;Barro Branco;-25,344;-54,222;2025-03-02 09:00:00.0;0,00
SÃO MIGUEL DO IGUAÇU;412570402A;PR;Barro Branco;-25,344;-54,222;2025-03-02 10:00:00.0;0,00
SÃO MIGUEL DO IGUAÇU;412570402A;PR;Barro Branco;-25,344;-54,222;2025-03-02 11:00:00.0;0,00
SÃO MIGUEL DO IGUAÇU;412570402A;PR;Barro Branco;-25,344;-54,222;2025-03-02 12:00:00.0;0,00
SÃO MIGUEL DO IGUAÇU;412570402A;PR;Barro Branco;-25,344;-54,222;2025-03-02 13:00:00.0;0,00
SÃO MIGUEL DO IGUAÇU;412570402A;PR;Barro Branco;-25,344;-54,222;2025-03-02 14:00:00.0;0,00
SÃO MIGUEL DO IGUAÇU;412570402A;PR;Barro Branco;-25,344;-54,222;2025-03-02 15:00:00.0;0,00
SÃO MIGUEL DO IGUAÇU;412570402A;PR;Barro Branco;-25,344;-54,222;2025-03-02 16:20:00.0;0,00
SÃO MIGUEL DO IGUAÇU;412570402A;PR;Barro Branco;-25,344;-54,222;2025-03-02 17:00:00.0;0,00
SÃO MIGUEL DO IGUAÇU;412570402A;PR;Barro Branco;-25,344;-54,222;2025-03-02 18:10:00.0;0,00
SÃO MIGUEL DO IGUAÇU;412570402A;PR;Barro Branco;-25,344;-54,222;2025-03-02 19:10:00.0;0,00
SÃO MIGUEL DO IGUAÇU;412570402A;PR;Barro Branco;-25,344;-54,222;2025-03-02 20:10:00.0;0,00
SÃO MIGUEL DO IGUAÇU;412570402A;PR;Barro Branco;-25,344;-54,222;2025-03-02 21:30:00.0;0,00
SÃO MIGUEL DO IGUAÇU;412570402A;PR;Barro Branco;-25,344;-54,222;2025-03-02 22:00:00.0;0,00
SÃO MIGUEL DO IGUAÇU;412570402A;PR;Barro Branco;-25,344;-54,222;2025-03-02 23:00:00.0;0,00
SÃO MIGUEL DO IGUAÇU;412570402A;PR;Barro Branco;-25,344;-54,222;2025-03-03 01:00:00.0;0,00
SÃO MIGUEL DO IGUAÇU;412570402A;PR;Barro Branco;-25,344;-54,222;2025-03-03 02:00:00.0;0,00
SÃO MIGUEL DO IGUAÇU;412570402A;PR;Barro Branco;-25,344;-54,222;2025-03-03 03:20:00.0;0,00
SÃO MIGUEL DO IGUAÇU;412570402A;PR;Barro Branco;-25,344;-54,222;2025-03-03 04:00:00.0;0,00
SÃO MIGUEL DO IGUAÇU;412570402A;PR;Barro Branco;-25,344;-54,222;2025-03-03 05:20:00.0;0,00
SÃO MIGUEL DO IGUAÇU;412570402A;PR;Barro Branco;-25,344;-54,222;2025-03-03 06:10:00.0;0,00
SÃO MIGUEL DO IGUAÇU;412570402A;PR;Barro Branco;-25,344;-54,222;2025-03-03 07:20:00.0;0,00
SÃO MIGUEL DO IGUAÇU;412570402A;PR;Barro Branco;-25,344;-54,222;2025-03-03 08:10:00.0;0,00
SÃO MIGUEL DO IGUAÇU;412570402A;PR;Barro Branco;-25,344;-54,222;2025-03-03 09:00:00.0;0,00
SÃO MIGUEL DO IGUAÇU;412570402A;PR;Barro Branco;-25,344;-54,222;2025-03-03 10:00:00.0;0,00
SÃO MIGUEL DO IGUAÇU;412570402A;PR;Barro Branco;-25,344;-54,222;2025-03-03 11:00:00.0;0,00
SÃO MIGUEL DO IGUAÇU;412570402A;PR;Barro Branco;-25,344;-54,222;2025-03-03 12:00:00.0;0,00
SÃO MIGUEL DO IGUAÇU;412570402A;PR;Barro Branco;-25,344;-54,222;2025-03-03 13:00:00.0;0,00
SÃO MIGUEL DO IGUAÇU;412570402A;PR;Barro Branco;-25,344;-54,222;2025-03-03 14:00:00.0;0,00
SÃO MIGUEL DO IGUAÇU;412570402A;PR;Barro Branco;-25,344;-54,222;2025-03-03 15:00:00.0;0,00
SÃO MIGUEL DO IGUAÇU;412570402A;PR;Barro Branco;-25,344;-54,222;2025-03-03 16:00:00.0;0,00
SÃO MIGUEL DO IGUAÇU;412570402A;PR;Barro Branco;-25,344;-54,222;2025-03-03 17:00:00.0;0,00
SÃO MIGUEL DO IGUAÇU;412570402A;PR;Barro Branco;-25,344;-54,222;2025-03-03 18:00:00.0;0,00
SÃO MIGUEL DO IGUAÇU;412570402A;PR;Barro Branco;-25,344;-54,222;2025-03-03 19:00:00.0;0,00
SÃO MIGUEL DO IGUAÇU;412570402A;PR;Barro Branco;-25,344;-54,222;2025-03-03 20:00:00.0;0,00
SÃO MIGUEL DO IGUAÇU;412570402A;PR;Barro Branco;-25,344;-54,222;2025-03-03 21:00:00.0;0,00
SÃO MIGUEL DO IGUAÇU;412570402A;PR;Barro Branco;-25,344;-54,222;2025-03-03 22:00:00.0;0,00
SÃO MIGUEL DO IGUAÇU;412570402A;PR;Barro Branco;-25,344;-54,222;2025-03-03 23:00:00.0;0,00
SÃO MIGUEL DO IGUAÇU;412570402A;PR;Barro Branco;-25,344;-54,222;2025-03-04 00:00:00.0;0,00
SÃO MIGUEL DO IGUAÇU;412570402A;PR;Barro Branco;-25,344;-54,222;2025-03-04 01:00:00.0;0,00
SÃO MIGUEL DO IGUAÇU;412570402A;PR;Barro Branco;-25,344;-54,222;2025-03-04 02:00:00.0;0,00
SÃO MIGUEL DO IGUAÇU;412570402A;PR;Barro Branco;-25,344;-54,222;2025-03-04 03:00:00.0;0,00
SÃO MIGUEL DO IGUAÇU;412570402A;PR;Barro Branco;-25,344;-54,222;2025-03-04 04:00:00.0;0,00
SÃO MIGUEL DO IGUAÇU;412570402A;PR;Barro Branco;-25,344;-54,222;2025-03-04 05:00:00.0;0,00
SÃO MIGUEL DO IGUAÇU;412570402A;PR;Barro Branco;-25,344;-54,222;2025-03-04 06:00:00.0;0,00
SÃO MIGUEL DO IGUAÇU;412570402A;PR;Barro Branco;-25,344;-54,222;2025-03-04 07:00:00.0;0,00
SÃO MIGUEL DO IGUAÇU;412570402A;PR;Barro Branco;-25,344;-54,222;2025-03-04 08:00:00.0;0,00
SÃO MIGUEL DO IGUAÇU;412570402A;PR;Barro Branco;-25,344;-54,222;2025-03-04 09:00:00.0;0,00
SÃO MIGUEL DO IGUAÇU;412570402A;PR;Barro Branco;-25,344;-54,222;2025-03-04 10:00:00.0;0,00
SÃO MIGUEL DO IGUAÇU;412570402A;PR;Barro Branco;-25,344;-54,222;2025-03-04 11:00:00.0;0,00
SÃO MIGUEL DO IGUAÇU;412570402A;PR;Barro Branco;-25,344;-54,222;2025-03-04 12:00:00.0;0,00
SÃO MIGUEL DO IGUAÇU;412570402A;PR;Barro Branco;-25,344;-54,222;2025-03-04 13:00:00.0;0,00
SÃO MIGUEL DO IGUAÇU;412570402A;PR;Barro Branco;-25,344;-54,222;2025-03-04 14:00:00.0;0,00
SÃO MIGUEL DO IGUAÇU;412570402A;PR;Barro Branco;-25,344;-54,222;2025-03-04 15:00:00.0;0,00
SÃO MIGUEL DO IGUAÇU;412570402A;PR;Barro Branco;-25,344;-54,222;2025-03-04 16:00:00.0;0,00
SÃO MIGUEL DO IGUAÇU;412570402A;PR;Barro Branco;-25,344;-54,222;2025-03-04 17:00:00.0;0,00
SÃO MIGUEL DO IGUAÇU;412570402A;PR;Barro Branco;-25,344;-54,222;2025-03-04 18:00:00.0;0,00
SÃO MIGUEL DO IGUAÇU;412570402A;PR;Barro Branco;-25,344;-54,222;2025-03-04 19:00:00.0;0,00
SÃO MIGUEL DO IGUAÇU;412570402A;PR;Barro Branco;-25,344;-54,222;2025-03-04 20:00:00.0;0,00
SÃO MIGUEL DO IGUAÇU;412570402A;PR;Barro Branco;-25,344;-54,222;2025-03-04 21:00:00.0;0,00
SÃO MIGUEL DO IGUAÇU;412570402A;PR;Barro Branco;-25,344;-54,222;2025-03-04 22:00:00.0;0,00
SÃO MIGUEL DO IGUAÇU;412570402A;PR;Barro Branco;-25,344;-54,222;2025-03-04 23:00:00.0;0,00
SÃO MIGUEL DO IGUAÇU;412570402A;PR;Barro Branco;-25,344;-54,222;2025-03-05 00:00:00.0;0,00
SÃO MIGUEL DO IGUAÇU;412570402A;PR;Barro Branco;-25,344;-54,222;2025-03-05 01:00:00.0;0,00
SÃO MIGUEL DO IGUAÇU;412570402A;PR;Barro Branco;-25,344;-54,222;2025-03-05 02:00:00.0;0,00
SÃO MIGUEL DO IGUAÇU;412570402A;PR;Barro Branco;-25,344;-54,222;2025-03-05 03:00:00.0;0,00
SÃO MIGUEL DO IGUAÇU;412570402A;PR;Barro Branco;-25,344;-54,222;2025-03-05 04:00:00.0;0,00
SÃO MIGUEL DO IGUAÇU;412570402A;PR;Barro Branco;-25,344;-54,222;2025-03-05 05:00:00.0;0,00
SÃO MIGUEL DO IGUAÇU;412570402A;PR;Barro Branco;-25,344;-54,222;2025-03-05 06:00:00.0;0,00
SÃO MIGUEL DO IGUAÇU;412570402A;PR;Barro Branco;-25,344;-54,222;2025-03-05 07:00:00.0;0,00
SÃO MIGUEL DO IGUAÇU;412570402A;PR;Barro Branco;-25,344;-54,222;2025-03-05 08:00:00.0;0,00
SÃO MIGUEL DO IGUAÇU;412570402A;PR;Barro Branco;-25,344;-54,222;2025-03-05 09:00:00.0;0,00
SÃO MIGUEL DO IGUAÇU;412570402A;PR;Barro Branco;-25,344;-54,222;2025-03-05 10:00:00.0;0,00
SÃO MIGUEL DO IGUAÇU;412570402A;PR;Barro Branco;-25,344;-54,222;2025-03-05 11:00:00.0;0,00
SÃO MIGUEL DO IGUAÇU;412570402A;PR;Barro Branco;-25,344;-54,222;2025-03-05 12:00:00.0;0,00
SÃO MIGUEL DO IGUAÇU;412570402A;PR;Barro Branco;-25,344;-54,222;2025-03-05 13:00:00.0;0,00
SÃO MIGUEL DO IGUAÇU;412570402A;PR;Barro Branco;-25,344;-54,222;2025-03-05 14:00:00.0;0,00
SÃO MIGUEL DO IGUAÇU;412570402A;PR;Barro Branco;-25,344;-54,222;2025-03-05 15:00:00.0;0,00
SÃO MIGUEL DO IGUAÇU;412570402A;PR;Barro Branco;-25,344;-54,222;2025-03-05 16:00:00.0;0,00
SÃO MIGUEL DO IGUAÇU;412570402A;PR;Barro Branco;-25,344;-54,222;2025-03-05 17:00:00.0;0,00
SÃO MIGUEL DO IGUAÇU;412570402A;PR;Barro Branco;-25,344;-54,222;2025-03-05 18:00:00.0;0,00
SÃO MIGUEL DO IGUAÇU;412570402A;PR;Barro Branco;-25,344;-54,222;2025-03-05 19:00:00.0;3,35
SÃO MIGUEL DO IGUAÇU;412570402A;PR;Barro Branco;-25,344;-54,222;2025-03-05 19:10:00.0;1,18
SÃO MIGUEL DO IGUAÇU;412570402A;PR;Barro Branco;-25,344;-54,222;2025-03-05 19:40:00.0;1,58
SÃO MIGUEL DO IGUAÇU;412570402A;PR;Barro Branco;-25,344;-54,222;2025-03-05 19:50:00.0;1,97
SÃO MIGUEL DO IGUAÇU;412570402A;PR;Barro Branco;-25,344;-54,222;2025-03-05 20:00:00.0;0,00
SÃO MIGUEL DO IGUAÇU;412570402A;PR;Barro Branco;-25,344;-54,222;2025-03-05 21:00:00.0;0,00
SÃO MIGUEL DO IGUAÇU;412570402A;PR;Barro Branco;-25,344;-54,222;2025-03-05 22:00:00.0;0,00
SÃO MIGUEL DO IGUAÇU;412570402A;PR;Barro Branco;-25,344;-54,222;2025-03-05 22:40:00.0;0,20
SÃO MIGUEL DO IGUAÇU;412570402A;PR;Barro Branco;-25,344;-54,222;2025-03-05 22:50:00.0;0,20
SÃO MIGUEL DO IGUAÇU;412570402A;PR;Barro Branco;-25,344;-54,222;2025-03-05 23:00:00.0;0,00
SÃO MIGUEL DO IGUAÇU;412570402A;PR;Barro Branco;-25,344;-54,222;2025-03-06 00:00:00.0;0,00
SÃO MIGUEL DO IGUAÇU;412570402A;PR;Barro Branco;-25,344;-54,222;2025-03-06 01:00:00.0;0,00
SÃO MIGUEL DO IGUAÇU;412570402A;PR;Barro Branco;-25,344;-54,222;2025-03-06 02:00:00.0;0,00
SÃO MIGUEL DO IGUAÇU;412570402A;PR;Barro Branco;-25,344;-54,222;2025-03-06 03:00:00.0;0,00
SÃO MIGUEL DO IGUAÇU;412570402A;PR;Barro Branco;-25,344;-54,222;2025-03-06 04:00:00.0;0,00
SÃO MIGUEL DO IGUAÇU;412570402A;PR;Barro Branco;-25,344;-54,222;2025-03-06 05:00:00.0;0,00
SÃO MIGUEL DO IGUAÇU;412570402A;PR;Barro Branco;-25,344;-54,222;2025-03-06 06:00:00.0;0,00
SÃO MIGUEL DO IGUAÇU;412570402A;PR;Barro Branco;-25,344;-54,222;2025-03-06 07:00:00.0;0,00
SÃO MIGUEL DO IGUAÇU;412570402A;PR;Barro Branco;-25,344;-54,222;2025-03-06 08:00:00.0;0,00
SÃO MIGUEL DO IGUAÇU;412570402A;PR;Barro Branco;-25,344;-54,222;2025-03-06 09:00:00.0;0,00
SÃO MIGUEL DO IGUAÇU;412570402A;PR;Barro Branco;-25,344;-54,222;2025-03-06 10:00:00.0;0,00
SÃO MIGUEL DO IGUAÇU;412570402A;PR;Barro Branco;-25,344;-54,222;2025-03-06 11:00:00.0;0,00
SÃO MIGUEL DO IGUAÇU;412570402A;PR;Barro Branco;-25,344;-54,222;2025-03-06 12:00:00.0;0,00
SÃO MIGUEL DO IGUAÇU;412570402A;PR;Barro Branco;-25,344;-54,222;2025-03-06 13:00:00.0;0,00
SÃO MIGUEL DO IGUAÇU;412570402A;PR;Barro Branco;-25,344;-54,222;2025-03-06 14:00:00.0;0,00
SÃO MIGUEL DO IGUAÇU;412570402A;PR;Barro Branco;-25,344;-54,222;2025-03-06 15:00:00.0;0,00
SÃO MIGUEL DO IGUAÇU;412570402A;PR;Barro Branco;-25,344;-54,222;2025-03-06 16:00:00.0;0,00
SÃO MIGUEL DO IGUAÇU;412570402A;PR;Barro Branco;-25,344;-54,222;2025-03-06 17:00:00.0;0,00
SÃO MIGUEL DO IGUAÇU;412570402A;PR;Barro Branco;-25,344;-54,222;2025-03-06 18:00:00.0;0,00
SÃO MIGUEL DO IGUAÇU;412570402A;PR;Barro Branco;-25,344;-54,222;2025-03-06 19:00:00.0;0,00
SÃO MIGUEL DO IGUAÇU;412570402A;PR;Barro Branco;-25,344;-54,222;2025-03-06 20:00:00.0;0,00
SÃO MIGUEL DO IGUAÇU;412570402A;PR;Barro Branco;-25,344;-54,222;2025-03-06 21:00:00.0;0,00
SÃO MIGUEL DO IGUAÇU;412570402A;PR;Barro Branco;-25,344;-54,222;2025-03-06 22:00:00.0;0,00
SÃO MIGUEL DO IGUAÇU;412570402A;PR;Barro Branco;-25,344;-54,222;2025-03-06 23:00:00.0;0,00
SÃO MIGUEL DO IGUAÇU;412570402A;PR;Barro Branco;-25,344;-54,222;2025-03-07 00:00:00.0;0,00
SÃO MIGUEL DO IGUAÇU;412570402A;PR;Barro Branco;-25,344;-54,222;2025-03-07 01:00:00.0;0,00
SÃO MIGUEL DO IGUAÇU;412570402A;PR;Barro Branco;-25,344;-54,222;2025-03-07 02:00:00.0;0,00
SÃO MIGUEL DO IGUAÇU;412570402A;PR;Barro Branco;-25,344;-54,222;2025-03-07 03:00:00.0;0,00
SÃO MIGUEL DO IGUAÇU;412570402A;PR;Barro Branco;-25,344;-54,222;2025-03-07 04:00:00.0;0,00
SÃO MIGUEL DO IGUAÇU;412570402A;PR;Barro Branco;-25,344;-54,222;2025-03-07 05:00:00.0;0,00
SÃO MIGUEL DO IGUAÇU;412570402A;PR;Barro Branco;-25,344;-54,222;2025-03-07 06:00:00.0;0,00
SÃO MIGUEL DO IGUAÇU;412570402A;PR;Barro Branco;-25,344;-54,222;2025-03-07 07:00:00.0;0,00
SÃO MIGUEL DO IGUAÇU;412570402A;PR;Barro Branco;-25,344;-54,222;2025-03-07 08:00:00.0;0,00
SÃO MIGUEL DO IGUAÇU;412570402A;PR;Barro Branco;-25,344;-54,222;2025-03-07 09:00:00.0;0,00
SÃO MIGUEL DO IGUAÇU;412570402A;PR;Barro Branco;-25,344;-54,222;2025-03-07 10:00:00.0;0,00
SÃO MIGUEL DO IGUAÇU;412570402A;PR;Barro Branco;-25,344;-54,222;2025-03-07 11:00:00.0;0,00
SÃO MIGUEL DO IGUAÇU;412570402A;PR;Barro Branco;-25,344;-54,222;2025-03-07 12:00:00.0;0,00
SÃO MIGUEL DO IGUAÇU;412570402A;PR;Barro Branco;-25,344;-54,222;2025-03-07 13:00:00.0;0,00
SÃO MIGUEL DO IGUAÇU;412570402A;PR;Barro Branco;-25,344;-54,222;2025-03-07 14:00:00.0;0,00
SÃO MIGUEL DO IGUAÇU;412570402A;PR;Barro Branco;-25,344;-54,222;2025-03-07 15:00:00.0;0,00
SÃO MIGUEL DO IGUAÇU;412570402A;PR;Barro Branco;-25,344;-54,222;2025-03-07 16:00:00.0;0,00
SÃO MIGUEL DO IGUAÇU;412570402A;PR;Barro Branco;-25,344;-54,222;2025-03-07 17:00:00.0;0,00
SÃO MIGUEL DO IGUAÇU;412570402A;PR;Barro Branco;-25,344;-54,222;2025-03-07 18:00:00.0;0,00
SÃO MIGUEL DO IGUAÇU;412570402A;PR;Barro Branco;-25,344;-54,222;2025-03-07 19:00:00.0;0,00
SÃO MIGUEL DO IGUAÇU;412570402A;PR;Barro Branco;-25,344;-54,222;2025-03-07 20:00:00.0;0,00
SÃO MIGUEL DO IGUAÇU;412570402A;PR;Barro Branco;-25,344;-54,222;2025-03-07 21:00:00.0;0,00
SÃO MIGUEL DO IGUAÇU;412570402A;PR;Barro Branco;-25,344;-54,222;2025-03-07 22:00:00.0;0,00
SÃO MIGUEL DO IGUAÇU;412570402A;PR;Barro Branco;-25,344;-54,222;2025-03-07 23:00:00.0;0,00
SÃO MIGUEL DO IGUAÇU;412570402A;PR;Barro Branco;-25,344;-54,222;2025-03-08 00:00:00.0;0,00
SÃO MIGUEL DO IGUAÇU;412570402A;PR;Barro Branco;-25,344;-54,222;2025-03-08 01:00:00.0;0,00
SÃO MIGUEL DO IGUAÇU;412570402A;PR;Barro Branco;-25,344;-54,222;2025-03-08 02:00:00.0;0,00
SÃO MIGUEL DO IGUAÇU;412570402A;PR;Barro Branco;-25,344;-54,222;2025-03-08 03:00:00.0;0,00
SÃO MIGUEL DO IGUAÇU;412570402A;PR;Barro Branco;-25,344;-54,222;2025-03-08 04:00:00.0;0,00
SÃO MIGUEL DO IGUAÇU;412570402A;PR;Barro Branco;-25,344;-54,222;2025-03-08 05:00:00.0;0,00
SÃO MIGUEL DO IGUAÇU;412570402A;PR;Barro Branco;-25,344;-54,222;2025-03-08 06:00:00.0;0,00
SÃO MIGUEL DO IGUAÇU;412570402A;PR;Barro Branco;-25,344;-54,222;2025-03-08 07:00:00.0;0,00
SÃO MIGUEL DO IGUAÇU;412570402A;PR;Barro Branco;-25,344;-54,222;2025-03-08 08:00:00.0;0,00
SÃO MIGUEL DO IGUAÇU;412570402A;PR;Barro Branco;-25,344;-54,222;2025-03-08 09:00:00.0;0,00
SÃO MIGUEL DO IGUAÇU;412570402A;PR;Barro Branco;-25,344;-54,222;2025-03-08 10:00:00.0;0,00
SÃO MIGUEL DO IGUAÇU;412570402A;PR;Barro Branco;-25,344;-54,222;2025-03-08 11:00:00.0;0,00
SÃO MIGUEL DO IGUAÇU;412570402A;PR;Barro Branco;-25,344;-54,222;2025-03-08 12:00:00.0;0,00
SÃO MIGUEL DO IGUAÇU;412570402A;PR;Barro Branco;-25,344;-54,222;2025-03-08 13:00:00.0;0,00
SÃO MIGUEL DO IGUAÇU;412570402A;PR;Barro Branco;-25,344;-54,222;2025-03-08 14:00:00.0;0,00
SÃO MIGUEL DO IGUAÇU;412570402A;PR;Barro Branco;-25,344;-54,222;2025-03-08 15:00:00.0;0,00
SÃO MIGUEL DO IGUAÇU;412570402A;PR;Barro Branco;-25,344;-54,222;2025-03-08 16:00:00.0;0,00
SÃO MIGUEL DO IGUAÇU;412570402A;PR;Barro Branco;-25,344;-54,222;2025-03-08 17:00:00.0;0,00
SÃO MIGUEL DO IGUAÇU;412570402A;PR;Barro Branco;-25,344;-54,222;2025-03-08 18:00:00.0;0,00
SÃO MIGUEL DO IGUAÇU;412570402A;PR;Barro Branco;-25,344;-54,222;2025-03-08 19:00:00.0;0,00
SÃO MIGUEL DO IGUAÇU;412570402A;PR;Barro Branco;-25,344;-54,222;2025-03-08 20:00:00.0;0,00
SÃO MIGUEL DO IGUAÇU;412570402A;PR;Barro Branco;-25,344;-54,222;2025-03-08 21:00:00.0;0,00
SÃO MIGUEL DO IGUAÇU;412570402A;PR;Barro Branco;-25,344;-54,222;2025-03-08 22:00:00.0;0,00
SÃO MIGUEL DO IGUAÇU;412570402A;PR;Barro Branco;-25,344;-54,222;2025-03-08 23:00:00.0;0,00
SÃO MIGUEL DO IGUAÇU;412570402A;PR;Barro Branco;-25,344;-54,222;2025-03-09 00:00:00.0;0,00
SÃO MIGUEL DO IGUAÇU;412570402A;PR;Barro Branco;-25,344;-54,222;2025-03-09 01:00:00.0;0,00
SÃO MIGUEL DO IGUAÇU;412570402A;PR;Barro Branco;-25,344;-54,222;2025-03-09 02:00:00.0;0,00
SÃO MIGUEL DO IGUAÇU;412570402A;PR;Barro Branco;-25,344;-54,222;2025-03-09 03:00:00.0;0,00
SÃO MIGUEL DO IGUAÇU;412570402A;PR;Barro Branco;-25,344;-54,222;2025-03-09 04:00:00.0;0,00
SÃO MIGUEL DO IGUAÇU;412570402A;PR;Barro Branco;-25,344;-54,222;2025-03-09 05:00:00.0;0,00
SÃO MIGUEL DO IGUAÇU;412570402A;PR;Barro Branco;-25,344;-54,222;2025-03-09 06:00:00.0;0,00
SÃO MIGUEL DO IGUAÇU;412570402A;PR;Barro Branco;-25,344;-54,222;2025-03-09 07:00:00.0;0,00
SÃO MIGUEL DO IGUAÇU;412570402A;PR;Barro Branco;-25,344;-54,222;2025-03-09 08:00:00.0;0,00
SÃO MIGUEL DO IGUAÇU;412570402A;PR;Barro Branco;-25,344;-54,222;2025-03-09 09:00:00.0;0,00
SÃO MIGUEL DO IGUAÇU;412570402A;PR;Barro Branco;-25,344;-54,222;2025-03-09 10:00:00.0;0,00
SÃO MIGUEL DO IGUAÇU;412570402A;PR;Barro Branco;-25,344;-54,222;2025-03-09 11:00:00.0;0,00
SÃO MIGUEL DO IGUAÇU;412570402A;PR;Barro Branco;-25,344;-54,222;2025-03-09 12:00:00.0;0,00
SÃO MIGUEL DO IGUAÇU;412570402A;PR;Barro Branco;-25,344;-54,222;2025-03-09 13:00:00.0;0,00
SÃO MIGUEL DO IGUAÇU;412570402A;PR;Barro Branco;-25,344;-54,222;2025-03-09 14:00:00.0;0,00
SÃO MIGUEL DO IGUAÇU;412570402A;PR;Barro Branco;-25,344;-54,222;2025-03-09 15:00:00.0;0,00
SÃO MIGUEL DO IGUAÇU;412570402A;PR;Barro Branco;-25,344;-54,222;2025-03-09 16:30:00.0;0,00
SÃO MIGUEL DO IGUAÇU;412570402A;PR;Barro Branco;-25,344;-54,222;2025-03-09 17:00:00.0;0,00
SÃO MIGUEL DO IGUAÇU;412570402A;PR;Barro Branco;-25,344;-54,222;2025-03-09 18:30:00.0;0,00
SÃO MIGUEL DO IGUAÇU;412570402A;PR;Barro Branco;-25,344;-54,222;2025-03-09 19:00:00.0;0,00
SÃO MIGUEL DO IGUAÇU;412570402A;PR;Barro Branco;-25,344;-54,222;2025-03-09 20:10:00.0;0,00
SÃO MIGUEL DO IGUAÇU;412570402A;PR;Barro Branco;-25,344;-54,222;2025-03-09 21:10:00.0;0,00
SÃO MIGUEL DO IGUAÇU;412570402A;PR;Barro Branco;-25,344;-54,222;2025-03-09 22:20:00.0;0,00
SÃO MIGUEL DO IGUAÇU;412570402A;PR;Barro Branco;-25,344;-54,222;2025-03-09 23:30:00.0;0,00
SÃO MIGUEL DO IGUAÇU;412570402A;PR;Barro Branco;-25,344;-54,222;2025-03-10 00:10:00.0;0,00
SÃO MIGUEL DO IGUAÇU;412570402A;PR;Barro Branco;-25,344;-54,222;2025-03-10 01:30:00.0;0,00
SÃO MIGUEL DO IGUAÇU;412570402A;PR;Barro Branco;-25,344;-54,222;2025-03-10 02:20:00.0;0,00
SÃO MIGUEL DO IGUAÇU;412570402A;PR;Barro Branco;-25,344;-54,222;2025-03-10 03:10:00.0;0,00
SÃO MIGUEL DO IGUAÇU;412570402A;PR;Barro Branco;-25,344;-54,222;2025-03-10 04:10:00.0;0,00
SÃO MIGUEL DO IGUAÇU;412570402A;PR;Barro Branco;-25,344;-54,222;2025-03-10 05:00:00.0;0,00
SÃO MIGUEL DO IGUAÇU;412570402A;PR;Barro Branco;-25,344;-54,222;2025-03-10 06:20:00.0;0,00
SÃO MIGUEL DO IGUAÇU;412570402A;PR;Barro Branco;-25,344;-54,222;2025-03-10 07:20:00.0;0,00
SÃO MIGUEL DO IGUAÇU;412570402A;PR;Barro Branco;-25,344;-54,222;2025-03-10 08:20:00.0;0,00
SÃO MIGUEL DO IGUAÇU;412570402A;PR;Barro Branco;-25,344;-54,222;2025-03-10 09:00:00.0;0,00
SÃO MIGUEL DO IGUAÇU;412570402A;PR;Barro Branco;-25,344;-54,222;2025-03-10 10:00:00.0;0,00
SÃO MIGUEL DO IGUAÇU;412570402A;PR;Barro Branco;-25,344;-54,222;2025-03-10 11:00:00.0;0,00
SÃO MIGUEL DO IGUAÇU;412570402A;PR;Barro Branco;-25,344;-54,222;2025-03-10 12:00:00.0;0,00
SÃO MIGUEL DO IGUAÇU;412570402A;PR;Barro Branco;-25,344;-54,222;2025-03-10 13:00:00.0;0,00
SÃO MIGUEL DO IGUAÇU;412570402A;PR;Barro Branco;-25,344;-54,222;2025-03-10 14:00:00.0;0,00
SÃO MIGUEL DO IGUAÇU;412570402A;PR;Barro Branco;-25,344;-54,222;2025-03-10 15:00:00.0;0,00
SÃO MIGUEL DO IGUAÇU;412570402A;PR;Barro Branco;-25,344;-54,222;2025-03-10 16:00:00.0;0,00
SÃO MIGUEL DO IGUAÇU;412570402A;PR;Barro Branco;-25,344;-54,222;2025-03-10 17:00:00.0;0,00
SÃO MIGUEL DO IGUAÇU;412570402A;PR;Barro Branco;-25,344;-54,222;2025-03-10 18:00:00.0;0,00
SÃO MIGUEL DO IGUAÇU;412570402A;PR;Barro Branco;-25,344;-54,222;2025-03-10 19:00:00.0;0,00
SÃO MIGUEL DO IGUAÇU;412570402A;PR;Barro Branco;-25,344;-54,222;2025-03-10 20:00:00.0;0,00
SÃO MIGUEL DO IGUAÇU;412570402A;PR;Barro Branco;-25,344;-54,222;2025-03-10 21:00:00.0;0,00
SÃO MIGUEL DO IGUAÇU;412570402A;PR;Barro Branco;-25,344;-54,222;2025-03-10 22:00:00.0;0,00
SÃO MIGUEL DO IGUAÇU;412570402A;PR;Barro Branco;-25,344;-54,222;2025-03-10 23:00:00.0;0,00
SÃO MIGUEL DO IGUAÇU;412570402A;PR;Barro Branco;-25,344;-54,222;2025-03-11 00:00:00.0;0,00
SÃO MIGUEL DO IGUAÇU;412570402A;PR;Barro Branco;-25,344;-54,222;2025-03-11 01:00:00.0;0,00
SÃO MIGUEL DO IGUAÇU;412570402A;PR;Barro Branco;-25,344;-54,222;2025-03-11 02:00:00.0;0,00
SÃO MIGUEL DO IGUAÇU;412570402A;PR;Barro Branco;-25,344;-54,222;2025-03-11 03:00:00.0;0,00
SÃO MIGUEL DO IGUAÇU;412570402A;PR;Barro Branco;-25,344;-54,222;2025-03-11 04:00:00.0;0,00
SÃO MIGUEL DO IGUAÇU;412570402A;PR;Barro Branco;-25,344;-54,222;2025-03-11 05:00:00.0;0,00
SÃO MIGUEL DO IGUAÇU;412570402A;PR;Barro Branco;-25,344;-54,222;2025-03-11 06:00:00.0;0,00
SÃO MIGUEL DO IGUAÇU;412570402A;PR;Barro Branco;-25,344;-54,222;2025-03-11 07:00:00.0;0,00
SÃO MIGUEL DO IGUAÇU;412570402A;PR;Barro Branco;-25,344;-54,222;2025-03-11 08:00:00.0;0,00
SÃO MIGUEL DO IGUAÇU;412570402A;PR;Barro Branco;-25,344;-54,222;2025-03-11 09:00:00.0;0,00
SÃO MIGUEL DO IGUAÇU;412570402A;PR;Barro Branco;-25,344;-54,222;2025-03-11 10:00:00.0;0,00
SÃO MIGUEL DO IGUAÇU;412570402A;PR;Barro Branco;-25,344;-54,222;2025-03-11 11:00:00.0;0,00
SÃO MIGUEL DO IGUAÇU;412570402A;PR;Barro Branco;-25,344;-54,222;2025-03-11 12:00:00.0;0,00
SÃO MIGUEL DO IGUAÇU;412570402A;PR;Barro Branco;-25,344;-54,222;2025-03-11 13:00:00.0;0,00
SÃO MIGUEL DO IGUAÇU;412570402A;PR;Barro Branco;-25,344;-54,222;2025-03-11 13:10:00.0;0,20
SÃO MIGUEL DO IGUAÇU;412570402A;PR;Barro Branco;-25,344;-54,222;2025-03-11 13:30:00.0;0,20
SÃO MIGUEL DO IGUAÇU;412570402A;PR;Barro Branco;-25,344;-54,222;2025-03-11 14:00:00.0;0,00
SÃO MIGUEL DO IGUAÇU;412570402A;PR;Barro Branco;-25,344;-54,222;2025-03-11 15:00:00.0;0,00
SÃO MIGUEL DO IGUAÇU;412570402A;PR;Barro Branco;-25,344;-54,222;2025-03-11 16:00:00.0;0,00
SÃO MIGUEL DO IGUAÇU;412570402A;PR;Barro Branco;-25,344;-54,222;2025-03-11 17:00:00.0;0,20
SÃO MIGUEL DO IGUAÇU;412570402A;PR;Barro Branco;-25,344;-54,222;2025-03-11 17:10:00.0;0,39
SÃO MIGUEL DO IGUAÇU;412570402A;PR;Barro Branco;-25,344;-54,222;2025-03-11 17:30:00.0;0,20
SÃO MIGUEL DO IGUAÇU;412570402A;PR;Barro Branco;-25,344;-54,222;2025-03-11 18:00:00.0;0,20
SÃO MIGUEL DO IGUAÇU;412570402A;PR;Barro Branco;-25,344;-54,222;2025-03-11 18:20:00.0;0,20
SÃO MIGUEL DO IGUAÇU;412570402A;PR;Barro Branco;-25,344;-54,222;2025-03-11 18:50:00.0;0,20
SÃO MIGUEL DO IGUAÇU;412570402A;PR;Barro Branco;-25,344;-54,222;2025-03-11 19:00:00.0;0,00
SÃO MIGUEL DO IGUAÇU;412570402A;PR;Barro Branco;-25,344;-54,222;2025-03-11 19:10:00.0;0,20
SÃO MIGUEL DO IGUAÇU;412570402A;PR;Barro Branco;-25,344;-54,222;2025-03-11 19:20:00.0;0,20
SÃO MIGUEL DO IGUAÇU;412570402A;PR;Barro Branco;-25,344;-54,222;2025-03-11 19:50:00.0;0,20
SÃO MIGUEL DO IGUAÇU;412570402A;PR;Barro Branco;-25,344;-54,222;2025-03-11 20:00:00.0;0,20
SÃO MIGUEL DO IGUAÇU;412570402A;PR;Barro Branco;-25,344;-54,222;2025-03-11 20:20:00.0;0,20
SÃO MIGUEL DO IGUAÇU;412570402A;PR;Barro Branco;-25,344;-54,222;2025-03-11 20:40:00.0;0,20
SÃO MIGUEL DO IGUAÇU;412570402A;PR;Barro Branco;-25,344;-54,222;2025-03-11 21:00:00.0;0,20
SÃO MIGUEL DO IGUAÇU;412570402A;PR;Barro Branco;-25,344;-54,222;2025-03-11 21:10:00.0;0,20
SÃO MIGUEL DO IGUAÇU;412570402A;PR;Barro Branco;-25,344;-54,222;2025-03-11 21:50:00.0;0,20
SÃO MIGUEL DO IGUAÇU;412570402A;PR;Barro Branco;-25,344;-54,222;2025-03-11 22:00:00.0;0,00
SÃO MIGUEL DO IGUAÇU;412570402A;PR;Barro Branco;-25,344;-54,222;2025-03-11 23:00:00.0;0,00
SÃO MIGUEL DO IGUAÇU;412570402A;PR;Barro Branco;-25,344;-54,222;2025-03-12 00:00:00.0;0,00
SÃO MIGUEL DO IGUAÇU;412570402A;PR;Barro Branco;-25,344;-54,222;2025-03-12 01:00:00.0;0,00
SÃO MIGUEL DO IGUAÇU;412570402A;PR;Barro Branco;-25,344;-54,222;2025-03-12 02:00:00.0;0,00
SÃO MIGUEL DO IGUAÇU;412570402A;PR;Barro Branco;-25,344;-54,222;2025-03-12 03:00:00.0;0,00
SÃO MIGUEL DO IGUAÇU;412570402A;PR;Barro Branco;-25,344;-54,222;2025-03-12 04:00:00.0;0,00
SÃO MIGUEL DO IGUAÇU;412570402A;PR;Barro Branco;-25,344;-54,222;2025-03-12 05:00:00.0;0,00
SÃO MIGUEL DO IGUAÇU;412570402A;PR;Barro Branco;-25,344;-54,222;2025-03-12 06:00:00.0;0,00
SÃO MIGUEL DO IGUAÇU;412570402A;PR;Barro Branco;-25,344;-54,222;2025-03-12 07:00:00.0;0,00
SÃO MIGUEL DO IGUAÇU;412570402A;PR;Barro Branco;-25,344;-54,222;2025-03-12 08:00:00.0;0,00
SÃO MIGUEL DO IGUAÇU;412570402A;PR;Barro Branco;-25,344;-54,222;2025-03-12 09:00:00.0;0,00
SÃO MIGUEL DO IGUAÇU;412570402A;PR;Barro Branco;-25,344;-54,222;2025-03-12 10:00:00.0;0,00
SÃO MIGUEL DO IGUAÇU;412570402A;PR;Barro Branco;-25,344;-54,222;2025-03-12 11:00:00.0;0,00
SÃO MIGUEL DO IGUAÇU;412570402A;PR;Barro Branco;-25,344;-54,222;2025-03-12 12:00:00.0;0,00
SÃO MIGUEL DO IGUAÇU;412570402A;PR;Barro Branco;-25,344;-54,222;2025-03-12 13:00:00.0;0,00
SÃO MIGUEL DO IGUAÇU;412570402A;PR;Barro Branco;-25,344;-54,222;2025-03-12 14:00:00.0;0,00
SÃO MIGUEL DO IGUAÇU;412570402A;PR;Barro Branco;-25,344;-54,222;2025-03-12 14:20:00.0;0,20
SÃO MIGUEL DO IGUAÇU;412570402A;PR;Barro Branco;-25,344;-54,222;2025-03-12 15:00:00.0;0,00
SÃO MIGUEL DO IGUAÇU;412570402A;PR;Barro Branco;-25,344;-54,222;2025-03-12 16:00:00.0;0,00
SÃO MIGUEL DO IGUAÇU;412570402A;PR;Barro Branco;-25,344;-54,222;2025-03-12 17:00:00.0;0,00
SÃO MIGUEL DO IGUAÇU;412570402A;PR;Barro Branco;-25,344;-54,222;2025-03-12 18:00:00.0;0,00
SÃO MIGUEL DO IGUAÇU;412570402A;PR;Barro Branco;-25,344;-54,222;2025-03-12 19:00:00.0;0,00
SÃO MIGUEL DO IGUAÇU;412570402A;PR;Barro Branco;-25,344;-54,222;2025-03-12 20:00:00.0;0,00
SÃO MIGUEL DO IGUAÇU;412570402A;PR;Barro Branco;-25,344;-54,222;2025-03-12 21:00:00.0;0,00
SÃO MIGUEL DO IGUAÇU;412570402A;PR;Barro Branco;-25,344;-54,222;2025-03-12 22:00:00.0;0,00
SÃO MIGUEL DO IGUAÇU;412570402A;PR;Barro Branco;-25,344;-54,222;2025-03-12 23:00:00.0;0,00
SÃO MIGUEL DO IGUAÇU;412570402A;PR;Barro Branco;-25,344;-54,222;2025-03-13 00:00:00.0;0,00
SÃO MIGUEL DO IGUAÇU;412570402A;PR;Barro Branco;-25,344;-54,222;2025-03-13 01:00:00.0;0,00
SÃO MIGUEL DO IGUAÇU;412570402A;PR;Barro Branco;-25,344;-54,222;2025-03-13 02:00:00.0;0,00
SÃO MIGUEL DO IGUAÇU;412570402A;PR;Barro Branco;-25,344;-54,222;2025-03-13 03:00:00.0;0,00
SÃO MIGUEL DO IGUAÇU;412570402A;PR;Barro Branco;-25,344;-54,222;2025-03-13 04:00:00.0;0,00
SÃO MIGUEL DO IGUAÇU;412570402A;PR;Barro Branco;-25,344;-54,222;2025-03-13 05:00:00.0;0,00
SÃO MIGUEL DO IGUAÇU;412570402A;PR;Barro Branco;-25,344;-54,222;2025-03-13 06:00:00.0;0,00
SÃO MIGUEL DO IGUAÇU;412570402A;PR;Barro Branco;-25,344;-54,222;2025-03-13 07:00:00.0;0,00
SÃO MIGUEL DO IGUAÇU;412570402A;PR;Barro Branco;-25,344;-54,222;2025-03-13 08:00:00.0;0,00
SÃO MIGUEL DO IGUAÇU;412570402A;PR;Barro Branco;-25,344;-54,222;2025-03-13 09:00:00.0;0,00
SÃO MIGUEL DO IGUAÇU;412570402A;PR;Barro Branco;-25,344;-54,222;2025-03-13 10:00:00.0;0,00
SÃO MIGUEL DO IGUAÇU;412570402A;PR;Barro Branco;-25,344;-54,222;2025-03-13 11:00:00.0;0,00
SÃO MIGUEL DO IGUAÇU;412570402A;PR;Barro Branco;-25,344;-54,222;2025-03-13 12:00:00.0;0,00
SÃO MIGUEL DO IGUAÇU;412570402A;PR;Barro Branco;-25,344;-54,222;2025-03-13 13:00:00.0;0,00
SÃO MIGUEL DO IGUAÇU;412570402A;PR;Barro Branco;-25,344;-54,222;2025-03-13 14:00:00.0;0,00
SÃO MIGUEL DO IGUAÇU;412570402A;PR;Barro Branco;-25,344;-54,222;2025-03-13 15:00:00.0;0,00
SÃO MIGUEL DO IGUAÇU;412570402A;PR;Barro Branco;-25,344;-54,222;2025-03-13 16:00:00.0;0,00
SÃO MIGUEL DO IGUAÇU;412570402A;PR;Barro Branco;-25,344;-54,222;2025-03-13 17:00:00.0;0,00
SÃO MIGUEL DO IGUAÇU;412570402A;PR;Barro Branco;-25,344;-54,222;2025-03-13 18:00:00.0;0,00
SÃO MIGUEL DO IGUAÇU;412570402A;PR;Barro Branco;-25,344;-54,222;2025-03-13 19:00:00.0;0,00
SÃO MIGUEL DO IGUAÇU;412570402A;PR;Barro Branco;-25,344;-54,222;2025-03-13 20:00:00.0;0,00
SÃO MIGUEL DO IGUAÇU;412570402A;PR;Barro Branco;-25,344;-54,222;2025-03-13 21:00:00.0;0,00
SÃO MIGUEL DO IGUAÇU;412570402A;PR;Barro Branco;-25,344;-54,222;2025-03-13 22:00:00.0;0,00
SÃO MIGUEL DO IGUAÇU;412570402A;PR;Barro Branco;-25,344;-54,222;2025-03-13 23:00:00.0;0,00
SÃO MIGUEL DO IGUAÇU;412570402A;PR;Barro Branco;-25,344;-54,222;2025-03-14 00:00:00.0;0,00
SÃO MIGUEL DO IGUAÇU;412570402A;PR;Barro Branco;-25,344;-54,222;2025-03-14 01:00:00.0;0,00
SÃO MIGUEL DO IGUAÇU;412570402A;PR;Barro Branco;-25,344;-54,222;2025-03-14 02:00:00.0;0,00
SÃO MIGUEL DO IGUAÇU;412570402A;PR;Barro Branco;-25,344;-54,222;2025-03-14 03:00:00.0;0,00
SÃO MIGUEL DO IGUAÇU;412570402A;PR;Barro Branco;-25,344;-54,222;2025-03-14 04:00:00.0;0,00
SÃO MIGUEL DO IGUAÇU;412570402A;PR;Barro Branco;-25,344;-54,222;2025-03-14 05:00:00.0;0,00
SÃO MIGUEL DO IGUAÇU;412570402A;PR;Barro Branco;-25,344;-54,222;2025-03-14 06:00:00.0;0,00
SÃO MIGUEL DO IGUAÇU;412570402A;PR;Barro Branco;-25,344;-54,222;2025-03-14 07:00:00.0;0,00
SÃO MIGUEL DO IGUAÇU;412570402A;PR;Barro Branco;-25,344;-54,222;2025-03-14 08:00:00.0;0,00
SÃO MIGUEL DO IGUAÇU;412570402A;PR;Barro Branco;-25,344;-54,222;2025-03-14 09:00:00.0;0,00
SÃO MIGUEL DO IGUAÇU;412570402A;PR;Barro Branco;-25,344;-54,222;2025-03-14 10:00:00.0;0,00
SÃO MIGUEL DO IGUAÇU;412570402A;PR;Barro Branco;-25,344;-54,222;2025-03-14 11:00:00.0;0,00
SÃO MIGUEL DO IGUAÇU;412570402A;PR;Barro Branco;-25,344;-54,222;2025-03-14 12:00:00.0;0,00
SÃO MIGUEL DO IGUAÇU;412570402A;PR;Barro Branco;-25,344;-54,222;2025-03-14 13:00:00.0;0,00
SÃO MIGUEL DO IGUAÇU;412570402A;PR;Barro Branco;-25,344;-54,222;2025-03-14 14:00:00.0;0,00
SÃO MIGUEL DO IGUAÇU;412570402A;PR;Barro Branco;-25,344;-54,222;2025-03-14 15:00:00.0;0,00
SÃO MIGUEL DO IGUAÇU;412570402A;PR;Barro Branco;-25,344;-54,222;2025-03-14 16:00:00.0;0,00
SÃO MIGUEL DO IGUAÇU;412570402A;PR;Barro Branco;-25,344;-54,222;2025-03-14 17:00:00.0;0,00
SÃO MIGUEL DO IGUAÇU;412570402A;PR;Barro Branco;-25,344;-54,222;2025-03-14 18:00:00.0;0,00
SÃO MIGUEL DO IGUAÇU;412570402A;PR;Barro Branco;-25,344;-54,222;2025-03-14 19:00:00.0;0,00
SÃO MIGUEL DO IGUAÇU;412570402A;PR;Barro Branco;-25,344;-54,222;2025-03-14 20:00:00.0;0,00
SÃO MIGUEL DO IGUAÇU;412570402A;PR;Barro Branco;-25,344;-54,222;2025-03-14 21:00:00.0;0,00
SÃO MIGUEL DO IGUAÇU;412570402A;PR;Barro Branco;-25,344;-54,222;2025-03-14 22:00:00.0;0,00
SÃO MIGUEL DO IGUAÇU;412570402A;PR;Barro Branco;-25,344;-54,222;2025-03-14 23:00:00.0;0,00
SÃO MIGUEL DO IGUAÇU;412570402A;PR;Barro Branco;-25,344;-54,222;2025-03-15 00:00:00.0;0,00
SÃO MIGUEL DO IGUAÇU;412570402A;PR;Barro Branco;-25,344;-54,222;2025-03-15 01:00:00.0;0,00
SÃO MIGUEL DO IGUAÇU;412570402A;PR;Barro Branco;-25,344;-54,222;2025-03-15 02:00:00.0;0,00
SÃO MIGUEL DO IGUAÇU;412570402A;PR;Barro Branco;-25,344;-54,222;2025-03-15 03:00:00.0;0,00
SÃO MIGUEL DO IGUAÇU;412570402A;PR;Barro Branco;-25,344;-54,222;2025-03-15 04:00:00.0;0,00
SÃO MIGUEL DO IGUAÇU;412570402A;PR;Barro Branco;-25,344;-54,222;2025-03-15 05:00:00.0;0,00
SÃO MIGUEL DO IGUAÇU;412570402A;PR;Barro Branco;-25,344;-54,222;2025-03-15 06:00:00.0;0,00
SÃO MIGUEL DO IGUAÇU;412570402A;PR;Barro Branco;-25,344;-54,222;2025-03-15 07:00:00.0;0,00
SÃO MIGUEL DO IGUAÇU;412570402A;PR;Barro Branco;-25,344;-54,222;2025-03-15 08:00:00.0;0,00
SÃO MIGUEL DO IGUAÇU;412570402A;PR;Barro Branco;-25,344;-54,222;2025-03-15 09:00:00.0;0,00
SÃO MIGUEL DO IGUAÇU;412570402A;PR;Barro Branco;-25,344;-54,222;2025-03-15 10:00:00.0;0,00
SÃO MIGUEL DO IGUAÇU;412570402A;PR;Barro Branco;-25,344;-54,222;2025-03-15 11:00:00.0;0,00
SÃO MIGUEL DO IGUAÇU;412570402A;PR;Barro Branco;-25,344;-54,222;2025-03-15 12:00:00.0;0,00
SÃO MIGUEL DO IGUAÇU;412570402A;PR;Barro Branco;-25,344;-54,222;2025-03-15 13:00:00.0;0,00
SÃO MIGUEL DO IGUAÇU;412570402A;PR;Barro Branco;-25,344;-54,222;2025-03-15 14:00:00.0;0,00
SÃO MIGUEL DO IGUAÇU;412570402A;PR;Barro Branco;-25,344;-54,222;2025-03-15 14:10:00.0;0,42
SÃO MIGUEL DO IGUAÇU;412570402A;PR;Barro Branco;-25,344;-54,222;2025-03-15 14:30:00.0;0,20
SÃO MIGUEL DO IGUAÇU;412570402A;PR;Barro Branco;-25,344;-54,222;2025-03-15 15:00:00.0;0,00
SÃO MIGUEL DO IGUAÇU;412570402A;PR;Barro Branco;-25,344;-54,222;2025-03-15 15:40:00.0;0,20
SÃO MIGUEL DO IGUAÇU;412570402A;PR;Barro Branco;-25,344;-54,222;2025-03-15 16:00:00.0;0,20
SÃO MIGUEL DO IGUAÇU;412570402A;PR;Barro Branco;-25,344;-54,222;2025-03-15 17:00:00.0;0,00
SÃO MIGUEL DO IGUAÇU;412570402A;PR;Barro Branco;-25,344;-54,222;2025-03-15 18:00:00.0;0,00
SÃO MIGUEL DO IGUAÇU;412570402A;PR;Barro Branco;-25,344;-54,222;2025-03-15 19:00:00.0;0,00
SÃO MIGUEL DO IGUAÇU;412570402A;PR;Barro Branco;-25,344;-54,222;2025-03-15 20:00:00.0;0,00
SÃO MIGUEL DO IGUAÇU;412570402A;PR;Barro Branco;-25,344;-54,222;2025-03-15 21:00:00.0;0,00
SÃO MIGUEL DO IGUAÇU;412570402A;PR;Barro Branco;-25,344;-54,222;2025-03-15 22:00:00.0;0,00
SÃO MIGUEL DO IGUAÇU;412570402A;PR;Barro Branco;-25,344;-54,222;2025-03-15 23:00:00.0;0,00
SÃO MIGUEL DO IGUAÇU;412570402A;PR;Barro Branco;-25,344;-54,222;2025-03-16 00:00:00.0;0,00
SÃO MIGUEL DO IGUAÇU;412570402A;PR;Barro Branco;-25,344;-54,222;2025-03-16 01:00:00.0;0,00
SÃO MIGUEL DO IGUAÇU;412570402A;PR;Barro Branco;-25,344;-54,222;2025-03-16 02:00:00.0;0,00
SÃO MIGUEL DO IGUAÇU;412570402A;PR;Barro Branco;-25,344;-54,222;2025-03-16 03:00:00.0;0,00
SÃO MIGUEL DO IGUAÇU;412570402A;PR;Barro Branco;-25,344;-54,222;2025-03-16 04:00:00.0;0,00
SÃO MIGUEL DO IGUAÇU;412570402A;PR;Barro Branco;-25,344;-54,222;2025-03-16 05:00:00.0;0,00
SÃO MIGUEL DO IGUAÇU;412570402A;PR;Barro Branco;-25,344;-54,222;2025-03-16 06:00:00.0;0,00
SÃO MIGUEL DO IGUAÇU;412570402A;PR;Barro Branco;-25,344;-54,222;2025-03-16 07:00:00.0;0,00
SÃO MIGUEL DO IGUAÇU;412570402A;PR;Barro Branco;-25,344;-54,222;2025-03-16 08:00:00.0;0,00
SÃO MIGUEL DO IGUAÇU;412570402A;PR;Barro Branco;-25,344;-54,222;2025-03-16 09:00:00.0;0,00
SÃO MIGUEL DO IGUAÇU;412570402A;PR;Barro Branco;-25,344;-54,222;2025-03-16 10:00:00.0;0,00
SÃO MIGUEL DO IGUAÇU;412570402A;PR;Barro Branco;-25,344;-54,222;2025-03-16 11:00:00.0;0,00
SÃO MIGUEL DO IGUAÇU;412570402A;PR;Barro Branco;-25,344;-54,222;2025-03-16 12:00:00.0;0,00
SÃO MIGUEL DO IGUAÇU;412570402A;PR;Barro Branco;-25,344;-54,222;2025-03-16 13:00:00.0;0,00
SÃO MIGUEL DO IGUAÇU;412570402A;PR;Barro Branco;-25,344;-54,222;2025-03-16 14:00:00.0;0,00
SÃO MIGUEL DO IGUAÇU;412570402A;PR;Barro Branco;-25,344;-54,222;2025-03-16 15:00:00.0;0,00
SÃO MIGUEL DO IGUAÇU;412570402A;PR;Barro Branco;-25,344;-54,222;2025-03-16 16:00:00.0;0,00
SÃO MIGUEL DO IGUAÇU;412570402A;PR;Barro Branco;-25,344;-54,222;2025-03-16 17:00:00.0;0,00
SÃO MIGUEL DO IGUAÇU;412570402A;PR;Barro Branco;-25,344;-54,222;2025-03-16 18:00:00.0;0,00
SÃO MIGUEL DO IGUAÇU;412570402A;PR;Barro Branco;-25,344;-54,222;2025-03-16 19:00:00.0;0,00
SÃO MIGUEL DO IGUAÇU;412570402A;PR;Barro Branco;-25,344;-54,222;2025-03-16 20:00:00.0;0,00
SÃO MIGUEL DO IGUAÇU;412570402A;PR;Barro Branco;-25,344;-54,222;2025-03-16 21:00:00.0;0,00
SÃO MIGUEL DO IGUAÇU;412570402A;PR;Barro Branco;-25,344;-54,222;2025-03-16 22:00:00.0;0,00
SÃO MIGUEL DO IGUAÇU;412570402A;PR;Barro Branco;-25,344;-54,222;2025-03-16 23:00:00.0;0,00
SÃO MIGUEL DO IGUAÇU;412570402A;PR;Barro Branco;-25,344;-54,222;2025-03-17 00:00:00.0;0,00
SÃO MIGUEL DO IGUAÇU;412570402A;PR;Barro Branco;-25,344;-54,222;2025-03-17 01:00:00.0;0,00
SÃO MIGUEL DO IGUAÇU;412570402A;PR;Barro Branco;-25,344;-54,222;2025-03-17 02:00:00.0;0,00
SÃO MIGUEL DO IGUAÇU;412570402A;PR;Barro Branco;-25,344;-54,222;2025-03-17 03:00:00.0;0,00
SÃO MIGUEL DO IGUAÇU;412570402A;PR;Barro Branco;-25,344;-54,222;2025-03-17 04:00:00.0;0,00
SÃO MIGUEL DO IGUAÇU;412570402A;PR;Barro Branco;-25,344;-54,222;2025-03-17 05:00:00.0;0,00
SÃO MIGUEL DO IGUAÇU;412570402A;PR;Barro Branco;-25,344;-54,222;2025-03-17 06:00:00.0;0,00
SÃO MIGUEL DO IGUAÇU;412570402A;PR;Barro Branco;-25,344;-54,222;2025-03-17 07:00:00.0;0,00
SÃO MIGUEL DO IGUAÇU;412570402A;PR;Barro Branco;-25,344;-54,222;2025-03-17 08:00:00.0;0,00
SÃO MIGUEL DO IGUAÇU;412570402A;PR;Barro Branco;-25,344;-54,222;2025-03-17 09:00:00.0;0,00
SÃO MIGUEL DO IGUAÇU;412570402A;PR;Barro Branco;-25,344;-54,222;2025-03-17 10:00:00.0;0,00
SÃO MIGUEL DO IGUAÇU;412570402A;PR;Barro Branco;-25,344;-54,222;2025-03-17 11:00:00.0;0,00
SÃO MIGUEL DO IGUAÇU;412570402A;PR;Barro Branco;-25,344;-54,222;2025-03-17 12:00:00.0;0,00
SÃO MIGUEL DO IGUAÇU;412570402A;PR;Barro Branco;-25,344;-54,222;2025-03-17 13:00:00.0;0,00
SÃO MIGUEL DO IGUAÇU;412570402A;PR;Barro Branco;-25,344;-54,222;2025-03-17 14:00:00.0;0,00
SÃO MIGUEL DO IGUAÇU;412570402A;PR;Barro Branco;-25,344;-54,222;2025-03-17 15:00:00.0;0,00
SÃO MIGUEL DO IGUAÇU;412570402A;PR;Barro Branco;-25,344;-54,222;2025-03-17 16:00:00.0;0,00
SÃO MIGUEL DO IGUAÇU;412570402A;PR;Barro Branco;-25,344;-54,222;2025-03-17 17:00:00.0;0,00
SÃO MIGUEL DO IGUAÇU;412570402A;PR;Barro Branco;-25,344;-54,222;2025-03-17 18:00:00.0;0,00
SÃO MIGUEL DO IGUAÇU;412570402A;PR;Barro Branco;-25,344;-54,222;2025-03-17 19:00:00.0;0,00
SÃO MIGUEL DO IGUAÇU;412570402A;PR;Barro Branco;-25,344;-54,222;2025-03-17 20:00:00.0;0,00
SÃO MIGUEL DO IGUAÇU;412570402A;PR;Barro Branco;-25,344;-54,222;2025-03-17 21:00:00.0;0,00
SÃO MIGUEL DO IGUAÇU;412570402A;PR;Barro Branco;-25,344;-54,222;2025-03-17 22:10:00.0;0,00
SÃO MIGUEL DO IGUAÇU;412570402A;PR;Barro Branco;-25,344;-54,222;2025-03-17 23:00:00.0;0,00
SÃO MIGUEL DO IGUAÇU;412570402A;PR;Barro Branco;-25,344;-54,222;2025-03-18 00:00:00.0;0,00
SÃO MIGUEL DO IGUAÇU;412570402A;PR;Barro Branco;-25,344;-54,222;2025-03-18 01:00:00.0;0,00
SÃO MIGUEL DO IGUAÇU;412570402A;PR;Barro Branco;-25,344;-54,222;2025-03-18 02:00:00.0;0,00
SÃO MIGUEL DO IGUAÇU;412570402A;PR;Barro Branco;-25,344;-54,222;2025-03-18 03:00:00.0;0,00
SÃO MIGUEL DO IGUAÇU;412570402A;PR;Barro Branco;-25,344;-54,222;2025-03-18 04:00:00.0;0,00
SÃO MIGUEL DO IGUAÇU;412570402A;PR;Barro Branco;-25,344;-54,222;2025-03-18 05:00:00.0;0,00
SÃO MIGUEL DO IGUAÇU;412570402A;PR;Barro Branco;-25,344;-54,222;2025-03-18 06:00:00.0;0,00
SÃO MIGUEL DO IGUAÇU;412570402A;PR;Barro Branco;-25,344;-54,222;2025-03-18 07:00:00.0;0,00
SÃO MIGUEL DO IGUAÇU;412570402A;PR;Barro Branco;-25,344;-54,222;2025-03-18 08:00:00.0;0,00
SÃO MIGUEL DO IGUAÇU;412570402A;PR;Barro Branco;-25,344;-54,222;2025-03-18 09:00:00.0;0,00
SÃO MIGUEL DO IGUAÇU;412570402A;PR;Barro Branco;-25,344;-54,222;2025-03-18 10:00:00.0;0,00
SÃO MIGUEL DO IGUAÇU;412570402A;PR;Barro Branco;-25,344;-54,222;2025-03-18 11:00:00.0;0,00
SÃO MIGUEL DO IGUAÇU;412570402A;PR;Barro Branco;-25,344;-54,222;2025-03-18 12:00:00.0;0,00
SÃO MIGUEL DO IGUAÇU;412570402A;PR;Barro Branco;-25,344;-54,222;2025-03-18 13:00:00.0;0,00
SÃO MIGUEL DO IGUAÇU;412570402A;PR;Barro Branco;-25,344;-54,222;2025-03-18 14:00:00.0;0,00
SÃO MIGUEL DO IGUAÇU;412570402A;PR;Barro Branco;-25,344;-54,222;2025-03-18 15:00:00.0;0,00
SÃO MIGUEL DO IGUAÇU;412570402A;PR;Barro Branco;-25,344;-54,222;2025-03-18 16:00:00.0;0,00
SÃO MIGUEL DO IGUAÇU;412570402A;PR;Barro Branco;-25,344;-54,222;2025-03-18 17:00:00.0;0,00
SÃO MIGUEL DO IGUAÇU;412570402A;PR;Barro Branco;-25,344;-54,222;2025-03-18 18:00:00.0;0,00
SÃO MIGUEL DO IGUAÇU;412570402A;PR;Barro Branco;-25,344;-54,222;2025-03-18 19:00:00.0;0,00
SÃO MIGUEL DO IGUAÇU;412570402A;PR;Barro Branco;-25,344;-54,222;2025-03-18 20:00:00.0;0,00
SÃO MIGUEL DO IGUAÇU;412570402A;PR;Barro Branco;-25,344;-54,222;2025-03-18 21:00:00.0;0,00
SÃO MIGUEL DO IGUAÇU;412570402A;PR;Barro Branco;-25,344;-54,222;2025-03-18 22:00:00.0;0,00
SÃO MIGUEL DO IGUAÇU;412570402A;PR;Barro Branco;-25,344;-54,222;2025-03-18 23:00:00.0;0,00
SÃO MIGUEL DO IGUAÇU;412570402A;PR;Barro Branco;-25,344;-54,222;2025-03-19 00:00:00.0;0,00
SÃO MIGUEL DO IGUAÇU;412570402A;PR;Barro Branco;-25,344;-54,222;2025-03-19 01:00:00.0;0,00
SÃO MIGUEL DO IGUAÇU;412570402A;PR;Barro Branco;-25,344;-54,222;2025-03-19 02:00:00.0;0,00
SÃO MIGUEL DO IGUAÇU;412570402A;PR;Barro Branco;-25,344;-54,222;2025-03-19 03:00:00.0;0,00
SÃO MIGUEL DO IGUAÇU;412570402A;PR;Barro Branco;-25,344;-54,222;2025-03-19 04:00:00.0;0,00
SÃO MIGUEL DO IGUAÇU;412570402A;PR;Barro Branco;-25,344;-54,222;2025-03-19 05:00:00.0;0,00
SÃO MIGUEL DO IGUAÇU;412570402A;PR;Barro Branco;-25,344;-54,222;2025-03-19 06:00:00.0;0,00
SÃO MIGUEL DO IGUAÇU;412570402A;PR;Barro Branco;-25,344;-54,222;2025-03-19 07:00:00.0;0,00
SÃO MIGUEL DO IGUAÇU;412570402A;PR;Barro Branco;-25,344;-54,222;2025-03-19 08:00:00.0;0,00
SÃO MIGUEL DO IGUAÇU;412570402A;PR;Barro Branco;-25,344;-54,222;2025-03-19 09:00:00.0;0,00
SÃO MIGUEL DO IGUAÇU;412570402A;PR;Barro Branco;-25,344;-54,222;2025-03-19 10:00:00.0;0,00
SÃO MIGUEL DO IGUAÇU;412570402A;PR;Barro Branco;-25,344;-54,222;2025-03-19 11:00:00.0;0,00
SÃO MIGUEL DO IGUAÇU;412570402A;PR;Barro Branco;-25,344;-54,222;2025-03-19 12:00:00.0;0,00
SÃO MIGUEL DO IGUAÇU;412570402A;PR;Barro Branco;-25,344;-54,222;2025-03-19 13:00:00.0;0,00
SÃO MIGUEL DO IGUAÇU;412570402A;PR;Barro Branco;-25,344;-54,222;2025-03-19 14:00:00.0;0,00
SÃO MIGUEL DO IGUAÇU;412570402A;PR;Barro Branco;-25,344;-54,222;2025-03-19 15:00:00.0;0,00
SÃO MIGUEL DO IGUAÇU;412570402A;PR;Barro Branco;-25,344;-54,222;2025-03-19 16:00:00.0;0,00
SÃO MIGUEL DO IGUAÇU;412570402A;PR;Barro Branco;-25,344;-54,222;2025-03-19 17:00:00.0;0,00
SÃO MIGUEL DO IGUAÇU;412570402A;PR;Barro Branco;-25,344;-54,222;2025-03-19 18:00:00.0;0,00
SÃO MIGUEL DO IGUAÇU;412570402A;PR;Barro Branco;-25,344;-54,222;2025-03-19 19:00:00.0;0,00
SÃO MIGUEL DO IGUAÇU;412570402A;PR;Barro Branco;-25,344;-54,222;2025-03-19 20:00:00.0;0,00
SÃO MIGUEL DO IGUAÇU;412570402A;PR;Barro Branco;-25,344;-54,222;2025-03-19 21:00:00.0;0,00
SÃO MIGUEL DO IGUAÇU;412570402A;PR;Barro Branco;-25,344;-54,222;2025-03-19 22:00:00.0;0,00
SÃO MIGUEL DO IGUAÇU;412570402A;PR;Barro Branco;-25,344;-54,222;2025-03-19 23:00:00.0;0,00
SÃO MIGUEL DO IGUAÇU;412570402A;PR;Barro Branco;-25,344;-54,222;2025-03-20 00:00:00.0;0,00
SÃO MIGUEL DO IGUAÇU;412570402A;PR;Barro Branco;-25,344;-54,222;2025-03-20 01:00:00.0;0,00
SÃO MIGUEL DO IGUAÇU;412570402A;PR;Barro Branco;-25,344;-54,222;2025-03-20 02:00:00.0;0,00
SÃO MIGUEL DO IGUAÇU;412570402A;PR;Barro Branco;-25,344;-54,222;2025-03-20 03:00:00.0;0,00
SÃO MIGUEL DO IGUAÇU;412570402A;PR;Barro Branco;-25,344;-54,222;2025-03-20 04:00:00.0;0,00
SÃO MIGUEL DO IGUAÇU;412570402A;PR;Barro Branco;-25,344;-54,222;2025-03-20 05:00:00.0;0,00
SÃO MIGUEL DO IGUAÇU;412570402A;PR;Barro Branco;-25,344;-54,222;2025-03-20 06:00:00.0;0,00
SÃO MIGUEL DO IGUAÇU;412570402A;PR;Barro Branco;-25,344;-54,222;2025-03-20 07:00:00.0;0,00
SÃO MIGUEL DO IGUAÇU;412570402A;PR;Barro Branco;-25,344;-54,222;2025-03-20 08:00:00.0;0,00
SÃO MIGUEL DO IGUAÇU;412570402A;PR;Barro Branco;-25,344;-54,222;2025-03-20 09:00:00.0;0,00
SÃO MIGUEL DO IGUAÇU;412570402A;PR;Barro Branco;-25,344;-54,222;2025-03-20 10:00:00.0;0,00
SÃO MIGUEL DO IGUAÇU;412570402A;PR;Barro Branco;-25,344;-54,222;2025-03-20 11:00:00.0;0,00
SÃO MIGUEL DO IGUAÇU;412570402A;PR;Barro Branco;-25,344;-54,222;2025-03-20 12:00:00.0;0,00
SÃO MIGUEL DO IGUAÇU;412570402A;PR;Barro Branco;-25,344;-54,222;2025-03-20 13:00:00.0;0,00
SÃO MIGUEL DO IGUAÇU;412570402A;PR;Barro Branco;-25,344;-54,222;2025-03-20 14:00:00.0;0,00
SÃO MIGUEL DO IGUAÇU;412570402A;PR;Barro Branco;-25,344;-54,222;2025-03-20 15:00:00.0;0,00
SÃO MIGUEL DO IGUAÇU;412570402A;PR;Barro Branco;-25,344;-54,222;2025-03-20 16:00:00.0;0,00
SÃO MIGUEL DO IGUAÇU;412570402A;PR;Barro Branco;-25,344;-54,222;2025-03-20 17:00:00.0;0,00
SÃO MIGUEL DO IGUAÇU;412570402A;PR;Barro Branco;-25,344;-54,222;2025-03-20 18:00:00.0;0,00
SÃO MIGUEL DO IGUAÇU;412570402A;PR;Barro Branco;-25,344;-54,222;2025-03-20 19:00:00.0;0,00
SÃO MIGUEL DO IGUAÇU;412570402A;PR;Barro Branco;-25,344;-54,222;2025-03-20 20:00:00.0;0,00
SÃO MIGUEL DO IGUAÇU;412570402A;PR;Barro Branco;-25,344;-54,222;2025-03-20 21:00:00.0;0,00
SÃO MIGUEL DO IGUAÇU;412570402A;PR;Barro Branco;-25,344;-54,222;2025-03-20 22:00:00.0;0,00
SÃO MIGUEL DO IGUAÇU;412570402A;PR;Barro Branco;-25,344;-54,222;2025-03-20 23:00:00.0;0,00
SÃO MIGUEL DO IGUAÇU;412570402A;PR;Barro Branco;-25,344;-54,222;2025-03-21 00:00:00.0;0,00
SÃO MIGUEL DO IGUAÇU;412570402A;PR;Barro Branco;-25,344;-54,222;2025-03-21 01:00:00.0;0,00
SÃO MIGUEL DO IGUAÇU;412570402A;PR;Barro Branco;-25,344;-54,222;2025-03-21 02:00:00.0;0,00
SÃO MIGUEL DO IGUAÇU;412570402A;PR;Barro Branco;-25,344;-54,222;2025-03-21 03:00:00.0;0,00
SÃO MIGUEL DO IGUAÇU;412570402A;PR;Barro Branco;-25,344;-54,222;2025-03-21 04:00:00.0;0,00
SÃO MIGUEL DO IGUAÇU;412570402A;PR;Barro Branco;-25,344;-54,222;2025-03-21 05:00:00.0;0,00
SÃO MIGUEL DO IGUAÇU;412570402A;PR;Barro Branco;-25,344;-54,222;2025-03-21 06:00:00.0;0,00
SÃO MIGUEL DO IGUAÇU;412570402A;PR;Barro Branco;-25,344;-54,222;2025-03-21 07:00:00.0;0,00
SÃO MIGUEL DO IGUAÇU;412570402A;PR;Barro Branco;-25,344;-54,222;2025-03-21 08:00:00.0;0,00
SÃO MIGUEL DO IGUAÇU;412570402A;PR;Barro Branco;-25,344;-54,222;2025-03-21 09:00:00.0;0,00
SÃO MIGUEL DO IGUAÇU;412570402A;PR;Barro Branco;-25,344;-54,222;2025-03-21 10:00:00.0;0,00
SÃO MIGUEL DO IGUAÇU;412570402A;PR;Barro Branco;-25,344;-54,222;2025-03-21 11:00:00.0;0,00
SÃO MIGUEL DO IGUAÇU;412570402A;PR;Barro Branco;-25,344;-54,222;2025-03-21 12:00:00.0;0,00
SÃO MIGUEL DO IGUAÇU;412570402A;PR;Barro Branco;-25,344;-54,222;2025-03-21 13:00:00.0;0,00
SÃO MIGUEL DO IGUAÇU;412570402A;PR;Barro Branco;-25,344;-54,222;2025-03-21 14:00:00.0;0,00
SÃO MIGUEL DO IGUAÇU;412570402A;PR;Barro Branco;-25,344;-54,222;2025-03-21 15:00:00.0;0,00
SÃO MIGUEL DO IGUAÇU;412570402A;PR;Barro Branco;-25,344;-54,222;2025-03-21 16:00:00.0;0,00
SÃO MIGUEL DO IGUAÇU;412570402A;PR;Barro Branco;-25,344;-54,222;2025-03-21 17:00:00.0;0,00
SÃO MIGUEL DO IGUAÇU;412570402A;PR;Barro Branco;-25,344;-54,222;2025-03-21 18:00:00.0;0,00
SÃO MIGUEL DO IGUAÇU;412570402A;PR;Barro Branco;-25,344;-54,222;2025-03-21 19:00:00.0;0,00
SÃO MIGUEL DO IGUAÇU;412570402A;PR;Barro Branco;-25,344;-54,222;2025-03-21 20:00:00.0;0,00
SÃO MIGUEL DO IGUAÇU;412570402A;PR;Barro Branco;-25,344;-54,222;2025-03-21 21:00:00.0;0,00
SÃO MIGUEL DO IGUAÇU;412570402A;PR;Barro Branco;-25,344;-54,222;2025-03-21 22:00:00.0;0,00
SÃO MIGUEL DO IGUAÇU;412570402A;PR;Barro Branco;-25,344;-54,222;2025-03-21 23:00:00.0;0,00
SÃO MIGUEL DO IGUAÇU;412570402A;PR;Barro Branco;-25,344;-54,222;2025-03-22 00:00:00.0;0,00
SÃO MIGUEL DO IGUAÇU;412570402A;PR;Barro Branco;-25,344;-54,222;2025-03-22 01:00:00.0;0,00
SÃO MIGUEL DO IGUAÇU;412570402A;PR;Barro Branco;-25,344;-54,222;2025-03-22 02:00:00.0;0,00
SÃO MIGUEL DO IGUAÇU;412570402A;PR;Barro Branco;-25,344;-54,222;2025-03-22 03:00:00.0;0,00
SÃO MIGUEL DO IGUAÇU;412570402A;PR;Barro Branco;-25,344;-54,222;2025-03-22 04:00:00.0;0,00
SÃO MIGUEL DO IGUAÇU;412570402A;PR;Barro Branco;-25,344;-54,222;2025-03-22 05:00:00.0;0,00
SÃO MIGUEL DO IGUAÇU;412570402A;PR;Barro Branco;-25,344;-54,222;2025-03-22 06:00:00.0;0,00
SÃO MIGUEL DO IGUAÇU;412570402A;PR;Barro Branco;-25,344;-54,222;2025-03-22 07:00:00.0;0,00
SÃO MIGUEL DO IGUAÇU;412570402A;PR;Barro Branco;-25,344;-54,222;2025-03-22 08:00:00.0;0,00
SÃO MIGUEL DO IGUAÇU;412570402A;PR;Barro Branco;-25,344;-54,222;2025-03-22 09:00:00.0;0,00
SÃO MIGUEL DO IGUAÇU;412570402A;PR;Barro Branco;-25,344;-54,222;2025-03-22 10:00:00.0;0,00
SÃO MIGUEL DO IGUAÇU;412570402A;PR;Barro Branco;-25,344;-54,222;2025-03-22 11:00:00.0;0,00
SÃO MIGUEL DO IGUAÇU;412570402A;PR;Barro Branco;-25,344;-54,222;2025-03-22 12:00:00.0;0,00
SÃO MIGUEL DO IGUAÇU;412570402A;PR;Barro Branco;-25,344;-54,222;2025-03-22 13:00:00.0;0,00
SÃO MIGUEL DO IGUAÇU;412570402A;PR;Barro Branco;-25,344;-54,222;2025-03-22 14:00:00.0;0,00
SÃO MIGUEL DO IGUAÇU;412570402A;PR;Barro Branco;-25,344;-54,222;2025-03-22 15:00:00.0;0,00
SÃO MIGUEL DO IGUAÇU;412570402A;PR;Barro Branco;-25,344;-54,222;2025-03-22 16:00:00.0;0,00
SÃO MIGUEL DO IGUAÇU;412570402A;PR;Barro Branco;-25,344;-54,222;2025-03-22 17:00:00.0;0,00
SÃO MIGUEL DO IGUAÇU;412570402A;PR;Barro Branco;-25,344;-54,222;2025-03-22 18:00:00.0;0,00
SÃO MIGUEL DO IGUAÇU;412570402A;PR;Barro Branco;-25,344;-54,222;2025-03-22 19:00:00.0;0,00
SÃO MIGUEL DO IGUAÇU;412570402A;PR;Barro Branco;-25,344;-54,222;2025-03-22 20:00:00.0;0,00
SÃO MIGUEL DO IGUAÇU;412570402A;PR;Barro Branco;-25,344;-54,222;2025-03-22 21:00:00.0;0,00
SÃO MIGUEL DO IGUAÇU;412570402A;PR;Barro Branco;-25,344;-54,222;2025-03-22 22:00:00.0;0,00
SÃO MIGUEL DO IGUAÇU;412570402A;PR;Barro Branco;-25,344;-54,222;2025-03-22 23:00:00.0;0,00
SÃO MIGUEL DO IGUAÇU;412570402A;PR;Barro Branco;-25,344;-54,222;2025-03-23 00:00:00.0;0,00
SÃO MIGUEL DO IGUAÇU;412570402A;PR;Barro Branco;-25,344;-54,222;2025-03-23 01:00:00.0;0,00
SÃO MIGUEL DO IGUAÇU;412570402A;PR;Barro Branco;-25,344;-54,222;2025-03-23 02:00:00.0;0,00
SÃO MIGUEL DO IGUAÇU;412570402A;PR;Barro Branco;-25,344;-54,222;2025-03-23 03:00:00.0;0,00
SÃO MIGUEL DO IGUAÇU;412570402A;PR;Barro Branco;-25,344;-54,222;2025-03-23 04:00:00.0;0,00
SÃO MIGUEL DO IGUAÇU;412570402A;PR;Barro Branco;-25,344;-54,222;2025-03-23 05:00:00.0;0,00
SÃO MIGUEL DO IGUAÇU;412570402A;PR;Barro Branco;-25,344;-54,222;2025-03-23 06:00:00.0;0,00
SÃO MIGUEL DO IGUAÇU;412570402A;PR;Barro Branco;-25,344;-54,222;2025-03-23 07:00:00.0;0,00
SÃO MIGUEL DO IGUAÇU;412570402A;PR;Barro Branco;-25,344;-54,222;2025-03-23 08:00:00.0;0,00
SÃO MIGUEL DO IGUAÇU;412570402A;PR;Barro Branco;-25,344;-54,222;2025-03-23 09:00:00.0;0,00
SÃO MIGUEL DO IGUAÇU;412570402A;PR;Barro Branco;-25,344;-54,222;2025-03-23 10:00:00.0;0,00
SÃO MIGUEL DO IGUAÇU;412570402A;PR;Barro Branco;-25,344;-54,222;2025-03-23 11:00:00.0;0,00
SÃO MIGUEL DO IGUAÇU;412570402A;PR;Barro Branco;-25,344;-54,222;2025-03-23 12:00:00.0;0,00
SÃO MIGUEL DO IGUAÇU;412570402A;PR;Barro Branco;-25,344;-54,222;2025-03-23 13:00:00.0;0,00
SÃO MIGUEL DO IGUAÇU;412570402A;PR;Barro Branco;-25,344;-54,222;2025-03-23 14:00:00.0;0,00
SÃO MIGUEL DO IGUAÇU;412570402A;PR;Barro Branco;-25,344;-54,222;2025-03-23 15:00:00.0;0,00
SÃO MIGUEL DO IGUAÇU;412570402A;PR;Barro Branco;-25,344;-54,222;2025-03-23 16:00:00.0;0,00
SÃO MIGUEL DO IGUAÇU;412570402A;PR;Barro Branco;-25,344;-54,222;2025-03-23 17:00:00.0;0,00
SÃO MIGUEL DO IGUAÇU;412570402A;PR;Barro Branco;-25,344;-54,222;2025-03-23 17:30:00.0;1,97
SÃO MIGUEL DO IGUAÇU;412570402A;PR;Barro Branco;-25,344;-54,222;2025-03-23 17:40:00.0;0,59
SÃO MIGUEL DO IGUAÇU;412570402A;PR;Barro Branco;-25,344;-54,222;2025-03-23 17:50:00.0;0,20
SÃO MIGUEL DO IGUAÇU;412570402A;PR;Barro Branco;-25,344;-54,222;2025-03-23 18:00:00.0;0,00
SÃO MIGUEL DO IGUAÇU;412570402A;PR;Barro Branco;-25,344;-54,222;2025-03-23 19:00:00.0;0,00
SÃO MIGUEL DO IGUAÇU;412570402A;PR;Barro Branco;-25,344;-54,222;2025-03-23 20:00:00.0;0,00
SÃO MIGUEL DO IGUAÇU;412570402A;PR;Barro Branco;-25,344;-54,222;2025-03-23 21:00:00.0;0,00
SÃO MIGUEL DO IGUAÇU;412570402A;PR;Barro Branco;-25,344;-54,222;2025-03-23 22:00:00.0;0,00
SÃO MIGUEL DO IGUAÇU;412570402A;PR;Barro Branco;-25,344;-54,222;2025-03-23 23:00:00.0;0,00
SÃO MIGUEL DO IGUAÇU;412570402A;PR;Barro Branco;-25,344;-54,222;2025-03-24 00:00:00.0;0,00
SÃO MIGUEL DO IGUAÇU;412570402A;PR;Barro Branco;-25,344;-54,222;2025-03-24 01:00:00.0;0,00
SÃO MIGUEL DO IGUAÇU;412570402A;PR;Barro Branco;-25,344;-54,222;2025-03-24 02:00:00.0;0,00
SÃO MIGUEL DO IGUAÇU;412570402A;PR;Barro Branco;-25,344;-54,222;2025-03-24 03:00:00.0;0,00
SÃO MIGUEL DO IGUAÇU;412570402A;PR;Barro Branco;-25,344;-54,222;2025-03-24 04:00:00.0;0,00
SÃO MIGUEL DO IGUAÇU;412570402A;PR;Barro Branco;-25,344;-54,222;2025-03-24 05:00:00.0;0,00
SÃO MIGUEL DO IGUAÇU;412570402A;PR;Barro Branco;-25,344;-54,222;2025-03-24 06:00:00.0;0,00
SÃO MIGUEL DO IGUAÇU;412570402A;PR;Barro Branco;-25,344;-54,222;2025-03-24 07:00:00.0;0,00
SÃO MIGUEL DO IGUAÇU;412570402A;PR;Barro Branco;-25,344;-54,222;2025-03-24 08:00:00.0;0,00
SÃO MIGUEL DO IGUAÇU;412570402A;PR;Barro Branco;-25,344;-54,222;2025-03-24 09:00:00.0;0,00
SÃO MIGUEL DO IGUAÇU;412570402A;PR;Barro Branco;-25,344;-54,222;2025-03-24 10:00:00.0;0,00
SÃO MIGUEL DO IGUAÇU;412570402A;PR;Barro Branco;-25,344;-54,222;2025-03-24 11:00:00.0;0,00
SÃO MIGUEL DO IGUAÇU;412570402A;PR;Barro Branco;-25,344;-54,222;2025-03-24 12:00:00.0;0,00
SÃO MIGUEL DO IGUAÇU;412570402A;PR;Barro Branco;-25,344;-54,222;2025-03-24 13:00:00.0;0,00
SÃO MIGUEL DO IGUAÇU;412570402A;PR;Barro Branco;-25,344;-54,222;2025-03-24 14:00:00.0;0,00
SÃO MIGUEL DO IGUAÇU;412570402A;PR;Barro Branco;-25,344;-54,222;2025-03-24 15:00:00.0;0,00
SÃO MIGUEL DO IGUAÇU;412570402A;PR;Barro Branco;-25,344;-54,222;2025-03-24 16:00:00.0;0,00
SÃO MIGUEL DO IGUAÇU;412570402A;PR;Barro Branco;-25,344;-54,222;2025-03-24 17:00:00.0;0,00
SÃO MIGUEL DO IGUAÇU;412570402A;PR;Barro Branco;-25,344;-54,222;2025-03-24 18:00:00.0;0,00
SÃO MIGUEL DO IGUAÇU;412570402A;PR;Barro Branco;-25,344;-54,222;2025-03-24 19:00:00.0;0,00
SÃO MIGUEL DO IGUAÇU;412570402A;PR;Barro Branco;-25,344;-54,222;2025-03-24 20:00:00.0;0,00
SÃO MIGUEL DO IGUAÇU;412570402A;PR;Barro Branco;-25,344;-54,222;2025-03-24 21:00:00.0;0,00
SÃO MIGUEL DO IGUAÇU;412570402A;PR;Barro Branco;-25,344;-54,222;2025-03-24 22:00:00.0;0,00
SÃO MIGUEL DO IGUAÇU;412570402A;PR;Barro Branco;-25,344;-54,222;2025-03-24 23:00:00.0;0,00
SÃO MIGUEL DO IGUAÇU;412570402A;PR;Barro Branco;-25,344;-54,222;2025-03-25 00:00:00.0;0,00
SÃO MIGUEL DO IGUAÇU;412570402A;PR;Barro Branco;-25,344;-54,222;2025-03-25 01:00:00.0;0,00
SÃO MIGUEL DO IGUAÇU;412570402A;PR;Barro Branco;-25,344;-54,222;2025-03-25 02:00:00.0;0,00
SÃO MIGUEL DO IGUAÇU;412570402A;PR;Barro Branco;-25,344;-54,222;2025-03-25 03:00:00.0;0,00
SÃO MIGUEL DO IGUAÇU;412570402A;PR;Barro Branco;-25,344;-54,222;2025-03-25 04:00:00.0;0,00
SÃO MIGUEL DO IGUAÇU;412570402A;PR;Barro Branco;-25,344;-54,222;2025-03-25 05:00:00.0;0,00
SÃO MIGUEL DO IGUAÇU;412570402A;PR;Barro Branco;-25,344;-54,222;2025-03-25 06:00:00.0;0,00
SÃO MIGUEL DO IGUAÇU;412570402A;PR;Barro Branco;-25,344;-54,222;2025-03-25 07:00:00.0;0,00
SÃO MIGUEL DO IGUAÇU;412570402A;PR;Barro Branco;-25,344;-54,222;2025-03-25 08:00:00.0;0,00
SÃO MIGUEL DO IGUAÇU;412570402A;PR;Barro Branco;-25,344;-54,222;2025-03-25 09:00:00.0;0,00
SÃO MIGUEL DO IGUAÇU;412570402A;PR;Barro Branco;-25,344;-54,222;2025-03-25 10:00:00.0;0,00
SÃO MIGUEL DO IGUAÇU;412570402A;PR;Barro Branco;-25,344;-54,222;2025-03-25 11:00:00.0;0,00
SÃO MIGUEL DO IGUAÇU;412570402A;PR;Barro Branco;-25,344;-54,222;2025-03-25 12:00:00.0;0,00
SÃO MIGUEL DO IGUAÇU;412570402A;PR;Barro Branco;-25,344;-54,222;2025-03-25 13:00:00.0;0,00
SÃO MIGUEL DO IGUAÇU;412570402A;PR;Barro Branco;-25,344;-54,222;2025-03-25 14:00:00.0;0,00
SÃO MIGUEL DO IGUAÇU;412570402A;PR;Barro Branco;-25,344;-54,222;2025-03-25 15:00:00.0;0,00
SÃO MIGUEL DO IGUAÇU;412570402A;PR;Barro Branco;-25,344;-54,222;2025-03-25 16:00:00.0;0,00
SÃO MIGUEL DO IGUAÇU;412570402A;PR;Barro Branco;-25,344;-54,222;2025-03-25 17:00:00.0;0,00
SÃO MIGUEL DO IGUAÇU;412570402A;PR;Barro Branco;-25,344;-54,222;2025-03-25 18:00:00.0;0,00
SÃO MIGUEL DO IGUAÇU;412570402A;PR;Barro Branco;-25,344;-54,222;2025-03-25 18:40:00.0;0,40
SÃO MIGUEL DO IGUAÇU;412570402A;PR;Barro Branco;-25,344;-54,222;2025-03-25 19:00:00.0;0,00
SÃO MIGUEL DO IGUAÇU;412570402A;PR;Barro Branco;-25,344;-54,222;2025-03-25 19:20:00.0;0,59
SÃO MIGUEL DO IGUAÇU;412570402A;PR;Barro Branco;-25,344;-54,222;2025-03-25 19:30:00.0;0,20
SÃO MIGUEL DO IGUAÇU;412570402A;PR;Barro Branco;-25,344;-54,222;2025-03-25 19:40:00.0;0,20
SÃO MIGUEL DO IGUAÇU;412570402A;PR;Barro Branco;-25,344;-54,222;2025-03-25 19:50:00.0;0,20
SÃO MIGUEL DO IGUAÇU;412570402A;PR;Barro Branco;-25,344;-54,222;2025-03-25 20:00:00.0;0,39
SÃO MIGUEL DO IGUAÇU;412570402A;PR;Barro Branco;-25,344;-54,222;2025-03-25 20:10:00.0;0,20
SÃO MIGUEL DO IGUAÇU;412570402A;PR;Barro Branco;-25,344;-54,222;2025-03-25 20:20:00.0;0,20
SÃO MIGUEL DO IGUAÇU;412570402A;PR;Barro Branco;-25,344;-54,222;2025-03-25 20:30:00.0;0,20
SÃO MIGUEL DO IGUAÇU;412570402A;PR;Barro Branco;-25,344;-54,222;2025-03-25 20:40:00.0;0,20
SÃO MIGUEL DO IGUAÇU;412570402A;PR;Barro Branco;-25,344;-54,222;2025-03-25 21:00:00.0;0,00
SÃO MIGUEL DO IGUAÇU;412570402A;PR;Barro Branco;-25,344;-54,222;2025-03-25 22:00:00.0;0,00
SÃO MIGUEL DO IGUAÇU;412570402A;PR;Barro Branco;-25,344;-54,222;2025-03-25 23:00:00.0;0,00
SÃO MIGUEL DO IGUAÇU;412570402A;PR;Barro Branco;-25,344;-54,222;2025-03-26 00:00:00.0;0,00
SÃO MIGUEL DO IGUAÇU;412570402A;PR;Barro Branco;-25,344;-54,222;2025-03-26 01:00:00.0;0,00
SÃO MIGUEL DO IGUAÇU;412570402A;PR;Barro Branco;-25,344;-54,222;2025-03-26 02:00:00.0;0,00
SÃO MIGUEL DO IGUAÇU;412570402A;PR;Barro Branco;-25,344;-54,222;2025-03-26 03:00:00.0;0,00
SÃO MIGUEL DO IGUAÇU;412570402A;PR;Barro Branco;-25,344;-54,222;2025-03-26 04:00:00.0;0,00
SÃO MIGUEL DO IGUAÇU;412570402A;PR;Barro Branco;-25,344;-54,222;2025-03-26 05:00:00.0;0,00
SÃO MIGUEL DO IGUAÇU;412570402A;PR;Barro Branco;-25,344;-54,222;2025-03-26 06:00:00.0;0,00
SÃO MIGUEL DO IGUAÇU;412570402A;PR;Barro Branco;-25,344;-54,222;2025-03-26 07:00:00.0;0,00
SÃO MIGUEL DO IGUAÇU;412570402A;PR;Barro Branco;-25,344;-54,222;2025-03-26 08:00:00.0;0,00
SÃO MIGUEL DO IGUAÇU;412570402A;PR;Barro Branco;-25,344;-54,222;2025-03-26 09:00:00.0;0,00
SÃO MIGUEL DO IGUAÇU;412570402A;PR;Barro Branco;-25,344;-54,222;2025-03-26 10:00:00.0;0,00
SÃO MIGUEL DO IGUAÇU;412570402A;PR;Barro Branco;-25,344;-54,222;2025-03-26 11:00:00.0;0,00
SÃO MIGUEL DO IGUAÇU;412570402A;PR;Barro Branco;-25,344;-54,222;2025-03-26 12:00:00.0;0,00
SÃO MIGUEL DO IGUAÇU;412570402A;PR;Barro Branco;-25,344;-54,222;2025-03-26 13:00:00.0;0,00
SÃO MIGUEL DO IGUAÇU;412570402A;PR;Barro Branco;-25,344;-54,222;2025-03-26 14:00:00.0;0,00
SÃO MIGUEL DO IGUAÇU;412570402A;PR;Barro Branco;-25,344;-54,222;2025-03-26 15:00:00.0;0,00
SÃO MIGUEL DO IGUAÇU;412570402A;PR;Barro Branco;-25,344;-54,222;2025-03-26 16:00:00.0;0,00
SÃO MIGUEL DO IGUAÇU;412570402A;PR;Barro Branco;-25,344;-54,222;2025-03-26 17:00:00.0;0,00
SÃO MIGUEL DO IGUAÇU;412570402A;PR;Barro Branco;-25,344;-54,222;2025-03-26 18:00:00.0;0,00
SÃO MIGUEL DO IGUAÇU;412570402A;PR;Barro Branco;-25,344;-54,222;2025-03-26 19:00:00.0;0,00
SÃO MIGUEL DO IGUAÇU;412570402A;PR;Barro Branco;-25,344;-54,222;2025-03-26 20:00:00.0;0,00
SÃO MIGUEL DO IGUAÇU;412570402A;PR;Barro Branco;-25,344;-54,222;2025-03-26 21:00:00.0;0,00
SÃO MIGUEL DO IGUAÇU;412570402A;PR;Barro Branco;-25,344;-54,222;2025-03-26 22:00:00.0;0,00
SÃO MIGUEL DO IGUAÇU;412570402A;PR;Barro Branco;-25,344;-54,222;2025-03-26 23:00:00.0;0,00
SÃO MIGUEL DO IGUAÇU;412570402A;PR;Barro Branco;-25,344;-54,222;2025-03-27 00:00:00.0;0,00
SÃO MIGUEL DO IGUAÇU;412570402A;PR;Barro Branco;-25,344;-54,222;2025-03-27 01:00:00.0;0,00
SÃO MIGUEL DO IGUAÇU;412570402A;PR;Barro Branco;-25,344;-54,222;2025-03-27 02:00:00.0;0,00
SÃO MIGUEL DO IGUAÇU;412570402A;PR;Barro Branco;-25,344;-54,222;2025-03-27 03:00:00.0;0,00
SÃO MIGUEL DO IGUAÇU;412570402A;PR;Barro Branco;-25,344;-54,222;2025-03-27 04:00:00.0;0,00
SÃO MIGUEL DO IGUAÇU;412570402A;PR;Barro Branco;-25,344;-54,222;2025-03-27 05:00:00.0;0,00
SÃO MIGUEL DO IGUAÇU;412570402A;PR;Barro Branco;-25,344;-54,222;2025-03-27 06:00:00.0;0,00
SÃO MIGUEL DO IGUAÇU;412570402A;PR;Barro Branco;-25,344;-54,222;2025-03-27 07:00:00.0;0,00
SÃO MIGUEL DO IGUAÇU;412570402A;PR;Barro Branco;-25,344;-54,222;2025-03-27 08:00:00.0;0,00
SÃO MIGUEL DO IGUAÇU;412570402A;PR;Barro Branco;-25,344;-54,222;2025-03-27 09:00:00.0;0,00
SÃO MIGUEL DO IGUAÇU;412570402A;PR;Barro Branco;-25,344;-54,222;2025-03-27 10:00:00.0;0,00
SÃO MIGUEL DO IGUAÇU;412570402A;PR;Barro Branco;-25,344;-54,222;2025-03-27 11:00:00.0;0,00
SÃO MIGUEL DO IGUAÇU;412570402A;PR;Barro Branco;-25,344;-54,222;2025-03-27 12:00:00.0;0,00
SÃO MIGUEL DO IGUAÇU;412570402A;PR;Barro Branco;-25,344;-54,222;2025-03-27 13:00:00.0;0,00
SÃO MIGUEL DO IGUAÇU;412570402A;PR;Barro Branco;-25,344;-54,222;2025-03-27 14:00:00.0;0,00
SÃO MIGUEL DO IGUAÇU;412570402A;PR;Barro Branco;-25,344;-54,222;2025-03-27 15:00:00.0;0,00
SÃO MIGUEL DO IGUAÇU;412570402A;PR;Barro Branco;-25,344;-54,222;2025-03-27 16:00:00.0;0,00
SÃO MIGUEL DO IGUAÇU;412570402A;PR;Barro Branco;-25,344;-54,222;2025-03-27 17:00:00.0;0,00
SÃO MIGUEL DO IGUAÇU;412570402A;PR;Barro Branco;-25,344;-54,222;2025-03-27 18:00:00.0;0,00
SÃO MIGUEL DO IGUAÇU;412570402A;PR;Barro Branco;-25,344;-54,222;2025-03-27 19:00:00.0;0,00
SÃO MIGUEL DO IGUAÇU;412570402A;PR;Barro Branco;-25,344;-54,222;2025-03-27 20:00:00.0;0,00
SÃO MIGUEL DO IGUAÇU;412570402A;PR;Barro Branco;-25,344;-54,222;2025-03-27 21:00:00.0;0,00
SÃO MIGUEL DO IGUAÇU;412570402A;PR;Barro Branco;-25,344;-54,222;2025-03-27 22:00:00.0;0,00
SÃO MIGUEL DO IGUAÇU;412570402A;PR;Barro Branco;-25,344;-54,222;2025-03-27 23:00:00.0;0,00
SÃO MIGUEL DO IGUAÇU;412570402A;PR;Barro Branco;-25,344;-54,222;2025-03-28 00:00:00.0;0,00
SÃO MIGUEL DO IGUAÇU;412570402A;PR;Barro Branco;-25,344;-54,222;2025-03-28 00:50:00.0;0,39
SÃO MIGUEL DO IGUAÇU;412570402A;PR;Barro Branco;-25,344;-54,222;2025-03-28 01:00:00.0;0,59
SÃO MIGUEL DO IGUAÇU;412570402A;PR;Barro Branco;-25,344;-54,222;2025-03-28 01:10:00.0;0,39
SÃO MIGUEL DO IGUAÇU;412570402A;PR;Barro Branco;-25,344;-54,222;2025-03-28 01:20:00.0;0,20
SÃO MIGUEL DO IGUAÇU;412570402A;PR;Barro Branco;-25,344;-54,222;2025-03-28 01:40:00.0;0,20
SÃO MIGUEL DO IGUAÇU;412570402A;PR;Barro Branco;-25,344;-54,222;2025-03-28 02:00:00.0;0,00
SÃO MIGUEL DO IGUAÇU;412570402A;PR;Barro Branco;-25,344;-54,222;2025-03-28 02:10:00.0;0,98
SÃO MIGUEL DO IGUAÇU;412570402A;PR;Barro Branco;-25,344;-54,222;2025-03-28 02:20:00.0;0,98
SÃO MIGUEL DO IGUAÇU;412570402A;PR;Barro Branco;-25,344;-54,222;2025-03-28 02:30:00.0;1,18
SÃO MIGUEL DO IGUAÇU;412570402A;PR;Barro Branco;-25,344;-54,222;2025-03-28 02:40:00.0;0,20
SÃO MIGUEL DO IGUAÇU;412570402A;PR;Barro Branco;-25,344;-54,222;2025-03-28 03:00:00.0;0,20
SÃO MIGUEL DO IGUAÇU;412570402A;PR;Barro Branco;-25,344;-54,222;2025-03-28 03:10:00.0;0,20
SÃO MIGUEL DO IGUAÇU;412570402A;PR;Barro Branco;-25,344;-54,222;2025-03-28 03:40:00.0;0,20
SÃO MIGUEL DO IGUAÇU;412570402A;PR;Barro Branco;-25,344;-54,222;2025-03-28 04:00:00.0;0,00
SÃO MIGUEL DO IGUAÇU;412570402A;PR;Barro Branco;-25,344;-54,222;2025-03-28 05:00:00.0;0,00
SÃO MIGUEL DO IGUAÇU;412570402A;PR;Barro Branco;-25,344;-54,222;2025-03-28 06:00:00.0;0,00
SÃO MIGUEL DO IGUAÇU;412570402A;PR;Barro Branco;-25,344;-54,222;2025-03-28 07:00:00.0;0,00
SÃO MIGUEL DO IGUAÇU;412570402A;PR;Barro Branco;-25,344;-54,222;2025-03-28 08:00:00.0;0,00
SÃO MIGUEL DO IGUAÇU;412570402A;PR;Barro Branco;-25,344;-54,222;2025-03-28 09:00:00.0;0,00
SÃO MIGUEL DO IGUAÇU;412570402A;PR;Barro Branco;-25,344;-54,222;2025-03-28 10:00:00.0;0,00
SÃO MIGUEL DO IGUAÇU;412570402A;PR;Barro Branco;-25,344;-54,222;2025-03-28 11:00:00.0;0,00
SÃO MIGUEL DO IGUAÇU;412570402A;PR;Barro Branco;-25,344;-54,222;2025-03-28 12:00:00.0;0,00
SÃO MIGUEL DO IGUAÇU;412570402A;PR;Barro Branco;-25,344;-54,222;2025-03-28 13:00:00.0;0,00
SÃO MIGUEL DO IGUAÇU;412570402A;PR;Barro Branco;-25,344;-54,222;2025-03-28 14:00:00.0;0,00
SÃO MIGUEL DO IGUAÇU;412570402A;PR;Barro Branco;-25,344;-54,222;2025-03-28 15:00:00.0;0,00
SÃO MIGUEL DO IGUAÇU;412570402A;PR;Barro Branco;-25,344;-54,222;2025-03-28 16:00:00.0;0,00
SÃO MIGUEL DO IGUAÇU;412570402A;PR;Barro Branco;-25,344;-54,222;2025-03-28 17:00:00.0;0,00
SÃO MIGUEL DO IGUAÇU;412570402A;PR;Barro Branco;-25,344;-54,222;2025-03-28 18:00:00.0;0,00
SÃO MIGUEL DO IGUAÇU;412570402A;PR;Barro Branco;-25,344;-54,222;2025-03-28 19:00:00.0;0,00
SÃO MIGUEL DO IGUAÇU;412570402A;PR;Barro Branco;-25,344;-54,222;2025-03-28 20:00:00.0;0,00
SÃO MIGUEL DO IGUAÇU;412570402A;PR;Barro Branco;-25,344;-54,222;2025-03-28 21:00:00.0;0,00
SÃO MIGUEL DO IGUAÇU;412570402A;PR;Barro Branco;-25,344;-54,222;2025-03-28 22:00:00.0;0,00
SÃO MIGUEL DO IGUAÇU;412570402A;PR;Barro Branco;-25,344;-54,222;2025-03-28 23:00:00.0;0,00
SÃO MIGUEL DO IGUAÇU;412570402A;PR;Barro Branco;-25,344;-54,222;2025-03-29 00:00:00.0;0,00
SÃO MIGUEL DO IGUAÇU;412570402A;PR;Barro Branco;-25,344;-54,222;2025-03-29 01:00:00.0;0,00
SÃO MIGUEL DO IGUAÇU;412570402A;PR;Barro Branco;-25,344;-54,222;2025-03-29 02:00:00.0;0,00
SÃO MIGUEL DO IGUAÇU;412570402A;PR;Barro Branco;-25,344;-54,222;2025-03-29 02:50:00.0;0,39
SÃO MIGUEL DO IGUAÇU;412570402A;PR;Barro Branco;-25,344;-54,222;2025-03-29 03:00:00.0;0,39
SÃO MIGUEL DO IGUAÇU;412570402A;PR;Barro Branco;-25,344;-54,222;2025-03-29 03:10:00.0;0,39
SÃO MIGUEL DO IGUAÇU;412570402A;PR;Barro Branco;-25,344;-54,222;2025-03-29 03:20:00.0;0,98
SÃO MIGUEL DO IGUAÇU;412570402A;PR;Barro Branco;-25,344;-54,222;2025-03-29 03:30:00.0;0,59
SÃO MIGUEL DO IGUAÇU;412570402A;PR;Barro Branco;-25,344;-54,222;2025-03-29 03:40:00.0;0,59
SÃO MIGUEL DO IGUAÇU;412570402A;PR;Barro Branco;-25,344;-54,222;2025-03-29 03:50:00.0;0,59
SÃO MIGUEL DO IGUAÇU;412570402A;PR;Barro Branco;-25,344;-54,222;2025-03-29 04:00:00.0;2,16
SÃO MIGUEL DO IGUAÇU;412570402A;PR;Barro Branco;-25,344;-54,222;2025-03-29 04:10:00.0;7,30
SÃO MIGUEL DO IGUAÇU;412570402A;PR;Barro Branco;-25,344;-54,222;2025-03-29 04:20:00.0;2,56
SÃO MIGUEL DO IGUAÇU;412570402A;PR;Barro Branco;-25,344;-54,222;2025-03-29 04:30:00.0;0,20
SÃO MIGUEL DO IGUAÇU;412570402A;PR;Barro Branco;-25,344;-54,222;2025-03-29 04:50:00.0;0,39
SÃO MIGUEL DO IGUAÇU;412570402A;PR;Barro Branco;-25,344;-54,222;2025-03-29 05:00:00.0;0,98
SÃO MIGUEL DO IGUAÇU;412570402A;PR;Barro Branco;-25,344;-54,222;2025-03-29 05:10:00.0;0,98
SÃO MIGUEL DO IGUAÇU;412570402A;PR;Barro Branco;-25,344;-54,222;2025-03-29 05:20:00.0;0,59
SÃO MIGUEL DO IGUAÇU;412570402A;PR;Barro Branco;-25,344;-54,222;2025-03-29 05:30:00.0;0,20
SÃO MIGUEL DO IGUAÇU;412570402A;PR;Barro Branco;-25,344;-54,222;2025-03-29 05:40:00.0;0,20
SÃO MIGUEL DO IGUAÇU;412570402A;PR;Barro Branco;-25,344;-54,222;2025-03-29 05:50:00.0;0,20
SÃO MIGUEL DO IGUAÇU;412570402A;PR;Barro Branco;-25,344;-54,222;2025-03-29 06:00:00.0;0,20
SÃO MIGUEL DO IGUAÇU;412570402A;PR;Barro Branco;-25,344;-54,222;2025-03-29 07:00:00.0;0,00
SÃO MIGUEL DO IGUAÇU;412570402A;PR;Barro Branco;-25,344;-54,222;2025-03-29 07:10:00.0;0,20
SÃO MIGUEL DO IGUAÇU;412570402A;PR;Barro Branco;-25,344;-54,222;2025-03-29 07:30:00.0;0,20
SÃO MIGUEL DO IGUAÇU;412570402A;PR;Barro Branco;-25,344;-54,222;2025-03-29 08:00:00.0;0,00
SÃO MIGUEL DO IGUAÇU;412570402A;PR;Barro Branco;-25,344;-54,222;2025-03-29 09:00:00.0;0,00
SÃO MIGUEL DO IGUAÇU;412570402A;PR;Barro Branco;-25,344;-54,222;2025-03-29 10:00:00.0;0,00
SÃO MIGUEL DO IGUAÇU;412570402A;PR;Barro Branco;-25,344;-54,222;2025-03-29 11:00:00.0;0,00
SÃO MIGUEL DO IGUAÇU;412570402A;PR;Barro Branco;-25,344;-54,222;2025-03-29 12:00:00.0;0,00
SÃO MIGUEL DO IGUAÇU;412570402A;PR;Barro Branco;-25,344;-54,222;2025-03-29 13:00:00.0;0,00
SÃO MIGUEL DO IGUAÇU;412570402A;PR;Barro Branco;-25,344;-54,222;2025-03-29 14:00:00.0;0,00
SÃO MIGUEL DO IGUAÇU;412570402A;PR;Barro Branco;-25,344;-54,222;2025-03-29 15:00:00.0;0,00
SÃO MIGUEL DO IGUAÇU;412570402A;PR;Barro Branco;-25,344;-54,222;2025-03-29 16:00:00.0;0,00
SÃO MIGUEL DO IGUAÇU;412570402A;PR;Barro Branco;-25,344;-54,222;2025-03-29 17:00:00.0;0,00
SÃO MIGUEL DO IGUAÇU;412570402A;PR;Barro Branco;-25,344;-54,222;2025-03-29 18:00:00.0;0,00
SÃO MIGUEL DO IGUAÇU;412570402A;PR;Barro Branco;-25,344;-54,222;2025-03-29 19:00:00.0;0,00
SÃO MIGUEL DO IGUAÇU;412570402A;PR;Barro Branco;-25,344;-54,222;2025-03-29 20:00:00.0;0,00
SÃO MIGUEL DO IGUAÇU;412570402A;PR;Barro Branco;-25,344;-54,222;2025-03-29 21:00:00.0;0,00
SÃO MIGUEL DO IGUAÇU;412570402A;PR;Barro Branco;-25,344;-54,222;2025-03-29 22:00:00.0;0,00
SÃO MIGUEL DO IGUAÇU;412570402A;PR;Barro Branco;-25,344;-54,222;2025-03-29 23:00:00.0;0,00
SÃO MIGUEL DO IGUAÇU;412570402A;PR;Barro Branco;-25,344;-54,222;2025-03-30 00:00:00.0;0,00
SÃO MIGUEL DO IGUAÇU;412570402A;PR;Barro Branco;-25,344;-54,222;2025-03-30 01:00:00.0;0,00
SÃO MIGUEL DO IGUAÇU;412570402A;PR;Barro Branco;-25,344;-54,222;2025-03-30 02:00:00.0;0,00
SÃO MIGUEL DO IGUAÇU;412570402A;PR;Barro Branco;-25,344;-54,222;2025-03-30 03:00:00.0;0,00
SÃO MIGUEL DO IGUAÇU;412570402A;PR;Barro Branco;-25,344;-54,222;2025-03-30 04:00:00.0;0,00
SÃO MIGUEL DO IGUAÇU;412570402A;PR;Barro Branco;-25,344;-54,222;2025-03-30 05:00:00.0;0,00
SÃO MIGUEL DO IGUAÇU;412570402A;PR;Barro Branco;-25,344;-54,222;2025-03-30 06:00:00.0;0,00
SÃO MIGUEL DO IGUAÇU;412570402A;PR;Barro Branco;-25,344;-54,222;2025-03-30 07:00:00.0;0,00
SÃO MIGUEL DO IGUAÇU;412570402A;PR;Barro Branco;-25,344;-54,222;2025-03-30 08:00:00.0;0,00
SÃO MIGUEL DO IGUAÇU;412570402A;PR;Barro Branco;-25,344;-54,222;2025-03-30 09:00:00.0;0,00
SÃO MIGUEL DO IGUAÇU;412570402A;PR;Barro Branco;-25,344;-54,222;2025-03-30 10:00:00.0;0,00
SÃO MIGUEL DO IGUAÇU;412570402A;PR;Barro Branco;-25,344;-54,222;2025-03-30 11:00:00.0;0,00
SÃO MIGUEL DO IGUAÇU;412570402A;PR;Barro Branco;-25,344;-54,222;2025-03-30 12:00:00.0;0,00
SÃO MIGUEL DO IGUAÇU;412570402A;PR;Barro Branco;-25,344;-54,222;2025-03-30 13:00:00.0;0,00
SÃO MIGUEL DO IGUAÇU;412570402A;PR;Barro Branco;-25,344;-54,222;2025-03-30 14:00:00.0;0,00
SÃO MIGUEL DO IGUAÇU;412570402A;PR;Barro Branco;-25,344;-54,222;2025-03-30 15:00:00.0;0,00
SÃO MIGUEL DO IGUAÇU;412570402A;PR;Barro Branco;-25,344;-54,222;2025-03-30 16:10:00.0;0,00
SÃO MIGUEL DO IGUAÇU;412570402A;PR;Barro Branco;-25,344;-54,222;2025-03-30 17:00:00.0;0,00
SÃO MIGUEL DO IGUAÇU;412570402A;PR;Barro Branco;-25,344;-54,222;2025-03-30 18:00:00.0;0,00
SÃO MIGUEL DO IGUAÇU;412570402A;PR;Barro Branco;-25,344;-54,222;2025-03-30 19:30:00.0;0,00
SÃO MIGUEL DO IGUAÇU;412570402A;PR;Barro Branco;-25,344;-54,222;2025-03-30 20:20:00.0;0,00
SÃO MIGUEL DO IGUAÇU;412570402A;PR;Barro Branco;-25,344;-54,222;2025-03-30 21:50:00.0;0,00
SÃO MIGUEL DO IGUAÇU;412570402A;PR;Barro Branco;-25,344;-54,222;2025-03-30 22:00:00.0;0,00
SÃO MIGUEL DO IGUAÇU;412570402A;PR;Barro Branco;-25,344;-54,222;2025-03-30 23:00:00.0;0,00
SÃO MIGUEL DO IGUAÇU;412570402A;PR;Barro Branco;-25,344;-54,222;2025-03-31 00:00:00.0;0,00
SÃO MIGUEL DO IGUAÇU;412570402A;PR;Barro Branco;-25,344;-54,222;2025-03-31 01:00:00.0;0,00
SÃO MIGUEL DO IGUAÇU;412570402A;PR;Barro Branco;-25,344;-54,222;2025-03-31 02:00:00.0;0,00
SÃO MIGUEL DO IGUAÇU;412570402A;PR;Barro Branco;-25,344;-54,222;2025-03-31 03:00:00.0;0,00
SÃO MIGUEL DO IGUAÇU;412570402A;PR;Barro Branco;-25,344;-54,222;2025-03-31 04:00:00.0;0,00
SÃO MIGUEL DO IGUAÇU;412570402A;PR;Barro Branco;-25,344;-54,222;2025-03-31 05:00:00.0;0,00
SÃO MIGUEL DO IGUAÇU;412570402A;PR;Barro Branco;-25,344;-54,222;2025-03-31 06:00:00.0;0,00
SÃO MIGUEL DO IGUAÇU;412570402A;PR;Barro Branco;-25,344;-54,222;2025-03-31 07:00:00.0;0,00
SÃO MIGUEL DO IGUAÇU;412570402A;PR;Barro Branco;-25,344;-54,222;2025-03-31 08:00:00.0;0,00
SÃO MIGUEL DO IGUAÇU;412570402A;PR;Barro Branco;-25,344;-54,222;2025-03-31 09:00:00.0;0,00
SÃO MIGUEL DO IGUAÇU;412570402A;PR;Barro Branco;-25,344;-54,222;2025-03-31 10:00:00.0;0,00
SÃO MIGUEL DO IGUAÇU;412570402A;PR;Barro Branco;-25,344;-54,222;2025-03-31 11:00:00.0;0,00
SÃO MIGUEL DO IGUAÇU;412570402A;PR;Barro Branco;-25,344;-54,222;2025-03-31 12:00:00.0;0,00
SÃO MIGUEL DO IGUAÇU;412570402A;PR;Barro Branco;-25,344;-54,222;2025-03-31 13:00:00.0;0,00
SÃO MIGUEL DO IGUAÇU;412570402A;PR;Barro Branco;-25,344;-54,222;2025-03-31 14:00:00.0;0,00
SÃO MIGUEL DO IGUAÇU;412570402A;PR;Barro Branco;-25,344;-54,222;2025-03-31 15:00:00.0;0,00
SÃO MIGUEL DO IGUAÇU;412570402A;PR;Barro Branco;-25,344;-54,222;2025-03-31 16:00:00.0;0,00
SÃO MIGUEL DO IGUAÇU;412570402A;PR;Barro Branco;-25,344;-54,222;2025-03-31 17:00:00.0;0,00
SÃO MIGUEL DO IGUAÇU;412570402A;PR;Barro Branco;-25,344;-54,222;2025-03-31 18:00:00.0;0,00
SÃO MIGUEL DO IGUAÇU;412570402A;PR;Barro Branco;-25,344;-54,222;2025-03-31 19:00:00.0;0,00
SÃO MIGUEL DO IGUAÇU;412570402A;PR;Barro Branco;-25,344;-54,222;2025-03-31 20:00:00.0;0,00
SÃO MIGUEL DO IGUAÇU;412570402A;PR;Barro Branco;-25,344;-54,222;2025-03-31 21:00:00.0;0,00
SÃO MIGUEL DO IGUAÇU;412570402A;PR;Barro Branco;-25,344;-54,222;2025-03-31 22:00:00.0;0,20
SÃO MIGUEL DO IGUAÇU;412570402A;PR;Barro Branco;-25,344;-54,222;2025-03-31 22:20:00.0;0,39
SÃO MIGUEL DO IGUAÇU;412570402A;PR;Barro Branco;-25,344;-54,222;2025-03-31 22:40:00.0;0,20
SÃO MIGUEL DO IGUAÇU;412570402A;PR;Barro Branco;-25,344;-54,222;2025-03-31 22:50:00.0;0,20
SÃO MIGUEL DO IGUAÇU;412570402A;PR;Barro Branco;-25,344;-54,222;2025-03-31 23:00:00.0;0,20
SÃO MIGUEL DO IGUAÇU;412570402A;PR;Barro Branco;-25,344;-54,222;2025-03-31 23:10:00.0;0,59
SÃO MIGUEL DO IGUAÇU;412570402A;PR;Barro Branco;-25,344;-54,222;2025-03-31 23:20:00.0;0,59
SÃO MIGUEL DO IGUAÇU;412570402A;PR;Barro Branco;-25,344;-54,222;2025-03-31 23:30:00.0;0,20
SÃO MIGUEL DO IGUAÇU;412570402A;PR;Barro Branco;-25,344;-54,222;2025-03-31 23:40:00.0;0,20
SÃO MIGUEL DO IGUAÇU;412570403A;PR;Centro;-25,349;-54,245;2025-03-01 12:10:00.0;0,20
SÃO MIGUEL DO IGUAÇU;412570403A;PR;Centro;-25,349;-54,245;2025-03-02 13:10:00.0;0,00
SÃO MIGUEL DO IGUAÇU;412570403A;PR;Centro;-25,349;-54,245;2025-03-02 14:10:00.0;0,00
SÃO MIGUEL DO IGUAÇU;412570403A;PR;Centro;-25,349;-54,245;2025-03-02 15:10:00.0;0,00
SÃO MIGUEL DO IGUAÇU;412570403A;PR;Centro;-25,349;-54,245;2025-03-02 16:10:00.0;0,00
SÃO MIGUEL DO IGUAÇU;412570403A;PR;Centro;-25,349;-54,245;2025-03-02 17:10:00.0;0,00
SÃO MIGUEL DO IGUAÇU;412570403A;PR;Centro;-25,349;-54,245;2025-03-02 18:10:00.0;0,00
SÃO MIGUEL DO IGUAÇU;412570403A;PR;Centro;-25,349;-54,245;2025-03-02 19:10:00.0;0,00
SÃO MIGUEL DO IGUAÇU;412570403A;PR;Centro;-25,349;-54,245;2025-03-02 20:10:00.0;0,59
SÃO MIGUEL DO IGUAÇU;412570403A;PR;Centro;-25,349;-54,245;2025-03-02 20:20:00.0;1,18
SÃO MIGUEL DO IGUAÇU;412570403A;PR;Centro;-25,349;-54,245;2025-03-02 21:10:00.0;0,00
SÃO MIGUEL DO IGUAÇU;412570403A;PR;Centro;-25,349;-54,245;2025-03-02 22:10:00.0;0,00
SÃO MIGUEL DO IGUAÇU;412570403A;PR;Centro;-25,349;-54,245;2025-03-02 23:10:00.0;0,00
SÃO MIGUEL DO IGUAÇU;412570403A;PR;Centro;-25,349;-54,245;2025-03-03 00:10:00.0;0,00
SÃO MIGUEL DO IGUAÇU;412570403A;PR;Centro;-25,349;-54,245;2025-03-03 12:40:00.0;0,00
SÃO MIGUEL DO IGUAÇU;412570403A;PR;Centro;-25,349;-54,245;2025-03-03 13:10:00.0;0,00
SÃO MIGUEL DO IGUAÇU;412570403A;PR;Centro;-25,349;-54,245;2025-03-03 14:10:00.0;0,00
SÃO MIGUEL DO IGUAÇU;412570403A;PR;Centro;-25,349;-54,245;2025-03-03 15:10:00.0;0,00
SÃO MIGUEL DO IGUAÇU;412570403A;PR;Centro;-25,349;-54,245;2025-03-03 16:10:00.0;0,00
SÃO MIGUEL DO IGUAÇU;412570403A;PR;Centro;-25,349;-54,245;2025-03-03 17:10:00.0;0,00
SÃO MIGUEL DO IGUAÇU;412570403A;PR;Centro;-25,349;-54,245;2025-03-03 18:10:00.0;0,00
SÃO MIGUEL DO IGUAÇU;412570403A;PR;Centro;-25,349;-54,245;2025-03-03 19:10:00.0;0,00
SÃO MIGUEL DO IGUAÇU;412570403A;PR;Centro;-25,349;-54,245;2025-03-03 20:30:00.0;0,00
SÃO MIGUEL DO IGUAÇU;412570403A;PR;Centro;-25,349;-54,245;2025-03-03 21:10:00.0;0,00
SÃO MIGUEL DO IGUAÇU;412570403A;PR;Centro;-25,349;-54,245;2025-03-03 22:10:00.0;0,00
SÃO MIGUEL DO IGUAÇU;412570403A;PR;Centro;-25,349;-54,245;2025-03-03 23:10:00.0;0,00
SÃO MIGUEL DO IGUAÇU;412570403A;PR;Centro;-25,349;-54,245;2025-03-04 00:10:00.0;0,00
SÃO MIGUEL DO IGUAÇU;412570403A;PR;Centro;-25,349;-54,245;2025-03-04 01:10:00.0;0,00
SÃO MIGUEL DO IGUAÇU;412570403A;PR;Centro;-25,349;-54,245;2025-03-04 12:20:00.0;0,00
SÃO MIGUEL DO IGUAÇU;412570403A;PR;Centro;-25,349;-54,245;2025-03-04 13:10:00.0;0,00
SÃO MIGUEL DO IGUAÇU;412570403A;PR;Centro;-25,349;-54,245;2025-03-04 14:10:00.0;0,00
SÃO MIGUEL DO IGUAÇU;412570403A;PR;Centro;-25,349;-54,245;2025-03-04 15:10:00.0;0,00
SÃO MIGUEL DO IGUAÇU;412570403A;PR;Centro;-25,349;-54,245;2025-03-04 16:10:00.0;0,00
SÃO MIGUEL DO IGUAÇU;412570403A;PR;Centro;-25,349;-54,245;2025-03-04 17:10:00.0;0,00
SÃO MIGUEL DO IGUAÇU;412570403A;PR;Centro;-25,349;-54,245;2025-03-04 18:10:00.0;0,00
SÃO MIGUEL DO IGUAÇU;412570403A;PR;Centro;-25,349;-54,245;2025-03-04 19:10:00.0;0,00
SÃO MIGUEL DO IGUAÇU;412570403A;PR;Centro;-25,349;-54,245;2025-03-04 20:10:00.0;0,00
SÃO MIGUEL DO IGUAÇU;412570403A;PR;Centro;-25,349;-54,245;2025-03-04 21:10:00.0;0,00
SÃO MIGUEL DO IGUAÇU;412570403A;PR;Centro;-25,349;-54,245;2025-03-04 22:10:00.0;0,00
SÃO MIGUEL DO IGUAÇU;412570403A;PR;Centro;-25,349;-54,245;2025-03-04 23:10:00.0;0,00
SÃO MIGUEL DO IGUAÇU;412570403A;PR;Centro;-25,349;-54,245;2025-03-05 00:10:00.0;0,00
SÃO MIGUEL DO IGUAÇU;412570403A;PR;Centro;-25,349;-54,245;2025-03-05 01:10:00.0;0,00
SÃO MIGUEL DO IGUAÇU;412570403A;PR;Centro;-25,349;-54,245;2025-03-05 14:20:00.0;0,00
SÃO MIGUEL DO IGUAÇU;412570403A;PR;Centro;-25,349;-54,245;2025-03-06 11:40:00.0;11,39
SÃO MIGUEL DO IGUAÇU;412570403A;PR;Centro;-25,349;-54,245;2025-03-08 13:10:00.0;0,00
SÃO MIGUEL DO IGUAÇU;412570403A;PR;Centro;-25,349;-54,245;2025-03-08 14:10:00.0;0,00
SÃO MIGUEL DO IGUAÇU;412570403A;PR;Centro;-25,349;-54,245;2025-03-08 15:10:00.0;0,00
SÃO MIGUEL DO IGUAÇU;412570403A;PR;Centro;-25,349;-54,245;2025-03-08 16:10:00.0;0,00
SÃO MIGUEL DO IGUAÇU;412570403A;PR;Centro;-25,349;-54,245;2025-03-08 17:10:00.0;0,00
SÃO MIGUEL DO IGUAÇU;412570403A;PR;Centro;-25,349;-54,245;2025-03-08 18:10:00.0;0,00
SÃO MIGUEL DO IGUAÇU;412570403A;PR;Centro;-25,349;-54,245;2025-03-08 19:10:00.0;0,00
SÃO MIGUEL DO IGUAÇU;412570403A;PR;Centro;-25,349;-54,245;2025-03-08 20:10:00.0;0,00
SÃO MIGUEL DO IGUAÇU;412570403A;PR;Centro;-25,349;-54,245;2025-03-08 21:20:00.0;0,00
SÃO MIGUEL DO IGUAÇU;412570403A;PR;Centro;-25,349;-54,245;2025-03-08 22:10:00.0;0,00
SÃO MIGUEL DO IGUAÇU;412570403A;PR;Centro;-25,349;-54,245;2025-03-08 23:10:00.0;0,00
SÃO MIGUEL DO IGUAÇU;412570403A;PR;Centro;-25,349;-54,245;2025-03-09 12:40:00.0;0,00
SÃO MIGUEL DO IGUAÇU;412570403A;PR;Centro;-25,349;-54,245;2025-03-22 12:40:00.0;0,00
SÃO MIGUEL DO IGUAÇU;412570403A;PR;Centro;-25,349;-54,245;2025-03-25 12:40:00.0;0,00
SÃO MIGUEL DO IGUAÇU;412570403A;PR;Centro;-25,349;-54,245;2025-03-26 12:10:00.0;0,00
SÃO MIGUEL DO IGUAÇU;412570403A;PR;Centro;-25,349;-54,245;2025-03-29 13:00:00.0;6,08
SÃO MIGUEL DO IGUAÇU;412570403A;PR;Centro;-25,349;-54,245;2025-03-29 14:10:00.0;0,00
SÃO MIGUEL DO IGUAÇU;412570403A;PR;Centro;-25,349;-54,245;2025-03-29 15:10:00.0;0,00
UMUARAMA;412810401A;PR;Jardim Kennedy;-23,769;-53,321;2025-03-01 01:00:00.0;0,39
UMUARAMA;412810401A;PR;Jardim Kennedy;-23,769;-53,321;2025-03-01 01:10:00.0;0,20
UMUARAMA;412810401A;PR;Jardim Kennedy;-23,769;-53,321;2025-03-01 13:00:00.0;0,00
UMUARAMA;412810401A;PR;Jardim Kennedy;-23,769;-53,321;2025-03-01 14:00:00.0;0,00
UMUARAMA;412810401A;PR;Jardim Kennedy;-23,769;-53,321;2025-03-01 15:00:00.0;0,00
UMUARAMA;412810401A;PR;Jardim Kennedy;-23,769;-53,321;2025-03-01 16:00:00.0;0,00
UMUARAMA;412810401A;PR;Jardim Kennedy;-23,769;-53,321;2025-03-01 17:00:00.0;0,00
UMUARAMA;412810401A;PR;Jardim Kennedy;-23,769;-53,321;2025-03-01 18:00:00.0;0,00
UMUARAMA;412810401A;PR;Jardim Kennedy;-23,769;-53,321;2025-03-01 19:00:00.0;0,00
UMUARAMA;412810401A;PR;Jardim Kennedy;-23,769;-53,321;2025-03-01 20:00:00.0;0,00
UMUARAMA;412810401A;PR;Jardim Kennedy;-23,769;-53,321;2025-03-01 21:00:00.0;0,00
UMUARAMA;412810401A;PR;Jardim Kennedy;-23,769;-53,321;2025-03-02 12:00:00.0;0,00
UMUARAMA;412810401A;PR;Jardim Kennedy;-23,769;-53,321;2025-03-02 13:00:00.0;0,00
UMUARAMA;412810401A;PR;Jardim Kennedy;-23,769;-53,321;2025-03-02 14:00:00.0;0,00
UMUARAMA;412810401A;PR;Jardim Kennedy;-23,769;-53,321;2025-03-02 15:00:00.0;0,00
UMUARAMA;412810401A;PR;Jardim Kennedy;-23,769;-53,321;2025-03-02 16:00:00.0;0,00
UMUARAMA;412810401A;PR;Jardim Kennedy;-23,769;-53,321;2025-03-02 17:00:00.0;0,00
UMUARAMA;412810401A;PR;Jardim Kennedy;-23,769;-53,321;2025-03-02 18:00:00.0;0,00
UMUARAMA;412810401A;PR;Jardim Kennedy;-23,769;-53,321;2025-03-02 19:00:00.0;0,00
UMUARAMA;412810401A;PR;Jardim Kennedy;-23,769;-53,321;2025-03-02 20:00:00.0;0,00
UMUARAMA;412810401A;PR;Jardim Kennedy;-23,769;-53,321;2025-03-02 21:00:00.0;0,00
UMUARAMA;412810401A;PR;Jardim Kennedy;-23,769;-53,321;2025-03-03 12:00:00.0;0,00
UMUARAMA;412810401A;PR;Jardim Kennedy;-23,769;-53,321;2025-03-03 13:00:00.0;0,00
UMUARAMA;412810401A;PR;Jardim Kennedy;-23,769;-53,321;2025-03-03 14:00:00.0;0,00
UMUARAMA;412810401A;PR;Jardim Kennedy;-23,769;-53,321;2025-03-03 15:00:00.0;0,00
UMUARAMA;412810401A;PR;Jardim Kennedy;-23,769;-53,321;2025-03-03 16:00:00.0;0,00
UMUARAMA;412810401A;PR;Jardim Kennedy;-23,769;-53,321;2025-03-03 17:00:00.0;0,00
UMUARAMA;412810401A;PR;Jardim Kennedy;-23,769;-53,321;2025-03-03 18:00:00.0;0,00
UMUARAMA;412810401A;PR;Jardim Kennedy;-23,769;-53,321;2025-03-03 19:00:00.0;0,00
UMUARAMA;412810401A;PR;Jardim Kennedy;-23,769;-53,321;2025-03-03 20:00:00.0;0,00
UMUARAMA;412810401A;PR;Jardim Kennedy;-23,769;-53,321;2025-03-03 21:00:00.0;0,00
UMUARAMA;412810401A;PR;Jardim Kennedy;-23,769;-53,321;2025-03-04 12:00:00.0;0,00
UMUARAMA;412810401A;PR;Jardim Kennedy;-23,769;-53,321;2025-03-04 13:00:00.0;0,00
UMUARAMA;412810401A;PR;Jardim Kennedy;-23,769;-53,321;2025-03-04 14:00:00.0;0,00
UMUARAMA;412810401A;PR;Jardim Kennedy;-23,769;-53,321;2025-03-04 15:00:00.0;0,00
UMUARAMA;412810401A;PR;Jardim Kennedy;-23,769;-53,321;2025-03-04 16:00:00.0;0,00
UMUARAMA;412810401A;PR;Jardim Kennedy;-23,769;-53,321;2025-03-04 17:00:00.0;0,00
UMUARAMA;412810401A;PR;Jardim Kennedy;-23,769;-53,321;2025-03-04 18:00:00.0;0,00
UMUARAMA;412810401A;PR;Jardim Kennedy;-23,769;-53,321;2025-03-04 19:00:00.0;0,00
UMUARAMA;412810401A;PR;Jardim Kennedy;-23,769;-53,321;2025-03-04 20:00:00.0;0,00
UMUARAMA;412810401A;PR;Jardim Kennedy;-23,769;-53,321;2025-03-04 21:00:00.0;0,00
UMUARAMA;412810401A;PR;Jardim Kennedy;-23,769;-53,321;2025-03-05 12:00:00.0;0,00
UMUARAMA;412810401A;PR;Jardim Kennedy;-23,769;-53,321;2025-03-05 13:00:00.0;0,00
UMUARAMA;412810401A;PR;Jardim Kennedy;-23,769;-53,321;2025-03-05 14:00:00.0;0,00
UMUARAMA;412810401A;PR;Jardim Kennedy;-23,769;-53,321;2025-03-05 15:00:00.0;0,00
UMUARAMA;412810401A;PR;Jardim Kennedy;-23,769;-53,321;2025-03-05 16:00:00.0;0,00
UMUARAMA;412810401A;PR;Jardim Kennedy;-23,769;-53,321;2025-03-05 17:00:00.0;0,00
UMUARAMA;412810401A;PR;Jardim Kennedy;-23,769;-53,321;2025-03-05 18:00:00.0;0,00
UMUARAMA;412810401A;PR;Jardim Kennedy;-23,769;-53,321;2025-03-05 19:00:00.0;0,00
UMUARAMA;412810401A;PR;Jardim Kennedy;-23,769;-53,321;2025-03-05 20:00:00.0;0,00
UMUARAMA;412810401A;PR;Jardim Kennedy;-23,769;-53,321;2025-03-05 21:00:00.0;0,00
UMUARAMA;412810401A;PR;Jardim Kennedy;-23,769;-53,321;2025-03-06 11:00:00.0;0,00
UMUARAMA;412810401A;PR;Jardim Kennedy;-23,769;-53,321;2025-03-06 12:00:00.0;0,00
UMUARAMA;412810401A;PR;Jardim Kennedy;-23,769;-53,321;2025-03-06 13:00:00.0;0,00
UMUARAMA;412810401A;PR;Jardim Kennedy;-23,769;-53,321;2025-03-06 14:00:00.0;0,00
UMUARAMA;412810401A;PR;Jardim Kennedy;-23,769;-53,321;2025-03-06 15:00:00.0;0,00
UMUARAMA;412810401A;PR;Jardim Kennedy;-23,769;-53,321;2025-03-06 16:00:00.0;0,00
UMUARAMA;412810401A;PR;Jardim Kennedy;-23,769;-53,321;2025-03-06 17:00:00.0;0,00
UMUARAMA;412810401A;PR;Jardim Kennedy;-23,769;-53,321;2025-03-06 18:00:00.0;0,00
UMUARAMA;412810401A;PR;Jardim Kennedy;-23,769;-53,321;2025-03-06 19:00:00.0;0,00
UMUARAMA;412810401A;PR;Jardim Kennedy;-23,769;-53,321;2025-03-06 20:00:00.0;0,00
UMUARAMA;412810401A;PR;Jardim Kennedy;-23,769;-53,321;2025-03-06 21:00:00.0;0,00
UMUARAMA;412810401A;PR;Jardim Kennedy;-23,769;-53,321;2025-03-07 12:00:00.0;0,00
UMUARAMA;412810401A;PR;Jardim Kennedy;-23,769;-53,321;2025-03-07 13:00:00.0;0,00
UMUARAMA;412810401A;PR;Jardim Kennedy;-23,769;-53,321;2025-03-07 14:00:00.0;0,00
UMUARAMA;412810401A;PR;Jardim Kennedy;-23,769;-53,321;2025-03-07 15:00:00.0;0,00
UMUARAMA;412810401A;PR;Jardim Kennedy;-23,769;-53,321;2025-03-07 16:00:00.0;0,00
UMUARAMA;412810401A;PR;Jardim Kennedy;-23,769;-53,321;2025-03-07 17:00:00.0;0,00
UMUARAMA;412810401A;PR;Jardim Kennedy;-23,769;-53,321;2025-03-07 18:00:00.0;0,00
UMUARAMA;412810401A;PR;Jardim Kennedy;-23,769;-53,321;2025-03-07 19:00:00.0;0,00
UMUARAMA;412810401A;PR;Jardim Kennedy;-23,769;-53,321;2025-03-07 20:00:00.0;0,00
UMUARAMA;412810401A;PR;Jardim Kennedy;-23,769;-53,321;2025-03-07 21:00:00.0;0,00
UMUARAMA;412810401A;PR;Jardim Kennedy;-23,769;-53,321;2025-03-08 11:00:00.0;0,00
UMUARAMA;412810401A;PR;Jardim Kennedy;-23,769;-53,321;2025-03-08 12:00:00.0;0,00
UMUARAMA;412810401A;PR;Jardim Kennedy;-23,769;-53,321;2025-03-08 13:00:00.0;0,00
UMUARAMA;412810401A;PR;Jardim Kennedy;-23,769;-53,321;2025-03-08 14:00:00.0;0,00
UMUARAMA;412810401A;PR;Jardim Kennedy;-23,769;-53,321;2025-03-08 15:00:00.0;0,00
UMUARAMA;412810401A;PR;Jardim Kennedy;-23,769;-53,321;2025-03-08 16:00:00.0;0,00
UMUARAMA;412810401A;PR;Jardim Kennedy;-23,769;-53,321;2025-03-08 17:00:00.0;0,00
UMUARAMA;412810401A;PR;Jardim Kennedy;-23,769;-53,321;2025-03-08 18:00:00.0;0,00
UMUARAMA;412810401A;PR;Jardim Kennedy;-23,769;-53,321;2025-03-08 19:00:00.0;0,00
UMUARAMA;412810401A;PR;Jardim Kennedy;-23,769;-53,321;2025-03-08 20:00:00.0;0,00
UMUARAMA;412810401A;PR;Jardim Kennedy;-23,769;-53,321;2025-03-08 21:00:00.0;0,00
UMUARAMA;412810401A;PR;Jardim Kennedy;-23,769;-53,321;2025-03-09 12:00:00.0;0,00
UMUARAMA;412810401A;PR;Jardim Kennedy;-23,769;-53,321;2025-03-09 13:00:00.0;0,00
UMUARAMA;412810401A;PR;Jardim Kennedy;-23,769;-53,321;2025-03-09 14:00:00.0;0,00
UMUARAMA;412810401A;PR;Jardim Kennedy;-23,769;-53,321;2025-03-09 15:00:00.0;0,00
UMUARAMA;412810401A;PR;Jardim Kennedy;-23,769;-53,321;2025-03-09 16:00:00.0;0,00
UMUARAMA;412810401A;PR;Jardim Kennedy;-23,769;-53,321;2025-03-09 17:00:00.0;0,00
UMUARAMA;412810401A;PR;Jardim Kennedy;-23,769;-53,321;2025-03-09 18:00:00.0;0,00
UMUARAMA;412810401A;PR;Jardim Kennedy;-23,769;-53,321;2025-03-09 19:00:00.0;0,00
UMUARAMA;412810401A;PR;Jardim Kennedy;-23,769;-53,321;2025-03-09 20:00:00.0;0,00
UMUARAMA;412810401A;PR;Jardim Kennedy;-23,769;-53,321;2025-03-09 21:00:00.0;0,00
UMUARAMA;412810401A;PR;Jardim Kennedy;-23,769;-53,321;2025-03-10 12:00:00.0;0,00
UMUARAMA;412810401A;PR;Jardim Kennedy;-23,769;-53,321;2025-03-10 13:00:00.0;0,00
UMUARAMA;412810401A;PR;Jardim Kennedy;-23,769;-53,321;2025-03-10 14:00:00.0;0,00
UMUARAMA;412810401A;PR;Jardim Kennedy;-23,769;-53,321;2025-03-10 15:00:00.0;0,00
UMUARAMA;412810401A;PR;Jardim Kennedy;-23,769;-53,321;2025-03-10 16:00:00.0;0,00
UMUARAMA;412810401A;PR;Jardim Kennedy;-23,769;-53,321;2025-03-10 17:00:00.0;0,00
UMUARAMA;412810401A;PR;Jardim Kennedy;-23,769;-53,321;2025-03-10 18:00:00.0;0,00
UMUARAMA;412810401A;PR;Jardim Kennedy;-23,769;-53,321;2025-03-10 19:00:00.0;0,00
UMUARAMA;412810401A;PR;Jardim Kennedy;-23,769;-53,321;2025-03-10 20:00:00.0;0,00
UMUARAMA;412810401A;PR;Jardim Kennedy;-23,769;-53,321;2025-03-10 21:00:00.0;0,00
UMUARAMA;412810401A;PR;Jardim Kennedy;-23,769;-53,321;2025-03-11 14:00:00.0;0,00
UMUARAMA;412810401A;PR;Jardim Kennedy;-23,769;-53,321;2025-03-11 15:00:00.0;0,00
UMUARAMA;412810401A;PR;Jardim Kennedy;-23,769;-53,321;2025-03-11 16:10:00.0;0,20
UMUARAMA;412810401A;PR;Jardim Kennedy;-23,769;-53,321;2025-03-11 16:20:00.0;0,20
UMUARAMA;412810401A;PR;Jardim Kennedy;-23,769;-53,321;2025-03-11 16:30:00.0;0,39
UMUARAMA;412810401A;PR;Jardim Kennedy;-23,769;-53,321;2025-03-11 16:40:00.0;0,20
UMUARAMA;412810401A;PR;Jardim Kennedy;-23,769;-53,321;2025-03-11 17:40:00.0;0,20
UMUARAMA;412810401A;PR;Jardim Kennedy;-23,769;-53,321;2025-03-11 17:50:00.0;0,20
UMUARAMA;412810401A;PR;Jardim Kennedy;-23,769;-53,321;2025-03-11 18:00:00.0;0,20
UMUARAMA;412810401A;PR;Jardim Kennedy;-23,769;-53,321;2025-03-11 18:20:00.0;0,20
UMUARAMA;412810401A;PR;Jardim Kennedy;-23,769;-53,321;2025-03-11 18:50:00.0;0,20
UMUARAMA;412810401A;PR;Jardim Kennedy;-23,769;-53,321;2025-03-11 19:00:00.0;0,20
UMUARAMA;412810401A;PR;Jardim Kennedy;-23,769;-53,321;2025-03-11 19:20:00.0;0,79
UMUARAMA;412810401A;PR;Jardim Kennedy;-23,769;-53,321;2025-03-11 19:30:00.0;0,39
UMUARAMA;412810401A;PR;Jardim Kennedy;-23,769;-53,321;2025-03-11 20:00:00.0;0,00
UMUARAMA;412810401A;PR;Jardim Kennedy;-23,769;-53,321;2025-03-11 22:20:00.0;0,20
UMUARAMA;412810401A;PR;Jardim Kennedy;-23,769;-53,321;2025-03-12 14:00:00.0;0,00
UMUARAMA;412810401A;PR;Jardim Kennedy;-23,769;-53,321;2025-03-12 15:00:00.0;0,00
UMUARAMA;412810401A;PR;Jardim Kennedy;-23,769;-53,321;2025-03-12 16:00:00.0;0,00
UMUARAMA;412810401A;PR;Jardim Kennedy;-23,769;-53,321;2025-03-12 17:00:00.0;0,00
UMUARAMA;412810401A;PR;Jardim Kennedy;-23,769;-53,321;2025-03-12 18:00:00.0;0,00
UMUARAMA;412810401A;PR;Jardim Kennedy;-23,769;-53,321;2025-03-12 19:00:00.0;0,00
UMUARAMA;412810401A;PR;Jardim Kennedy;-23,769;-53,321;2025-03-12 19:40:00.0;0,20
UMUARAMA;412810401A;PR;Jardim Kennedy;-23,769;-53,321;2025-03-12 20:00:00.0;0,20
UMUARAMA;412810401A;PR;Jardim Kennedy;-23,769;-53,321;2025-03-12 20:40:00.0;0,20
UMUARAMA;412810401A;PR;Jardim Kennedy;-23,769;-53,321;2025-03-12 21:00:00.0;0,00
UMUARAMA;412810401A;PR;Jardim Kennedy;-23,769;-53,321;2025-03-13 12:00:00.0;0,00
UMUARAMA;412810401A;PR;Jardim Kennedy;-23,769;-53,321;2025-03-13 13:00:00.0;0,00
UMUARAMA;412810401A;PR;Jardim Kennedy;-23,769;-53,321;2025-03-13 14:00:00.0;0,00
UMUARAMA;412810401A;PR;Jardim Kennedy;-23,769;-53,321;2025-03-13 15:00:00.0;0,00
UMUARAMA;412810401A;PR;Jardim Kennedy;-23,769;-53,321;2025-03-13 16:00:00.0;0,00
UMUARAMA;412810401A;PR;Jardim Kennedy;-23,769;-53,321;2025-03-13 17:00:00.0;0,00
UMUARAMA;412810401A;PR;Jardim Kennedy;-23,769;-53,321;2025-03-13 18:00:00.0;0,00
UMUARAMA;412810401A;PR;Jardim Kennedy;-23,769;-53,321;2025-03-13 19:00:00.0;0,00
UMUARAMA;412810401A;PR;Jardim Kennedy;-23,769;-53,321;2025-03-13 20:00:00.0;0,00
UMUARAMA;412810401A;PR;Jardim Kennedy;-23,769;-53,321;2025-03-13 20:40:00.0;0,98
UMUARAMA;412810401A;PR;Jardim Kennedy;-23,769;-53,321;2025-03-13 20:50:00.0;0,39
UMUARAMA;412810401A;PR;Jardim Kennedy;-23,769;-53,321;2025-03-13 21:00:00.0;0,00
UMUARAMA;412810401A;PR;Jardim Kennedy;-23,769;-53,321;2025-03-14 12:00:00.0;0,00
UMUARAMA;412810401A;PR;Jardim Kennedy;-23,769;-53,321;2025-03-14 13:00:00.0;0,00
UMUARAMA;412810401A;PR;Jardim Kennedy;-23,769;-53,321;2025-03-14 14:00:00.0;0,00
UMUARAMA;412810401A;PR;Jardim Kennedy;-23,769;-53,321;2025-03-14 15:00:00.0;0,00
UMUARAMA;412810401A;PR;Jardim Kennedy;-23,769;-53,321;2025-03-14 16:00:00.0;0,00
UMUARAMA;412810401A;PR;Jardim Kennedy;-23,769;-53,321;2025-03-14 17:00:00.0;0,00
UMUARAMA;412810401A;PR;Jardim Kennedy;-23,769;-53,321;2025-03-14 18:00:00.0;0,00
UMUARAMA;412810401A;PR;Jardim Kennedy;-23,769;-53,321;2025-03-14 19:00:00.0;0,00
UMUARAMA;412810401A;PR;Jardim Kennedy;-23,769;-53,321;2025-03-14 20:00:00.0;0,00
UMUARAMA;412810401A;PR;Jardim Kennedy;-23,769;-53,321;2025-03-14 21:00:00.0;0,00
UMUARAMA;412810401A;PR;Jardim Kennedy;-23,769;-53,321;2025-03-15 12:00:00.0;0,00
UMUARAMA;412810401A;PR;Jardim Kennedy;-23,769;-53,321;2025-03-15 13:00:00.0;0,00
UMUARAMA;412810401A;PR;Jardim Kennedy;-23,769;-53,321;2025-03-15 14:00:00.0;0,00
UMUARAMA;412810401A;PR;Jardim Kennedy;-23,769;-53,321;2025-03-15 15:00:00.0;0,00
UMUARAMA;412810401A;PR;Jardim Kennedy;-23,769;-53,321;2025-03-15 16:00:00.0;0,00
UMUARAMA;412810401A;PR;Jardim Kennedy;-23,769;-53,321;2025-03-15 17:00:00.0;0,00
UMUARAMA;412810401A;PR;Jardim Kennedy;-23,769;-53,321;2025-03-15 18:00:00.0;0,00
UMUARAMA;412810401A;PR;Jardim Kennedy;-23,769;-53,321;2025-03-15 19:00:00.0;0,00
UMUARAMA;412810401A;PR;Jardim Kennedy;-23,769;-53,321;2025-03-15 20:00:00.0;0,00
UMUARAMA;412810401A;PR;Jardim Kennedy;-23,769;-53,321;2025-03-16 12:00:00.0;0,00
UMUARAMA;412810401A;PR;Jardim Kennedy;-23,769;-53,321;2025-03-16 13:00:00.0;0,00
UMUARAMA;412810401A;PR;Jardim Kennedy;-23,769;-53,321;2025-03-16 14:00:00.0;0,00
UMUARAMA;412810401A;PR;Jardim Kennedy;-23,769;-53,321;2025-03-16 15:00:00.0;0,00
UMUARAMA;412810401A;PR;Jardim Kennedy;-23,769;-53,321;2025-03-16 16:00:00.0;0,00
UMUARAMA;412810401A;PR;Jardim Kennedy;-23,769;-53,321;2025-03-16 17:00:00.0;0,00
UMUARAMA;412810401A;PR;Jardim Kennedy;-23,769;-53,321;2025-03-16 18:00:00.0;0,00
UMUARAMA;412810401A;PR;Jardim Kennedy;-23,769;-53,321;2025-03-16 19:00:00.0;0,00
UMUARAMA;412810401A;PR;Jardim Kennedy;-23,769;-53,321;2025-03-16 20:00:00.0;0,00
UMUARAMA;412810401A;PR;Jardim Kennedy;-23,769;-53,321;2025-03-16 21:00:00.0;0,00
UMUARAMA;412810401A;PR;Jardim Kennedy;-23,769;-53,321;2025-03-17 12:00:00.0;0,00
UMUARAMA;412810401A;PR;Jardim Kennedy;-23,769;-53,321;2025-03-17 13:00:00.0;0,00
UMUARAMA;412810401A;PR;Jardim Kennedy;-23,769;-53,321;2025-03-17 14:00:00.0;0,00
UMUARAMA;412810401A;PR;Jardim Kennedy;-23,769;-53,321;2025-03-17 15:00:00.0;0,00
UMUARAMA;412810401A;PR;Jardim Kennedy;-23,769;-53,321;2025-03-17 16:00:00.0;0,00
UMUARAMA;412810401A;PR;Jardim Kennedy;-23,769;-53,321;2025-03-17 17:00:00.0;0,00
UMUARAMA;412810401A;PR;Jardim Kennedy;-23,769;-53,321;2025-03-17 18:00:00.0;0,00
UMUARAMA;412810401A;PR;Jardim Kennedy;-23,769;-53,321;2025-03-17 19:00:00.0;0,00
UMUARAMA;412810401A;PR;Jardim Kennedy;-23,769;-53,321;2025-03-17 20:00:00.0;0,00
UMUARAMA;412810401A;PR;Jardim Kennedy;-23,769;-53,321;2025-03-17 21:00:00.0;0,00
UMUARAMA;412810401A;PR;Jardim Kennedy;-23,769;-53,321;2025-03-18 09:10:00.0;0,20
UMUARAMA;412810401A;PR;Jardim Kennedy;-23,769;-53,321;2025-03-18 09:30:00.0;0,20
UMUARAMA;412810401A;PR;Jardim Kennedy;-23,769;-53,321;2025-03-18 13:00:00.0;0,00
UMUARAMA;412810401A;PR;Jardim Kennedy;-23,769;-53,321;2025-03-18 14:00:00.0;0,00
UMUARAMA;412810401A;PR;Jardim Kennedy;-23,769;-53,321;2025-03-18 15:00:00.0;0,00
UMUARAMA;412810401A;PR;Jardim Kennedy;-23,769;-53,321;2025-03-18 16:00:00.0;0,00
UMUARAMA;412810401A;PR;Jardim Kennedy;-23,769;-53,321;2025-03-18 17:00:00.0;0,00
UMUARAMA;412810401A;PR;Jardim Kennedy;-23,769;-53,321;2025-03-18 18:00:00.0;0,00
UMUARAMA;412810401A;PR;Jardim Kennedy;-23,769;-53,321;2025-03-18 19:00:00.0;0,00
UMUARAMA;412810401A;PR;Jardim Kennedy;-23,769;-53,321;2025-03-18 20:00:00.0;0,00
UMUARAMA;412810401A;PR;Jardim Kennedy;-23,769;-53,321;2025-03-18 21:00:00.0;0,00
UMUARAMA;412810401A;PR;Jardim Kennedy;-23,769;-53,321;2025-03-19 12:00:00.0;0,00
UMUARAMA;412810401A;PR;Jardim Kennedy;-23,769;-53,321;2025-03-19 13:00:00.0;0,00
UMUARAMA;412810401A;PR;Jardim Kennedy;-23,769;-53,321;2025-03-19 14:00:00.0;0,00
UMUARAMA;412810401A;PR;Jardim Kennedy;-23,769;-53,321;2025-03-19 15:00:00.0;0,00
UMUARAMA;412810401A;PR;Jardim Kennedy;-23,769;-53,321;2025-03-19 16:00:00.0;0,00
UMUARAMA;412810401A;PR;Jardim Kennedy;-23,769;-53,321;2025-03-19 17:00:00.0;0,00
UMUARAMA;412810401A;PR;Jardim Kennedy;-23,769;-53,321;2025-03-19 18:00:00.0;0,00
UMUARAMA;412810401A;PR;Jardim Kennedy;-23,769;-53,321;2025-03-19 19:00:00.0;0,00
UMUARAMA;412810401A;PR;Jardim Kennedy;-23,769;-53,321;2025-03-19 20:00:00.0;0,00
UMUARAMA;412810401A;PR;Jardim Kennedy;-23,769;-53,321;2025-03-20 12:00:00.0;0,00
UMUARAMA;412810401A;PR;Jardim Kennedy;-23,769;-53,321;2025-03-20 13:00:00.0;0,00
UMUARAMA;412810401A;PR;Jardim Kennedy;-23,769;-53,321;2025-03-20 14:00:00.0;0,00
UMUARAMA;412810401A;PR;Jardim Kennedy;-23,769;-53,321;2025-03-20 15:00:00.0;0,00
UMUARAMA;412810401A;PR;Jardim Kennedy;-23,769;-53,321;2025-03-20 16:00:00.0;0,00
UMUARAMA;412810401A;PR;Jardim Kennedy;-23,769;-53,321;2025-03-20 17:00:00.0;0,00
UMUARAMA;412810401A;PR;Jardim Kennedy;-23,769;-53,321;2025-03-20 18:00:00.0;0,00
UMUARAMA;412810401A;PR;Jardim Kennedy;-23,769;-53,321;2025-03-20 19:00:00.0;0,00
UMUARAMA;412810401A;PR;Jardim Kennedy;-23,769;-53,321;2025-03-20 20:00:00.0;0,00
UMUARAMA;412810401A;PR;Jardim Kennedy;-23,769;-53,321;2025-03-20 21:00:00.0;0,00
UMUARAMA;412810401A;PR;Jardim Kennedy;-23,769;-53,321;2025-03-21 11:00:00.0;0,00
UMUARAMA;412810401A;PR;Jardim Kennedy;-23,769;-53,321;2025-03-21 12:00:00.0;0,00
UMUARAMA;412810401A;PR;Jardim Kennedy;-23,769;-53,321;2025-03-21 13:00:00.0;0,00
UMUARAMA;412810401A;PR;Jardim Kennedy;-23,769;-53,321;2025-03-21 14:00:00.0;0,00
UMUARAMA;412810401A;PR;Jardim Kennedy;-23,769;-53,321;2025-03-21 15:00:00.0;0,00
UMUARAMA;412810401A;PR;Jardim Kennedy;-23,769;-53,321;2025-03-21 16:00:00.0;0,00
UMUARAMA;412810401A;PR;Jardim Kennedy;-23,769;-53,321;2025-03-21 17:00:00.0;0,00
UMUARAMA;412810401A;PR;Jardim Kennedy;-23,769;-53,321;2025-03-21 18:00:00.0;0,00
UMUARAMA;412810401A;PR;Jardim Kennedy;-23,769;-53,321;2025-03-21 19:00:00.0;0,00
UMUARAMA;412810401A;PR;Jardim Kennedy;-23,769;-53,321;2025-03-21 20:00:00.0;0,00
UMUARAMA;412810401A;PR;Jardim Kennedy;-23,769;-53,321;2025-03-21 21:00:00.0;0,00
UMUARAMA;412810401A;PR;Jardim Kennedy;-23,769;-53,321;2025-03-22 11:00:00.0;0,00
UMUARAMA;412810401A;PR;Jardim Kennedy;-23,769;-53,321;2025-03-22 12:00:00.0;0,00
UMUARAMA;412810401A;PR;Jardim Kennedy;-23,769;-53,321;2025-03-22 13:00:00.0;0,00
UMUARAMA;412810401A;PR;Jardim Kennedy;-23,769;-53,321;2025-03-22 14:00:00.0;0,00
UMUARAMA;412810401A;PR;Jardim Kennedy;-23,769;-53,321;2025-03-22 15:00:00.0;0,00
UMUARAMA;412810401A;PR;Jardim Kennedy;-23,769;-53,321;2025-03-22 16:00:00.0;0,00
UMUARAMA;412810401A;PR;Jardim Kennedy;-23,769;-53,321;2025-03-22 17:00:00.0;0,00
UMUARAMA;412810401A;PR;Jardim Kennedy;-23,769;-53,321;2025-03-22 18:00:00.0;0,00
UMUARAMA;412810401A;PR;Jardim Kennedy;-23,769;-53,321;2025-03-22 19:00:00.0;0,00
UMUARAMA;412810401A;PR;Jardim Kennedy;-23,769;-53,321;2025-03-22 20:00:00.0;0,00
UMUARAMA;412810401A;PR;Jardim Kennedy;-23,769;-53,321;2025-03-22 21:00:00.0;0,00
UMUARAMA;412810401A;PR;Jardim Kennedy;-23,769;-53,321;2025-03-23 12:00:00.0;0,00
UMUARAMA;412810401A;PR;Jardim Kennedy;-23,769;-53,321;2025-03-23 13:00:00.0;0,00
UMUARAMA;412810401A;PR;Jardim Kennedy;-23,769;-53,321;2025-03-23 14:00:00.0;0,00
UMUARAMA;412810401A;PR;Jardim Kennedy;-23,769;-53,321;2025-03-23 15:00:00.0;0,00
UMUARAMA;412810401A;PR;Jardim Kennedy;-23,769;-53,321;2025-03-23 16:00:00.0;0,00
UMUARAMA;412810401A;PR;Jardim Kennedy;-23,769;-53,321;2025-03-23 17:00:00.0;0,00
UMUARAMA;412810401A;PR;Jardim Kennedy;-23,769;-53,321;2025-03-23 18:00:00.0;0,00
UMUARAMA;412810401A;PR;Jardim Kennedy;-23,769;-53,321;2025-03-23 19:00:00.0;0,00
UMUARAMA;412810401A;PR;Jardim Kennedy;-23,769;-53,321;2025-03-23 19:10:00.0;0,39
UMUARAMA;412810401A;PR;Jardim Kennedy;-23,769;-53,321;2025-03-23 20:00:00.0;0,00
UMUARAMA;412810401A;PR;Jardim Kennedy;-23,769;-53,321;2025-03-23 21:20:00.0;0,39
UMUARAMA;412810401A;PR;Jardim Kennedy;-23,769;-53,321;2025-03-24 13:00:00.0;0,00
UMUARAMA;412810401A;PR;Jardim Kennedy;-23,769;-53,321;2025-03-24 14:00:00.0;0,00
UMUARAMA;412810401A;PR;Jardim Kennedy;-23,769;-53,321;2025-03-24 15:00:00.0;0,00
UMUARAMA;412810401A;PR;Jardim Kennedy;-23,769;-53,321;2025-03-24 16:00:00.0;0,00
UMUARAMA;412810401A;PR;Jardim Kennedy;-23,769;-53,321;2025-03-24 17:00:00.0;0,00
UMUARAMA;412810401A;PR;Jardim Kennedy;-23,769;-53,321;2025-03-24 18:00:00.0;0,00
UMUARAMA;412810401A;PR;Jardim Kennedy;-23,769;-53,321;2025-03-24 19:00:00.0;0,00
UMUARAMA;412810401A;PR;Jardim Kennedy;-23,769;-53,321;2025-03-24 20:00:00.0;0,00
UMUARAMA;412810401A;PR;Jardim Kennedy;-23,769;-53,321;2025-03-24 21:00:00.0;0,00
UMUARAMA;412810401A;PR;Jardim Kennedy;-23,769;-53,321;2025-03-25 11:00:00.0;0,00
UMUARAMA;412810401A;PR;Jardim Kennedy;-23,769;-53,321;2025-03-25 12:00:00.0;0,00
UMUARAMA;412810401A;PR;Jardim Kennedy;-23,769;-53,321;2025-03-25 13:00:00.0;0,00
UMUARAMA;412810401A;PR;Jardim Kennedy;-23,769;-53,321;2025-03-25 14:00:00.0;0,00
UMUARAMA;412810401A;PR;Jardim Kennedy;-23,769;-53,321;2025-03-25 15:00:00.0;0,00
UMUARAMA;412810401A;PR;Jardim Kennedy;-23,769;-53,321;2025-03-25 16:10:00.0;0,00
UMUARAMA;412810401A;PR;Jardim Kennedy;-23,769;-53,321;2025-03-25 17:00:00.0;0,00
UMUARAMA;412810401A;PR;Jardim Kennedy;-23,769;-53,321;2025-03-25 18:00:00.0;0,00
UMUARAMA;412810401A;PR;Jardim Kennedy;-23,769;-53,321;2025-03-25 19:00:00.0;0,00
UMUARAMA;412810401A;PR;Jardim Kennedy;-23,769;-53,321;2025-03-25 20:00:00.0;0,00
UMUARAMA;412810401A;PR;Jardim Kennedy;-23,769;-53,321;2025-03-26 12:00:00.0;0,00
UMUARAMA;412810401A;PR;Jardim Kennedy;-23,769;-53,321;2025-03-26 13:00:00.0;0,00
UMUARAMA;412810401A;PR;Jardim Kennedy;-23,769;-53,321;2025-03-26 14:00:00.0;0,00
UMUARAMA;412810401A;PR;Jardim Kennedy;-23,769;-53,321;2025-03-26 15:00:00.0;0,00
UMUARAMA;412810401A;PR;Jardim Kennedy;-23,769;-53,321;2025-03-26 16:00:00.0;0,00
UMUARAMA;412810401A;PR;Jardim Kennedy;-23,769;-53,321;2025-03-26 17:00:00.0;0,00
UMUARAMA;412810401A;PR;Jardim Kennedy;-23,769;-53,321;2025-03-26 18:00:00.0;0,00
UMUARAMA;412810401A;PR;Jardim Kennedy;-23,769;-53,321;2025-03-26 19:00:00.0;0,00
UMUARAMA;412810401A;PR;Jardim Kennedy;-23,769;-53,321;2025-03-26 20:00:00.0;0,00
UMUARAMA;412810401A;PR;Jardim Kennedy;-23,769;-53,321;2025-03-26 21:00:00.0;0,00
UMUARAMA;412810401A;PR;Jardim Kennedy;-23,769;-53,321;2025-03-27 11:00:00.0;0,00
UMUARAMA;412810401A;PR;Jardim Kennedy;-23,769;-53,321;2025-03-27 12:00:00.0;0,00
UMUARAMA;412810401A;PR;Jardim Kennedy;-23,769;-53,321;2025-03-27 13:00:00.0;0,00
UMUARAMA;412810401A;PR;Jardim Kennedy;-23,769;-53,321;2025-03-27 14:00:00.0;0,00
UMUARAMA;412810401A;PR;Jardim Kennedy;-23,769;-53,321;2025-03-27 15:00:00.0;0,00
UMUARAMA;412810401A;PR;Jardim Kennedy;-23,769;-53,321;2025-03-27 16:00:00.0;0,00
UMUARAMA;412810401A;PR;Jardim Kennedy;-23,769;-53,321;2025-03-27 17:00:00.0;0,00
UMUARAMA;412810401A;PR;Jardim Kennedy;-23,769;-53,321;2025-03-27 18:00:00.0;0,00
UMUARAMA;412810401A;PR;Jardim Kennedy;-23,769;-53,321;2025-03-27 19:00:00.0;0,00
UMUARAMA;412810401A;PR;Jardim Kennedy;-23,769;-53,321;2025-03-27 20:00:00.0;0,00
UMUARAMA;412810401A;PR;Jardim Kennedy;-23,769;-53,321;2025-03-28 12:00:00.0;0,00
UMUARAMA;412810401A;PR;Jardim Kennedy;-23,769;-53,321;2025-03-28 13:00:00.0;0,00
UMUARAMA;412810401A;PR;Jardim Kennedy;-23,769;-53,321;2025-03-28 14:00:00.0;0,00
UMUARAMA;412810401A;PR;Jardim Kennedy;-23,769;-53,321;2025-03-28 15:00:00.0;0,00
UMUARAMA;412810401A;PR;Jardim Kennedy;-23,769;-53,321;2025-03-28 16:00:00.0;0,00
UMUARAMA;412810401A;PR;Jardim Kennedy;-23,769;-53,321;2025-03-28 17:00:00.0;0,00
UMUARAMA;412810401A;PR;Jardim Kennedy;-23,769;-53,321;2025-03-28 17:50:00.0;0,20
UMUARAMA;412810401A;PR;Jardim Kennedy;-23,769;-53,321;2025-03-28 18:00:00.0;0,00
UMUARAMA;412810401A;PR;Jardim Kennedy;-23,769;-53,321;2025-03-28 19:00:00.0;0,00
UMUARAMA;412810401A;PR;Jardim Kennedy;-23,769;-53,321;2025-03-28 20:00:00.0;0,00
UMUARAMA;412810401A;PR;Jardim Kennedy;-23,769;-53,321;2025-03-28 21:00:00.0;0,00
UMUARAMA;412810401A;PR;Jardim Kennedy;-23,769;-53,321;2025-03-29 12:40:00.0;0,20
UMUARAMA;412810401A;PR;Jardim Kennedy;-23,769;-53,321;2025-03-29 13:00:00.0;0,00
UMUARAMA;412810401A;PR;Jardim Kennedy;-23,769;-53,321;2025-03-29 14:00:00.0;0,00
UMUARAMA;412810401A;PR;Jardim Kennedy;-23,769;-53,321;2025-03-29 15:00:00.0;0,00
UMUARAMA;412810401A;PR;Jardim Kennedy;-23,769;-53,321;2025-03-29 15:50:00.0;0,20
UMUARAMA;412810401A;PR;Jardim Kennedy;-23,769;-53,321;2025-03-29 16:00:00.0;0,00
UMUARAMA;412810401A;PR;Jardim Kennedy;-23,769;-53,321;2025-03-29 17:00:00.0;0,00
UMUARAMA;412810401A;PR;Jardim Kennedy;-23,769;-53,321;2025-03-29 18:00:00.0;0,00
UMUARAMA;412810401A;PR;Jardim Kennedy;-23,769;-53,321;2025-03-29 19:00:00.0;0,39
UMUARAMA;412810401A;PR;Jardim Kennedy;-23,769;-53,321;2025-03-29 20:00:00.0;0,00
UMUARAMA;412810401A;PR;Jardim Kennedy;-23,769;-53,321;2025-03-30 12:00:00.0;0,00
UMUARAMA;412810401A;PR;Jardim Kennedy;-23,769;-53,321;2025-03-30 13:00:00.0;0,00
UMUARAMA;412810401A;PR;Jardim Kennedy;-23,769;-53,321;2025-03-30 14:00:00.0;0,00
UMUARAMA;412810401A;PR;Jardim Kennedy;-23,769;-53,321;2025-03-30 15:00:00.0;0,00
UMUARAMA;412810401A;PR;Jardim Kennedy;-23,769;-53,321;2025-03-30 16:00:00.0;0,00
UMUARAMA;412810401A;PR;Jardim Kennedy;-23,769;-53,321;2025-03-30 17:00:00.0;0,00
UMUARAMA;412810401A;PR;Jardim Kennedy;-23,769;-53,321;2025-03-30 18:00:00.0;0,00
UMUARAMA;412810401A;PR;Jardim Kennedy;-23,769;-53,321;2025-03-30 19:00:00.0;0,00
UMUARAMA;412810401A;PR;Jardim Kennedy;-23,769;-53,321;2025-03-30 20:00:00.0;0,00
UMUARAMA;412810401A;PR;Jardim Kennedy;-23,769;-53,321;2025-03-30 21:00:00.0;0,00
UMUARAMA;412810401A;PR;Jardim Kennedy;-23,769;-53,321;2025-03-31 12:00:00.0;0,00
UMUARAMA;412810401A;PR;Jardim Kennedy;-23,769;-53,321;2025-03-31 13:00:00.0;0,00
UMUARAMA;412810401A;PR;Jardim Kennedy;-23,769;-53,321;2025-03-31 14:00:00.0;0,00
UMUARAMA;412810401A;PR;Jardim Kennedy;-23,769;-53,321;2025-03-31 15:00:00.0;0,00
UMUARAMA;412810401A;PR;Jardim Kennedy;-23,769;-53,321;2025-03-31 16:00:00.0;0,00
UMUARAMA;412810401A;PR;Jardim Kennedy;-23,769;-53,321;2025-03-31 17:00:00.0;0,00
UMUARAMA;412810401A;PR;Jardim Kennedy;-23,769;-53,321;2025-03-31 18:00:00.0;0,00
UMUARAMA;412810401A;PR;Jardim Kennedy;-23,769;-53,321;2025-03-31 19:00:00.0;0,00
UMUARAMA;412810401A;PR;Jardim Kennedy;-23,769;-53,321;2025-03-31 20:00:00.0;0,00
UMUARAMA;412810401A;PR;Jardim Kennedy;-23,769;-53,321;2025-03-31 21:00:00.0;0,00
UNIÃO DA VITÓRIA;412820302A;PR;Rio da Praia;-26,251;-51,1;2025-03-01 00:00:00.0;0,00
UNIÃO DA VITÓRIA;412820302A;PR;Rio da Praia;-26,251;-51,1;2025-03-01 01:00:00.0;0,00
UNIÃO DA VITÓRIA;412820302A;PR;Rio da Praia;-26,251;-51,1;2025-03-01 02:00:00.0;0,00
UNIÃO DA VITÓRIA;412820302A;PR;Rio da Praia;-26,251;-51,1;2025-03-01 03:00:00.0;0,00
UNIÃO DA VITÓRIA;412820302A;PR;Rio da Praia;-26,251;-51,1;2025-03-01 04:00:00.0;0,00
UNIÃO DA VITÓRIA;412820302A;PR;Rio da Praia;-26,251;-51,1;2025-03-01 05:00:00.0;0,00
UNIÃO DA VITÓRIA;412820302A;PR;Rio da Praia;-26,251;-51,1;2025-03-01 06:00:00.0;0,00
UNIÃO DA VITÓRIA;412820302A;PR;Rio da Praia;-26,251;-51,1;2025-03-01 07:00:00.0;0,00
UNIÃO DA VITÓRIA;412820302A;PR;Rio da Praia;-26,251;-51,1;2025-03-01 08:00:00.0;0,00
UNIÃO DA VITÓRIA;412820302A;PR;Rio da Praia;-26,251;-51,1;2025-03-01 09:00:00.0;0,00
UNIÃO DA VITÓRIA;412820302A;PR;Rio da Praia;-26,251;-51,1;2025-03-01 10:00:00.0;0,00
UNIÃO DA VITÓRIA;412820302A;PR;Rio da Praia;-26,251;-51,1;2025-03-01 11:00:00.0;0,00
UNIÃO DA VITÓRIA;412820302A;PR;Rio da Praia;-26,251;-51,1;2025-03-01 12:00:00.0;0,00
UNIÃO DA VITÓRIA;412820302A;PR;Rio da Praia;-26,251;-51,1;2025-03-01 13:00:00.0;0,00
UNIÃO DA VITÓRIA;412820302A;PR;Rio da Praia;-26,251;-51,1;2025-03-01 14:00:00.0;0,00
UNIÃO DA VITÓRIA;412820302A;PR;Rio da Praia;-26,251;-51,1;2025-03-01 15:00:00.0;0,00
UNIÃO DA VITÓRIA;412820302A;PR;Rio da Praia;-26,251;-51,1;2025-03-01 16:00:00.0;0,00
UNIÃO DA VITÓRIA;412820302A;PR;Rio da Praia;-26,251;-51,1;2025-03-01 17:00:00.0;0,00
UNIÃO DA VITÓRIA;412820302A;PR;Rio da Praia;-26,251;-51,1;2025-03-01 18:00:00.0;0,00
UNIÃO DA VITÓRIA;412820302A;PR;Rio da Praia;-26,251;-51,1;2025-03-01 19:00:00.0;0,00
UNIÃO DA VITÓRIA;412820302A;PR;Rio da Praia;-26,251;-51,1;2025-03-01 20:00:00.0;0,00
UNIÃO DA VITÓRIA;412820302A;PR;Rio da Praia;-26,251;-51,1;2025-03-01 21:00:00.0;0,00
UNIÃO DA VITÓRIA;412820302A;PR;Rio da Praia;-26,251;-51,1;2025-03-01 22:00:00.0;0,00
UNIÃO DA VITÓRIA;412820302A;PR;Rio da Praia;-26,251;-51,1;2025-03-01 23:00:00.0;0,00
UNIÃO DA VITÓRIA;412820302A;PR;Rio da Praia;-26,251;-51,1;2025-03-02 00:00:00.0;0,00
UNIÃO DA VITÓRIA;412820302A;PR;Rio da Praia;-26,251;-51,1;2025-03-02 01:00:00.0;0,00
UNIÃO DA VITÓRIA;412820302A;PR;Rio da Praia;-26,251;-51,1;2025-03-02 02:00:00.0;0,00
UNIÃO DA VITÓRIA;412820302A;PR;Rio da Praia;-26,251;-51,1;2025-03-02 03:00:00.0;0,00
UNIÃO DA VITÓRIA;412820302A;PR;Rio da Praia;-26,251;-51,1;2025-03-02 04:00:00.0;0,00
UNIÃO DA VITÓRIA;412820302A;PR;Rio da Praia;-26,251;-51,1;2025-03-02 05:00:00.0;0,00
UNIÃO DA VITÓRIA;412820302A;PR;Rio da Praia;-26,251;-51,1;2025-03-02 06:00:00.0;0,00
UNIÃO DA VITÓRIA;412820302A;PR;Rio da Praia;-26,251;-51,1;2025-03-02 07:00:00.0;0,00
UNIÃO DA VITÓRIA;412820302A;PR;Rio da Praia;-26,251;-51,1;2025-03-02 08:00:00.0;0,00
UNIÃO DA VITÓRIA;412820302A;PR;Rio da Praia;-26,251;-51,1;2025-03-02 09:00:00.0;0,00
UNIÃO DA VITÓRIA;412820302A;PR;Rio da Praia;-26,251;-51,1;2025-03-02 10:00:00.0;0,00
UNIÃO DA VITÓRIA;412820302A;PR;Rio da Praia;-26,251;-51,1;2025-03-02 11:00:00.0;0,00
UNIÃO DA VITÓRIA;412820302A;PR;Rio da Praia;-26,251;-51,1;2025-03-02 12:00:00.0;0,00
UNIÃO DA VITÓRIA;412820302A;PR;Rio da Praia;-26,251;-51,1;2025-03-02 13:00:00.0;0,00
UNIÃO DA VITÓRIA;412820302A;PR;Rio da Praia;-26,251;-51,1;2025-03-02 14:00:00.0;0,00
UNIÃO DA VITÓRIA;412820302A;PR;Rio da Praia;-26,251;-51,1;2025-03-02 15:00:00.0;0,00
UNIÃO DA VITÓRIA;412820302A;PR;Rio da Praia;-26,251;-51,1;2025-03-02 16:00:00.0;0,00
UNIÃO DA VITÓRIA;412820302A;PR;Rio da Praia;-26,251;-51,1;2025-03-02 17:00:00.0;0,00
UNIÃO DA VITÓRIA;412820302A;PR;Rio da Praia;-26,251;-51,1;2025-03-02 18:00:00.0;0,00
UNIÃO DA VITÓRIA;412820302A;PR;Rio da Praia;-26,251;-51,1;2025-03-02 19:00:00.0;0,00
UNIÃO DA VITÓRIA;412820302A;PR;Rio da Praia;-26,251;-51,1;2025-03-02 20:00:00.0;0,00
UNIÃO DA VITÓRIA;412820302A;PR;Rio da Praia;-26,251;-51,1;2025-03-02 21:00:00.0;0,00
UNIÃO DA VITÓRIA;412820302A;PR;Rio da Praia;-26,251;-51,1;2025-03-02 22:00:00.0;0,00
UNIÃO DA VITÓRIA;412820302A;PR;Rio da Praia;-26,251;-51,1;2025-03-02 23:00:00.0;0,00
UNIÃO DA VITÓRIA;412820302A;PR;Rio da Praia;-26,251;-51,1;2025-03-03 00:00:00.0;0,00
UNIÃO DA VITÓRIA;412820302A;PR;Rio da Praia;-26,251;-51,1;2025-03-03 01:00:00.0;0,00
UNIÃO DA VITÓRIA;412820302A;PR;Rio da Praia;-26,251;-51,1;2025-03-03 02:00:00.0;0,00
UNIÃO DA VITÓRIA;412820302A;PR;Rio da Praia;-26,251;-51,1;2025-03-03 03:00:00.0;0,00
UNIÃO DA VITÓRIA;412820302A;PR;Rio da Praia;-26,251;-51,1;2025-03-03 04:00:00.0;0,00
UNIÃO DA VITÓRIA;412820302A;PR;Rio da Praia;-26,251;-51,1;2025-03-03 05:00:00.0;0,00
UNIÃO DA VITÓRIA;412820302A;PR;Rio da Praia;-26,251;-51,1;2025-03-03 06:00:00.0;0,00
UNIÃO DA VITÓRIA;412820302A;PR;Rio da Praia;-26,251;-51,1;2025-03-03 07:00:00.0;0,00
UNIÃO DA VITÓRIA;412820302A;PR;Rio da Praia;-26,251;-51,1;2025-03-03 08:00:00.0;0,00
UNIÃO DA VITÓRIA;412820302A;PR;Rio da Praia;-26,251;-51,1;2025-03-03 09:00:00.0;0,00
UNIÃO DA VITÓRIA;412820302A;PR;Rio da Praia;-26,251;-51,1;2025-03-03 10:00:00.0;0,00
UNIÃO DA VITÓRIA;412820302A;PR;Rio da Praia;-26,251;-51,1;2025-03-03 11:00:00.0;0,00
UNIÃO DA VITÓRIA;412820302A;PR;Rio da Praia;-26,251;-51,1;2025-03-03 12:00:00.0;0,00
UNIÃO DA VITÓRIA;412820302A;PR;Rio da Praia;-26,251;-51,1;2025-03-03 13:00:00.0;0,00
UNIÃO DA VITÓRIA;412820302A;PR;Rio da Praia;-26,251;-51,1;2025-03-03 14:00:00.0;0,00
UNIÃO DA VITÓRIA;412820302A;PR;Rio da Praia;-26,251;-51,1;2025-03-03 15:00:00.0;0,00
UNIÃO DA VITÓRIA;412820302A;PR;Rio da Praia;-26,251;-51,1;2025-03-03 16:00:00.0;0,00
UNIÃO DA VITÓRIA;412820302A;PR;Rio da Praia;-26,251;-51,1;2025-03-03 17:00:00.0;0,00
UNIÃO DA VITÓRIA;412820302A;PR;Rio da Praia;-26,251;-51,1;2025-03-03 18:00:00.0;0,00
UNIÃO DA VITÓRIA;412820302A;PR;Rio da Praia;-26,251;-51,1;2025-03-03 19:00:00.0;0,00
UNIÃO DA VITÓRIA;412820302A;PR;Rio da Praia;-26,251;-51,1;2025-03-03 20:00:00.0;0,00
UNIÃO DA VITÓRIA;412820302A;PR;Rio da Praia;-26,251;-51,1;2025-03-03 21:00:00.0;0,00
UNIÃO DA VITÓRIA;412820302A;PR;Rio da Praia;-26,251;-51,1;2025-03-03 22:00:00.0;0,00
UNIÃO DA VITÓRIA;412820302A;PR;Rio da Praia;-26,251;-51,1;2025-03-03 23:00:00.0;0,00
UNIÃO DA VITÓRIA;412820302A;PR;Rio da Praia;-26,251;-51,1;2025-03-04 00:00:00.0;0,00
UNIÃO DA VITÓRIA;412820302A;PR;Rio da Praia;-26,251;-51,1;2025-03-04 01:00:00.0;0,00
UNIÃO DA VITÓRIA;412820302A;PR;Rio da Praia;-26,251;-51,1;2025-03-04 02:00:00.0;0,00
UNIÃO DA VITÓRIA;412820302A;PR;Rio da Praia;-26,251;-51,1;2025-03-04 03:00:00.0;0,00
UNIÃO DA VITÓRIA;412820302A;PR;Rio da Praia;-26,251;-51,1;2025-03-04 04:00:00.0;0,00
UNIÃO DA VITÓRIA;412820302A;PR;Rio da Praia;-26,251;-51,1;2025-03-04 05:00:00.0;0,00
UNIÃO DA VITÓRIA;412820302A;PR;Rio da Praia;-26,251;-51,1;2025-03-04 06:00:00.0;0,00
UNIÃO DA VITÓRIA;412820302A;PR;Rio da Praia;-26,251;-51,1;2025-03-04 07:00:00.0;0,00
UNIÃO DA VITÓRIA;412820302A;PR;Rio da Praia;-26,251;-51,1;2025-03-04 08:00:00.0;0,00
UNIÃO DA VITÓRIA;412820302A;PR;Rio da Praia;-26,251;-51,1;2025-03-04 09:00:00.0;0,00
UNIÃO DA VITÓRIA;412820302A;PR;Rio da Praia;-26,251;-51,1;2025-03-04 10:00:00.0;0,00
UNIÃO DA VITÓRIA;412820302A;PR;Rio da Praia;-26,251;-51,1;2025-03-04 11:00:00.0;0,00
UNIÃO DA VITÓRIA;412820302A;PR;Rio da Praia;-26,251;-51,1;2025-03-04 12:00:00.0;0,00
UNIÃO DA VITÓRIA;412820302A;PR;Rio da Praia;-26,251;-51,1;2025-03-04 13:00:00.0;0,00
UNIÃO DA VITÓRIA;412820302A;PR;Rio da Praia;-26,251;-51,1;2025-03-04 14:00:00.0;0,00
UNIÃO DA VITÓRIA;412820302A;PR;Rio da Praia;-26,251;-51,1;2025-03-04 15:00:00.0;0,00
UNIÃO DA VITÓRIA;412820302A;PR;Rio da Praia;-26,251;-51,1;2025-03-04 16:00:00.0;0,00
UNIÃO DA VITÓRIA;412820302A;PR;Rio da Praia;-26,251;-51,1;2025-03-04 17:00:00.0;0,00
UNIÃO DA VITÓRIA;412820302A;PR;Rio da Praia;-26,251;-51,1;2025-03-04 18:00:00.0;0,00
UNIÃO DA VITÓRIA;412820302A;PR;Rio da Praia;-26,251;-51,1;2025-03-04 19:00:00.0;0,00
UNIÃO DA VITÓRIA;412820302A;PR;Rio da Praia;-26,251;-51,1;2025-03-04 20:00:00.0;0,00
UNIÃO DA VITÓRIA;412820302A;PR;Rio da Praia;-26,251;-51,1;2025-03-04 21:00:00.0;0,00
UNIÃO DA VITÓRIA;412820302A;PR;Rio da Praia;-26,251;-51,1;2025-03-04 22:00:00.0;0,00
UNIÃO DA VITÓRIA;412820302A;PR;Rio da Praia;-26,251;-51,1;2025-03-04 23:00:00.0;0,00
UNIÃO DA VITÓRIA;412820302A;PR;Rio da Praia;-26,251;-51,1;2025-03-05 00:00:00.0;0,00
UNIÃO DA VITÓRIA;412820302A;PR;Rio da Praia;-26,251;-51,1;2025-03-05 01:00:00.0;0,00
UNIÃO DA VITÓRIA;412820302A;PR;Rio da Praia;-26,251;-51,1;2025-03-05 02:00:00.0;0,00
UNIÃO DA VITÓRIA;412820302A;PR;Rio da Praia;-26,251;-51,1;2025-03-05 03:00:00.0;0,00
UNIÃO DA VITÓRIA;412820302A;PR;Rio da Praia;-26,251;-51,1;2025-03-05 04:00:00.0;0,00
UNIÃO DA VITÓRIA;412820302A;PR;Rio da Praia;-26,251;-51,1;2025-03-05 05:00:00.0;0,00
UNIÃO DA VITÓRIA;412820302A;PR;Rio da Praia;-26,251;-51,1;2025-03-05 06:00:00.0;0,00
UNIÃO DA VITÓRIA;412820302A;PR;Rio da Praia;-26,251;-51,1;2025-03-05 07:00:00.0;0,00
UNIÃO DA VITÓRIA;412820302A;PR;Rio da Praia;-26,251;-51,1;2025-03-05 08:00:00.0;0,00
UNIÃO DA VITÓRIA;412820302A;PR;Rio da Praia;-26,251;-51,1;2025-03-05 09:00:00.0;0,00
UNIÃO DA VITÓRIA;412820302A;PR;Rio da Praia;-26,251;-51,1;2025-03-05 10:00:00.0;0,00
UNIÃO DA VITÓRIA;412820302A;PR;Rio da Praia;-26,251;-51,1;2025-03-05 11:00:00.0;0,00
UNIÃO DA VITÓRIA;412820302A;PR;Rio da Praia;-26,251;-51,1;2025-03-05 12:00:00.0;0,00
UNIÃO DA VITÓRIA;412820302A;PR;Rio da Praia;-26,251;-51,1;2025-03-05 13:00:00.0;0,00
UNIÃO DA VITÓRIA;412820302A;PR;Rio da Praia;-26,251;-51,1;2025-03-05 14:00:00.0;0,00
UNIÃO DA VITÓRIA;412820302A;PR;Rio da Praia;-26,251;-51,1;2025-03-05 15:00:00.0;0,00
UNIÃO DA VITÓRIA;412820302A;PR;Rio da Praia;-26,251;-51,1;2025-03-05 16:00:00.0;0,00
UNIÃO DA VITÓRIA;412820302A;PR;Rio da Praia;-26,251;-51,1;2025-03-05 17:00:00.0;0,00
UNIÃO DA VITÓRIA;412820302A;PR;Rio da Praia;-26,251;-51,1;2025-03-05 18:00:00.0;0,00
UNIÃO DA VITÓRIA;412820302A;PR;Rio da Praia;-26,251;-51,1;2025-03-05 19:00:00.0;0,00
UNIÃO DA VITÓRIA;412820302A;PR;Rio da Praia;-26,251;-51,1;2025-03-05 20:00:00.0;0,00
UNIÃO DA VITÓRIA;412820302A;PR;Rio da Praia;-26,251;-51,1;2025-03-05 21:00:00.0;0,00
UNIÃO DA VITÓRIA;412820302A;PR;Rio da Praia;-26,251;-51,1;2025-03-05 22:00:00.0;0,00
UNIÃO DA VITÓRIA;412820302A;PR;Rio da Praia;-26,251;-51,1;2025-03-05 23:00:00.0;0,00
UNIÃO DA VITÓRIA;412820302A;PR;Rio da Praia;-26,251;-51,1;2025-03-06 00:00:00.0;0,00
UNIÃO DA VITÓRIA;412820302A;PR;Rio da Praia;-26,251;-51,1;2025-03-06 01:00:00.0;0,00
UNIÃO DA VITÓRIA;412820302A;PR;Rio da Praia;-26,251;-51,1;2025-03-06 02:00:00.0;0,00
UNIÃO DA VITÓRIA;412820302A;PR;Rio da Praia;-26,251;-51,1;2025-03-06 03:00:00.0;0,00
UNIÃO DA VITÓRIA;412820302A;PR;Rio da Praia;-26,251;-51,1;2025-03-06 04:00:00.0;0,00
UNIÃO DA VITÓRIA;412820302A;PR;Rio da Praia;-26,251;-51,1;2025-03-06 05:00:00.0;0,00
UNIÃO DA VITÓRIA;412820302A;PR;Rio da Praia;-26,251;-51,1;2025-03-06 06:00:00.0;0,00
UNIÃO DA VITÓRIA;412820302A;PR;Rio da Praia;-26,251;-51,1;2025-03-06 07:00:00.0;0,00
UNIÃO DA VITÓRIA;412820302A;PR;Rio da Praia;-26,251;-51,1;2025-03-06 08:00:00.0;0,00
UNIÃO DA VITÓRIA;412820302A;PR;Rio da Praia;-26,251;-51,1;2025-03-06 09:00:00.0;0,00
UNIÃO DA VITÓRIA;412820302A;PR;Rio da Praia;-26,251;-51,1;2025-03-06 10:00:00.0;0,00
UNIÃO DA VITÓRIA;412820302A;PR;Rio da Praia;-26,251;-51,1;2025-03-06 11:00:00.0;0,00
UNIÃO DA VITÓRIA;412820302A;PR;Rio da Praia;-26,251;-51,1;2025-03-06 12:00:00.0;0,00
UNIÃO DA VITÓRIA;412820302A;PR;Rio da Praia;-26,251;-51,1;2025-03-06 13:00:00.0;0,00
UNIÃO DA VITÓRIA;412820302A;PR;Rio da Praia;-26,251;-51,1;2025-03-06 14:00:00.0;0,00
UNIÃO DA VITÓRIA;412820302A;PR;Rio da Praia;-26,251;-51,1;2025-03-06 15:00:00.0;0,00
UNIÃO DA VITÓRIA;412820302A;PR;Rio da Praia;-26,251;-51,1;2025-03-06 16:00:00.0;0,00
UNIÃO DA VITÓRIA;412820302A;PR;Rio da Praia;-26,251;-51,1;2025-03-06 17:00:00.0;0,00
UNIÃO DA VITÓRIA;412820302A;PR;Rio da Praia;-26,251;-51,1;2025-03-06 18:00:00.0;0,00
UNIÃO DA VITÓRIA;412820302A;PR;Rio da Praia;-26,251;-51,1;2025-03-06 19:00:00.0;0,00
UNIÃO DA VITÓRIA;412820302A;PR;Rio da Praia;-26,251;-51,1;2025-03-06 20:00:00.0;0,00
UNIÃO DA VITÓRIA;412820302A;PR;Rio da Praia;-26,251;-51,1;2025-03-06 21:00:00.0;0,00
UNIÃO DA VITÓRIA;412820302A;PR;Rio da Praia;-26,251;-51,1;2025-03-06 22:00:00.0;0,00
UNIÃO DA VITÓRIA;412820302A;PR;Rio da Praia;-26,251;-51,1;2025-03-06 23:00:00.0;0,00
UNIÃO DA VITÓRIA;412820302A;PR;Rio da Praia;-26,251;-51,1;2025-03-07 00:00:00.0;0,00
UNIÃO DA VITÓRIA;412820302A;PR;Rio da Praia;-26,251;-51,1;2025-03-07 01:00:00.0;0,00
UNIÃO DA VITÓRIA;412820302A;PR;Rio da Praia;-26,251;-51,1;2025-03-07 02:00:00.0;0,00
UNIÃO DA VITÓRIA;412820302A;PR;Rio da Praia;-26,251;-51,1;2025-03-07 03:00:00.0;0,00
UNIÃO DA VITÓRIA;412820302A;PR;Rio da Praia;-26,251;-51,1;2025-03-07 04:00:00.0;0,00
UNIÃO DA VITÓRIA;412820302A;PR;Rio da Praia;-26,251;-51,1;2025-03-07 05:00:00.0;0,00
UNIÃO DA VITÓRIA;412820302A;PR;Rio da Praia;-26,251;-51,1;2025-03-07 06:00:00.0;0,00
UNIÃO DA VITÓRIA;412820302A;PR;Rio da Praia;-26,251;-51,1;2025-03-07 07:00:00.0;0,00
UNIÃO DA VITÓRIA;412820302A;PR;Rio da Praia;-26,251;-51,1;2025-03-07 08:00:00.0;0,00
UNIÃO DA VITÓRIA;412820302A;PR;Rio da Praia;-26,251;-51,1;2025-03-07 09:00:00.0;0,00
UNIÃO DA VITÓRIA;412820302A;PR;Rio da Praia;-26,251;-51,1;2025-03-07 10:00:00.0;0,00
UNIÃO DA VITÓRIA;412820302A;PR;Rio da Praia;-26,251;-51,1;2025-03-07 11:00:00.0;0,00
UNIÃO DA VITÓRIA;412820302A;PR;Rio da Praia;-26,251;-51,1;2025-03-07 12:00:00.0;0,00
UNIÃO DA VITÓRIA;412820302A;PR;Rio da Praia;-26,251;-51,1;2025-03-07 13:00:00.0;0,00
UNIÃO DA VITÓRIA;412820302A;PR;Rio da Praia;-26,251;-51,1;2025-03-07 14:00:00.0;0,00
UNIÃO DA VITÓRIA;412820302A;PR;Rio da Praia;-26,251;-51,1;2025-03-07 15:00:00.0;0,00
UNIÃO DA VITÓRIA;412820302A;PR;Rio da Praia;-26,251;-51,1;2025-03-07 16:00:00.0;0,00
UNIÃO DA VITÓRIA;412820302A;PR;Rio da Praia;-26,251;-51,1;2025-03-07 17:00:00.0;0,00
UNIÃO DA VITÓRIA;412820302A;PR;Rio da Praia;-26,251;-51,1;2025-03-07 18:00:00.0;0,00
UNIÃO DA VITÓRIA;412820302A;PR;Rio da Praia;-26,251;-51,1;2025-03-07 19:00:00.0;0,00
UNIÃO DA VITÓRIA;412820302A;PR;Rio da Praia;-26,251;-51,1;2025-03-07 20:00:00.0;0,00
UNIÃO DA VITÓRIA;412820302A;PR;Rio da Praia;-26,251;-51,1;2025-03-07 20:40:00.0;0,20
UNIÃO DA VITÓRIA;412820302A;PR;Rio da Praia;-26,251;-51,1;2025-03-07 20:50:00.0;1,38
UNIÃO DA VITÓRIA;412820302A;PR;Rio da Praia;-26,251;-51,1;2025-03-07 21:00:00.0;0,00
UNIÃO DA VITÓRIA;412820302A;PR;Rio da Praia;-26,251;-51,1;2025-03-07 22:00:00.0;0,00
UNIÃO DA VITÓRIA;412820302A;PR;Rio da Praia;-26,251;-51,1;2025-03-07 23:00:00.0;0,00
UNIÃO DA VITÓRIA;412820302A;PR;Rio da Praia;-26,251;-51,1;2025-03-08 00:00:00.0;0,00
UNIÃO DA VITÓRIA;412820302A;PR;Rio da Praia;-26,251;-51,1;2025-03-08 01:00:00.0;0,00
UNIÃO DA VITÓRIA;412820302A;PR;Rio da Praia;-26,251;-51,1;2025-03-08 02:00:00.0;0,00
UNIÃO DA VITÓRIA;412820302A;PR;Rio da Praia;-26,251;-51,1;2025-03-08 03:00:00.0;0,00
UNIÃO DA VITÓRIA;412820302A;PR;Rio da Praia;-26,251;-51,1;2025-03-08 04:00:00.0;0,00
UNIÃO DA VITÓRIA;412820302A;PR;Rio da Praia;-26,251;-51,1;2025-03-08 05:00:00.0;0,00
UNIÃO DA VITÓRIA;412820302A;PR;Rio da Praia;-26,251;-51,1;2025-03-08 06:00:00.0;0,00
UNIÃO DA VITÓRIA;412820302A;PR;Rio da Praia;-26,251;-51,1;2025-03-08 07:00:00.0;0,00
UNIÃO DA VITÓRIA;412820302A;PR;Rio da Praia;-26,251;-51,1;2025-03-08 08:00:00.0;0,00
UNIÃO DA VITÓRIA;412820302A;PR;Rio da Praia;-26,251;-51,1;2025-03-08 09:00:00.0;0,00
UNIÃO DA VITÓRIA;412820302A;PR;Rio da Praia;-26,251;-51,1;2025-03-08 10:00:00.0;0,00
UNIÃO DA VITÓRIA;412820302A;PR;Rio da Praia;-26,251;-51,1;2025-03-08 11:00:00.0;0,00
UNIÃO DA VITÓRIA;412820302A;PR;Rio da Praia;-26,251;-51,1;2025-03-08 12:00:00.0;0,00
UNIÃO DA VITÓRIA;412820302A;PR;Rio da Praia;-26,251;-51,1;2025-03-08 13:00:00.0;0,00
UNIÃO DA VITÓRIA;412820302A;PR;Rio da Praia;-26,251;-51,1;2025-03-08 14:00:00.0;0,00
UNIÃO DA VITÓRIA;412820302A;PR;Rio da Praia;-26,251;-51,1;2025-03-08 15:00:00.0;0,00
UNIÃO DA VITÓRIA;412820302A;PR;Rio da Praia;-26,251;-51,1;2025-03-08 16:00:00.0;0,00
UNIÃO DA VITÓRIA;412820302A;PR;Rio da Praia;-26,251;-51,1;2025-03-08 17:00:00.0;0,00
UNIÃO DA VITÓRIA;412820302A;PR;Rio da Praia;-26,251;-51,1;2025-03-08 18:00:00.0;0,00
UNIÃO DA VITÓRIA;412820302A;PR;Rio da Praia;-26,251;-51,1;2025-03-08 19:00:00.0;0,00
UNIÃO DA VITÓRIA;412820302A;PR;Rio da Praia;-26,251;-51,1;2025-03-08 20:00:00.0;0,00
UNIÃO DA VITÓRIA;412820302A;PR;Rio da Praia;-26,251;-51,1;2025-03-08 21:00:00.0;0,00
UNIÃO DA VITÓRIA;412820302A;PR;Rio da Praia;-26,251;-51,1;2025-03-08 22:00:00.0;0,00
UNIÃO DA VITÓRIA;412820302A;PR;Rio da Praia;-26,251;-51,1;2025-03-08 23:00:00.0;0,00
UNIÃO DA VITÓRIA;412820302A;PR;Rio da Praia;-26,251;-51,1;2025-03-09 00:00:00.0;0,00
UNIÃO DA VITÓRIA;412820302A;PR;Rio da Praia;-26,251;-51,1;2025-03-09 01:00:00.0;0,00
UNIÃO DA VITÓRIA;412820302A;PR;Rio da Praia;-26,251;-51,1;2025-03-09 02:00:00.0;0,00
UNIÃO DA VITÓRIA;412820302A;PR;Rio da Praia;-26,251;-51,1;2025-03-09 03:00:00.0;0,00
UNIÃO DA VITÓRIA;412820302A;PR;Rio da Praia;-26,251;-51,1;2025-03-09 04:00:00.0;0,00
UNIÃO DA VITÓRIA;412820302A;PR;Rio da Praia;-26,251;-51,1;2025-03-09 05:00:00.0;0,00
UNIÃO DA VITÓRIA;412820302A;PR;Rio da Praia;-26,251;-51,1;2025-03-09 06:00:00.0;0,00
UNIÃO DA VITÓRIA;412820302A;PR;Rio da Praia;-26,251;-51,1;2025-03-09 07:00:00.0;0,00
UNIÃO DA VITÓRIA;412820302A;PR;Rio da Praia;-26,251;-51,1;2025-03-09 08:00:00.0;0,00
UNIÃO DA VITÓRIA;412820302A;PR;Rio da Praia;-26,251;-51,1;2025-03-09 09:00:00.0;0,00
UNIÃO DA VITÓRIA;412820302A;PR;Rio da Praia;-26,251;-51,1;2025-03-09 10:00:00.0;0,00
UNIÃO DA VITÓRIA;412820302A;PR;Rio da Praia;-26,251;-51,1;2025-03-09 11:00:00.0;0,00
UNIÃO DA VITÓRIA;412820302A;PR;Rio da Praia;-26,251;-51,1;2025-03-09 12:00:00.0;0,00
UNIÃO DA VITÓRIA;412820302A;PR;Rio da Praia;-26,251;-51,1;2025-03-09 13:00:00.0;0,00
UNIÃO DA VITÓRIA;412820302A;PR;Rio da Praia;-26,251;-51,1;2025-03-09 14:00:00.0;0,00
UNIÃO DA VITÓRIA;412820302A;PR;Rio da Praia;-26,251;-51,1;2025-03-09 15:00:00.0;0,00
UNIÃO DA VITÓRIA;412820302A;PR;Rio da Praia;-26,251;-51,1;2025-03-09 16:00:00.0;0,00
UNIÃO DA VITÓRIA;412820302A;PR;Rio da Praia;-26,251;-51,1;2025-03-09 17:00:00.0;0,00
UNIÃO DA VITÓRIA;412820302A;PR;Rio da Praia;-26,251;-51,1;2025-03-09 18:00:00.0;0,00
UNIÃO DA VITÓRIA;412820302A;PR;Rio da Praia;-26,251;-51,1;2025-03-09 19:00:00.0;0,00
UNIÃO DA VITÓRIA;412820302A;PR;Rio da Praia;-26,251;-51,1;2025-03-09 20:00:00.0;0,00
UNIÃO DA VITÓRIA;412820302A;PR;Rio da Praia;-26,251;-51,1;2025-03-09 21:00:00.0;0,00
UNIÃO DA VITÓRIA;412820302A;PR;Rio da Praia;-26,251;-51,1;2025-03-09 22:00:00.0;0,00
UNIÃO DA VITÓRIA;412820302A;PR;Rio da Praia;-26,251;-51,1;2025-03-09 23:00:00.0;0,00
UNIÃO DA VITÓRIA;412820302A;PR;Rio da Praia;-26,251;-51,1;2025-03-10 00:00:00.0;0,00
UNIÃO DA VITÓRIA;412820302A;PR;Rio da Praia;-26,251;-51,1;2025-03-10 01:00:00.0;0,00
UNIÃO DA VITÓRIA;412820302A;PR;Rio da Praia;-26,251;-51,1;2025-03-10 02:00:00.0;0,00
UNIÃO DA VITÓRIA;412820302A;PR;Rio da Praia;-26,251;-51,1;2025-03-10 03:00:00.0;0,00
UNIÃO DA VITÓRIA;412820302A;PR;Rio da Praia;-26,251;-51,1;2025-03-10 04:00:00.0;0,00
UNIÃO DA VITÓRIA;412820302A;PR;Rio da Praia;-26,251;-51,1;2025-03-10 05:00:00.0;0,00
UNIÃO DA VITÓRIA;412820302A;PR;Rio da Praia;-26,251;-51,1;2025-03-10 06:00:00.0;0,00
UNIÃO DA VITÓRIA;412820302A;PR;Rio da Praia;-26,251;-51,1;2025-03-10 07:00:00.0;0,00
UNIÃO DA VITÓRIA;412820302A;PR;Rio da Praia;-26,251;-51,1;2025-03-10 08:00:00.0;0,00
UNIÃO DA VITÓRIA;412820302A;PR;Rio da Praia;-26,251;-51,1;2025-03-10 09:00:00.0;0,00
UNIÃO DA VITÓRIA;412820302A;PR;Rio da Praia;-26,251;-51,1;2025-03-10 10:00:00.0;0,00
UNIÃO DA VITÓRIA;412820302A;PR;Rio da Praia;-26,251;-51,1;2025-03-10 11:00:00.0;0,00
UNIÃO DA VITÓRIA;412820302A;PR;Rio da Praia;-26,251;-51,1;2025-03-10 12:00:00.0;0,00
UNIÃO DA VITÓRIA;412820302A;PR;Rio da Praia;-26,251;-51,1;2025-03-10 13:00:00.0;0,00
UNIÃO DA VITÓRIA;412820302A;PR;Rio da Praia;-26,251;-51,1;2025-03-10 14:00:00.0;0,00
UNIÃO DA VITÓRIA;412820302A;PR;Rio da Praia;-26,251;-51,1;2025-03-10 15:00:00.0;0,00
UNIÃO DA VITÓRIA;412820302A;PR;Rio da Praia;-26,251;-51,1;2025-03-10 16:00:00.0;0,00
UNIÃO DA VITÓRIA;412820302A;PR;Rio da Praia;-26,251;-51,1;2025-03-10 17:00:00.0;0,00
UNIÃO DA VITÓRIA;412820302A;PR;Rio da Praia;-26,251;-51,1;2025-03-10 18:00:00.0;0,00
UNIÃO DA VITÓRIA;412820302A;PR;Rio da Praia;-26,251;-51,1;2025-03-10 19:00:00.0;0,00
UNIÃO DA VITÓRIA;412820302A;PR;Rio da Praia;-26,251;-51,1;2025-03-10 20:00:00.0;0,00
UNIÃO DA VITÓRIA;412820302A;PR;Rio da Praia;-26,251;-51,1;2025-03-10 21:00:00.0;0,00
UNIÃO DA VITÓRIA;412820302A;PR;Rio da Praia;-26,251;-51,1;2025-03-10 22:00:00.0;0,00
UNIÃO DA VITÓRIA;412820302A;PR;Rio da Praia;-26,251;-51,1;2025-03-10 23:00:00.0;0,00
UNIÃO DA VITÓRIA;412820302A;PR;Rio da Praia;-26,251;-51,1;2025-03-11 00:00:00.0;0,00
UNIÃO DA VITÓRIA;412820302A;PR;Rio da Praia;-26,251;-51,1;2025-03-11 01:00:00.0;0,00
UNIÃO DA VITÓRIA;412820302A;PR;Rio da Praia;-26,251;-51,1;2025-03-11 02:00:00.0;0,00
UNIÃO DA VITÓRIA;412820302A;PR;Rio da Praia;-26,251;-51,1;2025-03-11 03:00:00.0;0,00
UNIÃO DA VITÓRIA;412820302A;PR;Rio da Praia;-26,251;-51,1;2025-03-11 04:00:00.0;0,00
UNIÃO DA VITÓRIA;412820302A;PR;Rio da Praia;-26,251;-51,1;2025-03-11 05:00:00.0;0,00
UNIÃO DA VITÓRIA;412820302A;PR;Rio da Praia;-26,251;-51,1;2025-03-11 06:00:00.0;0,00
UNIÃO DA VITÓRIA;412820302A;PR;Rio da Praia;-26,251;-51,1;2025-03-11 07:00:00.0;0,00
UNIÃO DA VITÓRIA;412820302A;PR;Rio da Praia;-26,251;-51,1;2025-03-11 08:00:00.0;0,00
UNIÃO DA VITÓRIA;412820302A;PR;Rio da Praia;-26,251;-51,1;2025-03-11 09:00:00.0;0,00
UNIÃO DA VITÓRIA;412820302A;PR;Rio da Praia;-26,251;-51,1;2025-03-11 10:00:00.0;0,00
UNIÃO DA VITÓRIA;412820302A;PR;Rio da Praia;-26,251;-51,1;2025-03-11 11:00:00.0;0,00
UNIÃO DA VITÓRIA;412820302A;PR;Rio da Praia;-26,251;-51,1;2025-03-11 12:00:00.0;0,00
UNIÃO DA VITÓRIA;412820302A;PR;Rio da Praia;-26,251;-51,1;2025-03-11 13:00:00.0;0,00
UNIÃO DA VITÓRIA;412820302A;PR;Rio da Praia;-26,251;-51,1;2025-03-11 14:00:00.0;0,00
UNIÃO DA VITÓRIA;412820302A;PR;Rio da Praia;-26,251;-51,1;2025-03-11 15:00:00.0;0,00
UNIÃO DA VITÓRIA;412820302A;PR;Rio da Praia;-26,251;-51,1;2025-03-11 16:00:00.0;0,00
UNIÃO DA VITÓRIA;412820302A;PR;Rio da Praia;-26,251;-51,1;2025-03-11 17:00:00.0;0,00
UNIÃO DA VITÓRIA;412820302A;PR;Rio da Praia;-26,251;-51,1;2025-03-11 18:00:00.0;0,00
UNIÃO DA VITÓRIA;412820302A;PR;Rio da Praia;-26,251;-51,1;2025-03-11 19:00:00.0;0,00
UNIÃO DA VITÓRIA;412820302A;PR;Rio da Praia;-26,251;-51,1;2025-03-11 20:00:00.0;0,00
UNIÃO DA VITÓRIA;412820302A;PR;Rio da Praia;-26,251;-51,1;2025-03-11 21:00:00.0;0,00
UNIÃO DA VITÓRIA;412820302A;PR;Rio da Praia;-26,251;-51,1;2025-03-11 22:00:00.0;0,00
UNIÃO DA VITÓRIA;412820302A;PR;Rio da Praia;-26,251;-51,1;2025-03-11 23:00:00.0;0,00
UNIÃO DA VITÓRIA;412820302A;PR;Rio da Praia;-26,251;-51,1;2025-03-12 00:00:00.0;0,00
UNIÃO DA VITÓRIA;412820302A;PR;Rio da Praia;-26,251;-51,1;2025-03-12 01:00:00.0;0,00
UNIÃO DA VITÓRIA;412820302A;PR;Rio da Praia;-26,251;-51,1;2025-03-12 02:00:00.0;0,00
UNIÃO DA VITÓRIA;412820302A;PR;Rio da Praia;-26,251;-51,1;2025-03-12 03:00:00.0;0,00
UNIÃO DA VITÓRIA;412820302A;PR;Rio da Praia;-26,251;-51,1;2025-03-12 04:00:00.0;0,00
UNIÃO DA VITÓRIA;412820302A;PR;Rio da Praia;-26,251;-51,1;2025-03-12 05:00:00.0;0,00
UNIÃO DA VITÓRIA;412820302A;PR;Rio da Praia;-26,251;-51,1;2025-03-12 06:00:00.0;0,00
UNIÃO DA VITÓRIA;412820302A;PR;Rio da Praia;-26,251;-51,1;2025-03-12 07:00:00.0;0,00
UNIÃO DA VITÓRIA;412820302A;PR;Rio da Praia;-26,251;-51,1;2025-03-12 08:00:00.0;0,00
UNIÃO DA VITÓRIA;412820302A;PR;Rio da Praia;-26,251;-51,1;2025-03-12 09:00:00.0;0,00
UNIÃO DA VITÓRIA;412820302A;PR;Rio da Praia;-26,251;-51,1;2025-03-12 10:00:00.0;0,00
UNIÃO DA VITÓRIA;412820302A;PR;Rio da Praia;-26,251;-51,1;2025-03-12 11:00:00.0;0,00
UNIÃO DA VITÓRIA;412820302A;PR;Rio da Praia;-26,251;-51,1;2025-03-12 12:00:00.0;0,00
UNIÃO DA VITÓRIA;412820302A;PR;Rio da Praia;-26,251;-51,1;2025-03-12 13:00:00.0;0,00
UNIÃO DA VITÓRIA;412820302A;PR;Rio da Praia;-26,251;-51,1;2025-03-12 14:00:00.0;0,00
UNIÃO DA VITÓRIA;412820302A;PR;Rio da Praia;-26,251;-51,1;2025-03-12 15:00:00.0;0,00
UNIÃO DA VITÓRIA;412820302A;PR;Rio da Praia;-26,251;-51,1;2025-03-12 16:00:00.0;0,00
UNIÃO DA VITÓRIA;412820302A;PR;Rio da Praia;-26,251;-51,1;2025-03-12 17:00:00.0;0,00
UNIÃO DA VITÓRIA;412820302A;PR;Rio da Praia;-26,251;-51,1;2025-03-12 18:00:00.0;0,00
UNIÃO DA VITÓRIA;412820302A;PR;Rio da Praia;-26,251;-51,1;2025-03-12 19:00:00.0;0,00
UNIÃO DA VITÓRIA;412820302A;PR;Rio da Praia;-26,251;-51,1;2025-03-12 20:00:00.0;0,00
UNIÃO DA VITÓRIA;412820302A;PR;Rio da Praia;-26,251;-51,1;2025-03-12 21:00:00.0;0,00
UNIÃO DA VITÓRIA;412820302A;PR;Rio da Praia;-26,251;-51,1;2025-03-12 22:00:00.0;0,00
UNIÃO DA VITÓRIA;412820302A;PR;Rio da Praia;-26,251;-51,1;2025-03-12 22:10:00.0;0,20
UNIÃO DA VITÓRIA;412820302A;PR;Rio da Praia;-26,251;-51,1;2025-03-12 23:00:00.0;0,00
UNIÃO DA VITÓRIA;412820302A;PR;Rio da Praia;-26,251;-51,1;2025-03-13 00:00:00.0;0,00
UNIÃO DA VITÓRIA;412820302A;PR;Rio da Praia;-26,251;-51,1;2025-03-13 01:00:00.0;0,00
UNIÃO DA VITÓRIA;412820302A;PR;Rio da Praia;-26,251;-51,1;2025-03-13 02:00:00.0;0,00
UNIÃO DA VITÓRIA;412820302A;PR;Rio da Praia;-26,251;-51,1;2025-03-13 03:00:00.0;0,00
UNIÃO DA VITÓRIA;412820302A;PR;Rio da Praia;-26,251;-51,1;2025-03-13 04:00:00.0;0,00
UNIÃO DA VITÓRIA;412820302A;PR;Rio da Praia;-26,251;-51,1;2025-03-13 05:00:00.0;0,00
UNIÃO DA VITÓRIA;412820302A;PR;Rio da Praia;-26,251;-51,1;2025-03-13 06:00:00.0;0,00
UNIÃO DA VITÓRIA;412820302A;PR;Rio da Praia;-26,251;-51,1;2025-03-13 07:00:00.0;0,00
UNIÃO DA VITÓRIA;412820302A;PR;Rio da Praia;-26,251;-51,1;2025-03-13 08:00:00.0;0,00
UNIÃO DA VITÓRIA;412820302A;PR;Rio da Praia;-26,251;-51,1;2025-03-13 09:00:00.0;0,00
UNIÃO DA VITÓRIA;412820302A;PR;Rio da Praia;-26,251;-51,1;2025-03-13 10:00:00.0;0,00
UNIÃO DA VITÓRIA;412820302A;PR;Rio da Praia;-26,251;-51,1;2025-03-13 11:00:00.0;0,00
UNIÃO DA VITÓRIA;412820302A;PR;Rio da Praia;-26,251;-51,1;2025-03-13 12:00:00.0;0,00
UNIÃO DA VITÓRIA;412820302A;PR;Rio da Praia;-26,251;-51,1;2025-03-13 13:00:00.0;0,00
UNIÃO DA VITÓRIA;412820302A;PR;Rio da Praia;-26,251;-51,1;2025-03-13 14:00:00.0;0,00
UNIÃO DA VITÓRIA;412820302A;PR;Rio da Praia;-26,251;-51,1;2025-03-13 15:00:00.0;0,00
UNIÃO DA VITÓRIA;412820302A;PR;Rio da Praia;-26,251;-51,1;2025-03-13 16:00:00.0;0,00
UNIÃO DA VITÓRIA;412820302A;PR;Rio da Praia;-26,251;-51,1;2025-03-13 17:00:00.0;0,00
UNIÃO DA VITÓRIA;412820302A;PR;Rio da Praia;-26,251;-51,1;2025-03-13 18:00:00.0;0,00
UNIÃO DA VITÓRIA;412820302A;PR;Rio da Praia;-26,251;-51,1;2025-03-13 19:00:00.0;0,00
UNIÃO DA VITÓRIA;412820302A;PR;Rio da Praia;-26,251;-51,1;2025-03-13 19:50:00.0;1,97
UNIÃO DA VITÓRIA;412820302A;PR;Rio da Praia;-26,251;-51,1;2025-03-13 20:00:00.0;1,37
UNIÃO DA VITÓRIA;412820302A;PR;Rio da Praia;-26,251;-51,1;2025-03-13 20:10:00.0;0,20
UNIÃO DA VITÓRIA;412820302A;PR;Rio da Praia;-26,251;-51,1;2025-03-13 21:00:00.0;0,00
UNIÃO DA VITÓRIA;412820302A;PR;Rio da Praia;-26,251;-51,1;2025-03-13 21:40:00.0;0,39
UNIÃO DA VITÓRIA;412820302A;PR;Rio da Praia;-26,251;-51,1;2025-03-13 21:50:00.0;1,57
UNIÃO DA VITÓRIA;412820302A;PR;Rio da Praia;-26,251;-51,1;2025-03-13 22:00:00.0;0,39
UNIÃO DA VITÓRIA;412820302A;PR;Rio da Praia;-26,251;-51,1;2025-03-13 22:10:00.0;0,39
UNIÃO DA VITÓRIA;412820302A;PR;Rio da Praia;-26,251;-51,1;2025-03-13 22:20:00.0;0,20
UNIÃO DA VITÓRIA;412820302A;PR;Rio da Praia;-26,251;-51,1;2025-03-13 23:00:00.0;0,00
UNIÃO DA VITÓRIA;412820302A;PR;Rio da Praia;-26,251;-51,1;2025-03-14 00:00:00.0;0,00
UNIÃO DA VITÓRIA;412820302A;PR;Rio da Praia;-26,251;-51,1;2025-03-14 01:00:00.0;0,00
UNIÃO DA VITÓRIA;412820302A;PR;Rio da Praia;-26,251;-51,1;2025-03-14 02:00:00.0;0,00
UNIÃO DA VITÓRIA;412820302A;PR;Rio da Praia;-26,251;-51,1;2025-03-14 03:00:00.0;0,00
UNIÃO DA VITÓRIA;412820302A;PR;Rio da Praia;-26,251;-51,1;2025-03-14 04:00:00.0;0,00
UNIÃO DA VITÓRIA;412820302A;PR;Rio da Praia;-26,251;-51,1;2025-03-14 05:00:00.0;0,00
UNIÃO DA VITÓRIA;412820302A;PR;Rio da Praia;-26,251;-51,1;2025-03-14 06:00:00.0;0,00
UNIÃO DA VITÓRIA;412820302A;PR;Rio da Praia;-26,251;-51,1;2025-03-14 07:00:00.0;0,00
UNIÃO DA VITÓRIA;412820302A;PR;Rio da Praia;-26,251;-51,1;2025-03-14 08:00:00.0;0,00
UNIÃO DA VITÓRIA;412820302A;PR;Rio da Praia;-26,251;-51,1;2025-03-14 09:00:00.0;0,00
UNIÃO DA VITÓRIA;412820302A;PR;Rio da Praia;-26,251;-51,1;2025-03-14 10:00:00.0;0,00
UNIÃO DA VITÓRIA;412820302A;PR;Rio da Praia;-26,251;-51,1;2025-03-14 11:00:00.0;0,00
UNIÃO DA VITÓRIA;412820302A;PR;Rio da Praia;-26,251;-51,1;2025-03-14 12:00:00.0;0,00
UNIÃO DA VITÓRIA;412820302A;PR;Rio da Praia;-26,251;-51,1;2025-03-14 13:00:00.0;0,00
UNIÃO DA VITÓRIA;412820302A;PR;Rio da Praia;-26,251;-51,1;2025-03-14 14:00:00.0;0,00
UNIÃO DA VITÓRIA;412820302A;PR;Rio da Praia;-26,251;-51,1;2025-03-14 15:00:00.0;0,00
UNIÃO DA VITÓRIA;412820302A;PR;Rio da Praia;-26,251;-51,1;2025-03-14 16:00:00.0;0,00
UNIÃO DA VITÓRIA;412820302A;PR;Rio da Praia;-26,251;-51,1;2025-03-14 17:00:00.0;0,00
UNIÃO DA VITÓRIA;412820302A;PR;Rio da Praia;-26,251;-51,1;2025-03-14 18:00:00.0;0,00
UNIÃO DA VITÓRIA;412820302A;PR;Rio da Praia;-26,251;-51,1;2025-03-14 19:00:00.0;0,00
UNIÃO DA VITÓRIA;412820302A;PR;Rio da Praia;-26,251;-51,1;2025-03-14 20:00:00.0;0,00
UNIÃO DA VITÓRIA;412820302A;PR;Rio da Praia;-26,251;-51,1;2025-03-14 21:00:00.0;0,00
UNIÃO DA VITÓRIA;412820302A;PR;Rio da Praia;-26,251;-51,1;2025-03-14 22:00:00.0;0,00
UNIÃO DA VITÓRIA;412820302A;PR;Rio da Praia;-26,251;-51,1;2025-03-14 23:00:00.0;0,00
UNIÃO DA VITÓRIA;412820302A;PR;Rio da Praia;-26,251;-51,1;2025-03-15 00:00:00.0;0,00
UNIÃO DA VITÓRIA;412820302A;PR;Rio da Praia;-26,251;-51,1;2025-03-15 01:00:00.0;0,00
UNIÃO DA VITÓRIA;412820302A;PR;Rio da Praia;-26,251;-51,1;2025-03-15 02:00:00.0;0,00
UNIÃO DA VITÓRIA;412820302A;PR;Rio da Praia;-26,251;-51,1;2025-03-15 03:00:00.0;0,00
UNIÃO DA VITÓRIA;412820302A;PR;Rio da Praia;-26,251;-51,1;2025-03-15 04:00:00.0;0,00
UNIÃO DA VITÓRIA;412820302A;PR;Rio da Praia;-26,251;-51,1;2025-03-15 05:00:00.0;0,00
UNIÃO DA VITÓRIA;412820302A;PR;Rio da Praia;-26,251;-51,1;2025-03-15 06:00:00.0;0,00
UNIÃO DA VITÓRIA;412820302A;PR;Rio da Praia;-26,251;-51,1;2025-03-15 07:00:00.0;0,00
UNIÃO DA VITÓRIA;412820302A;PR;Rio da Praia;-26,251;-51,1;2025-03-15 08:00:00.0;0,00
UNIÃO DA VITÓRIA;412820302A;PR;Rio da Praia;-26,251;-51,1;2025-03-15 09:00:00.0;0,00
UNIÃO DA VITÓRIA;412820302A;PR;Rio da Praia;-26,251;-51,1;2025-03-15 10:00:00.0;0,00
UNIÃO DA VITÓRIA;412820302A;PR;Rio da Praia;-26,251;-51,1;2025-03-15 11:00:00.0;0,00
UNIÃO DA VITÓRIA;412820302A;PR;Rio da Praia;-26,251;-51,1;2025-03-15 12:00:00.0;0,00
UNIÃO DA VITÓRIA;412820302A;PR;Rio da Praia;-26,251;-51,1;2025-03-15 13:00:00.0;0,00
UNIÃO DA VITÓRIA;412820302A;PR;Rio da Praia;-26,251;-51,1;2025-03-15 14:00:00.0;0,00
UNIÃO DA VITÓRIA;412820302A;PR;Rio da Praia;-26,251;-51,1;2025-03-15 15:00:00.0;0,00
UNIÃO DA VITÓRIA;412820302A;PR;Rio da Praia;-26,251;-51,1;2025-03-15 16:00:00.0;0,00
UNIÃO DA VITÓRIA;412820302A;PR;Rio da Praia;-26,251;-51,1;2025-03-15 17:00:00.0;0,00
UNIÃO DA VITÓRIA;412820302A;PR;Rio da Praia;-26,251;-51,1;2025-03-15 18:00:00.0;0,00
UNIÃO DA VITÓRIA;412820302A;PR;Rio da Praia;-26,251;-51,1;2025-03-15 18:30:00.0;0,39
UNIÃO DA VITÓRIA;412820302A;PR;Rio da Praia;-26,251;-51,1;2025-03-15 18:40:00.0;0,39
UNIÃO DA VITÓRIA;412820302A;PR;Rio da Praia;-26,251;-51,1;2025-03-15 18:50:00.0;0,59
UNIÃO DA VITÓRIA;412820302A;PR;Rio da Praia;-26,251;-51,1;2025-03-15 19:00:00.0;0,00
UNIÃO DA VITÓRIA;412820302A;PR;Rio da Praia;-26,251;-51,1;2025-03-15 19:10:00.0;0,20
UNIÃO DA VITÓRIA;412820302A;PR;Rio da Praia;-26,251;-51,1;2025-03-15 19:30:00.0;0,39
UNIÃO DA VITÓRIA;412820302A;PR;Rio da Praia;-26,251;-51,1;2025-03-15 19:40:00.0;0,39
UNIÃO DA VITÓRIA;412820302A;PR;Rio da Praia;-26,251;-51,1;2025-03-15 19:50:00.0;0,39
UNIÃO DA VITÓRIA;412820302A;PR;Rio da Praia;-26,251;-51,1;2025-03-15 20:00:00.0;0,20
UNIÃO DA VITÓRIA;412820302A;PR;Rio da Praia;-26,251;-51,1;2025-03-15 20:10:00.0;0,20
UNIÃO DA VITÓRIA;412820302A;PR;Rio da Praia;-26,251;-51,1;2025-03-15 20:20:00.0;0,39
UNIÃO DA VITÓRIA;412820302A;PR;Rio da Praia;-26,251;-51,1;2025-03-15 20:30:00.0;0,20
UNIÃO DA VITÓRIA;412820302A;PR;Rio da Praia;-26,251;-51,1;2025-03-15 21:00:00.0;0,00
UNIÃO DA VITÓRIA;412820302A;PR;Rio da Praia;-26,251;-51,1;2025-03-15 22:00:00.0;0,00
UNIÃO DA VITÓRIA;412820302A;PR;Rio da Praia;-26,251;-51,1;2025-03-15 23:00:00.0;0,00
UNIÃO DA VITÓRIA;412820302A;PR;Rio da Praia;-26,251;-51,1;2025-03-16 00:00:00.0;0,00
UNIÃO DA VITÓRIA;412820302A;PR;Rio da Praia;-26,251;-51,1;2025-03-16 01:00:00.0;0,00
UNIÃO DA VITÓRIA;412820302A;PR;Rio da Praia;-26,251;-51,1;2025-03-16 02:00:00.0;0,00
UNIÃO DA VITÓRIA;412820302A;PR;Rio da Praia;-26,251;-51,1;2025-03-16 02:20:00.0;0,20
UNIÃO DA VITÓRIA;412820302A;PR;Rio da Praia;-26,251;-51,1;2025-03-16 03:00:00.0;0,00
UNIÃO DA VITÓRIA;412820302A;PR;Rio da Praia;-26,251;-51,1;2025-03-16 04:00:00.0;0,00
UNIÃO DA VITÓRIA;412820302A;PR;Rio da Praia;-26,251;-51,1;2025-03-16 05:00:00.0;0,00
UNIÃO DA VITÓRIA;412820302A;PR;Rio da Praia;-26,251;-51,1;2025-03-16 06:00:00.0;0,00
UNIÃO DA VITÓRIA;412820302A;PR;Rio da Praia;-26,251;-51,1;2025-03-16 07:00:00.0;0,00
UNIÃO DA VITÓRIA;412820302A;PR;Rio da Praia;-26,251;-51,1;2025-03-16 08:00:00.0;0,00
UNIÃO DA VITÓRIA;412820302A;PR;Rio da Praia;-26,251;-51,1;2025-03-16 09:00:00.0;0,00
UNIÃO DA VITÓRIA;412820302A;PR;Rio da Praia;-26,251;-51,1;2025-03-16 10:00:00.0;0,00
UNIÃO DA VITÓRIA;412820302A;PR;Rio da Praia;-26,251;-51,1;2025-03-16 11:00:00.0;0,00
UNIÃO DA VITÓRIA;412820302A;PR;Rio da Praia;-26,251;-51,1;2025-03-16 12:00:00.0;0,00
UNIÃO DA VITÓRIA;412820302A;PR;Rio da Praia;-26,251;-51,1;2025-03-16 13:00:00.0;0,00
UNIÃO DA VITÓRIA;412820302A;PR;Rio da Praia;-26,251;-51,1;2025-03-16 14:00:00.0;0,00
UNIÃO DA VITÓRIA;412820302A;PR;Rio da Praia;-26,251;-51,1;2025-03-16 15:00:00.0;0,00
UNIÃO DA VITÓRIA;412820302A;PR;Rio da Praia;-26,251;-51,1;2025-03-16 16:00:00.0;0,00
UNIÃO DA VITÓRIA;412820302A;PR;Rio da Praia;-26,251;-51,1;2025-03-16 17:00:00.0;0,00
UNIÃO DA VITÓRIA;412820302A;PR;Rio da Praia;-26,251;-51,1;2025-03-16 18:00:00.0;0,00
UNIÃO DA VITÓRIA;412820302A;PR;Rio da Praia;-26,251;-51,1;2025-03-16 19:00:00.0;0,00
UNIÃO DA VITÓRIA;412820302A;PR;Rio da Praia;-26,251;-51,1;2025-03-16 20:00:00.0;0,00
UNIÃO DA VITÓRIA;412820302A;PR;Rio da Praia;-26,251;-51,1;2025-03-16 21:00:00.0;0,00
UNIÃO DA VITÓRIA;412820302A;PR;Rio da Praia;-26,251;-51,1;2025-03-16 22:00:00.0;0,00
UNIÃO DA VITÓRIA;412820302A;PR;Rio da Praia;-26,251;-51,1;2025-03-16 23:00:00.0;0,00
UNIÃO DA VITÓRIA;412820302A;PR;Rio da Praia;-26,251;-51,1;2025-03-17 00:00:00.0;0,00
UNIÃO DA VITÓRIA;412820302A;PR;Rio da Praia;-26,251;-51,1;2025-03-17 01:00:00.0;0,00
UNIÃO DA VITÓRIA;412820302A;PR;Rio da Praia;-26,251;-51,1;2025-03-17 02:00:00.0;0,00
UNIÃO DA VITÓRIA;412820302A;PR;Rio da Praia;-26,251;-51,1;2025-03-17 03:00:00.0;0,00
UNIÃO DA VITÓRIA;412820302A;PR;Rio da Praia;-26,251;-51,1;2025-03-17 04:00:00.0;0,00
UNIÃO DA VITÓRIA;412820302A;PR;Rio da Praia;-26,251;-51,1;2025-03-17 05:00:00.0;0,00
UNIÃO DA VITÓRIA;412820302A;PR;Rio da Praia;-26,251;-51,1;2025-03-17 06:00:00.0;0,00
UNIÃO DA VITÓRIA;412820302A;PR;Rio da Praia;-26,251;-51,1;2025-03-17 07:00:00.0;0,00
UNIÃO DA VITÓRIA;412820302A;PR;Rio da Praia;-26,251;-51,1;2025-03-17 08:00:00.0;0,00
UNIÃO DA VITÓRIA;412820302A;PR;Rio da Praia;-26,251;-51,1;2025-03-17 09:00:00.0;0,00
UNIÃO DA VITÓRIA;412820302A;PR;Rio da Praia;-26,251;-51,1;2025-03-17 10:00:00.0;0,00
UNIÃO DA VITÓRIA;412820302A;PR;Rio da Praia;-26,251;-51,1;2025-03-17 11:00:00.0;0,00
UNIÃO DA VITÓRIA;412820302A;PR;Rio da Praia;-26,251;-51,1;2025-03-17 12:00:00.0;0,00
UNIÃO DA VITÓRIA;412820302A;PR;Rio da Praia;-26,251;-51,1;2025-03-17 13:00:00.0;0,00
UNIÃO DA VITÓRIA;412820302A;PR;Rio da Praia;-26,251;-51,1;2025-03-17 14:00:00.0;0,00
UNIÃO DA VITÓRIA;412820302A;PR;Rio da Praia;-26,251;-51,1;2025-03-17 15:00:00.0;0,00
UNIÃO DA VITÓRIA;412820302A;PR;Rio da Praia;-26,251;-51,1;2025-03-17 16:00:00.0;0,00
UNIÃO DA VITÓRIA;412820302A;PR;Rio da Praia;-26,251;-51,1;2025-03-17 17:00:00.0;0,00
UNIÃO DA VITÓRIA;412820302A;PR;Rio da Praia;-26,251;-51,1;2025-03-17 18:00:00.0;0,00
UNIÃO DA VITÓRIA;412820302A;PR;Rio da Praia;-26,251;-51,1;2025-03-17 19:00:00.0;0,00
UNIÃO DA VITÓRIA;412820302A;PR;Rio da Praia;-26,251;-51,1;2025-03-17 20:00:00.0;0,00
UNIÃO DA VITÓRIA;412820302A;PR;Rio da Praia;-26,251;-51,1;2025-03-17 21:00:00.0;0,00
UNIÃO DA VITÓRIA;412820302A;PR;Rio da Praia;-26,251;-51,1;2025-03-17 22:00:00.0;0,00
UNIÃO DA VITÓRIA;412820302A;PR;Rio da Praia;-26,251;-51,1;2025-03-17 23:00:00.0;0,00
UNIÃO DA VITÓRIA;412820302A;PR;Rio da Praia;-26,251;-51,1;2025-03-18 00:00:00.0;0,00
UNIÃO DA VITÓRIA;412820302A;PR;Rio da Praia;-26,251;-51,1;2025-03-18 01:00:00.0;0,00
UNIÃO DA VITÓRIA;412820302A;PR;Rio da Praia;-26,251;-51,1;2025-03-18 02:00:00.0;0,00
UNIÃO DA VITÓRIA;412820302A;PR;Rio da Praia;-26,251;-51,1;2025-03-18 03:00:00.0;0,00
UNIÃO DA VITÓRIA;412820302A;PR;Rio da Praia;-26,251;-51,1;2025-03-18 04:00:00.0;0,00
UNIÃO DA VITÓRIA;412820302A;PR;Rio da Praia;-26,251;-51,1;2025-03-18 05:00:00.0;0,00
UNIÃO DA VITÓRIA;412820302A;PR;Rio da Praia;-26,251;-51,1;2025-03-18 06:00:00.0;0,00
UNIÃO DA VITÓRIA;412820302A;PR;Rio da Praia;-26,251;-51,1;2025-03-18 07:00:00.0;0,00
UNIÃO DA VITÓRIA;412820302A;PR;Rio da Praia;-26,251;-51,1;2025-03-18 08:00:00.0;0,00
UNIÃO DA VITÓRIA;412820302A;PR;Rio da Praia;-26,251;-51,1;2025-03-18 09:00:00.0;0,00
UNIÃO DA VITÓRIA;412820302A;PR;Rio da Praia;-26,251;-51,1;2025-03-18 10:00:00.0;0,00
UNIÃO DA VITÓRIA;412820302A;PR;Rio da Praia;-26,251;-51,1;2025-03-18 11:00:00.0;0,00
UNIÃO DA VITÓRIA;412820302A;PR;Rio da Praia;-26,251;-51,1;2025-03-18 12:00:00.0;0,00
UNIÃO DA VITÓRIA;412820302A;PR;Rio da Praia;-26,251;-51,1;2025-03-18 13:00:00.0;0,00
UNIÃO DA VITÓRIA;412820302A;PR;Rio da Praia;-26,251;-51,1;2025-03-18 14:00:00.0;0,00
UNIÃO DA VITÓRIA;412820302A;PR;Rio da Praia;-26,251;-51,1;2025-03-18 15:00:00.0;0,00
UNIÃO DA VITÓRIA;412820302A;PR;Rio da Praia;-26,251;-51,1;2025-03-18 16:00:00.0;0,00
UNIÃO DA VITÓRIA;412820302A;PR;Rio da Praia;-26,251;-51,1;2025-03-18 17:00:00.0;0,00
UNIÃO DA VITÓRIA;412820302A;PR;Rio da Praia;-26,251;-51,1;2025-03-18 18:00:00.0;0,00
UNIÃO DA VITÓRIA;412820302A;PR;Rio da Praia;-26,251;-51,1;2025-03-18 19:00:00.0;0,00
UNIÃO DA VITÓRIA;412820302A;PR;Rio da Praia;-26,251;-51,1;2025-03-18 19:50:00.0;0,79
UNIÃO DA VITÓRIA;412820302A;PR;Rio da Praia;-26,251;-51,1;2025-03-18 20:00:00.0;0,59
UNIÃO DA VITÓRIA;412820302A;PR;Rio da Praia;-26,251;-51,1;2025-03-18 20:10:00.0;0,39
UNIÃO DA VITÓRIA;412820302A;PR;Rio da Praia;-26,251;-51,1;2025-03-18 20:20:00.0;0,39
UNIÃO DA VITÓRIA;412820302A;PR;Rio da Praia;-26,251;-51,1;2025-03-18 21:00:00.0;0,00
UNIÃO DA VITÓRIA;412820302A;PR;Rio da Praia;-26,251;-51,1;2025-03-18 22:00:00.0;0,00
UNIÃO DA VITÓRIA;412820302A;PR;Rio da Praia;-26,251;-51,1;2025-03-18 23:00:00.0;0,00
UNIÃO DA VITÓRIA;412820302A;PR;Rio da Praia;-26,251;-51,1;2025-03-19 00:00:00.0;0,00
UNIÃO DA VITÓRIA;412820302A;PR;Rio da Praia;-26,251;-51,1;2025-03-19 01:00:00.0;0,00
UNIÃO DA VITÓRIA;412820302A;PR;Rio da Praia;-26,251;-51,1;2025-03-19 02:00:00.0;0,00
UNIÃO DA VITÓRIA;412820302A;PR;Rio da Praia;-26,251;-51,1;2025-03-19 03:00:00.0;0,00
UNIÃO DA VITÓRIA;412820302A;PR;Rio da Praia;-26,251;-51,1;2025-03-19 04:00:00.0;0,00
UNIÃO DA VITÓRIA;412820302A;PR;Rio da Praia;-26,251;-51,1;2025-03-19 05:00:00.0;0,00
UNIÃO DA VITÓRIA;412820302A;PR;Rio da Praia;-26,251;-51,1;2025-03-19 06:00:00.0;0,00
UNIÃO DA VITÓRIA;412820302A;PR;Rio da Praia;-26,251;-51,1;2025-03-19 07:00:00.0;0,00
UNIÃO DA VITÓRIA;412820302A;PR;Rio da Praia;-26,251;-51,1;2025-03-19 08:00:00.0;0,00
UNIÃO DA VITÓRIA;412820302A;PR;Rio da Praia;-26,251;-51,1;2025-03-19 09:00:00.0;0,00
UNIÃO DA VITÓRIA;412820302A;PR;Rio da Praia;-26,251;-51,1;2025-03-19 10:00:00.0;0,00
UNIÃO DA VITÓRIA;412820302A;PR;Rio da Praia;-26,251;-51,1;2025-03-19 11:00:00.0;0,00
UNIÃO DA VITÓRIA;412820302A;PR;Rio da Praia;-26,251;-51,1;2025-03-19 12:00:00.0;0,00
UNIÃO DA VITÓRIA;412820302A;PR;Rio da Praia;-26,251;-51,1;2025-03-19 13:00:00.0;0,00
UNIÃO DA VITÓRIA;412820302A;PR;Rio da Praia;-26,251;-51,1;2025-03-19 14:00:00.0;0,00
UNIÃO DA VITÓRIA;412820302A;PR;Rio da Praia;-26,251;-51,1;2025-03-19 15:00:00.0;0,00
UNIÃO DA VITÓRIA;412820302A;PR;Rio da Praia;-26,251;-51,1;2025-03-19 16:00:00.0;0,00
UNIÃO DA VITÓRIA;412820302A;PR;Rio da Praia;-26,251;-51,1;2025-03-19 17:00:00.0;0,00
UNIÃO DA VITÓRIA;412820302A;PR;Rio da Praia;-26,251;-51,1;2025-03-19 18:00:00.0;0,00
UNIÃO DA VITÓRIA;412820302A;PR;Rio da Praia;-26,251;-51,1;2025-03-19 19:00:00.0;0,00
UNIÃO DA VITÓRIA;412820302A;PR;Rio da Praia;-26,251;-51,1;2025-03-19 20:00:00.0;0,00
UNIÃO DA VITÓRIA;412820302A;PR;Rio da Praia;-26,251;-51,1;2025-03-19 21:00:00.0;0,00
UNIÃO DA VITÓRIA;412820302A;PR;Rio da Praia;-26,251;-51,1;2025-03-19 22:00:00.0;0,00
UNIÃO DA VITÓRIA;412820302A;PR;Rio da Praia;-26,251;-51,1;2025-03-19 23:00:00.0;0,00
UNIÃO DA VITÓRIA;412820302A;PR;Rio da Praia;-26,251;-51,1;2025-03-20 00:00:00.0;0,00
UNIÃO DA VITÓRIA;412820302A;PR;Rio da Praia;-26,251;-51,1;2025-03-20 01:00:00.0;0,00
UNIÃO DA VITÓRIA;412820302A;PR;Rio da Praia;-26,251;-51,1;2025-03-20 02:00:00.0;0,00
UNIÃO DA VITÓRIA;412820302A;PR;Rio da Praia;-26,251;-51,1;2025-03-20 03:00:00.0;0,00
UNIÃO DA VITÓRIA;412820302A;PR;Rio da Praia;-26,251;-51,1;2025-03-20 04:00:00.0;0,00
UNIÃO DA VITÓRIA;412820302A;PR;Rio da Praia;-26,251;-51,1;2025-03-20 05:00:00.0;0,00
UNIÃO DA VITÓRIA;412820302A;PR;Rio da Praia;-26,251;-51,1;2025-03-20 06:00:00.0;0,00
UNIÃO DA VITÓRIA;412820302A;PR;Rio da Praia;-26,251;-51,1;2025-03-20 07:00:00.0;0,00
UNIÃO DA VITÓRIA;412820302A;PR;Rio da Praia;-26,251;-51,1;2025-03-20 08:00:00.0;0,00
UNIÃO DA VITÓRIA;412820302A;PR;Rio da Praia;-26,251;-51,1;2025-03-20 09:00:00.0;0,00
UNIÃO DA VITÓRIA;412820302A;PR;Rio da Praia;-26,251;-51,1;2025-03-20 10:00:00.0;0,00
UNIÃO DA VITÓRIA;412820302A;PR;Rio da Praia;-26,251;-51,1;2025-03-20 11:00:00.0;0,00
UNIÃO DA VITÓRIA;412820302A;PR;Rio da Praia;-26,251;-51,1;2025-03-20 12:00:00.0;0,00
UNIÃO DA VITÓRIA;412820302A;PR;Rio da Praia;-26,251;-51,1;2025-03-20 13:00:00.0;0,00
UNIÃO DA VITÓRIA;412820302A;PR;Rio da Praia;-26,251;-51,1;2025-03-20 14:00:00.0;0,00
UNIÃO DA VITÓRIA;412820302A;PR;Rio da Praia;-26,251;-51,1;2025-03-20 15:00:00.0;0,00
UNIÃO DA VITÓRIA;412820302A;PR;Rio da Praia;-26,251;-51,1;2025-03-20 16:00:00.0;0,00
UNIÃO DA VITÓRIA;412820302A;PR;Rio da Praia;-26,251;-51,1;2025-03-20 17:00:00.0;0,00
UNIÃO DA VITÓRIA;412820302A;PR;Rio da Praia;-26,251;-51,1;2025-03-20 18:00:00.0;0,00
UNIÃO DA VITÓRIA;412820302A;PR;Rio da Praia;-26,251;-51,1;2025-03-20 19:00:00.0;0,00
UNIÃO DA VITÓRIA;412820302A;PR;Rio da Praia;-26,251;-51,1;2025-03-20 20:00:00.0;0,00
UNIÃO DA VITÓRIA;412820302A;PR;Rio da Praia;-26,251;-51,1;2025-03-20 21:00:00.0;0,00
UNIÃO DA VITÓRIA;412820302A;PR;Rio da Praia;-26,251;-51,1;2025-03-20 22:00:00.0;0,00
UNIÃO DA VITÓRIA;412820302A;PR;Rio da Praia;-26,251;-51,1;2025-03-20 23:00:00.0;0,00
UNIÃO DA VITÓRIA;412820302A;PR;Rio da Praia;-26,251;-51,1;2025-03-21 00:00:00.0;0,00
UNIÃO DA VITÓRIA;412820302A;PR;Rio da Praia;-26,251;-51,1;2025-03-21 01:00:00.0;0,00
UNIÃO DA VITÓRIA;412820302A;PR;Rio da Praia;-26,251;-51,1;2025-03-21 02:00:00.0;0,00
UNIÃO DA VITÓRIA;412820302A;PR;Rio da Praia;-26,251;-51,1;2025-03-21 03:00:00.0;0,00
UNIÃO DA VITÓRIA;412820302A;PR;Rio da Praia;-26,251;-51,1;2025-03-21 04:00:00.0;0,00
UNIÃO DA VITÓRIA;412820302A;PR;Rio da Praia;-26,251;-51,1;2025-03-21 05:00:00.0;0,00
UNIÃO DA VITÓRIA;412820302A;PR;Rio da Praia;-26,251;-51,1;2025-03-21 06:00:00.0;0,00
UNIÃO DA VITÓRIA;412820302A;PR;Rio da Praia;-26,251;-51,1;2025-03-21 07:00:00.0;0,00
UNIÃO DA VITÓRIA;412820302A;PR;Rio da Praia;-26,251;-51,1;2025-03-21 08:00:00.0;0,00
UNIÃO DA VITÓRIA;412820302A;PR;Rio da Praia;-26,251;-51,1;2025-03-21 09:00:00.0;0,00
UNIÃO DA VITÓRIA;412820302A;PR;Rio da Praia;-26,251;-51,1;2025-03-21 10:00:00.0;0,00
UNIÃO DA VITÓRIA;412820302A;PR;Rio da Praia;-26,251;-51,1;2025-03-21 11:00:00.0;0,00
UNIÃO DA VITÓRIA;412820302A;PR;Rio da Praia;-26,251;-51,1;2025-03-21 12:00:00.0;0,00
UNIÃO DA VITÓRIA;412820302A;PR;Rio da Praia;-26,251;-51,1;2025-03-21 13:00:00.0;0,00
UNIÃO DA VITÓRIA;412820302A;PR;Rio da Praia;-26,251;-51,1;2025-03-21 14:00:00.0;0,00
UNIÃO DA VITÓRIA;412820302A;PR;Rio da Praia;-26,251;-51,1;2025-03-21 15:00:00.0;0,00
UNIÃO DA VITÓRIA;412820302A;PR;Rio da Praia;-26,251;-51,1;2025-03-21 16:00:00.0;0,00
UNIÃO DA VITÓRIA;412820302A;PR;Rio da Praia;-26,251;-51,1;2025-03-21 17:00:00.0;0,00
UNIÃO DA VITÓRIA;412820302A;PR;Rio da Praia;-26,251;-51,1;2025-03-21 18:00:00.0;0,00
UNIÃO DA VITÓRIA;412820302A;PR;Rio da Praia;-26,251;-51,1;2025-03-21 19:00:00.0;0,00
UNIÃO DA VITÓRIA;412820302A;PR;Rio da Praia;-26,251;-51,1;2025-03-21 20:00:00.0;0,00
UNIÃO DA VITÓRIA;412820302A;PR;Rio da Praia;-26,251;-51,1;2025-03-21 21:00:00.0;0,00
UNIÃO DA VITÓRIA;412820302A;PR;Rio da Praia;-26,251;-51,1;2025-03-21 22:00:00.0;0,00
UNIÃO DA VITÓRIA;412820302A;PR;Rio da Praia;-26,251;-51,1;2025-03-21 23:00:00.0;0,00
UNIÃO DA VITÓRIA;412820302A;PR;Rio da Praia;-26,251;-51,1;2025-03-22 00:00:00.0;0,00
UNIÃO DA VITÓRIA;412820302A;PR;Rio da Praia;-26,251;-51,1;2025-03-22 01:00:00.0;0,00
UNIÃO DA VITÓRIA;412820302A;PR;Rio da Praia;-26,251;-51,1;2025-03-22 02:00:00.0;0,00
UNIÃO DA VITÓRIA;412820302A;PR;Rio da Praia;-26,251;-51,1;2025-03-22 03:00:00.0;0,00
UNIÃO DA VITÓRIA;412820302A;PR;Rio da Praia;-26,251;-51,1;2025-03-22 04:00:00.0;0,00
UNIÃO DA VITÓRIA;412820302A;PR;Rio da Praia;-26,251;-51,1;2025-03-22 05:00:00.0;0,00
UNIÃO DA VITÓRIA;412820302A;PR;Rio da Praia;-26,251;-51,1;2025-03-22 06:00:00.0;0,00
UNIÃO DA VITÓRIA;412820302A;PR;Rio da Praia;-26,251;-51,1;2025-03-22 07:00:00.0;0,00
UNIÃO DA VITÓRIA;412820302A;PR;Rio da Praia;-26,251;-51,1;2025-03-22 08:00:00.0;0,00
UNIÃO DA VITÓRIA;412820302A;PR;Rio da Praia;-26,251;-51,1;2025-03-22 09:00:00.0;0,00
UNIÃO DA VITÓRIA;412820302A;PR;Rio da Praia;-26,251;-51,1;2025-03-22 10:00:00.0;0,00
UNIÃO DA VITÓRIA;412820302A;PR;Rio da Praia;-26,251;-51,1;2025-03-22 11:00:00.0;0,00
UNIÃO DA VITÓRIA;412820302A;PR;Rio da Praia;-26,251;-51,1;2025-03-22 12:00:00.0;0,00
UNIÃO DA VITÓRIA;412820302A;PR;Rio da Praia;-26,251;-51,1;2025-03-22 13:00:00.0;0,00
UNIÃO DA VITÓRIA;412820302A;PR;Rio da Praia;-26,251;-51,1;2025-03-22 14:00:00.0;0,00
UNIÃO DA VITÓRIA;412820302A;PR;Rio da Praia;-26,251;-51,1;2025-03-22 15:00:00.0;0,00
UNIÃO DA VITÓRIA;412820302A;PR;Rio da Praia;-26,251;-51,1;2025-03-22 16:00:00.0;0,00
UNIÃO DA VITÓRIA;412820302A;PR;Rio da Praia;-26,251;-51,1;2025-03-22 17:00:00.0;0,00
UNIÃO DA VITÓRIA;412820302A;PR;Rio da Praia;-26,251;-51,1;2025-03-22 18:00:00.0;0,00
UNIÃO DA VITÓRIA;412820302A;PR;Rio da Praia;-26,251;-51,1;2025-03-22 19:00:00.0;0,00
UNIÃO DA VITÓRIA;412820302A;PR;Rio da Praia;-26,251;-51,1;2025-03-22 20:00:00.0;0,00
UNIÃO DA VITÓRIA;412820302A;PR;Rio da Praia;-26,251;-51,1;2025-03-22 21:00:00.0;0,00
UNIÃO DA VITÓRIA;412820302A;PR;Rio da Praia;-26,251;-51,1;2025-03-22 22:00:00.0;0,00
UNIÃO DA VITÓRIA;412820302A;PR;Rio da Praia;-26,251;-51,1;2025-03-22 23:00:00.0;0,00
UNIÃO DA VITÓRIA;412820302A;PR;Rio da Praia;-26,251;-51,1;2025-03-23 00:00:00.0;0,00
UNIÃO DA VITÓRIA;412820302A;PR;Rio da Praia;-26,251;-51,1;2025-03-23 01:00:00.0;0,00
UNIÃO DA VITÓRIA;412820302A;PR;Rio da Praia;-26,251;-51,1;2025-03-23 02:00:00.0;0,00
UNIÃO DA VITÓRIA;412820302A;PR;Rio da Praia;-26,251;-51,1;2025-03-23 03:00:00.0;0,00
UNIÃO DA VITÓRIA;412820302A;PR;Rio da Praia;-26,251;-51,1;2025-03-23 04:00:00.0;0,00
UNIÃO DA VITÓRIA;412820302A;PR;Rio da Praia;-26,251;-51,1;2025-03-23 05:00:00.0;0,00
UNIÃO DA VITÓRIA;412820302A;PR;Rio da Praia;-26,251;-51,1;2025-03-23 06:00:00.0;0,00
UNIÃO DA VITÓRIA;412820302A;PR;Rio da Praia;-26,251;-51,1;2025-03-23 07:00:00.0;0,00
UNIÃO DA VITÓRIA;412820302A;PR;Rio da Praia;-26,251;-51,1;2025-03-23 08:00:00.0;0,00
UNIÃO DA VITÓRIA;412820302A;PR;Rio da Praia;-26,251;-51,1;2025-03-23 09:00:00.0;0,00
UNIÃO DA VITÓRIA;412820302A;PR;Rio da Praia;-26,251;-51,1;2025-03-23 10:00:00.0;0,00
UNIÃO DA VITÓRIA;412820302A;PR;Rio da Praia;-26,251;-51,1;2025-03-23 11:00:00.0;0,00
UNIÃO DA VITÓRIA;412820302A;PR;Rio da Praia;-26,251;-51,1;2025-03-23 12:00:00.0;0,00
UNIÃO DA VITÓRIA;412820302A;PR;Rio da Praia;-26,251;-51,1;2025-03-23 13:00:00.0;0,00
UNIÃO DA VITÓRIA;412820302A;PR;Rio da Praia;-26,251;-51,1;2025-03-23 14:00:00.0;0,00
UNIÃO DA VITÓRIA;412820302A;PR;Rio da Praia;-26,251;-51,1;2025-03-23 15:00:00.0;0,00
UNIÃO DA VITÓRIA;412820302A;PR;Rio da Praia;-26,251;-51,1;2025-03-23 16:00:00.0;0,00
UNIÃO DA VITÓRIA;412820302A;PR;Rio da Praia;-26,251;-51,1;2025-03-23 17:00:00.0;0,00
UNIÃO DA VITÓRIA;412820302A;PR;Rio da Praia;-26,251;-51,1;2025-03-23 18:00:00.0;0,00
UNIÃO DA VITÓRIA;412820302A;PR;Rio da Praia;-26,251;-51,1;2025-03-23 19:00:00.0;0,00
UNIÃO DA VITÓRIA;412820302A;PR;Rio da Praia;-26,251;-51,1;2025-03-23 20:00:00.0;0,00
UNIÃO DA VITÓRIA;412820302A;PR;Rio da Praia;-26,251;-51,1;2025-03-23 21:00:00.0;0,00
UNIÃO DA VITÓRIA;412820302A;PR;Rio da Praia;-26,251;-51,1;2025-03-23 22:00:00.0;0,00
UNIÃO DA VITÓRIA;412820302A;PR;Rio da Praia;-26,251;-51,1;2025-03-23 23:00:00.0;0,00
UNIÃO DA VITÓRIA;412820302A;PR;Rio da Praia;-26,251;-51,1;2025-03-24 00:00:00.0;0,00
UNIÃO DA VITÓRIA;412820302A;PR;Rio da Praia;-26,251;-51,1;2025-03-24 01:00:00.0;0,00
UNIÃO DA VITÓRIA;412820302A;PR;Rio da Praia;-26,251;-51,1;2025-03-24 02:00:00.0;0,00
UNIÃO DA VITÓRIA;412820302A;PR;Rio da Praia;-26,251;-51,1;2025-03-24 03:00:00.0;0,00
UNIÃO DA VITÓRIA;412820302A;PR;Rio da Praia;-26,251;-51,1;2025-03-24 04:00:00.0;0,00
UNIÃO DA VITÓRIA;412820302A;PR;Rio da Praia;-26,251;-51,1;2025-03-24 05:00:00.0;0,00
UNIÃO DA VITÓRIA;412820302A;PR;Rio da Praia;-26,251;-51,1;2025-03-24 06:00:00.0;0,00
UNIÃO DA VITÓRIA;412820302A;PR;Rio da Praia;-26,251;-51,1;2025-03-24 07:00:00.0;0,00
UNIÃO DA VITÓRIA;412820302A;PR;Rio da Praia;-26,251;-51,1;2025-03-24 08:00:00.0;0,00
UNIÃO DA VITÓRIA;412820302A;PR;Rio da Praia;-26,251;-51,1;2025-03-24 09:00:00.0;0,00
UNIÃO DA VITÓRIA;412820302A;PR;Rio da Praia;-26,251;-51,1;2025-03-24 10:00:00.0;0,00
UNIÃO DA VITÓRIA;412820302A;PR;Rio da Praia;-26,251;-51,1;2025-03-24 11:00:00.0;0,00
UNIÃO DA VITÓRIA;412820302A;PR;Rio da Praia;-26,251;-51,1;2025-03-24 12:00:00.0;0,00
UNIÃO DA VITÓRIA;412820302A;PR;Rio da Praia;-26,251;-51,1;2025-03-24 13:00:00.0;0,00
UNIÃO DA VITÓRIA;412820302A;PR;Rio da Praia;-26,251;-51,1;2025-03-24 14:00:00.0;0,00
UNIÃO DA VITÓRIA;412820302A;PR;Rio da Praia;-26,251;-51,1;2025-03-24 15:00:00.0;0,00
UNIÃO DA VITÓRIA;412820302A;PR;Rio da Praia;-26,251;-51,1;2025-03-24 16:00:00.0;0,00
UNIÃO DA VITÓRIA;412820302A;PR;Rio da Praia;-26,251;-51,1;2025-03-24 17:00:00.0;0,00
UNIÃO DA VITÓRIA;412820302A;PR;Rio da Praia;-26,251;-51,1;2025-03-24 18:00:00.0;0,00
UNIÃO DA VITÓRIA;412820302A;PR;Rio da Praia;-26,251;-51,1;2025-03-24 19:00:00.0;0,00
UNIÃO DA VITÓRIA;412820302A;PR;Rio da Praia;-26,251;-51,1;2025-03-24 20:00:00.0;0,00
UNIÃO DA VITÓRIA;412820302A;PR;Rio da Praia;-26,251;-51,1;2025-03-24 21:00:00.0;0,00
UNIÃO DA VITÓRIA;412820302A;PR;Rio da Praia;-26,251;-51,1;2025-03-24 21:20:00.0;1,77
UNIÃO DA VITÓRIA;412820302A;PR;Rio da Praia;-26,251;-51,1;2025-03-24 21:30:00.0;1,57
UNIÃO DA VITÓRIA;412820302A;PR;Rio da Praia;-26,251;-51,1;2025-03-24 21:40:00.0;0,20
UNIÃO DA VITÓRIA;412820302A;PR;Rio da Praia;-26,251;-51,1;2025-03-24 21:50:00.0;8,52
UNIÃO DA VITÓRIA;412820302A;PR;Rio da Praia;-26,251;-51,1;2025-03-24 22:00:00.0;9,75
UNIÃO DA VITÓRIA;412820302A;PR;Rio da Praia;-26,251;-51,1;2025-03-24 22:10:00.0;3,74
UNIÃO DA VITÓRIA;412820302A;PR;Rio da Praia;-26,251;-51,1;2025-03-24 22:20:00.0;1,57
UNIÃO DA VITÓRIA;412820302A;PR;Rio da Praia;-26,251;-51,1;2025-03-24 22:40:00.0;0,59
UNIÃO DA VITÓRIA;412820302A;PR;Rio da Praia;-26,251;-51,1;2025-03-24 23:00:00.0;0,00
UNIÃO DA VITÓRIA;412820302A;PR;Rio da Praia;-26,251;-51,1;2025-03-24 23:10:00.0;0,20
UNIÃO DA VITÓRIA;412820302A;PR;Rio da Praia;-26,251;-51,1;2025-03-24 23:50:00.0;1,58
UNIÃO DA VITÓRIA;412820302A;PR;Rio da Praia;-26,251;-51,1;2025-03-25 00:00:00.0;2,36
UNIÃO DA VITÓRIA;412820302A;PR;Rio da Praia;-26,251;-51,1;2025-03-25 00:10:00.0;1,37
UNIÃO DA VITÓRIA;412820302A;PR;Rio da Praia;-26,251;-51,1;2025-03-25 00:20:00.0;1,18
UNIÃO DA VITÓRIA;412820302A;PR;Rio da Praia;-26,251;-51,1;2025-03-25 00:30:00.0;0,39
UNIÃO DA VITÓRIA;412820302A;PR;Rio da Praia;-26,251;-51,1;2025-03-25 00:40:00.0;0,20
UNIÃO DA VITÓRIA;412820302A;PR;Rio da Praia;-26,251;-51,1;2025-03-25 01:00:00.0;0,00
UNIÃO DA VITÓRIA;412820302A;PR;Rio da Praia;-26,251;-51,1;2025-03-25 02:00:00.0;0,00
UNIÃO DA VITÓRIA;412820302A;PR;Rio da Praia;-26,251;-51,1;2025-03-25 03:00:00.0;0,00
UNIÃO DA VITÓRIA;412820302A;PR;Rio da Praia;-26,251;-51,1;2025-03-25 04:00:00.0;0,00
UNIÃO DA VITÓRIA;412820302A;PR;Rio da Praia;-26,251;-51,1;2025-03-25 05:00:00.0;0,00
UNIÃO DA VITÓRIA;412820302A;PR;Rio da Praia;-26,251;-51,1;2025-03-25 06:00:00.0;0,00
UNIÃO DA VITÓRIA;412820302A;PR;Rio da Praia;-26,251;-51,1;2025-03-25 07:00:00.0;0,00
UNIÃO DA VITÓRIA;412820302A;PR;Rio da Praia;-26,251;-51,1;2025-03-25 08:00:00.0;0,00
UNIÃO DA VITÓRIA;412820302A;PR;Rio da Praia;-26,251;-51,1;2025-03-25 09:00:00.0;0,00
UNIÃO DA VITÓRIA;412820302A;PR;Rio da Praia;-26,251;-51,1;2025-03-25 10:00:00.0;0,00
UNIÃO DA VITÓRIA;412820302A;PR;Rio da Praia;-26,251;-51,1;2025-03-25 11:00:00.0;0,00
UNIÃO DA VITÓRIA;412820302A;PR;Rio da Praia;-26,251;-51,1;2025-03-25 12:00:00.0;0,00
UNIÃO DA VITÓRIA;412820302A;PR;Rio da Praia;-26,251;-51,1;2025-03-25 13:00:00.0;0,00
UNIÃO DA VITÓRIA;412820302A;PR;Rio da Praia;-26,251;-51,1;2025-03-25 14:00:00.0;0,00
UNIÃO DA VITÓRIA;412820302A;PR;Rio da Praia;-26,251;-51,1;2025-03-25 15:00:00.0;0,00
UNIÃO DA VITÓRIA;412820302A;PR;Rio da Praia;-26,251;-51,1;2025-03-25 16:00:00.0;0,00
UNIÃO DA VITÓRIA;412820302A;PR;Rio da Praia;-26,251;-51,1;2025-03-25 17:00:00.0;0,00
UNIÃO DA VITÓRIA;412820302A;PR;Rio da Praia;-26,251;-51,1;2025-03-25 18:00:00.0;0,00
UNIÃO DA VITÓRIA;412820302A;PR;Rio da Praia;-26,251;-51,1;2025-03-25 19:00:00.0;0,00
UNIÃO DA VITÓRIA;412820302A;PR;Rio da Praia;-26,251;-51,1;2025-03-25 20:00:00.0;0,00
UNIÃO DA VITÓRIA;412820302A;PR;Rio da Praia;-26,251;-51,1;2025-03-25 21:00:00.0;0,00
UNIÃO DA VITÓRIA;412820302A;PR;Rio da Praia;-26,251;-51,1;2025-03-25 21:40:00.0;0,59
UNIÃO DA VITÓRIA;412820302A;PR;Rio da Praia;-26,251;-51,1;2025-03-25 21:50:00.0;1,18
UNIÃO DA VITÓRIA;412820302A;PR;Rio da Praia;-26,251;-51,1;2025-03-25 22:00:00.0;1,18
UNIÃO DA VITÓRIA;412820302A;PR;Rio da Praia;-26,251;-51,1;2025-03-25 22:30:00.0;0,20
UNIÃO DA VITÓRIA;412820302A;PR;Rio da Praia;-26,251;-51,1;2025-03-25 22:40:00.0;0,20
UNIÃO DA VITÓRIA;412820302A;PR;Rio da Praia;-26,251;-51,1;2025-03-25 22:50:00.0;0,20
UNIÃO DA VITÓRIA;412820302A;PR;Rio da Praia;-26,251;-51,1;2025-03-25 23:00:00.0;0,59
UNIÃO DA VITÓRIA;412820302A;PR;Rio da Praia;-26,251;-51,1;2025-03-25 23:10:00.0;0,59
UNIÃO DA VITÓRIA;412820302A;PR;Rio da Praia;-26,251;-51,1;2025-03-25 23:20:00.0;0,20
UNIÃO DA VITÓRIA;412820302A;PR;Rio da Praia;-26,251;-51,1;2025-03-25 23:30:00.0;0,20
UNIÃO DA VITÓRIA;412820302A;PR;Rio da Praia;-26,251;-51,1;2025-03-25 23:40:00.0;0,20
UNIÃO DA VITÓRIA;412820302A;PR;Rio da Praia;-26,251;-51,1;2025-03-26 00:00:00.0;0,00
UNIÃO DA VITÓRIA;412820302A;PR;Rio da Praia;-26,251;-51,1;2025-03-26 00:20:00.0;0,20
UNIÃO DA VITÓRIA;412820302A;PR;Rio da Praia;-26,251;-51,1;2025-03-26 01:00:00.0;0,00
UNIÃO DA VITÓRIA;412820302A;PR;Rio da Praia;-26,251;-51,1;2025-03-26 01:30:00.0;0,20
UNIÃO DA VITÓRIA;412820302A;PR;Rio da Praia;-26,251;-51,1;2025-03-26 02:00:00.0;0,00
UNIÃO DA VITÓRIA;412820302A;PR;Rio da Praia;-26,251;-51,1;2025-03-26 03:00:00.0;0,00
UNIÃO DA VITÓRIA;412820302A;PR;Rio da Praia;-26,251;-51,1;2025-03-26 04:00:00.0;0,00
UNIÃO DA VITÓRIA;412820302A;PR;Rio da Praia;-26,251;-51,1;2025-03-26 05:00:00.0;0,00
UNIÃO DA VITÓRIA;412820302A;PR;Rio da Praia;-26,251;-51,1;2025-03-26 06:00:00.0;0,00
UNIÃO DA VITÓRIA;412820302A;PR;Rio da Praia;-26,251;-51,1;2025-03-26 07:00:00.0;0,00
UNIÃO DA VITÓRIA;412820302A;PR;Rio da Praia;-26,251;-51,1;2025-03-26 08:00:00.0;0,00
UNIÃO DA VITÓRIA;412820302A;PR;Rio da Praia;-26,251;-51,1;2025-03-26 09:00:00.0;0,00
UNIÃO DA VITÓRIA;412820302A;PR;Rio da Praia;-26,251;-51,1;2025-03-26 10:00:00.0;0,00
UNIÃO DA VITÓRIA;412820302A;PR;Rio da Praia;-26,251;-51,1;2025-03-26 11:00:00.0;0,00
UNIÃO DA VITÓRIA;412820302A;PR;Rio da Praia;-26,251;-51,1;2025-03-26 12:00:00.0;0,20
UNIÃO DA VITÓRIA;412820302A;PR;Rio da Praia;-26,251;-51,1;2025-03-26 13:00:00.0;0,00
UNIÃO DA VITÓRIA;412820302A;PR;Rio da Praia;-26,251;-51,1;2025-03-26 14:00:00.0;0,00
UNIÃO DA VITÓRIA;412820302A;PR;Rio da Praia;-26,251;-51,1;2025-03-26 15:00:00.0;0,00
UNIÃO DA VITÓRIA;412820302A;PR;Rio da Praia;-26,251;-51,1;2025-03-26 16:00:00.0;0,00
UNIÃO DA VITÓRIA;412820302A;PR;Rio da Praia;-26,251;-51,1;2025-03-26 17:00:00.0;0,00
UNIÃO DA VITÓRIA;412820302A;PR;Rio da Praia;-26,251;-51,1;2025-03-26 18:00:00.0;0,00
UNIÃO DA VITÓRIA;412820302A;PR;Rio da Praia;-26,251;-51,1;2025-03-26 19:00:00.0;0,00
UNIÃO DA VITÓRIA;412820302A;PR;Rio da Praia;-26,251;-51,1;2025-03-26 20:00:00.0;0,00
UNIÃO DA VITÓRIA;412820302A;PR;Rio da Praia;-26,251;-51,1;2025-03-26 21:00:00.0;0,00
UNIÃO DA VITÓRIA;412820302A;PR;Rio da Praia;-26,251;-51,1;2025-03-26 22:00:00.0;0,00
UNIÃO DA VITÓRIA;412820302A;PR;Rio da Praia;-26,251;-51,1;2025-03-26 23:00:00.0;0,00
UNIÃO DA VITÓRIA;412820302A;PR;Rio da Praia;-26,251;-51,1;2025-03-27 00:00:00.0;0,00
UNIÃO DA VITÓRIA;412820302A;PR;Rio da Praia;-26,251;-51,1;2025-03-27 01:00:00.0;0,00
UNIÃO DA VITÓRIA;412820302A;PR;Rio da Praia;-26,251;-51,1;2025-03-27 02:00:00.0;0,00
UNIÃO DA VITÓRIA;412820302A;PR;Rio da Praia;-26,251;-51,1;2025-03-27 03:00:00.0;0,00
UNIÃO DA VITÓRIA;412820302A;PR;Rio da Praia;-26,251;-51,1;2025-03-27 04:00:00.0;0,00
UNIÃO DA VITÓRIA;412820302A;PR;Rio da Praia;-26,251;-51,1;2025-03-27 05:00:00.0;0,00
UNIÃO DA VITÓRIA;412820302A;PR;Rio da Praia;-26,251;-51,1;2025-03-27 06:00:00.0;0,00
UNIÃO DA VITÓRIA;412820302A;PR;Rio da Praia;-26,251;-51,1;2025-03-27 07:00:00.0;0,00
UNIÃO DA VITÓRIA;412820302A;PR;Rio da Praia;-26,251;-51,1;2025-03-27 08:00:00.0;0,00
UNIÃO DA VITÓRIA;412820302A;PR;Rio da Praia;-26,251;-51,1;2025-03-27 09:00:00.0;0,00
UNIÃO DA VITÓRIA;412820302A;PR;Rio da Praia;-26,251;-51,1;2025-03-27 10:00:00.0;0,00
UNIÃO DA VITÓRIA;412820302A;PR;Rio da Praia;-26,251;-51,1;2025-03-27 11:00:00.0;0,00
UNIÃO DA VITÓRIA;412820302A;PR;Rio da Praia;-26,251;-51,1;2025-03-27 12:00:00.0;0,00
UNIÃO DA VITÓRIA;412820302A;PR;Rio da Praia;-26,251;-51,1;2025-03-27 13:00:00.0;0,00
UNIÃO DA VITÓRIA;412820302A;PR;Rio da Praia;-26,251;-51,1;2025-03-27 14:00:00.0;0,00
UNIÃO DA VITÓRIA;412820302A;PR;Rio da Praia;-26,251;-51,1;2025-03-27 15:00:00.0;0,00
UNIÃO DA VITÓRIA;412820302A;PR;Rio da Praia;-26,251;-51,1;2025-03-27 16:00:00.0;0,00
UNIÃO DA VITÓRIA;412820302A;PR;Rio da Praia;-26,251;-51,1;2025-03-27 17:00:00.0;0,00
UNIÃO DA VITÓRIA;412820302A;PR;Rio da Praia;-26,251;-51,1;2025-03-27 18:00:00.0;0,00
UNIÃO DA VITÓRIA;412820302A;PR;Rio da Praia;-26,251;-51,1;2025-03-27 19:00:00.0;0,00
UNIÃO DA VITÓRIA;412820302A;PR;Rio da Praia;-26,251;-51,1;2025-03-27 20:00:00.0;0,00
UNIÃO DA VITÓRIA;412820302A;PR;Rio da Praia;-26,251;-51,1;2025-03-27 21:00:00.0;0,00
UNIÃO DA VITÓRIA;412820302A;PR;Rio da Praia;-26,251;-51,1;2025-03-27 22:00:00.0;0,00
UNIÃO DA VITÓRIA;412820302A;PR;Rio da Praia;-26,251;-51,1;2025-03-27 23:00:00.0;0,00
UNIÃO DA VITÓRIA;412820302A;PR;Rio da Praia;-26,251;-51,1;2025-03-28 00:00:00.0;0,00
UNIÃO DA VITÓRIA;412820302A;PR;Rio da Praia;-26,251;-51,1;2025-03-28 01:00:00.0;0,00
UNIÃO DA VITÓRIA;412820302A;PR;Rio da Praia;-26,251;-51,1;2025-03-28 02:00:00.0;0,00
UNIÃO DA VITÓRIA;412820302A;PR;Rio da Praia;-26,251;-51,1;2025-03-28 02:20:00.0;0,20
UNIÃO DA VITÓRIA;412820302A;PR;Rio da Praia;-26,251;-51,1;2025-03-28 02:30:00.0;0,20
UNIÃO DA VITÓRIA;412820302A;PR;Rio da Praia;-26,251;-51,1;2025-03-28 03:00:00.0;0,00
UNIÃO DA VITÓRIA;412820302A;PR;Rio da Praia;-26,251;-51,1;2025-03-28 03:10:00.0;0,20
UNIÃO DA VITÓRIA;412820302A;PR;Rio da Praia;-26,251;-51,1;2025-03-28 03:20:00.0;0,39
UNIÃO DA VITÓRIA;412820302A;PR;Rio da Praia;-26,251;-51,1;2025-03-28 03:30:00.0;1,18
UNIÃO DA VITÓRIA;412820302A;PR;Rio da Praia;-26,251;-51,1;2025-03-28 03:40:00.0;0,59
UNIÃO DA VITÓRIA;412820302A;PR;Rio da Praia;-26,251;-51,1;2025-03-28 03:50:00.0;0,59
UNIÃO DA VITÓRIA;412820302A;PR;Rio da Praia;-26,251;-51,1;2025-03-28 04:00:00.0;0,79
UNIÃO DA VITÓRIA;412820302A;PR;Rio da Praia;-26,251;-51,1;2025-03-28 04:10:00.0;0,39
UNIÃO DA VITÓRIA;412820302A;PR;Rio da Praia;-26,251;-51,1;2025-03-28 04:20:00.0;0,39
UNIÃO DA VITÓRIA;412820302A;PR;Rio da Praia;-26,251;-51,1;2025-03-28 04:30:00.0;0,39
UNIÃO DA VITÓRIA;412820302A;PR;Rio da Praia;-26,251;-51,1;2025-03-28 04:40:00.0;0,59
UNIÃO DA VITÓRIA;412820302A;PR;Rio da Praia;-26,251;-51,1;2025-03-28 04:50:00.0;0,59
UNIÃO DA VITÓRIA;412820302A;PR;Rio da Praia;-26,251;-51,1;2025-03-28 05:00:00.0;0,39
UNIÃO DA VITÓRIA;412820302A;PR;Rio da Praia;-26,251;-51,1;2025-03-28 05:10:00.0;0,59
UNIÃO DA VITÓRIA;412820302A;PR;Rio da Praia;-26,251;-51,1;2025-03-28 05:20:00.0;0,39
UNIÃO DA VITÓRIA;412820302A;PR;Rio da Praia;-26,251;-51,1;2025-03-28 05:30:00.0;0,20
UNIÃO DA VITÓRIA;412820302A;PR;Rio da Praia;-26,251;-51,1;2025-03-28 05:40:00.0;0,59
UNIÃO DA VITÓRIA;412820302A;PR;Rio da Praia;-26,251;-51,1;2025-03-28 05:50:00.0;0,79
UNIÃO DA VITÓRIA;412820302A;PR;Rio da Praia;-26,251;-51,1;2025-03-28 06:00:00.0;0,79
UNIÃO DA VITÓRIA;412820302A;PR;Rio da Praia;-26,251;-51,1;2025-03-28 06:10:00.0;0,98
UNIÃO DA VITÓRIA;412820302A;PR;Rio da Praia;-26,251;-51,1;2025-03-28 06:20:00.0;0,59
UNIÃO DA VITÓRIA;412820302A;PR;Rio da Praia;-26,251;-51,1;2025-03-28 06:30:00.0;0,59
UNIÃO DA VITÓRIA;412820302A;PR;Rio da Praia;-26,251;-51,1;2025-03-28 06:40:00.0;0,59
UNIÃO DA VITÓRIA;412820302A;PR;Rio da Praia;-26,251;-51,1;2025-03-28 06:50:00.0;0,59
UNIÃO DA VITÓRIA;412820302A;PR;Rio da Praia;-26,251;-51,1;2025-03-28 07:00:00.0;0,59
UNIÃO DA VITÓRIA;412820302A;PR;Rio da Praia;-26,251;-51,1;2025-03-28 07:10:00.0;0,39
UNIÃO DA VITÓRIA;412820302A;PR;Rio da Praia;-26,251;-51,1;2025-03-28 07:20:00.0;0,39
UNIÃO DA VITÓRIA;412820302A;PR;Rio da Praia;-26,251;-51,1;2025-03-28 07:30:00.0;0,39
UNIÃO DA VITÓRIA;412820302A;PR;Rio da Praia;-26,251;-51,1;2025-03-28 07:40:00.0;0,20
UNIÃO DA VITÓRIA;412820302A;PR;Rio da Praia;-26,251;-51,1;2025-03-28 08:00:00.0;0,20
UNIÃO DA VITÓRIA;412820302A;PR;Rio da Praia;-26,251;-51,1;2025-03-28 09:00:00.0;0,00
UNIÃO DA VITÓRIA;412820302A;PR;Rio da Praia;-26,251;-51,1;2025-03-28 10:00:00.0;0,00
UNIÃO DA VITÓRIA;412820302A;PR;Rio da Praia;-26,251;-51,1;2025-03-28 11:00:00.0;0,00
UNIÃO DA VITÓRIA;412820302A;PR;Rio da Praia;-26,251;-51,1;2025-03-28 12:00:00.0;0,00
UNIÃO DA VITÓRIA;412820302A;PR;Rio da Praia;-26,251;-51,1;2025-03-28 13:00:00.0;0,00
UNIÃO DA VITÓRIA;412820302A;PR;Rio da Praia;-26,251;-51,1;2025-03-28 14:00:00.0;0,00
UNIÃO DA VITÓRIA;412820302A;PR;Rio da Praia;-26,251;-51,1;2025-03-28 15:00:00.0;0,00
UNIÃO DA VITÓRIA;412820302A;PR;Rio da Praia;-26,251;-51,1;2025-03-28 16:00:00.0;0,00
UNIÃO DA VITÓRIA;412820302A;PR;Rio da Praia;-26,251;-51,1;2025-03-28 17:00:00.0;0,00
UNIÃO DA VITÓRIA;412820302A;PR;Rio da Praia;-26,251;-51,1;2025-03-28 18:00:00.0;0,00
UNIÃO DA VITÓRIA;412820302A;PR;Rio da Praia;-26,251;-51,1;2025-03-28 19:00:00.0;0,00
UNIÃO DA VITÓRIA;412820302A;PR;Rio da Praia;-26,251;-51,1;2025-03-28 20:00:00.0;0,00
UNIÃO DA VITÓRIA;412820302A;PR;Rio da Praia;-26,251;-51,1;2025-03-28 21:00:00.0;3,35
UNIÃO DA VITÓRIA;412820302A;PR;Rio da Praia;-26,251;-51,1;2025-03-28 21:10:00.0;11,38
UNIÃO DA VITÓRIA;412820302A;PR;Rio da Praia;-26,251;-51,1;2025-03-28 21:20:00.0;9,36
UNIÃO DA VITÓRIA;412820302A;PR;Rio da Praia;-26,251;-51,1;2025-03-28 21:30:00.0;7,10
UNIÃO DA VITÓRIA;412820302A;PR;Rio da Praia;-26,251;-51,1;2025-03-28 21:40:00.0;3,35
UNIÃO DA VITÓRIA;412820302A;PR;Rio da Praia;-26,251;-51,1;2025-03-28 21:50:00.0;0,79
UNIÃO DA VITÓRIA;412820302A;PR;Rio da Praia;-26,251;-51,1;2025-03-28 22:00:00.0;1,77
UNIÃO DA VITÓRIA;412820302A;PR;Rio da Praia;-26,251;-51,1;2025-03-28 22:10:00.0;1,57
UNIÃO DA VITÓRIA;412820302A;PR;Rio da Praia;-26,251;-51,1;2025-03-28 22:20:00.0;0,39
UNIÃO DA VITÓRIA;412820302A;PR;Rio da Praia;-26,251;-51,1;2025-03-28 22:30:00.0;0,39
UNIÃO DA VITÓRIA;412820302A;PR;Rio da Praia;-26,251;-51,1;2025-03-28 22:40:00.0;0,39
UNIÃO DA VITÓRIA;412820302A;PR;Rio da Praia;-26,251;-51,1;2025-03-28 23:00:00.0;0,00
UNIÃO DA VITÓRIA;412820302A;PR;Rio da Praia;-26,251;-51,1;2025-03-29 00:00:00.0;0,00
UNIÃO DA VITÓRIA;412820302A;PR;Rio da Praia;-26,251;-51,1;2025-03-29 01:00:00.0;0,00
UNIÃO DA VITÓRIA;412820302A;PR;Rio da Praia;-26,251;-51,1;2025-03-29 02:00:00.0;0,00
UNIÃO DA VITÓRIA;412820302A;PR;Rio da Praia;-26,251;-51,1;2025-03-29 03:00:00.0;0,00
UNIÃO DA VITÓRIA;412820302A;PR;Rio da Praia;-26,251;-51,1;2025-03-29 04:00:00.0;0,00
UNIÃO DA VITÓRIA;412820302A;PR;Rio da Praia;-26,251;-51,1;2025-03-29 05:00:00.0;0,00
UNIÃO DA VITÓRIA;412820302A;PR;Rio da Praia;-26,251;-51,1;2025-03-29 06:00:00.0;0,00
UNIÃO DA VITÓRIA;412820302A;PR;Rio da Praia;-26,251;-51,1;2025-03-29 06:50:00.0;0,20
UNIÃO DA VITÓRIA;412820302A;PR;Rio da Praia;-26,251;-51,1;2025-03-29 07:00:00.0;0,00
UNIÃO DA VITÓRIA;412820302A;PR;Rio da Praia;-26,251;-51,1;2025-03-29 08:00:00.0;0,00
UNIÃO DA VITÓRIA;412820302A;PR;Rio da Praia;-26,251;-51,1;2025-03-29 09:00:00.0;0,00
UNIÃO DA VITÓRIA;412820302A;PR;Rio da Praia;-26,251;-51,1;2025-03-29 10:00:00.0;0,00
UNIÃO DA VITÓRIA;412820302A;PR;Rio da Praia;-26,251;-51,1;2025-03-29 11:00:00.0;0,00
UNIÃO DA VITÓRIA;412820302A;PR;Rio da Praia;-26,251;-51,1;2025-03-29 12:00:00.0;0,00
UNIÃO DA VITÓRIA;412820302A;PR;Rio da Praia;-26,251;-51,1;2025-03-29 13:00:00.0;0,00
UNIÃO DA VITÓRIA;412820302A;PR;Rio da Praia;-26,251;-51,1;2025-03-29 14:00:00.0;0,00
UNIÃO DA VITÓRIA;412820302A;PR;Rio da Praia;-26,251;-51,1;2025-03-29 15:00:00.0;0,00
UNIÃO DA VITÓRIA;412820302A;PR;Rio da Praia;-26,251;-51,1;2025-03-29 16:00:00.0;0,00
UNIÃO DA VITÓRIA;412820302A;PR;Rio da Praia;-26,251;-51,1;2025-03-29 17:00:00.0;0,00
UNIÃO DA VITÓRIA;412820302A;PR;Rio da Praia;-26,251;-51,1;2025-03-29 18:00:00.0;0,00
UNIÃO DA VITÓRIA;412820302A;PR;Rio da Praia;-26,251;-51,1;2025-03-29 19:00:00.0;0,00
UNIÃO DA VITÓRIA;412820302A;PR;Rio da Praia;-26,251;-51,1;2025-03-29 20:00:00.0;0,00
UNIÃO DA VITÓRIA;412820302A;PR;Rio da Praia;-26,251;-51,1;2025-03-29 21:00:00.0;0,00
UNIÃO DA VITÓRIA;412820302A;PR;Rio da Praia;-26,251;-51,1;2025-03-29 22:00:00.0;0,00
UNIÃO DA VITÓRIA;412820302A;PR;Rio da Praia;-26,251;-51,1;2025-03-29 23:00:00.0;0,00
UNIÃO DA VITÓRIA;412820302A;PR;Rio da Praia;-26,251;-51,1;2025-03-29 23:20:00.0;0,59
UNIÃO DA VITÓRIA;412820302A;PR;Rio da Praia;-26,251;-51,1;2025-03-29 23:30:00.0;0,59
UNIÃO DA VITÓRIA;412820302A;PR;Rio da Praia;-26,251;-51,1;2025-03-29 23:50:00.0;0,39
UNIÃO DA VITÓRIA;412820302A;PR;Rio da Praia;-26,251;-51,1;2025-03-30 00:00:00.0;0,39
UNIÃO DA VITÓRIA;412820302A;PR;Rio da Praia;-26,251;-51,1;2025-03-30 00:10:00.0;0,20
UNIÃO DA VITÓRIA;412820302A;PR;Rio da Praia;-26,251;-51,1;2025-03-30 01:00:00.0;0,00
UNIÃO DA VITÓRIA;412820302A;PR;Rio da Praia;-26,251;-51,1;2025-03-30 02:00:00.0;0,00
UNIÃO DA VITÓRIA;412820302A;PR;Rio da Praia;-26,251;-51,1;2025-03-30 03:00:00.0;0,20
UNIÃO DA VITÓRIA;412820302A;PR;Rio da Praia;-26,251;-51,1;2025-03-30 04:00:00.0;0,00
UNIÃO DA VITÓRIA;412820302A;PR;Rio da Praia;-26,251;-51,1;2025-03-30 05:00:00.0;0,00
UNIÃO DA VITÓRIA;412820302A;PR;Rio da Praia;-26,251;-51,1;2025-03-30 06:00:00.0;0,00
UNIÃO DA VITÓRIA;412820302A;PR;Rio da Praia;-26,251;-51,1;2025-03-30 07:00:00.0;0,00
UNIÃO DA VITÓRIA;412820302A;PR;Rio da Praia;-26,251;-51,1;2025-03-30 08:00:00.0;0,00
UNIÃO DA VITÓRIA;412820302A;PR;Rio da Praia;-26,251;-51,1;2025-03-30 09:00:00.0;0,00
UNIÃO DA VITÓRIA;412820302A;PR;Rio da Praia;-26,251;-51,1;2025-03-30 10:00:00.0;0,00
UNIÃO DA VITÓRIA;412820302A;PR;Rio da Praia;-26,251;-51,1;2025-03-30 11:00:00.0;0,00
UNIÃO DA VITÓRIA;412820302A;PR;Rio da Praia;-26,251;-51,1;2025-03-30 12:00:00.0;0,00
UNIÃO DA VITÓRIA;412820302A;PR;Rio da Praia;-26,251;-51,1;2025-03-30 13:00:00.0;0,00
UNIÃO DA VITÓRIA;412820302A;PR;Rio da Praia;-26,251;-51,1;2025-03-30 14:00:00.0;0,00
UNIÃO DA VITÓRIA;412820302A;PR;Rio da Praia;-26,251;-51,1;2025-03-30 15:00:00.0;0,00
UNIÃO DA VITÓRIA;412820302A;PR;Rio da Praia;-26,251;-51,1;2025-03-30 16:00:00.0;0,00
UNIÃO DA VITÓRIA;412820302A;PR;Rio da Praia;-26,251;-51,1;2025-03-30 17:00:00.0;0,00
UNIÃO DA VITÓRIA;412820302A;PR;Rio da Praia;-26,251;-51,1;2025-03-30 18:00:00.0;0,00
UNIÃO DA VITÓRIA;412820302A;PR;Rio da Praia;-26,251;-51,1;2025-03-30 19:00:00.0;0,00
UNIÃO DA VITÓRIA;412820302A;PR;Rio da Praia;-26,251;-51,1;2025-03-30 20:00:00.0;0,00
UNIÃO DA VITÓRIA;412820302A;PR;Rio da Praia;-26,251;-51,1;2025-03-30 21:00:00.0;0,00
UNIÃO DA VITÓRIA;412820302A;PR;Rio da Praia;-26,251;-51,1;2025-03-30 22:00:00.0;0,00
UNIÃO DA VITÓRIA;412820302A;PR;Rio da Praia;-26,251;-51,1;2025-03-30 23:00:00.0;0,00
UNIÃO DA VITÓRIA;412820302A;PR;Rio da Praia;-26,251;-51,1;2025-03-31 00:00:00.0;0,00
UNIÃO DA VITÓRIA;412820302A;PR;Rio da Praia;-26,251;-51,1;2025-03-31 01:00:00.0;0,00
UNIÃO DA VITÓRIA;412820302A;PR;Rio da Praia;-26,251;-51,1;2025-03-31 02:00:00.0;0,00
UNIÃO DA VITÓRIA;412820302A;PR;Rio da Praia;-26,251;-51,1;2025-03-31 03:00:00.0;0,00
UNIÃO DA VITÓRIA;412820302A;PR;Rio da Praia;-26,251;-51,1;2025-03-31 04:00:00.0;0,00
UNIÃO DA VITÓRIA;412820302A;PR;Rio da Praia;-26,251;-51,1;2025-03-31 05:00:00.0;0,00
UNIÃO DA VITÓRIA;412820302A;PR;Rio da Praia;-26,251;-51,1;2025-03-31 06:00:00.0;0,00
UNIÃO DA VITÓRIA;412820302A;PR;Rio da Praia;-26,251;-51,1;2025-03-31 07:00:00.0;0,00
UNIÃO DA VITÓRIA;412820302A;PR;Rio da Praia;-26,251;-51,1;2025-03-31 08:00:00.0;0,00
UNIÃO DA VITÓRIA;412820302A;PR;Rio da Praia;-26,251;-51,1;2025-03-31 09:00:00.0;0,00
UNIÃO DA VITÓRIA;412820302A;PR;Rio da Praia;-26,251;-51,1;2025-03-31 10:00:00.0;0,00
UNIÃO DA VITÓRIA;412820302A;PR;Rio da Praia;-26,251;-51,1;2025-03-31 11:00:00.0;0,00
UNIÃO DA VITÓRIA;412820302A;PR;Rio da Praia;-26,251;-51,1;2025-03-31 12:00:00.0;0,00
UNIÃO DA VITÓRIA;412820302A;PR;Rio da Praia;-26,251;-51,1;2025-03-31 13:00:00.0;0,00
UNIÃO DA VITÓRIA;412820302A;PR;Rio da Praia;-26,251;-51,1;2025-03-31 14:00:00.0;0,00
UNIÃO DA VITÓRIA;412820302A;PR;Rio da Praia;-26,251;-51,1;2025-03-31 15:00:00.0;0,00
UNIÃO DA VITÓRIA;412820302A;PR;Rio da Praia;-26,251;-51,1;2025-03-31 16:00:00.0;0,00
UNIÃO DA VITÓRIA;412820302A;PR;Rio da Praia;-26,251;-51,1;2025-03-31 17:00:00.0;0,00
UNIÃO DA VITÓRIA;412820302A;PR;Rio da Praia;-26,251;-51,1;2025-03-31 18:00:00.0;0,00
UNIÃO DA VITÓRIA;412820302A;PR;Rio da Praia;-26,251;-51,1;2025-03-31 19:00:00.0;0,00
UNIÃO DA VITÓRIA;412820302A;PR;Rio da Praia;-26,251;-51,1;2025-03-31 20:00:00.0;0,00
UNIÃO DA VITÓRIA;412820302A;PR;Rio da Praia;-26,251;-51,1;2025-03-31 21:00:00.0;0,00
UNIÃO DA VITÓRIA;412820302A;PR;Rio da Praia;-26,251;-51,1;2025-03-31 22:00:00.0;0,00
UNIÃO DA VITÓRIA;412820302A;PR;Rio da Praia;-26,251;-51,1;2025-03-31 23:00:00.0;0,00

